0.17391,0.1,0.5,0.25,0.98174,0.10769,1,0.11494,0.33333,0.17757,0.83432,0.5,0.11111,0.12048,0.078078,0.16,0.081081,0.17308,0.5,0.26087,0.96323,1,0.092105,0.71429,0.10526,0.11272,0.23932,0.27891,0.25,0.96636,0.44898,1,0.23478,0.10795,0.86626,0.33333,0.14758,0.66667,0.17105,0.10345,0.33333,0.40945,0.41346,0.20656,0.33333,0.77273,0.17164,0.104,0.13333,0.16667,0.3544,0.13043,0.1,0.08867,0.15929,0.27273,0.18987,0.2,0.25847,1,0.5,0.7735,0.14286,0.12903,0.5,0.28205,0.25,0.10723,0.43243,0.14286,0.5,0.17647,0.2,0.21429,0.97638
0.57099
1,1,0,0,0,0,0,3,0,0,3,0,13,5,8,0,6,1,0,1,0,0,9,0,8,17,1,1,0,0,0,0,0,4,0,0,4,0,1,8,1,1,1,7,0,0,0,5,0,3,5,0,13,2,2,0,5,1,0,0,0,0,3,2,0,2,0,7,0,0,1,0,0,0,0
1,0,0,0,0,1,0,2,0,38,2,0,10,2,7,0,4,1,0,1,0,0,10,1,17,23,1,2,1,0,44,0,27,16,2,0,6,2,0,6,0,1,43,6,0,4,23,6,2,0,12,0,3,7,4,0,12,1,11,0,0,0,3,3,0,1,0,3,0,5,0,0,0,2,0
0,1,0,0,0,0,0,3,0,2,0,0,1,4,14,0,3,1,0,1,0,0,12,0,13,18,4,3,0,0,0,0,0,4,1,0,4,0,2,7,0,1,3,9,0,1,0,3,0,0,6,1,0,2,0,2,4,0,0,0,0,0,6,3,0,1,0,10,0,8,0,0,0,0,0
0,1,0,0,0,3,0,5,0,1,6,0,36,6,6,0,7,2,0,1,0,0,15,0,7,8,0,3,0,0,0,0,0,1,0,0,6,0,1,4,0,0,0,8,0,0,1,3,1,0,5,0,13,6,1,0,7,0,4,0,0,0,5,1,0,1,0,12,0,0,0,2,0,1,0
1,1,0,0,0,0,0,0,0,0,0,1,0,1,7,0,2,0,0,0,0,0,6,0,5,3,0,1,0,0,1,0,0,1,1,0,2,0,0,3,1,0,1,2,1,2,0,0,0,0,4,0,0,4,2,0,1,0,1,0,0,1,0,1,0,1,0,8,0,0,0,0,1,1,0
0,3,0,0,0,0,0,1,0,1,0,0,0,2,3,0,1,1,0,0,0,0,4,0,3,12,1,1,0,0,0,0,0,0,0,0,4,0,1,4,0,0,0,3,0,0,1,3,0,0,8,2,0,7,1,0,4,0,0,0,0,1,3,3,0,1,0,9,0,1,1,0,0,1,0
1,1,0,0,0,4,0,2,0,7,1,0,0,3,6,1,6,1,0,0,0,0,10,0,10,20,3,3,0,0,0,0,5,8,0,0,6,0,1,5,0,1,0,10,0,1,1,2,0,0,11,1,0,5,2,0,12,0,3,0,0,0,3,3,0,2,0,12,0,3,0,0,1,0,0
0,0,0,0,0,0,0,0,0,0,0,0,0,1,0,0,0,0,0,0,0,0,0,0,0,0,0,0,0,0,0,0,1,0,0,0,0,0,1,0,0,0,0,0,0,0,0,0,0,0,0,0,0,0,0,0,0,0,0,0,0,0,1,0,0,0,0,2,0,0,0,1,0,0,0
4,5,0,1,1,1,0,3,2,1,5,1,13,3,15,0,8,5,1,1,9,0,12,0,9,25,3,3,0,2,2,0,1,9,1,0,14,0,5,4,0,1,0,11,0,1,1,5,0,6,12,0,8,8,6,0,8,2,10,0,0,11,7,1,0,3,0,14,0,4,0,2,0,1,14
0,0,0,0,0,1,0,0,0,0,1,0,1,2,4,0,1,0,0,0,0,0,3,0,4,6,1,1,0,0,0,0,0,2,0,0,4,0,0,0,0,0,0,1,0,0,0,0,0,0,2,0,0,1,1,0,1,0,1,0,0,2,0,0,0,0,0,6,0,0,0,0,0,0,0
0,0,0,0,0,0,0,0,0,3,0,0,0,1,0,0,0,0,0,1,0,0,1,0,1,3,0,0,0,1,0,0,0,2,0,0,2,0,1,0,0,3,0,1,0,0,2,1,1,1,2,0,0,1,0,0,2,0,2,0,0,1,1,0,0,1,0,1,0,0,0,0,0,0,0
0,2,0,0,0,0,0,1,0,6,0,0,0,2,0,0,2,1,0,0,0,0,3,0,1,5,1,2,0,0,13,0,3,2,0,0,1,0,0,2,0,0,5,1,0,0,3,1,0,0,0,0,0,3,0,0,0,0,0,0,0,0,1,0,0,1,0,2,0,3,0,0,0,0,0
0,0,0,0,0,0,0,1,0,1,0,0,2,1,1,0,2,0,0,0,0,0,1,0,0,8,0,1,0,0,0,0,0,1,0,0,0,0,0,1,0,0,0,0,0,0,1,2,0,0,1,0,1,1,0,0,2,0,0,0,0,0,0,0,0,1,0,0,0,0,0,0,0,0,0
0,1,0,0,1,2,0,1,1,3,2,0,3,1,16,0,5,3,0,0,0,0,8,0,11,15,1,3,0,0,0,0,2,3,1,1,8,0,1,4,0,1,2,9,1,1,3,0,1,0,6,2,1,6,0,0,5,3,3,0,1,2,3,1,0,2,0,16,0,4,0,0,0,0,0
1,1,0,0,0,0,0,0,0,0,0,0,1,0,1,0,3,0,0,0,0,0,4,0,2,1,0,1,0,0,0,0,0,1,0,0,2,0,0,0,0,0,0,1,0,1,0,1,0,0,1,1,0,1,0,0,1,0,1,0,0,0,0,1,0,1,0,2,0,1,0,0,0,0,0
0,0,0,0,0,0,0,1,0,0,0,0,2,1,1,1,1,0,0,0,3,0,1,0,4,2,1,1,0,0,0,0,0,1,0,0,8,0,1,1,0,0,0,0,0,0,0,1,0,0,0,0,1,0,2,0,0,0,0,0,0,2,0,0,0,0,0,2,0,2,0,0,0,0,0
0,1,0,0,1,1,0,1,0,1,0,0,5,1,0,0,0,0,0,0,2,0,0,0,0,0,0,0,0,0,0,0,1,0,0,0,3,0,1,0,0,0,0,1,0,0,1,1,0,0,2,0,1,0,2,0,0,1,0,0,0,1,0,0,0,0,0,2,0,0,0,0,0,1,1
3,4,0,0,0,5,0,1,0,3,4,1,29,16,11,2,12,1,0,1,0,0,11,0,8,17,8,6,1,2,0,0,0,5,1,0,13,0,0,4,0,1,0,11,0,0,0,3,0,2,4,2,15,8,4,0,4,0,6,0,0,1,19,2,0,6,0,20,0,6,0,1,0,0,0
0,1,0,0,0,4,0,2,0,0,1,0,1,5,9,1,3,0,0,0,0,0,12,0,11,17,2,5,0,0,0,0,0,3,0,0,12,0,1,7,0,0,0,8,0,0,1,4,2,0,11,0,0,11,3,0,4,0,3,0,0,2,5,0,0,1,0,8,0,4,0,0,0,0,0
0,0,0,0,0,0,0,0,0,0,1,0,0,4,13,0,8,2,0,0,0,0,12,0,6,12,9,4,0,1,1,0,0,3,2,0,3,0,1,6,0,2,0,7,0,0,1,2,0,0,5,1,0,4,1,0,4,0,5,0,0,3,5,2,0,1,0,8,1,4,0,1,0,0,1
0,0,0,0,0,0,0,0,0,1,0,0,4,0,2,0,1,0,0,0,0,0,2,0,1,3,2,0,0,0,0,0,0,0,0,0,1,0,1,0,0,0,0,0,0,0,0,1,0,0,0,0,0,0,0,0,1,0,0,0,0,0,0,0,0,0,0,1,0,1,0,0,0,0,0
4,6,0,0,215,7,1,5,0,14,423,6,29,20,26,4,14,9,0,6,1493,0,35,5,32,70,28,41,1,1666,7,1,12,19,285,1,48,0,4,18,1,52,11,63,0,85,10,6,2,5,129,2,13,12,18,1,45,0,61,0,0,181,27,8,0,22,1,46,10,21,0,0,0,3,3142
0,1,0,0,0,1,0,3,0,0,0,0,4,1,1,0,0,0,0,1,0,0,6,0,4,6,0,0,0,0,0,0,0,4,0,0,0,0,2,0,0,0,1,2,0,1,0,1,0,1,2,1,5,5,1,0,3,0,7,0,0,1,0,1,0,0,0,6,0,1,0,0,0,0,0
1,0,0,0,0,6,0,1,0,5,5,0,11,5,17,1,6,4,0,0,0,0,14,0,11,22,5,3,0,0,0,0,0,9,5,1,8,0,6,7,0,2,1,7,0,1,2,8,0,0,4,1,4,10,1,1,9,0,6,0,0,0,8,2,0,1,0,18,0,4,0,0,0,1,0
0,2,0,0,0,4,0,0,0,11,5,0,5,2,15,3,7,2,0,1,0,0,21,0,10,19,3,3,0,0,0,0,8,7,0,1,12,0,1,2,0,1,1,10,0,0,11,8,0,1,7,0,3,7,2,1,9,1,3,0,0,2,4,2,0,3,1,15,0,2,0,0,0,0,1
0,2,1,0,0,7,0,3,0,16,5,1,22,11,10,0,3,0,0,0,0,0,11,0,10,22,3,5,0,0,0,0,10,9,2,0,10,0,13,3,0,0,0,9,0,1,16,6,1,1,8,1,6,7,8,0,4,0,17,1,0,1,6,1,1,3,1,24,0,5,0,1,0,0,0
0,0,0,0,0,1,0,0,0,0,0,0,2,1,3,0,0,0,0,0,0,0,1,0,2,6,2,0,0,0,0,0,0,3,1,0,7,0,2,1,0,0,0,1,0,0,0,0,1,2,0,0,0,1,0,0,1,0,1,0,0,0,1,1,0,0,0,1,0,0,0,0,0,0,0
1,1,0,0,0,0,0,5,0,12,2,0,2,1,3,0,4,1,0,0,0,0,12,0,5,16,3,4,0,1,0,0,1,4,0,0,11,0,0,5,0,2,0,2,0,0,3,3,1,0,5,0,0,2,1,0,2,0,2,0,0,0,4,0,0,0,0,8,0,5,0,0,0,0,1
1,5,0,0,1,2,0,9,2,17,9,0,6,10,19,3,15,4,0,0,14,0,19,0,27,48,8,11,0,45,28,0,10,11,9,2,44,1,2,10,0,40,26,21,0,5,13,10,0,1,43,3,7,6,9,3,16,3,15,0,0,6,26,2,0,5,0,29,3,19,0,3,1,3,49
0,1,0,0,0,1,0,3,0,6,2,0,11,4,6,1,10,0,0,1,0,0,7,1,4,14,1,3,0,0,0,0,2,6,2,0,3,0,0,6,0,0,0,10,0,0,5,2,0,0,8,0,4,4,2,0,6,0,2,0,0,1,2,3,0,2,0,12,0,2,0,1,0,0,0
0,3,0,0,0,1,0,4,0,4,5,1,0,5,10,0,3,0,0,1,13,0,4,0,5,16,2,1,0,0,0,0,0,6,2,0,8,0,5,8,0,0,0,4,0,0,0,3,0,0,3,0,0,5,4,0,5,1,4,0,0,3,0,2,0,1,0,9,0,3,0,0,1,0,1
1,4,1,0,0,2,0,2,0,12,3,0,4,4,7,0,10,1,0,1,8,1,14,0,9,21,7,7,1,0,0,0,1,3,2,0,7,0,5,11,0,0,0,8,0,1,7,7,0,0,7,0,1,7,6,0,8,1,6,0,0,6,4,0,0,2,0,9,0,1,0,0,0,0,0
0,1,0,0,0,0,0,0,0,0,1,0,1,3,3,0,0,0,0,0,6,0,3,0,4,1,1,1,0,0,0,0,0,1,0,0,2,0,4,1,0,0,0,1,0,0,0,0,0,0,3,1,4,4,0,0,1,0,2,0,0,0,0,0,0,0,0,2,0,0,0,0,0,0,0
0,1,0,0,0,0,0,4,0,10,3,0,0,2,7,1,4,0,0,2,0,0,13,0,4,14,1,2,0,0,0,0,12,4,1,0,1,0,0,8,0,0,0,5,0,0,7,2,0,0,3,0,0,4,1,0,5,0,3,0,0,0,1,2,0,4,0,4,0,1,0,1,0,0,0
0,0,0,0,0,0,0,0,0,8,0,0,0,2,4,0,3,0,0,0,0,0,1,0,0,1,0,0,0,0,0,0,6,1,0,0,1,0,1,1,0,0,0,3,0,0,8,0,2,0,3,0,0,1,0,0,0,0,0,0,0,0,1,2,0,0,0,2,0,0,0,2,0,0,0
0,0,0,0,0,1,0,0,0,0,2,0,0,2,2,1,1,0,0,0,0,0,3,0,3,9,0,0,0,1,0,0,0,2,2,0,7,0,2,0,0,3,2,8,0,0,0,1,0,0,4,0,0,1,2,0,1,0,1,0,0,0,3,0,0,2,0,7,0,3,0,0,0,0,0
0,0,0,1,0,1,0,4,0,26,3,0,6,7,11,3,6,1,0,2,0,0,11,0,4,11,2,0,0,0,0,0,6,3,2,0,3,0,0,1,0,0,0,5,0,0,7,0,1,0,3,0,9,4,4,0,8,0,4,0,0,1,6,2,0,1,0,10,0,2,0,1,1,0,0
1,5,0,1,0,3,0,10,1,3,2,0,25,7,25,1,8,4,1,0,0,0,29,0,16,47,2,8,0,0,0,0,7,5,3,0,58,0,5,8,0,1,0,13,1,1,2,13,0,2,8,1,10,18,4,0,11,1,13,0,1,0,8,2,1,3,0,39,16,11,0,0,0,0,0
0,1,0,0,0,1,0,0,0,0,1,0,26,3,4,0,1,0,0,0,0,0,7,0,5,11,0,3,0,0,0,0,0,1,0,0,7,0,0,1,0,0,0,3,0,1,0,1,0,5,0,0,9,5,0,2,3,0,14,0,0,2,2,1,0,1,0,3,0,3,0,0,0,0,0
2,2,0,0,0,0,0,1,0,1,2,0,1,3,4,0,2,1,0,0,1,0,5,0,5,8,3,2,0,2,2,0,0,1,0,0,7,0,3,1,0,14,6,7,0,1,4,4,0,0,5,1,0,8,2,0,5,0,6,0,0,1,3,1,0,0,0,12,2,7,0,0,0,0,5
0,1,0,0,0,0,0,0,0,0,1,0,0,1,3,0,2,0,0,0,0,0,2,0,2,3,1,0,0,1,0,0,0,0,1,0,1,0,0,0,0,0,0,1,0,1,0,1,0,0,2,0,0,3,4,0,0,0,1,0,0,0,1,1,0,0,0,1,1,0,0,0,0,0,0
0,0,0,0,0,0,0,1,0,0,0,0,0,0,2,0,0,0,0,0,0,0,1,0,2,1,0,1,0,0,0,0,0,0,1,0,1,0,0,2,0,0,0,1,0,0,0,0,0,0,1,0,0,0,0,0,0,0,1,0,0,0,1,1,0,0,0,0,0,1,0,0,0,0,0
0,0,0,1,0,1,0,0,0,1,1,0,13,1,3,1,1,2,0,0,0,0,3,0,4,9,4,4,0,0,0,0,0,5,1,0,6,0,1,3,0,0,0,8,0,0,0,1,0,2,6,0,2,2,3,0,6,0,5,0,0,0,5,0,0,0,0,7,0,7,0,0,0,0,0
0,0,0,0,0,1,0,1,0,0,0,1,0,2,5,0,5,0,0,0,0,0,2,0,4,13,2,2,0,1,0,0,0,1,0,0,2,0,0,4,0,0,0,3,0,0,0,1,0,0,3,0,0,1,2,0,3,0,5,0,0,0,3,2,0,1,0,5,0,1,0,0,0,0,1
0,0,0,0,0,1,0,0,0,0,2,0,20,4,7,0,0,0,0,0,0,0,5,0,4,6,1,2,0,0,0,0,0,3,1,0,0,0,0,1,0,0,0,5,0,1,0,0,0,0,4,1,11,5,2,0,1,0,0,0,0,0,1,1,0,1,0,1,0,1,0,0,0,0,0
0,0,0,0,0,1,0,1,0,0,0,0,14,1,1,0,1,1,0,0,0,0,1,0,1,2,0,2,0,0,0,0,0,0,0,0,3,0,0,1,0,0,0,1,0,0,0,0,0,4,1,1,6,1,1,0,0,0,1,0,0,0,3,1,0,0,1,0,0,1,0,0,0,0,0
0,1,0,0,0,1,0,3,0,0,4,0,1,3,9,1,4,3,0,1,1,0,12,0,6,10,0,1,0,1,0,0,0,2,0,0,32,0,1,4,0,0,1,7,0,0,0,3,0,0,5,0,0,3,5,1,8,0,5,0,0,2,4,1,0,0,0,12,4,0,0,1,0,0,2
0,0,0,0,0,0,0,0,0,0,0,0,0,0,2,0,0,0,0,0,0,0,2,0,0,0,0,0,0,0,0,0,0,0,0,0,1,0,0,1,0,0,0,1,0,0,0,0,0,0,0,0,0,0,0,0,0,0,1,0,0,0,0,0,0,0,0,2,0,0,0,0,0,0,0
