0.16667,0.13084,0.33333,0.25,0.97831,0.071429,1,0.15254,0.33333,0.20463,0.95419,0.33333,0.12849,0.073333,0.07767,0.13725,0.1462,0.20988,0.5,0.15625,0.94416,1,0.09204,0.85492,0.10486,0.10978,0.32075,0.50943,0.4,0.90749,0.46512,1,0.17045,0.12054,0.87258,0.25,0.24214,0.25,0.10294,0.10764,0.62319,0.47909,0.45946,0.14474,1,0.98373,0.18621,0.10795,0.28571,0.17143,0.48907,0.23684,0.11224,0.1,0.12791,0.25,0.1831,0.18182,0.44767,1,0.5,0.96442,0.16529,0.11111,0.5,0.49091,0.66667,0.067227,0.2549,0.18852,0.5,0.3,0.16667,0.15385,0.96567
0.57002
0,3,0,1,0,1,0,0,0,1,1,0,17,7,4,1,5,0,0,0,0,0,8,0,9,6,5,0,0,0,0,0,0,5,0,0,4,0,2,8,2,0,1,3,1,0,1,5,0,1,1,0,17,7,2,0,11,1,0,0,1,0,3,0,0,3,0,15,0,2,0,0,1,0,0
0,5,0,0,0,5,0,0,0,53,0,0,7,8,5,2,6,1,0,0,0,0,19,2,15,16,2,1,1,0,40,0,15,7,3,0,2,0,4,10,0,0,51,8,0,0,27,4,0,2,9,1,6,4,5,0,16,0,6,0,0,0,3,0,0,6,0,9,1,6,0,0,0,1,0
0,7,1,0,0,4,0,3,0,0,0,0,1,6,10,2,1,2,0,0,0,0,9,1,10,10,3,2,0,0,1,0,1,3,1,1,5,0,5,11,0,0,1,4,0,0,0,5,0,0,4,0,0,3,1,0,5,1,0,0,0,0,0,5,0,0,0,6,0,1,0,0,1,0,1
0,2,0,0,0,4,0,3,0,1,0,0,32,8,15,0,4,0,0,2,0,0,12,0,7,8,0,4,0,0,0,0,0,6,2,0,5,0,0,9,0,0,0,10,0,0,0,2,0,0,4,0,15,3,1,0,10,1,1,0,0,0,0,0,0,1,0,8,0,0,0,1,0,1,0
1,3,0,0,0,1,0,1,1,0,0,0,0,8,3,0,1,0,0,0,0,0,8,0,4,2,1,1,0,0,0,0,0,4,1,0,2,0,0,2,0,0,0,0,0,0,0,0,0,0,3,0,0,2,2,0,6,0,0,0,0,0,2,1,0,1,0,3,0,0,0,0,1,0,0
1,3,0,0,1,0,0,3,0,0,1,0,2,5,7,0,2,1,0,1,0,0,2,0,6,14,0,2,0,0,0,0,0,4,1,0,4,0,2,4,0,0,0,7,0,0,0,2,0,0,3,1,0,3,2,0,7,1,0,0,0,0,4,1,0,0,0,4,0,1,0,0,0,0,0
0,4,0,0,1,3,0,0,0,11,0,0,0,11,6,1,9,4,0,1,0,0,12,0,13,10,7,3,0,0,0,0,3,9,0,0,3,0,2,7,0,0,0,8,0,1,6,7,0,0,3,1,0,3,3,0,8,0,1,0,0,0,5,7,1,2,0,12,0,7,1,0,0,0,0
0,0,0,0,0,0,0,0,0,0,0,0,0,0,0,0,0,0,0,0,0,0,1,0,0,1,1,0,0,0,0,0,0,0,0,0,0,0,0,0,0,0,0,0,0,0,0,0,0,0,0,0,0,0,0,0,0,0,0,0,0,0,0,0,0,0,0,0,0,1,0,0,0,0,0
1,13,1,0,0,4,0,2,0,7,3,1,15,10,16,5,3,3,0,0,5,0,14,1,13,22,9,5,0,4,0,0,1,8,1,0,6,0,3,7,0,19,0,14,0,1,3,8,2,3,17,3,8,3,8,0,18,1,4,0,0,4,6,3,0,2,0,15,5,5,0,3,1,0,4
0,0,0,0,0,1,0,0,0,0,0,0,0,1,1,0,1,0,0,0,0,0,2,0,2,6,0,1,0,1,0,0,0,2,0,0,0,0,0,0,0,0,0,6,0,0,0,2,0,0,0,0,0,2,2,1,4,0,0,0,0,0,6,1,0,1,0,1,0,1,0,0,0,1,0
0,2,0,0,2,0,0,0,0,1,7,0,0,1,1,0,1,0,0,0,1,0,1,0,2,1,2,1,0,0,1,0,0,0,1,0,1,0,1,2,0,4,0,0,0,0,0,0,0,2,0,0,1,2,1,0,1,0,3,0,0,1,0,1,0,0,0,3,0,1,0,0,0,0,1
0,1,0,0,0,2,0,0,0,1,0,0,0,3,3,0,1,2,0,0,0,0,3,0,2,7,2,3,0,0,5,0,4,0,0,0,1,0,0,3,0,1,11,3,0,0,0,0,0,0,4,0,0,0,1,0,1,0,0,0,0,0,0,0,0,0,0,1,1,1,0,0,0,0,0
0,2,0,0,0,0,0,0,0,0,0,0,6,2,2,0,0,0,0,0,0,0,2,0,1,3,0,1,0,0,0,0,0,1,0,0,0,0,2,0,0,0,0,2,0,0,0,0,0,0,1,0,0,0,3,0,1,0,0,0,0,0,3,0,0,0,0,1,0,0,0,0,0,0,0
0,5,0,0,0,3,0,0,2,16,1,0,2,6,10,2,7,4,0,1,1,0,12,0,11,18,5,6,0,0,0,0,1,5,1,1,4,0,3,8,0,0,2,6,0,0,5,6,0,1,7,0,0,3,3,0,8,4,3,0,0,1,8,2,0,5,0,12,0,2,0,0,0,0,0
0,0,0,0,0,2,0,3,0,0,0,0,0,3,0,1,2,0,0,0,0,0,3,0,1,1,0,0,0,0,0,0,0,4,0,0,2,0,2,4,1,0,0,8,0,1,0,1,1,0,2,0,0,3,0,0,3,0,0,0,0,0,1,0,0,0,0,3,1,0,0,0,0,0,0
0,3,0,0,0,0,0,0,0,0,0,0,0,2,1,0,1,2,0,0,13,0,1,0,2,2,2,0,0,0,0,0,0,1,0,0,2,0,2,3,0,9,0,3,0,0,0,2,0,0,0,0,0,0,3,0,1,0,1,0,0,0,0,0,0,0,0,1,5,0,0,0,0,0,0
0,0,0,0,1,0,0,0,0,0,1,0,3,0,0,1,0,0,0,0,3,0,0,0,0,2,0,2,0,1,0,0,1,0,0,0,3,0,0,1,0,1,0,1,0,0,0,0,0,0,1,0,2,1,0,0,1,0,1,0,0,0,0,0,0,0,0,4,5,1,0,0,0,0,0
2,3,0,0,4,6,0,0,0,2,3,1,46,21,15,8,8,2,0,2,1,0,15,0,12,20,8,1,0,0,0,0,1,7,1,0,19,0,3,12,0,0,0,8,0,0,2,8,0,4,3,1,12,4,4,0,8,0,2,0,0,1,18,0,0,3,0,12,2,3,0,0,0,1,0
0,6,0,0,0,3,0,1,0,1,1,0,0,11,6,5,2,1,0,0,0,0,13,0,17,17,2,4,0,0,0,0,0,7,1,0,2,0,6,11,0,0,0,8,0,0,1,7,0,0,4,2,0,4,7,0,7,0,1,0,0,0,4,1,1,2,0,9,1,3,0,0,0,0,0
0,3,0,0,1,2,0,4,0,1,0,0,0,7,6,3,3,4,0,1,1,0,5,3,11,10,2,2,0,4,1,0,0,8,4,0,3,0,0,1,8,1,2,11,0,0,0,3,1,0,5,0,2,8,3,0,5,0,3,0,0,1,12,1,0,1,0,11,1,5,0,0,0,0,3
0,0,0,0,0,0,0,0,0,1,0,0,7,0,0,0,0,0,0,0,0,0,0,0,0,1,0,0,0,0,0,0,0,0,0,0,0,0,0,0,0,0,0,1,0,0,0,0,0,0,0,0,0,0,0,0,0,0,0,0,0,0,0,0,0,0,0,1,0,0,0,0,0,0,0
1,28,1,0,1218,5,1,9,1,15,729,1,28,19,24,14,25,17,0,2,1488,0,37,165,41,49,68,108,1,618,11,0,11,27,315,1,31,1,10,28,43,126,6,44,0,544,9,8,4,9,179,9,22,16,19,0,65,2,77,0,0,515,30,8,3,54,0,24,65,11,0,1,1,1,2475
1,4,0,1,1,3,0,1,0,0,3,0,3,5,4,1,2,2,0,0,0,0,5,0,4,6,0,1,0,0,0,0,0,6,0,0,1,0,1,4,0,1,0,7,0,0,0,3,0,4,0,1,2,0,1,0,6,0,7,0,0,0,1,1,0,0,0,7,1,1,0,0,0,0,0
0,12,0,0,0,3,0,1,0,2,1,0,15,8,11,2,3,3,0,2,0,0,13,0,11,12,10,2,0,0,0,0,2,8,2,0,5,0,7,7,0,0,0,6,0,0,7,10,0,0,8,0,12,9,4,0,11,0,4,0,0,0,10,3,0,2,0,13,1,2,0,0,0,0,0
0,10,0,0,0,2,0,0,0,10,1,0,3,8,15,1,9,4,0,0,0,0,10,0,23,28,5,3,0,0,1,0,4,5,1,0,5,1,9,6,0,0,0,4,0,1,5,6,0,0,5,1,2,2,5,0,11,3,2,0,0,0,7,1,0,1,0,12,7,8,0,0,0,1,0
0,28,0,0,1,2,0,1,0,21,1,0,24,12,19,3,6,2,0,1,2,0,20,0,14,30,9,6,0,0,0,0,9,12,3,0,11,1,14,8,0,0,0,15,0,1,19,10,0,5,10,1,16,7,9,0,8,1,5,0,0,0,8,2,0,4,0,20,31,7,0,2,0,2,0
0,1,0,0,0,2,0,1,0,0,1,0,0,1,0,2,0,0,0,0,0,0,1,1,2,3,0,1,0,0,0,0,0,1,0,0,1,0,2,1,0,0,0,1,0,0,0,0,1,0,0,1,1,1,2,0,2,0,0,0,0,0,2,0,0,1,0,2,0,1,0,0,0,0,0
0,3,0,1,0,1,0,2,0,11,2,0,0,8,7,3,3,0,0,0,1,0,7,3,5,10,1,3,0,1,1,0,4,5,0,0,0,0,4,7,0,2,0,3,0,1,6,5,0,0,4,1,0,2,1,1,3,2,0,0,0,0,3,0,0,0,0,10,0,1,0,0,0,1,1
0,19,0,0,3,2,0,3,0,24,1,0,12,22,22,13,12,3,1,4,5,0,32,1,28,55,15,6,1,42,19,0,10,13,10,1,20,0,11,31,3,46,30,29,0,1,11,12,2,3,36,3,6,8,22,0,29,3,17,0,0,4,40,7,0,3,0,21,6,23,0,0,0,1,72
0,1,0,0,0,1,0,2,0,9,1,0,8,9,8,1,4,3,0,5,0,0,13,0,15,13,7,5,0,0,0,0,1,4,1,0,2,0,4,5,0,1,0,9,0,0,11,1,0,0,4,0,3,4,6,1,4,1,0,0,0,0,5,1,0,2,0,5,2,2,1,0,0,1,0
0,3,0,0,0,2,0,0,0,1,0,0,0,8,5,1,6,1,0,2,24,0,11,0,9,4,2,4,0,0,0,0,2,6,1,0,4,0,1,6,0,8,0,3,0,0,2,6,0,0,1,1,0,5,5,0,10,0,3,0,0,0,2,4,0,1,0,6,9,2,0,1,1,0,1
2,6,0,0,0,2,0,1,0,8,0,0,6,9,11,3,4,1,0,2,18,0,18,2,10,5,4,2,2,0,1,1,0,8,2,0,8,0,6,8,0,20,0,9,0,0,4,10,0,0,4,2,3,11,8,0,11,0,6,0,0,0,4,3,1,2,0,11,31,2,0,0,0,0,0
0,2,0,0,0,0,0,0,0,0,0,0,4,2,2,2,2,0,0,1,9,0,3,0,2,2,0,2,0,0,0,0,0,3,1,0,1,1,2,4,0,6,0,0,0,0,0,1,0,0,2,0,1,0,2,1,2,0,0,0,0,1,2,0,0,1,0,2,5,0,0,0,0,0,0
0,0,0,0,0,3,0,6,0,16,1,0,0,7,6,2,2,1,0,0,0,0,10,0,14,11,1,1,0,0,0,0,8,4,1,0,1,0,1,9,0,0,0,7,0,1,4,2,1,0,4,1,0,4,4,0,5,0,2,1,0,1,2,2,0,0,0,8,0,0,0,0,0,0,0
0,0,0,0,0,0,0,0,0,13,0,0,0,1,0,0,1,0,0,1,0,0,1,0,1,4,0,0,0,0,0,0,0,2,0,0,2,0,0,3,0,0,0,2,0,0,4,1,0,0,1,0,0,0,0,0,1,0,0,0,0,0,1,2,0,0,0,1,0,0,0,0,0,0,0
0,0,0,0,0,1,0,0,0,0,0,0,0,0,4,0,3,0,0,0,2,0,5,3,8,2,4,1,0,1,0,0,0,1,1,0,2,0,2,4,0,4,1,3,0,0,0,1,0,0,5,0,0,1,1,0,3,0,2,0,0,0,2,1,0,0,0,2,0,2,0,0,0,0,0
1,2,0,0,0,4,0,0,0,20,0,0,9,10,11,1,5,3,1,0,0,0,12,0,8,8,1,3,0,0,0,0,6,4,1,0,1,0,0,3,0,0,0,5,0,0,10,3,1,6,4,0,4,4,4,0,7,1,5,0,0,0,11,2,0,2,0,16,0,2,0,0,0,0,0
0,15,0,0,1,5,0,2,0,12,0,0,33,15,19,14,16,6,0,0,1,1,22,2,25,35,8,1,0,0,0,0,3,14,1,0,77,0,4,7,3,0,1,13,0,0,7,19,1,6,9,3,13,11,1,0,16,0,6,0,0,1,7,2,0,4,2,24,35,5,0,0,0,1,0
0,0,0,0,0,0,0,0,1,0,2,0,16,3,6,1,2,1,0,0,0,0,6,0,3,7,3,1,0,0,0,0,0,3,0,0,3,0,2,8,0,0,0,7,0,0,0,1,0,10,1,1,15,1,3,0,5,0,1,0,0,0,4,1,0,1,0,3,0,0,0,1,0,1,0
1,1,0,0,5,0,0,1,0,0,3,0,1,7,4,0,2,1,0,1,0,0,2,5,3,5,3,2,0,3,4,0,1,3,0,0,5,0,3,11,0,13,4,7,0,0,1,3,0,0,3,0,0,2,7,0,12,0,4,0,0,1,7,2,0,1,0,10,0,3,0,0,0,0,4
1,0,0,0,2,0,0,1,1,0,0,0,0,2,2,0,2,2,0,1,0,0,0,1,3,3,1,3,0,4,0,0,0,1,0,0,1,0,1,1,5,0,0,4,0,0,0,0,0,0,1,0,0,2,1,0,2,0,1,0,0,1,2,1,0,0,0,4,2,0,0,0,0,0,1
0,0,0,0,0,0,0,1,0,0,0,0,1,3,1,0,0,0,0,0,0,0,2,0,3,3,0,0,0,0,0,0,0,1,0,0,0,0,0,0,0,0,0,2,0,0,0,0,0,1,1,0,0,0,1,0,0,0,0,0,0,0,2,0,0,0,1,3,0,0,0,0,0,0,0
0,5,0,0,0,2,0,3,0,0,0,0,15,4,3,2,0,2,0,0,1,0,8,0,3,13,7,4,0,0,1,0,0,3,3,0,6,0,6,10,0,0,0,2,0,0,0,0,0,12,4,2,7,5,5,0,5,0,1,0,0,0,3,0,0,0,0,5,6,6,0,0,0,0,0
0,1,0,0,1,1,0,0,0,0,0,0,0,3,4,2,2,0,0,2,0,0,3,1,1,1,2,1,0,0,0,0,0,1,0,0,2,0,3,2,3,0,1,2,0,0,0,4,0,0,1,0,0,3,2,0,5,0,1,0,0,2,4,1,0,0,0,6,3,0,0,0,0,0,0
0,0,0,0,0,0,0,0,0,0,0,0,18,6,2,1,1,2,0,0,0,0,5,0,4,3,3,6,0,0,0,0,0,1,1,0,3,0,0,6,0,0,0,0,0,0,0,0,0,0,3,0,10,2,2,0,1,0,0,0,0,0,2,0,0,0,0,2,0,0,0,1,0,0,0
0,3,0,0,0,0,0,1,0,0,0,0,21,1,0,0,2,0,0,0,0,0,2,0,3,2,1,3,0,0,0,0,0,0,0,0,2,0,2,1,0,0,0,2,0,0,0,1,0,1,1,0,15,1,3,0,2,0,0,0,0,0,1,1,0,0,0,1,3,2,0,0,0,0,0
0,5,0,1,3,2,0,3,0,1,0,0,3,6,8,2,0,1,0,0,0,0,9,2,10,10,6,4,0,2,0,0,0,7,0,0,56,0,4,5,1,1,0,7,0,1,0,7,0,0,4,2,1,4,3,0,7,0,2,0,1,0,5,4,0,4,0,8,26,2,0,0,0,0,0
0,0,0,0,0,0,0,0,0,0,0,0,0,1,0,0,0,0,0,0,0,0,3,0,0,0,0,0,0,0,0,0,0,0,0,0,0,0,0,0,0,0,0,0,0,0,0,0,0,0,0,0,0,0,0,0,1,0,0,0,0,0,0,0,0,0,0,0,0,0,0,0,0,0,0
