0.2,0.1828,0.66667,0.4,0.9726,0.061697,0.3361,0.38281,0.14872,0.86076,0.5,0.17895,0.07972,0.089286,0.20362,0.095023,0.15574,0.10638,0.95331,0.5,0.079186,0.94737,0.080986,0.13435,0.55949,0.4,0.28571,0.83756,0.48123,1,0.22008,0.11397,0.83673,0.75,0.28879,0.73214,0.1377,0.13261,0.65957,0.58098,0.43738,0.19931,1,0.97292,0.14108,0.12716,0.33333,0.11783,0.26696,0.18447,0.12785,0.11395,0.16883,0.12745,0.14423,0.27027,0.43777,0.5,0.31818,0.99273,0.16049,0.19114,0.33333,0.32867,0.5,0.096828,0.41975,0.14448,0.5,0.125,0.33333,0.13889,0.95918
0.41632
0,1,0,1,0,10,5,26,0,3,0,22,17,21,6,17,3,0,0,0,20,0,19,16,6,9,0,0,1,0,0,19,1,0,2,0,0,29,1,0,1,12,0,0,1,13,1,24,16,5,11,3,1,0,17,1,9,1,0,0,14,3,0,2,0,26,0,11,1,2,1,0,0
0,4,0,0,0,18,0,0,58,0,0,1,10,17,10,8,7,0,0,0,18,0,16,19,10,4,0,0,79,0,51,26,2,0,3,1,9,11,0,0,179,13,0,0,34,7,0,27,18,2,1,4,12,1,32,4,16,0,0,0,10,2,0,6,0,22,0,35,0,0,0,1,1
0,2,0,0,0,7,3,2,1,0,0,1,11,20,4,11,7,0,0,0,11,0,13,21,7,6,0,0,4,0,0,11,0,0,4,0,2,8,0,1,3,8,0,0,3,4,1,1,14,2,0,3,3,1,19,0,1,0,0,0,9,3,0,3,0,13,0,7,0,1,0,1,0
0,1,0,0,0,8,10,1,3,0,0,68,26,10,2,14,1,1,0,0,9,0,21,2,6,6,0,0,0,0,0,14,0,0,0,0,1,11,0,0,1,13,1,1,0,5,1,0,7,2,28,3,1,0,8,0,1,0,0,0,11,5,0,1,0,8,0,6,0,1,0,2,0
0,1,0,0,0,3,2,0,0,2,0,0,8,7,1,6,4,0,0,0,8,0,7,6,5,4,0,0,1,0,0,5,0,0,1,0,2,6,0,0,0,9,0,0,0,2,0,0,4,2,0,1,1,0,6,0,0,0,0,0,4,3,0,3,0,8,0,5,0,0,1,0,0
0,3,0,0,0,4,9,0,2,0,0,0,11,7,1,5,2,1,0,0,6,0,17,10,10,15,0,0,0,0,0,6,0,0,4,0,3,9,0,0,1,9,0,0,0,15,0,0,8,0,1,5,1,2,6,1,0,0,2,0,8,3,1,1,0,9,0,8,0,0,0,0,0
0,0,0,0,0,5,3,1,39,0,0,0,25,48,7,16,2,0,0,0,12,0,19,17,8,6,0,0,2,0,0,26,0,0,6,0,6,8,1,0,2,7,0,1,12,14,0,0,15,5,2,3,2,0,16,0,0,0,0,0,5,15,1,6,0,30,0,18,0,0,0,3,0
0,0,0,0,0,1,0,0,0,0,0,0,1,1,0,0,0,1,0,0,0,0,0,0,0,1,0,0,0,0,0,0,0,0,1,0,0,0,0,2,0,1,0,0,0,0,0,0,1,0,0,0,1,0,1,0,0,0,0,0,1,0,0,0,0,0,0,0,0,0,0,0,0
0,33,0,0,0,13,44,20,23,10,0,11,20,41,8,24,6,8,24,0,15,1,16,27,19,16,0,3,11,0,4,16,1,0,18,205,36,28,0,88,11,17,0,0,9,16,0,25,42,4,4,26,29,7,22,1,5,0,2,0,31,23,0,4,0,28,5,12,0,1,0,0,11
0,6,0,0,0,3,0,0,0,0,0,0,2,2,1,3,1,1,0,0,3,0,1,3,1,1,0,0,0,0,0,3,0,0,10,0,3,1,0,0,1,3,0,0,0,2,0,1,2,0,0,1,3,0,6,1,1,0,0,0,15,7,0,0,0,3,0,2,0,0,0,0,0
0,5,0,0,1,0,0,2,0,1,0,0,1,2,0,1,1,0,1,0,2,0,0,0,0,0,0,0,2,0,0,2,0,0,3,0,4,2,0,20,0,2,0,0,0,0,0,2,2,0,1,2,0,2,1,0,0,0,0,0,2,1,0,0,0,7,1,1,0,0,0,0,1
0,2,0,0,0,3,2,0,3,0,0,0,3,5,0,6,2,1,0,0,4,0,7,7,9,4,0,1,20,0,0,1,0,0,0,1,1,2,0,1,27,3,0,0,0,5,0,0,6,0,0,2,1,6,4,2,0,0,0,0,2,0,0,0,0,5,0,7,0,0,0,0,0
0,1,0,0,0,1,0,0,1,0,0,3,5,2,0,1,0,0,0,0,4,0,1,1,2,1,0,0,0,0,4,1,0,0,1,0,1,2,0,0,0,3,0,0,0,1,0,1,4,0,2,5,0,0,3,0,0,0,0,0,0,3,0,0,1,2,0,1,0,0,0,0,0
0,14,0,0,0,17,1,0,12,1,0,1,19,34,5,10,5,2,0,0,10,0,16,23,12,5,0,0,7,0,1,17,1,0,1,0,3,13,0,0,2,9,0,0,6,18,0,17,18,2,1,11,8,2,15,0,6,0,0,0,15,3,0,4,0,14,0,16,0,1,0,1,0
0,0,0,0,0,5,4,0,0,0,0,0,9,9,0,3,2,7,0,0,3,0,4,0,1,1,0,0,0,0,0,4,0,0,2,0,2,4,0,0,0,3,0,0,0,4,1,0,1,1,0,0,0,0,3,0,0,0,0,0,2,22,0,0,0,3,0,0,0,0,0,0,0
0,2,0,0,0,1,1,0,0,1,0,1,5,7,0,1,0,0,1,0,2,0,4,1,1,1,0,0,0,0,0,3,0,0,9,0,15,1,0,0,0,4,0,0,0,0,0,1,1,1,2,3,4,1,1,0,0,0,0,0,4,1,0,0,0,2,0,4,0,0,0,0,1
0,0,0,0,1,5,0,0,2,2,0,9,3,4,0,1,0,0,1,0,0,0,0,1,2,1,1,1,1,0,6,3,1,0,3,0,2,0,0,2,1,1,0,1,0,2,1,0,4,0,1,1,2,0,1,0,0,0,0,0,3,3,0,0,0,1,0,0,0,0,0,1,1
2,4,0,0,2,13,4,0,2,0,2,37,35,22,8,18,12,3,0,0,11,0,30,19,2,8,0,0,0,0,0,11,0,0,8,0,4,12,0,0,0,34,0,0,6,10,0,23,14,2,25,26,13,3,11,0,13,0,0,0,81,4,0,5,0,10,0,7,0,1,2,5,0
0,15,0,0,0,14,0,0,0,2,0,0,12,17,5,13,9,3,0,0,8,0,22,17,10,5,0,0,0,0,1,21,0,0,3,0,18,11,0,0,1,12,0,0,1,13,0,0,23,1,0,18,12,1,14,0,0,0,0,0,6,6,0,0,0,18,0,6,0,0,0,0,0
1,9,0,0,0,20,11,0,1,0,0,1,25,21,3,8,8,1,0,0,11,0,9,17,9,1,0,6,1,0,1,11,1,0,8,0,9,9,19,5,2,15,0,1,3,15,0,0,5,1,0,2,4,3,11,1,0,0,0,0,36,10,0,6,0,15,1,10,0,0,0,0,0
0,1,0,1,0,0,0,0,5,0,0,7,4,4,1,1,1,0,0,1,3,0,1,0,0,0,0,0,0,0,0,1,0,0,1,0,2,2,0,0,0,3,0,0,2,0,0,1,3,0,5,2,3,0,0,0,1,0,0,0,0,1,0,0,0,2,0,1,0,0,0,1,0
1,21,0,1,426,8,11,0,12,272,1,31,45,11,45,42,38,5,1225,1,32,144,46,88,348,150,0,660,11,0,57,62,164,0,162,5,43,61,62,245,24,116,0,503,8,29,4,34,181,19,12,11,22,3,75,1,102,0,1,546,24,69,0,47,0,41,72,13,1,2,3,1,2303
1,3,0,0,2,3,1,0,1,0,0,1,9,5,3,5,4,2,0,0,7,0,7,8,8,0,0,1,3,0,0,3,0,0,0,0,0,5,0,1,2,9,0,0,3,5,0,15,7,1,0,3,4,1,3,0,11,0,0,0,5,4,0,0,0,6,0,2,0,0,0,0,0
0,25,0,0,0,14,0,0,6,0,0,26,17,22,9,10,11,6,0,0,13,0,17,19,20,7,0,0,0,0,1,23,5,0,4,0,13,8,0,0,0,16,0,2,6,21,0,4,18,1,11,33,21,6,13,1,1,0,2,0,7,1,0,5,0,18,0,6,0,0,0,0,0
0,31,0,0,0,23,5,1,14,1,0,4,23,36,13,9,7,2,0,0,16,0,18,20,20,12,0,0,0,0,9,13,2,0,10,0,28,19,0,0,1,15,0,0,7,17,0,9,28,4,1,14,16,10,13,3,1,1,5,0,14,7,0,4,0,14,0,16,0,0,1,0,0
0,42,0,0,0,18,1,0,33,2,0,24,17,27,13,15,15,5,0,0,12,0,15,32,13,9,0,0,0,0,21,24,0,0,8,0,61,14,0,0,0,9,0,0,21,12,0,26,23,1,20,18,35,1,26,1,13,0,2,0,5,13,0,4,0,35,1,12,0,0,0,2,0
0,6,0,0,0,3,0,0,0,0,0,0,4,5,0,2,0,2,0,0,3,0,2,5,0,0,0,0,0,0,0,3,0,0,5,0,0,3,0,2,0,7,0,0,0,1,0,5,4,1,0,3,4,2,3,0,5,0,0,0,8,12,0,1,0,1,0,1,0,0,0,1,0
0,9,0,0,0,12,4,3,23,2,0,0,22,29,9,7,5,3,1,0,7,0,8,12,3,2,0,2,3,0,1,5,0,0,13,0,10,12,0,16,9,11,0,0,12,8,0,2,12,4,0,12,5,4,9,2,0,0,0,0,9,11,0,2,0,13,0,9,0,0,0,1,0
0,85,0,0,4,23,81,49,30,7,0,4,57,70,20,33,23,7,19,0,26,5,42,74,29,20,2,95,141,0,20,29,4,0,51,61,44,36,1,617,220,45,0,7,33,37,1,12,59,7,4,49,65,12,41,10,9,0,4,3,91,33,0,8,2,58,6,51,0,1,1,4,80
0,1,0,0,0,11,3,0,36,2,0,13,32,23,1,15,4,6,0,0,15,0,14,6,6,8,0,0,0,0,0,12,1,0,2,0,4,12,0,0,0,17,0,1,11,3,2,0,14,6,6,4,3,0,8,1,0,0,0,0,2,23,0,2,0,18,0,7,2,0,0,1,0
0,1,0,0,0,13,1,0,1,0,0,0,15,17,3,10,3,0,5,0,11,0,8,7,3,6,1,0,0,0,7,17,0,0,4,0,9,5,0,0,1,10,0,0,0,8,0,0,8,1,0,11,8,1,13,1,0,0,1,0,3,4,0,3,0,23,0,7,0,0,0,1,0
2,13,0,0,0,24,3,0,4,3,0,1,26,23,1,11,6,2,4,0,14,0,22,22,6,3,0,0,2,1,7,17,1,3,12,3,27,9,0,2,0,18,0,0,3,15,0,1,12,2,5,15,19,1,14,0,0,0,0,0,7,3,0,2,0,17,1,9,0,0,0,0,1
0,0,0,0,0,3,0,0,0,1,0,3,4,5,1,2,2,1,1,0,4,0,4,3,0,2,0,0,0,0,0,7,0,0,0,0,4,7,0,0,0,5,0,0,1,5,0,3,2,0,5,2,6,0,3,0,0,0,0,0,0,0,0,3,0,2,0,4,0,0,0,0,0
0,1,0,2,0,3,5,0,8,0,0,1,19,20,2,11,3,10,0,0,18,0,13,10,6,7,0,0,0,0,45,11,1,0,1,0,2,12,0,0,0,13,0,0,4,5,0,0,7,1,0,6,2,0,15,1,0,0,0,0,5,6,0,1,0,12,0,2,0,0,0,0,0
0,0,0,0,0,3,1,0,27,0,0,0,5,6,0,3,0,1,0,0,4,0,3,5,1,1,0,0,0,0,0,0,0,0,0,0,0,3,0,0,0,1,0,0,13,1,0,0,3,3,0,0,0,0,1,0,0,0,0,0,2,4,0,0,0,1,0,0,0,1,0,0,0
1,7,0,0,0,3,2,0,0,0,0,0,14,15,2,6,0,0,0,0,3,2,5,8,1,0,1,0,0,0,0,6,1,0,3,0,6,7,0,6,1,3,0,0,1,3,0,0,4,0,1,7,6,0,3,1,1,0,0,0,24,2,0,3,0,13,0,3,0,0,0,1,0
1,0,0,0,0,7,2,17,32,0,0,8,24,19,4,16,10,1,0,0,12,0,18,11,4,4,1,0,0,0,0,11,2,0,2,0,2,10,0,0,2,13,0,0,31,15,0,7,18,3,6,5,4,0,1,0,1,0,1,0,40,13,0,4,0,14,0,5,0,1,0,2,0
0,22,0,0,0,18,7,6,6,1,0,19,31,53,9,30,9,3,0,0,35,0,45,53,15,11,0,2,1,0,21,48,4,0,201,0,9,22,4,2,0,32,0,0,0,59,0,14,18,4,10,38,11,13,39,1,8,0,14,0,16,12,0,6,1,47,102,9,0,2,0,2,0
0,12,0,0,0,3,0,0,0,0,0,14,14,15,2,5,5,0,0,0,5,0,6,11,2,3,0,1,0,0,0,3,2,0,9,0,6,7,0,0,0,7,0,0,0,3,0,37,2,2,15,4,8,2,6,0,21,0,0,1,9,4,0,1,0,3,0,1,0,0,0,2,1
0,35,0,0,0,5,2,0,0,0,0,1,12,10,2,6,5,1,1,0,7,0,9,13,3,2,0,10,1,0,0,8,0,0,14,0,13,8,1,33,7,9,0,0,4,13,0,0,5,5,1,12,14,2,10,1,1,0,1,0,7,3,0,3,0,6,5,12,0,0,0,0,1
0,1,1,0,1,9,0,0,0,0,0,0,3,1,1,4,2,1,1,0,0,0,2,4,3,6,1,5,1,0,0,4,0,0,2,1,3,3,1,10,3,6,0,0,0,3,0,0,7,1,1,7,2,2,4,1,0,0,1,0,1,3,0,3,0,4,4,6,0,0,0,0,0
0,6,0,0,0,1,2,0,0,0,0,0,6,4,2,3,1,1,0,0,0,0,4,5,1,2,0,0,0,0,0,1,0,0,1,0,0,4,0,0,1,1,0,0,1,2,0,2,5,0,0,3,1,0,2,0,1,0,0,0,2,2,0,0,0,1,0,2,0,0,0,0,0
0,24,0,0,0,6,0,0,4,0,0,8,8,18,6,3,2,0,0,0,10,0,9,15,0,7,0,0,0,0,0,9,0,0,4,0,9,7,0,0,0,4,0,0,0,13,0,13,8,0,6,35,18,2,5,0,3,0,1,0,2,1,0,0,0,2,0,3,0,0,0,0,0
0,3,2,0,1,10,8,0,0,0,1,0,11,8,2,7,3,5,1,0,6,0,7,2,3,1,0,0,1,0,0,8,1,1,5,3,7,6,2,7,0,5,0,0,3,6,0,1,7,1,1,4,2,7,5,0,0,0,0,0,8,3,0,0,0,5,2,6,0,0,0,0,0
1,1,0,0,0,6,1,0,0,1,0,37,22,19,2,7,2,1,0,0,8,0,1,4,2,9,0,0,0,0,0,4,0,0,0,0,4,3,0,0,0,5,0,0,2,6,0,0,10,5,18,1,2,0,2,1,0,0,0,0,4,4,0,0,0,4,0,0,0,0,0,2,0
0,2,0,0,0,3,0,0,1,1,0,22,1,1,2,2,3,0,0,0,2,0,5,4,2,2,0,0,0,0,0,2,0,0,4,0,3,3,0,0,0,5,0,0,0,1,0,6,4,0,11,1,2,0,1,0,2,0,0,0,1,0,0,0,0,3,0,5,0,0,0,1,0
0,8,0,0,0,6,2,0,0,1,0,1,21,20,5,11,8,0,0,0,12,0,14,6,3,6,0,1,0,0,2,12,1,0,91,0,13,5,2,2,0,18,0,0,0,27,0,0,4,1,1,10,4,4,8,0,0,0,7,0,11,3,1,0,0,12,43,5,0,2,0,0,0
0,2,0,0,0,0,0,0,0,0,0,0,1,1,0,0,0,0,0,0,0,0,1,1,0,0,0,0,0,0,0,1,0,0,0,0,0,0,0,0,0,1,0,0,0,0,0,0,0,0,0,1,0,0,0,0,0,0,0,0,1,3,0,0,0,0,0,0,0,0,0,0,0
