0.10714,0.16667,0.33333,0.25,0.97836,0.091603,1,0.14118,0.22222,0.18884,0.88679,0.52,0.10628,0.077821,0.074324,0.10638,0.12371,0.21667,0.25,0.17647,0.88368,0.5,0.076404,0.4,0.12442,0.094453,0.1976,0.30612,0.4,0.95192,0.45578,1,0.20155,0.125,0.84742,0.5,0.18295,0.5,0.23387,0.1165,0.66667,0.37395,0.44318,0.15427,0.33333,0.86429,0.13208,0.12637,0.11111,0.13393,0.34141,0.14286,0.1129,0.075,0.096154,0.125,0.18241,0.17241,0.39617,0.5,0.33333,0.82784,0.14029,0.095745,0.33333,0.36,0.2,0.091418,0.37255,0.12963,0.5,0.13333,0.33333,0.086957,0.9668
0.51456
0,3,0,0,0,3,0,3,1,1,2,0,14,11,6,0,9,0,0,0,0,0,14,0,20,17,0,3,0,0,0,0,0,11,0,0,9,0,0,11,2,0,0,18,0,1,1,4,0,6,4,0,17,6,2,0,10,1,3,0,0,0,8,1,0,2,0,16,0,2,0,2,1,0,0
0,5,1,0,0,6,0,0,0,44,1,0,4,3,11,3,3,1,0,0,0,0,9,0,18,25,4,2,1,0,67,0,26,7,2,0,5,0,3,6,0,0,85,4,0,1,21,7,1,12,12,3,1,3,5,1,17,2,14,0,0,1,4,1,0,5,0,12,0,12,0,0,0,0,0
0,6,0,0,0,2,0,3,0,0,2,0,0,3,10,1,4,2,0,0,0,1,9,0,9,16,5,4,0,0,2,0,1,4,3,0,3,0,0,6,0,3,2,6,0,1,0,3,0,0,5,2,1,6,1,0,6,0,2,1,0,2,5,3,0,3,0,12,0,2,0,0,0,0,0
1,3,0,0,0,3,0,6,0,1,4,0,41,7,5,0,2,0,0,2,0,0,13,0,12,15,3,3,0,0,0,0,0,4,7,0,4,0,1,6,0,0,0,11,0,0,1,2,0,0,5,1,21,5,1,0,4,1,5,0,0,0,1,1,0,0,0,12,0,2,0,2,0,2,0
1,0,0,0,0,1,0,1,1,0,0,0,0,5,11,1,1,0,0,0,0,0,7,0,5,7,1,1,0,0,0,0,0,2,1,0,0,0,0,1,0,0,1,7,0,0,0,0,0,0,6,1,0,2,1,0,1,0,0,0,0,0,1,1,0,2,0,11,0,1,0,0,1,0,0
0,5,0,0,0,3,0,3,0,0,1,0,1,5,8,0,4,1,0,2,0,1,6,0,5,19,2,2,0,0,0,0,0,3,1,0,6,0,1,6,1,0,0,2,0,0,2,5,0,0,4,0,0,6,0,0,6,0,1,0,0,1,4,1,0,0,0,8,0,2,0,0,0,1,0
0,4,0,0,0,4,0,0,1,20,2,1,2,6,15,1,8,0,0,0,0,0,14,0,16,12,8,0,0,0,0,0,5,4,0,0,4,0,0,2,0,0,1,9,0,1,9,9,0,0,14,1,0,5,2,0,6,1,0,0,0,1,5,1,0,1,0,11,0,6,0,1,0,0,0
0,0,0,0,0,0,0,0,0,0,0,0,0,0,1,0,0,0,0,1,0,0,0,0,0,0,0,0,0,0,0,0,0,0,0,0,0,0,1,0,0,0,0,0,0,0,0,0,0,0,1,0,0,0,1,0,1,0,0,0,0,0,1,0,0,0,0,2,0,0,0,0,0,0,0
3,11,0,1,1,4,0,5,1,7,5,1,16,3,14,4,16,2,1,3,23,0,18,1,13,25,7,12,1,5,5,0,3,4,0,0,11,1,6,15,0,11,2,16,0,1,4,9,2,6,27,0,5,13,6,1,10,1,4,0,1,9,16,1,0,4,0,31,3,12,0,0,0,1,21
0,2,0,0,0,0,0,1,0,0,1,0,1,0,0,0,0,0,0,0,0,0,3,0,5,8,2,2,0,0,0,0,0,5,0,0,5,0,0,0,0,1,0,0,0,0,0,0,0,0,0,0,0,1,2,0,1,0,3,0,0,0,3,1,0,1,0,2,0,1,0,1,0,0,0
0,0,0,0,0,0,0,0,0,0,0,2,3,1,1,1,0,0,0,0,0,0,3,0,2,4,2,0,0,1,0,0,1,0,0,0,2,0,0,2,0,8,0,3,0,1,0,1,0,0,0,0,0,1,0,0,1,0,0,0,0,0,1,0,0,0,0,1,1,0,0,0,0,0,0
0,1,0,0,0,2,0,0,0,1,1,0,0,0,4,0,3,1,0,0,0,0,3,0,6,10,0,4,0,0,13,0,3,3,0,0,1,0,1,1,0,1,12,1,1,0,1,0,0,0,6,0,0,3,0,0,3,0,3,0,0,0,0,2,0,0,0,2,0,2,0,1,0,0,1
0,1,0,0,0,1,0,0,0,2,0,0,3,2,2,0,0,0,0,1,0,0,1,0,0,2,0,0,0,0,0,0,2,0,0,0,0,0,0,0,0,0,0,0,0,0,1,1,0,0,4,0,3,0,0,0,1,0,1,0,0,0,2,1,0,0,0,3,0,2,0,0,0,0,0
1,5,0,1,1,5,0,0,0,8,2,1,0,3,19,3,3,1,0,0,0,0,18,0,13,20,2,4,0,0,1,1,4,6,1,0,8,0,1,5,0,0,4,2,0,0,5,7,0,4,6,0,0,7,10,0,7,0,4,0,0,3,2,2,0,2,0,14,0,9,0,1,0,1,0
0,0,0,0,1,0,0,1,0,0,1,0,0,1,4,0,0,1,0,2,1,0,6,0,2,5,2,1,0,0,0,0,0,1,0,0,1,0,2,1,0,0,0,7,0,0,0,2,0,0,2,1,0,2,1,0,1,0,0,0,0,0,0,2,0,1,0,7,0,1,0,0,0,0,0
2,0,0,0,0,0,0,0,0,0,2,0,1,3,1,1,2,1,0,0,11,0,3,0,2,5,2,0,0,0,0,0,0,0,3,0,3,0,1,0,0,0,0,2,0,0,0,2,0,1,1,0,0,1,1,0,0,0,1,0,0,2,1,1,0,0,0,1,1,3,0,0,0,0,0
0,0,0,0,0,1,0,3,0,1,0,0,5,1,1,0,0,1,0,0,4,0,2,0,2,3,1,0,0,1,0,0,2,0,0,0,5,0,0,0,0,1,0,0,0,0,0,1,0,0,1,0,1,0,1,0,0,0,0,0,0,0,0,1,0,0,0,1,1,1,0,0,0,1,1
3,4,0,1,5,7,0,1,1,1,2,3,44,19,15,2,11,5,1,0,1,0,9,0,11,10,7,1,0,0,0,0,0,4,0,0,8,0,0,6,0,0,0,13,0,0,0,5,0,6,7,0,19,6,6,0,7,0,5,0,0,0,29,6,0,6,0,24,0,2,0,0,0,0,0
0,1,0,0,0,2,0,3,0,0,0,0,0,7,4,5,4,1,0,0,0,0,9,0,10,17,7,5,0,0,0,0,0,5,2,0,12,0,4,1,0,0,0,10,0,2,0,1,0,0,9,0,0,7,2,0,7,0,7,0,0,0,5,3,0,1,0,16,0,8,1,0,0,0,0
0,2,0,0,0,0,0,4,0,0,2,0,0,12,10,1,5,1,0,1,0,0,13,0,7,10,3,5,0,0,0,0,0,1,1,0,5,0,5,4,0,2,0,11,0,1,0,4,1,0,7,0,0,2,2,0,5,0,2,0,0,2,4,0,0,3,0,6,0,4,0,0,0,2,0
0,0,0,0,0,0,0,0,0,0,0,0,6,0,2,0,0,0,0,0,0,0,1,0,1,2,0,0,0,0,0,0,3,0,0,0,0,0,0,0,0,0,0,0,0,0,4,1,0,0,2,0,1,2,0,0,1,0,0,0,0,0,0,0,0,0,0,2,0,0,0,0,0,0,0
2,14,0,0,633,6,0,12,2,14,517,13,29,18,30,2,9,13,0,6,1375,0,33,2,54,50,33,60,2,1287,9,0,15,24,411,0,64,0,9,24,0,67,24,56,1,121,13,12,2,15,169,1,14,16,14,0,56,1,124,0,0,226,30,7,0,36,0,36,17,17,1,1,2,2,2912
1,1,1,0,1,1,0,0,0,0,0,0,3,4,1,0,6,0,0,0,0,0,3,0,5,7,2,0,0,1,1,0,0,3,0,0,3,0,1,3,0,0,1,4,0,1,0,1,1,6,6,1,2,4,1,0,4,0,9,0,0,0,1,2,0,1,0,4,0,1,0,0,0,0,1
0,5,0,0,0,4,0,3,0,2,4,0,35,3,17,3,6,1,0,0,0,0,11,0,19,23,4,3,0,0,0,0,1,6,1,0,10,1,6,0,0,3,0,9,0,0,0,5,0,2,13,3,10,10,4,1,8,0,5,0,0,3,10,3,0,0,0,19,0,11,0,1,0,0,0
1,7,0,0,0,3,0,0,0,17,4,0,11,7,22,2,5,3,0,2,2,0,16,0,9,23,5,5,0,0,0,0,3,4,0,0,16,0,5,11,0,2,1,12,0,0,5,9,1,1,6,0,4,6,11,1,7,1,5,0,0,0,9,1,0,1,1,24,2,5,0,0,0,0,0
0,8,1,0,0,5,0,3,0,20,5,0,19,13,22,4,9,3,0,3,6,0,24,0,18,37,10,8,0,0,0,0,10,12,5,0,19,0,29,8,0,0,0,11,0,1,19,4,0,9,9,1,15,17,15,0,15,3,7,0,0,1,15,9,0,3,0,24,1,15,0,0,0,2,0
0,1,0,0,0,1,0,0,0,0,1,0,1,0,1,0,1,0,0,0,0,0,2,0,1,4,2,1,0,0,0,0,0,0,0,0,10,0,1,1,0,0,0,1,0,0,0,0,0,1,2,0,0,1,1,0,2,1,1,0,0,1,1,0,0,0,0,0,0,2,0,0,0,0,0
0,5,0,0,0,1,0,3,0,10,1,0,2,5,11,0,3,3,0,0,1,0,4,0,9,11,1,4,0,0,2,0,6,4,1,0,4,0,3,6,0,11,4,12,0,1,9,5,2,0,9,0,1,2,4,1,7,1,2,0,0,1,5,2,1,1,0,9,0,5,0,1,0,0,0
3,29,0,0,2,12,1,5,1,17,5,1,15,19,33,5,24,5,1,3,20,0,34,1,33,63,5,17,0,49,41,0,8,22,10,2,41,2,11,16,0,89,117,15,0,3,15,23,1,6,75,4,4,17,13,0,22,5,18,0,0,7,39,7,0,2,1,44,12,28,0,0,0,2,68
0,0,0,0,0,2,0,3,0,8,2,0,7,9,9,0,5,0,0,0,1,0,16,0,5,22,1,10,0,0,0,0,2,1,0,0,1,0,4,7,0,0,0,13,0,0,6,3,0,0,8,1,2,6,2,0,9,2,0,0,0,2,6,4,0,4,0,16,0,6,0,0,0,0,0
3,3,0,0,0,9,0,0,0,2,0,0,0,3,8,1,5,3,0,0,48,0,9,0,12,10,4,1,0,0,1,0,2,11,7,1,10,0,5,2,0,0,0,7,0,0,2,6,0,0,2,1,1,3,8,0,5,1,3,0,0,1,6,3,0,3,0,8,1,2,0,0,0,1,1
3,6,0,0,0,12,0,4,0,6,5,1,6,9,20,1,7,1,0,1,52,0,18,0,11,19,8,8,0,0,0,0,5,12,12,0,15,0,4,5,0,0,1,20,0,0,5,6,0,0,4,0,2,5,6,0,10,0,4,1,0,1,3,4,0,3,1,16,13,7,0,0,0,2,2
1,1,0,0,1,6,0,0,0,0,0,0,1,1,5,0,4,0,0,0,7,0,0,0,7,5,1,0,0,0,0,0,0,1,1,0,4,0,1,1,0,1,0,1,0,0,0,1,0,0,2,1,1,1,4,0,3,0,0,0,0,1,4,2,0,0,0,5,0,0,0,0,1,0,0
0,6,0,0,0,3,0,4,0,8,2,0,1,7,14,0,3,0,0,1,0,0,13,0,12,17,2,4,0,0,0,0,5,2,2,0,1,0,0,7,0,0,0,4,0,0,8,3,1,0,4,0,0,5,3,0,11,0,3,0,0,0,2,0,1,2,0,13,0,1,0,0,0,0,0
0,0,0,0,0,0,0,0,0,13,1,0,0,0,2,0,0,0,0,0,0,0,5,0,3,1,0,3,0,0,0,0,4,0,1,0,0,0,0,0,0,0,0,0,0,0,10,1,1,0,2,0,0,0,0,0,0,0,0,0,0,0,0,0,0,0,0,0,0,0,0,0,0,0,0
0,2,0,0,1,1,0,1,0,0,1,0,0,4,10,1,1,0,0,0,0,0,4,0,1,13,1,1,1,0,1,0,0,2,1,0,8,0,1,1,0,4,2,6,0,0,1,1,1,0,5,0,0,2,1,1,4,0,0,0,0,0,7,0,0,1,0,1,0,1,0,0,0,0,1
0,0,0,1,0,4,0,1,1,19,1,1,15,9,11,0,4,0,1,0,0,0,4,1,6,12,9,1,0,0,0,0,9,0,0,0,8,0,0,7,0,0,0,10,1,0,8,2,1,6,8,2,6,5,2,0,5,0,4,0,0,1,11,3,0,1,0,14,0,3,0,1,0,2,0
1,15,0,0,0,2,0,7,0,10,1,0,32,20,33,1,12,6,0,2,0,0,34,0,22,46,8,0,0,0,0,0,8,6,4,0,88,0,5,7,0,0,0,13,0,3,5,14,1,11,16,2,7,18,3,0,9,3,17,0,0,0,6,6,0,7,0,49,38,10,0,0,1,0,1
1,4,0,0,0,0,0,0,0,0,0,0,20,4,11,0,4,1,0,0,0,0,5,0,1,11,0,2,0,1,0,0,0,2,0,0,11,0,1,5,0,1,0,1,0,1,0,1,0,9,2,0,18,5,2,0,3,0,35,0,0,3,2,1,0,1,1,6,0,1,0,0,0,0,0
0,3,0,0,1,1,0,0,0,1,0,0,0,7,1,0,4,0,0,2,0,0,10,0,6,17,2,2,0,5,2,0,1,2,1,0,9,0,2,4,0,30,4,7,0,0,2,4,0,0,4,0,0,7,4,1,2,1,4,0,0,1,4,1,0,1,1,9,0,6,0,1,0,0,3
0,1,0,0,0,2,0,1,0,0,1,0,0,2,3,0,0,1,0,0,0,0,4,0,5,6,0,2,0,0,2,0,0,0,0,0,0,0,0,2,0,1,2,2,0,0,0,1,0,0,3,0,0,5,1,0,2,1,0,0,1,1,3,1,1,1,0,4,2,1,0,0,0,0,0
0,0,0,0,0,0,0,0,0,0,1,0,0,0,4,0,0,0,0,0,0,0,1,0,1,2,0,2,0,0,0,0,0,0,1,0,0,0,0,0,0,0,0,3,0,0,2,0,0,0,1,0,0,1,0,0,1,1,2,0,0,0,0,0,0,0,0,2,0,1,0,0,0,0,0
0,1,0,0,0,3,0,1,0,0,1,0,11,3,4,0,2,2,0,0,4,0,7,0,8,10,4,6,0,0,0,0,0,2,3,0,15,0,7,5,0,0,0,5,0,0,0,6,0,10,8,0,6,6,2,0,9,1,6,0,1,0,9,1,0,0,0,8,0,6,0,0,0,1,0
0,3,0,0,0,1,0,1,0,0,0,0,0,2,5,1,1,0,0,1,0,0,4,0,4,5,1,0,0,1,0,0,0,1,2,0,3,0,0,2,0,1,1,12,0,0,0,2,2,0,4,1,0,3,1,0,4,0,2,0,0,1,0,1,0,0,0,6,0,9,0,0,0,1,0
0,0,0,0,0,3,0,1,0,0,2,1,27,7,10,0,1,0,0,0,0,0,9,0,3,4,4,4,0,0,0,0,0,3,0,1,1,0,0,1,0,0,0,5,0,0,0,1,0,0,3,1,5,3,1,0,3,0,2,0,0,0,3,2,0,1,0,5,0,1,0,1,0,1,0
0,0,0,0,0,3,0,0,0,0,0,0,34,2,0,0,0,0,0,1,0,0,4,0,4,2,0,1,0,0,0,0,0,2,0,0,2,0,3,1,0,0,0,1,0,0,0,1,0,1,2,0,17,1,3,0,3,0,0,0,0,0,2,1,0,0,0,1,0,4,0,0,0,1,0
1,6,0,0,0,2,0,1,0,0,0,0,4,7,13,3,3,0,0,0,0,0,9,0,16,15,2,2,0,1,0,0,0,6,1,0,45,0,0,7,0,1,0,10,0,0,0,6,0,0,4,0,2,12,6,1,8,1,4,0,0,1,8,4,0,0,0,19,10,1,0,1,0,0,0
0,0,0,0,0,0,0,0,0,0,0,0,0,0,0,0,0,0,0,0,0,0,1,0,0,0,0,0,0,0,0,0,0,0,0,0,1,0,0,0,0,0,0,1,0,0,0,0,0,0,1,0,0,1,0,0,0,0,1,0,0,0,0,0,0,0,0,0,0,0,0,0,0,0,0
