0.33333,0.14545,0.33333,0.4,0.98313,0.08,1,0.13846,0.2,0.18992,0.95461,0.66667,0.11594,0.072917,0.084112,0.14286,0.09816,0.11688,1,0.14706,0.91689,1,0.087264,0.7619,0.11079,0.10267,0.2201,0.48,0.25,0.88906,0.45918,1,0.21978,0.093023,0.90023,0.66667,0.22152,0.25,0.16031,0.094697,0.67568,0.49843,0.41176,0.1194,1,0.9852,0.17568,0.11392,0.28571,0.13433,0.48974,0.16279,0.14136,0.096591,0.13174,0.25,0.25,0.14286,0.49419,1,0.5,0.97347,0.17371,0.12698,0.5,0.51261,0.25,0.094556,0.2268,0.15079,0.5,0.22222,0.16667,0.21429,0.94814
0.56661
0,1,0,0,0,1,0,2,0,0,0,0,26,14,8,3,5,3,0,0,0,0,10,0,8,8,3,4,0,0,1,0,1,5,1,0,6,0,3,18,1,0,1,4,0,0,0,7,0,4,2,2,20,6,2,0,13,0,3,0,0,0,3,1,0,2,0,15,0,1,0,0,1,0,0
0,3,0,0,1,4,0,1,0,49,1,0,8,8,7,3,8,1,0,0,0,0,9,1,22,19,3,2,0,0,45,0,20,9,1,0,3,0,4,3,0,0,49,9,0,0,26,8,0,2,7,1,2,1,4,0,10,1,9,0,0,0,1,5,0,6,0,11,0,2,0,0,0,1,0
0,1,0,0,1,0,0,1,0,2,0,0,1,5,9,2,2,1,0,1,1,0,12,0,2,15,5,3,0,1,2,0,0,5,0,0,1,0,3,5,0,1,1,4,0,0,1,5,0,0,7,0,0,5,1,0,4,0,0,0,0,0,1,2,0,3,0,10,1,3,0,0,1,0,0
0,3,0,0,0,0,0,1,0,3,0,0,36,10,5,0,5,3,0,5,0,0,14,0,7,7,0,4,0,0,0,0,0,3,2,0,3,0,0,5,0,0,0,10,1,0,0,2,2,0,2,0,12,2,3,0,7,0,0,0,0,0,4,1,0,0,0,8,0,0,0,2,0,1,0
0,1,0,0,0,1,0,2,0,0,1,0,0,2,3,0,2,0,0,0,0,0,11,0,5,4,1,1,1,0,1,0,0,6,0,0,0,0,1,3,0,0,0,2,0,0,0,0,0,0,1,4,0,4,3,0,6,0,0,0,0,0,2,1,0,0,0,5,0,1,0,0,1,0,0
0,3,0,0,1,1,0,2,0,2,0,0,1,8,5,2,2,2,0,1,0,0,7,0,4,8,3,1,0,0,0,0,0,3,0,0,6,0,1,5,0,0,0,5,0,1,1,3,0,0,4,1,2,1,2,0,2,1,0,0,0,0,3,0,0,1,0,5,0,1,0,1,0,0,0
0,5,0,0,0,1,0,0,0,6,0,0,0,10,9,2,4,2,0,0,0,0,12,0,6,14,6,0,0,0,0,0,3,12,0,0,7,0,3,3,1,0,0,6,0,1,2,6,0,0,5,0,0,3,2,1,5,0,1,0,0,0,4,3,0,3,0,14,0,2,1,0,0,0,0
0,0,0,0,0,0,0,0,0,0,0,0,0,0,0,0,0,0,0,0,0,0,0,0,0,0,0,0,0,0,0,0,0,0,0,0,1,0,0,0,0,0,0,0,0,0,0,0,0,0,0,0,0,0,0,0,0,0,0,0,0,0,0,0,0,0,0,0,0,0,0,0,0,0,0
1,7,1,0,1,0,0,5,1,7,2,0,12,8,14,5,7,2,0,1,9,0,16,0,18,17,6,6,1,2,1,0,2,2,1,0,4,1,5,14,0,24,1,13,0,1,3,6,1,6,13,1,5,6,8,0,9,1,5,0,1,1,5,2,0,4,0,17,6,9,0,0,0,0,12
0,2,0,0,0,0,0,0,0,0,0,0,0,1,5,0,0,0,0,0,0,0,3,0,4,7,1,0,0,1,0,0,0,1,0,0,3,0,0,1,0,0,0,3,0,0,1,1,0,0,1,0,0,0,1,0,2,0,1,0,0,0,1,0,0,0,0,1,0,1,0,1,0,0,0
0,1,0,0,0,0,0,0,0,3,6,0,1,0,3,0,0,0,0,1,0,0,5,0,1,2,0,0,0,1,0,0,0,1,0,0,1,0,0,2,0,7,0,1,0,0,0,1,0,0,2,0,0,0,0,0,0,0,0,0,0,0,0,0,0,0,0,0,2,1,0,0,0,0,1
0,1,0,0,0,0,0,0,0,3,1,0,0,2,2,0,2,1,0,0,0,0,4,0,2,4,5,3,0,1,7,0,1,2,0,0,0,0,0,1,0,0,10,2,0,0,2,1,0,0,2,0,0,1,0,0,1,0,3,0,0,0,1,0,0,0,0,2,1,2,0,0,0,0,0
0,0,0,0,0,0,0,0,0,2,0,0,3,0,2,0,3,0,0,0,0,0,0,0,0,1,1,0,0,0,0,0,1,0,0,0,0,0,2,1,0,0,0,0,0,0,0,0,0,0,0,0,0,0,0,0,0,0,0,0,0,0,0,1,0,0,0,1,0,0,0,0,1,0,0
0,5,0,0,0,3,0,0,0,7,1,0,3,8,9,2,3,1,0,0,0,0,10,0,8,17,7,2,0,0,1,0,0,9,1,0,4,0,6,8,0,0,2,8,0,0,3,1,0,1,6,2,1,4,4,0,8,0,4,0,0,0,7,0,0,4,1,13,2,2,0,0,0,0,0
0,0,0,0,0,0,0,3,0,0,0,0,1,2,1,0,3,1,0,0,0,0,6,0,4,6,1,2,0,0,0,0,0,0,0,0,3,0,2,3,0,0,0,1,0,0,0,0,0,0,1,0,0,3,0,0,2,0,0,0,0,0,0,0,0,2,0,3,0,1,0,0,0,0,0
0,0,0,0,0,0,0,1,0,0,0,0,1,1,1,0,0,0,0,0,19,0,3,0,2,3,0,0,0,0,0,0,0,0,0,0,4,0,0,1,0,2,0,2,0,0,0,0,0,0,0,0,1,1,2,0,1,0,0,0,0,0,0,0,0,0,0,0,9,0,0,0,0,0,0
0,0,0,0,0,1,0,0,0,1,0,0,2,0,2,1,0,2,0,0,3,0,3,0,0,1,2,1,0,1,0,0,0,2,0,0,2,0,0,0,0,2,0,2,0,0,1,0,0,0,0,0,1,0,0,0,1,0,0,0,0,0,1,0,0,0,0,0,1,0,0,0,0,0,0
5,5,0,2,5,5,0,2,0,0,3,1,40,17,14,1,4,2,0,0,2,0,13,1,7,12,6,3,1,0,0,0,0,5,2,0,6,1,0,3,0,0,0,14,0,0,1,6,0,2,4,2,27,3,6,1,10,0,3,0,0,1,18,5,0,2,0,14,0,2,0,1,0,0,0
0,2,0,0,0,4,0,0,0,0,0,0,0,5,6,5,4,3,0,0,0,0,5,0,13,10,4,3,0,0,0,1,1,7,0,0,4,0,7,9,0,0,0,4,0,1,1,8,0,0,11,1,0,7,4,0,8,0,2,0,0,0,3,4,0,1,0,8,1,4,0,0,0,0,0
1,4,0,0,0,2,0,4,0,0,0,0,0,8,9,2,4,2,0,1,1,0,11,0,9,12,4,3,0,1,0,0,0,6,3,0,4,0,3,3,2,1,1,10,0,0,0,8,0,0,4,1,0,4,1,0,3,0,4,0,0,1,4,1,0,0,0,8,0,6,0,0,0,0,0
0,0,0,0,0,0,0,0,0,1,0,0,4,0,0,0,0,0,0,0,0,0,1,0,2,0,0,0,0,0,0,0,0,1,0,0,0,0,2,3,0,0,0,1,0,0,1,0,0,0,0,0,2,1,1,0,0,0,0,0,0,0,2,0,0,0,0,0,0,1,0,0,0,0,0
2,32,0,1,1224,6,1,5,1,10,673,2,24,21,14,12,16,9,0,3,1357,0,22,16,38,50,46,96,2,593,11,0,16,20,397,0,45,1,10,25,25,159,8,40,0,599,11,6,3,6,191,7,11,14,22,0,77,3,85,0,0,477,22,3,2,61,0,23,44,14,0,1,0,2,2523
0,1,0,0,0,1,0,0,0,0,1,0,5,3,4,1,1,0,0,0,1,0,4,0,9,2,3,1,0,0,0,0,0,6,0,0,1,0,3,4,0,0,1,3,0,0,0,1,0,3,8,1,2,1,2,0,3,1,2,0,0,0,1,0,0,0,0,2,2,2,0,0,0,0,0
1,9,0,0,1,2,0,3,0,6,0,0,18,5,11,4,6,4,0,2,0,0,13,0,12,19,3,4,0,0,0,0,1,7,4,0,2,1,3,9,0,1,0,12,0,0,5,5,0,1,10,3,10,7,5,0,8,2,4,0,0,0,6,0,0,3,0,4,0,5,0,0,0,0,0
1,9,0,0,0,5,0,1,0,5,0,0,7,7,17,2,9,2,0,1,0,0,10,0,14,21,10,3,0,0,0,0,6,10,0,0,8,0,3,9,0,0,1,11,0,0,5,8,1,2,9,1,1,7,6,0,12,1,2,0,0,0,4,3,0,1,0,12,3,6,0,0,0,0,0
0,25,1,0,0,2,0,0,0,25,0,0,19,11,9,2,9,3,0,3,1,0,17,1,18,21,9,3,0,0,0,0,7,13,1,2,5,0,21,9,0,1,0,11,0,1,10,4,1,5,9,2,13,8,16,0,13,1,4,0,0,0,12,2,0,2,0,10,16,10,0,0,1,2,0
0,2,0,0,0,2,0,0,0,0,1,0,1,3,4,0,1,0,0,0,0,0,3,0,4,4,0,0,0,1,0,0,0,2,0,0,2,0,0,1,0,1,0,2,0,0,0,0,0,1,0,0,1,1,5,0,1,0,0,0,0,0,2,0,0,0,0,0,0,2,0,0,0,0,0
0,4,0,0,0,3,0,1,0,14,4,0,3,10,6,1,1,3,0,0,0,0,5,1,6,11,2,1,0,0,0,0,3,6,0,0,8,0,5,12,0,4,1,7,0,0,7,2,0,1,3,0,1,2,7,0,5,1,2,0,0,0,4,1,2,1,0,5,0,2,0,0,0,0,1
0,31,0,0,2,3,0,9,0,25,1,0,9,16,27,10,12,6,2,2,4,0,37,1,16,50,15,11,2,55,24,0,5,13,8,0,24,0,7,19,1,59,36,38,0,1,9,7,4,6,26,3,2,10,17,0,27,1,8,0,0,5,37,8,0,6,0,27,10,19,0,0,0,2,121
0,8,1,0,0,3,0,2,0,15,0,0,8,8,6,1,3,2,0,2,1,1,12,0,7,10,1,4,0,0,0,0,3,8,1,0,2,0,2,10,0,1,0,14,0,0,8,3,1,0,5,1,6,4,2,0,8,0,1,0,0,0,4,1,0,1,0,13,2,1,0,0,0,1,0
0,4,0,0,0,2,0,1,0,6,1,0,0,11,10,0,2,1,0,0,38,0,9,0,9,9,2,2,0,0,1,0,0,2,3,0,7,0,4,3,0,7,0,7,0,1,3,3,0,0,2,1,0,7,3,0,5,0,2,0,0,0,2,3,0,1,0,9,7,0,0,2,1,0,1
2,5,0,0,0,6,0,0,0,8,0,0,2,7,15,3,6,1,0,4,31,0,20,0,15,9,4,2,1,0,0,0,3,3,0,0,9,0,1,10,0,16,0,10,0,2,2,7,1,0,12,2,2,3,8,0,12,0,1,0,0,0,8,2,0,2,0,11,27,5,1,0,0,0,0
0,0,0,0,0,1,0,0,0,0,0,0,3,1,1,2,1,0,0,0,9,0,3,0,2,1,3,0,0,0,0,0,0,2,1,0,1,0,3,2,0,6,0,3,0,0,0,1,0,1,2,0,1,0,2,0,2,1,0,0,0,0,2,0,0,0,1,0,4,1,0,0,0,0,0
0,3,0,0,0,0,0,3,0,10,0,0,0,6,10,1,2,0,0,2,0,0,6,0,7,12,3,2,0,0,0,0,8,8,3,1,1,0,1,5,0,0,0,7,0,0,6,3,0,0,4,1,0,5,2,0,3,1,0,0,0,1,5,0,0,0,0,6,0,0,0,0,0,0,0
0,0,0,0,0,0,0,0,0,15,0,0,0,3,1,0,1,0,0,0,0,0,3,0,1,3,5,1,0,0,0,0,2,0,1,0,1,0,0,0,0,0,0,0,0,0,15,0,0,0,2,0,0,1,0,0,1,0,0,0,0,0,2,0,0,0,0,0,0,0,0,0,0,0,0
0,4,0,0,2,0,0,2,0,0,1,0,0,1,8,0,3,0,0,0,0,0,3,0,2,4,3,2,0,0,0,0,1,1,1,0,4,0,1,3,0,6,0,3,0,0,0,0,0,0,3,0,0,0,1,0,3,1,2,0,0,0,8,0,0,0,0,8,0,1,0,0,0,0,1
0,1,0,0,0,4,0,1,0,22,0,0,9,3,8,4,5,2,0,2,0,0,12,0,6,8,4,3,0,0,0,0,1,5,1,0,7,0,1,5,0,0,0,8,0,0,12,7,0,4,4,0,6,6,5,1,5,1,4,0,0,0,6,3,0,1,0,15,0,1,0,0,0,0,0
0,16,0,0,1,1,0,4,1,10,1,0,24,21,21,3,11,9,0,0,0,0,33,0,24,30,16,9,0,2,0,0,5,15,0,0,70,0,3,12,0,1,1,20,0,0,10,18,0,4,11,0,12,17,6,1,9,1,8,0,0,2,7,5,0,5,0,33,28,5,0,0,0,0,0
0,2,0,0,0,0,0,1,1,0,1,0,19,8,5,1,1,0,0,0,0,0,5,0,6,5,3,1,0,0,0,0,0,0,1,0,3,0,3,6,0,0,0,3,0,0,0,4,0,7,3,2,15,4,1,0,0,0,6,0,0,0,3,1,0,3,0,3,0,1,0,1,0,0,0
1,7,0,1,2,1,0,0,1,1,2,0,1,2,3,0,3,2,0,0,1,0,9,0,5,9,1,2,0,3,3,0,0,1,1,0,1,0,3,9,1,19,5,7,0,0,1,2,0,1,2,0,0,3,4,0,9,0,2,0,0,0,5,0,0,0,0,5,1,0,0,0,0,1,1
0,0,0,0,4,2,0,3,0,0,1,0,0,4,6,0,2,2,0,0,0,0,2,0,0,3,2,4,0,2,0,0,0,2,0,0,1,0,1,0,3,0,1,4,0,0,0,2,0,0,1,0,0,4,1,0,2,0,0,0,0,1,3,1,0,1,0,2,1,2,0,0,0,0,0
0,1,0,0,0,1,0,0,0,0,0,0,0,1,1,0,0,1,0,0,0,0,6,0,1,2,0,1,0,0,0,0,0,0,1,0,0,0,0,2,0,0,0,0,0,0,0,0,0,0,3,0,3,0,0,0,1,1,0,0,0,0,0,0,0,0,0,1,0,1,0,0,0,0,0
0,6,0,1,0,1,0,2,0,0,0,0,12,5,5,2,2,0,0,1,2,0,9,0,4,13,7,3,0,0,1,0,1,1,1,0,8,0,6,7,0,0,0,2,0,0,1,2,0,9,2,2,8,10,1,0,3,0,2,0,1,0,1,1,0,1,0,4,3,4,0,0,0,1,0
0,2,0,0,0,1,0,0,0,0,0,0,0,4,4,1,2,1,0,2,0,0,3,0,5,5,0,1,0,0,0,0,0,2,1,0,3,0,1,2,2,0,0,4,0,0,0,2,0,0,1,0,0,3,1,0,0,1,1,0,0,0,3,0,0,1,1,4,1,1,0,0,0,0,0
0,1,0,0,0,4,0,1,0,0,2,0,25,10,1,0,2,1,0,0,0,0,6,0,1,4,4,6,0,0,0,0,0,4,1,0,2,0,1,2,0,0,0,3,0,0,0,3,0,0,2,1,9,1,0,0,2,1,1,1,0,0,1,2,0,0,0,3,0,1,0,0,0,3,0
0,2,0,0,0,1,0,0,0,0,0,0,17,0,1,2,0,0,0,0,0,0,1,0,0,3,0,0,0,0,0,0,0,1,1,0,1,0,3,0,0,0,0,3,0,0,0,0,0,1,1,1,15,2,2,0,1,0,0,0,0,0,0,1,0,0,0,3,2,0,0,0,0,0,0
1,1,0,0,0,0,0,2,0,0,1,0,0,8,9,4,4,2,0,0,0,0,15,0,7,12,5,0,0,3,0,0,0,4,1,0,38,0,2,7,1,1,0,11,0,0,0,5,0,0,2,0,0,4,3,0,4,0,0,0,0,1,5,0,0,1,1,11,20,3,0,0,0,0,0
0,0,0,0,0,0,0,0,0,0,0,0,0,0,0,0,0,0,0,0,0,0,1,0,0,0,0,0,0,0,0,0,0,0,1,0,0,0,1,0,0,0,0,1,0,0,0,0,0,0,0,0,0,0,1,0,0,0,0,0,0,0,0,0,0,0,0,0,0,0,0,0,0,0,0
