0.17241,0.28364,0.33333,0.28571,0.9708,0.12632,1,0.125,0.33333,0.15116,0.87086,0.5,0.12896,0.063604,0.094178,0.14894,0.097087,0.15152,0.33333,0.12,0.83748,0.5,0.084746,0.57143,0.10731,0.093535,0.18504,0.37799,0.42857,0.94837,0.52349,1,0.22464,0.095023,0.80287,0.16667,0.18063,0.16667,0.26554,0.098592,0.33333,0.34351,0.42606,0.18137,0.33333,0.81618,0.11842,0.10837,0.16,0.11724,0.34489,0.13333,0.10345,0.096774,0.22177,0.36364,0.16867,0.12766,0.37296,0.22222,0.5,0.81481,0.13732,0.095238,0.25,0.32381,0.25,0.10219,0.33,0.14981,0.5,0.11765,0.28571,0.20833,0.96642
0.48405
1,1,0,0,0,3,0,1,0,1,4,0,18,8,13,0,3,2,0,0,0,0,11,0,7,24,4,3,0,0,2,0,0,8,1,0,5,0,2,15,0,0,0,10,0,1,0,5,1,9,14,2,16,12,1,0,6,1,18,1,0,2,2,1,0,1,0,21,0,2,0,2,2,1,0
0,3,0,0,0,8,0,1,2,39,2,1,6,2,18,3,5,3,0,3,1,0,20,1,17,24,2,2,0,1,78,0,31,16,2,0,5,1,1,4,0,0,99,12,0,1,25,5,0,7,13,0,3,4,7,1,19,0,19,0,0,1,7,2,0,3,0,10,0,13,0,0,0,0,0
0,3,0,0,0,2,0,1,0,3,2,0,1,6,11,0,4,1,0,0,0,0,9,0,13,18,3,0,0,0,0,0,0,5,1,0,12,1,3,6,0,0,3,9,0,0,2,1,0,0,6,0,0,6,2,0,9,1,2,0,0,1,4,1,0,4,0,18,0,3,0,2,1,0,0
0,1,0,0,0,3,0,8,0,3,4,1,36,17,4,0,9,0,0,6,0,0,16,0,8,14,8,5,0,0,0,0,0,4,0,0,7,0,0,9,0,0,0,13,0,1,1,2,1,0,9,0,26,5,0,0,6,1,1,0,0,1,4,1,0,1,0,11,0,1,1,1,0,2,0
1,0,0,0,0,1,0,2,2,0,0,0,0,6,7,0,0,1,0,0,0,0,10,0,4,7,2,1,1,0,1,0,0,4,1,0,1,0,0,3,0,0,1,2,1,0,0,3,0,0,4,1,0,2,1,0,3,0,1,0,0,1,0,1,0,0,0,9,0,0,0,0,0,0,0
0,2,0,0,2,4,0,3,0,1,4,0,0,7,11,1,3,1,0,0,0,0,6,0,10,7,1,1,0,0,0,0,0,4,1,0,4,0,0,5,0,0,0,11,0,1,1,4,1,0,5,0,2,5,5,0,6,1,2,0,0,0,2,0,0,3,0,6,0,3,0,0,0,0,1
1,1,0,0,0,7,0,1,0,24,0,2,1,8,18,0,10,2,0,1,0,0,17,0,9,14,4,3,0,0,1,0,3,9,0,0,12,0,0,5,1,0,0,10,0,0,15,10,0,0,14,2,1,3,5,0,8,0,4,0,0,0,4,8,0,7,0,13,0,10,0,0,2,0,0
0,0,0,0,0,0,0,0,0,0,0,0,0,0,1,0,0,0,0,0,1,0,0,0,0,0,0,0,0,1,0,0,0,0,1,0,0,0,0,0,0,0,0,0,0,0,0,1,0,0,0,0,0,0,0,0,0,0,0,0,0,0,1,0,0,0,0,2,0,0,0,0,0,0,0
0,21,0,0,1,7,0,5,1,3,6,1,17,10,20,2,9,4,0,3,29,0,15,0,16,21,12,8,0,7,1,0,2,6,1,0,16,0,6,11,0,8,2,12,0,0,5,5,3,13,23,1,8,6,11,0,5,1,15,0,0,9,19,5,0,3,0,28,5,16,0,1,0,0,18
0,2,0,0,0,0,0,0,0,0,0,0,0,1,3,1,0,0,0,0,0,0,2,0,2,9,0,2,0,0,0,0,0,0,0,0,10,0,1,0,0,0,0,0,0,0,0,1,0,0,0,0,0,0,3,0,1,0,3,0,0,0,3,0,0,0,0,3,0,0,0,0,0,0,0
0,0,0,0,0,0,0,0,0,3,0,1,0,3,0,0,1,0,1,1,0,0,2,0,2,1,1,1,0,1,1,0,2,0,1,0,3,0,2,0,0,9,0,1,0,1,1,0,1,0,3,1,0,0,1,0,1,0,5,0,0,0,2,1,0,0,0,3,0,1,0,0,0,0,1
0,0,0,0,0,0,0,1,0,5,1,0,0,4,6,0,3,0,1,0,0,0,7,0,2,10,2,3,0,1,7,0,0,0,0,0,0,0,0,0,0,1,16,3,0,0,1,1,0,0,3,0,1,3,1,0,4,1,2,0,0,0,5,1,0,1,0,2,0,3,0,0,0,0,0
0,1,0,0,0,1,0,0,0,3,0,0,4,2,2,0,0,1,0,0,0,0,3,0,1,4,0,0,0,0,0,0,1,0,0,0,0,0,2,1,0,0,0,1,0,0,2,1,0,0,2,0,5,1,0,0,1,0,0,0,0,0,0,1,0,0,0,4,0,1,0,0,0,1,0
0,6,0,1,1,8,0,2,0,10,1,0,1,8,15,3,5,2,0,4,0,0,8,1,10,22,3,5,0,0,4,0,3,8,2,0,7,0,5,5,0,3,2,9,0,0,5,6,1,5,11,1,1,6,4,0,8,1,7,0,0,3,5,3,0,1,1,24,0,8,0,1,0,1,0
0,1,0,0,1,0,0,2,0,0,0,0,1,5,5,0,0,0,0,2,2,0,5,0,2,6,2,1,0,0,0,0,0,2,0,0,3,0,2,3,0,0,0,8,0,0,0,2,1,0,0,0,0,1,1,0,5,0,0,0,0,0,1,3,0,2,0,9,0,1,0,0,0,0,1
2,2,0,1,0,0,0,0,0,1,1,1,1,2,4,0,1,1,0,0,17,0,3,0,2,3,3,0,0,0,0,0,0,0,5,0,5,0,5,1,0,0,0,3,0,0,1,2,0,1,0,0,4,1,1,0,1,3,2,0,0,3,3,0,0,0,0,2,2,2,0,0,0,0,0
1,1,0,0,0,0,0,1,0,2,1,0,6,2,2,0,1,1,0,0,3,0,1,0,3,2,2,0,0,1,0,0,0,0,1,0,4,0,0,0,0,0,0,1,1,0,2,1,0,0,0,1,6,0,1,0,2,2,1,0,0,0,0,0,0,0,0,2,1,0,0,0,0,0,1
5,8,0,0,2,5,0,2,1,0,3,0,57,13,27,2,5,2,0,1,0,0,13,0,12,19,6,3,0,0,1,0,0,5,0,0,17,0,0,5,0,1,0,11,0,2,2,7,1,9,9,0,29,10,11,0,9,1,6,0,0,2,22,3,0,4,0,25,0,4,0,1,1,5,0
0,6,0,0,0,4,0,2,0,0,2,0,2,9,13,3,7,6,0,2,0,0,14,0,16,26,6,7,0,0,0,1,1,4,1,0,9,0,6,5,0,0,0,6,0,0,3,6,0,0,12,1,0,13,7,0,8,0,8,0,0,1,5,5,1,0,0,19,0,7,0,0,0,0,0
0,5,0,0,0,3,0,4,0,0,1,0,2,11,10,1,5,3,0,0,0,0,12,0,13,10,4,3,0,0,0,0,0,2,3,0,8,0,0,4,0,1,0,12,0,1,0,3,0,0,10,0,0,5,2,1,6,0,0,0,0,0,4,0,0,2,0,14,0,9,0,0,0,0,1
0,0,0,0,0,0,0,0,0,1,0,0,6,0,2,0,0,0,0,0,0,0,0,0,1,0,1,0,0,0,0,0,3,0,0,1,1,0,0,0,0,0,0,2,0,0,4,1,0,0,1,0,5,0,1,0,1,0,0,0,0,0,1,0,0,0,0,1,0,0,0,0,0,0,0
2,25,1,1,532,7,1,8,0,13,526,9,44,14,27,7,20,10,0,5,1448,1,33,4,47,66,47,79,3,1341,11,0,22,18,391,1,75,1,18,21,1,89,17,74,0,111,10,16,0,12,179,3,19,24,20,2,56,2,160,0,0,220,33,10,0,34,0,38,8,29,0,0,0,0,2878
1,2,0,0,1,0,0,1,0,0,0,0,3,2,7,2,3,1,0,1,2,0,7,0,3,10,2,2,0,1,2,0,0,3,1,0,1,0,0,1,0,0,0,4,0,0,0,2,0,8,8,2,0,3,1,0,3,0,10,0,0,2,1,0,0,1,0,5,0,2,0,0,0,0,0
0,10,0,0,0,12,0,1,0,4,2,1,35,7,16,2,8,3,0,1,0,0,16,0,9,28,10,4,0,0,0,0,4,6,6,0,6,1,10,10,0,5,1,3,0,1,5,5,0,0,16,1,22,10,6,0,7,0,9,0,1,0,13,3,0,3,1,25,0,9,0,2,1,0,0
0,4,0,0,0,9,0,1,0,11,7,0,9,12,14,1,8,2,0,1,1,0,14,0,17,28,11,9,0,0,1,0,3,15,1,0,14,0,9,7,0,2,0,9,0,2,10,7,0,2,10,1,7,5,6,0,15,0,4,0,0,4,8,8,0,2,0,21,2,6,0,1,0,1,0
2,38,1,0,0,8,0,0,1,20,0,0,27,10,17,3,7,3,0,1,6,0,15,0,19,34,26,10,0,0,0,0,5,15,2,0,16,1,47,2,0,1,2,13,0,0,27,12,2,11,14,0,30,19,55,1,12,1,20,2,0,1,11,9,1,2,1,34,0,22,0,0,0,5,0
0,0,0,0,0,1,0,1,0,0,1,0,2,0,3,0,1,0,0,0,0,0,4,0,2,4,2,1,0,0,0,0,0,2,0,0,8,0,0,3,0,0,0,3,0,0,0,2,0,1,0,0,0,0,1,0,1,0,3,0,0,0,3,1,0,0,0,8,0,1,0,0,0,0,0
0,4,0,0,0,1,0,2,1,6,2,0,1,3,10,1,4,0,0,1,0,0,11,0,8,13,3,2,0,0,2,0,2,3,0,0,6,0,3,4,0,9,3,10,0,0,11,2,1,0,10,0,2,2,2,0,7,2,3,0,0,0,3,1,1,1,0,15,0,5,1,0,0,0,1
4,78,1,0,4,13,0,11,4,26,3,0,6,18,47,2,18,3,1,4,29,0,40,0,31,68,11,17,1,52,36,0,15,21,12,0,40,1,9,19,0,90,121,29,0,2,25,17,4,12,73,2,2,8,12,4,21,5,14,2,0,9,39,10,0,8,0,70,14,40,0,2,0,2,68
0,3,0,0,0,7,0,6,0,18,1,0,9,6,19,0,7,1,0,0,1,0,10,0,15,14,5,4,0,0,0,0,4,5,3,0,2,0,0,5,0,0,0,12,0,0,6,4,0,0,8,4,7,9,4,0,9,0,6,0,0,0,4,3,0,2,0,17,1,6,0,1,0,0,0
1,1,0,0,0,17,0,1,0,5,2,0,0,11,20,1,3,0,0,3,66,0,7,0,11,14,11,1,0,0,0,0,6,5,10,0,13,0,5,7,1,0,0,6,0,1,6,4,1,0,7,1,4,10,7,0,9,4,3,0,0,0,3,4,0,1,1,17,0,3,0,1,0,1,0
3,7,0,1,0,24,0,1,0,6,4,1,5,8,21,2,9,0,0,1,89,0,17,0,16,27,14,3,0,1,0,0,5,11,12,1,12,0,10,7,0,2,0,10,0,1,11,8,1,3,9,0,10,7,7,0,11,5,1,2,0,2,4,3,0,0,0,28,15,10,0,0,0,2,1
2,2,0,0,1,8,0,1,0,0,0,0,5,1,5,0,4,0,0,0,30,1,2,0,4,3,2,1,0,0,0,0,0,3,5,0,3,0,3,1,0,0,0,4,0,0,0,1,0,0,1,2,8,1,5,0,5,1,2,0,0,0,1,1,0,2,0,6,0,2,0,0,0,0,0
0,1,0,1,0,3,0,3,0,6,1,0,0,5,15,0,3,1,0,4,0,0,13,0,16,15,2,0,0,0,0,0,9,4,1,1,3,0,1,10,0,0,0,14,0,1,8,2,0,0,2,1,1,6,2,0,7,0,1,0,0,2,5,0,0,2,0,14,0,0,0,0,0,0,0
0,0,0,0,0,0,0,0,0,15,1,0,0,1,3,0,1,0,0,0,0,0,3,0,1,3,1,1,0,0,0,0,3,2,0,0,2,0,0,2,0,0,0,1,0,0,9,1,2,0,2,0,1,1,0,0,2,0,0,0,0,0,0,1,0,1,0,2,0,0,0,0,0,0,0
0,2,0,0,1,1,0,0,0,0,2,0,0,8,9,1,1,1,0,0,0,0,5,0,5,12,5,0,2,1,0,0,0,1,1,0,5,0,0,0,0,3,2,7,0,0,1,0,0,0,6,0,0,2,3,2,7,0,1,0,0,0,10,0,0,0,0,7,0,4,0,0,0,0,0
0,3,0,2,0,6,0,6,0,20,4,0,17,7,13,2,6,1,0,0,0,0,15,1,9,18,4,2,0,0,0,0,4,7,1,0,5,0,2,2,0,0,0,4,1,1,21,2,0,7,6,1,10,6,7,0,7,1,8,0,0,0,14,3,0,3,0,19,0,5,0,1,0,0,0
2,11,0,0,0,4,0,3,0,4,2,0,23,12,55,1,12,1,0,0,0,0,34,0,30,46,10,6,0,0,0,0,7,5,4,0,97,0,4,7,0,0,0,32,0,5,1,22,1,9,7,2,13,21,6,0,13,3,17,0,0,4,8,3,0,5,0,54,33,8,0,0,0,0,0
0,1,0,0,0,1,0,0,0,0,0,0,23,4,13,0,4,3,0,0,0,0,8,0,7,14,0,0,0,0,0,0,0,1,0,0,12,0,0,0,0,0,0,1,0,0,0,1,1,16,1,0,5,1,2,0,3,0,48,0,0,0,2,1,0,1,0,10,0,1,0,0,0,0,0
1,1,0,0,1,0,0,1,0,2,2,0,0,4,10,0,3,1,0,2,0,0,8,0,4,11,4,1,0,5,0,0,2,1,1,0,14,0,2,2,0,34,12,3,0,2,4,5,0,0,7,0,1,1,3,0,6,0,4,0,1,0,5,2,1,1,0,12,2,8,0,0,0,0,6
0,0,0,0,1,0,0,0,0,0,3,0,0,1,3,0,0,1,0,1,0,0,3,0,2,6,3,1,0,0,1,0,0,1,0,0,1,0,1,4,0,2,2,2,0,0,1,0,0,0,3,0,0,3,1,0,2,0,1,0,0,1,1,0,0,0,0,4,2,3,0,0,0,0,1
0,1,0,0,0,0,0,1,0,0,1,0,0,1,3,0,0,0,0,0,0,0,2,0,1,2,0,2,0,0,0,0,0,2,1,0,0,0,1,1,0,0,0,1,0,0,1,0,0,0,1,0,0,0,0,0,0,1,2,0,0,0,1,0,0,1,0,0,0,1,0,0,0,0,0
0,4,0,0,0,3,0,1,0,3,0,0,6,3,14,1,3,1,0,0,2,0,13,0,9,15,6,1,0,0,0,0,1,6,8,0,15,0,6,4,0,1,0,5,0,0,0,6,0,17,1,0,2,10,8,0,8,6,11,1,0,0,10,0,0,1,0,18,0,7,0,0,0,0,0
0,3,0,0,0,1,0,1,0,0,1,0,0,3,7,1,3,1,0,1,0,0,4,0,4,6,1,5,0,0,0,0,0,2,0,1,2,0,2,3,0,1,1,7,0,0,0,4,1,0,3,0,0,3,5,0,1,2,1,1,0,0,2,2,0,0,0,2,2,4,0,0,0,0,0
0,1,0,0,0,3,0,1,0,0,4,0,21,6,17,2,2,0,0,0,0,0,4,0,2,9,3,5,0,0,0,0,0,2,1,1,2,0,1,2,0,0,0,4,0,0,1,4,0,0,3,0,18,4,1,0,1,1,1,0,0,0,1,2,0,1,0,3,0,0,0,1,0,1,0
0,4,0,0,0,1,0,0,0,0,0,0,45,4,3,1,1,1,0,0,2,0,1,0,2,4,3,1,0,0,0,0,0,1,0,0,1,0,7,1,0,0,0,4,0,0,0,1,1,3,1,0,21,1,14,0,2,0,1,0,0,0,3,1,0,0,0,6,0,4,0,0,0,0,0
0,5,0,0,0,4,0,1,0,0,3,0,1,7,21,1,4,1,0,1,0,0,9,0,14,16,2,3,0,1,0,0,0,2,5,0,53,0,1,6,0,0,0,10,0,1,0,8,0,0,2,0,0,8,5,0,8,0,2,0,0,1,4,1,0,0,0,24,13,3,0,0,0,2,0
0,0,0,0,0,0,0,0,0,0,0,0,1,1,0,0,0,0,0,0,0,0,0,0,0,0,0,0,0,0,0,0,0,0,0,0,0,0,0,0,0,0,0,0,0,0,0,0,0,0,0,0,0,0,0,0,0,0,0,0,0,0,1,0,0,1,0,0,0,0,0,0,0,0,0
