0.14286,0.12048,0.33333,0.4,0.9792,0.12821,1,0.11475,0.16667,0.22008,0.96302,0.25,0.11111,0.076923,0.090634,0.10588,0.090909,0.15476,0.5,0.15152,0.92082,1,0.081731,0.82979,0.076705,0.11992,0.20707,0.47236,0.25,0.90909,0.48387,1,0.1978,0.1,0.88,0.33333,0.23585,0.2,0.13333,0.11661,0.66667,0.48248,0.47368,0.12893,1,0.98191,0.15068,0.13415,0.29412,0.098765,0.47297,0.19048,0.11429,0.079545,0.11047,0.25,0.21184,0.20833,0.45342,1,1,0.95699,0.15525,0.068966,0.2,0.4717,0.25,0.08908,0.23109,0.16935,0.5,0.22222,0.33333,0.2,0.94592
0.55283
1,1,0,0,0,0,0,0,1,0,0,0,17,8,5,3,3,0,0,0,0,0,10,0,9,10,7,2,0,0,0,0,0,5,0,0,3,0,3,9,1,0,1,11,0,2,2,3,0,5,7,4,12,6,5,0,12,2,3,0,0,0,4,1,0,3,0,9,0,3,0,0,1,1,0
0,4,0,0,0,7,0,1,1,57,0,0,11,4,12,2,8,2,0,1,0,0,19,1,15,25,2,4,0,0,45,0,18,5,2,0,2,0,5,13,0,0,54,5,0,0,22,2,0,2,10,2,4,6,6,1,6,0,5,0,0,0,5,3,0,5,0,13,0,6,0,0,0,0,0
0,6,0,0,1,0,0,0,0,1,0,0,1,1,12,2,1,5,0,0,1,0,6,0,8,10,4,6,0,0,4,0,1,5,0,0,2,0,3,9,0,1,1,8,0,0,0,5,0,0,4,3,0,3,1,0,8,0,3,0,0,0,0,0,0,2,0,4,1,2,0,0,0,0,0
0,4,0,0,0,1,0,3,0,2,0,0,41,6,4,2,7,3,0,2,0,0,9,0,6,17,2,2,0,0,0,0,2,9,2,0,2,0,1,5,0,0,0,5,1,1,1,4,2,0,2,0,14,6,3,0,8,0,2,0,0,0,2,2,0,0,0,11,0,2,0,1,0,0,0
1,1,0,0,0,1,0,0,0,0,1,0,0,3,2,0,1,1,0,0,0,0,10,0,5,4,2,1,1,0,1,0,0,4,0,0,0,0,0,0,0,0,0,2,0,0,0,1,0,0,1,0,0,4,2,0,3,0,0,0,0,0,5,2,0,1,0,3,0,1,0,0,1,0,0
0,2,0,0,1,3,0,2,0,0,0,0,0,4,9,0,3,2,0,1,0,0,10,0,8,6,5,0,0,0,0,0,0,6,0,0,5,0,1,5,0,0,0,11,0,0,1,1,1,0,4,0,0,2,2,0,2,0,1,0,0,0,1,2,0,1,0,5,1,3,0,1,0,0,0
0,6,0,0,0,1,0,0,0,11,0,0,0,10,14,5,4,4,0,0,0,0,7,0,9,8,4,3,1,0,0,0,6,11,0,0,5,0,1,7,0,0,0,13,0,0,12,7,0,0,4,2,0,2,0,0,11,0,1,0,0,2,7,3,0,1,0,13,0,2,0,0,0,0,0
0,0,0,0,1,0,0,0,0,0,0,0,0,1,0,0,1,0,0,0,0,0,0,0,1,1,0,0,0,0,0,0,0,0,0,0,0,0,0,1,0,0,0,1,0,0,0,1,0,0,0,0,0,0,0,0,0,0,0,0,0,0,0,0,0,0,0,1,0,0,0,0,0,0,0
1,5,0,0,0,1,0,4,1,3,1,1,7,14,11,5,7,0,0,1,9,0,24,0,16,15,9,6,0,4,0,0,5,4,2,0,6,1,9,10,0,30,1,5,0,0,3,5,0,7,13,0,5,5,12,1,12,1,6,0,0,6,3,2,0,4,0,9,3,6,0,1,0,0,9
0,1,0,0,0,1,0,0,0,0,0,0,0,1,2,1,1,1,0,0,0,0,2,0,1,5,3,0,0,1,0,0,0,1,0,0,1,0,0,4,1,0,0,3,0,0,0,1,0,0,2,1,1,0,2,0,2,1,1,0,0,0,2,0,0,0,0,2,0,0,0,0,0,0,0
0,2,0,0,1,0,0,0,0,1,3,0,1,0,1,0,0,0,0,0,0,0,0,1,2,2,1,1,0,0,0,0,0,0,0,0,0,0,0,0,0,4,0,0,0,0,1,0,0,1,1,0,0,1,1,0,1,0,1,0,0,0,0,0,0,0,0,2,2,0,0,0,0,0,1
0,0,0,0,0,0,0,1,0,3,0,1,0,4,1,0,2,1,0,0,1,0,4,0,2,6,1,0,0,1,4,0,1,1,0,0,0,0,1,2,0,0,8,4,0,0,2,1,0,0,0,0,0,2,1,0,2,0,2,0,0,0,2,1,0,0,0,1,0,0,0,0,0,1,0
0,0,0,0,0,0,0,0,0,2,0,0,1,2,0,0,0,0,0,0,0,0,2,0,2,4,3,0,0,0,0,0,0,0,0,0,2,0,0,0,0,0,0,1,0,0,1,0,0,0,0,0,2,2,0,0,2,0,0,0,0,0,3,1,0,1,0,0,0,0,0,0,0,0,0
0,5,0,0,0,2,0,1,0,6,0,0,6,8,8,3,6,5,0,0,0,0,17,0,11,13,5,2,1,0,1,0,0,7,0,0,5,0,6,9,0,0,4,7,0,0,3,5,0,4,9,0,2,5,4,0,10,3,2,0,0,0,2,1,0,2,0,10,0,4,0,1,0,0,0
0,0,0,0,0,0,0,0,0,0,0,0,0,4,1,0,0,0,0,0,0,0,4,0,1,2,0,0,0,0,0,0,0,2,0,0,3,0,1,3,1,0,0,4,0,0,0,3,0,0,4,0,0,0,1,0,2,1,0,0,0,0,1,0,0,0,0,2,0,1,0,0,0,0,0
0,0,0,0,0,0,0,1,0,0,0,0,1,0,3,0,0,2,0,0,17,0,6,0,4,0,0,0,0,0,0,0,0,0,0,0,3,0,0,2,0,10,0,2,0,0,0,1,0,0,0,0,0,0,1,0,0,0,0,0,0,0,1,1,0,0,0,2,6,0,0,0,0,0,0
0,1,0,0,1,0,0,0,0,2,0,0,7,0,2,0,0,1,0,0,2,0,1,0,0,1,1,1,0,1,0,0,1,0,1,0,4,0,0,0,0,2,0,0,0,0,1,1,0,0,1,1,3,2,0,0,0,0,2,0,0,0,0,0,0,1,0,2,0,1,0,0,0,0,1
2,9,0,0,5,10,0,0,0,1,1,0,39,10,12,3,3,2,0,1,2,0,17,1,9,10,5,2,1,0,0,0,0,3,1,1,6,0,0,7,0,0,0,17,0,0,0,5,1,3,7,1,24,8,3,0,6,0,3,0,0,1,16,1,0,6,0,15,3,5,0,0,2,0,0
1,2,0,0,0,1,0,1,0,1,1,0,0,9,4,7,5,1,0,1,0,0,6,0,13,14,5,4,0,0,0,0,3,4,2,0,4,0,6,7,0,0,0,7,0,0,1,5,0,0,5,0,0,4,10,0,4,0,2,0,0,0,6,3,0,1,0,7,2,3,0,0,0,0,0
0,3,0,0,0,2,0,3,0,0,0,0,0,12,6,2,2,1,0,0,1,0,6,0,4,8,5,4,0,1,1,0,0,2,2,0,4,0,2,8,2,0,3,13,0,0,0,4,2,0,5,2,0,3,3,0,3,0,1,0,0,1,6,2,0,0,0,10,0,2,0,0,0,0,1
0,0,0,0,0,1,0,0,0,3,0,0,7,0,1,0,1,0,0,0,0,0,0,0,1,1,2,0,0,0,0,0,0,0,0,0,0,0,0,0,0,0,0,0,0,0,1,0,0,0,0,0,4,2,0,0,0,0,0,0,0,0,0,0,0,0,0,0,0,1,0,0,0,0,0
0,25,1,2,1083,5,1,7,0,14,677,1,23,15,14,9,15,13,1,5,1442,0,30,39,27,59,41,94,1,620,6,0,13,22,374,0,38,1,10,33,18,179,5,41,0,597,8,11,5,7,175,8,19,14,19,0,68,5,73,0,0,445,25,4,1,50,0,26,55,12,0,0,0,0,2344
0,5,0,0,2,0,0,1,0,0,3,0,4,1,3,2,7,1,0,0,0,0,6,0,6,6,1,3,0,0,0,0,0,2,0,0,0,0,2,3,0,0,0,1,0,0,0,1,0,6,3,0,1,1,5,0,4,1,3,0,0,0,3,1,0,0,0,6,0,0,0,0,0,0,0
1,11,1,0,0,3,0,3,0,3,0,0,23,11,8,1,7,10,0,3,0,0,12,0,12,19,9,2,0,0,0,0,2,6,2,0,3,1,3,6,0,0,0,4,0,0,1,5,0,2,9,3,19,5,3,0,9,0,3,0,0,0,7,4,0,2,1,10,0,2,0,1,0,1,0
0,14,0,0,0,2,0,2,1,13,2,0,11,11,15,1,5,0,0,0,0,0,10,0,13,24,7,4,0,0,0,0,3,8,1,0,12,1,3,8,0,1,0,8,0,1,5,6,0,0,7,0,5,5,5,0,10,0,5,0,0,0,7,1,0,0,0,8,4,4,0,0,0,1,0
1,22,1,0,0,5,0,0,0,21,4,0,25,10,18,3,9,5,0,3,2,0,19,0,18,24,4,3,0,0,0,0,6,12,3,0,11,0,18,3,0,0,0,16,0,0,14,5,0,8,11,2,16,12,15,0,13,0,9,0,0,0,7,1,1,1,0,7,37,6,0,0,0,1,0
1,3,0,0,0,0,0,0,0,0,1,0,1,3,3,0,0,1,0,0,0,0,5,0,1,0,0,0,0,1,0,0,0,2,1,0,3,0,0,1,0,0,0,0,0,0,0,1,0,1,2,0,1,0,0,0,0,0,0,0,0,0,3,0,0,0,0,1,0,1,0,0,0,0,0
1,3,0,1,0,1,0,1,0,10,1,0,3,3,7,1,3,0,0,0,0,0,6,0,6,8,6,0,0,2,0,0,2,8,1,0,2,0,1,8,0,2,0,12,0,0,6,4,2,1,3,0,0,4,6,0,7,2,1,0,0,0,2,0,0,0,0,4,0,3,0,0,0,0,1
2,30,0,0,5,1,0,6,1,24,3,0,12,23,30,6,10,8,1,1,7,0,34,2,22,43,10,20,2,45,28,0,7,14,9,0,29,0,8,22,0,83,29,22,0,1,10,18,1,6,27,2,1,8,19,1,25,1,7,0,0,5,34,3,1,5,1,24,5,21,0,2,1,1,115
0,3,0,0,0,2,0,3,0,10,0,0,12,18,10,1,3,1,0,1,1,0,16,0,11,9,6,3,0,0,0,1,2,11,0,0,2,0,2,8,0,0,0,12,0,1,8,3,0,0,4,2,5,3,3,0,11,1,1,0,0,0,4,3,0,3,0,8,3,2,0,0,0,2,0
0,9,0,0,0,4,0,5,0,3,0,0,0,9,5,1,2,1,0,0,37,0,11,0,6,9,2,2,0,0,0,0,0,7,3,0,5,1,4,11,0,6,0,2,0,1,4,2,0,0,3,1,0,5,4,0,12,1,1,0,0,2,1,2,0,1,0,6,8,1,1,0,0,0,0
1,7,0,0,0,5,0,0,0,7,1,0,6,13,15,3,4,0,0,2,32,0,16,1,15,9,6,3,1,0,0,0,3,5,2,0,10,0,12,14,0,25,0,10,0,1,6,5,0,1,5,0,3,6,5,0,8,1,3,0,0,0,5,2,0,1,0,14,31,2,0,0,0,0,2
0,0,0,0,0,2,0,0,0,0,0,0,3,2,0,0,3,0,0,0,9,0,3,0,3,1,2,1,0,0,0,0,0,2,1,1,2,0,3,1,0,5,0,0,0,0,0,2,0,1,2,2,2,1,1,0,2,0,0,0,0,1,1,0,0,0,1,2,3,0,0,0,0,0,0
0,0,0,0,0,3,0,5,0,19,1,0,0,11,7,0,6,2,0,5,0,0,5,1,6,7,0,2,0,0,0,0,5,8,0,0,4,0,2,10,0,0,0,5,0,1,5,0,2,0,6,0,0,9,3,0,6,0,1,0,0,0,5,1,0,2,0,7,0,0,1,0,0,0,0
0,0,0,0,0,0,0,1,0,13,0,0,0,2,2,0,0,0,0,0,0,0,2,0,0,2,0,1,0,0,0,0,1,1,0,0,2,0,0,1,0,0,0,0,0,0,9,0,0,0,1,0,0,0,0,0,1,0,0,0,0,0,1,0,0,0,0,0,0,0,0,0,0,0,0
0,4,0,0,1,1,0,2,1,0,0,0,0,1,5,0,2,1,0,0,0,0,3,0,7,4,0,0,0,1,0,0,0,1,3,1,3,0,0,3,0,2,1,5,0,0,0,2,0,0,3,0,0,1,1,0,4,1,0,0,0,0,3,1,0,0,0,6,0,2,0,0,0,1,0
0,3,0,1,0,5,0,1,0,16,0,0,13,9,9,4,2,2,0,0,0,0,11,0,5,13,4,1,0,0,0,0,4,4,1,0,3,0,2,8,0,0,0,12,0,1,13,8,0,4,6,1,8,4,2,0,5,1,3,1,0,0,8,0,1,1,0,12,0,3,0,0,0,1,0
0,22,0,0,0,5,0,3,0,11,0,1,14,13,26,7,13,3,0,2,1,1,32,0,22,25,7,9,0,0,0,0,4,13,2,0,75,0,11,10,1,0,0,15,0,0,2,22,0,8,8,3,13,10,5,0,12,1,6,0,0,1,7,4,1,4,0,31,39,9,0,0,1,0,1
0,7,0,0,0,0,0,1,0,0,0,0,21,4,5,3,6,0,0,0,0,0,4,0,4,6,3,1,0,0,0,0,0,3,0,0,2,0,0,7,0,0,0,5,0,0,0,3,0,5,3,0,12,3,0,1,4,0,3,0,0,0,6,0,0,2,0,4,0,0,0,0,0,0,0
0,5,0,0,4,0,0,1,0,2,1,0,0,1,6,2,6,2,0,0,0,0,1,0,4,13,2,2,0,2,2,0,1,2,1,0,6,0,2,6,0,19,6,4,0,0,2,0,0,1,0,0,0,2,6,0,7,0,3,0,0,0,11,2,0,3,0,14,1,0,0,0,0,0,3
1,3,0,0,1,0,0,0,0,0,0,0,0,3,2,0,3,1,0,1,1,0,2,0,5,5,1,0,0,2,0,0,0,0,1,0,0,0,2,4,0,0,1,3,0,0,1,2,0,0,0,0,0,3,1,0,2,0,1,0,0,0,2,0,0,1,0,3,3,0,0,0,0,0,0
0,0,0,0,0,0,0,0,0,0,1,0,1,1,1,0,0,0,0,0,0,0,1,0,4,2,2,0,0,0,0,0,0,0,0,0,0,0,0,3,0,0,0,0,0,0,1,0,0,2,1,0,0,1,0,0,0,0,0,0,0,0,0,1,0,0,0,5,0,0,0,0,0,0,0
0,9,0,0,0,0,0,1,0,0,1,0,7,7,5,2,1,2,0,0,1,0,6,0,6,11,4,3,0,0,1,0,1,3,2,0,8,0,5,6,0,0,0,11,0,0,0,2,0,3,1,0,6,5,3,0,4,0,1,0,2,0,2,1,0,0,0,9,3,6,0,0,0,0,0
0,3,0,0,0,1,0,0,0,0,0,0,0,2,8,1,0,0,0,2,0,0,3,0,4,5,3,3,0,0,0,0,0,3,2,0,3,0,1,1,2,1,0,0,0,1,0,1,0,0,2,0,0,3,3,0,3,0,0,0,0,0,3,0,0,1,0,6,3,2,0,0,0,0,0
0,0,0,0,0,0,0,0,0,0,0,0,18,11,7,0,2,0,0,1,0,0,5,0,7,5,3,3,0,0,0,0,0,4,1,0,0,0,1,0,0,0,0,3,0,0,0,2,1,0,5,1,8,1,1,0,2,0,2,0,0,0,3,0,0,0,0,1,0,1,0,2,0,3,0
0,4,0,0,0,0,0,0,0,0,0,0,31,2,1,1,0,0,0,0,0,0,0,0,2,5,1,0,0,0,0,0,0,1,0,0,0,0,1,1,0,0,0,2,0,0,0,0,0,3,3,0,19,2,1,0,2,0,0,0,0,0,0,0,0,0,0,2,0,3,0,0,0,2,0
0,5,0,1,0,2,0,1,0,0,0,0,2,11,9,2,1,0,0,0,0,0,13,1,9,16,8,1,0,1,0,0,0,8,3,0,37,0,3,4,1,1,0,5,0,0,0,4,0,0,1,1,1,4,4,0,6,1,0,0,0,1,3,2,0,1,1,10,25,2,0,0,0,0,0
0,0,0,0,0,0,0,0,0,0,0,0,0,1,0,0,0,0,0,0,0,0,0,0,0,0,0,0,0,0,0,0,0,1,0,0,1,0,0,0,0,0,0,1,0,0,0,0,0,0,0,0,0,1,0,0,0,0,0,0,0,0,0,0,0,0,0,1,0,0,0,0,0,0,0
