0.2,0.12903,0.5,0.5,0.96698,0.085561,0.34375,0.42857,0.17891,0.88696,0.5,0.12603,0.088643,0.070122,0.22013,0.083333,0.23077,0.15385,0.97147,1,0.083333,0.9403,0.085427,0.11253,0.69556,0.44906,0.33333,0.87465,0.47368,1,0.20833,0.090909,0.85106,0.33333,0.3134,0.41463,0.13441,0.13928,0.67826,0.63955,0.47471,0.16667,1,0.98842,0.13462,0.13147,0.61538,0.1236,0.32506,0.22973,0.1105,0.092486,0.21675,0.33333,0.14908,0.15789,0.7795,1,0.1875,0.99172,0.13278,0.135,1,0.47525,0.64706,0.074519,0.41695,0.13068,0.5,0.18182,0.4,0.13636,0.95045
0.52731
0,1,0,0,0,4,3,1,0,0,0,19,11,7,2,11,4,0,0,0,14,0,11,8,3,8,0,0,0,0,0,10,0,0,3,0,1,17,0,0,0,11,0,1,1,11,0,5,5,5,10,3,2,0,11,1,3,0,0,0,6,4,0,1,0,9,0,2,1,1,2,0,0
0,1,0,0,1,8,2,0,56,2,0,4,7,13,7,6,3,1,0,0,12,0,11,14,4,2,0,0,50,0,10,11,2,0,4,1,3,12,1,0,86,12,0,0,21,6,0,4,13,2,5,2,7,0,15,2,5,0,1,0,3,0,0,4,0,13,0,23,0,1,0,3,0
0,3,0,0,0,4,0,0,1,1,0,0,7,5,6,8,2,0,0,0,6,0,7,9,2,4,0,0,0,0,1,11,1,0,2,0,4,15,1,0,2,6,0,0,0,9,0,0,6,2,0,1,0,0,8,0,0,0,0,0,3,4,0,0,0,8,0,2,1,0,1,0,0
0,1,0,0,0,9,5,0,2,0,0,41,9,2,1,7,1,2,0,0,9,0,7,5,2,5,0,0,0,0,0,9,2,0,0,0,1,10,0,0,0,12,0,0,0,5,0,0,7,1,15,4,1,0,6,0,0,0,0,0,5,7,0,0,0,5,0,4,0,1,1,3,0
0,1,0,0,0,4,1,0,0,0,0,0,3,2,1,5,0,0,0,0,9,0,4,5,0,5,0,0,0,0,0,3,0,0,0,0,1,3,0,0,0,5,0,0,0,1,0,0,4,3,0,1,2,0,3,0,0,0,0,0,2,1,0,2,0,5,0,3,0,0,1,0,0
0,1,0,0,1,1,2,0,0,0,0,0,9,8,3,2,3,0,0,0,1,0,6,6,2,3,0,0,0,0,0,5,0,0,1,0,3,6,0,0,0,12,0,0,1,5,0,0,1,2,0,2,1,0,10,0,0,0,0,0,3,3,0,0,0,6,0,0,0,0,0,2,0
0,1,0,0,0,8,1,0,16,0,0,0,6,11,1,11,1,0,0,0,8,0,10,6,5,4,0,0,2,0,0,15,0,0,2,0,1,11,0,0,1,14,0,0,8,7,0,0,7,5,0,3,0,0,16,0,0,0,0,0,3,4,1,2,0,14,0,6,0,0,0,2,0
0,0,0,0,1,1,0,0,0,0,0,0,0,0,0,1,0,0,0,0,0,0,1,0,0,0,0,0,0,0,0,0,0,0,0,0,0,0,0,0,0,0,0,0,0,0,0,0,1,0,0,0,0,0,2,0,0,0,0,0,1,1,0,0,0,1,0,0,0,0,0,0,0
2,9,0,0,0,9,6,0,9,5,0,10,12,15,9,13,2,1,13,0,15,1,22,19,4,10,0,2,1,0,1,5,1,0,10,17,4,11,0,22,3,13,0,0,4,9,1,8,19,1,7,12,8,0,19,1,4,0,0,3,10,7,0,1,4,15,1,5,0,1,0,0,23
0,1,0,0,0,0,0,0,0,0,0,0,3,4,0,1,1,0,0,0,2,0,3,6,1,1,0,0,0,0,0,1,0,0,2,0,0,6,0,0,0,2,0,0,0,1,0,0,2,0,0,2,4,0,6,0,1,0,0,0,5,7,0,0,0,2,0,0,0,1,0,0,0
0,0,0,0,0,0,0,0,0,1,0,0,1,0,0,1,0,0,0,0,2,0,2,0,0,0,0,1,0,0,0,0,0,0,0,0,0,0,0,5,0,0,0,0,1,1,0,0,3,0,1,0,1,0,4,0,2,0,0,0,0,0,0,0,0,2,0,4,0,0,0,0,1
0,3,0,0,0,0,0,0,3,0,0,0,1,2,2,2,0,0,0,0,0,0,4,5,2,3,0,0,8,0,0,3,0,0,0,0,1,1,0,1,10,3,0,0,1,2,0,0,1,1,0,1,1,0,3,1,0,0,0,0,0,2,0,0,0,7,0,6,0,0,0,0,0
0,0,0,0,0,1,0,0,2,0,0,2,1,3,1,0,0,0,0,0,0,0,2,1,1,1,0,0,0,0,0,3,0,0,0,0,0,2,0,0,0,3,0,0,0,0,0,0,0,0,0,0,0,0,2,0,0,0,0,0,1,1,0,0,0,2,0,0,0,0,0,0,0
0,6,1,0,0,9,2,0,10,0,0,3,10,14,2,8,4,0,0,0,12,0,13,13,2,9,0,0,2,0,1,11,1,0,7,0,1,6,0,0,2,7,0,0,4,10,1,4,9,2,0,7,3,0,11,2,2,0,0,0,6,2,0,5,0,8,0,6,0,0,0,1,0
0,0,0,0,0,1,3,0,0,0,0,0,4,2,1,7,2,1,0,0,1,0,4,3,0,3,0,0,0,0,0,2,1,0,0,0,2,5,0,0,0,3,0,0,0,1,0,0,0,0,0,0,1,0,1,0,0,0,0,0,1,12,0,0,0,3,0,1,0,0,0,0,0
0,0,0,0,0,1,0,0,1,0,0,5,2,2,0,2,0,0,1,0,1,0,3,0,0,0,0,0,0,0,0,2,0,0,3,1,0,1,0,0,0,5,0,0,0,2,0,0,1,0,1,1,2,0,2,0,0,0,0,0,1,1,0,0,0,1,1,1,0,0,0,0,0
0,0,0,0,1,0,0,0,0,1,0,3,3,1,2,1,0,0,2,0,2,0,2,1,0,0,0,1,0,0,1,1,0,0,5,0,0,1,0,3,1,0,0,0,2,0,0,0,0,1,5,0,0,0,1,0,0,0,0,0,0,0,0,0,1,3,2,0,0,0,0,0,2
2,2,0,0,3,9,1,3,2,1,2,46,21,20,5,8,7,0,0,0,9,0,15,10,2,2,1,0,0,0,0,15,0,0,16,0,1,14,0,0,1,22,0,1,2,4,0,9,9,2,20,9,5,0,6,0,3,0,1,0,32,7,0,1,0,17,0,2,0,1,0,1,0
1,7,0,0,0,2,1,0,0,0,0,0,5,6,3,4,3,0,0,0,9,0,12,8,6,1,0,0,0,0,0,14,0,0,4,0,7,5,0,0,0,7,0,0,0,11,0,1,11,1,0,6,2,0,8,0,0,0,0,0,7,3,0,2,0,19,0,4,0,0,0,0,0
1,3,0,0,0,13,0,0,0,1,0,0,10,9,4,7,3,0,0,0,7,0,12,10,0,4,0,3,1,0,0,4,1,0,4,0,5,4,24,2,1,15,0,0,2,4,0,0,3,0,0,8,3,0,7,0,0,0,0,0,18,7,0,3,0,14,0,7,0,0,0,0,0
0,0,0,0,0,0,0,0,5,0,0,6,2,1,0,1,0,0,0,0,1,0,0,3,1,0,0,0,0,0,1,0,0,0,0,0,1,0,0,0,0,0,0,0,1,0,0,0,0,0,3,0,1,0,1,0,0,0,0,0,0,0,0,0,0,3,0,1,0,0,0,0,0
0,16,0,0,410,16,8,1,17,204,1,35,32,17,35,23,33,3,1294,0,21,189,29,38,313,119,0,628,10,0,7,32,200,1,106,8,19,50,78,177,23,73,0,512,7,17,8,6,131,17,16,9,27,0,65,2,251,1,3,599,18,27,0,48,4,31,87,13,0,2,0,1,2839
1,4,0,0,1,1,0,0,0,0,0,2,3,1,1,4,3,0,0,0,4,0,2,5,0,2,0,1,0,0,0,6,0,0,2,0,4,4,0,0,1,3,0,0,0,2,0,5,5,1,3,1,3,0,1,0,3,0,1,0,1,1,0,0,0,7,0,1,0,0,0,0,0
0,10,0,1,0,5,1,0,7,1,0,19,9,18,3,6,7,3,0,0,13,0,12,18,11,4,0,0,0,1,0,12,2,0,7,1,5,14,0,0,0,10,0,0,3,9,0,2,10,3,13,6,6,0,18,1,1,0,0,0,4,5,0,2,0,16,0,1,0,0,0,0,0
0,14,0,0,0,7,1,0,20,0,0,4,7,9,5,8,2,0,0,0,16,0,14,14,6,9,0,0,0,0,2,10,0,0,6,0,10,5,0,1,0,12,0,0,7,6,0,2,12,3,3,7,8,2,13,1,0,0,1,0,6,4,0,2,0,13,0,4,0,0,0,0,0
1,14,0,0,0,7,1,0,35,2,0,25,11,16,6,13,7,1,0,0,8,0,20,11,13,3,0,0,0,0,3,19,3,0,13,0,21,11,0,0,0,14,0,0,11,5,0,5,17,2,16,3,17,0,13,0,5,0,0,0,5,7,0,3,0,23,1,12,0,0,0,2,0
0,2,0,0,0,0,0,0,0,0,0,5,5,2,2,1,0,0,0,0,1,0,2,2,1,2,0,0,0,0,0,3,0,0,4,0,0,1,0,0,0,1,0,0,0,0,0,3,1,0,0,1,1,0,1,0,0,0,0,0,3,7,0,1,0,2,0,2,0,0,0,1,0
0,1,0,0,0,4,0,0,7,1,0,2,8,4,3,8,2,0,1,0,7,0,7,5,1,1,0,0,2,0,3,5,0,0,2,0,4,8,0,12,0,8,0,0,14,4,0,2,5,2,0,2,4,0,5,0,0,0,0,0,5,3,0,0,0,9,0,3,0,0,0,0,0
0,24,0,1,6,10,33,1,29,7,0,17,29,23,14,23,10,1,14,0,27,9,22,44,15,15,0,67,72,0,2,22,10,0,21,11,25,39,0,456,122,32,0,3,11,24,2,3,43,1,10,16,44,2,60,3,4,0,3,2,32,16,0,4,22,31,14,19,0,1,0,1,117
0,0,0,0,0,8,2,0,16,0,0,6,15,2,1,8,5,4,0,0,13,0,8,11,2,6,0,0,0,0,0,10,1,0,5,0,3,10,0,0,0,11,0,0,6,7,1,0,6,2,5,4,4,0,16,0,0,0,0,0,3,7,0,2,0,10,0,1,0,0,0,1,0
0,2,0,0,0,6,0,0,5,0,1,0,16,4,3,7,1,0,3,0,8,0,5,6,3,2,0,0,0,0,1,12,0,1,3,0,8,4,0,0,0,7,0,0,1,3,0,0,6,1,0,5,4,0,6,0,0,0,1,0,1,6,0,0,0,9,0,5,0,0,0,1,1
1,1,0,0,0,10,1,0,10,0,0,5,10,12,6,4,6,1,2,1,14,0,16,8,5,4,1,1,0,0,0,17,0,0,3,2,9,15,0,2,0,12,0,0,4,2,0,1,10,0,1,7,9,0,10,1,0,0,1,0,0,3,0,1,1,18,2,3,0,0,0,0,1
0,0,0,0,0,1,0,0,0,0,0,1,3,1,1,1,1,1,0,0,3,0,0,0,3,2,0,0,0,0,0,2,0,0,1,0,6,4,0,0,0,0,0,0,0,3,0,0,0,0,3,1,0,0,4,0,0,0,0,0,0,2,0,1,0,4,0,0,0,0,0,0,0
0,2,0,0,0,3,8,0,13,0,0,0,9,8,2,5,2,2,0,0,9,0,10,11,1,2,0,0,0,0,7,5,0,0,2,0,1,7,0,0,0,8,0,1,7,4,0,0,3,2,0,8,4,0,9,0,0,0,1,0,3,5,0,2,0,4,0,4,0,0,0,0,0
0,0,0,0,0,1,1,0,14,0,0,0,4,3,0,5,2,0,0,0,5,0,2,1,3,0,0,0,0,0,0,1,0,0,1,0,0,0,0,0,0,2,0,0,7,0,0,0,2,0,0,0,0,0,1,0,0,0,0,0,0,0,0,0,0,2,0,0,0,0,0,0,0
0,2,0,0,0,0,0,0,0,0,0,0,5,7,2,3,0,0,0,0,3,1,4,5,5,0,1,2,0,0,0,4,0,0,3,0,2,2,0,2,0,5,0,0,1,4,0,0,4,0,0,1,1,0,2,0,0,0,0,0,3,4,0,2,0,5,0,2,0,0,0,0,0
0,3,0,0,0,4,2,0,20,0,0,11,15,7,3,7,2,1,0,0,7,0,13,7,4,1,0,0,0,0,1,9,0,0,4,0,0,5,0,0,0,6,1,0,17,5,0,4,5,1,4,2,1,0,7,0,8,0,0,0,8,4,0,3,0,11,0,1,0,0,0,1,0
0,15,0,0,0,4,6,0,11,1,0,21,19,21,7,16,7,1,0,0,22,0,34,30,9,6,0,2,2,0,7,17,1,0,152,0,7,14,4,0,0,30,0,0,8,33,0,4,13,3,7,15,5,3,22,2,9,0,0,0,9,3,0,3,1,28,123,9,0,1,0,0,0
1,6,0,0,0,1,0,0,0,0,0,17,3,5,5,3,4,0,0,0,3,0,4,8,2,0,0,0,0,0,0,4,1,0,10,0,1,2,0,0,0,10,0,0,0,5,0,7,2,0,7,4,0,0,2,0,18,0,0,0,6,11,0,1,0,3,0,2,0,0,0,1,0
0,7,0,0,0,1,0,0,1,1,0,1,6,6,3,5,4,1,1,0,3,0,3,10,4,0,0,6,1,0,0,5,0,0,9,0,6,8,0,23,2,5,0,0,3,5,0,0,4,0,0,3,6,0,7,0,0,0,0,0,7,0,0,0,1,5,3,1,0,1,0,0,3
0,1,0,0,0,1,1,1,0,1,0,0,3,1,1,3,1,0,0,0,2,0,1,4,1,1,0,2,1,0,0,4,0,0,4,0,1,3,4,4,2,3,0,0,1,3,0,0,4,0,0,3,3,0,2,2,0,0,0,0,0,0,0,1,0,1,4,2,0,0,0,0,0
0,1,0,0,0,2,2,0,0,0,0,2,1,3,0,1,2,1,0,0,0,0,1,1,0,1,0,0,0,0,0,3,0,0,1,0,1,2,0,0,0,1,0,0,0,0,0,0,1,1,0,0,1,0,5,0,2,0,0,0,0,0,0,0,0,1,0,0,0,0,0,0,0
0,8,0,0,0,0,0,0,1,0,0,12,7,9,3,3,1,0,0,0,4,0,15,6,5,8,0,0,0,0,0,6,1,0,6,0,7,6,0,0,0,7,0,0,0,5,0,11,2,0,4,6,7,0,5,0,1,0,1,0,3,2,0,2,0,6,0,6,0,0,0,1,0
0,2,0,0,0,2,1,0,0,0,0,0,1,3,0,1,2,1,1,0,4,1,2,1,0,2,0,0,0,0,0,7,1,1,2,0,3,2,0,3,0,6,0,0,0,4,0,0,4,0,1,0,2,1,9,0,0,0,0,0,7,3,0,0,0,2,2,1,0,0,0,0,0
0,0,1,0,0,6,0,0,0,0,0,21,7,8,0,3,2,0,0,0,2,0,4,2,1,6,0,0,0,0,0,4,2,0,3,0,2,6,0,0,0,5,0,0,0,3,0,0,6,3,11,0,0,0,2,0,0,0,0,0,1,1,0,0,0,6,0,1,0,0,0,0,0
0,2,0,0,0,2,0,0,0,0,0,18,0,1,1,2,1,0,0,0,0,0,9,3,1,1,0,0,0,0,0,2,2,0,1,0,3,3,0,0,0,0,0,0,0,0,0,3,0,1,9,3,0,0,2,0,0,0,1,0,2,1,0,1,0,3,0,2,0,0,0,0,0
0,9,0,0,0,1,1,0,0,0,0,2,6,10,2,6,0,0,0,0,2,0,8,8,4,3,0,2,0,0,0,6,1,0,49,0,1,3,3,0,0,14,0,0,0,9,0,0,5,3,1,3,2,1,7,0,0,0,1,0,7,5,0,1,0,8,55,4,0,0,0,0,0
0,0,0,0,0,0,0,0,0,0,0,0,0,0,0,1,0,0,0,0,3,0,0,0,0,0,0,0,0,0,0,0,1,0,2,0,1,1,0,0,0,1,0,0,0,0,0,0,0,0,0,1,0,0,0,0,0,0,0,0,0,0,0,0,0,1,0,0,0,0,0,0,0
