0.375,0.12132,0.66667,0.25,0.98545,0.08,1,0.14516,0.4,0.18919,0.95231,0.33333,0.17662,0.07855,0.10306,0.16901,0.10059,0.22727,0.5,0.15789,0.89111,1,0.073394,0.81818,0.12842,0.085878,0.33613,0.41885,0.44444,0.91655,0.55446,1,0.13187,0.093333,0.90593,0.33333,0.23926,0.4,0.098684,0.12903,0.61765,0.47112,0.41176,0.078313,1,0.98258,0.2028,0.084416,0.21429,0.15385,0.42577,0.068182,0.12,0.086735,0.12245,0.5,0.21865,0.13043,0.73765,1,0.2,0.95946,0.14732,0.085714,0.25,0.54472,0.25,0.082888,0.20536,0.1145,0.33333,0.22222,0.28571,0.14286,0.9383
0.56257
2,0,0,1,0,5,0,2,1,0,0,0,17,12,12,0,4,0,0,0,0,0,12,0,9,20,8,1,0,0,1,0,0,8,2,0,7,0,1,11,1,0,0,11,0,0,0,3,1,5,3,1,14,2,4,0,12,0,4,0,0,0,2,1,0,3,0,11,0,0,0,0,2,0,0
1,5,0,0,1,3,0,0,1,49,0,0,4,3,8,0,8,3,0,1,0,0,14,1,12,25,5,3,0,0,56,0,12,6,3,0,2,0,6,7,0,0,49,11,0,0,29,6,2,4,15,2,4,1,7,0,8,2,6,0,1,0,3,6,0,1,0,13,0,5,0,0,0,1,0
0,3,0,0,0,0,0,2,0,1,0,0,0,6,8,1,4,0,0,0,0,0,5,0,5,16,3,3,1,0,1,0,0,5,0,0,2,0,1,7,0,0,0,7,0,0,0,3,1,0,8,1,1,1,3,0,9,0,0,0,0,0,5,1,0,1,0,13,1,4,0,0,0,0,0
0,1,0,0,0,2,0,4,0,0,0,0,28,13,13,0,5,2,0,4,0,0,10,0,5,9,3,3,0,0,0,0,0,3,1,0,3,0,4,6,0,0,0,13,0,2,2,0,0,0,3,2,16,2,2,0,5,1,0,0,0,0,5,1,0,5,0,4,0,0,1,2,0,2,0
1,2,0,0,0,0,0,0,0,0,1,0,0,1,5,2,2,0,0,0,0,0,8,0,5,10,2,1,0,0,1,0,0,2,0,0,1,0,2,3,1,0,0,3,0,0,0,0,0,0,0,3,1,4,4,0,1,0,1,0,0,0,2,2,0,1,0,4,0,0,0,0,0,0,0
0,3,0,0,1,0,0,0,0,0,0,0,1,4,3,0,1,2,0,2,0,0,5,0,4,12,1,1,0,0,0,0,0,6,0,0,1,0,5,4,0,1,0,7,0,0,0,4,0,0,8,0,0,2,2,0,1,0,2,0,0,0,2,1,0,0,0,6,0,1,0,0,0,0,0
0,2,0,0,0,4,0,0,0,18,0,0,0,10,10,2,8,3,0,0,0,0,18,0,11,6,3,6,1,0,0,0,2,5,0,0,6,0,5,5,0,0,1,8,0,0,9,9,0,0,9,2,0,2,2,0,12,0,0,0,0,0,3,3,0,2,0,15,0,6,0,1,0,0,0
0,1,0,0,1,0,0,1,0,0,0,0,0,0,0,0,0,0,0,0,0,0,0,0,0,1,0,0,0,0,0,0,0,0,1,0,0,0,0,1,0,0,0,0,0,0,0,0,0,0,0,0,0,1,0,0,0,0,0,0,0,0,0,0,0,0,0,0,0,0,0,0,0,0,0
1,18,0,0,1,2,0,2,0,5,3,0,13,9,15,3,9,2,0,1,16,0,18,0,19,19,3,1,0,1,0,0,3,6,3,0,13,0,10,16,0,21,1,11,0,0,5,7,2,8,9,1,2,10,8,0,8,0,7,0,0,7,10,0,0,4,0,22,8,11,0,1,0,0,13
0,3,0,0,0,0,0,0,0,0,0,0,0,3,3,0,2,0,0,0,0,0,2,0,2,4,2,0,0,0,0,0,0,1,0,0,3,0,0,2,0,0,0,3,0,0,0,1,0,0,2,0,0,4,1,0,4,0,0,0,0,0,6,0,0,0,0,2,0,0,0,0,0,0,0
0,3,0,0,1,1,0,0,0,0,6,0,0,0,0,0,0,0,0,1,0,0,2,0,1,0,1,2,0,1,0,0,2,0,0,0,0,0,1,0,0,5,0,2,0,0,1,1,0,0,0,0,0,1,1,0,0,0,0,0,0,0,0,0,0,0,0,1,0,1,0,0,0,0,1
0,3,0,0,0,0,0,0,0,3,0,0,0,2,4,1,1,1,0,0,1,0,5,0,5,6,1,1,0,1,6,0,3,1,0,0,0,0,2,0,0,0,12,5,0,0,0,1,0,0,3,0,0,3,2,0,1,0,0,0,0,0,4,0,0,0,0,2,0,1,0,0,0,0,0
0,1,0,0,0,0,0,0,0,2,0,0,5,0,3,0,0,0,0,0,0,0,2,0,0,1,1,0,0,0,0,0,3,1,0,0,0,0,2,0,0,0,0,2,0,0,1,2,0,0,1,0,2,0,1,0,0,0,0,0,0,0,1,0,0,0,0,1,0,1,0,0,0,0,0
0,12,0,0,0,5,0,0,0,8,1,0,5,10,11,4,8,2,0,0,0,0,15,0,8,15,3,4,0,0,1,0,1,10,1,0,4,0,3,2,0,1,3,5,0,0,3,5,1,2,10,2,2,6,9,0,6,1,2,0,1,1,4,0,0,1,1,11,0,7,0,1,0,0,0
0,0,0,0,0,0,0,2,0,0,0,0,0,3,4,0,3,0,0,1,0,0,4,0,3,5,0,0,0,0,0,0,0,0,0,0,2,0,4,5,0,0,0,5,0,0,0,0,0,0,1,0,0,1,0,1,2,1,0,0,0,0,0,1,1,0,0,5,1,1,0,0,0,0,0
0,0,0,0,0,0,0,0,0,0,0,0,6,0,0,0,1,0,0,0,17,0,2,0,3,2,0,2,0,0,0,0,0,0,0,0,2,0,2,1,0,6,0,2,0,0,0,0,0,0,0,1,0,1,2,0,0,0,0,0,0,0,1,0,0,1,0,2,5,1,0,0,0,0,1
0,1,0,0,1,0,0,1,0,3,0,0,4,2,1,2,0,1,0,0,3,0,1,0,0,0,2,0,0,1,0,0,0,1,0,0,2,0,0,0,0,2,0,1,0,0,0,0,0,0,1,0,3,0,1,0,0,0,0,0,0,0,0,1,0,0,0,1,5,0,0,0,0,0,0
6,6,0,0,2,2,0,0,2,2,5,1,68,13,12,3,4,1,0,1,1,0,16,0,9,18,12,3,0,0,0,0,1,3,1,0,11,0,3,7,0,0,0,11,0,0,1,3,0,3,12,1,27,12,5,0,7,1,0,0,0,1,18,3,1,2,0,20,1,1,0,0,0,1,0
0,4,0,0,0,3,0,2,0,0,0,0,0,5,9,6,2,1,0,0,1,0,7,0,6,19,5,3,1,0,0,0,0,7,0,0,3,0,5,4,0,0,0,7,0,0,1,5,0,1,4,1,1,5,8,0,9,0,2,0,0,0,5,1,0,0,0,10,2,4,0,0,0,1,0
0,2,0,0,0,1,0,4,0,0,0,0,0,12,6,4,3,6,0,0,1,0,7,0,4,5,6,2,0,0,0,0,0,8,1,0,1,0,3,5,5,0,1,12,0,0,0,3,0,0,0,1,0,7,0,0,4,0,2,0,0,0,3,1,0,2,0,12,0,5,0,0,0,0,1
0,2,0,0,0,2,0,0,0,2,0,0,3,1,2,0,0,0,0,0,0,0,0,0,0,0,0,0,0,0,0,0,1,1,1,0,0,0,0,0,0,0,0,1,0,0,1,0,0,0,0,0,7,1,0,0,0,0,0,0,0,0,0,0,0,0,0,0,0,1,0,0,0,0,0
1,29,0,1,1287,4,0,9,0,14,679,0,24,25,23,12,16,20,0,5,1383,0,20,9,47,45,80,80,4,637,8,0,11,21,443,0,39,2,7,32,21,155,10,26,0,564,4,13,2,14,152,3,20,17,24,0,68,1,239,0,1,426,22,5,0,67,0,24,46,13,1,2,1,2,2783
0,1,0,0,0,0,0,1,0,0,2,0,4,5,7,0,1,1,0,0,1,0,5,0,7,9,2,1,0,0,1,0,0,3,0,0,0,0,4,2,0,0,2,3,0,0,0,1,0,4,3,0,5,4,3,0,9,1,5,0,0,0,2,0,0,0,0,3,3,0,0,0,0,0,0
0,11,0,1,0,3,0,1,0,4,0,1,28,10,13,1,7,1,0,1,0,0,13,0,13,27,10,5,1,0,0,0,4,7,3,0,2,2,8,5,0,2,0,8,0,2,3,7,0,0,10,3,21,4,4,0,6,0,3,0,0,0,6,6,0,1,0,14,0,5,0,0,0,0,0
0,14,0,0,0,2,0,1,0,8,1,0,4,12,18,2,7,3,0,1,2,0,16,0,14,18,4,5,0,0,0,0,2,4,2,0,8,0,4,3,0,0,0,7,0,1,5,7,1,1,3,1,2,6,5,0,6,3,1,0,0,0,6,5,0,1,0,13,4,3,0,0,0,0,1
0,30,2,0,0,4,0,1,0,22,1,0,23,7,12,3,7,3,0,1,6,0,19,0,13,22,7,4,0,0,0,1,4,8,2,0,17,0,15,5,0,0,0,13,0,0,12,8,0,5,12,0,12,6,22,0,12,0,9,0,0,0,6,1,1,4,0,9,35,5,1,0,0,1,0
0,3,0,0,0,0,0,0,0,0,1,0,1,1,2,0,1,1,0,0,0,0,1,0,5,3,0,0,0,1,0,0,0,0,0,0,1,0,1,1,0,0,0,1,0,0,0,1,0,3,0,0,0,3,2,0,1,0,1,0,0,0,6,0,0,0,0,4,0,1,0,0,0,0,0
0,4,0,0,1,6,0,0,0,9,1,0,1,2,9,3,6,1,0,1,0,0,11,0,10,3,3,3,0,2,1,0,3,4,0,0,6,0,2,5,0,5,0,6,0,0,5,2,0,0,1,0,3,3,5,0,4,1,2,0,0,0,3,0,0,0,0,8,0,2,0,0,0,2,0
0,33,0,0,1,5,1,3,0,25,1,0,9,26,26,4,17,9,0,2,10,0,32,1,32,38,19,9,1,45,18,0,9,15,7,1,27,0,9,21,0,84,36,22,0,1,12,6,3,5,37,2,6,14,14,1,23,3,10,0,0,3,33,5,0,5,0,19,14,15,0,0,1,0,156
0,2,1,0,1,2,0,4,0,14,2,0,8,11,4,1,1,1,0,2,0,0,11,0,9,11,1,8,0,0,0,0,6,6,1,0,4,0,0,5,0,0,0,12,0,1,3,7,0,0,3,1,3,6,5,0,6,0,0,0,0,0,4,4,0,2,0,7,2,2,0,0,0,0,0
1,5,0,0,0,3,0,2,1,5,0,0,0,11,4,3,3,0,0,3,40,0,8,0,9,10,1,4,0,0,0,0,2,9,2,0,7,0,5,3,0,2,0,9,0,0,5,2,0,0,3,2,0,7,1,0,8,1,3,0,0,1,2,1,0,1,0,12,6,2,0,0,0,0,2
2,4,0,0,0,2,0,0,0,12,0,0,4,5,10,2,2,3,0,6,51,0,23,0,16,11,9,1,0,0,0,0,2,11,3,1,8,0,4,5,0,19,0,9,0,1,6,6,0,0,6,0,3,6,9,0,10,2,0,0,0,2,3,2,0,3,0,14,22,3,0,0,0,0,0
0,2,0,0,0,0,0,1,0,0,0,0,1,1,1,1,1,0,0,0,17,0,7,0,5,0,0,4,0,0,1,0,1,3,1,0,3,1,4,3,0,3,0,0,0,0,1,0,0,0,1,1,1,3,2,0,4,1,0,1,0,0,2,2,0,1,1,3,5,1,0,0,0,0,0
0,1,0,0,0,1,0,3,0,16,0,1,0,6,9,1,5,0,0,2,0,0,20,0,10,11,3,6,0,0,0,0,7,8,1,0,1,0,3,11,0,0,0,10,0,0,6,1,0,0,5,0,0,4,2,0,5,0,2,0,0,0,1,3,0,1,0,6,1,3,0,0,0,0,0
0,0,0,0,0,0,0,2,0,11,0,0,0,3,0,0,1,0,0,0,0,0,5,0,0,8,1,1,0,0,0,0,4,1,0,0,0,0,0,0,0,0,0,1,0,0,9,1,0,0,0,2,0,0,0,0,1,0,0,0,0,0,0,0,0,0,0,1,0,1,0,0,0,0,0
0,5,0,0,1,0,0,0,0,0,2,0,0,6,3,0,1,0,0,0,0,0,3,0,4,7,4,1,0,0,0,0,0,1,0,0,6,0,0,2,0,3,0,1,0,0,0,2,0,0,1,1,0,1,2,0,4,0,0,0,0,0,11,1,0,0,0,3,0,3,0,0,0,0,0
0,0,0,0,0,6,0,1,0,15,0,0,12,11,11,0,5,3,0,0,0,0,16,0,7,12,6,3,0,0,0,0,6,5,0,1,6,0,2,5,0,0,0,9,0,1,10,1,1,4,6,0,5,10,5,0,9,1,1,0,0,2,7,2,0,0,0,8,0,1,0,0,1,1,0
0,17,0,0,1,4,0,3,0,11,0,0,24,25,37,2,8,4,1,1,1,1,23,0,17,35,7,6,0,1,0,0,2,15,2,0,78,0,4,9,1,0,0,25,1,1,7,11,0,7,7,2,18,10,5,2,11,1,5,0,1,0,11,5,0,5,0,31,27,9,0,0,2,0,1
0,6,0,0,0,0,0,0,0,0,1,0,23,7,3,1,5,1,0,0,0,0,6,0,7,11,2,2,0,0,0,0,0,4,0,0,0,0,1,3,0,0,0,5,0,0,0,4,0,14,1,2,10,2,1,0,1,0,6,0,0,0,4,1,0,0,0,4,1,1,0,0,0,0,0
0,4,0,0,5,0,0,1,0,0,4,0,0,5,5,3,0,2,0,0,0,0,11,0,6,11,5,1,0,1,4,0,0,3,0,0,5,0,4,6,1,18,3,6,0,0,1,4,0,0,3,0,2,5,5,0,6,2,0,0,0,1,8,0,0,2,1,11,1,4,0,1,0,0,5
0,1,0,0,1,0,0,1,0,0,0,0,0,3,1,0,1,0,0,1,0,0,3,0,3,5,1,2,0,2,1,0,0,2,0,0,0,0,3,5,2,0,1,4,0,0,1,2,0,0,3,1,0,2,3,0,6,0,0,0,0,0,3,1,0,1,0,1,1,0,0,0,0,0,2
0,0,0,0,0,0,0,1,0,0,0,0,0,2,1,0,1,2,0,0,0,0,3,0,1,1,0,2,0,0,0,0,0,0,0,0,2,0,1,2,0,0,0,2,0,0,0,0,0,0,0,1,0,2,0,0,0,0,3,0,0,0,1,0,0,0,0,1,0,0,0,0,0,0,0
0,10,0,0,0,0,0,0,0,0,0,0,10,6,7,3,0,0,0,0,1,0,7,0,1,9,1,3,0,0,1,0,0,5,2,0,8,0,4,13,0,0,0,5,0,0,0,0,0,9,1,1,2,6,1,0,7,0,4,0,1,0,0,2,0,2,0,4,5,5,0,0,0,0,0
0,1,0,1,0,1,0,1,0,0,0,0,0,4,5,1,2,2,0,1,0,0,4,0,4,4,2,1,0,0,0,0,0,6,3,0,0,0,1,3,2,1,0,3,0,0,0,0,0,0,1,0,0,1,3,0,3,0,1,0,0,0,4,0,0,1,0,4,1,1,0,0,0,1,0
0,0,0,0,0,2,0,0,0,0,1,0,23,18,9,0,3,3,0,0,0,0,1,0,2,6,1,0,0,0,0,0,0,5,1,0,1,0,2,8,0,0,0,3,0,0,0,1,0,0,5,2,6,1,2,0,3,0,0,0,0,0,1,0,0,2,0,5,0,0,0,0,0,0,0
0,7,0,0,0,0,0,1,0,0,0,0,27,2,2,0,0,0,0,0,0,0,0,0,1,3,0,1,0,0,0,0,0,0,1,0,0,0,3,1,0,0,0,2,0,0,0,0,0,2,0,0,25,2,4,0,1,0,1,0,0,0,0,0,0,1,0,0,1,1,0,0,0,2,0
1,9,0,0,0,0,0,5,0,0,1,0,5,8,7,0,3,3,1,0,0,0,14,0,12,11,8,2,0,2,0,0,0,5,1,0,33,0,2,4,0,1,0,13,0,0,0,13,0,0,4,1,1,5,5,0,8,0,2,0,0,0,4,2,1,0,1,8,26,0,0,1,0,0,0
0,1,0,0,0,0,0,0,0,0,0,0,0,0,1,0,0,1,0,0,0,0,1,0,0,0,0,0,0,0,0,0,0,0,0,0,1,0,0,0,0,0,0,0,0,0,0,1,0,0,0,0,0,0,0,0,0,0,0,0,0,0,0,0,0,0,0,2,0,0,0,0,0,0,0
