0.11111,0.1661,0.5,0.2,0.97354,0.069672,0.27596,0.20833,0.15278,0.86747,0.25,0.12723,0.081212,0.097122,0.19697,0.1074,0.20319,0.1165,0.9547,0.5,0.08079,0.94175,0.086831,0.11273,0.59084,0.41972,0.41667,0.86364,0.46642,1,0.24066,0.096045,0.71271,0.33333,0.32353,0.71169,0.14916,0.1479,0.69565,0.55124,0.49326,0.23145,0.5,0.97951,0.11934,0.19113,0.53846,0.12885,0.31579,0.16854,0.10557,0.12963,0.15299,0.26562,0.16893,0.125,0.60879,1,0.23148,0.99425,0.1564,0.13877,0.33333,0.32886,0.25,0.095085,0.37594,0.090713,0.33333,0.11765,0.25,0.095238,0.95376
0.3788
0,0,0,1,0,9,10,12,1,0,0,19,27,22,0,24,8,0,0,0,20,0,21,14,9,10,0,0,0,0,0,19,0,0,0,0,6,32,1,0,0,15,0,0,1,6,1,33,13,1,16,8,3,0,17,3,10,0,1,0,21,3,0,1,0,29,0,9,1,2,0,0,0
0,4,1,0,0,29,3,2,55,0,0,2,11,26,8,15,9,1,0,0,7,0,16,30,11,8,0,0,74,0,58,38,1,0,2,0,9,9,0,0,148,5,0,0,27,11,0,30,20,2,1,15,20,0,26,0,15,0,1,0,12,4,0,5,0,27,0,28,0,0,0,1,0
0,2,0,0,0,9,5,1,1,1,1,1,14,32,2,9,3,0,0,0,10,0,16,18,4,11,0,0,0,0,0,16,0,0,5,0,5,17,0,0,3,8,0,0,1,12,0,0,16,3,0,10,1,2,13,1,0,1,1,0,19,5,0,4,0,25,0,5,0,0,0,1,1
0,2,0,0,0,13,11,0,2,1,0,57,43,10,2,13,3,3,0,0,27,0,21,6,5,4,0,0,0,0,0,12,2,0,0,0,0,8,0,0,0,22,0,1,0,10,1,0,10,2,27,8,1,0,4,2,1,0,0,0,11,9,0,2,0,23,0,3,1,2,0,3,0
0,0,0,0,0,5,1,0,0,0,0,0,8,13,1,9,5,0,0,0,5,0,9,9,1,1,1,0,0,0,0,10,1,0,1,0,1,3,1,0,1,6,0,1,1,0,0,0,5,1,0,10,6,0,12,0,0,0,0,0,7,1,0,4,0,10,0,7,0,0,2,0,0
0,3,0,0,0,6,18,0,0,0,0,1,20,16,0,11,1,4,0,0,18,0,16,15,9,3,0,0,0,0,0,6,1,0,5,0,3,10,0,0,0,6,0,0,0,42,0,0,9,1,2,14,3,2,13,1,1,0,0,0,18,7,0,1,0,8,0,7,0,0,0,1,0
0,1,0,0,0,8,2,1,42,0,0,1,28,39,5,14,5,0,0,0,11,0,20,18,8,2,0,0,1,0,0,26,0,0,3,0,6,9,1,0,3,9,0,0,10,17,0,0,23,1,2,13,2,1,15,0,0,0,0,0,6,12,0,4,0,36,0,18,0,1,0,0,0
0,1,0,0,1,1,0,0,0,0,0,0,2,3,1,0,0,1,0,0,0,0,1,0,0,0,0,0,0,0,0,0,1,0,0,0,0,0,0,1,1,0,0,0,0,0,0,0,2,0,1,0,1,0,0,0,0,0,0,0,4,1,0,0,0,0,0,0,0,0,0,0,0
1,35,0,0,0,14,51,7,12,4,0,10,23,41,12,15,9,1,20,0,26,1,30,31,9,16,4,7,10,0,1,21,0,0,18,274,30,20,0,125,17,17,0,0,5,19,0,44,45,2,9,32,25,9,21,1,16,0,7,2,40,12,0,5,0,36,6,24,0,1,0,2,4
0,9,0,0,0,2,0,0,0,1,0,0,3,6,2,0,0,2,0,0,3,0,3,5,3,0,0,0,0,0,0,1,0,0,7,0,2,4,0,1,0,4,0,0,1,3,0,1,5,0,0,3,2,1,1,0,0,0,0,0,16,11,0,0,0,4,0,4,0,2,0,1,0
0,5,0,0,0,0,0,0,1,1,0,0,0,4,1,2,0,0,0,0,1,0,3,1,4,2,0,0,1,0,4,0,0,0,3,1,1,1,0,22,0,4,0,0,0,3,0,4,5,0,0,2,2,0,3,0,0,0,2,0,6,2,0,0,0,5,1,0,0,0,0,0,0
0,6,0,0,0,1,4,0,1,0,0,0,4,7,2,7,6,2,0,0,3,0,8,13,6,3,0,0,14,0,0,1,0,0,1,0,3,2,0,3,34,2,0,0,2,7,0,0,10,0,0,2,3,1,6,1,0,0,1,0,2,1,0,1,0,12,1,4,0,0,0,0,0
0,0,0,0,0,1,1,0,2,0,0,3,3,2,1,3,3,1,0,0,0,0,1,3,2,1,0,0,0,0,0,6,0,0,1,0,5,2,0,0,0,5,0,0,1,2,0,0,5,0,3,2,1,0,0,0,0,0,0,0,2,0,0,1,0,1,0,0,0,0,1,0,0
0,15,0,0,0,18,4,1,9,0,0,1,18,35,8,10,7,4,0,0,18,0,24,27,9,5,0,0,3,0,1,14,2,0,1,0,4,19,0,0,7,11,0,0,10,26,0,16,16,3,0,25,7,0,28,2,3,0,1,0,20,7,0,3,1,43,0,16,0,0,0,1,0
0,0,0,1,0,3,11,0,0,0,0,0,14,8,0,5,0,7,0,0,5,0,5,5,1,5,0,0,0,0,0,0,0,0,0,0,2,3,1,0,0,10,0,0,0,1,0,0,0,3,0,3,0,0,3,1,0,0,0,0,3,22,0,1,0,1,0,2,0,0,0,0,0
1,10,0,0,0,2,0,0,0,0,0,4,0,14,0,0,0,0,0,0,8,0,5,2,2,1,0,0,0,0,0,3,0,0,14,0,9,2,0,2,0,1,0,0,0,6,0,0,1,2,2,10,5,0,3,0,0,0,3,0,3,6,0,0,0,5,0,2,0,0,0,0,1
0,0,0,0,0,0,0,0,0,2,0,9,4,5,0,1,2,0,2,0,3,0,3,3,1,2,0,1,3,0,3,1,1,0,9,0,4,3,0,3,0,1,0,1,2,4,0,0,4,1,7,4,2,0,2,2,1,0,0,0,3,1,0,0,0,3,2,1,0,0,0,0,3
1,10,1,0,1,16,1,0,2,0,1,55,44,48,7,20,5,3,0,0,18,0,25,20,3,1,0,0,0,0,0,14,2,0,11,0,7,7,0,0,0,21,0,1,4,19,0,26,14,4,35,30,10,0,11,1,10,0,0,0,97,12,1,2,0,36,0,10,0,0,1,3,0
0,19,0,0,0,17,1,0,2,2,0,0,19,34,7,6,14,0,0,0,9,0,21,32,12,2,0,0,0,0,2,15,0,0,5,0,16,6,0,0,0,13,0,0,3,8,0,0,24,1,1,22,12,0,23,0,0,0,0,0,9,7,0,4,0,22,0,22,0,0,0,1,0
0,10,0,0,0,34,16,0,1,0,0,2,32,36,3,12,7,4,1,0,11,0,8,12,7,0,0,2,2,0,0,7,3,0,6,1,11,4,13,9,5,27,0,0,1,8,0,0,11,1,0,15,7,2,7,1,0,0,9,0,53,20,0,3,0,20,2,16,0,0,0,2,1
0,3,0,0,0,0,1,0,3,0,0,7,1,2,1,2,0,0,0,0,1,0,1,1,0,0,0,0,0,0,0,1,0,0,0,0,1,0,0,0,0,3,0,0,2,0,0,0,5,0,10,3,1,0,2,0,0,0,0,0,2,1,0,0,0,0,0,3,0,0,0,1,0
1,26,0,0,184,12,16,1,6,216,1,41,42,19,52,45,51,1,1138,1,22,97,60,85,413,149,0,608,23,1,53,51,129,0,293,7,30,67,64,276,23,156,1,478,11,25,7,24,252,15,17,24,22,1,112,1,277,0,1,519,36,63,0,49,0,54,136,26,1,1,0,0,2269
0,4,0,0,0,5,0,0,0,1,0,1,11,4,2,9,1,3,0,0,8,0,6,11,4,2,0,1,0,0,0,15,0,0,1,0,4,5,0,0,0,2,0,0,1,5,0,17,5,0,1,6,7,0,6,0,10,0,0,0,3,1,0,0,0,5,0,3,0,0,0,0,0
0,32,0,0,0,25,3,1,9,3,1,24,13,42,14,11,14,6,0,1,14,0,19,38,26,8,0,0,1,0,3,19,4,0,1,1,16,4,0,0,0,9,0,1,3,35,0,8,28,2,16,20,22,6,24,0,2,0,3,0,13,4,0,6,0,20,0,21,0,1,0,2,0
0,32,0,0,0,12,9,0,14,0,0,7,24,58,14,10,5,2,0,0,34,0,22,24,17,10,0,0,1,0,6,14,1,0,18,0,21,20,0,1,0,14,0,0,6,40,0,2,21,1,4,25,22,17,20,3,1,0,11,0,20,13,1,1,0,22,0,21,0,0,0,1,0
1,42,0,0,0,20,0,0,29,1,0,34,15,46,14,10,16,8,0,0,14,0,28,30,13,10,0,0,0,0,19,18,3,1,5,0,71,14,0,0,0,23,0,0,29,15,1,22,29,3,31,34,53,0,15,0,16,0,1,0,16,18,1,3,0,47,0,20,0,0,1,4,0
0,9,0,0,0,3,0,0,1,0,0,0,2,0,2,2,0,0,0,0,4,0,2,13,3,0,0,0,0,0,0,2,0,0,12,1,3,0,0,2,0,4,0,0,1,1,0,9,0,0,0,5,4,1,7,0,5,0,1,0,10,17,0,0,0,1,0,1,0,1,0,2,0
0,18,0,1,0,9,4,2,18,1,0,0,18,29,3,7,3,1,0,0,10,0,6,11,3,2,0,1,4,0,5,5,0,0,9,0,18,16,0,16,6,13,0,0,11,4,1,2,9,1,2,12,6,0,16,1,0,0,0,0,27,11,0,1,0,15,0,9,0,0,0,0,0
1,97,0,1,3,27,93,15,27,5,0,14,67,83,21,26,17,6,18,0,32,3,60,93,37,22,5,67,125,0,18,34,3,0,65,89,43,54,0,667,256,53,0,3,23,39,1,20,74,9,11,77,69,5,47,5,5,0,11,1,132,34,0,10,0,71,11,42,0,0,0,3,99
0,1,0,0,0,10,4,0,21,1,0,16,42,25,2,15,6,12,0,0,23,0,10,18,5,10,0,0,0,0,0,10,1,0,3,0,6,5,0,0,0,21,0,0,14,11,0,0,7,2,7,5,7,0,13,1,0,0,0,0,6,26,0,5,0,18,0,5,0,1,0,0,0
0,3,0,0,0,23,3,1,1,2,0,0,18,28,4,5,3,1,4,0,11,0,15,8,3,4,1,0,0,0,6,8,2,0,6,0,12,6,0,0,0,12,0,0,8,10,1,0,9,1,0,14,6,0,10,0,0,0,2,0,8,9,0,5,1,32,0,13,0,0,1,1,0
0,9,0,0,0,32,4,0,19,1,0,8,24,41,7,6,3,3,5,0,26,0,24,19,6,5,0,0,1,0,16,21,3,0,13,3,28,13,0,5,2,24,0,1,5,16,0,1,17,1,6,15,11,0,23,3,1,0,1,0,11,8,0,4,0,32,0,18,0,0,1,4,0
0,1,0,0,0,6,0,0,0,0,0,6,6,3,0,3,3,1,1,0,3,0,6,6,0,3,0,0,0,0,0,9,2,1,2,0,12,3,0,1,0,7,0,0,1,2,0,0,1,1,4,8,7,0,3,0,0,0,1,0,2,5,0,0,0,9,0,2,0,0,0,0,0
0,0,0,0,0,11,4,0,10,1,0,1,30,26,4,7,3,12,0,0,17,0,13,6,6,12,0,0,0,0,22,12,0,0,0,0,0,7,0,0,0,18,0,0,2,10,0,1,8,2,0,11,0,0,14,0,0,0,1,0,13,9,0,3,0,23,0,3,0,0,0,0,0
0,0,0,0,0,1,2,0,34,1,0,0,18,11,1,2,2,1,0,0,3,0,1,2,3,0,0,0,0,0,0,0,0,0,0,0,0,3,0,0,0,2,0,0,8,1,0,0,3,0,0,3,0,0,0,0,0,0,0,0,4,7,0,0,0,0,0,1,0,0,0,0,0
0,4,0,0,0,5,6,0,0,0,0,0,11,12,3,4,3,0,0,0,9,2,17,19,2,2,0,0,1,0,1,9,0,0,3,0,9,7,0,4,0,6,0,0,0,6,0,0,6,0,1,8,7,0,11,0,0,0,0,0,30,4,0,2,0,10,0,7,0,0,0,0,0
1,2,0,0,0,11,2,11,27,0,0,16,29,11,10,8,1,1,0,0,17,0,25,7,1,6,1,0,0,0,0,17,1,0,6,0,8,8,0,0,0,12,0,0,25,12,0,20,14,2,7,23,4,1,9,1,8,0,0,0,41,13,0,6,0,24,0,5,0,2,0,1,0
0,36,0,1,0,29,11,12,6,0,0,31,37,108,15,24,6,1,0,2,45,0,49,92,17,5,0,3,2,0,19,35,7,0,385,0,12,11,4,11,1,42,0,0,10,125,0,12,18,5,36,98,22,5,56,5,18,0,10,0,34,27,0,9,0,89,150,35,0,1,1,1,0
0,34,0,0,0,3,2,0,0,0,0,15,10,11,2,4,3,1,0,0,3,0,7,7,4,0,0,0,0,0,0,6,0,0,28,0,1,8,0,0,0,6,1,1,0,4,0,46,5,1,22,11,3,0,7,0,46,0,0,0,20,19,0,0,0,10,0,2,0,0,0,1,0
0,29,0,0,0,6,3,2,0,2,0,1,13,20,5,4,6,2,1,0,6,0,4,15,5,2,0,4,1,0,1,5,1,0,23,1,13,13,0,40,4,18,0,0,5,9,0,0,3,2,1,18,20,4,15,0,0,0,2,0,25,8,0,0,1,20,3,13,0,1,0,0,1
1,4,0,0,0,6,4,1,0,0,0,0,8,10,3,7,4,0,2,0,6,0,7,3,4,5,0,6,0,0,0,1,0,0,5,1,5,2,3,10,3,7,0,0,0,3,0,0,8,1,1,10,5,0,5,1,1,0,6,0,3,0,0,0,0,7,2,4,0,0,0,0,0
0,3,0,0,0,0,6,0,0,0,0,0,2,7,1,2,1,0,0,0,3,0,2,1,3,2,0,0,0,0,0,1,0,0,0,0,0,2,0,0,0,2,0,0,0,4,0,1,3,1,0,2,1,0,2,0,2,0,0,0,0,1,0,0,0,0,0,1,0,0,0,0,0
0,34,0,0,0,9,2,0,4,0,0,9,12,31,4,7,4,3,0,0,9,0,13,14,5,4,0,0,0,0,0,3,4,0,8,0,16,8,0,0,0,8,0,0,2,14,0,8,12,2,10,46,11,1,7,0,0,0,2,0,6,1,0,1,0,21,0,9,0,0,0,0,0
0,9,0,0,0,9,13,2,0,0,0,1,10,20,2,7,2,3,0,0,12,0,8,10,4,2,0,1,0,0,0,3,1,1,3,5,5,3,1,8,4,7,0,0,2,11,0,0,8,1,0,13,7,1,7,1,1,0,4,0,11,3,0,2,0,19,1,7,0,0,0,1,0
0,1,0,0,0,8,2,0,0,1,0,34,23,11,2,6,0,1,0,0,8,0,9,2,2,10,0,0,0,0,0,10,0,0,1,0,2,4,0,0,0,5,0,0,2,3,0,0,6,5,28,2,2,0,1,0,0,0,0,0,2,4,0,0,0,4,0,0,0,0,0,3,0
0,2,0,0,0,3,0,0,0,0,0,12,3,3,4,3,0,0,0,0,0,0,2,1,0,1,0,0,0,0,0,3,0,0,3,0,5,4,0,0,0,2,0,0,2,0,0,9,2,2,14,5,3,0,0,1,4,0,0,0,1,0,0,0,0,4,0,4,0,0,0,0,0
1,13,0,0,0,14,4,0,0,1,0,5,19,49,10,6,6,1,0,0,14,0,18,25,7,2,0,3,1,0,3,8,5,0,205,1,10,5,3,3,1,10,0,0,1,45,0,1,7,1,6,29,15,4,23,1,0,0,25,0,13,5,0,1,1,32,84,10,0,1,0,1,0
0,4,0,0,0,1,0,0,0,0,0,0,0,1,0,1,1,0,0,0,0,0,1,0,0,0,0,0,0,0,0,1,0,0,0,0,1,0,0,0,0,1,0,0,0,0,0,0,0,0,0,1,1,0,0,0,1,0,0,0,3,0,0,0,0,1,0,0,0,0,0,0,0
