0.21429,0.14872,0.33333,0.25,0.98423,0.10526,1,0.11864,0.4,0.20463,0.96708,0.33333,0.11343,0.086022,0.093103,0.15476,0.08642,0.14474,0.5,0.12,0.92779,1,0.071795,0.86792,0.094183,0.11387,0.2234,0.43684,0.33333,0.87573,0.46479,1,0.19101,0.12322,0.89855,0.33333,0.2446,0.25,0.11207,0.13571,0.85714,0.53974,0.43478,0.11806,1,0.9873,0.14184,0.11446,0.30769,0.17742,0.51117,0.078947,0.13684,0.064935,0.13986,0.25,0.18367,0.17391,0.43624,1,0.5,0.96761,0.1133,0.11864,0.375,0.49541,0.5,0.088685,0.2695,0.10256,0.5,0.33333,0.16667,0.2,0.96098
0.56893
1,4,0,0,0,3,0,1,0,0,0,0,16,6,4,3,2,0,0,0,0,0,12,0,10,16,0,1,0,0,0,0,0,6,0,0,3,0,4,9,0,0,0,5,0,0,0,4,0,4,6,0,11,3,2,0,8,0,5,0,0,1,7,2,0,2,0,10,0,3,0,0,1,0,0
1,2,0,0,0,2,0,0,0,53,0,0,9,6,9,3,6,1,0,1,0,0,9,2,13,21,3,4,0,0,33,0,17,9,1,1,3,0,0,6,0,0,40,9,0,1,20,7,0,3,6,0,2,3,3,0,18,3,7,0,0,0,4,3,0,2,0,14,0,2,0,0,0,1,0
0,4,0,0,1,2,0,3,0,0,0,0,0,6,5,1,2,3,0,2,1,0,13,0,12,10,3,6,1,0,1,0,0,3,0,0,3,0,2,12,0,1,1,5,0,0,0,6,1,0,3,1,0,4,1,0,9,0,1,0,0,0,3,0,0,1,0,4,0,0,0,1,1,1,0
0,2,0,0,0,2,0,4,0,2,0,0,35,10,8,0,10,1,0,2,0,0,11,0,9,14,2,4,0,0,0,0,1,7,1,0,2,0,0,8,0,0,0,15,0,0,2,4,1,0,3,1,19,4,4,0,4,0,0,0,0,0,4,2,0,2,0,8,0,1,0,0,1,1,0
1,1,0,0,0,0,0,1,0,0,2,0,0,4,3,0,1,0,0,1,0,0,7,0,1,7,1,3,0,0,0,0,0,2,0,0,0,0,1,1,0,0,0,1,0,0,0,2,0,0,1,0,0,5,1,0,4,0,0,0,0,0,1,0,0,0,0,4,0,0,0,0,1,0,0
0,1,0,0,1,0,0,5,0,2,0,1,0,6,5,0,2,0,0,0,0,0,9,0,5,8,1,0,0,0,0,0,0,4,0,0,2,0,0,4,0,1,0,3,0,0,0,4,0,0,2,0,0,2,1,0,2,2,0,0,0,0,2,1,0,0,0,2,0,1,0,0,0,0,0
0,3,0,0,1,4,0,0,0,12,1,0,0,10,6,2,7,0,0,0,0,0,7,0,13,8,7,2,0,0,0,0,7,7,0,0,4,0,2,8,0,0,0,5,0,0,9,4,0,0,6,1,0,0,4,0,7,1,2,0,0,0,2,1,0,2,0,13,0,7,0,0,1,0,0
0,0,0,0,0,0,0,0,0,0,0,0,0,0,1,0,0,0,0,0,0,0,0,0,0,1,1,0,0,0,0,0,0,0,0,0,0,0,0,0,0,0,0,0,0,0,0,0,0,0,0,0,0,0,1,0,0,0,0,0,0,0,0,0,0,0,0,0,0,1,0,0,0,0,0
0,10,0,0,1,5,0,7,1,4,1,0,25,9,9,4,7,3,0,0,13,0,20,0,6,33,9,3,0,2,0,0,5,6,2,0,6,1,3,17,0,17,0,13,0,0,3,5,1,6,9,2,6,2,11,0,12,1,1,0,0,2,6,3,0,2,1,8,3,7,0,3,0,0,9
0,3,0,0,0,0,0,0,0,0,0,0,0,0,1,0,2,1,0,0,0,0,2,0,3,3,1,1,0,0,0,0,0,0,0,0,2,0,2,1,0,0,0,4,0,1,0,1,0,0,0,0,0,1,3,0,2,0,1,0,0,0,3,0,0,1,0,2,0,1,0,0,0,1,0
0,0,0,0,0,0,0,0,0,1,4,0,1,0,4,0,1,0,0,0,0,0,2,1,1,2,0,0,0,1,0,0,0,1,0,0,2,0,1,0,0,6,0,1,0,0,0,0,0,1,0,0,0,1,1,0,2,0,0,0,0,0,1,1,0,0,0,4,0,0,0,0,0,0,0
1,0,0,0,0,2,0,0,0,3,0,0,0,3,3,0,2,0,0,0,0,0,3,0,4,3,0,3,0,1,6,0,0,1,0,0,0,0,0,5,0,1,9,0,0,0,4,0,0,0,1,0,0,1,1,0,1,1,0,0,0,0,1,1,0,2,0,4,0,0,0,0,0,0,0
0,1,0,0,0,0,0,0,0,3,0,0,2,2,3,0,1,0,0,0,0,0,3,0,2,0,0,1,0,0,0,0,0,1,0,0,1,0,2,1,0,0,0,0,0,0,1,0,0,1,2,0,0,0,0,0,2,0,0,0,0,0,1,0,0,1,0,0,0,0,0,0,0,0,0
0,3,0,0,1,5,0,2,0,4,0,0,2,5,5,3,4,4,0,1,0,0,7,0,18,10,7,4,0,0,1,0,2,7,0,0,4,0,3,6,0,1,1,7,0,0,6,3,0,0,4,1,1,2,4,1,7,0,3,0,0,0,4,2,0,2,0,12,0,4,0,0,0,0,0
0,0,0,0,0,1,0,1,0,0,0,0,0,2,4,0,2,0,0,1,0,0,2,0,1,3,1,3,0,0,0,0,0,4,0,0,4,0,1,3,2,0,0,2,0,0,0,0,0,0,1,1,0,0,0,0,3,0,0,0,0,0,1,0,0,1,0,4,0,1,0,0,0,0,0
0,1,0,0,0,0,0,1,0,0,0,0,0,1,1,0,0,0,0,0,8,0,2,0,0,5,1,1,0,0,0,0,0,0,0,0,1,0,2,1,0,11,0,1,0,0,0,2,0,0,1,0,1,1,2,0,0,0,1,0,0,0,0,0,0,0,0,0,4,1,0,0,0,0,0
0,0,0,0,1,0,0,0,0,1,0,0,2,2,1,0,1,1,0,0,3,0,2,0,0,0,0,1,0,2,0,0,0,1,0,0,1,0,0,2,0,1,0,3,0,0,0,0,0,0,0,0,1,2,0,0,0,0,1,0,0,0,0,0,0,0,0,2,0,0,0,0,0,0,1
2,6,0,1,2,4,0,0,1,2,0,1,38,14,16,2,8,2,0,1,1,0,10,0,11,16,5,3,0,0,0,0,0,9,3,0,11,0,0,8,0,0,1,9,1,1,1,5,1,5,4,1,26,7,5,0,7,1,1,0,0,0,10,2,0,5,0,10,3,3,0,0,0,1,0
0,2,0,0,0,4,0,1,0,0,1,0,0,3,8,2,4,2,0,2,0,0,5,0,14,25,7,1,0,0,0,0,1,4,0,0,4,0,1,4,0,0,0,11,0,1,1,8,1,0,8,1,0,0,6,1,5,0,1,0,0,0,7,0,0,1,0,7,1,3,0,0,0,0,0
0,3,0,0,1,1,0,1,0,0,2,0,1,11,5,2,6,2,0,1,0,0,12,0,13,7,5,4,0,1,0,0,0,2,2,0,7,0,2,1,1,0,0,5,0,0,0,5,0,0,5,1,1,6,3,0,3,0,2,0,0,1,4,0,0,3,0,7,0,3,0,1,0,1,0
0,1,0,0,0,0,0,0,0,3,0,0,3,0,1,1,0,0,0,0,0,0,2,0,1,1,1,0,0,0,0,0,1,0,0,0,1,0,0,0,0,0,0,0,0,0,2,1,0,0,0,0,1,1,0,0,0,0,1,0,0,1,0,0,0,0,0,0,0,1,0,0,0,0,0
3,29,1,0,1061,8,1,4,2,17,617,0,36,16,14,13,14,11,0,1,1439,0,24,46,34,55,42,83,2,599,7,0,12,26,372,1,28,1,13,38,30,163,7,34,0,622,6,18,4,11,183,3,13,10,20,0,54,2,65,0,0,478,22,2,3,54,0,23,38,10,1,1,0,3,2266
1,2,0,1,1,2,0,1,1,0,2,0,6,2,1,3,1,1,0,0,0,0,5,0,4,5,2,0,0,0,0,0,0,4,0,0,1,1,1,4,0,1,0,2,0,0,0,0,0,2,3,1,2,1,1,0,3,1,3,0,1,0,2,0,0,0,0,1,1,2,0,0,0,0,0
0,6,1,0,0,2,0,1,0,6,0,0,17,8,7,5,5,7,0,1,0,0,19,0,8,14,9,1,1,0,0,0,0,6,4,0,5,0,6,6,0,1,1,6,0,1,3,4,0,1,6,3,7,3,4,0,9,1,8,0,0,0,11,3,0,1,0,11,1,6,0,0,0,1,1
2,6,0,0,0,1,0,0,0,16,1,0,7,10,13,3,14,2,0,0,0,0,15,0,12,12,6,2,0,0,0,1,3,13,0,0,5,0,4,4,0,0,0,11,0,0,9,2,0,0,7,1,4,3,2,0,4,1,4,0,0,1,5,1,1,4,0,10,1,1,0,0,0,0,0
0,15,1,0,0,1,0,0,0,22,0,0,23,10,12,1,3,3,0,0,1,0,9,0,15,19,8,3,0,0,0,0,4,7,0,0,5,0,12,9,0,0,0,8,0,0,13,6,1,3,10,1,15,9,8,0,8,0,5,0,0,0,5,2,0,1,2,12,17,8,0,0,0,0,0
0,0,0,0,0,0,0,0,0,0,1,0,2,2,0,0,0,1,0,0,0,0,4,0,0,4,0,0,0,0,0,0,0,2,0,0,1,0,1,1,0,0,0,1,0,0,0,0,0,1,0,0,0,0,2,0,0,0,1,0,0,0,1,1,0,1,0,3,0,0,0,0,0,0,0
0,4,0,0,1,0,0,1,0,16,1,0,1,5,9,1,0,1,0,0,1,0,8,1,3,6,1,4,0,2,0,0,2,1,0,0,3,1,0,2,0,1,0,4,0,0,7,3,1,0,0,1,1,2,7,0,7,1,0,0,0,0,9,0,1,1,0,6,0,3,0,0,0,0,0
0,21,0,0,1,1,0,7,0,26,3,0,9,24,27,11,12,10,0,2,8,0,28,1,20,39,10,8,1,65,20,0,9,9,8,0,17,0,11,27,0,54,28,23,0,1,12,11,2,4,28,3,1,9,13,1,25,4,12,0,0,5,23,6,2,2,0,18,7,12,0,0,0,1,72
0,4,0,0,0,2,0,1,0,12,1,0,4,10,3,1,3,3,0,3,0,0,10,0,6,12,4,5,0,0,0,0,3,4,1,0,3,0,3,7,0,0,0,14,0,0,7,4,0,0,5,3,4,7,3,0,11,1,0,0,0,0,5,4,1,0,0,10,0,2,0,1,0,0,0
0,4,0,0,0,4,0,0,0,0,0,1,0,10,10,3,6,0,0,2,32,0,7,0,5,5,2,3,0,0,0,0,3,4,3,0,7,0,3,5,0,6,0,4,0,1,2,5,0,0,4,1,0,2,2,0,2,0,2,0,0,1,1,7,0,2,0,8,3,1,0,1,0,1,2
0,4,0,1,0,4,0,1,0,10,0,0,3,8,8,4,3,2,0,0,33,0,17,1,15,14,5,3,0,0,0,0,2,6,4,1,9,0,2,8,0,16,0,8,0,1,3,6,0,0,7,1,0,8,7,0,8,0,2,1,0,0,5,3,0,4,1,10,17,2,0,0,0,1,2
0,1,0,0,0,2,0,0,0,0,0,0,3,1,1,0,0,0,0,0,7,0,3,0,3,2,1,1,0,0,0,0,0,2,1,0,0,0,0,1,0,4,0,0,0,0,0,0,0,0,1,0,3,1,2,0,4,0,0,0,0,0,0,0,0,0,0,2,1,2,0,0,0,0,1
0,0,0,0,0,1,0,5,0,8,0,0,0,7,6,0,1,1,0,1,0,0,9,0,15,9,4,1,0,0,0,0,4,7,1,0,2,0,1,10,0,0,0,2,0,0,3,1,0,0,2,0,0,5,0,0,6,0,0,0,0,0,4,4,0,0,0,7,0,0,1,0,0,0,0
0,0,0,0,0,0,0,0,0,10,0,0,0,2,1,0,0,0,0,0,0,0,1,0,0,1,2,0,0,0,0,0,3,0,0,0,0,0,0,1,0,0,0,1,0,0,8,0,0,0,1,0,0,0,0,0,4,0,0,0,0,0,1,0,0,0,0,0,0,0,0,1,0,0,0
0,3,0,0,3,0,0,1,0,0,0,0,0,3,7,0,1,0,0,0,0,0,5,0,1,3,3,0,1,1,1,0,1,4,1,0,2,0,3,2,0,2,0,3,0,0,0,0,0,0,6,0,0,1,1,0,4,0,1,0,0,0,6,0,0,2,0,7,0,2,0,0,0,0,0
0,3,0,1,0,1,0,2,0,19,0,0,14,7,7,3,4,3,1,0,0,0,7,0,14,7,4,2,0,0,0,0,3,5,1,0,2,0,2,11,0,0,0,5,0,0,11,0,0,0,8,1,10,3,1,0,9,1,2,0,0,1,5,2,0,1,0,16,0,2,0,0,1,0,0
0,17,0,0,0,3,0,4,0,5,0,0,25,17,27,4,9,3,1,1,1,1,24,0,22,32,10,7,0,2,0,0,5,15,5,0,68,0,12,12,1,0,1,22,0,0,6,19,0,3,7,3,9,10,4,0,6,0,6,0,0,2,6,2,0,3,0,29,24,8,0,0,0,1,0
0,3,0,0,0,3,0,0,0,0,0,0,13,5,6,3,2,1,0,0,0,0,6,0,6,10,0,3,0,0,0,0,0,0,0,0,4,0,4,6,0,0,0,4,0,0,0,8,0,5,0,2,14,3,0,1,4,0,4,0,0,1,6,0,0,2,0,7,0,2,0,0,0,0,0
0,5,0,0,2,0,0,1,0,2,1,0,0,6,6,2,5,2,0,0,1,0,7,0,6,14,3,3,0,4,1,0,1,1,0,0,6,0,2,3,0,13,3,11,0,0,0,3,0,0,5,1,0,3,3,0,7,2,1,0,0,0,7,0,0,1,0,2,0,1,0,0,0,0,3
1,4,0,0,0,1,0,0,0,0,0,0,0,2,1,0,2,1,0,0,0,0,3,1,6,6,1,1,0,2,0,0,0,4,1,0,3,0,1,2,0,0,0,5,0,0,0,1,0,0,2,0,0,1,2,0,0,0,1,0,0,0,1,1,0,0,0,3,1,1,0,0,0,0,1
0,0,0,0,0,0,0,0,0,0,0,0,0,0,0,0,0,0,0,0,0,0,3,0,1,2,1,2,0,0,0,0,0,2,0,0,1,0,0,1,0,0,0,0,0,0,1,0,0,2,1,0,0,4,1,0,1,0,0,0,0,0,2,0,0,0,0,3,0,2,0,0,0,0,0
1,9,0,0,0,1,0,0,0,0,0,0,13,6,2,0,3,1,0,1,1,0,6,0,7,5,7,4,0,0,1,0,0,2,2,0,10,0,3,5,0,0,0,3,0,0,0,4,0,8,3,1,9,6,2,0,3,0,2,0,1,0,0,0,0,0,0,9,1,3,0,0,0,0,0
0,3,0,0,0,1,0,1,0,0,0,0,0,2,6,0,4,0,0,1,1,0,9,0,3,2,1,1,0,0,0,0,0,4,0,0,0,0,2,7,0,0,0,6,0,0,0,2,0,0,2,0,0,1,2,0,2,0,0,0,0,0,4,2,0,1,0,4,1,3,0,0,0,0,0
0,1,0,0,0,1,0,1,0,0,0,0,13,7,2,0,0,1,0,0,0,0,6,0,1,6,3,4,0,0,0,0,0,3,0,0,0,0,0,6,0,0,0,3,0,0,0,1,0,0,1,2,7,4,0,0,1,0,1,0,0,0,5,0,0,0,0,2,0,1,0,0,0,1,0
0,2,0,0,0,0,0,0,0,0,0,0,10,1,2,2,1,0,0,0,0,0,1,0,2,1,0,0,0,0,0,0,0,1,0,0,0,0,1,1,0,0,0,2,0,0,1,0,0,2,1,0,22,3,3,0,4,0,1,0,0,0,0,0,0,1,0,2,0,2,0,0,0,0,0
0,2,0,0,0,2,0,1,0,0,0,0,2,8,8,2,1,2,0,0,0,0,13,0,15,5,4,3,0,2,0,0,0,4,1,0,34,0,3,4,1,2,0,7,0,0,0,7,0,0,3,0,0,9,0,0,11,0,1,0,0,0,5,1,0,1,0,7,17,2,0,0,0,0,0
0,0,0,0,0,0,0,0,0,0,0,0,0,0,2,0,0,0,0,0,0,0,1,0,0,0,0,1,0,0,0,0,0,1,0,0,1,0,0,0,0,0,0,0,0,0,0,0,0,0,0,0,0,1,0,0,1,0,0,0,0,0,1,0,0,0,0,0,0,0,0,0,0,0,0
