0.14706,0.092308,0.4,0.18182,0.33333,0.1194,0.31034,0.092857,0.4,0.4,0.54545,0.5,0.33333,0.16923,0.18889,0.33333,0.2437,0.12245,0.25926,0.5,0.18182,0.18627,0.33333,0.33333,0.13433,0.25,0.18182,1,0.087432,0.10448,1,0.11585,0.5,0.083333,0.2,0.2,0.3125,0.13514,0.40845,0.17647,0.38889,0.11932,0.375,0.4,0.33333,0.33333,1,0.16667,0.33333,0.084746,0.23077,0.16667,0.15385,0.10481,0.088496,0.1646,0.16667,0.56369,0.18792,0.25,0.21951,0.375,0.42857,0.082474,0.36842,0.33333,0.2,0.22222,0.19553,0.125,0.25,0.33333,0.17857,0.25,0.25,0.66667,0.091837,1,0.25926,1,0.47619,0.5,0.5,0.16667,0.14062,0.23988,0.12963,0.15625,0.21429,0.12632,1,0.5,0.11765,0.5,0.14706,0.5,0.17822,0.19704,0.078704,0.44444,0.6,0.18182,0.13265,0.12536,0.4,0.20408,0.18095,0.46667,0.125,0.15714,0.10909,0.14286,0.16667,0.18182,0.38462,0.2,0.29787,0.5,0.10185,0.3,0.16471,0.089552,0.33333,0.23333,0.090909,0.66667,0.27273,0.25,0.13043,0.33333,0.5,1,0.11628,0.26316,0.17518,0.25,0.10526,0.5,0.07,0.4,0.13043,0.10638,0.26316,0.125,0.5129
0.21227
0,1,0,0,0,2,0,3,0,0,0,0,1,3,17,0,2,2,0,1,0,14,0,1,3,0,0,0,4,0,0,20,0,3,0,0,1,2,1,0,0,11,0,0,2,0,0,1,1,2,1,0,0,21,0,9,0,5,2,0,0,0,0,18,0,1,0,0,1,2,0,0,1,1,0,0,15,0,2,0,0,0,0,0,0,15,7,1,0,0,0,0,2,0,2,0,5,10,5,0,2,0,23,9,0,1,0,0,0,3,1,0,1,0,0,0,0,1,1,2,0,1,0,2,9,0,0,1,0,0,0,0,15,0,2,0,1,1,6,0,2,0,0,0,8
0,2,0,0,0,1,0,11,0,0,0,0,0,2,0,0,58,0,0,0,0,1,0,0,1,0,2,0,11,1,0,16,0,2,0,0,0,1,2,0,0,15,0,0,0,0,0,1,0,4,0,0,0,39,1,11,4,13,28,0,9,0,0,51,1,0,0,0,0,0,0,0,0,0,0,0,6,0,0,0,0,0,0,0,8,16,1,0,1,2,0,0,3,0,0,0,6,6,8,1,0,0,1,9,0,0,0,2,1,25,1,0,1,0,0,0,0,0,4,1,4,2,0,0,12,0,0,0,1,0,0,0,2,0,8,0,0,0,5,0,2,3,0,1,14
0,1,0,0,0,1,0,4,0,1,0,0,0,5,1,0,1,0,2,0,0,0,0,0,1,0,0,0,5,2,0,10,0,1,0,0,0,1,3,0,0,6,0,0,0,0,0,1,0,2,0,0,0,9,1,8,0,7,1,0,0,0,0,15,0,0,0,0,5,1,0,0,7,0,0,0,8,0,1,0,0,0,0,0,5,9,0,1,0,0,0,0,4,0,0,0,0,6,2,0,0,1,0,5,0,0,1,0,2,9,1,0,0,0,0,0,0,1,2,0,1,1,0,1,5,0,0,0,0,0,0,0,2,0,1,0,1,0,1,0,1,0,0,0,13
2,0,0,0,0,2,0,4,0,2,0,0,0,2,1,1,1,5,1,0,1,35,0,0,4,0,0,0,3,0,0,23,0,5,1,0,0,4,2,0,0,11,0,0,1,0,0,2,0,2,0,0,0,15,0,6,0,11,2,0,0,0,0,7,1,1,0,0,1,0,0,0,1,0,0,0,14,0,1,0,0,0,0,0,0,16,1,0,0,0,0,0,2,0,3,0,0,6,9,0,0,0,26,10,0,1,0,0,2,0,0,0,1,0,1,0,1,0,0,0,1,1,0,5,4,0,3,0,0,0,0,0,14,0,0,0,2,0,5,0,3,2,1,0,4
1,0,0,0,0,0,0,0,0,0,0,0,0,1,1,0,1,1,0,0,0,0,0,0,0,0,0,0,1,0,0,7,0,0,0,0,0,1,0,0,0,5,0,0,0,0,0,0,0,2,0,0,0,5,0,3,2,0,1,0,0,0,0,7,1,0,0,0,0,0,0,0,0,0,0,0,5,0,7,0,0,0,0,0,0,9,1,0,0,1,0,0,0,0,0,0,0,4,0,0,0,0,0,5,0,0,0,0,0,1,0,0,0,0,0,0,0,0,0,0,0,0,0,0,5,0,0,0,0,0,0,0,4,0,0,0,0,0,1,0,0,1,0,0,1
0,0,0,2,0,3,0,2,0,0,0,0,0,3,1,0,1,2,0,0,0,0,0,0,0,0,0,0,3,0,0,6,0,1,0,0,0,3,0,0,0,9,0,0,0,0,0,0,0,0,0,0,1,15,2,8,1,4,0,1,0,0,0,11,0,0,1,1,2,1,0,0,2,0,0,0,6,0,0,0,0,0,0,0,0,4,0,1,1,3,0,0,2,0,0,0,0,3,4,0,0,0,1,3,0,0,2,0,1,0,0,1,0,0,0,0,0,0,1,0,2,0,0,0,4,0,0,0,2,0,0,0,5,0,1,0,0,0,0,0,1,1,1,0,10
1,2,0,0,0,0,0,3,0,0,0,0,0,1,1,0,25,1,1,0,0,0,0,0,0,0,1,0,2,1,0,31,0,2,0,0,0,0,2,0,0,11,1,0,0,0,0,4,0,4,0,0,1,18,1,8,2,10,17,0,0,0,0,26,0,0,0,0,0,1,0,0,3,0,0,0,7,0,2,0,0,0,0,0,5,22,2,0,0,5,0,0,0,0,0,0,1,10,12,0,0,0,3,6,0,0,1,0,0,10,0,0,0,0,1,0,0,0,3,0,1,4,0,3,3,2,0,0,0,0,0,0,9,1,1,0,2,0,5,0,0,1,0,0,9
0,0,0,0,0,0,0,0,0,0,0,0,0,0,0,0,0,0,0,0,0,0,0,0,0,0,0,0,0,0,0,0,0,0,0,0,0,0,0,0,0,1,0,0,0,0,0,0,0,0,0,0,0,0,0,0,0,0,0,0,0,0,0,0,0,0,0,0,0,0,0,0,0,0,0,0,0,0,0,0,0,0,0,0,0,0,0,0,0,0,0,0,0,0,0,0,0,0,0,0,0,0,0,0,0,0,0,0,0,0,0,0,0,0,0,0,0,0,0,0,0,0,0,0,0,0,0,0,0,0,0,0,0,0,0,0,0,0,0,0,0,0,0,0,2
0,1,0,0,1,5,0,2,0,0,0,1,0,5,4,0,10,2,1,0,0,1,0,0,2,0,1,0,14,4,0,16,0,0,1,0,0,6,7,1,3,11,3,0,0,0,0,1,0,5,0,0,0,42,9,12,3,10,2,1,2,1,0,21,0,0,0,3,4,2,0,0,2,0,0,0,12,0,1,0,0,1,0,0,1,22,6,5,3,4,0,0,1,0,1,0,17,9,12,3,0,0,3,6,1,2,9,0,1,8,2,0,6,0,1,0,10,0,7,0,3,4,0,2,11,0,0,1,0,0,0,0,13,1,9,0,0,0,6,0,1,1,0,1,28
0,2,0,0,1,1,0,0,0,0,0,0,0,1,1,0,0,0,0,0,0,0,0,0,0,0,0,0,2,2,0,2,0,0,0,0,0,0,1,0,0,3,0,0,0,0,0,0,0,0,1,0,0,6,0,1,0,2,0,0,0,0,0,2,0,0,0,0,2,0,0,0,2,0,0,0,3,0,0,0,0,0,0,0,0,3,0,0,0,1,0,0,0,0,0,0,1,2,0,0,0,0,0,1,0,2,1,0,0,1,0,0,2,0,0,0,0,0,0,0,0,0,0,0,4,0,0,0,1,0,0,0,0,0,1,0,0,0,0,0,0,0,0,1,3
0,0,0,0,0,0,0,0,0,0,0,0,0,0,1,0,0,0,1,0,0,0,0,0,0,0,0,0,1,0,0,2,0,0,0,0,0,0,3,0,0,5,0,0,0,0,0,0,0,0,0,0,0,6,1,0,0,6,0,0,0,0,0,4,0,0,0,0,2,1,0,0,0,0,0,0,1,0,0,0,0,0,0,0,1,1,1,0,0,0,0,0,0,0,1,0,0,0,1,0,0,0,0,0,0,0,0,0,0,0,1,0,0,0,0,0,0,0,1,0,0,0,0,0,0,0,0,0,0,0,0,0,0,0,1,0,0,0,1,0,0,0,0,0,8
0,0,0,1,0,3,0,1,0,1,0,0,0,0,0,0,4,0,0,0,0,0,1,0,0,0,0,0,1,0,0,5,0,0,0,0,0,0,1,0,0,2,0,0,0,0,0,1,0,1,0,0,0,4,0,2,0,1,11,0,0,0,0,7,0,0,0,0,0,0,0,0,1,0,0,0,1,0,0,0,0,0,0,0,0,4,0,0,0,2,0,0,1,0,0,0,1,0,1,0,0,0,1,1,0,0,1,0,0,1,2,0,0,0,0,0,0,0,1,0,0,1,0,0,2,0,0,0,0,0,0,0,0,1,0,0,0,0,2,0,0,0,0,0,14
0,0,0,0,0,0,0,0,0,0,0,0,0,0,0,0,1,0,1,0,0,2,0,0,0,1,0,0,3,0,0,2,0,0,0,0,0,1,0,0,0,2,0,0,0,0,0,0,0,0,0,0,0,9,1,2,0,0,0,0,0,0,0,1,0,0,0,0,0,0,0,0,2,0,0,0,0,0,0,0,0,0,0,2,2,0,0,0,0,0,0,0,0,0,0,0,0,0,2,0,0,0,3,4,0,1,0,0,0,0,0,0,0,0,0,0,0,0,1,0,0,0,1,1,0,0,1,0,0,0,0,0,2,0,0,0,0,0,0,0,0,1,0,0,1
1,6,0,1,2,0,2,5,0,0,0,0,0,4,3,0,3,0,0,0,0,0,0,0,1,1,0,0,15,1,0,13,0,0,0,1,1,1,5,0,0,16,0,1,0,0,1,4,1,4,0,1,0,41,1,5,1,11,1,1,1,0,0,27,0,0,1,0,5,3,0,0,2,0,0,0,7,0,0,0,0,0,0,1,0,16,2,1,0,7,0,0,1,0,1,0,1,6,4,0,0,0,0,12,0,3,3,0,1,10,2,1,2,0,0,0,0,0,3,2,1,2,0,1,3,1,0,0,1,0,0,0,6,0,6,0,1,0,4,1,0,3,0,1,14
0,0,0,0,0,1,0,1,0,0,0,0,0,3,0,0,0,0,0,0,0,0,0,0,3,0,0,0,1,0,0,5,0,0,0,0,0,0,1,0,0,2,0,0,0,0,0,0,0,0,0,0,0,3,0,4,0,0,0,0,0,0,0,7,0,0,0,0,1,0,0,0,0,0,0,0,3,0,0,0,0,0,0,0,0,14,0,0,1,0,0,0,1,0,0,0,0,0,0,0,0,0,1,0,0,0,1,0,0,0,0,0,0,0,0,0,0,0,0,0,0,0,0,0,2,0,0,0,0,0,0,0,2,0,1,0,0,0,1,0,0,0,1,0,1
0,0,0,0,0,0,0,0,0,0,0,0,0,0,0,0,1,0,0,0,0,0,0,0,0,0,0,0,0,0,0,2,0,0,0,0,0,0,2,0,0,1,0,0,0,0,0,0,0,0,0,0,1,3,2,1,0,4,0,1,0,0,0,0,0,0,0,0,1,0,0,0,1,0,0,0,2,0,0,0,0,0,0,0,0,2,0,1,0,0,0,0,1,0,0,0,0,1,0,0,0,0,1,3,0,0,0,0,0,0,0,1,1,0,0,0,1,0,0,0,0,0,0,1,0,0,0,0,0,0,0,0,0,0,0,1,0,0,2,0,0,1,0,0,2
0,1,0,0,0,2,0,0,0,0,0,0,0,0,0,0,1,0,0,0,0,2,0,0,1,0,0,0,0,0,0,0,0,0,0,0,0,0,0,0,0,1,0,0,0,0,0,1,0,0,0,0,0,2,1,1,0,0,0,0,0,0,0,5,0,0,0,0,0,0,0,0,1,1,0,0,2,0,0,0,0,0,0,1,0,4,0,0,0,1,0,0,2,0,0,0,0,2,1,0,0,0,6,1,0,2,0,0,0,0,0,0,0,0,0,0,0,0,1,0,0,0,0,2,0,0,1,1,0,0,0,0,2,0,0,0,0,0,0,0,0,0,0,0,3
4,5,0,1,7,1,0,5,0,0,0,0,1,2,2,0,4,3,4,0,0,51,0,1,6,0,0,0,13,3,0,16,0,2,0,1,0,3,4,0,7,8,1,0,0,2,0,3,0,0,1,2,0,28,5,3,3,38,3,1,1,0,0,13,2,0,2,0,2,4,0,0,2,0,0,0,13,0,1,0,7,1,0,0,1,10,4,0,0,12,0,0,2,0,3,0,18,5,7,4,0,2,18,11,0,3,1,0,0,2,3,1,0,1,0,0,0,3,2,3,5,3,0,2,8,0,2,0,1,0,0,0,7,0,4,0,1,0,7,1,1,1,0,1,13
1,1,0,2,0,1,1,4,0,0,0,0,0,7,1,0,5,0,0,0,1,0,0,0,1,0,2,0,29,2,0,8,0,2,0,0,0,2,4,0,0,11,0,0,0,0,0,5,0,0,0,0,0,27,3,5,1,9,1,0,2,0,0,7,0,0,1,0,3,1,0,0,7,0,0,0,1,0,0,0,0,0,0,0,3,11,0,1,0,2,0,0,0,0,1,0,0,1,8,0,0,0,1,12,0,6,3,1,2,7,1,0,3,0,1,0,0,0,1,0,1,3,0,1,0,0,0,0,0,0,0,0,3,0,1,0,0,0,2,0,0,1,0,1,16
2,1,0,0,0,1,0,1,0,1,0,0,0,2,0,0,2,0,0,0,0,0,0,0,3,0,0,0,6,1,0,13,0,0,0,0,0,0,0,0,2,4,0,0,0,0,0,0,0,1,0,0,1,15,1,7,0,3,2,1,0,0,0,13,5,0,0,0,1,0,0,0,2,0,0,0,3,0,1,0,0,0,0,1,2,18,0,0,0,3,0,0,0,0,0,0,0,2,1,0,0,0,3,5,0,1,0,0,0,3,0,1,0,0,2,0,0,0,2,0,1,2,0,0,4,0,0,0,0,0,0,0,7,0,1,0,0,0,1,0,0,0,0,1,10
0,0,0,0,0,0,0,0,0,0,1,0,0,0,1,1,0,1,0,0,0,1,0,0,0,0,0,0,5,0,0,0,0,0,1,0,0,1,2,1,0,0,0,0,0,0,0,0,0,0,1,0,0,2,6,0,0,2,0,0,1,0,0,1,0,0,0,0,0,1,0,0,0,0,0,0,0,0,0,0,0,0,0,0,0,2,0,0,0,1,0,0,0,0,0,0,0,2,2,0,0,0,1,2,0,1,0,0,0,1,0,0,0,2,0,0,14,0,1,0,0,1,0,0,1,0,0,1,0,0,0,0,0,0,1,0,0,0,0,0,0,0,0,0,1
5,2,0,1,1,1,9,9,1,0,0,0,0,22,4,0,22,2,7,0,0,57,0,1,9,1,0,0,22,3,1,57,0,3,1,0,0,10,87,0,0,42,0,0,0,0,0,1,0,0,0,2,0,98,2,53,1,416,27,2,3,0,0,56,14,0,1,0,35,2,0,0,16,0,0,0,20,0,1,0,10,0,0,4,9,154,3,3,1,5,0,0,4,0,4,0,5,40,9,0,0,1,9,33,0,12,4,0,0,33,5,0,8,2,0,0,0,0,10,0,14,6,1,0,9,0,0,0,1,0,0,0,25,1,24,2,0,0,4,0,2,2,0,0,517
0,1,0,0,0,0,0,2,0,0,0,0,1,3,0,0,0,0,1,0,1,0,0,0,0,0,0,0,3,1,0,9,0,0,0,0,0,1,0,1,0,1,0,0,0,0,0,0,0,1,1,0,1,13,1,5,0,7,0,0,0,0,0,10,0,0,1,1,2,1,0,0,0,0,0,0,3,0,0,0,0,0,0,0,0,7,0,0,0,1,0,0,1,0,2,0,2,0,1,0,0,0,0,5,0,2,0,0,0,1,0,0,4,0,0,0,0,0,2,0,1,0,0,0,3,0,0,0,0,0,0,0,4,0,6,0,0,0,0,1,1,2,0,0,15
2,4,0,2,2,4,1,4,0,0,0,0,0,5,0,0,6,0,0,0,0,25,0,0,0,0,0,0,19,2,0,13,0,0,0,1,0,3,1,0,0,14,0,0,0,1,0,1,0,2,0,1,0,37,5,7,1,20,2,2,2,0,3,20,1,0,0,3,5,0,1,0,5,0,1,0,9,0,0,0,2,0,0,0,1,8,2,4,0,3,0,0,4,1,0,0,6,1,5,0,0,0,3,13,0,3,6,0,2,4,6,0,2,0,1,0,0,0,3,0,6,6,0,1,6,0,1,1,0,0,0,0,4,1,5,0,1,0,0,0,1,2,0,2,18
0,6,0,3,0,2,1,5,0,0,0,0,0,2,3,0,4,0,0,0,0,5,0,0,3,1,0,0,16,5,0,10,0,2,0,0,1,1,6,2,0,14,1,0,1,0,0,2,0,1,0,2,0,34,9,12,0,10,1,1,2,0,0,30,0,0,1,1,6,4,1,0,3,0,0,0,8,0,0,0,1,0,1,0,2,12,3,5,0,2,0,0,3,0,0,0,2,4,6,0,0,0,2,16,0,4,12,0,0,2,2,0,2,0,1,0,1,0,5,0,5,4,0,2,3,0,0,0,0,1,0,0,3,0,6,0,0,0,1,1,0,3,1,0,25
2,0,0,4,1,3,2,6,0,0,12,0,0,5,1,0,10,4,2,0,2,11,0,0,2,1,2,0,18,7,0,9,1,1,0,0,0,1,28,0,0,9,0,0,2,5,0,10,0,2,1,0,0,44,8,9,1,20,3,2,0,3,0,40,0,0,0,6,6,3,1,1,25,1,0,0,10,0,0,0,0,0,0,2,2,17,0,1,0,9,0,0,3,0,1,0,7,5,12,0,0,0,17,18,0,20,6,4,0,6,3,1,9,0,10,0,4,0,1,0,3,2,0,5,2,0,1,5,3,0,0,0,5,0,12,0,2,0,3,1,0,5,3,0,32
0,1,0,0,0,2,0,0,0,0,0,0,0,0,1,0,0,0,0,0,0,0,0,0,0,0,0,0,4,1,0,4,0,1,0,0,0,1,2,0,0,3,0,0,0,0,0,0,0,0,0,0,0,8,0,3,1,0,1,0,0,0,0,1,0,0,0,0,0,0,0,0,0,0,0,0,2,0,0,0,0,0,0,0,0,2,0,0,0,2,0,0,0,0,0,0,1,0,0,0,0,0,1,1,0,0,2,0,0,1,0,0,1,0,0,0,0,0,0,0,0,0,0,0,0,0,0,0,0,0,0,0,0,0,0,0,0,0,1,0,0,0,0,0,4
0,0,0,0,1,0,0,1,0,0,0,0,0,2,5,0,8,0,0,0,0,0,0,0,1,0,0,0,5,0,0,4,0,3,0,0,1,1,1,1,1,6,0,0,0,0,0,3,0,3,0,1,1,21,6,7,0,4,0,0,0,0,3,11,0,0,1,0,2,1,0,0,2,0,0,0,5,0,0,0,0,0,0,2,2,10,2,0,0,1,0,0,1,0,5,0,3,10,4,0,0,0,3,0,0,2,1,0,0,8,0,0,0,1,1,0,0,1,5,0,6,2,0,0,2,0,0,0,2,0,0,0,3,1,2,0,0,0,2,0,0,0,0,1,6
1,3,0,1,2,8,8,3,1,0,0,0,0,10,14,0,19,3,0,0,0,1,0,0,2,1,2,0,17,4,0,35,0,3,1,1,2,2,9,1,2,36,0,1,0,0,0,4,1,4,1,0,0,66,5,31,1,19,16,1,7,0,1,50,2,0,1,5,11,6,0,0,6,0,0,0,27,0,1,0,0,0,0,4,8,39,2,1,0,6,0,0,5,0,2,0,5,16,17,0,0,0,2,17,1,2,13,0,0,15,2,1,3,1,2,0,3,0,9,0,6,3,0,0,15,0,0,3,1,0,0,0,7,5,10,0,0,0,6,0,0,5,0,1,30
1,0,0,0,1,2,0,4,1,0,0,0,0,7,0,0,7,1,0,0,2,18,0,0,2,0,1,0,13,1,0,13,0,1,0,0,0,10,2,0,0,12,0,0,0,0,0,4,0,1,0,0,0,14,1,17,0,6,10,1,0,0,0,18,0,0,0,1,3,1,0,0,3,0,0,0,17,0,0,0,0,0,1,1,1,23,1,0,2,0,0,0,2,0,0,0,0,8,17,0,0,0,5,3,0,2,1,0,0,5,3,0,0,0,1,0,0,0,2,0,2,2,0,1,3,0,0,0,0,0,0,0,11,0,1,0,1,0,1,0,0,0,5,1,11
0,1,2,3,0,2,0,12,0,0,2,0,0,3,0,0,3,3,1,1,0,0,1,0,2,1,0,0,9,1,0,11,0,0,0,0,0,1,8,0,0,5,0,0,0,0,0,1,0,2,0,0,0,21,3,9,0,2,1,0,2,0,0,12,0,0,0,2,0,1,0,1,3,0,1,1,7,0,1,0,0,0,0,0,2,14,0,0,0,2,0,1,1,0,1,0,1,5,6,0,0,1,1,4,0,3,1,0,0,8,2,2,0,0,1,0,0,0,0,0,0,1,0,3,2,0,0,2,1,0,0,0,3,0,2,0,0,0,1,0,1,2,0,0,8
2,3,0,1,1,0,0,13,0,0,0,0,0,3,0,0,0,3,0,0,1,1,1,0,0,0,0,0,11,2,0,11,0,2,0,0,0,0,5,3,0,6,1,0,0,0,0,0,0,4,0,0,1,30,10,4,0,11,1,1,1,2,0,37,1,0,0,1,6,1,1,0,6,0,0,2,13,1,0,0,0,0,0,0,0,14,2,0,1,3,1,0,2,0,1,0,0,3,6,0,0,0,3,7,0,2,1,0,2,7,2,1,0,0,1,1,4,0,6,0,0,2,0,1,5,0,0,0,3,1,0,0,7,1,7,2,0,0,4,0,0,3,0,0,15
0,1,0,0,0,0,0,0,0,0,0,0,0,2,0,0,1,0,0,0,0,0,0,0,0,1,0,0,4,0,0,3,0,2,0,0,0,0,2,0,0,0,0,0,0,0,0,1,0,0,0,0,2,6,4,2,0,1,0,0,0,0,0,5,0,0,0,0,1,0,0,0,4,0,1,0,1,0,1,0,0,0,0,0,0,1,0,0,0,0,0,0,1,0,0,0,0,1,0,0,0,0,0,1,0,1,0,0,0,1,0,0,1,0,0,2,1,0,0,0,1,1,0,1,1,0,0,1,0,0,0,0,3,0,0,2,0,0,1,0,1,0,1,0,4
0,1,0,0,0,0,1,8,0,0,0,0,1,6,0,0,2,0,0,0,0,1,0,0,5,0,0,0,2,0,0,12,0,1,0,0,0,7,1,0,0,7,0,0,0,1,0,3,0,0,0,0,0,9,1,3,1,5,1,0,1,0,0,20,1,0,0,1,2,0,0,0,3,0,1,0,7,0,2,0,0,0,0,0,2,8,1,1,3,0,0,0,0,0,0,1,0,3,4,0,0,2,1,4,0,0,0,0,0,3,1,1,0,1,0,0,0,0,1,0,2,2,0,0,3,0,0,1,0,0,0,0,6,0,0,0,2,0,1,0,1,0,0,0,21
0,0,0,0,1,0,0,4,0,0,0,0,0,0,1,0,5,1,0,0,0,1,0,0,2,0,0,0,2,0,0,2,0,2,0,0,0,1,0,0,0,3,0,0,0,0,0,4,0,2,1,0,0,3,1,2,0,1,1,0,2,0,0,5,0,0,0,0,1,0,0,0,1,0,0,0,3,0,0,1,0,0,0,0,0,6,0,0,0,0,0,0,0,0,0,0,0,1,15,0,0,2,1,3,0,0,0,0,0,2,0,0,0,0,0,1,0,0,0,0,0,0,0,3,1,0,0,0,0,0,0,0,0,0,0,0,1,0,1,1,1,2,3,0,1
0,0,0,0,0,0,0,0,0,0,0,0,0,0,1,0,0,1,0,0,0,0,0,0,1,0,0,0,4,0,0,2,0,1,0,0,0,0,1,0,0,0,0,0,0,0,0,0,0,0,0,1,0,4,1,5,0,3,0,0,0,0,0,5,1,0,0,0,2,3,0,0,1,0,0,0,2,0,0,0,0,0,0,0,1,4,1,0,0,2,0,0,0,0,0,0,3,5,0,0,0,0,1,4,1,0,1,0,0,3,0,0,0,0,0,0,0,0,1,0,1,1,0,0,4,0,0,0,0,0,0,0,1,0,1,0,0,0,2,0,0,0,0,0,4
3,1,0,0,0,4,0,3,0,0,0,0,0,4,11,0,17,3,1,0,0,7,0,2,1,1,0,1,12,2,0,14,0,4,0,1,3,1,2,2,2,13,1,0,0,3,0,2,0,1,3,0,0,23,2,10,0,8,1,8,1,0,0,9,2,1,0,1,7,3,0,0,3,0,0,0,6,0,1,0,1,0,0,0,1,8,4,2,0,5,0,0,0,0,4,0,3,5,8,0,3,1,5,12,0,5,2,7,1,4,4,1,2,0,0,0,4,0,3,2,2,1,1,0,7,0,1,2,0,0,0,2,8,0,2,0,1,0,6,4,2,2,1,0,17
2,6,1,0,0,5,3,4,0,0,2,0,3,4,8,0,4,2,0,0,0,11,0,0,5,0,0,0,26,6,0,35,1,5,0,0,5,0,3,2,0,20,0,2,0,0,0,0,0,3,0,0,2,71,5,20,0,24,3,7,2,0,0,43,2,0,0,0,30,0,0,0,3,0,0,0,12,0,3,0,0,0,0,4,0,55,5,1,0,1,0,0,8,0,0,0,0,1,8,0,0,0,10,43,0,1,19,0,1,9,2,0,3,0,1,2,3,0,11,0,5,0,0,4,7,0,0,10,2,0,0,0,10,5,4,0,0,0,4,0,0,0,0,1,29
1,5,0,0,0,1,0,1,0,0,3,0,0,1,0,0,1,0,0,0,0,12,0,0,1,0,0,0,8,5,0,9,0,1,0,0,1,0,1,0,0,1,0,0,0,0,0,0,0,0,0,0,1,29,1,1,0,2,1,0,0,0,0,7,0,0,0,0,6,1,0,0,0,0,0,0,4,0,0,0,0,0,0,0,0,3,1,0,0,1,0,0,0,0,0,0,5,0,2,0,0,0,13,6,0,2,1,0,0,1,0,2,11,0,0,0,0,0,6,0,3,2,0,1,3,0,5,0,0,0,0,0,0,0,6,0,0,0,2,0,0,0,0,0,20
1,1,0,0,0,1,1,4,0,0,0,0,0,3,1,0,2,0,0,0,0,0,0,0,0,0,0,0,3,1,0,5,0,1,0,0,0,1,2,2,0,4,0,0,0,0,0,0,0,1,0,0,0,18,1,5,0,5,2,0,1,0,0,11,2,0,0,0,5,1,0,0,2,1,0,0,3,0,0,0,0,0,0,2,1,7,0,2,0,1,0,0,0,0,0,0,1,3,4,0,0,0,0,6,2,0,0,0,0,2,0,0,1,1,0,0,0,0,1,0,0,1,0,0,3,0,0,0,0,0,0,0,1,0,1,0,0,0,2,0,0,0,0,2,12
0,1,0,0,0,0,0,0,0,0,0,0,0,2,0,0,2,0,0,0,0,0,0,0,0,0,0,0,3,0,0,4,0,0,0,0,0,0,0,0,0,0,0,0,0,0,0,0,0,1,0,0,0,7,0,1,0,2,3,0,0,0,0,4,0,0,0,0,0,0,0,0,4,0,0,0,3,0,0,0,0,0,0,0,1,4,0,0,0,2,0,0,1,0,0,0,0,1,2,0,0,0,0,0,0,0,0,0,0,2,1,0,0,0,0,0,0,0,2,0,0,0,0,0,3,0,0,1,0,0,0,0,3,0,1,0,0,0,0,0,0,0,0,0,5
0,0,0,0,0,1,0,0,0,0,0,0,0,1,1,0,0,0,0,0,0,0,0,0,0,0,0,0,0,0,0,0,0,0,0,0,0,0,0,0,0,3,0,0,0,0,0,0,0,0,0,0,0,4,1,1,0,1,0,0,0,0,0,2,0,0,0,0,0,0,0,0,0,0,0,0,2,0,0,0,0,0,0,0,0,2,0,1,0,0,0,0,0,0,0,0,0,1,0,0,0,0,0,2,0,1,0,0,0,1,0,0,0,0,0,0,0,0,0,0,0,0,0,0,1,0,0,0,0,0,0,0,2,0,0,0,0,0,0,0,0,0,0,0,6
0,1,1,0,0,0,0,4,0,0,0,1,1,0,2,1,0,1,0,0,0,2,0,0,1,3,0,0,32,5,0,11,0,3,0,0,1,2,6,1,0,4,0,0,0,0,0,0,0,0,0,0,0,20,2,3,1,8,1,0,0,1,0,8,2,0,0,0,6,2,0,1,3,0,0,0,4,0,0,0,0,0,0,0,0,6,1,0,1,1,0,1,0,0,0,0,1,2,3,0,0,0,3,22,0,2,3,1,0,3,2,0,1,2,1,2,1,0,3,0,3,2,0,2,2,0,1,1,1,0,1,0,4,1,4,0,2,1,3,0,1,0,0,0,9
1,3,0,0,0,1,0,0,0,0,0,0,0,1,1,0,2,2,1,0,1,0,0,1,1,0,0,0,1,1,0,3,0,0,0,0,0,1,1,0,1,1,0,0,0,0,0,0,0,2,0,0,0,6,2,2,0,4,2,0,0,1,0,7,0,0,0,1,2,0,0,0,0,0,0,0,4,0,0,0,0,0,0,0,2,3,0,0,0,1,0,0,0,0,1,0,0,3,3,0,0,0,0,4,0,1,0,0,0,1,2,0,0,0,0,1,0,0,0,0,1,2,0,0,2,0,0,0,0,1,0,0,2,0,1,0,1,0,2,0,0,2,0,1,2
0,0,0,0,0,2,0,7,2,0,1,0,0,2,0,0,1,6,3,0,2,11,0,0,1,0,0,0,2,1,0,3,0,2,0,0,0,0,2,0,0,3,0,0,3,0,0,0,0,0,0,1,0,8,3,9,0,2,0,0,0,0,0,5,0,0,0,0,2,1,0,0,1,0,0,0,5,0,0,0,0,0,0,0,0,3,1,0,0,2,0,0,1,0,0,1,0,6,2,0,0,1,19,0,0,1,0,0,0,1,1,0,0,0,0,0,0,0,1,0,1,0,0,14,0,0,6,0,0,0,0,0,2,0,0,1,0,0,1,0,1,1,1,0,8
0,0,0,0,0,0,0,0,0,0,0,0,0,0,1,0,0,0,0,0,0,35,0,0,0,0,0,0,1,0,0,3,0,1,0,0,0,3,1,0,0,1,0,0,0,3,0,0,0,2,1,0,0,6,3,1,0,7,0,0,0,0,0,6,0,0,0,0,0,0,0,0,4,0,0,0,0,0,0,0,0,0,0,0,0,1,0,0,0,0,0,0,1,0,0,0,6,0,1,1,0,0,0,2,0,5,0,0,0,0,1,0,1,0,0,0,0,0,0,0,0,0,0,0,1,0,0,0,0,0,0,0,3,0,1,0,0,0,1,0,0,0,1,0,5
1,1,1,0,0,4,0,0,0,0,1,0,1,1,0,0,2,0,0,0,0,1,0,0,2,0,0,0,10,2,0,12,0,3,0,0,0,1,2,0,0,9,0,1,0,0,0,0,0,0,0,1,1,25,1,4,0,13,1,1,1,0,0,14,0,0,0,0,9,0,0,0,6,0,0,0,8,0,1,0,0,0,0,0,1,33,0,0,0,1,0,0,8,1,1,0,0,4,2,0,0,0,5,12,0,4,9,0,0,6,2,0,0,0,0,1,0,0,4,0,3,2,0,1,0,0,0,9,3,0,1,0,5,1,3,0,0,0,2,0,0,0,0,0,9
0,0,0,0,0,0,0,0,0,0,0,0,0,0,0,0,0,0,0,0,0,0,0,0,0,0,0,0,0,0,0,1,0,0,0,0,0,0,0,0,0,0,0,0,0,0,0,0,0,0,1,0,0,0,0,0,0,1,0,0,0,0,0,0,0,0,0,0,0,0,0,0,0,0,0,0,0,0,0,0,0,0,0,0,0,0,0,0,0,0,0,0,0,0,0,0,0,0,0,0,0,0,0,0,0,0,0,0,0,0,0,0,0,0,0,0,0,0,1,0,0,0,0,0,0,0,0,0,0,0,0,0,0,0,0,0,0,0,0,0,0,0,0,0,0
