0.1875,0.12245,0.5,0.25,0.99352,0.083333,1,0.14754,0.2,0.2314,0.95309,0.66667,0.10249,0.084746,0.084967,0.25,0.10127,0.21212,0.5,0.10526,0.95385,1,0.07754,0.5,0.13565,0.1018,0.22517,0.51852,0.33333,0.92294,0.3913,1,0.12088,0.1092,0.91317,0.33333,0.12613,0.25,0.11712,0.12739,0.4,0.49007,0.43678,0.17517,0.5,0.96418,0.25926,0.13077,0.30769,0.15909,0.49112,0.125,0.11613,0.10323,0.13725,0.25,0.30112,0.21429,0.63376,1,0.5,0.94949,0.20359,0.13793,1,0.45045,0.33333,0.076037,0.34483,0.13889,0.5,0.2,0.16667,0.13333,0.96288
0.57937
0,0,0,0,0,1,0,2,0,0,1,0,14,3,5,1,8,2,0,0,0,0,8,0,12,11,3,3,0,0,0,0,1,4,0,0,4,0,2,4,0,0,0,3,0,0,0,9,0,2,6,1,15,1,1,0,7,0,3,0,0,0,1,1,0,3,0,14,0,0,0,1,1,1,0
1,2,0,0,0,3,0,1,1,56,0,0,3,8,10,2,7,3,0,1,0,0,8,1,13,18,3,3,1,0,27,0,9,9,1,0,4,0,4,3,0,1,38,15,0,1,35,5,0,3,8,1,0,4,8,0,12,0,5,0,0,0,2,1,0,3,0,9,0,3,0,0,0,1,0
0,0,0,1,0,0,0,0,0,0,0,0,1,4,6,0,2,0,0,0,0,0,11,0,7,8,3,2,0,0,1,0,0,4,0,0,4,0,4,5,0,1,2,12,0,0,0,2,0,0,5,1,0,4,2,0,7,0,0,0,0,0,4,1,0,3,0,14,0,4,0,0,0,0,0
0,1,0,0,0,0,0,4,0,3,2,0,33,6,6,1,2,3,0,1,0,0,14,0,8,7,1,3,0,0,0,0,2,7,1,0,6,0,0,3,0,0,0,20,0,1,0,2,0,0,5,2,9,3,1,0,2,1,1,0,0,0,4,0,1,0,0,13,0,1,0,1,0,0,0
0,0,0,0,0,0,0,0,0,0,0,0,0,3,5,0,3,1,0,1,0,0,1,0,6,3,2,1,0,0,0,0,0,5,1,0,4,0,0,1,1,0,0,5,1,2,0,0,0,0,3,1,0,2,3,0,4,0,1,0,0,0,1,0,0,0,0,8,0,0,0,0,0,0,0
1,1,0,0,0,0,0,1,0,1,2,0,0,1,7,0,3,0,0,0,0,0,4,0,9,9,1,6,0,0,0,0,0,5,0,0,4,0,0,2,0,0,0,5,0,0,1,1,0,0,0,1,0,1,1,0,4,1,0,0,0,0,2,1,0,2,0,10,0,0,0,0,0,0,1
0,1,0,0,0,2,0,0,0,10,0,0,1,3,12,0,5,2,0,0,0,0,5,0,5,16,4,2,0,0,0,0,5,6,0,0,6,0,0,7,0,0,0,11,0,0,3,2,0,0,8,1,0,5,3,0,10,0,2,0,0,0,2,4,0,2,0,13,0,6,0,0,0,0,0
0,0,0,0,0,0,0,0,0,0,0,0,0,0,0,0,0,0,0,0,0,0,1,0,0,1,0,0,0,0,0,0,0,0,0,0,0,0,0,0,0,0,0,0,0,0,0,0,0,0,0,0,0,0,0,0,0,0,0,0,0,0,1,0,0,0,0,3,0,0,0,0,0,0,0
0,5,0,0,0,1,0,2,0,4,1,0,23,5,8,1,5,4,0,0,14,0,20,0,4,20,11,6,0,2,1,0,4,6,0,1,9,1,9,8,0,3,0,11,0,1,3,6,0,5,13,1,7,9,1,0,7,1,3,0,0,4,8,2,0,1,0,16,1,4,0,2,0,0,16
0,2,0,0,0,0,0,0,0,0,0,0,0,2,3,0,2,0,0,1,0,0,2,0,0,6,0,0,0,0,0,0,0,1,0,0,5,0,0,1,0,0,0,1,0,0,0,1,0,0,0,0,0,0,0,0,1,0,2,0,0,1,1,0,0,0,0,2,0,1,0,0,0,0,0
0,0,0,0,1,0,0,0,0,1,0,0,0,0,4,1,0,1,0,0,0,0,2,0,0,3,1,0,0,0,0,0,0,0,0,0,3,0,0,0,0,1,0,1,0,0,0,0,0,0,0,0,0,0,1,0,0,0,0,0,0,0,0,0,0,1,0,3,0,2,0,0,0,0,0
0,1,0,0,0,0,0,0,0,6,0,0,0,2,1,0,0,0,0,0,0,0,1,0,7,2,1,0,0,1,6,0,0,1,1,0,1,0,0,1,0,0,4,3,0,0,2,0,0,0,2,0,0,1,0,0,4,1,0,0,0,0,0,0,0,0,0,2,0,2,0,0,0,0,1
1,0,0,0,0,0,0,0,0,0,0,0,3,0,0,1,2,1,0,0,0,0,3,0,1,3,0,1,0,0,0,0,0,0,0,0,2,0,1,1,0,0,0,2,0,0,1,0,0,0,0,0,2,1,0,0,1,0,0,0,0,0,0,0,0,0,0,2,0,0,0,0,0,0,0
0,3,0,0,1,4,0,1,1,6,0,0,4,4,17,0,4,0,0,0,0,0,13,0,9,18,5,5,0,0,1,0,2,1,1,0,4,0,3,3,0,1,2,11,0,0,4,7,0,3,5,1,4,2,1,1,4,0,1,0,0,1,2,1,0,1,0,13,0,3,0,0,0,0,0
0,0,0,0,0,1,0,3,0,0,0,0,2,1,7,0,1,2,0,0,0,0,4,0,3,2,1,3,0,0,0,0,0,0,0,0,4,0,1,2,0,0,0,2,0,1,0,0,0,0,0,0,0,2,1,0,1,0,0,0,0,0,1,0,0,2,0,5,0,0,0,0,0,0,0
0,2,0,0,0,0,0,0,0,0,0,0,2,1,1,0,0,0,0,0,9,0,1,0,3,3,1,0,0,0,0,0,0,0,0,0,5,0,0,1,0,0,0,1,1,0,0,0,0,0,0,0,0,0,0,0,0,0,0,0,0,0,0,1,0,2,0,1,2,0,0,0,0,0,0
0,1,0,0,0,0,0,2,0,1,1,0,5,0,0,1,1,0,0,0,1,0,1,0,0,1,0,1,0,1,0,0,2,1,0,0,2,0,1,0,0,0,0,2,0,0,1,0,0,0,0,0,4,0,1,0,0,0,0,0,0,0,0,0,0,0,0,2,1,0,0,0,0,0,1
3,3,0,1,0,4,0,1,0,1,0,0,37,11,13,1,6,4,0,2,0,0,16,0,6,13,4,4,0,0,0,1,0,7,1,0,10,0,1,1,0,0,0,16,0,0,1,3,2,3,8,0,18,1,3,0,7,1,3,0,0,0,12,2,0,3,0,25,0,2,1,0,0,1,0
0,3,0,0,0,3,0,0,0,0,2,0,0,5,7,1,2,3,0,0,0,0,6,0,10,14,5,2,0,0,0,0,1,5,1,0,6,0,7,2,0,0,0,11,0,0,1,3,0,0,6,1,0,8,2,0,5,0,7,0,0,1,4,1,0,2,0,10,1,5,0,0,0,1,0
1,2,0,0,0,0,0,3,0,0,1,0,1,7,1,2,4,1,0,0,1,0,7,0,9,15,1,0,0,0,0,0,0,3,0,0,1,0,4,3,0,0,0,5,0,0,0,4,0,0,3,1,0,7,0,0,6,0,5,0,0,1,5,0,0,4,0,8,0,0,0,1,0,0,0
0,0,0,0,0,0,0,0,0,4,0,0,4,1,0,0,3,0,0,0,0,0,1,0,0,0,1,0,0,0,0,0,0,0,0,0,0,0,0,1,0,0,0,1,0,0,1,0,0,0,0,0,0,1,0,0,0,0,0,0,0,0,0,1,0,0,0,1,0,0,0,0,0,0,0
2,7,1,0,460,4,1,5,0,19,447,2,34,20,26,8,13,14,1,1,1240,1,28,0,43,45,34,112,0,515,10,0,10,19,305,0,36,1,8,20,2,74,13,79,0,323,14,11,4,7,166,4,12,16,14,0,81,2,199,1,1,376,34,8,0,50,0,30,20,15,0,1,1,0,3502
0,0,0,0,0,2,0,0,1,0,0,0,5,5,2,0,3,1,0,0,0,0,4,0,6,2,1,1,0,0,1,0,0,3,0,0,1,0,3,1,0,1,1,8,0,0,0,2,0,2,2,0,2,2,3,0,3,0,1,0,0,0,1,0,0,1,0,4,1,0,0,0,0,0,0
0,3,0,0,0,1,0,1,0,2,1,0,17,5,11,1,4,4,0,0,0,0,9,0,7,23,6,3,1,0,0,0,2,6,3,0,5,1,7,2,0,1,0,6,0,1,1,2,0,1,4,0,10,5,3,0,9,1,4,0,0,2,3,2,0,4,0,10,0,5,1,1,0,0,0
0,4,0,1,0,1,0,2,0,5,1,0,6,10,13,2,3,0,0,1,0,0,16,0,12,13,8,5,0,0,0,0,3,8,1,0,11,0,4,7,0,0,0,22,0,0,4,5,0,0,2,1,1,4,2,0,8,0,2,0,0,0,12,2,0,2,0,12,0,4,0,0,0,0,0
0,4,0,0,0,3,0,0,1,16,1,0,24,8,4,2,11,0,0,0,0,0,18,0,13,19,3,6,0,0,0,0,11,12,1,1,14,0,13,7,0,0,0,15,0,0,12,5,0,2,7,2,7,10,7,0,8,0,10,0,0,0,3,3,0,2,1,20,2,7,0,0,1,1,0
0,0,0,0,0,1,0,1,0,0,0,0,1,0,2,0,0,2,0,0,0,0,2,0,0,5,0,0,0,0,0,0,0,3,0,0,4,0,0,1,0,0,0,2,0,0,0,0,0,0,0,0,0,0,0,0,2,0,0,0,0,0,3,0,0,1,0,4,0,0,0,0,0,0,0
0,2,0,0,0,1,0,1,0,13,0,0,0,5,5,0,2,2,0,1,0,0,2,0,2,12,1,1,0,0,1,0,3,3,1,0,8,0,1,3,0,3,0,8,0,0,4,1,0,0,5,1,0,3,2,0,3,0,1,0,0,2,3,0,0,2,0,8,0,5,0,0,0,1,0
1,8,0,1,0,5,0,9,0,17,1,0,8,15,22,1,14,4,0,0,4,0,29,1,24,51,7,12,0,37,19,0,9,9,5,0,37,0,8,11,1,45,24,30,0,0,8,4,4,2,28,2,4,10,6,0,23,0,19,0,0,5,19,4,0,3,0,25,6,12,0,0,0,0,115
0,1,0,0,0,1,0,4,0,18,0,0,5,12,6,0,5,1,0,1,0,0,9,0,8,8,4,3,0,0,0,0,4,6,1,0,5,0,4,5,0,0,0,13,0,0,4,0,0,0,2,1,5,5,3,1,4,0,2,0,0,0,3,1,0,3,0,17,0,1,0,1,0,2,0
0,3,0,0,0,4,0,1,0,5,0,0,0,2,7,0,2,1,0,2,10,0,4,0,12,7,4,1,0,0,0,0,0,4,0,1,5,0,2,1,1,0,0,7,0,0,2,3,1,0,3,0,0,3,4,0,3,1,1,0,0,1,4,2,0,1,0,16,0,0,0,0,1,1,0
1,4,0,0,0,3,0,0,0,11,1,0,3,5,15,0,2,1,0,2,18,0,15,0,15,15,1,5,0,0,0,0,1,5,1,0,6,0,4,10,0,1,0,19,0,1,3,4,1,0,8,1,0,0,4,1,4,1,0,0,0,0,3,3,0,2,0,9,6,1,0,0,0,0,0
0,0,0,0,0,0,0,0,0,0,0,0,4,2,2,0,1,0,0,0,3,0,2,0,1,3,1,2,0,0,0,0,0,0,0,0,3,0,1,0,0,0,0,1,0,0,0,0,0,1,3,0,4,3,0,0,2,0,1,0,0,0,0,2,0,0,0,4,0,0,0,0,0,0,0
0,3,0,0,0,3,0,1,0,16,0,1,0,8,12,0,4,3,0,2,0,0,10,0,6,8,1,1,0,0,0,0,7,1,2,0,3,0,2,1,0,0,0,5,0,0,6,0,0,0,7,0,0,3,0,0,0,0,0,0,0,0,2,2,0,2,0,13,0,0,0,0,0,0,0
0,0,0,0,0,0,0,1,0,10,0,0,0,1,2,0,0,0,0,0,0,0,2,0,1,0,1,2,0,0,0,0,3,0,0,0,2,0,0,2,0,0,0,5,0,0,7,0,0,0,1,0,0,1,0,0,0,1,0,0,0,0,0,1,0,0,0,2,0,0,0,0,0,0,0
1,2,0,0,0,0,0,0,0,0,0,0,0,4,1,0,0,0,0,0,0,0,4,0,3,6,3,0,1,0,0,0,0,0,2,0,5,0,0,3,0,2,1,7,0,1,0,4,0,0,3,0,0,2,2,0,3,0,2,0,0,0,6,3,0,0,0,5,0,2,0,0,0,0,0
1,2,0,0,0,4,0,4,0,9,1,0,15,7,7,0,2,2,0,0,0,0,8,0,3,15,4,2,0,0,0,0,5,1,0,0,4,0,1,3,0,0,0,15,0,1,7,5,0,1,4,1,3,3,2,0,2,0,1,0,0,0,2,1,0,2,0,5,0,0,0,1,1,0,0
0,12,0,0,0,0,0,3,1,5,0,0,22,16,23,2,16,2,0,0,0,0,29,0,20,38,6,5,0,0,0,0,6,8,1,0,42,0,4,11,0,0,0,23,0,0,7,17,0,1,5,2,14,10,4,1,8,3,12,0,0,1,4,3,0,2,0,33,16,8,0,1,1,2,0
0,3,0,0,0,1,0,0,0,0,1,0,23,5,4,1,5,0,0,0,0,0,0,0,1,11,2,0,0,0,0,0,0,1,1,0,4,0,1,2,0,0,0,2,0,0,0,1,0,4,2,1,6,3,4,0,1,0,14,0,0,0,3,0,0,2,1,4,0,0,0,0,0,0,0
1,1,0,0,0,0,0,1,0,3,1,0,0,7,6,0,1,1,0,0,0,0,11,0,4,7,3,1,0,0,2,0,1,3,0,0,12,0,0,0,0,16,2,6,0,0,2,2,0,0,1,1,1,1,2,0,5,0,4,0,0,0,5,2,0,0,0,4,0,4,0,0,0,0,1
0,1,0,0,0,1,0,0,0,0,1,0,0,2,1,0,0,0,0,2,0,0,2,0,4,4,0,1,0,1,0,0,0,3,0,0,7,0,0,1,0,0,0,3,0,0,0,1,0,0,0,1,0,1,2,0,1,0,0,0,0,1,0,1,0,0,0,2,0,1,0,0,0,0,0
0,0,0,0,0,0,0,1,0,0,1,0,0,1,1,0,2,0,0,0,0,0,2,0,1,1,3,2,0,0,0,0,0,0,1,0,0,0,0,1,0,0,0,4,0,0,0,0,0,0,1,0,0,1,1,0,2,0,2,0,0,0,0,0,0,0,0,1,0,0,0,0,0,1,0
0,3,0,0,0,1,0,2,0,0,0,0,14,4,6,0,2,0,0,0,0,0,9,0,6,13,2,3,0,0,0,0,0,3,1,0,13,0,3,4,0,0,0,9,0,0,0,2,0,5,1,0,9,7,2,0,4,0,0,0,1,0,0,0,0,0,0,9,0,1,0,0,0,0,0
1,1,1,0,1,3,0,2,0,0,0,0,1,2,6,0,3,1,0,0,0,0,5,0,3,2,1,2,0,0,0,0,0,4,0,0,3,0,1,4,0,1,0,6,0,1,0,3,1,0,2,0,0,2,1,0,2,0,0,0,0,0,2,0,0,0,1,3,1,0,0,0,0,1,0
0,3,0,0,0,1,0,2,0,0,1,0,18,13,2,0,1,0,0,1,0,0,7,0,3,9,2,4,0,0,0,0,0,3,0,0,1,0,0,1,0,0,0,5,0,0,1,2,0,0,1,1,11,2,1,0,2,0,0,0,0,0,0,0,0,1,0,7,0,1,0,0,0,0,0
0,0,0,0,0,0,0,0,0,0,0,0,26,1,2,0,0,0,0,0,0,0,0,0,0,0,1,0,0,0,0,0,0,0,0,0,1,1,3,0,0,0,0,3,0,0,0,1,0,2,2,0,7,4,1,0,1,0,0,0,0,0,0,1,0,0,0,1,0,2,0,0,0,1,0
1,4,0,0,0,1,0,0,0,0,1,0,2,9,5,3,2,0,1,0,0,0,16,0,7,11,4,0,0,1,0,0,0,4,0,0,17,0,4,7,0,0,0,10,0,1,0,10,0,0,6,1,0,2,3,0,6,0,6,0,0,0,5,1,0,2,0,12,1,6,0,0,0,1,0
0,0,0,0,0,0,0,0,0,0,0,0,0,0,0,0,0,0,0,0,0,0,2,0,0,0,0,0,0,0,0,0,0,0,1,0,0,0,0,0,0,0,0,0,0,0,0,0,0,0,0,0,0,0,0,0,0,0,0,0,0,0,0,0,0,0,0,0,0,0,0,0,0,0,0
