0.17391,0.11765,0.5,0.5,0.90909,0.11594,1,0.060976,0.28571,0.23952,0.34483,0.33333,0.096273,0.13115,0.083333,0.22222,0.089069,0.125,0.5,0.12,0.97931,1,0.66667,0.076923,0.33333,0.099502,0.083207,0.14035,0.46486,0.25,0.96588,0.53846,1,0.22,0.10698,0.86008,0.33333,0.12453,0.25,0.15385,0.07732,0.25,0.38667,0.47887,0.27411,0.5,0.30435,0.10811,0.093333,0.16667,0.16667,0.29658,0.15152,0.11333,0.090196,0.10891,0.18182,0.12658,0.15385,0.12174,0.5,0.33333,0.64167,0.11268,0.11111,1,0.41026,0.33333,0.091304,0.41176,0.16822,0.5,0.21053,0.5,0.14286,0.9455
0.53662
0,0,0,0,0,2,0,2,0,1,1,0,11,4,7,0,11,0,0,0,0,0,0,10,0,4,20,0,2,0,0,1,0,0,4,2,0,3,0,0,12,0,0,0,9,0,2,3,2,0,0,8,2,17,7,4,0,4,1,1,0,0,0,0,1,0,3,0,7,0,2,0,1,2,1,2
1,2,0,0,0,0,0,3,0,40,4,0,3,2,12,0,4,1,0,2,0,0,0,11,0,8,27,2,4,0,0,35,0,33,19,1,0,7,0,2,7,0,1,34,7,0,0,11,4,0,1,10,1,4,5,7,1,18,0,3,0,0,0,5,1,0,4,0,6,0,4,0,1,0,1,3
0,1,0,0,0,0,0,3,0,0,6,0,0,4,13,0,2,0,0,0,0,0,0,5,0,5,14,0,2,0,0,1,0,0,1,0,0,6,0,3,10,0,0,2,1,0,1,3,3,0,0,7,0,1,11,2,0,4,0,2,0,0,1,4,1,0,0,0,4,0,1,0,0,0,0,1
1,0,0,0,0,1,0,5,1,0,2,1,20,4,11,0,8,2,0,1,0,0,0,7,0,3,14,1,3,0,0,0,0,2,4,2,0,6,0,1,1,1,0,0,6,0,2,1,4,0,0,4,1,17,4,2,0,2,0,0,0,0,0,4,4,0,2,0,7,0,1,0,3,0,2,1
0,0,0,0,0,1,0,2,0,0,2,0,0,0,5,0,1,0,0,0,0,0,0,5,0,1,8,0,1,0,0,0,0,0,1,0,0,2,0,0,3,0,0,0,4,1,1,3,2,0,0,1,0,0,0,3,0,0,0,0,0,0,0,0,1,0,3,0,5,0,1,0,0,0,0,0
1,1,0,0,0,0,0,3,0,0,2,0,0,0,1,1,0,0,0,1,0,0,0,5,0,0,7,0,1,0,1,0,0,0,1,0,0,8,0,1,2,0,1,1,2,0,1,2,2,0,0,1,0,0,2,0,0,0,0,0,0,0,0,1,0,0,0,0,6,0,2,0,0,0,0,2
0,1,0,0,0,3,0,2,1,9,1,0,0,2,9,0,13,3,0,0,0,0,0,7,0,3,7,2,3,0,0,0,0,5,6,0,0,5,0,3,2,1,0,0,2,0,1,3,1,0,0,8,1,0,7,1,0,5,0,2,0,0,0,3,1,0,0,0,6,0,2,0,1,0,0,0
0,0,0,0,0,1,0,0,0,0,0,0,0,0,2,0,0,0,0,0,0,0,0,0,0,0,0,0,1,0,0,0,0,0,0,0,0,0,0,0,0,0,0,0,0,0,0,0,1,0,0,0,0,0,0,0,0,0,0,0,0,0,0,1,0,0,0,0,0,0,0,0,0,0,0,0
0,0,0,0,1,2,0,4,0,4,6,1,11,1,12,0,12,2,0,1,3,0,0,12,1,8,19,3,5,0,1,0,0,5,5,1,0,7,0,4,8,0,0,0,11,0,1,10,4,0,2,8,1,4,7,1,0,6,1,7,1,0,6,9,1,0,2,0,17,0,5,0,4,0,1,12
0,1,0,0,0,0,0,1,0,0,1,0,2,3,6,1,0,0,0,0,0,0,0,2,0,0,4,0,1,0,0,0,0,0,1,0,0,4,0,0,3,0,0,0,0,0,0,0,0,0,0,3,0,0,1,1,0,1,0,2,0,0,0,1,0,0,0,0,2,0,0,0,0,0,0,2
0,0,0,0,2,0,0,1,0,1,0,0,2,1,0,0,0,0,0,0,1,0,0,1,0,1,2,1,1,0,5,0,0,1,2,0,0,1,1,0,0,0,2,0,0,0,0,2,0,0,1,1,0,0,0,0,0,1,0,1,0,0,0,0,0,0,0,0,2,0,0,0,0,0,0,0
0,0,0,0,0,0,0,1,0,2,1,0,0,1,2,0,6,1,0,0,0,0,0,1,0,3,7,1,1,0,0,2,0,2,0,1,0,0,0,2,3,0,0,3,0,0,0,2,1,0,0,3,0,0,1,1,0,1,0,1,0,0,1,0,0,0,1,0,1,0,1,0,1,0,0,1
0,1,0,0,0,0,0,1,0,1,0,0,2,0,1,0,3,1,0,0,0,0,0,1,0,0,4,1,0,0,0,0,0,1,0,0,0,0,0,0,2,0,0,0,1,0,0,0,0,0,0,3,0,2,0,1,0,0,0,0,0,0,0,0,0,0,0,0,0,0,1,0,0,0,0,0
0,2,0,0,0,4,0,1,1,8,2,1,2,5,14,0,7,1,0,0,0,0,0,7,0,5,30,1,3,0,0,0,0,4,6,0,0,7,0,0,4,0,0,0,0,0,0,6,3,1,2,2,0,0,4,4,0,6,1,4,0,0,1,4,2,0,1,1,3,0,0,0,0,0,0,1
0,1,0,0,0,0,0,1,0,0,0,0,0,2,0,0,3,0,0,1,0,0,0,3,0,3,4,0,0,0,0,0,0,0,1,0,0,2,0,0,4,0,0,0,2,0,1,0,0,0,0,1,0,0,0,0,0,0,0,0,0,0,0,0,0,0,0,0,4,0,0,0,0,0,0,1
0,2,0,0,0,1,0,0,0,0,0,0,3,0,2,0,2,0,0,0,6,0,0,3,0,0,5,0,0,0,1,0,0,0,0,0,0,2,0,0,0,0,0,0,1,0,0,0,0,0,0,0,0,0,1,0,0,0,0,0,0,0,1,3,1,0,0,0,1,1,0,0,0,0,0,0
0,0,0,1,0,1,0,0,0,1,0,0,7,0,0,0,3,0,0,0,1,1,0,0,0,1,2,0,0,0,2,0,0,2,0,1,0,0,0,0,0,0,0,0,1,0,0,0,2,0,0,1,0,4,2,1,0,1,0,1,0,0,0,0,0,0,0,0,2,1,0,0,0,0,0,1
3,4,1,0,0,5,0,2,0,1,3,0,31,7,9,1,9,5,0,3,0,0,1,10,0,12,19,4,1,1,1,0,0,2,5,0,0,5,0,1,5,0,0,0,4,0,0,7,2,1,1,7,0,9,7,4,0,3,0,7,0,0,1,16,0,0,1,0,9,0,1,0,0,0,1,1
1,0,0,0,0,1,0,3,0,0,0,0,0,3,19,0,4,1,0,0,0,0,0,5,0,9,13,0,2,0,0,0,1,2,7,0,0,6,0,4,7,0,0,0,6,0,0,5,2,0,0,6,2,0,12,1,0,2,0,3,1,0,0,1,2,0,1,0,4,0,2,0,0,0,0,4
0,1,0,0,0,0,0,4,0,0,0,0,0,2,11,0,5,0,0,1,1,0,0,8,0,2,15,1,2,0,3,0,0,0,3,3,0,1,0,4,5,0,3,1,5,0,0,1,1,0,0,5,0,0,5,0,0,3,0,2,0,1,2,4,2,0,1,0,6,0,3,0,1,0,0,4
0,0,0,0,0,0,0,0,0,1,1,0,0,0,3,0,1,0,0,0,0,0,0,0,0,0,2,0,0,0,0,0,0,0,0,0,0,1,0,1,0,0,0,0,0,0,0,1,0,0,0,0,0,2,0,2,0,0,0,0,0,0,2,1,0,0,0,0,1,0,2,0,0,0,0,0
3,4,0,0,100,3,1,3,0,8,50,3,25,16,26,1,22,2,1,2,1278,0,2,16,0,20,55,2,86,1,2123,5,0,10,23,209,0,31,1,5,14,1,29,5,54,0,14,15,4,2,3,78,2,14,18,11,1,20,1,14,0,0,77,11,7,0,32,0,12,5,18,0,1,1,0,1891
0,1,0,0,0,0,0,2,0,0,1,0,4,1,6,0,4,2,0,0,0,0,0,0,0,2,8,0,1,0,3,0,0,0,3,1,0,1,0,1,1,0,0,0,2,0,1,1,1,0,1,4,0,2,3,2,0,3,0,4,0,1,1,1,0,0,0,0,3,0,1,0,0,0,0,0
0,3,0,0,0,3,0,3,0,4,2,0,18,4,18,0,7,1,0,0,0,0,0,6,0,3,27,1,4,0,0,0,0,4,5,1,0,10,0,2,6,0,0,1,5,0,4,3,2,1,0,3,2,3,13,5,1,4,1,5,0,0,3,4,1,0,1,1,10,0,4,1,0,1,1,2
1,0,0,0,1,1,0,2,1,5,3,0,6,3,17,1,9,0,0,0,0,0,0,4,1,9,29,3,1,0,0,0,0,4,4,1,0,7,0,3,6,0,0,0,2,0,1,3,3,0,1,2,1,3,15,2,1,6,1,2,0,0,1,2,2,0,2,0,4,0,4,0,1,0,0,2
1,2,0,0,0,8,0,1,0,17,1,0,25,2,24,1,14,0,0,0,0,0,0,12,1,8,28,2,8,0,0,0,0,5,15,2,1,7,0,12,2,0,0,0,5,0,2,6,2,0,2,6,4,15,10,5,1,8,2,6,0,0,4,4,2,0,4,0,4,0,7,0,0,0,1,1
0,0,0,0,0,1,0,0,0,0,0,0,2,0,3,0,0,0,0,0,0,0,0,4,0,2,6,0,1,0,0,0,0,0,2,0,0,2,0,0,1,0,0,0,1,0,0,0,0,0,0,3,0,1,0,0,0,0,0,1,0,0,1,2,1,0,0,0,3,0,0,0,0,0,0,0
1,2,0,0,0,1,0,2,0,2,2,0,2,4,11,0,4,2,0,1,0,0,0,7,0,6,12,0,1,0,2,0,0,5,7,0,0,6,0,1,4,0,5,0,2,0,1,3,0,1,1,4,1,0,4,1,1,3,0,1,0,0,0,4,2,0,0,0,4,0,0,0,0,0,0,1
3,6,0,0,3,1,0,4,2,17,7,1,5,8,34,2,16,3,0,1,4,0,0,20,0,18,48,8,9,1,33,20,0,16,20,3,0,30,0,4,15,0,16,19,9,0,3,16,7,2,1,23,5,1,17,3,0,13,0,7,0,1,2,16,4,0,4,0,21,1,17,0,2,0,2,42
0,0,0,1,0,4,0,5,0,6,5,0,6,3,6,0,4,1,0,3,0,0,0,9,0,4,21,3,7,0,0,0,0,6,7,1,0,1,0,1,7,0,0,0,9,0,2,2,1,0,0,6,1,3,8,3,0,6,0,1,0,0,1,1,4,0,2,0,7,0,0,1,0,0,1,1
4,2,1,0,0,5,0,1,0,4,4,0,0,1,6,0,5,1,0,0,5,0,0,3,0,8,8,1,2,0,0,0,0,3,7,0,0,1,0,2,6,0,0,0,2,0,0,8,3,1,0,6,0,0,5,2,0,4,1,0,0,0,0,6,2,0,3,0,6,1,4,0,1,0,0,0
1,1,0,0,1,2,0,1,0,5,7,0,1,1,14,0,6,3,0,1,4,0,0,5,0,5,22,0,3,1,0,0,0,4,6,1,0,7,0,2,1,1,0,0,4,0,0,4,2,0,0,8,1,1,10,5,0,5,0,3,0,0,1,2,1,1,1,0,6,0,3,0,0,0,1,1
0,0,0,0,0,1,0,2,0,0,0,0,5,2,2,1,3,0,0,0,0,0,0,3,0,3,4,2,1,0,0,0,0,1,1,1,0,0,0,0,3,0,1,0,1,0,0,0,0,0,0,0,1,0,1,1,1,0,0,2,0,0,1,0,3,0,0,0,3,0,0,0,0,0,0,0
0,2,0,0,0,1,0,5,0,5,3,0,0,3,12,1,2,0,0,2,0,0,0,5,0,5,16,1,1,0,0,0,0,6,7,3,1,5,0,3,4,0,0,0,4,0,1,5,1,1,0,7,1,0,6,1,0,5,0,1,0,0,0,0,1,0,3,0,8,0,0,0,0,0,0,1
0,0,0,0,0,0,0,0,0,3,0,0,0,0,2,0,4,0,0,1,0,0,0,5,0,1,4,1,0,0,0,0,0,6,1,0,0,0,0,1,1,0,0,0,2,0,1,0,0,0,0,2,0,0,1,0,0,3,0,0,0,0,1,2,1,0,0,0,0,0,0,0,0,0,0,0
0,0,0,0,2,0,0,1,0,0,0,0,0,3,5,0,1,1,0,1,0,0,0,7,0,4,4,0,1,0,6,0,0,0,2,1,0,3,0,0,3,0,1,0,3,0,1,0,0,0,0,2,0,0,2,2,0,3,0,1,0,0,0,3,0,0,0,0,2,0,1,0,0,0,0,1
0,0,0,2,0,2,0,2,0,11,4,1,21,5,4,0,8,1,0,0,0,0,0,10,0,3,16,5,2,0,0,0,0,16,7,0,1,2,0,3,2,0,0,0,2,1,1,6,2,1,1,1,0,1,8,2,1,1,0,1,0,0,0,2,1,0,1,0,3,0,0,0,1,0,0,1
0,4,0,0,0,3,0,2,1,11,8,0,18,8,22,2,16,2,1,0,0,0,0,18,0,13,47,3,10,0,1,1,0,5,16,2,0,33,0,4,10,0,1,1,15,0,2,7,7,0,4,7,1,8,23,7,2,6,2,9,0,0,4,5,3,0,1,0,15,7,9,0,1,0,2,5
0,2,0,0,0,1,0,0,0,0,4,0,29,4,6,1,6,1,0,0,0,0,0,1,0,3,17,3,1,0,0,0,0,0,3,0,0,7,1,0,1,0,0,0,2,0,0,1,0,1,1,3,0,8,5,1,0,1,0,8,0,0,5,2,0,0,1,0,1,0,0,0,0,0,0,3
0,2,0,0,0,1,0,2,0,0,2,0,0,3,6,1,3,0,0,1,2,0,0,4,0,3,11,0,2,0,6,0,0,0,2,3,0,9,0,0,2,0,15,2,1,0,1,1,2,0,0,5,2,3,3,3,1,0,0,3,0,0,1,2,1,0,0,0,3,0,0,0,0,0,0,6
1,0,0,0,0,1,0,2,0,0,0,0,0,3,7,0,4,1,0,1,0,0,0,2,0,1,3,2,0,0,5,0,0,0,0,0,0,1,0,2,0,0,0,0,1,0,0,0,1,0,0,2,0,0,4,1,0,1,2,1,0,0,0,1,2,0,0,0,1,0,1,0,0,0,0,1
0,0,0,0,0,1,0,1,0,0,0,0,0,0,3,0,2,0,0,0,0,0,0,0,0,1,4,0,2,0,0,0,0,0,1,1,0,0,1,1,1,0,0,0,0,0,0,0,0,0,0,1,0,1,2,0,0,0,0,1,0,0,0,0,0,0,1,0,2,0,2,0,0,0,0,0
0,1,0,0,0,0,0,0,0,0,1,0,18,2,5,0,1,1,0,0,0,0,0,5,0,3,13,1,3,0,0,0,0,0,3,0,0,13,0,1,6,0,0,0,2,0,0,1,0,0,1,2,1,9,5,2,0,2,0,1,0,0,0,3,2,0,1,0,3,0,3,0,0,0,0,0
0,1,0,0,0,0,0,2,0,0,2,0,0,0,5,0,3,0,0,1,0,0,0,2,0,4,6,0,2,0,2,0,0,0,0,2,0,4,0,0,6,0,0,1,2,0,1,0,0,0,0,2,1,0,3,2,0,1,0,0,0,0,0,2,2,0,0,0,2,0,1,0,0,0,0,1
0,0,0,0,0,3,0,0,0,0,5,1,22,1,5,0,1,0,0,0,0,0,0,3,0,3,9,0,2,0,0,0,0,0,2,0,0,0,0,0,8,0,0,0,2,0,0,3,1,0,0,4,0,9,1,0,0,0,0,0,0,0,0,2,1,0,0,0,4,0,0,0,0,0,0,0
0,0,0,0,0,2,0,0,0,0,0,0,19,0,2,0,0,0,0,0,0,0,0,0,0,0,2,0,1,0,0,0,0,0,0,0,0,0,0,1,1,0,0,0,0,0,0,2,0,0,1,0,1,7,3,1,0,1,0,2,0,0,0,1,1,0,0,0,0,0,1,0,0,0,0,0
1,1,0,0,0,2,0,0,0,0,2,0,2,4,17,4,8,1,0,0,0,0,0,6,0,1,17,2,1,0,3,0,0,0,5,0,0,12,0,3,5,0,0,1,3,0,0,1,2,0,0,3,0,1,9,4,0,5,0,5,0,0,2,6,2,0,2,1,10,1,3,0,0,0,0,4
0,0,0,0,0,0,0,0,0,0,0,0,0,0,1,0,0,0,0,0,0,0,0,0,0,0,1,0,0,0,0,0,0,0,0,0,0,0,0,0,0,0,0,0,0,0,0,0,0,0,0,0,0,0,0,0,0,0,0,0,0,0,0,1,0,0,0,0,0,0,0,0,0,0,0,0
