0.375,0.11154,0.66667,0.25,0.97854,0.09589,1,0.10769,0.4,0.20992,0.95461,0.33333,0.12195,0.076687,0.06686,0.1358,0.072727,0.22353,0.5,0.13889,0.9029,1,0.072398,0.76923,0.082873,0.11069,0.26786,0.45545,0.33333,0.91069,0.57,1,0.24176,0.11842,0.90343,0.33333,0.22462,0.25,0.10274,0.12791,0.6,0.45846,0.47368,0.10123,1,0.98487,0.17687,0.11465,0.28571,0.15385,0.4382,0.13043,0.13171,0.10769,0.11732,0.5,0.21262,0.13043,0.65833,0.5,0.33333,0.96833,0.15652,0.14706,0.5,0.53077,0.25,0.089918,0.28899,0.13869,0.66667,0.2,0.16667,0.066667,0.94355
0.5604
0,4,0,1,0,2,0,1,0,0,1,0,16,12,5,5,4,3,0,0,0,0,17,0,12,15,8,2,0,0,0,0,0,8,2,0,4,0,2,9,1,0,0,7,0,0,0,5,0,7,5,2,12,5,2,0,8,2,5,0,0,1,3,1,0,2,0,11,0,3,0,0,0,1,1
0,3,0,0,1,2,0,0,2,55,1,0,7,9,13,2,4,3,0,1,0,0,19,1,14,18,1,1,0,0,57,0,22,11,0,0,8,1,1,7,0,0,63,6,0,1,26,1,1,5,10,1,3,3,3,0,10,1,7,0,0,0,8,4,0,3,0,15,0,6,0,1,0,0,0
0,3,0,0,0,2,0,1,0,1,0,0,2,7,8,0,3,1,0,1,1,0,3,0,7,15,6,2,0,0,1,0,1,5,0,0,3,0,6,12,0,1,2,5,0,1,0,2,0,0,6,1,0,5,3,0,10,0,2,0,0,1,6,0,0,3,0,10,1,2,0,0,0,1,1
0,4,0,0,0,3,0,3,0,1,0,0,40,10,4,0,4,2,0,4,0,0,17,0,10,8,3,5,0,0,0,0,2,5,1,0,1,0,0,6,0,0,0,13,0,0,0,1,1,0,2,0,17,5,2,0,8,0,0,0,0,0,0,3,0,1,0,8,0,1,0,2,0,0,0
0,0,0,0,0,0,0,1,1,0,1,0,0,2,6,0,2,1,0,0,0,0,4,0,4,8,1,0,1,0,1,0,0,3,0,0,1,0,1,3,0,0,0,3,0,1,0,1,0,0,1,1,0,5,2,0,1,0,0,0,0,0,0,0,0,0,0,6,0,0,0,0,1,0,0
0,4,0,0,1,1,0,2,0,0,0,0,0,6,5,0,6,0,0,0,0,0,9,0,8,9,3,3,0,0,0,0,1,0,0,0,4,0,2,5,0,2,0,12,0,0,2,3,1,0,2,2,1,4,1,0,0,0,0,0,0,0,4,1,0,0,0,7,0,3,0,0,0,0,0
0,2,0,0,0,0,0,1,0,13,0,0,0,7,8,3,3,0,0,1,0,0,12,0,10,12,5,1,0,0,0,0,2,7,0,0,3,0,3,3,0,0,0,5,0,0,10,10,0,0,13,1,0,1,1,1,7,1,0,0,0,0,2,5,0,1,0,20,0,7,0,0,1,1,0
0,0,0,0,1,0,0,0,0,0,0,0,0,0,0,0,0,0,0,0,0,0,0,0,1,0,0,0,0,0,0,0,0,0,0,0,0,0,0,1,0,0,0,1,0,0,0,0,0,0,0,0,0,1,0,0,1,0,0,0,0,0,0,0,0,0,0,0,0,0,0,0,0,0,0
2,19,0,1,1,4,0,1,0,6,1,0,17,10,7,3,8,1,0,1,10,0,17,1,9,22,3,8,1,3,0,0,1,7,0,0,10,1,11,12,0,24,2,13,0,0,3,2,1,4,14,2,8,5,9,0,13,2,7,0,0,2,5,0,0,3,0,16,4,4,0,1,0,1,14
0,3,0,0,0,0,0,0,0,0,1,0,0,2,1,0,0,0,0,0,0,0,1,0,1,5,3,0,0,1,0,0,0,1,0,0,4,0,0,2,0,0,0,6,0,0,0,1,0,0,0,0,0,2,2,0,1,0,2,0,0,0,4,0,0,0,0,0,0,2,0,0,0,0,0
0,2,0,0,2,0,0,1,0,1,1,0,1,0,5,0,0,0,0,0,0,0,1,0,2,1,0,1,0,2,0,0,1,1,0,0,3,0,0,0,0,4,0,0,1,0,1,0,0,0,1,0,0,0,0,0,0,0,2,0,0,0,1,0,0,0,0,0,0,0,0,0,0,0,0
0,2,0,0,0,3,0,0,0,3,1,0,0,2,3,0,0,1,0,1,1,0,6,0,1,3,2,1,0,0,7,0,0,0,0,0,0,0,1,1,0,0,7,2,0,0,1,0,0,0,3,0,0,2,1,0,4,0,0,0,0,0,0,0,0,1,0,4,0,0,0,0,0,0,0
0,2,0,0,0,0,0,0,0,1,0,0,5,1,1,1,1,0,0,0,0,0,1,0,2,2,2,2,0,0,0,0,0,2,0,0,1,0,0,0,0,0,0,2,0,0,2,0,0,0,1,0,1,1,0,0,1,0,0,0,0,0,3,2,0,0,0,0,0,0,0,0,1,1,0
0,7,0,0,1,1,0,2,0,9,1,0,3,6,7,4,6,3,1,1,0,0,17,0,10,20,5,3,0,0,1,0,0,8,3,0,5,0,4,6,0,0,3,9,0,0,0,2,1,2,9,2,1,8,5,0,5,1,2,0,1,1,6,1,0,2,0,11,2,4,0,0,0,0,0
0,1,0,0,0,1,0,0,0,0,0,0,2,4,3,0,3,1,0,0,0,0,7,0,2,4,1,1,0,0,0,0,0,1,0,0,6,0,1,1,1,0,0,2,0,0,0,0,0,0,1,0,0,0,0,0,1,0,0,0,0,0,1,1,0,1,0,3,1,0,0,0,0,0,0
0,3,0,0,0,0,0,0,0,0,0,0,2,5,2,0,0,0,0,0,16,0,4,0,1,3,0,1,0,0,0,0,0,1,0,0,6,0,2,3,0,6,0,1,0,0,0,1,0,0,0,0,3,1,2,0,0,0,0,0,0,0,0,0,0,0,0,2,5,0,0,0,0,0,0
0,0,0,1,2,0,0,0,0,3,0,0,8,0,2,0,2,0,0,0,2,0,4,0,0,4,2,0,0,1,0,0,0,2,0,0,2,0,0,1,0,2,0,1,0,0,1,0,0,0,0,0,3,6,0,2,0,1,0,0,0,0,4,0,0,0,0,2,1,1,0,0,0,0,0
6,4,0,0,4,4,0,0,0,3,4,1,45,19,14,5,11,5,0,2,1,0,17,0,13,13,3,3,1,0,0,0,0,2,4,0,10,0,0,11,0,0,0,11,0,0,2,9,0,3,6,2,27,8,3,0,8,0,0,0,0,0,16,2,0,3,0,15,2,2,0,0,0,1,0
1,4,0,0,0,4,0,2,0,2,0,0,1,7,5,3,4,1,0,0,0,0,8,0,12,14,4,3,0,0,0,0,0,9,0,0,7,0,8,10,0,0,0,6,0,2,0,3,0,0,5,0,0,4,8,0,11,0,2,0,1,0,5,1,0,3,0,10,0,6,0,0,0,0,0
0,3,0,0,1,0,0,4,0,0,0,0,0,8,5,0,8,4,0,1,1,0,10,0,11,12,4,2,0,0,0,0,0,6,3,0,5,0,5,1,4,0,0,10,0,1,0,5,0,0,2,3,0,4,0,0,6,1,1,0,0,0,7,0,0,1,0,11,0,3,0,0,0,0,1
0,0,0,0,0,0,0,0,0,0,0,0,5,1,0,0,0,0,0,0,0,1,1,0,0,1,0,0,0,0,0,0,0,0,0,0,0,0,1,1,0,0,0,0,0,0,1,0,0,0,0,0,1,0,1,0,1,0,1,0,0,0,0,0,0,0,0,1,0,1,0,0,0,0,0
4,28,0,0,1231,6,1,5,0,14,694,1,23,25,18,11,11,19,0,5,1339,0,24,10,30,58,60,92,3,622,7,0,9,27,421,0,31,0,6,33,21,149,11,33,0,586,11,9,4,12,156,6,16,12,19,0,64,3,158,1,0,428,36,10,0,69,0,26,63,10,2,0,0,0,2708
0,1,0,0,1,0,0,0,0,0,3,0,5,4,2,1,2,3,0,0,0,0,4,0,5,5,1,0,0,0,0,0,0,7,0,0,2,0,1,3,0,0,0,0,0,0,0,4,0,4,2,0,3,6,5,0,4,1,3,0,0,0,2,0,0,1,0,4,2,1,0,0,0,0,0
0,12,0,1,0,5,0,3,0,1,1,0,23,7,9,2,4,3,0,3,0,0,9,0,14,14,7,2,0,0,0,0,3,7,2,0,2,0,10,3,0,1,1,9,0,0,3,7,1,0,10,2,16,6,3,0,9,1,7,0,0,0,5,1,0,1,0,10,1,2,0,0,0,1,0
0,13,0,0,0,2,0,3,0,10,1,0,7,8,20,3,7,0,0,1,0,0,19,0,22,13,8,5,0,0,0,0,3,7,0,1,4,0,7,5,0,0,1,6,0,0,5,8,0,1,1,1,2,6,6,0,8,0,3,0,1,0,5,2,0,3,0,15,4,7,0,0,0,0,0
1,28,2,0,0,3,0,1,0,23,2,0,21,20,23,3,10,4,0,2,1,0,25,0,14,23,6,3,0,0,0,0,5,6,2,1,9,1,15,7,0,0,0,12,0,0,17,5,0,7,14,3,14,10,21,0,9,2,4,1,0,1,7,0,0,2,1,12,30,7,0,0,0,1,0
0,2,0,0,0,0,0,0,0,0,1,0,4,1,1,0,1,0,0,0,0,0,2,0,2,3,0,1,0,0,0,0,0,0,0,0,2,0,1,0,0,0,0,3,0,0,0,0,0,1,1,0,0,1,1,0,3,0,0,0,0,0,3,0,0,0,0,3,0,0,0,0,0,0,0
0,4,0,0,0,1,0,1,1,15,4,0,0,7,10,2,4,3,0,0,0,0,7,0,10,10,4,0,0,0,0,0,3,3,0,0,4,0,7,7,0,3,0,6,0,1,3,1,0,2,4,1,0,3,6,0,4,1,1,0,0,0,2,2,0,4,0,13,0,2,0,0,0,0,0
0,29,0,0,1,3,0,6,0,28,2,0,10,13,19,8,9,7,1,2,9,0,30,1,24,46,15,13,1,44,20,0,6,16,4,0,20,1,5,16,0,79,39,23,0,0,13,12,1,3,37,4,6,21,15,1,18,1,11,0,0,6,34,3,0,6,0,21,2,19,0,0,0,1,142
0,4,0,0,0,3,0,5,0,15,0,0,4,13,12,1,1,1,0,3,0,0,15,0,11,10,4,6,0,0,0,0,3,6,2,0,4,0,3,6,0,0,0,15,0,0,9,4,0,0,3,3,2,0,4,0,10,1,0,0,0,0,9,2,0,4,0,4,2,1,0,2,0,0,0
0,5,0,0,0,4,0,1,0,6,1,0,0,4,10,3,4,2,0,1,40,0,10,0,4,12,4,5,0,0,1,0,1,3,2,0,8,0,6,4,0,1,1,4,0,0,2,3,0,0,5,0,0,4,7,0,7,2,1,0,0,0,1,1,0,0,1,3,5,2,0,0,1,1,0
1,10,0,0,0,7,0,1,0,5,2,0,5,12,20,6,4,3,0,3,45,0,17,0,12,12,8,6,1,0,0,0,4,8,1,0,8,0,7,11,0,18,0,10,0,0,2,6,1,0,4,0,4,12,14,0,9,0,0,0,0,1,5,3,0,2,0,16,24,3,0,0,1,1,0
0,1,0,0,0,1,0,0,0,0,2,0,0,2,4,2,2,1,0,0,12,0,1,0,3,3,1,1,0,0,0,0,0,1,2,1,0,0,2,1,0,3,0,3,0,0,0,1,0,0,0,0,0,0,2,0,1,0,0,0,0,0,2,0,0,0,0,2,1,2,0,0,0,0,0
0,2,0,0,0,0,0,0,0,9,0,1,1,10,10,0,4,1,0,2,0,0,11,0,7,14,4,4,0,0,0,0,10,6,4,0,2,0,4,8,0,0,0,12,0,0,3,2,0,0,1,1,0,4,4,0,4,0,0,0,0,0,1,2,0,1,0,5,1,3,0,0,0,0,0
0,0,0,0,0,0,0,0,0,8,0,0,0,5,0,0,0,0,0,0,0,0,3,0,1,1,2,0,0,0,0,0,2,0,1,0,1,0,0,1,0,0,0,6,0,0,12,1,0,0,0,1,0,0,0,0,1,0,0,0,0,0,1,1,0,0,0,1,0,0,0,0,0,0,0
0,4,0,0,0,0,0,1,0,0,1,0,0,5,4,1,1,0,0,0,0,0,4,0,5,4,3,1,0,2,0,0,0,4,0,0,2,0,1,2,0,5,1,1,0,1,0,3,0,0,1,1,0,2,3,0,2,0,1,0,0,0,6,2,0,0,0,3,0,0,0,0,0,0,0
0,2,0,0,0,1,0,3,0,20,0,0,13,10,7,2,2,1,0,0,0,0,4,0,5,13,1,2,0,0,0,0,5,4,0,0,3,0,2,7,0,0,0,11,0,0,12,4,0,3,8,2,3,4,0,0,7,1,0,0,0,0,6,1,0,1,0,8,0,3,0,2,0,0,0
1,11,0,0,2,3,0,7,1,9,0,0,19,17,23,2,12,2,0,0,0,0,32,0,25,32,10,5,0,1,0,1,7,13,0,0,73,0,4,11,2,0,0,20,0,0,4,18,1,9,6,2,15,15,6,0,11,0,7,0,0,0,8,6,0,2,0,33,30,12,0,0,1,0,0
0,4,0,0,0,1,0,0,0,0,0,0,18,3,11,3,0,0,0,0,0,0,3,0,6,10,1,4,0,0,0,0,0,5,0,0,2,0,3,3,0,0,0,5,0,0,0,1,0,14,2,1,16,4,0,0,7,0,4,0,0,1,0,1,0,1,1,3,0,3,0,0,0,1,0
0,4,0,0,3,0,0,1,0,1,0,0,1,6,6,3,2,2,0,0,1,0,4,0,6,8,6,2,1,5,3,0,0,3,0,0,4,0,0,6,1,25,1,2,0,0,1,2,1,0,3,0,1,2,4,0,8,0,0,0,0,0,5,1,1,4,0,6,0,4,0,0,0,0,2
0,3,0,0,3,0,0,1,0,0,0,0,0,6,1,0,1,0,0,0,0,0,3,0,2,6,2,3,0,1,1,0,0,3,2,0,0,0,0,2,3,0,0,3,0,0,0,1,0,0,0,0,0,3,0,0,4,0,0,0,0,0,1,1,0,0,0,2,1,0,0,0,0,0,1
0,1,0,0,0,0,0,0,0,0,0,0,0,3,2,0,1,0,0,1,0,0,1,0,3,2,1,1,0,0,0,0,0,1,0,0,1,0,0,3,0,0,0,1,0,0,0,0,0,0,1,0,0,1,1,0,0,0,2,0,0,0,2,0,0,0,0,0,0,1,0,0,0,0,0
0,8,0,0,0,1,0,2,0,0,0,0,9,6,2,1,4,2,0,0,2,0,11,0,4,13,6,1,0,0,1,0,0,4,2,0,12,0,9,8,0,0,0,6,0,0,0,4,0,12,4,0,7,3,4,0,5,0,3,0,0,0,5,3,0,1,0,5,6,1,0,0,0,0,0
0,3,0,0,1,2,0,0,0,0,0,0,0,5,3,1,1,2,0,0,0,0,5,0,2,7,2,1,0,0,0,0,0,7,2,0,2,0,0,3,1,0,1,3,0,0,0,0,0,0,4,0,0,0,4,0,2,0,1,0,0,0,3,0,0,2,0,4,2,2,1,0,0,0,0
0,0,0,0,0,1,0,1,0,0,0,0,19,11,9,0,3,0,0,0,0,0,8,0,1,4,4,0,0,0,0,0,0,1,2,0,1,0,0,1,0,0,0,5,0,0,0,2,0,0,4,0,6,1,2,0,2,1,1,0,0,0,3,1,2,0,0,6,0,0,0,1,0,1,0
0,3,0,0,0,1,0,0,0,0,0,0,31,1,1,0,1,0,0,0,0,0,2,0,1,2,1,1,0,0,0,0,0,1,1,0,1,0,2,1,0,0,0,0,0,0,0,1,0,2,0,0,17,1,2,0,1,0,2,0,0,0,0,2,0,0,0,1,0,2,0,0,0,1,0
0,6,0,0,2,1,0,4,0,0,1,0,2,4,12,0,5,3,0,0,2,0,13,0,13,10,7,4,0,1,0,0,0,6,1,0,44,0,3,11,1,2,0,11,0,1,1,12,0,0,4,1,0,3,1,0,5,0,0,0,0,0,2,2,1,2,1,8,28,5,0,1,0,1,0
0,2,1,0,0,0,0,0,0,0,0,0,0,0,1,0,0,0,0,0,0,0,0,0,0,0,0,0,0,0,0,0,0,0,2,0,0,0,0,0,0,0,0,1,0,0,0,0,0,0,0,0,0,1,0,0,0,0,0,0,0,0,1,0,0,0,0,1,0,0,0,0,0,0,0
