0.59804,0.6344,0.33164,0.53333,0.28205,0.42266,0.49166,0.22616,0.66906,0.41298,0.2917,0.3918,0.48735,0.39464,0.34473,0.23158,0.45355,0.57718,0.45714,0.74322,0.50523,0.95918,0.71472,0.38842,0.53321,0.70907,0.56884,0.83286,0.85968,0.71906,0.56356,0.74069,0.3868,0.39823,0.21921,0.68498,0.67976,0.84746,0.77276,0.63851,0.26623,0.13732,0.3826,0.49069,0.65789,0.49372,0.61674,0.30796
0.59643
1101,53,132,287,226,7,190,0,0,0,0,0,0,25,12,0,0,90,1,0,0,0,0,0,1,0,0,0,0,6,0,0,0,92,75,0,22,0,0,0,0,3,0,0,0,0,0,0
51,1848,67,5,155,4,214,0,0,0,0,0,0,412,0,4,0,10,109,0,0,2,4,48,6,18,0,1,0,1,0,1,0,11,3,0,2,0,0,0,0,0,12,0,0,0,0,0
79,72,587,47,90,219,97,0,6,1,1,5,0,140,27,38,33,25,8,2,0,5,3,7,66,4,1,7,16,13,1,1,0,109,87,0,14,5,2,15,1,76,9,2,1,2,3,0
303,2,21,1064,44,6,47,0,0,0,0,0,0,1,81,0,0,36,1,0,0,0,0,0,1,0,0,0,0,31,0,0,0,147,241,0,23,0,0,0,0,10,2,1,127,0,0,0
35,37,25,10,385,1,8,0,0,0,0,0,0,11,1,0,0,5,2,0,0,0,0,0,0,0,0,0,0,3,0,0,0,29,0,0,0,0,0,0,0,0,3,0,0,0,0,0
18,19,194,63,31,1052,31,1,2,0,1,1,1,69,195,77,3,36,4,1,3,6,5,22,218,3,0,4,2,54,7,6,7,128,60,0,27,0,0,0,0,134,22,24,31,0,2,0
97,111,52,6,46,2,1268,0,0,0,0,0,0,17,1,0,0,9,46,0,0,0,1,2,16,5,0,0,0,0,0,1,0,3,96,0,3,0,0,0,0,16,0,1,0,0,0,0
0,0,2,0,0,2,0,158,1,0,12,3,0,0,4,0,1,0,0,0,3,2,1,1,1,0,0,1,0,0,3,0,0,0,0,22,0,0,1,0,0,0,0,0,0,0,1,0
0,0,0,0,0,0,0,3,4201,7,8,59,171,0,0,36,102,6,0,16,21,31,29,0,2,0,5,1,842,11,115,91,71,0,0,0,12,0,5,0,81,0,0,157,32,21,10,23
0,0,0,0,0,0,0,0,0,420,2,0,0,0,0,0,0,0,0,0,0,0,0,0,0,0,76,1,0,0,0,0,0,0,0,0,0,25,37,31,1,0,0,0,0,0,7,5
0,1,3,0,0,1,0,68,2,15,348,22,2,1,0,1,3,1,0,5,33,6,14,2,8,0,60,14,1,0,0,0,0,1,0,31,0,6,0,190,6,0,0,1,1,4,3,1
0,1,1,0,0,7,1,122,103,0,82,449,96,0,0,10,14,3,0,18,6,7,9,7,3,0,3,8,19,16,45,20,8,1,1,113,3,3,0,83,100,2,4,108,1,4,5,0
0,0,0,0,1,1,2,0,82,0,4,16,944,1,0,4,1,16,10,0,0,0,37,5,2,10,0,0,3,17,13,41,16,3,3,0,25,0,0,0,0,1,31,35,0,25,2,7
7,347,201,6,111,57,103,0,0,0,1,0,0,1060,1,3,0,182,135,0,0,1,3,279,117,6,0,1,0,4,1,0,0,110,47,0,24,0,0,0,0,47,44,0,0,9,0,0
0,0,3,30,7,41,2,0,0,0,0,0,0,0,479,5,0,0,0,0,0,0,1,0,0,0,0,1,0,50,0,0,2,38,8,0,3,0,0,0,0,6,0,0,31,0,0,0
0,0,0,0,0,14,2,0,5,0,1,5,1,0,1,374,9,0,0,0,0,2,0,5,25,3,0,0,0,2,24,36,5,1,1,0,3,0,0,0,0,2,12,4,1,2,0,0
0,0,0,0,0,0,0,1,25,0,2,9,1,0,0,31,742,0,0,14,0,11,4,0,1,0,0,1,41,0,3,3,4,0,0,1,1,0,0,3,40,0,0,12,5,2,0,0
9,84,29,6,13,126,28,0,2,0,0,0,0,121,7,16,1,2453,15,0,0,5,5,92,259,7,0,0,2,10,0,1,3,14,20,0,672,0,0,0,0,44,70,7,5,0,0,0
0,45,5,0,1,0,73,0,0,0,0,0,1,40,3,7,0,5,1168,0,0,0,0,97,44,143,0,0,0,0,0,2,0,1,48,0,7,0,0,0,0,7,44,0,0,0,0,0
0,0,0,0,0,0,0,3,0,3,3,10,0,0,0,0,10,0,0,1343,0,8,1,0,0,0,1,1,7,0,0,0,0,0,0,18,0,1,5,8,180,0,0,31,0,0,6,3
0,0,3,2,0,1,0,22,1,1,76,12,2,0,2,3,1,4,0,1,628,1,3,2,2,0,12,87,0,4,0,0,0,0,0,2,4,2,0,9,2,0,0,0,2,4,1,0
0,0,0,0,0,1,0,0,36,0,1,31,0,0,0,22,95,0,0,5,2,7144,35,0,1,0,1,0,157,0,3,1,0,0,0,5,0,0,0,0,24,0,0,5,4,3,0,0
0,10,5,1,8,3,2,3,0,4,16,12,31,7,2,17,36,14,3,9,24,13,932,12,11,15,5,65,0,9,11,6,7,3,5,60,3,5,6,59,1,0,3,7,5,84,5,5
0,63,49,2,16,96,52,0,0,0,0,0,2,324,8,15,0,118,270,0,0,1,4,1020,789,259,0,2,0,6,0,1,9,68,54,0,24,0,0,0,0,117,270,0,1,194,0,0
0,67,88,4,11,535,87,2,8,0,3,4,8,302,12,250,1,110,190,0,1,5,26,518,2673,418,0,9,6,9,5,30,69,43,64,0,67,2,2,3,0,156,305,24,3,74,4,3
0,3,0,0,0,2,24,0,0,0,0,0,2,2,10,29,0,14,439,0,0,0,6,202,404,3227,0,0,0,5,0,3,6,2,55,0,16,0,0,0,0,13,302,0,0,350,0,0
0,0,0,0,0,0,0,0,0,128,46,2,2,0,0,0,1,0,0,0,2,0,0,1,1,0,566,1,0,0,0,0,0,0,0,0,0,9,40,22,0,0,0,0,0,2,25,32
0,0,2,1,0,2,0,24,0,48,145,21,0,0,5,3,20,1,0,9,427,14,20,3,3,1,33,1764,7,0,2,0,0,1,0,92,0,8,12,334,5,1,0,1,4,2,1,0
0,0,0,0,0,0,0,5,1403,40,28,207,61,0,0,20,506,0,0,34,27,126,34,1,0,0,19,7,7260,1,36,44,17,0,0,0,5,22,15,9,402,0,0,118,8,6,28,23
27,5,69,172,69,97,169,6,3,0,1,21,57,4,605,18,2,10,30,0,4,3,11,9,6,35,0,0,0,1528,70,37,19,229,350,0,84,0,0,0,0,139,14,17,361,1,0,0
0,1,3,0,1,11,1,49,52,0,0,71,52,0,6,154,1,4,1,0,0,16,13,14,11,6,0,0,6,21,1534,433,142,8,5,0,28,0,0,0,0,32,13,86,43,12,0,0
0,8,6,5,4,21,14,21,209,0,3,40,379,4,8,334,6,8,7,0,2,15,27,21,23,14,0,0,15,47,729,2545,680,11,14,0,9,0,0,0,4,12,49,137,29,16,5,2
0,0,0,1,0,0,0,0,40,0,0,0,7,0,1,35,0,0,1,0,0,1,3,2,7,6,0,0,4,12,47,101,669,0,0,0,0,0,0,0,0,1,16,6,4,6,0,0
25,27,100,119,113,47,11,0,0,0,0,0,0,37,181,1,0,8,4,0,0,0,0,3,2,0,0,0,0,23,0,0,0,812,35,0,5,0,0,0,0,32,10,0,8,0,0,0
3,1,1,21,2,0,31,0,0,0,0,0,0,0,0,0,0,6,3,0,0,0,0,0,2,0,0,0,0,4,0,0,0,13,413,0,1,0,0,0,0,5,1,0,4,0,0,0
0,0,2,1,0,0,0,166,0,10,46,10,0,1,5,0,4,0,2,10,30,3,12,0,1,1,3,62,1,0,0,0,0,0,0,1072,0,1,0,69,4,0,0,0,1,0,0,0
82,84,84,58,27,35,96,6,4,0,0,8,17,62,5,15,0,943,32,0,4,3,0,15,72,134,0,0,1,41,19,9,2,44,70,0,2543,0,0,0,0,43,68,37,49,1,0,0
0,0,0,0,0,0,0,0,0,73,13,2,0,0,0,0,2,0,0,98,1,0,0,0,0,0,48,4,1,0,0,0,0,0,0,0,0,3800,165,85,200,0,0,0,0,0,989,85
0,0,0,0,0,0,0,0,0,126,1,0,0,0,0,0,4,0,0,14,0,0,1,0,0,0,22,0,0,0,0,0,0,0,0,0,0,93,1197,1,1,0,0,0,0,0,29,178
0,0,1,0,0,1,0,41,1,124,319,39,1,0,0,2,10,0,0,14,19,7,9,0,6,0,89,71,2,0,0,0,0,0,0,133,0,25,5,1701,21,0,0,0,0,0,8,4
0,0,0,0,0,0,0,7,2,4,4,21,0,0,0,0,2,0,0,98,0,4,3,0,0,0,0,2,26,0,0,0,0,0,0,12,0,6,1,23,301,0,0,13,0,0,19,0
2,5,16,19,1,53,10,0,0,0,0,0,0,18,29,3,0,14,5,0,0,0,0,27,60,0,0,0,0,4,0,0,0,11,25,0,4,0,0,0,0,90,15,0,3,0,0,0
0,18,2,7,2,20,3,0,1,0,0,0,1,18,27,51,0,61,58,0,0,0,0,142,153,145,0,0,0,34,8,1,4,101,7,0,22,0,0,0,0,52,893,2,36,19,0,0
0,1,0,3,0,3,0,20,75,0,3,36,84,0,1,6,14,5,0,86,0,3,25,0,2,0,1,1,21,19,35,16,9,0,5,4,44,2,2,1,57,0,7,843,18,4,17,4
2,0,17,55,0,17,13,6,5,0,0,5,3,0,36,25,8,6,3,0,2,2,2,8,3,7,0,0,0,136,10,4,7,5,92,0,39,0,0,0,0,89,8,12,1575,0,0,0
0,0,0,0,1,0,0,0,7,0,13,0,3,9,0,5,0,47,8,0,0,0,8,59,11,84,9,0,0,4,1,1,2,0,0,0,2,0,0,0,0,6,107,0,1,826,0,0
0,0,0,0,0,4,0,0,3,13,9,25,6,0,0,1,3,0,0,29,4,1,12,0,0,0,40,2,5,0,0,0,0,0,0,0,0,462,47,18,79,0,0,26,0,0,1894,121
0,0,0,0,0,0,0,0,0,0,1,0,2,0,0,0,1,0,0,1,0,0,1,0,0,0,1,0,0,0,0,1,0,0,0,0,0,7,7,0,0,0,0,1,0,0,7,82
