0.59318,0.60006,0.36629,0.49534,0.23941,0.42779,0.44448,0.22082,0.6584,0.37338,0.28153,0.41974,0.48135,0.40671,0.35974,0.24066,0.46831,0.55895,0.40551,0.72395,0.50199,0.93657,0.75022,0.37734,0.54528,0.7094,0.56712,0.81218,0.86323,0.72219,0.56976,0.73953,0.38521,0.40657,0.27577,0.63463,0.6914,0.84351,0.76971,0.61954,0.2226,0.16078,0.38253,0.47955,0.60722,0.49766,0.64815,0.26245
0.5918
1044,51,77,344,303,6,255,0,0,0,0,0,0,18,10,0,0,89,1,0,0,0,0,0,1,0,0,0,0,3,0,0,0,62,33,0,22,0,0,0,0,4,0,0,0,0,0,0
39,1991,37,3,177,4,210,0,0,0,0,0,0,257,0,4,0,14,163,0,0,3,5,33,4,17,0,0,0,0,0,1,0,13,3,0,1,0,0,0,0,0,9,0,0,0,0,0
76,103,489,74,143,214,170,0,8,0,6,3,0,111,22,26,37,28,6,3,0,9,4,9,60,3,1,9,14,10,1,1,0,103,55,1,11,5,1,15,0,80,9,1,3,2,1,0
303,1,13,1115,56,6,62,0,0,0,0,0,0,0,59,0,0,29,1,0,0,0,0,0,0,0,0,0,0,29,0,0,0,110,220,0,35,0,0,0,0,9,1,0,140,0,0,0
31,34,11,16,407,0,14,0,0,0,0,0,0,9,0,0,0,3,2,0,0,0,0,0,0,0,0,0,0,2,0,0,0,20,4,0,0,0,0,0,0,0,2,0,0,0,0,0
18,23,179,73,53,1019,51,1,3,0,2,0,0,74,179,72,6,45,9,0,3,6,3,21,209,2,0,3,0,52,6,4,7,141,54,0,24,0,0,0,2,148,25,17,27,1,2,0
72,116,25,17,57,4,1373,0,0,0,0,0,0,10,0,0,0,12,55,0,0,0,0,1,13,3,0,0,0,0,0,1,0,3,19,0,3,0,0,0,0,15,0,0,0,0,0,0
0,0,1,1,0,2,0,160,2,0,14,3,0,0,2,0,0,0,0,0,4,1,1,1,2,0,1,1,0,0,2,0,0,0,0,15,0,0,1,0,1,0,0,0,2,0,2,0
0,0,0,0,0,0,0,3,4250,7,8,37,169,0,0,24,89,4,0,12,19,64,17,0,2,1,2,0,847,10,112,111,90,0,0,0,9,0,8,1,66,0,1,129,27,20,11,19
0,0,0,0,0,0,0,0,0,432,7,0,0,0,0,0,0,0,0,1,0,0,0,0,0,0,67,1,0,0,0,0,0,0,0,0,0,30,31,27,1,0,0,0,0,0,2,6
0,1,3,0,0,1,0,87,3,18,346,13,2,0,0,2,4,2,0,5,29,6,13,2,11,0,59,19,2,0,2,0,0,0,0,28,0,6,2,178,4,0,0,1,0,3,2,1
0,2,0,0,0,7,1,196,113,0,83,319,107,0,0,9,7,1,2,18,2,18,5,6,4,0,3,8,25,19,50,19,8,0,0,91,1,4,0,99,127,1,6,115,1,4,5,0
0,0,1,0,2,1,3,0,79,0,4,10,955,1,0,3,2,17,8,0,2,0,25,5,4,11,0,0,2,12,15,39,16,1,3,0,30,0,0,0,1,0,38,37,1,22,2,6
8,478,160,10,141,48,139,0,0,0,0,0,0,957,4,8,0,195,176,0,0,1,3,277,84,5,0,2,0,1,0,0,1,97,11,0,15,0,0,0,0,36,40,0,0,10,0,0
2,0,3,39,7,29,1,0,0,0,0,0,0,0,471,5,0,0,0,0,0,0,2,0,0,0,0,1,0,51,1,0,1,37,11,0,2,0,0,0,0,3,0,0,41,0,0,0
0,0,1,0,0,12,1,0,7,0,0,3,1,0,0,367,6,1,0,0,0,2,0,3,28,3,0,0,0,3,21,38,12,1,3,0,2,0,0,0,0,2,16,4,1,2,0,0
0,0,0,0,0,0,0,1,26,1,2,6,1,0,0,31,739,0,0,15,1,21,4,0,0,0,0,0,38,0,4,4,4,0,0,2,0,0,0,2,35,0,0,14,4,2,0,0
12,91,17,11,19,110,38,0,1,0,0,0,0,118,6,12,1,2541,22,0,0,7,1,108,236,6,0,0,2,7,1,2,5,18,22,0,595,0,1,0,0,36,69,7,4,0,0,0
0,51,3,0,3,0,72,0,0,0,0,0,1,31,3,5,0,9,1266,0,0,0,0,79,25,124,0,0,0,0,0,1,0,0,21,0,1,0,0,0,0,6,40,0,0,0,0,0
0,0,0,0,0,0,0,4,0,2,6,7,0,0,0,0,9,0,0,1348,1,10,1,0,0,0,0,2,6,0,0,0,0,0,0,17,0,3,6,17,169,0,0,27,0,0,5,2
1,0,0,1,0,0,0,35,1,0,79,8,3,2,2,4,3,4,0,1,632,0,1,1,0,0,12,73,1,4,0,0,0,0,0,3,2,3,0,10,2,0,0,0,3,4,1,0
0,0,0,0,0,1,0,0,32,1,1,19,1,0,1,16,55,0,0,4,2,7250,32,0,2,0,0,2,121,0,5,2,0,0,0,3,0,0,0,0,16,0,0,4,3,2,1,0
0,14,4,1,7,3,2,4,0,8,17,14,29,5,2,11,33,14,3,10,16,11,865,8,9,18,4,75,0,10,14,10,11,1,8,99,6,2,4,47,1,0,6,13,4,103,10,8
0,88,40,3,23,89,73,0,0,0,0,0,1,336,8,18,0,144,389,0,0,0,5,986,678,275,0,1,0,4,0,2,8,60,18,0,11,0,0,0,0,113,267,1,2,191,0,0
0,93,76,4,13,509,119,1,6,0,6,3,8,294,12,260,2,140,279,0,1,5,22,604,2505,446,0,11,3,7,4,15,38,36,24,0,51,1,0,1,0,173,330,17,3,74,2,3
0,1,0,0,0,4,29,0,0,0,0,0,2,2,12,31,0,24,532,0,0,0,11,184,363,3259,1,0,0,7,0,5,7,1,12,0,8,0,0,0,0,14,262,0,0,345,0,0
0,0,0,0,0,0,0,2,0,147,46,2,4,0,0,0,0,0,0,0,2,0,0,0,2,0,545,2,0,0,0,0,0,0,0,0,0,10,40,19,0,0,0,0,0,2,25,32
0,0,0,0,0,5,0,29,0,78,151,23,0,1,5,3,18,1,0,9,456,9,13,2,5,1,39,1600,6,0,2,0,0,2,1,144,0,11,9,379,0,1,0,3,7,1,2,0
0,0,0,0,0,0,0,7,1508,37,32,93,65,0,0,17,525,0,0,27,23,253,24,0,0,0,20,3,7258,1,33,59,19,0,0,2,2,18,13,2,325,0,0,96,7,5,20,18
28,6,33,233,87,102,225,10,3,0,0,22,57,3,604,17,1,9,38,0,4,2,9,6,7,33,0,0,0,1435,73,35,24,215,236,0,64,0,0,0,1,115,26,20,497,2,0,0
0,0,1,0,2,7,1,53,53,0,0,55,55,0,6,163,1,2,1,0,1,17,12,12,9,7,0,0,2,21,1511,443,157,7,14,0,23,0,0,0,1,20,15,76,68,14,0,0
0,9,6,3,7,25,17,27,199,0,3,33,397,3,8,283,4,9,9,0,1,17,22,11,24,13,0,0,10,42,664,2649,703,9,19,0,12,0,0,0,2,9,56,113,42,18,1,4
0,0,0,1,0,1,1,0,40,0,0,0,5,0,2,32,0,2,1,0,0,1,1,1,9,7,0,0,1,12,37,103,681,0,1,0,0,0,0,0,0,0,17,5,4,5,0,0
35,31,77,132,147,44,21,0,0,0,0,0,0,28,155,0,0,12,4,0,0,0,0,2,1,0,0,0,0,21,0,0,0,755,80,0,7,0,0,0,0,29,12,0,10,0,0,0
4,1,1,16,3,0,52,0,0,0,0,0,0,0,1,0,0,6,4,0,0,0,0,0,1,0,0,0,0,2,0,0,0,11,396,0,2,0,0,0,0,6,2,0,3,0,0,0
0,0,2,1,0,0,0,210,0,11,44,4,0,1,4,0,2,0,1,10,30,4,6,0,2,1,6,66,1,0,0,0,0,0,0,1030,0,1,0,77,1,0,0,0,2,0,0,0
82,111,53,66,36,32,125,9,2,0,0,7,17,46,3,17,0,1073,53,0,6,2,1,21,73,106,0,0,1,53,24,8,5,41,66,0,2292,0,0,0,0,46,69,68,99,0,0,0
0,0,0,0,0,0,0,0,0,82,7,1,0,0,0,0,1,0,0,136,1,1,2,0,0,0,57,3,1,0,0,0,0,0,0,0,0,3924,178,83,189,0,0,1,0,0,821,78
0,0,0,0,0,0,0,0,0,167,3,0,0,0,0,0,5,0,0,12,0,0,0,0,0,0,16,0,0,0,0,0,0,0,0,1,0,91,1230,1,0,0,0,0,0,0,26,115
0,0,1,0,0,1,0,65,1,147,321,22,1,0,0,1,8,0,0,12,16,6,7,0,6,0,83,82,2,0,0,0,0,0,0,169,0,27,8,1630,20,0,0,0,0,0,11,6
0,0,0,0,0,0,0,8,3,4,9,13,0,0,0,0,1,0,0,101,0,5,3,0,0,0,0,4,28,0,0,0,0,0,0,12,0,8,0,22,299,0,0,10,0,0,18,0
1,7,12,18,2,48,17,0,0,0,0,0,0,19,26,3,0,12,5,0,0,0,0,31,56,1,0,0,0,1,0,0,0,15,18,0,5,0,0,0,0,98,16,0,3,0,0,0
0,15,4,5,4,22,3,0,0,0,0,0,1,17,27,41,0,62,76,0,0,0,0,122,142,168,0,0,0,36,10,1,7,87,26,0,18,0,0,0,0,43,889,2,40,20,0,0
0,0,0,3,0,0,0,22,98,0,6,22,90,0,3,5,11,4,0,95,0,5,17,0,3,0,1,1,31,18,41,23,12,2,4,5,36,2,3,3,105,0,10,762,17,3,9,5
4,0,5,61,0,23,14,16,4,0,0,5,2,0,42,31,5,4,6,0,3,2,2,5,3,4,0,0,1,111,15,4,7,9,54,1,24,0,0,0,0,65,8,13,1648,1,0,0
0,0,0,0,1,0,0,1,7,0,18,0,1,10,0,4,0,34,10,0,0,0,5,72,11,80,7,1,0,3,4,1,2,0,0,0,1,0,0,0,0,4,83,0,1,849,2,2
0,0,0,0,0,3,0,0,6,15,7,13,7,0,0,0,2,0,0,42,4,3,9,0,0,0,36,0,5,0,0,0,0,0,0,0,0,500,52,18,92,0,0,32,0,1,1820,137
0,0,0,0,0,0,0,0,0,0,1,0,2,0,0,0,1,0,0,1,0,0,0,0,0,0,1,0,0,0,0,1,0,0,0,0,0,6,11,0,0,0,0,1,0,0,7,80
