0.60022,0.63473,0.33911,0.53861,0.2824,0.43227,0.49164,0.23221,0.67464,0.40117,0.28654,0.37734,0.49417,0.3944,0.34007,0.22965,0.45298,0.57473,0.45238,0.73958,0.50988,0.95775,0.71594,0.38223,0.53296,0.70765,0.54902,0.82762,0.86393,0.71542,0.56861,0.73975,0.38886,0.39971,0.22519,0.67766,0.68053,0.84876,0.77115,0.64288,0.25853,0.13572,0.38415,0.48953,0.64901,0.48963,0.61598,0.30657
0.59618
1102,46,126,289,226,10,196,0,0,0,0,0,0,25,11,0,0,92,1,0,0,0,0,0,1,0,0,0,0,7,0,0,0,95,74,0,20,0,0,0,0,2,0,0,0,0,0,0
54,1842,65,5,157,3,214,0,0,0,0,0,0,413,0,4,0,10,116,0,0,2,4,49,5,18,0,1,0,1,0,1,0,11,2,0,2,0,0,0,0,0,9,0,0,0,0,0
76,69,587,51,94,222,95,0,6,0,2,6,0,139,25,38,32,26,7,2,0,6,3,7,66,3,1,7,14,14,1,1,0,114,84,0,13,5,2,16,0,76,8,2,2,2,3,0
300,2,23,1081,40,7,48,0,0,0,0,0,0,1,77,0,0,37,1,0,0,0,0,0,0,0,0,0,0,34,0,0,0,148,221,0,24,0,0,0,0,11,1,1,132,0,0,0
30,38,22,10,390,1,8,0,0,0,0,0,0,12,1,0,0,4,2,0,0,0,0,0,0,0,0,0,0,4,0,0,0,30,0,0,1,0,0,0,0,0,2,0,0,0,0,0
13,18,188,60,35,1069,33,1,2,0,2,3,1,64,194,75,2,38,3,1,3,5,7,21,220,2,0,5,1,58,6,6,7,120,52,0,32,0,0,0,0,138,28,20,30,0,1,0
96,108,51,7,47,1,1264,0,0,0,0,0,0,18,1,0,0,9,49,0,0,0,1,0,17,5,0,1,0,0,0,1,0,4,98,0,3,0,0,0,0,18,0,0,0,0,0,0
0,0,2,0,0,3,0,153,1,0,13,2,0,0,3,0,1,1,0,0,5,2,1,1,0,0,1,2,0,0,1,0,0,0,0,22,0,0,1,1,0,0,0,0,2,0,1,0
0,0,0,0,0,0,0,5,4203,6,6,65,168,0,0,28,98,6,0,16,23,32,21,0,2,1,6,1,826,12,107,94,75,0,0,0,15,0,7,0,87,0,0,163,34,27,12,23
0,0,0,0,0,0,0,0,0,412,2,0,0,0,0,0,0,0,0,0,0,0,0,0,0,0,87,2,0,0,0,0,0,0,0,0,0,25,35,30,1,0,0,0,0,0,6,5
0,1,1,0,0,1,0,69,0,19,349,18,3,0,0,2,3,3,0,7,31,7,15,4,9,0,56,16,1,0,0,0,0,1,0,33,0,7,0,184,5,0,0,2,1,4,3,0
0,1,1,0,0,7,2,141,98,0,86,443,99,0,0,6,13,1,0,15,5,8,10,7,7,0,3,8,18,14,52,15,8,1,1,108,1,3,0,80,100,2,4,106,1,5,6,0
0,0,1,0,1,1,2,0,74,0,4,18,975,1,0,3,1,20,10,0,0,0,28,4,3,12,0,0,2,12,12,38,17,3,2,0,16,0,1,0,0,1,33,38,0,17,2,6
6,359,196,6,107,55,103,0,0,0,2,0,0,1057,2,6,0,181,131,0,0,1,3,277,112,5,0,1,0,2,1,0,1,112,48,0,28,0,0,0,0,48,46,1,0,10,0,0
0,0,2,27,6,42,1,0,0,0,0,0,0,0,474,5,0,0,0,0,0,0,1,0,0,0,0,1,0,58,0,0,3,38,7,0,3,0,0,0,0,8,0,0,31,0,0,0
0,0,0,0,0,14,2,0,6,0,0,4,1,0,0,378,7,1,0,0,1,2,1,4,26,2,0,0,0,2,21,36,7,1,1,0,2,0,0,0,0,2,13,3,1,2,0,0
0,0,0,0,0,0,0,0,23,0,2,12,1,0,0,34,737,0,0,16,0,12,4,0,0,0,0,1,41,0,1,3,4,0,0,1,1,0,0,3,38,0,0,15,5,3,0,0
10,83,32,5,15,113,30,0,3,0,0,0,0,118,8,16,2,2461,14,0,0,5,5,93,255,8,0,0,1,9,1,1,3,16,21,0,668,0,0,0,0,47,71,6,5,1,0,0
0,43,4,0,1,0,70,0,1,0,0,0,1,42,3,6,0,5,1159,0,0,0,0,107,41,146,0,0,0,0,0,0,0,1,49,0,7,0,0,0,0,6,49,0,0,0,0,0
0,0,0,0,0,0,0,2,0,2,2,12,0,0,0,0,8,0,0,1349,0,8,2,0,0,0,0,3,5,0,0,0,0,0,0,20,0,1,4,10,174,0,0,32,0,0,7,1
0,0,1,1,0,1,0,27,1,2,77,11,1,2,4,2,0,4,0,2,619,1,3,2,0,0,13,86,2,3,0,0,0,0,0,4,7,2,0,10,2,0,0,0,2,3,1,0
0,0,0,0,0,1,0,0,34,0,1,39,1,0,0,21,94,0,0,4,2,7140,38,0,1,0,1,1,154,0,3,1,0,0,0,5,0,0,0,0,23,0,0,6,4,2,0,0
0,12,3,1,5,5,3,3,0,2,18,15,29,10,2,16,33,12,2,9,17,16,930,13,9,18,6,67,0,10,11,7,6,3,6,66,5,5,7,52,0,0,5,9,5,79,5,7
0,63,43,2,17,101,54,0,0,0,0,0,1,318,8,15,0,120,283,0,0,1,6,1024,780,268,0,1,0,5,0,2,8,61,55,0,23,0,0,0,0,117,261,0,1,196,0,0
1,66,97,3,9,504,78,1,8,0,5,2,8,305,11,274,1,113,195,0,0,4,28,542,2660,406,0,9,5,9,4,32,58,37,65,0,77,2,1,2,0,158,310,26,3,74,4,4
0,3,0,0,0,2,24,0,0,0,0,0,2,3,12,34,0,16,435,0,0,0,4,207,426,3183,1,0,0,3,0,3,9,2,56,0,14,0,0,0,0,15,295,0,0,367,0,0
0,0,0,0,0,0,0,0,0,135,45,3,2,0,0,1,1,0,0,0,2,0,0,1,1,0,560,1,0,0,0,0,0,0,0,0,0,9,40,22,0,0,0,0,0,2,25,30
0,0,2,0,0,2,0,17,0,52,139,23,0,0,6,5,20,1,0,9,415,14,20,5,4,1,47,1762,6,1,2,0,0,2,0,100,0,8,6,337,2,1,0,1,3,2,1,0
0,0,0,0,0,0,0,7,1368,40,30,211,62,0,0,19,526,0,0,40,26,132,31,1,0,0,22,7,7295,2,31,46,17,0,0,1,3,21,16,8,379,0,0,114,7,7,28,15
32,4,69,177,67,90,169,5,2,0,0,25,59,3,589,13,1,10,29,0,4,2,12,10,10,34,0,0,1,1526,74,36,20,231,326,0,82,0,0,0,0,163,13,15,377,2,0,0
0,1,2,0,0,9,1,44,50,0,0,66,47,1,5,168,1,4,3,0,0,16,14,18,7,4,0,0,5,23,1529,426,149,10,6,0,26,0,0,0,0,37,13,84,50,11,0,0
0,6,8,4,4,22,13,23,210,0,3,41,387,3,8,338,4,8,9,0,2,14,31,18,20,13,0,0,12,51,716,2527,691,12,16,0,12,0,0,0,5,18,47,137,31,13,5,1
0,0,0,1,0,0,0,0,42,0,0,0,5,1,2,35,0,0,1,0,0,1,3,1,7,5,0,0,3,13,40,105,673,0,0,0,1,0,0,0,0,0,15,6,4,6,0,0
28,28,95,121,118,44,11,0,0,0,0,0,0,38,176,1,0,6,3,0,0,0,0,3,2,0,0,0,0,23,1,0,0,813,35,0,5,0,0,0,0,33,12,0,7,0,0,0
3,1,0,23,2,0,30,0,0,0,0,0,0,0,0,0,0,6,3,0,0,0,0,0,2,0,0,0,0,6,0,0,0,12,413,0,1,0,0,0,0,5,1,0,3,0,0,0
0,0,2,1,0,0,0,173,0,11,45,11,0,1,5,0,3,0,0,9,31,3,14,2,1,2,3,57,1,0,0,0,0,0,0,1068,0,2,0,68,3,0,0,0,1,0,0,0
80,85,79,58,31,43,93,2,5,0,0,11,17,58,5,17,0,952,26,0,4,4,2,20,67,133,0,0,1,40,21,11,3,41,65,0,2537,0,0,0,0,46,64,42,49,1,0,0
0,0,0,0,0,0,0,0,0,76,14,3,0,0,0,0,2,0,0,101,1,0,0,0,0,0,54,5,1,0,0,0,0,0,0,0,0,3805,172,78,182,0,0,0,0,0,995,77
0,0,0,0,0,0,0,0,0,132,2,0,0,0,0,0,4,0,0,14,0,0,1,0,0,0,22,0,0,0,0,0,0,0,0,0,0,90,1203,2,0,0,0,0,0,0,29,168
0,0,2,0,0,0,0,35,1,120,329,39,1,0,0,1,8,0,0,12,17,7,8,0,6,0,88,80,2,0,0,0,0,0,0,133,0,25,5,1694,23,0,0,0,0,1,9,7
0,0,0,0,0,0,0,7,2,5,7,23,0,0,0,0,2,0,0,102,0,4,3,0,0,0,0,2,21,0,0,0,0,0,0,11,0,8,0,19,301,0,0,11,0,0,20,0
2,5,10,14,2,50,10,0,0,0,0,0,0,18,30,3,0,17,6,0,0,0,0,30,58,0,0,0,0,5,0,0,0,12,26,0,3,0,0,0,0,96,14,0,3,0,0,0
1,17,4,8,4,27,3,0,1,0,0,0,1,20,28,47,0,59,61,0,0,0,0,144,149,142,0,0,0,35,8,1,4,97,6,0,18,0,0,0,0,52,892,2,39,18,0,0
0,1,0,2,1,2,0,22,73,0,4,38,86,0,3,6,12,3,0,86,0,4,23,0,2,0,1,1,23,22,34,18,6,1,4,4,38,2,2,2,60,0,6,842,20,4,16,3
2,0,13,50,0,18,14,7,6,0,0,5,3,2,39,24,7,4,4,0,2,1,2,5,5,6,0,0,0,126,10,3,6,4,95,0,39,0,0,0,0,98,8,12,1581,1,0,0
0,0,0,0,2,0,0,1,7,0,20,0,3,7,0,4,0,52,9,0,0,0,8,59,9,81,8,0,0,3,2,1,2,1,0,0,1,0,0,0,0,3,102,0,2,826,1,0
0,0,0,0,0,3,0,0,3,13,8,25,7,0,0,1,3,0,0,29,4,1,11,0,1,0,39,1,3,0,0,0,0,0,0,0,0,456,50,17,81,0,0,24,0,1,1904,119
0,0,0,0,0,0,0,0,0,0,1,0,2,0,0,0,1,0,0,1,0,0,1,0,0,0,1,0,0,0,0,1,0,0,0,0,0,7,8,0,0,0,0,0,0,0,7,82
