0.59597,0.62853,0.33372,0.52049,0.27719,0.42201,0.47435,0.24005,0.6703,0.39981,0.27003,0.37758,0.48483,0.39526,0.33826,0.23761,0.44997,0.57307,0.44783,0.74227,0.50364,0.95341,0.72332,0.38666,0.5334,0.70473,0.56413,0.83837,0.86175,0.70799,0.56549,0.74027,0.38645,0.40153,0.26384,0.67564,0.67593,0.84542,0.77659,0.64594,0.25781,0.13884,0.38858,0.48464,0.64173,0.49227,0.60019,0.25794
0.59462
1093,50,131,298,225,8,216,0,0,0,0,0,0,24,10,0,0,85,1,0,0,0,0,0,1,0,0,0,0,6,0,0,0,95,52,0,22,0,0,0,0,6,0,0,0,0,0,0
54,1868,56,5,159,3,217,0,0,0,0,0,0,386,0,3,0,10,119,0,0,2,4,50,6,18,0,1,0,1,0,1,0,11,2,0,2,0,0,0,0,0,10,0,0,0,0,0
79,72,572,54,97,226,111,0,6,0,1,4,0,134,27,36,32,28,7,2,0,9,2,9,62,3,1,9,16,14,1,1,0,106,61,1,15,5,2,17,0,87,10,1,3,2,2,0
311,2,26,1016,45,7,53,0,0,0,0,0,0,1,74,0,0,38,1,0,0,0,0,0,1,0,0,0,0,31,0,0,0,137,271,0,29,0,0,0,0,10,1,1,134,0,0,0
32,41,25,10,390,0,8,0,0,0,0,0,0,11,1,0,0,4,2,0,0,0,0,0,0,0,0,0,0,3,0,0,0,23,2,0,0,0,0,0,0,0,3,0,0,0,0,0
13,18,187,67,35,1066,41,1,3,0,2,1,0,73,184,72,3,37,4,0,4,6,5,22,206,4,0,3,1,66,11,7,5,114,49,0,25,0,0,0,0,150,26,21,31,0,1,0
86,106,54,6,48,1,1341,0,0,0,0,0,0,14,0,0,0,9,51,0,0,0,1,1,17,5,0,0,0,0,0,1,0,4,32,0,3,0,0,0,0,19,0,0,0,0,0,0
0,0,2,0,0,2,0,154,1,0,17,3,0,0,3,0,0,0,0,0,3,2,1,1,1,0,0,0,0,0,2,0,0,0,0,20,0,0,1,1,0,1,1,0,1,0,2,0
0,0,0,0,0,0,0,3,4186,9,9,70,180,0,0,31,103,6,0,16,23,37,18,0,2,1,4,1,845,12,108,89,75,0,0,0,12,1,4,0,79,0,0,155,34,22,9,25
0,0,0,0,0,0,0,0,0,411,3,0,0,0,0,0,0,0,0,0,0,0,0,0,0,0,86,1,0,0,0,0,0,0,0,0,0,27,34,33,1,0,0,0,0,0,5,4
0,1,2,0,0,1,0,76,1,16,337,21,2,1,0,2,3,1,0,6,35,7,12,2,10,0,56,14,1,0,0,0,0,0,0,28,0,8,1,197,6,0,0,1,1,3,2,1
0,1,1,0,0,7,1,144,99,0,95,421,95,0,0,8,10,3,0,20,6,11,8,7,5,0,3,9,19,16,52,14,7,0,1,97,1,3,0,88,111,4,3,107,1,6,2,0
0,0,0,0,1,1,4,0,82,0,4,21,959,1,0,3,2,15,10,0,1,0,32,5,4,12,0,0,2,16,15,31,13,3,0,0,23,0,0,0,0,0,35,39,1,17,2,4
8,376,190,6,112,64,113,0,0,0,2,0,0,1051,2,5,0,183,132,0,0,1,4,276,120,6,0,2,0,2,1,0,1,109,21,0,25,0,0,0,0,41,43,0,0,11,0,0
1,0,4,30,5,41,1,0,0,0,0,0,0,0,480,4,0,0,0,0,0,1,1,0,0,0,0,0,0,52,0,0,3,36,10,0,3,0,0,0,0,4,0,1,30,0,0,0
0,0,0,0,0,16,2,0,6,0,0,2,1,0,0,374,8,1,0,0,1,2,0,5,23,2,0,0,0,3,24,35,8,1,1,0,2,0,0,0,0,2,14,4,1,2,0,0
0,0,0,0,0,1,0,1,21,0,4,16,1,0,0,31,733,0,0,13,0,16,4,0,2,0,0,1,39,0,1,3,4,0,0,1,1,0,0,2,38,0,0,17,5,2,0,0
10,86,29,6,15,131,25,0,3,0,0,0,0,122,4,14,1,2447,14,0,0,7,2,92,254,7,0,0,0,10,1,1,4,13,12,0,693,0,0,0,0,45,65,8,5,0,0,0
0,45,6,0,1,0,88,0,0,0,0,0,1,39,3,6,0,8,1176,0,0,0,0,100,45,142,0,0,0,0,0,0,1,1,23,0,3,0,0,0,0,7,46,0,0,0,0,0
0,0,0,0,0,0,0,2,0,2,3,9,0,0,0,0,8,0,0,1345,0,9,1,0,0,0,0,1,7,0,0,0,0,0,0,20,0,1,4,12,177,0,0,34,0,0,5,2
0,0,2,1,0,0,0,25,0,2,86,11,1,1,3,2,3,2,0,2,622,1,3,1,2,0,11,76,1,3,1,0,0,0,2,3,7,3,0,10,1,0,0,1,2,4,1,0
0,0,0,0,0,1,0,0,31,0,3,38,1,0,0,19,83,0,0,5,3,7183,28,0,1,0,0,0,142,0,3,1,0,0,0,3,0,0,0,0,19,0,0,5,5,2,0,0
0,11,5,4,3,3,3,3,0,3,20,14,30,9,2,16,31,11,3,10,22,18,915,12,6,17,6,64,0,8,13,9,4,2,7,70,4,4,8,50,0,0,5,8,5,94,7,5
0,67,53,3,19,106,66,0,0,0,0,0,1,339,5,15,0,125,276,0,0,1,5,1020,769,265,0,2,0,8,0,2,7,64,19,0,17,0,0,0,0,122,265,0,0,193,0,0
1,69,96,4,9,520,102,1,9,0,7,2,6,299,9,263,1,114,202,0,1,4,30,519,2675,423,0,10,9,10,5,30,58,43,26,0,59,1,2,2,0,168,311,23,3,70,2,3
0,3,0,0,0,4,29,0,0,0,1,0,2,2,10,32,0,20,467,0,0,0,8,193,439,3203,0,0,0,7,0,4,8,2,16,0,12,0,0,0,0,20,280,0,0,354,0,0
0,0,0,0,0,0,0,1,0,132,42,3,2,0,0,0,1,0,0,0,3,0,0,1,2,0,563,1,0,0,0,0,0,0,0,0,0,7,38,24,0,0,0,0,0,3,27,30
0,0,1,0,0,3,0,17,0,54,148,19,0,0,4,3,19,1,0,10,423,15,20,4,5,1,44,1774,6,0,2,0,0,2,2,107,0,8,8,307,1,1,0,1,4,1,1,0
0,0,0,0,0,0,0,7,1374,42,32,208,60,0,0,18,533,0,0,36,29,143,28,1,0,0,21,5,7262,2,33,45,22,0,0,1,4,20,17,9,388,0,0,118,7,6,23,18
34,5,63,168,75,87,191,7,4,0,0,23,60,2,572,17,1,10,38,0,3,2,15,11,13,38,0,0,0,1525,69,38,24,229,277,0,89,0,0,0,0,154,14,20,402,2,0,0
0,1,3,1,1,12,0,50,52,0,0,61,50,1,6,144,3,4,1,0,1,18,16,16,9,6,0,0,3,18,1550,438,131,10,11,0,30,0,0,0,0,28,11,80,51,13,0,0
0,7,6,4,3,25,20,24,226,0,2,38,394,2,7,319,3,8,8,0,3,14,28,21,16,17,0,0,10,49,727,2531,679,9,12,0,11,0,1,0,2,12,49,142,34,17,2,1
0,0,0,0,0,0,0,0,39,0,0,0,8,0,3,35,0,0,1,0,0,1,2,2,7,4,0,0,3,13,42,103,676,0,0,0,0,0,0,0,0,0,16,4,5,6,0,0
27,27,95,116,122,52,12,0,0,0,0,0,0,40,178,1,0,7,3,0,0,0,0,1,2,0,0,0,0,20,1,0,0,789,56,0,5,0,0,0,0,31,12,0,6,0,0,0
1,1,0,17,2,0,47,0,0,0,0,0,0,0,0,0,0,6,3,0,0,0,0,0,2,0,0,0,0,5,0,0,0,10,405,0,1,0,0,0,0,6,2,0,3,0,0,0
0,0,3,0,0,0,0,187,0,12,50,6,0,1,4,0,3,0,1,9,25,3,16,1,1,2,3,62,1,1,0,0,0,0,1,1054,0,2,0,66,2,0,0,0,1,0,0,0
79,92,78,58,31,40,103,3,5,0,0,10,17,61,5,17,0,959,36,0,4,3,1,21,68,139,0,0,3,51,20,11,3,44,43,0,2505,0,0,0,0,48,60,37,57,1,0,0
0,0,0,0,0,0,0,0,0,79,13,2,0,0,0,0,1,0,0,101,1,0,1,0,0,0,47,4,1,0,0,0,0,0,0,0,0,3697,168,72,206,0,0,0,0,0,1094,79
0,0,0,0,0,0,0,0,0,127,1,0,0,0,0,0,6,0,0,13,0,0,1,0,0,0,25,0,0,0,0,0,0,0,0,0,0,92,1234,2,1,0,0,0,0,0,27,138
0,0,0,0,0,1,0,41,1,122,325,28,1,0,0,1,9,0,0,11,18,8,9,0,8,0,81,72,2,0,0,0,0,0,0,141,0,25,6,1704,21,0,0,0,0,0,11,7
0,0,0,0,0,0,0,5,2,5,8,16,0,0,0,0,3,0,0,98,0,4,2,0,0,0,0,2,27,0,0,0,0,0,0,11,0,7,0,23,306,0,0,13,0,0,16,0
2,6,12,15,2,53,13,0,0,0,0,0,0,18,33,2,0,13,4,0,0,0,0,27,62,1,0,0,1,3,0,0,0,11,20,0,4,0,0,0,0,96,14,0,2,0,0,0
0,16,2,7,4,24,3,0,0,0,0,0,1,18,26,46,0,57,56,0,0,0,0,145,152,144,0,0,0,39,10,1,6,92,20,0,18,0,0,0,0,50,898,2,33,18,0,0
0,1,0,2,1,1,0,20,77,0,5,40,89,0,3,6,15,2,0,87,1,3,22,0,2,0,1,1,21,21,36,19,10,1,1,3,39,0,3,1,63,0,6,836,18,4,11,5
3,0,10,54,0,17,17,7,6,0,1,5,3,1,33,24,7,5,1,0,0,2,2,10,4,6,0,0,0,135,11,2,6,4,80,0,41,0,0,0,0,95,9,14,1587,0,0,0
0,0,0,0,2,0,0,0,7,0,19,0,4,8,0,4,0,51,9,0,0,0,6,61,11,79,8,0,0,4,2,1,2,0,0,0,1,0,0,0,0,3,102,0,1,828,1,0
0,0,0,0,0,2,0,0,4,12,7,23,7,0,0,1,3,0,0,28,3,1,12,1,0,0,37,1,5,0,0,0,0,0,0,0,0,456,48,18,83,0,0,31,0,1,1890,130
0,0,0,0,0,0,0,0,0,0,1,0,2,0,0,0,1,0,0,0,0,0,0,0,0,0,1,0,0,0,0,1,0,0,0,0,0,6,10,0,0,0,0,1,0,0,6,83
