0.59871,0.63414,0.32734,0.52832,0.2815,0.42078,0.4967,0.24269,0.67164,0.41294,0.28868,0.38707,0.4977,0.39649,0.33736,0.23053,0.45613,0.57557,0.45076,0.73621,0.502,0.95866,0.71155,0.38699,0.52957,0.70753,0.55784,0.82891,0.85918,0.71664,0.57359,0.74569,0.3892,0.39665,0.22501,0.68514,0.6806,0.84309,0.77729,0.63735,0.26767,0.12988,0.38776,0.49883,0.6525,0.49251,0.58724,0.26429
0.59512
1110,49,122,288,220,9,190,0,0,0,0,0,0,28,11,0,0,90,1,0,0,0,0,0,1,0,0,0,0,4,0,0,0,98,76,0,23,0,0,0,0,3,0,0,0,0,0,0
52,1839,63,5,158,5,215,0,0,0,0,0,0,411,0,4,0,12,120,0,0,2,4,48,5,17,0,1,0,0,0,1,0,12,3,0,1,0,0,0,0,0,10,0,0,0,0,0
76,72,564,52,92,231,97,0,6,0,2,3,0,144,26,38,32,28,7,2,1,6,3,6,63,4,1,8,18,12,1,1,0,111,87,0,15,6,2,13,0,80,9,2,2,2,2,0
306,2,22,1054,40,6,45,0,0,0,0,0,0,1,84,0,0,37,1,0,0,0,0,0,1,0,0,0,0,34,0,0,0,143,245,0,24,0,0,0,0,11,2,1,130,0,0,0
36,35,21,10,391,1,8,0,0,0,0,0,0,12,1,0,0,4,2,0,0,0,0,0,0,0,0,0,0,3,0,0,0,28,0,0,1,0,0,0,0,0,2,0,0,0,0,0
16,16,194,59,39,1057,29,2,2,0,1,1,0,65,203,70,3,41,3,0,4,5,6,19,219,4,0,3,3,63,8,3,7,122,55,0,27,0,0,0,0,139,24,26,25,0,1,0
93,108,58,6,46,1,1281,0,0,0,0,0,0,14,1,0,0,8,50,0,0,0,0,0,18,5,0,1,0,0,0,1,0,4,89,0,3,0,0,0,0,12,0,0,0,0,0,0
0,0,2,0,0,2,0,152,1,0,13,4,0,0,3,0,0,1,0,0,5,2,0,1,2,0,2,1,0,0,2,0,0,0,0,21,0,0,1,0,0,1,0,0,1,0,2,0
0,0,0,0,0,0,0,3,4185,7,9,66,173,0,0,33,97,5,0,18,22,30,28,0,2,0,3,0,855,11,115,82,75,0,0,0,13,0,5,1,80,0,1,158,33,23,10,26
0,0,0,0,0,0,0,0,0,415,1,0,0,0,0,0,0,0,0,0,0,0,0,0,0,0,83,1,0,0,0,0,0,0,0,0,0,26,37,32,1,0,0,0,0,0,4,5
0,1,3,0,0,1,0,71,0,16,334,23,2,0,0,1,2,2,0,9,31,6,15,2,10,0,58,17,1,0,0,0,0,0,0,28,0,7,0,201,2,1,0,1,1,5,3,1
0,1,1,0,0,7,1,152,102,0,72,449,96,0,0,9,10,3,0,19,7,9,8,7,4,0,2,7,19,17,47,13,6,0,1,107,2,3,0,81,98,3,4,109,1,5,4,0
0,0,0,0,1,1,2,0,78,0,4,19,972,1,0,3,2,16,9,0,0,0,30,5,4,12,0,0,1,14,14,37,12,3,2,0,19,0,0,0,0,1,29,31,0,25,1,10
7,347,196,6,115,55,100,0,0,0,2,0,0,1084,3,6,0,177,138,0,0,1,3,264,122,7,0,1,0,2,1,0,0,110,43,0,28,0,0,0,0,38,42,0,0,9,0,0
1,0,4,28,6,40,1,0,0,0,0,0,0,0,476,4,0,0,0,0,0,1,1,0,0,0,0,0,0,55,0,0,2,39,7,0,3,0,0,0,0,10,0,0,29,0,0,0
0,0,0,0,0,14,1,0,5,0,0,3,1,0,0,370,7,2,0,0,0,2,1,5,26,3,0,0,0,2,25,37,7,1,1,0,4,0,0,0,0,3,14,3,1,2,0,0
0,0,0,0,0,0,0,1,26,0,3,11,1,0,0,36,733,0,0,14,0,13,4,0,1,0,0,2,41,0,2,3,4,0,0,1,1,0,0,3,38,0,0,12,5,2,0,0
10,85,31,4,17,123,27,0,1,0,0,0,0,119,7,14,1,2464,16,0,0,6,5,87,262,8,0,0,2,10,1,1,3,12,22,0,662,0,0,0,0,46,67,6,5,2,0,0
0,45,4,0,1,0,76,0,0,0,0,0,0,41,3,6,0,7,1158,0,0,0,0,105,42,146,0,0,0,0,0,1,0,1,46,0,5,0,0,0,0,4,50,0,0,0,0,0
0,0,0,0,0,0,0,1,0,2,4,14,0,0,0,0,9,0,0,1348,1,9,0,0,0,0,0,1,6,0,0,0,0,0,0,21,0,2,3,12,174,0,0,28,0,0,4,3
0,0,1,2,0,1,0,25,1,2,71,9,1,1,2,2,2,3,0,2,626,1,3,2,2,0,12,86,1,4,0,0,0,0,0,5,8,2,0,11,1,0,0,0,2,4,1,0
0,0,0,0,0,1,0,0,35,0,1,34,1,0,0,22,94,0,0,5,2,7143,38,0,1,0,0,0,154,0,3,1,0,0,0,4,0,0,0,1,25,0,0,5,4,2,0,0
0,13,5,2,5,4,2,2,0,2,16,13,29,7,2,16,42,13,2,10,21,13,930,13,7,17,3,69,0,10,14,8,3,4,5,66,3,5,7,52,0,0,6,7,5,80,5,6
0,68,47,2,18,95,51,0,0,0,0,0,1,338,7,16,0,119,267,0,0,1,4,1017,789,267,0,2,0,6,0,1,8,65,52,0,25,0,0,0,0,114,260,1,1,192,0,0
1,62,91,2,9,534,86,1,6,0,5,2,7,316,12,259,1,111,193,0,1,5,31,530,2677,406,0,9,8,6,7,32,62,43,66,0,66,2,1,2,0,153,290,23,3,73,4,3
0,3,0,0,0,5,21,0,0,0,0,0,2,2,10,31,0,18,454,0,0,0,5,191,426,3215,1,0,0,5,0,3,7,2,51,0,11,0,0,0,0,15,287,0,0,351,0,0
0,0,0,0,0,0,0,0,0,133,46,2,1,0,0,1,1,0,0,0,2,0,0,0,1,0,569,1,0,0,0,0,0,0,0,0,0,9,37,21,0,0,0,0,0,2,23,31
0,0,1,0,0,2,0,21,0,46,142,18,0,0,4,5,19,1,0,9,431,12,20,4,4,1,43,1749,9,0,2,0,0,3,0,95,1,10,10,340,3,1,0,1,5,2,1,1
0,0,0,0,0,0,0,7,1387,37,35,214,62,0,0,17,501,0,0,44,32,125,35,1,0,0,28,7,7279,2,35,44,17,0,0,0,3,21,15,6,390,0,0,111,8,6,24,19
25,4,70,187,70,95,175,6,2,0,0,25,58,5,587,14,1,12,30,0,2,2,15,11,9,37,0,0,1,1520,68,37,18,228,331,0,87,0,0,0,0,150,13,14,372,1,0,0
0,0,2,1,0,8,1,46,45,0,0,64,47,1,6,154,2,3,2,0,1,17,14,16,8,3,0,0,5,24,1555,428,148,7,4,0,29,0,0,0,0,38,14,80,46,11,0,0
1,9,8,3,4,21,14,20,210,0,2,43,381,1,8,338,6,10,8,0,3,14,28,22,19,13,0,0,13,52,701,2551,685,12,11,0,8,0,0,0,2,18,52,140,29,18,3,2
0,0,0,1,0,0,0,0,41,0,0,0,8,0,1,35,0,0,1,0,0,2,3,3,6,5,0,0,3,12,38,105,673,0,0,0,1,0,0,0,0,0,15,6,5,6,0,0
26,29,103,121,116,47,13,0,0,0,0,0,0,36,177,1,0,7,3,0,0,0,0,1,2,0,0,0,0,24,0,0,0,806,36,0,5,0,0,0,0,30,11,0,9,0,0,0
4,1,0,21,2,0,29,0,0,0,0,0,0,0,0,0,0,6,3,0,0,0,0,0,2,0,0,0,0,5,0,0,0,14,412,0,1,0,0,0,0,6,1,0,4,0,0,0
0,0,2,2,0,1,0,191,0,8,38,8,0,1,4,0,4,0,1,9,25,3,15,2,1,3,5,65,1,0,0,0,0,0,0,1051,0,2,0,72,2,0,0,0,1,0,0,0
84,86,77,61,33,42,89,4,3,0,0,11,15,61,5,16,0,953,24,0,3,3,0,20,79,141,0,0,2,39,20,8,3,46,57,0,2540,0,0,0,0,46,57,37,48,0,0,0
0,0,0,0,0,0,0,0,0,71,11,4,0,0,0,0,1,0,0,96,1,0,0,0,0,0,47,3,1,0,0,0,0,0,0,0,0,3643,176,85,179,0,0,0,0,0,1169,79
0,0,0,0,0,0,0,0,0,118,3,0,0,0,0,0,4,0,0,13,0,0,2,0,0,0,23,0,0,0,0,0,0,0,0,0,0,94,1232,2,2,0,0,0,0,0,26,148
0,0,1,0,0,1,0,47,1,131,308,34,1,0,0,2,9,0,0,15,21,7,9,0,6,0,87,72,2,0,0,0,0,0,0,122,0,25,6,1710,19,0,0,0,0,0,11,6
0,0,0,0,0,0,0,4,1,5,10,20,0,0,0,0,2,0,0,101,0,5,3,0,0,0,0,2,21,0,0,0,0,0,0,11,0,5,0,19,306,0,0,13,0,0,20,0
2,5,15,17,1,51,9,0,0,0,0,0,0,17,31,3,0,15,6,0,0,0,0,28,61,0,0,0,0,4,0,0,0,13,26,0,4,0,0,0,0,88,15,0,3,0,0,0
1,18,4,7,4,28,3,0,1,0,0,0,1,19,28,41,0,58,59,0,0,0,0,138,159,145,0,0,0,34,11,0,6,99,5,0,19,0,0,0,0,57,881,2,40,20,0,0
0,1,0,2,0,2,0,23,76,0,2,39,79,0,2,4,12,5,0,86,0,3,25,0,1,0,1,0,21,20,28,19,7,1,3,2,48,2,3,4,58,0,7,851,22,3,11,4
3,0,11,52,0,18,13,8,6,0,0,3,2,0,36,27,6,5,1,0,1,2,2,11,2,8,0,0,0,124,11,2,5,5,94,0,40,0,0,0,0,104,7,12,1581,0,0,0
0,1,0,0,1,0,0,0,7,0,14,0,2,9,0,6,0,45,10,0,0,0,8,69,11,77,8,0,0,3,2,1,2,0,1,0,2,0,0,0,0,6,102,0,2,822,2,1
0,0,0,0,0,3,0,0,3,12,7,24,8,0,0,1,3,0,0,30,4,1,9,0,0,0,42,2,5,0,0,0,0,0,0,0,0,451,44,15,77,0,0,25,0,1,1905,132
0,0,0,0,0,0,0,0,0,0,1,0,2,0,0,0,1,0,0,1,0,0,0,0,0,0,2,0,0,0,0,1,0,0,0,0,0,6,6,0,0,0,0,1,0,0,8,83
