0.59742,0.63339,0.34104,0.52722,0.28166,0.43525,0.4937,0.22292,0.67085,0.40931,0.29117,0.39381,0.489,0.40053,0.34135,0.23006,0.45173,0.57653,0.45363,0.74229,0.49322,0.95956,0.71583,0.38788,0.52837,0.70899,0.56897,0.82903,0.86306,0.71975,0.55881,0.74415,0.39292,0.39705,0.22361,0.68571,0.68135,0.84367,0.77201,0.63784,0.26794,0.14456,0.38333,0.49467,0.65201,0.49493,0.58985,0.29084
0.59546
1113,46,117,290,229,9,193,0,0,0,0,0,0,24,11,0,0,91,1,0,0,0,0,0,1,0,0,0,0,5,0,0,0,93,75,0,21,0,0,0,0,4,0,0,0,0,0,0
51,1840,65,5,161,3,224,0,0,0,0,0,0,406,0,3,0,11,113,0,0,2,4,51,5,18,0,1,0,1,0,1,0,12,2,0,1,0,0,0,0,0,8,0,0,0,0,0
75,71,605,44,91,213,100,0,5,0,1,5,0,132,27,39,32,27,7,2,1,5,3,4,69,4,1,7,15,10,1,1,0,110,90,0,14,5,2,16,0,74,10,2,2,2,3,0
303,2,22,1046,41,6,48,0,0,0,0,0,0,1,86,0,0,40,1,0,0,0,0,0,0,0,0,0,0,33,0,0,0,149,252,0,22,0,0,0,0,11,2,1,123,0,0,0
34,38,24,10,387,1,8,0,0,0,0,0,0,12,1,0,0,4,2,0,0,0,0,0,0,0,0,0,0,4,0,0,0,28,0,0,0,0,0,0,0,0,2,0,0,0,0,0
18,20,185,60,33,1062,30,2,2,0,1,3,1,65,197,79,4,39,3,1,4,5,6,15,211,2,0,3,1,59,4,7,7,129,57,0,29,0,0,0,0,145,24,20,30,0,1,0
94,102,56,5,46,1,1294,0,0,0,0,0,0,18,1,0,0,7,50,0,0,0,0,1,17,4,0,0,0,0,0,1,0,3,79,0,4,0,0,0,0,16,0,0,0,0,0,0
0,0,2,0,0,2,0,152,1,0,15,4,0,0,4,0,0,1,0,0,6,2,1,1,0,0,1,0,0,0,2,0,0,0,0,22,0,0,1,0,0,0,0,0,0,0,2,0
0,0,0,0,0,0,0,4,4221,7,6,59,178,0,0,23,102,4,0,16,24,32,18,0,1,1,5,1,820,11,129,87,68,0,0,0,12,0,5,1,89,0,1,155,32,25,11,21
0,0,0,0,0,0,0,0,0,422,2,0,0,0,0,0,0,0,0,0,0,0,0,0,0,0,79,1,0,0,0,0,0,0,0,0,0,26,34,30,1,0,0,0,0,0,5,5
0,0,3,0,0,1,0,71,0,16,343,27,2,1,0,2,3,1,0,6,34,6,13,4,10,0,59,14,1,0,0,0,0,0,0,28,0,7,0,190,4,0,0,1,1,3,3,1
0,1,1,0,0,6,2,137,98,0,79,445,96,0,0,7,12,3,1,18,5,9,7,5,8,0,2,7,21,18,55,17,5,1,0,107,2,3,0,85,101,2,4,105,1,5,5,0
0,1,0,0,1,0,2,0,76,0,4,15,956,0,0,4,1,21,8,0,1,0,34,3,4,12,0,0,4,14,15,41,12,3,2,0,21,0,0,0,0,1,34,39,0,23,2,4
7,355,205,5,110,52,106,0,0,0,2,0,0,1063,4,4,0,175,136,0,0,1,3,278,113,6,0,1,0,1,1,0,0,113,42,0,28,0,0,0,0,37,51,0,0,8,0,0
1,0,6,29,7,36,2,0,0,0,0,0,0,0,480,5,0,0,0,0,0,0,1,0,0,0,0,1,0,56,1,0,2,36,9,0,3,0,0,0,0,7,0,0,25,0,0,0
0,0,3,0,0,12,2,1,5,0,0,3,0,0,1,375,8,0,0,0,0,2,2,4,27,2,0,0,0,3,23,37,4,1,1,0,4,0,0,0,0,2,12,3,1,2,0,0
0,0,0,0,0,0,0,0,24,0,3,10,1,0,0,35,730,0,0,15,0,12,4,0,0,0,0,1,44,0,3,3,4,0,0,1,1,0,0,2,43,0,0,13,6,2,0,0
9,86,29,6,14,120,28,0,3,0,0,0,0,120,8,16,1,2471,14,0,0,5,4,83,267,7,0,0,1,7,0,2,3,15,20,0,658,0,0,0,0,48,69,6,5,1,0,0
0,46,5,0,1,0,74,0,1,0,0,0,0,40,3,6,0,7,1169,0,0,0,0,97,45,141,0,0,0,0,0,0,0,1,42,0,7,0,0,0,0,8,48,0,0,0,0,0
0,0,0,0,0,0,0,2,0,3,2,12,0,0,0,0,10,0,0,1348,0,7,2,0,0,0,0,2,5,0,0,0,0,0,0,18,0,2,4,11,175,0,0,32,0,0,4,3
0,0,0,2,0,0,0,33,2,1,75,10,2,1,3,3,2,3,0,2,618,1,3,3,1,0,10,87,0,3,1,0,0,1,0,3,4,3,0,12,1,0,0,0,2,4,0,0
0,0,0,0,0,1,0,0,38,0,2,32,1,0,0,22,90,0,0,5,2,7142,41,0,1,0,0,0,155,0,4,1,0,0,0,5,0,0,0,0,24,0,0,4,4,2,0,0
0,11,5,1,5,4,4,3,0,2,17,11,29,9,3,15,34,11,2,9,20,15,927,14,11,15,5,70,0,10,14,9,5,4,5,60,4,6,7,60,1,0,3,6,5,82,3,8
0,69,48,3,18,93,54,0,0,0,0,0,1,329,7,16,0,119,274,0,0,1,5,1024,772,265,0,2,0,7,0,2,6,69,52,0,24,0,0,0,0,117,262,0,1,194,0,0
2,66,94,3,10,519,80,1,5,0,5,3,10,289,9,274,1,106,201,0,1,3,31,556,2645,408,0,9,9,8,2,26,60,38,61,0,71,2,1,2,0,170,315,26,2,73,2,2
0,3,0,0,0,2,25,0,0,0,1,0,2,3,10,32,0,14,442,0,0,0,5,194,428,3216,0,0,0,4,0,3,9,2,47,0,14,0,0,0,0,14,292,0,0,354,0,0
0,0,0,0,0,0,0,2,0,132,47,2,3,0,0,0,1,0,0,0,2,0,0,1,2,0,561,1,0,0,0,0,0,0,0,0,0,9,40,21,0,0,0,0,0,2,23,31
0,0,1,0,0,3,0,26,0,52,125,16,0,0,3,4,18,1,0,8,435,14,18,2,4,1,41,1765,6,1,2,0,0,2,0,100,0,9,11,335,4,1,0,1,4,2,1,0
0,0,0,0,0,0,0,6,1402,45,23,202,55,0,0,19,518,0,0,36,34,123,33,1,0,0,19,7,7267,2,41,42,15,0,0,0,4,23,18,5,407,0,0,111,10,8,19,17
32,3,68,176,65,90,174,8,3,0,0,26,60,3,596,19,1,11,33,0,4,2,14,9,10,35,0,0,0,1523,69,32,20,230,344,0,82,0,0,0,0,135,12,16,376,1,0,0
0,1,3,1,1,9,0,55,48,0,0,62,47,0,6,160,2,5,1,0,1,17,16,14,9,4,0,0,3,22,1544,428,132,10,6,0,26,0,0,0,1,45,9,83,47,12,0,0
1,7,9,4,2,19,11,28,213,0,2,36,385,4,8,328,4,11,6,0,2,13,24,16,24,16,0,1,15,52,736,2542,677,10,12,0,12,0,0,0,4,16,49,134,30,14,5,1
0,0,0,1,0,0,0,0,43,0,0,0,6,0,1,37,0,0,1,1,0,1,3,2,7,6,0,0,4,11,38,101,672,0,0,0,2,0,0,0,0,0,16,7,4,6,0,0
29,28,101,129,116,44,9,0,0,0,0,0,0,35,176,1,0,6,5,0,0,0,0,2,2,0,0,0,0,23,0,0,0,808,32,0,5,0,0,0,0,32,12,0,8,0,0,0
4,1,0,22,2,0,32,0,0,0,0,0,0,0,0,0,0,6,3,0,0,0,0,0,2,0,0,0,0,4,0,0,0,11,413,0,1,0,0,0,0,5,1,0,4,0,0,0
0,0,1,1,0,1,0,177,0,13,46,9,0,0,4,0,2,0,0,10,32,3,12,1,1,3,3,61,1,0,0,0,0,0,0,1056,0,1,0,76,2,0,0,0,1,0,0,0
83,83,81,63,27,30,94,6,4,0,0,10,17,62,2,16,0,967,28,0,3,3,1,14,69,139,0,0,1,37,16,10,3,41,62,0,2536,0,0,0,0,48,65,39,53,0,0,0
0,0,0,0,0,0,0,0,0,64,9,3,0,0,0,0,1,0,0,94,1,0,2,0,0,0,48,6,1,0,0,0,0,0,0,0,0,3659,174,79,191,0,0,0,0,0,1157,77
0,0,0,0,0,0,0,0,0,121,1,0,0,0,0,0,4,0,0,14,0,0,2,0,0,0,22,0,0,0,0,0,0,0,0,0,0,93,1219,1,1,0,0,0,0,0,27,162
0,0,2,0,0,1,0,43,1,136,327,35,1,0,0,2,10,0,0,15,18,7,7,0,6,0,83,75,2,0,0,0,0,0,0,125,0,26,8,1689,19,0,0,0,0,0,11,4
0,0,0,0,0,0,0,5,2,5,11,25,0,0,0,0,2,0,0,95,0,5,2,0,0,0,0,2,21,0,0,0,0,0,0,11,0,7,0,16,308,0,0,11,0,0,20,0
2,6,15,18,1,52,10,0,0,0,0,0,0,14,29,3,0,14,6,0,0,0,0,29,61,0,0,0,1,5,0,0,0,12,25,0,4,0,0,0,0,89,15,0,3,0,0,0
1,18,3,8,5,25,2,0,0,0,0,0,1,16,28,47,0,53,59,0,0,0,1,143,156,142,0,0,0,30,9,1,5,99,9,0,22,0,0,0,0,56,892,2,38,17,0,0
0,1,1,2,0,1,0,20,79,0,5,37,86,0,3,5,12,4,0,91,0,2,26,0,2,0,1,1,19,18,39,16,6,0,4,4,45,2,3,1,61,0,6,835,19,3,13,4
4,0,14,50,0,20,13,11,5,0,0,2,4,0,34,23,8,5,3,0,3,2,2,10,4,6,0,0,0,132,12,4,6,4,104,0,38,0,0,0,0,89,7,11,1572,0,0,0
0,0,0,0,1,0,0,1,6,0,18,0,2,7,1,5,0,48,8,0,0,0,8,58,11,83,7,0,0,2,2,1,2,0,0,0,1,0,0,0,0,4,106,0,2,829,1,0
0,0,0,0,0,2,0,0,5,12,5,26,7,0,0,1,3,0,0,29,2,1,10,1,0,0,38,3,3,0,0,0,0,0,0,0,0,448,46,16,82,0,0,25,0,1,1907,131
0,0,0,0,0,0,0,0,0,0,1,0,2,0,0,0,0,0,0,1,0,0,0,0,0,0,1,0,0,0,0,1,0,0,0,0,0,6,6,0,0,0,0,0,0,0,8,86
