0.5893,0.63411,0.33295,0.52739,0.28145,0.42124,0.49485,0.23077,0.66907,0.41206,0.29243,0.37348,0.48978,0.40194,0.34211,0.23153,0.45963,0.5754,0.4506,0.74211,0.5012,0.95737,0.71473,0.38426,0.52586,0.70819,0.56786,0.83302,0.85706,0.71642,0.56287,0.74389,0.38672,0.3958,0.22891,0.67065,0.67802,0.84567,0.76923,0.64419,0.25205,0.14671,0.38176,0.49102,0.65513,0.49195,0.59227,0.29875
0.59447
1102,50,136,292,221,8,190,0,0,0,0,0,0,25,11,0,0,90,1,0,0,0,0,0,1,0,0,0,0,7,0,0,0,96,69,0,21,0,0,0,0,3,0,0,0,0,0,0
53,1818,65,5,163,4,224,0,0,0,0,0,0,414,0,3,0,10,118,0,0,2,3,56,6,17,0,1,0,0,0,0,1,11,2,0,3,0,0,0,0,0,9,0,0,0,0,0
77,67,582,47,92,230,97,0,8,0,2,4,0,140,27,34,32,26,7,2,0,8,3,8,65,3,1,8,16,11,1,1,0,105,87,0,14,5,2,18,0,78,11,2,2,2,2,0
304,2,21,1030,39,9,49,0,0,0,0,0,0,1,78,0,0,38,1,0,0,0,0,0,0,0,0,0,0,28,0,0,0,156,271,0,25,0,0,0,0,11,2,1,123,0,0,0
33,39,22,9,387,1,9,0,0,0,0,0,0,12,1,0,0,3,2,0,0,0,0,0,0,0,0,0,0,3,0,0,0,30,1,0,1,0,0,0,0,0,2,0,0,0,0,0
22,16,183,61,37,1051,31,1,2,0,1,1,0,67,196,78,4,37,5,0,4,6,6,18,225,3,0,3,2,57,8,4,7,123,52,0,27,0,0,0,0,149,23,22,29,1,2,0
98,100,58,6,47,1,1297,0,0,0,0,0,0,18,1,0,0,9,47,0,0,0,0,1,18,4,0,0,0,0,0,1,0,4,65,0,4,0,0,0,0,20,0,0,0,0,0,0
0,0,2,0,0,2,0,154,2,0,9,3,0,0,4,0,0,1,0,0,5,2,1,1,0,0,1,1,0,0,3,0,0,0,0,24,0,0,1,1,0,0,0,0,0,0,2,0
0,0,0,0,0,0,0,1,4179,6,11,64,176,0,0,34,96,6,0,14,20,32,23,0,2,0,4,0,877,11,114,90,74,0,0,0,14,0,5,0,74,0,0,157,28,25,10,22
0,0,0,0,0,0,0,0,0,410,1,0,0,0,0,0,0,0,0,0,0,0,0,0,0,0,77,2,0,0,0,0,0,0,0,0,0,27,37,39,1,0,0,0,0,0,5,6
0,1,1,0,0,2,0,78,0,18,336,22,1,1,0,1,3,1,0,5,32,7,14,6,7,0,58,15,1,0,0,0,0,1,0,29,0,6,3,191,5,0,0,2,1,4,2,1
0,1,0,0,0,10,1,136,101,0,83,431,105,1,0,10,14,3,0,20,6,9,6,5,6,0,3,8,20,18,48,13,8,0,0,121,2,3,0,73,106,4,4,98,1,4,4,0
0,1,0,0,1,0,2,0,82,0,4,18,958,1,0,5,2,19,7,0,0,1,32,5,5,15,0,0,1,10,15,41,11,2,3,0,22,0,0,0,0,2,29,35,0,23,2,4
7,342,202,6,113,57,98,0,0,0,2,0,0,1080,2,6,0,186,134,0,0,1,3,264,128,6,0,1,0,2,1,0,0,112,36,0,25,0,0,0,0,42,43,0,0,8,0,0
1,0,3,28,7,41,1,0,0,0,0,1,0,0,478,3,0,0,0,0,0,0,1,0,0,0,0,1,0,54,0,0,2,37,8,0,4,0,0,0,0,7,0,0,30,0,0,0
0,1,0,0,0,16,3,1,6,0,0,2,1,0,1,376,7,1,0,0,0,2,1,5,23,2,0,0,0,1,24,34,9,1,1,0,3,0,0,0,0,0,11,4,2,2,0,0
0,0,0,0,0,0,0,0,24,0,2,12,1,0,0,32,740,0,0,12,0,14,4,0,0,0,0,2,41,0,1,2,4,0,0,1,0,0,0,4,39,0,0,14,6,2,0,0
9,84,32,7,14,116,24,0,3,0,0,0,0,118,5,16,1,2461,16,0,0,5,4,95,260,8,0,0,1,9,0,2,4,16,20,0,670,0,0,0,0,44,69,7,5,1,0,0
0,45,5,0,1,0,72,0,0,0,0,0,0,40,3,6,0,7,1172,0,0,0,0,99,42,148,0,0,0,0,1,0,1,1,37,0,6,0,0,0,0,7,48,0,0,0,0,0
0,0,0,0,0,0,0,2,0,2,3,11,0,0,0,0,9,0,0,1341,0,8,1,0,0,0,1,2,6,0,0,0,0,0,0,19,0,2,3,13,174,0,0,36,0,0,5,4
0,0,1,2,0,0,0,25,1,0,67,11,2,1,2,4,1,3,0,2,626,1,3,1,2,0,16,81,2,4,0,0,0,1,0,5,8,2,0,14,1,0,0,0,2,4,1,0
0,0,0,0,0,2,0,0,36,0,2,35,1,0,0,18,93,0,0,4,2,7142,40,0,2,0,0,0,161,0,4,1,0,0,0,5,0,0,0,0,17,0,0,5,4,2,0,0
0,11,3,2,6,4,2,2,0,2,13,13,32,10,2,16,33,15,3,9,21,13,922,14,10,18,4,64,0,9,14,6,6,3,4,71,3,6,6,52,1,0,4,8,6,88,6,7
0,67,51,2,17,97,50,0,0,0,1,0,1,321,7,14,0,124,280,0,0,1,6,1006,794,257,0,2,0,6,0,1,12,63,47,0,25,0,0,0,0,122,267,1,1,191,0,0
1,66,88,4,10,527,87,2,6,0,5,2,6,300,10,266,2,107,197,0,1,4,34,537,2633,415,0,11,11,7,6,34,67,37,52,0,75,1,1,2,0,174,312,24,2,70,2,3
0,3,0,0,0,3,24,0,0,0,1,0,2,2,11,34,0,16,457,0,0,0,4,186,421,3218,0,1,0,5,0,5,11,2,38,0,14,0,0,0,0,19,288,0,0,351,0,0
0,0,0,0,0,0,0,0,0,129,48,1,1,0,0,0,1,0,0,0,2,0,1,1,1,0,569,1,0,0,0,0,0,0,0,0,0,8,36,22,0,0,0,0,0,3,27,29
0,0,1,0,0,3,0,26,0,50,133,19,0,0,6,3,20,1,0,5,429,14,24,2,5,2,40,1771,7,0,2,0,0,2,0,99,0,9,12,320,3,1,0,0,4,2,1,0
0,0,0,0,0,0,0,5,1395,46,30,221,57,0,0,19,499,0,0,42,30,127,26,1,0,0,18,8,7297,2,37,47,17,0,0,1,4,23,15,7,368,0,0,118,7,7,21,17
32,4,66,174,65,91,171,6,2,0,0,23,59,3,598,14,1,12,28,0,4,3,14,9,8,39,0,0,1,1531,69,35,20,236,332,0,88,0,0,0,0,147,13,14,369,1,0,0
0,0,2,0,1,10,0,46,51,0,0,71,52,2,5,155,3,4,2,0,1,17,14,19,9,4,0,0,3,28,1531,424,141,9,6,0,30,0,0,0,1,26,15,86,50,12,0,0
0,6,9,3,3,22,14,22,209,0,2,44,382,3,8,338,5,7,9,0,2,14,25,18,19,18,0,0,12,49,720,2527,693,12,12,0,10,0,0,0,2,17,49,143,34,17,3,1
0,0,0,0,0,0,0,0,39,0,0,0,8,0,2,35,0,0,1,0,0,2,3,2,8,4,0,0,2,16,43,99,675,0,0,0,0,0,0,0,0,0,15,4,6,6,0,0
28,30,100,116,112,51,13,0,0,0,0,0,0,36,182,1,0,7,3,0,0,0,0,2,1,0,0,0,0,23,0,0,0,811,32,0,5,0,0,0,0,34,10,0,6,0,0,0
3,1,1,22,2,0,38,0,0,0,0,0,0,0,0,0,0,6,3,0,0,0,0,0,2,0,0,0,0,4,0,0,0,11,407,0,1,0,0,0,0,6,1,0,3,0,0,0
0,0,3,0,0,1,0,177,0,11,39,11,0,0,5,0,4,0,0,9,33,3,15,1,1,3,3,58,1,0,0,0,0,0,0,1065,0,1,0,71,1,0,0,0,1,0,0,0
93,88,80,60,30,32,94,3,3,0,0,11,16,56,4,18,0,948,32,0,4,5,1,20,63,127,0,0,2,44,17,10,3,46,55,0,2548,0,0,0,0,44,68,41,46,1,0,0
0,0,0,0,0,0,0,0,0,64,11,5,0,0,0,0,1,0,0,99,1,0,0,0,0,0,53,3,1,0,0,0,0,0,0,0,0,3655,173,85,194,0,0,0,0,0,1144,77
0,0,0,0,0,0,0,0,0,128,3,0,0,0,0,0,4,0,0,16,0,0,1,0,0,0,23,0,0,0,0,0,0,0,0,0,0,95,1200,2,1,0,0,0,0,0,27,167
0,0,2,0,0,0,0,47,1,113,301,33,1,0,0,1,8,0,0,15,21,7,11,0,6,0,82,77,2,0,0,0,0,0,0,133,0,24,8,1720,22,0,0,0,0,1,12,5
0,0,0,0,0,0,0,6,2,5,8,18,0,0,0,0,4,0,0,98,0,4,3,0,0,0,1,2,22,0,0,0,0,0,0,11,0,7,0,19,307,0,0,12,0,0,19,0
2,5,12,18,1,53,13,0,0,0,0,0,0,14,31,3,0,13,5,0,0,0,0,26,65,0,0,0,0,4,0,0,0,14,24,0,5,0,0,0,0,89,14,0,3,0,0,0
1,17,3,6,4,28,3,0,0,0,0,0,1,15,29,46,0,56,60,0,0,0,1,141,152,149,0,0,0,32,9,1,5,100,11,0,22,0,0,0,0,56,883,2,36,19,0,0
0,1,0,3,1,1,0,21,77,0,3,38,84,0,1,6,13,4,0,85,0,3,19,1,1,0,1,1,21,19,36,14,12,0,3,4,42,4,2,0,62,0,6,848,19,4,13,4
4,0,14,50,0,20,14,6,6,0,0,5,2,0,38,24,6,6,2,0,2,2,1,11,4,5,0,0,0,139,13,3,6,7,103,0,36,0,0,0,0,80,10,12,1571,0,0,0
0,1,0,0,1,0,0,0,7,0,22,0,0,6,0,4,0,50,9,0,0,0,8,57,11,79,9,1,0,4,2,1,3,0,0,0,1,0,0,0,0,4,107,0,1,825,1,0
0,0,0,0,0,2,0,0,4,11,5,24,5,0,0,1,3,0,0,28,3,1,12,0,1,0,37,1,4,0,1,0,0,0,0,0,0,438,49,17,81,0,0,31,0,1,1916,128
0,0,0,0,0,0,0,0,0,0,1,0,2,0,0,0,1,0,0,1,0,0,0,0,0,0,1,0,0,0,0,1,0,0,0,0,0,6,7,0,0,0,0,0,0,0,8,84
