0.5973,0.63527,0.33822,0.53128,0.28058,0.42875,0.49355,0.23735,0.67227,0.40556,0.29054,0.38014,0.48876,0.39826,0.34425,0.23278,0.45652,0.57947,0.45159,0.74541,0.5,0.95884,0.72642,0.38205,0.52929,0.71017,0.55689,0.83003,0.8609,0.71949,0.56487,0.74324,0.38752,0.4003,0.21739,0.67581,0.68278,0.84674,0.76938,0.63868,0.26305,0.14846,0.3886,0.48926,0.6559,0.5,0.61498,0.30508
0.59632
1108,47,127,292,218,8,192,0,0,0,0,0,0,27,12,0,0,91,1,0,0,0,0,0,1,0,0,0,0,5,0,0,0,98,73,0,20,0,0,0,0,3,0,0,0,0,0,0
53,1848,65,5,160,3,222,0,0,0,0,0,0,396,0,4,0,11,114,0,0,2,4,52,4,17,0,1,0,0,0,1,0,11,3,0,2,0,0,0,0,1,9,0,0,0,0,0
74,67,600,50,95,223,97,0,7,0,2,5,0,136,26,37,32,21,8,2,1,7,3,5,65,4,1,7,16,12,1,1,0,106,85,0,19,6,2,15,0,73,9,2,2,2,1,0
305,2,27,1053,45,7,47,0,0,0,0,0,0,1,88,0,0,35,1,0,0,0,0,0,1,0,0,0,0,32,0,0,0,147,240,0,24,0,0,0,0,8,2,1,123,0,0,0
32,36,23,11,390,1,8,0,0,0,0,0,0,12,1,0,0,4,2,0,0,0,0,0,0,0,0,0,0,4,0,0,0,27,0,0,1,0,0,0,0,0,3,0,0,0,0,0
11,18,188,69,36,1056,33,1,2,0,2,2,1,65,196,69,4,44,5,1,3,4,7,22,215,3,0,3,1,59,6,4,6,126,56,1,25,0,0,0,0,144,26,21,28,0,1,0
100,111,54,6,45,0,1263,0,0,0,0,0,0,16,1,0,0,9,51,0,0,1,1,2,17,5,0,0,0,0,0,1,0,3,98,0,3,0,0,0,0,12,0,0,0,0,0,0
0,0,2,0,0,2,0,158,1,0,8,3,0,0,3,0,0,1,0,0,5,2,0,2,0,0,2,1,0,0,2,0,0,0,0,20,0,0,1,1,0,1,0,0,2,0,2,0
0,0,0,0,0,0,0,3,4197,7,6,64,176,0,0,33,98,6,0,15,22,31,23,0,1,0,3,1,843,11,111,93,71,0,0,0,11,0,8,1,84,0,0,157,34,23,12,24
0,0,0,0,0,0,0,0,0,423,3,0,0,0,0,0,0,0,0,0,0,0,0,0,0,0,75,1,0,0,0,0,0,0,0,0,0,26,35,30,1,0,0,0,0,0,6,5
0,0,2,0,0,1,0,66,0,18,344,28,2,1,0,2,3,1,0,7,33,6,13,3,10,0,57,17,1,0,0,0,0,1,0,34,0,5,0,186,4,0,0,2,1,3,3,1
0,1,1,0,0,8,1,138,104,0,83,444,96,0,0,7,13,1,0,18,6,10,10,4,6,0,3,7,17,17,52,13,7,1,3,112,1,4,0,77,101,3,3,106,1,4,3,0
0,0,0,0,1,0,3,0,81,0,4,19,957,0,0,4,2,19,9,0,1,0,33,4,5,8,0,0,3,14,14,36,11,2,2,0,25,0,0,0,0,1,33,37,0,23,2,5
6,345,206,6,117,52,101,0,0,0,2,0,0,1053,2,7,0,180,140,0,0,1,3,275,124,6,0,1,0,3,1,0,0,106,50,0,25,0,0,0,0,43,43,0,0,9,0,0
0,0,4,28,7,41,1,0,0,0,0,1,0,0,476,4,0,0,0,0,0,1,1,0,0,0,0,0,0,55,0,0,2,37,9,0,3,0,0,0,0,7,0,0,30,0,0,0
0,1,1,0,0,15,1,0,6,0,0,2,1,0,1,382,8,0,0,0,0,3,1,4,21,2,0,1,0,2,25,35,6,1,1,0,3,0,0,0,0,0,12,3,0,2,0,0
0,0,0,0,0,0,0,0,24,0,2,16,1,0,0,32,735,0,0,14,1,14,2,0,1,0,0,1,42,0,1,3,4,0,0,1,0,0,0,5,36,0,0,14,5,3,0,0
8,87,28,5,15,125,26,0,3,0,0,0,0,120,7,16,2,2450,14,0,0,4,5,96,259,9,0,0,1,10,1,2,3,14,24,0,669,0,0,0,0,42,68,7,5,1,0,0
0,44,6,0,1,0,68,0,0,0,0,0,1,37,3,6,0,6,1166,0,0,0,0,104,46,144,0,0,0,0,0,1,0,1,50,0,7,0,0,0,0,4,46,0,0,0,0,0
0,0,0,0,0,0,0,2,0,2,2,9,0,0,0,0,8,0,0,1341,0,7,1,0,0,0,0,1,6,0,0,0,0,0,0,21,0,2,4,12,181,0,0,33,0,0,8,2
0,0,3,1,0,0,0,24,1,1,75,10,2,0,4,2,2,3,0,2,615,1,3,2,2,0,12,91,1,3,0,0,0,1,0,5,7,2,0,13,1,0,0,0,2,4,1,0
0,0,0,0,0,1,0,0,37,0,1,32,0,0,0,23,87,0,0,4,2,7151,34,0,1,0,0,0,156,0,4,1,0,0,0,5,0,0,0,0,26,0,0,4,4,3,0,0
0,14,3,2,4,4,2,2,0,2,18,15,32,8,2,13,35,13,2,10,23,14,932,13,8,22,3,70,0,9,12,9,6,2,4,59,3,5,6,58,0,0,4,7,5,76,6,7
0,65,47,1,18,91,51,0,0,0,0,0,1,322,7,14,0,124,277,0,0,1,5,1030,791,262,0,2,0,5,0,3,5,64,55,0,24,0,0,0,0,120,256,1,2,190,0,0
2,75,95,1,11,509,78,2,6,0,7,4,8,287,10,254,1,105,197,0,1,4,27,583,2647,401,0,10,8,7,4,31,63,40,72,0,73,2,1,2,0,174,295,27,4,68,3,2
0,3,0,0,0,1,20,0,0,0,0,0,2,4,10,32,0,15,446,0,0,0,5,196,409,3227,1,0,0,5,0,4,6,2,59,0,13,0,0,0,0,15,290,0,0,351,0,0
0,0,0,0,0,0,0,0,0,137,49,2,1,0,0,0,1,0,0,0,2,0,0,0,1,0,558,1,0,0,0,0,0,0,0,0,0,7,37,22,0,0,0,0,0,2,25,35
0,0,2,0,0,3,0,21,0,51,133,20,0,0,5,3,18,1,0,6,424,11,22,3,4,2,42,1758,7,0,2,0,0,2,0,104,0,11,10,338,4,1,0,1,4,2,1,0
0,0,0,0,0,0,0,7,1376,46,27,204,57,0,0,24,507,0,0,32,26,124,31,1,0,0,21,10,7297,2,32,46,18,0,0,0,4,22,16,9,398,0,0,119,8,7,26,15
30,4,70,173,68,93,166,8,2,0,0,25,61,3,599,12,1,10,30,0,5,3,10,10,7,36,0,0,1,1521,72,35,21,225,346,0,81,0,0,0,0,148,13,19,373,1,0,0
0,1,2,0,2,9,0,52,49,0,0,68,46,1,5,169,3,4,1,0,1,17,13,12,12,3,0,0,4,24,1537,413,142,10,6,0,28,0,0,0,0,41,13,87,45,10,0,0
1,8,6,1,4,21,13,22,211,0,3,44,390,3,8,339,6,10,8,0,3,14,25,19,18,13,0,0,13,53,725,2530,677,11,15,0,7,0,1,0,3,19,42,142,31,17,6,1
0,0,0,0,0,0,0,0,39,0,0,0,6,0,3,38,0,1,1,1,0,1,3,2,6,8,0,0,5,11,40,104,673,0,0,0,0,0,0,0,0,0,14,4,4,6,0,0
30,28,97,118,116,51,11,0,0,0,0,0,0,38,173,1,0,9,5,0,0,0,0,1,2,0,0,0,0,23,0,0,1,811,36,0,4,0,0,0,0,28,12,0,8,0,0,0
4,1,0,23,2,0,29,0,0,0,0,0,0,0,0,0,0,6,3,0,0,0,0,0,2,0,0,0,0,5,0,0,0,11,415,0,1,0,0,0,0,5,1,0,3,0,0,0
0,0,3,1,0,0,0,183,0,11,43,10,0,1,4,0,4,0,0,9,26,3,13,2,1,2,5,58,1,1,0,0,0,0,0,1059,0,2,0,74,0,0,0,0,1,0,0,0
86,79,79,60,31,38,96,3,3,0,1,10,17,75,3,17,0,919,30,0,5,3,0,15,69,137,0,0,2,38,22,11,4,45,67,0,2557,0,0,0,0,44,60,39,47,1,0,0
0,0,0,0,0,0,0,0,0,71,11,2,0,0,0,0,2,0,0,99,1,0,0,0,0,0,58,4,1,0,0,0,0,0,0,0,0,3779,176,81,203,0,0,1,0,0,993,84
0,0,0,0,0,0,0,0,0,129,3,0,0,0,0,0,4,0,0,14,0,0,1,0,0,0,21,0,0,0,0,0,0,0,0,0,0,91,1191,3,1,0,0,0,0,0,29,180
0,0,1,0,0,1,0,42,1,127,314,39,1,0,0,2,8,0,0,14,19,7,8,0,6,0,92,69,2,0,0,0,0,0,0,131,0,26,7,1704,20,0,0,0,0,0,8,4
0,0,0,0,0,0,0,7,2,5,9,21,0,0,0,0,2,0,0,96,0,5,1,0,0,0,0,1,25,0,0,0,0,0,0,11,0,8,0,18,306,0,0,10,0,0,21,0
2,5,11,16,1,53,11,0,0,0,0,0,0,15,29,3,0,16,5,0,0,0,0,28,62,1,0,0,0,4,0,0,0,14,27,0,4,0,0,0,0,90,14,0,3,0,0,0
1,17,3,6,2,23,3,0,0,0,0,0,1,18,28,52,0,56,56,0,0,0,0,144,159,146,0,0,0,32,9,2,5,102,11,0,21,0,0,0,0,49,886,2,37,17,0,0
0,1,0,2,0,3,0,21,75,0,5,38,84,0,3,7,13,4,0,85,0,3,24,0,2,0,1,1,19,17,37,20,8,0,4,4,40,0,3,1,60,0,6,843,17,4,18,4
2,0,18,52,0,16,16,9,6,0,0,3,3,0,31,26,8,5,2,0,1,2,1,8,3,9,0,0,0,127,9,3,6,5,98,0,38,0,0,0,0,92,7,12,1584,0,0,0
0,1,0,0,1,0,0,0,7,0,19,0,2,5,0,6,0,48,8,0,0,0,7,54,13,77,8,0,0,3,1,1,2,0,0,0,2,0,0,0,0,4,113,0,2,830,0,0
0,0,0,0,0,4,0,0,3,13,7,28,7,0,0,1,3,0,0,28,4,1,11,0,0,0,39,1,4,0,1,0,0,0,0,0,0,458,45,18,84,0,0,22,0,1,1888,133
0,0,0,0,0,0,0,0,0,0,1,0,2,0,0,0,0,0,0,1,0,0,0,0,0,0,0,0,0,0,0,1,0,0,0,0,0,7,5,0,0,0,0,0,0,0,7,88
