0.58711,0.63674,0.33144,0.53188,0.28055,0.42851,0.49126,0.22857,0.67033,0.41033,0.29659,0.37931,0.48995,0.4006,0.34334,0.22967,0.44713,0.57891,0.44957,0.7443,0.5086,0.95942,0.71385,0.38895,0.53002,0.71077,0.56107,0.82747,0.86329,0.71979,0.56399,0.74171,0.38819,0.3999,0.21515,0.67617,0.67789,0.84844,0.77614,0.64174,0.26547,0.1436,0.39243,0.48532,0.6578,0.49821,0.61142,0.28897
0.59629
1102,47,128,287,224,9,192,0,0,0,0,0,0,23,12,0,0,88,1,0,0,0,0,0,1,0,0,0,0,8,0,0,0,97,78,0,23,0,0,0,0,3,0,0,0,0,0,0
57,1851,64,5,159,3,216,0,0,0,0,0,0,399,0,4,0,11,115,0,0,2,4,49,5,17,0,1,0,0,0,1,0,12,3,0,2,0,0,0,0,0,8,0,0,0,0,0
81,70,582,50,92,226,102,0,5,0,1,7,0,138,26,37,32,28,8,2,1,6,3,6,65,4,1,7,17,11,1,1,0,106,88,0,12,5,2,15,1,70,11,2,1,2,2,0
309,2,23,1051,40,10,46,0,0,0,0,0,0,1,82,0,0,35,1,0,0,0,0,0,0,0,0,0,0,31,0,0,0,147,245,0,25,0,0,0,0,10,2,0,129,0,0,0
33,39,21,11,388,2,9,0,0,0,0,0,0,12,1,0,0,4,2,0,0,0,0,0,0,0,0,0,0,3,0,0,0,28,0,0,0,0,0,0,0,0,2,0,0,0,0,0
16,19,183,65,35,1073,33,2,2,0,1,2,0,66,194,73,4,35,5,0,4,4,8,18,213,2,0,4,1,55,7,8,6,123,60,0,31,0,0,0,0,135,25,22,29,0,1,0
102,109,58,6,47,1,1265,0,0,0,0,0,0,14,1,0,0,10,46,0,0,0,0,2,16,5,0,0,0,0,0,1,0,2,95,0,3,0,0,0,0,15,0,1,0,0,0,0
0,0,2,0,0,2,0,151,2,0,14,4,0,0,4,0,1,1,0,0,4,2,0,1,0,0,1,1,0,1,3,0,0,0,0,23,0,0,1,0,0,0,0,0,0,0,1,0
0,0,0,0,0,0,0,1,4205,7,9,70,167,0,0,27,101,5,0,16,23,32,26,0,2,0,3,1,835,12,118,89,74,0,0,0,15,0,5,0,80,0,0,158,30,22,11,25
0,0,0,0,0,0,0,0,0,421,2,0,0,0,0,0,0,0,0,0,0,0,0,0,0,0,72,1,0,0,0,0,0,0,0,0,0,26,35,34,1,0,0,0,0,0,6,7
0,1,1,0,0,1,0,74,1,16,331,19,1,2,0,1,3,1,0,4,31,7,14,1,10,0,61,18,1,0,1,0,0,1,0,33,0,6,4,195,6,0,0,1,1,5,2,1
0,1,1,0,0,7,1,145,101,0,66,451,101,0,0,8,12,2,1,18,5,8,10,8,6,0,3,8,18,16,47,16,7,1,1,108,1,3,0,81,101,3,3,108,1,3,5,0
0,0,0,0,1,1,2,0,80,0,4,18,951,1,0,3,2,20,10,0,0,0,33,4,6,11,0,0,2,13,17,37,16,3,2,0,20,0,0,0,0,1,27,40,0,26,1,6
7,340,205,6,111,58,99,0,0,0,1,0,0,1068,2,5,0,177,133,0,0,1,3,283,122,5,0,1,0,2,1,0,0,108,49,0,28,0,0,0,0,38,44,1,0,9,0,0
0,0,3,31,5,42,1,0,0,0,0,0,0,0,481,4,0,0,0,0,0,0,1,0,0,0,0,1,0,57,0,0,2,35,7,0,3,0,0,0,0,7,0,0,27,0,0,0
0,0,0,0,0,15,2,0,7,0,0,3,1,0,0,370,8,1,0,0,0,3,1,5,24,3,0,0,0,2,25,36,7,1,1,0,4,0,0,0,0,1,13,4,1,2,0,0
0,0,0,0,0,0,0,1,26,0,3,9,1,0,0,25,740,0,0,14,0,13,3,0,1,0,0,2,40,0,2,5,4,0,0,1,0,0,0,4,41,0,0,15,5,2,0,0
11,80,27,6,16,117,29,0,3,0,0,0,0,122,7,14,3,2476,15,0,0,4,5,80,265,7,0,0,1,9,1,1,3,13,21,0,668,0,0,0,0,42,67,7,5,1,0,0
0,46,5,0,1,0,72,0,0,0,0,0,0,37,3,6,0,6,1159,0,0,0,0,106,46,145,0,0,0,0,0,1,0,2,49,0,7,0,0,0,0,7,43,0,0,0,0,0
0,0,0,0,0,0,0,2,0,2,4,11,0,0,0,0,10,0,0,1339,0,8,1,0,0,0,1,2,5,0,0,0,0,0,0,20,0,2,5,10,181,0,0,33,0,0,4,2
0,0,2,2,0,1,0,27,1,0,78,11,1,0,2,4,1,3,0,2,621,1,3,3,1,0,13,84,1,4,0,0,0,0,0,5,5,2,1,10,1,0,0,0,2,3,1,0
0,0,0,0,0,1,0,0,37,0,2,37,1,0,0,19,93,0,0,4,2,7141,38,0,1,0,0,0,154,0,3,1,0,0,0,5,0,0,0,1,25,0,0,5,4,2,0,0
0,11,4,2,4,3,3,5,0,3,12,16,25,8,2,17,34,14,2,8,19,15,938,13,10,17,5,70,0,9,15,8,5,3,6,63,3,5,5,57,1,0,3,8,5,77,5,6
0,68,44,2,18,104,52,0,0,0,0,0,2,328,7,15,0,124,278,0,0,1,5,1028,781,257,0,2,0,7,0,0,6,65,54,0,24,0,0,0,0,114,261,0,1,186,0,0
2,70,107,1,9,512,82,0,8,0,4,2,8,290,12,265,3,111,201,0,1,3,31,535,2657,403,0,11,6,6,4,37,63,44,71,0,75,2,1,2,0,165,293,24,2,72,4,2
0,4,0,0,0,3,22,0,0,0,0,0,2,2,10,35,0,15,450,0,0,0,5,192,418,3207,1,0,0,4,0,3,7,2,51,0,15,0,0,0,0,18,289,0,0,361,0,0
0,0,0,0,0,0,0,0,0,138,40,2,1,0,0,0,1,0,0,0,2,0,0,1,2,0,565,2,0,0,0,0,0,0,0,0,0,7,38,23,0,0,0,0,0,2,26,30
0,0,2,0,0,3,0,31,0,49,129,21,0,0,8,4,19,1,0,7,424,11,21,3,3,2,45,1765,8,0,3,0,0,2,0,101,0,7,9,326,5,1,0,1,3,1,1,0
0,0,0,0,0,0,0,3,1385,43,34,211,58,0,0,16,533,0,0,34,23,121,32,1,0,0,19,9,7262,2,33,46,17,0,0,0,5,19,13,9,399,0,0,127,7,6,26,19
34,4,74,167,66,91,171,6,3,0,0,24,59,4,606,15,1,12,29,0,3,2,13,8,8,35,0,1,0,1531,69,35,18,226,351,0,88,0,0,0,0,136,12,17,362,1,0,0
0,0,2,2,1,10,1,46,51,0,1,75,55,1,7,164,3,6,1,0,0,17,14,15,10,4,0,0,3,22,1538,417,132,9,5,0,27,0,0,0,0,35,13,84,48,11,0,0
0,8,8,3,4,22,18,20,210,0,1,47,386,2,8,337,5,11,8,0,3,14,26,22,18,14,0,0,12,53,721,2527,677,10,14,0,8,0,0,0,2,18,44,148,31,18,3,2
0,0,0,1,0,0,0,0,41,0,0,0,7,0,1,37,0,1,1,1,0,1,3,1,7,4,0,0,2,13,37,105,674,0,0,0,1,0,0,0,0,0,15,5,6,6,0,0
29,27,96,120,119,49,9,0,0,0,0,0,0,38,184,1,0,8,3,0,0,0,0,1,2,0,0,0,0,22,0,0,0,803,34,0,5,0,0,0,0,33,12,0,8,0,0,0
3,1,1,23,2,0,33,0,0,0,0,0,0,0,0,0,0,6,3,0,0,0,0,0,2,0,0,0,0,6,0,0,0,10,409,0,1,0,0,0,0,6,1,0,4,0,0,0
0,0,1,2,0,0,0,176,0,10,38,12,0,1,4,0,3,0,0,9,30,3,15,0,1,2,3,63,1,0,0,0,0,0,0,1067,0,2,0,72,1,0,0,0,1,0,0,0
81,86,79,61,35,40,88,3,3,0,0,9,15,64,4,16,0,942,33,0,4,4,1,20,71,136,0,0,1,42,20,11,4,41,67,0,2536,0,0,0,0,49,62,36,49,0,0,0
0,0,0,0,0,0,0,0,0,70,13,3,0,0,0,0,2,0,0,102,1,0,0,0,0,0,55,5,1,0,0,0,0,0,0,0,0,3790,166,80,180,0,0,1,0,0,1014,83
0,0,0,0,0,0,0,0,0,125,1,0,0,0,0,0,4,0,0,15,0,0,3,0,0,0,19,0,0,0,0,0,0,0,0,0,0,91,1210,1,1,0,0,0,0,0,32,165
0,0,2,0,0,0,0,44,1,126,289,34,1,0,0,2,10,0,0,13,16,8,7,0,6,0,90,71,2,0,0,0,0,0,0,137,0,26,6,1725,23,0,0,0,0,0,9,5
0,0,0,0,0,0,0,5,3,4,5,21,0,0,0,0,2,0,0,97,0,5,3,0,0,0,1,2,20,0,0,0,0,0,0,12,0,6,0,24,308,0,0,9,0,0,21,0
3,5,11,17,1,53,10,0,0,0,0,0,0,18,31,3,0,14,6,0,0,0,0,28,61,0,0,0,0,3,0,0,0,12,28,0,5,0,0,0,0,89,13,0,3,0,0,0
1,17,2,8,4,23,3,0,0,0,0,0,1,18,27,48,0,56,55,0,0,0,0,143,150,147,0,0,0,30,9,1,6,97,8,0,19,0,0,0,0,65,892,2,37,19,0,0
0,1,0,1,0,2,0,20,81,0,6,41,82,0,4,6,13,4,0,86,0,3,23,0,2,0,1,0,16,18,39,14,8,0,4,3,43,2,3,2,57,0,6,843,20,3,16,4
6,0,18,46,0,16,13,7,6,0,0,4,3,1,35,25,8,5,3,0,1,2,2,8,5,7,0,0,0,131,11,3,6,5,100,0,38,0,0,0,0,85,9,11,1582,0,0,0
0,0,0,0,1,0,1,1,7,0,17,0,3,8,0,4,0,44,9,0,0,0,8,58,15,78,7,0,0,4,2,2,2,0,0,0,1,0,0,0,0,3,103,0,1,835,0,0
0,0,0,0,0,4,0,0,4,12,9,25,7,0,0,1,3,0,0,27,3,1,11,0,0,0,40,1,3,0,0,0,0,0,0,0,0,458,49,17,89,0,0,24,0,1,1885,130
0,0,0,0,0,0,0,0,0,0,1,0,2,0,0,0,1,0,0,1,0,0,0,0,0,0,1,0,0,0,0,1,0,0,0,0,0,8,6,0,0,0,0,0,0,0,7,84
