0.59673,0.62829,0.32916,0.52841,0.28066,0.42502,0.493,0.2129,0.67231,0.40604,0.29013,0.39005,0.49387,0.39562,0.33623,0.23323,0.45466,0.57889,0.45462,0.73954,0.50928,0.95739,0.72115,0.39008,0.52831,0.70958,0.55633,0.82965,0.86201,0.71827,0.56651,0.74534,0.38222,0.4001,0.22032,0.6749,0.68176,0.84614,0.78208,0.64119,0.26113,0.13201,0.38826,0.49406,0.65997,0.49229,0.61649,0.25699
0.59639
1095,51,130,291,223,9,192,0,0,0,0,0,0,25,10,0,0,87,1,0,0,0,0,0,1,0,0,0,0,6,0,0,0,99,78,0,22,0,0,0,0,3,0,0,0,0,0,0
52,1839,65,5,159,3,219,0,0,0,0,0,0,414,0,3,0,11,116,0,0,2,5,46,6,16,0,1,0,1,0,0,1,11,3,0,1,0,0,0,0,0,9,0,0,0,0,0
75,74,578,47,97,226,97,0,5,0,3,3,0,141,29,39,34,25,6,2,0,8,3,6,60,4,1,8,15,10,1,1,0,102,85,0,15,5,2,16,0,85,11,1,2,2,3,0
312,2,22,1060,41,7,45,0,0,0,0,0,0,1,83,0,0,36,1,0,0,0,0,0,1,0,0,0,0,32,0,0,0,147,237,0,25,0,0,0,0,10,1,1,125,0,0,0
28,41,23,11,389,0,8,0,0,0,0,0,0,12,0,0,0,4,2,0,0,0,0,0,0,0,0,0,0,3,0,0,0,31,0,0,1,0,0,0,0,0,2,0,0,0,0,0
14,19,193,60,37,1060,31,2,2,0,1,1,0,64,190,70,3,33,3,1,3,6,5,20,221,2,0,5,3,69,8,7,7,120,58,0,29,0,0,0,0,138,28,23,27,0,1,0
93,106,56,7,48,1,1268,0,0,0,0,0,0,19,1,0,0,10,48,0,0,1,0,1,18,4,0,0,0,0,0,1,0,4,94,0,4,0,0,0,0,15,0,0,0,0,0,0
0,0,1,0,0,2,0,158,1,0,9,4,0,0,3,0,0,1,0,0,3,2,1,1,0,0,2,1,0,0,2,0,0,0,0,23,0,0,1,1,0,1,0,0,0,0,2,0
0,0,0,0,0,0,0,5,4210,7,4,62,178,0,0,30,101,4,0,17,22,33,24,0,3,0,4,1,833,12,118,88,73,0,0,0,15,0,6,0,82,0,0,145,33,24,13,22
0,0,0,0,0,0,0,0,0,417,1,0,0,0,0,0,0,0,0,0,0,0,0,0,0,0,83,1,0,0,0,0,0,0,0,0,0,26,34,31,1,0,0,0,0,0,6,5
0,1,0,0,0,2,0,70,1,18,338,23,2,0,0,2,4,2,0,8,31,7,12,2,11,0,58,17,1,0,0,0,0,0,0,36,0,6,0,190,3,0,0,1,1,5,2,1
0,1,0,0,0,5,2,132,106,0,83,447,98,1,0,9,11,2,0,18,6,8,7,7,6,0,3,12,18,14,50,15,7,1,1,107,2,3,0,83,94,2,3,110,1,5,6,0
0,2,0,0,0,0,2,1,77,0,3,16,966,1,0,3,2,16,7,0,2,0,31,3,5,14,0,0,1,15,17,38,13,3,2,0,22,0,0,0,0,1,32,31,0,24,1,7
8,352,199,5,111,56,106,0,0,0,1,0,0,1067,2,5,0,180,131,0,0,1,4,260,126,5,0,1,0,2,1,0,0,112,44,0,27,0,0,0,0,43,47,0,0,11,0,0
0,0,4,33,6,39,1,0,0,0,0,0,0,0,475,4,0,0,0,0,0,0,1,0,0,0,0,1,0,54,0,0,2,42,7,0,1,0,0,0,0,7,0,0,30,0,0,0
0,0,0,0,0,14,2,1,6,0,0,1,1,1,1,379,7,1,0,0,0,2,0,5,23,2,0,0,0,2,23,36,7,1,1,0,3,0,0,0,0,1,13,3,2,2,0,0
0,0,0,0,0,0,0,2,24,0,1,11,1,0,0,31,737,0,0,15,0,13,4,0,1,0,0,1,40,0,3,4,4,0,0,1,1,0,0,4,39,0,0,13,5,2,0,0
9,84,29,6,15,118,26,0,3,0,0,0,0,123,8,15,1,2462,12,0,0,5,5,93,265,9,0,0,1,8,1,2,3,13,24,0,659,0,0,0,0,44,71,7,5,0,0,0
0,45,6,0,1,0,69,0,1,0,0,0,1,41,3,7,0,6,1167,0,0,0,0,104,41,144,0,0,0,0,0,0,0,1,46,0,7,0,0,0,0,6,45,0,0,0,0,0
0,0,0,0,0,0,0,2,0,2,4,9,0,0,0,0,10,0,0,1343,0,8,1,0,0,0,0,2,6,0,0,0,0,0,0,19,0,2,4,11,179,0,0,31,0,0,7,2
0,0,1,1,0,0,0,21,1,1,73,11,1,1,3,4,1,3,0,1,631,1,3,2,2,0,11,87,1,3,0,0,0,0,1,5,4,3,0,10,2,0,0,0,2,4,1,0
0,0,0,0,0,1,0,0,35,0,2,34,1,0,0,19,96,0,0,5,3,7145,37,0,1,0,0,0,159,0,3,1,0,0,0,4,0,0,0,1,18,0,0,5,4,2,0,0
0,13,4,3,4,1,2,1,0,2,21,15,29,9,2,16,33,12,2,9,21,13,931,11,11,17,6,70,0,10,15,7,5,3,4,60,4,5,7,51,1,0,5,8,5,84,5,7
0,72,52,2,18,103,52,0,0,0,0,0,1,339,7,15,0,119,269,0,0,1,7,1022,781,256,0,2,0,5,0,1,9,61,53,0,20,0,0,0,0,115,254,1,1,196,0,0
0,69,92,3,13,529,82,1,7,0,4,2,7,287,12,267,1,102,204,0,1,4,32,540,2650,418,0,9,6,7,4,30,59,40,69,0,76,2,2,2,0,153,315,24,2,67,4,3
0,4,0,0,0,2,23,0,0,0,0,0,3,3,10,35,0,15,439,0,0,0,5,194,423,3213,1,0,0,4,0,4,9,2,59,0,13,0,0,0,0,17,281,0,0,357,0,0
0,0,0,0,0,0,0,0,0,136,48,3,1,0,0,1,1,0,0,0,2,0,0,1,1,0,558,1,0,0,0,0,0,0,0,0,0,8,37,23,0,0,0,0,0,2,25,32
0,0,1,0,0,3,0,25,0,51,132,21,0,0,8,5,18,1,0,6,422,13,20,5,3,1,39,1763,7,0,2,0,0,2,0,109,0,12,9,327,3,1,0,1,3,2,1,0
0,0,0,0,0,0,0,12,1377,42,28,210,55,0,0,21,509,0,0,35,24,129,29,1,1,0,18,6,7309,2,36,47,17,0,0,0,4,22,13,7,387,0,0,115,7,6,27,16
30,3,67,175,67,87,170,5,3,0,1,23,59,1,581,18,1,11,35,0,5,2,13,6,8,36,0,0,0,1545,69,34,18,228,351,0,83,0,0,0,0,147,13,19,367,1,0,0
1,1,3,0,1,9,1,61,51,0,0,62,46,0,7,153,2,3,1,0,0,18,13,16,7,4,0,0,4,23,1563,419,147,8,3,0,27,0,0,0,2,31,13,78,41,11,0,0
0,6,9,4,3,20,15,24,210,0,3,40,384,2,9,333,4,9,10,0,2,14,27,18,24,13,0,0,19,53,720,2558,661,9,12,0,6,0,1,0,3,15,49,137,31,19,5,2
0,0,0,1,0,0,0,0,42,0,0,0,7,0,2,36,0,0,1,0,0,2,4,2,8,5,0,0,2,11,44,108,662,0,0,0,0,0,0,0,0,0,14,9,4,6,0,0
27,28,102,129,119,45,10,0,0,0,0,0,0,36,177,1,0,10,3,0,0,0,0,2,2,0,0,0,0,21,0,0,0,801,34,0,4,0,0,0,0,35,11,0,6,0,0,0
4,1,0,24,2,0,29,0,0,0,0,0,0,0,0,0,0,6,3,0,0,0,0,0,2,0,0,0,0,6,0,0,0,10,412,0,1,0,0,0,0,6,1,0,4,0,0,0
0,0,1,1,0,1,0,165,0,10,44,13,0,1,5,0,5,0,0,10,31,3,15,0,1,3,5,60,1,0,0,0,0,0,0,1065,0,1,0,75,0,0,0,0,1,0,0,0
82,88,82,60,24,41,95,7,2,0,0,9,13,63,3,15,0,955,27,0,3,4,0,21,68,133,0,0,1,41,21,9,4,41,64,0,2545,0,0,0,0,46,57,41,47,1,0,0
0,0,0,0,0,0,0,0,0,74,14,2,0,0,0,0,1,0,0,105,1,0,1,0,0,0,49,3,1,0,0,0,0,0,0,0,0,3800,170,80,191,0,0,0,0,0,983,91
0,0,0,0,0,0,0,0,0,120,1,0,0,0,0,0,4,0,0,14,0,0,2,0,0,0,25,0,0,0,0,0,0,0,0,0,0,93,1231,2,1,0,0,0,0,0,27,147
0,0,3,0,0,0,0,43,1,128,308,36,1,0,0,2,8,0,0,16,22,7,8,0,6,0,90,68,2,0,0,0,0,0,0,136,0,24,5,1703,23,0,0,0,0,0,7,6
0,0,0,0,0,0,0,6,2,5,9,20,0,0,0,0,2,0,0,98,0,5,3,0,0,0,0,3,23,0,0,0,0,0,0,10,0,8,0,19,304,0,0,11,0,0,20,0
2,7,11,15,1,60,10,0,0,0,0,0,0,15,31,3,0,14,5,0,0,0,0,27,61,0,0,0,0,4,0,0,0,13,26,0,3,0,0,0,0,90,14,0,2,0,0,0
0,17,4,7,5,30,2,0,0,0,0,0,1,18,27,47,0,55,59,0,0,0,1,141,156,143,0,0,0,37,9,1,5,93,7,0,23,0,0,0,0,50,893,2,36,19,0,0
0,1,0,2,0,2,0,22,80,0,2,37,87,0,3,6,14,5,0,83,0,3,20,0,2,0,1,1,23,18,36,16,8,0,4,3,43,2,3,1,68,0,6,832,18,3,18,4
3,0,17,54,0,15,13,9,5,0,0,7,3,1,36,26,8,5,6,0,0,2,1,5,2,8,0,0,0,128,11,3,8,4,91,0,41,0,0,0,0,93,8,11,1578,0,0,0
0,0,1,0,2,0,0,0,7,0,20,0,3,11,0,4,0,48,9,0,0,0,6,58,7,77,7,0,0,5,2,1,3,0,0,0,2,0,0,0,0,4,104,0,1,830,1,1
0,0,0,0,0,3,0,0,3,14,6,24,5,0,0,1,3,0,0,29,4,1,10,0,1,1,41,1,3,0,0,0,0,0,0,0,0,462,43,19,81,0,0,24,0,1,1884,140
0,0,0,0,0,0,0,0,0,0,1,0,2,0,0,0,0,0,0,1,0,0,0,0,0,0,1,0,0,0,0,1,0,0,0,0,0,7,6,0,0,0,0,0,0,0,7,86
