0.25879,0.49878,0.29321,0.74141,0.32868,0.6591,0.38291,0.30522,0.16827,0.21515,0.73004,0.35496,0.41113,0.56933,0.23777,0.41705,0.48091,0.78727,0.33622,0.34535,0.3662,0.62276,0.42965,0.4965,0.16102,0.64746,0.75626,0.24206,0.94878,0.25913,0.531,0.17582,0.98154,0.60965,0.48837,0.41926,0.74364,0.28412,0.34507,0.24147,0.37745,0.23614,0.49258,0.30595,0.51319,0.50415,0.85354,0.50979
0.48123
589,0,4,0,0,0,0,250,437,29,0,0,0,0,461,78,0,0,0,0,3,0,236,133,461,0,3,2,0,13,0,194,0,0,13,71,0,87,0,0,0,0,0,0,0,0,0,0
113,0,21,0,0,0,29,72,16,23,0,0,0,0,50,1003,1,0,0,2,3,0,1,5,160,0,0,417,0,653,43,167,0,0,6,1171,0,0,0,7,1,29,0,0,0,4,0,0
200,0,62,2,1,3,48,122,340,36,1,2,10,5,153,158,4,1,7,17,167,1,84,37,433,4,1,30,9,93,3,116,2,0,4,176,26,73,5,44,1,12,10,27,2,14,6,3
235,0,6,0,0,0,0,209,349,9,0,0,29,0,157,12,0,0,0,23,0,0,971,95,207,0,10,1,0,0,0,31,0,0,3,3,0,580,0,0,0,0,0,0,0,0,0,8
143,0,0,0,0,0,0,7,60,1,0,0,0,0,85,32,0,0,0,3,0,0,1,4,142,0,0,6,0,39,1,138,0,0,1,48,0,17,0,0,0,0,0,0,0,0,0,1
100,0,105,1,12,0,152,67,257,40,0,0,54,2,273,36,12,5,0,71,878,13,62,49,358,0,13,56,2,116,5,59,0,4,13,61,0,335,2,108,3,15,9,2,0,5,0,31
471,0,95,0,0,0,5,789,188,267,0,0,0,0,4,213,0,0,1,1,1,0,16,19,109,0,0,2,0,34,3,7,0,0,2,159,0,0,0,1,0,1,0,0,0,2,0,0
1,3,0,1,1,0,4,4,4,0,0,3,12,0,1,0,2,0,103,0,14,0,1,0,2,1,6,1,1,1,0,0,0,0,1,0,0,3,103,0,0,3,0,14,1,3,1,0
0,23,0,3584,123,5,1,0,1,0,1335,5,23,1330,0,0,2,491,7,9,0,54,0,7,0,9,27,0,30,0,0,0,14,60,0,0,589,0,6,43,225,0,64,72,10,6,37,32
0,540,0,0,0,3,0,0,0,0,0,130,0,0,0,0,0,0,26,0,0,0,0,0,0,20,0,0,0,0,0,0,0,0,0,0,0,0,0,0,0,0,0,0,103,0,0,0
0,50,0,0,1,5,17,0,1,0,1,183,8,5,13,0,1,0,637,18,19,0,0,1,1,9,0,2,7,7,0,3,0,0,0,2,2,0,68,2,12,3,19,9,14,4,21,1
1,2,5,167,215,14,16,0,1,2,10,19,13,42,1,1,0,40,523,12,123,19,1,1,8,11,2,2,2,31,2,0,7,5,1,2,64,0,52,18,69,7,296,113,3,7,26,3
0,2,8,84,654,0,9,1,0,2,13,3,8,87,2,0,9,5,3,21,5,58,1,56,2,1,5,13,0,2,2,1,0,25,8,2,0,1,4,17,589,30,9,3,8,27,0,8
46,0,72,0,2,0,156,83,50,76,0,0,0,0,227,434,14,0,0,22,63,0,7,51,177,0,2,523,0,442,17,381,0,2,280,534,0,7,0,13,0,154,0,0,0,15,0,0
10,0,3,0,0,0,1,19,32,1,0,0,77,0,24,0,0,0,0,19,3,4,52,2,39,0,1,0,1,0,1,2,1,0,0,0,0,621,0,2,1,0,0,0,0,0,0,33
1,0,3,7,3,0,17,0,1,1,0,0,10,2,1,0,2,1,1,4,18,147,2,0,5,0,1,3,1,5,7,1,0,52,0,1,1,1,0,356,1,4,3,48,0,5,0,1
0,1,0,7,2,0,2,0,0,0,6,3,38,50,0,0,0,18,3,0,1,7,0,0,0,1,3,0,9,0,0,0,3,2,1,0,96,1,9,24,3,1,42,905,1,2,20,2
14,0,24,2,2,0,167,20,36,276,1,0,3,0,31,29,104,1,0,46,79,0,17,2199,63,0,244,74,7,73,1,40,0,1,1533,53,0,6,0,84,1,182,1,0,2,7,0,5
16,0,332,0,0,0,179,33,2,211,0,0,0,0,7,66,78,0,0,5,1,1,2,1,7,0,0,345,0,133,317,24,0,0,4,93,0,0,0,7,1,252,0,0,0,165,0,0
0,10,0,0,0,9,0,0,0,0,7,11,0,3,0,0,0,25,18,0,0,0,0,0,0,3,0,0,4,0,0,0,1,0,0,0,15,0,19,1,0,0,2057,8,2,0,8,0
0,3,0,0,2,2,2,0,0,2,2,107,52,3,4,0,2,0,202,6,1,0,1,2,0,4,7,1,0,0,0,0,0,0,1,1,2,1,765,3,5,1,2,5,0,1,0,0
0,0,0,23,1,0,1,0,0,0,20,0,11,64,0,0,0,75,2,1,3,2,0,0,0,0,1,0,3501,0,0,0,4041,0,0,0,56,0,5,30,14,0,12,44,0,1,2267,5
11,6,7,0,31,3,8,2,4,11,0,147,14,7,14,17,3,0,152,29,11,6,2,7,7,3,2,25,18,28,18,19,1,3,14,5,0,4,173,21,1038,9,26,45,8,51,47,3
6,0,236,0,1,1,643,38,16,147,0,0,2,0,115,118,199,0,0,92,324,5,10,20,49,0,2,697,0,281,260,342,0,5,393,121,0,11,0,46,2,666,0,0,0,194,0,0
13,0,368,4,7,0,1264,64,44,262,8,0,14,8,87,117,579,5,8,212,1196,47,8,69,85,2,7,815,2,414,401,225,0,58,87,170,1,12,0,435,16,818,2,2,16,292,0,1
0,0,872,0,0,0,98,1,0,605,0,0,1,0,3,2,1524,0,0,140,5,9,1,3,0,0,1,113,2,27,1516,46,0,5,17,3,0,1,0,23,12,339,0,1,0,1580,0,0
0,580,0,0,0,2,1,0,0,0,0,401,0,0,0,0,0,0,67,12,1,0,0,0,0,13,0,1,0,0,0,1,0,0,1,0,0,0,2,0,6,1,3,0,87,2,0,0
0,23,0,0,0,21,0,0,0,0,1,1302,15,7,1,0,1,1,1045,5,2,1,3,1,0,31,1,0,0,3,0,0,0,0,1,0,8,0,1421,2,3,0,15,20,46,2,36,0
0,50,0,464,34,17,0,0,0,0,4078,32,13,2480,0,0,0,3501,7,0,0,22,0,0,0,18,7,0,33,0,1,0,44,31,0,0,2631,0,25,31,89,0,132,230,21,3,128,8
125,0,476,4,135,0,12,377,158,150,0,1,942,18,87,8,7,6,0,891,51,50,152,23,116,0,39,3,0,13,8,17,0,10,2,5,0,941,0,22,29,18,5,28,0,9,0,728
3,0,2,90,1367,0,7,2,6,3,0,0,23,32,6,2,6,22,2,22,5,352,3,4,1,0,23,4,17,5,5,0,0,469,0,2,0,5,0,398,16,5,13,859,0,8,1,21
4,3,21,183,1138,0,16,3,11,8,23,0,17,96,15,1,5,61,3,66,14,2014,7,3,8,3,11,11,14,10,15,3,0,2160,6,6,2,12,1,658,140,18,53,431,1,23,0,39
0,0,0,10,55,0,3,0,0,1,29,0,2,37,0,0,3,1,0,16,0,380,1,1,0,0,2,2,13,1,5,2,0,632,1,0,0,1,0,96,20,0,1,1,0,9,0,9
57,0,6,0,0,0,14,20,296,5,0,0,3,1,632,18,0,0,0,55,14,0,64,11,237,0,1,7,0,11,0,172,0,0,1,20,0,451,0,8,0,4,0,0,0,0,0,28
25,0,59,0,0,0,1,138,27,29,0,0,0,0,25,0,0,0,0,28,0,0,321,4,10,0,1,0,0,0,0,3,0,0,2,3,0,4,0,1,0,0,0,0,0,0,0,3
3,7,0,0,0,1,8,2,12,0,0,92,14,0,1,4,1,2,460,0,17,0,0,0,4,1,1,4,2,5,2,0,0,0,0,3,1,3,1302,0,2,5,31,1,7,0,14,0
69,0,83,5,47,0,44,62,111,559,1,0,12,12,38,46,395,8,0,24,30,7,25,1578,89,0,2054,38,3,31,19,20,0,5,579,68,0,14,2,27,6,80,2,17,0,10,0,30
0,129,0,0,0,2177,0,0,0,0,0,38,0,1,0,0,0,1,8,0,1,0,0,0,0,2911,0,0,0,0,0,0,0,0,0,0,1,0,0,0,1,0,97,3,2101,0,1,0
0,1841,0,0,0,3,0,0,0,0,0,13,0,1,0,0,0,0,2,0,0,0,0,0,0,44,0,0,0,0,0,0,0,0,0,0,2,0,1,0,0,0,8,0,322,0,0,0
0,215,0,0,0,39,9,0,0,0,0,1115,2,5,3,0,1,0,1711,4,29,0,0,0,1,70,0,0,7,1,0,2,2,0,1,1,6,0,134,0,4,3,59,15,68,1,31,0
0,9,0,2,0,52,1,0,0,0,25,18,0,20,0,0,0,84,56,0,1,0,0,0,0,27,0,0,2,0,0,0,1,0,1,0,23,0,11,0,3,0,396,1,3,0,5,0
9,0,31,0,0,0,54,21,39,13,0,0,1,1,17,5,1,0,0,10,82,1,27,5,42,0,5,23,0,17,1,5,0,0,9,4,0,46,0,7,0,51,0,0,0,1,0,4
3,0,23,0,0,0,286,3,74,12,0,0,41,2,115,3,139,0,0,303,44,11,12,17,31,0,9,130,0,24,94,35,0,2,46,4,0,44,0,122,6,688,0,0,0,93,0,37
1,1,1,188,314,2,1,0,2,0,21,1,12,28,0,2,0,92,26,24,5,8,4,5,1,4,160,1,2,1,0,0,0,7,3,0,7,2,7,34,181,6,728,19,7,3,0,32
7,0,25,6,5,0,9,176,22,25,0,0,1034,1,1,0,8,0,0,78,46,12,165,10,8,0,63,0,1,1,2,0,0,3,1,0,0,28,0,25,3,5,2,30,0,1,0,1120
0,1,23,0,1,0,16,0,0,6,1,6,2,1,4,0,66,0,1,289,0,3,0,6,0,0,1,15,0,5,106,111,0,1,103,1,0,0,0,9,197,54,0,2,0,584,0,1
0,101,0,0,4,944,0,0,0,0,2,36,2,5,0,0,0,1,7,0,6,0,0,0,0,1301,0,0,0,0,0,0,0,0,0,0,5,0,1,0,41,0,79,3,1222,0,7,0
0,91,1,0,1,0,0,0,0,0,1,0,1,0,0,0,0,0,1,0,0,0,0,0,0,5,0,0,0,0,0,0,0,1,0,0,0,0,0,0,9,0,0,0,39,0,0,0
