0.2555,0.4616,0.25624,0.74396,0.31817,0.6536,0.39244,0.28594,0.16306,0.32226,0.71719,0.3496,0.41361,0.60653,0.24841,0.41904,0.50296,0.79449,0.31885,0.34551,0.37806,0.63062,0.39578,0.44751,0.18024,0.65468,0.75449,0.2365,0.91742,0.3088,0.52271,0.17313,0.98134,0.60511,0.54379,0.38526,0.73924,0.2658,0.35272,0.24409,0.31812,0.24727,0.52428,0.30556,0.47818,0.44027,0.82257,0.47044
0.47913
604,0,2,0,0,0,0,253,392,4,0,0,0,0,442,63,0,0,0,9,3,0,252,151,489,0,1,2,0,14,0,208,0,0,19,65,0,91,0,0,0,0,0,0,0,0,0,0
129,0,39,0,0,0,16,60,16,35,0,0,0,0,34,1017,2,0,0,7,6,0,0,4,123,0,0,377,1,797,45,166,0,1,4,1061,0,3,0,4,1,34,0,0,0,15,0,0
197,1,56,3,1,3,58,159,309,25,1,1,10,2,157,148,13,2,7,28,163,1,96,37,422,4,2,28,6,92,2,118,5,0,4,165,29,78,5,57,1,8,5,28,1,7,7,3
234,0,3,0,1,0,0,238,299,1,0,0,32,0,152,5,0,0,0,52,0,0,938,106,193,0,6,1,0,1,0,36,0,0,3,2,0,607,0,0,0,0,1,0,0,0,0,27
131,0,0,0,0,0,0,3,69,1,0,0,0,0,45,36,0,0,0,25,0,0,0,2,161,0,0,2,0,51,1,124,0,0,3,53,0,21,0,0,0,0,0,0,0,0,0,1
112,0,91,2,14,0,169,77,255,31,0,0,58,1,207,27,9,6,1,124,949,11,72,57,287,0,8,59,7,105,5,61,0,3,17,72,0,313,4,74,1,21,7,1,0,5,0,63
538,0,113,0,0,0,6,740,125,156,0,0,0,0,3,276,0,0,1,2,1,0,24,19,149,0,0,6,0,30,1,8,0,0,2,186,0,1,0,1,0,1,0,0,0,1,0,0
1,1,0,1,0,0,2,3,8,1,0,6,14,0,1,0,14,0,96,0,7,0,1,3,0,2,6,3,2,1,1,1,0,0,0,0,0,4,101,0,1,0,0,11,0,2,1,0
0,30,0,3667,129,3,0,1,0,1,1363,7,18,1243,0,0,3,439,3,7,0,50,2,3,0,8,24,0,35,0,0,0,16,66,4,0,586,0,12,51,247,0,58,77,8,6,28,29
0,530,0,0,0,3,0,0,0,0,0,105,0,0,0,0,0,0,11,0,0,0,0,0,0,20,0,0,0,0,0,0,0,0,0,0,0,0,0,0,0,0,1,0,152,0,0,0
0,73,0,0,1,8,10,0,1,0,0,223,7,4,17,1,5,0,574,4,6,0,0,0,0,8,0,3,18,4,0,13,0,0,3,1,0,0,76,1,12,3,15,8,15,6,26,0
2,3,6,159,176,17,12,1,1,4,8,25,11,40,3,1,6,33,628,12,55,22,0,0,4,13,3,5,3,21,1,1,4,2,0,3,72,0,47,26,147,7,212,110,2,7,39,5
0,3,13,88,626,0,6,2,3,5,10,5,4,88,0,2,9,0,0,18,3,49,0,41,0,0,25,16,1,4,2,2,0,16,18,2,0,0,2,14,638,26,13,3,1,25,0,5
46,0,106,0,1,0,163,78,52,70,0,0,0,0,184,429,12,0,0,43,64,1,7,26,128,0,2,533,0,465,21,393,0,0,275,535,0,9,0,7,0,181,0,0,0,19,0,0
9,0,3,0,0,0,1,20,29,0,0,0,86,0,13,0,0,0,0,49,3,4,50,4,36,0,0,0,2,0,0,3,0,0,0,0,0,579,0,1,2,0,0,0,0,0,0,55
1,0,3,8,10,0,19,0,2,2,0,0,8,4,0,0,4,1,0,4,17,106,1,1,5,0,1,4,0,9,5,4,0,45,0,2,1,1,0,379,1,5,2,54,0,5,2,1
0,2,0,7,1,1,2,0,0,0,6,1,31,52,0,0,2,17,4,0,1,2,0,0,0,1,0,0,10,0,0,0,6,2,2,0,96,1,9,33,3,0,44,906,0,1,16,4
14,1,33,1,1,0,171,19,41,141,0,0,4,3,33,27,38,0,0,55,86,1,13,1880,75,0,274,106,10,71,0,75,0,1,1925,62,0,9,0,51,1,186,2,0,0,7,0,11
19,0,393,0,0,0,168,22,1,279,0,0,0,0,3,87,91,0,0,6,1,1,2,0,1,0,0,318,0,88,276,24,0,0,3,97,0,0,0,5,0,259,0,0,0,137,1,0
0,12,0,0,0,9,0,0,0,0,6,10,0,4,0,0,0,23,18,0,0,0,0,0,0,1,0,0,6,0,0,0,1,0,0,0,18,0,21,1,3,0,2051,8,2,0,7,0
0,4,0,1,1,1,0,0,0,0,2,113,45,4,4,0,2,0,180,4,0,0,3,1,0,5,9,3,1,1,0,2,0,0,1,1,0,1,784,4,3,2,1,6,1,1,1,0
0,1,0,12,1,0,1,0,0,0,14,0,10,90,0,0,1,77,1,0,2,2,0,0,0,0,1,0,3155,0,0,0,4576,0,0,0,47,0,7,32,9,0,11,44,0,2,2077,7
9,8,11,0,27,7,9,2,4,17,0,141,12,7,7,12,17,0,173,24,9,7,3,5,8,2,1,30,48,37,17,21,0,2,15,4,0,5,175,23,969,8,17,38,11,41,72,5
7,0,248,0,2,0,664,30,16,213,0,0,1,0,88,106,210,0,2,94,321,4,10,17,32,0,4,677,0,272,311,251,0,3,235,127,0,9,0,27,0,696,0,0,1,364,0,0
17,4,434,5,9,0,1288,67,54,348,8,0,9,3,63,89,648,5,5,218,1206,42,10,83,58,1,9,806,5,359,357,224,0,65,92,168,0,12,0,303,16,838,2,5,4,300,2,4
0,0,780,0,0,0,105,3,0,922,1,0,0,0,1,2,1698,0,0,74,5,7,0,4,0,0,1,102,2,20,1473,44,0,2,12,5,0,1,0,24,7,273,0,0,0,1382,0,0
0,640,0,0,0,2,0,0,0,0,0,346,0,0,0,0,1,0,25,3,1,0,0,0,0,13,0,2,0,0,0,4,0,0,3,0,0,0,1,1,11,0,2,0,124,2,0,0
0,28,0,0,0,21,1,0,1,1,1,1282,20,11,2,0,4,0,1034,0,1,0,1,1,1,33,0,0,5,1,0,2,2,0,1,0,3,0,1437,6,3,0,10,19,47,0,39,0
0,50,1,493,37,20,0,0,0,0,3875,29,7,2730,0,0,0,3491,6,0,0,20,0,0,0,16,6,0,54,0,1,0,52,26,0,0,2526,0,33,32,99,1,137,241,24,3,108,12
117,0,440,2,142,0,5,382,150,128,0,1,948,8,38,14,6,9,0,936,38,50,207,20,106,0,55,3,1,13,7,14,0,8,4,5,0,862,0,18,47,15,6,22,0,4,1,834
1,0,1,69,1343,0,7,3,7,4,0,0,24,28,3,0,10,34,3,29,6,330,4,3,2,0,34,6,20,7,4,0,0,457,1,3,0,7,1,430,29,5,16,846,0,13,0,21
5,3,38,166,1302,0,12,1,14,15,25,0,16,80,8,1,4,78,2,61,13,1936,8,4,6,3,13,17,13,11,13,5,0,2038,14,4,2,9,1,619,179,18,52,461,2,18,1,46
0,0,0,6,59,0,1,0,1,5,34,0,0,27,0,0,4,3,0,14,0,381,1,0,0,0,3,2,14,1,5,2,0,610,2,0,0,1,0,112,19,0,1,3,0,13,0,10
53,0,4,0,0,0,15,21,255,3,0,0,4,1,546,16,0,0,0,166,18,0,65,12,218,0,0,12,0,21,0,166,0,0,5,20,0,463,0,5,0,4,0,0,0,0,0,43
26,0,32,0,0,0,1,151,23,13,0,0,0,0,23,0,0,0,0,47,0,0,331,4,9,0,1,0,0,0,0,5,0,0,2,4,0,5,0,0,0,0,0,0,0,0,0,7
3,6,0,0,0,1,4,1,13,0,0,96,16,1,0,6,6,1,532,0,9,0,0,3,3,4,3,3,2,4,5,0,0,0,0,2,1,6,1219,0,2,2,19,1,11,4,23,0
74,0,90,3,35,0,45,50,121,380,3,0,16,6,39,53,217,7,1,32,27,7,35,1657,132,0,2099,64,2,28,13,25,0,6,686,93,0,19,1,30,13,79,1,12,0,19,0,30
0,128,0,0,0,2217,0,0,0,0,0,29,0,1,0,0,0,0,6,0,0,0,0,0,0,3022,0,0,0,0,0,0,0,0,0,0,0,0,0,0,1,0,99,3,1961,0,3,0
0,1737,0,0,0,4,0,0,0,0,0,9,0,1,0,0,0,0,0,0,0,0,0,0,0,48,0,0,0,0,0,0,0,0,0,0,1,0,1,0,0,0,9,0,426,0,1,0
0,285,0,0,0,51,9,0,1,0,0,1182,3,7,9,0,8,0,1592,0,2,1,0,0,0,66,0,3,11,1,1,1,0,0,3,1,4,0,118,0,5,0,33,12,76,2,52,0
0,10,0,2,0,55,0,0,0,0,19,17,0,26,0,0,0,87,58,0,0,0,0,0,0,28,0,0,2,0,0,0,1,0,1,0,22,0,8,0,4,1,390,1,2,0,7,0
7,0,34,0,0,0,57,29,36,7,0,0,1,1,15,5,3,0,0,14,79,0,30,8,35,0,2,23,0,14,0,5,0,0,8,7,0,51,0,4,0,52,0,0,0,0,0,5
3,0,18,0,0,0,242,4,70,14,0,0,26,1,53,2,193,0,0,395,53,8,13,20,22,0,12,173,0,32,100,43,0,5,34,4,0,49,0,95,2,603,0,0,0,124,0,40
0,3,1,229,294,3,1,0,1,0,23,2,12,18,0,2,1,81,25,24,6,13,5,3,1,2,110,1,3,1,0,0,0,6,3,0,8,4,10,44,311,4,631,19,4,4,1,29
5,0,26,4,5,0,5,168,34,22,0,0,1027,2,0,0,7,0,0,70,23,13,186,21,7,0,64,0,0,2,0,0,0,2,2,0,0,22,0,18,4,6,1,23,0,0,0,1154
0,3,24,0,1,0,7,0,0,13,1,10,1,0,5,0,128,0,1,59,1,1,0,1,0,0,3,18,0,3,151,219,0,1,134,0,0,0,0,4,173,51,0,1,0,600,0,2
0,112,0,1,1,966,0,0,0,0,2,27,1,6,0,0,0,0,3,0,5,0,0,0,0,1310,0,0,0,0,0,0,0,0,0,0,1,0,1,0,71,0,62,2,1186,0,10,0
0,85,1,0,1,0,0,0,0,0,1,0,1,1,0,0,0,0,1,0,0,0,0,0,0,6,0,0,0,0,0,0,0,1,0,0,0,0,0,0,11,0,1,0,40,0,0,0
