0.33163,0.53659,0.42036,0.66442,0.43767,0.66794,0.37969,0.25555,0.18442,0.52074,0.58385,0.30542,0.50996,0.60972,0.23341,0.43498,0.38519,0.86028,0.30617,0.55521,0.33059,0.71476,0.28611,0.21986,0.20617,0.62644,0.61815,0.22167,0.91952,0.2355,0.21513,0.31298,0.97978,0.32299,0.51629,0.39652,0.67765,0.25809,0.3508,0.35044,0.25216,0.38156,0.58488,0.32777,0.54476,0.42498,0.83196,0.5435
0.47258
907,0,2,0,0,0,2,70,133,0,0,0,9,0,406,75,0,0,0,0,3,0,389,12,608,0,19,0,0,58,6,23,0,0,109,69,0,163,0,1,0,0,0,0,0,0,0,0
155,0,20,0,0,0,11,95,5,32,0,0,0,0,24,1221,1,0,0,0,5,0,4,8,182,0,0,61,0,593,332,16,0,0,10,1184,0,5,0,2,0,14,0,0,0,17,0,0
195,1,16,7,0,2,96,166,314,0,2,4,3,2,132,136,18,1,18,11,170,0,188,47,442,6,5,2,4,95,35,53,1,3,23,145,37,64,20,13,0,40,7,16,2,2,11,0
353,0,1,0,0,0,1,53,87,0,0,0,267,0,208,7,0,0,0,68,0,0,824,3,143,0,26,1,0,10,1,71,0,0,33,4,0,758,0,0,0,0,0,0,0,0,0,19
183,0,0,0,0,0,0,1,28,1,0,0,0,0,25,50,0,0,0,1,0,0,1,0,220,0,0,0,0,67,12,39,0,0,9,60,0,32,0,0,0,0,0,0,0,0,0,0
46,0,26,4,6,0,217,145,445,0,0,0,28,4,164,19,6,0,0,146,885,3,182,87,162,1,34,5,9,103,43,141,0,4,23,36,2,161,17,37,3,159,3,5,0,5,0,20
593,0,117,0,0,0,13,909,18,0,0,0,0,0,10,230,0,0,0,0,0,0,51,35,133,0,2,8,0,132,0,1,0,0,10,118,0,7,1,0,0,1,0,0,0,1,0,0
0,2,0,1,0,0,5,0,4,0,0,13,13,0,1,0,10,0,103,5,26,0,0,0,1,0,4,0,1,0,0,0,0,0,0,0,0,0,84,0,0,3,0,17,1,0,1,0
0,22,2,2760,53,6,0,0,0,0,1920,1,2,862,0,0,3,443,2,10,1,18,2,5,0,7,19,0,22,0,1,7,25,843,6,0,583,0,12,57,218,0,37,227,6,0,10,32
0,381,0,0,0,3,0,0,0,0,0,277,0,0,0,0,0,0,28,0,0,0,0,0,0,8,0,0,0,0,0,0,0,0,0,0,0,0,0,0,0,0,1,0,124,0,0,0
0,34,0,0,0,2,12,0,0,0,0,283,1,11,10,0,23,1,532,1,28,0,0,0,0,5,0,1,18,3,7,0,1,0,1,1,1,0,79,0,7,6,20,35,15,1,6,1
0,0,1,135,72,14,8,5,0,1,19,43,1,108,0,0,10,8,565,6,129,4,0,5,0,12,3,0,3,9,2,15,8,25,2,1,116,0,33,14,209,4,137,189,2,5,31,5
0,4,24,63,180,0,1,9,3,13,25,2,0,103,0,2,1,0,0,11,2,38,0,66,0,0,45,12,4,8,8,32,0,93,43,8,0,0,2,18,903,5,3,14,1,38,1,3
32,0,50,0,1,0,221,205,42,15,0,0,1,0,191,485,29,0,0,0,46,0,38,122,224,0,1,180,0,266,544,47,0,1,229,647,0,8,1,0,0,200,0,0,0,23,0,1
4,0,2,0,0,0,6,2,121,3,0,0,112,0,12,0,0,0,0,190,7,1,13,0,28,0,1,0,3,1,0,27,0,1,0,0,0,368,0,5,1,1,0,0,0,0,0,40
0,0,1,5,20,0,32,1,2,18,0,0,4,4,0,0,5,0,0,7,35,56,2,2,0,0,2,1,1,19,6,3,0,23,1,0,1,2,1,292,2,25,1,129,0,10,2,2
0,0,0,8,0,1,2,0,0,0,4,3,57,66,0,0,2,13,11,3,11,1,0,0,0,2,0,0,9,0,0,0,3,7,0,0,287,0,468,28,2,3,45,205,0,1,17,4
17,1,81,4,0,0,230,42,34,1,0,0,6,2,43,73,32,0,1,6,73,1,52,367,62,0,920,31,10,231,72,84,0,1,2361,74,0,4,0,17,1,481,1,0,0,7,0,5
1,0,247,0,0,0,77,219,1,267,0,0,0,0,4,129,28,0,0,0,1,0,4,120,2,0,0,585,0,111,86,4,0,1,2,116,0,0,0,3,0,13,0,0,0,261,0,0
0,14,0,1,0,6,0,0,0,0,2,9,0,32,0,0,0,18,38,0,1,0,0,0,0,3,0,0,5,0,0,0,2,0,0,0,28,0,8,0,2,0,2019,1,1,0,11,0
0,3,0,0,1,1,8,1,1,0,1,132,2,15,6,0,9,0,120,30,5,0,0,19,1,3,11,0,3,0,0,1,0,0,2,0,0,0,782,1,3,0,2,27,0,1,0,1
0,1,0,30,0,0,1,0,0,1,2,1,4,134,0,0,0,109,4,1,5,1,0,0,0,0,1,0,3165,0,1,0,4798,3,0,0,67,0,34,23,9,0,7,55,0,1,1718,4
5,19,32,0,10,3,10,13,1,73,0,148,8,11,0,16,37,0,223,4,20,1,3,1,3,1,6,5,56,43,183,21,0,1,15,4,3,7,235,8,655,16,26,46,14,21,49,4
2,1,249,0,1,0,713,200,48,236,0,0,0,0,103,105,253,0,0,5,127,2,39,321,40,0,2,434,1,119,617,43,0,2,161,190,0,2,0,8,0,668,0,3,0,347,0,0
2,1,403,7,5,2,1458,359,81,232,6,3,3,4,76,91,705,0,6,16,729,26,49,618,33,3,15,396,7,188,592,133,0,42,47,160,2,6,2,109,12,1374,1,24,5,210,1,1
0,0,1301,0,1,0,270,247,0,1544,0,0,1,0,3,4,1186,0,0,0,1,1,0,285,0,0,0,555,1,26,88,8,0,4,6,17,0,0,0,18,3,41,0,5,0,1334,0,0
0,386,0,0,0,3,0,0,0,0,0,583,0,7,1,0,10,0,25,0,0,0,0,0,0,17,0,0,0,0,0,0,0,0,0,0,0,0,4,0,6,4,0,5,130,0,0,0
0,27,0,1,0,3,14,0,1,1,0,1364,15,9,2,0,12,2,966,13,5,0,0,3,0,2,0,3,6,2,1,0,1,0,0,0,2,1,1486,1,1,3,14,19,19,0,19,0
0,46,1,403,29,23,0,1,0,1,2848,5,1,2937,0,0,0,4353,7,2,1,10,0,0,0,22,6,0,59,0,0,1,56,228,0,0,2489,0,147,30,82,1,79,137,34,0,82,9
89,0,71,9,60,0,18,413,418,4,0,0,284,7,26,7,5,0,0,1418,67,31,350,64,107,0,53,3,4,21,3,692,0,12,11,5,0,723,2,17,89,1,1,50,0,8,0,523
0,0,5,114,1334,0,9,0,16,6,0,0,9,26,1,1,13,3,2,17,13,320,2,8,2,0,14,4,16,11,1,36,0,186,2,0,0,8,0,472,175,5,1,942,0,7,2,28
4,0,29,275,1650,0,11,38,14,16,11,0,5,88,7,3,6,10,1,18,16,2165,13,27,4,4,6,10,13,34,6,89,1,754,11,9,2,17,0,908,430,15,7,539,2,20,0,49
0,0,6,7,189,0,1,1,1,15,9,0,2,11,0,0,2,0,0,5,1,336,0,2,0,0,1,4,4,1,5,14,0,323,2,0,0,3,0,329,28,1,2,4,0,6,0,19
59,0,7,0,0,0,14,14,293,1,0,0,13,0,524,36,0,0,0,42,19,0,60,7,323,0,3,1,0,51,2,145,0,0,8,24,0,462,0,5,0,5,0,0,0,0,0,18
14,0,2,0,0,0,1,151,9,0,0,0,4,0,65,1,0,0,0,14,0,0,322,11,16,0,1,0,0,5,0,44,0,0,4,4,0,13,0,0,0,0,0,0,0,0,0,3
4,2,0,0,0,0,5,0,2,7,0,133,15,2,1,1,10,0,1038,8,38,0,0,0,0,0,1,1,0,3,0,0,0,0,0,0,2,1,677,0,0,0,24,10,2,0,25,0
63,0,351,9,25,0,63,112,106,10,1,0,14,13,69,88,15,1,1,37,24,3,147,662,180,0,2153,53,4,189,8,102,0,4,1353,74,0,18,2,17,32,113,0,36,0,41,0,57
0,193,0,0,0,2094,0,0,0,0,0,40,0,5,0,0,0,0,24,0,0,0,0,0,0,2658,0,0,0,0,0,0,0,0,0,0,1,0,2,0,0,0,148,0,2288,0,17,0
0,1767,0,0,0,3,0,0,0,0,0,17,0,3,0,0,0,0,4,0,0,0,0,0,0,29,0,0,0,0,0,0,0,0,0,0,0,0,13,0,0,0,29,0,371,0,1,0
0,116,0,0,0,29,11,0,0,1,0,1341,0,5,2,0,13,1,1683,1,36,0,0,1,0,44,1,0,8,0,0,0,0,1,0,1,5,0,105,0,1,3,19,15,60,0,36,0
0,7,0,1,0,45,0,0,0,0,7,23,0,115,0,0,1,49,57,0,1,0,0,0,0,26,0,0,1,0,0,0,1,0,0,0,27,0,6,0,5,0,350,3,6,0,10,0
4,0,1,0,0,0,63,45,65,0,0,0,10,0,14,8,11,0,0,14,47,0,41,23,16,0,6,12,0,13,10,8,0,0,7,10,0,35,0,0,0,62,0,1,0,3,0,3
0,0,18,0,1,0,167,9,73,130,0,0,11,1,108,19,237,0,0,66,38,3,8,54,9,0,14,238,0,101,103,210,0,3,44,23,0,42,1,61,1,268,0,2,0,363,0,27
0,5,0,307,129,2,1,1,1,0,20,3,5,174,1,0,3,48,29,10,6,4,4,0,1,8,60,1,2,2,1,29,0,31,5,1,17,2,5,76,464,6,393,36,3,3,9,35
3,0,4,3,2,0,9,26,46,2,0,0,947,3,0,0,4,0,0,360,50,3,91,23,7,0,43,3,2,3,2,70,0,10,3,0,1,25,0,16,11,1,1,61,0,0,1,1087
0,1,25,0,0,0,59,3,0,334,0,14,0,4,6,0,379,0,0,6,1,1,1,3,0,0,5,29,0,0,90,2,0,3,30,1,0,0,0,4,141,58,0,13,0,403,0,0
0,167,0,0,0,893,0,0,0,0,0,23,0,47,0,0,0,0,9,2,4,0,0,0,0,1375,0,0,1,0,0,0,0,1,0,0,0,0,6,1,72,1,73,3,1084,0,5,0
0,92,0,0,1,0,0,1,0,0,1,1,0,2,0,0,0,0,0,0,0,0,0,0,0,7,0,0,0,0,0,0,0,0,0,0,0,0,1,0,13,0,1,0,30,0,0,0
