0.2474,0.52116,0.32914,0.79572,0.35541,0.64565,0.40608,0.37179,0.1807,0.24794,0.76172,0.39474,0.43465,0.59244,0.24251,0.37801,0.53427,0.7582,0.42783,0.33463,0.31195,0.63043,0.4164,0.53058,0.16708,0.6532,0.76302,0.22959,0.93843,0.27669,0.53727,0.19928,0.98131,0.60971,0.47894,0.46439,0.73666,0.28411,0.34079,0.20694,0.33937,0.23498,0.52731,0.30606,0.53495,0.5423,0.84375,0.49342
0.49401
547,0,0,0,0,0,1,280,455,38,0,0,0,0,454,127,0,0,0,0,6,0,268,75,475,0,3,1,0,9,0,168,0,0,37,43,0,74,0,2,0,0,0,0,0,0,0,1
119,0,20,0,0,0,16,61,8,13,0,0,0,0,65,894,0,0,0,1,3,0,1,4,143,0,0,386,0,718,32,293,0,0,6,1167,0,1,0,6,0,38,0,0,0,2,0,0
191,1,19,20,0,3,50,97,349,49,2,3,4,1,196,184,3,4,6,21,214,2,73,16,466,2,3,33,10,80,1,84,5,4,8,143,33,71,3,34,2,7,10,30,0,7,7,4
220,0,1,0,0,0,0,214,370,35,0,0,28,0,125,16,0,0,0,9,0,0,1031,41,219,0,16,2,0,0,0,16,0,0,4,3,0,571,0,4,0,0,0,0,0,0,0,13
159,0,0,0,0,0,0,5,52,1,0,0,0,0,90,40,0,0,0,1,0,0,1,2,197,0,0,1,0,35,1,104,0,0,1,25,0,11,0,0,0,1,0,0,0,0,0,2
121,0,32,4,24,0,160,35,256,46,0,0,28,4,238,40,8,4,0,32,953,14,82,37,335,0,20,49,5,81,6,50,0,11,21,53,3,300,1,195,3,20,2,1,1,2,1,108
425,0,58,0,0,0,3,812,213,173,0,0,0,0,6,368,0,0,0,1,7,0,15,12,102,0,1,8,0,51,2,3,0,0,3,121,0,1,0,3,0,2,0,0,0,0,0,0
1,0,0,1,0,0,0,6,3,3,0,6,7,1,1,0,15,0,64,1,24,0,1,0,0,1,10,3,4,0,3,2,0,0,0,0,0,8,113,0,0,0,1,12,1,1,0,2
0,17,0,3642,186,7,0,0,1,0,1078,27,64,1370,2,0,0,541,17,5,2,56,1,5,0,5,21,0,26,0,0,0,17,53,1,0,601,0,18,18,271,0,57,45,9,6,25,30
0,582,0,0,0,1,0,0,0,0,0,86,0,0,0,0,0,0,37,0,0,0,0,0,0,22,0,0,0,0,0,0,0,0,0,0,0,0,0,0,0,0,1,0,93,0,0,0
1,29,0,1,0,6,8,0,1,0,1,130,5,0,13,0,1,0,612,71,63,0,0,0,1,9,1,3,31,5,3,2,1,0,2,1,5,0,56,2,13,6,27,15,9,5,6,1
0,2,5,114,292,16,9,0,1,3,9,21,6,27,2,1,10,58,376,21,345,20,0,0,1,9,3,2,1,28,9,1,3,6,0,5,78,2,36,27,69,9,198,89,2,12,29,2
0,0,4,51,412,0,9,0,4,2,6,1,11,45,5,0,2,5,5,11,5,41,0,176,0,0,8,15,0,3,2,1,0,31,10,2,1,0,1,12,844,26,5,3,3,20,0,6
57,0,59,0,0,0,150,59,44,71,0,0,0,0,239,366,10,0,0,10,74,0,19,83,184,0,2,470,0,453,22,440,0,0,298,529,0,13,0,27,0,161,0,0,0,10,0,0
11,0,1,0,0,0,1,8,27,3,0,0,50,0,15,0,0,0,0,16,5,2,55,0,44,0,1,0,1,0,1,1,0,0,0,0,0,640,0,6,1,0,0,0,0,0,0,60
0,0,1,8,3,0,20,1,1,0,0,0,8,3,1,0,3,2,0,1,10,165,1,0,3,0,2,2,0,5,2,0,0,110,1,1,1,1,0,301,3,2,2,46,0,5,1,1
0,1,0,7,3,7,2,0,0,0,5,4,47,46,0,1,1,17,4,1,2,4,0,0,0,1,6,0,12,0,0,0,6,3,1,0,86,1,10,28,3,0,39,894,0,1,16,4
15,0,19,2,1,0,160,16,25,192,0,0,1,1,28,12,42,1,1,44,76,3,18,2516,27,0,325,53,4,55,3,23,0,1,1501,34,0,5,0,83,1,116,2,0,0,4,0,18
17,0,375,0,0,0,96,36,2,140,0,0,0,0,10,65,44,0,0,3,2,0,0,1,4,0,0,453,0,186,337,42,0,0,2,38,0,0,0,9,1,296,0,0,0,123,0,0
0,8,0,0,1,6,0,0,0,0,8,7,0,1,0,0,0,26,17,0,6,0,0,0,0,5,0,0,3,0,0,0,1,0,0,0,19,0,18,1,1,0,2056,9,2,0,6,0
0,3,0,1,1,2,0,0,1,0,2,129,35,5,5,0,17,0,131,14,2,1,1,0,0,4,2,1,1,0,2,0,0,0,1,0,0,0,801,3,4,2,11,5,2,2,1,0
0,0,0,32,5,0,0,0,0,0,20,1,9,49,0,0,0,71,1,1,1,2,0,1,0,0,0,0,3521,0,1,0,4515,0,0,0,44,1,5,23,8,0,15,41,0,1,1809,3
4,5,4,0,23,4,13,2,7,3,0,257,13,4,8,10,8,0,64,14,12,3,4,8,11,1,3,16,24,26,20,16,0,2,4,11,1,5,256,29,1050,3,15,40,2,32,21,2
8,0,238,0,1,0,647,18,19,136,0,0,1,0,129,62,141,0,0,102,340,5,7,35,46,0,4,679,0,293,261,401,0,2,381,113,0,7,0,65,1,706,2,0,0,188,0,4
17,1,354,2,5,1,1310,37,48,282,8,4,7,6,104,89,493,3,3,344,1211,62,5,95,68,2,5,762,3,396,348,253,0,74,72,142,6,13,0,526,19,759,4,5,8,280,1,8
0,0,915,0,0,0,86,3,0,507,0,0,0,0,8,0,1629,0,0,85,10,6,0,4,0,0,1,131,2,46,1528,30,0,3,14,1,0,0,0,10,9,204,0,0,0,1718,0,0
0,556,0,0,0,4,1,0,0,0,0,298,1,0,0,0,1,0,73,150,1,0,0,0,0,10,0,0,0,0,0,0,0,0,5,0,0,0,0,0,4,2,1,0,74,0,0,0
0,16,0,0,0,21,0,0,0,1,3,1410,11,5,0,0,6,1,805,2,7,1,2,0,0,41,1,0,7,0,0,1,0,0,1,0,6,0,1448,2,1,0,58,41,98,1,20,1
0,47,0,455,43,22,0,0,0,0,3948,58,19,2650,0,0,0,3399,39,0,4,20,0,0,1,18,8,0,37,0,1,0,51,31,0,0,2610,1,19,33,106,0,113,222,17,1,148,9
129,0,451,3,87,0,13,176,111,228,0,0,1124,9,71,26,13,11,0,949,56,36,157,14,121,0,10,5,1,15,9,7,0,13,5,7,0,935,0,36,43,14,3,17,0,14,0,747
1,0,1,26,1417,0,3,2,4,7,0,0,5,49,3,0,8,21,3,19,7,438,5,3,2,0,19,5,13,2,6,1,0,535,0,0,0,5,0,311,11,4,7,842,0,6,1,19
5,3,12,89,754,0,7,6,11,6,15,1,12,124,15,1,2,88,2,52,11,2221,6,13,5,4,7,15,9,4,12,4,0,2448,7,5,2,12,1,555,231,9,45,442,2,16,2,44
0,0,1,9,33,0,0,0,0,1,36,0,2,35,0,0,4,2,0,16,0,390,0,1,0,0,1,3,15,2,5,1,0,669,1,0,0,1,0,72,13,2,3,1,0,8,0,7
75,0,1,0,0,0,8,13,252,9,0,0,2,1,631,19,0,0,0,18,38,0,102,8,256,0,1,5,0,8,0,149,0,0,4,15,0,461,0,22,0,3,0,0,0,0,0,35
13,0,88,0,0,0,1,166,11,30,0,0,0,0,15,0,0,0,0,4,2,0,335,2,4,0,0,0,0,1,0,1,0,0,1,2,0,6,0,2,0,0,0,0,0,0,0,0
2,8,0,0,0,2,2,1,5,6,0,153,15,0,0,3,10,2,293,0,66,0,1,0,0,1,4,6,1,9,6,0,0,0,0,0,3,10,1351,0,0,3,19,3,6,3,18,0
53,0,36,1,31,0,28,31,121,693,3,0,9,7,30,33,407,4,0,31,41,7,39,1540,65,0,2183,36,2,30,14,11,0,5,536,39,0,14,1,32,20,66,5,12,0,10,0,24
0,143,0,0,0,2161,0,0,0,0,0,29,0,0,0,0,0,1,14,0,0,0,0,0,0,2829,0,0,0,0,0,0,0,0,0,0,2,0,0,0,0,0,60,4,2227,0,0,0
0,1946,0,0,0,4,0,0,0,0,0,5,0,0,0,0,0,0,3,0,0,0,0,0,0,37,0,0,0,0,0,0,0,0,0,0,0,0,0,0,0,0,4,1,237,0,0,0
0,155,0,0,0,32,3,0,3,0,0,894,3,6,1,0,1,0,1977,11,59,0,0,1,0,67,2,2,16,1,3,2,1,0,0,3,4,0,92,1,3,0,51,64,55,2,23,1
0,5,0,2,0,43,0,0,0,0,24,16,0,6,0,0,0,101,48,0,22,0,0,0,0,27,0,0,1,1,0,0,1,0,0,0,24,0,8,1,3,0,395,2,4,0,7,0
7,0,16,0,0,0,60,12,33,17,0,0,5,0,17,3,1,0,0,14,103,0,29,4,37,0,5,24,0,16,0,1,0,0,7,5,0,50,0,11,0,49,0,0,0,2,0,4
3,0,19,0,2,0,339,2,59,12,0,0,28,2,55,2,87,0,0,422,47,7,19,24,24,0,10,124,0,27,83,17,0,5,25,5,0,36,0,129,2,674,0,0,0,110,0,53
0,0,0,101,630,4,0,0,1,0,13,2,9,13,2,1,0,120,16,27,16,10,2,2,0,4,118,2,1,3,0,0,0,5,1,0,9,3,10,25,117,5,626,17,7,3,0,18
10,0,26,5,16,0,7,85,20,83,0,0,1015,1,0,1,12,0,0,71,23,4,196,4,2,0,54,2,0,2,1,0,0,2,3,0,0,32,0,30,0,1,0,16,0,0,0,1199
0,0,24,0,1,0,13,0,0,5,0,1,1,1,18,1,70,0,1,240,1,3,0,15,0,0,1,20,0,4,120,83,0,1,170,0,0,0,0,6,203,40,0,0,0,573,0,0
0,103,0,0,15,1000,0,0,0,0,1,28,0,1,0,0,0,1,8,1,5,0,0,0,0,1228,0,0,1,0,0,0,0,0,0,0,5,0,1,0,25,0,62,2,1278,0,2,0
0,103,0,1,1,1,0,0,0,0,1,1,1,0,0,0,0,0,1,0,0,0,0,0,0,4,0,0,0,0,0,0,0,1,0,0,0,0,0,0,9,0,0,0,26,0,0,0
