0.25,0.52507,0.33045,0.79036,0.35722,0.64527,0.40681,0.3683,0.18273,0.24796,0.76769,0.39337,0.4332,0.59111,0.24179,0.37837,0.53435,0.75898,0.43085,0.33426,0.31809,0.63107,0.41998,0.53184,0.16478,0.65299,0.76013,0.22674,0.94148,0.27633,0.54088,0.2009,0.98155,0.60698,0.47796,0.46484,0.73614,0.2848,0.34015,0.20462,0.33658,0.23186,0.52558,0.30717,0.53598,0.54833,0.84471,0.49066
0.4943
549,0,0,0,0,0,1,281,457,36,0,0,0,0,455,129,0,0,0,0,6,0,271,80,466,0,3,1,0,9,0,166,0,0,34,46,0,72,0,2,0,0,0,0,0,0,0,0
120,0,20,0,0,0,15,59,9,13,0,0,0,0,64,885,0,0,0,1,2,0,1,4,142,0,0,392,0,719,32,293,0,0,7,1170,0,1,0,6,0,40,0,0,0,2,0,0
191,1,17,23,0,3,49,103,345,49,0,2,3,1,200,182,6,2,6,23,212,2,72,14,467,2,2,30,10,80,0,82,4,3,9,142,34,71,3,38,2,9,10,33,0,5,7,6
218,0,0,0,0,0,0,220,370,33,0,0,29,0,126,18,0,0,0,10,0,0,1034,39,221,0,15,2,0,0,0,15,0,0,4,3,0,564,0,4,0,0,0,0,0,0,0,13
156,0,0,0,0,0,0,5,53,1,0,0,0,0,89,39,0,0,0,2,0,0,2,2,200,0,0,2,0,36,1,104,0,0,1,22,0,11,0,0,0,1,0,0,0,0,0,2
116,0,32,5,24,0,159,35,253,51,0,0,28,6,236,37,9,6,0,34,956,12,81,39,329,0,19,51,4,86,6,49,0,12,20,47,3,297,1,192,3,21,3,1,2,2,1,118
421,0,58,0,0,0,3,811,216,169,0,0,0,0,6,375,0,0,0,1,7,0,15,11,100,0,1,8,0,54,1,3,0,0,3,121,0,1,0,3,0,2,0,0,0,0,0,0
1,1,0,2,0,1,2,8,2,2,0,6,6,0,1,0,12,0,67,2,23,0,1,0,0,0,10,3,3,1,4,2,0,0,0,1,0,5,112,0,0,0,0,11,3,1,0,2
0,19,0,3657,186,7,0,0,1,0,1050,22,76,1377,2,0,0,540,13,6,2,50,1,5,0,6,19,0,24,0,0,0,16,59,1,0,604,0,19,21,272,0,57,47,8,5,23,29
0,580,0,0,0,1,0,0,0,0,0,85,0,0,0,0,0,0,37,0,0,0,0,0,0,23,0,0,0,0,0,0,0,0,0,0,0,0,0,0,0,0,1,0,95,0,0,0
0,27,0,1,0,4,11,0,1,0,1,134,6,1,14,0,1,0,607,73,61,0,0,1,0,9,1,3,28,4,2,2,2,0,2,1,4,0,59,3,12,5,27,15,11,6,6,1
0,2,4,113,286,19,5,0,0,4,7,24,6,25,3,1,10,62,381,20,341,21,0,0,1,9,4,3,2,26,8,1,4,6,0,7,78,2,33,33,67,7,199,91,4,13,26,1
0,0,5,58,406,0,8,0,5,1,4,1,11,44,5,0,3,4,6,10,5,43,0,177,0,0,9,13,0,1,1,1,0,31,9,2,1,0,0,15,846,29,5,4,3,14,0,8
59,0,54,0,0,0,146,62,45,72,0,0,0,0,241,357,9,0,0,9,75,0,19,84,185,0,2,468,0,460,24,446,0,1,298,522,0,12,0,27,0,164,0,0,0,9,0,0
12,0,2,0,0,0,1,8,29,4,0,0,46,0,14,0,0,0,0,17,5,2,50,0,42,0,1,0,1,0,1,1,0,0,0,0,0,643,0,8,1,0,0,0,0,0,0,61
0,0,1,7,4,0,19,0,1,0,0,0,8,2,1,0,3,2,0,1,12,166,1,1,4,0,1,3,0,5,2,0,0,111,0,1,1,0,0,297,3,2,2,49,0,5,1,1
0,0,0,7,3,6,2,0,0,0,5,5,39,46,0,1,1,18,4,1,2,6,0,0,0,1,5,0,12,0,0,0,7,2,1,0,85,1,8,27,4,0,38,900,2,1,18,5
13,0,19,1,1,0,157,16,27,196,0,0,2,0,31,12,43,1,1,44,75,3,17,2522,26,0,323,51,3,57,1,22,0,1,1496,36,0,3,0,92,1,112,1,0,1,3,0,18
17,0,371,0,0,0,95,38,2,140,0,0,0,0,10,65,42,0,0,3,2,0,0,1,4,0,0,456,0,186,343,41,0,0,2,38,0,0,0,9,1,297,0,0,0,119,0,0
0,6,0,0,2,7,0,0,0,0,9,7,0,1,0,0,0,26,19,0,6,0,0,0,0,4,0,0,3,0,0,0,1,0,0,0,18,0,17,1,1,0,2055,11,2,0,5,0
0,2,0,1,1,2,1,0,0,0,2,131,36,4,4,0,15,0,131,12,6,0,1,0,0,3,5,1,0,0,2,0,0,0,1,0,0,0,798,3,4,3,11,4,4,2,1,1
0,0,0,31,5,0,0,0,0,0,19,1,8,47,0,0,0,70,1,1,2,2,0,1,0,0,0,0,3523,0,1,0,4521,0,0,0,45,1,4,22,8,0,15,40,0,1,1806,5
2,4,4,0,23,3,15,2,4,4,0,258,14,4,12,11,7,0,65,16,10,5,3,5,9,2,5,18,26,24,22,18,0,2,4,13,1,7,261,30,1038,3,16,33,3,31,20,3
7,0,243,0,0,0,661,18,18,137,0,0,1,0,128,58,141,0,0,103,333,3,6,36,48,0,4,671,0,289,257,400,0,2,380,118,0,6,0,65,2,718,1,0,0,184,0,4
16,1,350,5,3,1,1314,39,46,293,7,4,7,5,98,89,496,3,4,338,1238,61,6,95,65,2,7,748,3,393,339,254,0,85,74,149,7,12,1,517,16,754,3,5,9,274,1,8
0,0,918,0,0,0,83,2,0,509,0,0,0,0,8,0,1618,0,0,91,10,6,0,4,0,0,1,130,2,46,1528,31,0,2,14,1,0,0,0,8,8,210,0,1,0,1719,0,0
0,553,0,0,0,3,1,0,0,0,0,294,1,0,0,0,1,0,74,155,1,0,0,0,0,12,0,0,0,0,0,0,0,0,5,0,0,0,0,0,4,1,1,0,75,0,0,0
0,16,0,0,0,20,0,0,0,1,3,1413,8,4,0,0,4,1,810,2,8,1,2,1,1,47,1,0,7,0,0,1,0,0,1,0,6,0,1448,4,1,0,55,42,87,1,20,2
0,44,0,470,42,21,0,0,0,0,3959,64,17,2634,0,0,0,3401,36,0,2,21,0,0,1,17,8,0,33,0,1,0,50,28,0,0,2603,0,22,32,106,0,120,225,17,1,144,11
128,0,448,2,90,0,14,180,108,226,0,0,1122,11,73,23,11,8,0,958,55,35,155,12,122,0,16,5,1,15,10,9,0,11,4,5,1,931,0,37,42,13,4,18,1,11,0,751
2,0,1,29,1411,0,2,2,4,7,0,0,4,49,5,0,5,22,2,20,6,441,5,3,2,0,21,4,13,3,7,1,0,532,0,0,0,5,0,312,12,3,9,843,0,7,1,16
4,3,10,92,742,0,7,7,12,6,17,1,12,127,16,1,2,86,2,55,11,2222,6,15,7,4,9,14,9,6,9,6,0,2451,8,4,2,10,1,549,233,9,48,439,1,16,3,43
0,0,1,9,30,0,0,0,0,1,35,0,3,34,0,0,4,2,0,14,0,387,0,2,0,0,2,3,16,1,4,2,0,675,1,0,0,1,0,72,16,2,3,0,0,6,0,8
75,0,1,0,0,0,8,13,251,9,0,0,2,1,633,19,0,0,0,19,37,0,104,7,258,0,1,5,0,9,0,148,0,0,4,15,0,458,0,23,0,3,0,0,0,0,0,33
12,0,88,0,0,0,1,167,11,30,0,0,0,0,16,0,0,0,0,5,2,0,333,2,4,0,0,0,0,1,0,1,0,0,1,2,0,6,0,2,0,0,0,0,0,0,0,0
1,6,0,0,0,2,2,1,3,5,0,152,14,0,0,1,9,2,288,0,68,0,1,0,1,0,4,6,1,8,7,1,0,0,0,0,2,13,1362,0,0,4,19,2,8,2,17,0
57,0,39,1,32,0,26,30,118,700,3,0,9,7,32,29,408,4,0,31,42,6,41,1533,65,0,2177,33,2,30,15,12,0,5,541,40,0,13,1,30,17,69,5,14,0,6,0,27
0,140,0,0,0,2161,0,0,0,0,0,30,0,0,0,0,0,1,11,0,0,0,0,0,0,2817,0,0,0,0,0,0,0,0,0,0,1,0,0,1,0,0,63,3,2242,0,0,0
0,1948,0,0,0,4,0,0,0,0,0,6,0,0,0,0,0,0,2,0,0,0,0,0,0,37,0,0,0,0,0,0,0,0,0,0,0,0,0,0,0,0,4,1,235,0,0,0
1,147,0,0,0,31,2,0,0,0,0,900,3,3,4,0,2,0,2000,11,52,0,0,1,1,60,1,2,15,2,2,2,0,0,0,2,4,1,89,1,5,0,47,63,55,1,28,1
0,5,0,2,0,43,0,0,0,0,22,18,0,7,0,0,0,106,48,0,21,0,0,0,0,27,0,0,1,1,0,0,1,0,0,0,22,0,8,1,3,0,392,2,4,0,7,0
7,0,18,0,0,0,60,10,34,20,0,0,5,1,18,3,1,0,0,14,101,0,25,3,38,0,5,23,0,15,0,1,0,0,8,5,0,52,0,11,0,48,0,0,0,2,0,4
3,0,20,0,1,0,336,1,58,12,0,0,28,2,53,2,85,0,0,426,49,7,17,24,23,0,10,124,0,27,83,18,0,7,26,4,0,36,0,130,1,673,0,0,0,112,0,55
0,0,0,105,630,5,0,1,0,0,12,2,10,11,1,1,0,114,16,25,17,10,2,2,0,4,116,3,0,2,0,0,0,7,1,0,7,4,9,26,116,4,634,17,7,4,1,17
8,0,28,5,14,0,5,83,18,86,0,0,1024,0,0,1,9,0,0,73,24,5,190,4,2,0,55,1,0,2,1,1,0,2,2,0,0,30,0,25,1,1,0,15,0,0,0,1208
0,0,26,0,0,0,19,0,0,6,0,2,1,1,19,0,71,0,0,239,1,3,0,12,0,0,1,22,0,4,111,86,0,2,168,0,0,0,0,4,203,45,0,0,0,570,0,0
0,106,0,0,14,1004,0,0,0,0,1,29,0,1,0,0,0,0,10,1,4,0,0,0,0,1224,0,0,0,0,0,0,0,0,0,0,7,0,1,0,27,0,61,1,1274,0,2,0
0,99,0,1,0,1,0,0,0,0,1,1,1,0,0,0,0,0,1,0,0,1,0,0,0,4,0,0,0,0,0,0,0,1,0,0,0,0,0,0,8,0,1,0,30,0,0,0
