0.26074,0.50412,0.30869,0.76515,0.32402,0.64836,0.38723,0.34332,0.17054,0.23752,0.73405,0.36634,0.41336,0.59314,0.24923,0.42819,0.51469,0.77378,0.36397,0.36028,0.34428,0.62489,0.41328,0.51658,0.16319,0.65231,0.74353,0.23909,0.94624,0.26174,0.52213,0.18761,0.98001,0.60036,0.48817,0.44776,0.75358,0.28108,0.3461,0.22256,0.36859,0.24343,0.50568,0.31284,0.52336,0.52783,0.8646,0.50022
0.48762
613,0,4,0,0,0,0,269,426,53,0,0,0,0,450,74,0,0,0,0,3,0,235,121,450,0,2,2,0,11,0,201,0,0,12,61,0,77,0,0,0,0,0,0,0,0,0,0
115,0,23,0,0,0,23,73,12,16,0,0,0,0,53,963,1,0,0,3,3,0,1,5,143,0,0,415,0,680,34,223,0,0,6,1157,0,1,0,6,0,35,0,0,0,6,0,0
196,1,42,29,1,5,53,122,324,44,1,1,7,4,168,148,4,2,5,19,181,4,73,35,461,3,2,32,6,88,2,111,4,6,5,151,19,85,4,36,4,14,6,33,2,3,8,1
243,0,9,0,1,0,0,235,341,20,0,0,26,0,137,9,0,0,0,14,0,0,977,78,202,0,14,1,0,0,0,27,0,0,3,2,0,590,0,0,0,0,0,0,0,0,0,9
168,0,0,0,0,0,0,3,55,1,0,0,0,0,81,35,0,0,0,2,0,0,3,4,147,0,0,4,0,36,1,124,0,0,0,47,0,15,0,1,0,1,0,0,0,0,0,1
114,0,76,7,18,0,144,45,243,44,0,0,50,4,222,37,5,4,0,56,926,14,68,45,363,0,27,61,3,97,7,56,0,15,15,55,0,339,2,137,4,20,4,2,0,2,0,55
447,0,65,0,0,0,6,814,210,268,0,0,0,0,5,223,0,0,0,1,3,0,20,18,110,0,0,6,0,44,2,4,0,0,1,140,0,0,0,1,0,1,0,0,0,1,0,0
1,1,0,1,0,0,1,5,8,2,0,5,6,0,1,0,1,0,90,0,21,0,0,0,0,2,9,5,4,0,3,1,0,0,0,0,0,6,105,0,0,2,0,12,0,3,0,0
0,16,1,3649,146,7,0,0,0,0,1256,6,27,1279,2,0,1,522,13,7,1,49,1,2,0,4,29,0,26,0,0,0,14,60,2,1,572,0,11,39,270,0,68,64,10,6,32,31
0,545,0,0,0,1,0,0,0,0,0,129,0,0,0,0,0,0,31,0,0,0,0,0,0,23,0,0,0,0,0,0,0,0,0,0,0,0,0,0,0,0,0,0,93,0,0,0
0,44,0,1,1,4,7,0,1,0,0,156,6,3,12,1,0,0,621,44,45,0,0,0,0,12,0,5,25,2,1,3,3,0,1,1,2,0,68,1,13,7,20,10,13,4,8,1
1,2,4,138,261,12,8,0,1,2,8,15,10,35,3,3,2,47,510,19,219,23,1,0,7,10,1,2,3,25,4,1,3,5,1,6,78,0,30,20,56,4,231,96,2,17,30,3
0,4,7,62,606,0,14,0,1,3,11,4,11,71,3,0,4,2,6,17,2,49,0,69,2,0,15,9,0,1,4,1,0,24,14,2,0,0,2,15,684,30,10,2,3,17,0,7
47,0,67,0,1,0,172,80,51,71,0,0,0,0,225,392,9,0,0,17,59,0,15,57,168,0,3,527,0,448,26,415,0,2,313,497,0,9,0,14,0,153,0,0,0,12,0,0
14,0,6,0,0,0,1,12,35,2,0,0,56,0,17,0,0,0,0,21,4,6,54,1,33,0,1,0,2,0,1,1,0,0,0,0,0,635,0,2,0,0,0,0,0,0,0,45
0,0,3,7,5,0,17,0,2,1,0,0,12,2,0,0,3,3,0,5,9,159,1,1,2,0,3,5,0,5,5,1,0,86,0,1,2,0,1,315,1,4,2,48,0,6,0,0
0,0,0,8,1,2,2,0,0,0,6,4,32,47,0,0,1,19,7,0,4,7,0,0,0,1,4,0,9,0,0,0,6,1,1,0,82,1,6,31,5,0,38,916,1,1,16,4
18,0,22,3,2,0,159,17,30,281,1,0,2,2,24,17,47,1,1,37,91,2,14,2337,50,0,265,67,3,64,0,41,0,2,1547,40,0,5,0,82,2,134,1,0,1,7,0,9
14,0,332,0,0,0,134,34,3,178,0,0,0,0,7,58,60,0,0,3,1,0,0,1,7,0,0,415,0,179,338,21,0,0,2,57,0,0,0,6,1,270,0,0,0,161,0,0
0,8,0,0,0,7,0,0,0,0,4,10,0,4,0,0,0,25,17,0,4,0,0,0,0,4,0,0,2,0,0,0,1,0,0,0,20,0,24,1,0,0,2047,14,2,0,7,0
1,2,0,0,3,2,2,0,1,0,3,119,49,4,5,0,7,0,148,9,4,0,1,0,0,4,6,1,0,0,1,0,0,0,1,0,2,1,793,1,3,2,3,7,3,3,1,0
0,1,0,29,1,0,1,0,0,1,18,0,15,53,0,0,0,81,2,1,2,2,0,0,0,0,1,0,3520,0,0,0,4216,0,0,0,44,0,5,25,12,0,14,41,0,2,2088,5
10,6,9,0,29,4,12,2,5,9,0,165,9,7,12,19,7,0,128,29,5,7,5,7,9,1,4,21,24,28,21,19,1,2,6,6,1,4,203,13,1056,9,20,43,8,53,20,2
4,0,230,0,1,1,660,30,14,131,0,0,2,0,121,91,153,0,0,102,324,5,11,25,49,0,2,685,0,311,280,362,0,5,411,112,0,7,0,46,3,677,1,1,0,184,0,1
19,2,368,4,6,0,1274,50,27,236,8,1,13,13,84,100,489,8,4,196,1248,67,6,91,99,1,8,805,2,424,386,254,1,75,79,154,0,14,0,484,21,796,2,4,8,313,0,1
0,0,902,0,0,0,98,2,0,576,0,0,0,0,5,2,1594,0,0,99,9,6,0,4,0,0,1,100,2,39,1498,26,0,5,15,1,0,2,0,14,7,234,0,2,0,1707,0,0
0,596,0,0,0,3,0,0,0,0,0,385,0,0,0,0,0,0,63,35,1,0,0,0,0,13,0,0,0,0,0,0,0,0,2,0,0,0,0,0,7,1,1,1,73,0,0,0
0,20,0,0,0,18,0,0,0,2,1,1332,13,6,0,0,0,1,921,4,1,0,0,0,1,33,1,2,7,1,0,1,1,1,1,0,8,5,1455,3,4,1,30,29,87,2,26,0
0,49,1,454,39,19,0,0,0,0,3911,28,18,2611,0,0,0,3465,14,0,2,21,0,0,0,15,6,0,33,0,1,0,50,34,0,0,2682,0,20,35,104,0,133,224,21,1,130,9
136,0,459,3,112,0,15,233,149,232,0,0,1064,17,91,11,7,5,0,918,62,43,168,9,112,0,9,2,1,18,9,11,1,9,2,4,0,936,0,22,24,11,3,19,0,13,0,726
0,0,1,63,1311,0,5,3,3,10,1,0,17,28,2,1,5,32,3,26,10,373,4,4,3,0,27,3,9,2,8,1,0,553,0,1,0,6,0,405,8,1,9,843,0,12,0,18
6,3,11,161,996,0,11,2,10,7,19,0,12,105,17,1,2,58,3,60,8,2129,9,7,9,1,11,11,8,7,13,5,0,2327,6,8,0,11,0,588,147,15,43,432,5,17,0,36
0,0,0,8,47,0,4,0,0,2,35,0,0,38,0,0,3,1,0,16,0,397,1,0,0,0,2,2,9,1,4,1,0,638,2,0,0,0,0,79,25,2,1,1,0,7,0,8
69,0,7,0,0,0,12,14,285,8,0,0,2,1,648,15,0,0,0,30,17,0,91,11,242,0,1,4,0,8,0,173,0,0,2,17,0,434,0,11,0,3,0,0,0,0,0,31
18,0,106,0,0,0,1,113,19,35,0,0,0,0,14,0,0,0,0,13,1,0,339,1,8,0,0,0,0,0,0,3,0,0,2,2,0,5,0,1,0,0,0,0,0,0,0,3
1,7,0,0,0,2,2,0,12,3,0,79,8,0,0,5,1,2,411,0,42,0,0,0,1,1,1,3,3,3,10,0,0,0,0,2,2,10,1348,0,2,3,24,3,8,2,11,0
72,0,58,3,51,0,38,45,99,723,3,0,14,16,34,36,461,9,0,29,37,9,24,1548,69,0,2041,33,3,25,16,18,0,5,521,48,0,14,1,23,7,60,3,14,0,9,0,31
0,147,0,0,0,2172,0,0,0,0,0,38,0,1,0,0,0,0,4,0,1,0,0,0,0,2878,0,0,0,0,0,0,0,0,0,0,2,0,0,0,1,0,83,3,2140,0,0,0
0,1896,0,0,0,5,0,0,0,0,0,7,0,1,0,0,0,0,2,0,0,0,0,0,0,47,0,0,0,0,0,0,0,0,0,0,1,0,0,0,0,0,10,0,268,0,0,0
0,179,0,0,0,31,3,0,1,0,0,1099,4,7,2,0,2,0,1766,1,62,0,0,1,0,76,2,1,14,1,2,1,0,0,0,2,4,0,108,0,3,3,44,19,73,2,26,0
0,9,0,2,0,52,1,0,0,0,22,19,0,15,0,0,0,90,51,0,15,0,0,0,0,26,0,0,1,0,0,0,1,0,0,0,28,0,9,0,2,0,384,3,2,0,9,0
9,0,28,0,0,0,62,12,37,12,0,0,4,2,18,3,1,0,0,8,94,2,25,4,42,0,5,19,0,17,0,3,0,0,10,6,0,50,0,9,0,46,0,0,0,0,0,4
4,0,22,0,0,0,319,2,70,10,0,0,40,1,122,3,142,0,0,296,47,10,19,21,31,0,16,99,0,27,87,25,0,9,50,3,0,38,0,113,8,683,0,1,0,93,0,42
0,2,0,130,390,3,1,0,1,0,16,1,13,20,0,2,0,101,24,23,14,7,4,5,1,3,169,0,0,1,0,0,0,7,1,0,9,3,8,34,144,5,738,17,9,3,1,33
11,0,33,5,7,0,10,154,22,54,0,0,1030,1,1,0,9,0,0,73,36,13,194,6,4,0,55,1,0,2,0,1,0,3,2,0,0,27,0,21,0,5,1,23,0,2,0,1117
0,1,25,0,1,0,18,0,0,7,1,3,1,1,14,0,76,0,0,315,0,3,0,6,0,0,2,19,0,3,105,77,0,1,133,0,0,0,0,7,198,38,0,0,0,561,0,0
0,122,0,2,8,999,0,0,0,0,2,30,0,3,0,0,0,0,5,0,7,0,0,0,0,1250,0,0,1,0,0,0,0,0,0,0,1,0,1,1,29,0,74,1,1227,2,2,0
0,98,1,0,1,1,0,0,0,0,1,0,1,0,0,0,0,0,2,0,0,0,0,0,0,4,0,0,0,0,0,0,0,1,0,0,0,0,0,0,10,0,0,0,30,0,0,0
