0.31469,0.54814,0.3883,0.7283,0.35155,0.66287,0.39984,0.20331,0.17464,0.54294,0.67161,0.31673,0.44683,0.48073,0.23522,0.41566,0.39967,0.82388,0.32106,0.50909,0.357,0.65129,0.33966,0.47001,0.23894,0.64367,0.62879,0.17355,0.93306,0.33248,0.27051,0.18559,0.9863,0.5959,0.55179,0.37385,0.71433,0.25967,0.34638,0.23347,0.24023,0.26937,0.58675,0.22582,0.51938,0.45353,0.79291,0.55929
0.47366
799,0,2,0,0,0,3,62,144,0,0,0,8,0,410,101,0,0,0,7,5,0,386,91,675,0,2,3,0,12,0,62,0,0,65,69,0,157,0,1,0,0,0,0,0,0,0,0
127,0,38,0,0,0,16,47,6,34,0,0,0,0,16,1067,1,0,0,0,12,0,3,4,199,0,0,283,1,780,63,155,0,1,6,1098,0,5,0,1,0,8,0,0,0,26,0,0
183,2,20,3,1,2,99,239,303,1,3,4,2,3,117,147,13,1,12,31,196,0,128,50,361,5,2,16,6,72,3,173,0,0,9,137,33,61,22,33,1,16,5,26,1,2,11,0
319,0,0,0,0,0,1,80,82,0,0,0,255,0,212,11,0,0,0,53,0,0,805,70,224,0,7,1,0,2,2,20,0,0,13,5,0,745,0,0,0,1,0,0,0,0,0,30
183,0,0,0,0,0,0,1,28,1,0,0,0,0,32,54,0,0,0,8,0,0,2,0,179,0,1,0,0,39,1,107,0,0,10,53,0,30,0,0,0,0,0,0,0,0,0,0
57,0,30,1,12,0,249,233,405,2,0,0,47,5,154,23,13,2,0,303,896,7,128,75,123,1,19,20,8,65,8,125,0,4,15,37,2,149,12,94,3,34,2,4,0,3,1,15
539,0,205,0,0,0,17,683,23,14,0,0,0,0,8,279,1,0,0,0,1,0,48,6,270,0,0,11,1,78,0,3,0,0,9,184,0,6,1,2,0,1,0,0,0,0,0,0
0,2,1,0,0,0,5,0,5,0,0,10,13,1,2,0,10,0,107,1,11,0,0,2,0,0,0,0,1,1,1,0,0,0,0,0,0,0,80,0,0,1,0,36,1,0,3,1
0,22,3,3415,114,5,0,1,0,0,1513,0,2,1265,0,0,1,520,3,8,0,53,2,1,0,10,34,0,21,0,0,1,18,100,6,0,554,1,11,55,239,3,33,149,5,2,16,38
0,381,0,0,0,3,0,0,0,0,0,267,0,0,0,0,0,0,28,0,0,0,0,0,0,16,0,0,0,0,0,0,0,0,0,0,0,0,0,0,0,0,1,0,126,0,0,0
0,36,0,0,0,3,14,0,1,0,0,233,0,13,12,0,7,1,568,0,11,0,0,0,0,6,0,0,14,4,3,7,0,0,0,1,1,0,76,0,9,8,19,70,14,1,13,1
0,0,5,113,159,12,16,8,1,1,15,33,2,131,0,0,6,20,564,4,46,21,0,1,0,11,7,2,1,7,2,2,7,4,3,1,87,1,34,24,135,3,130,299,2,3,33,3
0,3,50,75,411,0,0,10,5,9,18,0,1,176,3,1,3,0,0,9,5,53,0,17,1,0,89,14,3,2,9,4,0,33,39,12,0,0,1,32,631,19,1,9,1,34,0,5
34,0,98,0,1,0,198,188,51,14,0,0,1,0,164,423,17,0,1,9,125,0,22,36,132,0,2,447,0,345,157,443,0,0,148,566,0,9,0,7,0,185,0,0,0,26,0,1
5,0,1,0,0,0,5,10,84,4,0,0,144,2,7,0,0,0,0,223,5,0,17,4,22,0,4,0,3,0,1,6,0,0,0,0,0,347,0,5,2,0,0,0,0,0,0,48
0,0,3,4,22,0,26,2,3,7,0,0,2,8,1,0,5,0,0,7,34,70,1,0,0,0,2,2,2,9,13,3,0,44,2,1,0,2,1,340,1,7,1,80,0,8,3,1
0,0,0,5,1,1,3,0,0,0,7,1,24,57,0,0,2,18,3,1,2,1,0,0,0,1,0,0,7,0,0,0,3,2,0,0,124,0,436,27,3,0,47,464,2,1,16,4
19,0,54,2,1,0,214,54,32,3,0,0,6,2,37,53,29,0,0,13,137,1,27,1462,52,0,391,132,6,74,22,100,0,1,1870,81,0,4,0,46,1,492,1,1,0,3,0,5
2,0,429,0,0,0,73,128,1,400,0,0,0,0,2,79,59,0,0,0,2,0,2,0,2,0,0,433,0,159,31,23,0,0,2,138,0,0,0,8,1,81,0,0,0,227,0,0
0,13,0,0,0,5,0,0,0,0,9,9,0,15,0,0,0,20,37,0,0,0,0,0,0,3,0,0,7,0,0,0,1,0,0,0,21,0,9,1,9,0,2019,6,3,0,14,0
0,2,1,0,1,1,8,6,1,0,2,120,6,11,5,0,5,0,123,10,2,0,0,8,0,3,10,0,1,0,2,6,0,0,0,0,0,0,782,1,4,6,3,58,2,0,0,2
0,1,0,25,1,0,1,0,0,0,10,1,3,90,0,0,0,123,0,1,2,2,0,0,0,0,1,0,3443,0,0,0,4679,0,0,0,65,0,23,26,18,0,7,131,0,2,1520,5
7,10,24,0,22,3,6,10,0,24,0,130,6,19,3,15,19,0,168,8,24,3,2,1,2,0,10,13,37,45,142,39,0,4,18,3,0,6,254,15,725,8,28,93,14,33,62,5
1,1,316,0,0,0,715,210,53,184,0,0,0,1,99,83,315,0,0,20,370,7,17,23,16,0,0,500,0,197,422,238,0,0,154,159,0,2,0,31,0,609,0,1,0,298,0,0
4,2,578,4,1,2,1517,356,108,220,7,2,4,19,60,83,757,4,4,34,1242,35,25,93,25,1,14,394,6,213,335,360,0,50,58,170,2,7,2,286,20,935,2,10,3,189,2,0
0,0,1493,0,0,0,170,103,3,1372,0,0,1,0,3,4,1199,0,0,2,6,5,0,4,0,0,0,181,1,39,643,29,0,0,9,11,0,1,0,25,8,251,0,1,0,1386,0,0
0,377,0,0,0,3,0,0,0,0,0,563,0,3,1,0,2,0,28,0,1,0,0,0,0,16,0,0,0,0,3,0,0,0,0,0,0,0,4,0,7,9,1,8,155,0,0,0
0,29,0,0,0,2,18,0,2,1,0,1342,20,6,3,0,12,2,929,3,1,0,0,0,0,3,0,0,6,2,1,0,0,0,0,0,1,0,1504,3,1,3,15,68,19,0,22,0
0,44,0,434,32,20,0,0,0,1,3442,2,1,2320,0,0,0,4472,5,2,0,13,0,0,0,19,6,0,70,0,0,0,35,34,0,0,2318,0,114,23,107,0,90,379,42,0,95,10
96,0,145,3,139,0,29,786,326,6,0,0,676,22,36,10,5,2,0,1316,48,44,244,31,121,0,128,4,3,14,5,27,0,8,12,11,0,699,2,30,45,7,0,68,0,4,0,514
0,0,3,90,1422,0,18,6,26,3,1,0,24,89,3,0,19,9,1,16,14,295,1,2,1,0,43,3,16,4,6,2,0,442,3,1,0,11,1,366,43,7,1,782,0,7,1,29
3,0,41,284,1343,0,16,47,18,21,22,0,12,220,15,3,5,35,1,40,20,1793,7,2,6,3,33,16,12,14,14,14,0,1920,20,10,1,19,0,579,222,6,4,427,1,27,0,41
0,0,10,16,91,0,2,1,1,5,35,0,3,37,1,0,1,1,0,5,0,322,0,0,0,0,4,2,4,1,13,4,0,553,4,0,0,2,0,145,40,2,0,1,0,9,0,19
60,0,4,0,0,0,13,17,270,1,0,0,12,0,529,28,0,0,0,159,23,0,56,12,219,0,0,13,0,16,0,174,0,0,14,24,0,461,0,7,0,1,0,0,0,0,0,23
17,0,2,0,0,0,1,241,19,1,0,0,3,0,75,1,0,0,0,11,0,0,248,3,25,0,2,0,0,2,0,7,0,0,2,8,0,10,0,1,0,0,0,0,0,0,0,5
5,1,0,0,0,0,9,1,1,6,0,141,13,1,1,2,9,0,899,2,10,0,0,0,1,1,0,0,0,2,2,0,0,0,0,0,0,0,802,0,0,1,30,40,2,0,30,0
69,0,219,4,28,0,95,98,152,45,1,0,20,8,66,93,51,5,1,14,45,4,71,1802,132,0,1743,105,3,58,3,36,0,1,826,119,0,16,1,44,9,183,0,36,0,16,0,28
0,163,0,0,0,2094,0,0,0,0,0,36,0,3,0,0,0,0,21,0,0,0,0,0,0,2845,0,0,0,0,0,0,0,0,0,0,1,0,2,0,0,0,154,0,2144,0,7,0
0,1742,0,0,0,4,0,0,0,0,0,18,0,1,0,0,0,0,4,0,0,0,0,0,0,41,0,0,0,0,0,0,0,0,0,0,0,0,14,0,0,0,27,0,386,0,0,0
0,111,0,0,0,28,12,0,0,0,1,1271,0,5,2,0,8,2,1701,0,16,0,0,0,0,47,0,0,4,2,0,1,0,0,0,1,2,0,135,0,1,1,22,60,67,1,38,0
0,6,0,1,0,50,0,0,0,0,15,22,0,57,0,0,0,73,57,0,0,0,0,0,0,25,0,0,1,0,0,0,1,0,0,0,25,0,5,0,6,1,367,12,5,0,12,0
5,0,2,0,0,0,72,76,56,0,0,0,13,0,17,5,12,0,0,12,70,0,30,4,18,0,3,18,0,13,1,10,0,0,3,9,0,33,0,5,0,42,0,0,0,1,0,2
2,0,30,0,1,0,119,17,67,71,0,0,14,1,142,1,215,0,0,128,63,6,8,13,8,0,35,256,0,71,128,138,0,6,51,26,0,52,0,118,5,356,0,1,0,280,0,24
0,4,0,209,233,5,1,4,1,0,22,3,4,176,1,0,3,117,25,12,3,9,5,0,1,5,113,2,1,2,0,0,0,9,7,1,8,2,8,64,426,2,355,50,5,1,11,33
3,0,5,1,7,0,12,141,41,3,0,0,1084,10,6,1,6,0,0,112,26,7,84,14,10,0,60,1,1,2,2,2,0,5,3,0,0,31,0,27,5,4,1,73,0,0,1,1132
0,1,33,0,0,0,21,0,0,73,0,10,0,4,4,0,190,0,0,1,1,2,1,3,0,0,7,9,0,0,338,66,0,0,8,1,0,0,0,5,186,178,0,8,0,466,0,0
0,139,0,0,1,916,0,0,0,0,1,18,0,43,0,0,0,1,8,0,4,0,0,0,0,1349,0,0,0,0,1,0,0,0,0,0,0,0,5,2,92,0,73,12,1096,0,6,0
0,86,0,0,1,0,0,0,0,0,1,1,0,2,0,0,0,0,0,0,0,0,0,0,0,9,0,0,0,0,0,0,0,1,0,0,0,0,1,1,13,0,2,0,32,0,0,0
