0.2592,0.50252,0.30772,0.76499,0.3279,0.64818,0.38581,0.34095,0.17038,0.23418,0.73151,0.36601,0.41121,0.59437,0.24885,0.43079,0.51096,0.7766,0.36151,0.36144,0.34479,0.62326,0.41341,0.51382,0.16295,0.65562,0.74422,0.23678,0.94545,0.25746,0.51994,0.18818,0.98,0.60197,0.48909,0.44581,0.75457,0.28123,0.34811,0.22827,0.36738,0.24222,0.50418,0.3128,0.51751,0.52617,0.85895,0.5
0.48691
613,0,4,0,0,0,0,259,428,53,0,0,0,0,457,70,0,0,0,0,3,0,238,128,448,0,0,2,0,11,0,206,0,0,13,58,0,72,0,0,0,0,0,0,0,0,0,1
115,0,22,0,0,0,24,74,11,16,0,0,0,0,52,971,1,0,0,3,3,0,1,5,147,0,0,414,0,673,35,216,0,0,6,1160,0,1,0,6,0,35,0,0,0,6,0,0
198,1,39,28,0,5,50,116,325,43,1,1,9,5,167,149,5,1,7,15,188,2,75,31,460,4,4,34,5,91,2,117,6,5,3,153,21,85,4,36,4,14,6,27,2,4,7,0
246,0,8,0,0,0,0,231,339,20,0,0,25,0,135,11,0,0,0,14,0,0,974,85,205,0,12,1,0,0,0,28,0,0,2,3,0,590,0,1,0,0,0,0,0,0,0,8
173,0,0,0,0,0,0,3,54,1,0,0,0,0,80,34,0,0,0,2,0,0,3,4,142,0,0,4,0,36,1,130,0,0,0,47,0,13,0,0,0,1,0,0,0,0,0,1
115,0,84,6,17,0,145,42,238,44,0,0,50,4,235,34,5,5,0,59,918,15,67,46,368,0,27,65,3,99,6,57,0,12,12,54,0,346,2,128,4,22,3,2,0,2,1,44
452,0,61,0,0,0,5,806,215,272,0,0,0,0,6,224,0,0,1,1,2,0,19,17,104,0,0,6,0,46,2,4,0,0,1,142,0,1,0,1,0,1,0,0,0,1,0,0
1,2,0,1,0,0,2,5,8,3,0,5,7,0,1,0,1,0,87,0,20,0,1,0,0,3,7,3,3,0,2,1,0,0,0,0,0,6,107,0,0,2,0,12,0,4,1,0
0,17,1,3636,140,9,0,0,0,0,1272,6,24,1279,0,0,1,502,12,7,1,49,1,2,1,4,32,0,24,0,0,0,14,62,2,0,570,0,15,38,280,0,70,69,9,7,35,33
0,542,0,0,0,1,0,0,0,0,0,130,0,0,0,0,0,0,29,0,0,0,0,0,0,24,0,0,0,0,0,0,0,0,0,0,0,0,0,0,0,0,1,0,95,0,0,0
0,47,0,1,1,3,10,0,1,0,0,156,6,2,11,0,0,0,625,42,44,0,0,1,0,9,0,3,27,1,2,2,2,0,0,3,2,0,67,2,12,6,18,10,15,5,9,1
1,2,4,142,257,15,8,0,2,1,9,18,8,33,4,3,1,45,505,15,229,21,1,0,7,9,1,3,3,25,5,0,3,6,1,5,82,0,28,19,63,6,224,96,3,14,29,3
0,4,6,66,601,0,14,0,1,4,11,4,11,70,3,0,5,1,5,17,3,50,0,69,1,0,13,7,0,2,3,1,0,23,13,2,0,0,3,17,681,29,12,3,4,17,0,12
49,0,68,0,0,0,171,81,52,74,0,0,0,0,224,393,10,0,0,15,56,1,16,53,168,0,3,522,0,452,22,417,0,2,316,495,0,9,0,13,0,157,0,0,0,11,0,0
12,0,4,0,0,0,1,13,38,1,0,0,58,0,19,0,0,0,0,21,4,6,55,1,36,0,1,0,2,0,1,1,0,0,0,0,0,634,0,2,0,0,0,0,0,0,0,39
0,0,3,7,6,0,17,0,2,1,0,0,12,2,0,0,3,3,0,5,9,155,1,1,2,0,2,6,0,6,5,1,0,87,0,2,2,0,1,310,1,5,2,52,0,6,0,0
0,0,0,6,1,2,2,0,0,0,6,4,33,49,0,0,1,20,8,0,3,5,0,0,0,0,5,0,9,0,0,0,6,2,1,0,83,1,6,30,5,0,43,914,0,1,14,3
15,0,23,3,3,0,157,16,29,296,0,0,1,2,30,16,47,1,1,37,89,1,14,2323,48,0,253,65,2,68,0,41,0,2,1547,49,0,5,0,85,3,139,1,0,0,7,0,9
14,0,333,0,0,0,133,33,4,177,0,0,0,0,7,63,57,0,0,3,1,0,0,1,7,0,0,418,0,176,338,20,0,0,2,60,0,0,0,6,2,263,0,0,0,164,0,0
0,8,0,1,0,8,0,0,0,0,5,11,0,4,0,0,0,23,17,0,3,0,0,0,0,3,0,0,3,0,0,0,0,0,0,0,18,0,23,1,1,0,2049,12,2,0,9,0
0,2,0,0,2,2,2,0,0,0,3,119,48,3,4,0,9,0,162,10,3,0,1,0,0,4,7,1,1,0,1,0,0,0,1,0,2,1,786,1,3,3,2,7,1,0,1,0
0,1,0,29,1,1,1,0,0,0,18,0,15,56,0,0,0,80,2,0,2,2,0,0,0,0,1,0,3501,0,0,0,4215,0,0,0,44,0,4,24,14,0,14,42,0,2,2107,4
10,6,9,0,27,5,11,2,6,9,0,160,13,6,10,19,5,0,131,25,6,6,5,7,10,1,2,23,23,26,21,18,1,2,8,4,0,4,200,17,1061,11,21,38,7,58,22,4
4,0,230,0,1,1,652,26,15,134,0,0,2,0,120,93,158,0,0,94,320,6,9,26,53,0,2,688,0,308,285,359,0,3,412,110,0,8,0,46,4,684,0,0,0,188,0,1
20,2,372,4,9,0,1262,52,28,237,12,1,12,12,80,97,496,6,5,200,1244,75,4,86,99,2,9,797,2,434,403,246,1,77,76,157,0,15,0,458,21,802,2,4,11,312,0,1
0,0,901,0,0,0,97,1,0,579,0,0,0,0,5,3,1585,0,0,102,9,6,0,4,0,0,1,104,2,40,1499,27,0,5,16,1,0,1,0,14,7,241,0,1,0,1699,0,0
0,595,0,0,0,3,0,0,0,0,0,393,0,0,1,0,0,0,63,30,0,0,0,0,0,12,0,0,0,0,0,0,0,0,1,0,0,0,0,0,7,1,1,1,72,1,0,0
0,17,0,0,0,16,0,0,0,2,1,1329,13,5,1,0,0,1,928,4,1,0,0,0,1,32,1,0,8,0,0,1,0,1,1,0,10,1,1453,2,4,0,35,26,90,2,32,0
0,47,1,454,41,23,1,0,0,0,3926,30,16,2620,0,0,0,3431,17,0,3,21,0,0,0,14,7,0,32,0,1,0,49,37,0,0,2684,0,18,34,107,0,134,225,18,1,129,9
131,0,458,3,111,0,16,248,156,235,1,0,1056,17,92,11,7,5,0,913,56,43,158,9,114,0,14,2,2,17,9,9,0,8,2,4,0,932,0,24,20,12,4,20,0,14,0,733
0,0,1,63,1328,0,8,3,3,9,1,0,17,31,2,2,5,29,2,24,10,370,7,3,4,0,27,3,9,3,6,1,1,539,0,1,0,5,0,398,9,1,12,845,0,10,0,19
4,3,11,153,1009,0,11,2,10,9,16,0,12,107,15,2,1,60,3,71,9,2106,7,7,12,1,12,13,7,6,14,4,0,2326,5,6,0,10,0,596,147,17,42,431,4,18,0,38
0,0,0,8,47,0,4,0,0,1,37,0,0,33,0,0,3,2,0,18,0,395,1,0,0,0,3,2,12,1,4,1,0,640,2,0,0,0,0,80,23,1,1,1,0,7,0,7
72,0,7,0,0,0,12,15,290,7,0,0,2,1,651,15,0,0,0,31,17,0,91,12,235,0,2,4,0,9,0,173,0,0,1,16,0,430,0,11,0,3,0,0,0,0,0,29
18,0,105,0,0,0,1,115,18,33,0,0,0,0,14,0,0,0,0,14,1,0,341,1,9,0,0,0,0,0,0,3,0,0,2,2,0,4,0,0,0,0,0,0,0,0,0,3
1,7,0,0,0,1,2,0,16,3,0,82,8,0,0,3,1,2,416,0,44,0,0,1,2,1,1,2,2,3,7,1,0,0,0,3,2,10,1333,0,2,4,24,3,9,2,14,0
76,0,62,2,53,0,42,46,94,718,5,0,12,15,32,34,467,11,0,29,40,6,27,1555,63,0,2028,32,3,28,16,18,0,4,522,53,0,14,0,22,6,61,2,14,0,8,0,30
0,152,0,0,0,2174,0,0,0,0,0,37,0,1,0,0,0,0,4,0,1,0,0,0,0,2907,0,0,0,0,0,0,0,0,0,0,1,0,0,0,1,0,76,3,2113,0,0,0
0,1891,0,0,0,5,0,0,0,0,0,7,0,1,0,0,0,0,2,0,0,0,0,0,0,48,0,0,0,0,0,0,0,0,0,0,1,0,0,0,0,0,10,0,272,0,0,0
1,186,0,0,0,29,4,0,0,0,0,1086,4,8,2,0,2,0,1762,1,62,0,0,0,0,73,2,2,16,1,0,1,2,0,0,3,3,0,107,0,4,2,47,18,81,1,29,0
0,9,0,2,0,49,1,0,0,0,23,17,0,16,0,0,0,90,52,0,14,0,0,0,0,27,0,0,1,0,0,0,1,0,0,0,26,0,8,0,2,1,386,2,3,0,11,0
10,0,31,0,0,0,62,11,37,12,0,0,4,1,18,2,1,0,0,8,90,2,26,4,42,0,5,20,0,20,0,2,0,0,10,6,0,49,0,8,0,47,0,0,0,0,0,4
4,0,22,0,0,0,322,2,70,10,0,0,42,1,124,3,141,0,0,291,46,9,19,22,29,0,14,100,0,27,87,25,0,8,49,3,0,38,0,119,6,686,0,0,0,92,0,42
0,1,0,130,380,4,1,0,1,0,16,1,14,19,0,1,0,100,22,22,13,9,4,5,1,3,170,1,0,1,0,0,0,8,2,0,6,3,8,33,141,4,748,20,10,4,1,36
10,0,32,6,7,0,8,162,21,55,0,0,1032,1,1,0,9,0,0,71,34,15,190,5,5,0,55,1,0,2,1,1,0,3,2,0,0,26,0,23,0,5,1,23,0,2,0,1114
0,1,25,0,1,0,12,0,0,7,1,3,1,1,13,1,75,0,0,312,0,3,0,7,0,0,2,18,0,2,105,84,0,1,132,0,0,0,0,5,200,45,0,0,0,559,0,0
0,120,0,2,6,997,0,0,0,0,2,31,0,3,0,0,0,0,4,0,7,0,0,0,0,1249,0,0,1,0,0,0,0,0,0,0,0,0,1,1,35,0,73,1,1232,0,2,0
0,100,1,0,1,1,0,0,0,0,1,0,1,0,0,0,0,0,2,0,0,0,0,0,0,4,0,0,0,0,0,0,0,1,0,0,0,0,0,0,8,0,0,0,30,0,0,0
