0.25748,0.48386,0.27825,0.7405,0.32539,0.65333,0.38282,0.30154,0.16432,0.21702,0.72842,0.35826,0.40895,0.56912,0.23842,0.41398,0.50661,0.78499,0.34135,0.34773,0.38262,0.62019,0.42424,0.47566,0.15788,0.65425,0.75819,0.24575,0.94264,0.2856,0.53102,0.17028,0.98326,0.60612,0.51319,0.41223,0.74149,0.27172,0.3418,0.24889,0.37217,0.24146,0.49578,0.30312,0.49803,0.48796,0.85875,0.48988
0.48032
594,0,4,0,0,0,0,257,421,24,0,0,0,0,457,73,0,0,0,4,3,0,233,145,455,0,1,3,0,13,0,203,0,0,15,68,0,91,0,0,0,0,0,0,0,0,0,0
116,0,25,0,0,0,25,63,18,21,0,0,0,0,49,1013,1,0,0,4,3,0,1,4,156,0,0,377,0,714,45,170,0,1,4,1146,0,0,0,5,1,31,0,0,0,4,0,0
200,0,74,3,1,4,51,113,341,36,1,3,10,3,156,161,4,1,5,20,156,2,83,36,438,4,1,26,9,100,3,114,2,0,4,167,32,73,4,41,2,11,11,28,1,10,7,3
233,0,7,0,0,0,0,235,331,6,0,0,28,0,146,10,0,0,0,39,0,0,952,108,203,0,4,1,0,0,0,35,0,0,2,1,0,588,0,0,0,0,0,0,0,0,0,9
143,0,0,0,0,0,0,3,59,1,0,0,0,0,76,36,0,0,0,8,0,0,2,4,143,0,0,4,0,41,1,143,0,0,1,47,0,16,0,0,0,0,0,0,0,0,0,1
98,0,104,2,10,0,152,66,256,38,0,0,56,2,262,37,9,4,0,96,897,9,61,57,347,0,12,54,3,127,5,58,0,7,20,56,1,314,3,92,3,14,8,1,0,5,0,40
503,0,110,0,0,0,5,746,183,252,0,0,0,0,4,219,0,0,1,1,1,0,16,17,126,0,0,1,0,33,2,9,0,0,2,155,0,0,0,1,0,1,0,0,0,2,0,0
1,2,0,1,1,0,6,5,4,0,0,5,10,0,1,0,3,0,98,1,10,0,1,1,3,1,6,2,2,1,0,0,0,0,0,0,0,3,107,0,0,2,0,15,0,2,1,0
0,26,0,3584,122,6,0,0,1,0,1339,6,20,1333,0,0,1,495,6,7,0,49,1,8,1,8,24,0,28,0,0,0,12,50,2,0,591,0,10,47,224,0,59,78,11,7,38,30
0,535,0,0,0,3,0,0,0,0,0,122,0,0,0,0,0,0,27,0,0,0,0,0,0,19,0,0,0,0,0,0,0,0,0,0,0,0,0,0,0,0,0,0,116,0,0,0
0,58,0,0,1,8,20,0,1,0,0,192,9,3,14,0,0,0,618,14,13,0,0,0,1,9,0,1,13,8,0,2,1,0,2,2,3,0,73,3,12,2,15,9,16,6,17,0
1,3,6,168,210,16,15,0,2,2,8,18,10,39,2,1,2,42,556,9,86,21,1,0,6,12,2,2,2,25,2,1,5,3,2,3,70,0,50,21,78,7,282,127,2,8,27,4
1,2,8,88,641,0,8,1,1,4,12,5,7,91,2,0,8,2,2,19,6,54,2,51,1,0,7,13,0,4,2,1,0,23,15,3,0,0,3,21,595,25,11,3,8,27,0,11
43,0,82,0,1,0,170,68,55,79,0,0,0,0,210,438,13,0,0,30,59,2,7,34,179,0,2,521,0,454,18,377,0,2,285,539,0,5,0,10,0,151,0,0,0,16,0,0
12,0,3,0,0,0,1,21,29,1,0,0,77,1,16,0,0,0,0,36,3,3,57,2,39,0,1,0,1,1,1,3,0,0,0,0,0,603,0,2,1,0,0,0,0,0,1,34
1,0,3,4,7,0,16,0,1,1,0,0,11,2,1,0,3,1,1,1,19,147,2,0,5,0,1,3,0,5,6,3,0,51,0,1,1,1,0,356,0,3,3,51,0,5,0,1
0,2,0,6,1,1,2,0,0,0,6,2,33,51,0,0,1,17,3,0,1,7,0,0,0,1,5,0,9,0,0,0,3,2,1,0,96,1,11,25,3,0,43,903,0,2,23,2
14,0,31,2,1,0,169,19,39,289,0,0,1,2,33,32,74,1,0,45,81,2,14,2042,64,0,231,80,7,64,1,45,0,1,1731,54,0,10,0,74,3,158,2,0,0,6,0,6
16,0,342,0,0,0,189,23,2,212,0,0,0,0,7,77,77,0,0,4,1,1,2,0,7,0,0,329,0,92,312,24,0,0,4,105,0,0,0,8,1,271,0,0,0,176,0,0
0,12,0,0,0,11,0,0,0,0,8,11,0,3,0,0,0,24,17,0,0,0,0,0,0,2,0,0,4,0,0,0,1,0,0,0,15,0,18,1,0,0,2056,9,1,0,8,0
0,4,0,0,1,2,0,0,0,2,2,111,46,3,4,0,2,0,198,5,1,0,1,1,0,5,9,2,0,0,0,0,0,0,2,1,1,1,773,3,2,1,2,5,0,1,1,0
0,0,0,20,1,0,1,0,0,0,17,0,10,65,0,0,0,83,3,0,3,4,0,0,0,0,1,0,3517,0,0,0,3994,0,0,0,56,0,5,30,15,0,11,46,0,1,2292,5
9,6,8,0,28,5,9,2,4,10,0,143,13,7,10,19,8,0,162,25,10,6,2,8,7,2,1,26,19,32,19,18,0,3,13,3,0,5,175,24,1035,9,24,42,9,48,49,3
5,0,244,0,1,1,661,30,15,156,0,0,3,0,100,119,188,0,0,92,339,5,8,19,54,0,2,682,0,265,278,303,0,6,354,136,0,9,0,44,1,684,0,0,0,238,0,0
13,1,384,5,7,0,1266,58,51,269,9,0,14,6,89,110,537,6,6,211,1255,50,8,57,89,1,9,824,5,376,397,228,0,67,100,165,2,12,0,383,15,827,3,3,16,309,0,2
0,0,847,0,0,0,91,1,0,617,0,0,0,0,1,4,1571,0,0,135,5,8,1,2,0,0,1,125,2,18,1515,47,0,6,12,3,0,1,0,27,13,336,0,1,0,1560,0,0
0,623,0,0,0,2,1,0,0,0,0,386,0,0,0,0,0,0,46,7,1,0,0,0,0,13,0,1,0,0,0,0,0,0,1,0,0,0,2,0,8,0,3,0,84,3,0,0
0,26,0,0,0,23,1,1,0,0,1,1303,15,8,1,0,1,1,1051,3,2,1,1,0,0,35,1,0,0,2,0,1,2,0,1,0,8,0,1413,3,4,0,14,20,43,0,32,0
0,54,0,458,37,15,1,0,0,0,4050,35,12,2499,0,0,0,3483,4,0,0,25,0,0,0,18,6,0,36,0,1,0,38,28,0,0,2656,0,26,29,84,0,142,237,20,3,123,10
130,0,463,4,147,0,10,353,150,163,0,0,963,18,49,10,6,5,0,934,49,47,152,25,113,0,40,3,2,14,7,19,0,10,2,5,0,879,0,21,36,16,5,22,0,9,0,785
2,0,3,90,1365,0,6,0,4,4,0,0,24,34,4,1,8,23,3,16,8,353,2,5,3,0,26,4,18,5,4,2,0,447,0,2,0,7,0,415,20,5,12,855,0,9,2,20
6,3,28,190,1201,0,12,2,12,10,28,0,15,99,10,1,4,58,2,60,17,1984,6,5,8,2,11,17,14,11,13,3,0,2079,9,5,2,13,0,670,154,19,57,428,1,22,0,46
0,0,0,7,59,0,3,0,0,1,25,0,1,39,0,0,4,2,0,11,0,376,1,0,0,0,2,1,15,1,5,2,0,626,3,0,0,1,0,106,19,0,2,1,0,9,0,12
55,0,8,0,0,0,12,19,283,6,0,0,3,1,592,21,0,0,0,98,12,0,65,10,239,0,1,4,0,15,0,175,0,0,2,16,0,456,0,7,0,4,0,0,0,0,0,32
26,0,65,0,0,0,1,126,25,28,0,0,0,0,21,0,0,0,0,36,0,0,323,5,12,0,1,0,0,0,0,3,0,0,2,2,0,4,0,1,0,0,0,0,0,0,0,3
2,7,0,0,0,1,6,1,11,0,0,101,15,0,0,4,1,2,457,0,17,0,0,0,3,2,1,2,5,4,2,0,0,0,0,2,1,5,1306,0,2,5,30,1,8,0,8,0
66,0,85,5,44,0,41,49,120,554,4,0,11,14,41,52,319,7,0,22,32,6,26,1599,98,0,2013,42,2,35,22,20,0,5,641,81,0,15,1,32,9,70,1,18,0,17,0,31
0,118,0,0,0,2188,0,0,0,0,0,39,0,1,0,0,0,0,9,0,0,0,0,0,0,2986,0,0,0,0,0,0,0,0,0,0,1,0,0,0,1,0,103,3,2020,0,1,0
0,1799,0,0,0,3,0,0,0,0,0,10,0,1,0,0,0,0,1,0,0,0,0,0,0,47,0,0,0,0,0,0,0,0,0,0,2,0,1,0,0,0,8,0,365,0,0,0
1,232,0,0,0,37,9,0,0,0,0,1086,2,5,7,0,0,0,1746,3,13,0,0,0,0,67,0,2,12,1,0,2,3,0,3,2,6,0,135,0,6,1,50,15,63,2,28,0
0,10,0,2,0,53,0,0,0,0,24,17,0,22,0,0,0,82,59,0,0,0,0,0,0,27,0,0,2,0,0,0,1,0,1,0,24,0,10,0,3,1,393,1,4,0,5,0
9,0,32,0,0,0,54,21,38,10,0,0,1,1,16,4,1,1,0,13,84,1,27,4,45,0,4,22,0,15,0,5,0,0,10,6,0,47,0,6,0,50,0,0,0,1,0,4
2,0,19,0,0,0,273,3,77,12,0,0,40,2,95,3,153,0,0,338,46,13,10,17,30,0,11,156,0,18,92,38,0,4,37,4,0,44,0,119,7,663,0,0,0,90,0,37
0,2,2,193,298,5,0,0,1,0,22,1,15,28,0,2,0,97,26,23,5,10,4,5,1,4,157,3,3,2,0,0,0,4,2,0,9,4,6,36,187,5,722,22,7,3,0,27
5,0,29,8,5,0,8,188,27,29,0,0,1024,3,1,0,9,0,0,75,37,11,172,16,6,0,60,1,0,1,2,0,0,3,2,0,0,27,0,22,2,4,1,31,0,1,0,1113
0,6,27,0,1,0,12,0,0,6,1,6,1,1,6,0,93,0,0,241,0,2,0,6,0,0,1,19,1,3,98,160,0,1,86,0,0,0,0,7,185,49,0,2,0,594,0,1
0,96,0,0,3,965,0,0,0,0,2,35,3,4,0,0,0,0,7,0,5,0,0,0,0,1293,0,0,0,0,0,0,0,0,0,0,5,0,2,0,42,0,74,2,1223,0,6,0
0,91,1,0,1,0,0,0,0,0,1,0,1,0,0,0,0,0,1,0,0,0,0,0,0,6,0,0,0,0,0,0,0,1,0,0,0,0,0,0,8,0,0,0,38,1,0,0
