0.3303,0.54731,0.42484,0.73578,0.39338,0.66519,0.398,0.23164,0.18094,0.57003,0.65651,0.31463,0.51001,0.55054,0.23172,0.41605,0.40796,0.83576,0.31629,0.56299,0.35394,0.68759,0.31413,0.43912,0.2175,0.64151,0.65636,0.21352,0.93273,0.29231,0.22548,0.12368,0.98627,0.50485,0.56547,0.39194,0.69778,0.25599,0.33866,0.30401,0.21809,0.28839,0.58889,0.2734,0.52479,0.45195,0.78564,0.53566
0.47837
908,0,1,0,0,0,2,68,140,0,0,0,8,0,421,75,0,0,0,0,3,0,381,61,609,0,9,1,0,25,2,31,0,0,100,64,0,154,0,1,0,0,0,0,0,0,0,0
123,0,25,0,0,0,8,87,5,26,0,0,0,0,12,1120,0,0,0,0,11,0,3,3,223,0,0,162,0,734,203,55,0,1,8,1157,0,4,0,2,0,7,0,0,0,18,0,0
193,2,15,5,0,2,97,185,312,1,3,5,4,4,115,146,13,2,14,19,187,0,168,72,395,6,3,10,6,85,15,103,0,0,13,154,35,66,22,18,1,20,5,17,1,3,13,0
367,0,0,0,0,0,1,58,89,0,0,0,248,0,215,8,0,0,0,66,0,0,818,63,129,0,9,0,0,3,3,48,0,0,25,4,0,759,0,0,0,1,0,0,0,0,0,24
193,0,0,0,0,0,0,1,35,1,0,0,0,0,19,51,0,0,0,1,0,0,1,1,193,0,0,0,0,43,7,81,0,0,9,59,0,34,0,0,0,0,0,0,0,0,0,0
56,0,22,2,7,0,233,163,411,0,0,0,30,5,158,24,11,1,0,215,915,5,155,138,130,1,22,13,9,82,22,163,0,9,20,34,2,166,15,56,5,56,4,3,0,3,2,18
576,0,124,0,0,0,14,877,19,2,0,0,0,0,9,258,1,0,0,0,2,0,46,15,166,0,0,14,0,99,0,4,0,0,12,145,0,4,1,1,0,0,0,0,0,1,0,0
0,2,1,1,0,0,5,0,5,0,0,10,12,0,4,0,11,0,103,2,13,0,0,1,0,0,1,0,1,1,1,0,0,0,0,0,0,0,91,0,0,1,0,26,1,0,1,1
0,21,3,3375,77,6,0,0,0,0,1562,0,1,1077,0,0,3,486,3,11,0,40,2,1,0,7,23,0,23,0,3,7,19,257,7,0,573,1,12,53,244,2,39,228,6,2,15,35
0,381,0,0,0,2,0,0,0,0,0,271,0,0,0,0,0,0,30,0,0,0,0,0,0,16,0,0,0,0,0,0,0,0,0,0,0,0,0,0,0,0,1,0,121,0,0,0
0,35,0,0,0,3,12,0,0,0,0,246,1,12,13,0,8,1,577,1,14,0,0,0,0,5,0,0,16,2,6,2,0,0,0,2,0,0,76,0,8,8,19,51,14,2,11,1
0,0,2,110,130,14,11,7,1,2,16,32,1,127,2,0,9,10,582,8,64,15,0,0,0,6,5,0,3,9,1,7,8,5,2,2,102,1,29,17,167,2,133,275,3,4,30,5
0,3,46,75,393,0,1,14,4,10,18,1,0,146,1,3,3,1,0,12,6,48,1,24,0,0,67,14,2,10,11,23,0,28,43,11,0,0,2,21,676,11,1,14,1,39,0,4
27,0,65,0,1,0,213,213,49,9,0,0,0,0,153,469,16,0,1,1,105,0,23,53,201,0,1,357,0,333,357,162,0,1,174,612,0,11,0,1,0,224,0,0,0,17,0,1
5,0,2,0,0,0,6,4,105,3,0,0,121,1,7,0,0,0,0,215,6,1,14,3,27,0,2,0,3,0,0,16,0,0,0,0,0,353,1,6,2,0,0,0,0,0,0,46
0,0,2,4,18,0,31,3,2,9,0,0,4,4,1,0,4,0,1,7,37,55,1,0,0,0,4,2,1,16,10,7,0,54,1,0,0,2,1,326,0,7,1,86,0,11,3,2
0,0,0,4,1,0,3,0,0,0,5,1,40,62,0,0,2,15,6,3,4,1,0,0,0,1,1,0,5,0,0,0,2,6,0,0,187,0,490,29,4,0,50,318,0,1,18,4
16,0,63,2,1,0,217,40,22,3,0,0,4,3,37,59,23,0,0,11,121,0,26,940,88,0,567,73,6,131,62,108,0,0,2168,78,0,3,0,27,1,516,1,1,0,5,0,5
2,0,315,0,0,0,76,229,1,329,0,0,0,0,2,105,44,0,0,0,1,0,3,2,3,0,0,594,0,134,48,12,0,0,2,108,0,0,0,3,1,54,0,0,0,214,0,0
0,14,0,0,0,8,0,0,0,0,8,10,0,24,0,0,0,18,36,0,0,0,0,0,0,3,0,0,5,0,0,0,1,0,0,0,26,0,10,1,7,0,2014,2,2,0,12,0
0,2,0,0,1,1,8,3,0,1,2,125,2,11,8,0,6,0,125,28,2,0,0,6,1,3,16,0,2,0,1,4,0,0,1,0,0,0,779,0,3,5,2,42,1,0,0,1
0,1,0,22,0,0,1,0,0,0,7,0,4,115,0,0,0,123,4,1,2,1,0,0,0,0,1,0,3397,0,1,0,4742,1,0,0,69,0,35,28,17,0,8,96,0,2,1499,3
3,11,29,0,18,3,8,13,0,35,0,136,6,13,1,15,25,0,181,5,21,3,4,0,3,0,8,4,41,46,175,55,0,2,12,4,1,5,249,6,704,9,25,68,14,26,68,5
1,1,282,0,0,0,729,234,52,188,0,0,0,1,80,108,283,0,1,7,312,4,30,62,28,0,0,468,0,186,584,136,0,2,126,161,0,3,0,16,0,666,0,3,0,288,0,0
2,2,495,2,4,2,1549,402,87,209,7,3,2,11,61,86,742,3,2,20,1185,32,40,200,33,1,12,400,7,232,471,229,0,46,43,186,2,4,2,177,12,1033,2,15,3,184,2,1
0,0,1495,0,0,0,243,226,1,1571,0,0,0,0,2,4,1199,0,0,0,2,5,0,16,0,0,0,291,1,33,217,32,0,3,6,10,0,1,0,22,5,204,0,2,0,1359,0,0
0,378,0,0,0,3,0,0,0,0,0,568,0,5,1,0,2,0,30,0,1,0,0,0,0,14,0,0,0,0,1,0,0,0,0,0,0,0,4,0,10,7,0,10,147,0,0,0
0,24,0,0,0,2,15,0,3,1,0,1340,15,8,3,0,11,2,965,11,3,0,0,0,0,7,0,1,4,1,2,1,0,0,0,0,2,0,1505,1,1,3,13,38,16,0,20,0
0,45,0,417,27,21,0,1,0,1,3274,0,1,2718,0,0,0,4254,6,0,0,13,0,0,0,23,6,0,64,0,0,0,35,70,0,0,2415,0,146,25,116,0,78,235,37,1,91,10
101,0,91,2,131,0,22,510,431,8,0,0,361,16,22,9,6,2,0,1564,51,41,320,38,93,0,85,5,3,17,6,259,0,5,10,7,0,745,2,28,60,4,1,57,0,5,1,547
0,0,3,90,1385,0,8,2,15,5,0,0,13,51,1,0,16,10,1,18,13,279,1,5,1,0,28,2,14,9,5,14,0,358,0,0,0,11,1,431,93,6,1,882,0,7,1,31
4,0,32,245,1629,0,15,43,14,17,22,0,5,136,10,4,4,25,1,26,18,1862,10,8,3,4,14,14,12,18,7,57,0,1458,12,11,1,19,0,750,243,7,4,492,1,29,1,50
0,0,6,13,107,0,2,1,0,13,25,0,2,17,0,0,1,0,0,6,0,276,0,0,0,0,2,2,2,2,7,11,0,551,3,0,0,3,0,220,28,3,0,1,0,10,1,19
65,0,6,0,0,0,13,11,318,1,0,0,12,0,485,36,0,0,0,63,24,0,57,16,244,0,1,4,0,31,0,221,0,0,9,22,0,467,0,5,0,3,0,0,0,0,0,22
16,0,2,0,0,0,2,178,12,0,0,0,4,0,68,1,0,0,0,12,0,0,307,11,15,0,1,0,0,4,0,22,0,0,4,7,0,13,0,1,0,0,0,0,0,0,0,4
5,1,0,0,0,0,7,0,0,6,0,129,10,2,1,1,9,0,928,5,13,0,0,0,0,1,0,1,0,2,0,0,0,0,0,0,2,1,804,0,0,1,27,25,1,0,30,0
74,0,339,4,27,0,60,91,71,20,1,0,16,7,85,93,32,1,1,33,35,5,56,1410,176,0,1996,86,3,106,4,52,0,2,961,83,0,19,2,31,14,135,0,40,0,25,0,54
0,168,0,0,0,2098,0,0,0,0,0,34,0,2,0,0,0,0,24,0,0,0,0,0,0,2822,0,0,0,0,0,0,0,0,0,0,1,0,3,0,0,0,151,1,2149,0,17,0
0,1747,0,0,0,3,0,0,0,0,0,18,0,2,0,0,0,0,3,0,0,0,0,0,0,42,0,0,0,0,0,0,0,0,0,0,0,0,15,0,0,0,30,0,376,0,1,0
0,118,0,0,0,28,12,0,0,0,0,1272,0,5,2,0,10,1,1720,1,18,0,0,0,0,46,1,0,9,1,0,0,0,1,0,1,2,0,130,0,1,1,24,34,61,1,39,0
0,7,0,1,0,45,0,0,0,0,16,23,0,92,0,0,0,54,57,0,1,0,0,0,0,26,0,0,1,0,0,0,1,0,0,0,29,0,4,0,5,1,355,7,4,0,12,0
5,0,2,0,0,0,65,54,60,0,0,0,12,0,9,8,8,0,0,14,60,0,35,19,19,0,6,13,0,17,6,18,0,0,4,9,0,33,0,1,0,51,0,0,0,2,0,2
2,0,24,0,1,0,144,13,73,117,0,0,11,1,80,9,185,0,0,76,61,4,6,18,10,0,16,234,0,93,119,282,0,6,38,20,0,51,0,74,1,363,0,2,0,295,0,24
0,1,0,211,180,5,1,1,1,0,19,3,5,200,1,0,3,81,27,16,5,8,4,0,1,4,82,1,1,3,1,8,0,17,7,1,12,2,5,60,505,1,354,47,5,2,14,38
5,0,4,2,1,0,12,50,44,2,0,0,994,5,2,0,6,0,0,297,26,9,91,25,9,0,45,2,1,3,2,27,0,3,3,0,0,30,1,21,9,2,0,85,0,0,1,1104
0,1,23,0,1,0,46,4,0,166,0,12,0,2,2,0,243,0,0,3,1,1,1,0,0,0,7,14,0,0,230,23,0,2,11,0,0,0,0,6,184,168,0,14,0,451,0,0
0,139,0,0,0,908,0,0,0,0,1,20,0,50,0,0,0,0,8,0,5,0,0,0,0,1354,0,0,0,0,0,0,0,0,0,0,0,0,6,1,87,0,75,9,1099,0,5,0
0,88,0,0,1,0,0,0,0,0,1,0,0,2,0,0,0,0,1,0,0,0,0,0,0,7,0,0,0,0,0,0,0,0,0,0,0,0,1,1,14,0,2,0,32,0,0,0
