0.31333,0.54637,0.38817,0.73269,0.34808,0.66392,0.40205,0.19561,0.17716,0.54399,0.66966,0.31684,0.45274,0.48675,0.23431,0.41289,0.40087,0.82956,0.31876,0.51807,0.35819,0.65366,0.34078,0.46901,0.23767,0.64347,0.63234,0.17257,0.93274,0.32838,0.24906,0.18058,0.98624,0.59583,0.55644,0.37363,0.71609,0.26013,0.34427,0.23758,0.23338,0.27273,0.59026,0.23106,0.51999,0.45437,0.78999,0.55862
0.47369
804,0,2,0,0,0,3,62,145,0,0,0,8,0,411,99,0,0,0,7,5,0,380,96,670,0,2,2,0,15,0,65,0,0,63,70,0,154,0,1,0,0,0,0,0,0,0,0
129,0,36,0,0,0,14,51,5,35,0,0,0,0,15,1057,1,0,0,0,14,0,3,4,210,0,0,286,1,774,74,146,0,1,7,1094,0,5,0,1,0,8,0,0,0,26,0,0
184,2,18,5,1,2,100,231,303,2,3,4,3,3,129,148,12,1,12,25,193,0,137,51,355,6,2,16,7,72,3,167,0,0,9,136,29,65,22,30,1,16,5,28,1,2,14,0
330,0,0,0,0,0,0,76,82,0,0,0,256,0,212,12,0,0,0,50,0,0,809,71,212,0,8,1,0,2,2,20,0,0,15,5,0,745,0,0,0,1,0,0,0,0,0,29
183,0,0,0,0,0,0,1,29,1,0,0,0,0,31,54,0,0,0,8,0,0,2,0,181,0,0,0,0,39,1,107,0,0,8,56,0,28,0,0,0,0,0,0,0,0,0,0
55,0,32,1,10,0,256,230,411,4,0,0,46,7,158,24,14,1,0,292,894,7,119,80,125,1,18,19,8,63,8,132,0,4,16,36,1,153,10,89,3,30,2,5,0,3,2,17
549,0,199,0,0,0,18,693,22,13,0,0,0,0,8,276,0,0,0,0,2,0,47,6,262,0,0,10,1,78,0,3,0,0,9,182,0,7,1,2,0,2,0,0,0,0,0,0
0,3,1,1,0,0,4,0,6,0,0,11,13,0,1,0,12,0,105,1,13,0,0,2,1,0,0,0,1,1,1,0,0,0,0,0,0,1,83,0,0,1,0,30,1,0,1,1
0,19,3,3429,110,4,0,1,0,0,1522,0,2,1241,0,0,2,514,3,10,0,54,2,1,0,7,30,0,27,0,1,0,18,101,7,0,552,0,10,51,242,4,36,162,6,0,16,37
0,377,0,0,0,2,0,0,0,0,0,274,0,0,0,0,0,0,27,0,0,0,0,0,0,17,0,0,0,0,0,0,0,0,0,0,0,0,0,0,0,0,1,0,124,0,0,0
0,37,0,0,0,2,12,0,0,0,0,243,0,11,11,0,7,1,561,0,12,0,0,0,0,5,0,0,14,4,4,7,0,0,0,1,1,0,78,0,9,9,19,66,14,1,16,1
0,0,5,115,163,14,15,7,1,1,16,35,2,131,1,0,7,21,575,4,46,17,0,1,1,9,6,1,1,7,3,2,7,5,2,1,86,1,30,25,136,3,125,289,3,2,34,3
0,3,46,74,427,0,3,10,6,9,16,0,1,170,1,1,3,0,0,14,5,50,0,15,0,0,89,17,2,3,10,6,0,26,35,12,0,0,2,33,623,18,4,13,1,36,0,4
29,0,93,0,1,0,199,193,50,13,0,0,1,0,164,428,18,0,1,6,124,0,21,34,137,0,1,445,0,346,176,426,0,0,147,572,0,9,0,8,0,182,0,0,0,25,0,1
6,0,0,0,0,0,6,10,86,4,0,0,149,2,8,0,0,0,0,223,6,0,15,3,22,0,3,0,3,0,1,5,0,0,0,0,0,342,1,5,2,0,0,0,0,0,0,47
0,0,3,4,19,0,26,2,3,6,0,0,2,9,1,0,6,0,0,7,35,70,1,0,0,0,3,2,3,9,14,4,0,48,2,1,0,2,1,338,1,4,1,78,0,8,3,1
0,0,0,5,1,1,2,0,0,0,7,1,26,61,0,0,2,16,3,1,2,1,0,0,0,1,0,0,8,0,0,0,3,2,0,0,125,0,444,28,4,0,48,450,0,1,16,4
19,1,49,2,0,0,218,54,33,5,0,0,6,2,35,53,29,0,0,13,135,0,29,1432,56,0,401,131,5,76,27,97,0,1,1893,78,0,5,1,50,1,483,1,1,0,1,0,5
3,0,415,0,0,0,68,144,1,396,0,0,0,0,2,85,57,0,0,0,2,0,1,0,2,0,0,441,0,164,31,22,0,0,2,135,0,0,0,6,1,75,0,0,0,229,0,0
0,13,0,0,0,7,0,0,0,0,10,9,0,14,0,0,0,19,34,0,0,0,0,0,0,2,0,0,5,0,0,0,1,0,0,0,20,0,12,1,8,0,2024,4,4,0,14,0
0,2,1,0,1,1,9,6,2,0,2,118,6,9,5,0,7,0,126,9,3,0,0,6,0,3,12,0,1,0,1,4,0,0,0,0,0,0,780,0,6,6,2,61,1,0,0,2
0,1,0,24,1,0,1,0,0,0,8,1,3,92,0,0,0,123,1,1,2,2,0,0,0,0,1,0,3453,0,0,0,4660,0,0,0,66,0,24,27,19,0,7,126,0,2,1531,4
6,12,23,0,23,3,8,11,0,28,0,129,4,17,3,16,18,0,178,10,21,5,3,0,2,0,10,12,36,41,159,40,0,4,17,3,0,5,255,17,709,6,26,92,13,26,65,4
1,1,326,0,0,0,710,214,53,183,0,0,0,1,102,83,312,0,0,18,369,6,18,22,17,0,0,497,0,195,440,236,0,1,151,153,0,2,0,30,0,598,0,0,0,303,0,0
5,3,569,5,1,1,1529,357,106,220,7,3,2,19,64,82,756,3,4,32,1249,31,25,85,27,1,11,404,7,213,346,344,0,48,59,173,2,5,2,286,20,936,1,8,3,186,4,1
0,0,1477,0,1,0,174,115,2,1416,0,0,0,0,4,4,1201,0,0,1,5,5,0,3,0,0,0,183,1,37,597,30,0,1,8,9,0,0,0,29,7,255,0,1,0,1384,0,0
0,383,0,0,0,3,0,0,0,0,0,554,0,3,1,0,1,0,30,0,1,0,0,0,0,15,0,0,0,0,4,0,0,0,0,0,0,0,4,0,10,11,0,7,154,0,0,0
0,27,0,0,0,2,17,0,2,1,0,1345,20,6,3,0,12,1,937,1,0,0,0,1,0,7,0,0,4,1,1,0,0,0,0,0,1,0,1501,3,2,3,14,64,20,0,22,0
0,47,1,412,34,17,0,0,0,1,3430,0,1,2351,0,0,0,4468,7,2,0,14,0,0,0,18,6,0,70,0,0,0,35,34,0,0,2323,0,118,27,110,0,83,377,39,0,95,10
97,0,142,2,147,0,29,757,332,9,0,0,663,21,38,10,5,2,0,1333,44,40,250,33,120,0,129,4,3,16,6,33,0,6,12,9,0,697,1,34,48,7,1,67,0,5,0,514
0,0,2,94,1416,0,14,5,22,4,1,0,18,85,3,0,16,10,1,20,14,287,1,3,1,0,37,3,14,5,4,2,0,443,2,1,0,10,1,376,54,8,1,799,0,7,1,26
4,0,40,275,1349,1,15,48,16,21,22,0,10,228,11,3,6,24,1,43,21,1776,8,0,6,4,29,14,12,13,10,19,0,1915,19,13,1,20,0,593,230,8,3,436,1,23,0,46
0,0,10,16,95,0,2,1,1,8,36,0,3,29,1,0,1,1,0,8,0,318,0,0,0,0,5,1,3,1,11,4,0,550,4,0,0,2,0,154,39,1,1,0,0,8,0,20
61,0,4,0,0,0,14,17,277,1,0,0,12,0,534,29,0,0,0,152,24,0,56,14,217,0,0,11,0,17,0,173,0,0,11,22,0,462,0,6,0,1,0,0,0,0,0,21
18,0,2,0,0,0,1,241,18,1,0,0,4,0,76,0,0,0,0,12,0,0,248,2,22,0,2,0,0,3,0,7,0,0,3,8,0,10,0,1,0,0,0,0,0,0,0,5
4,2,0,0,0,0,8,1,0,5,0,129,14,1,1,3,8,0,904,1,12,0,0,0,1,1,0,0,0,2,2,0,0,0,0,0,0,2,813,0,0,1,25,43,1,0,28,0
69,0,238,5,30,0,95,100,144,44,1,0,19,10,69,85,48,3,0,16,48,6,74,1771,134,0,1756,97,3,67,2,36,0,2,827,119,0,17,3,35,9,183,0,38,0,19,0,28
0,164,0,0,0,2094,0,0,0,0,0,39,0,2,0,0,0,0,23,0,0,0,0,0,0,2848,0,0,0,0,0,0,0,0,0,0,1,0,2,0,0,0,156,1,2133,0,7,0
0,1744,0,0,0,4,0,0,0,0,0,18,0,2,0,0,0,0,3,0,0,0,0,0,0,43,0,0,0,0,0,0,0,0,0,0,0,0,13,0,0,0,29,0,381,0,0,0
0,115,0,0,0,27,11,0,0,0,0,1276,0,7,3,0,9,1,1699,0,14,0,0,0,0,49,0,0,6,2,0,0,0,0,0,1,1,0,130,0,1,1,24,54,65,1,42,0
0,8,0,1,0,49,0,0,0,0,16,21,0,58,0,0,0,67,62,0,0,0,0,0,0,26,0,0,2,0,0,0,1,0,0,0,25,0,4,0,6,1,364,12,6,0,12,0
5,0,3,0,0,0,71,76,57,0,0,0,14,0,17,4,10,0,0,11,70,0,28,4,19,0,3,17,0,14,1,12,0,0,3,10,0,33,0,5,0,42,0,0,0,1,0,2
3,0,30,0,2,0,116,16,70,76,0,0,14,1,147,3,216,0,0,115,66,5,9,16,8,0,36,253,0,73,130,147,0,6,50,26,0,51,0,111,3,346,0,1,0,283,0,24
0,2,0,209,227,4,1,3,1,0,23,3,4,179,0,0,2,109,26,14,4,11,3,0,1,5,109,2,0,2,0,0,0,12,9,1,10,3,6,61,432,3,356,52,5,1,9,39
2,0,5,1,5,0,13,137,34,3,0,0,1097,8,5,1,6,0,0,111,27,9,84,17,10,0,61,1,1,2,2,1,0,4,3,0,0,28,1,26,6,4,0,74,0,0,0,1134
0,1,30,0,1,0,21,0,0,93,0,11,0,3,4,0,192,0,0,2,1,3,1,3,0,0,7,10,0,0,325,62,0,0,9,1,0,0,0,4,188,175,0,6,0,463,0,0
0,139,0,0,1,916,0,0,0,0,1,20,0,45,0,0,0,1,7,0,4,0,0,0,0,1351,0,0,0,0,0,0,0,0,0,0,0,0,6,2,94,0,69,13,1092,0,6,0
0,86,0,0,2,0,0,0,0,0,1,1,0,2,0,0,0,0,0,0,0,0,0,0,0,7,0,0,0,0,0,0,0,0,0,0,0,0,1,1,14,0,1,0,34,0,0,0
