0.25058,0.5264,0.33805,0.78197,0.36327,0.64215,0.3959,0.36816,0.18579,0.25009,0.76016,0.40034,0.43967,0.60468,0.24209,0.36317,0.52744,0.76444,0.43924,0.33311,0.32343,0.63575,0.42054,0.5371,0.16447,0.645,0.75883,0.22864,0.94864,0.27326,0.53884,0.19847,0.98317,0.60841,0.48797,0.47748,0.74002,0.28178,0.34195,0.20107,0.33164,0.22824,0.5347,0.3047,0.53577,0.55931,0.8524,0.49879
0.49556
542,0,0,0,0,0,1,282,476,38,0,0,0,0,449,135,0,0,0,1,7,0,275,67,458,0,5,2,0,6,0,156,0,0,33,52,0,75,0,3,0,0,0,0,0,0,0,1
127,0,17,0,0,0,20,59,15,11,0,0,0,0,64,856,0,0,0,1,3,0,1,3,143,0,0,401,0,702,38,299,0,1,7,1177,0,1,0,4,0,43,0,0,0,4,0,0
187,1,17,20,0,5,53,99,357,52,1,5,2,1,213,182,4,2,4,31,214,2,76,15,462,1,2,29,6,77,0,81,3,5,9,129,30,73,3,38,3,8,8,25,1,6,5,8
218,0,2,0,0,0,0,224,364,30,0,0,25,0,125,18,0,0,0,13,0,0,1040,31,223,0,19,2,0,0,0,14,0,0,4,2,0,568,1,3,0,0,0,0,0,0,0,12
165,0,0,0,0,0,0,5,52,1,0,0,0,0,84,44,0,0,0,1,0,0,1,2,197,0,0,3,0,34,0,99,0,0,1,27,0,9,0,0,0,1,0,0,0,0,0,3
99,0,21,4,20,1,152,35,268,58,0,0,23,3,258,33,8,11,0,44,951,12,71,37,319,0,24,48,4,78,5,54,0,13,23,51,3,300,1,221,5,23,4,1,1,1,2,96
420,0,62,0,0,0,3,807,217,149,0,0,0,0,5,409,0,0,0,0,5,0,21,9,91,0,1,6,0,52,2,3,0,0,4,118,0,1,0,3,0,1,0,0,0,0,0,1
1,0,0,1,0,0,1,3,2,3,0,10,12,0,0,0,8,0,61,2,22,0,1,1,0,1,10,4,2,1,4,2,0,0,0,1,0,17,104,0,0,0,2,14,1,1,1,2
0,21,1,3626,199,8,0,0,0,0,1089,26,89,1338,0,0,0,544,14,12,2,54,1,7,0,6,27,0,23,0,0,0,13,51,1,0,596,0,15,28,261,0,50,52,13,7,19,31
0,605,0,0,0,2,0,0,0,0,0,65,0,0,0,0,0,0,37,0,0,0,0,0,0,19,0,0,0,0,0,0,0,0,0,0,0,0,0,0,0,0,1,1,92,0,0,0
0,30,0,0,0,10,8,0,0,0,0,130,7,1,12,1,0,0,601,73,64,1,0,2,0,10,0,3,28,2,2,6,2,0,3,2,8,0,55,4,15,6,24,15,8,5,6,2
1,2,4,126,284,18,15,0,0,0,7,17,10,23,2,5,5,52,346,23,339,19,1,1,2,11,1,2,3,27,10,1,5,5,0,9,77,0,36,32,69,10,217,104,2,15,18,3
0,0,4,50,382,0,11,0,4,1,8,2,14,38,6,1,3,5,5,9,4,37,0,181,0,1,6,10,0,3,7,1,0,28,6,4,2,1,0,17,892,16,5,3,2,13,0,6
55,0,63,0,0,0,144,58,44,66,0,0,0,0,244,351,9,0,0,7,75,1,18,84,198,0,2,475,0,459,21,441,0,2,296,522,0,9,0,22,0,175,0,0,0,9,0,0
12,0,1,0,0,0,0,7,32,4,0,0,42,0,17,0,0,0,0,19,4,2,53,0,46,0,1,0,1,0,1,2,0,0,0,0,0,633,0,7,0,0,0,0,0,0,0,65
0,0,1,4,7,0,17,1,1,1,0,0,6,0,1,0,3,2,0,2,14,165,2,1,4,0,0,2,0,4,0,2,0,123,1,1,1,1,0,288,3,1,2,50,0,4,0,2
0,1,0,7,5,8,3,0,0,0,4,4,43,45,0,0,1,19,6,1,0,4,0,0,0,2,6,0,7,0,0,0,8,2,1,0,83,1,9,34,3,0,35,894,3,2,16,6
10,0,22,1,2,0,161,19,31,186,0,0,1,0,26,15,50,1,0,33,74,1,20,2526,23,0,304,55,3,64,1,19,0,1,1542,30,0,5,0,77,0,102,1,0,2,4,0,16
14,0,380,0,0,0,94,38,4,142,0,0,0,0,7,71,39,0,0,2,1,0,0,1,3,0,0,483,0,193,333,39,0,0,2,33,0,0,0,8,2,288,0,0,0,105,0,0
0,5,0,1,2,5,0,0,0,0,6,7,0,3,0,0,0,25,19,0,5,0,0,0,0,7,0,0,5,0,0,0,1,0,0,0,16,0,17,1,0,0,2057,9,5,0,5,0
0,3,0,1,2,2,2,0,0,0,1,134,57,3,5,0,8,0,134,16,4,0,1,1,0,8,4,1,0,0,0,0,0,1,0,0,0,0,783,1,3,2,5,3,2,2,1,2
0,0,0,38,5,0,0,0,0,0,24,1,6,38,0,0,0,87,1,0,2,2,0,0,0,0,1,0,3528,0,0,0,4732,0,0,0,44,1,3,21,12,0,15,45,0,2,1565,7
3,5,4,0,19,3,17,3,4,5,0,283,9,4,9,15,8,0,49,14,6,4,5,6,9,0,4,23,27,28,13,15,2,2,3,12,0,7,273,25,1042,5,19,25,2,30,15,4
6,0,244,0,0,0,647,27,17,140,0,0,1,0,136,54,144,0,0,101,344,4,7,32,45,0,2,690,0,306,268,402,0,0,389,90,0,7,0,60,3,712,1,0,0,162,0,1
13,1,352,4,6,0,1276,40,43,297,3,2,9,7,117,83,534,6,2,378,1252,62,7,79,64,0,15,776,1,367,350,268,0,81,76,125,4,15,0,502,20,729,3,8,11,248,0,9
0,0,956,0,0,0,81,2,0,505,1,0,0,0,6,1,1624,0,0,87,7,4,0,4,0,0,1,127,1,39,1526,33,0,5,9,0,0,0,0,7,7,209,0,1,0,1707,0,0
0,545,0,0,0,3,0,0,0,0,0,300,0,0,0,0,1,0,80,150,2,0,0,1,0,11,0,1,0,0,0,1,0,0,6,0,0,0,1,0,5,2,1,1,70,0,0,0
0,15,0,0,0,18,1,0,0,1,5,1432,11,2,1,0,5,0,791,2,6,0,0,0,0,58,0,1,6,1,0,1,0,0,1,0,5,0,1442,2,0,0,52,41,99,0,18,1
0,32,0,483,47,26,2,0,0,0,3911,36,17,2715,0,0,0,3427,34,1,3,19,0,0,0,22,7,1,32,0,1,0,45,26,0,0,2596,0,19,32,107,0,120,225,16,1,115,12
116,0,450,2,78,0,13,162,114,256,0,0,1155,9,79,23,7,10,0,992,39,35,139,12,116,0,15,4,1,9,9,6,0,8,4,4,0,911,0,41,42,10,7,16,0,15,0,757
2,0,1,28,1444,0,2,2,4,5,0,0,6,56,5,0,5,19,1,21,5,443,8,2,2,0,22,4,12,6,9,3,0,536,0,0,0,4,0,284,8,3,4,833,1,8,0,13
5,3,13,91,738,0,10,8,7,6,13,0,12,128,16,1,1,72,0,61,11,2255,6,15,8,6,9,18,5,7,16,5,0,2461,6,6,1,12,1,526,231,7,35,441,5,17,1,41
0,0,1,11,32,0,2,0,0,2,37,0,4,36,0,0,3,0,0,18,0,385,0,2,1,0,2,2,10,0,6,2,0,674,0,0,0,1,0,68,10,2,4,0,0,11,0,8
74,0,1,0,0,0,10,14,252,7,0,0,2,1,650,17,0,0,0,16,39,0,107,5,265,0,2,6,0,10,0,150,0,0,4,11,0,439,0,23,0,3,0,0,0,0,0,28
10,0,76,0,0,0,1,178,9,30,0,0,0,0,15,3,0,0,0,3,2,0,339,2,2,0,0,0,0,1,0,1,0,0,2,2,0,6,0,1,0,0,0,0,0,0,0,1
3,7,0,0,0,2,3,0,4,5,0,158,17,0,0,4,6,2,294,1,56,0,0,0,2,2,2,2,1,4,5,0,0,0,0,1,1,13,1363,0,0,4,20,2,6,2,18,2
62,0,44,2,38,0,23,30,114,708,3,0,8,9,29,27,442,5,0,25,34,10,42,1522,67,0,2171,33,0,29,11,10,0,4,555,41,0,15,1,36,16,47,2,7,0,7,0,21
0,154,0,0,0,2200,0,0,0,0,0,19,0,0,0,0,0,1,12,0,0,0,0,0,0,2789,0,0,0,0,0,0,0,0,0,0,1,0,0,1,0,0,58,3,2232,0,0,0
0,1964,0,0,0,4,0,0,0,0,0,5,0,0,0,0,0,0,5,0,0,0,0,0,0,32,0,0,0,0,0,0,0,0,0,0,0,0,0,0,0,0,5,1,221,0,0,0
2,135,0,0,0,42,1,0,2,0,0,900,3,3,0,1,2,0,2006,11,58,0,0,0,2,66,0,2,13,1,4,2,1,0,2,2,3,0,69,2,6,1,43,81,51,0,21,1
0,2,0,2,0,48,1,0,0,0,21,20,0,9,0,0,0,99,44,0,23,0,0,0,0,36,0,0,0,0,0,0,1,0,0,0,23,0,9,1,2,0,389,1,3,0,7,0
5,0,17,0,0,0,68,9,40,20,0,0,4,1,22,3,1,0,0,10,99,0,29,3,32,0,4,23,0,17,0,1,0,0,5,5,0,47,0,12,0,51,0,0,0,0,0,4
3,0,19,0,3,0,348,1,64,9,0,0,21,3,62,2,80,0,0,420,50,10,19,22,23,0,13,129,0,30,81,11,0,5,25,5,0,36,0,121,3,686,0,0,0,98,0,51
0,1,0,130,635,2,0,0,1,0,9,1,13,12,1,1,1,93,12,25,16,7,2,1,0,3,123,2,0,2,0,1,0,6,1,1,7,3,12,25,137,5,602,16,8,3,1,22
7,0,28,4,13,0,11,79,20,87,0,0,998,0,0,1,13,0,0,75,24,5,181,7,1,0,56,2,0,3,1,1,0,3,3,0,0,22,0,29,1,0,0,13,0,1,0,1234
1,0,27,0,0,0,21,0,0,6,0,2,0,1,19,0,64,0,0,276,0,3,0,19,1,0,0,22,0,7,108,90,0,1,136,2,0,0,0,6,199,42,0,0,0,562,0,1
0,101,0,0,14,1018,0,0,0,0,1,17,0,1,0,0,0,1,8,0,5,0,0,0,0,1229,0,0,0,0,0,0,0,0,0,0,7,0,0,0,25,0,55,3,1280,0,2,0
0,98,0,1,0,1,0,0,0,0,1,1,0,0,0,0,0,0,1,1,0,1,0,0,0,4,0,0,0,0,0,0,0,1,0,0,0,0,0,0,10,0,1,0,29,0,0,0
