0.26255,0.50251,0.30846,0.76904,0.323,0.64722,0.38958,0.34757,0.17022,0.23916,0.73512,0.36713,0.40755,0.59368,0.24567,0.43005,0.5178,0.77553,0.36446,0.36214,0.34334,0.62441,0.4149,0.51568,0.16478,0.65198,0.74366,0.2375,0.94406,0.26485,0.52539,0.1892,0.97936,0.59783,0.4921,0.44756,0.75063,0.28331,0.34794,0.22516,0.36386,0.24198,0.50172,0.31259,0.52659,0.52708,0.86636,0.49623
0.48784
617,0,3,0,0,0,0,262,423,52,0,0,0,0,455,73,0,0,0,0,4,0,238,121,451,0,0,1,0,12,0,200,0,0,15,58,0,79,0,0,0,0,0,0,0,0,0,0
114,0,24,0,0,0,25,73,13,17,0,0,0,0,54,956,1,0,0,3,3,0,1,5,146,0,0,411,0,691,34,224,0,1,6,1148,0,1,0,6,0,35,0,0,0,5,0,0
193,0,40,27,0,3,54,117,321,44,1,1,8,3,167,154,4,3,6,18,180,2,76,31,466,3,4,30,6,90,2,109,5,6,7,155,21,84,4,37,4,13,6,36,3,3,7,1
243,0,9,0,1,0,0,232,342,20,0,0,28,0,133,11,0,0,0,14,0,0,980,70,208,0,16,1,0,0,0,24,0,0,3,2,0,591,0,1,0,0,0,0,0,0,0,9
172,0,0,0,0,0,0,3,52,1,0,0,0,0,80,36,0,0,0,2,0,0,3,5,148,0,0,4,0,34,1,123,0,0,0,48,0,14,0,1,0,1,0,0,0,0,0,1
112,0,76,7,17,0,147,41,243,43,0,0,50,4,222,37,5,4,0,53,936,15,66,46,361,0,29,60,3,92,6,59,0,14,14,57,0,334,2,138,4,21,5,2,0,3,0,58
446,0,65,0,0,0,6,822,209,266,0,0,0,0,5,224,0,0,0,1,3,0,19,19,111,0,0,5,0,46,2,4,0,0,1,133,0,0,0,1,0,1,0,0,0,1,0,0
1,1,0,1,0,0,2,5,8,2,0,4,8,0,1,0,2,0,91,0,21,0,0,0,0,2,8,4,3,0,3,0,0,0,0,0,0,7,100,0,0,2,0,14,0,4,1,0
0,16,1,3646,146,8,0,0,0,0,1250,6,27,1275,2,0,1,524,14,10,1,49,1,3,0,4,26,0,25,0,1,0,14,59,2,1,567,0,12,38,272,0,76,68,11,7,31,30
0,551,0,0,0,1,0,0,0,0,0,124,0,0,0,0,0,0,30,0,0,0,0,0,0,22,0,0,0,0,0,0,0,0,0,0,0,0,0,0,0,0,1,0,93,0,0,0
0,42,0,1,2,4,7,0,2,0,0,149,8,3,11,1,0,0,631,42,44,0,0,1,0,12,1,2,28,3,1,3,3,0,0,1,2,0,66,1,13,5,20,10,13,6,7,1
2,2,3,135,262,15,8,0,3,2,10,14,10,33,2,2,2,44,516,22,229,23,1,0,4,9,1,1,3,21,4,0,3,4,1,5,87,0,28,18,59,6,225,94,2,14,27,3
0,4,6,66,595,0,14,0,1,1,9,5,10,65,3,0,5,1,5,18,3,51,1,75,1,0,12,7,0,2,2,1,0,19,13,3,1,0,1,14,707,31,10,2,2,13,0,9
46,0,66,0,0,0,171,80,51,75,0,0,0,0,230,382,9,0,0,16,58,1,17,58,173,0,3,523,0,458,23,417,0,2,312,488,0,9,0,17,0,152,0,0,0,13,0,0
12,0,6,0,0,0,1,13,35,2,0,0,59,0,18,0,0,0,0,22,4,5,53,1,36,0,1,0,2,0,1,1,0,0,0,0,0,632,0,1,0,0,0,0,0,0,0,44
0,0,3,7,4,0,17,0,2,1,0,0,11,3,0,0,3,2,0,5,9,154,1,1,2,0,2,5,0,6,5,1,0,92,0,1,2,0,1,311,1,5,2,51,0,7,0,0
0,0,0,8,1,3,2,0,0,0,6,4,35,49,0,0,1,19,8,0,3,7,0,0,0,0,6,0,11,0,0,0,6,2,1,0,83,1,4,26,5,0,40,914,1,1,13,3
15,0,23,2,3,0,161,20,28,282,0,0,5,2,26,18,45,1,1,37,89,2,12,2335,47,0,267,65,2,58,0,39,0,0,1558,39,0,4,0,85,2,137,1,0,0,6,0,11
13,0,334,0,0,0,136,37,3,170,0,0,0,0,7,55,55,0,0,4,1,0,0,1,8,0,0,416,0,178,342,23,0,0,2,56,0,0,0,7,1,272,0,0,0,161,0,0
0,8,0,0,0,8,0,0,0,0,4,10,0,5,0,0,0,27,17,0,5,0,0,0,0,4,0,0,3,0,0,0,0,0,0,0,21,0,24,1,0,0,2041,12,2,0,9,0
1,2,0,0,3,2,2,0,1,1,3,117,49,4,5,0,6,0,155,9,6,0,1,0,1,4,4,1,0,0,1,0,0,0,1,0,3,0,792,1,3,2,2,5,2,2,1,0
0,1,0,29,1,0,1,0,0,1,19,0,15,53,0,0,0,78,2,1,2,2,0,0,0,0,1,0,3510,0,0,0,4223,0,0,0,43,0,5,25,12,0,15,41,0,2,2094,4
12,6,9,0,27,6,12,2,4,8,0,167,15,6,13,16,7,0,128,26,7,7,4,6,7,1,4,23,24,26,22,16,2,2,7,6,0,4,204,18,1053,8,17,37,8,56,24,3
5,0,230,0,1,1,659,33,14,130,0,0,1,0,122,84,148,0,0,94,329,4,10,26,52,0,2,685,0,304,281,365,0,5,412,108,0,9,0,51,2,689,0,1,0,184,0,1
17,2,367,5,5,0,1293,50,26,231,8,1,13,12,87,95,485,7,4,201,1258,69,4,90,95,1,11,793,3,428,372,255,1,83,80,161,0,16,0,469,22,792,4,5,7,314,0,3
0,0,901,0,0,0,98,2,0,570,0,0,0,0,6,1,1600,0,0,101,8,7,0,4,0,0,1,102,2,42,1500,27,0,4,16,1,0,1,0,17,8,227,0,1,0,1703,0,0
0,594,0,0,0,3,0,0,0,0,0,386,0,0,0,0,0,0,64,33,1,0,0,0,0,12,0,0,0,0,0,0,0,0,3,0,0,0,0,0,6,1,1,1,76,0,0,0
0,19,0,0,0,16,1,0,0,2,1,1329,15,6,0,0,0,1,903,4,2,0,0,0,0,33,1,0,10,1,0,1,0,1,1,0,14,3,1461,4,4,0,39,27,89,2,28,0
0,52,1,438,40,23,0,0,0,0,3927,39,14,2611,0,0,0,3455,14,0,1,22,0,0,0,15,8,0,33,0,1,0,52,34,0,0,2682,0,13,33,111,0,132,227,16,1,124,11
134,0,456,3,113,0,12,238,148,243,0,0,1047,18,88,11,8,5,0,922,62,43,156,10,109,0,12,4,1,19,11,9,0,10,2,6,0,944,0,23,22,11,5,22,0,14,0,725
0,0,1,65,1302,0,6,2,4,10,1,0,15,27,2,2,6,31,2,22,11,375,7,4,4,0,25,4,9,4,7,0,1,566,0,0,0,5,0,395,9,3,10,845,0,11,0,18
4,3,16,153,991,1,14,2,9,7,19,0,12,113,18,1,1,56,4,66,9,2133,8,5,8,0,11,11,9,8,13,4,0,2310,5,4,0,8,0,596,148,16,50,428,4,15,0,44
0,0,1,9,46,0,4,0,0,2,38,0,0,35,0,0,3,1,0,16,0,402,1,0,0,0,3,2,9,1,4,1,0,626,2,0,0,0,0,82,26,2,2,1,0,7,0,8
67,0,6,0,0,0,12,14,280,8,0,0,3,1,639,15,0,0,0,30,19,0,94,11,245,0,1,4,0,8,0,173,0,0,2,17,0,441,0,11,0,3,0,0,0,0,0,32
19,0,112,0,0,0,1,111,18,35,0,0,0,0,13,0,0,0,0,12,1,0,338,1,9,0,0,0,0,0,0,3,0,0,2,2,0,4,0,0,0,0,0,0,0,0,0,3
1,7,0,0,0,2,2,1,13,3,0,76,6,0,0,4,2,2,409,0,40,0,0,0,0,1,1,2,3,4,7,0,0,0,0,3,2,10,1356,0,3,3,23,3,8,2,13,0
75,0,54,1,51,0,39,45,102,728,4,0,11,15,37,37,461,8,0,30,40,7,27,1556,61,0,2054,30,2,27,16,17,0,4,505,51,0,11,1,22,6,61,3,12,0,8,0,31
0,151,0,0,0,2174,0,0,0,0,0,39,0,1,0,0,0,1,3,0,0,0,0,0,0,2855,0,0,0,0,0,0,0,0,0,0,3,0,0,1,0,0,81,2,2159,0,0,0
0,1899,0,0,0,5,0,0,0,0,0,10,0,1,0,0,0,0,2,0,0,0,0,0,0,51,0,0,0,0,0,0,0,0,0,0,1,0,0,0,0,0,10,0,258,0,0,0
0,185,0,0,0,29,4,0,1,0,0,1088,4,9,3,0,2,0,1772,1,63,0,0,0,0,80,2,4,15,1,1,1,1,0,0,2,3,0,106,2,2,3,42,20,67,1,25,0
0,9,0,2,0,49,1,0,0,0,23,19,0,16,0,0,0,87,50,0,12,0,0,0,0,30,0,0,1,0,0,0,1,0,0,0,28,0,11,0,2,0,384,4,2,0,10,0
12,0,27,0,0,0,63,11,36,12,0,0,4,2,16,4,1,0,0,8,89,3,25,6,40,0,6,21,0,15,0,2,0,0,11,6,0,52,0,9,0,45,0,0,0,2,0,4
4,0,21,0,0,0,317,2,71,9,0,0,40,2,118,3,140,0,0,299,49,9,22,21,29,0,17,99,0,24,86,26,0,8,44,3,0,37,0,124,8,681,0,1,0,93,0,46
1,1,0,129,403,6,1,0,1,0,15,1,12,19,0,1,0,98,24,24,14,7,4,4,2,3,165,1,0,1,0,0,0,7,0,0,9,3,7,32,141,3,742,16,9,4,1,32
12,0,34,5,6,0,9,147,21,59,0,0,1031,1,1,0,8,0,0,73,40,14,192,5,4,0,56,1,0,2,0,1,0,3,2,0,0,28,0,22,0,5,1,20,0,2,0,1118
0,1,25,0,1,0,17,0,0,7,1,3,1,1,17,0,79,0,0,307,0,3,0,7,0,0,1,17,0,3,106,75,0,1,136,0,0,0,0,6,201,37,0,0,0,563,0,0
0,123,0,2,9,999,0,0,0,0,2,28,1,3,0,0,0,0,5,0,8,0,0,0,0,1233,0,0,1,0,0,0,0,0,0,0,1,0,1,1,29,0,78,2,1238,1,2,0
0,100,1,0,1,1,0,0,0,0,1,0,1,0,0,0,0,0,2,0,0,0,0,0,0,4,0,0,0,0,0,0,0,1,0,0,0,0,0,0,8,0,0,0,30,0,0,0
