0.59273,0.6364,0.3301,0.53179,0.2817,0.43169,0.49558,0.23705,0.67242,0.4141,0.29295,0.39267,0.48917,0.40037,0.34571,0.23129,0.45409,0.57424,0.45235,0.75,0.496,0.95879,0.72382,0.38665,0.5281,0.70652,0.56855,0.82982,0.8601,0.71712,0.56182,0.74116,0.39551,0.39361,0.22325,0.68544,0.68316,0.8433,0.76845,0.65013,0.2643,0.15333,0.38655,0.48669,0.65332,0.49105,0.58751,0.27208
0.59525
1093,48,130,290,225,8,196,0,0,0,0,0,0,24,12,0,0,89,1,0,0,0,0,0,1,0,0,0,0,5,0,0,0,96,76,0,24,0,0,0,0,5,0,0,0,0,0,0
53,1836,68,5,160,4,219,0,0,0,0,0,0,402,0,4,0,12,121,0,0,2,4,48,6,17,0,1,0,1,0,0,1,11,2,0,1,0,0,0,0,0,10,0,0,0,0,0
75,67,579,41,97,226,97,0,6,0,2,5,0,145,29,36,31,28,7,2,0,7,4,7,59,4,1,8,16,9,1,1,0,114,89,0,14,6,2,17,0,79,10,2,2,2,0,0
311,2,22,1037,41,7,47,0,0,0,0,0,0,1,83,0,0,34,1,0,0,0,0,0,0,0,0,0,0,31,0,0,0,147,268,0,22,0,0,0,0,8,2,1,124,0,0,0
33,36,23,9,391,1,7,0,0,0,0,0,0,11,1,0,0,6,2,0,0,0,0,0,0,0,0,0,0,4,0,0,0,29,0,0,0,0,0,0,0,0,2,0,0,0,0,0
13,19,185,66,37,1068,29,1,3,0,2,2,1,64,187,75,3,39,4,1,4,4,8,16,221,1,0,3,1,62,7,5,6,125,54,0,26,0,0,0,0,144,24,21,32,0,1,0
95,114,57,5,46,1,1288,0,0,0,0,0,0,14,1,0,0,10,48,0,0,1,0,1,17,4,0,0,0,0,0,1,0,3,75,0,3,0,0,0,0,15,0,0,0,0,0,0
0,0,2,0,0,2,0,155,1,0,11,4,0,0,4,0,0,0,0,0,4,2,1,1,0,1,0,0,0,0,3,0,0,0,0,23,0,0,1,1,0,0,1,0,0,0,2,0
0,0,0,0,0,0,0,3,4167,7,6,67,170,0,0,28,98,5,0,15,23,30,23,0,2,0,5,1,861,12,127,94,64,0,0,0,11,0,4,0,82,0,0,169,34,25,9,27
0,0,0,0,0,0,0,0,0,417,2,0,0,0,0,0,0,0,0,0,0,0,0,0,0,0,80,2,0,0,0,0,0,0,0,0,0,26,37,30,1,0,0,0,0,0,6,4
0,1,3,0,0,0,0,75,1,15,353,21,2,0,0,1,3,2,0,5,31,6,15,1,11,0,58,15,2,0,0,0,0,0,0,28,0,6,2,181,5,0,0,1,1,7,3,0
0,1,1,0,0,4,1,151,103,0,71,450,100,0,0,11,10,3,0,17,5,8,6,8,4,0,2,8,18,16,51,16,6,1,0,107,2,3,0,76,97,3,4,109,1,5,7,0
0,1,0,0,1,0,3,0,78,0,4,18,971,0,0,2,2,19,8,0,2,0,27,2,5,8,0,0,4,13,14,40,14,3,2,0,18,0,0,0,0,2,34,32,0,22,2,7
6,344,199,6,112,51,103,0,0,0,2,0,0,1075,3,7,0,186,136,0,0,1,3,280,109,7,0,2,0,2,1,0,0,110,41,0,24,0,0,0,0,43,45,0,0,9,0,0
0,0,4,29,6,37,1,0,0,0,1,0,0,0,474,4,0,0,0,0,0,0,1,0,0,0,0,0,0,56,0,0,2,42,8,0,3,0,0,0,0,8,0,0,31,0,0,0
0,1,0,0,0,15,2,0,5,0,0,2,1,0,0,377,9,1,0,0,0,2,0,5,23,2,0,0,0,2,26,36,7,1,1,0,4,0,0,0,0,2,11,3,0,2,0,0
0,0,0,0,0,0,0,1,25,1,2,10,1,0,0,38,732,0,0,15,0,12,3,0,0,0,0,2,41,0,1,3,3,0,0,1,1,0,0,2,44,0,0,12,5,2,0,0
9,84,28,5,15,116,24,0,2,0,0,0,0,117,7,13,1,2479,16,0,0,5,5,85,269,8,0,0,1,7,1,2,3,13,21,0,661,0,0,0,0,48,67,7,5,2,0,0
0,44,5,0,1,0,75,0,0,0,0,0,0,42,3,7,0,6,1163,0,0,0,0,105,44,142,0,0,0,0,0,0,1,1,42,0,8,0,0,0,0,7,45,0,0,0,0,0
0,0,0,0,0,0,0,2,0,2,3,11,1,0,0,0,9,0,0,1338,0,8,2,0,0,0,0,1,6,0,0,0,0,0,0,20,0,2,4,9,185,0,0,32,0,0,4,3
0,0,2,1,0,0,0,25,1,1,84,10,1,0,3,4,3,3,0,1,620,1,1,2,1,0,11,87,2,4,0,0,0,0,0,2,4,2,0,10,2,0,0,0,3,4,1,0
0,0,0,0,0,1,0,0,38,0,1,35,1,0,0,20,92,0,0,3,2,7142,39,0,1,0,0,0,156,0,3,1,0,0,0,4,0,0,0,0,25,0,0,5,4,2,1,0
0,11,4,2,3,3,2,3,0,4,17,15,33,12,2,16,37,12,3,10,22,14,933,8,8,20,3,68,0,9,13,6,6,3,8,55,3,5,7,56,0,1,4,7,5,81,4,6
0,60,46,3,15,99,57,0,0,0,0,0,1,323,8,15,0,125,268,0,0,1,7,1025,784,270,0,1,0,7,0,1,9,69,50,0,23,0,0,0,0,116,260,0,1,190,0,0
1,65,91,3,10,518,85,1,7,0,7,2,6,296,9,262,2,110,195,1,1,6,25,552,2650,407,0,11,7,5,4,28,61,43,59,0,71,2,1,1,0,182,310,23,3,74,1,3
0,3,0,0,0,1,23,0,0,0,1,0,2,4,10,30,0,16,442,0,0,0,5,206,428,3209,0,0,0,4,0,4,8,2,47,0,12,0,0,0,0,22,286,0,0,351,0,0
0,0,0,0,0,0,0,0,0,127,52,2,2,0,0,0,1,0,0,0,3,0,0,0,1,0,564,1,0,0,0,0,0,0,0,0,0,8,39,23,0,0,0,0,0,2,22,33
0,0,3,0,0,2,0,20,0,47,138,21,0,0,8,5,18,1,0,9,428,14,21,4,4,1,40,1770,6,1,1,0,0,2,0,100,0,11,10,319,4,1,0,1,3,2,1,0
0,0,0,0,0,0,0,5,1357,47,33,203,57,0,0,23,510,0,0,25,31,123,33,1,0,0,17,9,7310,2,37,49,16,0,0,1,4,23,17,7,402,0,0,117,8,7,23,15
29,3,71,177,67,92,165,6,3,0,0,18,58,5,605,19,1,14,33,0,5,2,10,11,8,37,0,0,0,1516,73,30,21,225,334,0,89,0,0,0,1,158,12,20,362,2,0,0
1,0,2,0,0,9,1,46,50,0,0,60,50,0,6,162,2,4,2,0,1,17,13,16,14,4,0,0,4,26,1554,422,135,8,5,0,28,0,0,0,0,25,15,89,47,12,0,0
1,6,7,3,4,23,13,21,211,0,3,42,395,4,9,339,5,7,7,0,2,14,26,16,20,14,0,0,9,48,733,2514,687,12,14,0,12,0,0,0,3,11,51,140,34,17,4,2
0,0,0,0,0,0,0,0,43,0,0,0,7,0,3,39,0,0,1,0,0,1,2,2,7,6,0,0,1,15,43,106,662,0,0,0,0,0,0,0,0,0,15,7,4,6,0,0
31,27,104,116,120,47,11,0,0,0,0,0,0,38,182,1,0,8,4,0,0,0,0,2,1,0,0,0,0,22,0,0,0,801,33,0,4,0,0,0,0,30,13,0,8,0,0,0
5,1,1,23,2,0,30,0,0,0,0,0,0,0,0,0,0,6,3,0,0,0,0,0,2,0,0,0,0,4,0,0,0,11,411,0,1,0,0,0,0,6,1,0,4,0,0,0
0,0,1,1,0,0,0,183,0,11,41,8,0,1,5,0,4,0,0,10,33,3,14,2,1,3,5,59,1,1,0,0,0,0,0,1059,0,1,0,68,1,0,0,0,1,0,0,0
82,87,80,55,29,39,90,2,3,0,0,8,16,63,5,13,0,962,32,0,5,4,0,16,71,141,0,0,3,40,17,11,2,45,66,0,2540,0,0,0,0,38,59,35,52,2,0,0
0,0,0,0,0,0,0,0,0,58,10,1,0,0,0,0,1,0,0,96,1,0,1,0,0,0,57,4,1,0,0,0,0,0,0,0,0,3638,182,77,193,0,0,0,0,0,1167,79
0,0,0,0,0,0,0,0,0,130,3,0,0,0,0,0,3,0,0,13,0,0,2,0,0,0,21,0,0,0,0,0,0,0,0,0,0,94,1218,2,1,0,0,0,0,0,26,154
0,0,2,0,0,0,0,42,1,123,317,41,1,0,0,1,9,0,0,11,21,7,9,0,6,0,82,76,2,0,0,0,0,0,0,130,0,26,5,1704,20,0,0,0,0,1,10,6
0,0,0,0,0,0,0,6,2,5,7,18,0,0,0,0,2,0,0,96,0,5,2,0,0,0,0,2,23,0,0,0,0,0,0,12,0,6,0,20,311,0,0,13,0,0,18,0
2,5,12,18,1,54,11,0,0,0,0,0,0,17,32,3,0,15,5,0,0,0,0,26,61,1,0,0,0,5,0,0,0,12,22,0,4,0,0,0,0,90,14,0,4,0,0,0
1,18,4,5,4,25,3,0,0,0,0,0,1,17,26,42,0,58,58,0,0,0,0,138,161,144,0,0,0,30,10,0,6,100,8,0,21,0,0,0,0,55,891,3,40,19,0,0
0,1,0,1,0,1,0,17,74,0,6,38,91,0,3,6,13,6,0,86,0,3,24,0,1,0,1,1,20,19,34,16,9,2,4,3,39,4,2,1,62,0,7,841,21,4,12,4
3,0,17,49,0,18,16,7,5,0,0,6,4,1,30,23,8,5,3,0,2,3,2,7,4,7,0,0,0,131,10,3,6,4,101,0,39,0,0,0,0,85,7,13,1583,0,0,0
0,0,1,0,1,0,0,0,7,0,21,0,3,9,0,3,0,46,8,0,0,0,7,58,12,84,7,0,0,5,2,2,2,0,0,0,2,0,0,0,0,3,105,0,1,823,1,1
0,0,0,0,0,2,0,0,4,12,4,28,7,0,0,1,3,0,0,29,4,1,11,0,1,0,37,1,4,0,0,0,0,0,0,0,0,445,48,17,82,0,0,25,0,1,1900,137
0,0,0,0,0,0,0,0,0,0,1,0,2,0,0,0,0,0,0,1,0,0,0,0,0,0,1,0,0,0,0,1,0,0,0,0,0,6,6,0,0,0,0,0,0,0,9,85
