0.65764,0.73541,0.42478,0.66367,0.4056,0.49022,0.63282,0.46216,0.76018,0.54455,0.51571,0.61302,0.63199,0.50188,0.3869,0.39546,0.57739,0.71471,0.55699,0.78438,0.61264,0.96215,0.85724,0.50064,0.62324,0.75187,0.71458,0.90768,0.86993,0.85781,0.70857,0.83578,0.52568,0.53486,0.45572,0.86481,0.82745,0.87556,0.84148,0.82497,0.37327,0.20437,0.56318,0.63135,0.77641,0.69923,0.73173,0.42291
0.71214
1433,37,133,291,136,8,121,0,0,0,0,0,0,9,6,0,0,60,0,0,0,0,0,1,0,0,0,0,0,0,0,0,0,49,13,0,21,0,0,0,0,5,0,0,0,0,0,0
36,2079,76,0,137,3,123,0,0,0,0,0,0,319,1,2,0,3,76,0,0,0,4,70,23,16,0,0,0,0,0,1,0,13,1,0,1,0,0,0,0,2,2,0,0,0,0,0
79,73,881,58,65,187,86,0,11,1,0,5,1,102,25,18,18,17,2,4,0,10,5,15,53,3,1,5,3,8,2,1,1,99,10,0,7,1,0,5,1,50,7,2,3,0,1,1
352,0,40,1330,25,10,42,0,0,0,0,0,0,0,56,0,0,20,0,0,0,0,0,1,0,0,0,0,0,16,0,0,0,106,112,0,20,0,0,0,0,10,1,0,48,0,0,0
30,22,19,6,449,1,2,0,0,0,0,0,0,5,0,0,0,1,1,0,0,0,0,0,0,0,0,0,0,1,0,0,0,17,0,0,0,0,0,0,0,0,1,0,0,0,0,0
22,21,239,42,21,1228,25,0,1,0,0,1,0,47,187,47,1,44,7,0,1,2,2,26,220,3,0,0,2,43,12,4,2,112,25,0,20,0,0,0,0,106,18,9,22,1,1,0
80,49,75,7,24,2,1446,0,0,0,0,0,0,13,0,0,0,1,37,0,0,0,0,1,10,3,0,0,0,1,0,0,0,3,28,0,9,0,0,0,0,10,0,0,0,0,0,0
0,0,0,1,0,1,0,171,0,0,6,8,1,0,3,0,0,0,0,0,3,0,1,0,0,0,2,0,0,0,1,0,0,0,0,17,0,0,0,2,0,0,0,0,0,1,1,0
0,0,0,0,0,0,0,6,4292,20,15,111,191,0,2,12,63,5,0,18,22,37,11,1,3,0,7,2,943,7,34,64,35,0,0,0,7,3,3,2,34,0,2,140,25,19,9,24
0,0,0,0,0,0,0,0,0,495,2,0,0,0,0,0,0,0,0,0,0,0,0,0,0,0,51,0,0,0,0,0,0,0,0,0,0,10,21,22,1,0,0,0,0,0,3,0
1,0,0,0,0,3,0,10,0,11,558,20,5,1,0,0,2,1,0,8,26,4,9,2,5,0,44,7,2,1,0,2,0,5,0,9,0,5,0,97,3,0,0,2,1,6,4,1
0,1,1,0,0,12,0,35,47,0,46,1017,38,2,1,6,3,0,2,6,7,4,4,2,6,1,3,3,8,17,18,8,3,0,1,22,1,2,0,15,59,2,2,73,0,2,6,0
0,0,2,0,0,3,0,0,35,0,5,31,1142,1,0,2,1,9,2,0,2,0,12,2,15,5,0,0,2,11,8,22,5,0,1,0,2,0,0,1,0,1,13,10,0,10,1,2
9,321,174,5,90,59,78,0,0,0,1,0,0,1333,4,2,0,123,116,0,0,0,0,238,140,3,0,0,0,1,0,1,1,117,26,0,13,0,0,0,0,31,11,0,0,10,0,0
3,0,6,12,2,19,0,0,0,0,0,0,0,0,561,0,0,0,0,0,0,1,0,0,1,0,0,0,0,53,0,0,1,22,4,0,0,0,0,0,0,9,1,1,11,0,0,0
0,0,3,0,0,10,0,0,1,0,0,2,0,1,2,418,0,0,0,0,0,0,0,2,13,2,0,0,0,0,18,35,19,0,1,0,3,0,0,0,0,1,5,2,2,0,0,0
0,0,0,0,0,1,0,0,11,1,1,4,0,0,0,13,802,1,0,12,2,16,4,0,0,2,0,2,34,0,5,4,2,0,0,0,1,0,0,3,18,0,1,7,9,1,0,0
12,24,21,10,5,83,17,0,2,0,1,0,1,82,11,13,1,3094,9,0,0,1,1,71,103,8,0,0,0,6,3,2,0,13,10,0,406,0,1,0,0,41,63,4,6,1,0,0
0,28,3,0,0,0,56,0,0,0,0,0,0,38,1,1,0,2,1334,0,0,0,0,71,25,125,0,0,0,0,0,0,1,1,16,0,0,0,0,0,0,3,34,0,0,2,0,0
0,0,0,0,0,0,0,1,0,1,0,14,1,0,0,0,11,0,0,1466,0,6,0,0,0,0,0,2,4,0,0,0,0,0,0,13,0,4,2,7,89,0,0,20,0,0,0,1
0,0,0,0,1,1,0,6,1,0,32,2,0,1,0,1,2,1,0,1,737,0,3,0,2,0,4,73,0,5,0,0,0,2,0,3,5,0,0,0,2,0,0,0,2,5,4,0
0,0,0,0,0,2,0,0,43,0,1,9,0,0,1,9,60,0,0,7,1,7271,24,0,0,0,0,3,115,0,9,3,0,0,0,1,0,0,0,0,4,0,0,4,7,2,0,0
1,5,4,2,7,3,4,1,1,0,1,11,11,13,3,6,24,7,3,9,10,7,1213,8,19,16,0,29,0,7,8,2,2,2,4,24,1,1,2,13,3,2,6,6,3,35,3,2
0,50,39,1,9,101,25,0,0,0,0,0,1,366,7,12,0,93,237,0,0,0,2,1574,583,309,0,0,0,2,0,2,3,64,21,0,9,0,0,0,0,101,159,0,3,61,0,0
0,55,112,1,7,523,60,0,2,0,0,5,6,214,13,181,2,120,180,1,0,3,16,694,2794,542,0,1,8,14,7,24,43,47,18,0,33,0,1,2,0,145,264,13,3,37,6,4
0,4,0,0,0,1,6,0,0,0,0,0,1,6,1,17,0,9,288,0,0,1,4,156,217,4027,0,0,0,3,2,0,12,1,12,0,2,0,0,0,0,4,178,0,0,164,0,0
0,0,0,0,0,0,0,0,0,79,29,0,2,0,0,0,0,0,0,0,1,0,0,0,0,0,696,2,0,0,0,0,0,0,0,0,0,8,18,16,1,0,0,0,0,4,11,13
0,0,2,0,0,0,0,5,0,18,36,19,0,0,1,2,11,1,0,11,332,9,25,1,0,0,10,2340,6,1,3,0,0,2,0,44,0,40,4,79,5,0,0,0,4,4,1,0
0,0,0,0,0,0,0,4,1011,50,27,69,67,0,0,8,354,0,0,61,22,145,14,0,0,0,10,30,8166,1,23,40,10,0,0,5,6,14,8,35,211,0,0,74,9,6,19,13
27,4,63,75,43,48,97,2,5,0,1,34,26,7,307,9,1,7,19,1,0,2,3,10,20,25,0,0,3,2769,42,35,7,98,108,0,35,0,0,0,0,63,22,27,212,25,0,0
0,1,3,1,1,10,0,14,32,0,0,15,12,1,2,64,0,2,3,1,1,11,4,1,10,3,0,0,14,16,2091,329,63,6,2,0,21,0,0,0,1,4,6,64,18,3,0,0
1,5,13,3,2,23,5,6,87,0,1,51,238,6,6,155,9,10,6,4,2,10,14,12,26,8,0,0,29,55,573,3466,484,5,8,0,7,1,2,0,5,1,18,82,22,14,5,3
0,0,0,0,0,0,0,0,20,0,0,0,4,0,0,17,0,0,0,0,0,1,0,1,6,6,0,0,8,7,20,84,778,0,0,0,0,0,0,0,2,0,7,3,1,5,0,0
25,13,82,65,61,45,8,0,0,0,0,0,0,19,154,1,0,9,4,0,0,0,0,4,2,1,0,0,0,14,0,0,0,1028,31,0,3,0,0,0,0,17,12,0,5,0,0,0
0,0,3,12,1,0,22,0,0,0,0,0,0,0,0,0,0,1,2,0,0,0,0,0,3,0,0,0,0,2,0,0,0,4,458,0,1,0,0,0,0,0,0,0,2,0,0,0
0,1,0,0,0,2,1,83,0,2,15,32,0,0,0,0,0,0,1,9,13,4,13,0,1,0,3,19,0,3,0,0,0,1,0,1273,0,4,3,27,4,0,0,1,1,0,1,0
61,23,35,21,19,26,52,0,0,0,0,5,11,32,7,7,0,599,20,0,1,0,1,23,40,46,0,0,7,27,21,5,3,32,18,1,3424,0,0,0,1,27,46,29,43,0,0,0
0,0,0,0,0,0,0,0,0,52,1,1,0,0,0,0,2,0,0,57,0,1,1,0,0,0,33,2,1,0,0,0,0,0,0,0,0,4468,156,41,79,0,0,0,0,0,658,13
0,0,0,0,0,0,0,0,0,71,0,0,0,0,0,0,0,0,0,5,0,0,0,0,0,0,10,0,0,0,0,0,0,0,0,0,0,61,1497,6,0,0,0,0,0,0,8,9
0,0,3,0,0,4,0,10,1,96,283,74,1,0,0,0,10,0,0,18,16,8,10,1,4,0,59,58,3,0,0,0,0,2,0,51,0,29,8,1857,22,0,0,2,0,1,19,3
0,0,1,0,0,0,0,1,2,1,3,40,0,0,0,0,2,0,0,63,1,1,1,0,0,0,1,0,15,0,0,0,0,0,0,4,0,10,0,11,377,0,0,2,0,0,12,0
2,2,24,12,1,37,0,0,0,0,0,0,0,13,22,3,0,15,4,0,0,0,0,31,24,2,0,0,1,0,0,0,0,6,6,0,0,0,0,0,0,187,15,0,6,1,0,0
0,8,8,5,1,35,1,0,0,0,0,0,0,9,29,18,1,46,30,0,0,0,1,92,97,119,0,0,0,11,9,1,1,55,14,0,10,0,0,0,0,49,1199,2,30,7,0,0
0,0,0,0,0,3,0,15,38,0,2,60,40,1,3,2,7,2,0,90,1,0,6,0,1,0,1,0,13,16,34,8,2,0,0,3,31,3,0,0,52,0,3,1019,12,1,6,2
5,0,8,44,0,9,8,0,3,0,0,2,0,1,34,10,1,8,4,0,0,1,0,6,5,4,0,0,0,108,7,3,1,6,57,0,39,0,0,0,0,39,9,9,1771,0,0,0
0,1,1,0,0,1,0,0,0,0,6,0,5,14,0,1,0,18,8,0,0,0,4,27,11,77,7,0,0,2,1,1,1,4,0,0,0,0,0,0,0,5,24,0,0,995,0,0
0,0,0,0,0,1,0,0,0,10,9,17,2,0,0,0,1,0,0,17,2,1,3,0,1,0,31,0,0,0,0,0,0,0,0,2,0,437,44,10,36,0,0,7,0,0,2133,40
0,0,0,0,0,0,0,0,0,1,0,0,0,0,0,0,0,0,0,0,0,0,0,0,0,0,1,0,0,0,0,0,0,0,0,0,0,2,9,0,0,0,0,0,0,0,3,96
