0.66002,0.73179,0.42864,0.66584,0.41016,0.49486,0.64264,0.44192,0.76771,0.55978,0.51493,0.6208,0.63304,0.50885,0.40343,0.39924,0.56441,0.71353,0.55887,0.78824,0.61167,0.9614,0.86872,0.50272,0.61857,0.75729,0.7008,0.91011,0.87182,0.85982,0.7186,0.83109,0.52304,0.54884,0.44231,0.86667,0.83163,0.87762,0.8409,0.82586,0.37846,0.20896,0.55725,0.64374,0.77866,0.69279,0.72548,0.39914
0.71413
1456,44,140,274,138,9,112,0,0,0,0,0,0,6,7,0,0,58,0,0,0,0,0,0,0,0,0,0,0,0,0,0,0,43,11,0,20,0,0,0,0,4,1,0,0,0,0,0
32,2120,65,1,134,5,118,0,0,0,0,0,0,298,0,3,0,3,71,0,0,0,4,71,25,16,0,0,0,2,0,0,0,13,3,0,1,0,0,0,0,0,3,0,0,0,0,0
82,78,877,59,64,184,78,0,8,0,0,2,1,93,22,21,23,14,2,3,0,8,5,16,62,2,1,5,4,6,2,1,1,103,11,0,8,1,0,6,4,55,6,3,2,1,2,1
349,0,35,1345,25,8,39,0,0,0,0,0,0,0,54,0,0,24,0,0,0,0,0,1,0,0,0,0,0,18,0,0,0,96,122,0,18,0,0,0,0,6,2,0,47,0,0,0
29,19,20,6,452,1,2,0,0,0,0,0,0,6,0,0,0,1,1,0,0,0,0,0,0,0,0,0,0,1,0,0,0,16,0,0,0,0,0,0,0,0,1,0,0,0,0,0
24,22,231,47,27,1252,26,0,2,0,0,1,0,42,187,46,1,41,6,0,1,2,1,26,212,4,0,1,1,37,10,8,3,101,24,0,18,0,0,0,1,103,20,11,23,1,1,0
81,53,66,7,25,3,1453,0,0,0,0,0,0,10,0,0,0,4,35,0,0,0,0,1,9,3,0,0,0,1,0,0,0,4,29,0,7,0,0,0,0,8,0,0,0,0,0,0
1,0,0,0,0,1,0,175,0,0,8,7,1,0,3,0,0,0,0,0,3,0,0,0,0,0,1,0,0,0,2,0,0,0,1,13,0,0,0,1,0,0,0,0,0,1,1,0
0,0,0,0,0,0,0,6,4303,17,18,102,185,0,1,14,65,5,0,19,28,36,13,0,3,1,11,2,933,8,34,69,31,0,1,0,9,3,2,4,35,0,1,131,26,20,12,21
0,0,0,0,0,0,0,0,0,501,2,0,0,0,0,0,0,0,0,0,0,0,0,0,0,0,45,0,0,0,0,0,0,0,0,0,0,8,22,22,1,0,0,0,0,0,3,1
1,0,0,0,0,2,0,9,0,12,552,27,5,0,0,2,1,1,0,6,24,4,9,2,6,0,37,7,1,0,0,0,0,5,0,7,0,5,0,107,6,0,0,0,1,10,5,1
0,0,1,0,0,12,0,43,47,0,41,1015,38,2,0,3,3,0,2,7,9,5,3,5,10,1,3,2,8,18,18,11,1,0,2,19,1,3,0,13,58,3,2,69,0,2,6,0
0,0,0,0,0,5,0,0,36,0,5,32,1142,1,1,3,1,7,2,0,0,0,11,0,15,4,0,0,2,7,7,30,3,0,0,0,2,0,0,0,1,0,12,12,0,13,1,3
11,324,193,6,84,58,79,0,0,0,0,0,0,1323,3,4,0,133,114,0,0,0,1,225,154,3,0,0,0,1,0,1,0,108,23,0,7,0,0,0,0,30,13,0,0,9,0,0
4,0,6,9,2,18,0,0,0,0,0,0,0,0,564,0,0,0,0,0,0,1,0,0,0,0,0,0,0,47,0,0,1,29,6,0,0,0,0,0,0,7,1,1,11,0,0,0
0,0,4,0,0,9,0,0,2,0,0,0,0,0,2,418,0,0,0,0,0,0,0,1,21,4,0,0,0,0,15,32,20,0,1,0,2,0,0,0,0,1,3,2,3,0,0,0
0,0,1,0,0,1,0,0,12,1,1,3,1,0,1,13,793,1,0,15,1,18,3,0,1,2,0,2,39,0,4,4,2,0,0,0,1,0,0,4,15,0,2,8,7,1,0,0
12,23,19,10,7,82,17,0,2,0,1,0,1,86,10,10,1,3111,10,0,0,1,1,64,107,6,0,0,0,8,1,2,0,12,10,0,392,0,1,0,0,41,66,4,6,2,0,0
0,30,3,0,0,0,57,0,0,0,0,0,0,40,1,2,0,2,1329,0,0,0,0,73,26,119,0,0,0,0,0,0,3,1,18,0,0,0,0,0,0,4,31,0,0,2,0,0
0,0,0,0,0,0,0,2,0,1,0,12,1,0,0,0,10,0,0,1474,1,5,0,0,0,0,0,1,3,0,0,0,0,0,0,16,0,4,1,6,81,0,0,23,0,0,0,1
0,0,1,0,0,1,0,11,1,1,34,3,0,0,0,3,2,1,0,1,734,0,1,0,1,1,4,67,0,6,0,0,0,2,0,3,5,1,0,1,1,0,0,0,1,6,3,0
0,0,0,0,0,1,0,0,40,0,0,11,0,0,1,8,64,0,0,6,0,7272,21,0,1,0,1,1,116,0,5,4,0,0,0,1,0,0,0,0,7,0,0,4,9,2,1,0
1,7,2,2,6,4,3,1,1,0,3,10,8,10,2,8,24,7,3,10,11,8,1211,8,16,16,0,32,0,8,6,2,2,2,4,25,1,1,2,12,2,3,7,8,5,34,4,2
1,58,42,1,5,100,24,0,0,0,0,0,2,356,6,11,0,93,241,0,0,0,2,1569,595,295,0,0,0,2,0,2,3,63,22,0,8,0,0,0,0,113,159,0,3,58,0,0
0,61,108,1,7,539,61,0,2,0,0,2,7,222,11,176,1,126,173,1,0,3,11,682,2791,514,0,1,7,14,8,25,48,38,19,0,31,2,0,1,0,158,284,13,2,41,5,5
0,4,0,0,0,0,6,0,0,0,0,0,1,6,1,16,0,9,291,0,0,1,2,156,218,4025,0,0,0,4,0,3,7,0,11,0,1,0,0,0,0,5,182,0,0,167,0,0
0,0,0,0,0,0,0,0,0,77,27,0,1,0,0,0,0,0,0,0,1,0,0,0,0,0,698,1,0,0,0,0,0,0,0,0,0,10,14,16,1,0,0,0,0,6,14,14
0,0,0,0,0,1,0,9,0,15,36,23,0,0,0,2,8,1,0,8,330,10,22,2,0,0,12,2349,5,2,3,1,0,2,0,45,2,34,6,74,5,0,0,0,4,3,2,0
0,0,0,0,0,0,0,4,963,37,25,69,65,0,0,11,367,0,0,60,24,150,17,0,0,0,23,28,8203,1,23,37,11,0,0,5,6,12,14,37,213,0,0,66,9,6,20,6
22,3,58,82,40,51,95,2,3,0,0,32,27,7,291,7,1,8,19,0,0,2,3,11,18,27,0,0,3,2797,41,33,9,95,116,0,36,0,0,0,0,67,24,23,203,26,0,0
0,0,0,0,1,11,0,11,32,0,0,18,11,0,2,59,1,3,2,1,2,11,5,3,12,3,0,1,10,16,2071,339,79,7,2,0,19,0,0,0,1,4,4,64,22,3,0,0
1,7,11,3,1,23,3,5,90,0,1,50,239,3,5,148,12,7,7,3,3,8,15,12,26,10,0,0,30,60,548,3513,471,5,9,0,10,1,1,0,2,4,17,82,21,11,4,1
0,0,0,0,0,0,0,0,19,0,0,0,7,0,0,15,0,0,0,0,0,1,0,2,6,7,0,0,9,5,20,89,772,0,0,0,0,0,0,0,1,1,6,4,1,5,0,0
23,13,80,70,62,39,12,0,0,0,0,0,0,19,133,0,0,8,3,0,0,0,0,4,3,1,0,0,0,16,0,0,1,1045,35,0,3,0,0,0,0,11,15,0,7,0,0,0
1,0,3,13,1,1,18,0,0,0,0,0,0,0,0,0,0,1,2,0,0,0,0,0,3,0,0,0,0,2,0,0,0,4,460,0,1,0,0,0,0,0,0,0,1,0,0,0
0,0,0,1,0,1,2,91,0,4,17,31,0,1,0,0,0,0,1,11,10,5,10,0,1,0,2,22,0,3,0,0,0,0,0,1274,0,4,4,17,4,0,0,0,1,0,0,0
69,22,36,21,19,21,45,0,0,0,0,3,13,33,6,8,0,604,17,0,1,0,1,28,40,51,0,0,7,31,24,7,2,31,20,1,3413,0,0,0,1,22,45,29,39,1,0,2
0,0,0,0,0,0,0,0,1,53,2,1,0,0,0,0,3,0,0,52,0,1,0,0,0,0,31,2,0,0,0,0,0,0,0,0,0,4446,160,40,80,0,0,0,0,0,677,17
0,0,0,0,0,0,0,0,0,63,0,0,0,0,0,0,0,0,0,5,0,0,1,0,0,0,12,0,0,0,0,0,0,0,0,0,0,59,1501,6,0,0,0,0,0,0,7,13
0,0,3,0,0,3,0,10,1,103,284,68,1,0,0,0,11,1,0,15,13,8,9,1,4,0,68,55,2,0,0,0,0,3,0,51,0,26,6,1859,24,0,0,1,0,1,21,1
0,0,1,0,0,0,0,2,1,1,4,34,0,0,0,0,2,0,0,63,1,2,1,0,0,0,1,1,13,0,0,0,0,0,0,4,0,11,0,13,383,0,0,1,0,0,9,0
2,2,25,12,1,30,0,0,0,0,0,1,0,8,23,2,0,14,5,0,0,0,0,24,23,2,0,0,0,1,0,0,0,12,6,0,2,0,0,0,0,196,16,0,6,1,0,0
0,6,9,6,1,35,1,0,0,0,0,0,0,13,25,21,1,40,31,0,0,0,1,102,86,115,0,0,0,11,7,1,2,58,11,0,11,0,0,0,0,46,1207,2,30,9,0,0
0,0,0,0,0,3,0,15,35,0,2,57,38,1,2,3,8,2,0,93,1,0,7,0,1,0,0,1,13,18,23,10,1,0,0,4,29,2,0,0,46,0,4,1039,12,1,5,1
4,0,5,44,0,13,9,0,4,0,0,3,0,1,34,8,1,7,5,0,0,1,0,7,6,4,0,0,0,100,9,3,2,4,63,0,40,0,0,0,0,41,10,8,1766,0,0,0
0,1,1,0,0,1,1,0,0,0,4,0,4,13,0,2,0,23,6,0,0,0,3,25,9,79,10,0,0,2,1,0,1,2,0,0,0,0,0,0,0,5,22,0,0,999,0,0
0,0,0,0,0,2,0,0,0,9,5,18,5,0,0,0,1,0,0,17,2,1,0,0,1,0,32,0,0,0,0,0,0,0,0,2,0,431,41,12,39,0,0,6,0,0,2130,50
0,0,0,0,0,0,0,0,0,0,0,0,0,0,0,0,0,0,0,0,0,0,0,0,0,0,4,0,0,0,0,0,0,0,0,0,0,2,10,0,0,0,0,0,0,0,3,93
