0.59213,0.63129,0.32993,0.52512,0.28273,0.42473,0.48613,0.22441,0.67184,0.40509,0.29059,0.36387,0.49438,0.40038,0.33852,0.23556,0.44748,0.57096,0.44864,0.73866,0.49599,0.95749,0.72813,0.38959,0.53163,0.70459,0.56156,0.82706,0.86157,0.71659,0.56455,0.74067,0.38801,0.39781,0.25369,0.66919,0.68042,0.8463,0.77362,0.64607,0.25455,0.13781,0.38599,0.48585,0.65554,0.49403,0.59434,0.26439
0.59527
1099,51,129,293,229,9,196,0,0,0,0,0,0,25,12,0,0,85,1,0,0,0,0,0,1,0,0,0,0,6,0,0,0,98,64,0,22,0,0,0,0,3,0,0,0,0,0,0
56,1856,58,4,157,3,210,0,0,0,0,0,0,404,0,4,0,11,121,0,0,2,4,50,4,18,0,1,0,1,0,0,1,12,1,0,1,0,0,0,0,0,9,0,0,0,0,0
76,69,582,49,95,217,104,0,8,0,2,6,0,139,31,35,34,26,7,2,0,7,3,7,68,3,1,10,14,13,1,1,0,109,71,0,17,5,2,15,0,77,10,1,3,3,3,1
305,2,25,1014,43,7,51,0,0,0,0,0,0,1,82,0,0,40,1,0,0,0,0,0,0,0,0,0,0,28,0,0,0,142,296,0,23,0,0,0,0,8,2,1,118,0,0,0
33,38,21,10,393,0,8,0,0,0,0,0,0,12,1,0,0,5,2,0,0,0,0,0,0,0,0,0,0,3,0,0,0,26,1,0,0,0,0,0,0,0,2,0,0,0,0,0
15,18,197,65,40,1058,33,0,3,0,2,2,1,64,197,67,5,41,4,0,3,6,6,24,216,3,0,3,1,58,7,4,7,131,48,0,25,0,0,0,0,137,23,21,28,0,1,0
98,109,55,7,45,2,1314,0,0,0,0,0,0,17,0,0,0,10,51,0,0,1,1,0,16,5,0,1,0,0,0,1,0,3,41,0,4,0,0,0,0,18,0,0,0,0,0,0
0,0,2,0,0,2,0,157,1,0,11,3,0,0,4,0,0,1,0,0,3,2,1,2,0,0,2,0,0,0,2,0,0,0,0,21,0,0,1,1,0,0,0,0,1,0,2,0
0,0,0,0,0,0,0,2,4203,7,10,68,174,0,0,27,99,5,0,17,23,33,22,0,2,0,4,0,837,12,112,104,73,0,0,0,11,1,4,1,72,0,0,155,31,27,9,24
0,0,0,0,0,0,0,0,0,414,3,0,0,0,0,0,0,0,0,0,0,0,0,0,0,0,82,1,0,0,0,0,0,0,0,0,0,27,37,31,1,0,0,0,0,0,4,5
0,1,2,0,0,0,0,76,1,15,349,21,2,0,0,2,3,2,0,5,30,7,11,4,9,0,55,19,1,0,0,0,0,0,0,32,0,9,1,184,4,0,0,1,1,6,2,0
0,1,1,0,0,9,1,156,103,0,83,425,99,0,0,12,12,3,2,20,5,10,5,5,4,0,3,11,20,18,51,16,6,0,1,99,1,4,0,85,99,1,3,105,1,3,3,0
0,0,0,0,1,0,3,0,77,0,4,17,967,1,0,4,2,18,7,0,1,0,28,5,3,11,0,0,3,15,14,34,13,3,0,0,21,0,0,0,0,1,35,39,1,23,2,5
8,365,206,6,111,46,109,0,0,0,1,0,0,1067,3,5,0,185,133,0,0,1,3,278,123,6,0,2,0,2,1,0,0,112,21,0,23,0,0,0,0,39,43,0,0,8,0,0
1,0,3,27,7,40,2,0,0,0,0,0,0,0,473,4,0,0,0,0,0,1,1,0,0,0,0,0,0,54,0,0,2,38,13,0,3,0,0,0,0,6,0,1,31,0,0,0
0,1,0,0,0,16,1,0,7,0,0,2,1,0,1,367,9,2,0,0,0,2,1,4,25,4,0,0,0,3,22,35,10,1,1,0,4,0,0,0,0,1,12,4,2,2,0,0
0,0,0,0,0,1,0,1,23,0,3,12,1,0,0,33,737,0,0,20,1,13,4,0,0,0,0,0,38,0,3,4,3,0,0,1,1,0,0,2,36,0,0,13,5,2,0,0
11,83,31,7,13,122,26,0,2,0,0,0,0,121,7,15,2,2454,15,0,0,5,3,83,267,8,0,0,2,10,0,2,4,12,13,0,680,0,0,0,0,46,69,7,5,1,0,0
0,45,3,0,1,1,83,0,0,0,0,0,1,38,3,7,0,6,1175,0,0,0,0,101,42,146,0,0,0,0,0,1,0,1,27,0,6,0,0,0,0,8,46,0,0,0,0,0
0,0,0,0,0,0,0,3,0,2,4,12,0,0,0,0,9,0,0,1351,0,8,1,0,0,0,0,2,5,0,0,0,0,0,0,17,0,3,4,11,168,0,0,35,0,0,5,2
0,0,2,2,0,3,0,30,1,1,75,10,1,0,2,5,2,4,0,2,618,1,2,2,1,0,10,81,1,4,0,0,0,0,0,5,7,2,0,13,1,0,0,0,2,4,2,0
0,0,0,0,0,1,0,0,34,0,2,39,1,0,0,18,88,0,0,5,2,7162,32,0,2,0,0,0,150,0,4,1,0,0,0,5,0,0,0,0,20,0,0,4,4,2,0,0
1,11,3,2,3,2,2,4,0,3,14,15,29,10,2,10,37,12,2,11,22,15,932,12,10,18,4,60,0,11,11,8,4,4,7,71,3,4,6,52,0,0,3,7,5,89,7,6
0,66,52,1,17,102,59,0,0,0,0,0,1,331,8,16,0,125,278,0,0,1,5,1025,775,263,0,2,0,8,0,1,9,66,25,0,20,0,0,0,0,116,272,0,1,189,0,0
1,64,96,3,13,521,97,0,8,0,6,5,7,292,11,247,3,114,200,1,1,4,32,531,2689,414,0,11,5,10,5,28,60,44,32,0,68,2,2,2,0,156,312,28,3,68,2,3
0,3,0,0,0,4,28,0,0,0,0,0,2,3,11,31,0,18,459,0,0,0,6,197,425,3208,1,0,0,4,0,4,9,2,26,0,15,0,0,0,0,18,291,0,0,351,0,0
0,0,0,0,0,0,0,0,0,129,48,2,2,0,0,0,1,0,0,0,2,0,0,1,2,0,561,1,0,0,0,0,0,0,0,0,0,8,38,21,0,0,0,0,0,2,27,35
0,0,2,0,0,3,0,19,0,53,145,20,0,0,6,3,19,1,0,9,442,12,21,3,4,3,39,1736,6,0,2,0,0,2,0,117,0,8,10,320,3,1,0,1,4,1,1,0
0,0,0,0,0,0,0,4,1393,39,36,238,54,0,0,20,529,0,0,37,27,132,33,1,0,0,21,7,7257,2,36,47,16,0,0,0,4,19,17,6,364,0,0,116,7,6,23,21
33,6,67,170,66,97,186,9,3,0,0,19,56,2,587,14,1,12,35,0,3,3,10,8,12,37,0,0,1,1555,70,42,22,226,293,0,90,0,0,0,1,136,12,15,380,2,0,1
0,0,2,0,0,10,1,59,50,0,1,64,48,0,6,152,2,4,1,0,0,16,15,16,8,4,0,0,5,19,1535,422,148,8,6,0,29,0,0,0,0,35,13,91,50,10,0,0
0,6,7,5,4,24,17,23,207,0,2,40,385,3,9,332,6,10,9,0,3,13,22,18,22,17,0,0,15,47,716,2539,686,7,10,0,11,0,0,0,4,16,42,146,33,21,4,2
0,0,0,0,0,0,0,0,37,0,0,0,8,0,3,38,0,0,1,0,0,1,3,3,8,5,0,0,7,12,41,100,671,0,0,0,0,0,0,0,0,1,15,6,4,6,0,0
27,28,100,118,113,51,12,0,0,0,0,0,0,37,175,1,0,10,3,0,0,0,0,2,2,0,0,0,0,24,0,0,0,800,47,0,4,0,0,0,0,30,11,0,8,0,0,0
2,1,0,16,3,0,41,0,0,0,0,0,0,0,0,0,0,6,3,0,0,0,0,0,2,0,0,0,0,5,0,0,0,10,413,0,1,0,0,0,0,5,1,0,2,0,0,0
0,0,2,1,0,0,0,182,0,11,41,9,0,0,3,0,4,0,1,10,32,3,15,1,2,2,3,65,1,1,0,0,0,0,0,1060,0,1,0,64,1,1,0,0,1,0,0,0
84,91,81,57,28,36,91,6,3,0,0,10,15,51,3,14,0,958,35,0,4,2,1,19,67,139,0,0,4,40,20,10,2,42,48,0,2557,0,0,0,0,43,61,41,49,1,0,0
0,0,0,0,0,0,0,0,0,77,11,3,0,0,0,0,1,0,0,102,1,0,0,0,0,0,49,4,1,0,0,0,0,0,0,0,0,3678,169,77,186,0,0,0,0,0,1126,81
0,0,0,0,0,0,0,0,0,135,2,0,0,0,0,0,6,0,0,12,0,0,1,0,0,0,18,0,0,0,0,0,0,0,0,0,0,96,1220,2,1,0,0,0,0,0,27,147
0,0,2,0,0,0,0,41,1,118,311,35,1,0,0,1,8,0,0,16,19,7,8,0,8,0,94,75,2,0,0,0,0,0,0,140,0,23,9,1694,23,0,0,0,0,0,12,5
0,0,0,0,0,0,0,6,1,5,7,20,0,0,0,0,2,0,0,94,0,4,2,0,0,0,0,4,24,0,0,0,0,0,0,10,0,7,1,21,308,0,0,12,0,0,20,0
2,5,14,16,2,58,11,0,0,0,0,0,0,19,29,3,0,14,5,0,0,0,0,27,61,1,0,0,1,2,0,0,0,13,21,0,5,0,0,0,0,87,14,0,4,0,0,0
1,19,4,7,4,24,3,0,0,0,0,0,1,19,24,44,0,58,57,0,0,0,0,134,158,148,0,0,0,35,10,1,5,93,20,0,21,0,0,0,0,59,887,2,33,17,0,0
0,1,0,2,0,2,0,22,74,0,2,39,84,0,3,5,13,3,0,85,0,3,27,0,2,0,1,1,20,19,41,18,10,1,0,6,42,2,3,2,58,0,5,841,18,3,14,5
3,0,14,49,0,18,14,9,6,0,0,4,3,1,38,18,9,6,2,0,1,2,3,10,5,7,0,0,0,145,13,3,5,5,82,0,37,0,0,0,0,81,7,11,1591,0,0,0
0,0,1,0,2,0,0,2,6,0,21,0,3,8,0,3,0,49,9,0,0,0,7,58,12,83,9,0,0,4,2,1,2,0,0,0,2,0,0,0,0,2,98,0,1,828,1,0
0,0,0,0,0,2,0,0,4,13,5,28,7,0,0,1,3,0,0,29,3,1,9,0,1,0,40,2,2,0,0,0,0,0,0,0,0,441,45,18,80,0,0,27,0,1,1912,130
0,0,0,0,0,0,0,0,0,0,0,0,2,0,0,0,1,0,0,1,0,0,0,0,0,0,2,0,0,0,0,1,0,0,0,0,0,6,8,0,0,0,0,0,0,0,8,83
