0.61354,0.69152,0.37475,0.61705,0.35902,0.46096,0.56585,0.34021,0.73994,0.50707,0.4264,0.57124,0.58571,0.44731,0.33375,0.33973,0.53119,0.6877,0.5018,0.775,0.58913,0.96181,0.8375,0.47461,0.60875,0.72685,0.6297,0.88705,0.86134,0.8244,0.66542,0.80266,0.4612,0.49228,0.3934,0.83154,0.81944,0.86928,0.83265,0.77854,0.29882,0.17867,0.53234,0.58439,0.75088,0.62668,0.69602,0.24734
0.67619
1405,42,143,266,143,7,144,0,0,0,0,0,0,13,7,0,0,57,0,0,0,0,0,0,0,0,0,0,0,2,0,0,0,54,14,0,23,0,0,0,0,3,0,0,0,0,0,0
45,2031,67,1,155,4,122,0,0,0,0,0,0,317,1,1,0,8,94,0,0,2,3,68,23,15,0,0,0,2,1,0,0,15,3,0,2,0,0,0,0,3,5,0,0,0,0,0
97,87,754,59,77,190,101,0,14,1,0,0,1,96,27,20,29,21,5,5,0,8,2,18,54,5,1,5,6,6,1,2,1,110,23,0,8,3,0,6,4,69,5,0,2,1,2,1
416,1,39,1194,28,9,59,0,0,0,0,0,1,0,80,0,0,32,0,0,0,0,0,1,0,0,0,0,0,18,0,0,0,114,121,0,15,0,0,0,0,9,1,1,50,0,0,0
38,27,22,6,424,2,3,0,0,0,0,0,0,10,0,0,0,2,1,0,0,0,0,0,0,0,0,0,0,1,0,0,0,17,0,0,1,0,0,0,0,0,1,0,0,0,0,0
28,19,240,41,23,1163,41,1,3,0,1,0,1,40,227,48,2,48,3,0,1,2,4,26,193,5,0,0,0,55,8,1,1,119,28,0,18,0,0,0,1,122,15,13,22,1,0,0
84,61,78,11,25,4,1405,0,0,0,0,0,0,16,0,0,0,5,46,0,0,0,0,1,8,4,0,0,0,1,0,0,0,3,32,0,7,0,0,0,0,8,0,0,0,0,0,0
0,0,3,0,0,1,0,165,0,0,9,6,0,0,4,0,0,0,0,0,3,1,0,0,1,0,0,1,0,0,1,0,0,0,0,17,0,0,0,1,0,1,0,1,0,1,3,0
0,0,0,0,0,1,0,13,4174,8,12,112,210,0,1,29,69,6,0,17,24,36,11,0,1,1,12,3,962,7,34,60,71,0,0,0,10,0,3,3,48,0,2,151,31,15,9,23
0,0,0,0,0,0,0,0,0,466,1,0,0,0,0,0,0,0,0,0,0,0,0,0,0,0,68,1,0,0,0,0,0,0,0,0,0,7,23,30,1,0,0,0,0,0,5,3
0,0,3,0,0,2,0,17,1,14,504,29,3,0,0,1,0,1,0,6,36,8,12,4,5,0,52,9,0,0,0,1,0,4,0,11,0,6,0,105,3,0,0,1,0,12,3,2
0,1,5,0,0,11,0,57,62,0,61,886,42,2,0,8,8,0,3,10,10,8,4,5,3,2,3,2,15,17,35,12,2,0,1,16,2,3,0,18,76,6,1,80,0,2,7,0
0,0,2,0,0,2,0,0,41,0,2,32,1107,1,0,1,1,8,1,0,1,0,12,3,15,9,0,0,1,11,7,34,8,0,1,0,5,0,0,0,3,0,19,13,1,12,3,2
15,413,195,9,100,48,83,0,0,0,0,0,0,1129,6,5,0,152,128,0,0,0,2,235,139,11,0,0,0,2,1,0,1,123,21,0,8,0,0,0,0,50,15,0,0,16,0,0
5,0,8,15,3,19,1,0,0,0,0,0,0,0,533,1,0,0,0,0,0,1,0,0,0,0,0,0,0,58,0,1,1,31,5,0,0,0,0,0,0,11,1,0,12,1,0,0
0,1,3,0,0,13,0,0,3,0,0,0,0,1,0,407,5,0,0,0,0,0,0,4,22,2,0,0,0,1,17,32,14,0,2,0,3,0,0,0,0,0,5,2,2,1,0,0
0,0,1,0,0,1,0,0,15,0,2,7,0,0,0,16,775,1,0,15,1,12,3,0,0,1,0,1,46,0,5,4,5,0,0,1,1,0,0,4,22,0,1,10,5,2,0,0
10,35,42,16,5,81,26,0,0,0,1,0,0,102,15,13,0,2986,13,0,0,0,3,81,139,9,0,0,0,9,0,1,1,10,11,0,392,0,0,0,0,54,58,7,3,1,0,2
0,28,3,0,0,0,61,0,0,0,0,0,0,53,0,3,0,3,1252,0,0,0,0,93,34,135,0,0,0,0,0,0,1,1,28,0,2,0,0,0,0,6,37,0,0,1,0,0
0,0,0,0,0,0,0,0,0,1,2,13,0,0,0,0,11,0,0,1395,0,6,1,0,0,0,0,0,4,0,0,0,0,0,0,19,0,2,3,8,145,0,0,30,0,0,1,1
1,0,0,0,0,0,0,9,2,0,52,5,0,0,1,3,0,2,0,2,694,1,3,0,2,1,5,85,0,5,1,1,0,1,0,3,2,2,0,2,0,0,0,0,1,7,3,0
0,0,0,0,0,2,0,0,40,0,1,9,0,0,1,14,65,0,0,4,1,7229,23,0,1,0,0,4,145,0,6,5,1,0,0,2,0,0,0,0,9,0,0,5,6,3,0,0
1,11,5,1,4,5,3,1,2,1,5,11,15,9,1,7,26,8,2,13,12,10,1139,7,13,12,0,45,0,9,9,6,4,2,6,33,1,1,3,23,3,3,5,7,6,46,7,1
0,54,38,2,3,109,45,0,0,0,0,0,0,378,8,16,0,121,261,0,0,0,2,1383,583,324,0,0,0,1,0,0,7,74,23,0,9,0,0,0,0,111,169,0,2,111,0,0
1,70,93,0,6,579,101,0,2,0,4,2,8,228,12,194,1,115,202,1,0,1,15,621,2631,554,0,0,4,8,4,26,61,48,17,0,29,1,2,1,0,186,302,15,2,42,6,6
0,6,0,1,0,1,14,0,0,0,0,0,1,3,2,19,0,10,372,0,0,1,2,155,187,3877,0,0,0,3,0,2,11,1,18,0,0,0,0,0,0,2,197,0,0,231,0,0
0,0,0,0,0,0,0,0,0,103,31,1,2,0,0,0,0,0,0,0,1,0,0,0,1,0,653,3,0,0,0,0,0,0,0,0,0,8,12,26,0,0,0,0,0,5,12,22
0,0,1,0,0,0,0,13,0,18,74,20,0,0,2,3,15,1,0,6,311,10,26,0,3,0,16,2254,6,3,1,0,0,0,0,54,0,30,4,120,11,1,0,2,3,3,5,0
0,0,1,0,0,0,0,7,1052,37,35,77,63,0,0,16,400,0,0,44,28,133,14,0,0,0,19,25,8038,1,20,35,14,0,0,2,5,17,7,15,271,0,0,88,7,6,19,16
30,2,54,108,66,55,126,4,1,0,0,32,31,3,359,9,1,7,29,0,1,2,4,12,10,53,0,0,2,2460,48,30,7,108,165,0,41,0,0,0,1,100,20,22,261,18,0,0
0,2,1,1,1,16,0,22,39,0,0,10,14,0,2,92,3,3,3,2,1,12,6,1,9,5,0,1,17,25,1959,379,78,4,2,0,22,0,0,0,2,3,5,63,22,3,0,0
0,1,16,2,2,28,6,12,124,0,2,59,308,3,6,204,8,9,11,2,3,11,14,7,37,12,0,0,32,63,665,3075,566,1,8,0,8,0,0,0,3,1,20,97,27,20,6,4
0,0,0,0,0,0,0,0,20,0,0,0,5,0,0,17,0,0,0,0,0,0,4,0,8,6,0,0,11,8,31,98,743,0,0,0,1,0,0,0,0,0,4,4,3,7,0,0
31,11,97,84,83,38,14,0,0,0,0,0,0,28,175,0,0,8,3,0,0,0,0,4,2,1,0,0,0,18,1,0,0,925,34,0,2,0,0,0,0,28,9,2,5,0,0,0
1,0,4,15,2,0,31,0,0,0,0,0,0,0,0,0,0,0,2,0,0,0,0,0,1,0,0,0,0,3,0,0,0,5,441,0,1,0,0,0,0,3,0,0,2,0,0,0
0,1,2,0,0,2,0,134,0,4,26,32,0,0,2,0,1,1,0,12,21,4,20,0,0,0,3,38,1,2,0,0,0,0,0,1160,0,3,4,37,2,2,0,0,2,0,1,0
70,25,46,35,29,29,78,0,2,0,0,2,17,45,4,8,0,641,23,0,1,0,3,33,42,61,0,0,6,33,26,7,3,26,21,1,3254,0,0,0,0,16,47,41,38,0,0,0
0,0,0,0,0,0,0,0,0,63,1,2,0,0,0,0,2,0,0,65,0,0,1,0,0,0,55,1,1,0,0,0,0,0,0,1,0,4296,164,49,78,0,0,0,0,0,747,40
0,0,0,0,0,0,0,0,0,89,0,0,0,0,0,0,0,0,0,4,0,0,0,0,0,0,18,0,0,0,0,0,0,0,0,0,0,66,1413,5,0,0,0,0,0,0,12,60
0,0,5,0,0,3,0,13,1,102,343,78,1,2,0,1,12,1,0,20,24,15,13,0,4,1,83,63,2,0,0,0,0,1,0,67,0,36,5,1698,36,0,0,1,0,1,17,4
0,0,0,0,0,0,0,1,2,2,4,32,0,0,0,0,2,0,0,77,1,1,2,0,0,0,1,0,21,0,0,0,0,0,0,5,0,7,0,15,355,0,0,7,0,0,13,0
5,2,24,18,1,47,6,0,0,0,0,0,0,12,26,2,0,11,4,0,0,0,0,33,29,2,0,0,0,3,1,0,0,9,9,0,3,0,0,0,0,143,17,0,6,1,0,0
0,6,9,6,0,31,4,0,0,0,0,0,0,16,45,21,1,46,29,0,0,0,0,79,104,137,0,0,0,12,5,2,2,63,10,0,15,0,0,0,0,59,1144,0,29,13,0,0
0,0,0,1,0,4,0,16,37,0,3,72,52,1,4,3,13,1,0,80,1,0,7,0,0,0,2,0,11,17,39,12,3,0,0,2,41,3,1,0,59,0,6,966,13,1,3,3
7,0,7,43,0,15,8,0,4,0,0,1,0,2,45,13,5,10,3,0,0,2,1,7,10,4,0,0,0,118,17,3,4,6,77,0,40,0,0,0,0,35,7,11,1697,0,0,0
0,0,1,0,1,0,1,0,0,0,2,0,2,14,1,3,0,17,5,0,0,0,4,33,8,85,9,0,0,2,1,1,1,4,0,0,0,0,0,0,0,6,31,0,0,982,0,0
0,0,0,0,0,1,0,0,0,9,4,21,5,0,0,0,4,0,0,20,2,0,0,0,0,0,35,0,1,0,0,0,0,0,0,1,0,449,44,15,55,0,0,13,0,1,2031,93
0,0,0,0,0,0,0,0,0,1,0,0,1,0,0,0,0,0,0,0,0,0,0,0,0,0,2,0,0,0,0,1,0,0,0,0,0,2,9,0,0,0,0,0,0,0,3,93
