0.62511,0.69049,0.3736,0.62865,0.3528,0.46072,0.56905,0.32397,0.73513,0.48299,0.43571,0.58604,0.59259,0.43927,0.32871,0.32171,0.55977,0.67909,0.50081,0.77295,0.60142,0.96436,0.8299,0.45667,0.61067,0.71881,0.64671,0.88491,0.86381,0.8173,0.65659,0.78338,0.44431,0.47925,0.38169,0.82737,0.81291,0.85619,0.83234,0.77793,0.28501,0.16129,0.51698,0.56829,0.75468,0.6,0.68613,0.24937
0.67194
1359,42,127,263,167,8,159,0,0,0,0,0,0,15,11,0,0,61,0,0,0,0,0,0,1,0,0,0,0,3,0,0,0,69,14,0,23,0,0,0,0,1,0,0,0,0,0,0
36,2019,67,1,144,6,121,0,0,0,0,0,0,359,0,3,0,9,87,0,0,1,2,72,13,19,0,0,0,1,0,1,1,14,3,0,2,0,0,0,0,2,4,0,0,1,0,0
97,92,733,53,60,196,106,0,11,0,0,2,1,100,35,25,22,18,6,5,0,8,2,17,57,3,1,6,10,8,1,0,0,125,24,0,8,4,0,6,4,68,3,2,3,2,2,1
392,2,28,1185,30,9,56,0,0,0,0,0,1,1,77,0,0,33,0,0,0,0,0,0,0,0,0,0,0,27,0,0,0,133,129,0,16,0,0,0,0,15,1,0,54,0,0,0
33,26,20,5,429,0,3,0,0,0,0,0,0,10,0,0,0,2,1,0,0,0,0,0,0,0,0,0,0,2,0,0,0,22,0,0,1,0,0,0,0,0,1,0,0,0,0,0
22,20,247,45,31,1132,42,0,2,0,0,1,1,37,220,55,0,50,9,0,3,3,1,24,211,3,0,1,2,56,5,5,5,123,25,0,20,0,0,0,0,110,19,13,19,1,1,0
79,71,73,11,28,2,1401,0,0,0,0,0,0,16,0,0,0,4,39,0,0,0,0,1,5,7,0,0,0,2,0,0,0,3,41,0,7,0,0,0,0,9,0,0,0,0,0,0
0,0,1,0,0,0,0,173,0,0,10,6,0,0,2,0,0,0,0,0,1,0,1,0,2,0,0,0,0,0,1,0,0,0,0,16,0,0,0,1,0,1,0,1,0,1,2,0
0,0,0,0,0,0,0,8,4202,7,13,89,191,0,0,29,56,5,0,17,26,31,14,0,3,1,7,3,944,10,41,90,76,0,0,0,9,0,4,5,48,1,3,152,26,19,6,33
0,0,0,0,0,0,0,0,0,440,2,0,0,0,0,0,0,0,0,0,0,0,0,0,0,0,73,1,0,0,0,0,0,0,0,0,0,13,31,36,2,0,0,0,0,0,5,2
0,0,1,0,0,4,0,34,0,15,488,26,3,1,0,2,0,1,1,5,35,9,10,1,5,0,55,10,1,0,0,1,0,2,0,18,0,8,0,95,6,0,0,0,0,12,4,2
0,0,4,0,0,11,1,72,61,0,57,865,45,0,0,4,7,0,2,9,7,8,5,5,7,2,2,2,11,13,43,14,2,0,1,22,3,3,0,18,83,3,2,85,1,2,4,0
0,0,0,0,0,5,0,0,42,0,6,24,1104,2,1,2,0,6,3,0,1,0,15,2,15,7,0,0,2,12,5,37,8,0,0,0,6,0,0,0,2,1,14,17,1,15,2,1
16,377,203,5,93,57,77,0,0,0,2,0,0,1150,7,6,0,165,135,0,0,0,1,252,115,12,0,1,0,2,0,1,0,110,25,0,9,0,0,0,0,42,22,0,0,22,0,0
4,0,7,13,5,24,1,0,0,0,0,0,0,0,521,0,0,0,0,0,0,1,0,0,1,0,0,0,0,64,0,1,1,32,5,0,1,0,0,0,0,14,1,0,10,1,0,0
0,0,4,0,0,10,0,0,4,0,0,0,0,2,3,406,3,0,0,0,0,0,0,3,20,1,0,0,0,0,20,34,15,0,2,0,3,0,0,0,0,0,5,2,2,1,0,0
0,0,1,0,0,1,0,0,11,1,2,7,1,0,0,21,768,1,0,15,2,12,5,0,1,1,0,0,47,0,3,10,3,0,0,0,1,0,0,3,19,0,1,12,6,2,0,0
11,35,36,10,11,79,26,0,2,0,0,0,1,107,8,14,0,2988,13,0,0,0,2,87,132,8,0,0,0,12,0,1,2,11,14,0,399,0,0,1,0,44,60,6,3,1,0,2
0,32,4,0,1,0,58,0,0,0,0,0,0,53,1,2,0,2,1235,0,0,0,0,101,31,143,0,0,0,0,0,0,3,1,28,0,2,0,0,0,0,1,42,0,0,1,0,0
0,0,0,0,0,0,0,0,0,1,2,15,0,0,0,0,12,0,0,1389,0,6,0,0,0,0,1,0,3,0,0,0,0,0,0,17,0,4,4,8,150,0,0,29,0,0,0,1
1,0,0,1,0,1,0,16,1,0,53,3,0,0,0,3,1,1,0,1,676,0,6,1,1,1,6,90,1,4,1,0,0,1,0,2,4,2,0,4,1,0,0,0,1,7,5,0
0,0,1,0,0,1,0,0,46,0,1,9,1,0,1,18,62,0,0,4,2,7225,22,0,0,0,0,2,143,0,4,6,2,0,0,1,0,0,0,0,13,0,0,4,5,3,0,0
0,7,12,1,5,5,4,1,3,2,3,14,17,10,3,10,24,8,2,11,9,11,1127,8,9,15,0,50,1,7,10,6,6,1,7,29,2,3,3,22,4,0,10,8,4,43,6,1
0,68,39,1,4,105,33,0,0,0,0,0,0,370,5,17,0,132,254,0,0,0,1,1407,538,331,0,0,0,2,0,2,6,70,24,0,11,0,0,0,0,111,166,0,2,135,0,0
0,70,99,2,4,543,78,0,4,0,4,2,9,245,12,217,1,114,206,0,0,1,16,688,2563,578,0,1,6,13,3,30,56,49,25,1,35,1,0,1,0,160,287,17,0,48,6,6
0,5,0,0,0,1,10,0,0,0,0,0,1,8,4,18,0,7,358,0,0,1,2,167,201,3809,0,0,0,5,0,1,12,1,16,0,2,0,0,0,0,2,225,0,0,260,0,0
0,0,0,0,0,0,0,1,0,88,31,0,3,0,0,0,0,0,0,0,1,0,0,0,0,0,659,3,0,0,0,0,0,0,0,0,0,14,15,23,1,0,0,0,0,7,9,25
0,0,0,0,0,3,0,16,0,24,49,20,0,0,3,6,10,1,0,6,285,8,25,0,3,0,15,2299,7,2,1,0,0,0,1,50,0,31,7,122,8,2,0,1,2,4,5,0
0,0,1,0,0,0,0,7,1083,26,23,87,67,0,0,21,363,0,0,40,22,120,16,0,0,0,17,27,8049,2,23,39,14,0,0,1,5,14,11,18,267,0,0,97,7,6,19,20
24,2,41,104,80,43,135,4,1,0,0,32,29,8,361,8,1,9,26,0,2,2,3,9,12,65,0,0,2,2438,47,32,13,111,171,0,40,0,0,0,1,100,23,35,250,18,0,0
0,1,3,1,0,11,1,22,40,0,0,13,13,4,2,89,2,4,2,1,1,12,5,0,8,6,0,1,12,21,1933,390,98,4,1,0,22,0,0,0,1,3,8,69,22,4,0,0
1,3,8,0,4,27,7,15,134,0,2,44,288,4,5,203,10,10,5,3,3,10,22,8,33,12,0,0,25,65,692,3074,576,3,7,0,7,0,0,0,2,3,21,97,28,15,4,3
0,0,0,0,0,1,0,0,18,0,0,1,2,0,0,22,0,0,2,0,0,0,2,0,7,4,0,0,9,6,32,115,730,0,0,0,1,0,0,0,0,1,4,2,4,7,0,0
25,17,95,71,84,45,15,0,0,0,0,0,0,28,176,0,0,9,4,0,0,0,0,3,2,1,0,0,0,16,0,0,1,924,35,0,2,0,0,0,0,34,7,1,8,0,0,0
1,0,6,12,1,0,27,0,0,0,0,0,0,0,0,0,0,1,3,0,0,0,0,0,0,0,0,0,0,4,0,0,0,6,442,0,2,0,0,0,0,2,0,0,4,0,0,0
0,1,3,0,0,1,1,129,0,6,24,19,0,0,3,0,2,0,0,10,19,5,24,1,2,0,2,35,0,4,0,0,0,0,0,1179,0,2,3,36,3,0,0,0,2,0,1,0
63,26,48,35,33,28,79,1,3,0,0,2,13,39,3,9,0,667,29,0,3,1,2,31,45,51,0,0,7,30,26,10,3,27,23,1,3237,0,0,0,0,28,32,40,38,0,0,0
0,0,0,0,0,0,0,0,0,65,1,2,0,0,0,0,1,0,0,74,0,0,1,0,0,0,42,1,1,0,0,0,0,0,0,1,0,4257,155,47,90,0,0,0,0,0,788,40
0,0,0,0,0,0,0,0,0,95,0,0,0,0,0,0,0,0,0,5,0,0,0,0,0,0,16,1,0,0,0,0,0,0,0,0,0,79,1395,3,0,0,0,0,0,0,10,63
0,0,4,0,0,5,0,13,1,123,330,71,0,0,0,2,9,1,0,21,23,14,14,1,5,0,87,63,1,0,0,0,0,1,0,79,0,43,3,1678,39,0,1,1,0,1,17,2
0,0,1,0,0,0,0,2,1,5,6,34,0,0,0,0,2,0,0,82,0,2,2,0,0,0,0,0,19,0,0,0,0,0,0,5,0,8,0,15,348,0,0,7,0,0,8,1
3,2,23,18,1,40,6,0,0,0,0,1,0,15,26,2,0,12,5,0,0,0,0,34,33,2,0,0,0,3,0,0,0,11,13,0,2,0,0,0,0,138,18,0,6,0,0,0
0,6,7,6,1,35,3,0,0,0,0,0,0,17,41,23,1,49,31,0,0,0,0,114,101,136,0,0,0,16,6,3,2,64,9,0,14,0,0,0,0,59,1096,2,30,16,0,0
0,0,1,0,0,4,0,17,42,0,1,67,60,0,5,2,9,1,0,84,1,0,3,1,0,0,1,1,15,12,30,14,3,1,2,3,46,2,0,2,63,2,6,957,12,1,2,4
7,0,13,42,0,13,11,3,3,0,0,1,0,1,48,20,3,11,2,0,0,0,1,6,7,3,0,0,0,119,16,5,4,7,71,0,40,0,0,0,0,29,9,15,1692,0,0,0
0,0,0,0,0,1,1,0,0,0,4,0,5,16,1,3,0,18,6,0,0,0,3,37,7,78,7,0,0,2,1,1,1,2,0,0,0,0,0,0,0,6,29,1,0,984,0,0
0,0,1,0,0,0,0,0,1,12,6,19,6,0,0,0,3,0,0,15,2,1,3,0,1,0,26,0,0,0,0,0,0,0,0,0,0,483,38,13,66,0,0,11,0,0,1998,99
0,0,0,0,0,0,0,0,0,1,0,0,1,0,0,0,0,0,0,0,0,0,0,0,0,0,2,0,0,0,0,1,0,0,0,0,0,1,7,0,0,0,0,0,0,0,8,91
