0.66254,0.72775,0.42501,0.66733,0.40839,0.50101,0.64359,0.47215,0.76066,0.56738,0.51005,0.62172,0.62288,0.50754,0.39477,0.38822,0.55587,0.71274,0.56417,0.78781,0.61688,0.96189,0.86543,0.50701,0.62503,0.7571,0.71152,0.90881,0.87101,0.8575,0.71645,0.82747,0.51511,0.52935,0.44038,0.86153,0.83006,0.87664,0.83754,0.8228,0.36791,0.21864,0.559,0.64163,0.77929,0.69813,0.7337,0.38589
0.71306
1445,36,146,279,140,6,110,0,0,0,0,0,0,7,8,0,0,59,0,0,0,0,0,0,1,0,0,0,0,0,0,0,0,48,13,0,20,0,0,0,0,5,0,0,0,0,0,0
33,2093,74,0,133,2,127,0,0,0,0,0,0,318,0,2,0,4,74,0,0,0,3,67,21,13,0,0,0,2,0,0,2,15,2,0,1,0,0,0,0,0,2,0,0,0,0,0
79,72,887,58,63,177,80,0,10,1,0,3,1,95,27,21,21,17,2,3,0,10,4,18,62,3,1,4,4,5,2,1,1,104,11,0,8,1,0,4,3,48,5,2,3,3,2,1
352,0,39,1340,26,7,40,0,0,0,0,0,0,0,54,0,0,22,0,0,0,0,0,1,0,0,0,0,0,14,0,0,0,109,117,0,17,0,0,0,0,6,1,0,44,0,0,0
26,22,24,6,448,1,2,0,0,0,0,0,0,4,0,0,0,1,1,0,0,0,0,0,0,0,0,0,0,1,0,0,0,18,0,0,0,0,0,0,0,0,1,0,0,0,0,0
25,26,239,39,22,1240,24,0,2,0,0,1,2,44,179,55,1,45,5,0,1,2,1,24,211,3,0,0,1,44,10,7,2,103,27,0,15,0,0,0,1,104,23,10,23,2,1,0
73,55,74,7,23,2,1450,0,0,0,0,0,0,13,0,0,0,4,36,0,0,0,0,1,8,3,0,0,0,1,0,0,0,4,29,0,9,0,0,0,0,7,0,0,0,0,0,0
0,0,0,0,0,1,0,178,1,0,5,8,1,0,3,0,0,1,0,0,2,0,0,0,0,0,1,0,0,0,1,0,0,0,1,14,0,0,0,1,0,0,0,0,0,0,1,0
0,0,0,0,0,1,0,5,4319,17,13,92,192,0,1,14,60,4,0,22,19,36,11,1,3,0,10,2,930,10,41,65,35,0,0,0,9,3,4,5,41,0,2,130,25,19,8,20
0,0,0,0,0,0,0,0,0,501,4,0,0,0,0,0,0,0,0,0,0,0,0,0,0,0,40,0,0,0,0,0,0,0,0,0,0,9,23,24,1,0,0,0,0,0,3,0
0,0,0,0,0,2,0,9,0,14,558,26,5,0,0,1,1,1,0,7,25,4,9,2,7,0,36,5,1,1,0,1,0,5,0,7,0,6,0,98,6,0,0,3,1,9,3,2
0,2,1,0,0,10,0,37,46,0,44,1019,40,1,0,5,4,0,4,7,7,5,4,2,9,1,2,3,10,18,15,9,2,0,0,19,2,3,0,10,63,3,2,68,1,2,6,0
0,1,2,0,0,5,0,0,33,0,4,31,1138,1,0,2,0,10,1,0,3,0,9,2,15,3,1,0,3,9,5,32,5,0,0,0,3,0,0,1,1,0,13,12,0,12,0,1
10,330,176,5,83,65,73,0,0,0,0,0,0,1346,8,2,0,127,106,0,0,0,1,221,146,4,0,0,0,1,0,1,1,116,27,0,10,0,0,0,0,25,13,0,0,10,0,0
3,0,8,14,2,17,0,0,0,0,0,0,0,0,559,0,0,0,0,0,0,1,0,0,0,0,0,0,0,46,0,0,1,27,3,0,0,0,0,0,0,11,1,1,13,0,0,0
0,1,5,0,0,7,0,0,2,0,0,1,0,0,2,422,0,0,0,1,0,0,0,2,20,3,0,0,0,0,14,31,18,0,1,0,2,0,0,0,0,2,3,1,2,0,0,0
0,0,0,0,0,1,0,0,9,1,2,4,0,0,1,14,796,1,0,12,1,21,3,0,0,2,0,1,36,1,5,5,3,0,0,0,1,0,0,4,17,0,0,7,7,1,1,0
13,26,22,10,7,74,18,0,2,0,1,0,1,84,10,12,1,3104,9,0,0,1,1,68,107,7,0,0,0,6,1,1,0,14,11,0,397,0,1,0,0,33,71,4,6,3,0,0
0,34,3,0,0,0,53,0,0,0,0,0,0,41,1,2,0,2,1332,0,0,0,0,71,21,120,0,0,0,0,0,0,2,1,18,0,0,0,0,0,0,2,36,0,0,2,0,0
0,0,0,0,0,0,0,1,1,1,0,14,0,0,0,0,12,0,0,1448,0,6,0,0,0,0,0,2,4,0,0,0,0,0,0,18,0,4,2,6,96,0,0,26,0,0,0,1
0,0,1,0,0,1,0,7,1,0,34,3,0,0,0,2,3,1,0,2,731,0,2,0,3,0,3,73,0,7,0,0,0,2,0,3,3,1,0,3,0,0,0,0,1,5,4,0
0,0,0,0,0,1,0,0,42,0,0,7,0,0,1,11,60,0,0,4,2,7270,24,0,1,0,1,2,117,0,6,4,0,0,0,1,0,0,0,0,6,0,0,4,9,2,1,0
1,7,1,2,7,4,2,0,1,0,4,10,9,12,1,8,25,8,3,8,12,8,1209,9,13,15,0,34,0,7,7,1,2,3,4,24,0,1,3,17,4,1,6,7,4,35,3,2
0,57,39,1,7,103,25,0,0,0,0,0,1,355,8,12,0,98,232,0,0,0,3,1591,584,299,0,0,0,2,0,1,3,66,21,0,8,0,0,0,0,87,169,0,3,59,0,0
0,50,109,1,5,526,61,0,2,0,0,3,7,224,12,184,2,123,171,0,0,3,14,685,2822,525,0,3,10,13,4,26,46,39,19,0,37,1,0,1,0,144,272,11,2,35,5,4
0,4,0,0,0,1,6,0,0,0,0,0,1,7,1,17,0,6,292,0,0,1,1,163,219,4027,0,0,0,4,0,3,6,1,13,0,3,0,0,0,0,6,168,0,0,166,0,0
0,0,0,0,0,0,0,0,0,79,24,0,2,0,0,0,1,1,0,0,1,0,0,0,0,0,698,2,0,0,0,0,0,0,0,0,0,7,18,14,1,0,0,0,0,5,13,14
0,0,0,0,0,2,0,4,0,16,35,20,0,1,2,4,8,1,0,9,332,11,26,2,0,0,11,2342,5,2,3,0,0,2,0,51,0,34,7,76,4,0,0,0,3,1,2,0
0,0,0,0,0,0,0,4,1009,37,34,73,68,0,0,12,391,0,0,57,19,144,19,0,0,0,16,25,8137,4,24,34,6,0,0,4,5,11,12,44,197,0,0,79,9,6,19,13
27,3,60,72,42,44,88,2,4,0,0,34,26,8,302,7,1,9,19,1,0,1,1,8,20,23,0,0,2,2768,42,36,10,110,123,0,35,0,0,0,1,65,25,28,208,27,0,0
0,0,1,1,1,10,0,11,31,0,0,14,10,0,3,57,1,2,3,1,1,11,3,3,9,3,0,1,11,19,2082,349,73,6,1,0,20,0,0,0,1,4,5,59,19,3,0,1
2,7,11,3,2,18,4,3,97,0,2,53,256,3,6,161,13,8,5,3,2,7,16,12,24,9,0,0,27,58,550,3458,498,4,8,0,9,1,1,0,2,5,16,80,20,12,4,3
0,0,0,0,0,0,0,0,23,0,0,0,6,0,0,14,1,0,0,0,0,1,0,3,6,6,0,0,9,6,23,90,767,0,0,0,0,0,0,0,2,0,5,2,1,5,0,0
22,14,86,73,64,41,10,0,0,0,0,0,0,21,139,1,0,6,3,0,0,0,0,3,2,1,0,0,0,15,1,0,0,1028,32,0,4,0,0,0,0,15,16,0,6,0,0,0
0,0,3,13,1,0,21,0,0,0,0,0,0,0,0,0,0,1,2,0,0,0,0,0,3,0,0,0,0,2,0,0,0,4,458,0,1,0,0,0,0,0,0,0,2,0,0,0
1,1,0,1,0,1,1,92,0,2,20,31,0,0,2,0,0,0,1,9,10,4,13,0,1,0,4,23,0,2,0,0,0,0,0,1263,0,4,3,21,5,0,0,0,1,0,1,0
62,25,37,21,18,23,49,0,1,0,0,4,12,28,9,6,0,599,20,1,1,0,1,23,40,50,0,0,4,30,20,6,2,31,19,1,3424,0,0,0,1,22,47,32,41,1,0,2
0,0,0,0,0,0,0,0,0,48,1,3,0,0,0,0,3,0,0,53,0,1,1,0,0,0,36,2,0,0,0,0,0,0,0,0,0,4470,157,40,83,0,0,0,0,0,649,19
0,0,0,0,0,0,0,0,0,61,0,0,0,0,0,0,0,0,0,5,0,0,1,0,0,0,13,0,0,0,0,0,0,0,0,0,0,63,1495,6,0,0,0,0,0,0,6,17
0,0,2,0,1,2,0,9,1,92,294,69,1,0,0,0,13,1,0,16,14,7,5,0,5,0,68,52,2,0,0,0,0,2,0,52,0,25,8,1862,27,0,0,0,0,1,19,3
0,0,1,0,0,0,0,2,2,1,5,39,0,0,0,0,2,0,0,60,0,2,1,0,0,0,1,0,17,0,0,0,0,0,0,5,0,9,0,11,376,0,0,1,0,0,13,0
2,2,17,12,1,35,1,0,0,0,0,0,0,12,21,4,0,15,3,0,0,0,0,28,27,2,0,0,0,1,0,0,0,10,7,0,1,0,0,0,0,190,15,0,7,1,0,0
0,7,10,6,1,29,1,0,0,0,0,0,0,11,24,22,1,43,28,0,0,0,1,97,88,117,0,0,0,12,9,1,1,60,15,0,13,0,0,0,0,44,1208,2,30,7,0,0
0,0,0,0,0,3,0,13,35,0,2,55,41,1,2,2,8,2,0,92,0,0,4,0,0,0,0,1,11,15,32,13,1,0,0,2,28,2,0,2,44,0,3,1042,12,1,5,3
5,1,7,44,0,11,7,0,4,0,0,4,0,2,30,9,1,7,3,0,0,0,1,6,4,5,0,0,0,100,9,4,1,6,60,0,40,0,0,0,0,38,10,7,1776,0,0,0
0,0,1,0,0,1,0,0,0,0,1,0,4,13,0,2,0,22,6,0,0,0,3,25,12,75,11,0,0,2,0,0,1,4,0,0,0,0,0,0,0,2,23,0,0,1006,0,0
0,0,1,0,0,1,0,0,0,11,7,18,2,0,0,0,2,0,0,17,2,1,2,0,1,0,26,0,1,0,0,0,0,0,0,2,0,441,42,13,39,0,0,6,0,0,2127,42
0,0,0,0,0,0,0,0,0,1,0,0,1,0,0,0,0,0,0,0,0,0,0,0,0,0,2,0,0,0,0,0,0,0,0,0,0,3,9,0,0,0,0,0,0,0,3,93
