0.65388,0.7287,0.42347,0.6665,0.39733,0.49899,0.63656,0.49719,0.76009,0.54627,0.51801,0.60712,0.6303,0.50019,0.39774,0.38683,0.55789,0.71278,0.54768,0.78514,0.59934,0.95886,0.8606,0.50253,0.62856,0.75479,0.70964,0.90637,0.87312,0.85444,0.70612,0.83386,0.52856,0.52865,0.44295,0.86477,0.82534,0.87625,0.83754,0.81719,0.37288,0.20496,0.57307,0.63625,0.77539,0.69689,0.73614,0.37805
0.71138
1432,35,130,288,152,7,121,0,0,0,0,0,0,7,5,0,0,62,0,0,0,0,0,1,0,0,0,0,0,0,0,0,0,46,12,0,21,0,0,0,0,4,0,0,0,0,0,0
33,2087,77,0,141,1,123,0,0,0,0,0,0,324,0,1,0,3,74,0,0,0,4,64,21,15,0,0,0,2,1,0,0,12,1,0,1,0,0,0,0,0,3,0,0,0,0,0
79,75,866,52,70,186,81,0,11,0,0,2,1,102,31,13,20,17,0,3,0,10,3,18,57,4,1,4,3,4,1,2,0,103,14,0,9,1,0,6,3,61,3,3,3,2,2,1
356,0,37,1327,29,10,40,0,0,0,0,0,0,0,58,0,0,21,0,0,0,0,0,1,0,0,0,0,0,17,0,0,0,101,114,0,24,0,0,0,0,7,1,0,46,0,0,0
32,25,17,5,447,1,2,0,0,0,0,0,0,3,0,0,0,1,1,0,0,0,0,1,0,0,0,0,0,1,0,0,0,19,0,0,0,0,0,0,0,0,0,0,0,0,0,0
24,22,238,42,20,1233,28,0,2,0,0,1,1,46,175,49,1,43,4,0,1,3,0,32,205,2,0,0,1,46,11,4,2,116,28,0,18,0,0,0,1,107,19,9,27,2,1,0
73,54,68,7,26,3,1459,0,0,0,0,0,0,11,0,0,0,4,35,0,0,0,0,0,7,3,0,0,0,0,0,0,0,3,29,0,7,0,0,0,0,10,0,0,0,0,0,0
0,0,0,1,0,1,0,177,1,0,6,10,1,0,3,0,0,0,0,0,2,0,1,0,0,0,0,0,0,0,1,0,0,0,0,11,0,0,0,0,0,0,1,0,1,1,1,0
0,0,1,0,0,1,0,4,4312,19,15,99,189,0,1,12,68,4,0,24,29,39,11,1,5,0,5,3,911,11,38,66,30,0,0,0,8,3,4,7,29,0,3,142,24,20,9,22
0,0,0,0,0,0,0,0,0,490,2,0,0,0,0,0,0,0,0,0,0,0,0,0,0,0,50,1,0,0,0,0,0,0,0,0,0,6,26,25,1,0,0,0,0,0,4,0
1,0,1,0,0,3,0,8,0,11,561,23,4,0,0,0,0,1,1,7,28,4,10,2,8,0,41,7,1,0,0,1,0,4,0,7,0,6,0,97,7,0,0,1,1,8,0,1
0,1,0,0,0,14,0,37,51,0,51,1006,41,1,0,7,3,0,1,7,7,4,2,4,9,1,3,1,8,15,16,10,2,0,1,18,2,1,0,15,64,4,1,66,1,2,9,0
0,1,1,0,0,2,0,0,34,0,6,27,1144,1,0,3,1,8,1,0,1,0,12,3,17,3,0,0,2,11,6,24,4,0,1,0,4,0,0,0,1,1,11,12,0,10,2,4
11,329,178,7,90,53,75,0,0,0,0,0,0,1335,4,3,0,122,119,0,0,0,1,229,138,7,0,0,0,1,0,1,0,114,20,0,14,0,0,0,0,34,10,0,0,12,0,0
4,0,5,13,2,16,0,0,0,0,0,0,0,0,564,0,0,0,0,0,0,1,0,0,0,0,0,0,0,45,0,0,1,26,6,0,0,0,0,0,0,10,2,1,11,0,0,0
0,0,4,0,0,8,0,0,3,0,0,0,0,1,2,417,1,0,0,0,0,0,0,2,19,3,0,0,0,0,14,35,15,0,1,0,3,0,0,0,0,2,5,2,3,0,0,0
0,0,1,0,0,1,0,0,11,1,1,5,0,0,0,15,795,1,0,13,2,18,3,0,1,2,0,1,36,0,6,2,2,0,0,0,1,0,0,4,17,0,0,8,8,1,1,0
16,29,19,7,5,71,17,0,2,0,1,0,0,83,10,10,2,3107,9,0,0,1,1,67,94,7,0,0,0,9,2,1,1,12,11,0,407,0,1,0,0,46,65,4,5,3,1,0
0,28,3,0,0,0,56,0,0,0,0,0,0,45,0,2,0,2,1321,0,0,0,0,79,26,120,0,0,0,0,0,0,2,1,15,0,0,0,0,0,0,3,36,0,0,2,0,0
0,0,0,0,0,0,0,1,1,1,0,16,0,0,0,0,10,0,0,1458,0,7,0,0,0,0,0,1,5,0,0,0,0,0,0,15,0,6,2,8,86,0,0,24,0,0,0,1
0,0,0,0,1,1,0,5,1,0,38,3,0,0,0,3,2,1,0,1,727,0,2,0,2,0,5,76,0,5,0,0,0,2,0,3,3,3,0,2,0,1,0,0,1,5,3,0
0,0,0,0,0,0,0,0,38,0,0,10,0,0,1,12,62,0,0,7,1,7272,24,0,2,0,1,1,116,0,6,2,0,0,0,1,0,0,0,0,5,0,0,5,8,2,0,0
0,7,3,1,7,6,4,2,1,1,2,10,9,11,1,6,25,8,3,10,12,10,1210,8,12,13,0,29,0,7,5,5,2,3,4,26,0,1,2,17,3,2,4,9,4,36,3,0
0,55,40,0,7,104,26,0,0,0,1,0,2,371,5,11,0,95,252,0,0,0,2,1586,574,310,0,0,0,1,0,2,2,69,20,0,5,0,0,0,0,89,143,0,3,59,0,0
0,53,109,1,5,525,66,0,4,0,2,4,7,223,15,172,2,121,186,0,0,3,15,683,2804,532,0,1,8,16,5,19,44,45,21,0,39,1,0,1,0,149,254,13,1,43,5,4
0,5,0,0,0,1,6,0,0,0,0,0,1,7,1,15,0,10,301,0,0,1,1,170,215,4017,0,0,0,4,2,1,10,1,10,0,2,0,0,0,0,5,168,0,0,162,0,0
0,0,0,0,0,0,0,0,0,78,25,0,2,0,0,0,0,1,0,0,1,0,0,0,0,0,699,2,0,0,0,0,0,0,0,0,0,7,18,17,1,0,0,0,0,5,8,16
0,0,1,0,0,0,0,7,0,15,41,20,0,0,2,2,7,1,0,8,337,14,25,2,0,0,9,2333,5,1,3,0,0,2,0,48,0,38,5,78,6,1,0,0,3,2,0,0
0,0,1,0,0,0,0,4,1002,39,28,91,68,0,0,12,384,0,0,58,19,156,17,0,0,0,11,31,8113,2,22,33,10,0,0,4,5,11,11,51,216,0,0,69,9,6,15,14
30,4,61,71,38,47,92,1,4,0,0,32,27,4,295,8,1,10,22,0,1,1,3,13,14,22,0,0,3,2753,44,36,10,112,127,0,34,0,0,0,1,77,21,25,212,26,0,0
0,1,1,1,1,10,0,11,34,0,0,18,11,1,2,74,0,3,4,2,2,14,4,1,8,3,0,1,7,15,2076,343,67,5,2,0,18,0,0,0,1,3,5,57,21,3,0,0
1,4,11,1,1,22,6,3,94,0,2,43,245,4,8,166,11,9,5,3,4,9,19,6,28,7,0,0,26,58,584,3458,473,5,9,0,9,0,2,0,5,3,17,86,19,12,5,0
0,0,0,0,0,0,0,0,23,0,0,0,6,0,0,18,0,0,1,0,0,1,0,2,4,7,0,0,8,7,23,83,768,0,0,0,0,0,0,0,1,0,8,3,3,4,0,0
24,14,89,68,60,40,8,0,0,0,0,0,0,19,143,1,0,9,3,0,0,0,0,5,2,1,0,0,0,17,0,0,0,1024,36,0,2,0,0,0,0,19,13,0,6,0,0,0
0,0,3,11,1,0,21,0,0,0,0,0,0,0,0,0,0,1,1,0,0,0,0,0,3,0,0,0,0,2,0,0,0,4,462,0,1,0,0,0,0,0,0,0,1,0,0,0
0,1,0,2,0,1,1,75,0,3,16,34,0,0,0,0,1,0,0,11,12,5,12,0,1,0,3,25,0,2,0,0,0,0,0,1279,0,6,3,18,3,0,0,1,1,0,1,0
65,24,39,25,20,20,48,0,0,0,0,3,12,29,8,6,0,609,18,0,1,0,1,26,47,50,0,0,6,29,24,4,2,27,18,1,3407,0,0,0,0,21,46,36,41,0,0,0
0,0,0,0,0,0,0,0,0,55,0,2,0,0,0,0,3,0,0,50,0,1,1,0,0,0,41,2,0,0,0,0,0,0,0,0,0,4475,156,40,76,0,0,0,0,0,646,18
0,0,0,0,0,0,0,0,0,65,0,0,0,0,0,0,0,0,0,6,0,0,1,0,0,0,10,0,0,0,0,0,0,0,0,0,0,58,1495,6,0,0,0,0,0,0,9,17
0,0,4,0,0,2,0,8,1,104,268,73,1,1,0,1,11,0,0,17,23,7,8,0,4,0,72,53,2,0,0,0,0,3,0,55,0,24,7,1864,23,0,0,1,0,0,13,3
0,0,1,0,0,0,0,0,2,2,3,41,0,0,0,0,2,0,0,62,0,1,1,0,0,0,0,1,17,0,0,0,0,0,0,5,0,11,1,11,374,0,0,2,0,0,11,0
4,2,21,12,1,31,2,0,0,0,0,0,0,12,20,2,0,12,6,0,0,0,0,27,28,2,0,0,1,2,0,0,0,6,8,0,2,0,0,0,0,190,15,0,7,1,0,0
1,8,8,5,1,32,0,0,0,0,0,0,0,12,35,18,1,45,31,0,0,0,1,92,96,113,0,0,1,13,8,2,1,62,12,0,12,0,0,0,0,41,1196,1,32,8,0,0
0,0,0,0,0,3,0,13,37,0,3,62,36,1,3,3,8,2,0,93,1,0,4,0,1,0,0,1,11,15,30,10,1,1,0,4,28,1,0,0,45,0,3,1039,11,1,3,3
4,0,5,44,0,12,10,0,4,0,0,3,0,1,26,11,1,7,6,0,0,1,1,6,4,5,0,0,0,109,12,3,3,5,60,0,41,0,0,0,0,34,6,7,1771,0,0,0
0,0,1,0,0,2,0,0,0,0,6,0,4,14,0,4,0,19,7,0,0,0,2,25,5,73,6,0,0,2,0,0,1,4,1,0,1,0,0,0,0,3,27,0,0,1007,0,0
0,0,1,0,0,1,0,0,0,12,5,19,3,0,0,1,3,0,0,17,2,1,4,0,0,0,26,0,1,0,0,0,0,0,0,2,0,445,44,14,34,0,1,7,0,0,2112,49
0,0,0,0,0,0,0,0,0,1,0,0,0,0,0,0,0,0,0,0,0,0,0,0,0,0,2,0,0,0,0,0,0,0,0,0,0,3,8,0,0,0,0,0,0,0,5,93
