0.62192,0.64485,0.32685,0.58768,0.32325,0.45747,0.52895,0.2549,0.70938,0.45358,0.36592,0.51567,0.53722,0.39313,0.29284,0.28006,0.47026,0.65373,0.4506,0.7578,0.54907,0.96372,0.76832,0.41468,0.58418,0.71713,0.58952,0.86813,0.86287,0.78458,0.59112,0.75348,0.40701,0.42433,0.31227,0.77034,0.73433,0.85829,0.82108,0.72891,0.25738,0.16695,0.45278,0.54551,0.68391,0.59859,0.64033,0.26426
0.63435
1186,49,130,344,187,4,192,0,0,0,0,0,0,25,11,0,0,73,0,0,0,0,0,0,0,0,0,0,0,5,0,0,0,64,16,0,31,0,0,0,0,5,0,0,1,0,0,0
45,1921,72,2,151,2,146,0,0,0,0,0,0,389,0,5,0,13,105,0,0,1,4,78,6,17,0,0,0,0,0,1,0,18,4,0,0,0,0,0,0,1,7,0,0,0,0,0
77,108,605,77,72,186,116,0,7,1,1,3,0,119,36,38,38,24,5,1,0,4,2,14,54,3,1,6,13,3,2,0,0,132,34,0,9,6,0,11,2,107,3,1,2,1,2,1
302,1,27,1193,29,5,66,0,0,0,0,0,1,2,83,0,0,39,0,0,0,0,0,0,0,0,0,0,0,23,0,0,0,151,123,0,25,0,0,0,0,9,0,1,109,0,0,0
32,27,29,4,406,1,8,0,0,0,0,0,0,16,1,0,0,4,1,0,0,0,0,0,0,0,0,0,0,2,0,0,0,21,1,0,0,0,0,0,0,0,2,0,0,0,0,0
20,24,218,57,27,1065,41,1,4,0,1,1,2,56,214,60,1,47,6,0,2,4,4,25,217,2,0,1,0,52,7,4,3,142,33,0,19,0,0,0,1,157,12,13,21,0,0,0
87,82,64,14,30,3,1361,0,0,0,0,0,0,14,1,0,0,6,50,0,0,0,0,4,5,5,0,0,0,1,0,1,0,2,52,0,6,0,0,0,0,11,0,0,0,0,0,0
0,0,1,0,0,1,0,169,0,0,6,5,0,0,3,0,1,1,0,0,3,0,0,0,1,0,3,0,0,0,1,1,0,1,0,20,0,0,0,0,0,0,0,0,1,0,1,0
0,0,0,0,0,0,0,11,4169,9,20,118,203,0,0,26,93,2,0,18,28,31,13,0,2,0,7,1,868,11,76,105,73,0,1,0,12,1,3,1,44,1,2,138,30,22,6,24
0,0,0,0,0,0,0,0,0,425,2,0,0,0,0,0,0,0,0,0,0,0,0,0,0,0,73,1,0,0,0,0,0,0,0,0,0,15,44,33,3,0,0,0,0,0,3,6
0,0,2,0,0,3,0,47,0,13,423,31,4,1,1,0,2,1,0,6,35,6,14,2,8,0,61,15,3,0,2,0,0,0,0,18,0,6,1,130,2,0,1,1,1,10,3,2
0,0,1,0,0,12,1,92,60,0,59,806,48,2,0,6,12,0,1,15,7,8,7,5,7,1,2,5,21,17,54,22,2,0,1,38,2,4,0,25,54,2,1,78,1,3,3,1
0,0,1,0,1,1,0,0,48,0,7,28,1032,1,1,2,2,7,3,0,1,0,28,3,16,10,0,0,3,9,12,36,9,1,0,0,26,0,0,1,0,1,16,23,0,19,3,7
9,415,202,4,104,44,89,0,0,0,0,0,0,1065,5,5,0,184,141,0,0,0,2,224,107,5,0,0,0,1,1,0,1,139,36,0,22,0,0,0,0,41,44,0,0,17,0,0
4,0,5,16,5,29,1,0,0,0,0,0,0,0,499,1,0,0,0,0,0,1,0,0,0,0,0,0,0,59,0,1,2,37,7,0,1,0,0,0,0,7,1,0,30,1,0,0
0,0,4,0,0,16,0,0,5,0,0,1,0,0,1,396,4,1,0,0,1,1,0,2,24,3,0,0,0,2,24,30,8,0,1,0,3,0,0,0,0,0,8,2,1,2,0,0
0,0,0,0,0,0,0,1,22,0,2,6,1,0,0,21,759,1,0,17,1,16,5,0,1,1,0,1,36,0,4,5,4,0,0,0,0,0,0,4,27,0,0,14,7,1,0,0
6,53,39,14,7,77,26,0,3,0,0,0,0,118,5,16,1,2662,17,0,0,2,3,70,171,7,0,0,0,10,0,1,2,13,11,0,652,0,1,0,0,46,84,4,5,0,0,0
0,35,6,0,2,1,64,0,0,0,0,0,0,62,2,4,0,0,1204,0,0,0,0,89,26,148,0,0,0,0,0,1,0,1,42,0,2,0,0,0,0,6,45,0,0,1,0,0
0,0,0,0,0,0,0,2,0,2,4,21,0,0,0,0,8,0,0,1361,0,5,3,0,0,0,0,2,4,0,0,0,0,0,0,16,0,4,3,12,168,0,0,24,0,0,2,1
1,0,0,1,0,1,0,23,1,0,62,4,0,0,4,2,2,4,0,2,649,0,6,0,1,0,11,85,0,5,1,0,0,1,1,4,7,2,0,6,0,0,0,0,1,8,1,0
0,0,1,0,0,1,0,2,52,0,0,16,0,0,0,22,74,0,0,4,1,7173,28,0,0,0,1,0,167,0,4,1,0,0,0,1,0,0,0,0,16,0,0,3,5,4,0,0
0,7,8,2,1,6,3,2,1,1,10,15,25,11,1,10,38,4,2,11,10,15,1038,10,9,18,1,58,0,8,14,7,3,3,5,44,3,4,5,42,2,3,4,11,7,48,7,7
0,67,49,0,9,78,42,0,0,0,0,0,0,388,7,21,0,139,304,0,0,0,3,1164,679,295,0,0,0,2,0,1,8,76,38,0,15,0,0,0,0,128,202,0,2,117,0,0
2,95,93,4,1,511,95,0,6,0,5,3,9,272,14,218,3,113,217,0,1,3,23,590,2585,515,0,2,7,15,7,23,59,50,39,1,53,0,2,1,0,197,280,22,0,58,3,4
0,3,0,0,0,0,14,0,0,0,0,0,2,4,4,29,0,10,481,0,0,0,6,240,184,3572,0,0,0,3,0,2,11,1,39,0,3,0,0,0,0,9,255,0,0,244,0,0
0,0,0,0,0,0,0,0,0,112,34,1,1,0,0,1,1,0,0,0,0,0,0,0,1,0,619,3,0,0,0,0,0,0,0,0,0,9,17,27,1,0,0,0,0,3,18,32
0,0,0,0,0,1,0,23,1,26,120,15,0,0,4,4,24,1,0,7,347,8,32,1,3,0,16,2054,6,4,1,0,0,0,0,89,0,14,8,181,8,3,0,1,6,6,2,0
0,0,0,0,0,0,0,15,1210,40,44,152,73,0,0,25,489,0,0,35,32,133,18,0,0,0,17,14,7639,0,28,51,12,0,0,1,2,17,7,20,288,0,0,93,10,6,20,21
30,2,65,111,76,74,147,5,3,0,0,24,37,8,483,10,1,8,28,0,3,1,8,22,14,50,0,0,0,1974,66,31,15,146,227,0,67,0,0,0,0,116,32,32,362,4,0,0
0,1,4,0,0,10,0,34,38,0,0,21,21,0,2,119,1,2,2,1,0,12,13,6,9,7,0,0,9,26,1784,430,110,3,6,0,30,0,0,0,1,4,12,86,19,6,0,1
0,5,9,1,4,21,7,22,150,0,0,37,363,0,4,259,6,13,9,2,2,7,18,7,30,12,0,1,16,56,799,2705,663,11,10,0,10,0,1,0,5,6,26,129,29,22,5,1
0,0,0,0,0,0,0,0,29,0,0,1,5,0,0,33,0,1,1,0,0,0,8,1,8,5,0,0,10,10,52,104,685,0,0,0,0,0,0,0,0,1,7,3,2,4,0,0
29,17,108,84,104,35,15,0,0,0,0,0,0,41,194,1,0,8,3,0,0,0,0,1,2,0,0,0,0,15,0,0,0,844,42,0,6,0,0,0,0,36,11,0,7,0,0,0
1,1,1,20,3,0,36,0,0,0,0,0,0,0,0,0,0,1,3,0,0,0,0,0,0,0,0,0,0,4,0,0,0,9,420,0,1,0,0,0,0,8,0,0,3,0,0,0
0,0,2,0,0,2,0,163,0,5,33,28,0,1,1,0,3,1,0,9,23,3,16,2,1,1,3,40,0,1,0,0,0,1,1,1117,0,0,4,49,5,0,0,0,1,0,1,0
73,54,75,35,34,35,76,3,4,0,0,3,13,67,3,12,0,614,32,0,3,2,2,44,50,65,0,0,4,38,24,7,4,28,34,0,3046,0,0,0,0,47,63,57,62,0,0,0
0,0,0,0,0,0,0,0,0,78,3,3,0,0,0,0,5,0,0,80,0,0,2,0,0,0,67,0,1,0,0,0,0,0,0,0,0,3961,155,60,114,0,0,0,0,0,964,73
0,0,0,0,0,0,0,0,0,84,0,0,0,0,0,0,6,0,0,5,0,0,0,0,0,0,28,1,0,0,0,0,0,0,0,0,0,69,1340,4,1,0,0,0,0,0,16,113
0,0,1,0,0,3,0,24,1,122,298,88,1,1,0,2,16,0,0,18,30,5,11,0,5,1,91,72,2,0,0,0,0,1,0,91,0,29,4,1702,21,0,0,0,0,1,9,3
0,0,0,0,0,0,0,4,2,3,6,45,0,0,0,0,3,0,0,92,0,2,2,0,0,0,1,2,28,0,0,0,0,0,0,5,0,9,0,14,305,0,0,9,0,0,16,0
2,3,14,18,1,48,13,0,0,0,0,0,0,13,33,3,0,13,5,0,0,0,0,25,48,0,0,0,1,2,0,0,0,12,15,0,1,0,0,0,0,113,25,0,6,0,0,0
0,9,8,2,0,27,3,0,0,0,0,0,0,22,41,32,1,44,43,0,0,0,0,133,124,149,0,0,0,20,5,2,2,68,17,0,16,0,0,0,0,72,1002,3,29,14,0,0
0,0,1,1,0,2,0,17,52,0,2,59,68,0,4,4,11,2,0,90,0,0,13,0,3,0,1,2,14,14,36,11,3,0,2,5,32,2,2,0,57,2,7,935,15,1,4,3
1,0,6,26,0,19,11,3,7,0,0,3,0,0,42,24,5,4,2,0,0,0,1,8,9,4,0,0,0,120,14,4,3,12,87,0,46,0,0,0,0,38,9,14,1679,1,0,0
0,0,0,0,2,1,0,0,2,0,8,0,3,11,0,3,0,25,7,0,0,0,9,37,15,85,5,0,0,4,0,2,1,1,0,0,0,0,0,0,0,3,52,1,1,935,0,1
0,0,0,0,0,3,0,0,0,15,6,25,7,0,0,0,4,0,0,22,3,0,9,0,0,0,41,0,1,0,0,0,0,0,0,0,0,458,27,12,60,0,0,16,0,3,1953,139
0,0,0,0,0,0,0,0,0,1,0,0,2,0,0,0,0,0,0,0,0,0,0,0,0,0,1,0,0,0,0,1,0,0,0,0,0,5,8,0,0,0,0,0,0,0,8,86
