0.62333,0.68507,0.37809,0.61531,0.36092,0.45784,0.56906,0.33792,0.73249,0.49784,0.43852,0.58804,0.58645,0.44649,0.33799,0.35609,0.54584,0.69648,0.50201,0.77927,0.58858,0.963,0.82907,0.47323,0.60586,0.72502,0.6497,0.88605,0.86055,0.824,0.66781,0.80026,0.45245,0.4892,0.3934,0.83584,0.81643,0.86949,0.83649,0.77203,0.30723,0.15769,0.54183,0.57434,0.75066,0.62293,0.69938,0.24185
0.67697
1400,42,144,274,146,10,143,0,0,0,0,0,0,16,6,0,0,53,0,0,0,0,0,0,0,0,0,0,0,2,0,0,0,52,14,0,18,0,0,0,0,3,0,0,0,0,0,0
45,2023,63,0,152,4,123,0,0,0,0,0,0,331,0,2,0,8,89,0,0,2,3,72,22,18,0,0,0,2,1,0,0,18,1,0,3,0,0,0,0,2,4,0,0,0,0,0
91,84,749,66,75,193,93,0,11,1,0,0,1,104,29,19,28,16,4,4,0,9,1,23,56,6,1,4,10,8,1,2,1,113,18,1,8,3,0,7,4,70,5,1,3,1,2,1
402,0,43,1214,29,8,57,0,0,0,0,0,1,0,75,0,0,29,0,0,0,0,0,0,0,0,0,0,0,19,0,0,0,114,117,0,14,0,0,0,0,11,1,1,54,0,0,0
38,27,19,7,423,1,3,0,0,0,0,0,0,11,0,0,0,3,1,0,0,0,0,0,0,0,0,0,0,1,0,0,0,19,0,0,1,0,0,0,0,0,1,0,0,0,0,0
23,20,241,45,22,1162,41,1,3,0,0,1,1,38,225,46,2,42,7,0,2,3,3,26,193,3,0,0,0,55,7,3,3,125,29,0,19,0,0,0,1,129,12,12,18,1,0,0
82,64,73,13,27,5,1405,0,0,0,0,0,0,16,0,0,0,5,46,0,0,0,0,1,7,4,0,0,0,1,0,0,0,3,33,0,6,0,0,0,0,8,0,0,0,0,0,0
0,0,1,0,0,1,0,172,0,0,7,6,0,0,4,0,0,0,0,0,4,0,0,0,1,0,1,0,0,0,1,0,0,0,0,16,0,1,0,0,1,1,0,0,0,1,1,0
0,0,0,0,0,0,0,8,4184,7,12,94,204,0,1,23,63,3,0,16,28,36,12,0,1,1,12,3,983,7,31,76,66,0,0,0,10,0,3,4,39,1,2,162,28,18,10,21
0,0,0,0,0,0,0,0,0,460,2,0,0,0,0,0,0,0,0,0,0,0,0,0,0,0,66,1,0,0,0,0,0,0,0,0,0,11,20,37,2,0,0,0,0,0,3,3
0,0,2,1,0,1,0,17,0,13,510,27,3,0,0,1,0,1,0,7,38,8,10,3,4,0,46,10,2,0,1,1,0,5,0,9,0,6,0,100,6,0,0,2,0,16,4,1
0,1,3,0,0,10,0,57,65,0,61,875,45,1,0,7,5,0,2,13,10,8,6,3,5,3,3,2,15,18,32,11,5,0,1,19,3,3,0,20,76,4,3,81,0,2,8,0
0,0,0,0,0,3,0,0,43,0,6,23,1099,2,0,0,0,8,2,0,1,0,18,2,18,8,0,0,2,11,6,36,8,1,1,0,5,0,0,0,2,0,18,16,1,11,2,5
16,423,187,7,96,54,90,0,0,0,0,0,0,1118,4,4,0,144,125,0,0,0,1,241,153,12,0,0,0,2,1,0,1,121,21,0,9,0,0,0,0,44,16,0,0,17,0,0
5,0,6,18,3,19,0,0,0,0,0,0,0,0,532,0,0,0,0,0,0,1,0,0,0,0,0,0,0,59,0,0,2,31,6,0,0,0,0,0,0,11,1,0,12,1,0,0
0,1,3,0,0,15,0,0,4,0,0,0,0,1,0,412,4,1,0,0,0,0,0,5,17,3,0,0,0,1,20,31,10,0,1,0,4,0,0,0,0,0,3,2,2,0,0,0
0,0,0,0,0,1,0,0,14,0,2,9,0,0,0,16,774,1,0,15,2,12,5,0,2,1,0,2,43,0,3,6,4,0,0,1,1,0,0,3,23,0,0,11,5,1,0,0
9,38,40,12,8,76,24,0,1,0,1,0,0,105,12,11,0,2990,16,0,0,0,3,75,141,8,0,0,0,10,1,0,2,11,14,0,400,0,0,1,0,52,51,8,3,1,0,2
0,28,3,0,0,0,62,0,0,0,0,0,0,62,0,2,0,2,1247,0,0,0,0,85,31,139,0,0,0,0,0,0,3,1,29,0,2,0,0,0,0,5,39,0,0,1,0,0
0,0,0,0,0,0,0,0,1,1,2,13,0,0,0,0,9,0,0,1391,0,6,1,0,0,0,0,1,4,0,0,0,0,0,0,18,0,2,2,9,147,0,0,32,0,0,1,2
1,0,0,0,0,0,0,9,2,1,46,4,0,0,1,2,0,1,0,0,701,1,6,0,3,1,3,84,0,4,0,1,1,1,1,3,3,2,0,4,0,0,0,0,0,7,3,0
0,0,0,0,0,1,0,1,43,0,1,9,0,0,1,12,64,0,0,4,0,7235,21,0,1,0,0,5,142,0,5,6,1,0,0,1,0,0,0,0,8,0,0,5,7,3,0,0
1,8,4,2,4,5,2,0,2,1,4,13,13,11,2,6,27,7,1,10,9,11,1135,7,13,16,0,44,0,10,9,6,5,1,8,33,2,2,3,24,5,2,5,7,6,47,8,3
0,63,39,1,4,119,41,0,0,0,0,0,0,357,6,14,0,110,265,0,0,0,2,1370,611,323,0,0,0,2,1,0,7,73,23,0,13,0,0,0,0,120,168,0,1,101,0,0
0,78,105,1,5,574,96,0,3,0,3,3,8,208,14,191,1,114,207,1,0,1,17,596,2687,553,0,0,4,7,5,27,58,50,17,1,35,1,0,1,0,164,288,16,1,47,6,7
0,6,0,1,0,1,15,0,0,0,0,0,1,3,4,21,0,10,363,0,0,0,2,159,198,3868,0,0,0,4,0,3,14,1,20,0,0,0,0,0,0,5,185,0,0,232,0,0
0,0,0,0,0,0,0,0,0,106,28,0,4,0,0,0,0,0,0,0,1,0,0,0,1,0,651,4,0,0,0,0,0,0,0,0,0,7,11,22,1,0,0,0,0,7,16,21
0,0,2,0,0,2,0,14,0,19,52,25,0,0,2,2,10,1,0,7,321,10,28,1,1,0,16,2255,6,2,2,0,0,0,1,48,1,32,3,135,9,0,0,1,2,3,3,0
0,0,0,0,0,0,0,10,1080,32,28,84,70,0,0,10,375,0,0,39,28,126,17,0,0,0,21,26,8053,2,22,44,13,0,0,2,5,14,9,18,236,0,0,98,7,7,21,15
25,2,52,107,61,50,131,3,2,0,0,20,34,3,349,9,1,5,25,0,3,2,3,12,12,60,0,0,3,2472,47,35,10,109,159,0,47,0,0,0,1,105,19,26,261,17,0,0
0,1,1,1,1,16,0,23,47,0,0,10,10,1,2,85,4,3,4,2,1,11,7,1,6,6,0,1,10,25,1950,368,89,5,3,0,21,0,0,0,0,5,5,74,25,6,0,0
0,1,16,2,1,27,5,15,135,0,3,46,293,4,3,189,14,9,7,2,3,10,18,6,35,13,0,0,30,63,665,3073,589,3,9,0,6,0,1,0,7,1,22,102,27,19,6,3
0,0,0,0,0,0,0,0,26,0,0,0,5,0,0,19,0,0,0,0,0,1,3,0,9,8,0,0,11,6,27,89,747,0,0,0,2,0,0,0,0,1,4,2,4,6,0,0
27,13,101,82,79,38,13,0,0,0,0,0,0,28,173,0,0,8,3,0,0,0,0,5,3,1,0,0,0,19,1,0,0,929,37,0,2,0,0,0,0,24,9,2,6,0,0,0
1,0,4,14,2,0,33,0,0,0,0,0,0,0,0,0,0,0,2,0,0,0,0,0,1,0,0,0,0,3,0,0,0,5,441,0,1,0,0,0,0,2,0,0,2,0,0,0
0,1,0,0,1,2,0,147,0,4,24,26,0,0,1,0,1,1,0,12,19,4,20,0,0,0,2,35,1,2,0,0,0,0,0,1166,0,3,5,33,3,1,0,0,2,0,1,0
69,21,37,38,31,40,73,0,2,0,0,2,17,45,2,8,0,635,25,0,1,0,3,37,43,54,0,0,7,36,25,7,3,24,21,1,3269,0,0,0,0,19,45,36,36,1,0,0
0,0,0,0,0,0,0,0,0,65,2,1,0,0,0,0,2,0,0,66,0,0,1,0,0,0,46,1,1,0,0,0,0,0,0,1,0,4317,159,45,82,0,0,0,0,0,736,41
0,0,0,0,0,0,0,0,0,94,0,0,0,0,0,0,0,0,0,5,0,0,0,0,0,0,16,1,0,0,0,0,0,0,0,0,0,65,1412,3,1,0,0,0,0,0,11,59
0,0,3,0,0,3,0,13,1,108,353,76,1,0,0,1,11,1,0,21,17,15,10,1,4,1,76,65,0,0,0,0,0,1,0,66,0,40,5,1700,38,0,0,0,0,1,17,4
0,0,0,0,0,0,0,1,2,3,5,36,0,0,0,0,2,0,0,73,0,1,1,0,0,0,0,0,18,0,0,0,0,0,0,5,0,8,0,18,357,0,0,6,0,0,12,0
4,2,24,15,1,45,6,0,0,0,0,1,0,11,27,1,0,10,4,0,0,0,0,33,32,2,0,0,0,3,0,0,0,9,8,0,2,0,0,0,0,151,16,0,6,1,0,0
0,6,9,6,0,33,4,0,0,0,0,0,0,15,45,19,1,46,31,0,0,0,0,87,103,134,0,0,0,10,6,3,1,65,10,0,12,0,0,0,0,57,1140,2,30,13,0,0
0,0,1,0,0,2,0,15,37,0,2,64,54,0,3,3,13,0,0,78,0,0,6,0,0,0,2,0,12,20,35,11,2,0,0,3,39,3,0,2,58,1,4,985,14,2,3,3
7,0,5,46,0,17,7,3,3,0,0,1,0,1,50,18,4,8,3,0,0,0,1,8,10,4,0,0,0,112,14,1,5,5,78,0,41,0,0,0,0,37,6,12,1695,0,0,0
0,0,1,0,1,0,2,0,0,0,3,0,2,12,1,4,0,18,5,0,0,0,5,36,10,85,7,0,0,2,1,0,1,4,0,0,0,0,0,0,0,4,32,0,0,978,0,0
0,0,0,0,0,0,0,0,1,9,6,19,7,0,0,0,3,0,0,19,2,0,0,0,1,0,29,1,1,0,0,0,0,0,0,1,0,443,44,16,55,0,0,13,0,1,2045,88
0,0,0,0,0,0,0,0,0,0,0,0,1,0,0,0,0,0,0,0,0,0,0,0,0,0,4,0,0,0,0,0,0,0,0,0,0,2,11,0,0,0,0,0,0,0,5,89
