0.59815,0.63454,0.3377,0.53239,0.28352,0.43131,0.49377,0.24733,0.67056,0.40428,0.28819,0.39108,0.49361,0.39903,0.34323,0.23195,0.45337,0.57496,0.45128,0.74472,0.5024,0.95815,0.72897,0.37963,0.53127,0.71026,0.55821,0.82952,0.86027,0.71604,0.56523,0.74103,0.39539,0.3961,0.21575,0.68108,0.68063,0.84688,0.77585,0.64411,0.26145,0.14019,0.38365,0.48782,0.65348,0.49311,0.59099,0.27574
0.59497
1100,47,129,289,222,8,189,0,0,0,0,0,0,26,10,0,0,94,1,0,0,0,0,0,1,0,0,0,0,7,0,0,0,103,75,0,20,0,0,0,0,2,0,0,0,0,0,0
55,1830,65,4,164,3,217,0,0,0,0,0,0,409,0,3,0,11,116,0,0,2,4,50,6,18,0,1,0,1,0,1,0,14,3,0,1,0,0,0,0,0,10,0,0,0,0,0
78,69,593,44,93,217,103,0,7,1,3,4,0,141,27,39,31,24,6,2,0,6,3,9,63,4,1,7,17,14,1,1,0,112,86,0,15,6,2,13,1,68,8,2,2,2,2,0
306,2,25,1052,39,7,48,0,0,0,0,0,0,1,82,0,0,35,1,0,0,0,0,0,1,0,0,0,0,32,0,0,0,144,249,0,24,0,0,0,0,9,2,1,129,0,0,0
31,38,23,11,387,1,8,0,0,0,0,0,0,11,1,0,0,4,2,0,0,0,0,0,0,0,0,0,0,3,0,0,0,32,0,0,1,0,0,0,0,0,2,0,0,0,0,0
15,18,188,58,36,1058,31,0,2,0,2,3,1,68,198,73,5,39,3,1,5,5,6,20,213,3,0,4,1,60,8,7,6,122,60,0,27,0,0,0,0,142,24,22,29,0,1,0
94,110,54,7,44,0,1268,0,0,0,0,0,0,17,1,0,0,10,48,0,0,1,0,2,15,5,0,0,0,0,0,1,0,3,99,0,4,0,0,0,0,16,0,0,0,0,0,0
0,0,2,0,0,1,0,147,2,0,18,3,0,0,4,0,1,0,0,0,6,2,1,1,1,1,1,0,0,0,3,0,0,0,0,21,0,0,1,1,0,0,1,0,0,0,1,0
0,0,0,0,0,0,0,1,4193,7,9,63,173,0,0,34,96,5,0,17,23,31,23,0,2,1,4,1,858,11,113,93,69,0,0,0,13,0,4,0,80,0,0,158,32,23,10,22
0,0,0,0,0,0,0,0,0,416,2,0,0,0,0,0,0,0,0,0,0,0,0,0,0,0,82,1,0,0,0,0,0,0,0,0,0,25,35,31,1,0,0,0,0,0,6,6
0,0,3,0,0,0,0,69,0,17,349,22,2,0,0,1,4,3,0,4,32,6,12,3,11,0,57,16,1,0,0,0,0,0,0,29,0,7,1,188,6,0,0,1,1,7,2,1
0,1,1,0,0,4,1,140,101,0,75,456,94,0,0,14,10,3,0,19,7,7,4,6,5,0,2,7,19,17,50,15,8,1,1,119,2,3,0,75,97,2,3,105,1,6,5,0
0,0,0,0,1,1,2,0,80,0,3,21,965,1,0,4,2,22,8,0,1,0,25,7,5,14,0,0,2,12,16,40,14,3,2,0,18,0,0,0,1,1,28,33,0,19,2,5
8,342,192,6,109,54,101,0,0,0,3,0,0,1075,1,6,0,179,133,0,0,1,3,273,119,6,0,1,0,3,1,0,0,117,51,0,25,0,0,0,0,40,49,0,0,9,0,0
1,0,5,28,6,42,1,0,0,0,0,0,0,0,479,4,0,0,0,0,0,0,1,0,0,0,0,1,0,52,0,0,2,38,8,0,4,0,0,0,0,4,0,0,31,0,0,0
0,1,0,0,0,15,2,0,5,0,0,3,1,0,0,379,8,1,0,0,0,2,0,5,24,2,0,0,0,2,26,36,5,1,1,0,3,0,0,0,0,0,11,4,1,2,0,0
0,0,0,0,0,0,0,1,25,0,3,13,1,0,0,34,739,0,0,15,0,14,3,0,1,0,0,1,37,0,2,5,3,0,0,0,1,0,0,2,38,0,0,12,5,2,0,0
8,82,31,5,14,120,26,0,3,0,0,0,0,123,7,14,2,2462,15,0,0,5,5,86,264,7,0,0,0,9,1,1,3,15,21,0,669,0,0,0,0,45,69,8,5,1,0,0
0,46,3,0,1,0,72,0,0,0,0,0,1,40,3,7,0,6,1167,0,0,0,0,103,39,142,0,0,0,0,0,0,1,2,49,0,6,0,0,0,0,6,46,0,0,1,0,0
0,0,0,0,0,0,0,4,0,3,3,10,0,0,0,0,11,0,0,1339,0,8,2,0,0,0,0,1,7,0,0,0,0,0,0,19,0,2,5,12,178,0,0,31,0,0,5,2
0,0,1,1,0,1,0,20,0,1,72,13,0,1,4,3,2,3,0,1,627,1,3,1,1,0,14,85,2,3,1,0,0,0,0,7,6,3,0,12,1,0,0,0,2,4,0,0
0,0,0,0,0,1,0,0,36,0,0,37,1,0,0,17,99,0,0,4,2,7143,37,0,1,0,1,0,154,0,3,1,0,0,0,4,0,0,0,0,23,0,0,6,4,2,0,0
0,11,3,3,5,2,3,2,0,3,15,17,32,10,2,15,34,13,2,10,22,12,936,12,6,19,3,70,0,10,12,8,4,4,5,62,3,5,6,55,0,1,3,7,5,80,6,6
0,66,46,1,17,96,55,0,0,0,0,0,1,325,6,16,0,120,274,0,0,1,5,995,796,256,0,1,0,8,0,1,11,66,55,0,24,0,0,0,0,122,275,0,1,194,0,0
2,67,92,1,10,510,81,0,5,0,4,4,8,289,12,270,1,109,206,0,1,4,32,542,2667,401,0,11,9,7,3,29,67,40,72,0,71,1,2,2,0,165,300,26,4,66,4,4
0,3,0,0,0,3,23,0,0,0,0,0,2,3,11,32,0,15,452,0,0,0,5,197,419,3204,1,0,0,3,0,5,8,2,54,0,14,0,0,0,0,15,287,0,0,358,0,0
0,0,0,0,0,0,0,0,0,133,50,2,1,0,0,0,1,0,0,0,3,0,0,1,1,0,561,2,0,0,0,0,0,0,0,0,0,8,36,16,0,0,0,0,0,2,28,35
0,0,1,0,0,3,0,19,0,46,143,20,0,0,7,4,19,1,0,5,419,16,22,5,3,1,42,1776,6,0,2,0,0,2,0,90,0,9,9,336,3,1,0,0,3,2,1,0
0,0,0,0,0,0,0,7,1392,45,28,205,56,0,0,21,514,0,0,34,29,126,28,1,0,0,19,7,7277,1,36,50,16,0,0,0,4,22,17,7,394,0,0,121,8,7,22,18
28,3,66,184,63,93,171,5,3,0,0,21,57,4,601,19,1,13,32,0,4,4,8,8,9,35,0,0,0,1513,63,38,19,223,351,0,78,0,0,0,1,158,13,17,375,1,0,0
0,0,2,1,1,10,1,48,48,0,0,67,50,0,5,161,1,4,1,0,1,16,14,15,8,5,0,0,4,24,1551,414,136,9,4,0,30,0,0,0,1,40,13,88,44,13,0,0
1,9,7,1,2,25,13,21,204,0,4,40,385,2,8,329,4,9,7,0,2,16,26,19,17,14,0,0,11,51,735,2521,703,10,13,0,10,0,0,0,3,18,44,146,32,16,4,1
0,0,0,0,0,0,0,0,42,0,0,0,8,0,3,35,0,0,1,0,0,1,3,2,7,4,0,0,4,12,42,98,677,0,0,0,0,0,0,0,0,0,14,7,4,6,0,0
28,29,106,123,116,42,9,0,0,0,0,0,0,35,175,1,0,8,3,0,0,0,0,2,2,0,0,0,0,21,0,0,0,812,34,0,5,0,0,0,0,31,13,0,8,0,0,0
3,1,2,21,2,0,28,0,0,0,0,0,0,0,0,0,0,6,3,0,0,0,0,0,2,0,0,0,0,5,0,0,0,15,411,0,1,0,0,0,0,6,1,0,4,0,0,0
0,0,2,1,0,1,0,185,0,13,45,10,0,1,4,0,4,0,0,9,31,3,13,1,1,3,2,60,1,1,0,0,0,0,0,1055,0,1,0,67,2,0,0,0,1,0,0,0
78,85,80,62,28,39,87,5,3,0,0,10,16,69,3,15,0,959,29,0,4,4,0,20,67,135,0,0,2,42,20,11,4,43,71,0,2534,0,0,0,0,36,69,33,49,1,0,0
0,0,0,0,0,0,0,0,0,68,11,1,0,0,0,0,1,0,0,99,1,0,0,0,0,0,53,3,1,0,0,0,0,0,0,0,0,3656,172,81,199,0,0,0,0,0,1139,81
0,0,0,0,0,0,0,0,0,131,2,0,0,0,0,0,4,0,0,16,0,0,2,0,0,0,22,0,0,0,0,0,0,0,0,0,0,90,1208,2,1,0,0,0,0,0,31,158
0,0,2,0,0,0,0,38,1,125,326,40,1,0,0,1,8,0,0,13,22,7,8,0,5,0,88,80,2,0,0,0,0,0,0,127,0,22,7,1694,21,0,0,0,0,1,9,5
0,0,0,0,0,0,0,4,2,5,12,21,0,0,0,0,2,0,0,97,0,5,3,0,0,0,0,2,23,0,0,0,0,0,0,12,0,6,0,17,307,0,0,12,0,0,18,0
2,6,12,15,1,50,10,0,0,0,0,0,0,17,31,3,0,16,6,0,0,0,0,26,60,0,0,0,0,3,0,0,0,13,28,0,5,0,0,0,0,92,15,0,3,0,0,0
1,17,4,7,2,22,3,0,0,0,0,0,1,17,29,45,0,53,59,0,0,0,3,138,160,148,0,0,0,31,9,2,6,100,8,0,21,0,0,0,0,61,882,4,38,17,0,0
0,1,0,1,1,1,0,20,82,0,4,35,85,0,4,7,15,5,0,84,0,3,23,0,1,0,1,1,18,20,32,18,9,0,4,4,42,2,3,2,64,0,6,841,19,3,12,4
0,0,15,50,0,21,15,12,6,0,0,4,3,0,33,22,7,5,3,0,2,2,2,8,5,4,0,0,0,131,11,3,5,4,90,0,40,0,0,0,0,92,8,12,1586,1,0,0
0,0,1,0,1,0,0,0,7,0,19,0,3,9,0,5,0,45,8,0,0,0,9,63,11,79,9,0,0,4,2,2,2,0,0,0,2,0,0,0,0,4,103,0,1,823,1,1
0,0,0,0,0,2,0,0,4,15,6,21,5,0,0,1,3,0,0,28,4,1,10,0,1,0,40,2,3,0,1,0,0,0,0,0,0,443,42,17,85,0,0,26,0,0,1903,141
0,0,0,0,0,0,0,0,0,0,0,0,2,0,0,0,1,0,0,1,0,0,0,0,0,0,2,0,0,0,0,1,0,0,0,0,0,6,7,0,0,0,0,1,0,0,8,83
