0.66096,0.72232,0.42403,0.65762,0.39785,0.49283,0.63202,0.47059,0.75976,0.54317,0.51201,0.60443,0.62233,0.48267,0.38179,0.38497,0.5693,0.71037,0.52773,0.78595,0.60568,0.95974,0.87355,0.50096,0.62706,0.75032,0.68473,0.89973,0.87433,0.85593,0.71218,0.82882,0.51497,0.51668,0.43536,0.86481,0.82919,0.87601,0.84593,0.82722,0.37228,0.19729,0.55996,0.64125,0.77426,0.69263,0.71818,0.38956
0.7086
1429,40,121,285,156,9,122,0,0,0,0,0,0,8,3,0,0,66,0,0,0,0,0,0,0,0,0,0,0,0,0,0,0,55,10,0,16,0,0,0,0,3,0,0,0,0,0,0
36,2094,80,1,137,2,113,0,0,0,0,0,0,323,0,1,0,3,76,0,0,0,4,64,17,12,0,0,0,2,0,1,0,13,1,0,1,0,0,0,0,2,5,0,0,0,0,0
88,81,840,56,67,188,90,0,11,2,0,3,1,105,27,19,22,15,4,3,0,7,3,17,50,3,1,3,3,8,2,2,2,105,14,0,10,1,0,6,2,50,5,3,4,1,2,1
342,0,34,1308,24,11,48,0,0,0,0,0,0,1,64,1,0,23,0,0,0,0,0,1,0,0,0,0,0,16,0,0,0,116,123,0,20,0,0,0,0,9,1,0,47,0,0,0
27,26,20,5,444,1,2,0,0,0,0,0,0,3,0,0,0,1,1,0,0,0,0,0,0,0,0,0,0,1,0,0,0,23,0,0,0,0,0,0,0,0,1,0,0,0,0,0
28,20,217,41,21,1237,34,0,2,0,1,1,1,39,203,50,1,50,4,0,1,2,0,26,201,2,0,1,2,44,7,5,3,113,26,0,16,0,0,0,1,107,19,9,25,1,3,0
68,54,73,8,25,1,1441,0,0,0,0,0,0,17,0,0,0,3,39,0,0,0,0,2,8,4,0,1,0,0,0,0,0,4,36,0,7,0,0,0,0,8,0,0,0,0,0,0
0,0,0,2,0,1,0,176,0,0,5,11,1,0,2,0,1,0,0,0,4,0,0,0,0,0,1,0,0,0,1,0,0,0,0,11,0,0,0,0,0,0,0,0,1,1,1,0
0,0,0,0,0,0,0,5,4320,16,11,97,196,0,1,13,71,5,0,24,27,40,8,1,2,2,14,3,887,8,38,74,31,0,0,0,10,1,5,4,33,1,4,144,26,20,11,16
0,0,0,0,0,0,0,0,0,497,2,0,0,0,0,0,0,0,0,0,0,0,0,0,0,0,47,0,0,0,0,0,0,0,0,0,0,6,20,27,1,0,0,0,0,0,4,1
1,0,0,0,0,3,0,5,0,13,554,31,4,1,0,1,0,1,1,7,25,4,11,2,7,0,44,7,1,0,0,0,0,4,0,8,0,8,0,91,6,0,0,3,1,9,2,0
0,2,0,0,0,19,0,34,51,0,48,1010,38,2,0,7,5,0,2,12,7,3,3,4,7,1,2,3,7,12,22,7,3,0,1,20,1,1,0,13,62,2,0,63,0,2,10,0
0,1,2,0,0,4,0,0,33,0,6,33,1137,1,0,1,0,11,2,0,3,0,12,3,13,3,1,0,3,9,6,29,6,0,2,0,5,0,0,0,2,0,10,8,0,9,1,2
9,351,173,8,89,58,78,0,0,0,0,0,0,1267,5,2,0,133,132,0,0,0,2,251,128,7,0,0,0,1,0,1,1,129,21,0,11,0,0,0,0,28,13,0,0,9,0,0
3,0,7,12,3,13,0,0,0,0,0,0,0,0,562,0,0,0,0,0,0,1,0,0,0,0,0,0,0,49,0,0,1,26,3,0,1,0,0,0,0,11,2,1,12,0,0,0
0,0,4,0,0,10,0,0,2,0,0,0,0,0,3,420,0,0,1,1,0,0,0,2,17,2,0,0,0,0,16,38,14,0,2,0,1,0,0,0,0,2,2,1,2,0,0,0
0,0,0,0,0,1,0,0,9,1,2,5,0,0,0,12,801,1,0,12,1,16,3,0,2,2,0,1,38,0,6,3,2,0,0,1,1,0,0,4,16,0,0,7,8,1,1,0
11,28,16,12,6,74,20,0,2,0,0,0,1,94,10,11,0,3088,9,0,0,2,1,63,116,8,0,0,1,8,0,2,0,12,9,0,402,0,1,0,0,42,66,2,7,2,0,0
0,32,3,0,0,0,53,0,0,0,0,0,0,49,0,1,0,2,1313,0,0,0,0,75,30,125,0,0,0,0,0,0,3,1,15,0,0,0,0,0,0,2,35,0,0,2,0,0
0,0,0,0,0,0,0,3,1,1,0,14,1,0,0,0,12,0,0,1443,0,5,0,0,0,0,0,1,5,0,0,0,0,0,0,14,0,6,3,7,98,0,0,27,0,0,0,1
0,0,1,0,0,1,0,3,1,1,39,4,0,0,0,3,1,1,0,1,725,0,2,0,3,1,4,83,0,4,0,0,0,2,0,3,2,1,0,1,1,0,0,0,1,4,3,0
0,0,0,0,0,2,0,0,38,0,0,9,0,0,1,15,63,0,0,5,1,7271,25,0,1,0,1,3,113,0,5,1,1,0,0,1,0,0,0,0,5,0,0,5,8,2,0,0
0,11,4,4,5,7,4,1,1,0,2,12,10,7,0,7,25,7,2,9,10,9,1209,8,12,13,0,33,0,8,7,3,3,2,5,24,1,1,3,15,3,3,5,8,4,33,3,1
0,48,45,0,5,103,20,0,0,0,0,0,1,365,9,8,0,104,271,0,0,0,2,1559,567,299,0,0,0,2,0,2,5,68,22,0,11,0,0,0,0,79,171,0,3,65,0,0
1,52,99,5,3,524,60,0,4,0,2,3,7,218,12,198,1,132,205,0,0,3,12,690,2744,555,0,2,8,13,4,23,50,44,19,0,34,1,0,0,1,144,261,13,2,40,9,3
0,3,1,1,0,1,4,0,0,0,0,0,0,6,1,15,0,10,317,0,0,1,2,136,213,4051,0,0,0,5,0,2,8,1,9,0,1,0,0,0,0,4,158,0,0,166,0,0
0,0,0,0,0,0,0,0,0,82,30,0,2,0,0,0,0,1,0,0,1,0,0,0,0,0,695,3,0,0,0,0,0,0,0,0,0,8,16,16,1,0,0,0,0,4,7,14
0,0,0,0,0,2,0,7,0,13,40,15,0,0,1,3,8,1,0,12,345,11,16,2,0,0,10,2333,6,3,2,0,0,1,0,48,0,37,6,76,5,2,0,0,5,4,2,0
0,0,0,0,0,0,0,7,1028,49,24,69,71,0,0,15,360,0,0,48,18,160,18,0,0,0,17,32,8147,2,20,32,12,0,0,2,5,13,9,35,213,0,0,66,9,7,18,6
31,5,55,70,47,48,92,1,3,0,0,34,25,3,312,6,1,8,24,1,0,1,2,14,13,33,0,0,3,2715,42,35,9,118,126,0,37,0,0,0,1,82,25,25,210,24,1,0
0,1,0,1,2,12,1,12,24,0,0,11,13,1,3,66,1,2,5,2,0,11,3,1,10,5,0,0,9,14,2081,349,76,8,3,0,17,0,0,0,0,2,5,58,18,3,0,0
1,6,10,1,1,22,7,5,98,0,1,60,252,5,9,151,8,12,4,3,2,11,10,5,25,7,0,0,35,53,566,3457,486,5,9,0,7,0,2,0,5,4,16,83,18,13,8,0
0,0,0,0,0,0,0,0,18,0,0,0,4,0,0,20,0,0,0,0,0,0,0,3,3,8,0,0,10,3,24,87,774,0,0,0,0,0,0,0,1,0,5,2,2,6,0,0
20,10,88,66,58,42,12,0,0,0,0,0,0,24,150,0,0,6,3,0,0,0,0,4,2,1,0,0,0,18,0,0,1,1022,35,0,2,0,0,0,0,19,12,0,8,0,0,0
0,0,4,14,1,0,21,0,0,0,0,0,0,0,0,0,0,0,0,0,0,0,0,0,2,0,0,0,0,3,0,0,0,4,458,0,1,0,0,0,0,1,0,0,2,0,0,0
0,1,1,1,0,2,0,90,0,4,14,29,0,0,1,0,0,0,1,7,11,4,13,0,0,0,3,25,2,2,0,0,0,0,0,1273,0,3,3,19,4,0,0,1,1,0,2,0
59,23,38,26,20,30,49,0,1,0,0,2,14,44,9,7,0,571,26,0,1,1,1,27,35,45,0,0,8,30,20,2,3,28,21,1,3432,0,0,0,0,14,51,32,42,0,0,0
0,0,0,0,0,0,0,0,0,52,2,3,0,0,0,0,2,0,0,61,0,0,0,0,0,0,38,1,0,0,0,0,0,0,0,0,0,4437,148,42,63,0,0,0,0,0,695,22
0,0,0,0,0,0,0,0,0,69,0,0,0,0,0,0,0,0,0,4,0,0,0,0,0,0,19,0,0,0,0,0,0,0,0,0,0,63,1477,4,0,0,0,0,0,0,12,19
0,0,3,0,0,2,0,11,1,100,279,77,1,0,0,1,11,1,0,15,12,9,10,1,5,0,72,58,2,0,0,0,0,2,0,55,0,34,8,1848,19,0,0,0,0,1,14,1
0,0,1,0,0,0,0,0,2,1,4,41,0,0,0,0,2,0,0,65,1,2,2,0,0,0,0,0,14,0,0,0,0,0,0,5,0,7,1,10,376,0,0,2,0,0,12,0
3,1,28,14,1,35,2,0,0,0,0,2,0,14,20,2,0,13,5,0,0,0,0,35,21,2,0,0,1,1,0,0,0,8,7,0,2,0,0,0,0,175,14,0,7,1,0,0
0,6,7,5,1,32,0,0,0,0,0,0,0,15,33,18,0,47,26,0,0,0,1,85,105,123,0,0,1,14,10,2,5,55,9,0,11,0,0,0,0,52,1186,2,30,7,0,0
0,1,0,0,0,2,0,13,35,0,3,71,40,0,3,1,9,3,0,85,0,0,4,0,0,0,0,0,11,15,28,12,1,0,0,4,32,3,0,1,50,0,4,1026,11,1,4,4
5,0,4,43,0,10,7,1,1,0,0,4,0,2,28,12,1,6,6,0,0,1,1,3,7,5,0,0,0,107,14,2,2,5,66,0,41,0,0,0,0,38,11,6,1763,0,0,0
0,2,1,0,0,1,0,0,0,0,6,0,4,11,0,4,0,20,9,0,0,0,4,28,8,80,8,0,0,2,1,0,1,4,0,0,1,0,0,0,0,1,31,0,0,987,0,0
0,0,1,0,0,0,0,0,0,13,6,20,3,0,0,0,1,0,0,16,2,1,0,0,2,0,36,0,1,0,0,0,0,0,0,2,0,432,38,15,41,0,0,3,0,0,2110,61
0,0,0,0,0,0,0,0,0,1,1,0,0,0,0,0,0,0,0,0,0,0,0,0,0,0,2,0,0,0,0,0,0,0,0,0,0,2,6,0,0,0,0,0,0,0,3,97
