0.62017,0.68741,0.37842,0.61444,0.35738,0.46586,0.56298,0.34449,0.73211,0.49671,0.43042,0.57635,0.57864,0.44644,0.33522,0.33333,0.53862,0.68455,0.5,0.77939,0.6049,0.96065,0.83643,0.47893,0.61434,0.72625,0.63992,0.88377,0.86491,0.823,0.66747,0.79043,0.45244,0.48998,0.40073,0.84704,0.81413,0.86485,0.82474,0.77225,0.30235,0.1779,0.5338,0.57797,0.75364,0.62989,0.70014,0.25753
0.67573
1396,36,140,275,150,11,148,0,0,0,0,0,0,14,11,0,0,54,0,0,0,0,0,0,0,0,0,0,0,2,0,0,0,50,11,0,22,0,0,0,0,3,0,0,0,0,0,0
46,2010,68,1,154,5,122,0,0,0,0,0,0,337,0,3,0,8,93,0,0,1,2,62,21,18,0,0,0,2,1,0,0,20,2,0,3,0,0,0,0,3,5,0,0,1,0,0
98,87,761,64,72,179,106,0,13,1,0,1,1,96,35,21,25,18,4,6,0,9,2,18,53,4,2,5,7,7,1,0,1,102,19,0,9,3,0,8,5,71,4,2,4,1,2,0
405,1,34,1200,28,7,57,0,0,0,0,0,1,0,83,0,0,27,0,0,0,0,0,2,0,0,0,0,0,19,0,0,0,120,124,0,18,0,0,0,0,11,0,0,52,0,0,0
40,30,19,5,426,1,3,0,0,0,0,0,0,8,0,0,0,1,1,0,0,0,0,1,0,0,0,0,0,1,0,0,0,18,0,0,1,0,0,0,0,0,0,0,0,0,0,0
21,18,262,42,27,1160,39,0,2,0,0,1,2,40,220,57,3,46,5,0,2,2,3,24,186,4,0,0,0,55,7,1,2,119,28,0,19,0,0,0,0,119,19,10,17,1,1,0
89,69,70,11,25,5,1399,0,0,0,0,0,0,15,0,0,0,3,44,0,0,0,0,3,7,4,0,0,0,1,0,0,0,4,34,0,6,0,0,0,0,9,1,0,0,0,0,0
0,0,0,0,0,1,0,175,0,0,7,6,0,0,4,0,0,0,0,0,2,1,0,0,1,0,1,0,0,0,1,0,0,0,0,15,0,0,0,0,0,1,0,1,0,1,2,0
0,0,0,0,0,0,0,11,4184,5,12,92,213,0,0,37,76,5,0,17,24,37,11,0,1,1,15,3,935,7,29,80,80,0,0,0,13,1,5,3,45,1,2,150,28,20,7,19
0,0,0,0,0,0,0,0,0,453,2,0,0,0,0,0,0,0,0,0,0,0,0,0,0,0,61,1,0,0,0,0,0,0,0,0,0,11,31,39,1,0,0,0,0,0,4,2
1,1,3,0,0,3,0,24,1,15,498,29,3,1,0,0,0,1,0,7,38,9,12,2,4,0,52,11,1,0,0,1,0,3,0,6,0,6,0,99,3,0,0,1,0,15,4,1
0,1,3,0,0,8,0,52,60,0,62,887,44,1,0,9,6,0,5,8,6,6,4,5,3,3,3,3,14,15,34,12,3,0,1,20,2,4,0,18,86,5,3,84,1,1,4,0
0,0,0,0,0,3,0,0,38,0,5,32,1100,2,0,1,2,7,2,0,2,0,16,2,18,9,0,0,1,12,3,37,5,1,0,0,6,0,0,0,3,2,16,15,1,14,1,2
17,398,203,5,88,55,88,0,0,0,1,0,0,1142,7,5,0,156,121,0,0,0,1,229,143,10,0,1,0,3,0,1,1,121,21,0,10,0,0,0,0,42,18,0,0,20,0,0
5,0,5,13,5,20,0,0,0,0,0,0,0,0,534,0,0,1,0,0,0,1,0,0,0,0,0,0,0,57,0,1,1,33,7,0,0,0,0,0,0,10,1,0,12,1,0,0
0,1,3,0,0,15,0,0,3,0,0,0,0,1,0,411,4,1,0,0,0,0,0,1,20,2,0,0,0,1,19,31,14,0,2,0,3,0,0,0,0,1,2,2,2,1,0,0
0,0,0,0,0,1,0,0,15,0,2,7,0,0,0,16,774,1,0,16,1,12,4,0,2,1,0,1,46,0,2,8,3,0,0,1,1,0,0,5,22,0,0,7,8,1,0,0
8,36,37,16,9,78,25,0,1,0,0,0,2,108,11,14,0,2986,15,0,0,0,2,84,132,9,0,0,0,11,0,1,2,9,10,0,393,0,0,1,0,53,62,6,3,1,0,1
0,28,3,0,0,0,59,0,0,0,0,0,0,59,1,1,0,2,1238,0,0,0,0,93,34,144,0,0,0,0,0,0,4,1,27,0,2,0,0,0,0,5,39,0,0,1,0,0
0,0,0,0,0,0,0,1,0,1,3,14,0,0,0,0,7,0,0,1399,0,6,1,0,0,0,0,1,3,0,0,0,0,0,0,18,0,4,4,8,141,0,0,30,0,0,0,1
1,0,0,0,0,0,0,8,1,1,51,6,0,0,0,2,2,1,1,2,692,1,4,0,1,1,5,86,0,4,1,0,1,1,0,2,6,2,0,3,0,0,0,0,1,7,2,0
0,0,0,0,0,1,0,1,44,0,1,12,0,0,1,18,61,0,0,4,1,7226,21,0,1,0,0,4,141,0,5,8,1,0,0,1,0,0,0,0,10,0,0,5,6,3,0,0
1,8,11,3,4,3,3,3,2,1,3,10,14,12,3,8,27,9,0,11,9,11,1125,6,11,18,0,59,0,8,10,6,6,2,6,29,0,1,4,24,5,1,5,7,5,42,6,2
0,59,40,1,4,111,44,0,0,0,0,0,0,375,7,13,0,124,247,0,0,0,2,1409,561,322,0,0,0,3,0,1,7,74,22,0,15,0,0,0,0,127,156,0,1,109,0,0
0,77,118,1,5,563,93,0,3,0,4,2,9,211,13,207,3,119,213,0,0,3,18,625,2614,536,0,0,5,8,3,22,63,49,19,1,32,0,0,1,0,190,299,17,1,42,6,6
0,5,0,0,0,1,12,0,0,0,0,0,1,5,4,18,0,9,379,0,0,1,2,177,184,3860,0,0,0,5,0,2,13,1,14,0,0,0,0,0,0,5,199,0,0,219,0,0
0,0,0,0,0,0,0,0,0,99,26,0,4,0,0,0,0,0,0,0,1,0,0,0,1,0,654,3,0,0,0,0,0,0,0,0,0,9,15,26,1,0,0,0,0,6,12,23
0,0,1,0,0,1,0,19,0,19,62,22,0,0,2,5,9,1,0,7,295,10,21,0,3,0,18,2281,5,2,3,0,0,0,0,44,1,31,4,130,8,1,0,2,2,3,4,0
0,0,0,0,0,0,0,9,1093,31,29,87,65,0,0,14,388,0,0,45,18,137,16,0,0,0,21,22,8022,1,21,42,10,0,0,1,5,15,8,17,257,0,0,89,6,6,19,18
19,3,41,108,82,50,150,3,1,0,0,30,32,6,350,8,1,5,27,0,2,2,3,11,10,56,0,0,2,2469,45,35,10,113,159,0,40,0,0,0,1,92,17,26,257,16,0,0
0,1,4,1,1,13,0,20,46,0,0,11,13,1,1,80,4,2,3,1,0,12,4,1,5,5,0,1,11,25,1935,398,88,5,2,0,24,0,0,0,1,3,7,72,24,5,0,0
0,2,12,1,2,20,4,13,139,0,2,53,308,8,7,202,12,8,6,4,4,11,15,2,38,9,0,0,29,65,665,3074,569,1,9,0,8,0,1,0,1,5,23,95,29,18,6,3
0,1,0,0,0,0,0,0,17,0,0,1,6,0,0,21,0,0,0,0,0,1,4,2,5,4,0,0,12,6,30,98,742,0,0,0,1,0,0,0,0,1,5,2,4,7,0,0
30,13,91,84,76,45,12,0,0,0,0,0,0,29,180,0,0,10,4,0,0,0,0,4,1,1,0,0,0,17,1,0,0,929,35,0,3,0,0,0,0,23,7,2,6,0,0,0
1,0,4,13,1,0,32,0,0,0,0,0,0,0,0,0,0,1,2,0,0,0,0,0,1,0,0,0,0,4,0,0,0,5,442,0,1,0,0,0,0,2,0,0,2,0,0,0
0,0,1,1,0,2,1,132,0,6,26,26,0,0,1,0,0,1,1,8,21,4,22,1,0,0,2,35,1,2,0,0,0,0,0,1174,0,3,2,38,3,0,0,0,2,0,1,0
62,31,41,39,29,33,68,0,2,0,0,2,15,44,4,11,0,674,26,0,1,1,2,26,42,58,0,0,9,36,26,6,3,28,20,1,3237,0,0,0,0,21,43,38,34,0,0,0
0,0,0,0,0,0,0,0,0,60,2,2,0,0,0,0,2,0,0,67,0,0,2,0,0,0,51,1,1,0,0,0,0,0,0,1,0,4313,166,42,89,0,0,0,0,0,728,39
0,0,0,0,0,0,0,0,0,94,0,0,0,0,0,0,0,0,0,4,0,0,0,0,0,0,19,0,0,0,0,0,0,0,0,0,0,68,1407,5,0,0,0,0,0,0,13,57
0,0,2,0,0,2,0,17,2,108,345,83,1,0,0,1,9,1,0,22,23,15,9,1,3,0,78,62,2,0,0,0,1,1,0,64,0,37,6,1692,40,0,0,0,0,1,22,3
0,0,0,0,0,0,0,3,2,4,5,32,0,0,0,0,2,0,0,71,0,2,3,0,0,0,0,0,17,0,0,0,0,0,0,4,0,8,0,17,361,0,0,7,0,0,10,0
6,2,22,15,1,42,7,0,0,0,0,0,0,11,27,2,0,10,4,0,0,0,0,31,31,2,0,0,0,3,1,0,0,13,10,0,2,0,0,0,0,148,18,0,6,0,0,0
1,6,7,6,1,28,3,0,0,0,0,0,0,17,43,24,1,44,27,0,0,0,1,83,101,140,0,0,0,13,6,2,3,64,11,0,11,0,0,0,0,67,1137,0,30,11,0,0
0,0,0,0,0,4,0,15,41,0,3,71,56,0,4,4,13,2,0,79,0,0,5,0,0,0,2,0,11,19,35,14,4,1,1,4,40,4,0,0,58,1,5,960,14,1,2,4
4,0,4,48,1,16,9,2,4,0,0,3,0,3,39,17,3,8,3,0,0,1,1,3,9,4,0,0,0,115,14,7,2,5,67,0,42,0,0,0,0,39,8,14,1707,0,0,0
0,0,1,0,1,1,1,0,0,0,3,0,3,12,1,3,0,16,5,0,0,0,4,34,7,90,7,0,0,2,1,0,1,3,0,0,0,0,0,0,0,6,29,1,0,982,0,0
0,0,0,0,0,2,0,0,1,13,3,17,7,0,0,0,3,0,0,17,2,0,3,0,1,0,29,1,0,0,0,0,0,0,0,0,0,465,45,15,53,0,0,16,0,2,2015,94
0,0,0,0,0,0,0,0,0,1,0,0,1,0,0,0,0,0,0,0,0,0,0,0,0,0,2,0,0,0,0,1,0,0,0,0,0,2,8,0,0,0,0,0,0,0,7,90
