0.61508,0.68984,0.36667,0.61333,0.36419,0.46135,0.56364,0.33673,0.73756,0.51176,0.43599,0.57558,0.58404,0.45397,0.33188,0.33884,0.53301,0.68949,0.4996,0.7779,0.59879,0.96195,0.83333,0.47786,0.60541,0.72599,0.62394,0.88445,0.8611,0.82055,0.66644,0.80083,0.46202,0.48924,0.39732,0.83619,0.81566,0.86899,0.83255,0.77063,0.3051,0.1654,0.53927,0.57269,0.75647,0.62445,0.69377,0.2642
0.67608
1403,41,140,274,142,10,144,0,0,0,0,0,0,11,6,0,0,61,0,0,0,0,0,0,0,0,0,0,0,3,0,0,0,51,14,0,21,0,0,0,0,2,0,0,0,0,0,0
47,2024,63,1,155,3,120,0,0,0,0,0,0,316,1,3,0,8,98,0,0,1,3,69,27,18,0,0,0,2,1,0,0,14,2,0,3,0,0,0,0,4,5,0,0,0,0,0
105,88,737,64,73,189,100,0,12,0,0,0,0,98,29,26,27,17,5,6,0,7,2,20,60,6,1,4,7,7,2,1,1,107,21,1,10,4,0,7,4,66,4,1,3,2,2,1
403,0,42,1196,25,9,57,0,0,0,0,0,1,0,81,0,0,31,0,0,0,0,0,1,0,0,0,0,0,18,0,0,0,121,126,0,15,0,0,0,0,9,0,1,53,0,0,0
40,29,20,7,421,1,3,0,0,0,0,0,0,10,0,0,0,1,1,0,0,0,0,0,0,0,0,0,0,1,0,0,0,19,0,0,1,0,0,0,0,0,1,0,0,0,0,0
27,20,262,43,26,1146,39,1,3,0,1,1,1,46,222,51,2,43,5,0,2,2,3,24,181,4,0,0,1,55,7,2,2,120,28,0,15,0,0,0,0,133,13,13,18,1,1,0
88,68,74,14,25,3,1395,0,0,0,0,0,0,13,0,0,0,3,49,0,0,0,0,3,7,4,0,0,0,1,0,0,0,4,31,0,7,0,0,0,0,10,0,0,0,0,0,0
0,0,1,0,0,1,1,165,0,0,7,10,0,0,4,0,0,0,0,0,2,1,0,0,1,0,1,1,0,0,1,0,0,0,0,16,1,0,0,1,1,1,0,0,1,1,1,0
0,0,0,0,0,0,0,9,4179,6,11,97,216,0,0,28,71,5,0,19,27,35,9,0,2,1,13,3,971,7,32,68,70,0,0,0,8,0,5,3,36,0,2,157,30,20,10,19
0,0,0,0,0,0,0,0,0,457,1,0,0,0,0,0,0,0,0,0,0,0,0,0,0,0,73,1,0,0,0,0,0,0,0,0,0,8,23,36,2,0,0,0,0,0,2,2
0,0,2,0,0,1,0,25,0,13,504,28,3,0,2,2,0,1,0,7,31,8,10,3,3,0,54,13,0,0,0,1,0,4,0,10,0,5,0,100,4,0,0,1,0,14,5,1
0,1,3,0,0,8,0,57,59,0,60,891,44,3,0,7,7,0,2,11,6,11,5,5,4,4,3,3,15,15,36,9,2,0,1,22,2,4,0,18,80,4,2,75,0,1,6,0
0,0,0,0,0,3,0,0,39,0,5,28,1105,2,0,1,1,8,1,0,2,0,15,2,19,8,0,0,2,12,7,27,6,0,1,0,5,0,0,0,3,2,16,18,1,13,1,5
17,414,205,8,91,48,86,0,0,0,2,0,0,1139,6,4,0,148,121,0,0,0,1,226,144,12,0,0,0,2,1,0,1,123,19,0,8,0,0,0,0,47,15,0,0,19,0,0
5,0,7,16,2,20,0,0,0,0,0,0,0,0,534,1,1,0,0,0,0,1,0,0,0,0,0,0,0,60,0,1,1,29,7,0,0,0,0,0,0,9,1,0,12,0,0,0
0,0,2,0,0,14,0,0,4,0,0,0,0,2,0,410,4,0,0,0,0,0,0,4,17,2,0,0,0,0,20,33,13,0,2,0,4,0,0,0,0,0,3,2,3,1,0,0
0,0,1,0,0,1,0,0,16,0,2,9,0,0,0,15,775,1,0,14,1,16,3,0,0,2,0,1,44,0,3,7,3,0,0,0,1,0,0,6,18,0,0,11,5,2,0,0
9,33,36,16,6,83,27,0,1,0,0,0,0,109,12,14,0,2971,15,0,0,0,3,80,136,8,0,0,0,10,0,1,1,11,10,0,411,0,0,1,0,55,54,7,4,1,0,1
0,27,3,0,0,0,63,0,0,0,0,0,0,59,0,3,0,3,1252,0,0,0,0,88,34,135,0,0,0,0,0,0,1,1,25,0,1,0,0,0,0,7,38,0,0,1,0,0
0,0,0,0,0,0,0,0,1,1,2,14,0,0,0,0,12,0,0,1387,0,6,1,0,0,0,0,1,4,0,0,0,0,0,0,18,0,2,5,8,145,0,0,33,0,0,0,2
1,0,0,1,0,0,0,11,2,0,44,7,0,0,2,3,0,1,0,2,691,0,4,0,0,1,6,87,0,3,1,0,1,1,0,2,4,2,0,6,0,1,0,0,1,7,4,0
0,0,0,0,0,2,0,1,42,0,1,10,0,0,1,11,62,0,0,4,1,7230,24,0,1,0,0,4,144,0,5,6,1,0,0,1,0,0,0,0,9,0,0,7,6,3,0,0
1,10,4,1,3,5,2,0,2,1,3,11,14,9,1,8,26,7,1,11,7,11,1140,7,17,15,0,48,1,9,9,7,4,2,7,32,1,2,2,24,5,2,7,8,4,43,8,2
0,60,43,1,5,105,45,0,0,0,0,0,0,356,7,16,0,124,258,0,0,0,2,1392,590,327,0,0,0,2,0,0,6,73,22,0,10,0,0,0,0,117,163,0,2,108,0,0
0,71,107,3,5,576,99,0,3,0,3,4,7,203,14,201,1,111,214,1,0,1,19,612,2642,554,0,1,5,9,6,25,56,51,16,1,29,1,1,1,0,174,299,14,2,45,7,7
0,6,0,0,0,1,16,0,0,0,0,0,1,3,5,20,0,8,375,0,0,0,2,156,199,3863,0,0,0,3,0,2,9,1,18,0,0,0,0,0,0,3,191,0,0,234,0,0
0,0,0,0,0,0,0,0,0,94,26,0,3,0,0,0,0,0,0,0,1,0,0,0,1,0,662,3,0,0,0,0,0,0,0,0,0,7,14,24,1,0,0,0,0,6,14,24
0,0,1,1,0,0,0,12,0,19,67,25,0,0,2,3,11,1,0,6,310,9,29,0,2,0,19,2258,6,2,3,0,0,0,0,48,0,33,4,124,6,2,0,2,3,3,5,0
0,0,0,0,0,0,0,7,1064,29,26,88,68,0,0,16,400,0,0,44,23,127,16,0,0,0,20,23,8047,3,19,42,10,0,0,2,5,17,10,20,239,0,0,100,6,7,17,17
26,2,54,100,64,46,139,4,1,0,0,29,36,4,364,7,1,6,25,0,2,2,4,10,17,52,0,0,2,2460,42,32,12,115,170,0,45,0,0,0,1,104,16,25,247,16,0,0
0,1,1,1,1,15,0,19,44,0,0,10,14,1,2,87,4,3,3,1,1,13,4,4,7,4,0,1,12,26,1956,376,79,4,2,0,23,0,0,0,1,4,7,75,21,3,0,0
0,1,14,1,1,23,4,14,128,0,1,54,299,5,4,197,12,8,7,2,5,11,17,5,39,10,0,0,30,74,667,3088,570,1,10,0,10,0,0,0,3,4,17,96,25,15,6,5
0,0,0,0,0,0,0,0,22,0,0,0,4,0,0,19,0,0,0,0,0,1,4,1,6,5,0,0,9,5,34,99,742,0,0,0,1,0,0,0,0,0,6,3,3,6,0,0
30,10,98,82,78,37,15,0,0,0,0,0,0,27,179,0,0,9,3,0,0,0,0,4,3,1,0,0,0,19,1,0,0,932,32,0,3,0,0,0,0,25,8,2,5,0,0,0
1,0,4,13,2,0,28,0,0,0,0,0,0,0,0,0,0,1,2,0,0,0,0,0,1,0,0,0,0,3,0,0,0,6,445,0,1,0,0,0,0,3,0,0,1,0,0,0
1,0,1,0,0,3,0,128,0,4,20,31,0,0,1,0,1,1,1,11,22,4,19,0,2,0,4,38,1,2,0,0,0,0,0,1169,0,3,4,40,2,1,0,0,2,0,1,0
69,21,43,40,28,34,73,0,2,0,0,3,15,49,3,6,0,642,26,0,2,1,4,37,36,60,0,0,7,37,24,7,3,25,18,1,3261,0,0,0,0,20,43,39,34,0,0,0
0,0,0,0,0,0,0,0,0,61,1,1,0,0,0,0,1,0,0,63,0,0,2,0,0,0,57,1,1,0,0,0,0,0,0,1,0,4285,160,46,92,0,0,0,0,0,761,33
0,0,0,0,0,0,0,0,0,92,0,0,0,0,0,0,0,0,0,5,0,0,0,0,0,0,16,1,0,0,0,0,0,0,0,0,0,66,1417,5,1,0,0,0,0,0,12,52
0,0,4,0,0,3,0,17,1,104,355,76,1,2,0,1,12,1,0,21,15,16,9,0,4,1,84,61,2,0,0,0,0,1,0,66,0,39,6,1690,37,0,0,1,0,1,18,4
0,0,0,0,0,0,0,1,2,1,5,34,0,0,0,0,3,0,0,71,1,2,2,0,0,0,1,0,23,0,0,0,0,0,0,5,0,6,0,17,353,0,0,8,0,0,13,0
4,2,24,17,1,41,6,0,0,0,0,1,0,12,28,2,0,11,5,0,0,0,0,33,32,2,0,0,0,2,0,0,0,12,11,0,2,0,0,0,0,141,17,0,7,1,0,0
0,5,8,5,0,30,5,0,0,0,0,0,0,17,45,24,1,47,30,0,0,0,0,84,111,134,0,0,0,9,4,2,4,66,11,0,11,0,0,0,0,56,1133,0,32,14,0,0
0,0,0,0,0,4,0,18,34,0,2,67,52,1,5,3,11,1,0,77,0,0,4,0,0,0,2,0,11,19,37,18,2,0,0,3,40,2,1,0,62,0,4,973,15,1,4,4
4,0,5,45,1,16,6,1,4,0,0,1,0,1,48,17,5,9,2,0,0,0,2,8,11,4,0,0,0,116,16,2,5,7,71,0,39,0,0,0,0,42,7,11,1696,0,0,0
0,0,1,0,1,1,2,0,0,0,3,0,2,11,1,4,0,17,5,0,0,0,5,35,8,84,7,0,0,2,1,0,1,4,0,0,0,0,0,0,0,4,29,0,0,986,0,0
0,0,0,0,0,2,0,0,1,11,4,18,5,0,0,0,3,0,0,20,2,0,1,0,0,0,36,0,0,0,0,0,0,0,0,0,0,444,41,16,52,0,0,16,0,4,2048,80
0,0,0,0,0,0,0,0,0,0,0,0,1,0,0,0,0,0,0,0,0,0,0,0,0,0,2,0,0,0,0,0,0,0,0,0,0,1,9,0,0,0,0,0,0,0,6,93
