0.66466,0.72797,0.41815,0.66466,0.40301,0.49516,0.63792,0.46649,0.76225,0.54575,0.51359,0.60602,0.62908,0.50847,0.39695,0.38214,0.56786,0.7116,0.54868,0.78343,0.60768,0.96182,0.85552,0.5058,0.62275,0.75547,0.71109,0.9064,0.8739,0.85661,0.70484,0.82979,0.52789,0.53347,0.45464,0.85628,0.82817,0.87753,0.83678,0.81802,0.36976,0.22087,0.55994,0.63733,0.77507,0.69568,0.73414,0.39738
0.71177
1433,39,137,282,146,8,116,0,0,0,0,0,0,6,7,0,0,60,0,0,0,0,0,0,1,0,0,0,0,0,0,0,0,46,14,0,24,0,0,0,0,4,0,0,0,0,0,0
32,2090,75,1,137,3,122,0,0,0,0,0,0,320,1,3,0,3,74,0,0,0,4,64,24,16,0,0,0,0,0,0,0,13,0,0,2,0,0,0,0,1,3,0,0,0,0,0
75,80,871,51,71,189,76,0,12,0,0,3,1,97,29,18,24,19,4,3,0,9,3,18,59,2,1,4,3,6,1,2,1,103,9,0,8,2,0,6,3,50,6,3,2,1,1,1
350,0,41,1326,27,9,44,0,0,0,0,0,0,0,57,0,0,20,0,0,0,0,0,1,0,0,0,0,0,16,0,0,0,107,111,0,24,0,0,0,0,8,1,0,47,0,0,0
27,20,19,6,455,1,2,0,0,0,0,0,0,3,0,0,0,1,1,0,0,0,0,0,0,0,0,0,0,1,0,0,0,18,0,0,0,0,0,0,0,0,1,0,0,0,0,0
18,19,231,40,29,1227,25,0,3,0,0,1,1,45,183,53,1,43,8,1,1,2,1,27,216,3,0,1,1,47,10,8,2,108,26,0,19,0,0,0,1,107,20,10,24,1,1,0
77,57,69,7,22,2,1457,0,0,0,0,0,0,11,0,0,0,6,34,0,0,0,0,1,8,3,0,0,0,1,0,0,0,4,28,0,7,0,0,0,0,5,0,0,0,0,0,0
0,0,0,1,0,1,0,174,0,0,5,7,0,0,3,0,0,0,0,0,2,0,1,0,0,0,2,0,0,0,1,1,0,0,0,17,0,0,0,1,0,0,1,0,1,0,1,0
0,0,0,0,0,0,0,2,4309,15,13,106,195,0,2,16,67,5,0,23,26,36,14,1,3,1,9,4,912,10,38,66,29,0,0,0,8,2,5,5,34,0,2,138,25,19,9,20
0,0,0,0,0,0,0,0,0,501,3,0,0,0,0,0,0,0,0,0,0,0,0,0,0,0,42,0,0,0,0,0,0,0,0,0,0,7,25,23,1,0,0,0,0,0,3,0
1,0,0,0,0,2,0,10,0,13,548,21,3,0,0,1,0,1,0,7,25,4,8,2,9,0,43,8,1,1,0,1,0,5,0,8,0,4,0,109,6,0,0,2,1,8,2,1
0,1,1,0,0,12,0,35,49,0,56,1006,43,1,0,3,4,0,1,9,6,3,4,2,7,1,1,1,9,17,18,12,1,0,0,20,1,1,0,10,59,5,1,74,1,3,8,0
0,1,1,0,0,5,0,0,34,0,7,30,1138,1,0,4,0,9,0,0,1,0,13,2,13,5,1,0,3,8,5,31,3,0,1,0,4,0,0,1,1,0,13,11,0,9,0,3
10,329,182,7,88,60,82,0,0,0,0,0,0,1351,3,5,0,124,107,0,0,0,1,229,130,3,0,0,0,1,0,1,0,112,24,0,10,0,0,0,0,28,9,0,0,11,0,0
3,0,6,13,2,15,0,0,0,0,0,0,0,0,572,0,0,0,0,0,0,1,0,0,0,0,0,0,0,43,0,0,1,25,5,0,1,0,0,0,0,6,1,1,12,0,0,0
0,0,4,0,0,8,0,0,1,0,0,1,0,0,2,415,0,0,0,1,0,0,0,4,21,2,0,0,0,1,17,35,16,0,2,0,3,0,0,0,0,1,2,1,3,0,0,0
0,0,0,0,0,1,0,0,11,1,2,6,0,0,1,13,795,1,0,9,1,19,6,0,2,2,0,0,35,0,5,2,2,0,0,0,1,0,0,5,20,0,0,7,8,1,1,0
13,26,21,11,6,77,20,0,2,0,0,0,1,87,11,10,1,3104,12,0,0,1,1,65,101,7,0,0,0,9,1,1,1,13,11,0,385,0,1,0,0,45,70,4,5,3,0,0
0,34,3,0,0,0,58,0,0,0,0,0,0,41,0,1,0,2,1313,0,0,0,0,73,26,130,0,0,0,0,0,0,2,1,16,0,0,0,0,0,0,4,35,0,0,2,0,0
0,0,0,0,0,0,0,2,0,1,0,13,0,0,0,0,11,0,0,1447,0,6,0,0,0,0,0,1,7,0,0,0,0,0,0,16,0,6,2,6,101,0,0,22,0,0,0,1
0,0,1,0,0,2,0,10,1,1,34,4,0,0,0,2,2,1,0,1,728,0,2,0,2,0,5,74,0,3,0,0,0,1,1,3,4,2,0,0,1,0,0,0,1,5,5,0
0,0,0,0,0,0,0,0,37,0,0,9,0,0,1,11,57,0,0,6,1,7280,22,0,1,0,1,2,114,0,8,4,0,0,0,1,0,0,0,0,7,0,0,4,8,2,0,0
1,8,3,2,6,6,3,0,1,0,1,13,9,12,1,8,24,7,2,8,11,8,1202,8,16,11,0,29,0,7,6,2,2,2,3,27,1,1,3,16,6,4,8,7,4,41,3,1
0,51,47,1,7,100,24,0,0,0,0,0,1,357,8,10,0,93,251,0,0,0,2,1571,582,306,0,0,0,1,0,2,3,65,19,0,10,0,0,0,0,97,163,0,3,60,0,0
0,56,112,2,7,535,62,0,2,0,0,4,6,218,12,181,2,125,185,0,0,3,14,674,2803,526,0,1,8,10,6,25,54,45,15,0,34,1,0,1,1,141,265,12,2,41,5,5
0,4,0,0,0,0,5,0,0,0,0,0,1,6,2,16,0,9,292,0,0,1,2,166,218,4038,0,0,0,4,2,3,11,1,8,0,1,0,0,0,0,4,163,0,0,159,0,0
0,0,0,0,0,0,0,0,0,78,21,0,2,0,0,0,0,0,0,0,1,0,0,0,0,0,699,2,0,0,0,0,0,0,0,0,0,9,17,17,1,0,0,0,0,5,12,16
0,0,2,0,0,1,0,5,0,18,39,25,0,1,1,2,8,1,0,9,339,10,21,1,1,0,9,2324,5,1,3,0,0,2,0,53,1,36,4,84,4,0,0,1,3,2,0,0
0,0,0,0,0,0,0,5,992,48,27,96,67,0,0,9,362,0,0,60,23,146,18,0,0,0,15,30,8150,2,24,37,10,0,0,4,5,11,13,44,208,0,0,62,10,6,18,10
20,3,64,73,42,46,97,3,5,0,0,33,24,6,307,8,1,9,24,1,0,1,2,8,20,27,0,0,2,2742,46,37,8,104,116,0,36,0,0,0,1,64,22,27,224,28,0,1
0,0,3,1,1,9,1,10,34,0,0,14,8,1,2,66,1,3,6,3,3,11,4,1,9,5,0,1,9,18,2068,343,75,7,2,0,22,0,0,0,0,5,5,59,17,3,0,0
1,6,12,1,1,18,3,4,91,0,2,44,247,3,7,172,12,10,6,3,2,9,17,8,28,8,0,0,26,60,580,3471,463,5,10,0,9,0,1,0,6,5,18,77,17,12,5,3
0,0,0,0,0,0,0,0,24,0,0,0,4,0,0,16,1,0,0,0,0,1,1,2,5,7,0,0,8,5,22,80,776,0,0,0,0,0,0,0,1,0,7,4,1,5,0,0
22,12,90,72,62,37,12,0,0,0,0,0,0,18,142,1,0,9,3,0,0,0,0,4,2,1,0,0,0,17,0,0,0,1028,34,0,3,0,0,0,0,15,13,0,6,0,0,0
2,0,2,12,1,0,18,0,0,0,0,0,0,0,0,0,0,0,2,0,0,0,0,0,3,0,0,0,0,3,0,0,0,4,461,0,1,0,0,0,0,1,0,0,1,0,0,0
1,0,0,2,0,1,1,84,0,6,16,30,0,0,0,0,0,0,0,9,9,5,14,0,1,1,1,26,0,3,0,0,0,0,0,1269,0,5,2,23,5,0,0,1,2,0,0,0
63,26,39,20,17,20,49,0,0,0,0,3,12,35,5,6,0,607,22,0,1,0,1,20,46,43,0,0,6,27,20,4,3,30,16,1,3422,0,0,0,1,26,51,32,39,0,0,0
0,0,0,0,0,0,0,0,1,55,2,2,0,0,0,0,2,0,0,53,0,0,1,0,0,0,33,2,0,0,0,0,0,0,0,0,0,4471,155,42,79,0,0,0,0,0,653,15
0,0,0,0,0,0,0,0,0,66,0,0,0,0,0,0,0,0,0,5,0,0,1,0,0,0,10,0,0,0,0,0,0,0,0,0,0,58,1497,5,0,0,0,0,0,0,8,17
0,0,5,0,0,3,0,14,1,103,270,68,1,1,0,0,12,0,0,18,16,9,9,0,5,0,70,54,1,0,0,0,0,1,0,53,0,29,7,1870,17,0,0,0,0,0,13,3
0,0,0,0,0,1,0,0,2,2,7,42,0,0,0,0,2,1,0,59,0,2,1,0,0,0,1,0,13,0,0,0,0,0,0,4,0,9,0,8,379,0,0,3,0,0,12,0
2,2,22,11,1,31,2,0,0,0,0,1,0,11,22,2,0,13,3,0,0,0,0,30,22,2,0,0,0,0,0,0,0,7,6,0,2,0,0,0,0,199,15,0,7,1,0,0
1,7,9,6,1,32,0,0,0,0,0,0,0,11,28,17,1,46,30,0,0,0,1,91,99,117,0,0,1,15,11,2,3,59,14,0,12,0,0,0,0,45,1191,1,29,8,0,0
0,0,0,0,0,3,0,15,38,0,3,58,36,1,2,3,7,2,0,94,0,0,7,0,1,0,1,0,11,16,33,10,2,0,0,4,32,1,0,0,50,0,4,1021,13,1,5,3
4,0,8,46,0,11,5,0,3,0,0,4,0,2,30,11,1,6,5,0,0,1,1,7,7,3,0,0,0,104,9,2,1,7,62,0,40,0,0,0,0,26,11,7,1778,0,0,0
0,0,2,1,0,1,0,0,0,0,4,0,5,11,0,3,0,22,8,0,0,0,2,26,9,75,7,0,0,2,0,1,1,4,0,0,0,0,0,0,0,5,26,0,0,999,0,0
0,0,1,0,0,1,0,0,0,9,7,16,3,0,0,0,2,0,0,18,2,1,4,0,1,0,29,0,1,0,0,0,0,0,0,2,0,438,49,10,32,0,0,11,0,0,2129,38
0,0,0,0,0,0,0,0,0,1,0,0,1,0,0,0,0,0,0,0,0,0,0,0,0,0,3,0,0,0,0,0,0,0,0,0,0,2,8,0,0,0,0,0,0,0,6,91
