0.21278,0.23221,0.34191,0.29835,0.24138,0.15541,0.26966,0.19533,0.25163,0.6132,0.30966,0.33647,0.43449,0.6216,0.51547,0.65399,0.5453,0.59222,0.51964,0.27095,0.33964,0.22815,0.16368,0.14908,0.49011,0.22286,0.55786,0.45541,0.19323,0.21693,0.54788,0.19019,0.5609,0.56584,0.29816,0.15287,0.21252,0.62302,0.37654,0.26254,0.9604,0.19967,0.40145,0.77573,0.27406,0.27798,0.43223,0.21336
0.42096
0,218,0,0,243,168,0,14,1,50,26,19,0,132,0,0,0,2,27,0,51,0,2,47,0,321,0,113,8,451,0,0,0,0,2,220,66,23,0,704,0,6,0,0,6,14,0,130
0,0,0,0,3,11,2,529,3,4,6,7,0,0,8,0,0,105,1,0,933,93,141,158,5,73,0,0,13,23,0,104,18,0,8,85,73,5,0,331,0,137,157,0,6,559,0,396
17,76,2,2,149,74,14,79,44,13,71,29,5,24,20,2,36,5,10,12,95,16,33,198,7,327,17,14,43,214,0,8,3,1,9,103,205,5,2,312,11,27,1,0,54,48,11,107
0,594,0,0,819,208,0,3,0,10,73,138,1,21,0,0,0,0,12,0,4,1,3,13,0,118,0,249,6,331,0,0,1,0,29,39,27,12,1,169,0,2,0,0,12,2,1,39
0,1,0,0,39,0,0,8,0,1,8,2,0,0,0,0,0,1,0,0,60,3,0,10,1,99,0,1,0,56,0,0,0,0,0,157,2,7,0,141,0,13,4,0,6,6,0,103
11,124,43,2,304,58,17,71,332,50,230,174,1,171,6,0,12,0,8,47,74,31,27,261,7,296,5,24,79,138,0,24,21,1,55,55,126,1,7,31,1,44,13,6,326,14,0,58
0,13,0,0,17,305,0,8,0,2,1,1,0,1,1,0,1,3,3,2,125,0,44,57,2,25,0,10,171,189,0,11,0,0,2,12,543,10,0,764,0,4,8,0,0,18,0,37
0,1,0,72,7,2,6,0,57,1,1,5,29,1,0,0,1,1,3,1,3,0,2,55,0,6,3,3,2,0,1,4,0,2,5,0,1,5,0,1,1,2,2,0,3,0,6,0
81,94,132,83,1,45,171,181,2,7,755,7,37,363,1533,5,286,5,40,298,7,4,7,6,7,0,2738,10,57,31,16,0,85,10,21,0,56,40,7,54,49,33,0,320,4,1,480,55
0,0,0,11,0,162,0,0,0,0,0,0,43,0,0,3,0,15,0,0,0,0,0,0,0,0,0,0,0,0,101,0,0,477,0,0,0,0,0,0,0,0,0,0,0,3,7,0
0,12,2,62,3,33,1,2,115,1,3,1,470,6,11,8,9,8,18,1,6,14,1,6,7,37,2,0,2,0,14,2,39,9,19,0,2,0,1,0,32,20,4,1,2,3,157,0
202,3,32,45,0,0,348,0,289,2,32,4,42,6,21,14,5,7,128,8,18,9,12,23,8,10,90,1,13,0,2,3,13,0,6,0,4,15,2,0,14,14,4,36,34,6,431,3
629,35,57,79,0,1,52,16,6,34,7,76,17,9,59,0,8,1,2,13,83,22,6,16,29,48,117,6,18,2,3,12,29,0,11,1,3,8,6,76,0,7,9,1,174,0,0,0
0,9,0,0,31,30,1,535,21,152,54,8,0,0,5,0,1,4,6,3,437,254,121,289,16,378,0,8,46,23,0,207,25,0,125,163,137,2,1,111,0,26,129,0,55,304,0,133
2,10,20,1,225,24,0,0,2,1,59,463,0,5,0,0,0,0,0,6,0,0,2,0,4,10,0,5,11,29,0,0,1,0,15,1,3,0,1,3,1,26,0,0,5,0,0,14
4,2,115,7,3,0,93,6,6,1,0,1,1,1,2,0,0,0,0,81,2,6,1,10,6,0,10,1,6,3,0,2,191,0,5,0,7,3,109,1,0,4,2,0,22,1,2,0
0,0,12,19,3,2,33,0,325,3,3,3,27,7,1,4,4,2,35,4,0,0,0,1,1,0,37,0,7,1,2,0,13,1,18,0,0,1,5,0,25,487,0,26,2,11,76,62
2,157,3,0,14,6,29,259,13,2760,20,34,2,6,18,9,30,4,289,17,43,76,39,184,7,29,1,441,7,28,1,64,7,15,272,70,26,3,111,5,3,46,1,4,216,23,0,34
0,0,0,0,0,7,0,37,0,2,1,2,0,0,10,0,6,0,0,5,118,219,439,25,165,9,0,3,103,0,0,387,4,0,2,20,92,73,1,32,0,1,446,0,5,60,0,8
0,0,0,8,0,2,22,0,7,0,2,0,20,1,0,5,4,7,2051,0,0,0,0,5,0,0,2,0,0,0,4,0,0,7,1,0,0,0,0,0,6,5,0,29,0,0,13,0
1,5,4,316,1,1,3,3,130,2,1,8,186,1,36,2,1,5,0,2,115,5,0,1,1,8,2,0,11,1,3,7,5,2,16,0,2,8,1,0,1,4,0,0,11,7,273,0
7,1,3,8,2,0,47,1,7,2,3,1,2,39,90,0,11,0,53,0,1,0,1,0,0,0,40,2,2,1,0,0,2,0,12,2,0,1,2,0,9629,37,0,127,3,0,36,5
45,3,8,136,9,3,13,16,101,12,6,2,56,0,39,3,10,63,22,3,24,305,4,5,32,1,3,73,15,62,2,11,7,9,304,4,8,9,6,6,28,394,145,2,12,12,15,12
5,28,2,1,13,25,4,295,95,71,70,7,0,8,31,0,83,0,2,53,103,780,295,208,171,120,0,8,217,4,0,578,50,0,131,126,267,117,13,8,0,6,439,14,423,153,0,18
97,59,48,4,27,43,88,388,652,86,117,12,0,144,55,3,526,2,7,372,165,783,366,438,405,96,4,45,181,15,8,538,175,3,190,114,410,180,70,10,4,19,405,49,709,94,0,39
5,2,37,5,1,3,1,5,1,6,25,2,0,0,242,0,170,3,0,19,5,210,448,4,1288,1,0,97,398,0,5,300,7,1,4,325,29,1570,177,2,2,0,1383,140,13,14,0,0
0,13,0,169,0,458,1,4,3,1,0,0,74,0,1,8,7,15,1,0,0,6,0,1,0,0,0,1,4,0,90,1,48,263,0,0,1,0,0,0,0,0,0,0,0,2,9,0
0,4,6,1083,0,11,21,0,964,11,2,1,557,8,291,35,2,16,25,3,27,0,0,0,1,3,0,2,1,2,118,0,2,14,49,5,0,2,1,0,14,29,0,4,16,611,73,4
20,16,44,112,0,181,83,5,7,0,1099,7,47,1945,168,25,1962,14,112,44,8,0,3,3,1,0,1400,45,64,32,24,0,24,17,11,2,5,8,8,4,140,266,2,3881,1,0,1923,367
395,152,721,6,502,304,37,2,3,8,111,1001,2,29,2,0,10,1,2,89,14,8,378,65,158,85,1,36,445,109,5,5,21,0,103,28,139,26,141,46,1,230,22,9,127,3,1,83
343,20,1017,339,12,4,281,2,8,2,5,7,0,13,4,0,3,0,1,789,13,4,7,15,9,3,74,5,14,2,2,4,458,0,13,0,4,7,266,3,11,4,12,20,6,0,1,4
696,22,1355,154,15,7,370,16,76,9,45,25,1,17,20,0,10,4,10,753,41,13,15,34,39,14,186,8,71,6,7,9,2100,0,14,1,8,24,1011,2,6,15,12,34,42,13,4,3
10,0,123,0,0,0,21,0,0,1,8,2,0,1,0,0,13,0,1,199,0,0,3,1,43,0,59,0,4,0,0,2,340,0,10,1,0,4,469,1,5,2,5,2,4,0,0,0
1,12,2,0,433,15,0,26,1,5,239,207,1,9,0,0,0,0,0,0,16,3,6,43,0,659,1,5,4,95,0,3,0,0,8,192,38,1,0,30,0,5,1,0,36,7,0,32
1,33,0,0,297,162,0,1,0,0,5,4,0,0,0,0,0,0,3,0,0,1,95,9,0,12,0,5,10,11,0,0,0,0,5,4,16,0,0,7,0,0,2,0,0,0,0,1
0,1,0,589,1,1,0,0,294,0,0,4,506,0,106,3,1,0,30,4,4,0,5,194,0,9,0,4,4,2,8,2,0,5,93,0,4,2,1,2,9,46,4,2,6,21,43,2
59,407,19,1,43,20,219,137,1,1094,21,123,1,20,160,26,6,61,207,13,126,22,38,391,28,33,2,1098,23,195,0,382,12,146,33,187,28,26,160,39,1,381,11,1,35,116,0,98
0,0,0,1,0,17,0,7,1,0,0,0,4,0,0,2355,0,2482,62,0,0,0,0,0,0,0,0,0,0,0,2380,0,0,145,0,0,0,0,0,0,1,1,0,0,0,1,13,0
0,0,0,2,0,15,185,0,0,0,0,0,3,0,0,4,0,19,7,0,0,0,0,0,0,0,0,0,0,0,233,0,0,1766,0,0,0,0,0,0,0,1,0,0,0,0,2,0
2,0,0,106,1,158,1,1,194,0,0,0,1784,12,3,44,16,45,40,0,5,0,2,0,1,9,0,0,1,1,86,3,3,71,77,0,1,3,0,0,27,22,3,1,2,38,776,0
0,0,0,5,0,3,22,2,13,1,11,0,23,3,0,49,4,31,353,0,0,0,0,0,0,0,11,0,0,0,3,0,0,4,1,0,0,4,0,0,3,4,0,120,0,0,71,0
0,25,0,0,42,23,0,15,22,7,38,30,0,3,0,0,4,0,0,4,6,41,26,38,1,34,0,6,15,8,0,30,3,0,1,5,48,4,2,5,0,2,3,1,31,6,0,3
13,13,34,4,52,5,11,34,16,42,279,41,0,2,5,0,64,0,0,29,10,437,68,87,79,62,0,14,72,4,0,311,15,0,40,16,157,97,13,1,0,5,102,61,148,5,1,4
190,9,51,23,3,1,830,7,9,6,15,9,4,119,7,4,7,4,328,2,0,5,0,8,3,5,100,4,3,0,11,3,3,0,20,0,1,7,12,0,0,36,1,63,15,0,14,1
31,299,58,161,77,276,20,3,7,4,33,506,150,1,0,0,3,0,4,35,0,2,37,28,32,1,2,58,68,8,0,3,5,3,746,178,15,18,13,6,0,24,4,0,4,0,0,0
388,85,11,3,1,1,0,13,1,37,64,2,0,0,17,0,282,0,0,1,2,57,12,0,61,16,1,6,81,0,0,19,14,0,12,10,1,186,65,3,0,0,109,44,9,1,0,1
9,0,1,10,0,51,27,8,2,0,0,0,9,1,0,989,0,1252,44,0,3,1,48,1,3,0,0,0,3,2,1182,0,0,74,4,0,0,3,0,0,1,2,0,4,2,21,10,0
5,0,1,1,0,21,4,0,0,0,0,0,1,0,2,1,0,4,0,0,0,1,0,0,0,0,0,0,0,0,33,0,0,75,0,0,0,0,0,0,0,0,0,1,0,0,0,0
