0.20409,0.23283,0.33925,0.28637,0.23755,0.14668,0.27555,0.1886,0.24071,0.61003,0.29202,0.33345,0.42829,0.62236,0.5113,0.65478,0.53472,0.58293,0.52162,0.25905,0.34014,0.22704,0.16235,0.14991,0.46504,0.21563,0.55074,0.44516,0.1869,0.22999,0.54951,0.18243,0.55996,0.56328,0.28047,0.15662,0.21149,0.62248,0.35633,0.24889,0.95651,0.19512,0.39636,0.77707,0.25069,0.27785,0.42574,0.20864
0.41592
0,222,0,0,233,170,0,14,1,59,25,19,0,135,0,0,0,2,26,0,42,0,3,54,0,321,0,101,6,457,0,0,0,0,1,219,66,23,0,720,0,4,0,0,6,12,0,123
0,1,0,0,4,16,2,520,3,4,6,7,0,1,8,0,0,118,1,0,916,97,136,139,5,74,0,0,14,23,0,104,19,0,9,89,67,5,0,335,0,145,158,0,5,576,0,390
25,81,2,1,149,79,14,89,43,11,70,30,5,35,12,2,35,5,10,10,94,12,32,201,4,329,19,17,38,194,1,8,5,1,6,102,203,6,2,311,12,28,1,2,48,53,13,105
0,590,1,0,816,211,0,3,0,13,77,130,1,33,0,0,0,0,12,0,2,1,7,16,0,114,0,250,7,309,0,0,1,0,29,40,32,11,2,174,0,4,0,0,13,2,1,36
0,1,0,0,39,0,0,10,0,0,10,3,0,0,0,0,0,3,0,0,56,3,0,10,1,95,0,1,0,58,0,0,0,0,0,160,2,7,0,144,0,13,4,0,5,8,0,96
16,118,38,2,310,60,21,68,332,43,252,174,1,176,3,1,11,1,8,55,75,25,31,255,6,292,3,20,76,121,0,27,17,1,59,58,124,2,14,32,1,46,15,6,305,11,1,73
0,14,0,0,19,341,0,8,0,3,1,2,0,1,1,0,0,3,3,2,117,0,44,56,1,29,0,8,176,187,0,11,0,0,2,14,541,10,0,727,0,4,9,0,0,20,0,36
1,2,0,69,2,2,7,0,54,2,1,4,25,1,0,1,1,1,2,1,2,0,1,54,0,4,3,5,2,0,0,9,0,2,4,0,2,6,0,7,2,2,3,0,2,1,8,0
74,100,125,97,1,46,189,202,3,4,772,9,35,317,1539,5,267,5,37,301,10,7,8,11,6,0,2708,8,55,35,19,1,82,10,18,0,66,40,7,50,49,37,0,327,5,1,477,59
0,0,0,18,0,138,0,0,0,0,0,0,46,0,0,4,0,13,0,0,0,0,0,0,0,0,0,0,0,0,106,0,0,487,0,0,0,0,0,0,0,0,0,0,0,3,7,0
0,0,2,65,1,34,1,2,107,2,3,1,482,5,8,8,11,7,18,0,9,17,1,1,6,25,1,0,1,0,16,6,51,8,24,0,3,0,0,3,27,27,3,0,4,4,152,0
211,3,37,51,1,0,342,0,281,1,30,3,40,6,19,14,2,9,136,6,22,11,19,26,9,11,80,1,6,0,2,12,14,0,4,0,3,12,2,0,13,16,5,42,22,6,428,1
616,35,59,76,1,2,59,14,13,37,6,62,21,8,61,0,8,0,2,14,83,25,6,11,41,66,113,10,14,4,2,9,31,0,8,1,2,10,5,68,0,8,10,1,166,0,0,0
0,9,1,0,31,33,0,526,27,140,53,7,0,0,6,0,1,4,6,4,435,234,119,283,17,400,0,8,47,17,0,227,24,0,128,162,134,2,2,114,0,27,135,0,54,300,0,133
3,12,18,1,241,25,0,0,2,1,65,435,0,8,0,0,0,1,0,7,0,0,5,0,5,13,0,6,8,24,0,0,1,0,16,1,2,0,1,1,1,22,0,0,8,0,0,16
5,2,113,4,4,0,101,6,7,1,0,1,1,1,2,0,0,0,0,75,3,6,2,10,5,1,9,1,5,3,0,1,202,0,6,0,7,4,100,1,0,2,2,0,21,1,2,0
0,0,22,16,2,2,27,1,340,3,3,3,24,6,1,5,4,1,37,6,0,0,0,1,0,0,32,1,3,1,2,0,14,1,18,0,0,1,4,0,25,480,0,27,2,10,74,64
3,148,4,0,19,9,27,270,17,2725,21,32,2,6,17,8,30,5,295,18,40,74,30,194,7,36,1,415,9,24,1,76,10,15,276,63,27,3,112,5,2,41,0,3,247,25,0,36
0,0,0,0,1,9,0,39,0,1,2,2,0,0,11,0,9,0,0,4,112,226,431,24,153,8,0,2,109,0,0,390,3,0,2,21,95,74,2,30,0,4,442,0,5,65,0,6
0,0,0,8,0,3,22,0,6,0,2,0,14,1,0,6,2,5,2063,0,0,0,0,6,0,0,2,0,0,0,3,0,0,8,1,0,0,0,0,0,8,4,0,26,0,0,11,0
1,6,3,314,0,0,2,2,120,3,1,5,191,1,25,2,1,6,0,3,119,3,0,1,0,7,2,0,11,0,2,11,6,2,18,0,1,8,2,0,1,9,2,0,24,8,269,0
6,1,5,9,2,0,47,1,7,1,3,1,2,37,85,0,10,0,55,0,1,0,1,0,0,0,43,3,2,1,0,0,2,0,13,0,0,1,3,0,9633,38,0,127,2,0,32,6
40,3,9,130,10,3,14,21,90,12,5,2,57,1,49,4,14,71,21,3,18,320,4,6,38,3,3,77,12,58,2,8,9,8,278,4,8,9,5,7,32,381,164,2,9,11,15,10
6,29,2,1,13,26,3,311,96,70,76,8,0,7,32,0,87,0,1,54,101,781,296,208,160,117,0,8,230,3,0,566,50,0,130,131,270,125,13,8,0,6,435,14,395,153,0,20
106,60,43,4,23,45,84,403,695,86,117,10,0,147,47,3,532,4,7,379,156,786,357,440,420,100,5,40,187,13,10,571,160,2,185,114,407,169,66,9,3,25,400,50,637,97,0,41
6,4,38,5,0,2,1,4,1,6,20,2,0,0,263,0,185,3,0,17,4,219,439,4,1204,1,0,103,425,0,5,291,8,1,2,335,30,1606,179,3,2,0,1371,136,12,13,0,0
0,1,0,203,0,433,1,4,2,1,0,0,68,0,1,6,7,15,1,0,0,6,0,1,0,0,0,1,0,0,89,3,55,269,0,0,1,0,0,0,0,0,0,0,0,2,11,0
0,4,4,1057,0,6,26,0,920,14,2,2,558,7,295,38,3,20,24,5,32,0,0,0,0,1,0,2,0,1,110,1,3,11,86,0,1,3,1,0,19,31,0,3,27,621,77,3
19,16,45,138,0,182,88,5,6,0,1046,6,47,1948,180,23,1879,19,103,41,8,0,4,7,2,0,1445,47,59,33,21,0,23,19,11,0,4,13,7,5,174,271,2,3897,4,0,1892,391
416,157,737,6,496,305,42,2,2,8,119,956,1,47,2,0,8,1,3,90,14,8,385,62,168,86,1,34,428,101,5,6,23,0,98,25,141,24,127,54,1,220,21,5,142,4,1,84
333,20,1021,350,11,2,258,2,9,3,4,6,0,13,4,0,4,1,2,729,11,5,3,16,8,2,83,4,10,3,2,5,486,0,16,0,6,7,310,5,11,4,9,14,13,1,1,4
669,21,1358,136,18,7,366,15,76,5,70,23,1,13,21,0,11,9,7,737,43,16,15,36,57,20,178,6,66,5,5,7,2148,1,14,1,7,21,945,6,6,16,13,39,87,8,4,4
14,0,127,1,0,0,18,0,0,1,9,3,0,2,0,0,6,0,1,197,0,0,3,2,56,0,60,0,6,0,0,4,328,0,8,0,1,4,462,1,6,2,5,2,5,0,0,0
1,15,2,1,438,15,0,25,1,4,251,199,1,13,0,0,0,0,0,0,13,3,9,40,0,643,1,5,4,85,0,3,0,0,7,196,40,1,0,34,0,7,1,0,39,10,0,29
1,34,0,0,300,164,0,1,0,0,5,3,0,0,0,0,0,0,3,0,0,0,90,10,0,12,0,6,11,11,0,0,0,0,3,4,16,0,0,7,0,0,2,0,0,0,0,1
0,1,0,588,0,2,0,0,293,1,0,1,508,1,115,4,1,0,30,2,4,0,1,178,1,7,0,6,5,1,8,9,1,5,91,0,6,4,0,1,12,44,5,2,4,20,49,1
66,394,18,2,56,24,199,129,1,1104,27,116,1,21,155,28,3,64,207,12,124,22,36,423,22,36,3,1035,23,189,0,389,10,149,39,196,29,48,180,39,1,376,10,3,30,115,0,96
0,0,0,2,0,16,0,6,0,0,0,0,8,0,0,2405,0,2404,64,0,0,0,0,0,0,0,0,0,0,0,2403,0,0,145,0,0,0,0,0,0,1,1,0,0,0,0,15,0
0,0,0,2,0,15,180,0,0,0,0,0,4,0,0,4,0,17,6,0,0,0,0,0,0,0,0,0,0,0,240,0,0,1767,0,0,0,0,0,0,0,1,0,0,0,0,1,0
0,0,0,113,1,149,2,1,201,0,0,0,1750,11,5,47,5,38,39,1,2,0,3,0,1,4,0,0,1,2,82,3,5,70,84,1,1,5,0,2,26,29,4,1,5,36,808,1
0,0,0,9,0,2,21,3,12,1,11,0,19,5,0,52,2,28,361,0,0,0,0,0,0,1,12,0,0,0,3,0,0,5,0,0,0,4,0,0,2,5,0,113,0,0,70,0
1,26,0,0,41,27,0,15,21,7,36,29,0,3,0,0,5,0,0,3,6,42,27,36,1,36,0,7,13,9,0,30,3,0,1,5,47,2,2,6,0,2,4,1,26,9,0,3
13,11,40,5,55,4,8,36,16,44,274,38,0,0,5,0,59,0,0,28,12,447,68,78,88,69,0,17,80,3,0,319,10,0,35,18,148,90,21,1,0,6,105,59,133,5,1,4
190,12,52,24,3,1,844,8,10,6,16,7,4,111,9,3,5,5,317,4,0,4,0,7,3,3,104,3,2,1,9,3,5,0,19,0,1,5,12,1,0,41,0,61,14,0,13,1
30,311,66,165,93,269,16,2,5,5,32,526,161,1,0,0,2,0,4,36,0,1,33,28,47,1,5,59,55,9,0,3,6,2,688,169,17,19,16,7,0,27,2,0,4,1,0,0
391,70,9,4,1,1,0,13,1,35,59,0,0,0,27,0,304,0,0,1,3,60,12,0,44,15,1,8,81,0,1,17,21,0,13,10,0,189,48,3,0,0,117,46,9,1,0,1
10,0,1,13,0,53,27,8,1,0,0,0,7,1,0,999,0,1232,43,0,4,1,43,0,3,0,0,0,3,2,1191,0,0,70,3,0,0,7,0,0,1,4,0,5,2,22,11,0
5,0,1,1,0,19,4,0,0,0,0,0,1,0,2,1,0,4,0,0,0,0,0,0,0,0,0,0,0,0,33,0,0,78,0,0,0,0,0,0,0,0,0,1,0,0,0,0
