0.2126,0.23175,0.34623,0.30274,0.23846,0.15951,0.26796,0.19609,0.25438,0.61591,0.31095,0.334,0.43587,0.62041,0.51235,0.65181,0.54747,0.58922,0.52027,0.27019,0.33964,0.23034,0.16255,0.15107,0.49202,0.22552,0.55805,0.46095,0.19106,0.21956,0.54794,0.19362,0.56265,0.56644,0.29209,0.15334,0.21178,0.61611,0.37822,0.26444,0.96001,0.19844,0.4052,0.77717,0.27852,0.27545,0.43238,0.21367
0.42146
0,218,0,0,245,167,0,15,0,51,25,20,0,128,0,0,0,2,26,0,51,0,4,49,0,323,0,113,8,458,0,0,0,0,2,220,62,23,0,698,0,6,0,0,6,14,0,130
0,0,0,0,3,10,2,531,3,4,6,7,0,0,8,0,0,105,1,0,933,94,143,161,5,74,0,0,13,22,0,106,14,0,12,85,72,3,0,327,0,136,152,0,6,562,0,397
19,75,3,1,155,74,14,80,39,12,68,26,5,26,17,3,35,5,11,12,97,15,33,204,5,321,20,16,42,219,1,8,3,0,8,102,202,6,2,307,10,28,1,2,56,47,9,111
0,600,0,0,811,210,0,3,1,11,75,143,1,18,0,0,0,0,12,0,4,1,4,12,0,115,0,242,7,338,0,0,1,0,30,39,27,12,1,165,0,2,0,0,12,1,1,39
0,1,0,0,39,0,0,10,0,0,8,2,0,0,0,0,0,1,0,0,61,2,0,10,1,98,0,1,0,57,0,0,0,0,0,159,3,7,0,141,0,11,4,0,6,5,0,102
10,117,34,2,320,57,17,70,322,46,226,177,1,173,5,0,14,0,8,51,78,31,27,261,6,291,5,22,87,134,0,25,22,1,55,59,126,1,6,34,1,48,13,6,325,13,0,59
0,13,0,0,18,300,0,8,0,2,1,1,0,1,1,0,0,3,3,2,121,0,47,56,1,24,0,11,175,187,0,11,0,0,2,12,543,10,0,769,0,4,8,0,0,19,0,37
0,2,0,72,3,3,8,0,59,1,1,5,29,1,0,0,1,1,1,0,1,0,2,53,1,6,2,4,2,0,3,3,0,0,5,0,1,5,0,6,1,2,2,0,3,1,5,0
74,96,129,85,1,42,179,178,1,7,766,6,34,375,1493,5,292,10,35,298,7,3,7,5,6,0,2759,9,53,27,19,0,81,10,22,0,55,44,9,54,47,33,0,310,3,1,499,55
0,0,0,11,0,160,0,0,0,0,0,0,42,0,0,3,0,14,0,0,0,0,0,0,0,0,0,0,0,0,101,0,0,480,0,0,0,0,0,0,0,0,0,0,0,3,8,0
0,17,1,59,1,35,1,2,115,1,1,1,478,5,11,8,11,7,18,0,5,16,1,4,6,40,2,0,2,0,16,2,32,9,19,0,4,0,2,2,34,19,2,1,4,1,151,0
201,3,36,45,1,0,350,2,289,2,36,4,43,5,15,15,7,7,127,5,15,11,13,21,7,15,90,1,13,0,2,2,10,0,6,0,3,15,4,0,14,12,3,34,34,8,432,1
634,33,59,76,0,1,51,10,6,38,7,80,23,9,53,0,9,0,2,16,80,21,5,11,30,43,125,8,15,1,3,11,32,0,8,1,5,8,4,81,0,7,10,1,171,0,0,0
0,9,1,0,33,28,1,526,24,151,52,7,0,0,5,0,1,4,6,3,444,256,124,296,18,369,0,10,46,23,0,208,22,0,126,166,135,2,2,107,0,26,124,0,58,306,0,131
2,11,20,1,220,22,0,0,2,1,60,462,0,5,0,0,0,0,0,6,0,0,2,0,4,10,0,5,12,31,0,0,1,0,14,1,3,0,1,3,1,32,0,0,5,0,0,12
3,2,118,5,3,0,95,6,6,1,0,1,1,1,2,0,0,0,0,83,3,4,1,9,6,1,9,0,6,3,0,2,190,0,5,0,7,3,111,1,0,3,2,0,21,1,2,0
0,0,13,22,3,2,29,0,327,2,3,3,26,7,1,4,4,5,38,3,0,0,0,1,1,0,37,0,5,1,2,0,11,1,22,0,0,1,4,0,25,482,0,25,1,12,77,63
2,158,3,0,13,5,30,257,13,2771,21,35,1,6,18,9,27,4,286,15,42,80,41,186,5,27,1,430,7,30,1,66,9,15,272,73,28,3,111,5,2,45,0,4,216,22,0,33
0,0,0,0,1,7,0,36,0,2,1,2,0,0,10,0,6,0,0,4,115,223,443,27,173,9,0,3,97,0,0,382,4,0,3,18,95,68,1,31,0,1,444,0,6,63,0,7
0,0,0,6,0,1,23,0,7,0,2,0,19,1,0,5,4,8,2053,0,0,0,0,6,0,0,3,0,0,0,3,0,0,6,1,0,0,0,0,0,7,4,0,30,0,0,12,0
1,6,3,320,1,1,3,3,132,1,1,7,187,0,31,2,1,5,3,2,114,5,1,0,1,9,2,0,12,1,3,4,5,2,14,0,1,7,2,0,0,5,1,0,12,4,277,0
7,1,6,8,2,0,45,1,5,1,3,1,1,38,91,0,14,0,52,0,1,0,1,0,0,0,38,2,2,0,0,0,2,0,13,2,0,1,2,0,9627,36,0,131,2,0,38,6
46,4,6,137,8,2,14,17,100,15,6,1,58,1,41,3,8,62,19,1,21,298,3,4,32,1,3,73,16,59,2,13,8,9,323,4,7,11,6,6,29,397,141,1,11,9,14,10
5,27,2,1,12,25,5,296,91,71,65,8,0,6,31,0,83,0,2,56,109,780,294,206,175,115,0,8,210,5,0,589,48,0,126,123,265,119,13,9,0,6,436,14,429,159,0,18
94,58,34,5,22,41,87,372,644,82,121,13,0,143,52,3,527,3,6,367,169,791,373,444,404,94,5,38,184,14,9,537,171,2,191,121,413,188,68,12,5,18,401,49,730,103,0,37
6,2,37,5,0,3,1,3,0,6,23,2,0,0,243,0,170,3,0,18,6,203,447,6,1295,1,0,88,402,0,5,298,8,1,4,328,31,1568,177,2,2,0,1387,139,15,15,0,0
0,14,0,159,0,468,1,4,4,1,0,0,77,0,1,7,6,16,1,0,0,6,0,1,0,0,1,1,5,0,87,1,47,263,0,0,0,0,0,0,0,0,0,0,0,2,8,0
0,3,4,1095,0,11,24,0,973,9,1,2,532,8,295,37,2,20,26,4,26,0,0,0,0,3,0,3,1,1,115,0,2,14,48,4,1,2,1,0,14,28,0,4,20,606,76,3
19,18,41,110,0,171,83,5,7,0,1102,6,46,1958,162,24,1978,36,115,43,8,0,3,4,1,0,1379,42,66,31,21,0,24,21,9,2,5,9,7,4,140,256,2,3861,1,0,1928,382
396,164,716,4,501,303,41,2,4,8,108,996,2,28,2,0,10,1,3,84,14,7,377,63,155,84,3,35,440,115,5,6,22,0,107,27,145,25,143,49,2,227,21,8,129,3,1,80
338,19,1031,334,13,4,276,2,10,3,4,7,0,13,3,0,3,0,1,783,14,6,6,17,7,3,83,2,17,2,2,7,462,0,15,1,3,6,261,2,10,4,12,14,5,1,1,4
695,20,1369,151,15,7,356,17,70,7,46,24,1,25,18,0,8,4,12,750,44,16,13,35,38,15,191,6,73,4,7,8,2097,0,19,1,8,27,1014,3,7,14,12,33,40,12,4,1
12,0,114,0,1,0,23,1,0,0,8,2,0,1,1,0,13,0,1,209,0,0,3,1,43,0,60,0,4,0,0,2,342,0,9,1,0,5,459,1,6,2,4,2,4,0,0,0
1,12,1,0,430,15,0,26,0,5,233,209,1,8,0,0,0,0,0,0,17,3,6,44,0,661,1,5,4,98,0,3,0,0,9,191,39,1,0,28,0,6,1,0,37,7,0,34
1,33,0,0,297,161,0,1,0,0,5,4,0,0,0,0,0,0,3,0,0,1,97,9,0,12,0,5,9,11,0,0,0,0,5,4,16,0,0,7,0,0,2,0,0,0,0,1
0,1,0,587,2,0,0,0,300,2,0,3,498,0,111,3,1,0,29,3,3,0,5,189,1,12,0,5,3,2,7,1,0,7,94,0,6,3,1,2,10,46,4,3,6,21,40,1
61,407,20,1,47,20,232,140,1,1094,19,125,3,22,164,32,11,61,207,11,120,23,37,383,27,35,1,1092,26,187,0,380,13,146,32,190,28,23,162,37,1,383,10,1,31,108,0,96
0,0,0,2,0,17,1,6,0,0,0,0,5,0,0,2340,0,2493,63,0,0,0,0,0,0,0,0,0,0,0,2383,0,0,145,0,0,0,0,0,0,1,1,0,0,0,0,13,0
0,0,0,2,0,16,185,0,0,0,0,0,3,0,0,4,0,20,6,0,0,0,0,0,0,0,0,0,0,0,229,0,0,1769,0,0,0,0,0,0,0,1,0,0,0,0,2,0
2,0,0,100,1,159,1,0,203,0,0,0,1784,12,4,43,15,42,42,0,4,0,3,0,2,9,0,0,1,1,82,3,4,72,77,0,2,3,0,0,28,23,4,1,5,37,770,0
0,0,0,5,0,4,20,2,14,2,11,0,20,5,0,50,4,31,356,0,0,0,0,0,0,0,10,0,0,0,3,0,0,4,1,0,0,4,0,0,3,5,0,119,1,0,67,0
0,26,0,0,43,22,0,15,20,7,34,31,0,3,0,0,4,0,0,4,6,40,26,37,1,34,0,6,16,10,0,29,3,0,1,5,48,4,2,5,0,3,3,1,33,7,0,3
14,13,34,4,54,5,10,36,14,39,282,41,0,2,5,0,62,0,0,28,9,435,65,88,80,60,0,14,78,4,0,311,16,0,39,15,155,98,15,1,0,5,102,62,149,4,1,4
188,9,50,26,3,1,828,5,10,5,14,7,4,119,6,4,8,3,326,3,1,4,0,8,1,4,110,4,2,0,14,4,5,0,22,0,1,7,13,0,0,34,1,60,13,0,15,1
34,304,57,162,78,277,24,1,6,3,33,510,155,2,0,0,2,0,4,32,0,2,34,28,31,0,2,59,59,8,0,3,6,3,739,174,18,19,11,6,0,27,4,0,5,1,0,0
390,93,10,3,1,1,0,11,1,35,66,1,0,0,12,0,271,0,0,2,1,55,12,0,60,13,1,6,79,0,0,17,10,0,17,11,1,201,66,3,0,0,110,47,8,1,0,0
9,0,1,10,0,53,26,8,2,0,0,0,11,1,0,985,0,1252,42,0,3,1,47,0,3,0,1,0,3,2,1191,0,0,71,4,0,0,3,0,0,1,1,0,5,2,21,8,0
5,0,1,1,0,23,4,0,0,0,0,0,2,0,2,1,1,3,0,0,0,1,0,0,0,0,0,0,1,0,33,0,0,72,0,0,0,0,0,0,0,0,0,0,0,0,0,0
