0.2202,0.20999,0.24946,0.17507,0.22755,0.13814,0.25627,0.19057,0.27213,0.53959,0.22678,0.27011,0.39248,0.53232,0.46368,0.689,0.51587,0.37705,0.37678,0.24752,0.22397,0.24457,0.15272,0.20288,0.37371,0.17551,0.50712,0.35405,0.2175,0.17627,0.55671,0.14756,0.54451,0.42887,0.23547,0.17534,0.19913,0.48743,0.31427,0.23709,0.92679,0.16799,0.35874,0.79863,0.17532,0.26546,0.40564,0.23629
0.37781
0,237,0,0,167,209,0,29,0,31,28,24,0,210,0,0,0,3,32,1,48,0,4,107,0,270,0,74,0,361,0,0,2,1,1,202,79,29,0,776,0,14,2,0,7,6,0,110
0,0,0,0,0,20,1,418,9,6,6,22,0,2,6,0,0,290,1,0,598,98,131,93,3,108,0,1,25,13,0,167,23,0,16,139,66,13,1,331,0,175,221,0,2,558,0,434
25,94,3,1,90,125,24,86,39,28,74,31,5,56,6,3,22,14,6,10,69,21,84,168,4,265,20,9,5,188,1,9,5,4,15,100,198,7,3,388,13,55,2,3,48,58,11,60
0,576,0,1,773,233,0,3,0,14,102,159,1,116,0,0,0,0,15,2,8,0,0,25,1,76,0,186,0,192,0,0,7,0,103,26,33,10,1,234,0,1,1,0,13,0,1,25
0,1,0,0,23,4,0,22,0,2,13,19,0,3,0,0,0,5,1,0,44,1,0,6,1,133,0,0,0,56,0,6,0,0,1,125,6,8,0,125,0,20,4,0,11,7,0,82
41,149,45,2,229,119,29,53,284,54,267,106,0,246,4,1,10,2,6,62,79,28,70,246,10,201,4,13,19,136,1,28,17,1,72,40,113,8,22,76,3,77,14,8,331,7,2,51
0,30,0,0,12,452,0,7,0,14,0,3,0,2,4,0,0,11,6,2,91,0,85,83,2,41,0,3,31,190,0,10,1,0,2,19,548,24,2,611,0,24,2,0,0,51,0,27
1,1,0,78,0,5,5,1,13,0,1,5,13,0,0,0,0,16,25,1,1,0,0,29,2,11,1,2,0,0,1,25,0,1,4,1,0,9,0,25,4,4,0,0,3,0,7,0
110,171,251,117,2,21,90,314,1,7,757,8,36,190,1430,6,190,11,40,399,10,8,42,55,14,0,2349,29,67,127,11,2,112,17,7,0,91,104,57,80,76,39,2,254,7,2,440,71
0,0,0,73,0,191,0,0,0,0,0,0,67,0,0,8,0,13,0,0,0,0,0,0,0,0,0,0,0,0,144,0,0,317,0,0,0,0,0,0,0,0,0,0,0,2,7,0
0,0,8,91,1,40,3,2,60,3,7,0,291,4,4,12,3,8,10,0,6,47,1,1,4,73,0,0,1,2,22,22,16,7,38,0,9,5,0,12,32,11,2,2,6,0,280,0
223,24,27,75,2,3,249,3,103,3,39,0,26,3,10,11,2,26,305,10,21,14,13,18,3,50,82,0,9,4,3,141,10,0,8,0,14,18,31,17,18,19,9,50,54,2,201,6
615,29,39,50,2,6,20,8,12,34,3,41,8,7,77,0,6,1,4,19,120,19,24,12,41,112,126,15,15,27,4,10,20,1,2,4,1,8,14,71,0,51,16,1,92,0,1,0
2,16,0,0,26,41,0,505,54,92,80,19,0,2,6,0,2,57,7,0,328,260,170,143,12,419,0,3,29,17,0,288,47,2,86,222,170,10,8,157,0,39,162,0,40,239,0,90
2,22,32,13,313,23,0,1,0,1,76,292,1,29,0,0,0,1,0,7,1,0,1,1,5,11,0,2,1,11,0,0,0,0,20,2,4,1,0,5,1,28,0,0,26,1,2,13
19,3,73,7,4,1,111,6,17,3,1,0,1,0,1,1,0,0,0,60,11,11,4,11,15,2,4,1,3,5,0,3,202,0,4,0,5,3,96,0,0,4,5,1,16,0,2,1
5,0,21,43,7,7,26,1,258,1,4,3,22,3,1,6,3,1,42,7,0,1,0,4,0,0,13,2,3,8,7,1,15,3,12,1,0,2,5,1,32,403,0,15,1,120,62,91
8,142,2,0,29,6,38,289,26,2317,16,50,0,7,14,8,16,5,324,17,116,153,36,254,12,118,1,328,3,24,2,90,39,37,206,21,36,11,110,6,2,14,5,2,375,15,0,98
0,1,0,0,2,8,0,30,4,1,3,2,0,0,10,0,14,0,0,7,70,151,358,18,99,5,0,6,178,2,0,440,8,0,1,66,137,93,3,21,0,1,434,0,2,105,0,2
0,0,0,7,0,4,27,0,4,0,0,0,22,3,0,12,2,3,1402,0,0,0,0,1,0,1,3,0,0,2,8,0,0,642,1,0,0,1,0,0,6,11,0,29,0,0,10,0
2,8,82,176,1,1,3,1,67,8,1,0,158,0,37,3,1,27,2,2,163,9,0,1,5,11,19,1,3,3,6,9,6,0,29,1,1,93,1,4,0,9,0,9,15,3,211,0
6,1,4,11,2,5,28,2,7,1,0,1,2,16,93,0,12,0,81,2,0,0,1,0,2,0,34,4,4,6,1,0,3,0,4,1,0,1,4,0,9709,39,3,48,3,0,23,16
48,0,11,115,12,7,21,12,128,13,9,2,48,1,76,4,7,49,15,4,12,341,7,4,39,3,3,64,23,33,15,13,2,23,156,9,8,14,8,6,33,323,281,1,13,22,12,10
14,21,13,1,11,27,7,244,167,62,99,19,0,8,30,0,135,4,3,50,85,792,511,118,159,100,1,8,314,4,2,529,61,3,108,155,313,144,25,12,0,8,456,10,110,88,0,11
181,38,38,1,20,64,105,242,848,61,132,42,0,127,56,1,551,9,7,310,172,945,499,327,371,86,8,40,138,35,22,516,149,5,168,212,427,198,124,33,4,29,382,38,347,92,0,45
5,1,97,5,0,2,1,9,8,5,16,2,0,0,339,0,387,4,0,33,6,227,417,4,981,2,0,108,450,1,10,364,13,24,1,391,25,1318,244,3,1,0,1280,138,7,21,0,0
0,1,0,281,0,438,1,6,1,0,0,0,105,0,1,5,2,20,0,0,1,42,0,0,0,0,0,0,1,0,86,2,2,173,2,0,0,0,0,0,0,0,0,0,0,1,10,0
1,2,6,625,0,8,5,0,996,87,0,0,416,0,343,71,1,66,44,4,103,0,1,1,0,4,24,3,4,4,113,3,2,14,206,2,2,19,1,0,11,64,1,10,51,558,141,1
33,35,319,190,1,123,64,8,4,1,500,4,22,1474,251,25,1885,19,100,72,7,1,12,45,2,0,1632,134,37,325,36,1,31,26,8,0,12,66,15,10,436,231,3,3736,5,2,1739,448
460,153,664,22,584,311,12,6,5,14,226,555,4,96,1,0,21,1,3,125,20,4,385,59,221,129,1,25,233,47,5,7,27,3,95,33,126,32,171,104,3,350,16,9,211,1,2,84
537,36,939,412,15,2,231,2,11,8,11,6,0,14,0,0,4,2,2,427,33,3,9,7,25,3,30,5,34,4,1,11,387,0,3,3,6,7,482,6,19,4,11,36,16,0,1,6
872,49,1048,124,12,6,389,18,107,22,146,20,1,7,20,0,5,12,3,648,139,20,54,40,180,17,86,8,94,24,9,8,1982,3,15,8,16,11,912,21,11,27,19,37,80,0,5,2
25,0,108,2,0,0,10,1,1,0,16,7,0,1,1,0,4,0,0,232,3,2,3,3,154,0,35,0,8,1,0,2,317,1,9,1,3,6,343,1,9,3,7,7,6,2,0,0
1,48,2,4,401,25,0,27,2,21,325,185,1,33,2,0,0,1,0,1,10,2,13,46,0,536,1,1,0,47,0,6,1,0,14,176,32,3,0,42,0,13,1,0,82,10,0,21
1,39,0,0,351,144,0,1,0,1,8,3,0,0,0,0,0,0,3,0,0,0,28,10,1,14,0,3,0,7,0,0,0,0,35,3,25,0,0,6,0,0,1,0,0,0,0,0
0,0,1,552,2,3,1,0,159,0,0,1,494,0,103,3,1,39,225,1,3,1,1,31,1,10,0,1,1,2,8,80,1,9,151,0,3,3,0,15,12,48,3,1,7,5,29,1
106,510,42,2,67,23,210,180,5,1303,23,125,2,20,51,41,11,71,264,10,230,46,55,536,31,129,7,638,12,96,1,435,95,267,38,42,54,12,100,33,0,153,8,1,34,62,0,69
0,0,0,10,0,20,2,6,0,0,0,0,11,0,0,3425,0,1317,59,0,0,0,0,0,0,0,0,0,0,2,2474,0,0,124,0,0,0,4,0,0,0,2,0,0,0,0,14,0
0,0,0,5,0,64,257,0,0,0,0,0,4,0,0,9,0,13,0,0,0,0,0,0,0,0,0,0,0,0,422,0,0,1459,2,0,0,0,0,0,0,2,0,0,0,0,0,0
3,0,0,244,2,151,2,1,195,0,2,0,1294,3,9,108,7,49,45,0,10,3,0,0,0,15,0,0,0,1,81,19,1,60,126,0,5,4,0,10,32,22,1,0,6,27,999,2
0,0,1,19,0,4,20,1,2,0,2,0,18,1,0,54,3,15,360,0,0,0,0,0,0,1,19,0,0,3,9,8,0,21,0,0,0,8,0,0,6,4,0,103,1,0,57,1
2,37,3,1,47,30,1,14,27,8,26,21,0,9,0,0,3,0,1,3,5,44,42,37,4,17,0,5,3,8,0,33,1,0,2,3,49,1,4,9,0,2,3,1,20,4,0,2
17,10,56,6,50,4,10,39,25,40,246,31,0,1,8,0,105,0,0,15,17,456,122,68,130,64,1,8,100,4,0,274,18,0,34,17,119,93,23,2,0,5,104,50,64,6,2,9
232,43,179,29,6,5,705,7,1,5,6,15,5,75,4,6,6,3,234,3,2,3,0,7,10,5,125,4,5,17,14,7,3,34,1,0,0,6,42,4,1,13,0,58,8,0,4,1
33,153,64,146,130,217,10,4,6,7,38,675,206,0,0,0,9,0,3,70,2,2,73,23,48,0,2,58,70,6,0,7,5,1,559,188,14,2,12,13,0,57,4,0,5,1,0,0
315,62,22,6,1,6,0,30,2,16,29,1,0,0,85,0,223,1,1,2,3,106,20,0,33,12,0,10,146,0,0,8,9,0,5,17,2,258,38,3,0,1,103,19,13,1,1,6
12,0,0,23,0,42,31,11,2,0,0,0,11,0,0,1147,0,1331,40,0,23,2,69,0,0,0,1,0,0,2,890,0,0,51,4,0,0,37,0,0,2,0,0,1,1,23,11,0
3,0,1,0,0,22,2,0,0,0,0,0,2,0,1,1,1,10,0,0,0,1,1,0,0,0,0,0,0,1,35,1,0,68,0,0,0,0,0,0,0,0,0,0,0,0,0,0
