0.20185,0.23541,0.33841,0.28779,0.23641,0.14634,0.27287,0.19121,0.2409,0.61099,0.29105,0.33752,0.42664,0.62839,0.51329,0.65385,0.53347,0.58087,0.51887,0.25654,0.34093,0.22757,0.16079,0.15037,0.46455,0.21488,0.54941,0.44693,0.189,0.2289,0.54873,0.18686,0.55953,0.56274,0.27843,0.1578,0.2121,0.62146,0.35945,0.24957,0.95653,0.19601,0.39366,0.77731,0.24823,0.27671,0.42509,0.21095
0.41577
0,222,0,0,240,170,0,14,1,56,26,19,0,136,0,0,0,2,26,0,40,0,3,55,0,320,0,101,6,453,0,0,0,0,1,219,66,23,0,721,0,4,0,0,6,12,0,122
0,0,0,0,4,17,2,517,3,4,6,7,0,1,8,0,0,120,1,0,913,96,134,138,6,74,0,0,14,23,0,105,19,0,9,89,67,5,0,338,0,143,159,0,5,581,0,389
26,80,1,1,151,78,15,87,39,10,71,31,5,33,13,2,35,5,12,10,94,12,35,203,4,332,18,17,39,193,1,9,4,1,7,105,202,6,1,309,13,29,1,1,46,52,10,106
0,597,1,0,813,208,0,3,0,13,79,129,1,34,0,0,0,0,12,0,2,1,7,16,0,116,0,246,7,310,0,0,1,0,29,40,32,11,2,172,0,4,0,0,13,2,1,36
0,1,0,0,39,1,0,10,0,0,11,3,0,0,0,0,0,3,0,0,57,3,0,10,1,94,0,1,0,57,0,0,0,0,0,158,2,7,0,145,0,13,4,0,5,8,0,96
17,118,37,2,306,58,25,66,334,43,257,166,1,176,4,1,11,1,8,59,73,28,33,254,5,291,5,21,79,116,0,27,19,1,60,53,124,2,16,37,2,48,15,6,302,11,1,67
0,14,0,0,19,343,0,9,0,3,1,1,0,1,1,0,0,3,3,2,113,0,45,55,1,30,0,8,174,186,0,11,0,0,2,14,540,10,0,730,0,4,11,0,0,19,0,37
1,1,0,68,2,2,7,0,56,2,0,5,26,1,0,1,1,0,1,1,3,0,1,52,0,4,3,5,2,1,2,9,0,0,5,0,2,6,0,4,2,4,4,0,2,0,9,0
72,96,128,91,1,46,194,204,1,6,773,8,35,309,1545,6,264,6,38,304,11,5,8,9,5,0,2691,9,57,34,20,1,83,10,22,0,64,41,10,51,48,35,1,335,6,1,479,61
0,0,0,20,0,140,0,0,0,0,0,0,48,0,0,4,0,13,0,0,0,0,0,0,0,0,0,0,0,0,106,0,0,482,0,0,0,0,0,0,0,0,0,0,0,3,6,0
0,0,2,63,1,33,1,5,103,1,3,1,481,5,7,10,11,5,17,0,8,18,1,1,6,26,1,0,1,0,15,7,52,9,21,0,3,0,0,3,29,25,4,0,3,4,160,0
209,3,36,53,1,0,348,1,279,1,32,3,42,6,20,15,2,8,133,5,19,12,21,22,8,11,80,1,7,0,2,8,12,0,4,0,4,13,2,0,12,17,7,40,20,9,429,2
612,37,60,73,0,2,56,14,15,35,6,59,23,7,59,0,7,0,2,15,79,26,8,12,43,71,113,10,11,4,2,10,30,0,8,1,3,11,6,67,0,8,12,1,170,0,0,0
0,9,1,0,30,30,1,531,26,137,54,8,0,0,6,0,1,4,6,3,432,235,122,279,17,403,0,8,48,18,0,222,26,0,127,159,132,2,2,117,0,28,137,0,55,300,0,134
3,12,18,1,242,25,0,0,2,1,64,438,0,8,0,0,0,1,0,7,0,0,4,0,5,12,0,6,8,24,0,0,1,0,16,1,2,0,1,2,1,20,0,0,8,0,0,16
5,2,114,5,4,0,103,6,7,1,0,1,1,1,2,0,0,0,0,77,3,6,2,9,5,2,8,1,4,3,0,1,200,0,6,0,7,4,99,1,0,2,2,0,20,1,2,0
0,0,20,17,2,2,27,0,339,4,3,3,25,5,1,5,4,1,38,7,0,0,0,1,0,0,32,1,3,1,3,0,14,0,17,0,0,1,4,0,25,481,0,27,2,10,75,63
3,147,5,0,20,9,27,269,19,2714,22,33,2,6,17,8,30,5,296,16,39,75,31,197,7,35,1,419,9,27,1,73,8,15,276,62,27,3,113,5,1,39,0,3,253,25,0,36
0,0,0,0,1,9,0,36,1,1,2,2,0,0,10,0,9,0,0,3,113,227,429,25,151,8,0,3,106,0,0,399,2,0,2,22,96,72,2,29,0,4,442,0,5,65,0,6
0,0,0,9,0,3,25,0,7,0,2,0,15,1,0,6,2,4,2062,0,0,0,0,5,0,0,1,0,0,0,4,0,0,8,1,0,0,0,0,0,8,4,0,24,0,0,10,0
1,6,4,307,1,0,2,4,125,3,1,6,185,1,26,2,2,6,1,3,119,5,0,1,0,6,2,0,13,0,3,7,7,2,18,0,1,8,2,0,1,8,2,0,24,7,270,0
6,1,4,9,2,0,47,1,6,1,3,1,2,37,85,0,10,0,55,0,1,0,1,0,0,0,40,3,2,1,0,0,2,0,15,0,0,1,3,0,9638,39,0,125,2,0,32,5
40,3,7,130,12,3,12,18,92,14,5,2,56,1,47,3,14,71,21,3,20,318,4,6,37,2,3,76,14,60,2,9,9,8,281,3,7,9,5,5,30,385,164,2,9,10,19,9
6,29,2,1,13,26,3,306,101,73,77,8,0,8,33,0,86,0,2,54,99,789,296,208,168,117,0,8,229,2,0,558,48,0,130,134,261,122,13,9,0,7,434,14,393,155,0,20
101,60,39,4,21,48,79,391,694,85,114,12,0,138,47,3,527,6,5,398,154,774,363,443,417,102,5,42,186,13,10,586,161,3,186,117,411,178,68,11,3,26,401,51,630,93,0,39
7,4,38,5,1,2,1,6,1,6,20,2,0,0,264,0,189,3,0,20,4,222,438,5,1199,1,0,102,424,0,5,290,8,1,2,335,30,1604,180,3,2,0,1366,134,12,14,0,0
0,1,0,203,0,432,1,4,3,1,0,0,69,0,1,8,4,15,1,0,0,7,0,1,0,0,1,1,0,0,88,3,55,270,0,0,0,0,0,0,0,0,0,0,0,2,10,0
0,4,5,1051,0,6,24,0,927,14,3,1,553,7,292,35,3,18,26,3,35,0,0,0,0,1,0,2,0,2,114,1,3,14,89,0,0,2,1,0,19,27,0,4,32,619,78,3
23,17,54,123,0,181,88,5,6,0,1044,5,46,1970,175,24,1865,19,113,37,8,0,4,7,2,0,1453,44,59,33,25,0,23,18,11,0,4,12,7,4,174,268,2,3892,4,0,1884,397
410,156,728,6,504,301,41,3,2,8,121,968,1,47,2,0,11,1,5,92,13,5,381,68,163,82,0,33,433,97,5,5,24,0,99,25,142,29,130,52,1,218,21,6,136,4,2,85
332,19,1031,350,10,1,261,2,7,4,4,5,0,13,4,0,3,1,1,729,12,5,6,16,9,1,82,4,11,3,2,4,482,0,16,0,5,5,310,5,10,4,10,14,12,1,1,4
655,22,1356,137,19,7,366,15,81,10,68,25,1,12,22,0,10,8,9,736,43,14,19,32,59,22,176,5,63,5,5,9,2129,1,15,1,7,20,968,4,9,17,16,36,87,8,4,4
14,1,125,1,0,0,18,0,0,1,10,3,0,2,0,0,6,0,1,197,0,0,3,2,55,1,59,0,6,0,0,4,324,0,6,0,1,4,466,1,6,2,5,4,6,0,0,0
1,15,2,1,435,15,0,25,1,4,252,199,1,13,0,0,0,0,0,0,13,3,9,41,0,644,1,5,4,84,0,3,0,0,7,196,40,1,0,34,0,7,1,0,39,10,0,30
1,34,0,0,302,164,0,1,0,0,5,3,0,0,0,0,0,0,3,0,0,0,89,10,0,12,0,6,10,11,0,0,0,0,3,4,16,0,0,7,0,0,2,0,0,0,0,1
0,1,0,587,2,1,0,0,289,0,0,1,508,0,113,4,1,1,31,2,4,0,1,181,1,8,0,7,5,1,8,8,1,6,93,0,6,4,0,1,10,45,5,2,5,21,45,3
62,387,21,2,54,25,202,132,1,1091,21,115,1,21,158,27,5,64,205,9,125,25,37,430,23,39,2,1040,24,191,0,390,9,154,41,185,29,43,183,39,1,379,10,2,31,114,0,101
0,0,0,2,0,16,0,6,1,0,0,0,8,0,0,2414,0,2399,66,0,0,0,0,0,0,0,0,0,0,0,2393,0,0,149,0,0,0,0,0,0,1,2,0,0,0,0,13,0
0,0,0,2,0,16,182,0,0,0,0,0,4,0,0,4,0,17,5,0,0,0,0,0,0,0,0,0,0,0,238,0,0,1767,0,0,0,0,0,0,0,1,0,0,0,0,1,0
0,0,0,108,2,155,2,2,214,0,0,0,1739,12,4,48,6,44,40,0,2,0,1,0,1,5,0,0,0,2,82,3,3,68,86,1,1,4,0,1,27,27,4,1,5,38,800,1
0,0,0,8,0,3,21,3,14,0,10,0,22,5,0,51,2,27,361,0,0,0,0,0,0,1,11,0,0,0,3,0,0,5,0,0,0,4,0,0,2,4,0,115,0,0,69,0
1,25,0,0,41,26,0,15,21,7,36,29,0,3,0,0,5,0,0,3,7,42,26,35,1,36,0,7,13,10,0,30,3,0,2,4,47,3,2,6,0,2,4,1,27,9,0,3
11,12,42,5,52,4,10,35,15,43,276,37,0,0,5,0,58,0,0,30,11,447,71,78,85,71,0,17,79,3,0,318,12,0,36,19,146,89,21,1,0,6,106,58,134,5,1,4
188,12,48,25,2,1,841,8,9,6,15,7,3,113,9,3,8,6,321,5,1,5,0,6,3,4,104,3,3,1,11,3,7,0,18,0,1,5,13,1,0,39,0,61,13,0,10,1
30,314,66,163,89,269,17,2,5,4,33,522,164,1,0,0,2,0,3,36,0,0,37,33,47,2,5,56,54,8,0,4,5,2,688,167,18,22,15,7,0,25,2,0,5,1,0,0
394,74,10,5,1,1,0,13,0,35,57,0,0,0,28,0,302,0,0,3,4,60,12,0,44,11,1,9,82,0,1,19,19,0,13,9,0,188,48,3,0,0,116,43,9,1,0,1
9,0,1,13,0,53,29,8,1,0,0,0,7,1,0,1007,0,1240,44,0,4,1,42,0,3,0,0,0,2,2,1177,0,0,69,3,0,0,7,0,0,1,4,0,4,2,22,11,0
5,0,1,1,0,20,4,0,0,0,0,0,1,0,2,1,0,3,0,0,0,1,0,0,0,0,0,0,0,0,33,0,0,77,0,0,0,0,0,0,0,0,0,1,0,0,0,0
