0.20617,0.23596,0.30073,0.2542,0.24619,0.13154,0.25953,0.19248,0.26094,0.6053,0.23639,0.3118,0.4008,0.58931,0.50587,0.67222,0.52235,0.49588,0.5209,0.30508,0.31091,0.23678,0.14862,0.16372,0.40366,0.18694,0.52186,0.41686,0.21762,0.21961,0.57986,0.17352,0.54771,0.54892,0.26507,0.17857,0.20566,0.58197,0.3138,0.24554,0.9501,0.19482,0.39865,0.79031,0.21522,0.27122,0.40217,0.25444
0.40487
0,221,0,0,226,190,0,18,0,44,32,17,0,149,0,0,0,3,27,0,43,0,3,70,0,324,0,93,2,430,0,0,1,1,0,209,73,23,0,729,0,4,1,0,9,13,0,109
0,0,0,0,6,20,1,459,6,3,6,7,0,0,10,0,0,174,0,0,841,91,132,122,6,95,0,1,17,27,0,114,19,0,11,92,68,6,1,338,0,179,192,0,4,588,0,361
20,100,2,2,114,104,14,79,34,11,86,32,7,45,5,3,30,8,13,10,91,17,39,184,2,314,35,17,20,197,0,5,5,0,13,113,194,6,3,330,11,32,1,2,49,55,8,93
0,601,0,0,841,208,0,3,0,16,90,115,1,70,0,0,0,0,15,0,3,1,2,17,1,78,0,249,3,248,0,0,2,0,45,34,31,9,1,198,0,1,0,0,14,0,1,40
0,0,0,0,38,0,0,13,0,1,15,2,0,1,0,0,0,5,0,0,55,2,0,7,2,118,0,0,0,62,0,1,0,0,0,141,3,8,0,136,0,14,6,0,6,7,0,86
24,125,44,1,274,84,30,71,301,43,279,171,1,194,1,1,12,4,6,69,74,22,36,288,4,260,3,18,36,109,0,25,21,1,63,49,119,2,13,40,2,60,15,6,314,8,1,62
0,17,0,0,18,402,0,8,0,3,1,1,0,1,1,0,1,5,1,2,120,1,49,66,1,30,0,6,72,205,0,9,1,0,2,10,538,9,0,743,0,5,8,0,0,29,0,25
0,1,0,72,3,2,4,0,48,1,3,7,18,0,1,1,1,4,1,0,4,1,2,51,0,13,1,2,1,1,0,6,1,1,4,0,1,7,0,14,3,7,0,0,0,0,8,0
89,151,172,95,1,34,162,233,3,6,719,5,48,289,1550,9,236,8,36,334,10,5,16,40,7,1,2602,7,43,39,12,1,82,5,21,0,73,85,12,60,53,36,2,298,5,1,460,68
0,0,0,39,0,137,0,0,0,0,0,0,41,0,0,7,0,14,1,0,0,0,0,0,0,0,0,0,0,0,95,0,0,472,0,0,0,0,0,0,0,0,0,0,0,3,13,0
2,0,4,76,1,31,2,4,64,1,2,0,384,6,3,11,7,5,16,0,10,24,1,1,1,54,0,0,1,0,11,4,48,11,36,0,4,0,0,5,27,15,2,2,3,3,264,0
216,6,43,50,2,2,348,0,264,1,34,1,36,2,13,15,4,11,162,8,11,13,18,15,7,14,83,1,9,1,3,65,14,0,5,0,7,13,3,5,16,31,4,52,22,2,324,3
579,32,54,80,3,0,45,17,15,33,4,58,28,11,65,0,9,3,0,20,82,26,5,8,39,88,113,11,10,4,2,16,35,0,2,1,4,12,3,67,0,23,7,1,172,0,1,0
1,14,0,0,33,32,0,543,33,116,67,6,0,2,5,0,2,30,5,2,403,215,143,249,19,453,0,9,31,30,0,231,25,0,113,174,143,3,4,110,0,26,140,0,46,292,0,100
2,15,21,1,247,27,0,0,1,1,66,405,1,13,0,0,0,1,0,6,0,0,2,2,7,13,0,5,3,16,0,0,0,0,11,2,2,0,1,3,0,27,0,0,24,0,2,22
13,2,98,4,4,0,103,6,11,1,1,1,1,1,2,1,1,0,0,86,6,8,2,13,7,2,5,0,3,2,0,3,205,0,6,0,7,3,87,1,0,2,3,0,14,0,2,0
1,0,15,25,2,3,26,1,256,3,4,2,27,4,2,8,5,0,37,5,0,1,0,3,0,0,37,1,4,3,4,0,13,0,26,0,0,1,5,0,32,481,0,16,1,77,65,67
9,163,4,0,21,12,37,295,25,2581,17,30,0,11,15,8,20,5,278,16,46,87,31,249,10,74,2,372,8,27,1,86,13,21,241,46,27,7,114,4,2,29,0,4,322,24,0,34
0,0,0,0,2,10,0,39,1,1,4,2,0,0,10,0,14,0,0,4,91,178,416,25,142,3,0,6,181,3,0,403,5,0,1,28,105,59,3,28,0,2,426,1,3,85,0,1
0,0,0,7,0,3,29,0,5,0,2,0,17,2,0,9,3,3,2044,0,0,0,0,6,0,0,3,0,0,0,3,1,0,7,1,0,0,1,0,0,9,5,0,29,0,1,11,0
2,9,4,299,1,1,2,3,91,4,1,6,165,2,26,3,1,6,2,3,160,9,0,0,0,8,0,0,9,5,4,6,7,1,25,0,1,37,2,0,0,4,1,0,17,8,257,0
6,1,3,11,2,1,33,1,4,1,1,0,2,33,87,0,7,0,61,1,1,0,1,0,1,0,45,3,2,1,0,0,1,0,12,0,0,1,2,0,9692,41,0,82,3,0,29,8
39,1,9,148,12,4,14,22,96,16,6,1,47,0,48,4,7,77,18,3,17,340,5,5,26,2,3,76,23,55,2,10,8,7,185,2,12,15,6,6,29,384,226,2,11,11,12,8
10,31,9,1,10,25,6,315,121,58,84,11,0,6,27,0,116,2,0,54,84,799,400,183,170,121,0,8,302,4,0,542,58,1,160,134,286,122,12,7,0,9,398,11,206,125,0,14
134,54,49,3,17,60,108,379,732,66,111,18,1,142,41,2,546,15,5,357,149,855,375,424,390,109,6,44,206,12,9,570,173,3,212,102,442,194,68,16,3,27,364,44,495,90,0,23
7,3,56,5,1,3,2,6,1,5,20,2,0,0,313,0,229,3,0,22,4,231,398,6,1058,1,0,118,499,0,5,323,11,1,8,380,34,1498,187,4,2,0,1359,129,6,10,0,0
0,1,0,254,0,394,3,5,2,2,0,0,83,0,0,7,2,16,1,0,0,7,0,1,0,1,0,1,1,0,76,1,60,246,0,0,0,0,1,0,0,0,0,0,0,1,15,0
0,3,1,938,0,6,7,0,990,45,1,4,502,3,319,41,1,21,39,3,82,0,0,0,1,2,2,4,0,7,110,0,3,17,117,0,0,6,2,0,13,47,0,3,62,520,93,3
28,20,73,143,0,141,78,8,6,0,825,4,42,1831,206,23,1823,20,95,52,5,1,6,30,0,0,1664,62,22,79,20,2,21,15,11,0,9,52,6,6,233,244,2,3946,3,0,1815,458
407,110,738,7,527,363,37,2,7,7,144,859,3,78,2,0,12,1,3,86,13,8,366,66,225,73,0,37,363,52,4,7,30,1,79,39,128,14,141,57,0,271,19,9,180,3,1,87
384,18,977,348,9,2,262,2,10,3,6,5,0,17,1,0,1,0,1,599,11,6,1,11,19,4,73,5,16,4,0,7,473,0,11,0,3,10,431,6,15,10,6,19,19,0,1,5
702,22,1187,125,14,7,423,16,99,7,110,21,1,5,28,0,6,5,6,900,51,22,10,28,134,17,133,5,68,23,5,8,2072,3,17,2,11,26,846,5,9,14,18,33,85,0,4,4
13,0,125,2,0,0,14,0,0,0,11,3,0,2,1,0,8,0,1,205,0,5,4,1,113,1,53,0,7,0,0,1,300,0,6,1,1,2,431,1,7,1,6,4,4,0,0,0
1,36,3,1,433,17,0,31,3,7,309,187,1,19,0,0,0,0,0,0,13,3,8,47,0,567,1,2,0,69,0,4,0,0,11,191,36,1,0,32,0,7,1,1,55,10,0,29
1,34,0,0,324,155,0,0,0,1,5,4,0,0,0,0,0,0,3,0,0,0,68,11,1,11,0,6,6,14,0,0,0,0,12,3,17,0,0,7,0,0,1,0,0,0,0,0
0,1,0,591,0,2,0,0,299,2,0,1,504,1,111,5,1,1,27,2,2,0,2,177,1,3,0,5,2,3,7,12,2,6,114,0,2,4,0,9,10,40,5,2,3,6,45,2
67,420,25,1,48,31,175,148,3,1085,24,118,2,36,97,39,11,80,195,10,182,21,34,500,34,58,2,910,13,201,0,452,24,208,37,149,30,19,209,36,2,283,7,2,29,119,0,74
0,0,0,5,0,18,0,4,0,0,0,0,8,0,0,2826,0,1866,77,0,0,0,0,0,0,0,0,0,0,0,2505,0,0,141,0,0,0,1,0,0,0,1,0,0,0,0,18,0
0,0,0,2,0,26,232,0,0,0,0,0,5,0,0,6,0,9,4,0,0,0,0,0,0,0,0,0,0,0,279,0,0,1672,0,0,0,0,0,0,0,1,0,0,0,0,1,0
0,0,0,128,2,158,0,0,201,1,3,0,1507,10,5,75,5,31,42,0,11,1,3,1,0,3,0,0,0,1,68,5,4,62,120,1,2,3,0,2,25,25,0,0,2,44,987,1
0,0,0,13,0,3,24,2,12,1,3,0,23,2,1,47,3,24,361,0,0,0,0,0,0,0,16,0,0,0,4,3,0,4,0,0,0,5,0,0,4,3,0,127,0,0,56,0
0,34,1,0,45,24,1,15,18,6,37,25,0,6,0,0,5,0,0,3,6,44,32,43,2,23,0,5,11,8,0,33,2,0,5,6,43,1,3,5,0,1,0,1,24,7,0,7
13,8,61,5,43,3,12,40,16,37,262,39,0,2,6,0,61,0,1,24,8,499,90,73,103,70,0,13,100,2,0,307,13,0,36,22,142,89,22,2,0,6,89,56,68,4,1,5
204,44,80,25,2,2,803,7,7,6,14,12,3,110,5,5,8,5,289,8,1,4,0,8,4,4,103,5,2,5,13,3,3,0,12,0,0,7,18,2,0,23,0,68,9,0,9,1
34,189,74,163,89,223,17,4,7,3,34,573,239,0,0,0,8,0,4,55,1,0,33,23,55,0,1,63,69,8,0,2,5,2,655,187,16,16,10,9,0,47,0,0,5,0,0,0
383,60,13,7,1,1,0,14,1,35,46,0,0,0,55,0,284,0,0,1,2,63,13,0,27,20,0,13,126,0,1,17,23,0,22,10,2,176,49,3,0,1,100,40,6,1,0,0
9,0,1,12,0,66,36,8,1,0,1,0,9,1,0,1047,0,1293,47,0,12,0,53,0,2,1,0,0,2,1,1049,0,0,58,3,0,0,21,0,0,2,0,0,2,0,21,9,0
5,0,1,1,0,19,4,0,0,0,0,0,3,0,2,1,0,5,0,0,0,1,0,0,0,0,0,0,0,0,28,0,0,79,0,0,0,0,0,0,0,0,0,1,0,0,0,0
