0.20411,0.23562,0.33898,0.28359,0.2383,0.1473,0.27509,0.19118,0.24274,0.60982,0.28909,0.33404,0.42333,0.62338,0.51453,0.65307,0.53476,0.57845,0.51953,0.25452,0.3384,0.22755,0.16215,0.14799,0.4593,0.21373,0.55191,0.44577,0.19331,0.22651,0.55126,0.18493,0.55737,0.5652,0.27943,0.15814,0.21508,0.62693,0.35918,0.24728,0.95664,0.19534,0.3931,0.77751,0.24677,0.2776,0.42318,0.21191
0.4156
0,220,0,0,236,172,0,15,1,58,26,18,0,138,0,0,0,2,25,0,44,0,3,54,0,318,0,105,6,446,0,0,0,0,1,219,66,23,0,725,0,3,0,0,6,12,0,122
0,0,1,0,5,17,1,518,3,5,5,7,0,1,8,0,0,122,1,0,912,95,131,137,5,75,0,0,13,22,0,106,19,0,10,90,69,5,0,342,0,145,159,0,5,572,0,391
28,82,1,1,155,80,16,86,40,10,69,29,5,33,12,2,33,5,11,11,91,12,35,204,5,326,20,15,39,197,1,8,4,0,6,105,199,6,1,313,13,27,1,1,47,51,12,107
0,594,1,0,815,206,0,3,0,14,81,128,1,35,0,0,0,0,13,0,2,1,6,15,0,116,0,251,7,304,0,0,1,0,29,39,32,11,2,176,0,4,0,0,13,1,1,36
0,1,0,0,38,1,0,10,0,0,11,3,0,0,0,0,0,3,0,0,58,3,0,10,1,95,0,0,0,55,0,0,0,0,0,159,1,7,0,144,0,13,4,0,6,8,0,98
17,118,38,2,307,62,22,67,328,44,264,169,1,180,3,1,10,0,8,58,75,31,29,255,7,289,4,22,75,122,0,29,18,1,54,55,123,1,15,37,1,47,15,7,296,12,1,66
0,14,0,0,20,346,0,9,0,3,1,1,0,1,1,0,0,3,3,2,112,0,48,56,1,28,0,8,178,183,0,11,0,0,2,14,539,10,0,727,0,4,10,0,0,19,0,36
1,1,0,68,1,2,6,0,56,2,0,6,28,1,0,1,1,1,1,1,4,0,1,54,0,6,3,4,2,0,1,9,0,0,4,0,0,6,0,7,1,2,2,0,3,0,9,0
76,100,133,99,1,47,186,201,1,4,768,8,36,317,1558,7,245,6,39,306,10,6,8,12,6,0,2695,8,61,34,16,1,82,10,18,0,63,38,7,51,51,36,0,330,6,1,475,61
0,0,0,20,0,142,0,0,0,0,0,0,45,0,0,4,0,14,0,0,0,0,0,0,0,0,0,0,0,0,106,0,0,480,0,0,0,0,0,0,0,0,0,0,0,2,9,0
0,0,2,66,1,30,2,2,113,2,2,1,470,7,6,8,11,5,19,0,8,16,1,2,6,25,1,0,1,1,15,7,52,7,21,0,2,0,0,2,30,27,5,1,2,4,163,0
211,3,36,53,1,2,341,0,275,1,28,2,38,6,20,13,2,8,137,8,18,14,21,24,7,11,85,1,5,0,2,11,14,0,4,0,4,14,2,0,13,19,6,42,20,6,429,2
601,36,63,80,1,2,53,12,16,35,6,54,23,8,65,0,9,0,2,17,78,24,7,12,45,67,109,10,8,4,4,12,26,0,7,1,3,13,4,69,0,7,11,2,182,0,0,0
0,7,1,0,33,32,1,529,26,140,55,6,0,0,6,0,1,6,7,3,431,236,121,279,17,397,0,8,50,20,0,228,24,0,128,164,132,2,2,115,0,26,136,0,52,298,0,131
3,11,18,1,239,26,0,0,2,1,65,440,0,7,0,0,0,1,0,7,0,0,4,0,5,11,0,7,9,24,0,0,1,0,15,1,2,0,1,4,1,20,0,0,7,0,0,16
5,2,109,5,4,0,101,6,8,1,0,1,0,1,2,0,0,0,0,76,4,6,2,9,5,2,8,1,4,3,0,2,205,0,7,0,6,3,99,1,1,2,2,1,20,1,2,0
0,1,19,18,2,2,26,1,337,4,3,4,25,6,2,4,3,2,39,4,0,0,0,0,0,0,31,1,1,1,1,0,17,1,20,0,0,1,5,0,26,478,0,27,2,13,73,63
3,143,4,0,20,9,29,273,19,2707,21,31,2,7,15,8,26,5,296,16,38,78,31,202,5,37,1,416,8,24,1,80,10,15,279,60,26,3,115,5,1,39,0,3,256,25,0,36
0,0,0,0,1,8,0,38,1,1,2,2,0,0,9,0,10,0,0,4,114,229,431,24,151,8,0,3,105,0,0,395,4,0,2,21,96,73,3,28,0,4,439,0,5,65,0,6
0,0,0,8,0,3,22,0,6,0,2,0,17,1,0,4,1,5,2062,0,0,0,0,6,0,0,1,0,0,0,4,0,0,8,1,0,0,0,0,0,8,5,0,25,0,0,12,0
1,6,4,312,0,0,2,3,130,2,0,6,180,1,27,2,1,5,0,3,125,4,0,1,1,6,2,0,10,0,3,8,7,2,16,0,2,9,2,0,0,7,2,0,24,8,268,0
7,1,3,10,2,0,47,1,5,1,3,1,2,36,86,0,10,0,55,0,1,0,1,0,0,0,41,3,2,0,0,0,2,0,14,0,0,1,3,0,9641,36,0,124,2,0,32,7
40,4,9,123,11,2,15,20,94,14,5,3,55,1,51,4,13,72,19,2,19,320,3,6,33,4,3,76,13,62,2,9,9,8,277,3,8,11,6,5,32,380,167,1,7,10,18,11
6,29,2,1,13,26,5,311,103,73,77,8,0,7,30,0,86,0,1,54,101,793,297,211,166,115,0,8,224,3,0,557,54,0,129,133,252,117,11,8,0,6,442,14,391,156,0,22
101,58,40,6,19,51,87,383,691,85,115,11,0,142,46,3,535,5,6,405,160,784,354,437,419,100,4,43,183,13,11,584,162,3,193,111,404,170,68,8,2,24,405,50,631,91,0,42
5,4,39,5,0,2,1,6,0,5,21,2,0,0,262,0,190,3,0,23,4,225,437,5,1185,1,0,106,417,0,5,286,10,1,2,337,27,1620,178,3,2,0,1368,136,13,14,0,0
0,1,0,212,0,436,1,4,4,1,0,0,67,0,1,7,5,16,1,0,0,6,0,1,0,0,0,1,0,0,89,3,53,260,0,0,1,0,0,0,0,0,0,0,0,2,9,0
0,4,6,1049,0,6,27,0,936,14,3,1,554,7,292,36,3,16,25,2,34,0,0,0,0,1,0,2,0,1,117,1,3,12,79,0,0,3,1,0,16,31,0,3,37,616,77,3
23,15,52,131,0,179,86,5,6,0,1039,5,41,1973,175,25,1854,22,107,39,8,0,4,7,2,0,1441,48,57,38,27,0,23,22,10,0,4,12,7,5,170,262,2,3914,4,0,1884,402
415,156,732,6,502,303,44,3,3,9,125,952,1,48,2,0,10,1,2,93,11,9,374,68,166,85,1,36,439,90,5,8,23,0,98,26,136,26,129,49,1,219,22,7,142,4,1,84
338,18,1027,350,11,1,257,2,7,4,4,6,0,12,3,0,3,0,3,732,12,3,4,18,8,2,82,4,12,4,1,7,476,0,15,1,4,5,308,5,13,3,10,16,14,1,1,4
666,18,1360,139,17,8,378,13,77,8,71,24,1,13,26,1,6,10,9,726,49,14,13,35,58,24,164,5,64,7,5,7,2118,0,12,2,9,23,968,5,6,16,15,40,90,8,4,5
15,0,124,0,0,0,18,0,0,1,11,5,0,2,0,0,6,0,1,191,0,0,3,2,57,0,60,0,6,0,0,4,323,0,8,0,1,3,471,1,6,2,5,3,5,0,0,0
1,19,1,1,430,15,0,25,1,4,258,198,1,13,0,0,0,0,0,0,13,3,9,45,0,635,1,4,3,83,0,3,0,0,8,199,39,1,0,35,0,7,1,0,40,10,0,30
1,34,0,0,301,165,0,1,0,0,5,3,0,0,0,0,0,0,3,0,0,1,92,9,0,12,0,6,7,11,0,0,0,0,3,4,16,0,0,7,0,0,2,0,0,0,0,1
0,1,0,582,0,1,0,0,286,1,0,1,518,0,115,5,1,1,27,2,4,0,2,180,1,7,0,6,5,1,7,7,1,5,100,0,4,4,0,1,10,45,5,2,5,22,45,2
64,385,20,2,49,24,196,133,2,1084,23,114,1,22,156,27,7,65,210,12,122,20,36,429,25,36,2,1044,23,192,1,400,8,154,39,182,28,38,188,42,1,387,11,1,33,110,0,102
0,0,0,3,0,15,0,6,0,0,0,0,8,0,0,2417,0,2378,66,0,0,0,0,0,0,0,0,0,0,0,2409,0,0,149,0,0,0,0,0,0,1,2,0,0,0,0,16,0
0,0,0,2,0,16,182,0,0,0,0,0,4,0,0,4,0,16,7,0,0,0,0,0,0,0,0,0,0,0,240,0,0,1764,0,0,0,0,0,0,0,1,0,0,0,0,1,0
0,0,0,124,2,153,3,0,213,0,0,0,1709,13,4,50,6,40,37,1,4,0,2,0,2,5,0,0,0,2,77,4,4,68,88,1,1,3,0,1,28,31,4,1,3,39,815,1
0,0,0,9,0,3,21,3,12,0,10,0,19,5,0,48,2,28,363,0,0,0,0,0,0,1,12,0,0,0,3,0,0,5,0,0,0,4,0,0,2,4,0,115,0,0,72,0
1,27,0,0,41,27,0,13,21,7,36,28,0,3,0,0,4,0,0,3,9,45,26,35,1,35,0,5,14,10,0,30,3,0,2,7,44,3,2,6,0,2,4,1,25,8,0,4
13,12,42,5,52,4,11,35,17,44,276,35,0,1,5,0,62,0,0,28,11,446,69,77,91,72,0,15,78,3,0,315,10,0,36,18,148,91,19,1,0,6,102,58,134,6,1,4
187,11,49,24,2,1,847,7,10,6,16,8,3,115,9,3,8,8,319,5,1,3,0,5,3,4,106,3,2,0,9,5,5,0,18,0,1,5,14,1,0,35,0,61,12,0,11,1
28,312,64,163,87,256,15,2,5,5,34,528,174,1,0,0,2,0,3,40,0,0,36,27,50,2,5,57,58,7,0,3,7,2,686,169,14,22,13,8,0,29,2,0,6,1,0,0
392,73,10,5,1,1,0,13,0,39,53,1,0,0,29,0,301,0,0,2,4,56,12,0,42,13,1,10,80,0,1,18,22,0,10,10,0,190,51,3,0,0,121,41,9,1,0,1
9,0,1,13,0,55,26,8,1,0,0,0,7,1,0,1016,0,1233,42,0,4,1,42,0,4,0,0,0,2,2,1176,0,0,67,4,0,0,7,0,0,1,4,0,6,2,22,11,0
5,0,1,1,0,21,4,0,0,0,0,0,1,0,2,1,0,4,0,0,0,1,0,0,0,0,0,0,0,0,31,0,0,77,0,0,0,0,0,0,0,0,0,1,0,0,0,0
