0.20876,0.2343,0.34474,0.30014,0.24085,0.15733,0.26909,0.19468,0.24993,0.61492,0.30556,0.33549,0.43691,0.61923,0.51057,0.65211,0.54296,0.59477,0.52066,0.26418,0.33576,0.22676,0.16162,0.14997,0.48488,0.22331,0.55984,0.45599,0.1916,0.21822,0.54812,0.18771,0.55612,0.56826,0.29956,0.15686,0.21114,0.62027,0.38001,0.25853,0.95972,0.19794,0.39809,0.77753,0.27311,0.27585,0.43177,0.21175
0.42025
0,218,0,0,239,169,0,15,1,50,26,19,0,132,0,0,0,2,27,0,49,0,3,47,0,319,0,114,8,448,0,0,0,0,2,218,66,23,0,713,0,5,0,0,7,14,0,130
0,0,0,0,4,15,2,527,3,4,6,7,0,0,8,0,0,108,1,0,924,95,140,157,5,76,0,0,13,25,0,101,19,0,8,84,72,5,0,330,0,137,160,0,6,562,0,393
17,77,1,2,150,74,14,84,43,14,71,30,4,27,19,3,37,5,11,15,98,14,34,194,5,324,16,13,43,203,0,8,3,0,5,105,203,5,1,315,8,27,1,2,56,50,11,113
0,597,0,0,823,207,0,3,0,10,74,134,1,21,0,0,0,0,12,0,3,1,3,12,0,117,0,247,7,331,0,0,1,0,28,40,29,12,1,168,0,2,0,0,12,1,1,40
0,1,0,0,39,0,0,8,0,1,9,2,0,0,0,0,0,2,0,0,59,3,0,10,1,95,0,1,0,56,0,0,0,0,0,161,2,7,0,142,0,13,4,0,6,6,0,101
12,120,43,2,319,57,17,69,324,48,236,173,1,173,5,0,14,0,9,55,76,34,27,253,7,292,4,22,78,130,0,24,21,1,59,54,127,1,7,30,1,50,14,6,317,14,0,60
0,13,0,0,17,310,0,8,0,3,1,1,0,1,1,0,1,3,3,2,125,0,47,59,1,27,0,10,172,190,0,11,0,0,2,12,542,10,0,750,0,4,8,0,0,19,0,37
1,1,0,69,6,2,7,0,58,2,0,5,30,1,0,0,1,1,1,2,3,0,2,55,0,8,3,4,2,0,1,2,0,1,4,2,2,6,0,2,2,1,1,0,1,1,5,0
79,93,132,90,1,43,174,183,2,5,760,8,36,353,1521,7,286,6,35,298,8,4,7,5,6,0,2746,11,53,30,16,0,81,12,22,0,58,40,9,52,47,33,0,320,5,1,491,55
0,0,0,11,0,163,0,0,0,0,0,0,49,0,0,3,0,13,0,0,0,0,0,0,0,0,0,0,0,0,105,0,0,469,0,0,0,0,0,0,0,0,0,0,0,3,6,0
0,7,1,60,4,35,1,1,113,2,2,1,473,7,11,8,10,9,16,1,4,16,1,6,8,40,1,0,1,0,12,2,45,10,20,0,2,0,1,0,29,18,3,1,4,3,157,0
205,3,35,50,1,0,346,1,285,1,28,4,43,7,20,14,5,8,127,6,20,12,14,19,9,13,84,1,11,0,2,2,13,0,4,0,5,14,2,0,12,15,5,42,33,6,430,2
616,37,55,78,1,2,52,13,7,31,6,80,18,10,63,0,10,0,2,15,86,22,7,18,34,56,108,9,14,2,2,10,30,0,10,1,5,7,4,78,0,6,10,1,172,0,0,0
0,8,1,0,29,29,0,534,24,154,50,9,0,0,5,0,1,4,5,2,434,254,123,294,16,376,0,8,43,22,0,208,24,0,124,156,137,2,1,113,0,28,134,0,58,307,0,133
2,10,21,1,226,23,0,0,2,1,62,459,0,5,0,0,0,0,0,7,0,0,2,0,4,11,0,5,10,28,0,0,1,0,15,1,3,0,1,2,1,26,0,0,6,0,0,14
3,2,113,6,4,0,94,6,6,1,0,1,1,1,2,0,0,0,0,80,3,6,1,10,6,0,11,1,6,3,0,2,192,0,6,0,7,3,109,1,0,3,2,0,22,1,2,0
0,0,11,22,3,3,34,0,331,3,2,3,23,7,2,5,4,0,36,5,0,0,0,1,1,0,35,0,6,1,4,0,13,1,23,0,0,1,3,0,22,481,0,27,2,11,77,60
2,154,2,0,16,7,26,262,13,2753,21,34,2,6,16,9,30,4,296,17,43,78,35,185,5,29,0,438,9,26,1,66,7,15,273,65,27,3,111,4,2,50,1,3,222,25,0,35
0,0,0,0,1,6,0,36,0,1,1,2,0,0,10,0,6,0,0,5,115,217,441,26,163,9,0,2,105,0,0,393,4,0,2,20,92,73,2,30,0,1,445,0,5,62,0,7
0,0,0,7,0,2,22,0,7,0,2,0,18,1,0,4,3,4,2054,0,0,0,0,5,0,0,2,0,0,0,4,0,0,8,1,0,0,0,0,0,8,4,0,31,0,0,14,0
2,6,2,324,1,1,2,3,129,1,1,6,179,1,31,2,1,5,1,3,116,5,1,1,1,7,2,0,10,2,4,5,5,2,18,0,2,8,2,0,1,6,2,0,14,7,270,0
7,1,4,8,2,0,52,1,6,1,3,1,2,39,87,0,11,0,51,0,1,0,1,0,0,0,44,2,2,1,0,0,2,0,13,2,0,1,2,0,9626,36,0,123,4,0,38,6
43,3,6,138,11,3,12,16,98,14,5,2,54,1,41,4,10,62,21,3,24,313,3,7,34,1,3,72,19,63,2,8,8,8,296,5,7,10,6,6,30,390,150,1,10,11,15,11
5,29,2,1,11,23,5,298,98,70,72,7,0,6,31,0,87,0,2,56,105,783,300,204,175,122,0,8,213,5,0,571,53,0,127,126,259,117,13,8,0,6,438,13,421,153,0,19
91,62,41,4,24,41,83,386,654,81,115,13,0,144,57,2,532,2,6,381,168,782,360,443,404,98,4,41,180,13,7,551,176,2,186,112,419,182,66,9,4,20,407,51,709,95,0,37
4,3,37,5,1,3,1,5,0,7,26,2,0,0,246,0,176,3,0,20,5,212,443,4,1267,1,0,94,409,0,5,301,7,0,4,336,30,1573,176,2,2,0,1377,134,15,14,0,0
0,9,0,165,0,466,1,4,4,1,0,0,67,0,1,7,8,16,1,0,0,5,0,1,0,0,0,1,4,0,86,0,51,266,0,0,1,0,0,0,0,0,0,0,0,2,14,0
0,4,4,1088,0,11,19,0,954,13,2,0,556,7,290,34,2,17,25,3,32,0,0,0,0,3,0,2,1,1,118,0,3,14,55,4,0,2,1,0,17,28,0,3,18,611,72,4
19,20,44,104,0,179,92,7,8,0,1082,6,42,1932,175,26,1959,16,111,45,8,0,3,3,2,0,1405,47,63,32,27,0,20,19,7,2,5,10,8,4,147,259,2,3890,1,0,1930,369
403,153,732,5,495,311,37,2,3,8,108,987,2,29,2,0,10,1,0,94,15,6,378,62,161,83,1,35,438,113,5,6,22,0,97,29,141,26,141,44,1,231,23,8,133,2,1,82
339,21,1017,338,13,3,283,2,8,2,5,6,0,12,4,0,3,0,2,773,13,7,10,16,9,3,78,4,16,3,1,5,464,0,15,0,5,6,275,2,12,3,7,12,8,1,1,4
677,22,1370,147,20,7,369,19,77,7,48,23,1,20,22,0,7,2,11,741,47,16,17,35,41,14,182,7,71,8,9,6,2086,0,13,1,8,23,1023,3,7,15,13,37,46,13,4,2
10,0,121,0,1,0,21,0,0,1,7,2,0,1,0,0,11,0,1,204,0,0,3,1,45,0,58,0,4,0,0,1,340,0,9,0,0,5,467,1,5,2,6,3,4,0,0,0
1,11,2,0,433,15,0,25,1,5,237,202,1,9,0,0,0,0,0,0,17,3,7,41,0,663,1,5,4,93,0,3,0,0,8,196,39,1,0,31,0,5,1,0,37,8,0,31
1,34,0,0,299,162,0,1,0,0,5,4,0,0,0,0,0,0,3,0,0,1,93,9,0,12,0,5,10,11,0,0,0,0,4,4,16,0,0,7,0,0,2,0,0,0,0,1
0,0,0,581,0,0,0,0,296,1,0,3,514,0,112,3,1,0,30,4,4,0,3,190,0,14,0,4,4,2,9,2,0,6,88,0,4,3,1,1,11,46,5,3,5,21,40,1
62,403,18,1,46,20,215,135,1,1083,25,124,2,22,159,27,8,58,210,13,122,21,37,417,24,32,2,1093,23,186,0,382,11,144,36,192,29,30,162,37,1,380,12,0,31,115,0,99
0,0,0,2,0,17,0,7,1,0,0,0,5,0,0,2345,0,2479,62,0,0,0,0,0,0,0,0,0,0,0,2392,0,0,142,0,0,0,0,0,0,1,1,0,0,0,1,15,0
0,0,0,2,0,16,184,0,0,0,0,0,4,0,0,4,0,19,6,0,0,0,0,0,0,0,0,0,0,0,231,0,0,1769,0,0,0,0,0,0,0,1,0,0,0,0,1,0
2,0,0,103,1,157,1,0,195,1,1,0,1790,15,3,46,9,39,39,0,3,0,3,0,1,9,0,0,1,0,85,3,3,68,79,0,1,4,0,1,29,21,2,1,5,40,778,0
0,0,0,6,0,3,21,2,14,1,11,0,19,3,0,51,4,28,353,0,0,0,0,0,0,0,11,0,0,0,4,0,0,4,1,0,0,4,0,0,3,5,0,120,1,0,72,0
0,25,0,0,42,23,0,14,21,6,39,29,0,3,0,0,4,0,1,5,6,42,26,38,1,34,0,6,15,9,0,30,3,0,1,6,45,4,2,5,0,1,4,1,29,8,0,4
14,13,34,4,51,5,11,35,14,41,278,41,0,2,5,0,58,0,0,31,10,437,70,92,78,64,0,15,74,4,0,314,14,0,38,15,157,99,15,1,0,5,104,58,142,5,1,4
191,10,50,27,3,1,828,7,10,6,15,7,4,120,6,5,7,4,327,4,1,6,1,6,3,3,101,4,3,1,8,3,6,1,19,0,1,7,13,0,0,35,0,60,15,0,13,1
30,300,62,162,79,272,20,3,5,4,35,503,146,1,0,0,2,0,3,35,0,2,34,27,35,0,2,60,64,9,0,2,5,3,745,181,18,19,12,6,0,28,5,0,4,0,0,0
391,78,11,3,1,1,0,13,0,39,64,2,0,0,22,0,290,0,0,1,2,54,13,0,58,14,1,6,74,0,0,20,18,0,15,12,1,187,55,3,0,0,111,46,8,1,0,1
9,0,1,8,0,53,27,8,1,0,0,0,9,1,0,986,0,1244,44,0,3,1,48,1,3,0,0,0,3,2,1191,0,0,74,5,0,0,3,0,0,1,2,0,5,2,21,11,0
5,0,1,1,0,22,4,0,0,0,0,0,1,0,2,1,0,4,0,0,0,1,0,0,0,0,0,0,0,0,33,0,0,74,0,0,0,0,0,0,0,0,0,1,0,0,0,0
