0.20252,0.23469,0.33806,0.28727,0.23759,0.14508,0.27626,0.19084,0.24056,0.60878,0.29038,0.33554,0.42766,0.62793,0.51182,0.65316,0.5364,0.57991,0.52268,0.25952,0.3409,0.22675,0.16039,0.15031,0.46592,0.21514,0.55108,0.44421,0.18794,0.2303,0.55005,0.1846,0.55872,0.56248,0.27992,0.15742,0.21164,0.62124,0.35805,0.24872,0.95691,0.19698,0.39486,0.77588,0.24744,0.2775,0.42693,0.20871
0.41596
0,224,0,0,235,169,0,14,1,57,26,19,0,135,0,0,0,2,26,0,42,0,3,55,0,321,0,101,6,456,0,0,0,0,1,219,66,23,0,718,0,4,0,0,6,12,0,123
0,0,0,0,4,16,2,517,3,4,6,7,0,1,8,0,0,120,1,0,916,97,136,138,6,73,0,0,14,23,0,104,19,0,9,89,67,5,0,337,0,143,158,0,5,577,0,392
24,80,2,1,151,79,16,88,42,12,68,30,5,32,13,2,33,5,11,10,95,12,34,198,4,333,18,17,41,190,1,9,5,0,6,106,205,6,2,308,14,28,1,2,46,53,11,106
0,594,1,0,814,208,0,3,0,13,79,130,1,34,0,0,0,0,12,0,2,1,7,15,0,114,0,247,7,311,0,0,1,0,29,40,32,11,2,174,0,4,0,0,13,2,1,36
0,1,0,0,40,1,0,10,0,0,11,3,0,0,0,0,0,3,0,0,57,3,0,11,1,93,0,1,0,58,0,0,0,0,0,158,2,7,0,143,0,13,4,0,5,7,0,97
16,115,40,2,305,61,23,63,333,43,256,168,1,174,3,1,11,1,8,57,73,27,33,257,5,298,5,22,76,115,0,25,18,1,60,58,126,2,15,36,1,44,15,6,307,11,1,68
0,14,0,0,19,345,0,9,0,3,1,1,0,1,1,0,0,3,3,2,114,0,46,55,1,29,0,8,175,184,0,11,0,0,2,14,542,10,0,727,0,4,10,0,0,19,0,37
1,1,0,68,4,2,6,0,57,2,1,4,25,1,0,1,1,1,2,1,3,0,1,53,0,4,3,5,1,1,1,9,0,0,4,0,2,6,0,5,2,2,3,0,3,1,8,0
72,97,133,93,1,49,187,202,2,5,772,8,37,309,1537,6,264,5,36,302,9,5,8,11,5,0,2708,8,55,35,20,2,84,8,23,0,65,42,9,51,47,34,1,334,5,1,476,61
0,0,0,18,0,141,0,0,0,0,0,0,47,0,0,4,0,13,0,0,0,0,0,0,0,0,0,0,0,0,105,0,0,485,0,0,0,0,0,0,0,0,0,0,0,3,6,0
0,1,1,69,1,34,1,2,103,1,2,1,478,6,8,10,10,6,17,0,10,17,1,2,6,28,1,0,0,0,15,6,51,8,23,0,4,0,0,3,28,26,3,0,3,3,157,0
208,3,40,52,1,0,340,0,276,1,31,2,42,5,18,15,2,9,135,5,20,13,22,23,7,11,84,1,8,0,2,10,15,0,3,0,1,14,3,0,12,15,6,43,22,6,431,2
612,34,59,74,0,2,58,17,14,37,6,60,22,8,59,0,11,0,2,15,80,26,7,10,39,71,109,10,11,4,2,12,30,0,10,1,2,12,6,67,0,7,11,1,170,0,0,0
0,9,1,0,31,30,0,529,27,139,53,7,0,0,6,0,1,4,6,4,431,232,121,277,18,403,0,9,47,18,0,228,25,0,126,162,133,2,2,118,0,27,135,0,55,301,0,133
3,13,18,1,238,25,0,0,2,1,66,438,0,8,0,0,0,1,0,7,0,0,4,0,5,12,0,6,8,24,0,0,1,0,16,1,2,0,1,1,1,22,0,0,8,0,0,16
5,2,112,4,4,0,103,6,8,1,0,1,1,1,2,0,0,0,0,74,3,6,2,9,5,1,9,1,4,3,0,1,202,0,6,1,7,4,100,1,0,2,2,0,21,1,2,0
1,0,20,18,2,2,24,0,337,4,2,3,26,6,1,5,4,1,38,4,0,0,0,1,0,0,36,1,4,1,3,0,12,1,18,0,0,1,5,0,26,482,0,28,1,10,71,64
4,147,4,0,19,9,28,269,17,2717,23,31,2,6,17,8,29,5,295,18,40,75,31,195,7,36,1,416,9,26,1,73,10,15,275,64,27,3,113,5,1,39,0,3,253,26,0,36
0,0,0,0,1,8,0,37,1,1,2,2,0,0,10,0,9,0,0,4,113,226,430,24,153,8,0,2,107,0,0,396,3,0,2,21,96,73,2,29,0,4,442,0,5,65,0,6
0,0,0,8,0,3,24,0,7,0,2,0,14,0,0,5,2,4,2063,0,0,0,0,6,0,0,2,0,0,0,4,0,0,8,1,0,0,0,0,0,8,4,0,25,0,0,11,0
1,7,3,319,0,0,2,3,123,3,1,5,183,1,24,2,0,6,0,3,119,4,0,1,1,6,2,0,12,0,3,10,5,2,17,0,2,8,2,0,1,9,2,0,23,8,269,0
7,1,3,9,2,0,49,1,6,1,3,1,2,38,83,0,10,0,55,0,1,0,1,0,0,0,42,3,2,1,0,0,2,0,13,0,0,1,3,0,9638,38,0,124,2,0,32,6
41,3,9,128,11,3,12,19,92,13,6,2,55,1,47,3,14,71,20,3,20,318,4,7,34,4,3,76,14,59,2,8,9,8,283,3,8,11,6,5,30,385,162,2,8,11,18,9
6,28,2,1,13,26,4,307,100,69,75,8,0,7,33,0,88,0,1,52,100,785,300,211,161,119,0,8,229,2,0,559,50,0,128,131,269,126,14,8,0,6,437,14,392,153,0,20
99,59,43,4,22,45,83,394,695,85,113,11,1,141,47,3,531,5,5,386,156,780,368,441,426,99,6,42,184,12,9,580,158,2,184,112,420,172,65,10,4,26,404,50,629,93,0,41
5,4,38,5,0,2,2,5,1,6,20,2,0,0,264,0,183,3,0,18,4,220,439,4,1210,1,0,102,423,0,5,288,8,1,2,335,31,1609,178,3,2,0,1367,135,12,13,0,0
0,1,0,206,0,428,1,4,3,1,0,0,72,0,1,7,4,15,0,0,0,6,0,1,0,0,1,1,0,0,86,3,56,272,0,0,0,0,0,0,0,0,0,0,0,2,10,0
0,4,4,1056,0,6,25,0,924,14,3,2,554,7,298,40,3,19,24,3,34,0,0,0,0,1,0,2,0,1,112,1,2,12,88,0,0,2,2,0,16,28,0,3,30,618,77,3
20,16,51,129,0,183,87,5,6,0,1041,5,46,1956,178,26,1879,19,108,38,8,0,4,7,2,0,1441,45,58,33,24,0,23,19,12,0,4,13,8,4,172,273,2,3898,4,0,1890,393
415,154,738,6,504,304,42,2,2,8,120,961,1,44,2,0,10,1,2,89,14,6,385,63,168,84,1,33,430,100,5,7,25,0,97,26,137,26,126,56,1,213,21,8,139,4,1,85
332,20,1024,351,9,3,256,2,8,3,5,7,0,13,4,0,3,1,1,725,12,4,5,16,9,2,82,4,11,3,2,5,488,0,16,1,4,6,312,5,10,4,11,13,13,1,1,4
658,21,1360,132,18,7,361,16,75,10,71,22,1,11,21,0,10,9,8,736,43,16,18,33,60,21,178,5,63,5,4,9,2141,1,17,1,6,20,961,6,8,18,12,40,87,8,4,5
16,0,128,1,0,0,17,0,0,1,10,3,0,2,0,0,6,0,1,195,0,0,3,2,55,0,59,0,6,0,0,4,325,0,7,0,1,4,465,1,6,2,5,3,6,0,0,0
1,15,2,1,434,15,0,25,1,4,252,199,1,13,0,0,0,0,0,0,13,3,9,41,0,645,1,5,4,84,0,3,0,0,7,196,40,1,0,34,0,7,1,0,39,10,0,30
1,34,0,0,301,164,0,1,0,0,5,3,0,0,0,0,0,0,3,0,0,0,89,10,0,12,0,6,11,11,0,0,0,0,3,4,16,0,0,7,0,0,2,0,0,0,0,1
0,1,0,582,1,2,0,0,293,1,0,1,507,0,116,4,1,1,31,2,5,0,1,183,1,6,0,7,5,0,10,8,1,6,93,0,4,2,0,1,12,43,5,2,5,21,47,1
63,392,21,2,54,25,202,130,1,1108,25,118,1,20,155,28,3,64,204,9,123,22,36,424,21,36,3,1031,24,195,1,394,9,154,40,186,29,43,181,39,1,377,10,3,32,111,0,100
0,0,0,2,0,16,0,6,2,0,0,0,7,0,0,2418,0,2384,66,0,0,0,0,0,0,0,0,0,0,0,2407,0,0,146,0,0,0,0,0,0,1,2,0,0,0,0,13,0
0,0,0,2,0,16,182,0,0,0,0,0,4,0,0,4,0,17,5,0,0,0,0,0,0,0,0,0,0,0,236,0,0,1769,0,0,0,0,0,0,0,1,0,0,0,0,1,0
0,0,0,113,2,153,2,1,213,0,0,0,1741,11,4,48,7,45,35,0,1,0,3,1,1,5,0,0,1,2,81,3,4,71,85,0,1,4,0,2,27,30,3,1,5,36,796,1
0,0,0,8,0,3,20,3,13,0,10,0,21,5,0,53,2,28,359,0,0,0,0,0,0,1,11,0,0,0,3,0,0,5,0,0,0,4,0,0,2,4,0,116,0,0,70,0
1,26,0,0,41,26,0,15,22,7,36,29,0,3,0,0,4,0,0,3,6,43,27,36,1,36,0,7,13,9,0,31,3,0,1,5,45,3,2,6,0,2,4,1,26,9,0,3
12,12,41,5,51,4,10,35,15,44,275,38,0,0,5,0,58,0,0,30,12,446,70,79,86,69,0,17,81,3,0,319,12,0,35,18,148,90,21,1,0,6,105,58,132,5,1,4
188,11,50,24,4,0,847,9,9,6,17,6,3,113,8,3,8,6,317,4,1,4,0,6,3,3,102,3,4,1,10,3,6,0,18,0,1,5,13,1,0,40,0,60,14,1,11,0
31,315,65,164,88,263,18,2,5,4,32,526,163,1,0,0,2,0,3,36,0,1,35,28,49,1,5,60,59,8,0,4,6,2,690,167,16,20,14,7,0,25,2,0,5,1,0,0
392,72,8,4,1,1,0,13,1,34,58,0,0,0,28,0,300,0,0,1,3,62,12,0,44,12,1,9,79,0,1,17,23,0,12,9,0,192,51,4,0,0,116,45,9,2,0,0
9,0,1,13,0,52,28,8,1,0,0,0,6,1,0,1005,0,1231,44,0,4,1,42,0,3,0,0,0,2,2,1189,0,0,70,3,0,0,7,0,0,1,4,0,5,2,22,11,0
5,0,1,1,0,19,4,0,0,0,0,0,1,0,2,1,0,3,0,0,0,1,0,0,0,0,0,0,0,0,32,0,0,79,0,0,0,0,0,0,0,0,0,1,0,0,0,0
