0.21313,0.23152,0.34439,0.29896,0.24039,0.15661,0.27122,0.19648,0.25306,0.61196,0.30941,0.33905,0.43686,0.62022,0.51557,0.65261,0.54351,0.59372,0.52162,0.27029,0.33707,0.23084,0.16399,0.14904,0.49046,0.22133,0.55605,0.45667,0.19127,0.21712,0.54571,0.19184,0.56092,0.56672,0.29774,0.15309,0.21252,0.62357,0.37704,0.26254,0.96068,0.19992,0.40121,0.77513,0.27374,0.27663,0.43432,0.21279
0.42114
0,219,0,0,241,169,0,14,1,49,26,19,0,130,0,0,0,2,27,0,52,0,2,47,0,323,0,115,8,449,0,0,0,0,2,221,65,23,0,705,0,6,0,0,6,14,0,129
0,0,0,0,3,11,1,529,3,4,6,7,0,0,8,0,0,105,1,0,932,93,141,159,5,73,0,0,13,22,0,104,19,0,8,86,73,5,0,331,0,137,157,0,6,559,0,396
17,76,2,1,150,74,15,77,43,12,72,29,5,22,23,2,37,5,10,11,101,13,33,195,5,331,18,14,41,213,1,8,3,1,8,103,206,5,2,311,13,27,1,0,55,47,9,108
0,595,0,0,819,208,0,3,1,11,74,139,1,21,0,0,0,0,11,0,4,1,3,13,0,116,0,246,6,332,0,0,1,0,31,39,27,12,1,167,0,2,0,0,12,1,1,40
0,1,0,0,39,0,0,9,0,1,8,2,0,0,0,0,0,1,0,0,61,2,0,10,1,99,0,1,0,56,0,0,0,0,0,156,2,7,0,141,0,13,4,0,6,6,0,103
10,122,39,2,314,60,17,68,330,51,228,172,1,172,6,0,12,0,9,52,76,34,27,257,5,298,5,23,77,135,0,24,22,1,53,54,125,1,7,30,1,41,13,6,330,13,0,63
0,13,0,0,17,305,0,8,0,2,1,1,0,1,1,0,1,3,3,2,124,0,44,59,2,26,0,9,171,188,0,11,0,0,2,12,543,10,0,764,0,4,8,0,0,18,0,37
0,1,0,70,6,2,6,0,55,1,1,5,30,0,0,0,1,1,3,1,2,0,3,56,0,7,3,4,2,0,2,3,0,1,4,1,1,6,0,2,1,2,2,0,2,1,7,0
74,93,128,88,1,43,178,180,1,7,755,7,37,368,1523,5,294,6,39,297,7,4,7,5,7,0,2738,10,56,30,17,0,87,11,24,0,56,41,7,53,44,36,0,317,4,1,483,55
0,0,0,11,0,160,0,0,0,0,0,0,44,0,0,3,0,14,0,0,0,0,0,0,0,0,0,0,0,0,101,0,0,479,0,0,0,0,0,0,0,0,0,0,0,3,7,0
1,12,2,61,2,35,1,1,110,1,1,1,476,7,10,9,11,7,17,1,6,15,1,6,6,40,1,0,2,0,12,3,39,9,23,0,2,0,2,0,29,22,4,1,3,2,152,0
204,3,32,48,0,0,346,0,282,1,33,4,42,6,19,13,5,7,128,8,19,10,12,21,8,14,89,1,14,0,2,3,14,0,5,0,2,15,3,0,15,14,5,35,35,5,434,3
632,38,58,79,0,1,51,13,6,32,7,79,17,10,58,0,10,0,1,11,86,24,6,15,28,47,114,7,17,1,3,8,31,0,10,1,4,8,6,78,0,8,8,1,174,0,0,0
0,8,1,0,31,28,1,536,23,153,53,8,0,0,5,0,1,4,6,3,444,249,123,288,16,379,0,8,43,24,0,207,25,0,126,161,136,2,1,111,0,26,128,0,56,305,0,131
2,10,20,1,228,23,0,0,2,1,58,461,0,5,0,0,0,0,0,6,0,0,2,0,4,11,0,5,11,28,0,0,1,0,15,1,3,0,1,3,0,26,0,1,6,0,0,14
4,2,117,6,3,0,97,6,6,1,0,1,1,1,2,0,0,0,0,82,2,5,1,10,6,0,10,1,6,3,0,2,187,0,5,0,7,3,108,1,0,4,2,0,22,1,2,0
0,0,12,19,3,2,31,0,323,3,3,3,26,7,1,5,3,1,39,4,0,0,0,1,1,0,39,0,7,1,3,0,12,1,18,0,0,1,4,0,25,489,0,24,2,12,76,62
2,156,3,0,15,6,28,263,14,2752,20,34,1,6,17,9,30,4,291,17,45,77,39,184,7,29,1,442,7,29,1,64,7,15,273,67,27,3,111,5,2,46,1,4,218,22,0,34
0,0,0,0,0,7,0,37,0,2,1,2,0,0,10,0,6,0,0,5,117,220,438,25,164,9,0,3,102,0,0,388,4,0,2,20,94,74,1,31,0,1,446,0,5,60,0,8
0,0,0,7,0,2,24,0,7,0,2,0,18,1,0,5,4,5,2051,0,0,0,0,6,0,0,3,0,0,0,5,0,0,7,1,0,0,0,0,0,6,5,0,31,0,0,11,0
2,5,4,322,1,1,3,3,133,2,1,7,183,1,33,2,1,5,0,2,117,3,1,0,1,7,2,0,11,1,4,8,4,1,16,0,1,7,1,0,1,4,0,0,10,6,275,0
7,1,4,8,2,0,45,1,7,2,3,1,2,39,91,0,11,0,53,0,1,0,1,0,0,0,40,2,2,1,0,0,2,0,12,2,0,1,2,0,9627,37,0,130,3,0,35,5
46,3,7,134,9,3,12,16,104,11,7,3,56,1,38,3,10,63,20,2,22,304,3,4,32,1,3,73,15,61,2,12,6,9,309,5,10,9,6,6,29,401,143,2,10,11,15,9
5,28,2,1,12,26,4,290,98,72,68,7,0,8,31,0,81,0,2,51,103,776,296,207,173,122,0,8,211,4,0,583,52,0,128,126,265,116,14,8,0,6,444,14,427,155,0,18
96,59,40,4,27,42,85,384,654,84,118,12,0,143,53,2,527,1,7,372,165,792,372,434,414,96,4,44,177,14,8,540,179,3,189,111,412,177,67,11,5,18,407,49,712,96,0,39
4,2,37,5,1,3,1,5,0,6,25,2,0,0,242,0,170,3,0,18,5,210,450,4,1285,1,0,94,400,0,5,297,6,0,4,325,27,1577,177,2,2,0,1387,140,14,14,0,0
0,13,0,167,0,462,1,4,3,1,0,0,76,0,1,7,7,15,1,0,0,6,0,1,0,0,0,1,4,0,90,1,46,263,0,0,1,0,0,0,0,0,0,0,0,2,8,0
0,4,4,1090,0,11,22,0,973,11,2,1,548,8,291,37,2,17,22,6,27,0,0,0,0,3,0,3,1,1,118,0,1,14,52,6,0,2,1,0,14,29,0,3,17,605,69,3
21,18,43,115,0,177,90,5,8,0,1095,7,47,1945,165,24,1955,15,106,42,8,0,3,3,1,0,1413,45,67,32,27,0,24,19,9,2,5,9,8,4,138,261,2,3878,1,0,1921,372
395,156,715,5,500,306,34,2,4,8,111,1008,2,29,2,0,11,1,2,88,14,6,374,61,157,85,1,34,434,114,5,5,21,0,102,29,139,27,143,51,1,234,23,9,130,2,1,85
340,20,1019,338,13,4,281,2,8,2,5,6,0,13,4,0,3,0,2,786,13,5,8,13,7,3,79,4,14,2,1,5,462,0,15,0,4,7,268,0,12,5,11,17,5,0,1,4
698,22,1360,149,19,6,364,16,74,9,45,23,1,20,21,0,10,5,13,746,43,12,15,36,40,15,182,7,68,6,8,6,2104,0,14,1,8,23,1015,3,7,14,13,34,42,14,4,2
9,0,125,0,1,0,21,0,0,1,7,2,0,1,0,0,11,0,1,205,0,0,3,1,43,0,59,0,4,0,0,1,337,0,9,1,0,4,469,1,5,2,5,2,4,0,0,0
1,12,2,0,433,15,0,26,1,5,239,206,1,9,0,0,0,0,0,0,16,3,6,43,0,658,1,5,4,94,0,3,0,0,9,193,38,1,0,30,0,5,1,0,37,7,0,32
1,33,0,0,297,161,0,1,0,0,5,4,0,0,0,0,0,0,3,0,0,1,96,9,0,12,0,5,10,11,0,0,0,0,5,4,16,0,0,7,0,0,2,0,0,0,0,1
0,1,0,589,0,1,0,0,297,0,0,3,509,0,106,3,1,0,29,4,3,0,5,186,0,9,0,3,3,2,10,1,0,6,95,0,6,3,1,1,10,46,4,2,6,21,44,2
62,405,19,1,41,21,216,141,1,1101,21,122,1,20,160,26,7,63,209,12,124,23,39,390,26,35,2,1096,25,191,0,379,13,146,34,191,27,26,160,38,1,380,11,1,33,113,0,97
0,0,0,1,0,17,0,6,0,0,0,0,4,0,0,2352,0,2496,63,0,0,0,0,0,0,0,0,0,0,0,2370,0,0,145,0,0,0,0,0,0,1,1,0,0,0,1,13,0
0,0,0,2,0,15,185,0,0,0,0,0,3,0,0,4,0,19,4,0,0,0,0,0,0,0,0,0,0,0,231,0,0,1771,0,0,0,0,0,0,0,1,0,0,0,0,2,0
1,0,0,112,1,158,0,1,202,0,0,0,1792,12,3,47,16,42,41,0,4,0,2,2,2,8,0,0,0,1,86,3,4,67,76,0,1,4,0,1,28,22,3,1,2,36,758,0
0,0,0,6,0,5,20,2,13,1,11,0,20,3,0,52,4,33,352,0,0,0,0,0,0,0,10,0,0,0,3,0,0,4,1,0,0,4,0,0,3,3,0,119,0,0,72,0
0,25,0,0,44,23,0,15,22,8,37,30,0,3,0,0,4,0,0,4,6,41,27,37,1,34,0,6,15,8,0,30,3,0,1,5,47,4,2,5,0,2,3,1,30,6,0,3
14,13,34,4,52,5,10,34,15,42,281,41,0,2,5,0,63,0,0,29,10,436,67,87,80,62,0,14,73,4,0,312,14,0,40,16,156,97,14,1,0,5,102,62,147,5,1,4
190,8,51,24,3,1,834,7,10,6,14,9,3,120,7,4,8,4,319,3,1,5,0,7,2,3,104,4,3,0,13,3,4,0,19,0,1,7,13,0,0,35,1,65,15,0,12,1
33,308,56,162,78,278,20,3,6,4,32,504,146,1,0,0,2,0,4,36,0,2,34,28,31,1,2,57,63,8,0,3,5,3,750,175,17,19,13,5,0,24,5,0,4,1,0,0
390,85,11,3,1,1,0,12,3,37,63,1,0,0,16,0,278,0,0,2,2,57,12,0,57,16,1,6,79,0,0,22,12,0,16,9,1,186,64,3,0,0,111,49,8,1,0,1
9,0,1,10,0,51,27,8,2,0,0,0,8,1,0,989,0,1254,43,0,3,1,48,2,3,0,0,0,3,2,1181,0,0,74,4,0,0,3,0,0,1,2,0,4,2,21,10,0
5,0,1,1,0,21,4,0,0,0,0,0,1,0,2,1,0,3,0,0,0,1,0,0,0,0,0,0,0,0,34,0,0,75,0,0,0,0,0,0,0,0,0,1,0,0,0,0
