0.20271,0.2332,0.34349,0.28599,0.2378,0.14815,0.27126,0.1896,0.24421,0.60915,0.29319,0.33206,0.4285,0.62033,0.50901,0.6533,0.53416,0.58537,0.5205,0.25845,0.33862,0.22609,0.16087,0.14879,0.4679,0.2157,0.55239,0.44768,0.18785,0.22895,0.54797,0.18156,0.55861,0.5645,0.28218,0.15592,0.21364,0.61884,0.36056,0.24863,0.95624,0.19605,0.39454,0.77732,0.24862,0.27765,0.4267,0.2107
0.41591
0,219,0,0,235,174,0,13,1,57,26,19,0,134,0,0,0,2,26,0,42,0,3,54,0,321,0,102,6,454,0,0,0,0,1,219,65,23,0,721,0,3,0,0,6,13,0,125
0,0,0,0,4,17,2,520,3,4,5,7,0,1,8,0,0,118,1,0,918,97,135,138,6,76,0,0,13,23,0,107,19,0,10,87,66,5,0,336,0,146,158,0,5,574,0,388
24,78,2,1,152,80,12,87,38,10,70,29,5,32,14,2,36,6,10,12,94,13,30,203,5,331,17,15,39,192,1,9,4,1,9,104,207,5,3,308,11,31,1,2,50,54,11,105
0,590,1,0,814,211,0,3,0,13,77,130,1,32,0,0,0,0,12,0,2,1,7,15,0,113,0,249,7,317,0,0,1,0,29,40,31,11,2,173,0,4,0,0,13,2,1,36
0,1,0,0,36,0,0,10,0,0,9,3,0,0,0,0,0,3,0,0,56,3,0,10,1,97,0,1,0,58,0,0,0,0,0,160,2,7,0,145,0,13,4,0,6,8,0,96
14,119,35,2,306,59,25,69,325,46,254,172,1,184,4,1,11,0,8,50,72,30,30,257,8,285,4,21,80,114,0,27,23,1,58,58,127,1,14,35,1,50,14,6,305,11,1,68
0,14,0,0,20,339,0,8,0,3,1,2,0,1,1,0,0,3,3,2,118,1,46,57,1,29,0,8,175,184,0,11,0,0,2,14,542,10,0,726,0,4,10,0,0,20,0,35
0,1,0,71,0,2,8,1,56,2,0,5,24,1,0,1,1,1,1,1,2,0,2,53,0,4,3,4,1,1,2,8,1,1,3,0,1,6,0,6,2,2,4,0,3,1,9,0
72,99,132,94,1,43,191,201,2,5,785,9,35,316,1525,5,271,5,41,305,9,5,8,9,8,0,2699,9,55,39,20,0,79,9,19,0,61,43,7,49,50,34,1,331,5,1,479,58
0,0,0,18,0,143,0,0,0,0,0,0,46,0,0,4,0,12,0,0,0,0,0,0,0,0,0,0,0,0,104,0,0,485,0,0,0,0,0,0,0,0,0,0,0,3,7,0
0,0,1,64,1,31,1,1,106,2,2,1,481,4,12,9,11,6,17,0,7,15,1,3,5,30,1,0,2,0,16,4,52,9,22,0,3,0,0,3,30,27,4,0,3,4,155,0
217,3,33,49,1,0,346,0,275,1,30,3,41,7,18,15,2,9,134,6,19,13,18,24,7,11,87,1,6,0,2,11,13,0,3,0,2,14,2,1,13,13,6,41,21,9,430,2
603,38,69,82,2,2,54,11,13,40,7,67,21,8,59,0,10,1,2,18,89,23,7,12,40,65,103,9,15,4,1,11,29,0,7,1,2,10,5,69,0,5,9,1,164,0,0,0
0,8,0,0,31,30,1,525,27,136,54,7,0,0,6,0,1,4,7,3,430,239,122,286,17,402,0,8,46,18,0,227,23,0,126,164,135,2,2,112,0,28,136,0,56,298,0,133
3,12,19,1,232,26,0,0,2,1,66,445,0,8,0,0,0,1,0,7,0,0,4,0,4,11,0,6,9,24,0,0,1,0,17,1,2,0,1,2,1,22,0,0,6,0,0,15
6,2,110,4,4,0,101,6,7,1,0,1,1,1,2,0,1,0,0,79,3,5,2,10,5,1,9,1,5,3,0,2,197,0,7,0,7,3,102,1,0,3,2,0,20,0,2,1
0,0,17,16,2,2,30,0,341,4,3,4,25,5,1,5,3,1,39,4,0,0,0,1,0,0,34,1,5,1,4,0,16,0,15,0,0,1,5,0,26,477,0,27,1,11,73,63
3,145,4,0,20,9,28,266,16,2729,23,32,2,5,16,8,29,5,298,18,41,76,30,197,6,35,2,416,9,24,1,76,6,15,271,64,27,3,112,5,2,42,0,4,247,25,0,36
0,0,0,0,1,8,0,37,1,1,2,2,0,0,10,0,9,0,0,4,112,226,428,26,154,8,0,2,107,0,0,392,2,0,2,21,96,77,2,30,0,4,439,0,5,68,0,6
0,0,0,7,0,3,25,0,6,0,2,0,17,1,0,4,2,5,2057,0,0,0,0,5,0,0,1,0,0,0,4,0,0,8,1,0,0,0,0,0,8,4,0,29,0,0,12,0
2,7,2,318,0,0,2,3,121,2,0,4,193,1,28,2,0,5,1,3,118,5,0,0,1,8,2,0,12,0,3,12,5,3,17,0,1,7,2,0,1,7,2,0,23,7,262,0
8,1,4,8,2,0,49,1,6,1,3,1,2,38,84,0,10,0,55,0,1,0,1,0,0,0,42,2,2,0,0,0,2,0,13,0,0,1,3,0,9637,36,0,126,2,0,33,6
39,3,6,132,9,4,15,16,92,14,5,2,58,1,43,3,14,72,21,5,21,323,4,8,33,4,3,75,12,58,2,9,9,8,282,4,8,9,6,7,31,381,163,2,7,10,17,10
6,28,3,1,13,27,3,308,101,69,75,7,0,6,33,0,90,0,1,52,101,782,291,207,166,116,0,8,229,3,0,568,48,0,129,133,267,124,13,8,0,6,440,14,398,149,0,19
98,60,38,4,24,46,86,396,697,85,112,11,1,149,52,3,524,3,5,378,165,785,362,437,418,99,5,43,181,14,12,571,160,3,188,124,397,175,68,9,3,26,413,51,629,95,0,40
4,4,38,5,0,4,1,5,0,6,23,2,0,0,266,0,178,3,0,21,5,218,435,4,1210,1,0,101,427,0,5,296,8,1,2,336,29,1596,178,3,2,0,1373,135,13,12,0,0
0,2,0,204,0,440,1,4,4,1,0,0,68,0,1,6,2,16,1,0,0,6,0,1,0,0,0,1,1,0,85,3,56,263,0,0,1,0,0,0,0,0,0,0,0,2,12,0
0,4,4,1053,0,6,26,0,938,14,1,1,554,6,293,37,2,22,25,4,34,0,0,0,0,1,0,1,0,1,110,1,3,13,76,1,1,2,1,0,16,31,0,3,28,620,82,3
22,14,47,134,0,183,83,6,6,0,1059,6,45,1941,179,26,1861,19,103,41,8,0,4,7,2,0,1430,46,60,34,26,0,25,19,10,0,4,13,8,5,173,269,2,3920,4,0,1892,394
415,159,731,4,501,302,42,2,2,8,121,956,1,46,2,0,10,1,4,89,16,7,384,61,168,84,1,36,430,102,5,6,23,0,104,28,139,25,125,53,1,216,21,5,139,4,1,86
333,19,1022,342,10,4,267,2,8,5,4,6,0,13,4,0,3,0,2,736,14,5,5,15,6,1,82,4,9,4,0,7,479,0,15,0,3,7,305,7,12,5,11,15,14,1,2,3
658,20,1375,141,17,6,369,18,81,10,66,22,1,15,22,0,7,7,8,742,42,16,13,36,56,21,183,5,63,5,6,10,2116,0,15,1,7,22,958,5,7,17,14,37,82,8,4,3
11,1,126,1,0,0,18,0,0,1,9,2,0,2,0,0,7,0,1,201,0,1,3,2,53,1,58,0,6,0,0,5,328,0,9,1,2,2,460,1,7,2,4,3,6,0,0,0
1,15,2,1,442,17,0,26,1,4,248,201,1,13,0,0,0,0,0,0,13,3,6,41,0,643,1,5,3,82,0,3,0,0,7,196,40,1,0,34,0,6,1,0,39,10,0,30
1,34,0,0,301,164,0,1,0,0,4,3,0,0,0,0,0,0,3,0,0,0,90,10,0,12,0,6,11,11,0,0,0,0,3,4,16,0,0,7,0,0,2,0,0,0,0,1
0,1,0,586,0,2,0,0,298,1,0,2,509,0,110,4,2,0,30,2,4,0,1,180,1,7,0,5,4,1,7,8,0,5,93,0,6,4,1,1,11,44,4,3,6,20,47,2
61,397,21,2,55,24,204,128,1,1107,28,120,1,21,155,28,2,65,200,10,127,22,41,425,23,34,4,1044,23,188,0,388,8,152,38,189,28,46,176,38,1,369,9,2,30,117,0,98
0,0,0,2,0,16,0,7,0,0,0,0,8,0,0,2395,0,2417,67,0,0,0,0,0,0,0,0,0,0,0,2399,0,0,144,0,0,0,0,0,0,1,1,0,0,0,0,13,0
0,0,0,2,0,15,183,0,0,0,0,0,4,0,0,4,0,17,6,0,0,0,0,0,0,0,0,0,0,0,236,0,0,1768,0,0,0,0,0,0,0,1,0,0,0,0,1,0
0,0,0,113,1,155,1,3,204,0,0,0,1753,11,5,46,6,41,38,0,1,1,2,0,1,4,1,0,0,2,85,2,4,66,89,0,1,4,0,2,28,25,4,1,5,39,795,0
0,0,0,9,0,2,21,3,12,1,11,0,23,6,0,51,3,28,359,0,0,0,0,0,0,1,11,0,0,0,3,0,0,5,1,0,0,4,0,0,2,3,0,113,0,0,69,0
1,26,0,0,41,27,0,15,20,7,40,30,0,3,0,0,4,0,0,3,7,43,27,34,1,36,0,6,13,8,0,31,3,0,1,5,45,2,2,6,0,2,4,1,26,9,0,3
13,11,37,5,54,4,8,35,16,42,279,37,0,0,5,0,60,0,0,30,12,444,70,76,85,70,0,17,79,3,0,315,12,0,38,18,147,99,20,1,0,6,105,57,133,5,1,4
194,12,48,24,3,1,839,8,8,6,16,7,5,115,9,4,7,6,319,6,1,4,0,7,3,4,97,3,2,1,9,4,6,0,19,0,1,5,12,1,0,37,0,63,14,0,12,1
31,310,65,165,87,270,17,2,5,4,34,521,156,1,0,0,3,0,3,38,0,0,36,26,46,0,5,62,58,8,0,3,6,2,695,173,17,20,13,7,0,27,2,0,4,1,0,0
393,73,9,4,1,1,0,14,0,37,58,0,0,0,27,0,302,0,0,1,3,58,12,0,43,15,1,9,81,0,1,18,21,0,14,9,1,184,49,3,0,0,118,45,10,1,0,0
8,0,1,12,0,52,30,8,1,0,0,0,7,1,0,1002,0,1222,44,0,4,1,44,0,3,0,0,0,3,2,1195,0,0,74,3,0,0,6,0,0,1,4,0,5,2,21,11,0
5,0,1,1,0,19,4,0,0,0,0,0,1,0,2,1,0,3,0,0,0,1,0,0,0,0,0,0,0,0,34,0,0,77,0,0,0,0,0,0,0,0,0,1,0,0,0,0
