0.19915,0.24003,0.33014,0.27386,0.24064,0.13738,0.2754,0.19109,0.24389,0.61406,0.2718,0.33046,0.41209,0.6128,0.51089,0.65576,0.52533,0.55788,0.51983,0.28005,0.33533,0.22642,0.16378,0.15045,0.43184,0.20705,0.54803,0.42876,0.19602,0.22594,0.56253,0.18424,0.56157,0.56508,0.27751,0.16581,0.21086,0.62072,0.33409,0.24882,0.95418,0.1943,0.40602,0.78262,0.2341,0.26884,0.43038,0.21463
0.41307
0,227,0,0,237,162,0,18,1,51,32,20,0,141,0,0,0,2,22,0,43,0,2,60,0,313,0,100,4,446,0,0,0,1,1,215,72,23,0,734,0,3,1,0,7,13,0,113
0,0,0,0,5,18,2,495,4,4,5,7,0,0,8,0,0,132,0,0,896,99,127,140,6,76,0,1,13,25,0,108,22,0,10,90,69,4,0,340,0,155,162,0,5,585,0,384
26,84,2,1,151,78,15,87,44,8,76,26,5,38,8,4,31,5,11,14,94,14,34,206,2,324,23,14,30,186,1,5,3,1,8,114,199,5,1,322,10,29,1,1,53,53,11,97
0,602,1,0,829,205,0,3,0,15,84,126,1,40,0,0,0,0,14,1,2,1,5,15,0,104,0,249,4,294,0,0,1,0,31,34,32,10,1,177,0,2,0,0,15,1,1,38
0,1,0,0,37,0,0,12,0,1,13,1,0,0,0,0,0,4,0,0,59,2,0,11,1,100,0,0,0,63,0,0,0,0,0,144,1,7,0,145,0,13,4,0,6,8,0,96
20,120,36,1,297,67,25,61,342,38,262,155,1,183,3,1,10,2,8,61,72,26,30,279,8,285,3,24,58,116,1,29,20,1,56,60,123,2,21,34,2,53,16,7,291,9,1,66
0,13,0,0,21,344,0,11,0,4,1,1,0,1,1,0,0,3,3,2,116,1,42,61,2,29,0,8,156,191,0,9,0,0,2,11,540,10,0,740,0,4,9,0,0,23,0,31
1,2,0,71,2,3,6,1,58,2,0,6,25,0,0,1,1,1,2,0,4,1,2,54,1,8,3,3,0,0,0,3,0,2,3,0,1,6,0,8,2,2,0,0,1,0,9,0
67,109,153,98,1,38,182,200,2,7,747,9,45,315,1548,6,249,9,37,293,8,4,9,18,8,0,2710,8,50,26,17,1,83,9,19,0,65,46,12,53,50,42,1,332,5,1,469,63
0,0,0,37,0,136,0,0,0,0,0,0,47,0,0,4,0,13,1,0,0,0,0,0,0,0,0,0,0,0,101,0,0,473,0,0,0,0,0,0,0,0,0,0,0,3,7,0
0,0,1,75,1,28,4,4,110,1,2,1,463,3,3,10,10,5,16,1,11,15,1,1,4,31,0,0,1,0,10,3,56,11,26,2,2,0,0,2,29,21,1,2,3,3,173,0
217,3,36,52,1,1,337,2,284,1,31,2,45,6,19,15,4,8,139,7,15,14,26,26,9,11,85,1,5,0,3,17,18,0,3,1,2,13,0,0,18,17,4,46,18,4,389,4
602,32,54,83,2,2,54,15,17,27,6,64,27,10,65,0,10,0,1,17,79,22,7,4,41,78,108,9,13,5,2,20,30,0,6,1,5,8,1,73,1,5,7,0,175,0,0,0
0,10,1,0,34,35,1,536,28,135,58,7,0,0,6,0,1,10,6,3,418,226,121,284,18,407,0,8,40,18,0,234,25,0,128,168,138,3,3,113,0,32,126,0,50,293,0,126
3,14,19,1,238,27,0,0,1,1,66,424,0,9,0,0,0,1,0,8,0,0,4,0,3,12,0,7,8,23,0,0,0,0,12,2,2,0,1,4,1,22,0,0,17,0,1,18
7,1,103,6,5,0,100,5,12,1,0,0,0,1,2,1,1,0,0,73,2,7,3,10,8,2,6,0,3,3,0,3,203,0,8,0,7,3,99,1,0,4,3,1,20,2,1,0
1,1,16,17,2,2,27,1,329,4,3,5,25,4,1,5,6,1,38,3,0,1,0,1,1,0,36,0,5,1,2,0,16,1,13,0,0,1,5,0,25,484,0,26,1,25,66,62
2,143,4,0,14,8,33,283,19,2681,24,31,2,7,15,9,27,5,287,16,38,81,27,222,10,48,1,396,10,32,1,87,12,16,260,56,25,6,113,3,0,34,0,4,274,24,0,38
0,0,0,0,1,10,0,34,1,1,2,2,0,0,7,0,10,0,0,3,114,219,444,24,150,8,0,4,118,0,0,388,4,0,2,24,101,64,2,29,0,4,433,0,3,71,0,5
0,0,0,6,0,3,22,0,6,0,2,0,16,1,0,8,2,3,2058,0,0,0,0,6,0,0,3,0,0,0,5,0,0,6,2,0,0,0,0,0,9,5,0,28,0,0,10,0
2,6,3,299,1,0,1,4,119,2,0,6,196,1,28,2,2,3,1,4,131,4,0,0,1,4,2,0,8,1,4,3,4,2,19,0,1,22,2,0,0,8,1,0,26,8,261,0
6,1,5,11,2,0,44,1,7,1,2,1,2,33,82,0,10,0,56,0,1,0,1,0,0,0,39,3,2,1,0,0,2,0,12,0,0,1,2,0,9662,38,0,115,1,0,28,8
45,3,8,132,8,3,17,22,103,15,6,2,49,1,41,4,7,69,21,5,18,324,3,5,31,2,3,81,15,64,1,9,5,9,237,2,9,12,3,5,36,392,194,1,6,10,15,7
9,31,3,1,12,26,3,318,104,66,77,8,0,5,33,0,92,0,1,61,99,804,315,199,173,130,0,8,232,3,0,559,54,0,139,138,271,117,13,7,0,6,399,10,357,136,0,23
115,63,44,4,16,54,94,397,725,80,109,14,0,141,38,2,551,9,5,392,143,783,350,433,426,107,7,45,188,14,10,582,144,2,202,114,420,173,68,14,5,32,374,50,578,90,0,38
7,3,50,5,1,3,1,7,0,6,20,2,0,0,287,0,201,3,0,23,5,247,427,4,1134,1,0,113,433,0,5,272,10,1,1,356,28,1576,185,3,2,0,1376,132,8,12,0,0
0,1,0,243,0,401,2,4,1,1,0,0,74,0,0,6,6,15,1,0,0,4,0,1,0,1,0,1,0,0,85,1,62,256,0,0,0,0,0,0,0,0,0,0,0,4,11,0
0,3,4,1007,0,7,19,0,968,18,2,6,554,4,302,25,2,16,23,5,45,1,0,0,0,2,0,2,1,1,130,1,2,13,94,0,0,3,1,0,13,34,0,4,45,581,77,3
23,17,50,135,0,163,82,5,6,0,963,4,42,1915,170,24,1815,21,103,38,7,0,4,12,2,0,1501,52,42,48,24,0,23,18,11,1,4,22,8,5,190,263,2,4007,5,0,1904,399
413,143,729,8,517,327,39,2,4,8,138,920,1,54,2,0,11,1,3,90,13,6,372,65,195,84,0,34,420,81,5,6,26,0,88,25,135,23,131,50,1,235,20,7,145,4,1,84
355,18,1013,330,11,1,275,2,10,3,4,6,0,14,2,0,3,0,2,712,7,8,5,12,9,7,78,3,11,5,1,4,476,1,12,0,6,7,331,2,10,8,6,18,16,0,1,6
657,18,1311,126,16,9,378,18,84,7,79,22,1,8,23,0,9,5,6,827,44,17,12,33,81,22,158,5,62,10,7,6,2148,2,13,0,9,30,887,8,5,17,13,40,95,3,3,3
13,0,124,1,1,0,18,0,0,0,14,3,0,2,0,0,7,3,1,197,1,0,3,3,78,0,51,1,6,0,0,4,316,0,6,1,1,1,458,1,9,2,3,2,3,0,0,0
1,21,1,1,439,16,0,27,0,3,273,189,1,13,0,0,0,0,0,0,11,3,7,45,0,623,1,4,1,76,0,4,0,0,9,198,38,1,0,37,0,7,1,0,46,9,0,30
1,35,0,0,303,170,0,1,0,1,4,3,0,0,0,0,0,0,3,0,0,1,84,9,1,12,0,5,7,10,0,0,0,0,5,3,16,0,0,7,0,0,2,0,0,0,0,1
0,1,0,585,2,2,0,0,288,2,0,1,512,2,110,4,1,2,28,3,2,3,2,178,2,6,0,5,4,2,8,4,1,5,114,0,4,3,0,1,11,42,4,2,2,14,47,3
70,371,16,2,42,24,180,137,3,1072,26,121,2,31,158,35,8,73,212,9,143,26,37,456,25,44,2,969,17,203,0,434,10,160,42,183,27,15,211,37,1,371,11,1,30,102,0,101
0,0,0,4,0,17,0,5,0,0,0,0,10,0,0,2446,0,2289,78,0,0,0,0,0,0,0,0,0,0,0,2465,0,0,138,0,0,0,1,0,0,1,2,0,0,0,0,14,0
0,0,0,2,0,14,183,0,0,0,0,0,5,0,0,4,0,13,6,0,0,0,0,0,0,0,0,0,0,0,254,0,0,1754,0,0,0,0,0,0,0,1,0,0,0,0,1,0
0,0,0,112,1,154,3,0,222,0,1,0,1664,13,6,49,4,46,41,0,5,0,2,1,0,2,0,0,0,2,78,5,5,62,104,1,2,2,0,2,29,24,0,1,4,48,843,1
0,0,0,11,0,3,21,3,16,1,8,0,21,2,0,51,3,27,358,0,0,0,0,0,0,1,16,0,0,0,3,1,0,5,0,0,0,4,0,0,3,4,0,119,0,0,60,0
0,28,0,0,43,26,1,11,19,9,33,27,0,4,0,0,4,0,0,5,8,44,28,44,2,31,0,4,11,8,0,32,3,0,2,7,45,1,3,4,0,1,2,1,28,7,0,6
16,11,48,5,53,4,9,39,17,41,266,32,0,3,5,0,63,0,1,27,9,475,82,74,92,75,0,16,71,4,0,300,11,0,41,21,144,93,20,1,0,5,103,59,106,6,1,4
186,11,49,24,3,2,843,8,11,7,12,10,3,118,7,2,6,5,323,6,0,5,0,5,3,4,105,4,2,3,11,3,4,0,14,0,2,6,17,1,0,35,0,61,12,0,9,1
31,295,76,161,95,243,11,3,4,3,32,520,193,1,0,0,4,0,3,45,0,1,37,29,64,1,4,62,55,8,0,6,7,2,681,166,15,10,13,8,0,30,0,0,4,0,0,0
389,66,9,6,1,2,0,15,0,38,59,0,0,0,48,0,284,0,0,2,5,62,11,0,34,14,0,11,102,0,1,16,19,0,14,9,0,197,43,3,0,0,110,37,8,1,0,0
10,0,1,13,0,64,25,8,0,0,1,0,5,1,0,1011,0,1293,40,0,4,0,45,1,1,0,0,0,1,1,1120,0,0,68,4,0,0,8,0,0,1,3,0,5,0,23,10,0
4,0,1,1,0,17,4,0,0,0,0,0,1,0,2,1,0,6,0,0,0,0,0,0,0,0,0,0,0,0,27,0,0,85,0,0,0,0,0,0,0,0,0,1,0,0,0,0
