0.20193,0.23794,0.32721,0.26797,0.23985,0.13397,0.27137,0.18867,0.24654,0.61462,0.26674,0.33116,0.41597,0.61681,0.51138,0.65783,0.52158,0.54938,0.52183,0.29023,0.33184,0.22788,0.16135,0.15591,0.41742,0.20349,0.54644,0.42451,0.19883,0.22746,0.56538,0.17801,0.5577,0.56278,0.28094,0.17132,0.21022,0.61739,0.33645,0.2471,0.95318,0.19334,0.40217,0.78339,0.22691,0.26897,0.42268,0.22088
0.41188
0,224,0,0,233,165,0,16,0,48,31,18,0,138,0,0,0,2,25,0,46,0,3,58,0,315,0,102,2,449,0,0,0,1,1,215,68,23,0,745,0,3,1,0,7,14,0,111
0,1,0,0,5,19,2,481,4,3,5,7,0,0,8,0,0,151,0,0,890,99,124,135,6,83,0,0,13,25,0,110,22,0,9,88,69,4,0,336,0,158,169,0,5,585,0,381
24,80,3,1,143,86,16,87,43,8,72,26,6,38,6,4,33,5,11,10,89,16,34,200,3,337,26,17,32,190,0,6,4,0,8,108,197,5,1,311,11,33,1,2,54,56,9,103
0,597,1,0,827,206,0,3,0,16,83,122,1,43,0,0,0,0,14,1,3,1,4,15,0,103,0,260,3,294,0,0,1,0,31,34,31,9,1,177,0,2,0,0,15,0,1,39
0,0,0,0,40,1,0,12,0,0,13,2,0,0,0,0,0,4,0,0,58,2,0,11,1,98,0,0,0,63,0,0,0,0,0,141,2,7,0,148,0,14,4,0,6,8,0,94
19,113,30,1,308,68,27,63,341,39,272,161,1,178,2,1,11,1,8,68,73,29,30,275,7,276,4,21,51,117,1,29,17,1,58,50,128,1,17,41,3,54,17,8,288,8,1,69
0,14,0,0,21,354,0,10,0,4,1,1,0,1,1,0,0,3,3,2,121,1,39,62,1,27,0,6,137,194,0,9,0,0,2,13,543,10,0,744,0,4,9,0,0,22,0,31
1,2,0,69,3,2,7,1,58,1,1,5,23,1,0,1,1,1,2,1,2,1,3,54,0,11,1,4,1,0,1,3,0,0,3,0,0,6,0,9,2,4,0,0,0,0,10,0
78,119,156,96,1,38,181,203,1,6,729,7,45,301,1550,6,248,9,31,311,7,3,9,22,6,0,2683,8,51,26,16,2,82,9,18,0,71,51,8,57,54,36,0,348,4,1,471,65
0,0,0,39,0,129,0,0,0,0,0,0,49,0,0,3,0,13,0,0,0,0,0,0,0,0,0,0,0,0,101,0,0,476,0,0,0,0,0,0,0,0,0,0,0,3,9,0
0,0,1,74,1,31,3,5,108,2,2,1,434,5,2,11,7,7,16,1,6,13,1,3,4,46,1,0,1,0,11,3,54,13,27,1,3,0,0,2,30,22,1,2,2,3,186,0
214,4,35,52,1,1,341,1,277,1,31,2,41,5,18,16,4,8,134,7,13,18,20,23,7,12,87,1,5,0,2,33,17,0,4,0,4,12,1,4,16,19,5,47,22,4,387,3
606,33,52,83,2,2,53,15,20,36,5,62,29,9,64,0,10,0,0,21,75,17,4,5,34,77,105,10,11,4,2,23,27,0,6,2,3,9,4,77,0,8,7,0,176,0,0,0
1,11,0,0,33,35,1,526,31,140,58,6,0,0,5,0,2,12,5,3,419,220,126,274,17,420,0,9,44,21,0,235,26,0,123,161,141,3,3,112,0,31,132,0,47,289,0,128
3,16,18,1,243,28,0,0,1,1,68,420,0,9,0,0,0,1,0,5,0,0,2,0,4,12,0,8,6,19,0,0,0,0,13,2,2,0,1,3,1,24,0,0,17,0,2,19
10,1,101,5,2,0,103,4,14,1,2,0,1,1,2,1,1,0,0,74,3,6,2,11,7,1,6,0,3,3,0,3,202,0,9,0,8,3,100,1,0,3,3,0,17,1,2,0
1,0,16,18,2,4,26,1,314,4,2,4,24,5,1,5,5,1,39,3,0,1,0,1,2,0,35,1,4,1,3,0,13,1,16,0,0,1,5,0,26,482,0,26,1,36,70,63
4,141,2,0,17,7,33,282,22,2657,24,29,1,7,15,9,24,5,287,18,41,79,28,232,13,50,1,395,9,30,1,89,10,16,260,56,26,7,113,3,0,35,0,4,282,24,0,40
0,0,0,0,1,10,0,39,1,1,2,2,0,0,8,0,11,0,0,3,111,207,440,26,145,8,0,4,133,0,0,392,4,0,1,24,103,62,2,28,0,4,431,0,2,73,0,4
0,0,0,7,0,3,25,0,6,0,2,0,16,2,0,7,2,4,2044,0,0,0,0,6,0,0,4,0,0,0,6,0,0,9,1,0,0,0,0,0,9,6,0,29,0,0,13,0
2,5,4,300,1,1,2,3,114,3,0,7,177,1,27,1,1,5,1,3,136,5,0,0,0,6,2,0,9,2,3,4,6,2,16,0,1,29,2,1,1,7,0,0,22,9,271,0
7,1,5,12,1,0,41,1,5,1,2,1,3,34,81,0,9,0,56,0,1,0,1,0,0,0,40,2,2,1,0,0,2,0,12,0,0,1,3,0,9671,35,0,107,2,0,31,9
42,1,9,128,10,3,16,22,108,18,6,1,48,1,41,3,6,70,19,4,16,329,5,4,33,1,2,81,16,59,2,11,5,10,223,3,9,12,5,6,39,392,205,1,6,6,14,9
9,33,4,1,8,23,4,326,105,63,79,9,0,5,31,0,97,0,1,61,98,814,329,193,181,120,0,7,239,4,0,544,54,0,135,141,268,119,11,8,0,7,411,12,335,131,0,22
116,56,38,4,19,57,100,395,754,73,115,12,1,142,35,2,556,10,5,372,149,796,366,421,448,106,3,50,186,16,7,565,148,4,199,115,415,181,67,14,4,29,375,45,543,93,0,38
8,2,50,5,1,3,2,9,1,6,22,2,0,0,314,0,203,3,0,24,4,249,424,4,1102,2,0,110,441,0,5,272,10,1,3,368,33,1562,181,3,2,0,1369,133,6,11,0,0
0,1,0,248,0,392,1,4,2,1,1,0,72,0,0,6,5,16,1,0,0,4,0,1,0,1,0,1,0,0,82,2,64,261,0,0,0,0,0,0,0,0,0,0,0,4,11,0
0,3,5,984,0,6,20,0,979,23,2,4,549,6,303,28,2,17,20,3,52,2,0,0,2,2,0,2,1,3,126,1,2,13,97,0,0,1,2,0,12,33,0,3,46,579,82,3
24,18,54,128,0,163,78,6,4,0,940,4,40,1930,169,25,1801,24,105,45,5,0,4,13,3,0,1496,54,42,52,26,0,25,16,10,0,4,19,5,5,191,251,2,4029,4,0,1897,419
406,146,725,9,514,333,38,1,3,9,137,915,2,62,2,0,10,1,3,87,11,7,369,65,196,79,1,37,408,74,5,5,25,0,83,28,142,18,130,62,1,252,20,5,150,3,2,85
359,19,1018,332,14,2,279,1,9,4,5,5,0,13,2,0,3,1,2,690,9,8,5,12,14,3,81,3,8,3,1,2,465,1,13,1,6,5,344,5,14,8,4,18,14,0,1,5
671,21,1300,123,15,5,387,17,79,6,92,23,1,4,21,0,7,6,7,853,44,16,13,32,98,26,159,8,65,12,8,9,2083,1,13,1,8,28,899,9,7,12,13,33,92,3,4,3
13,1,137,0,1,0,22,0,0,0,12,4,0,2,0,0,7,1,1,179,1,0,3,2,87,0,46,1,7,0,0,3,310,0,5,1,1,3,464,1,8,2,3,2,4,0,0,0
1,24,1,1,442,16,0,28,0,4,273,188,1,13,0,0,0,0,0,0,11,3,7,47,0,618,1,2,1,79,0,4,0,0,8,194,38,1,0,36,0,6,1,0,47,9,0,31
1,34,0,0,302,170,0,1,0,1,6,3,0,0,0,0,0,0,3,0,0,1,82,10,1,12,0,5,7,11,0,0,0,0,7,3,15,0,0,6,0,0,2,0,0,0,0,1
0,1,0,593,0,2,0,0,289,0,0,1,505,1,109,4,1,2,26,1,2,4,2,179,1,5,0,6,4,0,8,4,0,7,112,0,5,2,1,3,10,49,3,2,2,12,51,3
65,383,17,2,44,24,178,133,2,1047,24,113,2,32,152,36,7,71,206,10,154,30,37,471,28,52,3,970,16,199,1,441,9,162,42,187,30,15,211,38,1,359,8,2,24,105,0,107
0,0,0,4,0,15,0,5,0,0,0,0,7,0,0,2482,0,2242,81,0,0,0,0,0,0,0,0,0,0,0,2482,0,0,134,0,0,0,1,0,0,1,2,0,0,0,1,13,0
0,0,0,2,0,16,188,0,0,0,0,0,5,0,0,4,0,13,5,0,0,0,0,0,0,0,0,0,0,0,254,0,0,1748,0,0,0,0,0,0,0,1,0,0,0,0,1,0
0,0,0,121,0,153,2,0,208,1,0,0,1651,15,5,53,4,41,36,0,7,0,2,1,0,3,0,0,0,2,79,7,5,65,101,2,2,2,0,2,27,25,0,1,4,46,865,1
0,0,0,12,0,3,19,3,14,1,4,0,20,3,0,51,3,27,357,0,0,0,0,0,0,1,14,0,0,0,3,2,0,4,0,0,0,4,0,0,4,3,0,125,0,0,64,0
0,30,1,0,43,26,1,13,18,9,35,26,0,4,0,0,6,0,0,5,7,45,30,44,2,26,0,5,12,6,0,31,2,0,3,7,44,1,3,5,0,1,1,1,26,7,0,6
11,10,51,6,51,4,11,36,18,39,269,33,0,2,5,0,64,0,1,23,9,478,81,74,92,73,0,16,75,4,0,306,12,0,39,22,145,99,19,1,0,6,100,59,98,6,1,4
198,16,48,22,3,2,838,8,11,7,13,12,3,114,6,3,7,7,316,5,0,4,0,5,4,5,104,5,3,3,11,3,2,0,12,0,1,5,16,1,0,35,0,61,13,0,10,1
29,281,77,165,95,232,12,3,5,1,32,524,202,1,0,0,3,0,4,44,0,0,37,30,60,1,4,64,58,7,0,6,8,2,681,170,17,10,13,8,0,34,0,0,3,0,0,0
386,67,12,7,1,2,0,16,1,38,52,1,0,0,44,0,292,0,0,2,3,63,13,0,30,19,0,10,110,0,1,15,19,0,17,10,0,191,40,3,0,0,107,35,7,2,0,0
10,0,1,16,0,67,27,8,1,0,0,0,7,1,0,1010,0,1291,42,0,6,1,48,0,1,0,1,0,2,1,1116,0,0,64,3,0,0,8,0,0,1,2,0,2,0,21,9,0
4,0,1,1,0,17,4,0,0,0,0,0,2,0,2,1,0,6,0,0,0,0,0,0,0,0,0,0,0,0,26,0,0,85,0,0,0,0,0,0,0,0,0,1,0,0,0,0
