0.70872,0.27317,0.51451,0.26883,0.23656,0.21578,0.2499,0.40973,0.94386,0.21615,0.82147,0.53366,0.19027,0.45974,0.67958,0.50513,0.41624,0.26736,0.37922,0.24229,0.74117,0.25222,0.23977,0.20051,0.28614,0.2136,0.50929,0.67531,0.22802,0.48019,0.35621,0.34281,0.19153,0.32209,0.28866,0.69495,0.67681,0.29266,0.66077,0.25718,0.26981,0.34899,0.57748,0.44096,0.92423,0.37318,0.44091,0.48088
0.46186
3,616,0,0,0,0,17,87,0,0,0,0,4,0,0,34,0,0,0,0,0,653,462,471,3,14,0,0,28,83,16,94,0,0,22,0,0,0,0,0,339,77,0,0,0,41,0,0
0,48,0,0,251,94,654,3,0,2,0,1,0,0,0,1,0,1,28,0,0,86,656,33,35,9,0,0,51,3,1012,2,2,0,7,0,0,0,0,0,291,706,7,13,0,1,0,0
0,161,12,9,6,4,142,16,4,8,2,9,134,4,13,7,1,33,56,2,2,247,276,338,144,57,5,0,120,25,79,76,8,0,9,28,3,4,2,1,273,145,3,3,10,63,10,1
7,550,0,36,0,0,1,22,0,0,0,0,2,0,0,125,0,0,0,0,0,318,30,399,1,45,0,0,61,28,1,880,0,0,4,0,0,0,0,0,95,10,0,0,0,303,20,0
0,172,0,0,2,1,23,1,0,0,0,0,0,0,0,4,0,0,1,0,0,152,58,62,2,13,0,0,1,1,22,6,0,0,0,0,0,0,0,0,64,131,0,0,0,13,0,0
14,110,1,15,18,17,177,29,0,5,3,37,614,0,3,26,1,90,55,0,0,152,119,199,492,153,6,0,113,58,48,120,34,1,22,2,0,3,0,0,91,51,7,9,3,376,100,12
0,28,0,0,14,16,81,6,0,1,0,0,5,0,0,3,1,0,0,1,0,456,191,189,4,1,0,0,669,20,20,16,2,1,2,0,0,0,0,0,630,17,12,2,0,1,1,0
9,0,44,12,1,0,1,0,0,0,0,0,21,13,2,0,0,2,0,49,0,1,1,4,2,2,1,1,3,0,0,3,43,0,1,0,0,55,0,1,0,0,1,14,3,5,0,0
43,0,39,18,0,0,0,1,40,255,541,65,7,6,2842,3,10,190,5,579,2,0,0,0,69,7,201,8,0,3,0,0,1,14,1,561,4,16,2005,424,0,0,12,0,27,1,26,198
0,0,0,0,0,0,0,0,0,0,0,0,0,26,0,0,0,2,0,7,56,0,0,0,0,0,7,213,0,0,0,0,0,0,0,0,3,0,0,508,0,0,0,0,0,0,0,0
0,2,22,9,0,2,4,0,5,0,1,0,199,369,1,1,1,55,23,179,16,1,2,0,7,8,1,4,0,2,1,0,24,0,8,2,11,56,0,93,0,1,1,2,30,0,1,2
4,1,149,62,4,5,38,0,22,10,30,10,398,145,110,1,4,356,17,45,4,1,5,0,48,12,11,0,2,0,0,1,175,28,1,95,14,28,36,7,0,2,2,12,6,3,3,52
3,1,3,3,1,14,0,6,0,242,6,31,13,2,66,212,30,108,33,7,1,0,1,0,185,20,17,1,1,17,2,0,3,122,4,9,0,22,34,7,0,1,6,11,1,0,15,527
8,68,0,0,301,196,394,118,0,16,0,4,27,0,0,19,2,0,95,0,0,64,396,82,140,113,2,0,124,98,676,15,23,1,275,0,0,0,0,0,160,378,12,30,0,12,0,1
1,25,0,34,1,0,1,0,0,0,0,0,4,0,0,6,1,2,0,0,0,17,1,29,4,17,0,0,5,0,0,74,1,0,0,0,0,0,0,0,3,3,1,0,3,656,58,2
4,1,0,42,2,5,7,4,0,1,1,324,10,0,20,1,1,19,34,1,0,2,3,1,31,7,0,0,2,2,2,2,8,5,1,2,0,0,0,2,1,4,4,0,2,0,4,155
2,0,33,187,0,0,1,1,14,1,20,13,7,1,13,4,1,497,1,45,1,0,0,0,0,0,0,1,0,0,0,0,0,0,0,352,3,15,5,4,0,0,1,1,20,1,9,9
119,24,1,0,19,54,41,1019,0,60,2,12,23,0,1,1280,0,17,128,0,0,8,39,14,61,15,5,1,25,1551,54,12,54,2,728,1,0,0,0,1,11,13,3,8,3,4,15,0
2,1,0,0,482,479,172,4,0,66,0,0,1,0,0,0,31,0,88,0,0,9,40,1,6,8,0,0,203,1,73,8,28,23,8,0,0,0,0,0,43,13,81,411,0,0,0,0
0,0,2057,1,0,0,0,0,5,0,24,1,9,13,1,0,0,14,0,10,2,0,0,0,0,0,3,5,0,0,0,0,1,0,0,20,10,4,8,8,0,0,0,0,5,0,0,0
4,1,6,21,1,1,0,0,0,3,0,2,32,125,0,1,0,0,6,466,4,0,0,0,105,3,2,2,2,0,0,1,47,1,7,3,2,273,1,3,1,60,1,0,1,2,1,1
0,0,9,24,0,0,0,1,5784,0,59,5,2,0,144,1,1,20,3,8,1,0,0,0,1,0,0,0,0,0,0,0,0,1,0,124,0,18,18,1,0,0,0,0,3940,1,4,10
2,8,30,22,9,6,19,4,15,3,0,7,19,104,0,18,350,32,40,25,6,9,9,0,99,6,1,9,4,6,20,6,27,16,1,5,4,958,1,6,4,41,46,13,24,3,4,19
5,12,0,0,651,681,229,53,0,101,0,4,145,0,0,9,312,2,643,0,0,5,100,16,246,134,19,0,143,57,315,15,235,93,181,0,1,1,0,0,34,77,155,353,0,10,2,3
34,9,1,6,573,650,466,85,0,229,2,144,473,0,4,16,168,29,1248,0,0,16,177,20,869,162,74,0,274,130,395,13,529,163,161,3,0,2,9,2,59,102,254,604,6,18,11,55
21,0,0,0,262,299,21,4,0,613,0,3,4,0,0,1,1138,0,230,0,0,0,0,0,3,29,1,0,130,3,15,2,207,850,9,0,0,0,0,0,0,1,1662,1434,2,1,0,5
0,0,0,0,0,1,0,0,0,0,0,0,134,42,0,0,1,13,1,11,40,0,0,0,0,0,15,122,0,0,0,0,0,0,9,0,3,0,0,788,0,0,1,0,0,0,0,0
0,1,36,21,0,1,0,131,15,0,0,2,18,1160,2,3,0,8,1,842,62,0,0,0,6,1,0,20,3,0,0,1,520,1,2,28,17,1053,1,45,0,3,0,2,10,0,2,0
9,0,120,56,0,0,0,0,207,39,4339,39,6,26,406,1,2,44,2,864,16,0,0,0,13,0,41,19,0,0,0,0,0,1,0,3014,21,43,4406,238,0,0,4,0,58,1,10,85
35,108,2,693,6,24,21,7,0,274,10,17,172,0,3,87,79,90,16,1,0,138,22,119,36,553,1,0,481,11,3,224,10,18,4,0,0,3,0,0,66,13,122,9,2,1230,895,61
41,5,4,748,3,4,3,1,0,21,22,1066,12,1,153,6,3,208,19,2,0,1,0,4,30,26,1,0,5,3,0,4,14,597,1,1,0,3,2,4,0,2,3,5,36,10,30,707
15,7,16,343,11,11,5,7,0,300,40,2862,15,1,246,11,15,222,41,27,0,6,6,2,174,168,23,0,13,15,4,5,6,277,2,6,0,8,54,44,3,4,13,7,19,14,56,2213
4,0,0,0,1,0,0,0,0,20,2,648,0,0,18,2,6,11,10,19,0,0,0,0,5,60,0,0,2,1,0,1,1,49,1,0,0,1,27,12,0,0,9,7,16,2,12,387
2,220,0,4,3,3,19,4,0,0,0,1,10,0,0,5,0,6,5,0,0,117,56,241,41,456,0,0,19,12,14,269,3,0,6,0,0,0,0,0,74,120,1,0,0,395,29,1
0,9,0,0,0,1,0,3,0,0,0,0,1,0,0,1,0,0,0,0,0,11,7,19,2,3,0,0,181,3,0,418,0,0,2,0,0,0,0,0,10,3,2,0,0,6,2,0
5,0,500,7,4,0,9,0,3,0,1,0,87,150,0,1,0,10,2,81,5,2,2,3,1,2,1,10,1,1,1,0,197,0,4,3,1,896,0,2,4,0,0,6,7,3,0,0
1601,44,0,7,15,35,24,797,0,533,9,9,29,0,3,552,4,19,33,1,0,77,53,23,26,17,7,0,54,1037,23,38,297,15,702,2,0,0,1,0,59,19,12,27,1,6,29,10
0,0,71,1,0,0,0,0,1,0,0,0,3,38,0,0,0,2,0,0,3316,0,0,0,0,0,1064,284,0,0,0,0,0,0,0,3,2601,0,0,86,0,0,0,0,0,0,0,0
0,0,5,0,0,0,0,0,0,0,0,0,0,2,0,0,0,1,0,2,130,0,0,0,0,0,16,1928,0,0,0,0,0,0,0,0,4,1,0,148,0,0,0,0,0,0,0,0
0,1,52,5,2,1,2,1,8,0,0,0,205,1947,1,3,0,206,9,259,77,0,3,0,2,0,11,21,0,0,1,0,42,0,2,19,45,115,0,475,1,0,0,3,20,0,0,0
0,0,380,1,0,0,1,0,4,0,84,0,35,35,3,0,0,12,0,14,10,0,0,0,0,0,20,1,0,0,0,0,8,0,0,36,42,8,25,19,0,0,0,0,3,0,0,0
3,6,0,1,17,41,27,6,0,0,0,0,65,0,0,6,1,6,23,0,0,13,15,42,36,16,0,0,39,7,10,37,24,0,21,0,0,0,0,0,12,4,0,5,0,43,5,1
16,7,0,11,68,479,13,19,0,15,0,18,19,0,1,22,40,16,327,0,0,11,5,11,84,361,5,0,16,34,24,57,171,190,36,0,0,0,0,0,3,14,80,173,0,30,70,7
175,1,353,8,0,3,0,0,0,2,83,12,26,3,120,8,5,874,8,17,1,1,0,0,4,15,8,1,0,6,1,3,5,35,2,12,5,8,27,10,0,2,0,3,4,6,32,54
68,8,0,885,1,7,4,8,0,15,0,14,205,0,5,43,3,18,1,0,0,15,0,27,13,44,0,0,157,5,0,163,8,3,2,0,0,0,0,0,3,0,1,3,0,35,1149,10
0,0,0,0,23,21,0,39,0,1,0,2,11,3,1,10,518,0,57,0,0,0,1,0,3,32,1,0,2,7,9,1,4,131,274,0,0,1,4,1,1,6,359,82,0,0,1,10
0,0,51,0,0,0,0,0,1,0,1,0,20,19,0,0,2,33,2,2,713,0,0,0,4,0,1645,125,0,0,0,0,0,1,0,6,1048,3,2,86,0,0,0,0,1,0,0,2
0,0,1,0,0,0,0,0,0,0,0,1,1,0,0,0,2,1,0,0,9,0,0,0,0,0,15,79,0,0,0,0,0,0,0,0,1,0,0,38,0,0,0,0,0,0,0,2
