0.7222,0.27918,0.47415,0.29282,0.23296,0.21426,0.22086,0.39103,0.93279,0.21256,0.80075,0.53758,0.1933,0.45247,0.61525,0.49121,0.41282,0.26722,0.3907,0.24611,0.73163,0.25361,0.22276,0.18331,0.28932,0.26895,0.5222,0.67495,0.21502,0.48001,0.44596,0.34274,0.20233,0.34623,0.29155,0.68439,0.68745,0.29593,0.61351,0.26765,0.25544,0.32671,0.57429,0.42127,0.92005,0.37603,0.45933,0.46716
0.45963
1,532,0,1,0,0,19,142,0,0,0,0,4,0,0,19,0,0,0,0,0,650,470,435,4,10,0,0,25,76,23,97,0,0,30,0,0,0,0,0,417,77,0,0,0,32,0,0
0,39,0,0,303,86,576,7,0,2,0,1,0,0,0,1,0,1,33,0,0,93,601,29,27,4,0,0,53,1,1143,1,3,2,7,0,0,0,0,0,281,674,7,21,1,0,0,0
0,157,13,6,6,6,145,19,4,8,3,10,125,4,22,5,0,31,56,0,1,250,271,324,133,46,1,1,124,32,74,90,7,1,13,31,3,3,2,2,299,153,2,2,11,51,7,1
9,641,0,50,0,0,1,27,0,0,0,0,3,0,0,67,0,2,0,0,0,312,32,365,1,38,0,0,51,30,0,887,0,0,8,0,0,0,0,0,113,10,0,0,0,265,26,0
0,128,0,0,2,1,26,1,0,0,0,0,0,0,0,2,0,0,3,0,0,148,71,55,1,10,0,0,1,1,30,2,0,0,0,0,0,0,0,0,91,140,1,0,0,12,3,0
14,117,1,14,19,20,191,30,0,8,3,42,617,0,6,20,0,99,67,1,0,145,118,211,490,122,9,0,109,61,36,113,27,2,27,1,0,4,0,1,104,50,4,10,2,366,91,14
0,27,0,0,15,12,87,11,0,0,0,0,4,0,0,3,1,0,0,1,0,462,193,202,3,0,0,0,647,18,18,20,3,2,2,0,0,0,0,0,634,16,6,2,0,0,1,0
10,0,42,11,0,0,0,0,0,1,0,0,27,22,1,0,1,0,0,17,0,2,1,6,3,1,1,0,2,0,0,3,45,0,3,0,0,70,0,1,0,0,3,10,5,6,0,1
38,0,27,26,0,0,0,1,39,258,537,52,1,9,2469,4,12,145,3,589,2,0,0,0,55,7,225,16,0,3,0,1,1,15,1,538,4,20,2447,447,0,0,12,0,28,1,19,172
0,0,0,0,0,0,0,0,0,0,0,0,1,26,0,0,0,1,0,16,71,0,0,0,0,0,8,199,0,0,0,0,0,0,0,0,3,0,0,497,0,0,0,0,0,0,0,0
0,2,38,5,0,1,2,1,6,0,1,0,204,372,1,1,2,32,17,215,14,1,3,0,8,3,2,2,0,2,1,1,23,1,5,3,14,34,2,84,0,1,0,2,36,0,1,3
0,0,176,53,4,4,18,0,31,15,56,10,383,238,132,1,4,302,14,32,4,2,5,0,54,21,29,0,0,0,2,1,109,10,1,72,14,31,38,6,1,2,2,8,5,2,2,65
3,1,2,3,2,20,1,5,0,225,7,28,7,3,72,248,25,92,25,8,1,0,1,0,154,17,33,2,0,18,2,1,2,38,4,13,0,21,44,10,0,1,16,13,1,0,10,609
5,85,0,0,324,199,366,123,0,14,0,3,29,0,0,20,6,0,128,0,0,60,403,76,149,92,0,0,128,86,640,21,29,3,283,0,0,0,0,0,148,361,11,45,0,12,1,0
1,36,0,34,1,0,1,0,0,0,0,0,4,0,0,5,1,5,0,0,0,11,1,29,4,20,0,0,6,0,0,65,1,0,0,0,0,1,0,0,4,2,0,0,2,658,54,3
2,1,0,49,3,5,9,2,1,5,1,336,6,0,28,1,1,16,36,1,0,0,3,1,33,7,0,0,2,2,2,2,9,7,1,1,0,1,0,2,1,2,4,1,4,0,2,127
3,0,40,96,0,0,1,1,13,1,23,12,5,2,18,3,1,492,2,43,0,0,0,0,0,0,1,5,0,0,0,0,0,0,0,444,3,12,8,5,0,0,1,2,18,1,4,3
120,20,1,0,22,51,51,985,0,55,0,10,19,0,2,1202,0,18,144,0,0,8,51,14,69,10,1,1,25,1585,44,14,70,3,756,0,0,0,0,1,11,17,4,9,4,6,25,0
2,2,0,0,484,485,160,4,0,65,0,0,0,0,0,0,36,0,86,0,0,7,35,2,8,6,0,0,222,1,44,13,36,24,8,0,0,0,0,0,30,11,61,450,0,0,0,0
0,0,1981,0,0,0,0,0,5,0,49,1,6,16,0,0,0,10,0,8,6,0,0,0,0,0,5,63,0,0,0,0,1,0,0,13,12,3,9,6,0,0,0,0,7,0,0,0
4,0,20,21,2,1,0,2,1,6,0,2,33,130,0,1,1,1,8,415,4,0,0,1,104,4,1,1,0,0,0,0,51,1,3,2,2,283,1,7,0,74,0,0,1,1,2,1
0,0,11,20,0,0,0,0,5787,0,65,7,2,0,145,1,1,19,2,5,0,0,0,0,1,0,0,0,0,0,0,0,0,1,0,120,0,18,16,1,0,0,0,0,3947,0,4,7
1,9,77,6,9,5,17,4,8,4,0,6,17,68,0,17,344,37,42,31,9,9,11,1,142,9,3,11,7,5,13,6,30,11,2,15,2,872,0,5,4,80,48,13,23,4,2,21
6,17,0,0,639,697,246,64,0,85,0,4,143,0,0,9,352,3,611,0,0,5,96,26,249,121,4,0,159,49,196,23,239,95,226,0,1,1,0,0,26,79,175,377,0,14,3,2
35,13,2,3,538,679,527,70,0,198,2,162,476,1,7,26,171,20,1294,1,2,16,164,21,883,143,44,1,329,122,217,16,555,190,213,3,0,1,9,3,59,105,234,614,5,13,14,44
23,0,0,0,228,316,25,5,0,606,0,4,4,0,0,1,1153,0,184,0,0,0,1,0,3,19,0,0,167,3,5,3,240,904,10,0,0,0,1,0,1,1,1635,1402,2,1,0,3
0,0,0,0,0,0,0,0,0,0,0,0,123,54,0,0,1,6,0,20,40,0,0,0,0,1,23,106,0,0,0,0,0,0,3,0,3,0,0,800,0,0,1,0,0,0,0,0
0,1,192,16,0,0,1,138,18,0,0,2,18,1118,1,2,0,9,1,699,60,0,0,0,6,2,0,11,1,0,1,1,573,1,0,26,28,989,2,78,0,7,1,2,12,0,1,0
8,0,87,23,0,0,0,0,270,41,4469,37,6,30,393,2,3,37,1,854,9,0,0,0,8,0,121,26,0,0,0,0,0,2,0,2947,18,40,4324,205,0,0,6,0,82,1,6,74
28,144,0,710,7,24,29,4,0,289,8,13,195,0,4,155,60,127,12,0,0,138,14,138,43,628,4,0,459,11,1,203,5,15,6,1,0,0,0,0,69,15,60,11,2,1192,790,52
31,5,2,644,3,6,0,1,0,36,22,1007,18,1,197,12,1,291,14,1,0,0,0,2,48,27,5,0,6,3,1,6,12,573,1,1,0,3,1,3,1,3,15,9,23,7,29,740
12,6,6,340,9,18,3,3,3,368,42,2804,15,1,334,22,17,233,38,24,0,4,4,5,160,146,64,1,14,15,5,4,6,233,4,6,0,4,54,33,3,2,49,11,23,14,48,2127
5,0,0,2,0,2,1,0,0,31,3,619,0,0,24,4,9,10,10,21,0,0,0,0,7,50,1,1,2,1,0,1,0,54,0,1,0,1,26,13,0,1,20,6,11,1,11,385
2,234,0,4,3,2,21,6,0,0,0,1,7,0,0,2,0,11,7,0,0,117,57,278,42,396,0,0,17,12,14,254,3,0,8,0,0,0,0,0,92,129,0,0,0,374,43,0
0,11,0,0,0,1,0,3,0,0,0,0,1,0,0,1,0,0,0,0,0,12,9,20,2,3,0,0,176,2,0,416,0,0,2,0,0,0,0,0,12,3,0,0,0,6,4,0
8,1,638,4,3,1,6,0,2,0,1,1,88,148,0,0,0,2,2,46,7,4,1,2,1,0,1,8,1,0,0,0,189,0,5,2,1,814,0,2,3,2,0,6,8,4,0,0
1604,36,0,8,14,41,27,783,0,500,8,8,24,0,3,508,3,30,35,1,0,66,57,29,19,14,5,0,72,1111,24,50,309,11,674,1,0,1,3,1,54,19,8,29,1,8,38,13
0,0,63,0,0,0,0,0,2,0,0,0,4,37,0,0,0,1,0,0,3465,0,0,0,0,0,849,200,0,0,0,0,0,0,0,4,2767,0,0,78,0,0,0,0,0,0,0,0
0,0,1,0,0,0,0,0,0,0,0,0,1,3,0,0,0,2,0,2,196,0,0,0,0,0,13,1873,0,0,0,0,0,0,0,0,5,0,0,141,0,0,0,0,0,0,0,0
0,1,98,1,2,0,2,0,9,0,0,0,195,1942,0,2,0,143,7,397,75,1,1,0,0,0,11,21,0,0,0,0,35,1,1,19,52,90,0,407,0,0,0,6,19,1,0,0
0,0,356,0,0,0,1,0,3,0,122,0,34,40,2,0,0,6,0,10,13,0,0,0,0,0,20,13,0,0,0,0,2,0,0,24,47,7,24,15,0,0,0,0,2,0,0,0
3,11,0,1,16,39,25,4,0,2,1,0,62,0,0,4,1,6,24,0,0,15,15,47,39,13,0,0,34,6,9,41,24,0,25,0,0,0,0,0,15,3,0,6,0,33,6,2
13,6,0,12,66,499,18,21,0,10,0,13,23,0,1,30,41,26,340,0,0,10,8,28,73,269,2,0,13,32,12,50,168,231,46,0,0,0,0,0,4,11,90,179,0,35,69,4
164,2,264,13,0,4,0,1,0,2,154,8,20,3,147,10,4,842,9,10,6,1,0,0,5,8,35,28,0,4,1,2,8,12,1,12,7,15,31,13,0,1,0,3,4,7,19,63
66,8,1,901,1,6,4,7,0,12,0,10,199,0,4,24,2,28,3,0,0,14,0,26,16,41,0,0,155,4,0,180,10,4,2,1,0,0,0,0,4,3,0,3,0,42,1135,7
0,3,0,0,18,22,1,44,0,3,0,2,23,3,0,12,534,0,53,0,0,0,1,0,2,26,1,0,2,6,5,0,7,164,212,0,0,1,4,4,1,8,371,76,0,0,1,6
0,0,39,0,0,0,0,0,2,0,4,0,15,21,0,0,3,15,1,2,737,0,0,0,3,1,1682,109,0,0,0,0,0,0,0,5,1038,2,2,82,0,0,0,0,1,0,0,3
0,0,0,0,0,0,0,0,0,1,0,1,1,0,0,0,2,0,0,0,14,0,0,0,0,0,17,76,0,0,0,0,0,0,0,0,1,0,0,36,0,0,0,0,0,0,0,1
