0.67911,0.3136,0.26408,0.34432,0.2091,0.21553,0.24318,0.37241,0.94105,0.1938,0.73989,0.55116,0.22149,0.46438,0.49444,0.46989,0.40642,0.19993,0.40025,0.29107,0.686,0.23241,0.23421,0.13907,0.24981,0.24493,0.45704,0.41339,0.22922,0.49067,0.47826,0.29957,0.20723,0.37439,0.28814,0.67063,0.68636,0.30953,0.56401,0.26199,0.22777,0.30322,0.45716,0.38602,0.89277,0.38037,0.44125,0.32571
0.43485
1,614,0,0,1,0,17,159,0,0,0,0,1,0,0,15,0,0,0,0,0,598,455,298,6,4,0,0,23,84,12,120,0,0,31,0,0,1,0,0,516,86,0,0,0,22,0,0
0,35,0,0,377,117,384,7,0,2,0,1,1,0,0,1,0,1,49,0,0,112,634,12,20,6,0,0,51,2,1210,3,1,1,7,0,0,0,0,0,297,631,6,29,0,0,0,0
2,136,14,3,5,11,142,17,4,6,1,17,45,2,22,4,6,54,36,1,3,267,245,294,168,39,0,1,127,25,77,156,5,3,20,55,2,1,1,2,295,170,1,2,9,53,5,1
12,747,0,60,0,0,0,24,0,0,0,0,0,0,0,38,0,4,2,0,0,268,33,325,1,32,0,0,31,32,0,902,0,0,13,0,0,1,0,0,145,15,0,0,0,219,34,0
0,100,0,0,3,1,26,5,0,0,0,0,0,0,0,2,0,0,6,0,0,139,89,34,0,9,0,0,1,2,26,4,0,0,0,0,0,0,0,0,116,151,0,0,0,13,2,0
14,103,0,19,12,18,225,27,0,14,4,33,430,0,13,28,2,158,95,0,0,153,93,264,505,123,10,0,110,56,33,188,21,2,31,1,0,0,0,0,72,68,9,12,5,318,108,9
2,31,0,0,15,13,83,11,0,0,0,0,1,0,0,2,0,0,0,0,0,446,168,217,3,0,0,0,728,15,20,31,4,2,3,0,0,0,0,0,566,23,3,2,0,0,1,0
7,0,56,17,0,0,0,0,0,1,0,0,35,19,1,0,1,1,0,18,0,1,1,10,1,0,1,0,2,0,0,1,43,0,3,0,0,60,0,1,0,0,2,6,3,3,0,1
40,0,13,29,0,0,0,1,39,203,361,41,3,6,1913,6,8,109,1,547,4,0,0,0,40,23,289,25,0,3,0,1,0,12,1,524,10,9,3287,388,0,0,7,0,30,1,21,229
0,0,0,0,0,0,0,0,0,0,0,0,1,37,0,0,0,1,0,23,106,0,0,0,0,0,8,201,0,0,0,0,0,0,0,0,6,0,0,439,0,0,0,0,0,0,0,0
0,2,93,5,1,4,2,0,8,0,0,0,211,361,3,1,4,10,11,205,15,1,4,1,8,1,2,14,0,2,0,2,15,1,1,5,6,35,0,87,1,0,0,2,16,1,1,4
1,0,394,51,3,7,9,1,14,11,55,9,270,248,143,1,7,250,15,37,4,4,2,1,52,19,62,5,0,0,9,1,37,6,0,49,15,23,46,6,1,2,14,8,2,1,2,62
1,0,0,5,2,26,0,3,0,231,6,33,6,4,36,231,32,110,27,9,1,0,1,0,27,158,48,4,3,22,2,0,3,27,3,3,0,12,48,28,0,1,18,13,1,0,11,592
5,66,0,1,350,245,307,131,0,13,0,3,16,0,0,16,8,0,158,0,0,115,422,56,153,83,1,0,149,82,598,48,29,5,254,0,0,0,0,0,109,334,6,71,0,15,1,0
1,26,0,49,0,0,1,0,0,1,0,0,2,0,0,5,0,6,0,0,0,11,1,46,4,19,0,0,4,0,0,73,2,0,0,0,0,1,0,0,6,4,0,0,2,630,54,1
0,1,0,47,1,3,8,3,0,6,1,276,5,0,40,3,4,26,47,1,0,0,1,2,25,13,0,0,2,0,1,3,7,12,1,5,0,1,1,1,1,4,37,0,3,0,1,124
4,0,22,70,0,0,1,1,14,1,40,10,0,0,26,3,1,495,2,43,4,0,0,1,1,0,1,14,0,0,0,0,0,1,0,447,3,14,6,3,0,0,2,0,20,1,4,8
168,11,1,1,20,53,42,934,0,72,0,6,16,0,3,1069,3,22,222,0,0,17,53,12,52,17,1,0,24,1631,60,23,70,2,748,1,0,0,1,2,14,7,2,15,7,3,22,1
1,1,0,0,471,504,138,4,0,66,0,0,0,0,0,0,37,0,71,0,0,7,29,2,5,7,0,0,274,1,41,8,36,31,8,0,0,0,0,0,13,9,54,464,0,0,0,0
0,0,307,0,0,0,0,0,4,0,306,1,1,17,2,0,0,4,0,14,5,0,0,0,0,0,15,1460,0,0,0,0,0,0,0,6,27,11,7,6,0,0,0,0,8,0,0,0
3,1,65,26,0,0,1,1,0,6,0,1,28,63,0,1,4,1,2,313,5,0,2,4,161,2,1,1,0,0,0,0,68,2,3,4,2,257,1,68,0,83,0,1,1,8,0,2
1,0,14,16,0,0,0,1,5875,1,49,4,3,1,151,0,2,19,1,4,0,0,0,0,1,0,0,5,0,0,0,0,0,0,0,118,1,16,22,0,0,0,0,0,3863,1,4,7
3,5,268,6,10,8,16,2,4,3,0,5,10,86,0,17,344,33,36,19,7,6,8,3,204,6,2,18,8,5,18,5,25,8,4,12,4,603,1,17,7,84,58,14,24,6,3,25
6,14,0,1,565,730,304,69,0,96,0,7,155,0,0,15,388,3,478,0,0,9,110,30,174,114,1,0,185,39,185,58,251,98,248,0,1,0,0,0,21,80,181,409,0,13,2,2
35,7,2,5,451,689,615,70,0,219,1,148,635,1,8,35,226,63,1274,0,1,26,137,22,651,127,37,1,404,102,150,61,510,210,233,12,0,1,8,3,22,100,214,661,6,14,14,34
19,0,0,0,287,359,36,9,0,581,0,4,6,0,0,4,1292,0,115,0,0,0,5,0,3,12,0,0,204,2,1,7,295,915,15,0,0,0,1,0,0,1,1462,1309,2,1,0,3
0,0,1,0,0,0,0,0,0,0,0,0,109,55,0,0,1,4,0,34,64,0,0,0,1,1,25,113,0,0,0,0,0,0,4,2,2,0,0,765,0,0,0,0,0,0,0,0
0,1,492,18,0,0,1,104,13,0,0,2,19,883,1,3,0,6,1,499,65,0,0,1,18,1,0,17,2,0,1,1,556,1,1,34,23,815,0,344,0,14,0,0,7,72,1,1
7,0,51,16,0,0,0,0,247,29,4082,28,3,16,348,1,3,24,1,939,17,0,0,0,9,3,316,51,0,0,0,0,1,2,0,2761,22,30,4635,154,0,0,6,0,242,1,7,78
18,165,0,631,7,22,22,6,0,304,12,16,203,0,6,147,33,159,21,0,0,137,6,243,35,640,5,0,438,7,3,252,6,14,3,0,0,3,2,0,55,27,55,6,2,1124,792,39
67,6,0,479,3,4,8,1,0,43,19,911,25,0,262,5,5,311,20,1,0,1,0,3,25,55,7,2,3,2,1,6,15,369,1,1,0,2,6,1,1,1,68,6,16,7,26,1016
9,6,0,323,8,13,4,3,1,453,31,2661,9,0,597,17,15,280,64,23,0,5,4,4,85,343,78,2,12,12,6,6,5,257,5,7,0,5,57,16,1,5,505,6,15,15,54,1310
6,0,0,4,0,1,0,0,0,62,3,573,0,0,38,4,6,11,12,15,0,0,0,0,5,48,1,0,1,1,0,1,0,81,0,0,0,0,27,10,0,1,45,7,14,1,11,345
0,215,0,5,6,3,34,5,0,0,1,0,0,0,0,4,0,11,17,0,0,115,76,274,38,385,0,0,8,6,17,286,3,1,13,0,0,0,0,0,121,137,0,0,0,313,42,0
0,10,0,0,0,1,1,3,0,1,0,0,0,0,0,0,0,0,0,0,0,9,10,32,3,5,0,0,159,2,0,396,0,0,3,0,0,0,0,0,12,3,0,0,0,5,29,0
1,1,863,5,2,2,7,1,2,0,3,0,98,130,0,0,0,2,0,24,11,5,1,2,1,0,1,13,1,0,4,0,144,0,1,2,1,655,0,11,4,0,3,3,5,3,0,0
1473,42,1,9,15,33,27,809,0,546,8,8,16,0,8,503,4,34,49,1,0,77,90,13,11,15,6,0,71,1141,25,54,307,12,658,0,0,0,3,0,68,17,8,29,2,7,36,14
0,0,8,0,0,0,0,0,1,0,1,0,2,40,0,0,0,1,0,4,3323,0,0,0,0,0,665,179,0,0,0,0,0,0,0,8,3195,1,0,41,0,0,0,0,1,0,0,0
0,0,1,0,0,0,0,0,0,0,0,0,1,3,0,0,0,1,0,1,319,0,0,0,0,0,15,1821,0,0,0,0,0,0,0,1,5,0,0,69,0,0,0,0,0,0,0,0
0,0,452,3,1,1,0,0,11,0,1,0,183,1773,0,1,4,67,2,417,78,3,0,0,1,0,9,35,0,0,0,0,23,0,1,26,48,45,0,335,2,0,0,4,13,0,0,0
0,0,89,0,0,0,0,0,5,0,275,0,19,44,1,0,0,3,0,12,12,0,0,0,0,0,21,125,0,0,0,0,0,0,0,11,83,10,17,10,0,0,0,0,3,0,0,1
8,11,0,1,10,38,31,4,0,0,1,0,31,0,0,3,1,4,24,0,0,15,13,58,39,11,0,0,38,7,11,62,27,0,25,0,0,0,0,0,9,3,0,8,0,32,5,2
24,9,0,11,60,450,32,20,0,10,1,10,32,0,2,51,81,39,282,0,0,9,12,24,52,222,0,0,12,26,17,62,159,271,66,0,0,0,0,0,5,10,89,212,0,27,60,4
169,0,54,11,0,3,0,0,0,2,247,7,23,5,237,5,4,590,7,15,8,2,0,0,2,8,208,115,0,4,1,3,3,7,2,10,10,18,39,7,1,1,2,2,4,2,25,80
59,15,1,1013,1,5,4,7,0,12,0,11,179,0,8,15,0,26,5,0,0,15,0,49,13,45,0,0,98,6,1,187,8,4,0,0,0,0,0,0,3,1,2,3,0,23,1089,15
2,1,0,2,15,23,1,65,0,3,0,1,26,1,0,19,649,0,29,0,0,0,2,0,2,16,1,0,3,5,0,0,4,87,186,0,0,2,2,27,1,8,339,87,0,0,1,6
0,0,6,0,0,0,0,0,1,0,8,0,8,23,0,0,2,7,1,6,775,0,0,0,1,1,1564,111,0,0,0,0,0,0,0,11,1188,1,0,47,0,0,0,0,1,0,0,5
0,0,0,0,0,0,0,0,0,0,0,1,0,0,0,0,2,1,0,1,17,0,0,0,0,0,21,72,0,0,0,0,0,0,0,1,1,0,0,32,0,0,0,0,0,0,0,1
