0.72355,0.28415,0.43384,0.29814,0.22976,0.21583,0.21617,0.39137,0.93147,0.20599,0.80484,0.53637,0.19702,0.45486,0.6124,0.49713,0.4142,0.25987,0.39618,0.24928,0.72412,0.25331,0.22508,0.18381,0.2874,0.27074,0.51196,0.62857,0.21632,0.47953,0.45415,0.34409,0.20574,0.34891,0.2901,0.68135,0.68885,0.2952,0.61429,0.26774,0.25692,0.32625,0.56624,0.41969,0.9216,0.37623,0.45245,0.46438
0.4578
1,527,0,1,0,0,16,152,0,0,0,0,4,0,0,17,0,0,0,0,0,650,471,436,5,10,0,0,26,78,21,98,0,0,29,0,0,0,0,0,414,78,0,0,0,30,0,0
0,34,0,0,304,87,564,8,0,2,0,1,0,0,0,1,0,1,39,0,0,92,603,28,28,6,0,0,52,1,1154,1,3,2,7,0,0,0,0,0,273,676,7,22,1,0,0,0
1,153,11,5,6,4,147,18,4,7,4,10,122,4,17,5,0,28,58,1,3,248,273,316,140,45,1,1,125,29,73,95,6,1,13,34,4,3,2,3,302,153,3,2,9,56,9,1
9,647,0,49,0,0,1,30,0,0,0,0,3,0,0,58,0,2,0,0,0,306,31,361,1,36,0,0,54,32,0,896,0,0,8,0,0,0,0,0,118,11,0,0,0,257,28,0
0,122,0,0,2,1,26,3,0,0,0,0,0,0,0,2,0,0,3,0,0,149,71,56,1,9,0,0,1,1,31,2,0,0,0,0,0,0,0,0,92,141,1,0,0,12,3,0
11,115,0,13,20,15,191,30,0,8,2,45,622,0,7,27,1,98,70,0,0,149,108,224,495,122,8,0,110,57,33,109,25,1,24,1,0,4,0,0,104,51,4,8,2,363,96,13
0,26,0,0,15,13,87,11,0,0,0,0,4,0,0,3,1,0,1,1,0,459,194,201,3,0,0,0,652,18,19,19,3,1,2,0,0,0,0,0,631,16,7,2,0,0,1,0
8,0,52,10,0,0,0,0,0,1,0,0,24,21,1,0,1,1,0,18,0,1,1,7,1,1,1,1,2,0,0,3,49,0,3,0,0,67,0,1,0,0,1,9,3,6,0,1
36,0,27,28,0,0,0,1,42,273,516,56,1,9,2449,6,10,141,2,591,2,0,0,0,56,9,226,15,0,4,0,1,2,12,1,539,6,23,2467,440,0,0,12,0,28,1,20,172
0,0,0,0,0,0,0,0,0,0,0,0,1,27,0,0,0,1,0,18,74,0,0,0,0,0,8,199,0,0,0,0,0,0,0,0,3,0,0,491,0,0,0,0,0,0,0,0
0,4,51,5,0,1,3,0,5,0,1,0,207,364,1,1,2,27,15,213,14,1,2,1,9,2,4,3,0,2,1,1,25,1,5,4,11,37,0,84,0,1,0,2,32,0,1,3
0,0,213,53,4,6,18,0,26,15,59,13,363,254,128,1,4,297,13,30,3,2,4,1,58,20,33,0,3,0,2,1,92,7,1,71,14,26,36,5,1,2,4,7,3,1,2,63
5,0,3,3,2,19,1,3,0,242,5,30,4,3,68,237,27,104,28,7,1,0,2,0,138,13,45,2,1,19,1,1,3,34,3,10,0,18,45,10,0,2,19,15,2,0,10,603
5,83,0,0,329,195,370,123,0,14,0,2,29,0,0,24,7,0,128,0,0,63,388,75,148,95,0,0,128,88,645,22,28,4,281,0,0,0,0,0,145,355,11,49,1,14,1,0
1,34,0,35,1,0,1,0,0,1,0,0,4,0,0,5,0,5,0,0,0,13,1,28,3,21,0,0,6,0,0,62,0,0,0,0,0,1,0,0,5,2,0,0,2,661,54,3
1,1,0,48,3,5,8,2,1,3,1,338,6,0,28,1,1,16,38,1,0,0,3,1,33,7,0,0,2,2,2,2,8,7,1,1,0,1,1,1,1,2,5,1,5,0,2,127
2,0,37,89,0,0,1,1,15,1,23,13,5,2,18,2,1,490,3,44,0,0,0,0,0,0,1,6,0,0,0,0,0,0,0,455,4,12,10,3,0,0,1,1,14,1,4,4
117,19,1,0,22,53,51,989,0,54,0,11,17,0,2,1214,0,16,146,0,0,7,51,12,67,9,0,1,23,1581,47,13,71,2,756,0,0,0,1,1,11,14,4,10,4,6,25,0
2,2,0,0,479,483,162,4,0,62,0,0,0,0,0,0,38,0,85,0,0,6,37,2,8,6,0,0,226,1,45,12,36,24,8,0,0,0,0,0,29,11,64,450,0,0,0,0
0,0,1813,0,0,0,0,0,5,0,48,1,6,17,1,0,0,9,0,8,6,0,0,0,0,0,7,232,0,0,0,0,0,0,0,11,13,4,8,5,0,0,0,0,7,0,0,0
4,0,24,22,2,2,0,1,1,6,0,2,36,123,0,1,1,1,6,401,4,0,0,0,109,5,2,1,0,0,0,0,55,1,3,2,2,281,1,10,0,78,0,1,2,1,0,1
0,0,13,20,0,0,0,0,5790,0,66,7,2,0,147,1,1,18,2,5,0,0,0,0,1,0,0,0,0,0,0,0,0,1,0,122,0,20,16,0,0,0,0,0,3938,0,4,6
0,8,102,6,7,5,18,3,9,3,0,5,17,62,0,19,340,40,40,24,10,9,8,1,152,7,3,11,5,5,14,6,37,11,1,16,2,842,0,6,7,79,49,15,23,5,3,25
7,18,0,0,630,701,252,60,0,84,0,4,147,0,0,9,359,3,606,0,0,5,99,25,241,119,3,0,161,50,196,24,234,95,231,0,1,0,0,0,25,79,177,376,0,15,3,3
36,14,1,7,547,672,531,72,0,202,2,160,489,1,5,23,166,25,1326,2,4,17,158,21,876,135,33,1,328,122,186,19,547,190,220,5,0,1,9,4,51,106,235,622,6,14,14,40
24,0,0,0,231,317,27,6,0,598,0,3,5,0,0,1,1161,0,185,0,0,0,1,0,4,19,0,0,168,3,5,4,243,911,9,0,0,0,0,0,0,1,1620,1398,2,1,0,3
0,0,1,0,0,0,0,0,0,0,0,0,120,54,0,0,1,8,1,24,39,0,0,0,1,1,23,104,0,0,0,0,0,0,5,0,2,0,0,796,0,0,1,0,0,0,0,0
0,1,256,20,0,0,0,122,16,0,0,2,16,1100,1,3,0,8,1,673,61,0,0,0,6,2,0,13,0,0,1,1,581,1,2,30,27,960,1,93,0,8,0,0,10,1,1,0
7,0,84,21,0,0,0,0,278,43,4425,40,3,26,381,2,3,35,1,860,11,0,0,0,9,0,132,27,0,0,0,0,1,1,0,2938,19,38,4359,208,0,0,6,0,91,1,7,73
26,144,0,716,6,23,24,4,0,297,10,14,188,0,6,152,57,132,11,0,0,141,12,139,43,633,4,0,463,11,3,198,5,15,4,0,0,1,0,0,63,18,60,12,2,1190,792,47
33,6,2,621,4,5,1,1,0,39,17,992,19,1,204,10,3,298,15,2,0,1,0,3,52,26,7,0,7,3,1,5,13,573,1,2,0,1,1,2,1,1,19,8,21,8,29,753
11,8,6,336,7,15,5,3,3,388,37,2795,14,1,345,23,14,242,42,27,0,4,4,5,145,150,65,2,12,16,5,5,6,230,3,7,0,3,52,34,3,4,67,12,18,11,53,2099
5,0,0,1,1,2,1,0,0,31,2,622,0,0,24,4,7,9,10,21,0,0,0,0,7,53,2,1,2,2,0,1,0,57,0,2,0,1,23,12,0,1,18,7,13,1,11,380
2,230,0,5,3,3,21,6,0,0,0,1,7,0,0,2,0,12,8,0,0,117,57,277,42,403,0,0,16,9,13,256,3,0,8,0,0,0,0,0,89,133,0,0,0,373,40,0
0,14,0,1,0,1,0,3,0,0,0,0,1,0,0,1,0,0,0,0,0,12,9,21,2,3,0,0,174,2,0,411,0,0,2,0,0,0,0,0,11,3,0,0,0,6,7,0
8,0,667,4,3,0,6,1,2,0,1,1,82,150,0,0,0,4,1,44,7,4,1,2,1,0,1,8,1,0,0,0,180,0,5,2,1,799,0,4,3,1,0,6,7,5,0,0
1573,38,1,8,15,42,26,791,0,500,8,8,23,0,4,506,3,36,37,1,0,72,65,28,27,12,5,0,69,1111,17,45,308,12,688,0,0,1,4,1,54,17,8,26,1,7,39,13
0,0,53,0,0,0,0,0,2,0,0,0,4,41,0,0,0,1,0,0,3449,0,0,0,0,0,844,192,0,0,0,0,0,0,0,4,2805,0,0,75,0,0,0,0,0,0,0,0
0,0,0,0,0,0,0,0,0,0,0,0,1,3,0,0,0,2,0,2,221,0,0,0,0,0,17,1848,0,0,0,0,0,0,0,0,5,0,0,138,0,0,0,0,0,0,0,0
0,1,129,1,1,1,1,0,12,0,0,0,192,1945,0,2,1,127,5,409,73,1,0,0,1,0,14,21,0,0,0,0,35,1,1,15,48,84,0,396,1,0,0,2,18,1,0,0
0,0,346,0,0,0,1,0,3,0,122,0,33,40,2,0,0,7,0,9,13,0,0,0,0,0,21,22,0,0,0,0,3,0,0,23,49,6,25,14,0,0,0,0,2,0,0,0
4,10,0,1,15,39,25,5,0,2,0,0,61,0,0,4,1,6,24,0,0,15,15,44,40,12,0,0,36,6,10,43,25,0,24,0,0,0,0,0,14,3,0,6,0,34,6,2
11,7,0,13,61,507,18,23,0,11,0,13,23,0,1,31,40,26,336,0,0,9,8,29,74,264,1,0,13,29,12,53,173,232,45,0,0,0,0,0,4,10,88,179,0,36,67,6
163,1,249,12,0,3,0,0,0,1,145,9,18,8,155,10,4,816,11,12,6,1,0,0,5,12,64,46,0,5,1,2,8,13,1,11,6,15,29,11,0,2,0,3,4,5,20,56
61,8,1,915,2,6,4,8,0,12,0,10,196,0,4,22,2,34,2,0,0,12,0,28,12,44,0,0,146,4,0,193,9,4,2,1,0,0,0,0,3,4,0,4,1,40,1118,11
0,2,0,0,20,22,1,43,0,2,0,2,23,2,0,12,541,0,46,0,0,0,2,0,2,26,1,0,2,6,3,0,7,167,209,0,0,2,3,5,1,9,370,76,0,0,1,8
0,0,36,0,0,0,0,0,2,0,4,0,14,18,0,0,3,14,2,2,749,0,0,0,2,1,1669,108,0,0,0,0,0,0,0,6,1049,1,2,81,0,0,0,0,1,0,0,3
0,0,0,0,0,0,0,0,0,1,0,1,1,0,0,0,2,0,0,0,13,0,0,0,0,0,15,75,0,0,0,0,0,0,0,0,1,0,1,39,0,0,0,0,0,0,0,1
