0.58414,0.35364,0.36084,0.41471,0.19567,0.20109,0.2856,0.34276,0.95929,0.23191,0.66735,0.49182,0.23842,0.49679,0.33979,0.37133,0.3443,0.21786,0.26265,0.27518,0.66473,0.19714,0.21533,0.25643,0.16675,0.23176,0.40405,0.45713,0.2235,0.52196,0.4312,0.23584,0.26101,0.28714,0.33229,0.50094,0.70671,0.33749,0.49942,0.21026,0.20765,0.12491,0.37493,0.38443,0.71378,0.41592,0.43106,0.23826
0.41193
1,603,0,1,1,0,51,182,0,0,0,0,1,0,0,17,0,0,19,0,0,510,456,186,5,10,0,0,29,83,10,175,0,0,28,0,0,1,0,0,629,56,0,0,0,10,0,0
0,19,0,0,446,128,184,9,0,3,0,1,1,0,0,1,4,0,61,0,0,100,694,16,23,9,0,0,78,5,1338,0,1,0,6,0,0,0,0,0,673,175,2,20,0,0,0,0
2,135,10,3,9,11,141,16,10,9,6,14,85,2,15,1,14,42,46,4,2,330,242,187,117,43,1,2,135,21,70,171,11,6,23,55,3,1,3,1,354,161,1,2,6,27,1,4
16,1016,0,66,6,0,7,40,0,0,0,1,0,0,0,25,0,2,6,0,0,216,55,276,2,32,0,0,21,31,0,841,0,0,17,0,0,2,0,0,130,9,0,0,0,59,62,0
1,86,0,0,6,2,34,5,0,0,0,0,0,0,0,1,0,0,23,0,0,111,100,14,0,19,0,0,1,1,30,5,0,0,0,0,0,0,0,0,209,77,0,0,0,4,0,0
14,109,1,31,15,20,223,23,0,26,4,70,506,0,11,17,1,127,102,0,0,249,83,310,317,123,5,0,110,47,48,252,24,5,41,5,0,3,1,0,70,139,9,17,3,195,27,3
2,28,0,0,20,12,134,11,0,2,0,0,0,0,0,1,0,0,25,0,0,308,173,214,11,0,0,0,833,15,47,25,1,0,3,0,0,0,0,0,507,12,3,3,0,0,0,0
2,0,73,8,1,0,2,2,1,2,0,0,34,16,1,3,1,0,0,22,0,7,0,8,1,0,1,0,1,3,1,2,21,0,1,0,0,42,0,3,0,2,0,12,1,20,0,1
34,0,5,25,0,0,0,0,38,104,545,54,11,4,1157,6,16,44,3,85,7,0,0,1,42,62,468,31,0,1,0,1,0,13,1,281,8,3,4216,544,0,1,20,0,88,3,27,275
0,0,2,0,0,0,0,0,0,0,0,0,1,34,0,0,0,0,0,23,118,0,0,0,0,0,7,352,0,0,0,0,0,0,0,1,9,0,0,275,0,0,0,0,0,0,0,0
0,1,95,6,1,2,12,2,9,0,1,0,165,321,2,1,12,6,14,140,13,1,5,0,17,5,3,10,0,0,0,0,38,0,3,10,9,17,0,186,2,24,0,2,6,0,0,5
0,0,409,35,1,9,31,0,18,11,94,7,143,234,134,3,9,141,13,35,5,4,1,1,48,33,92,2,2,0,14,2,7,8,0,122,17,10,79,15,0,5,11,6,5,2,5,136
16,0,0,2,5,20,0,4,0,236,3,23,7,0,12,200,33,45,37,10,0,0,6,0,9,165,68,0,3,30,1,1,1,28,2,44,0,6,71,11,1,6,31,10,0,0,8,633
11,55,0,0,330,266,233,160,0,15,0,3,27,1,0,10,12,1,93,0,0,131,603,45,104,100,0,0,193,63,668,33,12,5,219,0,0,0,0,0,198,171,4,75,0,8,1,0
1,48,0,41,0,0,5,0,1,2,0,1,4,0,0,4,0,5,4,0,0,19,1,125,0,17,0,0,0,0,0,184,2,1,0,0,0,2,0,0,3,5,0,0,0,434,40,0
1,0,0,32,4,3,8,2,0,12,0,281,4,0,67,2,6,42,52,0,0,1,0,2,14,9,0,1,3,1,2,3,4,19,2,3,0,0,0,1,1,6,66,0,1,1,6,55
3,0,8,40,0,0,2,1,14,0,63,8,5,0,42,0,2,483,3,11,6,0,0,1,0,0,1,5,0,0,0,0,1,2,1,477,4,9,12,27,0,0,0,0,20,3,4,5
268,6,1,2,14,61,51,836,0,94,1,10,18,0,5,733,18,18,280,0,0,25,69,15,22,12,0,0,32,1711,53,25,110,2,852,3,0,0,0,0,23,11,1,21,3,3,18,1
1,1,0,0,487,526,101,3,0,56,0,0,0,0,0,0,53,0,36,0,0,3,39,3,5,7,0,0,347,1,77,7,17,8,5,0,0,0,0,0,5,4,47,443,0,0,0,0
0,0,103,0,0,0,0,0,11,0,954,0,1,8,7,0,0,5,0,47,21,0,0,0,0,0,21,957,0,0,0,0,1,0,0,19,25,6,5,7,0,0,0,0,3,0,0,0
3,0,22,9,1,1,1,1,0,10,0,1,18,25,0,0,6,1,2,362,2,0,1,8,261,0,0,1,0,0,0,0,96,1,0,5,3,98,1,101,0,102,0,0,0,44,1,4
2,0,10,12,0,0,0,1,6739,1,39,4,10,0,185,0,3,18,7,4,0,0,0,0,4,0,0,5,0,0,0,0,0,0,0,65,1,7,17,4,0,0,0,0,3035,2,2,3
11,8,267,2,19,6,9,2,5,17,1,4,6,131,1,6,351,29,93,31,6,3,8,4,246,4,4,17,10,3,36,3,19,13,3,26,3,344,1,25,6,35,168,7,23,13,0,31
10,15,0,0,614,778,326,77,0,103,0,46,151,0,0,6,470,1,156,0,0,21,167,35,91,109,1,1,296,25,267,56,119,94,247,0,0,0,0,0,29,66,133,523,0,7,1,1
35,6,5,4,511,736,712,52,0,259,3,308,623,2,14,21,342,66,566,1,5,44,196,39,326,131,21,3,523,77,298,70,480,327,315,15,0,1,7,0,22,162,171,699,4,8,19,16
14,0,0,0,453,624,29,10,0,436,0,3,4,0,1,1,1203,0,26,0,0,0,8,0,2,9,0,1,332,9,4,5,240,750,11,1,0,0,0,0,0,3,1301,1462,1,0,6,1
0,0,0,0,0,0,0,0,0,0,0,0,35,35,0,0,3,1,0,61,74,0,0,0,2,0,25,172,0,0,0,0,0,0,2,5,3,0,0,762,0,0,0,1,0,0,0,0
2,0,319,11,0,1,0,99,11,1,4,3,12,757,2,1,1,2,3,623,46,0,0,1,127,2,0,16,0,0,0,1,640,1,1,44,21,568,0,481,0,46,0,0,2,165,0,4
3,0,14,12,0,0,0,0,137,27,4875,31,18,5,235,0,2,24,0,230,21,0,0,0,11,25,566,58,0,0,0,0,1,2,0,1330,24,9,4742,634,0,2,12,0,996,3,12,69
6,250,0,369,6,19,15,6,1,126,8,14,197,0,5,164,10,131,22,0,0,191,9,708,26,588,1,0,450,8,6,567,4,23,3,1,0,9,3,0,35,15,56,9,1,883,674,47
161,4,0,468,5,5,2,0,0,65,9,940,45,0,255,18,3,286,22,1,1,1,3,1,20,117,8,2,2,1,3,8,14,316,1,1,0,5,59,1,2,2,124,4,13,7,35,771
16,7,0,285,7,15,3,0,0,315,19,2284,19,0,743,80,25,260,114,2,3,5,5,7,30,702,77,11,12,5,10,13,4,397,3,8,0,1,145,12,1,7,824,6,13,15,86,741
6,0,0,0,2,0,0,0,0,40,2,448,0,0,129,15,9,6,17,1,0,0,0,0,2,73,0,1,2,0,0,1,1,185,0,0,0,0,46,9,0,0,100,1,6,0,52,180
2,371,0,4,4,3,46,8,0,0,0,1,5,0,0,8,0,9,31,0,0,128,96,253,11,399,0,0,8,4,34,317,0,1,9,0,0,0,0,0,174,47,1,0,0,138,24,0
1,28,0,0,0,1,3,3,0,0,0,0,1,0,0,1,0,0,6,0,0,14,16,74,0,2,0,0,116,3,1,372,0,0,3,0,0,0,0,0,10,0,0,0,0,0,29,0
0,0,1045,4,4,2,10,2,4,3,2,0,41,148,0,4,0,3,2,82,3,9,0,1,3,0,1,6,2,0,4,2,76,0,1,6,2,476,0,24,7,11,1,10,1,10,0,0
1267,27,0,22,11,64,28,812,0,612,3,9,11,0,5,560,7,20,75,2,0,88,155,17,4,17,6,1,66,1092,27,78,295,23,521,0,0,0,4,0,130,16,9,29,2,4,116,15
0,0,2,0,0,0,0,0,1,0,10,0,3,24,0,0,0,0,0,39,2968,0,0,0,0,0,449,214,0,0,0,0,0,0,0,12,3730,1,0,17,0,0,0,0,0,0,0,0
0,0,0,0,0,0,0,0,0,0,0,0,0,3,0,0,0,2,0,5,283,0,0,0,0,0,8,1898,0,0,0,0,0,0,0,5,13,0,0,20,0,0,0,0,0,0,0,0
0,0,419,3,1,2,6,0,17,1,6,1,128,1777,0,0,5,25,1,345,86,5,0,0,5,0,11,90,0,1,1,0,84,0,4,37,66,36,0,358,2,4,0,4,7,0,0,1
0,0,56,0,0,0,0,0,6,0,348,0,5,36,9,0,0,1,1,24,14,0,0,0,0,0,58,47,0,0,0,0,0,0,1,17,77,7,17,10,0,0,0,0,6,0,0,1
8,16,0,2,10,35,35,9,0,10,0,8,39,0,0,2,3,6,11,0,0,24,10,59,15,10,0,0,44,3,21,60,13,3,29,0,0,0,0,0,7,4,0,15,0,14,7,0
36,18,1,12,108,471,41,13,0,19,1,46,23,0,1,28,154,34,157,0,0,22,18,32,20,149,1,0,15,19,29,62,89,276,66,0,0,0,0,0,6,1,64,331,0,16,70,4
154,1,26,6,0,3,0,0,1,4,293,9,20,2,351,12,4,301,12,24,11,3,0,2,5,20,253,48,0,2,1,3,1,4,3,19,9,12,62,4,2,0,3,1,6,8,36,202
47,14,1,1077,1,1,3,6,0,11,0,9,159,0,12,18,2,26,8,0,0,14,0,115,3,20,0,0,57,10,1,221,5,9,2,0,0,0,1,0,2,0,1,1,0,17,1038,11
12,1,0,3,35,42,4,42,0,7,0,1,9,0,0,4,710,0,4,0,0,0,4,1,0,6,3,0,4,3,1,0,20,90,135,1,0,0,3,56,1,14,307,89,0,0,1,3
0,0,2,0,0,0,1,0,1,0,10,0,18,12,4,0,0,3,2,49,753,0,0,0,3,0,1476,116,0,0,0,0,0,0,0,33,1250,7,0,16,0,0,0,0,0,0,0,11
0,0,0,0,0,0,0,0,0,0,1,1,0,0,0,0,0,1,0,1,17,0,0,0,1,0,17,84,0,0,0,0,0,0,0,4,1,0,0,20,0,0,0,0,0,0,0,2
