0.71384,0.2815,0.5192,0.26681,0.23704,0.21451,0.2561,0.41063,0.94171,0.22558,0.82167,0.53321,0.18983,0.46402,0.6843,0.50215,0.41527,0.26182,0.3813,0.24036,0.743,0.25232,0.24536,0.20085,0.28422,0.21207,0.51337,0.66885,0.2247,0.47858,0.35005,0.34071,0.19067,0.32252,0.29246,0.69495,0.6751,0.29254,0.66577,0.26102,0.27316,0.34961,0.57834,0.43902,0.92364,0.37076,0.43394,0.48643
0.46249
2,630,0,0,0,0,16,86,0,0,0,0,4,0,0,36,0,0,0,0,0,652,455,474,3,13,0,0,28,83,14,94,0,0,21,0,0,0,0,0,335,75,0,0,0,43,0,0
0,45,0,0,248,91,661,3,0,2,0,1,0,0,0,1,0,1,28,0,0,86,661,37,35,11,0,0,52,3,998,2,3,0,7,0,0,0,0,0,293,709,6,12,0,1,0,0
0,159,8,11,5,4,140,18,3,7,3,8,137,5,14,7,1,29,54,2,2,244,270,343,144,61,5,1,123,30,84,69,6,0,9,31,3,4,2,1,270,146,3,4,14,62,8,1
6,550,0,31,0,0,1,21,0,0,0,0,3,0,0,126,0,0,0,0,0,316,29,396,1,44,0,0,66,28,1,877,0,0,2,0,0,0,0,0,98,10,0,0,0,312,20,0
0,177,0,0,2,1,23,1,0,0,0,0,0,0,0,4,0,0,1,0,0,154,57,60,2,13,0,0,1,1,23,6,0,0,0,0,0,0,0,0,62,127,0,0,0,14,0,0
14,106,2,14,19,20,164,29,0,4,3,39,612,0,5,25,0,84,65,0,0,156,121,196,498,150,5,0,113,63,47,120,32,1,19,2,0,5,0,0,91,52,8,10,4,377,98,13
0,28,0,0,14,14,79,6,0,3,0,0,5,0,0,3,1,0,0,1,0,459,187,193,4,1,0,0,664,21,19,16,2,2,2,0,0,0,0,0,634,17,11,2,0,1,1,0
7,0,45,10,0,0,1,0,0,0,0,0,22,12,2,0,0,2,0,54,1,1,1,4,3,2,1,1,2,0,0,2,38,0,2,0,0,52,0,2,0,0,1,15,4,8,0,0
42,0,39,18,0,0,0,1,39,251,523,55,6,6,2911,3,11,187,4,570,2,0,0,0,74,6,183,8,0,3,0,1,0,15,1,564,5,14,1972,465,0,0,11,0,26,1,26,181
0,0,0,0,0,0,0,0,0,0,0,0,1,27,0,0,0,2,0,6,57,0,0,0,0,0,7,224,0,0,0,0,0,0,0,0,3,0,0,495,0,0,0,0,0,0,0,0
1,2,21,11,0,2,4,0,5,0,1,0,192,356,1,1,1,55,22,187,17,1,2,0,6,7,0,4,0,1,1,0,27,0,9,2,11,59,0,98,0,0,1,2,32,0,1,3
2,0,141,65,4,5,32,0,24,11,32,10,396,135,108,1,3,371,16,52,3,1,4,0,47,15,10,0,2,1,0,1,183,28,1,93,15,33,34,7,0,1,1,12,6,3,3,47
4,0,4,2,3,14,0,9,0,241,6,28,14,3,67,214,34,120,28,10,2,0,1,0,178,18,16,1,1,10,1,0,2,123,4,5,0,18,40,7,0,2,8,13,1,0,14,522
7,56,0,0,298,201,392,116,0,17,0,3,28,0,0,23,3,0,96,0,0,65,383,85,146,125,3,0,122,97,669,17,23,2,272,0,0,1,0,0,161,384,12,29,0,13,0,1
2,25,0,29,1,0,1,0,0,0,0,0,4,0,0,5,1,3,0,0,0,16,1,27,3,16,0,0,6,0,0,75,1,0,0,0,0,1,0,0,2,3,0,0,2,664,59,2
3,1,0,43,2,5,7,3,0,1,1,320,9,0,20,1,1,19,40,1,0,2,4,1,29,6,0,0,2,1,2,2,8,4,2,3,0,0,0,2,1,4,3,1,2,0,4,157
3,0,34,186,0,0,1,1,14,1,21,11,5,1,14,3,1,504,1,46,1,0,0,0,0,0,0,1,0,0,0,0,0,0,0,348,3,15,5,4,0,0,1,2,18,1,8,9
113,26,1,0,18,54,42,1020,0,60,1,11,16,0,1,1283,0,16,126,0,0,12,33,15,70,20,5,1,24,1553,55,10,54,2,725,0,0,0,0,1,11,13,4,9,3,4,16,0
2,1,0,0,482,479,175,4,0,66,0,0,0,0,0,0,30,0,87,0,0,9,40,1,7,9,0,0,202,1,75,5,30,24,8,0,0,0,0,0,42,13,82,408,0,0,0,0
0,0,2055,0,0,0,0,0,5,0,24,1,8,13,1,0,0,15,0,11,2,0,0,0,0,0,4,6,0,0,0,0,2,0,0,18,9,5,8,9,0,0,0,0,5,0,0,0
4,0,1,21,1,1,0,0,0,4,0,2,28,124,0,1,1,1,5,458,5,0,0,0,105,4,2,3,2,0,0,1,51,1,6,3,3,283,1,4,1,59,1,0,1,2,1,1
0,0,10,22,0,0,0,1,5784,0,59,6,2,0,140,1,1,19,3,8,0,0,0,0,1,0,0,0,0,0,0,0,0,1,0,128,1,17,18,1,0,0,0,0,3943,0,5,9
2,9,29,20,8,7,19,3,15,3,0,6,19,114,0,19,346,35,37,30,6,9,9,1,89,10,1,10,5,5,19,7,28,14,3,5,4,952,1,6,5,40,47,12,22,4,4,21
4,10,1,0,654,677,225,58,0,101,0,4,146,0,0,10,310,2,650,0,0,6,101,16,251,139,21,0,143,60,328,15,225,88,172,0,0,2,0,0,32,76,147,354,0,11,1,2
36,7,1,8,586,657,452,85,1,226,1,138,474,1,4,19,158,31,1264,0,1,19,167,17,868,170,76,1,286,132,406,11,512,160,142,5,0,2,9,2,63,100,253,601,6,15,14,58
21,0,0,0,261,295,24,6,0,635,0,3,5,0,0,1,1137,0,228,0,0,0,0,0,3,29,2,0,131,3,18,1,210,835,9,0,0,0,1,0,0,1,1661,1422,2,1,0,5
0,0,0,0,0,1,0,0,0,0,0,0,130,37,0,0,1,13,1,13,36,0,0,0,0,0,14,120,0,0,0,0,0,0,6,0,3,0,0,805,0,0,1,0,0,0,0,0
0,1,25,20,0,1,0,123,21,0,0,2,19,1156,2,2,0,11,0,829,61,0,0,0,4,2,0,20,3,0,2,1,527,1,4,30,20,1066,1,45,0,3,0,1,12,1,2,0
9,0,127,55,0,0,0,0,209,36,4322,43,7,21,412,2,3,52,2,854,12,0,0,0,13,0,41,22,0,0,0,0,0,1,0,3014,19,43,4434,221,0,0,4,0,64,0,9,79
24,101,1,696,5,21,21,6,0,268,11,20,174,0,3,81,80,89,16,1,0,134,23,125,38,555,1,0,481,8,1,220,9,20,5,0,0,2,0,0,62,13,124,9,2,1225,926,65
43,6,3,750,4,4,2,1,0,20,23,1073,11,0,148,6,2,216,18,1,0,1,0,2,27,27,1,0,8,2,0,4,14,597,1,1,0,3,0,5,0,2,3,6,33,8,32,703
15,7,13,349,12,11,3,5,0,281,42,2850,14,1,247,16,19,244,45,25,0,7,6,3,179,155,20,0,13,10,5,5,5,265,2,6,0,7,49,39,2,5,16,9,19,11,60,2240
4,0,1,0,1,1,0,0,0,18,2,656,0,0,20,2,6,10,10,18,0,0,0,0,6,52,0,0,2,1,0,1,1,43,1,0,0,1,27,11,0,0,9,8,14,2,12,394
3,210,0,4,2,3,20,6,0,0,0,1,11,0,0,5,0,6,5,0,0,109,55,237,44,474,0,0,18,12,14,277,4,0,5,0,0,0,0,0,66,122,1,0,0,394,27,1
0,8,0,0,0,1,0,3,0,0,0,0,1,0,0,1,0,0,0,0,0,11,7,18,2,4,0,0,180,3,0,420,0,0,2,0,0,0,0,0,10,3,2,0,0,6,2,0
4,0,486,7,4,1,9,0,3,0,1,0,93,137,0,0,0,10,1,73,6,3,1,2,1,1,0,10,1,0,1,0,199,0,4,2,1,923,0,3,4,2,1,7,7,4,0,0
1584,51,0,8,12,34,20,793,0,529,10,10,29,0,3,561,5,22,34,1,0,74,53,27,28,16,7,0,57,1056,23,41,300,12,693,2,0,1,2,0,56,18,12,26,0,5,28,7
0,0,79,2,0,0,0,0,1,0,0,0,3,33,0,0,0,3,0,0,3319,0,0,0,0,0,1066,288,0,0,0,0,0,0,0,4,2587,0,0,85,0,0,0,0,0,0,0,0
0,0,5,0,0,0,0,0,0,0,0,0,0,2,0,0,0,1,0,2,127,0,0,0,0,0,17,1937,0,0,0,0,0,0,0,0,4,1,0,141,0,0,0,0,0,0,0,0
0,1,51,6,2,1,2,0,11,0,0,0,203,1941,1,2,0,204,8,266,75,1,1,0,4,0,10,24,0,0,0,0,48,0,3,18,46,114,0,475,0,0,0,2,19,0,0,0
0,0,376,2,0,0,0,0,4,0,87,0,35,32,3,0,0,14,0,14,9,0,0,0,0,0,18,1,0,0,0,0,10,0,0,36,46,8,23,19,0,1,0,0,3,0,0,0
3,8,0,1,18,40,28,7,0,0,0,0,67,0,0,7,1,6,21,0,0,12,16,41,35,15,0,0,37,7,11,39,22,0,21,0,0,0,0,0,13,4,0,5,0,42,4,1
14,5,0,12,69,479,13,22,0,13,0,18,19,0,1,23,37,16,331,0,0,11,4,13,86,351,5,0,13,35,25,57,171,193,36,0,0,0,0,0,3,14,81,170,0,32,74,7
178,1,348,7,0,3,0,0,1,3,85,10,26,3,120,9,5,875,9,18,1,1,0,0,3,12,9,1,0,5,1,1,6,36,2,12,5,9,26,13,0,2,0,2,3,7,31,54
63,7,0,877,1,7,3,6,0,13,0,13,211,0,5,41,2,20,4,0,0,12,0,26,13,51,0,0,165,4,1,175,7,2,2,0,0,0,0,0,3,1,1,3,1,30,1143,10
0,0,0,0,23,21,1,41,0,1,0,2,15,3,1,10,533,0,52,0,0,0,2,0,2,33,1,0,2,6,7,1,4,118,276,0,0,1,4,1,1,6,356,83,0,0,1,8
0,0,50,0,0,0,0,0,2,0,2,0,19,20,0,0,2,33,3,2,712,0,0,0,2,0,1651,130,0,0,0,0,0,1,0,5,1043,2,2,83,0,0,0,0,1,0,0,2
0,0,1,0,0,0,0,0,0,0,0,1,1,0,0,0,2,1,0,0,10,0,0,0,0,0,14,82,0,0,0,0,0,0,0,0,1,0,1,34,0,0,0,0,0,0,0,2
