0.32305,0.22313,0.22634,0.24604,0.12246,0.18804,0.21819,0.21143,0.74792,0.12711,0.44315,0.39963,0.12688,0.31384,0.1958,0.17436,0.19076,0.11981,0.15327,0.25077,0.42095,0.15158,0.14131,0.30607,0.10642,0.24531,0.23543,0.36688,0.23263,0.37439,0.24943,0.20057,0.17154,0.17748,0.23721,0.1176,0.56727,0.21271,0.43405,0.20672,0.25268,0.11239,0.2134,0.37461,0.4133,0.31833,0.16667,0.14638
0.3204
1,599,4,1,252,71,20,30,0,2,0,0,0,0,0,5,0,4,15,1,3,45,821,89,15,6,0,0,19,40,50,117,0,2,21,0,1,22,0,0,783,7,0,0,0,1,17,0
0,205,6,1,253,427,41,24,0,1,0,2,0,1,0,1,6,0,21,0,1,7,693,8,7,8,0,2,37,12,766,4,1,3,39,0,0,0,0,0,1369,4,1,46,0,0,0,0
1,192,5,29,47,66,72,35,27,9,9,14,36,4,6,8,6,15,13,4,7,65,413,118,26,45,3,17,174,52,82,250,23,14,40,23,14,14,9,0,489,20,3,24,5,8,17,2
3,1007,1,4,459,80,1,3,0,21,0,0,2,0,0,5,4,3,8,0,1,33,368,90,0,27,0,0,9,13,8,474,0,10,13,0,0,5,0,3,162,2,5,4,0,3,107,0
0,124,1,1,44,30,5,1,0,0,0,0,0,0,0,3,0,1,8,0,0,11,125,8,0,9,0,0,1,7,53,4,0,1,9,0,0,0,0,0,277,0,0,0,0,2,4,0
13,198,24,123,65,56,131,35,2,50,2,57,229,7,1,15,14,63,20,3,8,95,185,260,53,229,0,6,251,118,57,352,22,49,158,14,1,43,2,8,164,32,3,51,0,24,73,20
0,100,1,1,132,98,48,23,0,7,0,1,0,0,0,0,2,1,9,1,0,18,469,115,15,1,0,0,436,20,107,84,2,0,1,0,0,3,0,2,667,0,1,23,0,0,2,0
0,1,2,29,2,0,16,3,7,2,13,0,28,53,1,2,1,9,3,13,4,2,0,1,1,0,2,8,2,1,0,2,6,0,2,13,4,12,5,23,1,3,0,13,1,3,0,1
11,2,1,20,1,3,0,5,181,115,653,92,18,4,204,9,13,15,4,3,4,3,1,0,0,327,845,11,4,9,0,2,27,22,0,59,12,2,5177,52,0,8,8,0,186,14,74,23
0,0,0,0,0,0,8,1,2,0,242,0,24,51,0,0,0,0,1,74,12,0,0,0,0,0,7,192,0,0,4,0,3,0,0,35,94,7,0,64,0,0,1,0,0,0,0,0
0,0,15,41,0,1,27,29,26,1,53,4,94,246,1,2,4,2,14,81,12,7,1,0,10,3,34,51,8,5,16,0,40,0,7,63,36,9,9,167,4,10,1,4,3,0,1,4
4,1,25,23,6,9,27,9,243,5,187,24,48,170,62,7,8,62,14,33,12,27,0,6,13,62,158,56,6,14,6,2,8,4,4,61,101,12,267,41,3,5,3,11,73,5,11,21
33,2,6,3,6,56,2,8,1,63,31,114,9,5,50,57,148,19,23,3,6,6,7,8,8,228,89,28,47,79,9,4,27,51,4,28,10,7,290,26,5,4,16,20,9,11,75,47
3,151,4,9,178,502,117,106,0,13,0,19,6,1,0,1,13,1,19,0,2,28,895,29,10,50,0,2,254,64,397,53,21,22,116,0,0,0,0,1,535,15,1,207,0,0,4,1
1,189,0,47,121,10,1,0,0,8,0,0,6,2,1,2,0,8,2,0,2,12,19,122,1,31,0,1,6,0,0,184,0,3,2,0,1,17,0,3,4,2,5,6,0,54,74,2
5,4,3,14,37,15,7,1,4,13,1,102,12,4,54,3,28,46,29,0,5,19,1,6,2,43,7,4,15,20,10,5,10,30,9,17,0,4,27,8,1,2,13,21,11,4,31,10
1,0,9,54,0,0,5,7,98,2,208,4,54,32,79,3,1,115,2,74,17,0,0,1,10,4,51,24,1,0,1,0,7,0,0,80,31,8,98,96,0,2,2,0,56,17,1,8
85,15,14,20,33,560,126,344,0,78,1,10,71,5,0,120,36,44,143,3,19,8,856,48,9,64,0,29,100,1149,204,183,123,69,445,1,0,2,0,0,107,3,3,96,1,1,136,64
0,20,0,0,374,663,27,2,0,16,0,1,0,0,0,0,20,0,4,0,1,2,122,5,0,1,0,0,159,17,100,12,7,10,4,0,0,0,0,1,41,0,6,667,0,0,0,0
0,0,2,0,0,0,1,0,654,0,587,0,2,7,15,0,0,1,0,8,105,0,0,0,2,0,48,168,0,0,0,0,1,0,0,1,507,0,5,3,0,0,0,0,84,0,0,0
1,1,3,55,1,1,35,62,0,31,2,2,87,74,1,23,2,6,0,182,8,9,0,16,33,17,20,13,27,12,0,14,78,0,12,18,10,16,28,178,4,37,2,19,0,14,35,3
2,0,4,5,17,0,1,0,8290,7,28,7,11,1,179,1,2,66,57,3,84,1,0,0,1,8,10,5,1,2,2,0,3,0,1,18,2,2,62,4,0,1,2,0,1280,3,3,4
5,41,49,7,52,20,35,34,95,11,18,17,2,64,61,14,193,63,97,42,100,19,8,6,56,18,17,161,19,17,166,6,18,15,49,32,97,54,14,34,16,21,60,54,22,11,19,31
3,47,5,14,297,1015,141,32,0,103,0,82,46,1,0,4,179,0,10,1,0,8,465,42,13,56,0,11,410,79,266,109,92,89,125,2,1,1,0,14,90,7,16,1148,1,1,15,1
16,51,45,58,194,739,391,62,3,263,4,277,245,21,4,31,361,21,87,1,8,31,508,86,52,150,1,92,931,242,297,154,300,292,290,56,14,8,5,20,122,30,33,1580,3,4,40,22
0,9,0,0,542,1471,8,0,0,207,0,13,3,0,1,0,442,0,5,0,0,1,92,2,0,7,0,3,312,15,35,93,78,192,6,4,0,3,2,17,1,2,123,3261,0,0,0,0
0,0,0,0,0,0,8,0,1,0,369,0,116,42,1,0,2,0,0,126,3,0,0,0,1,0,71,94,1,1,5,0,3,0,1,33,71,4,2,221,0,0,0,2,0,0,0,3
1,13,61,69,9,2,135,259,44,14,43,9,105,643,6,50,1,91,20,567,67,36,0,11,58,18,20,167,45,10,20,17,311,0,48,92,70,164,11,511,19,39,4,49,3,62,19,5
6,0,3,19,1,0,0,14,754,56,3874,46,53,16,306,0,1,44,6,16,17,0,0,1,5,150,1022,40,1,4,1,1,58,2,0,125,49,2,6315,73,1,5,5,1,989,27,15,6
7,658,5,278,291,61,18,17,1,151,0,21,46,12,13,26,16,78,14,4,9,139,97,655,31,583,10,5,204,49,6,921,10,66,20,4,5,156,18,37,70,8,30,31,0,191,582,12
80,21,6,114,68,40,3,5,5,124,4,457,46,43,181,55,75,199,40,3,14,32,13,11,1,481,65,2,49,35,7,32,27,303,9,39,3,9,487,87,5,3,30,57,54,22,283,82
55,27,4,74,98,66,9,15,10,189,33,1079,73,14,364,127,161,176,90,1,19,29,22,31,13,1163,151,27,159,102,19,26,118,383,11,96,13,10,1207,113,13,7,137,79,106,35,495,88
26,3,1,0,31,20,0,0,0,55,0,170,0,0,70,21,39,16,6,0,3,20,5,5,0,161,10,1,23,2,1,26,7,204,1,5,4,3,167,10,0,1,26,25,22,8,125,11
0,450,0,3,200,119,21,6,0,19,0,0,1,0,0,2,1,4,2,0,1,30,359,102,1,193,0,0,23,24,30,253,0,9,7,0,0,3,0,0,211,4,2,7,0,0,49,0
0,136,0,1,26,13,3,2,0,0,0,0,0,0,0,0,0,0,1,0,0,4,153,68,0,2,0,0,27,12,2,172,0,0,3,0,0,1,0,0,26,1,0,3,0,0,28,0
0,32,110,24,22,1,65,72,164,1,88,0,49,330,1,6,4,122,22,267,42,29,0,4,29,0,4,134,18,4,44,1,22,0,24,31,41,70,1,43,27,23,1,28,7,2,0,3
199,63,31,65,54,469,85,280,1,242,1,10,46,20,5,136,48,164,67,6,16,39,1138,54,15,143,3,13,102,770,118,321,139,35,348,6,4,6,16,4,161,8,1,129,2,7,565,95
0,0,0,0,0,0,8,0,169,0,586,0,38,2,5,0,0,0,0,113,631,0,0,0,10,0,500,343,0,0,4,0,15,0,0,9,4992,5,0,28,0,0,0,0,12,0,0,0
0,0,0,0,1,0,4,0,1,0,465,0,8,2,0,0,0,0,0,35,38,0,0,0,12,0,8,1276,0,0,37,0,15,0,0,20,297,1,0,16,0,0,1,0,0,0,0,0
1,3,32,20,1,0,94,81,99,12,201,0,151,880,2,3,5,6,13,494,39,11,0,0,20,0,40,271,10,2,22,0,95,0,5,139,396,20,1,333,11,11,0,8,4,1,0,2
0,0,1,0,0,0,1,2,122,0,248,0,7,16,10,0,1,1,0,12,9,0,0,0,1,0,87,17,0,0,1,0,0,0,0,3,121,2,25,7,0,0,0,0,47,0,0,0
1,26,0,6,24,42,25,4,0,15,0,9,7,0,1,3,12,2,1,0,1,11,44,33,1,9,0,0,52,13,14,84,6,13,15,0,1,1,0,1,16,0,0,32,0,0,7,0
6,22,1,2,147,751,11,4,0,28,0,25,6,0,0,2,127,9,26,0,0,11,95,14,0,136,0,9,33,32,74,62,33,174,12,2,1,0,1,5,8,1,6,517,0,0,58,2
21,5,1,3,6,5,1,1,48,9,371,9,4,5,115,17,20,135,2,4,14,4,0,8,1,129,383,32,0,16,4,3,3,6,2,7,72,9,250,5,2,1,3,3,107,7,53,37
22,95,0,404,234,18,3,8,0,91,1,18,71,11,50,14,15,48,10,0,9,65,37,71,2,176,11,5,13,6,4,556,5,29,3,11,3,44,20,112,3,17,32,15,5,58,469,29
3,0,0,1,100,323,3,0,0,32,2,4,4,10,5,2,304,1,5,0,0,0,41,4,0,2,7,14,11,0,19,9,37,56,10,22,4,3,5,45,0,1,52,464,0,0,4,7
0,0,1,0,0,0,2,1,32,3,360,0,66,4,4,0,2,0,0,82,144,0,0,2,7,1,1139,106,1,0,1,0,10,0,0,10,1697,7,22,53,0,0,3,0,4,0,1,2
0,0,0,0,0,0,0,0,0,0,57,1,1,1,0,0,0,0,0,1,2,0,0,0,0,0,15,38,1,0,2,0,2,0,0,3,20,0,1,3,0,0,1,0,0,0,0,1
