0.63886,0.31969,0.30083,0.36566,0.2017,0.21431,0.25736,0.37141,0.94128,0.18668,0.68432,0.54874,0.23465,0.47944,0.4558,0.44641,0.39815,0.18419,0.37716,0.29412,0.68119,0.22314,0.23481,0.14992,0.23527,0.2237,0.44273,0.43213,0.23592,0.49954,0.47628,0.29553,0.21527,0.36642,0.29899,0.6533,0.69442,0.3126,0.55223,0.25685,0.21005,0.25851,0.42901,0.37369,0.86423,0.39308,0.44053,0.29444
0.42999
0,618,0,1,1,0,17,166,0,0,0,0,1,0,0,12,0,0,1,0,0,594,468,230,5,8,0,0,21,80,12,138,0,0,30,0,0,1,0,0,530,109,0,0,0,21,0,0
0,29,0,0,421,137,272,9,0,1,0,1,2,0,0,2,0,1,44,0,0,116,657,13,19,8,0,0,58,2,1255,2,1,1,7,0,0,0,0,0,379,524,3,33,0,0,0,0
3,134,12,4,7,7,143,13,8,7,6,21,40,2,21,3,8,49,41,2,2,309,232,274,158,37,0,1,128,26,72,162,5,5,24,52,2,1,1,1,293,180,1,3,11,42,2,0
12,773,0,60,0,0,0,25,0,0,0,0,0,0,0,44,0,3,2,0,0,265,45,322,1,32,0,0,30,33,0,925,0,0,12,0,0,2,0,0,141,13,0,0,0,156,42,0
0,95,0,0,4,2,30,5,0,0,0,0,0,0,0,2,0,0,9,0,0,128,88,27,0,12,0,0,1,1,26,7,0,0,0,0,0,0,0,0,130,152,0,0,0,8,2,0
16,91,0,23,15,22,234,29,0,21,2,29,419,0,9,27,1,173,109,0,0,165,96,317,468,122,6,0,101,49,41,206,19,3,32,4,0,3,0,1,59,88,7,11,6,286,72,4
2,27,0,0,17,11,92,11,0,1,0,0,1,0,0,1,0,1,9,0,0,436,154,207,3,0,0,0,771,14,31,31,4,1,1,0,0,0,0,0,531,27,3,3,0,0,0,0
7,0,67,15,0,0,2,0,2,1,0,0,31,16,1,1,1,1,0,15,1,4,1,8,0,0,1,2,1,0,1,1,35,0,1,0,0,59,0,4,1,0,1,8,0,5,0,1
40,0,6,28,0,0,0,1,40,217,340,47,7,4,1748,6,9,78,1,405,5,0,0,0,24,30,368,36,0,3,0,1,1,8,1,512,9,10,3542,379,0,0,11,0,44,1,24,238
0,0,0,0,0,0,0,0,0,0,0,0,1,44,0,0,0,0,0,26,110,0,0,0,0,0,5,233,0,0,0,0,0,0,0,0,6,0,0,397,0,0,0,0,0,0,0,0
0,1,101,6,0,2,7,0,10,0,1,0,219,345,2,0,4,9,12,181,14,0,6,0,8,3,2,10,0,2,2,1,14,0,3,7,9,27,0,120,1,0,0,3,8,0,2,4
1,1,426,48,2,8,18,0,22,8,76,11,211,237,143,1,7,208,9,39,5,5,0,0,45,21,79,2,2,0,13,1,23,4,0,58,18,16,55,15,1,1,14,6,5,3,2,89
0,1,0,2,1,27,0,2,0,201,13,35,12,1,31,220,28,90,30,11,0,0,3,0,32,176,63,2,3,24,1,0,6,28,2,8,0,14,57,11,0,0,21,15,0,0,11,606
11,60,0,0,372,255,267,138,0,14,0,2,13,0,0,13,8,0,133,0,0,122,454,54,147,98,0,0,163,72,603,46,19,6,263,0,0,0,0,0,121,293,4,87,0,11,1,0
1,34,0,51,0,0,1,0,1,1,0,0,2,0,0,5,0,7,0,0,0,10,0,78,3,16,0,0,3,0,0,85,2,0,0,0,0,1,0,0,5,4,0,0,2,585,52,0
2,0,0,35,4,2,8,2,0,7,1,269,4,0,43,1,4,33,57,0,0,0,1,3,23,12,0,1,2,0,2,3,5,13,2,3,0,1,1,1,2,4,53,0,2,0,1,110
3,0,19,56,0,0,1,1,17,0,44,8,3,1,33,1,1,494,2,39,2,0,0,1,1,0,1,10,0,0,0,0,0,1,1,455,3,12,7,9,1,0,2,0,20,1,3,10
204,12,2,2,17,54,38,917,0,83,0,5,14,0,3,983,5,20,260,0,0,21,53,13,52,19,1,0,25,1634,52,21,74,2,769,1,0,0,1,0,17,6,3,15,7,3,19,1
1,1,0,0,469,498,126,5,0,64,0,0,0,0,0,0,41,0,67,0,0,8,27,2,4,8,0,0,303,1,49,9,31,30,8,0,0,0,0,0,10,8,48,464,0,0,0,0
0,0,148,0,0,0,0,0,7,0,628,1,1,15,3,0,0,5,0,15,4,0,0,0,0,0,20,1283,0,0,0,0,0,0,0,12,27,12,8,6,0,0,0,0,6,0,0,0
3,1,56,30,1,1,2,0,0,6,0,1,31,47,0,2,5,2,1,319,5,0,1,4,186,3,0,1,0,0,0,0,75,2,1,5,3,201,2,83,0,93,0,2,0,14,0,3
1,0,10,18,0,0,0,0,6124,1,41,2,4,1,165,0,3,18,0,5,0,0,0,0,1,0,0,4,1,0,0,0,0,0,0,94,1,15,22,0,0,0,0,0,3641,2,2,4
5,5,291,5,12,8,9,3,9,8,0,4,10,105,0,9,351,29,36,20,7,4,8,4,230,7,2,12,8,4,26,4,24,7,5,12,5,553,1,16,7,35,98,10,19,4,4,25
6,12,0,0,571,758,314,64,0,110,0,6,160,0,0,13,382,2,394,0,0,15,117,31,164,115,2,0,197,35,176,55,218,110,262,0,1,0,0,0,26,97,173,445,0,10,0,1
39,1,2,4,459,712,629,66,0,245,1,172,661,1,12,28,253,64,1136,0,3,32,147,30,567,123,32,2,404,87,173,66,522,237,239,22,1,2,9,1,15,153,191,649,8,11,10,24
28,0,0,0,320,419,44,6,0,546,0,6,7,0,1,2,1294,0,99,0,0,1,4,0,2,10,0,0,227,3,3,3,298,908,18,0,0,0,1,0,0,5,1408,1284,2,1,0,0
0,0,0,0,0,0,0,0,0,0,0,0,100,52,0,0,2,2,0,39,68,0,0,0,0,0,25,126,0,0,0,0,0,0,3,1,2,2,0,759,0,0,0,0,0,0,0,0
0,0,469,16,0,0,2,94,22,0,2,2,16,807,1,0,0,5,2,520,62,0,0,0,24,1,0,16,0,0,1,1,564,1,1,32,26,759,0,461,0,21,0,0,1,87,0,2
9,0,19,13,0,0,0,0,221,25,4045,32,10,7,328,0,3,19,0,890,14,0,0,0,10,6,407,70,0,0,0,0,0,2,0,2574,21,27,4779,138,0,0,7,0,364,1,6,83
16,182,0,542,8,19,18,8,0,267,12,12,241,0,4,158,23,148,28,0,0,150,4,373,23,604,5,0,445,7,3,292,4,18,3,2,0,6,2,0,42,26,52,10,2,1057,812,38
110,6,0,461,6,5,3,0,0,57,16,894,21,0,258,7,5,305,18,3,0,2,0,0,24,76,6,2,3,1,2,5,14,355,1,2,0,4,14,1,1,1,77,5,13,7,27,993
12,6,0,314,5,15,5,4,0,413,24,2623,9,0,655,17,16,286,73,12,0,5,4,5,48,436,78,13,10,8,9,8,7,298,4,5,0,4,59,8,1,4,608,9,18,15,56,1128
6,0,0,1,1,0,0,0,0,76,3,556,0,0,48,5,4,10,13,6,0,0,0,0,6,48,0,0,1,0,0,1,0,94,0,0,0,0,27,10,0,2,58,6,14,1,16,321
2,238,0,5,4,4,40,7,0,0,1,0,0,0,0,4,0,9,29,0,0,119,74,278,31,388,0,0,9,5,27,303,2,0,11,0,0,0,0,0,112,133,0,0,0,263,38,0
0,10,0,2,0,1,1,4,0,0,0,0,1,0,0,0,0,0,2,0,0,9,14,41,2,4,0,0,139,3,1,391,0,0,3,0,0,0,0,0,11,4,0,0,0,4,37,0
1,2,944,3,2,2,5,1,5,0,3,1,66,136,0,0,0,1,0,34,9,5,1,0,1,0,1,11,1,0,3,1,123,0,0,3,2,611,0,15,5,1,3,4,2,4,0,0
1440,44,0,12,17,36,29,796,0,555,6,7,16,0,6,543,5,30,60,1,0,90,113,16,6,18,8,0,74,1135,18,54,315,11,587,0,0,0,4,0,66,18,9,24,2,7,56,16
0,0,4,0,0,0,0,0,0,0,5,0,3,44,0,0,0,3,0,10,3299,0,0,0,0,0,520,177,0,0,0,0,0,0,0,5,3370,0,0,30,0,0,0,0,0,0,0,0
0,0,1,0,0,0,0,0,0,0,0,0,0,3,0,0,0,2,0,1,332,0,0,0,0,0,9,1837,0,0,0,0,0,0,0,1,6,0,0,45,0,0,0,0,0,0,0,0
0,0,468,3,1,0,1,0,11,0,2,0,178,1784,0,1,5,52,2,385,72,5,0,0,1,0,6,47,0,0,1,0,30,0,1,28,52,42,0,345,1,1,0,4,10,0,0,0
0,0,52,0,0,0,0,0,5,0,341,0,18,44,2,0,0,4,0,13,13,0,0,0,0,0,28,85,0,0,0,0,0,0,0,12,85,9,18,9,0,0,0,0,2,0,0,1
7,11,0,4,12,38,38,5,0,6,1,0,34,0,0,3,1,6,23,0,0,15,12,60,27,12,0,0,38,4,12,58,24,2,21,0,0,0,0,0,11,3,0,11,0,28,4,1
29,10,0,11,65,466,39,17,0,12,1,13,23,0,2,47,100,39,275,0,0,10,11,35,46,197,0,0,7,25,18,50,145,246,70,0,0,0,0,0,4,8,92,239,0,26,72,3
183,0,38,14,0,3,0,0,1,1,287,8,23,4,306,10,5,444,8,15,6,2,0,0,2,9,247,87,0,3,1,3,3,5,3,12,8,24,41,2,1,1,3,2,3,5,23,97
50,13,1,1033,1,1,4,7,0,16,0,10,163,0,9,17,1,24,7,0,0,15,0,62,12,30,0,0,89,5,1,196,8,5,1,0,0,0,0,0,2,0,2,2,1,19,1100,16
4,0,0,3,16,24,5,63,0,3,0,1,31,0,0,14,673,0,19,0,0,0,3,0,1,11,3,0,3,5,0,0,5,75,182,1,0,3,2,34,1,12,330,82,0,1,1,5
0,0,2,0,0,0,0,0,1,0,9,0,7,21,1,0,1,5,1,17,791,0,0,0,3,0,1546,109,0,0,0,0,0,0,0,16,1195,7,0,29,0,0,0,0,0,0,0,6
0,0,0,0,0,0,0,0,0,0,0,1,3,0,0,0,1,1,0,3,19,0,0,0,0,0,21,72,0,0,0,0,0,0,0,1,1,0,1,25,0,0,0,0,0,0,0,1
