0.60457,0.32771,0.33367,0.38766,0.20113,0.20911,0.26781,0.35593,0.9573,0.22181,0.6676,0.52542,0.24134,0.48216,0.40774,0.40879,0.36905,0.2037,0.32663,0.22209,0.67419,0.21721,0.23046,0.20008,0.19278,0.21271,0.43382,0.43949,0.23469,0.50486,0.45836,0.27579,0.24271,0.33825,0.31777,0.59793,0.70458,0.31444,0.53191,0.21923,0.20479,0.19244,0.39648,0.38041,0.78875,0.4112,0.43798,0.26139
0.42032
1,577,0,1,1,0,34,170,0,0,0,0,1,0,0,16,0,0,10,0,0,578,468,208,4,8,0,0,22,82,11,171,0,0,24,0,0,1,0,0,564,99,0,0,0,13,0,0
0,27,0,0,434,141,226,10,0,1,0,1,1,0,0,2,2,1,49,0,0,104,687,13,21,8,0,0,74,4,1310,2,1,0,6,0,0,0,0,0,502,341,1,28,0,0,0,0
1,134,14,4,8,8,135,18,9,8,8,14,57,4,14,4,12,49,47,6,1,315,238,226,157,45,0,1,136,22,72,164,5,6,19,53,3,1,2,1,306,180,1,1,5,39,1,1
16,836,0,65,3,0,2,29,0,0,0,0,0,0,0,43,0,2,2,0,0,259,47,313,1,33,0,0,21,26,0,941,0,0,14,0,0,1,0,0,130,15,0,0,0,93,46,0
0,87,0,0,4,2,36,6,0,0,0,0,0,0,0,2,0,0,21,0,0,119,94,23,0,13,0,0,1,1,26,7,0,0,0,0,0,0,0,0,162,119,0,0,0,5,1,0
13,94,1,31,14,21,230,29,0,26,2,45,468,0,8,24,1,174,110,0,0,198,102,303,375,126,5,1,105,49,42,240,20,3,27,5,0,2,1,1,57,113,9,16,4,242,46,3
1,23,0,0,18,10,108,10,0,1,0,0,0,0,0,2,0,0,16,0,0,395,161,210,6,0,0,0,816,14,42,33,1,0,3,0,0,0,0,0,493,21,3,3,0,0,0,0
4,0,67,14,1,0,2,1,0,1,0,0,30,18,1,2,1,0,0,23,0,3,2,7,0,0,1,0,1,4,1,2,30,0,1,0,0,48,0,4,0,0,0,10,1,14,0,1
41,0,2,27,0,0,0,1,34,133,389,56,9,3,1527,5,9,53,2,172,6,0,0,1,38,52,409,38,0,1,0,1,0,14,1,418,7,3,3818,559,0,0,18,0,69,0,26,282
0,0,1,0,0,0,0,0,0,0,0,0,0,47,0,0,0,0,0,32,117,0,0,0,0,0,4,314,0,0,0,0,0,0,0,0,7,0,0,300,0,0,0,0,0,0,0,0
0,1,91,7,1,2,8,2,8,0,0,0,188,320,2,0,13,5,11,203,15,0,5,0,11,4,2,9,0,0,0,2,13,0,4,6,10,22,0,157,1,10,0,2,6,0,0,5
0,0,385,37,2,8,27,0,19,12,86,11,185,230,131,1,8,173,10,53,3,4,0,1,43,25,91,2,1,0,14,0,11,7,0,125,16,12,63,14,0,3,12,4,5,3,3,119
3,0,0,5,1,33,0,1,0,213,2,25,13,1,27,217,33,65,47,10,2,0,4,0,23,174,62,1,5,19,0,0,2,22,2,27,0,7,55,9,0,1,29,10,0,2,8,628
10,56,0,0,347,241,265,149,0,13,0,2,16,1,0,13,10,0,129,0,0,123,532,42,128,102,0,0,172,60,621,48,11,3,251,0,0,0,0,0,153,259,4,79,0,9,1,0
1,48,0,41,0,0,3,0,1,2,0,0,3,0,0,5,0,6,1,0,0,15,1,101,2,17,0,0,1,0,0,117,1,1,0,0,0,2,0,0,4,4,0,0,1,523,47,1
0,0,0,33,4,3,9,2,0,9,0,279,3,0,58,2,4,39,52,0,0,0,0,3,22,10,0,1,2,0,2,2,5,14,2,4,0,1,1,1,2,4,65,0,1,1,2,75
6,0,9,41,0,0,1,1,17,0,56,8,5,0,39,0,1,496,3,15,3,0,0,1,0,0,1,10,0,0,0,0,1,1,0,465,3,12,6,26,0,0,1,0,21,1,4,9
253,8,1,3,14,55,49,877,0,88,0,6,17,0,4,874,10,14,284,0,1,24,46,17,39,17,1,0,23,1662,49,20,96,2,803,1,0,0,0,0,21,8,2,19,5,2,12,1
1,1,0,0,477,515,115,2,0,55,0,1,0,0,0,0,55,0,55,0,0,6,31,3,3,7,0,0,320,1,60,7,23,19,8,0,0,0,0,0,7,5,50,455,0,0,0,0
0,0,115,0,0,0,0,0,7,0,803,1,1,11,4,0,0,5,0,29,9,0,0,0,0,0,17,1137,0,0,0,0,0,0,0,16,25,4,5,7,0,0,0,0,5,0,0,0
1,0,32,16,2,0,1,0,0,11,0,1,24,32,1,1,5,2,2,354,5,0,2,6,220,4,1,2,0,1,0,0,93,1,0,3,2,146,1,89,0,102,0,1,0,25,1,2
2,0,10,12,0,0,0,1,6390,1,38,2,10,1,184,0,4,17,2,4,0,0,0,0,4,0,0,4,0,0,0,0,0,0,0,85,1,16,18,3,0,0,0,0,3364,2,3,2
8,9,279,3,13,9,11,3,8,8,0,5,9,125,0,7,342,28,46,19,5,5,7,4,274,5,3,14,8,3,28,2,18,8,5,19,4,462,1,18,5,15,154,7,19,5,3,27
10,15,0,1,605,790,335,69,0,103,0,15,167,0,0,11,423,1,257,0,0,18,135,29,127,110,0,0,231,26,239,54,157,95,242,0,1,0,0,0,27,94,143,501,0,9,1,1
30,8,1,5,489,778,669,64,0,256,2,252,655,2,15,21,302,62,844,0,3,29,165,34,422,119,25,6,453,74,227,71,513,261,277,20,1,3,8,0,19,163,189,658,6,8,14,22
21,0,0,0,406,535,38,8,0,435,0,7,6,0,1,1,1240,0,44,0,0,1,7,0,2,7,0,1,293,5,3,3,261,871,18,0,0,0,1,0,0,6,1352,1371,2,1,2,1
0,0,1,0,0,0,0,0,0,0,0,0,41,50,0,0,3,0,0,49,79,0,0,0,1,0,23,158,0,0,0,0,0,0,4,2,2,2,0,766,0,0,0,0,0,0,0,0
1,0,414,13,0,0,1,98,15,1,5,2,16,808,0,1,0,4,1,567,59,0,0,1,67,1,0,21,0,0,0,1,616,1,1,31,18,649,0,455,0,30,0,0,2,116,0,2
4,0,11,14,0,0,0,0,143,25,4276,35,10,5,285,0,3,22,1,433,18,0,0,0,11,18,513,61,0,0,0,0,0,2,0,2076,22,17,4800,542,0,1,9,0,679,1,8,85
12,223,0,430,7,19,16,5,1,160,10,9,226,0,6,164,13,132,28,0,0,170,7,526,26,599,1,0,469,8,4,437,5,21,2,1,0,5,4,0,35,22,53,10,2,991,763,44
121,6,0,465,5,5,2,0,0,67,10,879,26,0,264,15,4,304,15,1,0,2,0,0,20,96,8,2,1,1,3,8,15,339,1,1,0,6,37,2,1,2,97,4,14,7,33,922
10,6,0,304,7,16,5,2,1,366,23,2460,14,0,687,46,19,285,93,4,0,4,5,5,39,527,81,19,11,9,9,5,2,357,2,7,0,5,97,10,4,4,729,9,21,19,68,941
6,0,0,0,0,0,0,0,0,63,2,510,0,0,95,9,7,7,16,1,0,0,0,0,6,48,0,1,2,0,0,3,0,147,0,0,0,0,37,12,0,0,79,2,11,0,34,236
2,303,0,4,5,3,43,7,0,1,0,0,1,0,0,5,0,9,36,0,0,112,77,268,19,409,0,0,6,9,30,318,0,1,7,0,0,0,0,0,129,108,0,0,0,188,36,0
1,22,0,1,0,1,2,4,0,0,0,0,1,0,0,0,0,0,5,0,0,12,14,58,0,5,0,0,121,4,1,379,0,0,3,0,0,0,0,0,9,3,0,0,0,4,34,0
0,2,990,3,3,2,7,2,2,1,4,1,51,129,0,1,0,2,0,66,4,5,1,0,3,0,1,9,2,1,4,2,99,0,1,4,1,566,0,16,3,1,2,8,2,11,0,0
1324,28,0,12,13,47,30,805,0,600,5,8,11,0,5,564,5,26,73,2,0,101,115,19,9,17,7,0,67,1164,21,60,314,9,528,0,0,0,4,0,103,15,9,30,1,5,77,17
0,0,2,0,0,0,0,0,0,0,9,0,3,36,0,0,0,1,0,27,3228,0,0,0,0,0,411,185,0,0,0,0,0,0,0,9,3537,0,0,22,0,0,0,0,0,0,0,0
0,0,0,0,0,0,0,0,0,0,0,0,0,3,0,0,0,2,0,3,324,0,0,0,0,0,6,1863,0,0,0,0,0,0,0,2,11,0,0,23,0,0,0,0,0,0,0,0
0,0,458,2,1,0,3,0,12,1,3,0,159,1757,0,1,6,31,0,398,77,6,0,1,1,0,8,66,0,0,0,0,57,1,1,32,54,35,0,353,1,2,0,3,9,0,0,0
0,0,54,0,0,0,0,0,5,0,359,0,9,40,4,0,0,3,1,22,13,0,0,0,0,0,37,59,0,0,0,0,0,0,0,14,77,7,19,12,0,0,0,0,5,0,0,1
7,11,0,4,14,39,38,9,0,8,0,2,37,0,0,3,3,6,15,0,0,20,11,60,20,11,0,0,42,4,15,59,16,2,25,0,0,0,0,0,7,3,0,14,0,19,7,1
35,14,0,13,82,456,39,17,0,14,1,29,23,0,2,34,124,31,231,0,0,16,14,37,30,156,1,0,8,24,21,55,134,271,67,0,0,0,0,0,5,5,79,278,0,21,82,4
184,0,27,13,0,3,0,0,2,2,298,5,19,3,370,11,5,349,9,25,7,2,0,1,5,13,230,64,0,3,1,2,2,6,3,18,10,20,44,3,1,1,3,2,4,6,27,140
54,11,1,1030,1,2,3,6,0,15,0,9,169,0,9,21,0,25,5,0,0,15,0,107,7,23,0,0,60,8,2,196,8,6,2,0,0,0,0,0,2,0,1,2,1,25,1084,13
6,1,0,3,26,34,4,56,0,5,0,1,17,0,0,10,691,0,8,2,0,0,3,1,0,7,2,0,3,3,0,0,8,84,173,1,0,2,2,50,1,13,316,77,0,0,1,5
0,0,1,0,0,0,1,0,1,0,13,0,12,18,2,0,0,3,3,31,792,0,0,0,3,0,1511,108,0,0,0,0,0,0,0,26,1207,7,0,20,0,0,0,0,0,0,0,8
0,0,0,0,0,0,0,0,0,0,1,1,1,0,0,0,2,1,0,2,17,0,0,0,0,0,21,82,0,0,0,0,0,0,0,1,1,0,0,19,0,0,0,0,0,0,0,1
