0.71314,0.28989,0.52132,0.26802,0.23806,0.22085,0.25489,0.41663,0.94312,0.24635,0.81222,0.53067,0.19442,0.46728,0.69151,0.50313,0.41217,0.26867,0.385,0.24149,0.74075,0.25522,0.25298,0.21118,0.28225,0.19737,0.5073,0.66225,0.21726,0.48326,0.34059,0.34492,0.18662,0.31761,0.29433,0.69653,0.67213,0.29232,0.67617,0.26489,0.28009,0.35655,0.57895,0.43629,0.9258,0.36439,0.42301,0.49667
0.46364
3,634,0,0,0,0,16,74,0,0,0,0,3,0,0,35,0,0,0,0,0,660,451,491,5,14,0,0,27,84,14,93,0,0,22,0,0,0,0,0,317,74,0,0,0,47,0,0
0,43,0,0,240,91,664,3,0,3,0,1,0,0,0,1,0,1,25,0,0,84,680,44,35,13,0,0,45,2,986,2,2,0,7,0,0,0,0,0,278,727,7,12,0,1,0,0
0,149,11,11,4,5,138,17,3,5,4,8,139,4,17,8,1,26,55,1,2,242,264,350,141,71,6,1,122,29,84,63,7,0,10,30,3,5,1,1,266,156,3,3,11,71,6,1
6,539,0,24,0,0,1,21,0,0,0,0,2,0,0,131,0,0,0,0,0,329,29,387,1,47,0,0,68,28,1,873,0,0,3,0,0,0,0,0,91,7,0,0,0,332,18,0
0,168,0,0,2,1,25,1,0,0,0,0,0,0,0,3,0,0,1,0,0,155,54,69,2,15,0,0,1,1,28,6,0,0,0,0,0,0,0,0,58,125,0,0,0,14,0,0
16,116,2,13,17,19,164,32,0,6,3,37,627,0,6,26,0,78,61,0,0,141,119,178,491,178,8,0,115,58,53,112,33,1,22,2,0,3,0,0,89,54,6,8,4,378,96,14
0,30,0,0,12,16,81,6,0,3,0,0,4,0,0,3,1,0,0,1,0,458,181,218,4,0,0,0,637,21,18,15,2,2,3,0,0,0,0,0,640,18,12,2,0,1,1,0
7,0,45,10,0,0,2,0,0,1,0,0,25,14,2,0,0,1,2,57,1,0,1,4,2,2,1,1,3,0,0,3,34,0,1,0,0,54,0,0,0,0,0,14,3,5,0,0
41,0,36,21,0,0,0,1,41,249,524,59,7,5,2988,3,11,194,4,595,1,0,0,0,66,6,166,9,0,3,0,0,0,14,1,568,6,19,1889,458,0,0,12,0,25,1,26,175
0,0,0,0,0,0,0,0,0,0,0,0,0,28,0,0,0,2,0,6,56,0,0,0,0,0,9,218,0,0,0,0,0,0,0,0,3,0,0,500,0,0,0,0,0,0,0,0
0,2,21,11,0,2,4,0,7,0,1,0,196,338,1,1,2,52,19,188,17,1,4,0,6,6,1,5,0,2,0,0,44,0,11,2,10,61,1,96,0,0,2,2,28,0,1,1
4,0,150,63,3,3,37,1,24,12,41,12,390,100,98,1,4,370,18,58,4,0,5,0,51,14,11,0,2,0,0,1,206,28,1,88,15,29,35,6,2,1,1,14,4,3,4,45
5,1,1,5,4,11,0,10,0,231,11,31,9,3,70,215,34,126,24,10,2,0,1,0,182,29,20,2,1,12,4,0,2,136,5,7,0,22,31,6,0,1,8,12,1,0,15,488
6,48,0,0,291,191,397,115,0,17,0,2,27,0,0,24,3,0,89,0,0,66,386,85,148,124,4,0,125,94,688,14,23,2,267,0,0,1,0,0,153,402,13,29,0,15,1,0
2,25,0,29,1,0,1,0,0,0,0,0,5,0,0,5,1,2,0,0,0,16,1,21,3,16,0,0,7,0,0,72,1,0,0,0,0,1,0,0,3,2,0,0,3,671,59,2
3,1,0,43,2,5,7,3,0,1,3,321,8,0,18,0,1,21,40,1,0,1,3,1,31,5,0,0,1,2,2,1,8,4,2,2,0,0,0,2,1,4,2,1,3,0,3,160
3,0,40,198,0,1,0,1,14,1,22,11,5,2,14,3,1,497,2,47,2,0,0,0,0,0,0,1,0,0,0,0,0,0,0,331,2,12,7,5,0,1,1,1,17,1,9,11
117,31,2,0,18,55,43,1032,0,49,1,10,19,0,1,1286,1,17,109,0,0,8,35,13,64,26,5,1,23,1544,56,9,57,2,732,0,0,0,0,1,9,12,6,9,3,6,16,0
2,1,0,0,474,487,179,5,0,71,0,0,0,0,0,0,29,0,79,0,0,8,39,1,5,7,0,0,196,1,84,4,28,23,8,0,0,0,0,0,45,14,82,410,0,0,0,0
0,0,2054,1,0,0,0,0,6,0,26,1,10,12,0,0,0,14,0,12,3,0,0,0,0,0,4,7,0,0,0,0,3,0,0,14,9,5,8,8,0,0,0,0,4,0,0,0
3,0,2,21,1,0,0,0,0,6,0,2,28,124,0,1,0,1,5,473,6,0,1,0,113,5,1,1,2,1,0,1,53,1,6,3,2,277,1,4,1,40,1,0,2,2,0,1
0,0,8,22,0,0,0,1,5770,0,78,4,2,0,139,1,1,19,3,7,1,0,0,0,1,0,0,0,0,0,0,0,0,1,0,122,0,15,16,1,0,0,0,0,3955,0,4,9
2,6,28,22,10,6,22,3,12,2,0,8,21,131,0,17,349,31,42,28,6,7,12,1,91,15,2,10,4,4,19,6,24,17,2,3,4,937,1,5,5,33,49,11,27,4,3,18
6,7,0,0,648,697,225,51,0,93,0,4,143,0,0,11,313,2,621,0,0,5,95,18,251,143,23,0,142,53,345,14,237,96,171,0,1,1,0,0,40,77,142,348,0,14,1,4
34,7,2,7,579,665,455,90,1,216,3,134,460,0,2,19,163,29,1242,0,0,15,176,19,862,183,87,1,286,136,410,12,519,168,137,3,0,3,9,2,65,101,253,597,7,14,11,61
21,0,0,0,265,277,22,5,0,691,0,3,4,0,0,1,1131,0,249,0,0,0,0,0,3,30,3,0,143,3,18,1,205,808,10,0,0,0,1,0,0,1,1650,1397,2,1,0,5
0,0,0,0,0,1,0,0,0,0,0,0,120,40,0,0,1,14,1,10,38,0,0,0,0,0,13,119,0,0,0,0,0,0,6,0,3,0,0,814,0,0,1,0,0,0,0,0
1,0,27,18,0,1,0,117,19,0,0,3,20,1156,3,2,0,9,3,826,68,0,0,0,4,1,0,18,3,0,2,1,530,1,3,32,18,1069,1,48,0,2,0,1,9,0,2,0
10,0,121,58,0,0,0,0,208,38,4308,41,9,23,431,2,1,51,2,873,11,0,0,0,14,1,57,25,0,0,0,0,0,1,0,2954,21,43,4458,226,0,0,5,0,60,0,7,71
32,95,1,686,6,22,24,4,0,262,11,19,180,0,3,48,86,85,12,3,0,141,20,113,38,516,1,0,478,9,2,230,9,18,4,0,0,3,0,0,67,12,126,11,2,1236,995,56
43,4,3,739,5,4,1,1,0,18,26,1118,18,0,140,6,3,219,16,1,0,1,0,3,31,27,1,0,3,4,2,6,14,554,1,2,0,3,0,5,2,1,3,6,34,7,32,704
13,7,9,344,10,8,4,7,0,260,51,2881,17,1,243,13,15,236,43,23,0,6,4,2,175,94,19,0,14,12,6,9,5,260,2,3,0,7,51,49,2,4,12,11,20,14,58,2313
3,0,0,0,1,1,0,0,0,20,2,662,0,0,19,2,6,9,7,19,0,0,0,0,5,17,0,0,2,1,0,0,1,39,1,0,0,1,27,12,0,0,9,6,14,2,14,432
3,191,0,3,2,3,18,7,0,0,0,1,8,0,0,5,0,6,5,0,0,115,48,206,46,526,0,0,18,11,11,271,4,0,6,0,0,0,0,0,56,127,1,0,0,410,27,1
0,7,0,0,0,2,0,3,0,0,0,0,2,0,0,1,0,0,0,0,0,12,7,17,2,5,0,0,184,3,0,413,0,0,2,0,0,0,0,0,13,1,2,0,0,6,2,0
3,1,477,7,5,1,10,0,2,0,1,0,107,131,0,2,0,8,1,76,7,2,1,2,0,2,0,8,1,0,2,0,179,0,5,2,2,942,0,4,3,0,0,7,6,5,0,0
1606,53,0,7,13,38,21,793,0,519,9,10,26,0,1,587,5,23,27,1,0,73,50,25,26,22,8,0,54,1021,19,37,310,8,694,0,0,0,3,0,59,17,16,27,0,8,25,9
0,0,73,1,0,0,0,0,1,0,0,0,3,34,0,0,0,2,0,0,3303,0,0,0,0,0,1058,329,0,0,0,0,0,0,0,4,2583,0,0,79,0,0,0,0,0,0,0,0
0,0,5,0,0,0,0,0,0,0,0,0,0,2,0,0,0,1,0,1,120,0,0,0,0,0,20,1951,0,0,0,0,0,0,0,0,4,1,0,132,0,0,0,0,0,0,0,0
0,1,49,5,1,1,1,0,5,0,0,0,204,1935,1,3,0,208,7,261,71,0,2,0,2,0,13,24,0,0,0,0,71,1,3,19,49,120,0,455,1,1,0,3,21,0,1,0
0,0,375,1,0,0,0,0,4,0,88,0,37,30,3,0,0,14,0,15,11,0,0,0,0,0,17,0,0,0,0,0,13,0,0,33,47,11,22,17,0,0,0,0,3,0,0,0
3,6,0,1,18,43,25,7,0,0,0,0,68,0,0,6,1,4,22,0,0,13,14,31,42,21,0,0,37,8,10,41,22,0,18,0,0,0,0,0,14,4,0,5,0,43,4,1
15,6,0,7,67,469,13,19,0,14,0,19,18,0,1,18,39,14,320,0,0,10,3,4,89,384,4,0,13,36,25,48,174,207,36,0,0,0,0,0,2,12,78,169,0,35,78,7
174,1,349,8,0,3,0,0,0,2,89,12,22,4,114,9,5,896,9,20,2,1,0,0,4,15,9,1,0,3,0,1,6,33,2,11,5,9,26,11,0,2,0,2,3,5,33,42
65,7,0,874,1,7,4,8,0,14,0,12,202,0,5,46,2,18,4,0,0,16,0,22,13,45,0,0,173,3,0,172,9,1,2,1,0,0,0,0,2,1,1,2,0,40,1140,11
0,0,0,1,22,20,1,39,0,1,0,2,14,3,1,11,529,0,56,0,0,0,2,0,2,40,1,0,2,6,6,0,5,118,281,0,0,1,2,2,1,5,346,82,0,0,3,11
0,0,48,0,0,0,0,0,1,0,2,0,15,21,0,0,3,34,1,2,717,0,0,0,3,0,1632,133,0,0,0,0,0,0,0,5,1055,2,2,88,0,0,0,0,1,0,0,2
0,0,1,0,0,0,0,0,0,0,0,1,1,0,0,0,2,1,0,0,10,0,0,0,0,0,13,81,0,0,0,0,0,0,0,0,1,0,1,36,0,0,0,0,0,0,0,2
