0.4328,0.82741,0.36659,0.21443,0.61551,0.52254,0.71758,0.44273,0.27015,0.45291,0.33561,0.23776,0.57396,0.77112,0.5072,0.36245,0.6448,0.36819,0.7116,0.26462,0.43303,0.94784,0.24828,0.22384,0.27379,0.19461,0.43381,0.19542,0.5477,0.29324,0.63219,0.46505,0.23604,0.16891,0.59565,0.2614,0.27292,0.46104,0.28828,0.53884,0.51345,0.73629,0.41385,0.2552,0.29805,0.69782,0.94724,0.23462
0.46866
0,0,1,0,0,0,0,0,0,63,0,6,0,0,40,0,0,0,0,2,50,0,684,5,205,556,1111,30,0,46,0,65,50,19,0,129,0,0,1,0,0,0,0,0,0,0,0,1
0,0,0,0,0,2,0,0,1,2,0,719,6,0,1303,0,0,0,0,270,9,1,67,41,800,93,11,2,0,0,1,0,367,40,0,15,10,0,47,0,1,0,0,0,1,0,0,188
2,14,12,18,3,0,29,2,28,14,4,59,0,1,142,26,2,20,0,20,23,5,264,55,476,333,126,31,18,158,3,12,172,126,8,205,44,8,37,6,3,6,3,6,1,2,5,23
8,0,0,6,0,0,0,1,0,12,0,1,0,0,0,0,0,0,0,0,13,0,482,0,17,153,739,632,0,285,2,144,24,23,0,389,0,0,1,0,1,0,0,5,0,0,0,0
2,0,0,0,0,0,0,0,0,1,0,18,1,0,54,0,0,0,0,7,1,0,157,5,201,204,22,5,0,3,0,3,1,0,0,41,0,0,0,0,0,0,0,0,0,0,0,3
38,0,71,21,0,1,5,3,257,33,0,80,3,2,48,14,0,153,0,27,35,2,201,236,202,141,32,235,0,468,19,31,92,188,34,368,78,5,104,5,31,5,1,63,0,1,0,53
0,0,0,2,0,0,0,1,0,5,0,15,4,0,86,0,0,0,0,8,4,0,213,8,142,402,278,2,0,16,0,10,744,428,0,4,3,0,7,0,0,0,0,0,0,0,0,8
1,0,37,9,0,6,2,74,70,42,2,0,0,0,0,1,0,0,1,1,0,2,2,0,5,0,2,4,0,7,1,8,0,3,0,2,1,5,2,0,0,0,1,0,1,1,1,1
30,663,7,191,5,5,2983,13,17,1,147,1,1,567,0,16,8,1081,12,0,3,31,1,36,0,0,0,1,611,0,39,8,0,0,46,0,3,7,0,60,58,752,9,173,600,2,35,1
0,0,0,0,2,0,0,0,46,0,391,0,0,0,0,1,2,0,229,0,0,0,0,0,0,0,0,0,0,0,0,0,0,0,0,0,0,0,0,0,0,0,125,0,0,26,0,0
2,1,254,79,4,0,2,53,388,0,141,2,0,0,1,10,5,1,3,5,2,14,0,7,6,1,2,2,1,0,3,0,0,0,0,4,11,79,4,24,0,5,8,1,0,13,5,3
6,24,281,52,11,9,110,35,455,2,8,1,1,33,3,12,14,84,0,6,0,2,0,39,8,1,0,1,57,4,20,1,2,5,11,0,11,19,10,224,32,13,0,275,29,6,33,9
14,5,211,21,0,16,54,4,5,119,14,8,8,6,0,41,0,413,0,1,8,0,0,23,0,0,0,0,148,1,97,60,4,3,21,2,15,28,20,5,30,16,4,72,281,0,0,10
1,0,2,5,0,3,0,0,0,125,0,690,13,0,529,0,0,5,0,329,266,0,53,118,413,156,13,3,0,46,0,15,224,94,5,150,68,1,205,0,1,0,0,0,11,0,0,306
66,0,0,2,0,0,0,0,2,0,0,0,0,0,0,1,0,0,0,1,0,2,43,1,3,25,3,484,0,225,3,2,1,8,0,64,0,0,0,0,1,0,0,12,0,0,0,0
4,1,1,22,0,2,9,0,0,2,0,2,3,0,0,43,0,8,0,4,1,1,1,170,4,0,0,1,4,4,118,1,1,3,224,2,9,0,13,1,46,3,0,6,0,0,0,3
7,30,1,4,0,1,8,11,13,1,1,0,0,9,0,530,4,2,1,0,1,16,0,23,0,0,0,7,432,2,8,1,0,1,16,0,1,3,0,49,2,50,1,10,0,4,13,0
3,0,3,73,0,1,0,0,9,1433,0,82,5,0,25,5,0,9,0,33,1678,1,21,141,39,39,14,17,0,16,6,1367,34,18,4,25,79,0,117,1,1,5,1,16,37,0,0,70
0,0,0,5,0,125,0,0,0,3,0,84,91,0,36,0,0,0,0,414,4,0,2,16,4,6,2,0,1,11,2,0,306,159,1,6,177,1,393,0,0,0,0,0,67,0,0,366
0,8,8,0,2,0,1,7,33,4,7,0,0,11,0,6,6,0,9,0,0,6,0,1,0,0,0,0,4,0,0,0,0,0,0,0,0,4,0,2067,0,7,1,2,0,3,4,0
5,0,158,16,0,0,1,832,76,1,31,1,0,0,0,0,2,0,2,0,2,0,0,5,2,0,1,2,3,2,1,1,0,1,1,3,4,11,1,3,1,4,1,6,3,9,0,0
7,42,0,1,0,2,75,4,0,1,0,0,0,27,0,16,1,5,0,0,0,4234,0,29,1,0,0,3,39,0,4,0,0,0,3,0,1,17,0,16,1,132,0,7,0,0,5512,0
4,0,38,9,1,22,1,92,42,1,24,19,209,0,19,21,3,10,4,10,3,25,8,42,14,6,0,5,23,4,17,9,2,9,5,5,23,1219,17,18,12,4,13,26,10,0,3,9
1,0,15,58,0,435,0,0,18,91,0,432,237,0,83,2,0,36,0,694,119,0,6,120,75,44,2,9,2,113,18,12,149,151,10,129,426,2,732,1,0,0,0,4,100,0,0,716
5,6,146,408,0,343,6,0,199,73,1,589,201,0,126,20,1,125,1,810,148,0,19,631,112,47,0,10,3,188,96,24,245,423,151,106,917,10,1011,2,17,9,12,52,149,2,0,801
1,0,0,287,0,1994,0,0,0,6,0,36,1715,0,1,0,0,0,0,222,8,2,0,19,0,0,0,0,3,28,33,3,290,257,8,7,818,0,215,0,2,0,0,0,842,0,0,153
0,0,5,116,7,0,0,0,71,0,715,0,1,0,0,11,1,1,153,0,1,0,0,0,0,0,0,0,1,0,0,0,0,0,0,0,0,2,0,1,0,0,81,0,0,14,0,0
1,2,1231,5,2,1,0,1465,234,0,370,1,0,0,0,4,17,0,12,0,1,11,0,3,0,0,0,3,11,1,2,0,0,5,3,1,1,436,1,27,1,14,9,2,0,130,11,0
11,4118,12,34,14,1,639,36,63,0,152,0,2,2958,0,9,25,126,15,0,0,55,0,32,0,0,0,0,2038,0,21,2,0,0,26,0,1,17,1,154,21,3236,19,40,56,14,182,0
1288,0,2,119,0,35,1,1,3,7,0,2,10,12,8,20,0,173,0,8,4,2,212,34,19,97,66,666,11,1114,41,22,232,477,16,340,26,1,8,4,36,1,1,536,4,0,0,7
21,0,2,636,0,7,14,1,2,0,0,1,11,21,1,261,0,141,0,3,1,13,1,211,0,2,0,9,4,4,281,16,1,4,367,7,6,3,7,5,1661,11,0,67,4,0,0,4
48,6,27,244,3,11,99,0,4,11,10,16,2,38,1,834,0,326,3,12,3,8,9,446,8,2,0,21,30,14,1791,11,8,9,2052,19,19,12,20,28,903,48,4,103,59,0,0,15
13,10,0,57,0,8,14,0,0,1,0,0,4,0,0,269,0,13,0,2,1,9,0,59,0,0,0,0,3,0,154,0,0,3,394,0,5,0,4,1,278,13,0,10,7,0,0,2
11,0,0,1,0,0,0,0,0,4,0,17,1,0,21,0,0,17,0,1,8,0,172,24,89,317,33,292,0,191,0,5,10,9,1,877,1,0,28,0,0,0,0,1,0,0,0,5
3,0,0,0,0,0,0,0,0,3,0,0,0,0,0,0,0,0,0,0,1,0,8,3,4,26,35,206,0,185,0,2,32,77,0,97,1,0,1,0,0,0,0,0,0,0,0,0
3,0,200,1,0,3,0,617,581,144,23,1,0,0,5,2,1,0,4,3,0,6,6,0,4,2,0,2,1,4,0,2,1,10,1,3,2,337,3,22,0,3,8,0,0,5,2,0
29,1,1,263,0,24,3,1,2,877,1,43,177,3,27,7,0,12,0,11,1282,1,83,58,38,177,39,27,1,39,10,1730,80,61,9,53,58,0,41,2,19,10,0,399,488,0,0,63
0,0,1,0,1929,0,0,0,2,0,62,0,0,0,0,7,1868,0,75,0,0,0,0,0,0,0,0,0,2,0,0,0,0,0,0,0,0,1,0,81,0,0,1357,0,0,2083,2,0
0,0,0,0,10,0,0,0,3,0,26,0,0,0,0,1,2,0,1668,0,0,0,0,0,0,0,0,0,0,0,0,0,0,0,0,0,0,0,0,4,0,0,473,0,0,50,0,0
0,0,589,9,19,3,0,44,1002,0,1129,1,0,0,1,84,35,0,21,2,0,13,1,0,3,2,0,0,6,0,3,1,0,0,1,1,4,398,1,45,0,12,33,0,0,69,6,1
0,30,26,0,25,0,1,2,43,0,31,0,0,67,0,2,46,1,1,0,0,3,0,1,0,0,0,0,13,0,0,0,0,0,0,0,1,5,0,399,0,23,2,4,0,12,3,0
5,0,5,2,0,0,0,0,4,8,0,17,0,0,4,1,0,17,0,16,14,0,22,10,19,11,5,45,0,76,2,7,25,45,0,42,23,0,55,0,0,0,0,4,0,0,0,48
48,0,4,63,0,202,0,0,1,17,0,36,104,1,4,4,0,36,0,84,54,0,9,114,7,10,1,52,0,24,14,10,9,9,13,222,254,0,380,0,14,0,0,118,14,0,0,521
33,16,6,3,3,3,94,7,29,3,4,0,0,78,1,10,3,96,0,1,3,1,0,23,0,0,0,5,38,5,6,66,0,0,6,2,1,7,3,522,52,10,8,736,50,3,2,4
1254,0,0,36,0,2,3,0,0,4,0,1,6,0,0,5,0,19,0,1,2,0,8,27,2,1,24,594,0,515,7,66,39,153,6,25,4,0,6,0,8,0,0,101,2,0,0,2
1,0,1,87,0,549,0,0,0,50,1,43,172,0,0,0,0,4,0,53,122,0,0,2,0,3,0,0,206,0,10,3,7,3,1,10,251,1,11,0,2,0,0,2,4,0,0,17
0,0,0,0,1087,0,3,3,5,0,49,0,0,2,0,4,851,1,56,0,0,1,0,1,0,0,0,0,6,0,0,0,0,0,0,0,2,5,0,56,0,3,1069,25,5,532,0,1
0,0,0,1,7,0,0,0,1,0,20,0,0,0,0,1,0,1,74,0,0,0,0,0,0,0,0,0,1,0,0,0,0,0,1,0,1,0,0,3,0,0,35,0,0,4,0,0
