0.44404,0.82775,0.45406,0.22634,0.65718,0.47664,0.66491,0.41096,0.22056,0.3964,0.27942,0.2294,0.56619,0.68855,0.49411,0.28351,0.43137,0.30814,0.71416,0.2567,0.44395,0.95002,0.26284,0.23864,0.26645,0.14682,0.39598,0.19954,0.58438,0.32716,0.6511,0.4821,0.19883,0.25526,0.5896,0.26409,0.34358,0.47735,0.30853,0.21335,0.50449,0.76369,0.40233,0.21019,0.26998,0.52,0.94407,0.2011
0.44659
0,0,0,0,0,0,0,0,0,28,0,4,0,0,43,1,0,0,0,1,84,0,819,0,227,434,1144,27,0,18,0,34,43,10,0,136,1,0,1,0,0,0,0,0,0,0,0,9
0,0,0,0,0,5,0,0,1,1,0,476,4,0,1383,0,0,0,0,184,8,0,48,16,814,124,10,2,0,1,1,0,462,34,0,19,9,0,60,0,0,0,0,1,1,0,0,333
2,6,2,13,2,0,26,4,42,6,5,85,1,2,158,22,3,16,0,7,27,5,265,25,474,281,138,42,6,143,0,6,217,84,10,225,56,8,46,26,2,2,2,7,5,5,7,39
4,0,0,1,0,0,0,1,0,74,0,2,0,0,2,1,0,0,0,0,20,0,627,1,19,108,743,663,0,173,1,59,20,7,1,403,0,0,0,0,1,0,0,7,0,0,0,0
1,0,0,0,0,0,0,0,0,1,0,7,1,0,57,0,0,0,0,4,4,0,189,5,194,175,16,2,0,2,0,1,7,0,0,55,0,0,0,0,0,0,0,0,0,0,0,8
40,0,1,14,0,2,6,3,343,36,1,141,2,3,58,9,0,109,0,16,34,0,212,148,233,134,41,203,1,478,13,30,109,128,73,384,121,4,136,3,26,4,0,40,5,1,0,41
0,0,0,1,0,0,0,0,0,5,0,20,3,0,96,0,0,0,0,2,11,0,148,1,188,356,436,3,0,19,0,2,682,396,0,5,0,0,6,0,0,0,0,0,1,0,0,9
2,0,30,9,1,1,0,65,85,46,5,0,0,1,0,0,0,1,0,2,1,4,3,0,2,1,1,6,0,4,0,4,0,6,0,4,0,5,2,0,0,0,0,2,1,1,0,0
31,717,2,214,4,4,2647,8,21,5,52,2,2,696,0,28,17,950,11,0,2,24,0,93,0,0,0,2,620,1,39,9,0,0,25,0,1,10,0,58,40,584,29,462,763,3,48,0
0,0,2,0,6,0,0,0,26,0,395,0,0,0,0,0,2,0,229,0,0,0,0,0,0,0,0,0,0,0,0,0,0,0,0,0,0,0,0,0,0,0,127,0,0,35,0,0
2,0,232,36,4,1,3,40,402,0,176,1,0,0,1,11,17,1,3,1,1,12,0,2,3,0,0,1,5,0,1,0,0,0,0,8,7,93,6,9,0,2,6,0,1,51,2,5
10,16,245,45,9,7,95,31,409,1,9,2,1,27,6,10,13,125,0,2,0,4,0,90,5,1,0,1,32,3,23,0,5,7,9,2,4,19,10,347,22,22,1,208,13,39,16,13
12,4,39,19,0,29,28,0,3,357,28,7,13,4,0,81,0,401,0,1,8,0,0,42,0,0,0,0,160,2,101,28,3,2,18,3,15,28,13,8,22,4,3,50,245,0,0,7
2,0,0,7,0,7,0,0,3,20,0,662,12,0,581,0,0,6,0,260,249,0,47,33,373,203,14,3,0,26,0,12,298,94,4,170,81,1,238,0,1,0,0,0,12,0,0,431
68,0,0,1,0,1,0,1,3,4,0,0,0,0,0,1,0,0,0,1,0,2,78,1,3,13,1,465,1,202,2,2,2,2,0,84,0,0,0,0,0,0,0,11,0,0,0,0
4,0,3,24,0,2,5,0,1,0,0,3,1,0,0,46,0,12,0,5,0,0,2,201,5,0,0,3,1,3,93,1,1,4,209,1,17,1,15,5,32,4,0,10,1,0,0,2
6,20,1,20,0,2,9,4,7,2,3,0,0,10,1,536,15,4,1,0,0,15,0,23,0,0,0,11,109,1,9,0,0,0,9,1,6,2,1,368,3,35,1,15,0,4,9,0
2,0,0,52,0,6,2,0,11,991,5,135,5,0,36,0,0,7,0,25,1889,0,13,44,57,117,16,20,0,16,4,1377,34,28,6,23,165,0,159,0,1,0,0,18,62,0,0,102
0,0,0,3,0,145,0,0,0,1,0,168,92,0,45,0,0,1,0,397,2,0,1,7,5,10,1,0,0,12,0,0,372,194,1,5,109,1,294,0,0,0,0,0,78,0,0,338
0,15,8,0,1,0,1,6,30,8,6,0,0,8,0,5,1336,0,10,0,0,7,0,1,0,0,0,0,1,0,0,0,0,0,0,0,0,4,0,732,0,9,4,2,0,6,1,0
5,1,150,10,1,0,1,801,109,0,38,0,0,0,0,4,1,0,1,2,1,1,0,4,1,1,0,4,8,3,0,2,0,0,2,5,1,9,3,5,0,2,0,6,5,5,0,0
8,42,0,4,0,2,82,2,2,1,0,0,0,20,0,24,6,1,0,0,0,4144,0,30,1,0,0,1,61,1,3,0,0,0,4,0,2,22,0,32,1,93,0,4,0,0,5587,0
8,1,55,8,1,19,0,51,23,14,24,23,301,1,18,49,10,6,4,22,3,19,8,20,7,8,0,4,30,5,12,5,4,15,5,7,24,1138,11,27,9,1,10,12,8,10,2,18
1,0,1,49,0,480,0,0,20,59,1,569,226,0,100,2,1,44,0,596,100,0,2,50,61,75,4,9,3,88,9,8,180,223,6,121,483,0,707,0,2,0,0,4,126,0,0,632
6,4,6,407,1,293,6,0,210,32,27,760,246,2,144,24,0,145,0,575,89,0,16,377,107,81,2,16,3,158,55,24,288,704,156,87,1218,8,1045,1,25,5,9,34,191,1,0,657
0,0,0,289,0,1887,0,0,0,3,0,41,1638,0,0,2,0,0,0,824,4,2,0,18,0,0,0,1,6,18,10,3,278,319,4,5,456,0,141,0,0,0,0,0,865,0,0,136
0,0,7,16,9,0,0,0,41,0,871,0,1,0,0,2,1,0,131,0,1,0,0,0,0,0,0,0,3,0,0,0,0,0,0,0,1,1,0,1,0,0,81,0,1,13,0,0
2,5,1443,10,11,0,0,1177,330,0,399,0,0,2,1,13,17,0,11,1,1,5,0,2,0,0,0,3,8,5,1,0,0,4,2,1,1,395,0,60,1,6,3,2,0,93,2,1
10,4421,9,34,13,2,917,20,53,5,77,0,1,2255,0,51,44,190,18,0,0,61,0,44,0,0,0,1,1915,1,27,3,0,0,20,0,1,16,0,313,12,3012,104,54,179,11,236,0
1333,0,1,116,0,61,0,0,3,18,0,12,13,15,7,24,0,97,0,7,7,1,289,44,18,97,102,646,7,1184,62,15,210,185,21,416,10,1,12,5,30,2,1,583,5,0,0,6
26,1,11,665,0,5,4,0,5,1,0,5,5,33,1,108,0,160,0,8,1,10,3,338,1,2,0,7,2,3,313,16,0,7,357,9,7,3,6,3,1573,10,0,93,2,1,2,4
55,4,107,277,5,13,63,0,8,20,8,7,4,27,1,552,4,576,0,6,6,7,10,630,9,5,0,14,20,16,1840,8,9,12,1826,18,20,7,16,23,904,72,4,96,17,0,0,11
12,10,1,89,0,7,13,0,0,3,0,0,8,2,0,259,0,25,0,3,1,7,0,83,0,0,0,1,3,0,158,0,0,8,272,0,4,1,2,0,339,12,0,6,4,0,1,0
13,0,0,1,0,0,0,0,1,3,0,21,0,1,22,0,0,8,0,1,10,0,211,6,138,246,31,234,0,196,0,4,17,7,2,928,1,0,29,0,0,0,0,1,0,0,0,4
0,0,0,0,0,0,0,0,0,3,0,0,0,0,0,0,0,0,0,0,4,0,6,2,7,23,52,228,0,181,0,0,39,34,0,104,0,0,1,0,0,0,0,0,0,0,0,0
2,0,171,0,1,2,0,594,551,168,20,2,0,1,2,1,7,0,3,6,0,7,3,0,2,4,0,1,1,3,0,1,1,28,1,4,1,378,2,18,0,3,6,0,0,16,0,1
31,1,1,216,0,25,1,2,1,505,1,51,29,7,22,6,0,15,0,14,1537,0,69,22,63,416,81,25,1,35,10,1643,86,153,13,46,52,0,42,1,15,11,0,315,544,0,0,142
0,0,1,0,2726,0,0,0,0,0,74,0,0,0,0,4,1694,0,83,0,0,1,0,0,0,0,0,0,1,0,0,0,0,0,1,0,0,1,0,101,0,0,1314,0,0,1469,0,0
0,0,1,0,30,0,0,0,0,0,38,0,0,0,0,1,4,0,1664,0,0,0,0,0,0,0,0,0,0,0,0,0,0,0,0,0,0,2,0,0,0,0,473,0,0,24,0,0
0,2,615,12,13,1,0,45,796,0,945,1,0,0,1,50,55,0,26,1,0,13,2,0,2,2,0,0,12,0,1,0,0,1,1,1,5,201,2,43,0,2,30,0,0,656,2,0
0,45,22,0,26,0,6,2,28,2,29,0,0,39,0,2,151,0,2,0,0,4,0,1,0,0,0,0,3,0,0,0,0,0,0,0,1,5,0,318,0,31,3,0,0,18,3,0
6,0,0,10,0,6,0,0,9,8,0,29,0,1,9,1,0,20,0,13,8,0,20,6,23,14,10,45,0,79,2,2,24,28,0,34,38,0,54,0,0,0,0,2,0,0,0,31
44,0,0,83,0,379,0,0,1,8,0,62,114,1,3,2,0,51,0,110,34,0,14,86,10,10,1,60,0,35,14,18,9,9,21,168,415,0,302,0,10,0,0,89,20,0,0,270
51,24,6,4,2,5,61,5,27,4,4,0,0,112,1,9,68,92,1,1,2,5,1,99,1,0,1,5,27,4,8,67,0,0,4,4,3,13,2,495,37,15,10,623,33,3,0,4
1203,0,0,28,0,3,1,1,1,50,0,1,1,3,0,4,0,14,0,0,2,0,10,26,1,8,44,688,1,500,9,22,23,20,12,23,3,0,12,2,6,0,0,193,6,0,0,2
0,0,2,151,0,557,0,0,0,7,8,14,168,0,0,0,0,3,0,111,104,0,0,3,1,7,0,1,219,0,5,2,7,5,1,5,204,0,11,0,4,0,0,1,4,0,0,11
0,1,3,0,1275,0,3,1,2,0,107,0,1,2,0,1,461,2,63,1,0,2,0,16,0,0,0,0,6,0,0,0,0,0,0,0,2,7,0,427,0,1,1012,13,2,356,0,0
0,1,0,0,7,0,1,0,1,0,26,0,0,0,0,1,0,1,69,0,0,0,0,0,0,0,0,0,1,0,0,0,0,0,1,0,0,0,0,0,0,0,33,0,4,4,0,0
