0.4338,0.82975,0.38997,0.20832,0.60778,0.51741,0.71693,0.44098,0.25449,0.45109,0.32567,0.22804,0.55236,0.75232,0.50933,0.34985,0.65119,0.3354,0.70863,0.24992,0.43212,0.94569,0.2527,0.21969,0.27204,0.1891,0.43202,0.19402,0.56689,0.29773,0.63659,0.46214,0.23823,0.16673,0.59388,0.26491,0.28071,0.46335,0.29009,0.53876,0.51445,0.72992,0.41304,0.24725,0.30261,0.70222,0.95048,0.22517
0.46569
0,0,0,1,0,0,0,0,0,59,0,6,0,0,40,0,0,0,0,2,55,0,701,4,199,548,1109,30,0,45,0,59,49,19,0,131,0,0,1,0,0,0,0,0,0,0,0,6
0,0,0,0,0,4,0,0,1,2,0,676,8,0,1310,0,0,0,0,244,9,1,69,35,793,92,11,2,0,0,1,0,372,38,0,16,7,0,55,0,1,0,0,0,1,0,0,249
3,17,0,21,3,1,28,2,37,9,5,59,0,1,134,25,1,23,0,17,23,7,268,47,473,338,133,36,19,155,3,9,178,119,9,205,43,6,42,7,2,7,1,5,0,2,3,29
7,0,0,8,0,0,0,0,0,14,0,2,0,0,1,0,0,1,0,0,11,0,487,0,17,152,740,650,0,281,1,133,24,19,0,386,0,0,0,0,0,0,0,4,0,0,0,0
2,0,0,0,0,0,0,0,0,1,0,13,1,0,54,0,0,0,0,5,3,0,164,4,198,201,22,5,0,3,0,3,4,0,0,42,0,0,0,0,0,0,0,0,0,0,0,4
35,1,5,24,0,1,6,3,309,34,0,82,5,1,48,14,0,163,0,23,37,2,205,201,205,139,30,245,0,481,19,29,96,195,57,352,82,5,102,6,33,4,1,51,0,2,0,53
0,0,0,3,0,0,0,1,0,6,0,13,4,0,83,0,0,0,0,9,3,0,196,5,137,389,274,2,0,17,0,9,769,442,0,6,6,0,7,0,0,0,0,0,0,0,0,9
1,0,39,8,0,7,2,75,68,41,2,1,0,0,0,1,0,0,1,2,0,3,2,0,4,0,1,5,0,7,1,9,0,6,0,2,0,4,0,0,0,0,1,0,1,1,0,0
35,641,4,206,3,4,2905,13,19,2,136,1,1,630,0,16,6,976,12,1,3,33,0,47,0,0,0,1,626,0,42,7,0,0,42,0,0,8,0,66,61,775,10,270,582,3,36,1
0,0,0,0,3,0,0,0,44,0,393,0,0,0,0,1,2,0,232,0,0,0,0,0,0,0,0,0,0,0,0,0,0,0,0,0,0,0,0,1,0,0,117,0,0,29,0,0
2,1,254,78,5,0,2,48,387,0,149,1,0,0,2,16,4,2,2,2,2,17,0,8,7,1,2,2,0,0,1,0,0,0,0,3,14,80,5,21,0,3,8,1,0,11,2,3
5,25,286,55,16,9,105,37,446,1,9,0,1,31,4,13,10,121,0,6,0,2,0,43,10,0,0,1,72,4,16,1,2,3,11,0,9,21,11,222,26,14,0,233,29,6,32,11
12,4,184,16,0,18,55,5,5,175,15,6,10,6,0,40,0,419,0,3,6,0,1,24,0,0,0,0,124,1,125,51,5,2,20,1,12,26,17,5,23,10,4,62,286,0,0,10
2,0,0,4,0,6,0,0,1,121,0,706,12,0,530,0,0,6,0,300,268,0,62,102,409,163,14,2,0,42,0,10,228,92,2,149,57,1,212,0,1,0,0,1,11,0,0,336
63,0,0,3,0,0,0,1,2,0,0,0,0,0,0,0,0,0,0,1,0,2,42,0,2,26,3,489,0,227,4,2,1,8,0,63,0,0,0,0,0,0,0,10,0,0,0,0
2,1,3,30,0,2,8,0,0,2,0,2,2,0,0,44,0,8,0,5,1,2,1,181,4,0,0,3,2,2,102,1,1,3,222,2,9,0,12,1,47,2,0,5,1,0,0,4
6,28,1,89,0,1,9,6,11,1,1,0,0,8,0,543,4,2,1,0,1,13,0,23,0,0,0,7,348,2,7,1,0,1,16,0,1,4,0,48,2,52,0,12,0,3,11,0
3,0,0,74,0,3,0,0,14,1402,0,87,9,0,24,3,0,13,0,29,1668,2,25,126,36,33,13,19,0,18,7,1397,34,18,4,25,87,0,119,1,4,3,1,11,33,0,0,83
0,0,0,4,0,136,0,0,0,3,0,98,82,0,36,0,0,0,0,414,3,0,2,14,5,6,1,0,1,8,0,0,326,156,1,6,174,1,384,0,0,0,0,0,69,0,0,352
0,11,7,0,2,0,1,6,34,4,7,0,0,12,0,8,6,0,10,0,0,7,0,1,0,0,0,0,6,0,0,0,0,0,0,0,0,5,0,2057,0,6,3,3,0,2,3,0
7,0,152,19,1,0,1,825,84,0,32,1,0,0,0,0,2,0,1,0,3,1,0,4,2,0,1,2,2,1,0,1,0,2,1,2,3,14,1,1,3,3,0,6,5,8,0,1
8,42,1,8,0,2,75,3,0,1,0,0,0,27,0,16,0,4,0,0,0,4214,0,26,1,0,0,3,34,0,3,0,0,0,3,0,1,17,0,15,1,140,0,7,0,0,5528,0
5,0,46,15,1,22,0,85,44,1,25,18,226,0,23,23,4,10,4,12,3,28,8,35,16,5,0,6,16,5,10,8,1,9,8,3,21,1201,14,21,14,3,11,24,9,1,3,13
1,0,0,56,0,457,0,0,23,90,0,462,233,0,83,2,0,41,0,674,115,0,6,114,75,50,1,9,2,111,18,12,165,152,8,128,432,2,726,0,1,0,1,5,104,0,0,683
4,5,16,385,1,381,6,0,254,65,1,651,204,2,123,27,0,141,1,759,138,2,20,618,112,55,0,11,2,185,81,28,257,470,168,103,953,7,1004,2,22,12,11,52,140,2,0,764
0,0,0,260,0,2065,0,0,0,5,0,39,1651,0,1,0,0,0,0,344,9,2,0,20,0,0,0,0,3,30,18,1,270,268,7,9,762,0,183,0,1,0,0,1,847,0,0,154
0,0,3,105,8,0,0,0,74,0,730,0,1,0,0,8,1,2,153,0,2,0,0,0,0,0,0,0,1,0,0,0,0,0,0,1,1,1,0,1,0,0,77,0,0,12,0,0
1,4,1267,5,6,2,0,1442,226,0,379,1,0,0,0,4,12,0,13,0,1,10,0,2,0,0,0,3,20,2,1,2,0,4,3,1,1,422,0,29,1,8,8,1,0,129,8,0
12,4128,13,71,14,2,643,33,65,0,145,0,2,2843,0,12,28,130,17,0,0,55,0,37,0,0,0,1,2089,0,23,2,0,0,23,0,1,14,1,152,22,3235,25,43,57,15,177,0
1268,0,2,132,0,37,1,1,4,7,0,1,8,11,5,22,0,161,0,10,4,1,202,33,18,113,68,675,9,1143,52,19,232,423,14,338,19,2,11,3,37,0,1,570,2,0,0,7
21,0,10,646,0,8,14,2,3,1,0,1,8,26,2,248,0,137,0,4,1,10,1,235,0,3,0,12,2,6,277,16,1,4,363,8,6,2,6,3,1638,10,0,70,3,0,0,3
46,2,41,262,3,12,93,0,4,10,8,11,5,36,1,805,0,337,2,10,2,6,11,513,8,2,0,21,24,12,1778,9,11,9,2056,19,14,13,20,31,860,60,2,101,52,0,0,15
12,9,0,57,0,7,15,0,0,2,0,0,4,1,0,273,0,14,0,2,1,10,0,65,0,0,0,1,4,0,152,0,0,3,380,0,7,0,4,2,280,11,0,9,8,0,0,1
12,0,0,1,0,0,0,0,0,4,0,15,0,0,20,0,0,15,0,1,7,0,169,15,94,314,35,284,0,195,0,6,12,9,1,893,1,0,27,0,0,0,0,1,0,0,0,5
2,0,0,1,0,0,0,0,0,3,0,0,0,0,0,0,0,0,0,0,1,0,5,1,5,27,37,197,0,187,0,1,39,74,0,102,1,0,1,0,0,0,0,0,0,0,0,0
3,0,198,0,0,3,0,619,575,151,24,2,0,1,4,2,1,0,4,5,0,6,5,0,6,4,1,1,1,5,0,2,0,12,1,2,2,328,3,24,0,2,8,0,0,5,2,0
27,1,3,261,0,24,4,1,2,823,1,43,210,3,34,6,0,15,0,8,1279,1,82,55,43,201,36,31,1,41,12,1703,80,53,7,55,68,0,42,1,23,13,0,388,480,0,0,89
0,0,2,1,1875,0,0,0,1,0,62,0,0,0,0,8,1865,0,79,0,0,0,0,0,0,0,0,0,1,0,0,0,0,0,0,0,0,1,0,64,0,0,1356,0,0,2153,2,0
0,0,0,0,10,0,0,0,2,0,28,0,0,0,0,1,2,0,1666,0,0,0,0,0,0,0,0,0,0,0,0,0,0,0,0,0,0,0,0,3,0,0,472,0,0,53,0,0
0,2,675,12,16,3,0,45,964,0,1091,1,0,0,0,89,33,0,22,2,1,12,1,0,3,2,0,0,5,0,1,0,0,1,1,1,5,388,0,43,0,9,35,0,0,69,6,1
0,35,26,1,24,0,1,4,42,0,29,0,0,56,0,2,45,0,2,0,0,4,0,2,0,0,0,0,14,0,0,0,0,0,0,0,0,5,0,399,0,29,2,4,0,13,2,0
5,0,1,2,0,0,0,0,9,5,0,18,0,0,5,1,0,18,0,16,11,0,20,8,20,15,7,43,0,84,1,9,19,43,0,41,26,0,55,0,0,1,0,2,0,0,0,47
37,1,0,69,0,225,0,0,2,15,0,42,114,1,3,3,0,39,0,71,56,0,11,102,11,12,1,61,0,29,14,12,9,7,18,238,298,0,373,0,16,0,0,106,15,0,0,442
32,17,9,6,2,2,71,9,27,4,5,0,0,81,2,12,3,90,0,1,4,1,0,34,0,0,0,6,32,3,5,66,0,0,7,2,3,7,4,539,54,17,9,719,51,3,1,3
1241,0,0,35,0,2,3,1,0,7,0,0,6,0,0,7,0,15,0,2,2,1,8,27,2,2,27,613,0,507,7,62,36,151,6,25,1,0,9,0,9,0,0,104,2,0,0,3
1,0,1,66,0,545,0,0,0,37,1,37,182,0,0,1,0,4,0,53,127,0,0,1,0,5,0,0,217,0,10,5,7,4,2,11,266,2,9,0,2,0,0,2,6,0,0,12
0,0,0,0,1083,0,3,3,4,0,53,0,0,2,0,4,835,2,55,0,0,1,0,1,0,0,0,0,7,0,1,0,0,0,0,0,2,5,1,50,0,3,1081,25,5,541,0,0
0,0,0,1,9,0,1,0,1,0,19,0,0,0,0,1,0,1,74,0,0,0,0,0,0,0,0,0,1,0,0,0,0,0,1,0,0,0,0,0,0,0,38,0,0,3,0,0
