0.44448,0.83568,0.45164,0.2192,0.64868,0.49319,0.68595,0.40997,0.24927,0.41972,0.30193,0.2328,0.58352,0.68836,0.49249,0.3203,0.4445,0.28687,0.70812,0.227,0.43989,0.95002,0.25877,0.22979,0.27661,0.16046,0.41026,0.19171,0.5779,0.30815,0.63859,0.47948,0.21379,0.22474,0.59074,0.2644,0.3317,0.49176,0.3024,0.23924,0.50238,0.77139,0.39176,0.22592,0.28287,0.61833,0.94197,0.19761
0.45031
0,0,0,1,0,0,0,0,0,38,0,4,0,0,40,0,0,0,0,1,73,0,782,0,232,478,1120,25,0,26,0,40,43,13,0,137,0,0,1,0,0,0,0,0,0,0,0,10
0,0,0,0,0,5,0,0,1,2,0,477,4,0,1377,0,0,0,0,196,9,1,55,17,842,111,9,2,0,1,1,0,416,31,0,20,7,0,62,0,1,0,0,1,1,0,0,348
2,9,2,11,2,0,25,3,44,4,5,74,1,2,156,26,3,17,0,13,26,5,253,24,484,307,137,41,4,149,2,8,201,95,12,216,59,8,43,25,0,1,2,3,4,2,6,39
4,0,0,4,0,0,0,1,0,52,0,2,0,0,2,0,0,0,0,0,20,0,592,0,21,131,738,656,0,213,1,73,19,14,0,389,0,0,0,0,1,0,0,5,0,0,0,0
1,0,0,0,0,0,0,0,0,1,0,7,1,0,56,0,0,0,0,4,5,0,185,5,195,180,18,4,0,4,0,1,4,1,0,48,0,0,0,0,0,0,0,0,0,0,0,9
45,0,0,14,0,1,6,3,334,28,2,116,2,2,58,1,0,141,0,21,30,0,206,142,229,135,40,237,2,470,14,32,116,172,71,365,118,6,110,4,26,3,0,36,5,1,0,42
0,0,0,0,0,0,0,0,0,4,0,24,3,0,95,0,0,0,0,7,10,0,156,1,157,387,362,3,0,25,0,4,707,423,0,5,0,1,6,0,0,0,0,0,1,0,0,9
2,0,35,11,0,0,1,69,77,43,1,0,0,1,0,0,0,1,3,4,1,4,3,0,2,0,2,6,0,4,0,4,0,2,0,4,1,8,2,0,0,0,1,1,1,1,0,0
31,656,2,279,3,3,2704,12,18,3,134,1,2,716,0,24,17,887,7,0,2,23,0,94,0,0,0,2,630,0,44,9,0,0,22,0,1,9,0,57,51,614,17,443,654,4,48,1
0,0,1,0,4,0,0,0,29,0,385,0,0,0,0,0,1,0,233,0,0,0,0,0,0,0,0,0,0,0,0,0,0,0,0,0,0,0,0,0,0,0,134,0,0,35,0,0
2,0,237,84,1,1,4,43,418,0,123,1,0,1,0,11,18,3,1,0,1,21,0,2,3,2,0,1,6,0,1,0,0,0,0,9,6,73,7,13,0,1,7,0,1,39,2,3
6,14,237,52,8,7,91,38,424,1,7,2,1,28,4,9,8,130,0,4,0,2,0,78,9,0,0,1,39,4,21,1,4,2,11,3,5,24,13,357,21,19,1,211,16,14,20,12
11,3,48,15,0,28,35,1,5,353,10,7,10,7,0,70,0,425,0,1,8,0,0,39,1,0,0,0,158,2,90,23,3,1,17,2,14,26,14,11,23,5,2,54,252,0,0,14
2,0,0,3,0,6,0,0,2,31,0,655,13,0,585,0,0,5,0,268,272,0,51,33,384,185,11,2,0,44,0,14,263,89,4,175,76,1,236,0,1,0,0,0,12,0,0,427
66,0,0,1,0,1,0,1,2,3,0,0,0,0,0,0,0,0,0,1,0,1,68,0,4,19,1,490,0,197,4,2,1,2,0,75,0,1,1,0,1,0,0,7,0,0,0,0
4,0,3,21,0,2,4,0,1,2,0,3,1,0,0,42,0,13,0,5,0,0,2,200,5,0,0,3,1,2,105,1,1,4,208,1,15,1,13,5,34,4,0,8,1,0,0,2
6,23,1,24,0,2,8,3,7,2,3,0,0,9,0,542,11,3,1,0,0,13,0,25,0,0,0,10,109,1,11,0,0,1,15,0,5,4,1,361,2,33,0,15,0,3,9,0
3,0,0,74,0,5,2,0,13,1090,6,127,2,0,34,1,0,8,0,23,1782,1,19,46,51,83,12,19,0,16,5,1446,37,21,5,25,166,1,150,0,1,0,0,16,55,0,0,83
0,0,0,2,0,147,0,0,0,2,0,180,82,0,38,0,0,0,0,403,3,0,1,7,5,8,1,0,1,13,0,0,346,167,1,5,123,2,330,0,0,0,0,0,77,0,0,338
0,13,7,0,1,0,1,5,34,6,12,0,0,8,0,4,1222,0,9,0,0,8,0,1,0,0,0,0,0,0,0,0,0,0,0,0,0,5,0,845,0,10,3,2,0,3,2,0
6,0,158,18,1,0,1,803,98,1,30,0,0,0,0,0,1,0,2,1,1,1,0,3,1,0,0,3,7,3,0,1,0,0,2,5,3,9,3,7,1,2,0,7,7,6,0,0
9,39,1,4,0,2,87,4,1,1,0,0,0,22,0,21,5,1,0,0,1,4201,0,38,1,0,0,1,59,1,2,0,0,0,3,0,1,20,0,34,1,97,0,4,0,0,5519,0
7,1,55,8,1,25,0,58,31,7,23,22,253,1,18,34,12,11,6,18,3,25,8,28,7,4,1,3,22,4,9,5,2,14,4,7,18,1194,17,26,10,1,10,18,9,5,1,14
2,0,1,36,0,483,0,0,21,52,1,568,217,0,110,2,0,36,0,608,117,0,3,66,61,67,3,8,4,104,11,9,178,181,6,126,487,0,695,1,3,0,0,5,124,0,0,646
6,5,12,364,1,340,4,0,230,36,46,768,210,1,151,24,0,139,1,618,99,0,17,394,103,74,2,15,4,172,71,24,288,616,159,94,1215,8,1020,2,23,8,6,45,184,3,0,643
0,0,0,261,0,2029,0,0,0,5,2,47,1565,0,1,2,0,1,0,718,6,2,0,22,0,0,0,1,7,25,10,4,261,290,3,6,514,0,162,0,0,0,0,0,882,0,0,124
0,0,4,88,5,0,0,0,50,0,778,0,1,0,0,2,1,1,138,0,1,0,0,0,0,0,0,0,5,0,0,0,0,0,0,0,0,2,0,0,0,0,90,0,0,15,0,0
2,4,1457,13,10,1,0,1209,295,0,389,0,0,0,1,9,16,0,10,0,1,7,0,2,0,0,0,3,12,6,1,0,1,3,3,1,0,380,0,61,0,7,4,1,0,102,6,1
10,4333,7,39,13,2,822,22,57,4,142,0,1,2306,0,44,38,196,17,0,0,56,0,42,0,0,0,1,1914,1,23,2,1,0,21,0,1,15,0,300,13,3192,82,56,103,16,238,0
1349,0,3,104,0,64,0,0,2,14,0,11,8,18,6,20,0,122,0,7,6,1,267,36,14,95,89,635,7,1179,60,14,208,287,18,399,9,2,13,4,36,2,1,544,5,0,0,7
27,1,9,653,0,5,3,0,2,1,3,3,3,42,2,132,0,157,0,9,1,9,1,331,1,2,0,8,1,7,307,18,0,1,358,7,6,4,6,5,1582,8,0,85,7,1,0,3
50,3,82,258,5,13,68,0,7,20,18,8,5,35,2,639,2,562,0,6,1,4,11,597,8,6,0,17,25,17,1797,9,9,10,1862,19,18,6,15,24,918,56,2,89,20,1,0,13
11,10,2,70,0,7,12,0,0,2,1,0,8,2,0,256,0,27,0,2,1,7,0,88,0,0,0,1,3,0,166,0,0,7,300,0,5,0,2,0,321,10,0,5,6,0,1,1
14,0,0,0,0,0,0,0,1,3,0,24,1,1,20,0,0,11,0,0,7,0,210,6,121,265,29,250,0,202,0,6,13,11,1,909,1,0,26,0,0,0,0,1,0,0,0,3
1,0,0,0,0,0,0,0,0,2,0,0,0,0,0,0,0,0,0,0,3,0,6,2,7,22,34,192,0,225,0,1,34,52,0,102,0,0,1,0,0,0,0,0,0,0,0,0
1,0,169,1,1,2,0,609,556,170,18,1,0,1,2,3,10,0,4,7,0,6,4,0,3,5,0,2,1,4,0,0,2,15,1,2,1,371,3,14,0,3,6,0,0,14,0,0
34,1,1,261,0,24,3,1,0,559,7,40,27,9,28,3,0,18,0,14,1402,0,72,26,57,375,62,27,1,46,11,1729,83,120,7,49,58,0,45,1,18,12,0,325,589,0,0,105
0,0,1,0,2465,0,0,0,2,0,60,0,0,0,0,4,1682,0,87,0,0,0,0,0,0,0,0,0,1,0,0,0,0,0,0,0,0,1,0,76,0,0,1283,0,0,1808,0,0
0,0,0,0,22,0,0,0,1,0,31,0,0,0,0,1,4,0,1657,0,0,0,0,0,0,0,0,0,0,0,0,0,0,0,0,0,0,1,0,0,0,0,488,0,0,32,0,0
0,2,655,7,9,2,0,55,941,0,1019,1,0,0,0,51,53,0,25,1,0,14,2,0,2,2,0,0,17,0,1,0,0,1,1,1,8,223,1,42,0,2,24,0,0,374,3,0
0,45,22,0,25,0,3,3,31,0,33,0,0,34,0,2,128,0,2,0,0,5,0,1,0,0,0,0,8,0,0,0,0,0,0,0,1,3,0,340,0,31,3,1,0,17,3,0
5,0,0,1,0,2,0,0,8,5,0,34,0,0,5,1,0,18,0,14,9,0,21,6,23,12,11,48,0,83,2,4,24,36,0,34,35,0,52,0,0,0,0,4,0,0,0,35
43,0,0,52,0,334,0,0,1,11,3,75,108,2,4,3,0,39,0,93,36,0,15,102,9,11,1,63,0,36,17,23,11,9,19,168,424,0,297,0,13,0,0,84,24,0,0,323
42,21,8,3,1,4,53,4,27,6,9,0,0,97,1,6,60,98,1,1,1,4,1,61,1,0,0,6,28,4,9,65,0,0,6,3,3,10,2,518,41,16,8,652,53,4,1,4
1231,0,0,25,0,3,1,1,0,29,0,1,2,3,0,4,0,17,0,1,3,0,11,25,1,8,47,661,0,536,11,31,24,47,9,18,3,0,11,3,4,0,0,142,10,0,0,0
0,0,2,116,0,564,0,0,0,4,0,15,150,0,0,0,0,2,0,94,110,0,0,4,0,5,0,1,228,0,7,3,7,3,2,9,254,2,13,0,2,0,0,1,8,0,0,10
0,1,4,0,1216,0,3,1,2,0,53,1,1,2,0,1,492,2,68,0,0,1,0,4,0,0,0,0,7,0,0,0,0,0,0,0,2,7,0,395,1,1,1063,15,4,420,0,0
0,1,0,1,6,0,1,0,2,0,21,0,0,0,0,1,0,1,68,0,0,0,0,0,0,0,0,0,1,0,0,0,0,0,1,0,0,0,0,1,0,0,38,0,3,4,0,0
