0.43133,0.82607,0.36411,0.21087,0.61425,0.52704,0.71432,0.44344,0.2779,0.45391,0.33892,0.24658,0.56321,0.76747,0.50216,0.3566,0.64736,0.38936,0.70995,0.26471,0.43289,0.9484,0.25259,0.22817,0.28455,0.1943,0.43182,0.19666,0.55656,0.29401,0.62947,0.47181,0.23116,0.17289,0.59731,0.26568,0.27529,0.46293,0.2893,0.54651,0.50953,0.73214,0.41301,0.27267,0.2961,0.69512,0.94502,0.2375
0.46987
0,0,1,1,0,0,0,0,0,58,0,6,0,0,43,0,0,0,0,2,53,0,682,6,212,559,1102,33,0,42,0,60,51,19,0,133,0,0,1,0,0,0,0,0,0,0,0,0
0,0,0,0,0,2,0,0,1,1,0,738,5,0,1276,0,0,0,0,268,8,0,68,49,838,95,11,2,0,0,1,1,378,47,0,14,10,0,44,0,1,0,0,1,1,0,0,137
3,17,16,20,2,0,22,2,26,12,3,61,0,3,141,20,3,19,0,22,21,5,247,70,472,339,132,34,17,163,4,11,175,130,7,192,41,7,40,10,3,13,1,6,1,1,5,16
7,0,0,8,0,0,0,1,0,12,0,2,0,0,0,0,0,0,0,0,11,0,455,1,17,157,735,634,0,282,2,147,21,24,0,414,0,0,1,0,1,0,0,6,0,0,0,0
2,0,0,0,0,0,0,0,0,1,0,16,0,0,53,0,0,0,0,7,1,0,157,6,196,214,20,5,0,3,0,3,1,0,0,42,0,0,0,0,0,0,0,0,0,0,0,2
44,0,83,24,0,1,5,3,246,35,0,68,4,2,48,16,0,153,0,26,44,2,194,286,186,140,30,227,0,475,14,28,80,186,28,362,80,6,103,5,32,3,1,71,0,1,0,44
0,0,0,3,0,0,0,1,0,7,0,17,4,0,83,0,0,0,0,9,3,0,224,9,142,389,278,3,0,18,0,10,724,446,0,3,5,0,6,0,0,0,0,0,0,0,0,6
1,0,47,7,0,5,2,77,65,41,2,0,0,0,0,1,0,0,1,1,0,2,2,0,2,0,1,4,0,10,1,8,0,2,0,3,1,4,2,0,0,0,1,0,1,1,0,0
26,657,7,185,4,5,2963,12,16,1,149,0,1,561,0,15,6,1149,13,0,3,29,0,30,0,0,0,1,596,2,45,7,0,0,47,0,2,11,0,56,58,782,10,130,603,2,39,1
0,0,0,0,4,0,0,0,54,0,385,0,0,0,0,1,2,0,230,0,0,0,0,0,0,0,0,0,0,0,0,0,0,0,0,0,0,0,0,0,0,0,118,0,0,28,0,0
2,1,255,81,6,0,1,49,401,0,130,2,1,0,1,14,3,1,3,2,1,14,0,6,4,1,2,2,2,0,2,0,0,0,0,5,12,79,5,22,0,5,9,1,0,14,3,4
8,24,283,51,11,11,113,36,443,1,10,1,1,34,4,15,15,79,0,6,1,2,1,36,9,2,0,1,61,5,20,0,3,4,11,0,8,21,10,223,28,12,0,276,30,5,35,9
16,5,228,18,0,15,59,2,5,126,12,6,10,5,0,49,0,376,0,1,8,0,0,22,0,0,0,1,141,0,88,58,5,2,20,2,18,25,20,4,33,15,7,74,296,0,0,16
1,0,2,6,0,3,0,0,0,123,0,684,11,0,533,0,0,5,0,335,275,0,55,132,435,150,12,3,0,44,0,12,233,98,4,144,69,1,201,0,1,0,0,0,11,0,0,267
64,0,0,1,0,0,0,0,1,0,0,0,0,0,0,0,0,0,0,1,0,1,43,2,2,25,3,492,0,221,3,3,1,8,0,60,0,0,0,0,2,0,0,15,0,0,1,0
5,1,1,22,0,2,9,0,0,2,0,3,1,0,0,46,0,7,0,4,1,0,1,157,3,0,0,1,3,3,117,1,2,3,233,1,9,1,13,1,49,3,0,7,1,0,0,4
8,30,0,7,0,1,11,8,13,1,2,0,0,7,0,533,4,2,1,0,0,15,0,23,0,0,0,6,409,2,22,0,0,1,15,0,1,3,0,50,2,56,0,13,0,4,13,0
3,0,4,77,0,2,0,0,11,1433,0,77,9,0,25,4,0,7,0,33,1690,1,20,157,43,38,14,17,0,14,6,1351,33,14,2,22,76,0,116,1,3,4,1,14,38,0,0,68
0,0,0,5,0,124,0,0,0,2,0,78,84,0,38,0,0,0,0,426,3,0,2,18,4,6,2,0,1,12,2,0,304,153,1,6,166,1,385,0,0,0,0,0,71,0,0,388
0,8,8,0,2,0,1,7,33,4,7,0,0,11,0,6,6,0,8,0,0,6,0,1,0,0,0,0,6,0,0,0,0,0,0,0,0,3,0,2062,0,8,3,4,0,3,4,0
3,0,159,22,0,0,1,839,67,1,27,0,0,0,0,0,1,0,2,1,1,0,0,2,1,0,1,3,2,1,1,2,0,1,1,3,4,13,2,2,3,6,1,5,5,9,0,0
8,41,0,2,0,2,76,4,1,1,0,0,0,29,0,17,1,4,0,0,0,4246,0,27,0,0,0,3,37,0,4,0,0,0,3,0,1,17,0,15,1,133,0,7,0,0,5500,0
4,0,41,8,1,25,0,89,46,1,24,21,213,0,20,23,3,10,4,10,3,25,10,42,10,6,0,3,18,5,16,7,2,9,7,6,23,1224,14,20,12,4,12,22,8,0,3,6
2,0,12,61,0,435,0,0,17,91,0,421,235,0,83,5,0,39,0,707,123,0,6,123,78,46,2,9,2,115,19,10,153,142,13,129,413,2,724,1,1,0,0,3,104,0,0,716
5,6,157,409,2,333,6,0,191,77,3,576,203,0,118,29,1,119,1,819,156,2,16,661,105,40,0,11,2,185,85,23,240,430,150,101,917,12,1003,3,20,7,10,56,150,2,0,803
1,0,0,285,0,1988,0,0,0,9,0,33,1684,0,2,0,0,1,0,224,9,2,0,19,1,0,0,0,2,30,32,3,286,250,10,7,844,0,213,0,1,0,0,0,843,0,0,171
0,0,5,115,7,0,0,1,87,0,704,0,1,0,0,9,1,1,148,0,2,0,0,0,0,0,0,0,1,0,0,0,0,0,0,0,1,1,0,1,0,0,82,0,0,14,0,0
1,1,1246,8,4,1,0,1470,186,0,378,1,0,0,0,5,15,0,13,0,1,12,0,3,0,0,0,4,12,2,3,0,0,3,3,2,0,437,0,33,1,13,9,1,0,138,12,0
9,4056,13,32,17,1,650,38,70,0,150,0,2,2954,0,9,21,141,16,0,0,57,0,28,0,0,0,1,2037,1,24,3,0,0,32,0,1,17,1,135,21,3269,22,32,62,16,192,0
1275,0,2,91,0,35,1,1,2,8,0,2,11,13,6,21,0,199,0,9,4,1,205,41,18,106,64,682,9,1114,43,22,216,491,18,332,20,1,9,2,35,1,1,543,4,0,0,8
25,0,2,617,0,8,15,1,2,0,0,1,9,29,2,254,0,128,0,7,1,13,1,196,0,1,0,11,3,4,319,16,3,4,358,8,7,3,6,4,1658,9,0,81,3,0,0,2
46,4,29,231,3,11,101,1,4,13,7,16,4,44,1,838,0,304,3,11,4,8,7,402,8,3,0,21,26,13,1794,12,10,7,2087,21,22,11,19,30,917,46,6,123,56,0,0,13
12,11,0,53,0,7,11,0,0,2,0,0,5,2,0,282,0,15,0,2,1,9,0,53,0,0,0,0,4,0,135,1,0,4,403,0,6,0,1,1,278,16,0,10,8,0,0,2
12,0,0,1,0,0,0,0,1,4,0,16,0,0,18,0,0,15,0,1,7,0,166,26,83,315,32,294,0,199,0,6,9,10,1,881,1,0,31,0,0,0,0,2,0,0,0,5
1,0,0,1,0,0,0,0,0,3,0,0,0,0,0,0,0,0,0,0,1,0,10,3,3,25,36,223,0,184,0,2,35,77,0,80,0,0,0,0,0,0,0,0,0,0,0,0
3,0,216,0,0,3,0,617,583,139,24,2,0,0,5,5,1,1,4,4,0,7,7,0,3,2,0,1,1,3,1,1,0,2,1,2,2,327,4,22,0,4,10,0,0,3,2,0
26,1,1,271,0,21,4,1,0,854,0,42,215,5,34,7,0,13,0,11,1278,1,80,74,39,188,43,29,1,39,8,1749,94,53,8,47,44,0,41,1,18,9,0,376,477,0,0,47
0,0,1,0,1965,0,0,0,2,0,62,0,0,0,0,8,1878,0,75,0,0,0,0,0,0,0,0,0,0,0,0,0,0,0,0,0,0,1,0,79,0,0,1346,0,0,2052,1,0
0,0,0,0,11,0,0,0,5,0,27,0,0,0,0,1,2,0,1662,0,0,0,0,0,0,0,0,0,0,0,0,0,0,0,0,0,0,0,0,4,0,0,473,0,0,52,0,0
0,0,561,10,20,3,0,45,1026,0,1132,2,0,0,0,90,37,0,23,2,0,12,1,1,3,2,0,0,6,0,4,1,0,0,1,1,4,397,0,45,0,11,31,0,0,62,5,1
0,29,26,0,28,0,1,1,47,0,31,0,0,68,0,1,42,1,1,0,0,3,0,1,0,0,0,0,13,0,0,0,0,0,0,0,1,5,0,398,0,25,2,4,0,10,3,0
5,0,3,2,0,0,0,0,5,8,0,17,0,0,3,1,0,16,0,16,12,0,23,12,19,12,7,46,0,77,2,7,22,45,0,41,24,0,56,0,0,0,0,3,0,0,0,48
45,0,2,64,0,188,0,0,0,20,0,43,102,1,3,4,0,33,0,81,52,0,9,122,8,10,1,48,0,23,15,11,9,9,17,214,215,0,378,0,18,0,0,121,15,0,0,572
24,18,9,3,2,3,91,7,31,3,4,0,0,79,1,11,2,93,0,1,4,1,0,22,0,0,0,6,36,6,3,59,0,0,6,2,0,8,2,488,46,8,7,800,48,4,1,4
1258,0,0,34,0,2,3,0,0,8,0,0,7,0,0,5,0,16,0,1,2,0,8,24,1,3,24,607,0,492,7,68,35,162,5,24,3,0,7,0,9,0,0,103,2,0,0,3
1,0,0,88,0,535,0,0,0,55,1,41,168,0,0,1,0,2,0,44,120,0,0,2,0,3,0,0,206,0,8,4,7,4,1,12,277,2,8,0,2,0,0,2,4,0,0,18
0,0,2,1,1103,0,2,2,3,0,48,0,0,2,0,3,857,1,58,0,0,1,0,2,0,0,0,0,5,0,0,0,0,0,0,0,2,4,1,52,0,3,1060,22,5,527,1,0
0,0,0,1,7,0,0,0,1,0,18,0,0,0,0,1,0,1,75,0,0,0,0,0,0,0,0,0,1,0,0,0,0,0,1,0,1,0,0,3,0,0,36,0,0,4,0,0
