0.43276,0.82982,0.38725,0.20794,0.60662,0.51795,0.71688,0.44052,0.25437,0.45669,0.32489,0.2238,0.55726,0.75522,0.50894,0.34943,0.65199,0.34308,0.70789,0.25131,0.43372,0.94648,0.25072,0.22305,0.27207,0.19058,0.43096,0.19262,0.56282,0.30073,0.63184,0.46334,0.23621,0.16253,0.59312,0.26449,0.27587,0.45786,0.29192,0.53862,0.51402,0.73415,0.41246,0.25009,0.30154,0.70143,0.94858,0.22578
0.46575
0,0,0,1,0,0,0,0,1,60,0,6,0,0,38,0,0,0,0,2,55,0,696,4,202,550,1108,30,0,45,0,60,50,18,0,131,0,0,1,0,0,0,0,0,0,0,0,6
0,0,0,0,0,3,0,0,1,2,0,677,8,0,1310,0,0,0,0,246,9,1,70,37,795,94,11,2,0,0,1,0,366,40,0,17,8,0,51,0,1,0,0,0,1,0,0,246
3,18,0,21,3,1,25,2,35,10,4,57,0,2,135,26,1,22,0,17,26,6,265,49,469,328,134,35,21,158,4,10,179,131,8,205,44,6,42,8,3,6,1,4,1,1,4,25
9,0,0,8,0,0,0,0,0,11,0,2,0,0,1,0,0,0,0,0,12,0,486,0,16,154,744,647,0,280,1,135,23,19,0,385,0,0,0,0,1,0,0,4,0,0,0,0
2,0,0,0,0,0,0,0,0,1,0,14,1,0,53,0,0,0,0,6,3,0,166,4,198,200,23,5,0,3,0,3,3,0,0,40,0,0,0,0,0,0,0,0,0,0,0,4
39,1,6,22,0,1,5,3,314,34,0,80,3,3,50,14,0,164,0,25,36,2,202,196,207,138,28,246,0,472,16,28,97,197,63,353,80,5,105,5,37,3,1,49,0,2,0,54
0,0,0,3,0,0,0,1,0,6,0,13,4,0,83,0,0,0,0,9,3,0,201,5,140,391,275,2,0,18,0,9,758,440,0,6,5,0,8,0,0,0,0,0,0,0,0,10
1,0,32,6,0,8,2,75,69,42,2,2,0,0,0,1,0,0,1,2,0,3,2,0,4,0,2,5,0,7,1,8,0,6,0,3,1,6,0,0,1,0,1,0,1,1,0,0
28,646,7,201,3,4,2917,13,21,2,152,1,1,612,0,18,6,997,12,1,2,30,0,49,0,0,0,1,630,1,41,8,0,0,42,0,2,7,0,65,62,754,7,253,588,3,36,1
0,0,1,0,1,0,0,0,43,0,390,0,0,0,0,1,2,0,234,0,0,0,0,0,0,0,0,0,0,0,0,0,0,0,0,0,0,0,0,1,0,0,118,0,0,31,0,0
2,1,255,74,5,0,1,51,392,0,138,1,0,0,1,13,3,2,2,3,1,16,0,7,5,1,2,2,0,0,1,0,0,0,0,5,17,89,5,21,0,3,10,1,0,11,3,2
6,24,288,54,14,8,105,39,440,1,10,1,1,30,4,15,10,107,0,6,1,2,1,42,10,1,0,1,72,4,15,1,2,8,13,0,10,21,11,224,30,13,0,236,30,6,31,11
12,5,199,18,0,20,57,4,4,148,16,9,9,3,0,35,0,416,0,2,7,0,1,21,0,0,0,0,132,1,128,60,5,3,20,1,13,27,16,6,23,11,3,57,289,0,0,7
1,0,0,4,0,6,0,0,1,121,0,692,12,0,528,0,0,6,0,305,267,0,60,109,417,164,14,3,0,40,0,11,230,94,2,148,57,1,216,0,1,0,0,0,11,0,0,329
64,0,0,2,0,0,0,1,2,0,0,0,0,0,0,0,0,0,0,1,0,2,42,0,3,25,3,492,0,225,3,2,1,8,0,63,0,0,0,0,0,0,0,10,0,0,0,0
2,1,3,30,0,2,8,0,0,2,0,2,1,0,0,43,0,8,0,4,1,2,0,186,4,0,1,3,2,2,102,1,1,3,220,2,9,0,14,1,44,3,0,5,1,0,0,4
6,28,1,89,0,1,10,8,13,1,1,0,0,9,0,539,3,2,1,0,0,13,0,21,0,0,0,9,352,2,9,1,0,1,10,0,1,3,0,49,2,50,0,10,0,4,14,0
3,0,0,74,0,2,0,0,13,1413,0,83,9,0,24,5,0,10,0,30,1685,1,23,128,40,32,13,18,0,16,7,1378,33,18,4,25,88,0,123,2,3,2,1,13,32,0,0,77
0,0,0,5,0,134,0,0,0,3,0,99,78,0,36,0,0,0,0,416,4,0,2,17,4,5,2,0,1,8,1,0,328,159,1,6,169,1,384,0,0,0,0,0,69,0,0,350
0,10,7,0,3,0,1,6,32,4,7,0,0,14,0,7,7,0,9,0,0,6,0,1,0,0,0,0,6,0,0,0,0,0,0,0,0,4,0,2057,0,9,3,2,0,2,4,0
7,0,158,20,1,0,1,818,80,1,30,1,0,0,0,0,2,0,1,0,3,1,0,5,2,0,1,3,2,3,0,1,0,1,1,3,4,14,1,1,2,3,0,7,4,9,0,1
8,42,0,8,0,2,74,3,0,1,0,0,0,30,0,16,1,3,0,0,0,4209,0,27,1,0,0,3,34,0,2,0,0,0,3,0,1,18,0,14,0,139,0,7,0,0,5534,0
5,0,46,20,1,22,0,83,40,2,25,16,222,0,23,22,3,10,4,11,2,28,9,39,18,7,0,4,15,6,10,9,1,11,7,5,19,1206,13,19,12,4,12,26,9,0,3,11
1,0,1,60,0,452,0,0,25,86,0,464,234,0,89,4,1,41,0,681,114,0,6,116,74,50,1,10,2,109,17,11,160,154,8,129,434,2,719,0,1,0,0,4,103,0,0,679
4,5,21,383,1,372,4,0,251,65,0,648,207,2,125,27,0,142,1,765,138,0,19,629,110,56,0,14,2,183,92,25,257,465,164,102,941,9,1015,1,20,12,12,54,137,3,0,762
0,0,0,260,0,2034,0,0,0,3,0,37,1669,0,1,0,0,1,0,321,9,2,0,20,0,0,0,0,2,30,21,2,272,268,8,8,788,0,192,0,1,0,0,1,844,0,0,156
0,0,2,108,8,0,0,0,71,0,728,0,1,0,0,11,1,3,147,0,2,0,0,0,0,0,0,0,1,0,0,0,0,0,0,1,1,1,0,1,0,0,82,0,0,12,0,0
1,3,1257,5,3,0,0,1433,232,0,383,1,0,1,0,4,14,0,12,0,1,8,0,2,0,0,0,4,19,2,1,1,0,4,4,1,1,426,0,30,1,11,8,1,0,130,14,0
12,4135,12,71,14,2,652,36,66,0,147,0,2,2857,0,11,25,123,17,0,0,61,0,36,0,0,0,1,2083,0,21,3,0,0,24,0,1,15,1,144,22,3220,26,40,59,14,177,0
1268,0,3,129,0,36,1,0,4,8,0,2,8,10,5,21,0,163,0,9,4,1,208,31,20,107,65,668,9,1153,54,19,231,440,14,336,23,2,8,5,40,0,1,547,4,0,0,9
20,0,11,644,0,8,14,1,2,1,0,3,10,24,2,252,0,128,0,3,0,11,2,234,0,3,0,10,2,5,281,16,1,3,374,6,6,3,6,6,1631,9,0,70,4,0,0,5
49,3,39,261,4,10,97,0,4,10,8,13,3,35,2,803,0,346,4,11,2,7,8,502,8,3,0,19,27,14,1778,11,11,8,2070,18,16,12,18,30,854,52,3,95,55,0,0,14
13,8,0,51,0,7,14,0,0,1,0,0,4,3,0,272,0,15,0,2,1,11,0,61,0,0,0,3,3,0,156,0,0,4,386,0,6,0,3,0,279,12,0,10,8,0,0,1
11,0,0,1,0,0,0,0,0,4,0,15,0,0,21,0,0,16,0,1,7,0,173,16,89,316,34,287,0,193,0,6,12,8,1,890,1,0,28,0,0,0,0,1,0,0,0,5
2,0,0,1,0,0,0,0,0,3,0,0,0,0,0,0,0,0,0,0,1,0,4,1,5,26,37,198,0,186,0,1,39,75,0,103,1,0,1,0,0,0,0,0,0,0,0,0
3,0,199,0,0,3,0,615,569,153,25,2,0,1,3,3,1,0,5,5,0,5,5,0,6,3,0,2,1,4,0,2,1,11,1,3,2,338,3,21,0,3,8,0,0,3,3,0
26,1,3,266,0,23,2,1,2,825,1,44,210,4,32,6,0,13,0,11,1290,1,84,47,37,199,40,27,1,46,12,1706,74,51,9,55,69,0,44,1,22,12,0,391,476,0,0,86
0,0,1,1,1869,0,0,0,1,0,63,0,0,0,0,7,1866,0,77,0,0,0,0,0,0,0,0,0,1,0,0,0,0,0,0,0,0,1,0,65,0,0,1357,0,0,2159,2,0
0,0,0,0,10,0,0,0,3,0,28,0,0,0,0,1,2,0,1660,0,0,0,0,0,0,0,0,0,0,0,0,0,0,0,0,0,0,0,0,4,0,0,475,0,0,54,0,0
0,2,658,10,20,3,0,46,961,0,1090,1,0,0,0,91,33,0,23,1,0,13,1,0,3,2,0,0,6,0,0,1,0,1,1,1,4,399,1,46,0,11,31,0,0,73,5,1
0,33,26,1,25,0,1,4,42,0,31,0,0,59,0,2,45,0,2,0,0,3,0,2,0,0,0,0,14,0,0,0,0,0,0,0,0,4,0,398,0,27,2,4,0,13,3,0
5,0,1,2,0,0,0,0,8,5,0,19,0,1,3,1,0,19,0,16,11,0,21,8,21,15,6,45,0,79,2,9,21,43,0,39,27,0,55,0,0,0,0,3,0,0,0,47
41,0,0,73,0,219,0,0,2,17,0,41,115,1,3,3,0,35,0,75,57,0,10,102,11,11,1,59,0,26,14,13,9,7,16,237,288,0,372,0,18,0,0,110,13,0,0,454
34,15,8,5,1,3,72,7,29,4,5,0,0,80,2,12,2,92,1,0,4,1,1,34,1,0,0,5,34,5,5,66,0,0,8,2,3,8,2,545,53,14,7,716,49,4,1,3
1241,0,0,37,0,2,3,0,0,6,0,1,5,0,0,7,0,15,0,2,2,0,8,29,2,2,26,605,1,508,7,61,37,158,6,25,1,0,7,0,7,0,0,108,1,0,0,3
1,0,1,67,0,539,0,0,0,38,2,45,178,0,0,0,0,4,0,55,125,0,0,2,0,3,0,0,218,0,10,4,7,4,1,11,267,1,11,0,2,0,0,2,6,0,0,12
0,1,0,0,1086,0,3,3,4,0,51,0,0,2,0,4,834,2,58,0,0,1,0,1,0,0,0,0,7,0,1,0,0,0,0,0,2,5,1,49,0,3,1083,22,4,540,0,0
0,1,0,1,9,0,0,0,1,0,18,0,0,0,0,1,0,1,74,0,0,0,0,0,0,0,0,0,1,0,0,0,0,0,1,0,1,0,0,0,0,0,38,0,0,3,0,0
