0.43091,0.82579,0.46283,0.24956,0.64069,0.4695,0.6228,0.4055,0.20957,0.35802,0.26451,0.22699,0.54426,0.683,0.48445,0.26404,0.41457,0.29732,0.72393,0.29503,0.44293,0.95352,0.27402,0.243,0.24777,0.14686,0.38813,0.20418,0.58046,0.34576,0.63602,0.47859,0.19183,0.26858,0.60155,0.26338,0.35215,0.47011,0.31639,0.16998,0.49591,0.71732,0.40424,0.20528,0.28866,0.44429,0.93338,0.19384
0.44083
0,0,0,0,0,0,0,0,1,21,0,5,0,0,57,3,0,0,0,1,87,0,867,0,232,393,1138,27,0,16,0,21,54,7,0,127,1,0,1,0,0,0,0,0,0,0,0,5
0,0,0,0,0,7,0,0,1,1,0,405,4,0,1402,1,0,1,0,183,6,0,39,12,776,155,9,2,0,1,0,0,507,37,0,16,13,0,59,0,0,0,0,1,1,0,0,358
2,8,2,8,2,0,26,4,49,6,2,149,0,1,175,13,4,14,1,8,29,6,276,19,450,269,143,38,6,127,2,5,214,76,8,207,63,10,51,22,1,5,4,4,1,8,6,31
4,0,0,0,0,0,0,1,0,79,0,2,0,0,2,0,0,0,0,0,30,0,639,1,40,89,752,650,0,153,1,34,22,1,1,429,0,0,0,0,1,0,0,7,0,0,0,0
1,0,0,0,0,0,0,0,0,1,0,7,1,0,53,1,0,0,0,5,3,0,201,3,172,197,15,3,0,1,0,1,9,0,0,48,0,0,0,0,0,0,0,0,0,0,0,7
44,0,0,12,0,3,4,2,329,28,3,217,3,6,66,14,0,106,0,14,44,2,206,117,249,112,44,195,2,436,14,27,113,107,52,387,153,4,176,3,24,2,0,29,3,0,0,34
0,0,0,0,0,0,0,0,0,4,0,13,3,0,127,0,0,0,0,2,13,0,128,1,229,335,465,3,0,18,0,1,695,335,0,1,0,0,5,0,0,0,0,0,0,0,0,12
2,0,20,8,1,1,0,59,92,46,4,0,0,1,0,1,0,1,0,6,1,2,4,0,2,1,1,6,0,6,2,2,1,10,0,3,0,5,1,1,0,0,0,2,0,1,0,2
48,750,3,114,5,3,2513,12,13,7,18,2,2,724,0,19,18,886,9,0,2,19,0,74,0,0,0,1,642,3,41,10,0,0,24,0,1,9,0,60,41,556,67,499,967,2,60,0
0,0,2,0,10,0,0,0,29,0,403,0,0,0,0,0,2,0,222,0,0,0,0,0,0,0,0,0,0,0,0,0,0,0,0,0,0,0,0,1,0,0,135,0,0,18,0,0
2,2,214,32,7,1,1,43,393,0,169,2,0,0,0,5,14,1,1,2,1,8,0,3,4,3,0,1,5,0,2,0,0,1,0,7,9,84,8,16,0,0,10,0,2,89,2,2
12,23,235,48,7,6,95,33,319,1,6,5,2,37,6,10,13,120,0,1,0,4,1,80,6,0,0,1,27,7,20,1,12,8,9,2,8,18,9,367,20,18,2,212,14,110,13,11
13,4,26,16,0,30,29,1,4,318,24,6,13,7,0,61,0,392,0,0,8,0,0,103,1,0,0,0,115,0,172,29,6,2,12,1,16,24,17,10,25,5,0,48,245,0,0,5
2,0,0,7,0,10,0,0,3,15,0,656,12,0,594,2,0,4,0,268,227,0,34,21,358,227,13,2,0,25,0,10,325,96,3,166,106,1,226,0,1,0,0,0,15,0,0,421
66,0,0,2,0,1,0,0,1,3,0,1,0,0,0,3,0,0,0,0,0,2,85,1,3,10,2,454,1,211,1,3,0,2,0,88,1,0,0,0,0,0,0,8,0,0,0,0
5,0,3,25,0,2,4,0,1,0,0,4,1,0,0,37,0,16,0,8,0,0,2,191,2,0,0,3,4,2,96,2,1,3,214,1,22,1,14,4,30,5,0,10,2,0,0,2
7,23,0,14,0,2,11,6,10,5,2,0,0,11,1,475,16,3,1,0,0,13,0,23,0,0,0,12,108,7,9,0,0,0,12,0,7,2,0,418,2,38,0,7,1,2,14,1
3,0,0,26,0,4,1,0,10,846,3,151,6,0,34,3,0,7,0,28,2045,0,7,38,72,183,20,19,0,22,2,1292,36,33,3,14,173,1,154,0,0,0,1,15,58,0,0,118
0,0,0,8,0,133,0,0,0,1,0,146,102,0,51,0,0,0,0,381,3,0,0,4,7,11,2,0,1,6,0,1,395,215,1,2,88,1,286,0,0,0,0,0,74,0,0,363
0,15,7,0,4,0,1,6,29,9,7,0,0,9,0,2,1481,0,9,0,0,8,0,1,0,0,0,0,1,0,0,0,0,0,0,0,0,5,0,581,0,11,8,1,0,4,2,0
4,1,121,10,2,0,1,759,124,0,38,0,0,0,0,50,2,1,2,1,1,0,0,3,1,2,0,5,6,6,0,1,0,1,1,3,2,18,3,5,0,2,2,4,6,4,0,0
8,39,0,2,0,1,77,2,2,1,0,0,1,15,0,21,7,1,0,0,0,4062,0,29,1,0,0,1,66,1,2,0,0,0,3,0,3,28,0,31,1,83,0,3,1,0,5688,0
7,1,52,16,1,18,0,49,20,20,23,19,350,1,22,52,9,7,5,13,3,16,6,21,9,3,0,5,37,7,8,4,5,16,4,5,26,1093,16,24,12,0,13,5,7,14,1,15
2,0,1,75,0,461,0,0,17,64,1,533,238,0,95,3,0,46,0,617,93,0,2,37,59,85,4,9,5,84,8,12,186,240,5,115,444,0,740,0,0,0,2,2,121,0,0,636
7,2,7,434,2,270,8,0,191,30,22,767,255,1,136,38,0,138,1,597,99,0,11,302,129,89,5,14,5,137,60,19,301,730,127,77,1235,12,1102,2,18,2,8,27,204,1,0,623
1,0,0,326,0,1770,0,0,0,1,0,38,1617,0,0,0,0,0,0,1027,8,2,0,16,0,0,0,1,9,14,8,1,284,326,4,2,438,0,115,0,0,0,0,0,786,0,0,156
0,0,9,5,10,0,0,0,38,0,874,0,1,0,0,2,1,0,132,0,1,0,0,0,0,0,0,0,4,0,0,0,0,0,0,0,3,1,2,3,0,0,84,0,1,10,0,0
1,4,1401,11,15,0,0,1092,396,0,385,0,0,0,0,72,14,0,9,1,1,6,0,2,0,0,0,4,12,3,0,0,0,4,3,0,1,412,0,59,0,6,5,2,0,92,5,0
13,4541,8,10,11,2,1095,23,53,3,43,0,1,2439,0,22,44,196,21,0,0,58,0,36,0,0,0,1,1883,1,24,3,0,0,16,0,3,26,0,316,16,2469,145,46,255,12,295,0
1288,0,1,135,0,32,1,0,5,18,0,29,20,16,10,28,0,80,0,8,6,0,307,39,25,87,87,602,10,1252,61,23,229,143,19,458,8,0,17,4,23,2,0,583,4,0,0,6
23,0,8,710,0,2,4,0,4,2,0,6,6,38,1,76,1,159,0,7,1,10,6,354,1,2,0,7,1,5,301,14,0,11,363,9,5,2,3,4,1515,29,2,114,0,0,1,4
61,3,114,301,4,11,68,0,8,21,3,6,8,32,2,458,6,578,0,4,5,5,13,616,11,4,1,11,20,20,1840,6,9,13,1789,20,20,9,18,19,928,132,10,100,19,0,1,10
11,9,2,120,0,6,12,0,0,4,0,0,10,2,0,248,0,23,0,3,0,7,0,83,0,0,0,1,5,0,167,0,0,9,250,0,5,0,2,0,326,17,0,7,5,0,0,0
10,0,0,0,0,0,0,0,2,2,0,31,1,1,26,1,0,10,0,0,10,0,224,7,160,225,34,228,0,167,0,6,20,5,5,925,3,0,30,0,0,0,0,2,0,0,0,1
0,0,0,0,0,0,0,0,0,2,0,0,0,0,1,0,0,0,0,0,5,0,5,2,10,26,54,227,0,170,0,0,44,17,0,119,0,0,1,0,0,0,0,1,0,0,0,0
3,0,151,0,0,1,0,547,585,176,19,1,0,1,1,1,8,0,3,6,0,4,4,0,2,4,1,2,1,6,0,0,0,43,1,1,1,381,2,18,0,3,6,2,0,23,0,4
25,1,1,48,0,24,1,2,2,541,0,52,19,7,22,6,0,17,0,17,1747,1,54,25,79,440,98,26,0,49,16,1509,92,170,10,42,45,0,42,1,11,10,0,332,514,0,0,152
0,0,1,0,2992,0,0,0,1,0,111,0,0,0,0,2,1696,0,78,0,0,2,0,0,0,0,0,0,0,0,0,0,0,0,0,0,0,1,0,151,0,0,1163,0,0,1272,0,0
0,0,1,0,36,0,0,0,1,0,51,0,0,0,0,1,4,0,1694,0,0,0,0,0,0,0,0,0,0,0,0,0,0,0,0,0,0,1,0,0,0,0,431,0,0,17,0,0
0,1,603,10,23,1,0,44,740,0,898,1,0,0,1,40,49,0,21,2,0,12,1,0,3,1,0,0,9,1,0,0,2,2,1,2,7,151,3,62,0,1,37,0,0,807,2,1
0,51,24,0,25,0,9,1,18,2,25,0,0,42,0,1,181,0,2,0,0,4,0,1,0,0,0,0,2,0,0,0,0,0,0,0,1,5,0,286,0,25,5,0,0,27,4,0
6,0,0,4,0,3,0,0,9,7,0,40,0,0,5,0,0,17,0,13,8,0,18,5,26,16,10,47,0,78,2,3,27,28,0,37,37,0,56,0,0,0,0,1,0,0,0,29
48,0,0,119,0,396,0,0,1,15,0,62,130,1,3,8,0,59,0,127,38,0,12,80,11,9,1,54,0,35,12,15,8,10,11,170,371,0,299,0,8,0,0,76,16,0,0,248
66,19,7,4,4,6,72,4,26,7,1,0,0,172,1,11,77,84,1,1,0,4,1,138,1,0,1,4,10,4,9,77,0,0,5,3,2,18,2,507,44,21,16,484,22,4,0,3
1194,0,0,30,0,0,0,1,1,48,0,12,0,5,0,5,0,11,0,0,6,1,11,23,1,9,32,684,1,540,9,18,19,12,15,18,2,0,11,2,5,0,0,192,1,0,0,4
0,0,1,155,0,563,0,0,1,8,9,10,165,0,0,1,0,0,0,130,86,0,0,3,0,9,0,0,234,0,3,3,7,5,1,7,181,0,12,0,2,0,0,1,2,0,0,17
0,1,2,0,1504,0,2,2,1,0,220,1,0,2,0,2,444,2,60,0,0,2,0,21,0,0,0,0,11,0,0,0,0,0,1,0,3,2,0,440,1,0,689,13,0,341,0,0
0,1,0,0,5,0,0,0,1,0,31,0,0,0,0,0,0,0,68,0,0,0,0,0,0,0,0,0,1,0,1,0,0,0,1,0,0,0,0,1,0,0,32,0,3,5,0,0
