0.43201,0.82938,0.36886,0.21289,0.61712,0.52294,0.71826,0.443,0.26219,0.45203,0.33541,0.23726,0.57095,0.76448,0.50796,0.35908,0.64602,0.35314,0.70853,0.26287,0.43556,0.94777,0.24937,0.22175,0.27226,0.19251,0.43559,0.1944,0.54514,0.29554,0.63135,0.46722,0.23494,0.16708,0.59438,0.26366,0.27284,0.46031,0.28806,0.53654,0.51447,0.73736,0.41649,0.25292,0.29866,0.69816,0.94805,0.23227
0.46761
0,0,1,1,0,0,0,0,0,63,0,6,0,0,39,0,0,0,0,2,50,0,689,5,207,550,1109,31,0,47,0,63,49,20,0,129,0,0,1,0,0,0,0,0,0,0,0,2
0,0,0,0,0,2,0,0,1,2,0,717,5,0,1308,0,0,0,0,267,9,1,67,41,795,92,10,2,0,0,1,0,370,42,0,14,9,0,46,0,1,0,0,0,1,0,0,194
2,15,12,17,3,1,23,2,29,14,5,61,0,0,141,26,2,22,0,20,20,4,264,59,474,334,127,33,22,161,2,14,169,124,8,198,44,6,40,9,3,10,0,6,0,1,5,23
9,0,0,6,0,0,0,1,0,13,0,1,0,0,0,0,0,0,0,0,13,0,483,0,18,153,737,631,0,287,2,144,21,20,0,392,0,0,1,0,1,0,0,5,0,0,0,0
2,0,0,0,0,0,0,0,0,1,0,18,1,0,55,0,0,0,0,7,1,0,158,5,199,205,21,5,0,3,0,3,1,0,0,41,0,0,0,0,0,0,0,0,0,0,0,3
40,0,52,19,0,1,5,4,283,34,0,76,4,1,48,19,0,168,0,26,37,1,199,221,203,133,27,243,0,467,19,29,88,198,45,353,78,6,104,5,33,3,1,59,0,1,0,53
0,0,0,3,0,0,0,1,0,8,0,17,4,0,85,0,0,0,0,9,3,0,215,7,141,404,275,2,0,16,0,9,745,424,0,5,4,0,6,0,0,0,0,0,0,0,0,7
1,0,38,11,0,7,2,74,65,43,2,0,0,0,0,1,0,0,1,1,0,3,2,0,5,0,1,5,0,8,1,8,0,5,0,2,1,4,1,0,0,0,1,0,1,1,0,0
27,651,7,196,4,4,2993,13,20,1,153,0,1,595,0,14,6,1028,12,0,3,30,1,43,0,0,0,1,623,0,34,8,0,0,44,0,0,10,0,60,56,734,9,200,607,3,32,1
0,0,0,0,2,0,0,0,47,0,388,0,0,0,0,1,2,0,234,0,0,0,0,0,0,0,0,0,0,0,0,0,0,0,0,0,0,0,0,1,0,0,119,0,0,28,0,0
2,1,252,77,4,0,1,50,396,0,137,3,0,0,1,12,4,1,3,4,1,14,0,8,7,1,2,2,1,0,2,0,0,0,0,3,12,85,4,22,0,5,8,1,0,12,6,2
6,25,278,51,12,10,108,36,455,1,8,2,1,28,4,11,12,82,0,4,2,1,0,40,11,1,0,1,59,4,22,1,2,4,10,0,10,15,11,234,30,16,0,275,30,6,30,10
12,5,217,19,0,16,52,4,3,121,15,7,9,4,0,45,0,408,0,3,9,1,0,23,0,0,0,1,140,1,105,58,5,1,19,2,17,24,20,6,29,16,4,72,287,0,0,8
1,0,1,5,0,6,0,0,1,126,0,683,13,0,532,0,0,6,0,332,268,0,56,118,411,155,13,3,0,43,0,13,230,88,4,150,67,1,204,0,0,0,0,0,11,0,0,309
65,0,0,2,0,0,0,1,2,0,0,0,0,0,0,1,0,0,0,1,0,2,45,1,2,25,3,486,0,224,3,2,1,8,0,62,0,0,0,0,0,0,0,13,0,0,0,0
3,1,1,26,0,2,9,0,0,2,0,2,3,0,0,45,0,8,0,6,1,1,0,170,4,0,0,2,3,3,115,1,1,3,225,2,8,0,10,1,46,4,0,6,0,0,0,3
7,28,1,11,0,1,10,10,12,1,1,0,0,8,0,531,3,2,1,0,0,14,0,20,0,0,0,6,432,2,10,1,0,1,16,0,1,3,0,52,2,51,1,9,0,2,13,0
3,0,5,77,0,0,0,0,10,1437,0,82,8,0,22,5,0,13,0,34,1683,1,21,139,40,35,12,17,0,17,7,1365,30,17,3,23,77,0,121,2,2,3,1,13,32,0,0,71
0,0,0,5,0,125,0,0,0,3,0,84,91,0,39,0,0,0,0,415,4,0,2,17,4,6,2,0,1,11,2,0,316,153,1,6,172,1,393,0,0,0,0,0,66,0,0,363
0,8,8,0,3,0,1,6,31,4,8,0,0,12,0,8,6,0,8,0,0,6,0,1,0,0,0,0,7,0,0,0,0,0,0,0,0,3,0,2063,0,8,3,2,0,1,4,0
7,0,160,17,1,0,1,829,80,0,26,1,0,0,0,0,2,0,2,0,2,0,0,5,2,0,1,3,2,1,0,1,0,2,1,2,4,12,1,2,2,4,0,6,4,8,0,1
8,42,0,2,0,2,76,4,0,1,0,0,0,31,0,17,0,4,0,0,0,4228,0,31,1,0,0,3,38,0,3,0,0,0,3,0,1,19,0,16,1,131,0,7,0,0,5511,0
3,0,38,11,1,23,0,97,42,1,27,20,212,0,24,21,3,11,4,10,3,25,9,41,16,6,0,3,23,5,14,9,1,9,6,3,23,1212,13,16,14,3,13,25,8,0,3,9
1,0,14,57,0,429,0,0,21,92,0,440,240,0,84,3,0,39,0,692,119,0,7,122,70,43,2,10,2,113,17,10,154,150,11,128,433,2,729,1,1,0,0,3,102,0,0,701
4,5,144,407,1,347,8,0,215,70,1,586,199,0,124,27,0,123,0,807,143,2,18,628,107,47,0,10,3,183,99,25,253,435,157,104,920,9,1001,3,18,8,12,53,152,1,0,786
0,0,1,289,0,1995,0,0,0,6,0,34,1706,0,1,0,0,1,0,233,9,2,0,19,0,0,0,0,2,29,34,3,297,254,8,7,813,0,207,0,2,0,0,0,847,0,0,151
0,0,4,115,7,0,0,0,74,0,706,0,1,0,0,12,1,3,153,0,2,0,0,0,0,0,0,0,1,0,0,0,0,0,0,0,1,0,0,1,0,0,87,0,0,13,0,0
1,2,1232,4,1,1,0,1465,232,0,375,1,0,0,0,6,17,0,12,0,1,9,0,3,0,0,0,4,17,1,1,0,0,5,4,1,1,427,0,29,1,12,9,2,0,130,12,0
11,4088,10,38,12,1,639,29,71,0,161,0,2,2944,0,9,27,128,18,0,0,62,0,34,0,0,0,1,2041,0,22,2,0,0,27,0,2,16,0,151,22,3237,23,41,62,15,184,0
1274,0,1,125,0,36,2,1,3,6,0,2,11,14,6,24,0,177,0,8,5,1,211,34,19,102,60,666,10,1126,39,21,233,469,15,338,23,1,9,2,39,1,1,541,3,0,0,7
22,0,1,641,0,8,13,1,2,0,0,1,9,26,2,265,0,138,0,6,1,12,2,216,0,3,0,9,4,5,273,14,1,3,362,8,7,3,6,5,1653,11,0,69,5,0,0,4
46,3,24,257,4,11,105,1,5,12,12,16,3,38,1,846,0,333,3,12,3,7,10,456,9,2,0,19,29,10,1752,11,8,7,2053,21,21,11,19,29,893,53,2,111,54,0,0,15
12,8,0,60,0,8,17,0,0,2,0,0,4,0,0,276,0,13,0,2,1,10,0,60,0,0,0,1,4,0,146,0,0,3,392,0,7,0,3,1,273,13,0,10,8,0,0,0
12,0,0,1,0,0,0,0,0,4,0,17,0,0,20,0,0,17,0,1,8,0,169,23,90,311,37,291,0,196,0,5,11,7,1,878,1,0,28,0,0,0,0,2,0,0,0,6
2,0,0,0,0,0,0,0,0,3,0,0,0,0,0,0,0,0,0,0,1,0,8,1,4,26,36,200,0,185,0,2,37,75,0,102,1,0,1,0,0,0,0,0,0,0,0,0
3,0,198,0,0,3,0,617,581,141,23,1,0,0,5,3,1,1,5,4,0,4,4,0,8,2,0,2,1,5,0,2,0,10,1,2,2,338,3,23,0,3,8,0,0,5,3,0
29,1,1,263,0,24,4,1,2,887,2,45,175,4,27,8,0,15,0,8,1265,1,84,62,39,188,41,28,1,39,10,1732,74,57,9,49,60,0,41,1,20,9,0,400,480,0,0,64
0,0,1,0,1918,0,0,0,2,0,60,0,0,0,0,7,1867,0,75,0,0,0,0,0,0,0,0,0,2,0,0,0,0,0,0,0,0,1,0,77,0,0,1374,0,0,2084,2,0
0,0,0,0,10,0,0,0,2,0,26,0,0,0,0,1,2,0,1670,0,0,0,0,0,0,0,0,0,0,0,0,0,0,0,0,0,0,0,0,4,0,0,470,0,0,52,0,0
0,0,597,11,17,3,0,46,984,0,1133,1,0,0,0,87,35,0,23,2,0,13,1,0,5,2,0,0,7,0,1,1,0,0,0,1,5,406,0,40,0,12,37,0,0,64,4,1
0,29,26,1,23,0,1,3,41,0,33,0,0,61,0,2,47,0,1,0,0,3,0,1,0,0,0,0,13,0,0,0,0,0,0,0,0,5,0,403,0,27,2,4,0,12,3,0
5,0,4,2,0,0,0,0,5,8,0,18,0,0,3,1,0,18,0,16,13,0,21,11,19,15,6,45,0,80,2,7,21,44,0,41,24,0,54,0,0,0,0,3,0,0,0,46
46,0,3,62,0,196,0,0,1,18,0,39,110,1,3,3,0,38,0,82,54,0,8,112,7,10,1,52,0,26,16,12,8,9,15,220,261,0,380,0,15,0,0,112,13,0,0,520
31,17,7,3,3,3,92,8,30,3,4,0,0,82,1,8,3,90,0,2,4,2,1,22,1,0,0,6,37,6,3,66,0,0,7,2,1,7,2,526,47,13,7,737,52,2,1,4
1251,0,0,34,0,3,3,0,0,5,0,0,4,0,0,5,0,18,0,2,2,0,8,30,2,3,23,602,1,506,7,62,38,157,5,29,2,0,8,0,7,0,0,102,2,0,0,2
1,0,1,84,0,547,0,0,0,46,1,41,172,0,0,1,0,4,0,52,124,0,0,2,0,3,0,0,210,0,11,3,7,3,1,12,256,1,8,0,2,0,0,2,4,0,0,17
0,0,0,0,1075,0,2,3,4,0,51,0,0,2,0,4,850,1,58,0,0,1,0,1,0,0,0,0,7,0,0,0,0,0,0,0,2,5,0,57,0,3,1072,23,5,540,0,1
0,0,0,1,7,0,0,0,1,0,20,0,0,0,0,1,0,1,74,0,0,0,0,0,0,0,0,0,1,0,0,0,0,0,1,0,1,0,0,3,0,0,35,0,0,4,0,0
