0.43017,0.828,0.36374,0.21218,0.61644,0.52469,0.71535,0.44254,0.27615,0.45069,0.3353,0.23692,0.57243,0.76738,0.50585,0.36279,0.64962,0.3827,0.71601,0.26534,0.4329,0.94673,0.25285,0.22746,0.27611,0.19352,0.4336,0.19551,0.54722,0.29552,0.625,0.46569,0.23392,0.16737,0.59715,0.26622,0.26914,0.46572,0.2841,0.5417,0.51425,0.73629,0.4089,0.27201,0.29788,0.69953,0.94793,0.23843
0.46902
0,0,1,1,0,0,0,0,0,58,0,6,0,0,41,0,0,0,0,2,54,0,688,6,211,561,1097,31,0,46,0,64,48,21,0,127,0,0,1,0,0,0,0,0,0,0,0,0
0,0,0,0,0,2,0,0,1,1,0,720,5,0,1298,0,0,0,0,270,9,0,66,44,809,94,12,2,0,0,1,0,366,42,0,14,11,0,48,0,1,0,0,0,1,0,0,180
3,15,13,18,3,0,26,2,29,15,5,62,0,1,146,26,1,19,0,22,20,4,257,57,476,341,121,31,21,161,4,11,174,121,8,204,41,7,40,8,2,9,1,4,0,2,5,19
8,0,0,7,0,0,0,1,0,13,0,2,0,0,0,0,0,0,0,0,11,0,472,0,18,155,734,635,0,284,2,147,23,23,0,395,0,0,1,0,1,0,0,6,0,0,0,0
2,0,0,0,0,0,0,0,0,1,0,17,1,0,54,0,0,0,0,7,1,0,155,6,197,212,20,6,0,3,0,3,1,0,0,40,0,0,0,0,0,0,0,0,0,0,0,3
40,0,79,21,0,1,5,4,251,33,0,78,4,2,52,20,0,157,0,25,43,2,191,242,202,143,28,238,0,485,17,32,87,195,29,343,77,5,105,4,32,4,1,57,0,1,0,51
0,0,0,3,0,0,0,1,0,7,0,17,4,0,83,0,0,0,0,10,2,0,217,9,143,400,274,3,0,16,0,10,731,440,0,3,3,0,6,0,0,0,0,0,0,0,0,8
1,0,45,12,0,6,1,78,63,41,2,0,0,0,0,1,0,0,1,1,0,2,2,0,4,0,1,4,0,7,1,8,0,2,0,2,1,4,1,0,0,0,1,0,1,1,1,0
33,653,6,187,6,5,2973,12,20,1,153,2,1,566,0,15,6,1137,11,0,3,30,0,32,0,0,0,1,609,0,40,7,0,0,45,0,2,10,0,59,57,758,10,129,604,3,37,1
0,0,0,0,4,0,0,0,44,0,396,0,0,0,0,2,2,0,226,0,0,0,0,0,0,0,0,0,0,0,0,0,0,0,0,0,0,0,0,1,0,0,122,0,0,25,0,0
2,1,256,78,5,0,1,53,396,0,135,3,0,0,1,13,4,1,3,3,1,15,0,8,5,1,2,2,1,0,4,0,0,0,0,3,13,76,4,24,0,4,9,1,0,9,7,2
6,29,282,51,9,10,111,36,444,1,8,1,1,30,4,11,15,83,0,6,1,1,0,39,10,1,0,1,57,5,24,1,2,8,12,1,8,18,13,219,27,12,0,283,30,6,30,12
13,5,224,15,0,17,58,4,4,121,14,7,10,4,0,47,0,384,0,1,9,0,0,23,0,0,0,0,142,1,96,62,5,2,15,2,17,27,23,6,29,17,5,78,288,0,0,13
2,0,2,4,0,4,0,0,1,126,0,696,12,0,528,0,0,4,0,331,268,0,54,124,416,154,12,3,0,42,0,14,225,96,5,146,72,1,200,0,0,0,0,0,11,0,0,297
64,0,0,2,0,0,0,1,2,0,0,0,0,0,0,0,0,0,0,1,0,1,43,2,2,26,4,487,0,225,3,2,1,7,0,61,0,0,0,0,1,0,0,13,0,0,1,0
4,1,1,22,0,2,8,0,0,2,0,3,2,0,0,44,0,8,0,5,1,1,1,164,3,0,0,2,4,2,117,1,2,3,229,1,8,0,11,2,48,3,0,8,1,0,0,3
6,33,1,6,0,1,12,8,13,1,1,0,0,7,0,526,4,2,1,0,0,16,0,25,0,0,0,7,427,2,12,1,0,1,15,0,1,4,0,47,1,53,1,11,0,3,14,0
3,0,4,76,0,1,2,0,10,1435,0,82,6,0,24,5,0,8,0,33,1684,1,20,155,38,37,16,17,0,16,6,1356,30,16,5,22,78,0,119,1,2,2,1,14,35,0,0,68
0,0,0,5,0,128,0,0,0,3,0,81,90,0,38,0,0,0,0,423,4,0,2,18,4,6,2,0,1,11,2,0,302,151,1,6,176,1,390,0,0,0,0,0,69,0,0,368
0,8,8,0,1,0,1,7,34,4,9,0,0,11,0,6,6,0,9,0,0,6,0,1,0,0,0,0,7,0,0,0,0,0,0,0,0,3,0,2059,0,8,2,4,0,3,4,0
5,0,159,15,0,0,1,834,74,1,30,1,0,0,0,0,2,0,1,0,1,0,0,2,1,0,1,3,3,1,2,2,0,1,1,5,5,13,1,2,1,5,2,4,4,9,0,0
9,41,1,0,0,2,75,4,1,1,0,0,0,29,0,16,1,4,0,0,0,4230,0,29,0,0,0,3,38,0,4,0,0,0,3,0,1,18,0,16,1,130,0,7,0,0,5516,0
3,0,42,8,2,24,0,95,45,1,26,20,209,0,20,22,3,10,4,10,3,25,11,42,12,5,0,4,21,6,14,8,1,8,6,2,23,1216,17,18,13,4,13,23,8,0,3,10
1,0,16,62,0,427,0,0,15,91,0,434,241,0,82,3,0,39,0,693,119,0,7,125,79,45,2,10,2,113,22,11,151,147,9,127,433,3,724,1,1,0,0,3,104,0,0,700
6,5,148,396,1,334,7,0,192,79,3,586,211,0,125,29,0,128,0,813,146,2,15,656,110,47,0,10,3,185,105,21,245,441,142,102,907,10,983,2,21,8,13,52,151,1,0,804
1,0,0,293,0,1987,0,0,0,8,0,39,1711,0,2,0,0,1,0,216,9,2,0,20,0,0,0,0,3,32,35,3,280,258,9,9,828,0,210,0,1,0,0,0,843,0,0,150
0,0,4,118,7,0,0,0,75,0,713,0,1,0,0,12,1,2,148,0,1,0,0,0,0,0,0,0,1,0,0,0,0,0,0,0,1,0,0,1,0,0,83,0,0,13,0,0
1,2,1232,5,2,2,0,1475,213,0,380,1,0,0,0,4,16,0,10,0,1,11,0,2,0,0,0,4,13,1,2,0,0,4,5,1,0,429,0,32,1,13,10,1,0,135,10,0
11,4116,15,32,10,2,642,38,66,0,151,0,2,2936,0,8,23,147,17,0,0,59,0,32,0,0,0,1,2028,0,21,2,0,0,29,0,1,13,0,153,20,3250,23,32,57,14,179,0
1266,0,1,115,0,33,1,1,3,7,0,2,11,14,5,20,0,175,0,7,4,2,204,36,20,102,63,679,10,1128,41,22,235,478,16,341,25,2,8,2,34,1,1,541,4,0,0,6
24,0,1,627,0,8,14,1,3,0,0,1,8,28,1,260,0,134,0,5,1,13,3,216,0,2,0,10,4,3,301,16,1,4,361,6,5,3,6,4,1642,9,0,80,4,0,0,2
46,4,27,238,3,11,101,2,4,12,11,14,4,41,2,858,0,322,3,12,5,8,8,436,7,3,0,22,31,11,1780,12,8,9,2050,19,20,11,17,32,894,50,7,112,57,0,0,13
12,8,0,59,0,8,14,0,0,2,0,0,4,1,0,281,0,15,0,2,1,10,0,56,0,0,0,1,4,0,140,0,0,4,399,0,7,0,3,2,269,15,0,8,7,0,0,2
12,0,0,1,0,0,0,0,1,4,0,17,1,0,19,0,0,15,0,1,8,0,166,27,82,316,36,290,0,201,0,5,10,10,1,874,1,0,30,0,0,0,0,2,0,0,0,6
1,0,0,0,0,0,0,0,0,3,0,0,0,0,0,0,0,0,0,0,1,0,8,4,3,27,35,219,0,186,0,2,35,75,0,83,1,0,1,0,0,0,0,0,0,0,0,0
3,0,204,0,0,4,0,615,583,143,25,2,0,0,5,2,1,0,4,4,0,7,6,0,4,2,0,2,1,4,0,2,0,10,1,2,2,334,2,21,0,4,7,0,0,5,1,0
27,0,1,270,0,24,4,1,2,881,0,41,174,5,28,8,0,12,0,8,1278,1,83,72,41,192,40,29,1,42,8,1717,83,61,7,47,52,0,43,1,20,10,0,397,483,0,0,56
0,0,1,0,1935,0,0,0,2,0,64,0,0,0,0,9,1880,0,71,0,0,0,0,0,0,0,0,0,2,0,0,0,0,0,0,0,0,1,0,80,0,0,1351,0,0,2072,2,0
0,0,0,0,11,0,0,0,3,0,25,0,0,0,0,2,2,0,1664,0,0,0,0,0,0,0,0,0,0,0,0,0,0,0,0,0,0,0,0,4,0,0,477,0,0,49,0,0
0,0,567,9,17,3,0,49,1019,0,1138,1,0,0,1,86,38,0,23,2,1,13,1,0,4,2,0,0,5,0,3,1,0,0,1,1,4,385,0,48,0,12,35,0,0,64,5,1
0,32,28,1,26,0,1,1,42,0,31,0,0,66,0,2,41,1,1,0,0,3,0,1,0,0,0,0,13,0,0,0,0,0,0,0,0,5,0,403,0,22,3,4,0,11,3,0
5,0,5,1,0,0,0,0,4,9,0,16,0,0,3,1,0,16,0,16,14,0,23,11,18,12,5,44,0,78,2,6,24,44,0,42,24,0,56,0,0,0,0,5,0,0,0,48
44,0,3,70,0,191,0,0,0,20,0,43,107,1,3,5,0,35,0,82,54,0,10,115,7,10,1,53,0,23,16,12,9,9,17,211,254,0,375,0,17,0,0,117,13,0,0,526
27,18,8,3,3,4,92,7,27,3,4,1,0,82,1,9,3,92,0,1,4,2,0,22,1,0,0,5,40,6,4,59,0,0,5,2,1,5,3,490,45,8,9,794,45,3,1,4
1251,0,0,36,0,2,2,0,0,7,0,0,6,0,0,5,0,16,0,1,2,0,8,23,2,1,24,614,1,491,9,64,39,161,4,26,3,0,7,0,10,0,0,104,2,0,0,2
1,0,0,87,0,544,0,0,0,49,1,43,163,0,0,1,0,3,0,51,126,0,0,1,1,2,0,0,206,0,10,3,7,4,2,13,262,2,11,0,2,0,0,2,2,0,0,17
0,0,2,0,1087,0,3,3,3,0,49,0,0,2,0,5,845,1,54,0,0,1,0,1,0,0,0,0,6,0,0,0,0,0,0,0,2,5,1,57,0,3,1080,23,5,529,0,0
0,0,0,1,7,0,1,0,1,0,20,0,0,0,0,1,0,0,73,0,0,0,0,0,0,0,0,0,1,0,0,0,0,0,1,0,0,0,0,2,0,0,37,0,1,4,0,0
