0.43364,0.82577,0.37892,0.20858,0.61286,0.5204,0.71778,0.44346,0.25722,0.46079,0.33333,0.22819,0.56668,0.76147,0.50816,0.3479,0.64634,0.34553,0.70748,0.2545,0.43503,0.94777,0.25274,0.22079,0.26753,0.1928,0.42974,0.19555,0.55944,0.29666,0.63797,0.47038,0.23907,0.16773,0.5933,0.26159,0.27794,0.46189,0.2932,0.53852,0.51105,0.73749,0.41596,0.2538,0.29776,0.69821,0.94813,0.22596
0.46707
0,0,0,1,0,0,0,0,0,61,0,6,0,0,41,0,0,0,0,2,51,0,693,4,204,552,1104,30,0,45,0,62,53,18,0,130,0,0,2,0,0,0,0,0,0,0,0,5
0,0,0,0,0,3,0,0,1,2,0,701,8,0,1307,0,0,0,0,257,9,1,69,40,782,91,11,2,0,0,1,0,368,40,0,17,9,0,50,0,1,0,0,0,1,0,0,226
2,17,6,21,3,1,24,2,36,13,4,59,0,2,137,26,1,21,0,18,21,4,264,54,470,332,133,34,20,158,2,10,174,123,10,205,44,6,41,9,3,4,2,5,0,2,5,27
9,0,0,7,0,0,0,1,0,10,0,1,0,0,1,0,0,0,0,0,12,0,479,0,17,153,747,638,0,281,1,141,23,21,0,389,0,0,1,0,1,0,0,5,0,0,0,0
2,0,0,0,0,0,0,0,0,1,0,15,1,0,53,0,0,0,0,6,2,0,166,4,197,202,21,5,0,3,0,3,4,0,0,40,0,0,0,0,0,0,0,0,0,0,0,4
40,1,14,23,0,1,5,3,305,32,0,84,4,1,51,12,0,165,0,24,34,2,199,211,210,136,30,240,0,479,15,34,90,195,52,360,76,6,106,4,30,5,1,53,0,2,0,51
0,0,0,3,0,0,0,1,0,6,0,12,4,0,85,0,0,0,0,10,3,0,201,7,142,403,274,2,0,17,0,8,760,430,0,5,4,0,7,0,0,0,0,0,0,0,0,6
1,0,37,8,0,8,2,74,73,41,2,0,0,0,0,1,0,0,1,1,0,2,2,0,4,0,1,5,0,7,1,8,0,5,0,2,1,4,1,0,0,0,1,0,1,1,0,0
28,668,4,189,3,5,2963,12,21,2,145,1,1,606,0,20,6,982,12,1,3,30,0,40,0,0,0,1,624,1,38,7,0,0,44,0,0,9,0,64,63,736,7,248,600,3,36,1
0,0,0,0,3,0,0,0,48,0,386,0,0,0,0,1,2,0,230,0,0,0,0,0,0,0,0,0,0,0,0,0,0,0,0,0,0,0,0,0,0,0,124,0,0,28,0,0
2,1,253,74,4,0,2,52,395,0,142,1,0,0,1,11,3,1,3,3,1,16,0,7,7,1,2,2,0,0,1,0,0,0,0,4,16,82,4,20,0,3,8,1,0,17,3,3
5,23,281,55,13,10,108,42,438,1,11,1,1,30,3,14,12,100,0,7,0,1,0,41,10,0,0,1,70,4,24,1,3,2,12,0,7,18,11,226,29,14,0,251,29,6,34,10
13,5,225,18,0,18,53,5,4,122,14,8,9,6,0,48,0,392,0,1,9,1,0,23,0,0,0,1,137,1,116,56,5,2,19,1,15,21,16,5,27,14,5,69,295,0,0,9
1,0,1,6,0,6,0,0,1,128,0,699,12,0,531,0,0,6,0,312,265,0,58,112,412,157,15,2,0,43,0,13,224,89,3,151,60,1,206,0,1,0,0,1,11,0,0,323
61,0,0,2,0,0,0,0,2,0,0,0,0,0,0,1,0,0,0,1,0,2,41,0,3,24,4,491,0,227,3,2,1,8,0,65,0,0,0,0,0,0,0,11,0,0,0,0
1,1,2,32,0,2,9,0,0,2,0,2,3,0,0,45,0,7,0,5,1,1,0,180,3,0,1,3,2,3,107,1,1,3,219,2,9,0,13,1,44,3,0,5,1,0,0,3
6,31,1,71,0,1,11,6,12,1,1,0,0,10,0,542,3,2,1,0,0,14,0,19,0,0,0,6,363,2,9,1,0,1,14,0,2,4,0,51,2,47,1,10,0,4,14,0
3,0,3,75,0,1,0,0,12,1428,0,83,8,0,23,4,0,10,0,32,1694,2,20,138,38,33,14,17,0,15,6,1357,36,17,5,30,80,0,121,1,2,3,1,13,31,0,0,72
0,0,0,5,0,124,0,0,0,3,0,95,81,0,38,0,0,0,0,419,3,0,2,14,4,6,2,0,1,11,2,0,320,156,1,5,169,1,396,0,0,0,0,0,67,0,0,357
0,10,7,0,3,0,1,6,34,4,7,0,0,12,0,8,6,0,8,0,0,6,0,1,0,0,0,0,4,0,0,0,0,0,0,0,0,4,0,2062,0,8,3,3,0,1,3,0
8,0,155,16,0,1,1,822,82,1,29,1,0,0,0,0,3,0,2,0,3,1,0,5,2,0,1,2,2,2,1,1,0,2,1,4,3,13,1,1,2,4,0,6,4,10,0,0
8,41,1,7,0,2,78,4,0,1,0,0,0,28,0,16,0,3,0,0,0,4210,0,26,1,0,0,3,34,0,2,0,0,0,3,0,1,19,0,14,0,133,0,7,0,0,5538,0
4,0,43,18,1,23,0,83,45,1,25,19,217,0,22,21,3,10,4,10,3,26,10,37,15,6,0,4,17,3,14,9,1,9,6,3,25,1218,13,16,14,3,12,24,10,0,3,10
1,0,8,56,0,447,0,0,21,89,0,444,234,0,85,2,0,40,0,693,118,0,5,118,76,46,1,9,2,114,17,11,154,146,7,132,433,1,737,1,1,0,0,4,102,0,0,687
4,7,83,396,1,363,7,0,231,70,2,623,208,1,122,24,0,137,0,778,149,1,16,616,113,44,0,12,3,187,86,21,252,442,161,106,940,8,1030,2,20,9,10,53,139,2,0,766
0,0,0,265,0,2041,0,0,0,5,0,37,1687,0,1,0,0,0,0,270,9,2,0,20,0,0,0,0,3,29,31,2,274,259,8,7,797,0,196,0,2,0,0,1,837,0,0,167
0,0,3,106,8,0,0,0,74,0,722,0,1,0,0,12,1,3,153,0,2,0,0,0,0,0,0,0,1,0,0,0,0,0,0,0,1,0,0,1,0,0,80,0,0,13,0,0
1,2,1244,6,4,1,0,1451,232,0,372,2,0,0,0,4,16,0,13,0,1,12,0,3,0,0,0,5,19,2,1,0,0,5,3,1,1,432,0,30,1,10,10,1,0,123,10,0
11,4114,11,61,12,1,646,36,58,0,149,0,1,2937,0,11,27,125,19,0,0,55,0,34,0,0,0,1,2066,0,20,3,0,0,25,0,2,16,1,147,22,3197,24,43,57,16,182,0
1271,0,2,121,0,40,1,1,3,7,0,2,9,12,5,21,0,169,0,9,7,1,207,31,18,112,66,676,10,1138,46,20,223,474,14,345,26,2,9,3,40,1,1,513,3,0,0,7
21,0,8,642,0,9,13,1,2,1,0,1,10,26,2,266,0,134,0,4,1,11,2,222,0,3,0,8,2,5,267,16,1,5,369,6,7,3,6,4,1642,10,0,72,3,0,0,6
47,1,24,267,3,8,104,0,5,8,9,13,4,37,3,812,0,334,3,11,2,6,8,479,9,2,0,21,28,15,1771,11,10,8,2054,21,18,13,21,32,888,49,3,100,58,0,0,17
13,9,0,52,0,8,17,0,0,1,0,0,4,0,0,276,0,15,0,2,1,11,0,62,0,0,0,1,5,0,146,1,0,3,389,0,8,0,3,1,272,13,0,12,8,0,0,1
10,0,0,1,0,0,0,0,0,4,0,15,1,0,21,0,0,15,0,1,8,0,168,20,93,310,36,291,0,195,0,5,12,8,1,886,0,0,27,0,1,0,0,1,0,0,0,6
1,0,0,1,0,0,0,0,0,3,0,0,0,0,0,0,0,0,0,0,1,0,5,1,5,26,37,201,0,185,0,1,39,77,0,99,1,0,1,0,0,0,0,0,0,0,0,0
3,0,203,0,0,4,0,609,581,147,25,1,0,0,3,3,1,0,4,4,0,5,4,0,4,3,0,1,1,5,0,3,1,10,1,3,2,334,4,23,0,4,10,0,0,3,2,1
27,0,3,268,0,26,4,1,2,834,1,46,185,4,30,8,0,10,0,9,1279,2,83,51,47,190,41,26,1,39,10,1739,77,57,7,54,62,0,41,1,22,14,0,403,477,0,0,69
0,0,2,1,1906,0,0,0,2,0,59,0,0,0,0,9,1855,0,75,0,0,0,0,0,0,0,0,0,1,0,0,0,0,0,0,0,0,1,0,73,0,0,1381,0,0,2103,2,0
0,0,0,0,10,0,0,0,3,0,27,0,0,0,0,1,2,0,1664,0,0,0,0,0,0,0,0,0,0,0,0,0,0,0,0,0,0,0,0,5,0,0,475,0,0,50,0,0
0,1,621,11,15,3,0,44,971,0,1118,1,0,0,0,88,37,0,25,3,0,12,1,0,5,2,0,0,4,0,1,0,0,0,1,1,5,403,0,46,0,10,33,0,0,71,5,1
0,33,26,1,24,0,1,4,39,1,28,0,0,57,0,2,48,0,2,0,0,3,0,1,0,0,0,0,14,0,0,0,0,0,0,0,0,5,0,403,0,27,2,4,0,13,3,0
4,0,2,2,0,0,0,0,7,7,0,19,0,1,3,1,0,18,0,16,13,0,20,10,20,14,5,44,0,78,3,9,21,42,0,45,24,0,54,0,0,0,0,2,0,0,0,48
41,1,1,75,0,212,0,0,1,16,0,39,108,1,3,3,0,38,0,83,56,0,11,104,9,9,1,58,0,27,14,12,7,9,16,227,270,0,371,0,16,0,0,114,14,0,0,486
31,16,7,4,4,3,74,9,30,3,6,0,0,84,1,10,2,85,2,2,4,1,0,27,1,0,0,6,36,5,6,65,0,0,8,2,0,7,4,530,57,11,8,735,50,3,1,3
1250,0,0,36,0,3,2,0,0,5,0,0,6,0,0,5,0,15,0,1,2,0,8,26,2,2,22,608,1,510,6,61,38,157,6,27,3,0,8,0,8,0,0,101,2,0,0,2
1,0,0,74,0,547,0,0,0,38,2,41,170,0,0,1,0,3,0,62,127,0,0,1,0,4,0,0,214,0,8,3,7,3,2,12,258,2,10,0,2,0,0,2,6,0,0,16
0,0,2,0,1085,0,2,3,3,0,48,0,0,2,0,4,842,1,57,0,0,1,0,1,0,0,0,0,7,0,0,0,0,0,0,0,2,4,1,52,0,3,1081,23,5,538,0,0
0,0,0,1,8,0,0,0,1,0,20,0,0,0,0,1,0,1,74,0,0,0,0,0,0,0,0,0,1,0,0,0,0,0,1,0,1,0,0,1,0,0,37,0,0,3,0,0
