0.43328,0.82799,0.36551,0.2072,0.61642,0.52708,0.71522,0.44361,0.27387,0.45434,0.33912,0.24021,0.57047,0.76811,0.50058,0.35971,0.64704,0.38619,0.7111,0.26695,0.43535,0.94886,0.25446,0.22875,0.28045,0.19388,0.43282,0.19422,0.55368,0.29393,0.63014,0.466,0.23546,0.17111,0.60295,0.26557,0.27216,0.46317,0.28501,0.54594,0.51435,0.7325,0.41031,0.27202,0.29506,0.69939,0.94611,0.23784
0.46978
0,0,1,1,0,0,0,0,0,56,0,6,0,0,43,0,0,0,0,2,49,0,684,6,209,558,1105,32,0,44,0,63,51,20,0,133,0,0,1,0,0,0,0,0,0,0,0,0
0,0,0,0,0,2,0,0,1,1,0,724,6,0,1288,0,0,0,0,268,7,0,67,47,822,95,12,2,0,0,1,1,374,43,0,14,11,0,45,0,1,0,0,0,1,0,0,164
1,16,14,17,3,0,27,2,28,12,5,62,0,3,146,23,1,19,0,23,21,4,256,63,472,335,127,33,17,160,5,10,173,125,9,200,38,8,39,9,2,12,0,9,1,2,6,17
8,0,0,9,0,0,0,1,0,13,0,1,0,0,0,0,0,0,0,0,11,0,462,1,17,157,736,631,0,283,2,148,21,23,0,406,0,0,1,0,1,0,0,6,0,0,0,0
2,0,0,0,0,0,0,0,0,1,0,15,1,0,54,0,0,0,0,7,1,0,153,6,199,213,21,6,0,3,0,3,1,0,0,41,0,0,0,0,0,0,0,0,0,0,0,2
41,0,84,25,0,1,6,3,250,34,0,77,3,2,50,18,0,159,0,26,44,2,187,260,189,143,31,232,0,482,15,29,85,192,23,350,76,5,99,5,37,4,1,69,0,0,0,47
0,0,0,3,0,0,0,1,0,7,0,15,4,0,88,0,0,0,0,10,3,0,215,9,140,388,279,3,0,16,0,10,737,441,0,3,3,0,7,0,0,0,0,0,0,0,0,8
1,0,45,9,0,7,1,75,62,44,2,0,0,0,0,1,0,0,1,1,0,2,2,0,5,0,1,5,0,6,1,8,0,2,0,2,1,4,2,0,0,0,1,0,1,2,1,0
29,647,7,184,4,4,2961,14,18,1,155,1,1,555,0,15,7,1152,10,0,3,28,0,34,0,0,0,1,607,0,41,6,0,0,45,0,1,11,0,59,53,776,10,127,616,3,37,1
0,0,0,0,5,0,0,0,48,0,393,0,0,0,0,1,2,0,228,0,0,0,0,0,0,0,0,0,0,0,0,0,0,0,0,0,0,0,0,1,0,0,121,0,0,23,0,0
2,1,249,79,5,0,2,49,398,1,143,5,0,0,1,14,3,2,2,2,1,16,0,6,2,1,2,2,1,0,2,0,0,0,0,4,12,78,4,23,0,4,10,0,0,10,7,3
7,23,283,50,11,10,114,38,447,1,8,1,1,32,5,16,14,74,0,6,0,3,0,33,7,1,0,1,60,5,18,1,3,8,11,0,9,19,12,222,29,14,0,286,30,5,32,9
13,4,222,16,0,17,60,4,3,122,13,8,11,3,0,49,0,397,0,1,8,1,0,22,0,0,0,0,137,1,87,58,3,2,17,3,17,26,21,5,30,15,5,80,295,0,0,12
2,0,2,6,0,3,0,0,2,125,0,687,12,0,530,0,0,3,0,330,267,0,56,130,429,151,14,2,0,44,0,14,228,96,5,142,72,1,196,0,1,0,0,0,11,0,0,289
65,0,0,1,0,0,0,1,1,0,0,0,0,0,0,0,0,0,0,1,0,2,44,1,2,24,2,491,0,221,3,2,1,8,0,63,0,0,0,0,1,0,0,15,0,0,0,0
5,1,1,20,0,2,8,0,0,2,0,2,1,0,0,45,0,9,0,4,1,1,1,158,3,0,0,2,3,2,123,1,1,3,228,2,9,0,13,2,48,4,0,7,1,0,0,4
8,31,1,6,0,1,10,8,11,1,1,0,0,9,0,536,5,3,1,0,0,14,0,24,0,0,0,6,414,2,18,1,0,1,15,0,2,3,0,47,2,51,1,13,0,4,13,0
3,0,4,76,0,2,1,0,10,1438,0,77,8,0,22,5,0,9,0,33,1687,1,18,158,40,38,13,18,0,15,5,1350,31,15,3,21,79,0,119,1,4,4,1,13,37,0,0,69
0,0,0,5,0,128,0,0,0,2,0,79,88,0,36,0,0,0,0,420,3,0,2,20,4,6,2,0,1,11,2,0,300,150,1,6,179,1,394,0,0,0,0,0,69,0,0,373
0,7,8,0,2,0,1,7,34,4,8,0,0,11,0,5,5,0,9,0,0,6,0,1,0,0,0,0,7,0,0,0,0,0,0,0,0,3,0,2062,0,9,1,5,0,2,4,0
3,0,157,23,0,0,1,837,73,1,27,1,0,0,0,0,2,0,2,0,1,1,0,2,3,0,1,3,2,1,0,2,0,2,1,1,3,12,1,1,1,6,1,5,5,9,0,1
8,42,1,2,0,2,76,4,1,1,0,0,0,29,0,16,1,4,0,0,0,4249,0,29,0,0,0,3,38,0,5,0,0,0,3,0,1,18,0,13,1,131,0,7,0,0,5495,0
3,0,40,7,1,23,0,95,47,1,25,21,208,0,22,23,3,10,4,12,3,25,9,41,11,5,0,4,19,5,16,7,1,9,6,5,23,1220,14,19,12,4,12,23,8,0,3,11
2,0,13,64,0,434,0,0,20,90,0,436,238,0,86,3,0,39,0,703,120,0,6,128,81,46,2,9,2,115,19,12,158,145,10,125,417,1,708,0,1,0,1,3,103,0,0,702
4,10,153,428,1,321,5,0,196,75,1,584,205,0,130,27,0,122,1,823,147,0,13,662,108,44,0,13,2,180,94,24,238,441,146,101,909,11,979,3,20,9,14,56,147,1,0,797
1,0,0,294,0,1985,0,0,0,9,0,34,1700,0,2,0,0,1,0,224,10,2,0,20,0,0,0,0,2,32,33,3,282,256,10,9,832,0,210,0,1,0,0,0,848,0,0,150
0,0,3,118,7,0,0,0,76,0,711,0,1,0,0,11,1,2,153,0,1,0,0,0,0,0,0,0,1,0,0,0,0,0,0,0,1,1,0,1,0,0,81,0,0,12,0,0
1,1,1242,6,3,1,0,1479,196,1,380,1,0,0,0,3,13,0,12,0,1,10,0,3,0,0,0,2,12,1,4,0,0,4,2,1,0,429,0,35,1,14,9,1,0,139,11,0
11,4077,12,30,12,2,640,34,68,0,142,0,1,2948,0,10,24,152,17,0,0,54,0,29,0,0,0,0,2032,0,24,3,0,0,32,0,1,16,0,141,22,3286,21,31,59,14,185,0
1276,0,1,101,0,33,1,1,2,7,0,2,10,13,6,22,0,197,0,8,4,2,202,43,20,102,66,672,9,1119,39,25,221,488,17,335,19,3,9,2,37,1,1,539,5,0,0,6
23,0,1,616,0,8,12,1,3,0,0,2,7,30,2,255,0,125,0,7,1,12,2,208,0,1,0,11,2,5,308,17,1,5,355,8,6,3,5,3,1667,10,0,79,6,0,0,4
48,5,30,233,4,9,99,2,3,11,13,14,4,45,1,850,0,295,3,11,5,7,9,403,6,3,0,23,23,14,1794,10,9,8,2085,18,21,12,17,34,904,54,4,120,59,0,0,15
12,9,0,54,0,7,15,0,0,2,0,0,5,1,0,278,0,15,0,2,1,10,0,55,0,0,0,0,4,0,140,0,0,4,395,0,7,0,3,1,276,18,0,10,8,0,0,2
11,0,0,1,0,0,0,0,1,4,0,16,1,0,19,0,0,14,0,1,8,0,165,28,83,314,36,294,0,201,0,5,9,10,1,874,1,0,31,0,0,0,0,2,0,0,0,6
1,0,0,1,0,0,0,0,0,3,0,0,0,0,0,0,0,0,0,0,1,0,9,4,3,26,35,226,0,186,0,2,35,76,0,75,1,0,0,0,0,0,0,0,0,0,0,0
3,0,210,0,0,3,0,612,574,140,22,1,0,0,4,3,1,0,5,4,0,6,4,0,4,2,0,1,1,5,0,3,1,9,1,2,2,342,4,25,0,4,8,0,0,4,2,0
28,0,1,274,0,22,4,1,0,870,0,41,191,5,30,7,0,13,0,9,1269,1,82,78,39,195,39,29,1,38,9,1720,92,49,7,47,48,0,45,1,18,9,0,395,493,0,0,50
0,0,1,0,1975,0,0,0,2,0,63,0,0,0,0,8,1868,0,73,0,0,0,0,0,0,0,0,0,0,0,0,0,0,0,0,0,0,1,0,80,0,0,1345,0,0,2052,2,0
0,0,0,0,11,0,0,0,5,0,27,0,0,0,0,2,2,0,1659,0,0,0,0,0,0,0,0,0,0,0,0,0,0,0,0,0,0,0,0,5,0,0,476,0,0,50,0,0
0,0,570,10,22,3,0,50,1001,0,1153,1,0,0,0,87,37,0,21,2,0,13,1,1,3,2,0,0,6,0,2,2,0,0,1,1,4,389,0,45,0,12,34,0,0,59,6,1
0,32,28,0,27,0,1,3,39,1,32,0,0,68,0,2,43,1,1,0,0,3,0,1,0,0,0,0,13,0,0,0,0,0,0,0,1,5,1,397,0,22,2,4,0,11,3,0
5,0,4,1,0,0,0,0,4,8,0,17,0,0,3,1,0,16,0,16,13,0,22,14,18,11,6,43,0,82,2,7,21,45,0,43,23,0,56,0,0,0,0,4,0,0,0,47
42,0,2,73,0,184,0,0,0,18,0,40,106,1,3,5,0,38,0,80,55,0,9,124,7,10,1,51,0,21,16,13,8,9,15,215,237,0,378,0,15,0,0,121,15,0,0,541
24,18,8,3,2,4,88,8,27,3,5,0,0,81,1,10,3,90,0,1,4,2,0,20,1,0,0,5,38,8,4,59,0,0,7,2,1,6,3,483,45,10,8,806,47,4,1,3
1251,0,0,38,0,3,3,1,0,5,0,0,5,0,1,6,0,17,0,1,2,0,8,20,2,4,22,604,1,499,7,69,38,159,4,25,5,0,6,0,9,0,0,105,1,0,0,2
1,0,0,88,0,545,0,0,0,50,1,43,162,0,0,1,0,3,0,45,123,0,0,1,2,3,0,0,208,0,8,3,7,4,2,14,266,2,11,0,2,0,0,2,4,0,0,15
0,0,0,0,1100,0,3,3,3,0,51,0,0,2,0,4,852,1,57,0,0,1,0,1,0,0,0,0,6,0,0,0,0,0,0,0,2,4,1,52,0,3,1073,20,4,524,0,0
0,0,0,1,9,0,1,0,1,0,19,0,0,0,0,1,0,1,74,0,0,0,0,0,0,0,0,0,1,0,0,0,0,0,1,0,0,0,0,0,0,0,37,0,0,4,0,0
