0.42973,0.82603,0.36813,0.2118,0.61498,0.52643,0.71491,0.44119,0.27776,0.45483,0.34406,0.24782,0.5635,0.76785,0.50198,0.35893,0.646,0.38418,0.70899,0.26317,0.4318,0.94774,0.25231,0.23425,0.2891,0.19311,0.43029,0.19965,0.55522,0.2916,0.6314,0.46759,0.23213,0.17252,0.59725,0.26626,0.27237,0.46474,0.28944,0.54598,0.51481,0.73104,0.41267,0.26886,0.29739,0.6948,0.94648,0.23496
0.46983
0,0,1,1,0,0,0,0,0,55,0,5,0,0,43,0,0,0,0,3,54,0,682,5,206,555,1111,31,0,43,0,60,53,19,0,135,0,0,2,0,0,0,0,0,0,0,0,0
0,0,0,0,0,2,0,0,1,1,0,739,5,0,1269,0,0,0,0,270,8,0,68,47,841,96,11,2,0,0,1,1,382,46,0,14,12,0,42,0,1,0,0,0,1,0,0,137
3,14,16,19,3,0,26,2,27,12,5,60,0,1,142,21,2,19,0,22,22,4,250,63,462,334,136,35,17,163,3,11,177,134,8,195,45,7,40,11,3,9,0,6,2,1,5,18
8,0,0,9,0,0,0,1,0,13,0,2,0,0,0,0,0,0,0,0,10,0,459,0,16,153,737,633,0,282,2,146,19,23,0,417,0,0,1,0,1,0,0,6,0,0,0,0
1,0,0,0,0,0,0,0,0,1,0,15,0,0,53,0,0,0,0,7,1,0,157,6,196,215,20,7,0,3,0,3,1,0,0,41,0,0,0,0,0,0,0,0,0,0,0,2
48,0,88,21,0,1,6,3,246,37,0,69,3,2,40,13,0,156,0,26,45,1,185,282,181,141,36,228,0,479,17,31,88,181,30,351,82,7,104,5,35,3,1,70,0,2,0,42
0,0,0,3,0,0,0,1,0,6,0,18,4,0,82,0,0,0,0,10,4,0,225,8,140,386,279,3,0,17,0,10,724,450,0,3,5,0,7,0,0,0,0,0,0,0,0,5
1,0,50,9,0,6,2,81,58,41,2,0,0,0,0,1,0,0,1,1,0,2,2,0,5,0,1,4,0,7,1,8,0,2,0,2,1,3,2,0,0,0,1,0,0,1,0,0
26,651,4,196,6,4,2944,13,19,1,146,0,1,562,0,16,7,1146,12,0,3,31,0,33,0,0,0,1,608,1,46,6,0,0,46,0,1,10,0,59,56,788,7,128,606,2,36,2
0,0,0,0,5,0,0,0,55,0,384,0,0,0,0,1,2,0,229,0,0,0,0,0,0,0,0,0,0,0,0,0,0,0,0,0,0,0,0,1,0,0,120,0,0,25,0,0
2,1,244,82,5,0,2,56,402,0,135,4,1,0,1,14,3,1,3,2,1,15,0,8,2,1,1,2,2,0,2,0,0,0,0,5,11,79,4,22,0,4,8,1,0,13,5,2
6,28,279,54,12,10,109,38,446,1,9,1,1,31,4,15,13,84,0,4,1,1,2,40,8,1,0,1,58,5,16,1,1,7,11,1,11,15,11,222,27,14,0,283,30,5,33,9
14,5,229,18,0,15,55,3,3,124,15,5,10,4,0,50,0,389,0,2,8,1,0,23,0,0,0,1,131,0,86,56,3,2,17,2,16,26,21,4,29,17,7,78,301,0,0,18
1,0,3,8,0,3,0,0,1,124,0,677,12,0,533,0,0,4,0,330,272,0,59,133,429,154,13,3,0,45,0,13,226,104,5,148,71,1,202,0,1,0,0,0,11,0,0,264
67,0,0,1,0,0,0,1,1,0,0,0,0,0,0,1,0,0,0,1,0,1,42,1,3,23,3,485,0,222,3,3,1,8,0,63,0,0,0,0,2,0,0,16,0,0,1,0
4,1,1,24,0,2,8,0,0,2,0,3,0,0,0,42,0,8,0,3,1,0,1,155,1,0,0,2,3,3,123,1,2,3,238,1,8,1,14,2,46,3,0,6,1,0,0,4
7,31,0,7,0,1,11,8,11,1,2,0,0,7,0,534,3,3,1,0,0,15,0,21,0,0,0,7,412,2,19,1,0,1,18,0,2,4,0,48,2,55,1,13,0,3,12,0
3,0,4,77,0,2,1,0,9,1430,0,74,7,0,24,3,0,7,0,34,1681,1,21,162,41,41,15,17,0,14,6,1355,32,17,5,23,70,0,121,2,3,4,1,14,39,0,0,68
0,0,0,5,0,122,0,0,0,3,0,76,87,0,39,0,0,0,0,423,3,0,2,17,4,5,2,0,1,11,2,0,300,161,1,6,167,1,385,0,0,0,0,0,69,0,0,390
0,8,8,0,2,0,1,6,33,4,9,0,0,10,0,6,6,0,9,0,0,5,0,1,0,0,0,0,7,0,0,0,0,0,0,0,0,3,0,2060,0,11,1,5,0,3,3,0
2,0,159,26,0,0,1,835,62,1,30,2,0,0,0,0,2,0,2,1,2,1,0,2,2,0,1,4,2,3,1,2,0,0,1,4,1,13,1,1,1,7,1,6,4,9,0,0
8,44,0,2,0,2,75,4,1,1,0,0,0,29,0,17,1,4,0,0,0,4244,0,27,0,0,0,3,36,0,4,0,0,0,3,0,1,16,0,16,1,134,0,7,0,0,5500,0
3,0,43,7,1,23,0,93,44,1,25,19,213,0,20,22,3,10,4,11,3,26,7,44,11,6,0,4,21,6,16,8,2,9,4,5,24,1219,15,18,13,4,12,22,9,0,4,6
2,0,12,60,0,425,0,0,17,93,0,432,233,0,83,3,0,39,0,711,121,0,5,131,78,46,2,9,2,121,20,12,153,147,13,128,410,2,706,1,1,0,0,4,103,0,0,717
5,7,150,406,0,338,7,0,199,76,2,574,205,0,119,27,1,122,2,814,151,1,15,684,103,43,0,11,0,188,87,23,244,430,148,100,904,11,998,3,19,9,14,56,149,3,0,797
1,0,0,291,0,1962,0,0,0,9,0,32,1686,0,2,0,0,1,0,224,11,2,0,18,0,0,0,0,2,32,33,3,278,255,10,8,853,0,214,0,1,1,0,0,844,0,0,177
0,0,4,118,6,0,0,0,94,0,690,0,1,0,0,11,1,2,153,0,1,0,0,0,0,0,0,0,2,0,0,0,0,0,0,0,1,1,0,1,0,0,83,0,0,12,0,0
2,1,1259,7,2,1,0,1478,172,0,378,2,0,0,0,3,15,0,12,0,1,11,0,3,0,0,0,4,12,1,4,0,0,3,3,1,1,430,0,32,1,12,8,1,0,145,13,0
11,4036,13,30,12,2,640,39,76,0,144,0,1,2957,0,9,23,149,15,0,0,56,0,28,0,0,0,0,2036,0,25,3,0,0,36,0,1,16,0,142,20,3297,20,31,60,16,186,0
1272,0,3,92,0,28,1,1,2,8,0,3,10,12,5,24,0,192,0,8,5,2,211,44,19,105,69,687,10,1111,38,24,214,496,16,325,18,3,9,2,38,1,1,546,4,0,0,7
23,0,1,628,0,8,9,1,3,0,0,1,9,29,2,250,0,133,0,7,1,14,2,196,0,1,0,10,2,5,319,15,2,4,362,6,7,1,5,5,1651,8,0,84,4,0,0,3
48,4,25,236,3,10,103,1,3,9,7,13,5,42,1,846,0,307,3,12,5,9,9,393,5,4,0,20,23,12,1814,12,9,9,2088,19,23,12,16,34,893,51,5,124,54,0,0,16
12,10,0,53,0,7,13,0,0,2,0,0,5,2,0,287,0,14,0,2,1,9,0,55,0,0,0,0,4,0,136,1,0,5,394,0,7,0,3,1,272,17,0,13,7,0,0,2
12,0,0,1,0,0,0,0,1,4,0,16,0,0,19,0,0,15,0,1,7,0,163,27,83,313,39,290,0,199,0,6,9,10,1,880,1,0,31,0,0,0,0,3,0,0,0,5
1,0,0,1,0,0,0,0,0,3,0,0,0,0,0,0,0,0,0,0,1,0,10,3,3,25,35,220,0,186,0,2,35,76,0,83,0,0,0,0,0,0,0,0,0,0,0,0
2,0,218,0,0,3,0,623,570,138,23,1,0,0,5,4,1,0,5,3,0,7,6,0,1,2,0,2,1,3,0,2,0,1,1,2,2,341,4,23,0,4,8,1,0,3,2,0
28,0,1,273,0,22,4,1,2,855,0,41,220,4,34,9,0,12,0,11,1277,1,82,72,37,195,41,25,1,42,8,1731,97,49,6,46,43,0,43,1,18,11,0,391,467,0,0,49
0,0,1,0,1971,0,0,0,2,0,68,0,0,0,0,6,1865,0,77,0,0,0,0,0,0,0,0,0,0,0,0,0,0,0,1,0,0,1,0,77,0,0,1342,0,0,2058,1,0
0,0,0,0,12,0,0,0,5,0,25,0,0,0,0,1,1,0,1664,0,0,0,0,0,0,0,0,0,0,0,0,0,0,0,0,0,0,0,0,4,0,0,470,0,0,55,0,0
0,0,562,10,26,2,0,47,1018,0,1155,1,0,0,0,91,35,0,22,2,1,12,0,1,4,2,0,0,6,0,2,1,0,0,1,1,4,382,0,43,0,12,29,0,0,60,6,1
0,27,26,0,27,0,1,4,42,1,30,0,0,73,0,1,46,1,1,0,0,3,0,1,0,0,0,0,14,0,0,0,0,0,0,0,1,4,0,398,0,21,2,4,0,10,3,0
5,0,3,2,0,0,0,0,5,8,0,17,0,0,3,1,0,16,0,17,13,0,21,14,18,11,7,46,0,81,2,7,20,44,0,39,24,0,55,0,0,0,0,5,0,0,0,48
44,0,2,64,0,182,0,0,0,18,0,42,101,1,3,6,0,38,0,85,54,0,8,123,7,10,1,45,0,21,16,14,8,9,16,214,212,0,372,0,16,0,0,129,16,0,0,576
24,18,9,3,2,3,92,7,31,3,4,0,0,83,2,11,5,90,0,0,4,2,0,21,0,0,0,6,37,5,4,56,0,0,6,2,0,6,2,484,46,10,6,802,47,5,1,4
1264,0,0,32,0,2,3,0,0,6,0,1,6,0,0,5,0,16,0,2,2,0,9,24,2,3,22,593,1,497,8,70,32,166,5,24,3,0,7,0,8,0,0,105,2,0,0,3
0,0,1,88,0,539,0,0,0,52,1,37,166,0,0,1,0,3,0,44,118,0,0,3,1,3,0,0,210,0,8,4,7,4,1,11,273,3,10,0,2,0,0,2,4,0,0,20
0,0,1,0,1102,0,3,3,3,0,50,0,0,2,0,4,852,1,58,0,0,1,0,1,0,0,0,0,5,0,1,0,0,0,0,0,3,5,1,50,0,3,1065,21,4,528,0,0
0,0,0,1,8,0,1,0,1,0,18,0,0,0,0,1,0,1,74,0,0,0,0,0,0,0,0,0,1,0,0,0,0,0,1,0,0,0,0,1,0,0,39,0,0,3,0,0
