0.42998,0.82704,0.36609,0.21074,0.618,0.52528,0.71521,0.44274,0.27548,0.4502,0.3367,0.2374,0.57501,0.77156,0.50505,0.36601,0.64544,0.38912,0.70984,0.26352,0.43078,0.94644,0.24873,0.22939,0.27523,0.19404,0.43356,0.19466,0.54687,0.29872,0.62744,0.46649,0.23578,0.1659,0.60087,0.26362,0.2714,0.46761,0.29225,0.54548,0.51375,0.7367,0.41061,0.27053,0.29333,0.6998,0.94698,0.23732
0.46968
0,0,1,1,0,0,0,0,0,58,0,6,0,0,43,0,0,0,0,2,51,0,684,7,210,560,1106,30,0,44,0,64,47,20,0,129,0,0,1,0,0,0,0,0,0,0,0,0
0,0,0,0,0,2,0,0,1,1,0,716,5,0,1299,0,0,0,0,271,9,0,66,43,810,95,13,2,0,0,1,0,368,41,0,14,11,0,48,0,1,0,0,0,1,0,0,179
2,15,12,18,3,0,25,2,28,15,4,61,0,3,144,24,2,18,0,22,20,4,259,54,482,337,123,31,20,159,4,12,176,124,7,201,43,9,40,10,2,6,1,8,1,1,5,18
8,0,0,7,0,0,0,1,0,12,0,1,0,0,0,0,0,0,0,0,12,0,474,0,19,156,738,636,0,283,2,145,24,23,0,391,0,0,1,0,1,0,0,4,0,0,0,0
2,0,0,0,0,0,0,0,0,1,0,17,1,0,54,0,0,0,0,7,1,0,157,5,197,211,21,5,0,3,0,3,1,0,0,40,0,0,0,0,0,0,0,0,0,0,0,3
43,0,78,24,0,1,5,3,250,34,0,78,4,2,46,13,0,144,0,26,37,1,207,234,204,141,29,234,0,474,17,31,87,201,28,366,80,7,108,6,32,3,0,61,0,0,0,47
0,0,0,3,0,0,0,1,0,6,0,16,4,0,85,0,0,0,0,8,3,0,218,9,141,403,276,3,0,15,0,10,738,431,0,3,3,0,6,0,0,0,0,0,0,0,0,8
1,0,44,9,0,7,2,76,64,40,2,0,0,0,0,1,0,0,1,1,0,3,2,0,5,0,1,5,0,7,1,8,0,2,0,2,1,4,2,0,0,0,1,0,1,1,1,0
33,659,4,188,5,6,2976,13,20,1,145,1,1,553,0,16,6,1144,11,0,3,31,0,34,0,0,0,1,610,0,40,6,0,0,43,0,2,7,0,55,58,765,10,127,610,1,38,1
0,0,1,0,4,0,0,0,44,0,386,0,0,0,0,1,2,0,238,0,0,0,0,0,0,0,0,0,0,0,0,0,0,0,0,0,0,0,0,0,0,0,118,0,0,28,0,0
2,1,250,79,4,0,1,54,394,0,143,4,0,0,1,12,4,1,3,3,1,16,0,9,5,1,2,2,1,0,3,0,0,0,0,3,11,79,5,20,0,4,11,1,0,12,3,1
6,25,281,50,10,10,113,39,445,1,9,1,1,33,4,13,14,81,0,5,1,1,2,39,11,1,0,1,60,6,21,1,1,5,13,0,9,18,11,223,25,12,0,276,32,6,33,10
12,5,219,18,0,18,58,5,3,119,15,5,11,3,0,43,0,392,0,3,8,0,0,24,0,0,0,1,147,0,94,59,5,1,21,2,16,24,20,5,28,15,7,80,292,0,0,10
2,0,2,4,0,3,0,0,1,122,0,685,14,0,527,0,0,4,0,337,271,0,57,122,417,153,13,3,0,43,0,14,225,95,5,145,71,1,201,0,1,0,0,0,11,0,0,301
62,0,0,2,0,0,0,0,2,0,0,0,0,0,0,0,0,0,0,1,0,1,43,1,3,24,3,486,0,226,3,2,1,8,0,65,0,0,0,0,1,0,0,14,0,0,1,0
4,1,1,22,0,3,8,0,0,2,0,2,3,0,0,45,0,8,0,5,1,1,1,163,4,0,0,2,4,3,117,2,1,3,228,1,9,0,11,2,46,4,0,5,1,0,0,4
7,31,1,6,0,1,12,10,13,1,2,0,0,7,0,528,4,2,1,0,0,17,0,23,0,0,0,6,432,2,10,1,0,1,13,0,1,2,0,50,2,53,0,10,0,2,12,0
3,0,4,75,0,2,0,0,10,1433,0,78,7,0,24,5,0,10,0,34,1674,1,20,151,38,41,15,18,0,17,7,1366,34,17,4,18,75,0,121,1,2,4,1,14,36,0,0,68
0,0,0,5,0,126,0,0,0,3,0,85,90,0,37,0,0,0,0,423,4,0,2,18,4,6,2,0,1,11,2,0,300,154,1,5,178,1,384,0,0,0,0,0,69,0,0,371
0,7,7,0,2,0,1,5,36,5,7,0,0,12,0,6,6,0,9,0,0,6,0,1,0,0,0,0,5,0,0,0,0,0,0,0,0,4,0,2063,0,8,3,3,0,2,3,0
7,0,159,17,0,0,1,836,74,1,30,2,0,0,0,1,2,0,2,0,2,1,0,2,1,0,1,2,2,1,1,1,0,1,1,3,4,11,1,1,1,5,0,4,5,9,0,0
7,41,1,0,0,2,75,4,1,1,0,0,0,30,0,16,0,5,0,0,0,4241,0,30,1,0,0,3,40,0,4,0,0,0,3,0,1,18,0,14,1,133,0,7,0,0,5501,0
3,0,42,9,1,26,0,93,47,2,28,20,208,0,24,21,3,11,4,10,3,25,9,38,9,6,0,3,22,5,15,9,1,7,4,3,21,1220,16,16,13,4,13,25,9,0,3,9
1,0,16,59,0,431,0,0,17,93,0,432,240,0,84,2,0,39,0,698,119,0,6,125,78,44,2,11,2,115,20,11,153,147,8,126,430,2,724,1,0,0,0,2,103,0,0,701
4,6,144,401,1,340,7,0,192,73,2,586,203,1,128,23,0,116,0,809,148,0,17,654,113,42,0,10,3,185,98,21,246,427,151,106,910,10,1022,1,21,6,13,53,152,0,0,800
1,0,0,289,0,2005,0,0,0,10,0,38,1721,0,2,0,0,1,0,208,10,2,0,18,0,0,0,0,3,32,34,3,282,257,9,7,815,0,210,0,1,0,0,0,836,0,0,156
0,0,4,115,7,0,0,0,75,0,709,0,1,0,0,12,1,2,153,0,2,0,0,0,0,0,0,0,1,0,0,0,0,0,0,0,1,0,0,1,0,0,84,0,0,13,0,0
1,2,1233,5,3,0,0,1473,218,0,376,1,0,0,0,5,16,0,13,0,1,12,0,2,0,0,0,3,11,1,2,0,0,4,5,1,0,430,0,31,1,12,8,2,0,135,11,0
11,4098,13,33,12,1,642,35,65,0,138,0,2,2952,0,9,26,144,16,0,0,59,0,32,0,0,0,1,2036,0,21,2,0,0,25,0,0,13,0,143,24,3268,22,31,59,14,183,0
1265,0,1,115,0,33,2,1,3,7,0,2,11,12,5,23,0,176,0,7,5,1,206,38,19,102,64,671,10,1145,43,25,229,468,14,340,25,1,8,1,39,1,1,535,4,0,0,8
23,0,2,620,0,8,13,1,3,1,0,1,9,27,2,253,0,132,0,8,0,14,1,210,0,2,0,11,4,6,296,16,1,5,361,6,6,1,5,3,1663,8,0,81,4,0,0,4
44,2,28,240,3,11,107,1,4,11,14,15,4,35,1,855,0,300,3,9,4,8,9,427,8,3,0,21,34,14,1770,11,8,10,2073,22,19,9,19,33,910,53,4,112,56,0,1,12
11,9,0,56,0,8,12,0,0,2,0,0,4,1,0,281,0,15,0,2,1,10,0,57,0,0,0,1,4,0,148,0,0,4,394,0,7,0,3,1,271,13,0,10,7,0,0,2
11,0,0,1,0,0,0,0,1,4,0,17,1,0,21,0,0,15,0,1,8,0,169,26,83,315,36,294,0,199,0,5,11,8,1,871,1,0,30,0,0,0,0,2,0,0,0,5
1,0,0,0,0,0,0,0,0,3,0,0,0,0,0,0,0,0,0,0,1,0,9,4,3,27,38,216,0,186,0,2,34,74,0,84,1,0,1,0,0,0,0,0,0,0,0,0
3,0,199,0,0,4,0,615,586,143,27,1,1,1,4,3,1,1,5,3,0,7,7,0,4,2,0,1,1,6,0,1,0,10,1,3,2,329,4,22,0,2,7,0,0,3,3,0
26,1,1,262,0,23,3,1,0,892,0,45,168,6,28,9,0,13,0,10,1291,1,82,70,43,184,38,25,1,37,9,1726,82,58,5,50,53,0,44,1,19,9,0,391,488,0,0,55
0,0,1,0,1943,0,0,0,1,0,61,0,0,0,0,8,1875,0,71,0,0,0,0,0,0,0,0,0,2,0,0,0,0,0,0,0,0,1,0,80,0,0,1355,0,0,2070,2,0
0,0,0,0,13,0,0,0,2,0,27,0,0,0,0,2,1,0,1666,0,0,0,0,0,0,0,0,0,0,0,0,0,0,0,0,0,0,0,0,4,0,0,474,0,0,48,0,0
0,0,574,10,19,3,0,47,1019,0,1132,0,0,0,0,78,41,0,23,2,0,13,1,0,3,2,0,0,5,0,3,1,0,0,1,1,4,391,0,43,0,12,41,0,0,63,6,1
0,33,27,1,24,0,1,3,41,1,30,0,0,65,0,2,45,1,1,0,0,3,0,1,0,0,0,0,13,0,0,0,0,0,0,0,0,4,0,400,0,23,4,4,0,12,2,0
5,0,5,1,0,0,0,0,4,8,0,16,0,0,3,1,0,16,0,17,13,0,24,12,18,14,6,44,0,78,2,6,23,43,0,41,22,0,57,0,0,0,0,4,0,0,0,49
46,1,3,68,0,193,0,0,0,19,0,42,104,1,4,4,0,35,0,84,51,0,10,118,7,10,1,50,0,23,15,13,8,9,16,214,254,0,373,0,17,0,0,118,16,0,0,526
31,18,7,4,3,3,91,6,31,3,6,0,0,80,1,10,2,92,0,1,4,1,0,24,1,0,0,6,40,4,2,60,0,0,7,2,1,6,3,491,45,10,7,784,48,3,1,4
1253,0,0,35,0,2,3,0,0,7,0,0,6,0,1,5,0,16,0,1,2,0,8,23,2,1,23,608,1,503,6,60,37,159,5,28,3,0,7,0,10,0,0,104,2,0,0,2
1,0,0,89,0,545,0,0,0,48,1,42,169,0,0,1,0,4,0,52,125,0,0,1,0,3,0,0,201,0,10,3,7,4,2,11,260,3,10,0,2,0,0,3,3,0,0,16
0,0,3,0,1080,0,3,2,3,0,48,0,0,2,0,4,854,1,53,0,0,1,0,2,0,0,0,0,6,0,0,0,0,0,0,0,2,4,1,57,0,3,1080,23,4,531,0,0
0,0,0,1,7,0,0,0,1,0,20,0,0,0,0,1,0,1,74,0,0,0,0,0,0,0,0,0,1,0,0,0,0,0,1,0,1,0,0,3,0,0,35,0,0,4,0,0
