0.43209,0.82905,0.38648,0.20835,0.60857,0.51864,0.72142,0.43727,0.25831,0.45864,0.32715,0.22538,0.55895,0.75905,0.50913,0.3498,0.65073,0.33769,0.70628,0.25278,0.43188,0.94757,0.25207,0.22028,0.27037,0.19087,0.43107,0.19345,0.56328,0.3029,0.63451,0.46337,0.23502,0.15959,0.59573,0.26292,0.27396,0.45952,0.29625,0.54076,0.51317,0.73208,0.41294,0.25289,0.29986,0.69751,0.94861,0.22648
0.46621
0,0,0,1,0,0,0,0,1,58,0,6,0,0,39,0,0,0,0,2,54,0,700,4,201,548,1110,30,0,43,0,61,49,19,0,131,0,0,1,0,0,0,0,0,0,0,0,6
0,0,0,0,0,3,0,0,1,2,0,684,8,0,1310,0,0,0,0,243,9,1,72,37,793,95,11,2,0,0,1,0,367,39,0,16,8,0,50,0,1,0,0,0,1,0,0,243
1,17,1,20,3,0,26,2,35,11,5,56,0,0,133,27,1,22,0,18,24,6,263,49,467,329,133,35,18,157,3,9,185,135,10,207,42,6,39,8,4,7,0,5,0,2,5,29
7,0,0,8,0,0,0,0,0,12,0,2,0,0,1,0,0,0,0,0,12,0,488,0,16,154,744,644,0,283,1,133,24,21,0,383,0,0,0,0,1,0,0,4,0,0,0,0
2,0,0,0,0,0,0,0,0,1,0,13,1,0,53,0,0,0,0,6,3,0,167,4,197,200,23,5,0,3,0,3,3,0,0,41,0,0,0,0,0,0,0,0,0,0,0,4
37,0,6,27,0,1,5,2,311,38,0,80,3,3,49,13,0,161,0,25,35,3,199,199,218,137,35,243,0,474,16,34,94,191,56,354,86,5,103,6,31,3,0,47,0,1,0,55
0,0,0,3,0,0,0,1,0,6,0,13,4,0,83,0,0,0,0,9,3,0,199,5,139,391,276,2,0,17,0,9,757,443,0,6,6,0,8,0,0,0,0,0,0,0,0,10
1,0,35,8,0,6,2,79,67,42,2,0,0,0,0,1,0,0,1,3,0,3,2,0,4,0,1,4,0,8,1,7,0,6,0,2,2,4,1,0,0,0,1,0,1,1,0,0
31,654,7,187,3,4,2934,12,18,2,149,1,1,606,0,16,6,981,12,1,3,27,0,51,0,0,0,1,631,1,42,6,0,0,45,0,0,8,0,65,65,765,7,252,590,3,36,1
0,0,1,0,1,0,0,0,43,0,388,0,0,0,0,1,2,0,235,0,0,0,0,0,0,0,0,0,0,0,0,0,0,0,0,0,0,0,0,1,0,0,119,0,0,31,0,0
2,1,253,75,5,0,2,49,384,0,146,1,0,0,1,14,3,3,3,3,1,17,0,7,7,1,2,1,0,0,1,0,0,0,0,3,14,86,4,22,0,2,9,1,0,18,3,2
5,26,288,53,16,10,105,43,444,1,10,1,1,29,3,15,10,109,0,7,0,2,0,45,9,1,0,1,72,4,17,1,3,5,12,0,7,19,7,221,30,13,0,234,31,6,32,11
11,5,208,18,0,19,53,5,4,134,18,9,11,5,0,35,0,415,1,1,8,0,1,24,0,0,0,0,129,1,124,62,4,3,18,1,12,24,18,8,29,11,2,59,289,0,0,9
1,0,0,4,0,6,0,0,1,122,0,698,12,0,531,0,0,6,0,303,266,0,64,106,411,161,13,2,0,42,0,10,229,95,2,151,59,1,213,0,1,0,0,0,11,0,0,329
62,0,0,2,0,0,0,1,2,0,0,0,0,0,0,0,0,0,0,1,0,2,43,0,3,25,3,491,0,223,4,2,1,8,0,65,0,0,0,0,1,0,0,10,0,0,0,0
2,1,3,31,0,2,8,0,2,2,0,2,3,0,0,44,0,8,0,4,0,2,1,182,3,0,1,3,2,2,102,1,1,3,217,2,8,0,14,2,47,3,0,4,1,0,0,4
6,27,1,82,0,1,9,5,12,1,1,0,0,8,0,543,4,2,1,0,0,14,0,23,0,0,0,8,359,2,9,1,0,1,10,0,2,3,0,49,2,48,0,11,0,3,15,0
3,0,0,75,0,3,0,0,13,1414,0,84,10,0,24,3,0,12,0,29,1680,1,19,129,38,34,13,18,0,17,6,1383,35,16,4,29,84,0,119,2,3,3,1,13,31,0,0,80
0,0,0,5,0,131,0,0,0,3,0,100,78,0,35,0,0,0,0,420,4,0,2,15,5,4,2,0,1,7,1,0,325,157,1,6,172,1,387,0,0,0,0,0,69,0,0,351
0,10,7,0,2,0,1,5,35,4,7,0,0,13,0,6,6,0,9,0,0,6,0,1,0,0,0,0,5,0,0,0,0,0,0,0,0,4,0,2063,0,6,3,2,0,2,4,0
7,0,159,18,0,0,1,827,79,1,28,2,0,0,0,0,2,0,1,0,3,1,0,5,2,0,1,2,2,2,1,1,0,1,1,3,4,11,1,1,2,3,0,6,3,10,0,1
8,42,1,7,0,2,72,3,1,1,0,0,0,28,0,17,0,3,0,0,0,4211,0,28,1,0,0,3,35,0,3,0,0,0,3,0,1,18,0,13,0,134,0,7,0,0,5538,0
5,0,47,18,1,23,0,87,41,2,25,18,222,0,23,21,3,10,4,9,2,26,8,35,18,6,0,3,16,4,11,9,1,10,7,5,19,1209,13,18,13,4,13,27,8,0,4,12
1,0,1,61,0,448,0,0,26,88,0,463,231,0,87,2,0,38,0,682,115,0,5,116,74,52,1,9,2,111,16,12,162,155,9,131,435,1,723,0,1,0,1,4,102,0,0,677
4,4,21,387,0,377,3,0,246,66,0,639,203,1,128,27,0,140,1,772,148,0,17,617,120,47,0,13,2,184,87,22,263,455,162,107,932,9,1036,1,19,12,12,52,138,3,0,768
0,0,0,258,0,2045,0,0,0,3,0,37,1664,0,1,0,0,0,0,323,9,2,0,20,0,0,0,0,3,27,20,2,271,269,8,9,783,0,193,0,1,0,0,1,839,0,0,162
0,0,3,105,8,0,0,0,74,0,725,0,1,0,0,11,1,2,150,0,2,0,0,0,0,0,0,0,1,0,0,0,0,0,0,0,1,1,0,1,0,0,81,0,0,14,0,0
1,4,1258,5,4,1,0,1429,225,0,382,1,0,1,0,4,16,0,13,0,1,11,0,2,0,0,0,4,20,1,1,0,0,3,3,1,1,437,1,28,1,10,8,1,0,130,10,0
12,4166,12,64,15,2,641,37,62,0,137,0,2,2873,0,14,26,130,16,0,0,59,0,35,0,0,0,1,2083,0,21,2,0,0,26,0,0,11,1,146,22,3197,24,38,61,15,179,0
1263,0,2,132,0,37,1,0,4,5,0,2,9,9,6,21,0,170,0,10,4,1,210,32,19,109,65,668,9,1161,50,22,229,440,14,341,26,2,8,2,38,0,1,534,2,0,0,8
21,0,10,639,0,9,12,2,3,1,0,3,9,28,2,260,0,128,0,3,0,13,1,232,0,3,0,9,3,7,274,17,1,5,369,6,6,2,6,4,1636,10,0,72,3,0,0,2
48,4,39,260,3,12,99,0,5,10,10,14,4,34,1,807,0,353,4,11,2,6,9,493,9,3,0,20,26,13,1769,13,9,8,2066,16,14,14,17,29,863,53,3,97,54,0,0,13
12,9,0,56,0,7,13,0,0,2,0,0,4,2,0,272,0,14,0,2,1,9,0,65,0,0,0,2,4,0,154,0,0,4,384,0,7,0,4,1,275,12,0,10,8,0,0,1
11,0,0,1,0,0,0,0,0,4,0,15,0,0,20,0,0,16,0,1,7,0,172,16,91,314,35,286,0,194,0,6,13,8,1,890,1,0,28,0,0,0,0,1,0,0,0,5
2,0,0,1,0,0,0,0,0,3,0,0,0,0,0,0,0,0,0,0,1,0,5,1,5,26,37,198,0,185,0,1,40,75,0,102,1,0,1,0,0,0,0,0,0,0,0,0
3,0,201,1,0,4,0,620,564,153,26,2,0,1,6,2,1,0,4,5,0,5,6,0,6,3,0,1,1,4,0,2,0,11,1,3,2,333,3,23,0,3,8,0,0,3,1,0
26,1,3,264,0,23,3,1,2,822,1,43,200,4,28,7,0,13,0,11,1293,0,85,49,40,195,39,28,1,41,12,1714,78,53,6,56,72,0,42,1,21,13,0,394,482,0,0,83
0,0,1,0,1875,0,0,0,1,0,59,0,0,0,0,7,1865,0,79,0,0,0,0,0,0,0,0,0,1,0,0,0,0,0,0,0,0,1,0,64,0,0,1359,0,0,2156,2,0
0,0,0,0,9,0,0,0,2,0,27,0,0,0,0,1,2,0,1664,0,0,0,0,0,0,0,0,0,0,0,0,0,0,0,0,0,0,0,0,3,0,0,473,0,0,56,0,0
0,2,648,11,19,3,0,44,971,0,1094,1,0,0,0,90,32,0,24,1,0,12,1,0,3,2,0,0,5,0,0,1,0,1,1,1,5,403,1,40,0,10,31,0,0,76,5,1
0,34,28,1,24,0,1,4,38,0,29,0,0,57,0,1,47,0,2,0,0,3,0,1,0,0,0,0,14,0,0,0,0,0,0,0,0,6,0,402,0,28,2,4,0,12,3,0
5,0,1,2,0,0,0,0,7,5,0,19,0,1,4,1,0,18,0,17,11,0,19,8,20,15,6,43,0,80,2,9,23,44,0,41,27,0,55,0,0,0,0,2,0,0,0,47
39,0,0,71,0,219,0,0,2,17,0,41,110,1,3,3,0,36,0,77,57,0,10,102,11,11,1,60,0,27,16,12,9,7,15,237,283,0,378,0,17,0,0,110,14,0,0,457
36,18,8,3,2,2,70,7,28,5,6,1,0,79,2,10,1,91,1,1,5,0,1,33,1,0,0,5,31,5,7,67,0,0,8,2,3,7,2,539,54,15,8,721,48,4,1,5
1246,0,0,35,0,2,3,0,1,6,0,0,7,0,0,6,0,17,0,1,2,0,8,27,2,2,23,608,1,503,6,61,38,156,6,27,2,0,8,0,8,0,0,106,2,0,0,3
2,0,1,67,0,541,0,0,0,36,2,46,179,0,0,0,0,4,0,53,125,0,0,1,0,3,0,0,214,0,9,4,7,4,2,10,272,1,11,0,2,0,0,2,6,0,0,12
0,0,1,0,1082,0,3,3,3,0,48,0,0,2,0,4,838,2,57,0,0,1,0,2,0,0,0,0,6,0,1,0,0,0,0,0,2,4,1,51,0,2,1088,20,4,542,0,0
0,0,0,1,9,0,0,0,1,0,19,0,0,0,0,1,0,1,74,0,0,0,0,0,0,0,0,0,1,0,0,0,0,0,1,0,1,0,0,1,0,0,37,0,0,3,0,0
