0.43312,0.82711,0.37233,0.21345,0.61487,0.52131,0.71966,0.4433,0.26285,0.45345,0.3358,0.23736,0.5721,0.76477,0.50502,0.35797,0.64446,0.34917,0.70817,0.26157,0.43406,0.94857,0.25072,0.2227,0.2694,0.19163,0.43505,0.19566,0.54514,0.29593,0.63164,0.46896,0.23559,0.16696,0.59675,0.26284,0.2734,0.46654,0.2894,0.5343,0.51229,0.73852,0.41601,0.25295,0.29754,0.69993,0.94843,0.23421
0.46777
0,0,1,1,0,0,0,0,0,61,0,6,0,0,40,0,0,0,0,2,52,0,693,4,207,545,1112,30,0,46,0,63,50,21,0,128,0,0,1,0,0,0,0,0,0,0,0,1
0,0,0,0,0,2,0,0,1,1,0,718,6,0,1308,0,0,0,0,269,9,1,67,41,788,94,12,2,0,0,1,0,365,43,0,15,8,0,46,0,1,0,0,0,1,0,0,198
2,16,10,18,3,1,23,2,33,13,4,61,0,1,139,26,1,22,0,22,21,2,261,58,467,331,128,38,20,162,3,11,173,124,9,202,44,6,40,9,3,8,1,7,0,1,6,23
8,0,0,6,0,0,0,1,0,13,0,1,0,0,0,0,0,0,0,0,12,0,485,0,17,154,736,637,0,284,2,142,23,20,0,391,0,0,1,0,1,0,0,4,0,0,0,0
2,0,0,0,0,0,0,0,0,1,0,17,1,0,54,0,0,0,0,7,1,0,161,5,197,205,20,5,0,3,0,3,3,0,0,41,0,0,0,0,0,0,0,0,0,0,0,3
37,0,45,18,0,1,5,3,286,34,0,79,4,2,50,15,0,167,0,22,34,2,198,221,203,134,29,241,0,475,18,31,86,199,45,366,77,5,107,5,27,4,1,53,0,1,0,56
0,0,0,3,0,0,0,1,0,7,0,17,4,0,84,0,0,0,0,9,3,0,211,8,141,404,274,2,0,16,0,9,744,429,0,5,4,0,7,0,0,0,0,0,0,0,0,8
1,0,40,9,0,6,2,73,67,41,2,0,0,0,0,1,0,0,1,1,1,4,2,0,5,0,1,4,0,7,1,9,0,5,0,1,1,5,2,0,0,0,1,0,1,1,0,0
29,661,6,192,5,4,2983,15,20,1,152,1,1,599,0,15,7,1007,12,0,3,29,0,38,0,0,0,2,625,0,35,6,0,0,45,0,2,8,0,62,59,727,9,217,606,3,37,1
0,0,0,0,2,0,0,0,46,0,390,0,0,0,0,1,2,0,235,0,0,0,0,0,0,0,0,0,0,0,0,0,0,0,0,0,0,0,0,0,0,0,117,0,0,29,0,0
2,1,256,79,5,0,1,51,391,0,140,1,0,0,2,12,5,1,4,3,1,18,0,7,6,1,2,2,1,0,2,0,0,0,0,3,12,80,4,21,0,3,9,1,0,12,4,3
6,25,283,53,12,10,112,39,442,1,8,2,1,31,4,13,14,81,0,4,1,1,2,35,11,1,0,1,62,4,22,1,1,5,12,0,9,13,10,237,30,12,0,274,30,6,29,9
13,5,211,15,0,18,57,4,3,119,14,6,11,4,0,44,0,409,0,3,9,0,0,23,0,0,0,1,138,1,105,64,5,2,19,2,19,22,19,5,33,16,5,73,283,0,0,8
1,0,1,6,0,6,0,0,1,125,0,682,13,0,535,0,0,5,0,327,263,0,55,116,419,154,16,3,0,46,0,14,221,88,4,150,64,1,204,0,0,0,0,0,11,0,0,319
66,0,0,2,0,0,0,1,2,0,0,0,0,0,0,0,0,0,0,1,0,2,45,2,2,27,3,483,0,223,3,2,1,8,0,63,0,0,0,0,1,0,0,12,0,0,0,0
3,1,1,30,0,2,9,0,0,2,0,2,3,0,0,43,0,7,0,5,1,1,0,173,4,0,0,3,3,2,112,1,1,3,220,2,8,0,12,1,48,4,0,6,1,0,0,3
8,31,0,13,0,1,9,8,13,1,2,0,0,8,0,530,4,2,1,0,1,16,0,22,0,0,0,7,430,2,9,1,0,1,13,0,1,4,0,49,2,50,1,8,0,2,13,0
3,0,5,76,0,1,0,0,10,1432,0,83,7,0,24,5,0,9,0,32,1682,1,21,135,40,34,14,16,0,15,6,1365,34,17,3,28,79,0,122,1,2,3,1,15,34,0,0,73
0,0,0,5,0,125,0,0,0,3,0,85,90,0,38,0,0,0,0,411,4,0,2,16,4,6,2,0,1,10,2,0,316,158,1,6,172,1,395,0,0,0,0,0,67,0,0,362
0,8,8,0,3,0,1,5,33,5,7,0,0,12,0,7,6,0,9,0,0,6,0,1,0,0,0,0,5,0,0,0,0,0,0,0,0,3,0,2064,0,8,4,2,0,1,3,0
6,0,155,18,0,0,1,826,81,1,29,1,0,0,0,0,2,0,2,0,3,2,0,4,2,0,1,4,2,1,0,1,0,2,1,3,5,12,1,1,2,5,0,5,3,10,0,0
7,43,0,2,0,2,75,5,1,1,0,0,0,30,0,17,1,5,0,0,0,4224,0,30,1,0,0,3,39,0,3,0,0,0,3,0,1,17,0,15,1,130,0,7,0,0,5517,0
3,0,37,13,1,24,0,92,43,2,27,20,210,0,25,22,4,10,4,10,3,24,9,36,15,5,0,4,23,4,15,10,2,9,5,3,21,1220,13,16,13,3,12,25,8,0,3,12
1,0,13,59,0,431,0,0,18,89,0,437,236,0,85,3,0,37,0,686,120,0,8,119,76,45,2,10,2,112,18,10,147,149,9,127,431,2,744,1,0,0,0,5,104,0,0,706
4,7,136,392,2,358,6,0,212,67,3,585,200,0,124,21,0,124,0,797,155,0,17,624,112,44,0,10,2,182,98,22,250,438,151,108,917,9,1021,2,19,10,10,56,148,1,0,801
0,0,1,289,0,2006,0,0,0,6,0,36,1706,0,1,0,0,0,0,238,10,2,0,17,0,0,0,0,2,31,32,3,293,252,8,7,802,0,208,0,2,0,0,0,845,0,0,153
0,0,3,109,7,0,0,0,74,0,717,0,1,0,0,12,1,2,153,0,1,0,0,0,0,0,0,0,1,0,0,0,0,0,0,0,1,0,0,1,0,0,85,0,0,13,0,0
1,2,1238,5,4,0,0,1458,229,0,375,1,0,0,0,5,16,0,13,0,1,9,0,3,1,0,0,5,18,1,1,0,0,5,3,0,1,426,0,33,1,12,8,1,0,129,13,0
12,4100,12,44,15,1,645,30,70,0,155,0,2,2965,0,9,26,127,17,0,0,57,0,34,0,0,0,0,2041,0,21,2,0,0,24,0,2,14,1,153,21,3217,24,41,60,12,176,0
1279,0,1,118,0,37,1,0,3,7,0,2,12,13,6,22,0,173,0,8,6,1,209,36,18,104,61,676,10,1126,42,22,231,472,17,337,26,0,9,2,39,1,1,525,3,0,1,9
24,0,1,638,0,8,13,2,4,1,0,1,10,24,2,270,0,142,0,4,0,10,1,218,0,2,0,11,2,4,276,14,1,5,371,6,6,2,6,3,1646,11,0,65,4,0,0,3
48,3,26,263,3,11,98,1,5,10,10,17,4,37,1,833,0,339,3,12,5,8,9,453,9,2,0,20,32,13,1761,11,9,8,2054,19,22,9,19,30,890,51,4,102,58,0,0,15
12,10,0,57,0,8,14,0,0,2,0,0,4,0,0,272,0,14,0,2,1,10,0,63,0,0,0,2,5,0,148,1,0,4,389,0,8,0,2,1,275,13,0,9,7,0,0,1
11,0,0,1,0,0,0,0,0,4,0,17,1,0,21,0,0,17,0,1,8,0,174,21,93,310,32,289,0,194,0,5,12,8,1,880,1,0,27,0,0,0,0,2,0,0,0,6
2,0,0,0,0,0,0,0,0,3,0,0,0,0,0,0,0,0,0,0,1,0,8,1,5,26,36,203,0,186,0,2,36,75,0,98,1,0,1,0,0,0,0,0,0,0,0,0
3,0,194,0,0,4,0,610,593,145,24,1,0,0,5,3,1,1,4,4,0,6,4,0,6,2,0,2,1,3,0,1,1,11,1,2,2,330,4,25,0,3,8,0,0,5,3,0
26,0,1,262,0,22,3,1,2,878,1,45,169,3,33,8,0,14,0,9,1260,1,82,61,44,183,42,29,1,37,10,1745,77,53,7,51,64,0,43,1,21,11,0,400,491,0,0,59
0,0,2,0,1919,0,0,0,3,0,59,0,0,0,0,6,1867,0,75,0,0,0,0,0,0,0,0,0,2,0,0,0,0,0,0,0,0,1,0,79,0,0,1372,0,0,2083,2,0
0,0,0,0,11,0,0,0,4,0,26,0,0,0,0,1,2,0,1672,0,0,0,0,0,0,0,0,0,0,0,0,0,0,0,0,0,0,0,0,4,0,0,468,0,0,49,0,0
0,0,592,10,20,3,0,45,987,0,1136,1,0,0,0,84,37,0,23,2,0,11,1,0,3,2,0,0,6,0,1,1,0,0,0,1,5,408,0,46,0,12,31,0,0,64,6,1
0,29,28,1,24,0,1,4,38,0,31,0,0,61,0,2,44,0,1,0,0,3,0,1,0,0,0,0,13,0,0,0,0,0,0,0,0,4,1,407,0,26,3,4,0,12,3,0
5,0,3,2,0,0,0,0,5,8,0,16,0,0,3,1,0,18,0,16,13,0,22,13,20,14,6,45,0,79,2,7,23,45,0,39,23,0,56,0,0,0,0,2,0,0,0,46
44,0,5,62,0,201,0,0,1,18,0,40,106,1,4,4,0,39,0,85,58,0,9,109,7,10,1,53,0,23,14,10,8,9,14,222,258,0,380,0,15,0,0,111,13,0,0,519
35,15,8,4,2,3,82,9,30,3,5,1,0,84,1,9,2,90,1,1,4,1,0,25,0,0,0,5,37,6,5,66,0,0,6,2,1,7,3,530,50,13,7,729,50,6,1,4
1249,0,0,32,0,2,3,0,0,8,0,0,6,0,1,5,0,16,0,1,2,0,8,27,2,2,26,607,1,507,9,63,38,156,4,28,4,0,8,0,9,0,0,95,2,0,0,2
0,0,1,81,0,550,0,0,0,45,1,43,174,0,0,1,0,4,0,53,126,0,0,1,0,3,0,0,210,0,11,3,7,3,2,12,249,1,10,0,2,0,0,2,5,0,0,16
0,0,1,0,1076,0,1,3,3,0,46,0,0,2,0,4,855,1,58,0,0,1,0,1,0,0,0,0,8,0,0,0,0,0,0,0,2,5,1,57,0,3,1078,24,5,532,0,0
0,0,0,1,7,0,0,0,1,0,19,0,0,0,0,1,0,1,73,0,0,0,0,0,0,0,0,0,1,0,0,0,0,0,1,0,1,0,0,2,0,0,38,0,0,4,0,0
