0.44704,0.83207,0.45605,0.2212,0.6547,0.48743,0.67781,0.41162,0.23192,0.41844,0.28683,0.23512,0.57906,0.68752,0.49318,0.30917,0.43878,0.29056,0.70984,0.2401,0.44009,0.94784,0.26112,0.23676,0.2735,0.15475,0.40222,0.19669,0.57762,0.31393,0.64562,0.48576,0.2063,0.24108,0.58633,0.26486,0.34048,0.48979,0.30406,0.23281,0.50479,0.77064,0.39742,0.22042,0.27778,0.5603,0.94275,0.20285
0.44951
0,0,0,1,0,0,0,0,0,32,0,3,0,0,42,0,0,0,0,1,82,0,804,0,235,459,1123,27,0,19,0,36,40,11,0,138,0,0,1,0,0,0,0,0,0,0,0,10
0,0,0,0,0,5,0,0,1,2,0,482,3,0,1374,0,0,0,0,194,8,1,52,16,835,113,8,2,0,1,1,0,430,37,0,20,8,0,61,0,1,0,0,1,1,0,0,340
2,8,3,12,3,0,23,4,43,6,5,74,1,2,158,21,3,17,0,10,26,7,254,28,476,301,135,40,6,152,1,8,208,93,13,217,58,8,44,21,1,2,2,4,3,5,5,42
5,0,0,3,0,0,0,1,0,56,0,2,0,0,1,0,0,0,0,0,20,0,611,0,21,126,740,663,0,190,1,71,19,10,0,390,0,0,0,0,1,0,0,7,0,0,0,0
1,0,0,0,0,0,0,0,0,1,0,5,1,0,56,0,0,0,0,4,5,0,189,5,195,178,16,3,0,3,0,1,6,0,0,51,0,0,0,0,0,0,0,0,0,0,0,9
42,0,0,15,0,1,7,3,335,31,1,126,2,3,54,3,0,128,0,21,30,1,209,138,229,134,41,217,2,484,11,31,117,156,71,379,120,4,125,2,23,3,0,40,5,1,0,41
0,0,0,1,0,0,0,0,0,4,0,22,3,0,91,0,0,0,0,4,12,0,150,1,172,377,402,3,0,27,0,2,688,411,0,5,0,1,6,0,0,0,0,0,0,0,0,8
1,0,34,8,0,0,1,66,80,47,4,0,0,1,0,0,0,1,1,4,1,4,3,0,2,1,1,7,0,6,0,4,0,3,0,4,0,5,2,0,0,0,1,0,1,2,0,0
32,681,2,244,4,4,2676,7,22,6,97,1,2,711,0,26,15,890,10,0,2,26,0,92,0,0,0,2,635,0,45,8,0,0,23,0,1,11,0,57,47,616,21,459,699,3,46,1
0,0,1,0,6,0,0,0,27,0,388,0,0,0,0,0,3,0,233,0,0,0,0,0,0,0,0,0,0,0,0,0,0,0,0,0,0,0,0,0,0,0,132,0,0,32,0,0
2,0,230,67,4,1,3,42,405,0,150,2,0,1,1,10,18,3,4,1,1,16,0,2,1,0,0,1,6,0,1,0,0,0,0,9,3,83,7,10,0,1,6,0,1,48,2,4
6,16,237,50,9,7,95,32,430,2,9,2,3,29,7,8,11,129,0,2,0,2,1,84,5,1,0,1,34,2,22,1,4,4,10,2,5,26,9,350,21,20,0,206,16,21,19,9
13,3,39,15,0,26,33,1,5,341,27,7,10,5,0,79,0,406,0,0,10,0,0,44,0,0,0,0,165,1,96,33,4,3,18,2,14,28,13,11,23,2,3,49,245,0,0,14
2,0,0,6,0,6,0,0,2,24,0,655,12,0,580,0,0,7,0,262,265,0,46,32,383,185,11,3,0,37,0,13,274,90,4,178,81,1,240,0,1,0,0,0,11,0,0,439
63,0,0,1,0,1,0,1,2,4,0,0,0,0,0,0,0,0,0,1,0,2,73,1,3,14,1,483,0,199,4,2,1,3,0,80,0,0,1,0,0,0,0,9,0,0,0,0
3,0,3,22,0,2,4,0,1,2,0,3,1,0,0,46,0,11,0,5,0,0,2,202,5,0,0,3,1,2,97,1,1,4,209,1,17,1,14,5,34,3,0,9,1,0,0,2
6,25,0,20,0,2,9,4,7,3,3,0,0,9,1,545,13,3,1,0,0,15,0,24,0,0,0,9,109,1,7,0,0,0,19,0,3,3,1,360,1,33,0,15,0,4,8,0
2,0,0,69,0,5,2,0,10,1044,3,135,5,0,37,0,0,8,0,23,1818,1,18,45,58,99,14,21,0,16,6,1422,36,22,6,22,163,0,150,0,0,0,0,16,52,0,0,100
0,0,0,2,0,147,0,0,0,2,0,184,90,0,40,0,0,1,0,402,3,0,1,7,5,10,1,0,0,11,0,0,354,176,1,5,114,1,312,0,0,0,0,0,76,0,0,337
0,15,8,0,1,0,1,6,29,8,10,0,0,8,0,5,1258,0,10,0,0,9,0,1,0,0,0,0,0,0,0,0,0,0,0,0,0,6,0,809,0,7,3,2,0,3,2,0
6,0,152,16,1,0,1,805,106,1,29,0,0,0,0,1,1,0,2,1,1,1,0,4,1,0,0,4,7,2,0,2,0,0,2,5,3,9,1,7,1,2,0,7,6,5,0,0
9,40,1,4,0,1,84,3,2,1,0,0,1,20,0,21,5,1,0,0,0,4198,0,33,1,0,0,1,63,1,2,0,0,0,4,0,2,21,0,31,1,92,0,4,0,0,5533,0
6,1,54,9,1,23,0,55,27,11,25,21,263,1,19,32,11,10,5,16,4,21,9,29,5,4,1,5,21,5,8,4,2,14,5,7,18,1199,12,28,8,1,8,18,9,8,2,15
2,0,1,29,0,483,0,0,19,55,1,569,221,0,112,2,0,40,0,601,112,0,5,55,64,70,4,8,5,107,10,7,165,193,7,126,491,0,699,1,3,0,0,4,123,0,0,648
7,4,9,358,0,321,5,0,213,33,32,782,230,2,150,22,0,145,0,607,103,1,18,387,105,68,2,15,2,174,63,22,285,662,159,88,1223,7,1018,1,23,4,6,37,182,2,0,668
0,0,0,264,0,1978,0,0,0,5,1,48,1626,0,0,2,0,1,0,764,4,2,0,20,0,0,0,1,7,19,11,4,265,300,4,5,480,0,151,0,0,0,0,0,865,0,0,123
0,0,6,48,8,0,0,0,44,0,825,0,1,0,0,2,1,1,139,0,1,0,0,0,0,0,0,0,2,0,0,0,0,0,0,0,1,2,0,1,0,0,86,0,0,13,0,0
2,5,1458,13,11,1,0,1197,307,0,394,0,0,2,1,11,14,0,9,1,1,9,0,2,0,0,0,3,8,6,1,0,0,3,2,1,1,394,0,54,0,6,4,3,0,91,2,1
9,4380,10,36,13,2,852,27,56,4,118,0,1,2264,0,48,43,180,18,0,0,58,0,44,0,0,0,1,1905,1,23,3,1,0,20,0,0,13,0,308,15,3155,90,54,125,10,243,0
1359,0,2,106,0,65,0,0,2,16,0,11,7,15,7,20,0,113,0,8,6,1,281,39,13,89,94,635,8,1181,62,14,221,242,22,404,10,3,15,3,29,2,1,549,4,1,0,6
25,1,12,649,0,5,4,0,5,1,1,3,4,36,0,125,0,156,0,8,1,10,2,342,1,2,0,9,2,3,313,15,0,4,357,7,4,3,8,4,1582,10,0,89,5,1,0,2
59,3,95,268,5,11,64,0,5,15,12,8,4,28,1,610,2,580,0,6,2,6,7,626,11,6,0,14,21,15,1820,8,9,14,1827,17,19,9,15,29,912,58,1,84,19,1,0,11
12,12,2,72,0,7,15,0,0,2,0,0,9,1,0,257,0,27,0,1,1,7,0,86,0,0,0,1,3,0,160,0,1,7,280,0,6,1,2,1,337,11,0,7,5,0,1,0
13,0,0,0,0,0,0,0,1,3,0,20,1,1,19,0,0,9,0,0,9,0,216,7,126,257,28,247,0,194,0,5,15,13,2,918,1,0,25,0,0,0,0,2,0,0,0,4
0,0,0,0,0,0,0,0,0,2,0,0,0,0,0,0,0,0,0,0,3,0,5,2,7,24,39,199,0,217,0,1,35,47,0,102,0,0,1,0,0,0,0,0,0,0,0,0
2,0,164,0,1,2,0,597,562,170,18,2,0,0,2,3,8,0,3,6,0,6,6,0,2,5,0,2,1,4,0,0,2,20,1,1,1,378,2,15,0,3,6,0,0,17,0,0
34,1,1,268,0,21,2,2,1,503,4,44,26,9,21,3,0,21,0,14,1442,0,69,23,55,404,73,23,1,44,10,1740,83,128,9,46,48,0,44,1,16,14,0,313,574,0,0,115
0,0,1,0,2626,0,0,0,2,0,61,0,0,0,0,4,1688,0,84,0,0,0,0,0,0,0,0,0,1,0,0,0,0,0,0,0,0,1,0,82,0,0,1294,0,0,1626,0,0
0,0,0,0,27,0,0,0,1,0,38,0,0,0,0,1,4,0,1666,0,0,0,0,0,0,0,0,0,0,0,0,0,0,0,0,0,0,1,0,0,0,0,472,0,0,27,0,0
0,2,635,12,10,1,0,47,853,0,958,1,0,0,1,46,54,0,24,1,0,14,2,0,2,2,0,0,15,0,1,1,0,1,1,1,5,206,1,40,0,2,33,0,0,564,3,0
0,44,23,0,25,0,5,2,34,0,29,0,0,37,0,1,146,0,2,0,0,5,0,1,0,0,0,0,5,0,0,0,0,0,0,0,1,4,0,320,0,33,3,1,0,17,3,0
7,0,0,2,0,3,0,0,8,6,0,34,0,1,6,1,0,18,0,14,8,0,20,6,22,12,9,44,0,88,2,4,26,33,0,35,37,0,51,0,0,0,0,3,0,0,0,32
42,0,0,70,0,359,0,0,1,9,0,66,116,1,4,2,0,46,0,100,38,0,15,88,10,12,1,62,0,33,14,20,8,9,22,171,424,0,295,0,11,0,0,89,20,0,0,295
48,21,8,3,1,4,57,4,28,4,6,0,0,101,1,10,64,90,2,1,0,4,0,87,1,0,1,5,27,3,6,68,0,0,6,3,2,11,1,516,34,14,8,639,45,5,0,4
1218,0,0,35,0,3,1,1,0,37,0,0,1,3,0,4,0,16,0,1,3,0,11,24,1,5,47,677,1,514,12,28,29,28,10,19,2,0,12,2,6,0,0,164,7,0,0,1
0,0,2,136,0,561,0,0,0,2,5,13,163,0,0,0,0,2,0,98,109,0,0,2,1,8,0,1,225,0,9,3,6,5,1,7,223,2,9,0,3,0,0,1,7,0,0,12
0,1,4,0,1249,0,3,1,1,0,61,1,1,2,0,1,485,2,67,0,0,2,0,15,0,0,0,0,9,0,0,0,0,0,0,0,3,6,0,405,0,0,1040,14,3,391,0,0
0,1,0,0,6,0,1,0,1,0,25,0,0,0,0,1,0,1,67,0,0,0,0,0,0,0,0,0,1,0,0,0,0,0,1,0,0,0,0,1,0,0,36,0,4,4,0,0
