0.43987,0.82523,0.46455,0.23316,0.65421,0.46996,0.64896,0.40842,0.21497,0.38325,0.27265,0.22957,0.56106,0.69111,0.49236,0.28023,0.42407,0.31895,0.71246,0.27119,0.44068,0.95049,0.26658,0.24713,0.25997,0.14353,0.39537,0.20307,0.58719,0.33212,0.65037,0.48067,0.19459,0.26224,0.5972,0.25936,0.34752,0.4716,0.31275,0.20436,0.50304,0.75795,0.40144,0.20268,0.25948,0.49982,0.94172,0.19602
0.44505
0,0,0,0,0,0,0,0,0,22,0,5,0,0,42,1,0,0,0,1,90,0,832,0,222,423,1145,24,0,16,0,32,47,10,0,142,1,0,1,0,0,0,0,0,0,0,0,8
0,0,0,0,0,6,0,0,1,1,0,474,4,0,1386,0,0,0,0,183,8,0,46,16,802,121,9,2,0,1,1,0,478,34,0,19,11,0,58,0,0,0,0,1,1,0,0,334
2,7,2,11,3,0,28,4,44,7,3,98,2,1,161,20,3,16,1,7,29,9,269,24,468,278,142,37,6,137,0,6,220,81,10,221,57,6,48,23,3,2,3,6,4,6,5,35
4,0,0,0,0,0,0,1,0,71,0,2,0,0,2,1,0,0,0,0,24,0,630,1,22,106,745,660,0,171,1,51,21,4,1,412,0,0,0,0,1,0,0,7,0,0,0,0
2,0,0,0,0,0,0,0,0,1,0,8,1,0,58,0,0,0,0,4,3,0,188,5,191,178,16,1,0,2,0,1,8,0,0,53,0,0,0,0,0,0,0,0,0,0,0,9
42,0,0,15,0,3,5,3,351,35,2,159,3,3,60,9,0,105,0,18,35,1,205,135,242,127,35,189,1,477,12,28,114,123,57,394,133,4,145,2,24,3,0,43,4,0,0,40
0,0,0,1,0,0,0,0,0,5,0,15,5,0,102,0,0,0,0,2,12,0,150,2,197,346,456,3,0,14,0,2,684,370,0,5,0,0,7,0,0,0,0,0,1,0,0,11
2,0,25,9,1,1,0,62,86,45,5,0,0,1,0,0,0,1,0,3,1,3,4,0,2,1,1,6,0,4,0,4,0,10,0,3,1,7,1,0,0,0,0,3,1,1,0,1
39,728,3,184,6,4,2614,9,15,5,37,2,2,693,0,25,19,968,10,0,2,24,0,83,0,0,0,2,624,0,43,9,0,0,25,0,1,11,0,52,36,589,36,467,802,2,53,0
0,0,2,0,8,0,0,0,25,0,399,0,0,0,0,0,2,0,229,0,0,0,0,0,0,0,0,0,0,0,0,0,0,0,0,0,0,0,0,0,0,0,127,0,0,30,0,0
1,1,225,31,5,1,3,39,395,0,192,1,0,0,0,9,19,0,1,0,1,10,0,5,4,1,0,2,5,0,1,0,0,1,0,9,5,93,6,11,0,1,9,0,1,52,2,4
10,21,228,46,8,7,95,35,386,0,9,3,1,30,6,10,12,127,0,2,0,4,0,79,5,1,0,2,33,5,22,0,6,9,11,3,6,17,7,356,23,20,2,212,12,66,13,9
12,5,37,19,0,30,32,0,5,355,30,7,13,3,0,68,0,390,0,0,8,0,0,57,0,0,0,1,156,1,119,25,5,3,13,2,12,27,13,8,23,4,2,51,244,0,0,8
2,0,0,7,0,8,0,0,5,20,0,662,11,0,574,1,0,5,0,263,246,0,38,30,372,205,14,2,0,27,0,10,305,95,4,175,88,1,236,0,1,0,0,0,12,0,0,431
62,0,0,1,0,1,0,1,3,4,0,0,0,0,0,1,0,0,0,1,0,2,78,1,3,12,1,468,1,205,2,2,2,2,0,85,1,0,0,0,0,0,0,10,0,0,0,0
5,0,3,25,0,2,6,0,1,0,0,3,1,0,0,46,0,12,0,6,0,0,2,202,4,0,0,3,1,3,93,1,1,3,203,1,18,1,14,4,35,4,0,11,1,0,0,2
6,19,1,20,0,2,11,4,8,4,3,0,0,10,1,526,15,4,1,0,0,14,0,24,0,0,0,10,108,0,8,0,0,0,12,1,7,1,0,381,2,33,1,12,0,4,10,0
4,0,0,28,0,7,1,0,12,947,3,131,4,0,35,1,0,6,0,25,1924,0,12,45,62,149,17,16,0,20,2,1376,36,29,5,21,162,0,160,0,1,0,0,16,61,0,0,110
0,0,0,3,0,146,0,0,0,1,0,155,95,0,53,0,0,0,0,385,3,0,1,6,6,11,1,0,0,10,0,0,378,200,1,5,102,1,294,0,0,0,0,0,77,0,0,348
0,15,7,0,3,0,1,7,29,9,6,0,0,7,0,3,1372,0,9,0,0,9,0,1,0,0,0,0,1,0,0,0,0,0,0,0,0,4,0,694,0,10,7,1,0,5,1,0
6,1,140,13,1,0,1,797,107,0,40,0,0,0,0,13,0,0,2,2,1,1,0,5,0,1,0,5,9,2,0,1,0,1,2,4,3,12,1,5,0,1,0,5,5,5,0,0
9,38,0,3,0,2,81,2,1,1,1,0,0,20,0,24,7,1,0,0,0,4147,0,32,1,0,0,1,61,1,3,0,0,0,3,0,2,24,0,31,1,88,0,4,0,0,5591,0
7,1,54,12,1,19,0,51,23,16,24,18,313,1,17,56,11,7,5,23,3,18,7,21,10,7,0,3,29,5,10,6,3,14,5,7,25,1121,11,27,11,1,10,12,8,11,1,15
2,0,1,55,0,482,0,0,20,57,1,563,219,0,106,2,1,45,0,608,100,0,1,43,67,73,3,9,3,83,9,8,182,218,6,116,468,0,728,0,1,0,0,4,122,0,0,636
6,5,5,411,2,290,5,1,206,31,25,764,246,1,139,32,1,134,1,587,86,0,14,345,116,79,4,14,5,146,56,20,299,718,146,87,1225,8,1074,1,23,3,8,39,195,1,0,641
0,0,0,320,0,1846,0,0,0,1,0,38,1608,0,0,1,0,0,0,896,4,2,0,17,0,0,0,1,7,14,9,3,291,320,4,3,454,0,135,0,0,0,0,0,835,0,0,141
0,0,3,11,9,0,0,0,34,0,886,0,1,0,0,2,1,0,139,0,1,0,0,0,0,0,0,0,3,0,0,0,0,0,0,0,1,1,0,0,0,0,77,0,1,11,0,0
2,4,1448,10,15,1,0,1164,347,1,387,0,0,1,1,15,16,0,12,0,1,7,0,2,0,0,0,4,7,5,1,0,0,4,3,0,1,402,0,53,0,6,2,0,0,93,2,1
10,4448,8,25,14,2,979,21,53,5,70,0,1,2271,0,35,46,180,18,0,0,61,0,41,0,0,0,1,1943,1,23,3,0,0,20,0,0,20,0,312,12,2884,106,56,199,11,251,0
1324,0,1,122,0,56,0,0,3,20,0,16,14,14,9,25,0,91,0,6,9,0,302,43,21,93,88,627,8,1191,56,21,221,163,21,430,10,1,12,4,26,2,0,606,3,0,0,7
26,1,12,675,0,5,4,0,4,1,0,3,4,32,1,98,0,153,0,8,1,10,4,348,1,2,0,6,2,4,308,16,0,6,358,7,7,3,7,2,1570,13,1,101,1,1,2,3
57,6,100,283,4,14,61,0,7,18,7,7,5,32,2,509,3,561,0,6,3,6,9,646,8,6,1,13,22,15,1836,5,8,16,1837,20,22,12,17,24,923,70,4,101,17,1,0,13
11,12,2,85,0,6,14,0,0,2,0,0,8,1,0,259,0,29,0,2,1,7,0,81,0,0,0,1,2,0,157,0,0,8,273,0,5,1,2,0,339,11,0,8,6,0,1,0
15,0,0,2,0,0,0,0,2,3,0,26,0,1,22,0,0,8,0,0,10,0,214,7,149,240,34,239,0,184,0,4,16,7,3,914,2,0,29,0,0,0,0,2,0,0,0,3
0,0,0,0,0,0,0,0,0,2,0,0,0,0,0,0,0,0,0,0,5,0,6,2,7,24,51,229,0,178,0,0,43,28,0,108,0,0,1,0,0,0,0,0,0,0,0,0
2,0,155,0,1,3,0,588,557,172,21,2,0,0,3,2,9,0,3,6,0,7,3,0,0,4,1,1,1,3,0,1,1,31,1,4,1,380,2,17,0,3,7,1,0,18,0,1
33,1,1,163,0,23,1,2,0,528,0,48,25,7,23,5,0,14,0,12,1604,0,60,23,65,425,81,18,0,38,12,1616,82,169,13,44,45,0,45,1,14,9,0,310,539,0,0,151
0,0,1,0,2800,0,0,0,0,0,82,0,0,0,0,3,1684,0,81,0,0,1,0,0,0,0,0,0,1,0,0,0,0,0,1,0,0,1,0,110,0,0,1279,0,0,1426,0,0
0,0,0,0,30,0,0,0,0,0,44,0,0,0,0,1,4,0,1670,0,0,0,0,0,0,0,0,0,0,0,0,0,0,0,0,0,0,2,0,0,0,0,466,0,0,20,0,0
0,2,617,13,18,1,0,50,764,0,924,1,0,0,1,49,58,0,25,1,0,11,1,0,2,3,0,0,13,0,0,0,0,1,1,2,8,187,1,46,0,2,32,0,0,702,3,0
0,50,25,0,25,0,9,2,19,2,27,0,0,39,0,1,161,0,2,0,0,4,0,1,0,0,0,0,2,0,0,0,0,0,0,0,1,5,0,306,0,29,4,0,0,25,2,0
5,0,0,11,0,5,0,0,10,9,0,35,0,1,6,1,0,18,0,14,7,0,20,6,23,16,11,43,0,77,2,3,25,29,0,33,36,0,54,0,0,0,0,3,0,0,0,29
44,0,0,93,0,386,0,0,1,9,0,67,116,1,4,6,0,58,0,113,36,0,16,82,10,11,1,56,0,35,13,15,8,9,16,164,401,0,301,0,10,0,0,92,20,0,0,259
56,23,7,3,3,5,74,5,25,4,4,0,0,110,1,10,71,84,2,1,1,4,0,109,1,0,1,4,22,3,9,69,0,0,6,5,3,18,2,497,34,17,10,600,32,4,0,4
1202,0,0,34,0,2,1,1,1,51,0,3,0,3,0,3,0,14,0,0,2,0,9,23,2,10,38,689,1,508,11,22,25,16,14,19,4,0,10,2,5,0,0,190,4,0,0,4
0,0,2,151,0,562,0,0,0,6,9,11,163,0,0,1,0,2,0,119,105,0,0,3,0,8,0,1,223,0,3,2,6,6,0,6,193,0,12,0,3,0,0,1,6,0,0,12
0,1,2,0,1318,0,2,1,3,0,122,1,1,3,0,2,456,2,63,0,0,1,0,18,0,0,0,0,8,0,0,0,0,0,0,0,3,6,0,426,0,0,958,15,1,354,0,0
0,1,0,0,5,0,0,0,1,0,26,0,0,0,0,1,0,0,70,0,0,0,0,0,0,0,0,0,1,0,1,0,0,0,1,0,0,0,0,1,0,0,35,0,3,4,0,0
