0.43562,0.83132,0.38879,0.20608,0.60107,0.52322,0.71227,0.4387,0.2549,0.44176,0.31137,0.21928,0.5586,0.7329,0.51006,0.34864,0.67395,0.3113,0.70206,0.24013,0.43728,0.94536,0.25424,0.20321,0.27675,0.1898,0.42376,0.19094,0.56613,0.30126,0.64346,0.46083,0.23434,0.18261,0.60189,0.26473,0.29588,0.46767,0.29016,0.53053,0.52003,0.74824,0.41329,0.25093,0.30295,0.70734,0.94997,0.21049
0.46437
0,0,0,1,0,0,0,0,0,56,0,6,0,0,38,0,0,0,0,1,57,0,719,4,187,558,1095,31,0,44,0,58,50,16,0,135,0,0,2,0,0,0,0,0,0,0,0,6
0,0,0,0,0,4,0,0,1,2,0,648,4,0,1343,0,0,0,0,226,9,1,69,30,789,99,10,2,0,0,1,0,357,38,0,16,6,0,64,0,1,0,0,0,1,0,0,276
2,17,1,24,2,1,27,2,37,10,4,63,0,2,138,26,1,22,0,12,21,4,269,41,473,341,141,35,19,139,2,6,185,118,8,203,44,6,44,11,3,6,2,5,1,1,6,30
7,0,0,8,0,0,0,0,0,13,0,3,0,0,1,0,0,1,0,0,12,0,493,0,17,151,747,647,0,276,1,132,22,21,0,381,0,0,0,0,0,0,0,5,0,0,0,0
2,0,0,0,0,0,0,0,0,1,0,11,1,0,55,0,0,0,0,5,2,0,171,3,199,198,21,5,0,4,0,3,3,0,0,41,0,0,0,0,0,0,0,0,0,0,0,4
41,0,5,26,0,2,7,3,321,27,0,87,4,2,53,10,0,156,0,22,35,4,208,198,198,145,37,243,0,459,14,31,103,194,61,352,90,5,105,5,37,4,1,43,0,2,0,46
0,0,0,3,0,0,0,0,0,6,0,13,4,0,84,0,0,0,0,8,2,0,201,4,134,384,270,2,0,19,0,9,763,458,0,7,0,0,8,0,0,0,0,0,0,0,0,11
1,0,34,7,0,8,2,75,70,41,2,3,0,0,0,0,0,0,2,4,0,4,2,0,2,0,1,5,0,9,1,8,0,2,0,3,0,5,0,0,0,0,1,0,1,1,1,0
28,644,8,243,5,3,2874,13,19,2,152,1,1,665,0,16,3,942,11,1,2,29,0,79,0,0,0,1,639,0,40,8,0,0,32,0,1,8,0,60,51,671,7,332,594,3,36,0
0,0,1,0,2,0,0,0,40,0,387,0,0,0,0,1,2,0,238,0,0,0,0,0,0,0,0,0,0,0,0,0,0,0,0,0,0,0,0,0,0,0,126,0,0,25,0,0
2,0,263,71,4,0,2,47,388,0,143,1,0,0,2,14,4,3,4,1,1,16,0,7,5,1,1,2,1,0,1,0,0,0,0,7,13,84,5,19,0,5,9,0,0,13,4,3
5,17,266,52,14,10,99,35,464,1,8,0,2,32,4,10,6,111,0,7,0,2,1,51,7,1,0,1,62,5,15,1,2,4,11,0,4,25,10,247,27,16,0,243,28,5,33,15
12,3,126,17,1,20,48,3,3,205,10,8,8,5,0,49,0,492,1,3,7,0,1,25,0,0,0,0,131,0,118,46,4,0,18,2,12,22,13,7,23,9,6,53,267,0,0,10
2,0,0,4,0,6,0,0,1,112,0,696,13,0,547,0,0,7,0,275,273,0,57,96,386,173,15,2,0,39,0,8,240,94,3,154,61,1,222,0,1,0,0,0,10,0,0,352
67,0,0,1,0,0,0,1,2,0,0,0,0,0,0,0,0,0,0,1,0,2,43,0,3,26,3,486,0,223,4,2,1,8,0,65,0,0,0,0,1,0,0,10,0,0,0,0
2,0,4,29,0,2,8,0,0,2,0,2,1,0,0,42,0,9,0,4,1,2,2,193,3,0,0,4,2,2,106,1,1,3,212,2,9,0,13,2,44,2,0,4,1,0,0,3
6,28,0,97,0,2,9,7,12,1,1,0,0,9,0,535,4,1,1,0,1,18,0,24,0,0,0,9,332,3,11,1,0,1,17,0,2,3,1,48,2,50,0,12,0,2,13,0
2,0,0,78,0,2,1,0,14,1373,0,85,10,0,27,3,0,9,0,31,1649,3,23,109,40,32,13,20,0,16,10,1422,34,19,3,25,101,0,135,2,3,2,1,13,34,0,0,84
0,0,0,2,0,142,0,0,0,4,0,130,77,0,34,0,0,0,0,421,3,0,2,11,5,6,1,0,1,11,1,0,331,155,2,6,165,1,361,0,0,0,0,0,69,0,0,341
0,10,7,0,2,0,2,6,33,4,7,0,0,10,0,6,11,0,8,0,0,7,0,1,0,0,0,0,5,0,0,0,0,0,0,0,0,5,0,2059,0,8,4,2,0,2,2,0
6,0,154,15,1,1,1,817,90,1,27,1,0,0,0,0,2,0,2,1,2,1,0,3,1,0,1,3,3,1,0,1,1,1,1,5,3,13,1,4,1,5,0,6,6,9,0,1
7,43,0,9,0,2,78,3,0,1,0,0,0,27,0,16,1,5,0,0,0,4204,0,27,1,0,0,3,35,0,3,0,0,0,2,0,1,17,0,17,1,144,0,7,0,0,5526,0
5,0,44,13,1,24,0,76,47,1,28,15,227,0,24,26,3,10,4,11,2,27,9,34,21,6,0,4,19,6,11,10,1,8,7,3,21,1208,18,18,11,3,11,20,9,2,2,10
1,0,0,47,0,453,0,0,22,88,0,503,223,0,88,2,0,44,0,659,112,0,6,102,70,53,1,9,2,108,15,11,176,162,8,127,457,1,708,1,2,0,0,4,106,0,0,671
5,6,17,382,2,375,6,0,226,61,3,680,214,0,125,32,0,153,0,736,130,1,24,570,101,62,0,15,2,180,70,24,294,521,150,103,1027,6,997,2,21,15,10,38,151,2,0,706
0,0,0,246,0,2107,0,0,0,4,0,32,1630,0,1,0,0,0,0,436,7,2,0,18,0,0,0,0,7,31,12,1,253,262,6,8,699,0,175,0,1,0,0,0,864,0,0,148
0,0,6,95,7,0,0,0,67,0,734,0,1,0,0,9,1,4,153,0,3,0,0,0,0,0,0,0,1,0,0,0,0,0,0,1,1,1,0,2,0,0,83,0,0,12,0,0
1,3,1269,6,8,2,0,1399,246,0,388,0,1,0,0,4,10,0,12,0,1,8,0,2,0,0,0,3,31,2,1,1,1,3,1,1,1,419,0,34,1,10,8,1,0,131,8,1
9,4125,11,63,17,2,691,30,62,0,154,0,2,2689,0,11,25,163,16,0,0,56,0,39,0,0,0,1,2106,1,23,4,0,0,22,0,0,14,1,143,17,3302,28,46,74,9,174,0
1272,0,8,131,0,43,1,0,4,8,0,2,8,15,6,27,0,136,0,10,5,1,209,34,19,118,80,662,9,1149,57,19,219,399,14,347,14,2,11,1,35,0,1,581,1,0,0,8
22,0,11,630,0,10,6,1,2,1,0,3,8,31,2,217,0,143,0,4,1,12,1,257,0,2,0,10,1,4,289,16,1,4,362,7,6,2,6,5,1636,11,0,78,4,0,0,5
51,3,43,248,3,10,84,0,4,10,11,11,1,39,1,782,0,394,2,11,3,6,13,515,5,3,0,21,21,13,1821,13,10,9,2041,17,11,9,15,31,851,53,2,90,44,0,0,12
12,9,0,49,0,7,12,0,0,2,0,0,4,2,0,276,0,17,0,3,2,9,0,75,0,0,0,3,5,0,153,0,0,4,370,0,7,0,4,0,284,10,0,7,7,0,0,1
11,0,0,1,0,0,0,0,0,5,0,17,0,0,18,0,0,13,0,1,8,0,172,13,96,303,39,280,0,197,0,6,12,9,1,894,1,0,33,0,0,0,0,1,0,0,0,5
2,0,0,1,0,0,0,0,0,3,0,0,0,0,0,0,0,0,0,0,3,0,4,1,6,25,33,196,0,196,0,1,40,69,0,103,0,0,1,0,0,0,0,0,0,0,0,0
2,0,188,1,1,4,0,611,590,147,25,2,0,0,3,2,1,1,4,6,0,8,5,0,6,5,0,1,1,7,0,1,1,11,1,2,1,335,2,21,0,3,8,1,0,3,1,0
30,1,4,265,0,19,1,2,1,846,1,55,181,5,29,5,0,15,0,12,1225,1,80,52,42,212,35,25,1,44,11,1712,76,65,7,56,68,0,38,1,20,10,0,391,503,0,0,103
0,0,3,1,1912,0,0,0,2,0,62,0,0,0,0,8,1757,0,86,0,0,0,0,0,0,0,0,0,1,0,0,0,0,0,0,0,0,1,0,63,0,0,1375,0,0,2197,2,0
0,0,0,0,10,0,0,0,2,0,27,0,0,0,0,1,2,0,1673,0,0,0,0,0,0,0,0,0,0,0,0,0,0,0,0,0,0,0,0,1,0,0,476,0,0,45,0,0
0,2,749,10,22,3,0,45,975,0,1030,0,0,0,0,82,31,0,22,1,0,12,2,0,2,2,0,0,6,0,1,1,0,1,1,1,5,371,1,34,0,11,34,0,0,76,5,1
0,34,25,1,25,0,1,3,40,1,27,0,0,43,0,2,36,0,2,0,0,4,0,0,0,0,0,0,13,0,0,0,0,0,0,0,0,5,1,410,0,45,2,4,0,14,3,0
5,0,0,2,0,0,0,0,10,6,0,21,0,0,4,1,0,20,0,16,10,0,21,7,20,17,7,44,0,81,2,9,22,39,0,39,28,0,54,0,0,0,0,2,0,0,0,45
38,0,0,74,0,213,0,0,1,16,0,45,116,1,3,3,0,41,0,74,52,0,12,107,12,10,1,61,0,28,14,17,10,7,16,225,333,0,365,0,13,0,0,96,15,0,0,434
34,16,11,4,3,4,68,6,25,5,5,0,0,91,2,11,1,87,3,1,4,2,1,41,0,0,0,7,35,5,5,68,0,0,5,2,1,7,2,511,50,16,6,741,49,3,1,4
1227,0,0,35,0,4,2,1,1,7,0,0,6,0,1,7,0,19,0,1,2,0,8,29,1,2,32,624,1,512,7,59,36,145,6,26,2,0,7,0,6,0,0,102,1,0,0,4
1,0,1,64,0,542,0,0,0,35,2,30,171,0,0,2,0,5,0,60,124,0,0,2,0,5,0,0,222,0,10,5,7,3,2,11,274,1,12,0,3,0,0,1,7,0,0,14
0,1,5,0,1132,0,4,3,2,0,49,0,0,1,0,4,706,2,64,0,0,1,0,1,0,0,0,0,5,0,0,0,0,0,0,0,2,6,1,120,0,2,1091,14,5,546,0,0
0,0,0,1,7,0,1,0,1,0,21,0,0,0,0,1,0,1,75,0,0,0,0,0,0,0,0,0,1,0,0,0,0,0,1,0,0,0,0,2,0,0,35,0,0,3,0,0
