0.22745,0.80621,0.20473,0.17052,0.60586,0.33236,0.48839,0.37686,0.34103,0.19082,0.26251,0.2242,0.46288,0.52121,0.3662,0.22496,0.33859,0.22909,0.44552,0.31173,0.40488,0.97253,0.24832,0.28362,0.16974,0.12157,0.2259,0.37796,0.34431,0.36456,0.44893,0.36649,0.13721,0.33286,0.57249,0.24714,0.32909,0.31519,0.28474,0.27845,0.31184,0.48444,0.20591,0.17988,0.35292,0.25548,0.40926,0.19637
0.37955
0,0,0,0,0,0,0,0,1,4,0,101,0,0,248,4,0,0,0,0,146,0,797,0,251,216,1038,12,0,5,0,92,23,0,0,115,0,0,0,0,0,0,0,0,0,0,0,11
0,0,0,0,0,66,0,0,0,0,0,170,24,0,2288,3,0,0,0,49,27,1,39,0,432,222,70,2,0,0,0,2,351,1,1,9,7,4,36,0,0,0,0,0,0,0,0,193
0,10,12,6,6,2,4,5,22,3,5,305,5,0,297,7,3,4,5,4,103,5,245,4,282,238,334,13,8,42,2,22,104,36,2,233,49,9,37,3,0,0,1,17,3,11,21,26
15,0,1,0,0,0,0,0,0,22,0,13,1,0,22,0,0,0,0,0,48,0,922,0,54,20,783,492,0,96,1,114,11,0,3,316,0,0,1,0,0,0,0,1,0,0,0,2
0,0,0,0,0,0,0,0,0,1,0,17,0,0,155,6,0,0,0,0,15,0,196,0,127,85,54,2,0,0,0,24,3,0,0,40,0,1,1,0,0,0,0,0,0,0,0,2
35,1,21,9,2,11,2,8,59,42,0,519,6,7,83,21,0,33,0,34,135,3,162,20,225,139,181,91,0,233,36,86,131,48,20,582,110,8,160,2,13,3,0,44,3,5,0,53
0,0,0,1,0,0,0,2,0,0,0,21,3,0,532,2,0,0,0,1,54,0,136,0,174,368,545,0,0,5,0,19,454,50,0,5,0,0,4,0,0,0,0,0,2,0,0,12
0,0,25,0,1,0,0,48,50,9,21,1,0,3,0,2,0,0,0,3,0,1,1,0,4,0,1,6,5,4,1,0,2,25,0,2,1,5,4,0,0,0,3,2,0,62,1,2
52,662,7,106,8,3,3472,3,1,13,4,0,4,589,0,14,20,355,3,2,3,17,0,48,0,0,0,3,302,4,295,18,0,1,20,2,7,3,0,46,84,328,47,363,949,2,364,0
0,0,0,0,11,0,0,0,5,0,614,0,0,0,0,0,30,0,55,0,0,0,0,0,0,0,0,0,0,0,0,0,0,0,0,0,0,0,0,0,0,0,95,0,0,12,0,0
0,5,96,4,3,0,1,170,121,3,359,4,1,6,0,4,8,2,8,8,0,13,0,2,4,0,0,0,11,0,2,0,1,19,0,4,3,29,21,15,4,2,36,1,3,164,2,7
25,22,146,3,16,6,114,97,169,16,43,0,1,85,1,3,74,120,6,6,2,4,1,69,9,1,2,4,28,5,21,12,34,17,13,1,6,18,26,57,56,44,57,97,6,224,186,6
20,40,8,52,1,74,61,0,1,41,8,3,23,27,1,44,2,112,11,2,18,1,1,148,5,6,3,1,36,10,200,75,21,13,49,7,89,22,11,8,166,44,3,60,242,0,0,18
1,0,6,1,0,44,0,0,1,2,0,642,36,0,979,4,0,0,0,121,104,0,49,4,248,293,99,4,0,3,2,13,355,38,2,102,18,3,162,0,1,0,0,0,1,2,0,510
54,0,3,2,0,0,0,0,0,9,0,5,0,0,0,18,0,0,0,3,7,0,118,0,8,2,7,283,0,157,2,32,0,0,2,230,0,1,3,0,2,0,0,1,0,0,0,0
32,0,26,28,0,31,3,0,3,19,0,6,21,0,1,27,0,27,0,16,3,2,0,85,10,1,1,5,10,14,60,2,11,4,90,2,82,3,9,6,22,26,0,21,4,1,2,1
3,30,36,2,1,1,21,21,52,28,7,0,0,22,0,177,30,15,0,1,0,17,0,15,0,0,0,11,128,1,8,0,0,2,1,0,17,43,2,367,13,39,14,25,1,13,99,0
4,0,1,17,0,15,1,0,3,157,0,406,25,11,307,2,0,4,1,25,2209,6,10,22,34,259,50,12,0,10,4,953,92,16,8,16,135,1,72,0,0,1,0,16,45,2,0,476
0,0,0,9,0,262,0,0,0,0,0,75,123,0,216,3,0,0,0,265,17,0,1,1,41,51,15,7,0,2,3,0,341,78,0,1,9,5,279,0,0,0,0,0,6,0,0,472
0,13,1,0,16,0,6,13,9,0,15,0,0,20,0,1,1073,2,95,0,0,9,0,1,0,0,0,0,2,0,0,0,0,0,0,0,1,2,0,58,1,8,523,0,0,37,295,0
1,6,47,2,1,2,1,467,132,19,88,6,1,11,1,82,0,5,2,14,10,1,0,2,0,3,0,7,15,36,1,2,9,39,8,11,2,50,7,7,2,1,2,70,2,11,0,6
2,47,4,0,0,2,44,0,3,9,1,0,1,16,0,11,7,8,1,0,0,7470,0,39,1,0,0,1,80,0,11,0,1,5,3,0,2,27,0,41,5,33,0,10,3,3,2289,0
5,4,123,5,2,95,0,63,37,29,51,0,183,3,37,74,37,3,154,40,5,23,15,82,7,3,6,19,23,4,12,21,12,65,22,6,23,359,24,81,114,8,13,8,27,119,6,8
1,0,7,39,0,473,0,1,3,6,0,522,352,0,277,10,1,6,0,522,73,0,4,3,64,227,73,1,1,28,11,11,284,199,6,84,122,1,485,0,1,0,0,2,31,3,0,1108
2,13,47,140,11,364,2,2,39,38,0,947,465,3,276,22,0,60,4,664,203,2,12,43,117,248,103,15,2,60,79,35,496,697,43,59,775,33,707,2,7,3,0,19,131,12,0,1243
0,0,1,263,0,1256,0,0,0,0,0,36,2095,0,18,15,0,0,1,991,16,1,0,1,5,41,6,14,1,6,27,0,251,237,5,1,250,8,67,0,2,0,0,1,271,0,0,1063
0,0,0,0,28,0,0,5,10,0,955,0,0,6,0,0,11,0,49,5,0,0,0,0,0,0,0,0,1,0,0,0,0,5,0,0,2,1,2,0,1,1,93,0,2,3,0,1
0,7,320,1,0,0,0,964,783,53,821,0,0,3,1,159,13,2,35,20,0,3,2,2,1,0,0,27,6,28,3,0,4,189,11,13,0,254,9,25,4,1,32,33,1,180,6,2
11,4156,20,19,16,0,2976,13,31,30,45,0,2,1487,0,14,75,207,11,0,1,61,0,31,0,0,0,0,502,1,92,3,0,8,16,0,7,68,0,188,35,1245,120,127,507,13,1992,0
648,0,16,84,0,14,1,0,1,31,1,13,10,8,23,34,0,25,2,9,54,0,462,24,65,67,401,691,4,895,86,306,224,38,28,1080,7,4,3,9,26,0,1,249,10,0,0,12
542,0,36,288,0,26,25,0,37,56,0,4,40,27,2,34,0,103,0,16,3,11,4,361,5,3,1,49,75,87,307,59,48,18,304,18,73,6,19,8,580,160,1,319,46,0,1,9
495,11,168,283,12,90,178,0,17,29,0,8,126,36,16,256,0,356,1,20,20,8,14,504,38,5,9,26,60,102,1191,69,36,24,1228,25,143,21,14,11,706,421,1,422,126,1,0,10
150,22,10,138,0,26,26,0,0,6,0,0,68,0,0,31,0,18,0,3,0,1,1,88,5,0,1,7,4,48,133,18,4,4,177,4,22,3,1,4,200,24,0,45,42,0,0,0
19,0,0,2,0,3,0,0,0,3,0,76,0,0,98,2,0,0,0,0,32,0,326,1,188,63,142,133,0,47,1,45,10,0,2,912,3,0,19,0,0,0,0,0,0,0,0,9
0,0,0,0,0,0,0,0,0,0,0,0,0,0,10,0,0,0,0,0,20,0,19,1,13,17,293,69,0,46,0,15,17,0,0,161,0,0,3,0,0,0,0,0,0,0,0,0
0,0,134,0,0,0,0,300,383,30,97,1,0,4,4,19,20,0,1,9,0,5,28,0,4,2,2,7,0,1,0,0,10,80,1,5,1,105,7,63,0,1,18,2,0,653,10,5
29,2,3,49,0,26,1,0,2,183,0,168,61,8,266,3,0,9,0,3,2034,0,59,24,52,358,206,38,1,34,19,1352,190,44,19,57,67,3,81,2,13,1,0,156,163,0,0,464
0,2,0,0,4324,0,0,10,0,0,498,0,0,9,0,0,1060,1,682,0,0,2,0,0,0,0,0,0,0,0,0,0,0,2,0,0,0,0,0,73,0,0,465,0,0,295,47,0
0,0,0,0,89,0,0,2,1,0,375,0,0,2,0,1,234,0,1153,0,0,0,0,0,0,0,0,0,0,0,0,0,0,3,0,0,0,0,0,4,0,0,358,0,0,15,0,0
0,3,213,2,35,1,0,347,298,2,1600,2,1,3,1,3,35,0,88,7,0,10,0,0,4,0,0,0,2,1,0,0,3,43,2,1,2,22,11,24,0,0,160,1,2,593,16,1
0,39,4,0,43,0,20,10,7,2,42,0,0,49,0,0,151,1,28,0,0,2,0,0,0,0,0,0,3,0,0,0,0,0,0,0,2,2,1,36,1,19,100,0,0,27,152,0
3,0,1,5,0,4,0,0,0,1,0,55,3,0,22,0,0,3,0,22,19,0,24,0,28,37,31,33,0,36,5,9,19,6,0,58,13,0,42,0,0,0,0,1,0,0,0,52
48,0,1,52,0,500,0,0,0,7,0,67,292,0,62,1,0,6,0,105,54,0,27,8,34,25,20,46,0,34,4,97,15,20,13,132,198,2,141,0,1,0,0,19,8,0,0,414
43,46,7,1,33,12,144,2,7,21,8,1,2,280,1,8,64,59,10,1,3,1,2,126,1,1,1,11,32,6,9,114,1,2,6,3,14,8,1,111,183,152,118,141,27,20,98,1
607,0,10,11,0,3,0,0,4,30,0,8,1,7,2,6,0,1,0,7,16,0,36,13,4,5,116,1307,27,357,17,65,41,4,35,72,7,2,4,5,12,2,0,66,2,1,1,9
2,0,0,65,0,366,1,0,2,4,13,21,550,0,1,10,0,0,7,181,2,0,0,0,1,21,1,9,85,7,8,4,5,5,4,1,86,1,7,1,4,0,0,0,19,0,0,122
0,13,2,0,2459,1,5,5,2,1,385,1,0,120,0,1,218,7,120,0,0,1,0,5,0,0,0,0,4,0,0,0,1,8,0,0,0,2,0,61,4,3,254,7,1,71,5,0
0,1,0,0,19,0,0,0,0,0,39,0,0,1,0,0,3,0,55,0,0,0,0,0,0,0,0,0,0,0,0,0,0,1,1,0,0,0,0,0,1,0,25,0,3,1,0,0
