0.33687,0.84522,0.30327,0.2296,0.61927,0.40021,0.55755,0.4156,0.27497,0.25963,0.23499,0.21073,0.48128,0.55871,0.41132,0.19716,0.40801,0.29083,0.69301,0.30709,0.45562,0.96463,0.23276,0.28108,0.1811,0.13084,0.27537,0.33515,0.41632,0.39806,0.52295,0.42284,0.13422,0.35737,0.59824,0.24314,0.37856,0.46524,0.32791,0.29419,0.33574,0.63048,0.18783,0.18672,0.34907,0.30783,0.61672,0.20056
0.4105
0,0,0,0,0,0,0,0,1,11,0,54,0,0,183,2,0,0,0,1,159,0,844,0,296,277,1023,12,0,4,0,70,29,2,0,90,0,0,0,0,0,0,0,0,0,0,0,6
0,0,0,1,0,38,0,0,0,1,0,176,21,0,1890,0,0,0,0,144,13,0,25,2,575,308,32,1,0,0,0,3,444,8,0,8,11,2,74,0,0,0,0,0,0,0,0,220
1,9,12,4,3,4,3,1,17,14,1,202,1,1,274,4,6,6,0,3,47,2,282,5,461,230,267,23,8,59,4,17,140,44,3,192,63,12,46,12,1,2,3,14,1,9,22,20
12,0,0,0,0,0,0,0,0,44,0,4,0,0,14,2,0,0,0,0,44,0,843,0,63,28,847,578,0,87,0,66,12,0,0,294,0,0,0,0,0,0,0,0,0,0,0,0
0,0,0,0,0,0,0,0,0,1,0,14,2,0,121,1,0,0,0,3,10,0,229,0,145,136,14,0,0,0,0,14,3,0,0,32,0,0,1,0,0,0,0,0,0,0,0,3
37,2,9,9,1,13,2,2,97,55,0,393,7,8,84,22,0,69,0,14,50,2,201,37,311,133,114,104,0,290,26,45,143,77,32,531,144,9,234,4,5,4,0,32,3,1,0,30
0,0,0,0,0,0,0,0,0,0,0,10,13,0,407,0,0,0,0,1,21,0,130,0,218,339,572,1,0,10,0,14,555,83,0,1,0,0,6,0,0,0,0,0,1,0,0,8
1,0,30,1,1,0,1,51,87,17,6,4,0,0,0,0,0,0,0,9,1,1,2,0,0,0,4,6,3,4,1,0,4,15,0,5,1,2,5,4,0,0,1,4,0,22,0,2
59,656,6,92,8,2,2766,5,1,17,6,0,2,672,0,10,10,666,6,0,2,19,0,43,0,0,0,6,452,2,184,22,0,1,17,2,3,5,0,69,96,334,75,464,1139,1,304,0
0,0,0,0,24,0,0,0,8,0,563,0,0,0,0,0,3,0,127,0,0,0,0,0,0,0,0,0,0,0,0,0,0,0,0,0,0,0,0,0,0,0,80,0,0,17,0,0
1,1,167,4,8,3,1,120,233,2,208,10,0,3,1,4,13,0,4,15,2,13,0,0,1,2,1,1,13,1,2,0,5,6,0,4,7,53,4,22,1,1,23,0,3,171,2,10
15,9,229,6,15,8,89,93,167,17,4,2,0,93,2,2,84,144,0,6,1,5,1,62,5,1,0,2,34,6,23,4,49,10,14,2,8,12,52,68,60,23,45,129,15,207,127,9
12,6,18,48,0,46,34,1,0,108,3,3,14,26,1,19,1,197,5,1,22,1,1,129,5,3,0,0,49,4,232,71,9,7,33,2,42,19,7,17,177,6,8,65,321,1,0,14
1,0,2,0,0,30,0,0,0,8,0,594,34,0,784,0,0,2,0,198,114,0,37,11,295,358,59,3,0,3,2,9,389,52,4,132,51,3,235,0,0,0,0,0,4,0,0,436
50,0,0,2,0,0,0,0,0,11,0,5,0,0,0,7,0,0,0,3,1,0,119,0,14,2,6,332,2,161,3,17,0,0,2,209,1,0,0,0,0,0,0,2,0,0,0,0
9,0,20,27,0,11,2,0,0,8,0,3,4,1,2,24,0,32,0,8,1,0,0,147,8,0,0,3,10,13,70,2,7,4,166,1,53,2,18,4,25,15,0,13,2,0,1,1
3,13,9,3,0,2,11,2,4,13,1,0,0,14,0,256,17,17,2,1,0,9,0,19,0,0,0,21,199,1,4,0,0,0,5,0,6,8,2,496,7,30,10,14,1,2,61,0
5,0,0,11,0,7,1,0,1,384,1,285,9,6,108,0,0,4,0,29,2382,3,7,32,64,277,29,16,0,11,9,994,53,19,3,18,183,2,95,0,0,1,0,7,60,0,0,312
0,0,0,11,0,205,0,0,0,0,0,62,159,0,106,2,0,0,0,353,5,0,0,2,12,31,5,0,0,2,0,0,457,116,1,3,23,2,314,0,0,0,0,0,24,0,0,387
0,14,6,0,5,0,3,7,13,1,4,0,0,31,0,3,1568,0,27,0,0,10,0,1,0,0,0,0,3,0,0,0,0,0,0,0,0,1,0,97,0,8,315,0,0,20,64,0
0,3,36,2,3,0,1,642,141,21,79,1,1,3,0,118,1,2,0,2,2,0,0,2,0,0,0,4,10,9,0,1,1,9,1,2,5,48,1,11,0,1,1,18,1,4,0,5
6,38,6,0,0,1,53,0,2,4,0,0,2,17,0,14,4,5,1,0,0,5754,0,31,1,0,0,2,88,1,1,0,0,3,3,0,2,21,0,35,0,49,1,5,0,1,4029,0
3,0,134,10,1,56,0,44,37,38,32,3,316,0,30,62,12,2,45,29,5,19,8,21,5,13,4,5,37,7,4,11,10,62,8,6,27,716,20,42,92,4,16,2,19,34,2,7
3,0,5,58,0,489,0,0,2,14,0,418,373,0,135,4,0,11,0,635,64,0,5,13,58,183,26,5,1,48,4,16,311,214,6,107,243,2,700,0,0,0,1,0,58,0,0,830
8,2,30,205,6,341,4,1,34,36,4,691,389,1,183,24,0,102,3,654,97,1,12,106,117,171,28,5,1,109,53,25,514,783,98,81,1063,16,1129,3,14,1,1,14,150,5,0,930
0,0,0,324,0,1528,0,0,0,1,0,33,1967,0,3,5,0,0,0,1100,7,2,0,4,0,14,1,1,4,5,9,2,308,297,1,3,278,0,83,0,1,0,0,0,415,0,0,554
0,0,0,0,26,0,0,4,30,1,926,1,0,4,0,0,0,0,100,2,0,0,0,0,0,0,0,0,4,0,0,0,0,1,0,0,4,2,1,1,0,0,68,0,1,2,0,3
0,2,696,3,15,1,0,1002,768,27,682,0,0,5,1,256,16,1,20,2,0,10,0,0,0,0,0,11,19,5,2,1,0,62,2,1,0,289,1,27,1,2,22,5,0,54,7,0
12,4587,8,7,17,0,1747,12,7,13,21,0,1,1813,0,27,39,243,15,1,0,60,0,24,0,0,0,1,913,2,51,3,0,2,18,0,3,43,1,249,24,1568,170,62,556,9,1801,0
866,1,5,113,0,18,0,0,2,40,1,14,27,15,26,35,0,30,0,3,11,0,411,29,69,30,157,493,6,1152,60,193,331,90,22,1028,5,2,3,4,13,1,1,344,4,0,0,11
252,0,28,470,0,9,10,0,9,48,0,4,5,37,4,39,1,132,0,9,2,11,4,434,2,1,1,12,69,56,271,29,20,17,407,11,25,1,13,1,896,81,2,361,8,0,0,19
208,6,178,295,7,36,111,0,10,24,1,12,15,39,4,264,4,497,3,9,5,5,8,581,21,4,2,12,73,54,1356,32,18,22,1699,27,52,10,20,7,930,257,5,353,44,0,2,15
54,15,4,165,0,12,22,0,0,12,0,0,15,0,0,60,0,25,0,10,0,3,0,117,0,1,0,1,10,11,184,6,0,7,252,0,9,1,3,3,259,18,1,38,16,0,0,0
18,0,0,0,0,1,0,0,0,4,0,54,0,1,70,1,0,0,0,2,22,0,313,0,229,125,60,151,0,60,0,24,18,0,2,961,3,0,11,0,0,0,0,1,1,0,0,4
1,0,0,0,0,0,0,0,0,2,0,1,1,0,4,0,0,0,0,0,6,0,13,0,11,15,191,139,0,88,0,7,28,3,0,173,0,0,1,0,0,0,0,0,0,0,0,0
1,0,212,0,1,0,0,225,564,79,26,1,0,2,1,42,11,0,6,6,0,9,12,0,0,2,4,5,1,1,0,0,8,57,1,1,2,214,6,57,0,0,7,0,0,441,3,4
28,1,0,35,0,23,7,0,0,305,0,82,55,8,122,3,0,13,0,12,2067,0,58,20,115,417,186,24,0,30,16,1422,130,42,7,46,53,0,53,0,10,0,0,206,352,0,0,302
0,0,3,0,4455,0,0,2,0,0,413,0,0,2,0,0,1255,0,149,0,0,0,0,0,0,0,0,0,0,0,0,0,0,0,0,0,0,0,0,119,0,0,389,0,0,683,0,0
0,0,0,0,83,0,0,0,0,0,276,0,0,0,0,0,5,0,1596,0,0,0,0,0,0,0,0,0,0,0,0,0,0,0,0,0,0,1,0,1,0,0,245,0,0,30,0,0
0,1,407,3,60,2,0,188,526,3,1131,6,0,2,0,7,57,0,38,8,1,17,0,0,1,0,0,0,5,1,1,0,9,20,0,1,5,32,5,30,0,0,100,1,0,865,4,2
0,29,20,0,31,0,16,6,8,0,22,0,0,70,0,1,257,0,3,0,0,4,0,3,0,0,0,0,4,0,0,0,0,0,0,0,2,2,0,48,0,11,97,0,0,32,75,0
6,0,1,1,0,5,1,0,0,3,0,45,2,1,9,0,0,3,0,16,9,0,19,0,36,23,16,38,0,58,1,7,44,19,0,51,25,0,54,0,0,0,0,1,0,0,0,38
79,0,2,54,0,476,0,0,0,15,0,63,209,0,23,1,0,16,0,133,30,0,24,24,31,20,2,44,1,50,5,62,24,18,10,157,276,0,227,0,1,2,0,18,9,0,0,347
62,27,8,2,10,8,74,1,12,20,2,0,1,336,1,8,117,65,4,2,3,3,2,153,2,0,1,9,27,5,9,128,3,0,5,1,7,4,1,146,147,66,172,214,31,13,29,2
921,0,1,12,0,2,0,0,0,45,0,5,2,4,1,2,0,2,0,3,12,0,16,4,4,1,62,1044,13,484,2,43,51,12,15,42,3,2,8,3,5,1,0,89,0,0,0,7
0,0,2,69,0,440,0,0,7,12,9,23,440,0,1,6,0,0,0,155,10,0,0,1,0,42,1,0,125,0,3,3,6,5,2,3,119,0,9,0,0,0,1,1,22,0,0,99
0,4,1,0,2401,1,2,2,4,0,352,1,0,30,0,2,362,4,81,0,0,2,0,9,0,0,0,0,9,0,1,0,1,2,0,0,1,1,0,105,4,1,192,8,0,184,0,0
0,1,0,0,13,0,0,0,1,0,39,0,0,0,0,0,0,0,68,0,0,0,0,1,0,0,0,0,0,0,0,0,1,0,1,0,0,0,0,1,1,0,19,0,2,2,0,0
