0.44598,0.83394,0.44139,0.21729,0.64316,0.49677,0.68721,0.41407,0.25346,0.42271,0.31159,0.23149,0.57803,0.69112,0.49445,0.3231,0.44668,0.28665,0.70289,0.22032,0.43798,0.94924,0.25866,0.22313,0.27607,0.16229,0.41349,0.19244,0.58351,0.31094,0.64291,0.4776,0.21461,0.21797,0.5975,0.26557,0.33188,0.49396,0.29988,0.24245,0.50554,0.76878,0.39309,0.2268,0.28057,0.63531,0.94144,0.20024
0.45102
0,0,0,1,0,0,0,0,0,37,0,4,0,0,38,0,0,0,0,1,68,0,777,0,229,488,1128,25,0,23,0,47,41,13,0,133,0,0,1,0,0,0,0,0,0,0,0,10
0,0,0,0,0,5,0,0,1,2,0,475,3,0,1380,0,0,0,0,198,9,1,51,18,842,110,9,2,0,1,1,0,407,32,0,19,8,0,67,0,1,0,0,0,1,0,0,354
2,11,5,10,2,0,21,2,39,4,5,70,1,2,155,21,3,17,0,13,24,4,261,23,481,308,138,37,3,144,2,9,204,98,12,217,62,7,45,27,0,4,2,3,4,4,7,42
4,0,0,5,0,0,0,1,0,53,0,2,0,0,1,0,0,0,0,0,19,0,590,0,20,136,741,662,0,212,1,74,19,14,0,378,0,0,0,0,1,0,0,5,0,0,0,0
1,0,0,0,0,0,0,0,0,1,0,8,1,0,54,0,0,0,0,5,4,0,182,5,195,186,16,4,0,4,0,1,4,1,0,48,0,0,0,0,0,0,0,0,0,0,0,9
39,0,0,16,0,1,6,3,329,32,2,115,3,2,54,1,0,135,0,19,33,0,212,142,227,142,32,231,1,470,12,33,120,174,64,372,116,5,117,5,25,3,0,41,4,0,0,48
0,0,0,0,0,0,0,0,0,5,0,25,3,0,91,0,0,0,0,7,10,0,159,1,155,395,354,3,0,21,0,3,711,424,0,4,0,1,7,0,0,0,0,0,1,0,0,10
2,0,33,13,1,0,1,68,79,44,2,0,0,1,0,1,0,1,1,6,1,4,4,0,2,1,1,6,0,5,0,4,0,2,0,2,1,6,1,0,0,0,0,0,1,1,0,0
29,654,2,281,3,3,2687,12,18,5,130,2,2,719,0,22,18,876,7,0,2,24,0,90,0,0,0,1,638,0,41,7,0,0,23,0,1,7,0,56,52,628,15,450,669,4,46,0
0,0,1,0,4,0,0,0,30,0,379,0,0,0,0,0,1,0,238,0,0,0,0,0,0,0,0,0,0,0,0,0,0,0,0,0,0,0,0,0,0,0,134,0,0,35,0,0
2,0,245,89,3,1,4,45,410,0,123,2,0,1,1,9,14,3,3,0,1,19,1,3,4,1,1,1,7,0,2,0,0,0,0,8,7,69,6,15,0,1,7,0,1,32,2,3
6,16,248,53,10,7,91,33,418,1,7,2,1,29,5,8,8,131,0,4,0,3,1,77,6,2,0,2,38,2,18,1,4,5,13,2,7,23,9,350,16,20,0,221,17,14,18,12
12,4,51,16,0,25,39,2,7,337,11,6,9,8,0,74,0,422,0,3,9,0,0,38,0,0,0,0,153,1,89,27,4,2,19,2,17,25,15,8,28,4,4,61,243,0,0,13
2,0,0,3,0,6,0,0,2,33,0,654,10,0,582,0,0,5,0,270,272,0,51,34,395,182,12,3,0,39,0,15,257,90,4,172,74,1,239,0,1,0,0,0,13,0,0,429
67,0,0,0,0,1,0,1,2,2,0,0,0,0,0,0,0,0,0,1,0,2,67,0,4,21,1,491,0,192,4,2,1,3,0,75,0,0,1,0,2,0,0,9,0,0,0,0
4,0,3,24,0,2,3,0,1,3,1,3,1,0,0,39,0,13,0,5,0,0,2,201,4,0,0,3,1,2,105,1,1,4,208,1,13,1,13,5,35,4,0,8,1,0,0,2
6,24,1,26,0,2,9,4,8,2,3,0,0,8,0,544,11,3,1,0,0,15,0,26,0,0,0,12,110,1,7,0,0,1,17,0,4,3,1,348,1,34,0,16,0,4,11,0
2,0,0,72,0,4,2,0,11,1113,5,128,2,0,34,1,0,8,0,23,1755,1,17,50,52,75,11,21,0,15,4,1463,38,21,4,23,163,1,152,0,1,0,0,17,54,0,0,85
0,0,0,2,0,147,0,0,0,2,0,184,79,0,39,0,0,0,0,402,3,0,1,7,5,7,1,0,1,12,0,0,345,164,1,5,121,1,334,0,0,0,0,0,78,0,0,341
0,16,8,0,3,0,1,5,33,6,13,0,0,8,0,5,1209,0,12,0,0,7,0,1,0,0,0,0,2,0,0,0,0,0,0,0,0,4,0,851,0,7,3,2,0,3,2,0
7,0,160,19,1,1,1,805,89,1,30,0,0,0,0,0,1,0,2,1,1,1,0,4,1,0,0,5,6,3,1,1,0,0,2,5,4,9,2,7,1,2,0,6,7,6,0,0
9,40,1,4,0,2,89,6,0,1,0,0,0,22,0,19,5,1,0,0,0,4208,0,38,1,0,0,1,55,1,2,0,0,0,3,0,2,20,0,33,1,97,0,5,0,0,5514,0
8,1,55,9,2,25,0,63,35,7,21,19,253,1,22,33,11,10,6,16,3,25,8,29,7,5,1,3,23,4,10,5,2,15,4,6,21,1185,15,26,10,1,10,15,10,4,3,13
2,0,1,38,0,491,0,0,21,49,1,569,219,0,108,2,0,38,0,605,116,0,3,64,64,64,3,8,4,107,11,9,174,175,7,125,484,1,703,1,4,0,0,3,124,0,0,644
5,4,13,366,0,367,4,0,223,38,44,766,207,1,154,22,0,135,1,631,105,0,16,389,108,73,1,17,4,172,63,23,288,592,143,101,1221,9,1016,2,24,5,5,42,179,2,0,664
0,0,0,255,0,2076,0,0,0,4,1,53,1552,0,2,1,0,1,0,694,6,2,0,20,0,0,0,0,7,22,12,4,263,287,3,5,516,0,162,0,0,0,0,0,872,0,0,130
0,0,6,90,5,0,0,0,53,0,766,0,1,0,0,2,1,1,143,0,2,0,0,0,0,0,0,0,4,0,0,0,0,0,0,0,1,2,0,0,0,0,88,0,0,16,0,0
1,5,1446,12,10,1,0,1224,294,0,391,0,0,1,1,8,14,0,12,0,1,5,0,2,0,0,0,3,13,6,1,0,0,2,2,1,1,382,0,61,1,6,4,1,0,99,5,2
9,4319,8,43,13,2,806,30,52,3,133,0,1,2318,0,38,43,189,17,0,0,59,0,44,0,0,0,1,1946,1,22,3,1,0,22,0,0,12,0,301,14,3182,76,56,107,19,240,0
1354,0,3,102,0,61,0,0,2,13,0,10,7,15,8,20,0,121,0,7,5,2,259,40,16,97,94,624,8,1185,58,13,212,296,17,389,10,3,13,3,35,2,1,547,5,0,0,9
26,0,11,641,0,7,4,0,2,0,3,5,3,43,2,125,0,151,0,7,1,10,0,335,1,1,0,9,2,6,306,17,0,3,368,6,4,2,7,6,1596,10,0,81,7,1,0,2
50,4,83,256,5,13,67,1,7,18,15,6,6,31,1,642,2,562,1,6,2,3,8,575,8,7,0,18,24,16,1786,9,11,9,1912,20,22,7,13,26,906,49,1,96,20,1,1,11
12,10,1,66,0,7,13,0,0,2,1,0,8,2,0,262,0,30,0,2,1,8,0,83,0,0,0,0,3,0,162,0,0,5,307,0,4,0,2,1,321,9,0,5,6,0,1,0
15,0,0,0,0,0,0,0,1,3,0,24,1,1,18,0,0,11,0,0,7,0,201,6,124,271,31,254,0,195,0,6,14,11,1,908,1,0,27,0,0,0,0,1,0,0,0,4
1,0,0,0,0,0,0,0,0,3,0,0,0,0,0,0,0,0,0,0,3,0,6,2,6,24,33,195,0,221,0,1,37,52,0,99,0,0,1,0,0,0,0,0,0,0,0,0
2,0,179,0,1,2,0,596,566,172,20,2,0,0,2,2,7,0,5,9,0,6,5,0,4,5,0,1,1,4,0,0,2,13,1,2,1,362,2,15,0,4,5,0,0,14,0,0
33,1,1,255,0,20,2,1,1,590,8,41,38,8,29,3,0,19,0,13,1380,0,76,28,54,369,62,24,1,50,11,1748,86,100,8,47,51,0,47,1,17,13,0,329,584,0,0,101
0,0,2,0,2426,0,0,0,2,0,51,0,0,0,0,6,1684,0,86,0,0,0,0,0,0,0,0,0,1,0,0,0,0,0,0,0,0,1,0,73,0,0,1274,0,0,1864,0,0
0,0,0,0,21,0,0,0,1,0,31,0,0,0,0,1,3,0,1656,0,0,0,0,0,0,0,0,0,0,0,0,0,0,0,0,0,0,1,0,0,0,0,487,0,0,36,0,0
0,2,672,9,10,3,0,46,953,0,1046,1,0,0,1,55,52,0,23,1,0,13,2,0,2,3,0,0,15,0,1,1,0,1,1,1,7,228,1,41,0,2,31,0,0,312,3,0
0,47,23,0,26,0,3,2,34,0,31,0,0,35,0,2,129,0,2,0,0,5,0,0,0,0,0,0,8,0,0,0,0,0,0,0,1,3,0,333,0,34,3,1,0,16,3,0
5,0,0,1,0,1,0,0,7,4,0,35,0,0,4,1,0,17,0,14,10,0,21,6,23,12,10,45,0,84,2,6,25,37,0,36,38,0,52,0,0,0,0,4,0,0,0,32
44,0,0,50,0,331,0,0,1,10,1,75,116,1,4,3,0,40,0,88,37,0,14,101,8,10,1,67,0,33,17,23,11,9,17,176,423,0,295,0,14,0,0,82,22,0,0,329
43,19,8,3,2,4,52,3,25,6,7,0,0,92,1,6,56,92,2,1,2,5,1,63,1,0,1,7,26,4,5,66,0,0,8,3,2,10,1,528,41,17,7,660,54,4,1,4
1232,0,0,24,0,3,1,1,1,23,0,1,2,3,0,5,0,19,0,1,3,0,8,25,1,7,46,653,0,553,13,35,25,55,7,19,3,0,10,2,5,0,0,127,8,0,0,2
0,0,2,95,0,558,0,0,0,4,0,22,156,0,0,1,0,2,0,96,112,0,0,4,0,5,0,1,222,0,9,3,6,6,1,9,266,2,11,0,3,0,0,1,8,0,0,11
0,1,4,0,1218,0,3,2,1,0,54,0,0,2,0,2,498,2,69,1,0,1,0,3,0,0,0,0,7,0,0,0,0,0,0,0,2,6,0,384,1,1,1046,15,5,439,0,0
0,1,0,1,6,0,1,0,1,0,21,0,0,0,0,1,0,1,69,0,0,0,0,0,0,0,0,0,1,0,0,0,0,0,1,0,0,0,0,1,0,0,38,0,3,4,0,0
