0.43176,0.82696,0.37995,0.20913,0.6133,0.52002,0.71761,0.44207,0.25969,0.45963,0.33108,0.22858,0.56409,0.762,0.50836,0.35212,0.64644,0.3453,0.70791,0.25607,0.4355,0.94742,0.25127,0.22484,0.26922,0.19182,0.43344,0.19314,0.56012,0.2982,0.63888,0.46843,0.2385,0.16661,0.58931,0.26232,0.27729,0.46418,0.29005,0.53951,0.5132,0.73517,0.41501,0.25267,0.2995,0.70033,0.94951,0.22361
0.46697
0,0,0,1,0,0,0,0,1,61,0,6,0,0,41,0,0,0,0,2,51,0,693,4,202,549,1107,30,0,44,0,62,53,19,0,132,0,0,1,0,0,0,0,0,0,0,0,5
0,0,0,0,0,3,0,0,1,2,0,699,8,0,1307,0,0,0,0,256,9,1,69,43,781,92,11,2,0,0,1,0,369,40,0,16,9,0,49,0,1,0,0,0,1,0,0,227
2,20,5,18,3,0,25,2,35,12,4,62,0,2,139,27,1,23,0,21,23,5,263,55,463,329,134,32,20,155,2,10,178,124,8,205,45,6,42,9,3,8,1,5,0,1,3,25
9,0,0,7,0,0,0,1,0,10,0,1,0,0,1,0,0,0,0,0,12,0,483,0,17,156,742,635,0,282,1,139,22,22,0,391,0,0,1,0,1,0,0,5,0,0,0,0
2,0,0,0,0,0,0,0,0,1,0,14,1,0,53,0,0,0,0,6,2,0,166,4,196,203,23,5,0,3,0,3,3,0,0,40,0,0,0,0,0,0,0,0,0,0,0,4
37,1,13,24,0,1,7,2,298,32,0,83,4,1,49,16,0,167,0,23,37,2,200,211,201,141,26,242,0,480,15,34,96,191,59,358,79,6,102,6,34,4,0,53,0,1,0,50
0,0,0,3,0,0,0,1,0,6,0,13,4,0,86,0,0,0,0,10,3,0,203,7,141,396,275,2,0,17,0,8,762,432,0,5,4,0,7,0,0,0,0,0,0,0,0,5
1,0,38,9,0,8,2,76,67,40,2,0,0,0,0,1,0,0,1,1,0,3,2,0,5,0,1,6,0,6,1,8,0,5,0,2,2,4,1,0,0,0,1,0,1,1,0,0
28,657,6,190,3,5,2958,13,19,2,165,1,1,603,0,18,6,991,12,1,3,30,0,46,0,0,0,1,618,1,36,6,0,0,45,0,1,8,0,60,63,732,7,246,601,3,37,1
0,0,0,0,2,0,0,0,47,0,385,0,0,0,0,1,2,0,233,0,0,0,0,0,0,0,0,0,0,0,0,0,0,0,0,0,0,0,0,1,0,0,123,0,0,28,0,0
2,1,253,79,5,0,2,53,392,0,144,2,0,0,1,11,4,2,2,2,1,18,0,7,6,1,1,2,1,0,1,0,0,0,0,5,12,80,4,22,0,5,8,1,0,11,2,3
5,23,284,55,11,11,108,39,438,1,11,1,1,30,4,14,12,100,0,5,1,2,0,39,10,0,0,1,70,5,20,1,2,2,14,0,9,23,10,226,30,12,0,251,30,6,31,11
12,4,228,18,0,16,58,5,4,120,14,9,12,4,0,41,0,395,0,1,10,0,0,24,0,0,0,0,137,1,113,60,5,3,23,1,13,24,20,5,26,14,4,68,285,0,0,11
1,0,1,6,0,5,0,0,1,124,0,693,13,0,529,0,0,6,0,309,273,0,55,120,417,156,12,2,0,42,0,12,228,91,2,149,62,1,207,0,0,0,0,1,10,0,0,322
64,0,0,2,0,0,0,1,2,0,0,0,0,0,0,1,0,0,0,1,0,2,42,0,3,26,3,487,0,225,4,2,1,8,0,64,0,0,0,0,0,0,0,11,0,0,0,0
2,1,3,31,0,2,9,0,0,2,0,2,2,0,0,44,0,8,0,5,1,1,1,181,3,0,0,2,2,3,106,1,1,3,219,2,9,0,12,1,44,4,0,6,1,0,0,3
6,30,1,84,0,1,9,6,11,1,2,0,0,9,0,543,4,2,1,0,0,13,0,19,0,0,0,7,358,2,8,1,0,1,13,0,1,4,0,48,2,50,0,11,0,3,12,0
3,0,2,75,0,2,1,0,12,1429,0,74,9,0,24,5,0,12,0,33,1698,2,20,134,38,32,13,17,0,17,5,1362,33,16,4,28,81,0,123,2,2,3,1,12,31,0,0,73
0,0,0,5,0,122,0,0,0,3,0,94,79,0,39,0,0,0,0,421,3,0,2,15,4,5,2,0,1,11,2,0,320,157,1,6,168,1,391,0,0,0,0,0,68,0,0,362
0,9,7,0,2,0,1,5,34,5,6,0,0,11,0,7,6,0,8,0,0,5,0,1,0,0,0,0,5,0,0,0,0,0,0,0,0,4,0,2062,0,9,5,3,0,3,3,0
5,0,156,17,0,0,1,829,75,1,31,1,0,0,0,0,2,0,2,0,3,1,0,5,1,0,1,2,2,2,1,1,0,2,1,4,3,14,1,2,2,4,0,7,3,9,0,1
8,41,0,8,0,2,75,4,0,1,0,0,0,29,0,17,1,3,0,0,0,4216,0,27,1,0,0,3,34,0,2,0,0,0,3,0,1,18,0,15,0,135,0,7,0,0,5529,0
5,0,42,14,1,23,0,83,39,2,26,20,215,0,19,21,3,10,4,11,3,27,9,38,17,6,0,4,18,5,14,8,2,8,7,3,24,1218,16,18,14,3,13,25,9,0,3,10
1,0,8,57,0,443,0,0,22,91,0,449,236,0,85,2,0,42,0,684,119,0,5,113,77,48,1,9,2,113,17,10,159,148,8,130,435,2,733,1,1,0,0,5,101,0,0,685
4,8,79,392,1,367,5,0,245,73,2,618,207,1,121,24,0,136,0,781,145,0,17,639,110,45,0,10,2,187,89,25,248,437,166,103,945,8,1014,1,19,11,12,55,138,1,0,754
0,0,1,267,0,2026,0,0,0,5,0,37,1690,0,1,0,0,0,0,278,9,2,0,21,0,0,0,0,2,29,29,2,276,261,8,8,803,0,199,0,1,0,0,1,835,0,0,159
0,0,3,102,8,0,0,0,75,0,725,0,1,0,0,12,1,3,153,0,2,0,0,0,0,0,0,0,1,0,0,0,0,0,0,0,1,1,0,1,0,0,81,0,0,11,0,0
1,2,1247,6,3,2,0,1450,228,0,375,1,0,0,0,4,15,0,13,0,1,14,0,3,0,0,0,4,19,1,1,0,0,6,3,1,1,424,0,32,1,10,9,1,0,130,10,0
12,4110,11,61,12,1,647,30,62,0,159,0,2,2936,0,13,27,130,18,0,0,57,0,32,0,0,0,1,2059,0,22,2,0,0,27,0,2,15,1,145,23,3198,24,42,57,14,178,0
1259,0,1,122,0,41,1,1,4,7,0,1,10,13,5,22,0,167,0,8,5,1,212,31,19,109,61,664,11,1143,47,21,221,470,15,350,25,2,11,3,41,1,1,531,3,0,0,6
20,0,9,646,0,9,15,2,2,1,0,1,7,30,2,270,0,129,0,6,1,10,1,226,0,2,0,11,2,5,266,16,1,4,366,7,6,3,6,4,1633,14,0,69,4,0,0,5
47,3,30,266,3,10,101,0,5,10,10,13,4,37,1,831,0,334,3,11,2,5,9,485,9,2,0,21,29,12,1778,12,11,7,2039,19,16,13,18,30,871,51,4,102,57,0,0,16
13,9,0,51,0,8,16,0,0,1,0,0,4,1,0,276,0,15,0,2,1,10,0,65,0,0,0,0,4,0,150,0,0,3,388,0,7,0,4,1,275,13,0,8,8,0,0,1
11,0,0,1,0,0,0,0,0,4,0,15,1,0,22,0,0,15,0,1,8,0,168,19,92,312,35,291,0,193,0,5,11,8,1,889,0,0,27,0,0,0,0,1,0,0,0,6
2,0,0,1,0,0,0,0,0,3,0,0,0,0,0,0,0,0,0,0,1,0,7,1,5,26,36,199,0,187,0,1,39,74,0,100,1,0,1,0,0,0,0,0,0,0,0,0
3,0,186,0,0,3,0,614,582,149,25,1,0,0,5,4,1,0,5,5,0,5,5,0,5,3,0,2,1,5,0,3,2,11,1,1,2,338,4,22,0,3,8,0,0,4,4,0
28,1,3,267,0,23,3,1,2,837,0,44,193,4,29,7,0,11,0,11,1268,1,86,54,42,192,40,29,1,40,11,1736,75,54,8,55,68,0,45,1,23,13,0,400,469,0,0,75
0,0,2,1,1900,0,0,0,2,0,58,0,0,0,0,9,1854,0,77,0,0,0,0,0,0,0,0,0,1,0,0,0,0,0,0,0,0,1,0,71,0,0,1377,0,0,2115,2,0
0,0,0,0,10,0,0,0,3,0,27,0,0,0,0,1,2,0,1665,0,0,0,0,0,0,0,0,0,0,0,0,0,0,0,0,0,0,0,0,4,0,0,478,0,0,47,0,0
0,2,621,11,18,3,0,48,978,0,1126,1,0,0,1,91,33,0,22,2,0,12,1,0,4,2,0,0,4,0,1,1,0,0,1,1,5,389,0,40,0,10,36,0,0,68,6,1
0,32,29,1,23,0,1,3,40,1,28,0,0,56,0,2,49,0,1,0,0,3,0,1,0,0,0,0,14,0,0,0,0,0,0,0,0,5,0,402,0,27,2,6,0,12,3,0
5,0,2,2,0,0,0,0,6,7,0,17,0,1,3,1,0,18,0,16,14,0,20,10,21,13,5,44,0,79,3,8,22,43,0,43,26,0,54,0,0,0,0,2,0,0,0,47
41,0,2,76,0,213,0,0,1,18,0,39,109,1,3,3,0,39,0,80,55,0,10,105,8,11,1,57,0,28,15,12,7,9,15,231,269,0,371,0,15,0,0,110,14,0,0,485
33,16,7,4,1,3,72,8,29,3,5,0,0,82,1,10,4,90,1,2,4,1,1,27,1,0,0,6,35,6,7,67,0,0,6,2,2,7,4,537,47,13,8,734,50,4,0,3
1243,0,0,33,0,4,3,0,0,4,0,0,5,0,0,5,0,16,0,1,2,0,8,28,2,2,24,608,1,504,7,64,41,159,6,28,3,0,9,0,8,0,0,101,1,0,0,3
1,0,1,75,0,539,0,0,0,40,2,46,178,0,0,1,0,4,0,54,129,0,0,1,0,3,0,0,213,0,8,3,7,3,2,10,265,1,7,0,2,0,0,2,6,0,0,13
0,0,1,0,1083,0,2,3,3,0,49,0,0,2,0,4,841,1,57,0,0,1,0,1,0,0,0,0,8,0,0,0,0,0,0,0,2,4,1,50,0,3,1079,23,5,544,0,0
0,0,0,1,9,0,0,0,1,0,20,0,0,0,0,1,0,1,74,0,0,0,0,0,0,0,0,0,1,0,0,0,0,0,1,0,1,0,0,0,0,0,36,0,0,4,0,0
