0.43072,0.8273,0.3826,0.20952,0.61178,0.52073,0.71856,0.43967,0.25757,0.45918,0.33088,0.22489,0.56367,0.7623,0.50637,0.35276,0.64826,0.34727,0.70966,0.25618,0.43403,0.94801,0.24891,0.22762,0.26969,0.19192,0.43421,0.19522,0.56062,0.29969,0.63273,0.46674,0.23886,0.16342,0.59185,0.26257,0.279,0.46189,0.28898,0.53886,0.51065,0.73485,0.41768,0.25207,0.30079,0.69773,0.94827,0.22328
0.46672
0,0,0,1,0,0,0,0,0,62,0,6,0,0,40,0,0,0,0,2,52,0,688,4,200,551,1112,30,0,44,0,61,53,20,0,130,0,0,2,0,0,0,0,0,0,0,0,6
0,0,0,0,0,4,0,0,1,2,0,692,7,0,1312,0,0,0,0,253,9,1,71,40,784,90,12,2,0,0,1,0,370,39,0,16,8,0,49,0,1,0,0,0,1,0,0,232
2,20,1,19,3,0,22,2,37,11,5,61,0,2,137,26,1,21,0,20,22,4,262,52,467,334,130,35,21,153,2,9,179,128,10,208,45,6,39,9,2,8,0,5,0,2,6,27
9,0,0,8,0,0,0,1,0,10,0,1,0,0,0,0,0,0,0,0,12,0,482,0,17,155,738,638,0,281,2,142,22,20,0,393,0,0,1,0,1,0,0,5,0,0,0,0
2,0,0,0,0,0,0,0,0,1,0,15,1,0,54,0,0,0,0,6,2,0,166,4,195,201,23,5,0,3,0,3,3,0,0,41,0,0,0,0,0,0,0,0,0,0,0,4
37,1,11,26,0,1,6,4,311,31,0,83,4,3,52,16,0,160,0,23,38,2,205,207,212,133,29,235,0,471,18,31,89,194,56,354,80,4,107,6,31,3,0,58,0,2,0,52
0,0,0,3,0,0,0,1,0,5,0,13,4,0,85,0,0,0,0,10,3,0,202,5,139,400,275,2,0,17,0,9,761,434,0,5,4,0,7,0,0,0,0,0,0,0,0,6
1,0,38,7,0,7,2,79,64,42,3,0,0,0,0,1,0,0,0,1,0,2,2,0,5,0,1,5,0,8,1,7,0,6,0,2,1,5,1,0,1,0,1,0,1,1,0,0
25,653,9,190,4,4,2954,14,19,2,151,2,1,597,0,19,6,1005,12,1,3,29,0,46,0,0,0,1,629,1,37,7,0,0,44,0,0,8,0,64,61,741,8,243,595,4,34,1
0,0,0,0,2,0,0,0,48,0,392,0,0,0,0,1,2,0,231,0,0,0,0,0,0,0,0,0,0,0,0,0,0,0,0,0,0,0,0,1,0,0,116,0,0,29,0,0
2,1,251,75,5,0,2,50,391,0,147,2,0,0,2,12,4,2,2,2,1,14,0,9,4,1,2,2,1,0,1,0,0,0,0,4,13,83,4,20,0,4,10,1,0,12,7,3
5,23,281,52,11,10,110,37,445,1,11,1,1,28,4,13,12,104,0,5,0,2,1,39,9,2,0,1,71,4,19,1,1,5,13,1,6,20,12,228,31,11,0,245,33,6,32,12
12,4,227,17,0,18,53,4,4,120,15,7,11,4,0,38,0,409,0,1,8,1,1,24,0,0,0,0,137,0,121,65,5,2,17,2,15,25,18,6,28,13,4,62,280,0,0,10
1,0,0,5,0,7,0,0,1,125,0,694,13,0,529,0,0,6,0,308,267,0,56,116,409,155,14,2,0,40,0,11,227,93,3,151,58,1,213,0,0,0,0,1,11,0,0,333
65,0,0,2,0,0,0,1,2,0,0,0,0,0,0,0,0,0,0,1,0,2,42,0,3,26,3,487,0,227,4,2,1,8,0,61,0,0,0,0,1,0,0,11,0,0,0,0
2,1,3,29,0,2,8,0,0,2,0,2,2,0,0,46,0,8,0,5,1,2,1,180,3,0,0,2,3,3,103,1,1,3,218,2,9,0,14,1,48,4,0,5,0,0,0,3
6,30,1,80,0,1,11,6,12,1,2,0,0,9,0,542,4,2,1,0,0,12,0,21,0,0,0,7,353,2,9,2,0,1,16,0,1,4,0,48,2,52,0,10,0,2,13,0
3,0,1,78,0,1,0,0,13,1423,0,81,9,0,24,5,0,10,0,31,1694,2,21,130,39,32,14,17,0,16,5,1363,34,16,5,27,86,0,120,1,4,4,1,13,31,0,0,74
0,0,0,5,0,122,0,0,0,3,0,98,81,0,37,0,0,0,0,415,4,0,2,15,4,5,2,0,1,10,2,0,320,160,1,6,170,1,390,0,0,0,0,0,68,0,0,360
0,9,7,0,2,0,1,6,32,5,6,0,0,12,0,8,7,0,9,0,0,6,0,1,0,0,0,0,5,0,0,0,0,0,0,0,0,5,0,2059,0,10,3,2,0,3,3,0
6,0,156,18,0,0,1,827,81,1,31,1,0,0,0,0,2,0,1,0,3,1,0,4,2,0,1,3,2,1,1,1,0,2,1,2,4,12,1,1,2,4,0,6,3,9,0,1
8,41,1,8,0,2,75,4,0,1,0,0,0,29,0,16,1,3,0,0,0,4212,0,27,1,0,0,3,34,0,2,0,0,0,3,0,1,18,0,15,0,132,0,7,0,0,5536,0
4,0,42,13,1,22,0,85,41,2,26,18,215,0,24,21,3,10,4,11,3,27,8,38,18,6,0,3,16,5,14,9,1,9,7,5,21,1218,15,17,13,3,13,27,9,0,3,10
1,0,4,55,0,448,0,0,23,89,0,441,231,0,86,2,1,40,0,684,121,0,5,126,78,46,1,9,2,111,17,10,158,150,9,132,434,0,743,0,1,0,0,5,102,0,0,677
3,7,57,391,0,355,5,0,237,68,1,647,205,2,128,23,0,141,0,777,139,0,19,651,114,46,0,10,2,190,92,22,251,432,164,99,950,7,1012,1,21,13,11,59,137,2,0,754
0,0,0,268,0,2022,0,0,0,5,0,34,1682,0,1,0,0,0,0,287,9,2,0,22,0,0,0,0,2,29,27,2,276,266,8,8,801,0,195,0,1,0,0,1,838,0,0,164
0,0,3,105,8,0,0,0,75,0,722,0,1,0,0,11,1,2,152,0,2,0,0,0,0,0,0,0,1,0,0,0,0,0,0,1,1,1,0,0,0,0,82,0,0,13,0,0
1,2,1253,5,1,2,0,1443,225,0,378,1,0,0,0,4,17,0,14,0,1,10,0,3,0,0,0,4,19,1,1,0,0,4,3,1,2,432,0,29,1,10,9,1,0,129,12,0
12,4115,12,68,13,1,647,35,64,0,153,0,1,2912,0,12,27,130,17,0,0,58,0,32,0,0,0,1,2067,0,21,2,0,0,25,0,1,19,1,150,22,3190,23,44,59,17,179,0
1262,0,2,127,0,37,1,1,3,7,0,2,8,13,6,22,0,169,0,9,4,1,217,28,18,113,61,670,9,1146,51,17,224,461,15,337,24,2,9,3,38,1,1,538,2,0,0,7
23,0,10,647,0,7,14,1,3,1,0,1,9,27,2,265,0,128,0,4,1,10,2,227,0,2,0,8,2,4,275,16,1,4,368,7,6,2,7,6,1630,12,0,70,6,0,0,3
48,3,36,265,4,10,101,0,5,11,12,16,4,35,1,823,0,332,3,11,2,7,10,495,8,2,0,20,28,13,1771,13,10,8,2049,20,16,15,17,31,865,47,2,98,54,0,1,15
13,8,0,51,0,8,16,0,0,1,0,0,4,1,0,275,0,15,0,2,1,9,0,66,0,0,0,1,3,0,152,0,0,4,384,0,6,0,4,1,279,12,0,9,8,0,0,1
13,0,0,1,0,0,0,0,0,4,0,15,0,0,22,0,0,15,0,1,8,0,169,19,92,313,35,289,0,195,0,4,11,8,1,888,0,0,27,0,0,0,0,1,0,0,0,5
1,0,0,1,0,0,0,0,0,3,0,0,0,0,0,0,0,0,0,0,1,0,4,1,5,26,37,201,0,186,0,1,37,76,0,102,1,0,1,0,0,0,0,0,0,0,0,0
3,0,197,0,0,3,0,619,575,152,24,1,0,1,6,2,1,0,4,3,0,6,4,0,5,3,0,1,1,6,0,2,1,11,1,3,2,331,4,24,0,2,9,0,0,4,1,0
29,1,3,267,0,23,3,1,2,840,1,49,191,4,30,7,0,12,0,9,1281,1,84,54,40,195,39,25,1,39,11,1719,74,54,8,59,71,0,43,1,22,13,0,396,472,0,0,76
0,0,1,0,1891,0,0,0,1,0,64,0,0,0,0,7,1867,0,75,0,0,0,0,0,0,0,0,0,1,0,0,0,0,0,0,0,0,1,0,66,0,0,1375,0,0,2119,2,0
0,0,0,0,9,0,0,0,2,0,27,0,0,0,0,1,2,0,1667,0,0,0,0,0,0,0,0,0,0,0,0,0,0,0,0,0,0,0,0,5,0,0,470,0,0,54,0,0
0,2,627,13,16,3,0,45,970,0,1125,1,0,0,0,89,32,0,22,2,0,13,1,1,3,2,0,0,5,0,1,1,0,0,1,1,4,401,0,42,0,10,31,0,0,69,5,1
0,34,27,1,24,0,1,3,40,1,28,0,0,57,0,2,48,0,2,0,0,3,0,1,0,0,0,0,14,0,0,0,0,0,0,0,0,5,1,400,0,27,2,5,0,12,3,0
5,0,2,2,0,0,0,0,7,7,0,17,0,1,4,1,0,18,0,16,15,0,20,11,20,14,6,45,0,79,2,8,22,44,0,40,23,0,53,0,0,0,0,2,0,0,0,48
42,1,1,74,0,212,0,0,1,15,0,40,113,1,3,3,0,37,0,76,58,0,10,106,10,11,1,57,0,26,15,11,8,9,17,234,277,0,369,0,16,0,0,112,15,0,0,472
32,18,8,5,3,3,72,10,26,3,5,0,0,80,2,9,1,92,1,0,4,2,1,28,1,0,0,5,36,4,5,66,0,0,6,2,1,6,3,537,58,13,10,731,48,2,1,3
1251,0,0,34,0,3,3,0,0,5,0,0,7,0,0,5,0,15,0,1,2,1,8,25,2,3,25,606,0,509,8,62,39,147,6,26,2,0,10,0,10,0,0,103,2,0,0,3
1,0,1,71,0,545,0,0,0,37,1,44,179,0,0,1,0,4,0,56,132,0,0,1,0,4,0,0,213,0,8,3,7,3,2,12,257,1,9,0,2,0,0,2,6,0,0,14
0,0,2,0,1085,0,3,3,3,0,50,0,0,2,0,4,841,3,59,0,0,1,0,1,0,0,0,0,7,0,0,0,0,0,0,0,3,4,1,49,0,2,1074,22,5,543,0,0
0,0,0,1,9,0,0,0,2,0,20,0,0,0,0,1,0,1,73,0,0,0,0,0,0,0,0,0,1,0,0,0,0,0,1,0,1,0,0,0,0,0,37,0,0,3,0,0
