0.43465,0.82889,0.38137,0.20721,0.60152,0.5217,0.71616,0.43729,0.25339,0.44523,0.31242,0.22028,0.55229,0.73535,0.51599,0.35118,0.66679,0.31861,0.69896,0.2365,0.43347,0.94752,0.25543,0.20833,0.27728,0.19157,0.4274,0.19404,0.56258,0.30217,0.64288,0.46104,0.23812,0.17624,0.59994,0.26364,0.29202,0.46455,0.2926,0.53603,0.51465,0.75045,0.41496,0.2506,0.30017,0.70544,0.94921,0.21656
0.46471
0,0,0,1,0,0,0,0,0,55,0,5,0,0,38,0,0,0,0,2,56,0,718,4,190,559,1095,31,0,44,0,59,50,18,0,132,0,0,1,0,0,0,0,0,0,0,0,6
0,0,0,0,0,3,0,0,1,2,0,640,5,0,1339,0,0,0,0,236,9,1,67,32,798,97,11,2,0,0,1,0,360,39,0,17,6,0,60,0,1,0,0,0,1,0,0,269
2,17,1,22,3,2,27,2,37,10,4,59,0,2,136,23,1,21,0,17,21,6,266,44,472,342,133,35,18,147,2,7,182,120,9,210,45,6,42,11,2,4,0,6,0,2,4,33
8,0,0,8,0,0,0,0,0,12,0,3,0,0,0,0,0,1,0,0,12,0,489,0,17,150,742,647,0,283,2,131,22,21,0,388,0,0,0,0,0,0,0,2,0,0,0,0
2,0,0,0,0,0,0,0,0,1,0,12,1,0,53,0,0,0,0,5,2,0,171,3,198,198,21,5,0,4,0,3,4,0,0,42,0,0,0,0,0,0,0,0,0,0,0,4
33,1,5,27,0,2,6,2,318,29,0,88,4,2,49,9,0,158,0,22,36,3,203,197,203,143,34,248,0,463,15,33,106,199,54,366,80,4,107,5,32,5,1,41,0,1,0,52
0,0,0,3,0,0,0,0,0,6,0,12,4,0,81,0,0,0,0,8,3,0,197,4,134,387,272,2,0,18,0,9,772,454,0,5,0,0,7,0,0,0,0,0,1,0,0,11
1,0,33,7,0,8,2,77,65,43,2,1,0,0,0,1,0,0,1,3,0,4,1,0,4,0,2,5,0,10,1,7,0,3,0,2,1,4,0,0,1,0,1,0,1,2,1,1
29,652,12,223,4,3,2894,12,15,2,146,1,1,648,0,15,5,945,11,1,2,29,0,72,0,0,0,1,640,0,40,7,0,0,35,0,2,7,0,54,58,693,9,327,591,3,35,0
0,0,2,0,2,0,0,0,43,0,381,0,0,0,0,0,2,0,240,0,0,0,0,0,0,0,0,0,0,0,0,0,0,0,0,0,0,0,0,0,0,0,123,0,0,29,0,0
2,1,265,76,6,0,2,51,387,0,140,1,0,0,1,11,6,3,3,2,1,16,0,7,6,1,1,1,0,0,1,0,0,0,0,5,15,80,5,16,0,5,8,1,0,14,3,3
5,18,278,53,13,10,100,36,455,1,9,0,1,35,3,12,9,115,0,9,0,2,1,53,9,1,0,1,71,4,15,1,2,5,12,0,3,21,9,233,29,15,0,232,28,7,30,13
14,4,146,17,0,19,50,2,4,194,12,7,10,4,0,48,0,453,0,3,8,0,1,23,0,0,0,0,129,1,133,45,3,1,21,3,10,22,15,8,25,8,3,50,285,0,0,7
2,0,0,4,0,6,0,0,1,114,0,693,13,0,535,0,0,8,0,288,269,0,59,98,393,170,11,2,0,40,0,10,234,90,2,155,60,0,223,0,1,0,0,0,11,0,0,358
61,0,0,2,0,0,0,1,2,0,0,0,0,0,0,0,0,0,0,1,0,2,41,0,3,26,3,487,0,228,4,3,1,8,0,65,0,0,0,0,0,0,0,11,0,0,0,0
3,0,3,28,0,2,8,0,0,2,0,2,3,0,0,44,0,10,0,5,1,1,1,187,4,0,0,3,2,2,109,1,1,3,212,2,9,0,11,2,46,2,0,4,1,0,0,3
7,26,1,89,0,2,8,7,14,0,2,0,0,8,0,536,4,2,1,0,0,13,0,21,0,0,0,10,351,2,12,1,0,1,13,0,1,3,0,47,2,50,1,13,0,2,13,0
2,0,0,75,0,2,1,0,13,1382,0,91,10,0,24,3,0,10,0,30,1655,3,22,115,40,31,13,19,0,16,8,1416,35,18,3,28,95,0,129,1,3,2,1,12,37,0,0,83
0,0,0,3,0,140,0,0,0,3,0,120,78,0,33,0,0,0,0,420,3,0,2,11,5,6,1,0,1,10,0,0,328,158,1,6,165,1,367,0,0,0,0,0,70,0,0,350
0,10,7,0,3,0,1,6,35,5,9,0,0,10,0,6,10,0,10,0,0,6,0,1,0,0,0,0,4,0,0,0,0,0,0,0,0,5,0,2053,0,10,3,2,0,2,3,0
5,0,157,16,0,1,1,827,80,1,29,1,0,0,0,0,2,0,2,0,2,1,0,4,1,0,0,3,3,1,0,1,0,1,1,3,4,14,1,1,2,3,1,8,5,9,0,1
8,42,0,8,0,2,73,4,0,1,0,0,0,26,0,17,0,4,0,0,0,4207,0,27,1,0,0,3,34,0,3,0,0,0,2,0,1,17,0,17,1,143,0,7,0,0,5532,0
6,0,46,13,1,23,0,77,43,1,29,19,229,0,24,26,4,12,4,12,2,28,9,34,16,5,0,2,18,6,9,11,1,9,7,4,23,1199,14,18,10,3,12,21,11,2,2,15
1,0,0,50,0,451,0,0,22,88,0,496,232,0,85,2,0,43,0,658,110,0,7,101,74,55,1,10,2,110,13,12,166,163,8,126,461,1,710,1,2,0,0,4,104,0,0,673
4,7,14,383,2,396,7,0,226,58,3,668,215,1,124,30,0,153,1,727,137,2,21,585,102,59,0,13,2,173,74,25,288,503,154,102,999,5,1008,2,24,10,11,42,149,1,0,735
0,0,0,249,0,2116,0,0,0,4,0,40,1616,0,1,0,0,0,0,433,6,2,0,17,0,0,0,0,7,31,11,1,256,261,6,10,690,0,181,0,1,0,0,0,860,0,0,151
0,0,3,96,7,0,0,0,66,0,730,0,1,0,0,9,1,4,162,0,3,0,0,0,0,0,0,0,2,0,0,0,0,0,0,1,1,0,0,2,0,0,80,0,0,13,0,0
2,3,1257,5,11,2,0,1405,246,0,395,0,1,0,0,4,12,0,12,0,1,7,0,1,0,0,0,4,28,2,0,0,1,4,2,1,1,428,0,26,1,10,9,0,0,124,12,1
10,4132,11,59,17,2,672,29,61,0,146,0,2,2698,0,13,25,152,18,0,0,56,0,41,0,0,0,1,2108,1,24,4,0,0,21,0,1,13,1,137,17,3323,28,44,70,13,180,0
1267,0,7,133,0,40,1,0,4,6,0,3,8,14,6,24,0,140,0,10,5,1,213,36,14,113,76,677,10,1154,55,23,218,412,13,343,13,1,11,2,38,0,1,565,2,0,0,7
22,0,12,632,0,9,7,1,3,1,0,3,10,34,1,218,0,147,0,6,1,11,1,256,1,1,0,11,1,4,284,16,3,5,359,7,6,3,7,3,1633,10,0,76,3,0,0,3
48,3,39,251,2,12,90,0,5,12,10,10,1,39,1,787,0,367,2,10,3,5,9,508,7,3,0,20,23,14,1820,12,9,10,2035,19,12,11,20,34,871,47,3,91,48,0,0,14
12,11,0,48,0,7,15,0,0,2,0,0,4,2,0,276,0,14,0,4,1,8,0,76,0,0,0,2,4,0,148,0,0,4,379,0,6,0,4,0,280,11,0,8,7,0,0,1
12,0,0,1,0,0,0,0,1,5,0,17,0,0,21,0,0,14,0,0,7,0,174,14,95,298,36,281,0,194,0,6,12,9,1,899,1,0,33,0,0,0,0,1,0,0,0,4
1,0,0,1,0,0,0,0,0,3,0,0,0,0,0,0,0,0,0,0,3,0,4,1,5,25,33,196,0,196,0,1,39,71,0,104,0,0,1,0,0,0,0,0,0,0,0,0
2,0,189,1,1,4,0,616,578,149,26,2,0,0,2,4,1,0,5,5,0,6,5,0,8,5,1,1,2,7,0,2,1,12,1,1,2,334,2,22,0,3,6,1,0,3,2,0
28,1,4,265,0,19,2,1,1,846,2,52,181,5,27,4,0,14,0,12,1267,1,85,53,41,202,39,26,1,41,11,1710,74,60,9,56,66,0,39,1,20,5,0,380,506,0,0,93
0,0,5,1,1899,0,0,0,3,0,56,0,0,0,0,8,1795,0,85,0,0,0,0,0,0,0,0,0,1,0,0,0,0,0,0,0,0,1,0,61,0,0,1376,0,0,2177,2,0
0,0,0,0,12,0,0,0,2,0,30,0,0,0,0,1,1,0,1674,0,0,0,0,0,0,0,0,0,0,0,0,0,0,0,0,0,0,1,0,1,0,0,467,0,0,48,0,0
0,2,755,12,22,4,0,46,954,0,1031,1,0,0,0,79,32,0,24,1,0,14,2,0,3,3,0,0,5,0,1,1,0,1,1,1,5,382,1,35,0,9,34,0,0,73,4,1
0,37,25,1,28,0,1,2,43,1,28,0,0,48,0,1,38,0,2,0,0,3,0,1,0,0,0,0,13,0,0,0,0,0,0,0,0,5,1,402,0,38,1,4,0,14,4,0
5,0,1,2,0,0,0,0,8,5,0,22,1,0,4,1,0,20,0,15,10,0,21,7,19,21,7,43,0,81,2,8,21,41,0,41,28,0,50,0,0,0,0,2,0,0,0,46
40,1,0,78,0,214,0,0,1,14,0,47,116,1,3,4,0,39,0,72,53,0,12,110,12,9,1,59,0,24,14,15,10,7,18,227,330,0,365,0,12,0,0,99,13,0,0,433
33,16,11,4,2,4,67,6,24,4,7,0,0,91,2,11,1,90,2,1,4,1,1,35,1,0,0,6,35,5,4,67,0,0,4,2,0,7,2,530,53,17,7,727,51,3,1,4
1237,0,0,35,0,5,2,0,1,7,0,0,6,0,1,7,0,19,0,2,2,0,8,26,2,3,29,632,1,503,5,57,36,140,6,26,2,0,7,0,6,0,0,104,2,0,0,4
1,0,1,67,0,546,0,0,0,35,2,30,173,0,1,2,0,5,0,54,123,0,0,1,0,5,0,0,225,0,9,4,7,3,2,11,274,1,11,0,2,0,0,2,5,0,0,14
0,1,6,0,1115,0,3,3,2,0,50,0,0,1,0,4,743,2,62,0,0,1,0,2,0,0,0,0,5,0,1,0,0,0,0,0,3,5,0,103,0,2,1094,14,3,541,0,1
0,0,0,1,7,0,1,0,1,0,21,0,0,0,0,1,0,1,74,0,0,0,0,0,0,0,0,0,1,0,0,0,0,0,1,0,0,0,0,2,0,0,36,0,0,3,0,0
