0.44701,0.8343,0.40529,0.20304,0.62396,0.51342,0.70584,0.43069,0.25589,0.41517,0.30371,0.21872,0.56431,0.71829,0.50634,0.33256,0.49684,0.29174,0.70618,0.22284,0.44734,0.94779,0.25396,0.20589,0.27806,0.19506,0.41849,0.19329,0.59224,0.31422,0.64361,0.45798,0.2243,0.19392,0.60281,0.26532,0.31425,0.48265,0.29185,0.33939,0.50612,0.7604,0.41013,0.23379,0.29817,0.70825,0.94929,0.20077
0.45601
0,0,0,1,0,0,0,0,1,51,0,4,0,0,37,0,0,0,0,1,53,0,737,2,197,561,1091,29,0,40,0,60,37,19,0,129,0,0,1,0,0,0,0,0,0,0,0,13
0,0,0,0,0,5,0,0,1,1,0,566,4,0,1357,0,0,0,0,213,8,1,68,23,820,106,9,2,0,1,1,1,365,33,0,17,6,0,69,0,1,0,0,0,1,0,0,318
1,15,3,18,2,0,26,2,37,10,6,59,4,2,146,19,2,22,0,12,21,5,267,24,488,319,139,35,7,137,3,13,184,121,11,206,54,6,44,23,5,5,2,7,1,1,4,37
7,0,0,6,0,0,0,0,0,13,0,3,0,0,1,0,0,1,0,0,13,0,504,0,18,152,750,668,0,262,1,113,20,20,0,380,0,0,1,0,0,0,0,5,0,0,0,0
2,0,0,0,0,0,0,0,0,1,0,11,1,0,55,0,0,0,0,5,3,0,178,3,190,194,20,3,0,4,0,3,3,0,0,44,0,0,0,0,0,0,0,0,0,0,0,9
34,0,1,24,1,2,8,2,318,28,2,90,4,2,55,5,0,149,0,21,33,4,222,156,217,137,37,242,0,440,14,35,112,197,65,357,115,4,116,4,35,3,1,44,1,0,0,49
0,0,0,0,0,0,0,0,0,4,0,21,4,0,79,0,0,0,0,9,4,0,193,2,142,389,293,4,0,18,0,6,744,457,0,4,0,0,7,0,0,0,0,0,0,0,0,10
1,0,35,8,0,6,2,70,75,42,0,2,0,0,0,1,1,0,2,6,1,3,2,1,1,0,1,7,0,8,0,6,0,4,0,3,0,3,1,0,0,0,1,0,1,1,0,0
26,627,7,281,5,3,2841,16,19,3,149,1,1,674,0,21,11,886,8,0,2,28,0,83,0,0,0,1,669,1,40,8,0,0,27,0,1,11,0,55,56,620,8,383,612,2,38,0
0,0,1,0,2,0,0,0,41,0,377,0,0,0,0,1,2,0,241,0,0,0,0,0,0,0,0,0,0,0,0,0,0,0,0,0,0,0,0,0,0,0,130,0,0,27,0,0
2,1,244,85,3,0,3,45,398,0,133,2,0,1,1,14,16,2,4,1,1,18,0,2,4,1,1,2,5,1,1,0,0,0,0,9,12,85,4,14,0,1,9,0,0,17,2,2
4,17,273,53,8,10,94,32,418,1,9,1,1,34,4,10,7,124,0,4,1,1,0,71,7,2,0,1,47,5,15,1,3,5,11,1,4,21,12,312,18,21,0,235,19,7,23,12
13,4,64,20,1,21,39,1,6,327,11,10,8,7,0,82,0,438,0,2,5,0,1,26,0,0,0,0,135,1,87,21,5,2,21,2,20,21,11,6,25,7,4,62,262,0,0,10
2,0,0,2,0,5,0,0,1,84,0,668,11,0,565,0,0,6,0,279,275,0,55,56,388,163,11,1,0,36,0,19,258,94,1,166,69,0,221,0,1,0,0,0,12,0,0,401
70,0,0,1,0,0,0,1,2,0,0,0,0,0,0,0,0,0,0,1,0,2,50,1,2,23,2,483,0,220,4,2,1,5,0,69,0,0,0,0,1,0,0,9,0,0,0,0
4,0,1,28,0,2,4,0,1,2,1,2,2,0,0,36,0,13,0,4,0,0,3,201,4,0,0,2,2,3,109,1,1,3,210,1,12,0,15,2,37,4,0,4,1,0,0,2
6,23,0,145,0,2,8,7,9,1,3,0,0,7,0,541,9,3,2,0,1,16,0,25,0,0,0,8,159,2,11,0,0,1,11,0,1,3,1,191,1,42,0,11,0,2,11,0
2,0,0,79,0,3,2,0,14,1270,3,120,7,0,25,0,0,8,0,26,1614,1,24,66,40,38,11,21,0,15,8,1494,38,21,5,33,141,0,152,1,4,1,0,17,41,0,0,83
0,0,0,2,0,151,0,0,0,5,0,177,75,0,36,0,0,0,0,397,3,0,2,12,5,7,1,0,1,9,0,0,341,162,0,5,135,1,340,0,0,0,0,0,75,0,0,340
0,11,8,0,3,0,1,6,28,6,12,0,0,8,0,8,869,0,11,0,0,9,0,1,0,0,0,0,1,0,0,0,0,0,0,0,0,4,0,1195,0,10,3,2,0,3,2,0
5,0,152,24,0,0,1,817,92,0,28,1,0,0,0,0,2,0,2,0,1,1,0,3,1,0,0,3,8,2,0,2,1,1,2,5,5,9,1,5,2,1,1,4,5,5,0,0
8,41,2,11,0,1,82,7,0,1,0,0,0,26,0,17,4,4,0,0,0,4212,0,33,1,0,0,1,29,1,2,0,0,0,3,0,1,22,0,19,1,142,0,5,0,0,5504,0
4,1,46,12,2,25,0,73,42,3,26,22,235,0,22,31,6,11,5,15,4,28,9,33,14,5,0,5,21,6,10,7,1,12,5,3,21,1196,14,22,8,1,10,19,7,3,1,14
1,0,0,47,0,468,0,0,21,73,1,531,220,0,93,3,0,49,0,631,108,0,3,80,71,56,1,9,4,106,11,10,179,174,7,127,468,0,683,1,3,0,0,4,122,0,0,677
4,7,14,369,0,380,6,0,235,46,38,715,207,0,129,35,0,151,0,683,112,1,18,480,111,57,1,12,3,167,69,31,302,549,144,103,1147,9,985,2,30,9,7,44,160,1,0,672
0,0,0,254,0,2104,0,0,0,4,0,38,1597,0,1,0,0,0,0,537,7,2,0,24,0,0,0,0,7,28,12,2,272,273,5,8,593,0,173,0,0,0,0,0,879,0,0,130
0,0,5,97,4,0,0,0,59,0,758,0,1,0,0,8,2,2,140,0,1,0,0,0,0,0,0,0,5,0,0,0,0,0,0,0,1,1,0,0,0,0,83,0,0,14,0,0
1,4,1333,8,6,1,0,1333,272,0,394,2,0,0,1,6,14,0,11,0,1,5,0,2,0,0,0,3,19,2,3,0,1,2,3,1,2,389,1,59,1,8,12,1,0,109,6,2
9,4159,10,72,16,2,745,31,51,2,156,0,1,2509,0,13,29,181,19,0,0,56,0,42,0,0,0,1,2106,1,22,3,0,0,21,0,1,16,1,227,15,3253,20,48,84,12,196,0
1337,0,8,125,0,38,1,0,4,6,0,5,10,16,7,25,0,117,0,8,4,1,225,32,15,96,84,629,8,1211,57,16,226,376,15,373,11,3,11,2,34,0,1,514,5,0,0,10
23,0,9,642,0,8,5,1,2,1,5,5,6,36,2,167,0,157,0,8,0,9,1,307,0,1,0,10,0,6,296,16,1,3,353,7,6,2,6,3,1613,10,0,77,3,0,1,3
52,4,51,239,4,11,76,1,5,19,24,11,2,38,2,714,1,483,0,12,2,4,8,545,9,3,0,19,23,15,1777,11,10,7,1973,18,18,8,14,26,900,52,1,100,29,0,1,15
12,11,0,47,0,7,12,0,0,2,1,1,4,2,0,271,0,23,0,1,1,9,0,84,0,0,0,2,3,0,156,0,0,2,339,0,6,1,4,0,310,11,0,5,7,0,0,0
12,0,0,0,0,0,0,0,1,5,0,19,0,0,19,0,0,10,0,0,6,0,183,10,113,287,35,263,0,195,0,8,12,11,1,905,1,0,34,0,0,0,0,1,0,0,0,5
1,0,0,0,0,0,0,0,0,3,0,0,0,0,0,0,0,0,0,0,2,0,5,1,6,28,33,198,0,196,0,2,41,64,0,102,1,0,1,0,0,0,0,0,0,0,0,0
2,0,205,0,1,4,0,597,583,158,21,2,0,0,3,6,6,1,5,7,0,8,6,0,5,5,0,2,1,7,0,1,1,11,1,2,1,325,2,14,0,3,9,0,0,5,2,0
30,1,2,270,0,20,2,1,1,842,6,59,161,3,28,5,0,17,0,9,1156,0,91,30,45,212,42,30,1,41,9,1722,79,55,6,53,69,0,46,1,21,13,0,419,532,0,0,120
0,0,2,0,2109,0,0,0,3,0,62,0,0,0,0,7,1649,0,83,0,0,0,0,0,0,0,0,0,2,0,0,0,0,0,0,0,0,1,0,62,0,0,1344,0,0,2146,0,0
0,0,0,0,10,0,0,0,2,0,31,0,0,0,0,1,2,0,1668,0,0,0,0,0,0,0,0,0,0,0,0,0,0,0,0,0,0,0,0,0,0,0,479,0,0,44,0,0
0,2,773,11,12,3,0,43,967,0,1039,1,0,0,0,74,48,0,26,1,0,14,2,0,2,3,0,0,12,0,1,0,0,1,1,1,5,313,1,30,0,6,36,0,0,106,4,1
0,36,26,0,23,0,2,2,34,1,33,0,0,38,0,2,74,0,2,0,0,4,0,0,0,0,0,0,12,0,0,0,0,0,0,0,1,3,0,388,0,39,2,2,0,15,2,0
6,0,0,2,0,0,0,0,7,5,0,27,0,0,5,0,0,20,0,15,10,0,21,5,21,13,7,46,0,78,3,7,29,40,0,37,33,0,54,0,0,0,0,3,0,0,0,38
40,1,0,70,0,260,0,0,1,10,2,73,106,1,5,2,0,41,0,78,39,0,14,105,10,9,1,62,0,29,15,16,11,10,17,203,384,0,323,0,16,0,0,100,21,0,0,378
41,18,8,6,1,4,59,5,25,4,9,0,0,85,2,10,25,98,1,1,1,1,2,42,1,0,0,7,27,6,4,66,0,0,4,2,3,13,1,550,43,15,5,685,54,4,1,4
1228,0,0,33,0,3,2,0,0,7,0,1,4,3,0,6,0,14,0,1,2,0,8,28,1,4,37,644,0,554,11,52,32,93,8,24,3,0,8,1,4,0,0,102,2,0,0,3
1,0,2,69,0,549,0,0,0,18,1,19,154,0,0,1,0,2,0,77,113,0,0,3,0,5,0,1,227,0,9,5,7,3,2,11,297,1,16,0,2,0,0,1,6,0,0,14
0,1,4,0,1162,0,3,2,2,0,59,0,0,1,0,4,540,2,63,0,0,1,0,3,0,0,0,0,11,0,0,0,0,0,0,0,2,7,1,305,0,1,1069,17,4,503,0,0
0,1,0,1,5,0,1,0,1,0,21,0,0,0,0,1,0,2,69,0,0,0,0,0,0,0,0,0,1,0,0,0,0,0,1,0,0,0,0,1,0,0,40,0,2,3,0,0
