0.44543,0.83149,0.45669,0.21848,0.65443,0.48578,0.6768,0.40997,0.23225,0.41693,0.28344,0.23312,0.58004,0.68863,0.49357,0.30882,0.43977,0.2931,0.71478,0.24221,0.44109,0.95077,0.26224,0.22993,0.2721,0.15533,0.39993,0.19866,0.57842,0.31288,0.64336,0.48505,0.20654,0.2446,0.5881,0.26513,0.34038,0.48398,0.3024,0.22944,0.50653,0.76821,0.39677,0.21992,0.27689,0.55979,0.94279,0.20152
0.44895
0,0,0,1,0,0,0,0,0,30,0,3,0,0,42,0,0,0,0,1,80,0,814,0,235,459,1117,26,0,20,0,36,40,11,0,138,0,0,1,0,0,0,0,0,0,0,0,10
0,0,0,0,0,5,0,0,1,2,0,478,2,0,1381,0,0,0,0,193,8,0,54,16,828,114,8,2,0,1,1,0,432,39,0,21,8,0,61,0,1,0,0,1,1,0,0,339
2,7,3,12,2,0,26,4,43,8,5,79,1,2,157,23,3,14,0,9,24,4,260,28,473,295,137,36,6,154,1,6,206,97,14,218,57,9,42,27,0,1,2,3,3,4,6,42
5,0,0,3,0,0,0,1,0,60,0,2,0,0,1,0,0,0,0,0,19,0,613,1,19,126,737,662,0,190,1,67,19,8,0,396,0,0,0,0,1,0,0,7,0,0,0,0
1,0,0,0,0,0,0,0,0,1,0,5,1,0,57,0,0,0,0,4,5,0,188,5,197,176,16,3,0,3,0,1,6,0,0,51,0,0,0,0,0,0,0,0,0,0,0,9
45,0,0,16,0,1,6,3,340,30,1,124,2,3,55,3,0,126,0,20,30,0,207,145,228,129,35,213,2,480,10,33,117,153,80,374,119,4,128,4,28,3,0,37,5,1,0,46
0,0,0,1,0,0,0,0,0,4,0,22,3,0,94,0,0,0,0,4,12,0,150,1,171,375,402,3,0,26,0,2,688,409,0,5,0,1,7,0,0,0,0,0,1,0,0,9
2,0,33,9,1,1,1,65,81,47,5,0,0,1,0,0,0,1,0,2,1,3,3,0,2,1,1,5,0,8,0,4,0,3,0,4,1,5,2,0,0,0,0,0,1,2,0,0
32,685,3,244,4,3,2672,9,21,3,92,1,2,709,0,23,17,896,6,0,2,24,0,88,0,0,0,2,632,0,45,7,0,0,20,0,1,11,0,57,49,618,24,459,710,3,49,1
0,0,1,0,6,0,0,0,28,0,396,0,0,0,0,0,2,0,229,0,0,0,0,0,0,0,0,0,0,0,0,0,0,0,0,0,0,0,0,0,0,0,128,0,0,32,0,0
2,0,230,63,4,1,3,40,406,0,155,1,0,1,1,10,17,4,4,1,1,14,0,2,2,1,0,1,5,0,1,0,0,0,0,8,5,90,6,9,0,2,8,0,1,41,2,4
7,17,241,51,9,7,90,33,421,2,9,3,1,27,6,11,9,125,0,4,0,3,1,86,3,2,0,1,35,2,21,1,5,4,10,2,5,24,12,361,21,18,2,203,15,21,19,9
12,4,40,13,0,29,35,2,4,350,26,7,13,5,0,74,0,408,0,2,6,0,0,43,1,0,0,0,160,1,101,29,5,2,16,3,16,30,16,10,21,2,3,46,242,0,0,11
2,0,0,6,0,6,0,0,2,27,0,647,13,0,585,0,0,5,0,257,260,0,50,35,383,184,12,2,0,38,0,13,278,93,4,176,81,1,240,0,1,0,0,0,11,0,0,438
65,0,0,1,0,1,0,1,3,4,0,0,0,0,0,0,0,0,0,1,0,2,72,1,4,14,0,483,0,201,3,2,1,3,0,78,0,0,1,0,0,0,0,8,0,0,0,0
3,0,3,20,0,2,4,0,1,2,0,3,1,0,0,48,0,12,0,5,0,0,2,199,5,0,0,3,2,2,98,1,1,4,211,1,15,1,13,6,34,4,0,8,1,0,0,2
6,24,1,21,0,2,8,4,6,3,3,0,0,10,0,543,16,4,1,0,0,14,0,22,0,0,0,11,109,0,9,0,0,0,15,0,4,4,2,360,2,32,0,14,0,4,9,0
3,0,0,76,0,3,2,0,10,1049,4,136,6,0,36,0,0,8,0,22,1812,1,17,46,60,97,14,21,0,14,5,1416,33,18,7,22,166,0,152,1,0,0,0,18,53,0,0,100
0,0,0,2,0,149,0,0,0,2,0,178,90,0,41,0,0,1,0,402,3,0,1,7,5,10,1,0,0,13,0,0,352,176,1,5,118,1,312,0,0,0,0,0,76,0,0,336
0,15,8,0,2,0,1,8,31,6,10,0,0,8,0,5,1257,0,9,0,0,8,0,1,0,0,0,0,0,0,0,0,0,0,0,0,0,5,0,809,0,8,3,2,0,3,2,0
6,1,146,15,1,0,1,805,106,1,33,0,0,0,0,1,1,0,2,1,1,1,0,4,1,0,0,4,8,1,1,1,0,0,2,5,1,10,2,7,1,2,0,7,8,5,0,0
9,40,1,4,0,1,84,3,2,1,0,0,1,21,0,22,5,1,0,0,1,4191,0,37,1,0,0,1,62,1,2,0,0,0,3,0,2,21,0,31,1,92,0,2,0,0,5537,0
6,1,57,11,1,25,0,58,25,11,24,19,262,1,17,33,10,9,4,18,4,22,8,29,8,5,1,4,21,4,8,4,3,16,6,7,16,1193,11,28,8,1,8,15,8,8,3,19
3,0,1,32,0,482,0,0,19,54,1,573,222,0,113,2,1,42,0,600,110,0,5,55,65,68,4,8,4,105,10,8,177,186,7,124,489,0,707,0,3,0,0,4,123,0,0,635
7,4,8,366,0,319,6,0,220,32,35,770,228,2,147,24,0,147,0,596,97,1,18,404,101,64,3,12,4,171,65,23,278,668,157,88,1224,8,1020,2,23,5,7,41,186,3,0,661
0,0,0,265,0,1964,0,0,0,6,1,44,1627,0,0,2,0,0,0,770,4,2,0,20,0,0,0,1,8,20,11,4,268,299,4,5,474,0,156,0,0,0,0,0,870,0,0,125
0,0,5,39,7,0,0,0,44,0,839,0,1,0,0,2,1,1,135,0,1,0,0,0,0,0,0,0,3,0,0,0,0,0,0,0,2,2,0,1,0,0,85,0,0,13,0,0
2,5,1455,12,13,1,0,1193,307,0,394,0,0,2,1,8,14,0,10,0,1,6,0,2,1,0,0,4,11,5,1,0,0,2,2,1,1,399,0,56,0,6,4,3,0,94,1,1
9,4372,9,35,12,2,859,25,56,4,122,0,1,2278,0,49,45,183,19,0,0,57,0,47,0,0,0,1,1903,1,25,3,1,0,20,0,1,17,0,308,15,3122,99,55,128,8,239,0
1351,0,2,113,0,66,0,0,3,17,0,11,8,13,8,19,0,108,0,7,7,1,280,40,13,94,102,635,7,1178,64,14,215,237,22,409,9,3,15,4,31,2,1,544,5,0,0,8
26,1,12,643,0,6,5,0,6,1,1,2,3,39,1,124,0,157,0,10,1,11,3,338,1,2,0,5,2,3,308,17,1,4,352,7,6,3,7,3,1590,9,0,92,5,1,0,3
56,4,94,267,5,11,66,0,8,18,12,7,5,29,1,609,2,575,0,6,4,4,9,610,8,6,0,17,22,17,1822,8,8,13,1839,17,20,9,15,33,903,58,3,87,17,1,0,12
11,9,2,81,0,8,13,0,0,2,0,0,8,1,0,258,0,29,0,2,1,7,0,84,0,0,0,2,3,0,162,1,0,7,278,0,6,1,2,1,333,11,0,6,4,0,1,0
15,0,0,0,0,0,0,0,1,3,0,21,1,1,19,0,0,9,0,0,9,0,217,6,126,255,29,240,0,199,0,5,14,11,2,920,1,0,27,0,0,0,0,2,0,0,0,3
1,0,0,0,0,0,0,0,0,2,0,0,0,0,0,0,0,0,0,0,3,0,5,2,7,24,40,198,0,218,0,1,36,43,0,103,0,0,1,0,0,0,0,0,0,0,0,0
1,0,160,0,1,2,0,601,554,173,24,2,0,1,2,1,8,0,3,6,0,6,5,0,4,5,1,2,1,5,0,0,0,20,1,3,1,379,2,13,0,3,5,0,0,17,0,0
35,1,1,262,0,22,2,2,1,493,2,46,24,10,22,3,0,17,0,13,1441,0,72,27,55,408,73,24,1,42,12,1720,84,131,12,45,54,0,45,1,16,14,0,318,581,0,0,118
0,0,2,0,2638,0,0,0,2,0,66,0,0,0,0,4,1683,0,82,0,0,1,0,0,0,0,0,0,1,0,0,0,0,0,0,0,0,1,0,86,0,0,1303,0,0,1601,0,0
0,0,0,0,28,0,0,0,1,0,35,0,0,0,0,1,4,0,1664,0,0,0,0,0,0,0,0,0,0,0,0,0,0,0,0,0,0,1,0,0,0,0,475,0,0,28,0,0
0,2,634,11,12,0,0,45,854,0,960,1,0,0,1,51,52,0,25,1,0,14,2,0,2,2,0,0,13,0,1,0,0,1,1,1,6,205,1,40,0,2,33,0,0,564,2,0
0,44,21,0,26,0,4,2,32,1,31,0,0,36,0,1,139,0,2,0,0,6,0,1,0,0,0,0,5,0,0,0,0,0,0,0,1,4,0,330,0,32,3,1,0,16,3,0
7,0,0,2,0,2,0,0,9,6,0,34,0,1,5,1,0,18,0,14,8,0,22,6,21,13,10,44,0,88,2,4,22,34,0,35,38,0,51,0,0,0,0,3,0,0,0,32
44,0,0,70,0,355,0,0,1,6,0,69,114,1,4,3,0,48,0,105,41,0,15,91,10,11,1,63,0,33,15,19,9,12,21,166,423,0,292,0,10,0,0,88,22,0,0,291
48,20,7,4,3,4,55,5,25,5,7,0,0,102,1,9,65,86,1,1,1,4,0,88,1,0,1,3,26,2,8,66,0,0,6,4,4,11,1,522,38,16,8,636,42,3,0,4
1209,0,0,32,0,3,1,0,0,45,0,0,1,2,0,3,0,18,0,1,2,0,11,19,1,8,48,680,1,519,12,27,25,22,12,21,3,0,12,2,6,0,0,168,9,0,0,0
0,0,2,140,0,560,0,0,0,5,5,15,163,0,0,0,0,2,0,100,108,0,0,2,1,7,0,1,223,0,7,3,7,5,1,7,215,2,11,0,3,0,0,1,8,0,0,12
0,1,4,0,1250,0,3,1,2,0,64,0,1,2,0,1,476,2,66,1,0,1,0,15,0,0,0,0,9,0,0,0,0,0,0,0,3,10,0,413,0,1,1043,13,2,383,0,0
0,1,0,0,6,0,1,0,1,0,25,0,0,0,0,1,0,1,66,0,0,0,0,0,0,0,0,0,1,0,0,0,0,0,1,0,0,0,0,1,0,0,37,0,4,4,0,0
