0.67524,0.8952,0.76811,0.40442,0.53696,0.47622,0.74801,0.52608,0.50806,0.71499,0.7299,0.47265,0.30449,0.72602,0.69831,0.34381,0.61571,0.58164,0.55734,0.66045,0.44604,0.38938,0.88187,0.69958,0.97777,0.65438,0.60908,0.5487,0.31152,0.65197,0.53326,0.61362,0.45346,0.59035,0.25678,0.68125,0.61991,0.29228,0.70999,0.41661,0.39732,0.33869,0.22448,0.43363,0.29555,0.27638,0.66195,0.6973,0.80618,0.76056,0.47048,0.27167,0.52451,0.90283,0.79267,0.40088,0.18274,0.69691,0.35568,0.25887,0.54583,0.95607,0.2016,0.5891,0.47752,0.81463,0.35737,0.22623,0.52541,0.56501,0.44413,0.33804,0.57573,0.57603,0.69742,0.77843,0.60473,0.75906,0.59668,0.30553,0.24287,0.27055,0.56222,0.8575,0.31109,0.87157,0.74539,0.3533,0.22421,0.99728,0.6893,0.38136,0.65122,0.76707,0.30069,0.54632,0.78693,0.18129,0.45481,0.40362,0.96157,0.47115,0.45487,0.40667,0.45711,0.56494,0.22081,0.69005,0.60703,0.32718,0.59226
0.56623
0,0,1,421,0,0,0,0,0,0,0,13,0,0,0,350,0,0,277,0,0,3,0,0,0,0,0,0,11,0,1,0,18,0,5,0,50,0,0,52,21,0,6,0,37,138,0,0,0,0,0,1,0,0,0,1,8,0,0,0,0,0,112,4,0,0,0,4,0,15,173,50,0,0,12,0,511,2,23,0,1,0,0,0,0,0,0,67,62,0,0,0,0,0,58,102,0,149,0,0,0,17,7,0,0,0,0,0,0,248,33
0,0,2,14,0,0,0,6,0,0,0,579,0,0,0,36,0,0,1,0,0,1,0,0,0,0,0,0,0,0,1,9,4,6,0,0,2,5,0,5,14,2,0,10,25,330,0,0,0,0,0,317,2,0,0,1,47,0,0,2,0,0,73,0,1,0,76,286,0,0,32,20,0,0,0,0,4,0,3,1,290,0,8,0,13,0,0,1,23,0,0,33,0,0,0,46,0,1,1,0,0,547,388,0,0,5,29,0,0,37,658
23,0,2,64,0,1,0,0,2,0,1,57,1,6,22,118,2,2,44,6,2,31,0,0,5,4,0,2,29,1,0,0,19,3,7,1,12,9,0,13,59,10,115,42,38,190,0,1,1,0,0,11,5,3,0,101,106,0,1,0,0,1,132,2,39,0,2,29,2,0,96,51,1,2,5,4,23,1,6,6,19,2,3,0,11,0,1,50,263,0,1,1,0,6,56,80,17,164,0,1,5,72,41,0,0,54,7,5,0,52,70
0,0,2,232,0,1,0,0,0,0,0,0,0,0,0,140,0,0,520,5,0,52,0,0,0,0,3,0,118,0,1,0,4,0,139,0,148,1,0,6,63,0,8,0,49,13,0,0,0,0,0,1,0,0,1,1,3,0,1,0,0,0,24,232,1,2,0,0,0,8,69,94,0,0,5,0,120,0,7,4,0,0,0,0,0,0,0,401,33,0,0,0,0,0,162,30,0,185,0,0,0,0,1,0,0,0,0,0,0,47,1
0,0,0,63,0,0,0,0,0,0,0,24,0,0,0,125,0,0,1,0,0,0,0,0,0,0,0,0,2,0,0,0,3,0,6,0,1,0,0,3,22,0,0,2,0,99,0,0,0,0,0,1,0,0,0,0,1,0,0,0,0,0,202,0,0,0,1,7,0,1,3,1,0,0,0,0,3,2,0,1,3,0,0,0,0,0,0,5,36,0,0,0,0,0,11,2,0,27,0,0,0,23,4,0,0,0,0,0,0,23,21
1,0,16,18,0,27,3,0,4,0,0,24,0,3,4,41,0,0,12,41,17,32,0,0,0,26,3,0,155,0,2,0,32,2,62,10,12,28,0,21,92,28,240,178,66,45,5,1,0,1,0,19,4,0,1,641,143,0,5,2,1,1,56,28,33,12,4,19,1,14,25,11,1,0,20,0,27,8,7,24,12,0,2,0,14,0,0,95,219,0,0,5,3,0,208,17,5,145,1,0,0,37,14,0,0,193,18,1,3,24,11
0,0,0,90,0,0,0,0,0,0,0,11,0,0,0,68,0,0,17,0,0,17,0,0,0,0,0,0,0,0,0,8,6,12,3,0,12,0,0,10,0,0,10,0,292,60,0,0,0,0,0,2,2,0,0,0,56,0,0,0,0,0,13,0,9,0,25,7,0,0,469,359,0,0,0,0,9,2,1,0,0,0,1,0,1,0,0,1,29,0,0,13,0,0,2,572,0,8,0,0,0,51,70,0,0,3,6,0,0,22,41
1,0,0,0,0,0,0,2,1,2,0,0,1,0,0,1,110,2,0,1,1,0,0,1,1,0,1,2,5,0,2,0,0,0,0,0,0,0,0,0,0,0,2,0,0,0,0,0,1,0,0,0,0,0,0,8,1,0,0,1,0,1,0,4,6,0,0,0,10,0,0,6,1,59,5,2,1,0,0,1,0,0,4,0,1,0,1,0,0,0,0,3,2,0,0,0,1,6,0,34,0,0,0,0,0,0,0,0,0,0,0
36,5,11,0,13,123,259,0,9,0,612,0,24,86,180,0,0,8,0,19,6,0,161,1,3,12,29,0,0,2,0,0,0,0,1,32,0,0,1,0,0,19,0,4,0,0,18,451,1,21,21,0,1,19,7,0,1,542,573,1,0,5,0,7,2,12,0,0,32,0,0,0,6,1,1,0,0,2,3,2,0,17,0,1727,0,3,0,0,0,4,1,0,0,395,0,0,1337,0,0,18,15,0,0,275,1007,0,2,22,16,0,0
0,0,0,0,36,0,0,0,0,0,0,0,300,0,0,0,3,0,0,0,0,0,0,158,0,0,0,0,0,0,0,0,0,0,0,0,0,0,1,0,0,0,0,0,0,0,0,0,2,0,0,0,0,0,0,0,0,0,0,0,0,0,0,0,0,0,0,0,0,0,0,0,6,0,0,24,0,0,0,0,0,254,0,0,0,7,23,0,0,0,7,0,0,0,0,0,0,0,0,0,0,0,0,0,0,0,0,1,0,0,0
2,1,0,0,5,0,0,1,66,0,0,1,135,3,11,0,89,25,0,6,0,0,0,2,3,0,0,5,0,3,2,0,1,0,0,0,0,3,0,0,4,1,0,0,0,2,0,0,12,0,0,3,0,3,0,7,0,0,0,79,0,3,0,2,4,0,0,1,5,0,0,0,1,148,0,197,5,1,0,3,0,27,0,0,4,0,6,0,0,0,8,0,3,0,0,0,0,1,1,217,4,1,0,1,4,5,2,16,0,1,0
11,0,25,0,1,273,17,7,6,4,0,1,3,2,9,0,25,6,0,5,0,0,0,0,0,4,0,4,0,7,0,5,0,1,2,7,0,3,3,0,0,5,2,31,0,3,13,21,1,0,0,0,0,3,0,39,7,14,30,1,0,4,1,2,15,0,0,2,80,1,0,1,3,58,0,28,0,0,0,1,3,1,4,40,2,0,1,0,2,1,10,2,1,14,0,0,34,3,1,848,3,12,0,98,26,4,6,20,23,2,1
0,14,11,0,11,67,4,4,9,0,5,0,5,0,16,1,0,0,0,10,9,0,8,0,0,4,2,2,0,0,0,3,14,3,0,15,0,14,0,1,3,1,0,6,1,0,10,2,0,11,9,0,11,0,0,0,2,2,149,1,5,0,0,2,2,1,0,0,2,208,1,0,1,2,1,1,0,7,0,1,1,3,1,19,11,0,0,0,0,0,0,2,0,0,0,0,0,0,13,1,0,0,1,719,6,0,2,0,335,0,0
0,0,0,8,0,1,0,9,0,0,0,292,0,0,0,21,0,0,4,0,3,27,0,0,0,1,3,1,3,0,45,12,100,10,5,0,12,63,0,49,121,3,27,47,53,174,1,0,0,0,1,299,16,0,0,23,119,0,0,185,2,0,134,0,21,0,72,295,0,9,18,20,0,0,2,0,4,32,26,22,298,0,6,0,102,0,0,3,116,0,0,69,2,0,12,44,0,19,9,0,0,226,151,0,0,68,77,0,1,52,200
0,1,31,7,0,0,0,0,0,0,0,0,0,0,0,2,0,0,0,44,0,15,0,0,2,0,1,0,384,0,0,0,0,0,43,0,3,0,0,0,13,0,7,1,5,0,3,0,0,0,0,0,0,0,0,1,2,0,0,0,0,0,2,40,0,4,0,0,0,1,0,8,0,0,0,0,4,0,0,1,0,0,1,0,0,0,0,67,6,0,0,0,0,0,222,1,0,23,0,0,0,0,0,0,0,1,0,0,0,3,0
0,0,0,0,0,6,0,0,0,1,0,2,0,2,1,0,0,0,0,3,0,1,0,0,0,117,0,4,0,0,1,0,0,0,2,6,0,3,0,2,2,250,1,27,2,0,111,0,0,0,17,0,1,0,1,9,1,0,10,0,0,0,0,4,1,0,0,0,58,1,0,0,0,0,2,0,0,0,0,1,0,0,6,0,10,0,0,2,1,0,0,0,1,1,0,0,5,2,3,1,0,3,1,1,3,12,3,0,12,0,0
919,0,0,0,1,9,7,0,2,1,3,0,3,15,33,0,3,2,0,13,5,0,1,0,3,0,0,1,0,3,0,0,0,0,0,0,0,0,0,0,0,24,0,0,0,0,2,3,2,1,2,0,0,2,2,2,0,3,0,0,0,3,0,20,1,3,0,0,22,0,0,0,0,1,0,0,0,0,0,0,0,0,1,1,0,2,0,0,0,0,1,0,0,38,1,0,6,0,0,18,3,0,0,1,43,2,0,29,0,0,0
0,1,1,5,1,1,0,0,0,0,0,36,0,1,0,4,0,0,3,3,467,4,0,0,1,3,92,0,1,0,187,3,648,4,14,0,255,45,0,637,15,11,9,36,15,12,0,1,0,0,0,10,39,0,6,26,29,0,0,248,7,0,4,2,47,3,2,27,0,591,11,2,0,0,213,0,35,649,719,8,9,0,4,0,47,0,0,9,15,0,0,7,0,0,8,4,1,5,17,0,1,20,12,1,0,26,24,1,2,17,4
0,0,0,0,0,0,0,202,1,8,0,9,0,0,0,0,0,0,0,0,0,61,0,0,0,0,0,7,0,0,2,154,3,92,0,0,0,27,0,3,5,1,0,8,46,1,0,0,0,2,0,35,63,0,0,0,26,0,0,0,0,0,3,0,51,0,342,102,0,0,19,16,0,0,0,0,0,0,1,8,47,0,75,0,49,0,0,0,2,0,0,450,16,0,0,35,0,0,44,0,0,10,28,0,0,7,213,0,0,1,7
17,0,0,0,1,14,11,0,2,0,1,0,14,10,2,0,29,0,0,0,0,0,1,1,1,0,0,0,0,6,0,0,0,0,0,0,0,0,6,0,0,1,0,0,0,0,0,9,2,0,0,0,0,5,0,0,0,3,0,0,0,0,0,0,0,0,0,0,0,0,0,0,2,2,0,3,0,0,0,0,0,3,0,0,0,5,2,0,0,1,2,0,0,10,0,0,0,0,0,79,3,0,0,0,5,0,0,1948,0,0,0
0,0,0,0,4,0,0,0,4,2,1,0,6,0,5,0,20,734,0,38,11,0,0,1,0,0,1,1,0,2,0,0,0,0,0,1,0,2,0,0,2,0,1,1,0,0,0,0,93,1,0,0,1,0,0,0,0,0,0,11,0,0,0,2,4,0,0,1,4,1,0,0,4,194,1,8,1,0,0,1,0,4,0,1,0,0,3,0,0,0,1,1,1,0,0,0,0,1,0,9,0,0,0,0,5,0,1,1,0,0,0
32,3,0,0,0,2,15,0,22,0,2,0,1,285,118,0,0,1,0,3,0,0,1,0,2111,0,0,4,0,0,0,0,0,0,0,0,0,0,0,0,0,27,1,1,0,0,2,4,0,1,0,0,0,892,0,1,0,6,0,0,0,1371,0,7,0,3,0,0,9,0,0,0,0,0,0,0,0,1,0,1,0,0,0,0,0,0,0,0,0,2933,0,0,0,23,0,0,41,0,0,7,2227,1,0,2,11,1,1,6,0,0,0
32,615,6,1,3,12,0,8,662,6,1,3,3,0,2,2,21,37,0,5,10,0,0,4,1,2,0,186,0,1,1,1,1,7,3,9,1,2,2,2,1,5,2,12,4,18,4,0,40,23,1,13,1,4,0,5,3,0,3,3,4,6,5,4,2,0,2,2,8,3,2,0,2,34,0,11,2,4,3,10,7,5,13,0,15,1,2,4,2,0,1,1,1,0,4,4,0,3,2,15,9,11,0,17,2,11,10,13,5,0,4
0,0,14,0,1,0,0,121,1,36,0,70,0,0,0,0,0,0,0,2,9,37,0,0,0,3,0,39,6,0,43,119,38,74,0,0,1,407,0,19,84,6,111,206,22,17,1,0,0,2,1,193,95,0,0,85,113,0,0,79,399,0,32,2,211,0,189,275,0,1,6,9,0,0,6,0,3,44,13,105,266,0,92,0,336,0,0,3,48,0,0,174,75,0,7,3,0,8,143,0,0,31,34,1,0,199,224,0,1,31,16
1,7,8,0,11,8,0,208,6,131,5,60,0,2,5,3,0,0,0,13,40,49,5,0,0,78,2,57,8,0,19,132,105,141,5,2,20,420,0,50,50,104,190,673,49,25,19,2,1,7,32,351,192,0,3,555,235,6,3,9,41,0,26,2,669,0,135,192,5,6,11,21,6,2,11,0,2,30,22,183,210,0,174,0,429,1,0,9,52,0,0,212,156,0,6,15,4,11,161,0,2,59,57,13,1,870,278,0,5,30,19
0,7,1,0,1,0,0,706,0,868,0,1,0,0,0,0,0,0,0,0,1,35,0,0,0,2,0,569,0,0,11,856,1,722,0,0,2,68,0,0,3,13,3,5,11,1,3,0,0,24,3,10,674,0,1,1,7,0,0,5,58,0,0,0,120,0,70,19,1,1,0,1,0,0,0,0,0,3,0,133,18,0,619,0,51,0,0,0,0,0,0,156,745,0,0,2,0,0,108,0,2,0,2,0,1,7,217,0,0,1,0
0,1,0,0,58,0,0,0,0,0,0,0,467,0,0,0,14,0,0,0,0,0,0,70,0,0,0,0,0,0,2,0,1,0,0,0,0,0,0,0,0,0,0,0,0,0,0,0,4,0,0,0,0,0,0,0,0,0,0,122,0,0,0,0,0,0,0,0,0,0,0,0,9,1,0,33,0,0,0,0,0,362,0,0,0,19,7,0,0,0,7,0,0,0,0,0,0,0,0,1,0,0,0,3,0,0,0,0,0,0,0
8,0,0,0,12,0,0,0,33,0,1,0,49,1,21,0,40,1204,0,4,1,0,0,7,4,1,0,3,2,11,1,0,0,0,0,0,0,0,0,0,0,1,2,1,0,0,0,0,1227,0,0,0,0,11,0,1,0,1,0,1,0,5,0,1,0,0,0,0,18,0,0,0,5,1091,0,36,1,0,0,2,0,19,1,0,0,1,113,0,0,0,15,0,0,0,0,0,0,0,0,44,1,0,0,0,1,2,0,14,0,0,0
246,2,1,0,13,35,1407,0,11,0,1843,0,115,1264,1118,0,4,12,0,3,0,0,1508,2,12,3,6,0,0,11,0,0,0,0,0,14,0,0,11,0,0,25,1,1,0,0,9,1419,5,8,7,0,0,17,2,0,0,1467,175,1,0,21,0,1,1,6,0,0,12,0,0,0,6,6,0,3,0,1,0,0,0,40,1,174,0,4,2,0,0,2,11,0,0,1640,0,0,115,0,0,57,15,0,0,94,1071,0,0,54,15,0,0
1,2,1209,32,0,49,15,5,1,1,0,1,0,1,0,37,0,0,9,815,1,396,0,0,1,10,5,2,457,0,8,40,2,94,225,33,16,3,0,3,93,8,268,22,140,4,27,0,0,66,2,0,0,0,6,18,85,0,5,0,2,0,21,88,34,102,3,0,12,15,50,186,1,0,1,0,19,2,6,7,4,0,4,0,3,0,0,180,29,0,0,3,2,0,436,63,1,70,0,1,0,4,0,29,0,8,11,1,29,18,3
1,0,20,1,0,57,28,6,2,1,0,0,0,6,2,0,0,0,0,9,1,1,0,0,0,238,17,3,0,0,11,0,2,0,7,1261,1,2,0,0,2,303,5,33,1,0,209,0,0,1,166,1,1,0,21,4,4,0,129,0,2,0,0,6,5,9,2,0,858,0,0,1,0,0,6,0,1,0,2,3,4,0,7,1,2,0,0,2,1,0,0,1,1,0,5,0,27,4,0,2,9,0,0,20,11,1,3,3,252,3,0
2,6,41,0,4,146,23,10,8,0,7,2,0,27,3,0,0,0,0,12,3,6,4,0,3,1172,7,6,4,0,0,5,9,6,18,362,1,6,0,2,13,485,2,44,9,6,1402,27,0,9,789,5,2,0,9,3,6,17,465,0,0,0,2,5,1,11,3,1,457,8,3,1,6,2,0,0,4,4,0,7,1,3,7,35,11,0,0,4,2,0,0,3,3,0,9,1,20,4,2,1,3,3,0,257,71,2,9,7,1157,9,0
0,3,7,0,0,0,2,2,1,0,30,0,0,0,0,0,0,0,0,1,0,0,1,0,0,97,1,2,0,0,0,0,0,2,1,50,0,1,0,0,0,47,0,2,1,0,264,0,0,2,619,1,1,0,5,0,0,11,37,0,0,0,0,1,1,8,0,0,0,2,0,0,0,0,0,0,0,1,0,6,1,0,7,2,0,0,0,0,0,0,0,1,0,0,1,0,2,1,1,0,8,0,0,15,48,0,4,0,32,1,0
0,0,11,35,0,0,1,0,0,0,0,12,0,0,0,37,0,0,2,0,0,11,0,0,0,0,1,0,211,0,0,0,8,0,135,0,0,1,0,4,505,0,7,7,4,26,0,0,0,0,0,3,0,0,0,11,49,0,0,0,0,0,141,12,0,2,0,3,0,1,13,9,0,0,2,0,29,0,2,3,2,0,0,0,7,0,0,157,166,0,0,1,0,0,184,1,0,217,0,0,0,7,7,0,0,4,2,0,0,74,9
0,0,2,4,0,0,0,0,0,0,0,0,0,0,0,2,0,0,8,0,0,161,0,0,0,0,1,0,0,0,0,0,0,10,284,0,5,0,0,3,7,0,1,0,42,2,0,0,0,0,0,0,0,0,0,0,34,0,0,0,0,0,3,1,0,1,0,0,0,0,15,61,0,0,0,0,4,0,1,0,0,0,0,0,0,0,0,2,7,0,0,0,0,0,2,13,0,4,0,0,0,0,0,0,0,0,1,0,0,3,0
0,0,0,1,3,0,0,3,302,1,0,2,5,1,3,0,1160,20,0,4,1,0,0,4,0,0,0,5,1,1,0,0,0,0,0,0,0,0,0,0,0,1,2,0,0,2,0,0,59,0,0,0,0,6,0,7,2,0,0,0,0,8,0,2,7,0,0,0,0,0,2,1,0,167,2,22,3,0,0,0,0,2,1,0,1,0,9,0,0,0,1,5,3,0,0,1,0,7,0,147,0,5,0,0,1,2,1,16,0,0,0
0,0,15,41,0,14,2,3,0,2,1,16,0,2,0,27,0,1,8,9,432,14,13,0,1,2,550,1,5,0,505,9,384,15,11,8,959,30,0,632,13,4,21,17,38,16,3,1,0,4,1,0,155,0,562,3,27,0,8,6,0,0,9,3,16,12,11,8,9,154,30,11,0,1,756,0,15,42,333,5,1,0,7,0,14,0,0,26,7,0,0,14,5,0,4,9,1,27,18,0,2,13,31,12,0,2,12,0,5,25,9
4,0,0,0,799,0,1,0,0,0,0,0,16,0,0,0,4,0,0,0,0,0,0,25,0,0,0,0,0,1375,0,0,0,0,0,0,0,0,1393,0,0,0,0,0,0,0,0,0,1,0,0,0,0,0,0,0,0,0,0,0,0,0,0,0,0,0,0,0,0,0,0,0,787,0,0,38,0,0,0,0,0,117,0,0,0,23,1537,0,0,0,1269,0,0,0,0,0,0,0,0,12,0,0,0,0,0,0,0,69,0,0,0
0,0,0,0,98,0,0,0,1,0,0,0,47,0,0,0,1,0,0,0,0,0,0,673,0,0,0,0,0,1,0,0,0,0,0,0,0,0,9,0,0,0,0,0,0,0,0,0,1,0,0,0,0,0,0,0,0,0,0,0,0,0,0,0,0,0,0,0,0,0,0,0,19,0,0,1,0,0,0,0,0,261,0,0,0,1079,38,0,0,0,4,0,0,0,0,0,0,0,0,0,0,0,0,0,0,0,0,4,0,0,0
11,4,0,0,13,0,0,0,137,0,0,2,549,1,30,0,339,15,0,2,0,0,0,9,5,0,0,1,0,17,0,0,0,0,0,0,0,1,1,0,0,0,0,0,0,2,0,0,67,0,0,0,0,17,0,4,0,0,0,9,0,4,1,1,8,0,0,0,1,0,1,0,14,112,0,1595,0,0,1,1,0,116,0,0,3,3,26,0,2,0,25,0,2,2,0,0,0,2,0,354,4,1,0,1,0,0,0,23,0,0,0
2,0,0,0,2,9,29,0,3,0,3,0,14,12,7,0,10,0,0,0,1,0,3,0,2,0,0,0,0,30,0,0,0,0,0,0,0,0,23,0,0,0,0,0,0,0,0,42,1,0,0,0,0,3,0,1,0,19,0,0,0,0,0,0,0,0,0,0,0,0,0,0,7,0,0,20,0,0,0,0,0,5,0,1,0,0,4,0,0,0,11,0,0,4,0,0,1,0,0,181,0,0,0,2,15,0,0,274,0,0,0
0,0,1,1,0,0,0,2,0,1,0,3,0,0,0,3,0,0,10,2,4,16,1,0,0,0,0,0,29,0,4,2,3,0,3,0,0,26,0,3,7,2,50,25,9,4,0,0,0,0,0,3,0,0,1,22,51,0,0,2,0,0,0,4,9,3,5,9,0,0,2,4,0,0,4,0,6,1,3,7,1,0,0,0,30,0,0,14,27,0,0,5,0,0,18,0,0,27,14,0,0,4,2,0,0,22,10,0,0,11,0
0,1,13,0,0,5,0,16,0,64,0,4,0,0,0,0,0,0,0,35,11,3,1,0,0,6,2,33,18,0,17,12,18,3,29,2,1,255,0,7,52,26,13,90,3,2,4,0,0,1,2,11,15,0,13,10,37,0,1,12,71,0,2,9,59,26,13,11,1,4,0,0,0,0,11,0,6,11,12,326,16,0,20,0,203,0,0,20,17,0,0,15,66,0,26,0,0,60,473,0,0,3,2,8,0,24,73,0,0,14,3
9,3,26,0,3,811,55,1,5,0,9,0,3,11,3,0,8,0,0,7,3,2,2,0,0,2,157,0,1,3,0,0,1,0,3,38,0,0,3,0,0,12,2,8,1,0,3,51,1,1,1,0,0,2,37,2,0,11,15,0,0,0,1,5,3,8,0,0,10,1,0,0,5,10,1,1,0,0,2,1,0,3,0,13,1,0,1,2,1,0,0,0,0,5,0,0,74,2,2,36,0,0,0,165,11,0,0,254,8,0,1
2,1,94,3,0,7,0,0,0,0,0,0,0,0,1,0,0,0,17,112,1,42,0,0,0,3,19,0,17,0,17,1,0,4,93,0,33,0,0,2,0,5,321,10,24,0,4,0,0,1,2,0,3,0,31,3,81,0,0,0,0,0,0,724,15,1002,0,0,14,0,5,118,0,0,16,0,3,2,1,6,1,0,1,0,1,0,0,11,5,0,0,2,1,0,8,2,6,10,2,0,0,0,0,1,0,3,1,0,2,6,0
0,4,2,0,0,0,0,20,0,85,0,0,0,0,0,0,0,0,0,1,7,0,0,0,0,0,0,97,0,0,64,24,4,12,0,0,0,12,0,0,5,2,0,0,1,2,1,0,0,594,1,2,1,0,0,1,0,2,1,178,139,0,3,0,1,0,0,4,2,0,0,0,0,0,1,0,0,3,8,176,12,0,31,0,7,0,0,0,0,0,0,1,55,0,0,0,0,1,24,0,0,0,0,6,0,2,12,0,2,3,0
0,6,1,0,377,25,2,0,2,0,0,0,28,0,5,0,2,1,0,1,0,0,0,1,0,0,0,0,0,635,0,0,0,0,0,0,0,0,508,0,0,0,0,2,0,0,0,0,0,0,0,0,0,1,0,2,0,0,0,0,0,1,0,0,2,0,0,0,0,0,0,0,1224,1,0,22,0,0,0,0,0,65,0,0,0,26,283,0,0,0,465,0,0,0,0,0,0,0,0,17,0,0,0,21,0,0,0,41,0,0,0
0,0,0,0,17,0,0,0,0,0,0,0,14,0,0,0,0,0,0,0,0,0,0,3,0,1,0,0,0,0,0,0,0,0,0,0,0,0,1,0,0,0,0,0,0,0,0,0,0,0,0,0,0,0,0,0,0,1,0,0,0,0,0,0,0,0,0,0,0,0,0,0,9,0,0,0,0,0,0,0,0,29,0,0,0,64,3,0,0,0,1,0,0,0,0,0,1,0,0,0,0,0,0,5,0,0,0,0,1,0,0
