0.68485,0.88169,0.7741,0.41408,0.56079,0.46912,0.77683,0.52295,0.52283,0.7251,0.74347,0.48331,0.31564,0.65339,0.67771,0.34024,0.63671,0.59047,0.57016,0.66333,0.45004,0.39117,0.87365,0.68776,0.98011,0.66506,0.58416,0.57156,0.33136,0.65509,0.55418,0.62537,0.45898,0.61755,0.28829,0.6966,0.625,0.29531,0.69754,0.44274,0.41288,0.33548,0.22168,0.42332,0.29137,0.29991,0.65663,0.70722,0.79962,0.71119,0.47137,0.26141,0.53546,0.8812,0.77853,0.4031,0.1595,0.72156,0.35764,0.22515,0.54891,0.97333,0.20312,0.60244,0.47962,0.80449,0.36382,0.21418,0.52407,0.56267,0.4372,0.35294,0.5686,0.6076,0.69781,0.77258,0.61557,0.78546,0.58805,0.30278,0.26083,0.25647,0.56522,0.86776,0.30929,0.84325,0.77637,0.33165,0.23097,0.99634,0.6743,0.37961,0.64439,0.75708,0.2961,0.52682,0.78811,0.17988,0.44487,0.38421,0.96325,0.4783,0.41208,0.39546,0.45856,0.5454,0.22425,0.69809,0.59946,0.34897,0.59574
0.56742
0,0,1,441,0,0,0,0,0,0,0,11,0,0,0,345,0,0,260,0,1,0,0,0,0,0,0,0,11,0,0,0,19,0,5,0,40,0,0,50,19,0,8,0,34,125,0,0,0,0,0,1,0,0,0,1,5,0,0,1,0,0,105,5,0,0,0,3,0,16,201,44,0,0,11,0,522,4,19,0,1,0,0,0,0,0,0,66,64,0,0,0,0,0,67,111,0,135,0,0,0,18,8,0,0,0,0,0,0,253,33
0,0,0,12,0,0,0,8,0,0,0,579,0,0,0,36,0,0,1,0,0,1,0,0,0,0,0,0,0,0,0,6,4,7,0,0,0,4,0,3,14,1,0,12,27,347,0,0,0,0,1,312,2,0,0,1,59,0,0,3,0,0,82,0,2,0,65,272,0,1,33,18,0,0,0,0,3,0,3,2,295,0,7,0,12,0,0,1,22,0,0,34,0,0,2,49,0,1,1,0,0,540,389,0,0,10,27,0,0,42,644
21,0,0,68,0,3,0,1,4,0,1,52,2,5,31,109,1,2,43,6,1,17,0,0,1,1,0,1,34,1,0,0,18,3,10,1,9,10,0,12,49,11,119,56,46,185,0,0,1,0,1,10,2,1,0,97,99,0,2,0,0,1,126,2,32,1,2,30,3,1,99,57,0,3,6,5,25,3,8,4,15,2,2,0,10,0,1,51,264,0,2,2,0,3,53,93,27,165,0,1,3,70,41,0,1,54,8,4,0,58,70
0,0,0,258,0,1,0,0,0,0,0,0,0,0,0,132,0,0,512,4,0,47,0,0,0,0,3,0,121,0,3,0,5,0,168,0,155,1,0,7,44,0,11,0,47,11,0,0,0,0,0,1,0,0,1,1,9,0,1,0,0,0,21,218,0,4,0,0,0,9,68,84,0,0,5,0,106,1,7,2,0,0,0,0,0,0,0,393,35,0,0,0,0,0,180,36,0,180,0,0,0,0,1,0,0,0,0,0,0,45,0
0,0,0,54,0,0,0,0,0,0,0,22,0,0,0,135,0,0,1,0,0,0,0,0,0,0,0,0,3,0,0,0,2,1,3,0,1,0,0,2,18,0,0,2,0,101,0,0,0,0,0,1,0,0,0,0,1,0,0,0,0,0,208,0,0,0,1,6,0,0,3,1,0,0,0,0,4,3,0,1,4,0,0,0,0,0,0,8,38,0,0,0,0,0,10,3,0,27,0,0,0,21,4,0,0,0,0,0,0,22,18
0,0,19,18,0,22,2,0,3,0,0,23,0,2,5,42,0,0,11,44,19,25,0,0,1,26,4,0,152,0,3,0,30,1,66,13,10,29,0,15,90,30,240,210,68,45,8,1,0,2,1,17,3,0,2,651,131,0,6,1,1,0,58,26,32,22,3,16,1,12,25,9,2,0,18,0,22,8,12,17,9,0,2,0,21,0,0,117,198,0,0,8,3,0,195,23,4,151,2,0,0,32,22,0,0,185,15,0,2,13,9
0,0,0,78,0,0,0,0,0,0,0,10,0,0,0,72,0,0,13,0,0,15,0,0,0,0,0,0,0,0,0,5,6,17,0,0,10,0,0,8,0,0,9,0,287,57,0,0,0,0,0,3,3,0,0,0,73,0,0,0,0,0,9,0,8,0,24,6,0,0,463,372,0,0,0,0,13,2,3,0,0,0,2,0,1,0,0,0,39,0,0,15,0,0,0,550,0,6,0,0,0,50,77,0,0,4,8,0,0,32,40
0,0,0,0,0,0,0,4,2,2,0,0,1,1,0,1,121,2,0,2,2,0,0,0,1,0,0,2,4,0,0,0,0,0,0,0,0,0,0,0,0,0,2,0,0,0,0,0,4,0,0,0,0,0,0,4,1,0,1,1,0,0,0,5,2,0,0,0,10,0,0,6,2,44,7,0,0,0,0,1,0,0,5,0,2,0,1,0,0,0,0,2,0,0,0,0,2,6,0,40,1,0,0,0,0,1,0,0,0,0,0
28,11,10,0,6,126,216,0,9,0,587,0,18,88,158,0,0,10,0,38,5,0,180,1,3,11,30,0,0,3,0,0,0,0,1,20,0,1,2,0,0,25,0,2,1,0,23,448,1,18,13,0,1,19,13,0,0,477,618,1,1,3,0,8,2,11,0,0,30,0,0,0,3,1,1,2,0,2,3,1,0,18,0,1752,0,6,0,0,0,6,2,0,0,423,0,0,1365,0,0,24,11,0,0,275,1017,0,2,22,11,0,0
0,0,0,0,33,0,0,0,0,0,0,0,300,0,0,0,2,0,0,0,0,0,0,168,0,0,0,0,0,0,0,0,0,0,0,0,0,0,0,0,0,0,0,0,0,0,0,0,2,0,0,0,0,0,0,0,0,0,0,0,0,0,0,0,0,0,0,0,0,0,0,0,3,0,0,25,0,0,0,0,0,254,0,0,0,10,18,0,0,0,5,0,0,0,0,0,0,0,0,2,0,0,0,0,0,0,0,0,0,0,0
3,2,0,0,7,1,0,0,64,0,0,3,136,1,19,0,70,24,0,5,2,0,0,2,3,0,0,4,0,4,3,0,1,0,0,0,0,3,0,0,2,3,0,3,0,0,0,0,15,0,0,3,0,4,0,3,0,1,0,80,1,2,0,1,5,1,0,2,7,0,0,0,1,117,0,203,4,0,0,2,0,23,0,0,6,1,7,1,0,0,5,0,1,0,0,0,1,2,0,245,7,1,0,2,3,4,4,14,0,1,1
8,2,25,0,1,301,15,8,6,0,0,2,2,2,9,0,31,3,0,8,1,0,0,0,2,4,1,11,0,6,0,5,0,1,0,3,0,3,3,0,0,2,1,21,1,2,10,28,3,0,0,0,0,4,1,40,7,13,34,1,0,2,1,2,10,0,0,3,83,1,1,0,2,31,0,30,0,0,0,1,1,1,6,33,3,0,2,0,2,1,8,2,1,13,1,0,31,2,0,866,2,15,0,99,25,6,6,15,16,3,1
0,19,11,0,1,54,1,7,11,0,5,0,1,0,15,0,0,0,0,12,4,0,8,0,0,8,8,2,1,0,0,1,14,3,0,11,1,12,0,0,2,1,0,9,1,0,11,4,0,9,9,3,7,0,0,0,1,2,186,6,3,0,0,1,4,0,0,0,0,224,1,0,1,1,0,1,0,7,3,0,1,0,3,20,10,0,0,0,0,0,0,2,0,0,1,0,2,1,9,3,0,0,2,732,5,0,4,3,283,0,0
0,0,2,7,0,0,0,10,0,0,0,287,0,0,0,21,0,0,3,0,3,28,0,0,0,2,1,1,2,0,40,8,92,9,3,1,10,60,0,48,117,3,23,52,54,168,0,0,0,0,2,295,14,0,0,19,108,0,0,211,2,0,150,0,31,0,75,278,0,14,17,26,0,0,3,0,9,30,36,19,280,0,5,0,104,0,0,7,122,0,0,73,2,0,13,48,0,22,10,0,0,216,150,1,0,100,75,0,0,38,190
0,0,30,7,0,0,0,0,1,0,0,0,0,0,0,4,0,0,0,43,0,16,0,0,1,0,1,0,384,0,0,0,0,0,33,1,4,0,0,0,13,1,9,0,5,0,1,0,0,0,0,0,0,0,0,3,0,0,0,0,0,0,3,39,0,7,0,0,0,1,0,9,0,0,0,0,3,0,0,0,0,0,1,0,0,0,0,77,6,0,0,0,0,0,219,1,0,21,0,0,1,0,0,0,0,1,0,0,0,3,0
1,0,0,0,0,4,0,1,0,1,0,2,0,1,1,0,0,0,0,4,0,0,0,0,0,118,0,2,0,0,0,0,1,0,1,7,0,3,0,2,2,241,1,27,1,0,112,0,0,0,22,0,1,1,0,10,0,0,8,0,0,0,1,5,1,0,0,0,61,1,0,0,0,0,1,0,0,0,0,1,0,0,5,0,12,0,0,1,1,0,0,0,1,1,1,0,3,1,2,2,0,1,1,1,3,12,5,0,18,0,0
904,0,0,0,0,8,8,0,1,1,2,0,3,15,36,0,4,2,0,19,4,0,0,0,2,3,0,1,1,2,0,0,0,0,0,0,0,0,0,0,0,20,0,2,0,0,1,4,2,1,2,0,0,5,2,0,0,4,1,0,0,1,0,23,1,3,0,0,27,0,0,0,0,0,1,0,0,1,0,0,0,0,0,0,0,1,2,0,0,1,0,0,0,46,0,0,7,0,0,14,2,0,0,1,45,2,1,24,0,0,0
0,1,2,6,1,1,0,1,1,0,0,31,1,0,1,2,0,0,1,2,509,4,0,0,0,3,106,0,3,0,209,4,621,5,7,1,240,43,0,569,10,12,9,39,19,8,0,0,0,0,0,8,20,0,8,26,27,0,0,231,6,0,3,2,42,7,4,24,0,615,8,2,0,0,212,0,35,670,748,9,8,0,4,0,46,0,0,14,12,0,0,8,0,0,6,3,0,5,25,0,1,19,24,0,0,24,25,0,3,17,5
0,0,0,0,0,0,0,193,1,13,0,7,0,0,0,0,0,0,0,0,0,57,0,0,0,0,0,7,0,0,1,144,3,89,0,0,0,27,0,1,6,0,0,9,42,1,0,0,0,2,0,40,74,0,0,0,31,0,0,0,1,0,5,0,68,0,358,94,0,0,15,32,0,0,0,0,0,0,1,4,48,0,68,0,44,0,0,0,1,0,0,443,13,0,0,33,0,0,37,0,0,6,28,0,0,8,218,0,0,2,7
15,0,0,0,1,15,11,0,2,0,1,0,11,9,2,0,29,0,0,0,0,0,1,2,1,0,0,0,0,5,0,0,0,0,0,0,0,0,9,0,0,1,0,0,0,0,0,12,2,0,0,0,0,4,0,0,0,4,0,0,0,0,0,0,0,0,0,0,0,0,0,0,1,2,0,7,0,0,0,0,0,3,0,0,0,6,1,0,0,1,2,0,0,11,0,0,0,0,0,76,3,0,0,0,11,0,0,1940,0,0,0
0,0,0,0,2,0,0,0,3,0,1,0,6,0,8,0,18,673,0,31,25,1,0,2,0,0,1,2,0,1,0,0,1,0,0,1,0,2,0,1,1,1,1,1,0,1,0,0,100,1,0,0,0,0,0,1,1,0,0,15,0,0,0,1,2,0,0,0,2,0,0,0,4,228,2,9,2,0,0,3,0,4,2,1,1,0,2,0,0,0,0,0,1,0,1,0,0,1,0,16,0,0,0,1,4,0,2,1,0,0,0
33,3,0,0,0,2,16,0,17,0,1,0,1,399,109,0,0,0,0,4,0,0,1,0,2070,0,0,2,0,0,0,0,0,0,0,1,0,0,0,0,0,29,0,1,0,0,0,5,0,1,0,0,0,764,0,1,0,7,0,0,0,1387,0,3,0,4,0,0,8,0,0,0,0,0,0,0,0,1,0,1,0,0,0,0,0,0,0,1,0,2997,0,0,0,22,0,0,33,0,0,7,2228,0,0,2,8,1,1,9,0,0,0
30,626,5,1,0,11,0,4,687,8,1,0,4,0,3,3,18,38,0,8,9,0,0,3,1,1,1,190,0,1,0,1,1,3,3,4,1,3,1,2,2,1,2,13,1,21,2,0,46,23,2,15,2,6,0,4,2,0,5,2,7,6,2,4,0,0,1,3,6,2,1,0,0,24,0,13,1,4,3,9,6,3,13,0,8,1,1,3,0,0,1,3,1,0,3,2,0,2,0,12,12,15,0,25,3,9,13,12,1,0,4
0,0,15,0,1,1,0,118,0,35,0,71,0,0,0,0,0,0,0,2,11,40,0,0,0,1,0,44,8,0,35,113,38,78,0,0,2,396,0,12,80,7,95,178,29,19,1,0,0,1,2,194,90,0,0,91,90,0,0,86,404,0,36,0,225,0,206,271,0,3,4,12,0,0,7,0,2,36,12,109,234,0,92,0,353,0,0,3,52,0,0,173,79,0,13,3,0,10,169,0,0,33,39,0,0,224,211,0,1,28,14
1,4,11,0,8,14,0,210,5,141,4,59,0,3,4,3,0,0,1,9,58,53,9,0,0,79,2,51,4,0,13,127,91,139,9,4,16,422,1,43,49,107,173,679,52,14,21,1,0,3,51,338,188,0,4,565,204,5,1,8,46,0,30,1,659,0,134,231,8,7,12,26,1,2,11,0,4,21,25,194,179,0,147,0,433,2,0,8,38,0,0,223,179,0,7,13,3,19,174,0,2,61,72,11,2,865,283,0,5,29,17
0,2,2,0,0,0,0,695,1,910,0,2,0,0,0,0,0,0,0,1,2,36,0,0,0,2,0,623,0,0,9,843,4,725,0,0,2,69,0,1,4,13,4,5,7,0,1,0,0,25,3,21,687,0,1,1,12,0,0,6,58,0,0,0,96,0,71,18,1,0,0,0,0,0,1,0,0,0,0,136,14,0,598,0,38,0,0,0,0,0,0,123,752,0,0,1,0,0,91,0,2,0,1,0,1,5,221,0,0,3,0
0,1,0,0,40,0,0,0,0,0,0,0,441,0,0,0,12,0,0,0,0,0,0,78,0,0,0,0,0,0,2,0,0,0,0,0,0,1,0,0,0,0,0,0,0,0,0,0,4,0,0,0,0,0,0,0,0,0,0,162,0,0,0,0,0,0,0,0,0,0,0,0,11,2,0,41,0,0,0,0,0,337,0,0,0,30,7,0,0,0,8,0,0,0,0,0,0,0,1,1,0,0,0,2,0,0,0,0,0,0,0
8,0,0,0,55,0,0,0,32,0,3,0,58,1,24,0,41,1152,0,4,1,0,1,4,3,0,0,4,3,9,0,0,0,0,1,0,0,0,0,0,1,1,3,0,0,0,0,0,1261,0,0,0,0,11,0,1,0,1,0,2,1,0,0,2,0,0,0,1,21,0,0,0,7,1087,0,35,0,0,1,0,0,16,2,0,0,1,46,0,0,0,19,0,0,0,0,0,0,0,0,79,1,0,0,0,1,1,0,11,0,0,1
230,1,2,0,14,28,1455,0,9,0,1849,0,131,1099,1043,0,3,16,0,8,0,0,1535,3,12,6,6,0,0,11,0,0,0,0,0,8,0,0,11,0,0,31,1,0,0,0,7,1529,5,7,8,0,0,19,2,0,0,1446,190,1,0,17,0,1,1,6,0,0,8,1,0,0,4,0,1,9,0,1,0,0,0,39,1,176,0,3,2,0,0,2,5,0,0,1658,0,0,128,0,0,60,11,0,0,94,1101,0,0,60,15,0,0
1,3,1285,36,0,43,11,5,1,2,0,1,0,1,1,31,0,0,8,861,1,372,0,0,1,10,10,1,505,0,8,41,2,33,123,18,19,2,0,3,70,6,296,34,140,3,24,0,0,127,2,0,1,0,7,16,79,0,11,0,0,0,17,91,38,96,2,3,17,14,34,171,0,0,1,0,20,0,3,5,3,0,4,0,4,0,0,180,28,0,0,6,2,0,448,51,1,73,0,1,0,1,1,37,0,5,12,1,28,10,3
1,1,19,1,0,53,31,5,2,0,0,0,0,3,4,0,0,0,0,9,1,1,0,0,3,250,11,2,3,0,7,1,2,0,6,1249,1,1,0,0,1,280,7,20,1,0,214,2,0,1,150,1,1,0,23,3,3,0,124,0,1,0,1,6,5,8,1,2,871,0,0,2,0,0,6,0,0,0,2,2,1,0,7,0,2,0,0,1,1,0,0,3,2,0,7,0,22,5,0,3,6,0,0,23,12,3,4,3,297,4,0
2,7,43,0,3,129,17,6,5,1,4,2,0,31,2,1,0,0,0,15,2,3,4,0,1,1243,6,3,2,0,0,4,11,5,10,359,0,5,1,2,12,469,8,43,7,5,1396,17,0,11,782,7,2,0,10,3,9,12,478,0,0,0,2,5,1,8,2,2,461,11,4,2,6,0,0,0,2,2,0,2,1,4,11,28,5,2,0,4,0,0,1,3,1,0,11,3,18,7,1,1,4,2,1,323,66,1,8,4,1112,5,0
0,5,7,0,0,1,2,3,0,0,20,0,0,1,1,0,0,0,0,3,0,0,0,0,0,92,2,2,0,0,0,0,1,3,1,44,0,1,0,0,0,47,0,1,1,0,278,0,0,2,601,1,2,0,4,0,0,10,31,0,0,0,0,2,1,7,0,0,1,2,0,0,0,0,0,0,0,0,0,5,1,0,8,0,1,0,0,0,0,0,0,2,0,0,0,0,4,1,1,0,8,0,0,16,62,0,3,0,39,3,0
0,0,11,29,0,0,1,0,0,0,0,5,0,0,0,46,0,0,2,0,0,13,0,0,0,0,0,0,207,0,0,0,4,0,125,0,0,1,0,3,481,1,7,12,4,25,0,0,0,0,0,4,0,0,0,11,62,0,0,0,0,0,145,10,0,3,0,3,0,2,17,10,0,0,2,0,30,0,2,4,1,0,0,0,8,0,0,181,158,0,0,1,0,0,199,1,0,211,0,0,0,6,8,0,0,3,1,0,0,65,11
0,0,0,3,0,0,0,0,0,0,0,0,0,0,0,2,0,0,7,0,0,142,0,0,0,0,1,0,0,0,0,0,0,9,288,0,5,0,0,3,5,0,1,0,22,2,0,0,0,0,0,0,0,0,0,0,79,0,0,0,0,0,2,0,0,1,0,0,0,0,16,64,0,0,0,0,3,0,1,0,0,0,0,0,0,0,0,2,4,0,0,0,0,0,6,8,0,5,0,0,0,0,0,0,0,0,1,0,0,2,0
1,0,0,0,4,0,0,3,300,1,0,2,8,1,2,0,1162,18,0,2,4,0,0,4,1,0,1,7,2,1,0,0,0,1,0,0,0,0,0,0,0,1,3,0,0,0,0,0,58,0,0,0,0,7,0,6,2,0,0,1,0,5,0,1,5,0,0,0,0,0,2,1,0,166,3,19,4,0,0,0,1,2,0,0,1,0,4,1,0,0,0,3,3,0,0,0,0,4,0,163,1,5,0,0,1,2,0,12,0,0,0
0,0,13,37,0,11,2,2,0,4,1,17,0,2,0,27,0,1,5,4,443,13,12,0,0,2,531,1,2,0,537,8,355,20,14,9,950,24,0,634,12,5,21,21,44,10,2,1,0,3,1,0,166,0,573,3,24,0,9,5,0,0,10,5,11,14,11,8,9,147,25,12,0,0,732,0,18,41,351,2,1,0,5,1,18,0,0,22,6,0,0,15,4,0,8,10,1,22,12,0,2,9,70,13,0,2,14,0,7,22,9
3,0,0,0,941,0,1,0,0,0,0,0,20,0,3,0,1,0,0,0,0,0,0,22,0,0,0,0,0,1339,0,0,0,0,0,0,0,0,1250,0,0,0,0,0,0,0,0,0,0,0,0,0,0,1,0,0,0,0,0,0,0,0,0,0,0,0,0,0,0,0,0,0,804,0,0,46,0,0,0,0,0,117,0,0,0,28,1590,0,0,0,1236,0,0,0,0,0,0,0,0,12,0,0,0,0,0,0,0,56,0,0,0
0,0,0,0,83,0,0,0,1,0,0,0,43,0,0,0,1,0,0,0,0,0,0,663,0,0,0,0,0,0,0,0,0,0,0,0,0,0,8,0,0,0,0,0,0,0,0,0,0,0,0,0,0,0,0,0,0,0,0,0,0,0,0,0,0,0,0,0,0,0,0,0,14,0,0,2,0,0,0,0,0,328,0,0,0,1049,37,0,0,0,3,0,0,0,0,0,0,0,0,0,0,0,0,0,0,0,0,5,0,0,0
15,3,0,0,21,0,0,0,135,0,0,2,571,1,34,0,293,9,0,3,2,0,0,6,5,0,0,2,0,15,0,0,0,0,0,0,0,1,1,0,0,0,0,1,0,2,0,0,71,0,0,0,0,15,0,5,0,0,0,10,0,0,1,1,6,0,0,0,1,0,2,0,7,76,0,1668,0,0,1,2,0,82,0,0,4,6,28,0,1,0,22,0,1,1,0,0,0,0,0,377,4,1,0,1,0,1,0,22,0,0,0
2,0,0,0,2,9,25,0,3,0,1,0,11,7,7,0,9,0,0,0,1,0,2,0,0,0,0,0,0,29,0,0,0,0,0,0,0,0,21,0,0,0,0,1,0,0,0,47,1,0,0,0,0,3,0,1,0,15,0,0,0,1,0,0,0,0,0,0,0,0,0,0,7,0,0,22,0,0,0,0,0,2,0,0,0,0,4,0,0,0,13,0,0,7,0,0,1,0,0,198,1,0,0,2,17,0,0,269,0,0,0
0,0,1,1,0,0,0,0,0,1,0,3,0,0,0,2,0,0,9,2,3,14,1,0,0,0,0,0,28,0,3,2,4,1,6,0,2,28,0,2,7,2,44,23,9,2,1,0,0,0,0,4,0,0,0,27,49,0,0,3,0,0,0,4,9,3,7,10,0,1,4,5,0,0,3,0,6,1,3,8,3,0,0,0,31,0,0,12,35,0,0,6,0,0,18,1,0,22,17,0,0,3,1,0,0,19,8,0,0,8,0
0,1,16,0,0,3,0,24,0,62,0,5,0,0,0,0,0,0,0,28,10,6,1,0,0,3,2,30,16,0,14,10,15,3,40,5,1,262,0,7,48,28,12,110,3,1,5,0,0,1,2,8,15,0,11,10,26,0,0,11,61,0,3,8,56,30,16,11,1,6,0,0,0,0,3,0,5,9,14,327,11,0,24,0,215,0,0,21,14,0,0,14,63,0,34,0,0,56,468,0,0,4,3,9,0,31,67,0,0,11,3
11,1,24,0,3,790,56,2,8,1,6,0,2,9,7,0,8,0,0,7,2,1,2,0,0,1,165,0,2,4,0,0,2,0,3,31,0,3,1,0,0,14,3,6,0,0,4,63,1,2,1,0,0,1,49,1,0,7,20,0,0,0,1,5,2,8,0,0,9,0,0,0,3,5,1,1,1,0,1,0,0,2,1,8,0,0,3,1,1,0,2,0,0,5,1,0,71,0,2,36,0,0,0,157,13,0,2,263,13,0,1
2,1,106,8,0,8,0,1,0,1,0,0,0,0,0,0,0,0,21,108,3,45,0,0,0,2,16,1,26,0,22,1,0,6,73,2,41,0,0,2,1,3,317,8,31,0,3,0,0,0,2,0,1,0,25,6,85,0,0,0,0,0,0,741,15,1004,0,0,15,0,4,89,0,0,11,0,4,1,1,7,1,0,0,0,2,0,0,9,1,0,0,2,1,0,9,1,6,9,1,0,0,0,1,3,0,2,1,0,1,3,0
0,2,0,0,0,0,0,18,0,71,0,0,0,0,0,0,0,0,0,1,2,1,0,0,0,0,0,94,0,0,60,24,6,12,0,0,0,12,0,0,5,1,0,1,1,2,1,0,0,591,1,6,1,0,0,0,0,0,2,175,143,0,2,2,1,0,1,1,1,2,0,0,0,0,0,0,0,5,9,200,12,0,33,0,5,0,0,0,0,0,0,1,57,0,0,0,0,1,29,0,0,0,0,3,0,1,12,0,2,3,0
0,12,0,0,437,44,3,0,0,0,0,0,24,0,10,0,1,1,0,1,0,0,0,3,0,0,0,0,0,613,0,0,0,0,0,0,0,0,483,0,0,0,0,2,0,0,0,0,0,0,0,0,0,2,0,3,0,0,0,0,0,0,0,0,1,0,0,0,0,0,0,0,1177,0,0,21,0,0,0,0,0,46,0,0,0,35,290,0,0,0,498,0,0,0,0,0,1,0,0,15,0,0,0,15,0,0,0,29,0,0,0
0,2,0,0,14,1,0,0,0,0,0,0,14,0,0,0,0,0,0,0,0,0,0,3,0,1,0,0,0,0,0,0,0,0,0,0,0,0,0,0,0,0,0,0,0,0,0,0,0,0,0,0,0,0,0,0,0,0,0,3,0,0,0,0,0,0,0,0,0,0,0,0,10,0,0,0,0,0,0,0,0,31,0,0,0,63,2,0,0,0,1,0,0,0,0,0,1,0,0,0,0,0,0,3,0,0,0,0,1,0,0
