0.59227,0.3843,0.63818,0.32171,0.33893,0.30165,0.64998,0.43896,0.39238,0.5604,0.53338,0.29356,0.15022,0.77061,0.42148,0.19248,0.41832,0.68932,0.20261,0.27783,0.3597,0.28993,0.41871,0.34653,0.97545,0.34255,0.52495,0.14945,0.31434,0.56494,0.37309,0.54538,0.47553,0.561,0.35264,0.42818,0.57481,0.342,0.52485,0.51596,0.4759,0.38077,0.40291,0.45803,0.3038,0.27745,0.61234,0.82424,0.69605,0.32079,0.70205,0.41398,0.36097,0.2487,0.7434,0.38528,0.35419,0.57226,0.30139,0.51867,0.37794,0.98532,0.18568,0.236,0.29246,0.74349,0.3933,0.29503,0.2861,0.44958,0.27648,0.21008,0.22243,0.47954,0.2577,0.50118,0.24556,0.70116,0.47433,0.23784,0.26281,0.21996,0.59728,0.56054,0.5108,0.46498,0.68196,0.28916,0.33598,0.93361,0.62169,0.37241,0.25533,0.27436,0.35433,0.32647,0.71559,0.25668,0.30287,0.19871,0.50294,0.3974,0.33403,0.29152,0.44858,0.63385,0.24273,0.38602,0.29846,0.23179,0.25915
0.47243
0,0,0,618,0,0,0,0,1,0,0,28,0,0,0,154,0,0,305,0,0,2,0,0,0,0,2,0,18,0,11,0,134,0,29,0,64,0,0,18,0,0,3,0,0,54,0,0,0,0,0,8,0,0,1,0,3,0,0,1,1,0,73,53,0,0,0,0,0,22,248,7,0,0,10,0,332,14,11,131,9,0,0,0,0,0,0,32,5,0,0,0,0,0,254,84,0,108,0,0,2,13,31,0,0,0,5,0,0,157,8
0,16,0,81,0,0,0,2,1,0,0,409,0,0,0,54,0,0,17,0,0,17,0,0,0,0,0,1,0,0,1,4,6,5,0,0,1,1,0,4,0,0,0,2,3,475,0,0,0,0,1,385,18,0,0,6,30,0,0,0,12,0,29,2,0,0,1,16,0,0,100,17,0,0,0,0,37,2,2,3,200,0,6,0,32,0,0,2,0,0,0,5,3,0,3,109,0,1,12,0,18,734,319,0,0,0,106,0,0,226,460
0,1,1,190,1,0,4,0,6,9,1,142,23,2,3,86,10,1,83,3,0,11,0,3,0,0,0,8,12,0,3,2,17,2,93,1,21,9,2,9,3,0,113,38,5,152,0,16,1,1,0,29,0,1,0,98,80,3,1,7,1,3,153,71,3,0,2,13,4,12,74,114,6,4,42,3,88,4,7,59,25,3,0,0,0,1,3,37,26,0,4,2,4,21,58,81,0,123,0,4,9,15,25,0,3,6,44,12,1,48,30
2,0,16,274,0,0,0,0,0,0,0,2,0,0,0,74,0,0,373,15,0,1,0,0,0,0,3,2,309,0,4,0,28,0,99,0,89,0,0,5,18,0,0,0,0,9,0,0,0,0,0,0,0,0,4,0,0,0,0,9,0,0,23,324,0,33,0,0,0,16,76,2,0,0,10,0,60,5,4,151,1,0,0,0,1,0,0,167,38,0,0,0,0,0,585,14,0,70,1,0,0,2,9,0,0,0,0,0,0,9,1
0,1,2,102,0,0,0,0,2,0,0,51,0,0,0,111,0,0,0,0,0,0,0,0,0,0,0,0,0,0,0,0,6,0,1,0,0,0,0,2,0,0,0,0,1,19,0,0,0,0,0,7,0,0,0,0,0,0,0,1,1,0,37,0,0,0,0,0,0,7,85,1,0,0,2,0,43,4,0,10,3,0,0,0,1,0,0,11,3,0,0,0,0,0,34,11,0,25,0,0,4,13,11,0,0,0,10,0,0,102,5
2,8,36,26,0,2,2,2,10,0,0,75,1,0,1,65,2,3,76,27,5,23,0,0,2,0,9,55,32,0,10,2,12,2,117,1,24,23,2,8,31,6,471,142,3,37,4,3,0,1,4,19,8,5,3,420,142,0,1,23,6,0,118,58,10,18,13,15,7,39,56,96,1,2,92,0,42,7,9,133,8,0,0,0,0,0,0,99,195,0,3,2,10,3,69,33,1,134,4,0,4,10,5,1,1,14,43,1,8,8,20
0,0,0,305,0,0,0,0,1,0,0,1,0,0,0,35,0,0,361,0,0,98,0,0,0,0,0,0,0,0,0,2,24,36,7,0,11,1,0,8,0,0,1,0,2,318,0,0,0,0,0,13,6,0,0,0,28,0,0,1,1,0,13,15,0,0,5,16,0,4,70,225,0,0,0,0,8,3,4,4,14,0,0,0,0,0,0,5,0,0,0,0,0,0,33,238,0,4,0,0,5,60,282,0,0,0,2,0,0,93,27
0,0,0,0,0,0,0,0,0,0,0,0,1,0,19,0,23,4,0,0,0,0,0,0,0,0,24,0,0,0,7,1,0,0,1,0,0,0,1,0,0,0,1,0,2,0,0,0,4,0,0,0,0,0,0,9,1,0,0,1,0,0,0,0,0,2,1,0,30,0,0,0,0,18,0,8,2,0,0,0,0,29,0,0,3,0,0,0,1,0,0,2,1,3,4,0,1,0,0,78,0,0,0,0,1,0,0,10,1,1,0
0,2,4,0,40,37,146,2,3,5,1119,0,9,63,10,0,0,0,0,4,4,0,557,18,7,128,0,6,0,7,0,0,1,0,1,21,0,0,3,0,21,33,0,0,9,0,20,655,0,6,29,0,1,128,18,0,0,1081,346,2,1,3,0,2,0,13,0,0,12,1,0,0,24,0,0,1,0,3,0,0,0,11,3,1248,0,6,0,1,1,37,5,0,0,104,0,0,1409,0,0,67,0,0,0,45,505,8,0,7,161,0,0
0,0,0,0,26,0,0,0,0,0,0,0,9,0,0,0,1,0,0,0,0,0,0,230,0,0,0,0,0,0,0,0,0,0,0,0,0,0,6,0,0,0,0,0,1,0,0,0,3,1,0,0,0,0,0,0,0,0,0,0,0,0,0,0,0,0,0,0,0,0,0,0,36,0,0,229,0,0,0,0,0,29,0,0,0,161,66,0,0,0,21,0,0,0,0,0,0,0,0,3,0,0,0,0,0,0,0,0,0,0,0
2,0,0,0,2,0,0,1,9,0,0,2,34,1,16,0,110,0,0,1,0,1,1,7,4,0,2,0,0,1,0,0,0,0,0,0,0,0,1,0,1,0,2,0,1,0,0,1,22,12,0,0,0,1,0,10,3,0,5,1,0,0,1,0,1,1,0,0,4,0,0,0,20,75,0,298,27,0,0,2,0,224,0,0,1,10,4,0,0,0,12,1,2,16,0,0,0,0,1,165,0,2,0,3,5,0,4,10,0,3,0
2,3,17,0,2,52,58,1,6,0,3,1,10,3,4,0,77,3,0,12,0,4,25,37,0,5,7,3,1,6,1,5,0,0,1,10,0,0,1,1,5,49,1,3,2,5,7,9,3,6,3,2,0,52,3,47,3,28,54,0,1,4,1,0,0,0,2,0,95,3,0,0,3,92,1,157,4,0,0,0,1,34,1,52,2,0,2,0,0,35,21,1,0,94,1,0,60,0,4,401,2,2,0,90,54,0,3,14,73,5,1
0,22,7,0,2,264,3,1,4,2,16,2,11,1,0,0,0,0,1,5,0,13,95,0,0,70,1,5,0,0,0,12,7,4,1,11,22,5,0,1,7,17,1,8,22,6,18,0,0,18,12,1,12,1,7,1,0,78,73,16,16,0,0,1,2,0,3,13,1,6,1,0,10,0,0,0,0,18,0,2,0,8,2,7,1,0,0,6,1,0,0,0,0,2,0,0,8,0,2,5,2,1,0,481,27,4,0,0,271,0,1
0,27,4,38,0,0,0,12,2,0,0,529,0,0,0,19,0,0,39,2,3,64,0,0,0,0,0,3,0,0,92,5,59,14,10,1,12,41,0,24,1,1,28,19,3,192,0,0,0,0,0,187,30,0,0,73,178,0,0,22,21,0,73,17,24,0,26,126,0,2,29,100,0,1,2,0,149,58,15,44,188,0,3,0,20,0,0,9,4,0,0,17,58,1,24,45,0,26,34,0,3,241,84,0,0,3,252,0,0,133,284
1,0,16,6,0,0,0,0,0,0,0,1,0,0,0,21,0,0,1,7,0,1,0,0,0,0,1,4,80,0,0,0,0,0,49,1,4,0,0,0,22,0,18,1,1,0,1,0,0,1,0,0,0,1,3,0,1,0,1,1,0,0,11,43,0,22,1,0,6,10,2,0,0,0,12,0,2,0,0,22,0,0,2,0,1,0,0,70,404,0,0,0,0,1,51,2,0,42,0,0,0,0,0,0,0,0,1,0,0,0,0
0,7,1,0,0,5,0,3,29,3,0,2,3,1,0,0,0,0,0,28,2,4,2,0,0,6,1,2,0,0,2,3,0,0,2,19,0,5,0,0,9,62,9,61,5,1,79,0,0,0,36,0,0,43,1,10,2,5,10,3,0,0,1,1,1,2,1,0,27,1,0,1,0,0,2,0,1,1,0,0,1,1,4,0,4,0,0,3,1,0,0,0,18,6,1,0,1,0,2,2,3,7,0,2,23,127,0,0,3,0,3
3,3,0,0,8,1,32,0,27,1,2,0,18,13,16,0,9,5,0,0,0,0,5,15,1,0,0,1,0,1,2,1,0,0,0,0,0,0,0,0,4,1,0,3,1,0,2,33,1,0,0,0,0,34,0,2,0,5,13,0,0,2,0,0,0,6,0,0,32,0,0,0,6,1,0,0,0,0,0,0,0,1,0,3,0,0,0,1,0,8,1,0,0,202,0,0,5,0,0,111,1,0,0,0,49,2,0,569,0,0,0
0,7,2,5,0,1,1,4,3,2,0,40,7,0,0,2,0,0,16,10,54,26,1,0,1,0,91,18,6,0,366,1,826,0,6,1,259,188,0,271,2,0,18,44,6,34,0,0,0,0,1,37,24,1,44,52,76,0,1,625,37,0,25,7,74,3,8,85,0,321,9,16,0,0,9,0,24,908,391,23,4,0,0,0,0,0,0,18,4,0,0,7,51,0,5,2,0,10,10,0,13,45,11,0,0,5,35,0,1,44,43
0,2,0,1,0,0,0,11,1,4,0,15,0,0,0,0,0,0,53,0,18,205,0,0,0,0,0,0,0,0,4,99,0,159,1,0,0,29,0,1,0,0,0,0,11,74,0,0,0,0,0,10,106,0,0,5,67,1,0,1,10,0,0,3,27,0,82,56,0,0,0,18,0,0,0,0,4,2,1,0,71,0,58,0,134,0,0,2,0,0,0,117,13,0,0,11,0,0,219,0,1,269,38,0,0,0,33,0,0,3,232
0,0,0,0,50,0,256,0,25,0,0,0,102,16,1,0,16,0,0,0,0,0,2,312,12,0,1,0,0,59,0,0,0,0,0,0,0,0,3,0,0,0,0,0,0,0,0,9,3,11,0,0,0,2,0,0,0,0,8,0,0,4,0,0,0,0,0,0,0,0,0,0,2,3,0,14,0,0,0,0,0,3,0,2,0,24,2,0,0,21,773,0,0,65,0,0,0,0,0,68,1,0,0,1,3,1,0,326,0,0,0
19,1,1,0,0,0,0,1,1,0,1,0,13,0,365,0,5,123,0,2,2,1,4,1,0,0,89,5,0,0,0,0,0,0,1,1,0,0,0,0,5,1,0,1,7,0,0,0,68,2,0,0,0,1,3,1,0,0,26,1,0,0,0,0,2,1,0,1,8,0,0,5,1,249,0,43,2,0,1,1,0,49,0,0,1,1,0,0,2,0,5,0,0,2,1,0,0,0,2,59,0,0,0,0,0,0,0,4,0,0,0
9,5,0,0,2,0,50,1,9,0,0,0,0,175,6,0,0,1,0,1,0,0,8,3,3615,0,1,7,0,0,0,1,0,0,0,0,0,0,0,0,2,2,0,1,1,0,0,103,0,0,0,0,0,288,0,2,0,4,6,0,0,2081,0,0,0,4,0,0,6,0,0,0,0,1,0,0,0,0,0,0,0,2,0,3,0,0,0,0,1,3192,0,0,0,354,0,0,4,0,0,9,171,0,0,2,17,1,0,28,1,0,0
61,372,5,0,13,6,0,4,175,3,0,13,32,0,23,2,142,14,0,3,0,7,3,68,8,8,2,9,0,3,6,9,2,2,4,3,0,3,0,1,4,3,0,7,144,5,3,0,107,38,0,5,2,10,1,13,1,0,37,1,18,2,4,0,1,2,1,0,8,4,3,0,10,67,0,32,3,9,2,1,3,30,19,0,11,0,1,3,2,2,3,0,4,45,1,6,0,0,5,32,24,8,5,238,4,0,8,27,7,4,14
0,126,10,3,0,0,0,93,2,26,0,194,0,0,0,2,0,0,27,4,40,144,0,0,0,1,0,7,0,0,41,56,16,76,18,0,2,227,0,14,2,2,86,127,10,79,1,0,0,1,0,51,134,0,0,234,335,0,0,16,370,0,20,28,196,0,220,181,1,0,2,71,0,0,2,0,84,29,11,22,125,0,60,0,63,0,0,6,5,0,0,179,219,1,5,10,0,16,260,0,1,123,23,0,0,4,257,0,1,10,230
0,96,13,1,2,1,0,114,21,149,3,201,15,2,0,10,2,0,71,19,126,274,2,2,1,3,3,42,1,0,53,96,12,113,35,7,26,434,1,51,8,3,244,622,34,84,12,1,2,4,11,107,201,2,1,712,600,17,6,59,129,0,40,21,415,0,411,303,2,8,13,215,1,1,12,0,52,22,36,21,70,5,62,0,56,0,4,19,6,0,0,299,359,10,5,31,1,17,190,0,15,64,47,6,1,49,292,1,4,15,183
0,61,1,0,0,0,0,525,0,450,0,13,1,1,0,0,0,0,29,0,312,452,0,0,0,1,0,1,0,0,6,685,2,653,0,0,1,28,0,1,0,1,3,16,80,1,3,0,0,5,0,0,357,1,0,2,20,1,0,4,115,0,0,2,395,0,231,72,0,0,0,10,0,0,0,0,2,3,3,0,5,1,571,0,473,0,0,0,0,0,0,413,357,0,0,0,0,0,454,0,2,58,5,0,0,0,37,0,0,0,24
0,1,0,0,38,0,0,0,0,0,0,0,6,0,0,0,1,0,0,0,0,0,0,84,0,0,0,0,0,4,0,0,0,0,0,0,0,0,19,0,0,0,0,0,0,0,0,0,5,53,0,0,0,0,0,1,0,0,0,1,0,0,0,0,0,0,0,0,0,0,0,0,121,1,0,419,1,0,0,0,0,135,0,0,0,226,24,0,0,0,9,0,0,0,0,0,0,0,1,28,0,0,0,0,0,0,0,3,0,0,0
276,0,0,0,6,0,0,0,10,0,0,0,70,3,295,0,151,426,0,3,1,0,0,22,2,0,38,2,0,1,1,0,0,0,0,0,0,0,0,0,0,0,0,0,15,0,0,0,1145,2,0,1,0,0,0,1,1,0,4,0,0,2,1,0,0,0,2,0,11,0,0,0,6,914,0,249,2,0,0,1,2,155,0,0,3,6,2,0,0,0,26,1,1,28,1,0,0,0,0,88,0,0,0,0,2,1,0,37,0,1,0
5,1,1,0,29,7,1753,0,10,1,1390,0,55,1206,62,0,6,2,0,2,0,0,564,63,33,35,0,9,0,16,0,0,0,0,0,4,0,0,3,0,9,8,0,1,16,0,5,4169,2,5,18,0,0,95,6,0,0,348,154,0,0,7,0,0,0,4,0,0,9,0,1,0,97,0,0,1,0,0,0,0,0,40,1,1875,0,15,21,0,0,107,23,0,0,397,0,0,154,0,0,389,1,0,0,17,759,4,0,69,46,0,0
1,4,672,92,0,16,1,1,5,0,0,0,0,0,0,174,0,0,245,307,7,109,2,0,0,10,53,68,271,0,2,19,4,45,420,26,16,0,0,6,474,31,38,5,10,38,21,0,0,3,3,1,0,10,46,16,13,2,22,2,0,0,50,308,5,197,1,1,188,102,37,88,1,0,62,0,3,0,3,80,5,0,4,2,1,0,0,336,466,0,0,0,2,1,104,26,2,168,9,1,11,1,9,49,0,1,0,0,25,2,4
0,8,11,1,0,313,0,3,13,0,0,1,1,3,0,2,1,0,0,250,9,1,3,0,3,271,13,18,2,0,4,3,0,0,3,465,0,2,0,0,39,701,3,16,4,0,220,1,0,0,289,0,1,135,38,4,4,11,25,1,0,1,1,0,3,7,0,0,426,7,0,0,1,0,2,0,0,0,0,6,1,2,3,18,6,0,0,12,3,0,0,1,1,2,5,1,65,4,8,4,3,2,0,114,36,135,2,0,30,1,2
0,25,40,1,5,365,12,4,11,0,16,8,4,11,0,2,0,0,13,138,2,20,22,0,7,322,1,38,9,2,1,7,1,7,11,343,4,19,1,5,39,616,12,42,13,7,1022,2,0,8,1607,4,6,183,12,6,5,198,115,2,11,0,7,3,1,19,5,4,179,5,14,4,1,0,0,0,2,5,2,2,3,5,6,48,6,0,0,27,8,0,0,0,4,2,4,3,71,3,3,5,21,5,3,318,139,779,2,0,230,0,2
0,12,4,0,0,25,0,5,2,3,49,0,3,4,0,0,0,0,1,7,3,1,1,0,0,21,0,6,0,0,0,3,0,0,0,155,0,1,0,0,12,202,0,0,4,1,238,0,0,0,261,0,3,42,1,0,1,38,66,1,4,0,0,0,3,9,2,1,0,1,0,0,0,0,1,0,0,2,0,0,0,0,14,4,0,0,0,9,0,0,0,1,0,0,0,0,2,0,1,0,2,0,1,20,10,63,1,0,5,0,2
0,0,30,88,0,0,0,0,0,0,0,30,0,0,0,65,0,0,4,3,0,1,0,0,0,0,0,17,56,0,1,0,7,0,46,2,4,3,0,4,3,1,36,7,0,40,0,0,0,0,0,6,1,0,0,5,10,0,0,3,0,0,67,25,0,12,0,2,0,13,17,2,0,0,17,0,277,2,1,269,4,0,0,0,0,0,0,189,132,0,0,0,1,0,238,6,0,298,1,0,2,7,10,0,0,0,8,0,0,34,29
0,0,5,36,0,0,0,0,0,0,0,0,0,0,0,1,0,0,78,6,0,8,0,0,0,0,0,2,24,0,0,0,6,3,80,0,4,0,0,3,1,0,0,0,0,20,0,0,0,0,0,1,0,0,1,0,3,0,0,1,0,0,5,245,0,2,0,3,0,2,1,20,0,0,0,0,18,0,0,42,1,0,0,0,0,0,0,15,4,0,0,0,0,0,23,2,0,7,0,0,0,0,9,0,0,0,0,0,0,1,1
82,0,0,0,0,0,2,0,6,0,0,0,8,0,28,0,758,32,0,2,0,0,0,18,0,0,57,1,0,0,12,0,0,0,0,0,0,0,0,0,0,0,0,0,16,0,0,0,115,0,0,0,0,0,0,12,1,0,0,0,0,2,4,0,4,0,1,0,17,0,0,0,2,282,1,65,0,0,0,2,2,49,0,0,6,3,0,0,2,2,1,1,0,7,7,0,0,0,2,143,0,1,0,0,0,0,0,247,0,8,1
0,1,7,33,0,8,1,0,3,2,1,7,2,0,0,13,0,0,33,36,341,42,5,0,2,9,484,30,6,0,255,23,542,23,13,2,776,73,0,485,23,11,9,19,23,28,0,0,0,0,4,47,33,1,1014,9,21,1,4,293,4,0,40,15,45,4,3,72,14,102,59,19,0,0,29,0,19,171,462,47,6,1,0,3,17,0,0,27,1,0,0,3,1,0,53,14,0,35,26,0,11,28,26,8,0,3,4,0,3,60,17
0,0,0,0,574,0,1,0,9,0,0,0,10,0,2,0,2,0,0,0,0,0,0,47,0,0,0,0,0,1953,0,0,0,0,0,0,0,0,950,0,0,0,0,0,0,0,0,0,0,6,0,0,0,0,0,0,0,0,0,0,0,0,0,0,0,0,0,0,0,0,0,0,53,0,0,82,0,0,0,0,0,0,0,0,0,166,877,0,0,0,2723,0,0,2,0,0,0,0,0,6,0,0,0,0,0,0,0,7,0,0,0
0,0,0,0,606,0,0,0,4,0,0,0,68,0,0,0,0,0,0,0,0,0,0,604,0,0,0,0,0,3,0,0,0,0,0,0,0,0,6,0,0,0,0,0,1,0,0,0,0,8,0,0,0,0,0,0,0,0,0,0,0,0,0,0,0,0,0,0,0,0,0,0,27,0,0,9,0,0,0,0,0,2,0,0,0,737,93,0,0,0,63,0,0,0,0,0,0,0,0,0,0,0,0,0,0,0,0,6,0,0,0
1,0,0,0,4,0,2,0,5,1,0,0,90,3,14,0,483,1,0,0,0,0,3,144,4,0,0,0,0,9,1,0,0,0,0,0,0,0,16,0,0,0,0,1,4,0,0,0,161,7,0,0,0,0,0,9,3,0,2,0,0,1,0,0,2,0,1,0,0,0,0,2,31,189,0,1695,3,0,0,0,1,249,0,0,1,32,38,0,0,1,46,1,0,26,0,0,0,0,0,205,0,0,0,0,0,0,0,47,0,0,0
0,0,0,0,6,0,151,0,4,0,0,0,3,37,1,0,8,1,0,0,0,0,5,39,2,0,0,1,0,92,0,0,0,0,0,0,0,0,3,0,0,0,0,0,0,0,0,32,2,5,0,0,0,2,0,0,0,1,15,0,0,0,0,0,0,0,0,0,1,0,0,0,0,5,0,36,0,0,0,0,0,3,0,6,0,4,0,0,0,10,139,0,0,29,0,0,1,0,0,73,0,0,0,0,8,0,0,16,0,0,0
0,0,2,4,0,0,0,3,1,1,0,6,0,0,0,10,0,0,8,7,0,11,0,0,0,0,2,2,14,0,4,0,1,0,21,0,1,18,0,3,1,0,44,12,0,8,0,0,0,0,0,3,1,0,2,40,39,0,0,7,0,0,7,31,8,0,4,4,0,0,0,27,0,0,11,0,10,1,0,8,2,0,0,0,0,0,0,5,22,0,0,6,21,0,20,0,0,23,10,0,0,4,1,0,0,0,14,0,0,3,14
0,36,61,0,0,0,0,148,0,89,0,19,1,0,0,2,0,0,2,14,16,6,0,0,0,0,0,24,3,0,13,33,17,4,17,5,1,148,0,11,66,16,20,136,0,24,2,0,0,0,1,4,36,2,11,36,16,2,1,37,103,0,7,6,142,14,17,43,0,12,0,0,0,0,8,0,46,18,6,35,1,0,30,0,37,0,0,35,18,0,0,35,160,0,46,0,0,44,202,0,4,128,1,1,1,6,30,0,1,1,135
0,3,20,0,37,103,218,1,15,2,5,0,52,17,0,0,5,0,0,2,0,0,28,15,2,48,0,26,8,17,0,1,4,0,3,4,1,3,1,2,42,60,4,11,0,0,2,21,1,57,8,2,0,99,109,3,0,51,115,0,3,0,0,1,0,19,0,0,18,4,0,0,2,1,0,3,0,0,2,1,0,6,0,73,0,1,0,4,5,4,43,0,0,21,1,0,180,0,1,48,3,1,0,156,41,12,0,26,34,1,0
0,4,62,16,0,1,0,0,1,0,0,0,1,0,0,0,0,1,5,183,1,3,0,0,0,2,37,21,131,0,4,0,3,3,101,3,7,0,0,2,141,12,3,6,2,1,6,0,0,0,0,0,0,15,35,7,7,4,4,2,1,0,10,396,10,1142,0,0,380,10,0,11,0,0,30,0,1,4,1,9,1,0,0,0,4,0,0,12,27,0,0,0,2,0,15,0,4,3,1,0,0,2,0,3,1,1,0,3,0,0,2
0,113,2,0,0,2,0,254,0,50,0,10,1,0,0,0,0,0,0,2,2,8,3,0,0,0,0,0,0,0,74,183,0,13,0,0,0,8,0,0,1,2,0,4,3,0,3,0,0,162,0,0,9,0,0,1,0,6,1,60,113,0,3,0,45,0,1,0,3,0,0,0,8,0,0,2,4,0,0,0,4,53,107,0,41,0,0,0,0,0,0,15,114,0,0,0,0,0,34,1,0,1,0,77,0,0,10,0,1,2,0
0,0,0,0,296,1,4,0,8,0,0,0,9,3,0,0,0,1,0,0,0,0,6,7,0,0,0,11,0,1281,0,0,0,0,0,0,0,0,1130,0,0,0,1,3,8,0,0,2,0,56,0,0,0,3,0,1,0,4,32,0,0,0,0,0,0,0,0,0,0,0,0,0,68,0,0,36,0,0,0,0,0,1,0,1,0,143,147,0,0,0,458,0,0,2,0,0,0,0,0,23,1,0,0,14,2,0,0,4,0,0,0
0,0,0,0,39,0,0,0,1,0,0,0,6,0,0,0,0,0,0,0,0,1,0,4,0,0,0,0,0,2,0,0,0,0,0,0,0,0,4,0,0,0,0,0,1,0,0,1,0,26,1,0,0,0,0,0,0,0,0,0,0,0,0,0,0,0,0,0,0,0,0,0,6,0,0,0,0,0,0,0,0,1,0,0,0,49,2,0,0,0,1,0,0,0,0,0,0,0,0,0,0,0,0,4,0,0,0,0,1,0,0
