0.69161,0.89489,0.78741,0.4072,0.58156,0.48836,0.79345,0.532,0.54785,0.72226,0.74247,0.47797,0.32073,0.64637,0.69829,0.33567,0.65222,0.59529,0.56425,0.67254,0.45794,0.38454,0.87177,0.67042,0.98231,0.67978,0.56682,0.60769,0.33201,0.65381,0.55435,0.62768,0.46347,0.62586,0.29442,0.70644,0.64372,0.30737,0.70061,0.43649,0.4121,0.36015,0.2314,0.40774,0.29298,0.33362,0.66931,0.70786,0.78954,0.69781,0.46254,0.25362,0.55859,0.88953,0.7761,0.3936,0.17033,0.7188,0.3716,0.22732,0.55116,0.97487,0.18932,0.61964,0.50542,0.82584,0.36869,0.22025,0.52012,0.55896,0.4233,0.38668,0.58223,0.59733,0.70471,0.79076,0.64377,0.79812,0.60677,0.30311,0.26232,0.26034,0.55072,0.86939,0.31022,0.81845,0.77929,0.30976,0.23419,0.99463,0.66254,0.43299,0.67042,0.75485,0.29436,0.53171,0.7931,0.18962,0.48233,0.40635,0.96464,0.494,0.43645,0.41864,0.46847,0.5403,0.23311,0.71319,0.58788,0.32886,0.5912
0.57402
0,0,0,430,0,0,0,0,0,0,0,13,0,0,0,335,0,0,254,0,0,2,0,0,0,0,0,0,15,0,2,0,15,0,6,0,23,0,0,56,20,0,7,0,28,122,0,0,0,0,0,1,0,0,0,2,8,0,0,1,0,0,104,5,0,0,0,1,0,17,208,45,0,0,6,0,553,4,20,0,1,0,0,0,0,0,0,59,77,0,0,0,0,0,62,124,0,130,0,0,0,20,5,0,0,0,0,0,0,245,38
0,0,0,12,0,0,0,6,0,1,0,575,0,0,0,41,0,0,1,0,0,1,0,0,0,0,0,0,0,0,0,7,1,4,1,0,0,5,0,3,16,1,0,13,28,388,0,0,0,0,0,315,2,0,0,1,54,0,0,3,0,0,88,0,1,0,58,247,0,1,24,25,0,0,0,0,3,0,4,1,298,0,5,0,8,0,0,1,21,0,0,41,0,0,0,47,0,0,0,0,0,535,388,0,1,11,27,0,0,38,645
20,1,0,65,1,4,0,0,3,1,1,63,1,4,29,115,0,2,39,4,1,17,0,0,3,3,0,1,25,2,0,0,15,1,8,1,9,10,0,13,65,11,135,59,40,161,0,1,1,2,1,6,2,2,0,92,108,0,1,0,0,1,128,2,33,0,3,24,3,3,125,51,0,3,5,5,19,2,8,3,10,0,1,3,7,1,0,51,274,0,1,1,0,4,55,96,25,148,0,2,4,64,41,0,0,51,11,5,0,63,70
0,0,0,266,0,0,0,0,0,0,0,0,0,0,0,134,0,1,483,3,0,59,0,0,0,0,2,0,127,0,2,0,1,0,179,0,140,0,0,5,48,0,16,1,45,8,0,0,0,0,0,1,0,0,1,2,8,0,0,0,0,0,22,216,0,3,0,0,0,13,66,109,0,0,5,0,108,1,7,1,0,0,0,0,0,0,0,381,40,0,0,0,0,0,172,38,0,171,0,0,0,0,2,0,0,0,0,0,1,50,0
0,0,0,48,0,0,0,0,0,0,0,20,0,0,0,128,0,0,1,0,0,0,0,0,0,0,0,0,2,0,0,0,1,1,1,0,1,0,0,1,20,0,0,1,0,105,0,0,0,0,0,1,0,0,0,0,4,0,0,0,0,0,195,0,0,0,1,8,0,0,7,1,0,0,0,0,5,2,0,0,5,0,0,0,0,0,0,6,49,0,0,0,0,0,13,2,0,28,0,0,0,22,3,0,0,0,0,0,0,27,20
0,0,17,18,0,18,2,0,3,0,0,20,0,2,2,31,0,0,15,41,25,16,0,0,0,16,6,0,152,0,2,0,18,0,51,20,8,34,0,21,113,26,256,196,72,44,8,1,0,2,0,14,1,0,2,677,147,0,3,1,1,0,71,23,28,20,4,16,1,17,23,12,2,0,27,0,18,9,12,13,11,0,3,1,17,0,0,129,187,0,0,7,2,0,183,23,4,145,1,0,1,33,18,0,0,175,9,2,4,22,11
0,0,0,86,0,0,0,0,0,0,0,12,0,0,0,77,0,0,11,0,0,17,0,0,0,0,0,0,0,0,0,4,2,18,0,0,6,1,0,11,0,0,5,2,288,54,0,0,0,0,0,1,1,0,0,0,51,0,0,0,0,0,8,0,6,0,23,7,0,0,447,418,0,0,0,0,14,2,2,0,0,0,1,0,1,0,0,0,40,0,0,14,0,0,1,545,0,6,0,0,0,49,75,0,0,3,8,0,0,28,45
0,0,0,0,0,0,0,3,1,2,0,0,1,1,0,1,121,2,0,2,2,0,0,0,0,0,0,1,5,0,3,0,0,0,0,0,0,0,0,0,0,0,2,0,0,0,0,0,2,0,0,0,0,0,0,1,1,0,1,1,1,0,0,5,0,0,0,0,11,0,0,7,1,46,7,3,1,0,0,0,1,0,1,0,0,0,1,0,0,0,1,7,1,0,0,0,1,2,0,43,1,0,0,0,0,1,0,0,0,0,0
42,7,9,0,7,121,214,0,10,0,587,0,15,81,136,0,2,10,0,52,5,0,193,3,3,11,30,0,1,4,0,1,2,0,1,27,1,0,3,0,0,23,0,0,0,0,20,440,0,22,18,0,0,13,12,0,0,489,615,0,1,3,0,10,2,11,0,0,27,0,0,0,7,1,0,4,0,2,2,1,0,25,0,1744,0,7,2,0,0,7,3,0,0,423,0,0,1403,1,0,25,11,0,0,251,989,0,1,20,11,0,0
0,0,0,0,42,0,0,0,0,0,0,0,281,0,0,0,3,0,0,0,0,0,0,184,0,0,0,0,0,0,0,0,0,0,0,0,0,0,0,0,0,0,0,0,0,0,0,0,1,0,0,0,0,0,0,0,0,0,0,0,0,0,0,0,0,0,0,0,0,0,0,0,4,0,0,15,0,0,0,0,0,256,0,0,0,18,10,0,0,0,7,0,0,0,0,0,0,0,0,1,0,0,0,0,0,0,0,0,0,0,0
4,2,0,0,3,0,0,0,79,0,0,2,143,1,12,0,69,18,0,6,1,0,0,2,5,0,0,5,0,3,5,0,1,0,0,1,0,4,0,0,1,1,0,2,0,0,0,1,11,0,0,1,0,3,0,2,0,1,0,76,0,0,1,1,5,0,0,2,9,1,0,0,0,116,0,225,3,1,0,4,0,20,0,0,3,3,7,1,0,0,7,0,4,1,1,0,1,2,1,229,10,1,0,3,1,1,1,15,0,1,0
8,1,19,0,0,310,13,9,6,3,0,2,2,1,9,0,27,2,0,7,1,1,0,0,1,4,2,6,0,7,1,2,0,0,0,7,0,3,3,0,0,5,1,18,1,1,10,36,1,1,1,0,0,5,1,33,7,9,35,0,1,1,0,0,6,0,1,3,76,0,0,0,6,36,0,21,0,0,1,0,1,1,3,25,3,0,2,0,3,3,7,6,1,13,0,1,31,1,1,896,2,12,0,101,23,6,12,16,14,0,1
0,15,9,0,0,56,1,2,6,1,4,0,2,1,11,0,1,0,0,10,2,0,10,0,0,6,7,0,0,0,0,0,13,2,1,6,2,10,0,0,1,0,0,10,0,1,7,1,0,14,10,0,3,0,4,0,2,3,175,3,2,0,1,1,9,0,0,1,0,229,0,0,1,1,0,1,0,6,3,4,0,1,1,21,6,2,0,1,0,0,0,3,5,0,0,0,2,2,3,0,0,0,0,813,5,1,4,3,244,0,0
0,0,1,8,0,0,0,7,0,0,0,270,0,0,0,28,0,0,2,0,3,29,0,0,0,1,1,1,3,0,46,9,99,14,4,0,9,67,0,43,116,5,23,50,46,171,0,0,0,0,0,298,16,0,1,20,122,0,0,210,2,0,146,0,23,0,84,285,0,12,18,27,0,0,1,0,7,34,38,18,266,0,4,0,95,0,0,6,127,0,0,81,2,0,11,39,0,23,10,0,0,217,149,0,0,91,77,0,0,43,191
0,0,30,6,0,0,0,0,1,0,0,0,0,0,0,2,1,0,2,42,0,13,0,0,1,0,1,0,391,0,1,0,0,0,32,0,4,0,0,0,12,0,10,0,5,0,0,0,0,0,0,0,0,0,0,3,1,0,0,0,0,0,2,37,0,5,0,0,0,1,0,7,0,0,0,0,3,0,0,1,0,0,1,0,0,0,0,88,6,0,0,0,0,0,214,1,0,21,0,0,0,0,0,0,0,2,0,0,0,2,0
0,1,0,0,0,2,0,1,0,1,0,3,0,2,0,0,0,0,0,6,0,0,0,0,0,130,0,3,0,0,0,0,0,0,1,8,0,2,0,1,1,226,2,32,2,0,110,0,0,0,22,0,1,0,0,9,1,0,5,0,0,0,0,4,2,0,0,0,74,0,0,0,0,0,1,0,0,0,0,1,0,0,1,1,9,0,0,2,1,0,0,0,0,1,0,0,4,1,2,1,0,1,1,2,2,14,2,0,18,0,0
915,0,0,0,0,9,7,1,5,0,2,0,4,15,36,0,2,2,0,12,3,0,1,0,2,0,0,1,0,3,1,0,0,0,0,0,0,0,0,0,0,26,2,2,0,0,1,4,2,1,1,0,0,2,2,1,0,4,1,0,0,3,0,26,1,3,0,0,16,0,0,0,2,1,0,0,0,1,0,0,0,0,0,0,0,1,1,0,0,0,2,0,1,46,1,0,3,0,0,13,3,0,0,0,42,1,1,24,0,0,1
0,0,4,7,2,2,0,1,0,1,0,26,0,0,0,4,0,0,0,2,528,5,0,0,0,2,100,0,3,0,232,2,628,5,8,1,252,43,0,546,7,11,9,39,20,7,0,0,0,0,0,8,18,0,9,24,24,0,0,238,4,0,2,3,45,6,2,19,0,621,10,3,0,0,212,0,23,680,753,5,9,0,7,1,43,0,0,10,6,0,0,4,0,0,5,3,0,7,29,1,0,11,24,0,0,24,16,0,2,19,1
0,0,0,0,0,0,0,185,1,16,0,5,0,0,0,1,0,0,0,0,1,51,0,0,0,0,0,9,0,0,0,134,2,85,0,0,0,23,0,1,5,0,0,9,36,3,0,0,0,1,0,37,68,0,0,0,25,0,0,0,1,0,5,0,70,0,358,100,0,0,21,22,0,0,0,0,0,0,1,6,47,0,66,0,46,0,0,0,1,0,0,504,12,0,0,27,0,0,34,0,0,9,23,0,0,5,215,0,0,2,9
16,0,0,0,1,20,15,0,2,0,2,0,12,6,3,0,26,0,0,0,0,0,2,0,2,0,0,0,0,6,0,0,0,0,0,0,0,0,7,0,0,1,0,0,0,0,0,10,3,0,0,0,0,2,0,0,0,5,0,0,0,1,0,0,0,0,0,0,0,0,0,0,1,2,0,2,0,0,0,0,0,4,0,0,0,5,2,0,0,1,3,0,0,14,0,0,0,0,0,66,3,0,0,0,9,0,0,1947,0,0,0
0,1,0,0,2,0,0,0,3,0,2,0,5,0,5,0,19,674,0,48,16,0,0,1,0,0,1,2,1,2,0,0,0,0,0,1,0,2,0,0,2,0,0,0,0,1,0,0,102,1,0,0,0,0,1,0,0,0,0,18,0,0,0,0,0,0,0,0,6,0,0,0,3,230,4,9,0,0,0,2,0,2,0,1,0,0,4,0,0,0,0,2,1,0,0,0,0,1,0,11,1,0,0,0,3,1,0,1,0,0,0
35,4,0,0,0,3,14,0,18,0,3,0,1,422,106,0,0,3,0,3,0,0,1,0,2055,0,0,2,0,1,0,0,0,0,0,1,0,0,0,0,0,22,0,3,0,0,1,5,0,1,0,0,0,620,0,0,0,6,0,0,0,1358,0,3,0,3,0,0,7,1,0,0,0,0,0,0,0,0,0,1,0,0,0,0,0,0,0,1,0,3147,0,0,0,24,0,0,43,0,0,7,2237,0,0,2,6,0,1,9,0,0,0
26,630,4,0,1,9,0,7,727,4,0,2,6,0,2,2,13,37,0,7,6,1,0,1,0,0,1,164,0,2,1,2,0,4,4,6,0,4,0,2,4,1,2,17,0,14,3,0,49,26,3,15,0,3,0,2,2,0,4,1,6,1,4,3,0,0,1,2,6,8,1,1,0,25,0,16,0,5,2,10,6,4,13,0,7,4,0,3,0,0,1,1,5,0,4,3,0,1,1,17,11,9,0,20,4,7,6,14,2,0,5
0,0,10,0,1,1,0,113,0,40,0,70,0,0,0,0,0,0,1,0,14,43,0,0,0,1,1,40,5,0,29,122,40,75,1,0,1,417,0,19,85,7,100,151,19,22,2,0,0,1,5,178,86,0,1,112,102,0,0,91,404,0,37,0,234,0,184,279,0,1,3,13,0,0,6,0,2,37,14,129,225,0,93,0,347,0,0,4,41,0,0,155,76,0,12,4,0,7,171,0,0,31,35,1,0,239,210,0,1,27,14
0,3,13,1,12,11,0,182,6,151,5,81,0,2,5,2,0,0,0,8,67,56,3,0,0,63,2,66,2,1,9,131,87,137,11,5,21,446,1,51,58,102,160,632,63,20,24,5,2,7,45,309,161,0,3,636,217,6,4,6,44,0,37,2,746,1,139,244,5,9,9,27,1,2,16,0,2,23,18,237,200,0,135,1,416,1,0,7,35,0,0,170,151,0,6,9,3,21,142,0,0,39,60,10,3,838,276,0,5,38,16
0,2,2,0,0,0,0,690,1,944,0,1,0,0,0,0,0,0,0,0,3,26,0,0,0,1,0,680,0,0,6,848,3,726,0,0,2,63,0,1,4,11,4,3,6,0,1,0,0,20,4,21,696,0,1,1,9,0,0,6,54,0,0,0,109,0,69,21,2,0,0,1,0,0,1,0,0,1,0,133,21,0,532,0,37,0,0,0,0,0,0,118,775,0,0,1,0,0,80,0,2,0,0,1,0,5,197,0,0,4,0
0,1,0,0,40,0,0,0,0,0,0,0,454,0,0,0,10,0,0,0,0,0,0,94,0,0,0,0,0,0,2,0,0,0,0,0,0,1,0,0,0,0,0,0,0,0,0,0,4,0,0,0,0,1,0,1,0,0,0,171,0,0,0,0,0,0,0,1,0,0,0,0,10,1,0,35,0,0,0,0,0,310,0,0,0,31,5,0,0,0,5,0,0,0,0,0,0,0,0,0,0,0,0,3,0,0,0,1,0,0,0
9,0,0,0,59,0,0,1,26,0,2,1,42,0,19,0,28,1162,0,6,2,0,2,3,3,0,0,4,2,10,1,0,0,0,0,0,1,0,0,0,1,1,0,0,0,0,0,0,1283,0,0,1,0,7,0,0,1,2,0,1,1,3,0,1,0,0,0,0,22,0,0,0,4,1117,0,30,1,0,0,1,0,12,0,0,0,2,42,0,0,0,18,0,0,0,0,0,0,0,0,72,0,0,0,0,1,1,0,10,0,0,0
217,2,2,0,8,26,1479,0,6,0,1848,0,102,1051,979,0,10,14,0,9,0,0,1516,5,7,5,7,0,0,11,0,0,0,0,0,8,0,0,9,0,0,35,0,0,0,0,8,1558,10,7,6,0,0,18,5,0,0,1480,209,0,0,17,0,2,1,6,0,0,9,1,0,0,14,2,1,12,0,0,0,0,0,74,1,178,0,5,2,1,0,6,11,0,0,1672,0,0,126,0,0,59,6,0,0,98,1107,0,0,47,15,0,0
1,3,1326,37,0,47,10,4,1,2,0,1,0,1,0,28,0,0,7,916,5,373,0,0,0,9,9,2,501,0,8,42,1,32,112,22,17,4,0,4,70,4,309,34,143,2,18,0,0,130,3,0,0,0,7,12,45,0,13,0,0,0,18,77,39,83,6,1,12,12,33,136,1,0,2,0,16,0,2,7,2,0,7,0,1,0,0,222,41,0,0,6,2,0,428,39,2,63,1,1,1,1,0,40,0,3,11,0,23,10,2
1,1,15,0,0,48,20,8,2,1,0,1,0,2,1,1,0,0,1,8,2,0,0,0,1,275,14,2,1,0,5,0,2,1,6,1273,1,1,0,0,1,257,3,14,1,0,176,2,0,0,159,1,0,0,27,3,1,0,118,0,1,0,1,4,3,8,1,0,853,0,0,0,0,1,9,0,0,0,1,3,2,0,6,0,1,0,0,1,1,0,0,4,3,0,10,0,26,2,0,2,8,2,1,22,12,4,3,3,351,5,0
1,4,49,0,2,106,18,9,6,2,5,2,2,20,2,1,0,0,0,19,2,6,3,0,1,1331,5,3,5,0,0,3,10,3,14,324,2,5,4,3,7,488,2,48,6,1,1437,17,0,16,747,5,1,0,12,4,8,12,417,1,1,0,5,3,3,8,5,2,476,13,5,1,3,0,1,0,2,1,1,3,4,4,8,22,4,4,1,6,0,0,0,3,2,0,6,4,13,6,2,1,2,2,1,351,61,5,3,8,1077,3,0
0,4,4,0,0,0,3,3,0,1,19,0,0,1,1,0,0,0,0,2,0,0,0,0,0,89,3,1,0,0,0,0,0,3,0,46,0,1,0,0,0,44,0,3,0,0,310,0,0,4,585,1,1,0,5,0,0,7,26,0,0,0,0,2,1,6,0,0,2,1,0,0,0,0,0,0,0,0,0,5,2,0,7,0,0,0,0,0,0,0,0,2,0,0,0,0,3,1,2,0,7,0,0,21,65,0,4,1,34,1,0
0,0,13,24,0,0,1,0,0,0,0,7,0,0,0,35,0,0,4,1,0,13,0,0,0,0,0,0,197,0,1,0,5,0,114,0,1,4,0,5,511,0,6,22,4,17,0,0,0,0,0,3,0,0,0,12,61,0,0,0,0,0,141,11,0,3,1,3,0,1,13,10,0,0,1,0,32,0,3,2,1,0,0,0,7,0,0,175,160,0,0,1,0,0,204,1,0,212,0,0,0,6,10,0,0,4,1,0,0,64,8
0,0,0,2,0,0,0,0,0,0,0,0,0,0,0,2,0,0,7,0,0,138,0,0,0,0,1,0,1,0,0,1,0,8,285,0,3,0,0,3,5,0,2,1,23,2,0,0,0,0,0,0,0,0,0,0,93,0,0,0,0,0,1,0,0,0,0,0,0,0,11,66,0,0,0,0,3,0,0,0,0,0,0,0,0,0,0,3,3,0,0,0,0,0,5,8,0,3,0,0,0,0,1,0,0,0,0,0,0,3,0
0,0,0,2,7,0,0,3,286,1,0,3,6,2,1,0,1174,15,0,4,1,0,0,3,3,0,0,3,1,1,1,0,0,0,0,0,0,0,0,0,0,1,1,0,0,0,0,0,81,0,0,0,0,4,0,4,2,0,0,0,0,4,0,1,1,0,1,0,0,0,1,2,0,211,1,13,5,0,0,0,0,3,1,0,1,0,1,1,0,0,0,6,3,1,0,0,0,1,0,123,0,6,0,0,0,2,0,13,0,0,0
0,0,12,33,0,9,3,4,0,1,1,13,0,0,0,27,0,1,4,6,444,18,6,0,0,3,492,2,4,0,561,8,385,17,12,12,963,25,0,622,11,8,16,13,57,9,1,2,0,2,1,0,171,0,617,5,18,0,10,7,0,0,8,4,9,11,10,6,5,138,18,11,0,0,778,0,18,30,324,1,0,0,7,2,23,0,0,30,7,0,0,7,3,0,6,7,1,16,9,0,1,6,48,14,0,2,12,0,6,26,10
0,0,0,0,1009,0,0,0,0,0,0,0,20,0,2,0,5,0,0,0,0,0,0,13,0,0,0,0,0,1373,0,0,0,0,0,0,0,0,1259,0,0,0,0,1,0,0,0,1,1,0,0,0,0,0,0,0,0,0,0,0,0,0,0,0,0,0,0,0,0,0,0,0,755,0,0,37,0,0,0,0,0,108,0,0,0,44,1603,0,0,0,1178,0,0,0,0,0,0,0,0,13,0,0,0,0,0,0,0,48,0,0,0
0,0,0,0,59,0,0,0,0,0,0,0,30,0,0,0,1,0,0,0,0,0,0,655,0,0,0,0,0,0,0,0,0,0,0,0,0,0,5,0,0,0,0,0,0,0,0,0,0,0,0,0,0,0,0,0,0,0,0,0,0,0,0,0,0,0,0,0,0,0,0,0,13,0,0,1,0,0,0,0,0,340,0,0,0,1091,34,0,0,0,7,0,0,0,0,0,0,0,0,0,0,0,0,0,0,0,0,1,0,0,0
15,3,0,0,27,0,0,1,123,1,0,3,560,3,31,0,257,8,0,1,2,0,0,6,4,0,0,2,0,12,0,0,0,0,0,0,0,1,0,0,0,0,0,2,0,0,0,0,71,0,0,0,0,11,0,4,0,0,0,8,0,0,0,1,7,0,0,0,1,1,4,0,7,71,0,1780,1,0,1,1,0,61,0,0,1,7,22,0,1,0,31,1,2,0,0,1,0,0,0,348,8,0,0,1,0,0,1,22,0,1,0
2,0,0,0,1,11,23,0,2,0,2,0,12,3,5,0,13,0,0,0,0,0,0,1,1,0,0,0,0,32,0,0,1,0,0,0,0,0,22,0,0,0,0,0,0,0,0,51,0,0,0,0,0,4,0,0,0,21,0,0,0,1,0,0,0,0,0,0,0,0,0,0,4,0,0,19,0,0,0,0,0,4,0,0,0,0,7,0,0,0,12,0,0,8,0,0,1,0,0,228,0,0,0,2,13,0,0,235,0,0,0
0,0,2,2,0,0,0,0,0,1,0,2,0,0,0,3,0,0,8,1,2,27,1,0,0,0,0,0,31,0,4,0,3,1,8,0,0,23,0,4,8,1,43,23,8,4,1,0,0,0,0,5,0,0,0,33,53,0,0,2,0,0,0,2,7,1,6,10,0,1,6,3,0,0,5,0,7,1,3,6,2,0,0,0,28,0,0,13,33,0,0,3,0,0,17,1,0,18,18,0,0,2,1,0,0,17,10,0,0,7,0
0,1,18,1,0,3,0,29,0,61,0,5,0,0,0,0,0,0,0,22,8,7,0,0,0,2,1,31,14,0,10,10,16,3,37,2,1,238,0,8,40,23,9,129,3,1,2,0,0,1,2,12,12,0,8,12,27,0,0,9,66,0,3,8,65,27,13,7,1,6,0,0,0,0,5,0,6,6,13,341,11,0,23,0,222,0,0,20,11,0,0,10,57,0,30,0,0,64,505,0,0,5,2,6,0,33,58,0,0,8,3
9,2,23,0,3,818,40,1,3,1,6,0,1,4,1,0,13,0,0,6,1,1,1,0,0,1,169,1,1,4,0,0,2,0,3,26,0,3,6,0,0,10,1,8,0,0,4,66,1,2,1,0,0,1,52,3,0,12,16,1,0,0,0,4,0,8,0,0,7,0,0,0,2,4,1,2,1,0,1,1,0,2,2,6,0,1,0,1,1,0,2,3,0,8,1,0,72,0,1,35,0,0,0,159,16,0,0,257,16,0,1
2,1,102,8,0,12,0,1,0,0,0,0,0,0,0,0,0,0,16,107,3,50,0,0,0,3,13,1,19,0,20,1,0,8,68,5,28,0,0,2,0,3,339,8,38,0,2,0,0,0,1,0,3,0,24,7,72,0,0,0,0,0,0,751,18,1010,0,0,8,1,3,83,0,0,9,0,6,1,0,10,0,0,1,0,4,0,0,7,4,0,0,2,1,0,6,1,5,13,1,0,0,0,1,1,0,2,0,0,5,2,0
0,4,0,0,0,0,0,26,0,70,0,0,0,0,0,0,0,0,0,1,3,0,0,0,0,1,0,86,0,0,59,23,2,12,0,0,0,11,0,0,8,1,0,1,1,5,1,0,0,605,0,8,3,0,0,0,0,0,2,187,143,0,2,0,2,0,1,5,1,2,0,0,0,0,0,0,0,3,7,174,11,0,36,0,4,0,0,0,0,0,0,2,47,0,1,0,0,1,33,0,0,0,0,4,0,2,7,0,2,6,0
0,10,0,0,433,28,1,0,0,0,0,0,33,1,3,0,5,1,0,0,0,0,0,4,0,0,0,0,0,626,0,0,0,0,0,0,0,0,477,0,0,0,0,3,0,0,0,0,0,0,0,0,0,1,0,2,0,1,0,2,0,0,0,0,0,0,0,0,0,0,0,0,1186,0,0,21,0,0,0,0,0,46,0,0,0,42,309,0,0,0,481,0,0,0,0,0,0,0,0,11,0,0,0,12,0,0,0,28,0,0,0
0,1,0,0,15,1,0,0,0,0,0,0,11,0,1,0,0,0,0,0,0,0,0,2,0,1,0,0,0,0,0,1,0,0,0,0,0,0,1,0,0,0,0,0,0,0,0,0,0,1,0,0,0,0,0,0,0,1,0,3,0,0,0,0,0,0,0,0,0,0,0,0,10,0,0,0,0,0,0,0,0,29,0,0,0,64,2,0,0,0,1,0,0,0,0,0,0,0,0,0,0,0,0,4,0,0,0,0,1,0,0
