0.69371,0.89205,0.78401,0.41021,0.58055,0.48836,0.7942,0.53082,0.54751,0.72104,0.74239,0.47957,0.32264,0.645,0.69537,0.33367,0.65097,0.59397,0.56557,0.67353,0.45866,0.38287,0.87572,0.67492,0.98232,0.68039,0.56667,0.6066,0.33422,0.65207,0.55412,0.62426,0.46548,0.62957,0.29278,0.70961,0.64233,0.30695,0.70346,0.43728,0.41172,0.36203,0.22724,0.41096,0.29641,0.33077,0.67023,0.70809,0.79151,0.69907,0.46249,0.25444,0.55904,0.88953,0.77278,0.39627,0.16978,0.71782,0.37643,0.22593,0.55252,0.9748,0.18804,0.62252,0.50709,0.82612,0.36896,0.22102,0.51951,0.55896,0.42344,0.38512,0.58153,0.59925,0.7038,0.78413,0.64603,0.79836,0.6045,0.29823,0.26232,0.2609,0.55119,0.8698,0.3097,0.81479,0.77697,0.30976,0.23333,0.99432,0.66347,0.43501,0.67244,0.75564,0.29841,0.5332,0.79465,0.18883,0.48375,0.40514,0.9659,0.49079,0.43891,0.4186,0.46582,0.54005,0.23006,0.71298,0.58636,0.32617,0.5912
0.57394
0,0,0,434,0,0,0,0,0,0,0,13,0,0,0,334,0,0,254,0,1,2,0,0,0,0,0,0,15,0,1,0,15,0,6,0,23,0,0,55,20,0,7,0,28,124,0,0,0,0,0,1,0,0,0,2,8,0,0,1,0,0,104,5,0,0,0,1,0,17,207,45,0,0,6,0,553,4,20,0,1,0,0,0,0,0,0,58,76,0,0,0,0,0,62,124,0,131,0,0,0,20,5,0,0,0,0,0,0,243,38
0,0,0,12,0,0,0,6,0,1,0,575,0,0,0,42,0,0,1,0,0,1,0,0,0,0,0,0,0,0,0,7,1,4,1,0,0,5,0,3,16,1,0,13,28,387,0,0,0,0,0,315,2,0,0,1,55,0,0,3,0,0,87,0,1,0,58,249,0,1,24,25,0,0,0,0,3,0,4,1,298,0,5,0,8,0,0,1,21,0,0,41,0,0,0,47,0,0,0,0,0,533,388,0,1,11,27,0,0,38,645
19,1,0,64,1,3,1,0,3,1,1,63,1,8,27,117,1,2,39,4,1,18,0,0,4,3,0,1,26,2,0,0,15,0,7,1,8,10,0,15,64,12,136,57,39,162,0,1,0,1,1,5,2,3,0,93,108,0,1,0,0,1,131,2,32,0,3,24,3,4,124,51,0,3,5,7,19,2,8,4,11,0,1,3,7,1,0,50,273,0,1,1,0,4,56,96,24,150,0,1,2,63,40,0,0,50,11,5,0,62,68
0,0,0,265,0,0,0,0,0,0,0,0,0,0,0,134,0,1,483,3,0,59,0,0,0,0,2,0,129,0,2,0,1,0,180,0,143,0,0,6,48,0,16,1,44,8,0,0,0,0,0,1,0,0,1,2,8,0,0,0,0,0,22,215,0,3,0,0,0,13,65,107,0,0,6,0,106,1,7,1,0,0,0,0,0,0,0,381,39,0,0,0,0,0,172,38,0,172,0,0,0,0,1,0,0,0,0,0,1,51,0
0,0,0,48,0,0,0,0,0,0,0,20,0,0,0,128,0,0,1,0,0,0,0,0,0,0,0,0,2,0,0,0,1,1,1,0,1,0,0,1,20,0,0,1,0,106,0,0,0,0,0,1,0,0,0,0,4,0,0,0,0,0,195,0,0,0,1,8,0,0,6,1,0,0,0,0,5,2,0,0,5,0,0,0,0,0,0,6,49,0,0,0,0,0,13,2,0,28,0,0,0,22,3,0,0,0,0,0,0,27,20
0,0,14,19,0,14,3,0,3,0,0,20,0,2,2,32,0,0,14,44,25,16,0,0,0,16,6,1,147,0,2,0,19,0,55,19,9,35,0,19,111,28,258,195,73,44,7,1,0,2,0,13,0,0,3,680,147,0,3,1,1,0,70,24,31,20,4,16,1,17,25,10,3,0,26,0,17,8,11,13,11,0,3,1,17,0,0,129,186,0,0,8,2,0,179,21,3,149,1,0,1,33,17,0,0,175,10,3,5,22,11
0,0,0,86,0,0,0,0,0,0,0,12,0,0,0,77,0,0,11,0,0,17,0,0,0,0,0,0,0,0,0,4,2,18,0,0,6,1,0,11,0,0,5,2,289,54,0,0,0,0,0,1,1,0,0,0,52,0,0,0,0,0,8,0,6,0,23,6,0,0,448,414,0,0,0,0,14,2,2,0,0,0,1,0,1,0,0,0,40,0,0,14,0,0,1,546,0,6,0,0,0,49,75,0,0,3,8,0,0,29,45
0,0,0,1,0,0,0,3,1,2,0,0,1,1,0,1,122,2,0,1,2,0,0,0,0,0,0,1,5,0,3,0,0,0,0,0,0,0,0,0,0,0,2,0,0,0,0,0,1,0,0,0,0,0,0,1,1,0,1,1,1,0,0,4,0,0,0,0,11,0,0,6,1,44,7,2,1,0,0,0,1,0,1,0,0,0,1,1,0,0,1,7,1,0,0,0,1,2,0,47,1,0,0,0,0,1,0,0,0,0,0
41,8,9,0,7,119,215,0,10,0,587,0,14,78,138,0,2,10,0,51,5,0,188,2,5,11,30,0,1,4,0,1,2,0,1,27,1,0,2,0,0,24,0,0,0,0,23,444,0,22,17,0,0,13,14,0,0,488,626,0,1,3,0,9,2,11,0,0,25,0,0,0,8,1,0,4,0,1,2,1,0,26,0,1737,0,7,1,0,0,7,3,0,0,422,0,0,1397,1,0,27,12,0,0,250,994,0,1,21,10,0,0
0,0,0,0,41,0,0,0,0,0,0,0,282,0,0,0,3,0,0,0,0,0,0,180,0,0,0,0,0,0,0,0,0,0,0,0,0,0,0,0,0,0,0,0,0,0,0,0,1,0,0,0,0,0,0,0,0,0,0,0,0,0,0,0,0,0,0,0,0,0,0,0,4,0,0,15,0,0,0,0,0,259,0,0,0,19,10,0,0,0,7,0,0,0,0,0,0,0,0,1,0,0,0,0,0,0,0,0,0,0,0
3,1,0,0,5,0,0,0,79,0,0,1,143,1,12,0,70,20,0,5,1,0,0,2,4,0,0,5,0,4,5,0,0,0,0,1,0,4,0,0,2,1,0,1,0,0,0,0,9,0,0,1,0,3,0,4,0,1,0,77,0,0,1,1,4,0,0,2,8,0,0,0,0,117,0,229,3,1,0,3,0,18,0,0,3,3,8,1,0,0,6,1,4,1,1,0,1,2,1,230,10,1,0,3,1,1,2,13,0,1,0
8,1,21,0,0,314,13,9,6,3,0,2,2,1,9,0,25,3,0,7,1,1,0,0,1,4,2,6,0,7,1,2,0,0,0,5,0,4,2,0,1,5,1,16,1,3,10,35,1,1,1,0,0,4,1,30,4,9,34,0,1,2,0,0,7,0,2,2,77,1,0,0,6,32,0,23,0,0,1,0,0,1,4,26,2,0,3,0,3,3,7,5,1,13,0,1,30,1,1,899,1,13,0,102,25,9,11,14,11,0,2
0,15,11,0,0,54,1,3,5,1,4,0,3,1,11,0,0,0,0,9,2,0,9,0,0,6,6,0,1,0,0,0,10,2,0,6,2,10,0,0,1,0,0,11,0,1,6,1,0,14,9,1,3,0,4,0,2,3,180,3,2,0,1,1,9,0,0,0,0,231,0,0,1,1,0,1,0,6,2,2,0,1,1,23,4,2,0,1,0,0,0,2,6,0,0,0,2,2,6,0,0,0,0,810,4,1,4,3,248,0,0
0,0,1,8,0,0,0,7,0,0,0,272,0,0,0,27,0,0,2,0,4,29,0,0,0,0,1,1,3,0,46,9,97,14,4,0,9,66,0,44,117,5,23,51,47,170,0,0,0,0,0,296,16,0,1,21,124,0,0,210,2,0,147,0,23,0,84,286,0,12,18,27,0,0,1,0,7,34,36,18,264,0,4,0,97,0,0,5,127,0,0,78,2,0,11,39,0,23,10,0,0,217,150,0,0,93,76,0,1,43,190
0,0,29,6,0,0,0,0,1,0,0,0,0,0,0,2,1,0,2,41,0,14,0,0,1,0,1,0,392,0,1,0,0,0,32,0,4,0,0,0,12,0,9,0,5,0,0,0,0,0,0,0,0,0,0,3,1,0,0,0,0,0,2,37,0,5,0,0,0,1,1,7,0,0,0,0,3,0,0,1,0,0,1,0,0,0,0,88,7,0,0,0,0,0,214,1,0,20,0,0,0,0,0,0,0,2,0,0,0,2,0
0,1,0,0,0,2,0,1,0,1,0,3,0,2,0,0,0,0,0,6,0,0,0,0,0,129,0,3,0,0,0,0,0,0,1,8,0,2,0,1,1,227,2,31,2,0,110,0,0,0,22,0,1,0,0,9,2,0,5,0,0,0,0,4,2,0,0,0,74,0,0,0,0,0,1,0,0,0,0,1,0,0,1,1,9,0,0,2,1,0,0,0,0,1,0,0,4,1,2,1,0,1,1,2,2,14,2,0,18,0,0
915,0,0,0,0,9,7,1,6,0,2,0,4,14,36,0,2,2,0,12,3,0,1,0,2,0,0,1,0,3,1,0,0,0,0,0,0,0,0,0,0,26,2,2,0,0,1,3,2,1,1,0,0,2,2,0,0,3,1,0,0,3,0,24,1,3,0,0,19,0,0,0,1,1,0,0,0,1,0,0,0,0,0,0,0,1,2,0,0,1,2,0,1,46,1,0,3,0,0,13,3,0,0,0,43,1,1,24,0,0,1
0,0,4,7,2,2,0,1,0,1,0,26,0,0,0,4,0,0,0,2,527,5,0,0,0,3,101,0,3,0,227,2,627,5,8,2,252,44,0,548,7,9,9,38,21,7,0,0,0,0,0,8,17,0,9,25,24,0,0,237,4,0,2,2,44,6,2,20,0,621,10,3,0,0,215,0,23,681,752,5,9,0,7,1,42,0,0,11,6,0,0,4,0,0,5,3,0,7,30,1,0,12,24,0,0,25,15,0,3,18,1
0,0,0,0,0,0,0,188,1,16,0,5,0,0,0,1,0,0,0,0,1,51,0,0,0,0,0,9,0,0,0,134,2,84,0,0,0,24,0,1,5,0,0,9,36,3,0,0,0,1,0,36,69,0,0,0,26,0,0,0,1,0,5,0,70,0,359,99,0,0,21,21,0,0,0,0,0,0,1,6,48,0,66,0,45,0,0,0,1,0,0,502,12,0,0,27,0,0,34,0,0,9,23,0,0,5,214,0,0,2,9
14,0,0,0,1,21,14,0,2,0,2,0,11,6,3,0,25,0,0,0,0,0,2,0,2,0,0,0,0,7,0,0,0,0,0,0,0,0,7,0,0,1,0,0,0,0,0,11,3,0,0,0,0,2,0,0,0,5,0,0,0,1,0,0,0,0,0,0,0,0,0,0,2,2,0,3,0,0,0,0,0,4,0,0,0,4,2,0,0,1,2,0,0,14,0,0,0,0,0,66,3,0,0,0,8,0,0,1950,0,0,0
0,1,0,0,1,0,0,0,4,0,2,0,5,0,5,0,20,674,0,48,17,0,0,2,0,0,1,1,1,2,0,0,0,0,0,1,0,2,0,0,2,0,0,0,0,1,0,0,103,1,0,0,0,0,1,0,0,0,0,19,0,0,0,0,0,0,0,0,5,0,0,0,3,229,3,9,0,0,0,2,0,2,0,1,1,0,4,0,0,0,0,2,1,0,0,0,0,1,0,12,0,0,0,0,2,0,0,1,0,0,0
35,4,0,0,0,3,13,0,18,0,3,0,1,421,108,0,0,3,0,3,0,0,1,0,2056,0,0,2,0,1,0,0,0,0,0,1,0,0,0,0,0,22,0,3,0,0,1,5,0,1,0,0,0,620,0,0,0,6,0,0,0,1354,0,3,0,3,0,0,7,1,0,0,0,0,0,0,0,0,0,1,0,0,0,0,0,0,0,1,0,3149,0,0,0,24,0,0,43,0,0,7,2238,0,0,2,7,0,1,8,0,0,0
26,628,4,0,1,9,0,6,726,4,0,2,7,0,2,2,14,38,0,7,5,1,0,1,0,0,1,166,0,2,1,3,0,3,4,6,0,4,0,2,4,1,2,14,0,15,3,0,47,26,3,15,0,3,0,2,2,0,4,1,8,1,4,2,0,0,1,3,6,8,1,1,0,25,0,16,0,5,1,9,5,4,14,0,9,4,0,3,0,0,1,1,5,0,4,2,0,2,1,17,11,9,0,21,4,6,8,14,1,0,6
0,0,11,0,1,1,0,114,0,40,0,67,0,0,0,0,0,0,1,0,14,43,0,0,0,1,1,39,5,0,28,122,40,75,1,0,1,422,0,19,84,8,100,146,19,22,2,0,0,1,4,177,87,0,0,112,102,0,0,91,405,0,39,0,233,0,181,281,0,1,3,13,0,0,7,0,2,37,14,130,227,0,94,0,347,0,0,4,42,0,0,154,75,0,10,4,0,8,169,0,0,31,36,1,0,237,213,0,1,27,15
0,3,13,1,12,9,0,179,5,152,6,79,0,1,6,3,0,0,0,9,66,56,3,0,0,65,2,66,2,1,9,136,86,133,11,5,23,446,1,51,58,105,159,630,59,21,22,5,2,8,48,312,162,0,3,632,218,6,4,6,44,0,40,2,751,1,141,241,6,8,9,27,2,2,15,0,1,20,18,241,201,0,135,1,415,2,0,7,36,0,0,167,150,0,6,8,3,21,141,0,1,42,60,10,3,836,274,0,4,38,15
0,2,2,0,0,0,0,689,1,946,0,1,0,0,0,0,0,0,0,0,3,27,0,0,0,1,0,680,0,0,6,849,2,724,0,0,2,61,0,1,3,11,4,3,7,0,1,0,0,21,4,20,696,0,1,1,9,0,0,6,54,0,0,0,110,0,69,21,2,1,0,1,0,0,1,0,0,2,0,135,20,0,533,0,36,0,0,0,0,0,0,119,776,0,0,1,0,0,79,0,2,0,0,1,0,5,194,0,0,4,0
0,1,0,0,39,0,0,0,0,0,0,0,455,0,0,0,8,0,0,0,0,0,0,94,0,0,0,0,0,0,2,0,0,0,0,0,0,1,0,0,1,0,0,0,0,0,0,0,3,0,0,0,0,1,0,1,0,0,0,170,0,0,0,0,0,0,0,1,0,0,0,0,10,1,0,39,0,0,0,0,0,308,0,0,0,31,6,0,0,0,5,0,0,0,0,0,0,0,0,0,0,0,0,3,0,0,0,1,0,0,0
9,0,0,0,57,0,0,1,23,0,2,1,42,0,19,0,31,1163,0,6,2,0,2,4,3,0,0,4,3,10,1,0,0,0,0,0,0,0,0,0,1,1,0,0,0,0,0,0,1287,0,0,1,0,8,0,0,1,2,0,1,1,3,0,1,0,0,0,0,22,0,0,0,3,1114,0,29,1,0,0,1,0,11,0,0,0,2,45,0,0,0,17,0,0,0,0,0,0,0,0,72,0,0,0,0,2,0,0,9,0,0,0
217,2,2,0,10,28,1478,0,8,0,1853,0,97,1052,977,0,11,14,0,8,0,0,1515,3,6,5,7,0,0,12,0,0,0,0,0,8,0,0,9,0,0,34,0,0,0,0,9,1567,10,7,5,0,0,18,5,0,0,1478,204,0,0,16,0,2,1,6,0,0,9,1,0,0,14,2,1,13,0,0,0,0,0,70,1,175,0,7,1,1,0,6,11,0,0,1676,0,0,126,0,0,60,6,0,0,96,1104,0,0,51,15,0,0
1,3,1314,34,0,50,11,4,1,2,0,1,0,1,0,30,0,0,6,916,3,371,0,0,0,9,10,2,504,0,9,43,1,31,111,22,16,3,0,3,70,4,310,31,139,2,18,0,0,130,2,0,0,0,8,11,46,0,15,0,0,0,17,77,37,86,6,1,9,11,36,136,1,0,3,0,18,0,2,8,2,0,6,0,1,0,0,222,42,0,0,6,2,0,433,41,2,64,1,2,1,2,0,41,0,3,14,0,22,11,2
1,1,15,0,0,46,19,7,2,1,0,0,0,2,1,1,0,0,1,7,2,0,0,0,1,276,13,2,1,0,7,0,3,1,7,1278,1,2,0,0,1,252,3,16,1,0,180,2,0,0,157,1,0,0,27,3,1,0,115,0,1,0,1,5,2,8,1,1,852,0,0,1,0,1,7,0,0,0,1,3,2,0,6,0,1,0,0,1,1,0,0,4,3,0,9,0,27,2,0,2,8,2,0,23,14,4,4,2,349,6,0
1,5,51,0,2,109,15,10,5,2,6,4,1,23,4,1,0,0,0,18,2,4,3,0,0,1339,5,3,5,0,0,4,9,3,14,320,2,5,4,2,8,492,2,48,7,1,1441,19,0,14,746,5,1,0,13,4,8,13,413,1,1,0,4,3,1,8,6,1,476,12,4,1,2,0,0,0,2,2,1,3,4,4,8,20,5,4,1,6,2,0,0,3,1,0,6,4,11,6,2,1,2,0,1,351,62,4,4,12,1066,3,0
0,4,6,0,0,0,2,4,0,1,19,0,0,1,0,0,0,0,0,2,0,0,0,0,0,90,3,1,0,0,0,0,0,3,0,44,0,1,0,0,0,45,0,3,0,0,304,0,0,3,588,1,1,0,5,0,0,7,27,0,0,0,0,2,1,6,0,0,2,1,0,0,0,0,0,0,0,0,0,5,1,0,8,0,0,0,0,0,0,0,0,2,0,0,0,0,4,1,2,0,8,0,0,20,66,0,4,1,34,1,0
0,0,14,24,0,0,1,0,0,0,0,6,0,0,0,35,0,0,4,1,0,13,0,0,0,0,0,0,197,0,1,0,5,0,113,0,1,4,0,5,513,0,6,22,4,17,0,0,0,0,0,3,0,0,0,13,61,0,0,0,0,0,142,11,0,3,1,3,0,1,13,10,0,0,1,0,32,0,3,2,1,0,0,0,7,0,0,175,157,0,0,1,0,0,203,1,0,213,0,0,0,6,10,0,0,4,1,0,0,64,8
0,0,0,2,0,0,0,0,0,0,0,0,0,0,0,2,0,0,7,0,0,139,0,0,0,0,1,0,1,0,0,1,0,8,284,0,3,0,0,3,5,0,2,1,23,2,0,0,0,0,0,0,0,0,0,0,93,0,0,0,0,0,1,0,0,0,0,0,0,0,11,66,0,0,0,0,3,0,0,0,0,0,0,0,0,0,0,3,3,0,0,0,0,0,5,8,0,3,0,0,0,0,1,0,0,0,0,0,0,3,0
0,0,0,2,7,0,0,2,285,1,0,2,6,2,1,0,1175,16,0,4,1,0,0,3,2,0,0,3,1,1,1,0,0,0,0,0,0,0,0,0,0,1,1,0,0,0,0,0,84,0,0,0,0,4,0,4,2,0,0,0,0,4,0,1,0,0,1,0,0,0,1,2,0,209,1,14,5,0,0,0,0,3,1,0,1,0,0,2,0,0,0,5,3,1,0,0,0,0,0,125,1,5,0,0,0,2,1,13,0,0,0
0,0,11,34,0,9,3,5,0,1,1,15,0,0,0,25,0,1,3,7,443,16,5,0,0,3,493,3,1,0,558,8,383,17,11,13,959,24,0,624,12,7,17,13,54,10,1,2,0,2,1,0,168,0,619,4,19,1,11,7,0,0,9,5,11,12,9,6,5,138,19,12,0,0,777,0,18,32,331,1,0,0,5,2,23,0,0,27,8,0,0,7,3,0,5,7,1,19,9,0,0,8,46,14,0,2,13,0,5,26,11
0,0,0,0,1009,0,0,0,0,0,0,0,20,0,2,0,5,0,0,0,0,0,0,13,0,0,0,0,0,1370,0,0,0,0,0,0,0,0,1262,0,0,0,0,1,0,0,0,1,1,0,0,0,0,0,0,0,0,0,0,0,0,0,0,0,0,0,0,0,0,0,0,0,755,0,0,39,0,0,0,0,0,109,0,0,0,45,1599,0,0,0,1177,0,0,0,0,0,0,0,0,13,0,0,0,0,0,0,0,49,0,0,0
0,0,0,0,60,0,0,0,0,0,0,0,30,0,0,0,1,0,0,0,0,0,0,654,0,0,0,0,0,0,0,0,0,0,0,0,0,0,5,0,0,0,0,0,0,0,0,0,0,0,0,0,0,0,0,0,0,0,0,0,0,0,0,0,0,0,0,0,0,0,0,0,13,0,0,1,0,0,0,0,0,341,0,0,0,1091,33,0,0,0,7,0,0,0,0,0,0,0,0,0,0,0,0,0,0,0,0,1,0,0,0
15,3,0,0,26,0,0,1,126,0,0,2,563,3,32,0,258,8,0,1,2,0,0,5,5,0,0,2,0,13,0,0,0,0,0,0,0,2,0,0,0,0,0,1,0,1,0,0,71,0,0,0,0,11,0,4,0,0,0,8,0,0,0,1,8,0,0,0,1,1,4,0,8,71,0,1769,0,0,1,1,0,65,0,0,1,7,25,0,1,0,30,0,2,0,0,1,0,1,0,346,6,1,0,1,0,0,1,22,0,1,0
2,0,0,0,1,11,23,0,2,0,2,0,12,3,5,0,13,0,0,0,0,0,0,1,1,0,0,0,0,31,0,0,1,0,0,0,0,0,22,0,0,0,0,0,0,0,0,51,0,0,0,0,0,4,0,0,0,21,0,0,0,1,0,0,0,0,0,0,0,0,0,0,4,0,0,19,0,0,0,0,0,4,0,0,0,0,7,0,0,0,12,0,0,8,0,0,1,0,0,229,0,0,0,2,13,0,0,235,0,0,0
0,0,2,2,0,0,0,0,0,1,0,2,0,0,0,3,0,0,8,2,2,27,1,0,0,0,0,0,32,0,4,0,4,1,8,0,0,23,0,4,8,1,43,23,7,4,1,0,0,0,0,4,0,0,0,31,54,0,0,1,0,0,0,2,7,1,6,11,0,1,6,3,0,0,5,0,7,1,3,6,2,0,0,0,30,0,0,14,33,0,0,3,0,0,16,1,0,17,18,0,0,2,1,0,0,16,10,0,0,7,0
0,1,16,1,0,3,0,29,0,61,0,5,0,0,0,0,0,0,0,22,9,7,0,0,0,2,1,31,14,0,11,10,16,3,37,3,1,236,0,7,42,24,9,128,3,0,2,0,0,1,2,12,13,0,9,12,27,0,0,9,66,0,3,8,65,24,13,7,1,5,0,0,0,0,5,0,6,7,14,337,11,0,23,0,222,0,0,20,11,0,0,10,57,0,31,0,0,64,506,0,0,5,2,6,0,34,59,0,0,9,3
10,2,23,0,4,818,41,1,3,1,6,0,1,7,2,0,13,0,0,5,1,1,0,0,0,1,170,0,0,4,0,0,2,0,4,27,0,3,7,0,1,9,1,8,1,0,4,65,1,2,1,0,0,0,51,3,0,14,17,1,0,0,0,3,0,7,1,0,6,0,0,1,2,4,1,2,1,0,1,2,0,2,2,6,0,1,0,2,1,0,1,3,0,8,1,0,70,0,2,36,0,0,0,154,15,0,0,255,16,0,1
2,1,103,8,0,12,0,0,0,0,0,0,0,0,0,0,0,0,17,108,2,51,0,0,0,2,12,1,17,0,21,1,0,8,69,4,26,0,0,2,0,3,332,9,37,0,3,0,0,0,1,0,3,0,24,6,75,0,0,0,0,0,0,752,20,1012,0,0,11,1,2,84,0,0,10,0,6,1,1,10,0,0,1,0,3,0,0,8,4,0,0,2,1,0,6,1,5,11,1,0,0,0,0,1,0,2,0,0,5,2,0
0,5,0,0,0,0,0,27,0,73,0,0,0,0,0,0,0,0,0,1,2,0,0,0,0,1,1,87,0,0,59,23,3,12,0,0,0,9,0,0,8,0,0,2,1,5,1,0,0,604,0,8,3,0,0,0,0,0,2,189,140,0,2,0,2,0,1,4,2,2,0,0,0,0,0,0,0,3,7,177,12,0,35,0,3,0,0,0,0,0,0,2,46,0,1,0,0,0,30,0,0,0,0,4,0,2,8,0,2,5,0
0,10,0,0,436,28,1,0,0,0,0,0,33,1,3,0,5,1,0,0,0,0,0,3,0,0,0,0,0,627,0,0,0,0,0,0,0,0,472,0,0,0,0,3,0,0,0,0,0,0,0,0,0,1,0,2,0,1,0,2,0,0,0,0,0,0,0,0,0,0,0,0,1184,0,0,22,0,0,0,0,0,46,0,0,0,43,308,0,0,0,483,0,0,0,0,0,0,0,0,11,0,0,0,13,0,0,0,28,0,0,0
0,1,0,0,15,1,0,0,0,0,0,0,11,0,0,0,0,0,0,0,0,0,0,2,0,1,0,0,0,0,0,1,0,0,0,0,0,0,1,0,0,0,0,0,0,0,0,0,0,1,0,0,0,0,0,0,0,1,0,4,0,0,0,0,0,0,0,0,0,0,0,0,9,0,0,0,0,0,0,0,0,29,0,0,0,65,2,0,0,0,1,0,0,0,0,0,0,0,0,0,0,0,0,4,0,0,0,0,1,0,0
