0.59675,0.41085,0.59662,0.36262,0.35161,0.29005,0.59915,0.44399,0.62753,0.62134,0.66826,0.30472,0.2385,0.81725,0.41113,0.20064,0.52111,0.70445,0.30138,0.36675,0.40622,0.30495,0.49608,0.53389,0.97144,0.39834,0.67547,0.14264,0.29429,0.61894,0.4215,0.47719,0.4705,0.55258,0.28048,0.46867,0.58702,0.2933,0.50574,0.59011,0.54444,0.35754,0.37883,0.46936,0.17791,0.31693,0.61353,0.83487,0.7174,0.3308,0.69981,0.36989,0.51751,0.23801,0.75276,0.3494,0.40347,0.62434,0.31368,0.57458,0.43627,0.96258,0.23012,0.36866,0.38191,0.82244,0.39929,0.30031,0.39134,0.60259,0.29096,0.32575,0.24291,0.54897,0.24564,0.58405,0.29047,0.69332,0.43691,0.26816,0.30583,0.26621,0.65633,0.53667,0.43192,0.61517,0.70294,0.29594,0.3104,0.99494,0.62829,0.34727,0.26656,0.41254,0.33007,0.44551,0.69726,0.26216,0.28435,0.25716,0.89655,0.45571,0.34874,0.36551,0.50194,0.54808,0.2271,0.49899,0.31627,0.19512,0.34231
0.4964
0,0,1,615,0,0,0,0,0,0,0,24,0,0,0,172,0,0,339,0,0,2,0,0,0,0,1,1,12,0,9,0,101,0,40,0,64,0,0,22,0,0,6,0,0,100,0,0,0,0,0,6,0,0,1,0,2,0,0,2,0,0,63,36,0,0,0,0,0,22,206,17,0,0,23,0,323,8,20,150,6,0,0,0,0,0,0,44,6,0,0,0,0,0,175,108,0,145,0,0,0,21,14,0,0,0,3,0,0,144,10
0,24,1,56,0,0,0,4,1,0,0,497,0,0,0,36,0,0,9,0,0,24,0,0,1,0,0,2,0,0,1,5,4,6,1,0,1,1,0,2,0,0,1,2,4,483,0,0,0,0,1,344,15,0,0,6,19,0,0,0,12,0,64,3,0,0,1,17,0,0,77,28,0,0,1,0,34,4,2,4,182,0,10,0,22,0,0,3,0,0,0,7,2,0,1,179,0,3,10,0,1,710,249,0,0,0,143,0,0,118,559
1,1,5,147,1,0,3,2,3,5,1,92,16,0,6,89,4,1,71,1,0,8,1,1,2,0,2,20,4,1,3,1,8,1,130,0,17,12,0,9,4,1,153,50,12,134,0,23,1,0,0,24,0,1,0,105,83,1,2,9,0,4,217,28,7,0,3,34,4,6,62,140,0,3,77,3,69,2,9,67,17,1,0,0,1,0,0,26,30,0,6,0,1,36,43,83,0,132,0,2,1,23,25,0,0,14,32,7,1,32,35
2,0,23,286,0,0,0,0,0,0,0,1,0,0,0,77,0,0,437,9,0,2,0,0,0,0,5,6,309,0,4,0,20,0,103,0,95,0,0,6,20,0,0,0,1,10,0,0,0,0,0,0,0,0,2,0,0,0,0,7,0,0,13,257,0,7,0,0,0,17,65,10,0,0,30,0,53,2,8,177,0,0,0,0,1,0,0,342,28,0,0,0,0,0,371,18,0,92,1,0,0,4,3,0,0,0,0,0,0,13,1
0,0,2,111,0,0,0,0,0,0,0,46,0,0,0,115,0,0,0,0,0,0,0,0,0,0,0,4,0,0,0,0,6,0,1,0,0,0,0,3,1,0,0,0,1,32,0,0,0,0,0,2,0,0,0,0,0,0,0,1,1,0,66,0,0,0,0,0,0,4,60,1,0,0,2,0,33,2,0,15,1,0,0,0,1,0,0,14,2,0,0,0,0,0,22,11,0,33,0,0,1,30,2,0,0,0,6,0,0,86,11
6,5,36,27,0,3,5,2,11,0,0,36,0,0,2,73,0,2,56,10,4,20,0,0,1,2,8,88,24,0,5,3,7,3,122,1,25,24,0,10,55,3,519,161,11,25,3,3,0,2,3,24,5,6,1,422,179,0,3,26,3,0,120,37,14,4,13,34,5,11,43,84,0,2,183,0,25,7,14,135,7,0,0,0,1,0,0,69,204,0,3,2,10,1,38,15,3,111,5,0,2,20,6,0,0,25,31,1,6,10,10
0,0,0,225,0,0,0,0,0,0,0,1,0,0,0,24,0,0,187,0,1,61,0,0,0,0,0,0,0,0,0,4,15,28,13,0,12,1,0,5,0,0,5,0,6,341,0,0,0,0,0,12,9,1,0,0,15,0,0,1,0,0,7,2,0,0,3,20,0,4,49,487,0,0,4,0,6,2,2,2,5,0,0,0,0,0,0,4,0,0,0,1,0,0,24,466,0,7,0,0,1,74,168,0,0,0,4,0,0,49,32
1,0,0,0,0,0,0,0,0,0,0,0,1,0,23,0,21,2,0,3,1,0,0,0,0,0,20,0,1,0,2,2,0,0,2,0,0,0,0,0,0,0,2,0,2,0,0,0,3,0,0,0,0,0,0,7,0,0,0,1,0,0,0,0,8,0,3,0,17,0,0,0,1,22,3,4,2,0,0,0,0,14,0,0,2,0,0,0,2,0,1,0,1,3,5,0,1,0,0,104,0,0,0,0,0,0,0,7,1,0,0
0,0,4,0,19,43,93,1,5,2,768,0,3,83,18,0,0,0,0,4,3,0,1013,10,11,82,0,3,0,4,0,0,1,0,2,16,0,0,4,0,12,24,0,0,8,0,18,483,0,32,26,0,0,125,21,0,0,1185,383,3,1,15,0,2,0,18,0,0,22,1,0,0,9,0,0,1,0,2,0,0,0,1,0,1042,0,11,0,0,0,5,6,0,0,173,0,0,1398,0,0,136,0,0,0,61,675,11,0,4,118,0,0
0,0,0,0,13,0,0,0,0,0,0,0,29,0,1,0,0,0,0,0,0,0,0,207,0,0,0,0,0,0,0,0,0,0,0,0,0,0,5,0,0,0,0,0,0,0,0,0,5,0,0,0,0,0,0,0,0,0,0,0,0,0,0,0,0,0,0,0,0,0,0,0,107,0,0,148,0,0,0,0,0,134,0,0,0,99,56,0,0,0,17,0,0,0,0,0,0,0,0,1,0,0,0,0,0,0,0,0,0,0,0
3,0,0,0,0,0,0,3,22,0,0,1,63,1,34,0,73,2,0,1,0,0,0,2,8,0,0,0,0,0,0,0,0,0,0,0,0,0,1,0,1,0,1,0,3,0,0,0,19,15,0,0,0,0,0,12,6,0,2,1,0,1,0,0,3,1,3,0,5,0,0,0,25,73,0,248,22,0,0,3,1,236,0,0,0,5,5,0,0,0,9,0,1,20,0,0,0,0,1,185,0,3,0,3,5,0,5,9,0,0,0
2,3,16,0,1,98,42,1,8,0,2,0,1,4,7,0,95,2,0,18,0,5,24,1,1,3,7,3,0,2,1,4,0,0,2,9,0,1,2,1,2,27,2,8,6,2,8,2,6,25,2,1,0,30,1,48,4,29,44,0,1,7,0,0,3,0,1,0,56,1,0,0,2,42,2,95,1,1,0,0,0,11,0,51,4,0,0,0,0,3,8,0,0,63,0,0,51,0,1,673,1,2,0,97,55,0,8,35,67,4,0
0,15,9,0,0,245,7,1,5,0,9,1,11,0,1,0,0,0,1,2,2,9,109,0,0,28,0,10,0,0,1,14,5,3,0,8,13,4,0,2,6,6,1,7,43,5,20,0,0,42,9,3,4,0,7,1,0,50,63,23,13,0,0,0,1,0,0,13,0,23,2,0,3,0,0,0,0,13,0,1,0,1,2,8,0,0,0,0,2,0,0,2,0,0,0,0,8,2,3,7,1,0,0,549,16,2,0,0,309,0,2
0,39,6,28,0,0,0,12,1,1,0,496,0,0,0,21,0,0,30,0,10,54,0,0,1,0,0,11,0,0,89,3,58,17,19,1,11,80,0,21,1,2,53,25,4,135,0,0,0,0,0,205,26,0,0,83,169,0,0,52,12,0,121,5,27,0,21,161,0,1,23,110,0,1,2,0,120,68,18,78,215,0,3,0,19,0,0,2,6,0,0,21,40,0,7,45,0,32,36,0,1,183,62,0,0,4,300,0,0,87,255
1,0,18,6,0,0,0,0,0,0,0,0,0,0,0,35,0,0,0,5,0,1,0,0,0,0,2,7,91,0,0,0,0,0,32,2,3,0,0,0,54,0,13,1,3,0,0,0,0,1,0,0,0,3,1,0,1,0,1,1,0,0,8,51,0,10,4,0,2,3,2,1,0,0,14,0,3,0,0,12,0,0,1,0,1,0,0,65,405,0,0,0,0,1,38,0,0,46,0,0,0,0,0,0,0,0,0,0,0,0,0
0,3,1,0,0,2,0,5,1,5,0,1,0,1,0,0,0,0,1,17,1,1,2,0,1,8,2,4,1,0,1,1,0,0,2,8,0,2,0,0,6,87,8,57,9,1,72,0,0,1,27,0,0,47,1,10,1,0,7,2,0,0,1,0,1,2,2,0,39,0,0,1,0,0,13,0,0,1,0,0,0,0,3,0,3,0,0,0,1,0,0,0,20,3,1,1,2,0,3,2,0,7,1,2,18,173,3,2,1,1,3
20,0,0,0,4,1,19,0,10,2,2,0,19,15,39,0,1,0,0,5,0,0,3,0,2,0,0,1,0,2,1,0,0,0,0,0,0,0,1,0,9,1,0,3,1,0,1,30,0,1,0,0,0,33,1,4,0,3,10,0,0,7,0,0,0,5,0,0,80,0,0,0,0,1,1,0,0,0,0,0,0,2,0,2,0,0,0,0,1,0,0,0,1,273,0,0,5,0,0,70,1,0,0,0,42,11,0,517,0,0,0
0,7,5,8,0,0,1,5,2,1,0,35,4,0,0,3,0,0,13,2,71,13,1,0,1,0,171,43,5,0,400,1,646,2,2,0,228,182,0,238,8,3,19,60,16,24,0,1,0,0,1,31,11,1,12,47,84,0,0,678,17,0,9,5,69,1,2,95,0,558,11,15,0,0,43,0,22,789,419,11,4,0,0,0,0,0,0,11,2,0,0,4,44,0,1,1,0,6,11,0,3,42,9,1,0,9,37,0,1,46,44
0,1,0,1,0,0,0,10,0,9,0,20,0,0,0,0,0,0,9,0,24,253,0,0,0,0,0,1,0,0,3,77,0,156,1,0,0,41,0,1,0,0,0,2,15,42,0,0,0,0,0,14,125,0,0,4,39,1,0,0,5,0,0,0,14,0,113,62,0,0,0,38,0,0,0,0,4,1,1,0,51,0,71,0,115,0,0,0,0,0,0,232,9,0,0,20,0,2,235,0,0,150,47,0,0,1,67,0,0,2,193
0,0,0,0,27,0,242,0,53,0,2,0,103,16,0,0,17,0,0,0,0,0,1,34,9,0,1,0,0,50,0,0,0,0,0,0,0,0,4,0,0,0,0,0,0,0,0,6,3,7,0,0,0,4,0,0,0,0,10,0,0,6,0,0,0,0,0,0,0,0,0,0,5,1,0,12,0,0,0,0,0,2,0,2,0,15,0,0,0,1,468,0,0,28,0,0,0,0,0,78,0,0,0,0,4,1,0,989,0,0,0
46,0,0,0,0,1,0,2,2,0,0,0,10,0,495,0,1,156,0,6,0,0,4,0,1,0,17,2,0,0,1,0,0,0,0,0,0,1,0,0,4,1,0,0,5,0,0,0,76,8,0,0,0,0,1,2,1,1,7,1,0,0,0,1,3,1,3,1,11,0,0,0,7,187,0,25,4,0,0,2,0,56,1,0,0,0,0,0,3,0,6,0,0,1,0,0,0,0,1,25,0,0,0,0,1,0,0,0,1,0,0
13,3,0,0,0,1,42,1,17,0,1,0,1,139,9,0,0,1,0,2,0,0,8,0,3708,1,0,2,0,1,0,0,0,0,0,0,0,0,0,0,2,4,0,2,3,0,0,88,0,0,0,0,0,253,1,2,0,1,12,0,1,2495,0,0,0,3,0,0,11,0,0,0,0,1,0,0,0,0,0,0,0,1,0,3,0,0,0,0,1,2753,0,0,0,276,0,0,3,0,0,17,260,0,0,3,17,0,0,16,1,0,0
52,371,6,1,11,10,0,7,497,5,0,9,25,0,34,3,79,9,0,1,0,6,3,29,4,6,0,7,1,3,4,10,1,1,4,3,0,3,0,0,2,2,0,11,81,0,5,0,102,89,0,6,1,4,0,19,2,0,21,3,15,4,5,0,1,2,0,0,13,6,2,0,6,70,2,17,0,5,2,2,2,17,13,0,12,1,1,4,2,0,4,1,8,36,1,5,0,0,1,28,8,6,4,135,3,2,11,26,8,5,11
0,151,11,2,0,0,0,103,1,34,0,154,0,0,0,1,0,0,19,1,46,145,0,0,0,0,2,23,0,0,44,51,13,80,21,0,3,311,0,5,1,3,110,141,23,35,2,0,0,1,0,56,115,0,0,203,342,0,0,32,356,0,38,15,197,0,224,210,1,0,1,82,0,0,5,0,64,36,11,41,131,0,55,0,59,0,0,4,6,0,1,210,191,0,1,9,0,10,241,0,0,71,24,0,0,9,285,0,0,6,163
1,136,20,1,3,0,2,127,8,109,3,153,2,1,0,3,2,0,37,6,119,247,4,0,2,4,3,89,1,0,38,86,10,102,35,1,23,420,0,41,7,9,279,697,109,41,15,2,0,5,17,145,122,5,2,609,744,10,12,69,104,0,45,8,587,0,452,385,4,3,16,159,0,2,28,1,27,19,29,31,58,3,50,0,48,0,2,11,6,0,1,301,302,3,1,19,1,12,159,0,1,65,49,8,1,98,291,0,3,14,100
0,50,0,0,0,0,0,547,0,530,0,10,0,0,0,0,0,0,1,0,357,505,0,0,1,0,0,7,0,0,4,502,3,620,0,2,1,28,0,1,0,2,2,8,116,0,3,0,0,8,0,0,532,0,0,2,13,1,2,3,66,0,0,1,324,0,241,60,1,0,0,16,0,0,0,0,5,1,1,0,2,0,762,0,295,0,0,1,0,0,0,465,342,0,0,0,0,1,418,0,0,18,5,1,1,1,39,0,0,0,22
0,0,0,0,24,0,0,0,0,0,0,0,20,0,1,0,0,0,0,0,0,0,0,72,0,0,0,0,0,1,0,0,0,0,0,0,0,0,11,0,0,0,0,0,0,0,0,0,3,32,0,0,0,0,0,1,0,0,0,1,0,0,0,0,1,0,0,0,0,0,0,0,300,0,0,190,1,0,0,0,0,374,0,0,0,117,17,0,0,0,7,0,0,0,0,0,0,0,0,8,0,0,0,0,0,0,0,0,0,0,0
367,0,0,0,3,0,1,1,6,0,0,0,88,4,325,0,94,491,0,6,0,0,1,13,4,0,5,0,0,1,1,0,0,0,0,0,0,0,0,0,0,0,0,0,10,0,0,0,1150,0,0,1,0,0,0,1,1,0,4,1,0,3,0,0,2,0,1,0,9,0,0,0,15,964,0,179,2,0,0,0,0,114,0,0,3,3,20,0,0,0,19,3,1,38,0,0,0,0,0,50,0,0,0,0,0,1,0,11,0,1,0
6,1,1,0,13,11,1414,0,19,0,1680,0,32,1601,110,0,1,0,0,4,0,0,768,41,37,42,2,3,0,12,0,0,0,0,0,4,0,0,11,0,8,2,0,0,12,0,6,3347,1,9,17,0,0,85,3,0,0,435,166,0,0,35,0,0,0,4,0,0,15,0,0,0,54,0,0,0,0,0,0,0,0,28,1,1405,0,15,9,0,0,5,21,0,0,724,0,0,172,0,0,591,0,0,0,18,1033,10,0,48,38,0,0
0,2,707,49,0,35,2,0,1,1,0,1,0,0,0,189,0,0,128,461,6,212,4,0,0,14,60,96,292,0,1,16,2,42,352,19,18,1,0,5,637,19,43,5,18,15,23,0,0,10,3,2,0,9,15,19,13,0,21,0,0,0,13,311,3,93,4,0,83,51,23,153,0,0,95,0,3,1,3,46,3,0,5,0,2,0,0,401,406,0,0,1,3,0,105,40,5,147,6,1,0,2,6,46,0,0,1,0,30,3,3
0,1,16,1,1,349,1,4,7,1,0,0,0,4,0,0,0,0,1,266,4,2,5,0,5,349,10,17,6,0,3,2,1,0,2,531,1,2,0,0,16,576,3,15,11,0,181,1,0,6,239,0,1,117,38,5,4,5,19,2,1,0,0,0,4,8,1,1,542,3,1,0,0,0,8,0,0,0,0,3,0,0,4,7,4,0,0,8,1,0,0,1,3,0,4,0,75,2,4,4,1,2,0,62,33,149,1,0,42,0,1
0,6,53,2,3,411,23,7,8,0,8,1,1,14,1,2,0,0,6,144,0,21,47,0,5,431,0,29,13,0,1,10,1,9,7,394,5,9,4,7,27,574,7,38,24,6,1016,0,0,11,1464,7,3,199,12,6,4,116,135,0,9,0,5,3,1,19,5,7,241,7,9,6,0,2,2,0,2,9,1,3,2,0,7,29,4,1,0,19,3,0,0,0,4,0,1,1,79,4,3,6,2,7,2,318,115,758,2,0,302,0,5
0,6,10,0,0,11,1,6,0,0,30,0,0,5,0,0,0,0,0,0,1,0,2,0,0,45,0,9,0,0,0,3,0,3,0,117,0,1,0,0,4,196,0,2,12,0,263,0,0,2,273,0,3,50,2,0,1,19,106,1,3,0,0,0,2,7,1,1,2,0,0,1,0,0,2,0,0,0,0,0,0,0,6,1,0,0,0,3,0,0,0,1,1,0,1,0,2,1,0,0,0,0,1,21,18,68,1,0,5,0,1
0,0,31,72,0,0,0,0,0,0,0,24,0,0,0,76,0,0,7,0,0,2,0,0,0,0,1,38,49,0,0,0,4,0,45,1,5,3,0,5,10,0,49,8,3,27,0,0,0,0,0,6,0,0,0,8,11,0,1,2,0,0,116,18,0,3,0,2,0,10,10,7,0,0,30,0,197,1,2,336,1,0,0,0,0,0,0,227,137,0,0,0,0,0,141,3,0,318,1,0,0,8,8,0,0,1,2,0,0,44,25
0,0,11,23,0,0,0,0,0,0,0,0,0,0,0,0,0,0,61,0,0,11,0,0,0,0,0,5,29,0,1,0,3,2,144,0,7,0,0,1,3,0,1,0,0,13,0,0,0,0,0,0,0,0,1,0,1,0,0,1,0,0,4,165,0,2,0,4,0,2,3,63,0,0,1,0,15,0,2,57,0,0,0,0,0,0,0,11,0,0,0,0,0,0,4,11,0,10,0,0,0,0,9,0,0,0,0,0,0,2,1
88,0,0,0,0,0,1,0,17,0,0,0,12,0,62,0,938,28,0,3,0,0,0,5,0,0,37,0,0,0,3,0,0,0,0,0,0,0,0,0,0,0,0,0,11,0,0,0,96,0,0,0,0,0,0,9,6,0,0,0,0,6,4,0,8,0,2,0,6,0,0,0,3,201,11,55,0,0,0,2,3,29,0,0,7,0,1,0,2,0,2,0,0,4,9,0,0,0,0,192,0,2,0,0,0,0,1,142,0,4,0
0,0,15,28,0,3,2,0,1,4,1,6,0,0,1,11,0,0,29,45,457,16,3,0,3,13,818,32,4,0,239,13,443,27,17,2,769,63,0,573,16,16,12,21,35,39,1,0,0,1,4,31,27,1,819,9,23,2,6,159,0,0,6,11,15,2,2,128,11,178,43,27,0,0,67,0,15,142,401,21,1,0,2,3,28,0,0,35,1,0,0,4,1,0,40,10,0,27,24,0,0,30,18,6,0,4,2,0,8,59,18
0,0,0,0,404,0,3,0,4,0,0,0,18,0,2,0,0,0,0,0,0,0,0,21,0,0,0,0,0,1889,0,0,0,0,0,0,0,0,1541,0,0,0,0,0,2,0,0,0,1,0,0,0,0,0,0,0,0,0,1,0,0,0,0,0,0,0,0,0,0,0,0,0,258,0,0,75,0,0,0,0,0,3,0,0,0,110,1221,0,0,0,1888,0,0,2,0,0,0,0,0,8,0,0,0,0,0,0,0,19,0,0,0
0,0,0,0,364,0,1,0,0,0,0,0,130,0,0,0,0,0,0,0,0,0,0,575,0,0,0,0,0,1,0,0,0,0,0,0,0,0,16,0,0,0,0,0,0,0,0,0,0,0,0,0,0,0,0,0,0,0,0,0,0,0,0,0,0,0,0,0,0,0,0,0,73,0,0,4,0,0,0,0,0,4,0,0,0,876,160,0,0,0,32,0,0,0,0,0,0,0,0,0,0,0,0,0,0,0,0,1,0,0,0
6,0,0,0,4,0,1,1,9,0,0,0,197,2,29,0,461,1,0,0,0,0,1,53,5,1,0,0,0,10,0,2,0,0,0,0,0,0,8,0,0,0,0,1,5,0,0,1,134,4,0,0,0,0,0,10,3,0,1,0,0,4,0,0,4,0,2,1,0,0,0,0,53,180,0,1560,4,0,0,1,2,390,0,0,0,13,39,0,0,0,40,1,0,32,0,0,0,0,0,236,0,0,0,0,0,0,0,27,0,0,0
0,0,0,0,1,0,158,0,12,0,0,0,11,53,1,0,10,1,0,0,0,0,3,7,1,0,0,0,0,81,0,0,0,0,0,0,0,0,12,0,0,0,0,0,0,0,0,9,2,7,0,0,0,2,0,1,0,2,12,0,0,3,0,0,0,0,0,0,0,0,0,0,2,3,0,23,0,0,0,0,0,7,0,5,0,1,0,0,0,0,116,0,0,19,0,0,1,0,0,108,0,0,0,0,6,0,0,61,0,0,0
0,0,4,2,0,0,0,2,0,0,0,2,0,0,0,8,0,0,4,3,0,10,0,0,0,0,1,4,12,0,5,0,0,0,26,0,0,23,0,3,0,0,53,13,0,3,0,0,0,0,0,3,1,0,0,38,44,0,0,7,0,0,5,17,13,0,5,8,0,0,0,32,0,0,22,0,7,1,4,7,4,0,0,0,1,0,0,4,23,0,0,7,14,0,19,1,0,21,9,0,0,7,1,0,0,1,13,0,0,3,12
0,28,80,0,0,0,1,111,0,91,0,13,0,0,0,4,0,0,0,12,12,11,0,0,0,0,1,81,5,0,10,12,18,7,16,3,1,201,0,6,62,14,16,125,3,10,3,0,0,2,2,6,16,4,8,43,20,2,1,28,106,0,8,6,154,9,17,32,0,7,0,1,0,0,20,0,41,17,6,44,1,0,32,0,33,0,0,27,15,0,0,62,166,0,31,0,0,45,264,0,1,69,1,1,0,9,25,0,0,2,112
0,0,19,0,17,187,286,1,43,2,7,0,10,13,0,0,3,0,0,1,0,0,29,1,2,52,2,9,6,13,0,2,3,0,2,8,1,1,6,2,19,24,3,10,1,0,4,11,1,100,3,1,0,71,112,2,0,30,138,1,1,2,0,1,1,19,0,0,9,5,0,0,2,1,0,1,0,1,1,0,0,2,0,58,0,1,1,4,1,0,33,0,0,15,3,0,195,1,0,65,3,1,0,138,14,19,0,51,33,1,1
0,1,73,5,0,4,0,0,1,0,0,0,0,0,1,0,0,0,4,218,3,5,1,0,1,1,33,15,185,0,4,1,0,1,112,2,7,1,0,2,171,13,7,7,10,1,8,0,0,0,0,0,0,11,26,4,9,0,9,0,0,0,1,574,5,1019,2,4,193,3,0,16,0,0,54,0,1,3,3,2,0,0,0,0,4,0,0,16,12,0,0,0,1,1,37,0,4,3,0,0,0,1,0,0,1,1,0,2,0,0,3
0,49,1,0,0,0,0,266,0,51,0,7,0,0,0,0,0,0,0,1,3,9,0,0,0,0,0,1,0,0,70,227,0,12,0,1,0,16,0,0,1,2,0,2,7,0,4,0,0,261,0,0,12,0,0,1,0,1,0,62,89,0,4,0,65,0,1,2,3,0,0,0,2,0,0,0,7,0,0,0,4,32,133,0,13,0,0,0,0,0,0,13,117,0,0,0,0,0,33,0,0,0,0,19,0,1,8,0,1,2,0
0,0,0,0,206,2,9,0,15,0,0,0,12,3,1,0,0,1,0,0,0,0,5,3,0,0,0,0,0,981,0,0,0,0,0,0,0,0,1415,0,1,0,2,3,5,0,0,1,0,92,0,0,0,1,0,0,0,4,22,0,0,0,0,0,0,0,0,0,0,0,0,0,293,0,0,30,0,0,0,0,0,2,0,2,0,94,204,0,0,0,316,0,0,3,0,0,0,0,0,20,1,0,0,11,0,0,0,7,0,0,0
0,0,0,0,30,0,0,0,2,0,0,0,7,0,1,0,0,0,0,0,0,1,0,2,0,0,0,0,0,0,0,0,0,0,0,0,0,0,6,0,0,0,0,0,1,0,0,1,0,15,1,0,0,0,0,0,0,0,0,0,0,0,0,0,0,0,0,0,0,0,0,0,15,0,0,0,0,0,0,0,0,1,0,0,0,62,1,0,0,0,1,0,0,0,0,0,0,0,0,0,0,0,0,2,0,0,0,0,1,0,0
