0.69421,0.91223,0.78732,0.40692,0.5907,0.50146,0.79915,0.55335,0.56216,0.72437,0.74293,0.47583,0.32694,0.63065,0.70222,0.34189,0.66428,0.60311,0.57126,0.67002,0.45296,0.38826,0.88417,0.67118,0.97793,0.68775,0.57077,0.60383,0.32882,0.64972,0.55179,0.61627,0.48322,0.62835,0.29146,0.71294,0.64044,0.30917,0.69499,0.43232,0.41481,0.35863,0.2209,0.41791,0.30118,0.33193,0.67064,0.71454,0.78797,0.69805,0.45872,0.25452,0.57073,0.90065,0.78927,0.39019,0.17262,0.72632,0.38562,0.22307,0.55228,0.97341,0.18756,0.63636,0.50672,0.82697,0.37838,0.2315,0.52776,0.58829,0.43533,0.38603,0.5942,0.59176,0.71297,0.7953,0.64114,0.79952,0.61438,0.31206,0.26186,0.27125,0.55627,0.85909,0.31235,0.81879,0.77783,0.30914,0.23616,0.99026,0.65686,0.43096,0.66499,0.74989,0.29706,0.53242,0.80682,0.19548,0.4538,0.41314,0.96909,0.50231,0.4382,0.43442,0.47161,0.54675,0.22506,0.71699,0.59612,0.32832,0.58951
0.57725
0,0,0,435,0,0,0,0,0,0,0,14,0,0,0,333,0,0,255,0,1,2,0,0,0,0,0,0,14,0,1,0,10,0,7,0,24,0,0,51,22,0,9,0,25,120,0,0,0,0,0,1,0,0,0,3,8,0,0,1,0,0,102,2,0,0,0,1,0,11,208,42,0,0,8,0,561,3,22,0,1,0,0,0,0,0,0,62,81,0,0,0,0,0,62,128,0,129,0,0,0,21,4,0,0,0,0,0,0,240,40
0,0,0,13,0,0,0,5,0,1,0,571,0,0,0,40,0,0,1,0,0,1,0,0,0,0,0,0,0,0,0,7,1,3,1,0,0,4,0,4,14,1,0,11,26,394,0,0,0,0,0,310,2,0,0,1,50,0,0,3,0,0,84,0,1,0,52,253,0,1,23,24,0,0,0,0,4,0,4,1,298,0,5,0,9,0,0,1,27,0,0,41,0,0,0,45,0,0,0,0,0,544,390,0,1,10,26,0,0,37,652
21,0,0,65,2,3,0,0,3,1,1,63,2,2,24,110,1,2,40,3,1,14,0,1,2,3,0,1,28,1,0,0,12,1,10,1,10,10,1,16,72,15,149,60,37,163,0,2,2,1,2,7,2,1,0,94,110,0,2,0,0,1,133,3,32,0,3,23,3,2,116,47,0,3,6,5,18,2,7,3,11,0,0,7,9,0,0,47,273,0,2,1,0,10,54,92,16,153,0,2,2,62,42,0,0,50,9,4,0,62,66
0,0,1,268,0,0,0,0,0,0,0,0,0,0,0,131,0,0,489,4,0,56,0,0,0,1,3,0,125,0,2,0,2,0,190,0,144,0,0,7,48,0,13,1,46,10,0,0,0,0,0,1,0,0,1,1,10,0,0,0,0,0,23,211,0,3,0,0,0,10,65,102,0,0,4,0,108,0,6,1,0,0,0,0,0,0,0,379,41,0,0,0,0,0,169,38,0,173,0,0,0,0,1,0,0,0,0,0,0,50,0
0,0,0,46,0,0,0,0,0,0,0,18,0,0,0,130,0,0,1,0,0,0,0,0,0,0,0,0,2,0,0,0,0,1,1,0,1,0,0,2,17,0,0,2,0,108,0,0,0,0,0,0,0,0,0,0,4,0,0,0,0,0,196,0,0,0,1,8,0,0,7,1,0,0,0,0,6,2,0,0,5,0,0,0,0,0,0,6,48,0,0,0,0,0,12,3,0,27,0,0,0,23,3,0,0,0,0,0,0,27,21
0,0,19,20,1,16,1,0,6,0,0,23,0,2,4,30,0,0,13,44,26,17,0,0,0,17,5,1,151,0,2,0,19,1,61,15,12,33,0,16,113,27,255,208,68,50,8,1,0,1,0,17,0,0,2,668,162,1,4,1,1,0,63,17,32,21,5,13,2,10,21,11,2,0,22,0,20,9,8,19,12,0,4,1,15,0,0,119,190,0,0,6,2,0,186,21,4,132,1,0,2,33,19,0,0,174,9,1,5,22,11
0,0,0,96,0,0,0,0,0,0,0,11,0,0,0,77,0,0,9,0,0,16,0,0,0,0,0,0,0,0,0,6,2,16,0,0,7,1,0,10,0,0,5,1,281,54,0,0,0,0,0,1,1,0,0,0,47,0,0,0,0,0,8,0,7,0,20,5,0,0,451,420,0,0,0,0,16,2,1,0,0,0,1,0,1,0,0,0,42,0,0,17,0,0,1,542,0,6,0,0,0,50,77,0,0,2,8,0,0,25,47
0,0,0,1,2,0,0,6,2,2,0,0,1,1,0,1,121,1,0,2,2,0,0,0,0,0,0,1,5,0,3,0,0,0,0,0,0,0,0,0,0,1,3,0,0,1,0,0,2,0,0,0,0,0,0,2,1,0,0,0,1,0,0,2,0,0,0,0,10,0,0,6,1,45,5,0,1,0,1,0,0,0,0,0,2,0,1,0,0,0,0,5,2,0,0,0,2,2,0,43,1,0,1,0,0,2,0,1,0,0,0
37,7,10,0,6,125,212,0,8,0,584,0,13,78,136,0,1,17,0,59,4,0,172,6,4,10,30,2,1,3,0,1,1,0,1,23,1,0,3,0,0,25,0,2,0,0,20,438,1,22,18,0,0,8,13,0,0,464,617,0,1,3,0,8,3,11,0,0,24,0,0,0,7,3,0,4,0,3,2,0,0,20,0,1768,0,9,0,0,0,9,4,0,0,438,0,0,1420,0,0,22,11,0,0,256,982,0,1,19,13,0,0
0,0,0,0,38,0,0,0,0,0,0,0,287,0,0,0,3,0,0,0,0,0,0,180,0,0,0,0,0,0,0,0,0,0,0,0,0,0,0,0,0,0,0,0,0,0,0,0,1,0,0,0,0,0,0,0,0,0,0,0,0,0,0,0,0,0,0,0,0,0,0,0,5,0,0,17,0,0,0,0,0,252,0,0,0,21,8,0,0,0,9,0,0,0,0,0,0,0,0,1,0,0,0,0,0,0,0,0,0,0,0
4,2,0,0,10,0,0,0,69,0,0,2,139,2,15,0,67,18,0,3,1,0,0,2,4,0,0,7,0,6,6,0,2,0,0,0,0,2,0,0,7,2,0,2,0,1,0,1,17,0,0,1,0,2,0,4,0,0,1,78,0,1,0,1,4,0,0,1,8,0,0,0,2,106,0,229,9,0,1,4,0,18,2,0,3,0,7,0,0,0,5,2,1,0,2,0,0,0,1,227,9,0,0,4,2,1,2,16,0,1,0
8,0,18,0,0,324,12,12,4,5,2,3,2,3,9,0,28,1,0,10,1,1,0,0,1,3,1,3,1,10,1,3,1,0,0,6,0,5,3,0,0,1,2,16,3,2,9,40,2,1,1,0,0,3,1,28,6,8,29,0,1,1,1,1,5,0,2,0,68,0,0,0,6,27,0,17,0,0,0,2,1,1,5,24,5,0,3,0,1,4,5,10,1,11,0,0,29,1,1,899,1,10,0,100,27,9,11,19,17,0,0
0,12,9,0,1,56,1,2,3,0,4,0,5,1,6,0,0,1,0,5,3,0,8,0,0,5,4,0,1,0,0,3,9,2,0,5,2,7,0,1,1,0,0,12,0,0,8,1,0,13,10,0,3,0,1,0,3,2,167,1,3,0,1,1,9,0,0,0,1,228,0,0,0,2,0,2,0,10,1,0,0,1,5,24,6,1,0,1,0,0,0,1,3,0,0,0,1,1,4,1,0,0,1,838,2,1,3,0,258,0,0
0,0,1,7,0,0,0,7,0,0,0,278,0,0,0,28,0,0,2,1,3,30,0,0,0,0,2,3,4,0,55,10,100,14,4,1,10,64,0,45,119,2,21,58,45,175,0,0,0,0,1,286,15,0,1,17,123,0,0,215,3,0,151,0,27,0,83,291,0,11,16,25,0,0,1,0,6,34,32,17,268,0,4,0,93,0,0,4,123,0,0,84,1,0,8,39,0,24,9,0,0,205,144,0,0,84,85,0,0,41,190
0,0,32,7,0,0,0,0,1,0,0,0,0,0,0,2,0,0,3,44,0,9,0,0,0,0,1,0,378,0,0,0,0,0,39,0,3,0,0,0,11,0,10,0,4,0,1,0,0,0,0,0,0,0,0,3,2,0,0,0,0,0,2,36,0,6,0,0,0,1,0,9,0,0,0,0,3,0,0,1,0,0,1,0,0,0,0,94,6,0,0,0,0,0,215,0,0,21,0,0,0,0,0,0,0,1,0,0,0,3,0
0,1,0,1,0,2,0,0,0,2,0,2,0,2,0,0,0,0,0,5,1,0,0,0,0,120,0,4,0,0,0,0,0,0,1,7,0,3,0,1,1,231,2,29,1,0,110,0,0,0,25,0,0,0,0,9,2,0,6,0,0,0,1,3,2,0,1,0,77,0,0,0,0,0,1,0,0,0,0,1,0,0,2,0,10,0,0,1,0,0,0,0,0,1,0,0,4,1,2,1,0,2,1,1,3,15,1,0,18,0,0
924,0,0,0,1,12,4,0,1,1,3,0,5,16,33,0,0,2,0,10,3,0,1,0,5,2,1,1,1,5,1,0,0,0,0,0,0,0,0,0,0,19,0,2,0,0,2,3,3,1,3,0,0,2,2,1,0,3,1,0,0,4,0,20,0,3,0,0,18,0,0,0,1,1,1,0,0,1,0,0,0,0,0,0,0,1,2,0,0,1,1,0,1,47,1,0,4,0,0,12,1,0,0,0,44,2,1,22,0,0,0
0,0,3,7,3,0,0,1,1,1,1,28,0,0,0,3,0,0,0,0,520,5,0,0,0,2,100,0,3,0,231,1,648,3,6,0,262,38,0,563,8,14,6,36,19,5,0,0,0,0,0,7,17,0,11,30,25,0,0,234,4,0,2,2,50,5,2,15,0,623,7,1,0,0,206,0,21,670,752,6,5,0,7,1,37,0,0,13,9,0,0,7,0,0,7,4,0,5,28,1,0,8,22,1,0,25,16,0,2,19,3
0,0,0,0,0,0,0,192,1,16,0,4,0,0,0,1,0,0,0,0,1,54,0,0,0,0,0,8,0,0,0,131,2,81,0,0,0,31,0,2,5,0,0,10,32,3,0,0,0,1,0,33,67,0,0,0,27,0,0,0,1,0,6,0,67,0,364,98,0,0,18,20,0,0,0,0,0,1,1,4,50,0,61,0,36,0,0,0,1,0,0,515,14,0,0,25,0,0,36,0,0,10,20,0,0,5,214,0,0,2,11
13,0,0,0,1,16,12,0,3,0,2,0,10,5,2,0,20,0,0,0,0,0,1,0,3,0,0,0,0,10,0,0,0,0,0,0,0,0,5,0,0,1,0,0,0,0,0,7,1,0,0,0,0,2,0,0,0,5,0,0,0,1,0,0,0,0,0,0,0,0,0,0,2,4,0,2,0,0,0,0,0,6,0,0,0,5,3,0,0,1,4,0,0,10,0,0,0,0,0,65,2,0,0,1,5,0,0,1971,0,0,0
1,0,0,0,0,0,0,0,1,0,3,0,4,0,3,0,25,652,0,57,15,0,0,1,0,1,1,2,0,1,1,0,0,0,1,1,0,2,0,0,2,1,0,0,0,1,0,0,102,1,0,0,0,0,0,0,0,0,0,16,0,0,0,0,0,0,0,0,3,0,0,0,3,246,3,7,0,0,0,4,0,2,0,1,0,0,6,0,1,0,0,1,1,0,0,0,0,0,0,13,1,0,0,0,3,0,0,2,0,0,0
34,4,0,0,0,3,12,0,19,0,4,0,1,435,100,0,0,3,0,4,0,0,1,0,1994,0,0,3,0,1,0,0,0,0,0,1,0,0,0,0,0,24,0,3,0,0,1,4,0,1,0,0,0,553,1,0,0,6,0,0,0,1318,0,5,0,3,0,0,5,1,0,0,0,0,0,0,0,0,0,1,0,0,0,0,0,0,0,1,0,3254,0,0,0,23,0,0,43,0,0,5,2289,0,0,1,9,1,0,9,0,0,0
26,634,4,1,1,11,0,7,719,4,0,2,8,1,2,2,14,35,0,3,4,0,0,1,0,0,1,159,0,2,0,4,0,4,7,6,0,2,1,1,1,2,4,17,2,12,4,0,56,28,3,17,0,4,0,1,3,0,4,1,5,3,5,2,0,0,0,5,3,9,1,1,0,26,0,15,0,7,1,11,5,4,9,0,9,4,0,3,1,0,1,3,2,0,4,1,0,1,0,15,9,11,0,15,5,7,9,15,2,0,6
0,0,11,0,1,0,0,106,0,38,0,70,0,0,0,0,0,0,1,1,14,44,0,0,0,1,1,36,7,0,32,123,34,76,1,0,0,423,0,20,88,10,106,134,17,26,2,0,0,2,3,177,85,0,0,108,103,0,0,97,412,0,38,0,239,0,180,260,0,1,3,11,0,0,7,0,2,32,16,125,240,0,90,0,341,0,0,2,37,0,0,153,79,0,13,3,0,6,200,0,0,29,35,1,0,228,217,0,1,30,13
0,2,12,1,19,5,0,168,4,147,7,76,0,2,7,3,0,0,0,10,56,57,2,0,0,54,1,69,2,1,10,142,79,136,12,5,18,452,3,53,59,106,167,644,54,26,26,5,1,7,49,300,163,0,3,639,227,6,2,6,42,0,44,1,754,1,140,230,4,4,6,29,2,2,12,0,1,21,20,229,195,0,136,3,402,3,0,7,30,0,0,174,159,0,8,12,2,17,164,0,1,45,63,14,2,842,264,1,2,34,18
0,1,1,0,0,0,0,726,1,954,0,1,0,0,0,0,0,0,0,0,3,25,0,0,0,2,0,663,0,0,8,856,2,727,1,0,2,59,0,1,3,11,4,3,3,0,1,0,0,17,4,20,698,0,1,1,10,0,1,5,54,0,0,0,108,0,67,24,2,0,0,1,0,0,1,0,0,0,0,124,16,0,519,0,32,0,0,0,0,0,0,115,792,0,0,1,0,0,84,0,2,0,0,1,0,4,184,0,0,4,0
0,1,0,0,31,0,0,0,0,0,0,0,479,0,0,0,11,0,0,0,0,0,0,89,0,0,0,0,0,0,1,0,1,0,0,0,0,1,0,0,0,0,0,0,0,0,0,0,4,0,0,0,0,0,0,1,0,0,0,168,0,0,0,1,0,0,0,0,0,0,0,0,9,1,0,34,0,0,0,0,0,308,0,0,0,28,6,0,0,0,5,0,0,0,0,0,0,0,0,0,0,0,0,2,0,0,0,0,0,0,0
10,0,0,0,48,1,0,0,24,0,1,0,41,1,15,0,21,1164,0,4,3,0,3,3,3,1,0,3,3,12,2,0,0,0,0,0,0,0,1,0,0,0,1,1,1,0,0,0,1297,0,0,2,0,7,0,1,0,2,0,2,1,2,0,1,0,0,0,0,21,0,0,0,0,1106,0,27,1,0,0,1,0,10,0,0,0,2,58,0,0,0,31,0,0,0,0,0,0,0,0,64,0,0,0,0,1,0,0,14,0,0,0
221,3,2,0,10,33,1500,0,10,0,1864,0,88,1004,948,0,7,14,0,9,0,0,1519,5,11,5,7,0,0,13,0,0,0,0,0,10,0,0,9,0,0,37,0,0,0,0,7,1582,10,8,6,0,0,18,5,0,0,1457,198,0,0,16,0,1,1,8,0,0,9,2,0,0,14,2,0,11,0,0,0,0,0,64,1,190,1,7,3,1,0,16,12,0,0,1679,0,0,122,0,0,61,5,0,0,103,1113,0,0,55,13,0,0
1,0,1329,32,0,47,14,5,1,3,0,1,0,0,0,23,0,0,8,932,4,377,0,0,0,8,6,2,486,0,5,47,2,31,101,22,15,4,0,3,64,2,327,26,142,1,15,0,0,136,2,0,0,0,6,12,50,0,16,0,0,0,18,62,34,85,6,1,10,10,25,152,1,0,4,0,17,0,4,10,2,0,4,1,3,0,0,224,31,0,0,7,3,0,434,42,2,70,1,1,1,1,0,42,0,6,12,0,22,9,1
1,1,16,0,0,42,22,8,2,0,0,0,0,2,1,1,1,0,0,6,3,1,0,0,2,280,13,3,0,0,5,1,2,1,6,1289,1,1,0,0,3,247,3,14,1,0,181,2,0,2,158,1,1,0,27,2,0,0,117,0,1,0,1,4,0,5,2,1,846,0,0,2,0,0,8,0,1,0,1,2,2,0,2,0,2,0,0,2,1,0,0,6,3,0,8,0,25,2,1,3,8,2,1,19,12,3,3,3,354,5,0
3,3,38,1,3,101,11,4,4,1,5,5,1,19,2,0,0,0,0,18,2,9,3,0,1,1370,5,4,5,1,0,6,4,3,11,328,1,6,5,3,10,482,5,38,8,2,1462,19,0,13,739,8,1,0,10,5,8,6,391,1,0,0,3,2,1,8,2,3,465,10,2,3,6,0,0,0,1,1,2,3,1,3,10,29,3,2,1,6,0,0,0,4,2,1,8,2,11,4,3,3,3,3,1,313,57,7,4,6,1138,4,2
0,4,4,0,0,0,2,4,0,0,20,0,0,2,0,0,0,0,0,4,0,0,0,0,1,97,2,2,0,0,0,0,0,3,0,47,0,1,0,0,0,42,0,2,0,0,310,0,0,2,581,1,1,0,3,0,1,8,21,0,2,0,0,2,1,4,0,0,1,1,0,0,0,0,0,0,0,0,0,8,0,0,7,1,0,0,0,0,0,0,0,2,0,0,1,0,3,1,1,0,5,0,0,19,63,0,3,0,43,1,0
0,0,15,21,0,0,0,0,0,0,0,5,0,0,0,33,0,0,4,1,0,11,0,0,0,0,0,0,192,0,1,0,6,0,117,0,1,4,0,3,521,0,6,19,7,16,0,0,0,0,0,3,0,0,0,12,67,0,1,0,0,0,145,10,0,1,0,3,0,1,14,10,0,0,1,0,32,0,3,1,1,0,0,0,7,0,0,175,153,0,0,1,0,0,200,1,0,216,0,0,0,5,8,0,0,3,1,0,0,69,9
0,0,0,2,0,0,0,0,0,0,0,0,0,0,0,2,0,0,5,0,0,136,0,0,0,0,0,0,1,0,0,1,0,8,290,0,4,0,0,3,4,0,2,1,21,2,0,0,0,0,0,0,0,0,0,0,90,0,0,0,0,0,1,0,0,0,0,0,0,0,13,70,0,0,0,0,2,0,0,0,0,0,0,0,0,0,0,4,3,0,0,0,0,0,5,7,0,3,0,0,0,0,1,0,0,0,0,0,0,3,0
0,0,0,0,6,0,1,4,263,2,0,1,6,1,1,0,1205,11,0,3,2,0,0,3,2,0,0,3,2,1,1,0,0,0,0,0,1,0,0,1,0,1,3,0,0,0,0,0,80,0,0,0,0,4,0,5,1,0,0,0,0,3,0,1,0,0,1,0,0,0,1,0,0,217,0,16,2,0,0,0,0,3,0,0,0,0,0,2,0,0,1,6,5,1,0,0,0,3,0,112,0,5,0,0,0,2,2,14,0,1,0
0,0,13,36,2,9,2,3,0,4,2,15,0,1,0,20,0,1,5,4,455,17,7,0,0,3,496,1,3,0,570,10,378,18,13,11,985,21,0,626,12,7,19,10,47,7,1,4,0,1,1,0,150,0,618,7,24,1,7,7,0,0,10,7,11,11,11,3,6,114,22,13,0,0,775,0,28,32,317,3,1,0,5,1,12,0,0,27,6,0,0,13,3,0,6,9,1,16,16,0,0,4,52,14,1,1,8,0,3,22,12
1,0,0,0,1016,0,0,0,0,0,0,0,22,0,2,0,4,0,0,0,0,0,0,12,0,0,0,0,0,1380,0,0,0,0,0,0,0,0,1235,0,0,0,0,1,0,0,0,0,1,0,0,0,0,0,0,0,0,0,0,0,0,0,0,0,0,0,0,0,0,0,0,0,723,0,0,29,0,0,0,0,0,109,0,0,0,44,1663,0,0,0,1183,0,0,1,0,0,0,0,0,9,0,0,0,0,0,0,0,35,0,0,0
0,0,0,0,58,0,0,0,0,0,0,0,26,0,0,0,1,0,0,0,0,0,0,645,0,0,0,0,0,0,0,0,0,0,0,0,0,0,5,0,0,0,0,0,0,0,0,0,0,0,0,0,0,0,0,0,0,0,0,0,0,0,0,0,0,0,0,0,0,0,0,0,13,0,0,1,0,0,0,0,0,351,0,0,0,1098,29,0,0,0,8,0,0,0,0,0,0,0,0,0,0,0,0,0,0,0,0,2,0,0,0
13,4,0,0,24,0,0,0,125,1,0,1,580,2,28,0,256,8,0,1,1,0,0,7,5,0,0,1,0,15,0,0,0,0,0,0,0,2,1,0,2,0,0,0,0,0,0,0,65,0,0,0,0,8,0,4,0,0,0,6,0,0,0,1,9,0,0,0,1,1,5,0,7,74,0,1760,0,0,0,1,0,63,0,0,2,7,29,0,0,1,29,1,1,3,1,0,0,0,0,348,9,1,0,1,0,0,1,23,0,0,0
1,0,0,0,1,11,23,0,1,0,2,0,12,4,6,0,10,0,0,0,1,0,0,1,1,0,0,0,0,37,0,0,1,0,0,0,0,0,24,0,0,0,0,0,0,0,0,52,0,0,0,0,0,1,0,0,0,19,0,0,0,1,0,0,0,0,0,0,0,0,0,0,7,0,0,18,0,0,0,0,0,4,0,0,0,0,5,0,0,0,11,0,0,7,0,0,1,0,0,220,0,0,0,2,13,0,0,244,0,0,0
0,0,2,2,0,0,0,0,0,1,0,2,0,0,0,3,0,0,5,1,3,23,0,0,0,0,0,0,31,0,5,0,3,1,7,0,0,22,0,4,9,0,47,25,7,4,1,0,0,0,0,6,0,0,0,32,51,0,0,2,0,0,0,3,6,2,4,9,0,1,6,4,0,0,4,0,7,0,2,8,1,0,0,0,30,0,0,15,33,0,0,3,0,0,17,1,0,18,20,0,0,3,1,0,0,19,9,0,0,7,0
0,1,20,0,0,2,0,23,0,62,0,3,0,0,0,0,0,0,0,20,10,6,0,0,0,2,2,32,14,0,10,10,14,3,34,2,2,251,0,8,34,24,8,133,3,1,3,0,0,1,2,13,11,0,7,10,27,0,0,9,66,0,3,8,62,26,14,6,1,4,0,0,0,0,6,0,6,6,12,352,10,0,23,0,214,0,0,18,14,0,0,11,61,0,30,0,0,63,501,0,0,5,3,6,0,32,62,0,0,8,3
10,2,26,0,6,859,46,1,2,0,4,0,2,5,1,0,12,0,1,5,0,0,1,0,0,1,173,0,0,1,0,0,3,0,1,23,1,2,3,0,0,8,1,9,0,0,3,52,1,2,0,0,2,0,49,2,0,16,14,0,0,0,0,2,0,10,1,0,4,0,0,0,4,4,1,0,1,0,0,1,0,2,2,7,0,2,2,2,1,0,1,3,0,7,1,0,66,0,2,36,0,0,0,154,15,1,1,249,10,0,1
2,0,102,7,0,10,0,1,0,1,0,0,0,0,0,0,0,0,14,117,2,60,0,0,0,2,12,1,18,0,22,1,0,12,72,5,31,1,0,3,0,1,334,7,32,0,4,0,0,0,1,0,1,0,21,7,72,0,0,0,0,0,0,735,20,1018,0,0,10,1,6,84,0,0,11,0,1,1,1,11,0,0,0,0,1,0,0,10,3,0,0,1,1,0,7,2,4,10,0,0,0,0,0,0,0,2,1,0,5,1,0
0,6,0,0,0,0,0,27,0,70,0,1,0,0,0,1,0,0,0,1,3,0,0,0,0,1,2,82,0,0,58,25,3,12,0,0,0,10,0,1,6,0,0,1,1,3,1,0,0,608,2,6,3,0,0,0,1,0,1,191,148,0,4,0,2,0,1,4,1,2,0,0,0,0,0,0,0,1,7,174,13,0,28,0,2,0,0,0,0,0,0,2,54,0,1,0,0,0,29,0,0,1,0,2,0,1,6,0,2,4,0
0,6,0,0,417,25,2,0,1,0,0,0,30,1,5,0,6,0,0,0,0,0,0,4,0,0,0,1,0,624,0,0,0,0,0,0,0,0,477,0,0,0,0,3,0,0,0,1,0,0,0,0,0,1,0,2,0,1,0,2,0,0,0,0,1,0,0,0,0,0,0,0,1208,0,0,19,0,0,0,0,0,40,0,0,0,43,310,0,0,0,488,0,0,0,0,0,0,0,0,12,0,0,0,14,0,0,0,23,0,0,0
0,1,0,0,12,0,0,0,0,0,0,0,10,0,0,0,0,0,0,0,0,0,0,1,0,1,0,0,0,0,0,1,0,0,0,0,0,0,1,0,0,0,0,0,0,0,0,0,0,2,0,0,0,0,0,0,0,1,0,3,0,0,0,0,0,0,0,0,0,0,0,0,10,0,0,0,0,0,0,0,0,33,0,0,0,64,2,0,0,0,1,0,0,0,0,0,0,0,0,0,0,0,0,5,0,0,0,1,1,0,0
