0.4653,0.79293,0.67297,0.34004,0.40732,0.31039,0.57137,0.66179,0.70655,0.65848,0.74217,0.50042,0.47014,0.82873,0.19018,0.32451,0.6573,0.64318,0.49131,0.60501,0.60374,0.26712,0.48695,0.62894,0.95321,0.65324,0.59347,0.23355,0.3609,0.6544,0.413,0.39356,0.50435,0.55765,0.24015,0.51446,0.61845,0.28918,0.51118,0.625,0.53091,0.29948,0.27933,0.49066,0.24904,0.21077,0.67206,0.85698,0.72985,0.66335,0.6386,0.31882,0.69666,0.2766,0.79519,0.33217,0.43305,0.54209,0.27511,0.40404,0.67298,0.96547,0.1759,0.64763,0.39386,0.88332,0.35864,0.26348,0.49131,0.59654,0.42009,0.35864,0.47761,0.41583,0.25,0.67458,0.7504,0.75971,0.61163,0.35473,0.30956,0.45189,0.65664,0.67221,0.18118,0.80925,0.76118,0.35865,0.34375,0.99668,0.82189,0.39695,0.33974,0.75157,0.29702,0.47972,0.79513,0.21286,0.32949,0.37214,0.9461,0.5543,0.56567,0.31496,0.48014,0.3419,0.20971,0.71984,0.44972,0.21409,0.46812
0.53792
0,0,3,473,0,0,0,0,0,0,0,5,0,0,0,380,0,0,327,1,1,1,0,0,0,0,4,1,0,0,13,0,30,0,24,0,48,0,0,22,0,1,11,0,0,185,0,0,0,0,0,1,0,0,1,1,2,0,0,0,0,0,117,4,0,0,0,7,0,13,163,62,0,0,30,0,466,2,23,23,5,0,0,0,0,0,0,40,11,0,0,0,0,0,67,75,0,191,0,0,1,32,4,0,0,0,2,0,0,155,36
0,1,1,24,0,0,0,6,2,0,0,594,0,0,0,42,0,0,1,0,0,23,0,0,0,0,0,15,0,0,1,0,5,9,2,0,1,10,0,3,0,2,0,2,17,231,0,0,0,0,0,271,1,0,0,10,10,0,0,0,1,0,106,0,0,0,2,51,0,0,39,27,0,0,3,0,5,2,3,18,395,0,18,0,28,0,0,4,1,0,0,31,0,0,0,138,0,5,31,0,2,587,435,0,0,1,154,0,0,46,580
31,0,4,120,0,0,0,0,4,2,1,41,4,0,1,88,1,3,53,2,4,7,1,0,4,1,2,19,5,1,8,1,12,4,72,0,16,13,0,8,3,3,219,45,8,154,0,5,1,0,0,7,0,8,0,168,109,1,2,1,0,6,200,0,15,0,3,86,3,1,69,106,0,1,67,3,8,1,14,86,35,2,0,0,0,1,1,19,68,0,5,0,0,15,22,91,0,102,0,2,3,48,26,0,0,64,15,2,0,34,64
0,0,15,264,0,0,0,0,0,0,0,0,0,0,0,192,0,0,509,28,0,1,0,0,0,0,5,4,99,0,7,0,8,0,230,0,88,0,0,5,43,0,7,0,0,26,0,0,0,0,0,0,0,0,2,0,0,0,0,0,0,0,21,169,0,0,0,2,0,10,45,54,0,0,46,0,62,0,11,102,2,0,0,0,0,0,0,425,21,0,0,0,0,0,229,18,0,171,0,0,0,0,0,0,0,0,0,0,0,15,2
0,0,2,96,0,0,0,0,1,0,0,27,0,0,0,130,0,0,1,0,0,0,0,0,0,0,0,4,0,0,0,0,6,0,0,0,0,0,0,2,3,0,0,0,0,76,0,0,0,0,0,1,0,0,0,0,0,0,0,0,0,0,155,0,0,0,0,0,0,0,4,1,0,0,0,0,4,1,1,26,5,0,1,0,0,0,0,10,9,0,0,1,0,0,5,5,0,47,0,0,0,39,1,0,0,0,4,0,0,27,34
1,0,21,31,0,9,4,1,6,0,0,20,0,0,1,38,0,4,30,25,9,20,0,0,1,9,8,35,54,0,9,1,9,2,49,0,26,26,0,17,66,20,431,171,27,36,5,3,0,0,1,15,1,6,2,572,263,0,2,6,1,0,76,8,7,5,8,101,0,7,28,60,1,1,223,0,3,6,10,128,15,0,0,0,2,0,0,55,260,0,1,1,5,0,52,16,1,58,2,0,5,24,2,0,0,74,7,1,3,16,20
0,0,0,137,0,0,0,0,0,0,0,8,0,0,2,86,0,0,33,0,0,37,0,0,0,0,0,0,0,0,0,2,10,27,8,0,11,2,0,12,0,0,27,0,41,170,1,0,0,0,0,0,1,2,0,0,12,0,0,0,0,0,5,0,0,0,6,34,0,0,368,548,0,0,1,0,4,2,2,0,3,0,0,0,0,0,0,1,0,0,0,11,0,0,4,544,0,10,0,0,0,62,76,0,0,0,3,0,0,15,62
16,0,0,0,0,0,0,0,0,0,0,0,5,0,54,0,52,2,0,8,1,0,0,0,1,0,15,0,3,0,1,0,0,0,0,0,0,0,0,0,0,0,1,0,4,0,0,0,2,0,0,0,0,0,0,9,0,0,0,1,0,0,0,2,9,0,1,0,10,0,0,0,1,41,0,3,1,0,0,0,0,2,0,0,3,0,0,0,1,0,0,0,1,0,7,0,0,0,0,35,1,0,0,0,1,0,0,1,0,0,0
15,4,4,0,20,102,270,1,11,0,574,0,0,80,75,0,0,0,0,1,3,0,877,0,11,44,1,4,2,3,0,3,1,0,1,11,0,1,4,0,12,15,0,0,0,0,28,202,0,28,21,0,0,141,9,0,0,765,326,0,0,21,0,0,2,13,0,0,33,4,0,0,8,0,0,1,0,1,4,0,0,9,0,1536,0,3,0,1,0,4,1,0,1,483,0,0,1273,0,0,48,5,0,0,237,825,9,0,15,17,0,0
0,0,0,0,24,0,0,0,0,0,0,0,113,0,0,0,0,0,0,0,0,0,0,210,0,0,0,0,0,0,0,0,0,0,0,0,0,0,2,0,0,0,0,0,0,0,0,0,4,0,0,0,0,0,0,0,0,0,0,0,0,0,0,0,0,0,0,0,0,0,0,0,23,0,0,65,0,0,0,0,0,318,0,0,0,19,33,0,0,0,10,0,0,0,0,0,0,0,0,1,0,0,0,0,0,0,0,0,0,0,0
13,0,0,0,1,0,0,2,23,0,0,1,181,1,144,0,43,15,0,0,0,0,0,3,6,0,0,3,0,0,0,0,0,0,0,0,0,0,1,0,1,0,0,0,3,0,0,0,13,2,0,0,0,2,0,18,8,0,0,3,0,2,2,0,4,0,1,3,7,0,0,0,3,177,0,199,7,0,0,1,1,102,0,0,0,1,6,0,0,0,4,0,2,0,0,0,0,0,0,100,9,2,0,3,1,2,3,8,1,8,0
6,3,26,1,1,153,63,2,11,0,0,0,4,13,72,0,44,6,0,3,1,6,5,0,0,1,7,1,0,3,2,0,0,0,0,8,0,0,6,2,1,13,2,11,8,0,9,3,5,1,2,1,0,31,0,38,4,19,12,0,1,4,0,0,5,0,0,3,89,0,0,0,0,94,2,59,0,0,0,0,0,3,0,61,5,0,1,0,0,1,3,0,0,7,3,0,33,0,1,764,3,1,0,118,34,3,3,7,39,2,0
1,26,10,0,2,43,13,5,25,0,5,0,3,2,38,0,0,0,0,1,8,4,101,0,0,14,1,14,0,0,1,15,4,5,1,12,4,10,0,3,8,10,2,3,5,1,11,0,0,33,8,3,2,3,2,0,0,10,38,1,6,0,1,0,1,1,0,9,2,60,0,2,1,0,0,0,0,3,0,0,0,1,4,20,2,2,0,0,0,0,0,0,1,0,0,0,9,1,10,0,3,0,1,537,10,3,2,2,581,0,2
0,3,4,23,0,0,0,5,1,0,0,292,0,0,0,22,0,0,9,0,6,47,0,0,0,1,0,81,1,0,53,1,65,25,11,1,13,86,0,16,1,4,53,23,54,86,0,0,0,0,0,239,5,0,1,70,156,0,0,172,4,0,142,0,10,0,22,286,0,2,32,85,0,0,11,0,11,40,21,145,351,0,3,0,57,0,0,5,8,0,0,64,25,0,3,67,0,15,62,0,2,123,98,0,0,5,216,0,0,128,177
1,0,15,7,0,1,1,0,0,0,0,0,0,0,0,13,0,0,2,32,0,1,0,0,0,0,1,0,292,0,0,0,0,1,22,0,2,0,0,0,78,3,6,1,0,0,0,0,0,1,0,0,0,2,0,3,3,0,3,0,0,0,7,27,0,1,2,0,0,0,0,5,0,0,27,0,0,0,0,10,0,0,0,0,0,0,0,35,253,0,0,0,0,0,59,0,0,29,0,0,0,0,0,0,0,3,0,0,0,0,0
2,1,1,0,0,1,0,4,0,1,0,2,1,0,3,0,0,0,0,1,2,1,0,0,0,11,2,3,0,0,1,0,0,0,1,10,0,2,0,1,2,155,3,20,7,0,46,0,0,0,18,0,0,41,1,15,6,0,12,0,0,0,0,2,1,0,2,1,73,0,0,0,0,0,2,0,0,0,0,0,1,0,3,0,2,0,0,1,0,0,0,0,13,0,1,0,1,0,3,1,0,4,0,0,3,218,1,0,7,0,0
724,0,0,0,0,3,12,0,4,1,0,0,14,19,33,0,2,0,0,2,0,0,0,0,8,0,0,0,1,1,1,0,0,0,0,0,0,0,0,0,0,3,0,0,0,0,2,8,1,1,0,0,0,35,0,4,0,5,9,0,0,5,0,6,0,4,0,0,58,0,0,0,1,1,1,0,0,0,0,0,0,0,0,2,0,0,0,0,0,0,0,0,0,133,0,0,2,0,0,55,1,0,0,1,44,38,0,18,0,0,0
0,0,8,7,0,1,0,0,2,0,0,21,2,0,0,4,0,0,5,3,224,7,0,0,0,1,296,27,0,0,432,0,637,5,6,0,238,50,0,237,6,10,28,68,16,11,0,1,0,1,1,17,6,3,11,40,79,0,2,480,5,0,7,2,28,0,2,86,0,621,10,16,0,0,107,0,12,626,589,8,18,0,0,0,4,1,0,5,2,0,0,12,28,0,0,6,0,3,23,0,7,17,6,1,0,51,22,0,1,69,40
0,0,0,0,0,0,0,79,1,2,0,21,0,0,0,0,0,0,2,0,3,202,0,0,0,0,0,8,0,0,2,17,1,148,1,0,0,28,0,1,0,6,2,1,190,6,0,0,0,1,0,10,87,1,0,1,16,0,0,2,0,0,2,0,23,0,124,58,0,0,8,35,0,0,0,0,0,0,0,3,61,0,136,0,92,0,0,0,0,0,0,443,5,0,0,30,0,0,210,0,0,11,37,0,0,0,116,0,0,8,41
8,0,0,0,6,0,63,0,1,0,3,0,26,18,9,0,22,0,0,0,0,0,0,3,4,1,0,0,0,8,0,0,0,0,0,0,0,0,3,0,0,0,0,0,0,0,0,3,3,0,0,0,0,3,0,0,0,3,0,0,0,1,0,0,0,0,0,0,0,0,0,0,2,2,0,6,0,0,0,0,0,2,0,1,0,12,0,0,0,1,2,0,0,1,0,0,0,0,0,145,3,0,0,0,3,1,0,1832,0,0,0
43,1,1,0,0,1,0,0,4,0,0,0,15,0,275,0,3,517,0,19,9,0,0,0,0,0,9,1,1,1,0,0,0,0,0,0,0,1,0,0,3,3,0,0,1,0,0,0,71,1,0,0,0,0,0,1,0,0,1,1,0,0,1,0,4,0,0,2,6,0,0,1,1,151,1,13,1,0,1,2,0,11,0,0,0,0,1,0,2,0,3,0,0,0,1,0,0,0,1,2,0,0,0,1,1,0,0,2,0,0,0
60,2,0,0,0,2,17,1,18,0,4,0,2,109,20,0,1,0,0,1,0,0,0,0,2526,0,0,0,0,0,0,0,0,0,0,0,0,0,0,0,0,9,0,1,0,0,0,99,0,1,0,0,0,286,1,2,0,1,16,0,0,2656,0,1,1,2,0,0,7,0,0,0,0,1,0,0,0,0,0,0,0,1,0,2,2,0,0,0,0,2405,0,0,0,32,0,0,2,0,0,19,1843,0,0,3,11,6,0,7,0,0,0
63,471,5,1,16,11,0,4,626,5,0,0,35,0,21,2,66,40,0,0,0,5,2,7,6,1,0,21,1,2,0,20,0,6,1,7,0,3,0,0,3,2,0,7,3,1,3,0,118,45,1,21,3,7,0,17,5,0,5,4,5,8,3,3,10,0,1,1,11,6,1,1,2,81,7,10,0,5,4,1,2,7,7,0,10,1,2,4,1,0,2,0,11,0,5,5,0,0,0,36,19,4,0,20,3,26,11,11,9,2,9
0,4,4,3,1,0,0,79,2,36,0,70,0,0,1,0,0,0,1,0,28,129,0,0,0,1,3,188,0,0,28,18,16,94,12,0,5,369,0,7,4,14,130,210,171,11,3,0,0,1,0,92,97,0,0,114,369,0,3,119,391,0,42,0,232,0,239,265,0,1,7,45,0,0,6,0,3,39,9,94,193,0,68,0,129,0,0,4,12,0,0,167,130,0,0,16,0,4,167,0,0,23,21,0,0,11,229,0,1,22,35
2,15,14,1,7,0,1,112,13,64,3,52,2,4,2,6,0,3,5,5,90,199,5,0,0,13,3,330,4,0,28,38,30,118,9,1,20,350,0,49,4,27,267,709,303,19,16,0,0,4,31,160,123,7,2,465,925,6,25,121,42,0,27,0,757,0,411,430,8,7,6,93,2,2,29,0,1,14,16,52,157,0,53,0,116,2,1,6,9,0,1,149,202,0,1,25,1,4,107,0,2,33,32,9,0,386,168,0,3,31,38
0,11,0,0,1,0,0,904,1,563,0,5,0,0,0,0,0,0,0,0,32,390,0,0,0,0,0,188,1,0,0,278,3,682,0,0,1,44,0,1,0,21,4,3,325,0,3,0,0,19,0,3,813,1,0,0,13,0,3,33,33,0,0,0,544,0,278,28,3,1,0,7,0,0,0,0,0,2,0,3,7,0,786,0,123,0,0,1,0,0,0,187,389,0,0,1,0,0,135,0,1,0,4,0,0,9,61,0,0,0,1
2,1,0,0,54,0,0,0,1,0,0,0,91,0,29,0,0,0,0,0,0,0,0,56,0,0,0,1,0,0,0,0,0,0,0,0,0,1,5,0,0,0,0,1,0,0,0,0,4,1,0,0,0,0,0,0,0,0,0,4,0,0,0,0,0,0,0,0,0,0,0,0,63,0,0,82,0,0,0,0,0,728,0,0,0,34,14,0,0,0,5,0,1,0,0,0,0,0,0,2,0,0,0,0,0,1,0,0,0,0,0
156,0,0,0,1,0,0,0,16,0,0,0,175,3,170,0,74,1150,0,14,0,0,0,17,7,0,5,0,4,2,1,0,0,0,0,0,0,0,0,0,0,0,0,0,2,0,0,0,1159,0,0,0,0,7,0,1,2,0,1,1,0,3,0,6,5,0,1,1,5,0,0,0,1,830,1,76,1,0,0,0,0,42,0,0,0,2,21,0,0,0,16,0,1,0,2,0,0,0,0,26,2,0,0,0,0,1,1,6,0,0,0
238,0,0,0,18,20,1305,0,18,0,1825,0,19,1771,249,0,0,0,0,1,0,0,764,10,60,31,2,0,0,12,0,1,0,0,0,11,0,0,12,0,5,7,0,0,1,0,4,2223,2,9,14,0,0,115,3,1,0,1024,174,0,0,37,0,1,0,2,0,0,24,0,0,0,11,1,0,0,0,0,0,0,0,48,1,580,0,5,13,0,0,2,4,0,0,2039,0,0,131,0,0,196,12,0,0,62,955,15,0,32,9,0,1
0,3,747,63,0,50,11,1,2,2,0,1,0,0,2,78,0,0,13,893,14,308,0,0,2,7,25,14,419,0,4,11,3,38,293,18,22,1,0,7,687,18,106,5,36,12,19,0,0,3,4,0,0,3,11,21,14,0,40,0,0,0,17,174,3,31,3,10,29,9,39,128,0,0,46,0,1,0,3,40,1,0,1,0,4,0,0,285,451,0,0,0,3,0,89,54,1,118,4,2,1,4,1,32,0,2,0,0,43,0,6
0,0,21,2,0,424,21,2,9,1,1,0,0,1,3,0,0,0,0,18,11,1,4,0,3,303,7,2,4,0,5,0,1,0,2,854,0,3,0,0,18,285,5,5,7,0,180,1,0,4,225,0,0,85,17,4,2,0,55,0,0,0,1,3,6,9,0,4,876,1,0,0,0,1,9,0,0,0,2,0,0,0,3,1,9,0,0,5,3,0,0,1,1,0,3,0,32,3,0,3,2,0,0,56,8,35,1,1,135,0,1
0,11,59,3,2,184,32,8,14,0,10,0,0,17,7,0,0,0,0,4,1,10,21,0,3,989,0,15,13,0,1,16,3,8,9,641,4,11,2,3,38,404,11,19,7,3,1205,8,0,7,1244,3,1,160,10,8,8,26,215,0,2,0,0,2,0,13,3,3,477,5,2,7,5,1,5,0,0,8,1,9,2,0,3,26,5,2,0,10,0,0,0,2,2,1,0,2,31,7,8,0,3,7,0,335,50,81,1,1,729,1,7
0,5,9,0,0,9,2,5,1,0,19,0,0,3,0,0,0,0,0,1,0,0,1,0,0,56,0,9,1,0,0,3,0,2,0,78,0,1,0,0,6,193,0,0,5,0,244,0,0,3,370,0,2,14,2,0,0,8,175,2,0,0,0,0,4,8,1,0,1,1,0,1,0,0,1,0,0,1,0,1,0,0,5,0,2,0,0,0,0,0,0,2,1,0,0,0,2,0,0,0,0,0,0,26,24,10,1,0,13,0,0
0,0,13,86,0,0,0,0,0,0,0,11,0,0,0,54,0,0,5,3,1,1,0,0,0,0,0,7,91,0,1,0,5,1,42,0,3,6,0,9,39,5,35,5,1,32,0,0,0,0,0,1,0,0,0,25,11,0,0,0,0,0,184,6,0,0,0,7,0,4,7,16,0,0,57,0,12,1,2,514,2,0,0,0,0,0,0,181,167,0,0,1,0,0,116,7,0,235,1,0,0,11,6,0,0,1,1,0,0,77,27
0,0,7,11,0,0,0,0,0,0,0,0,0,0,0,5,0,0,21,0,0,9,0,0,0,0,0,0,1,0,1,0,3,0,317,0,4,0,0,1,9,1,4,0,1,10,0,0,0,0,0,0,0,0,0,0,1,0,0,0,0,0,2,0,0,0,0,2,0,0,17,148,0,0,10,0,1,0,2,41,0,0,0,0,0,0,0,12,0,0,0,0,0,0,2,18,0,15,1,0,0,0,1,0,0,0,0,0,0,4,2
110,0,0,0,0,0,1,0,22,0,0,0,31,1,44,0,1099,34,0,8,0,0,0,8,0,0,23,0,0,0,3,0,0,0,0,0,0,0,0,0,0,0,0,1,3,0,0,0,79,0,0,0,0,0,0,12,2,0,0,0,0,4,1,2,9,0,1,1,1,0,0,0,1,303,4,31,2,0,0,0,1,4,0,0,4,0,0,0,1,0,1,0,1,0,13,0,0,0,0,135,2,2,0,0,0,0,0,6,0,1,0
0,0,19,32,0,27,1,1,0,7,0,9,0,7,3,22,0,1,10,22,710,19,8,0,0,16,654,4,1,0,399,4,385,29,12,1,838,34,0,695,16,10,28,20,33,18,1,1,0,0,1,2,9,2,761,13,18,0,8,33,0,0,5,6,16,1,9,102,11,275,23,43,0,0,254,0,11,54,223,9,5,0,2,0,26,0,0,21,3,0,0,6,0,0,3,12,0,24,27,0,3,13,11,17,0,12,4,0,12,37,26
3,0,0,0,512,0,2,0,1,0,0,0,12,0,15,0,1,0,0,0,0,0,1,61,0,0,0,0,0,1583,0,0,0,0,0,0,0,0,1235,0,0,0,0,0,0,0,0,0,2,0,0,0,0,0,0,0,0,0,0,0,0,0,0,0,0,0,0,0,0,0,0,0,746,0,0,94,0,0,0,0,0,35,0,0,0,35,1549,0,0,0,1472,0,0,0,0,0,0,0,0,15,0,0,0,0,0,0,0,96,0,0,0
6,0,0,0,327,0,0,0,0,0,0,0,12,0,3,0,0,0,0,0,0,0,0,678,0,0,0,0,0,1,0,0,0,0,0,0,0,0,5,0,0,0,0,0,0,0,0,0,0,0,0,0,0,0,0,0,0,0,0,0,0,0,0,0,0,0,0,0,0,0,0,0,53,0,0,6,0,0,0,0,0,44,0,0,0,997,87,0,0,0,13,0,0,0,0,0,0,0,0,0,0,0,0,0,0,0,0,5,0,0,0
40,0,0,0,4,0,0,0,12,0,0,0,685,3,75,0,251,12,0,0,0,0,0,15,3,0,0,1,0,13,0,0,0,0,0,0,0,0,4,0,0,0,0,1,1,0,0,1,122,0,0,0,0,0,0,17,4,0,1,0,0,3,0,0,5,0,1,2,1,0,0,0,24,297,0,1449,1,0,0,0,0,185,0,0,1,3,30,0,0,0,22,0,0,1,0,0,0,0,0,222,9,1,0,0,0,5,0,10,0,2,0
2,0,0,0,1,0,99,0,4,0,4,0,13,58,18,0,8,0,0,1,0,0,0,0,0,0,0,0,0,31,0,0,0,0,0,0,0,0,25,0,0,0,0,0,0,0,0,16,0,0,0,0,0,5,0,1,0,6,1,0,0,1,0,0,0,0,0,0,0,0,0,0,5,6,0,14,0,0,0,0,0,6,0,2,0,0,5,0,0,0,13,0,0,0,0,0,1,0,0,152,2,0,0,1,3,0,0,237,0,0,0
0,0,0,2,0,0,0,0,0,0,0,3,0,0,0,6,0,0,3,1,0,9,0,0,0,0,1,4,13,0,6,0,1,0,24,0,0,17,0,1,5,3,90,23,5,3,0,0,0,0,0,1,0,1,0,30,54,0,0,10,0,0,4,5,14,1,8,20,0,2,1,19,0,0,13,0,3,1,4,9,3,0,0,0,3,0,0,5,21,0,0,4,4,0,20,2,0,16,8,0,0,1,2,0,0,2,11,0,0,5,5
1,2,23,1,0,0,0,52,0,69,0,4,0,1,0,2,0,0,0,14,7,10,0,0,0,0,0,242,9,0,10,3,23,6,9,0,1,198,0,7,54,67,17,73,13,5,1,0,0,0,2,1,13,2,14,31,30,0,0,48,55,0,6,8,143,7,16,22,0,4,2,5,0,0,33,0,1,11,10,120,7,0,47,0,61,0,0,25,8,0,0,31,159,0,22,0,0,40,400,0,0,9,5,3,0,45,47,0,0,13,23
6,0,20,0,9,478,349,0,21,0,10,0,3,24,19,0,5,0,0,2,0,0,10,0,2,14,2,1,8,5,0,1,2,0,4,6,3,2,6,1,10,14,2,8,2,0,4,17,1,1,3,1,1,48,71,0,0,11,20,1,0,0,0,1,2,9,0,0,8,5,0,1,9,5,2,1,0,1,1,0,0,2,0,54,0,1,2,2,0,0,2,0,0,1,2,0,79,0,2,74,1,1,0,215,13,1,0,202,15,1,0
3,2,53,3,0,13,0,0,0,0,0,0,0,0,3,1,0,0,6,361,10,9,0,0,1,0,25,1,130,0,10,0,0,2,158,1,7,1,0,2,167,16,52,3,1,0,6,0,0,0,1,0,0,9,36,9,10,0,23,0,0,0,0,805,3,810,1,1,36,1,5,12,0,0,18,0,0,2,2,1,1,0,0,0,5,0,0,23,0,0,0,1,0,0,40,2,2,6,1,0,1,0,0,3,0,6,0,0,0,0,0
0,24,0,0,0,0,0,92,1,102,0,0,2,0,4,0,0,0,0,1,1,4,0,0,0,0,1,164,3,0,18,281,0,11,0,0,0,6,0,0,2,5,0,1,3,0,2,0,1,333,0,0,2,1,0,1,0,2,6,145,35,0,3,0,59,0,0,4,3,1,0,0,0,0,0,0,0,1,5,3,3,19,56,0,17,0,0,0,0,0,0,2,159,0,0,0,0,0,10,0,0,0,0,1,0,2,8,0,1,5,0
3,3,1,0,223,8,17,0,5,0,0,0,3,2,48,0,0,1,0,0,0,0,1,7,2,0,0,1,0,753,0,0,0,0,0,0,0,0,1100,0,0,0,0,5,0,0,0,2,0,1,0,0,0,3,0,0,0,2,7,0,0,0,0,0,0,0,0,0,1,0,0,0,896,0,0,36,0,0,0,0,0,29,0,0,0,50,264,0,0,0,210,0,0,0,0,0,0,0,0,18,0,0,0,21,0,0,0,43,1,0,0
0,1,0,0,27,0,0,0,3,0,0,0,4,0,3,0,0,0,0,0,0,0,0,3,0,0,0,0,0,0,0,0,0,0,0,0,0,0,6,0,0,0,0,0,1,0,0,1,0,1,1,0,0,0,0,0,0,0,0,0,0,0,0,0,0,0,0,0,0,0,0,0,17,0,0,0,0,0,0,0,0,11,0,0,0,61,5,0,0,0,1,0,0,0,0,0,0,0,0,0,0,0,0,3,0,0,0,0,1,0,0
