0.65844,0.91266,0.75204,0.40144,0.40441,0.50552,0.73011,0.57799,0.64689,0.66541,0.72486,0.47573,0.30387,0.86667,0.59754,0.36691,0.66869,0.56411,0.52809,0.60073,0.53473,0.30775,0.79453,0.73626,0.94673,0.63478,0.51211,0.40909,0.34583,0.63726,0.48651,0.66139,0.48956,0.56153,0.3413,0.62344,0.61852,0.29691,0.57252,0.45269,0.34681,0.3323,0.2287,0.5122,0.16542,0.23886,0.63428,0.7082,0.76794,0.79624,0.44489,0.29876,0.55256,0.83348,0.78009,0.38301,0.21918,0.67907,0.3638,0.33017,0.77366,0.96582,0.20498,0.58263,0.5107,0.88324,0.27469,0.25666,0.48721,0.65514,0.57335,0.33113,0.50082,0.47238,0.57692,0.78928,0.58323,0.72355,0.58371,0.32839,0.23655,0.35111,0.63015,0.84958,0.27176,0.8406,0.74612,0.3901,0.20878,0.99668,0.73626,0.40049,0.60945,0.76112,0.22913,0.57246,0.74178,0.16023,0.38063,0.39115,0.96278,0.49955,0.52723,0.37373,0.43843,0.59221,0.21194,0.67875,0.566,0.32382,0.57846
0.55774
0,0,0,446,0,0,0,0,0,0,0,12,0,0,0,408,0,0,299,0,1,1,0,0,0,0,1,0,9,0,4,0,13,0,2,0,72,0,0,56,25,0,3,0,7,141,0,0,0,0,0,2,0,0,0,1,9,0,0,0,0,0,100,9,0,0,0,9,0,12,117,81,0,0,17,0,452,2,22,0,3,0,0,0,0,0,0,78,43,0,0,0,0,0,39,72,0,195,0,0,0,23,7,0,0,0,0,0,0,227,44
0,0,0,14,0,0,0,5,1,0,0,588,0,0,0,37,0,0,1,0,0,8,0,0,0,0,0,0,0,0,1,7,4,9,0,0,3,5,0,4,11,4,0,5,26,284,0,0,0,0,0,287,4,0,0,2,88,0,0,2,0,0,84,0,1,0,59,289,0,1,49,23,0,0,0,0,3,1,1,3,271,0,9,0,10,0,0,3,22,0,0,35,0,0,0,51,0,1,2,0,1,551,426,0,0,2,42,0,0,34,623
21,0,1,71,1,2,1,0,4,1,1,60,2,1,26,108,1,2,67,5,2,19,0,0,6,6,1,4,22,1,1,0,8,1,3,0,22,7,0,13,71,19,105,29,43,195,0,2,0,1,0,8,3,7,0,111,129,0,1,0,0,4,100,1,36,0,1,74,8,2,37,105,1,2,17,3,23,1,2,8,16,0,2,1,2,0,1,45,249,0,6,3,0,10,62,61,3,167,0,1,1,69,30,0,1,36,8,2,1,76,62
0,0,4,243,0,0,0,0,0,0,0,0,0,0,0,171,0,0,564,23,0,21,0,0,0,0,5,0,143,0,5,0,3,0,80,0,95,0,0,9,101,0,27,0,12,19,0,0,0,0,0,1,0,0,2,0,1,0,0,0,0,0,27,271,0,0,0,0,0,9,35,109,0,0,10,0,96,2,7,12,3,0,0,0,0,0,0,465,23,0,0,0,0,0,108,23,0,178,1,0,0,0,0,0,0,0,0,0,0,30,0
0,0,1,59,0,0,0,0,1,0,0,28,0,0,0,111,0,0,1,0,0,0,0,0,0,0,0,0,4,0,0,0,2,0,3,0,1,0,0,2,31,0,0,0,0,122,0,0,0,0,0,1,0,0,0,0,1,0,0,0,0,0,206,0,0,0,1,3,0,2,2,2,0,0,0,0,2,4,0,0,3,0,0,0,0,0,0,7,24,0,0,0,0,0,6,4,0,30,0,0,0,26,2,0,0,0,0,0,0,25,12
1,0,13,18,0,17,0,1,2,1,0,16,0,1,4,27,0,1,29,31,18,33,0,0,2,23,17,2,130,0,3,0,14,2,55,6,28,23,0,16,204,29,204,120,136,59,7,1,0,1,1,24,5,0,1,604,129,0,4,3,0,0,50,17,27,5,10,49,1,12,4,36,1,1,32,0,15,8,7,35,15,0,1,0,12,0,0,90,252,0,0,2,1,0,242,9,4,128,2,0,3,30,5,1,0,159,13,0,2,33,6
0,0,0,81,0,0,0,1,0,0,0,15,0,0,0,94,0,0,20,0,0,34,0,0,0,0,0,0,1,0,0,6,3,19,1,0,12,0,0,11,0,2,5,0,95,71,0,0,0,0,0,1,3,0,0,0,35,0,0,0,0,0,7,0,9,0,13,19,0,1,555,450,0,1,0,0,7,3,0,0,0,0,0,0,0,0,0,3,15,0,0,12,0,0,3,553,0,16,0,0,0,51,77,0,0,0,3,0,0,19,63
0,0,0,1,0,0,0,0,2,0,0,0,4,0,0,2,70,9,0,8,1,0,0,0,1,0,0,1,4,0,0,0,0,0,0,0,0,0,0,0,0,0,3,0,1,1,0,0,1,0,0,0,0,1,0,2,0,0,0,0,0,0,0,3,13,0,1,0,12,0,0,2,1,73,10,1,0,0,0,1,0,1,1,0,2,0,0,0,0,0,0,3,0,0,3,0,1,6,0,48,0,0,0,0,0,0,0,0,1,0,0
22,4,9,0,21,112,251,1,6,1,606,0,7,48,130,0,0,6,0,6,3,1,251,1,6,9,27,5,0,3,0,0,2,0,2,29,0,1,3,0,0,24,0,0,0,0,27,412,0,17,17,0,0,19,10,0,0,605,617,0,1,5,0,4,1,18,0,1,48,1,0,0,5,4,0,1,0,3,3,3,0,15,0,1717,0,4,0,0,0,5,1,0,0,485,0,0,1264,0,0,24,13,0,0,261,972,0,1,22,21,0,0
0,0,0,0,33,0,0,0,0,0,0,0,301,0,1,0,0,0,0,0,0,0,0,129,0,0,0,0,0,0,0,0,0,0,0,0,0,0,3,0,0,0,0,0,0,0,0,0,3,0,0,0,0,0,0,0,0,0,0,0,0,0,0,0,0,0,0,0,0,0,0,0,10,0,0,25,0,0,0,0,0,258,0,0,0,16,36,0,0,0,5,0,0,0,0,0,0,0,0,1,0,0,0,0,0,0,0,1,0,0,0
3,0,0,0,3,0,0,1,67,0,0,2,132,0,6,0,42,34,0,5,0,0,0,2,3,0,0,18,0,0,1,0,0,0,1,0,0,0,1,0,2,0,0,1,0,4,0,0,13,0,0,4,0,3,0,0,1,0,0,6,0,2,1,0,6,1,0,2,8,0,0,0,1,265,0,147,11,0,0,2,0,82,0,0,0,2,8,0,0,0,6,1,1,0,1,0,1,1,0,217,1,1,0,2,2,1,3,12,1,2,0
6,1,30,0,0,222,18,7,6,0,0,1,3,2,22,0,19,6,0,8,0,3,1,0,1,2,10,7,0,9,0,0,0,0,2,18,0,1,5,1,0,10,0,8,2,6,14,29,1,0,1,0,0,10,0,18,9,8,28,0,1,2,0,0,5,0,1,8,91,0,0,0,0,56,2,25,0,0,0,0,0,6,3,49,4,0,2,0,4,1,5,5,0,14,0,0,33,1,0,884,3,4,0,96,37,0,5,21,36,0,0
0,6,12,0,14,64,11,4,26,0,5,0,2,0,23,0,0,0,0,8,10,3,46,0,0,1,5,5,0,0,0,4,9,3,5,19,1,8,1,1,0,5,0,7,6,0,14,3,0,21,10,7,12,0,0,1,2,3,91,0,6,0,0,1,0,0,0,1,5,101,0,1,2,1,0,0,0,13,0,6,0,7,3,19,1,0,0,1,0,0,0,2,1,0,0,0,1,1,6,0,0,0,2,626,9,0,0,2,492,0,0
0,0,2,9,0,1,0,9,1,1,0,302,0,0,0,17,0,0,5,0,2,39,0,0,0,2,0,2,2,0,52,6,103,20,3,0,10,58,0,41,109,6,23,34,61,125,0,0,0,0,0,301,20,0,1,36,168,0,2,174,3,0,128,0,17,0,66,347,0,8,24,50,0,0,7,0,10,32,32,37,277,0,2,0,85,0,0,4,107,0,0,67,2,0,4,52,0,17,33,0,0,203,114,0,0,49,85,0,1,66,174
0,0,24,5,0,0,1,0,0,0,0,0,0,0,0,3,0,0,2,51,0,3,0,0,1,1,5,0,396,0,2,0,0,0,60,0,3,0,0,0,40,1,15,1,3,0,4,0,0,0,0,0,0,0,0,1,0,0,0,0,0,0,5,27,0,0,0,0,0,0,0,6,0,0,0,0,2,0,0,0,0,0,0,0,1,0,0,54,9,0,0,0,0,0,195,1,0,23,0,0,0,0,0,0,0,1,0,0,0,3,0
0,0,0,0,0,5,0,2,2,2,0,1,0,0,5,0,0,0,1,3,3,1,0,0,1,141,5,5,0,0,1,0,0,0,2,5,0,4,0,2,0,234,0,15,4,0,89,1,0,0,4,0,0,1,0,13,2,0,9,0,0,0,1,2,3,1,2,3,67,1,0,0,0,0,1,0,0,0,0,0,1,0,3,0,7,0,0,1,2,0,0,0,1,0,1,0,2,1,1,0,1,2,1,0,8,18,8,0,15,0,0
854,0,0,0,0,3,10,0,1,1,2,0,2,8,41,0,2,1,0,8,6,0,1,0,8,1,4,2,1,0,1,0,0,0,0,1,0,0,0,0,0,22,0,0,0,0,1,5,0,1,1,0,0,7,0,2,0,5,0,0,0,4,0,18,1,3,0,0,61,1,0,0,0,1,0,0,0,0,0,0,0,0,0,1,0,1,1,0,0,0,2,0,0,60,0,0,5,0,0,23,3,0,0,4,47,2,0,23,0,0,0
0,0,5,3,1,3,0,0,2,1,0,48,0,0,2,2,0,0,4,1,318,10,0,0,1,4,74,1,0,0,260,2,633,2,10,0,260,44,0,515,10,13,11,37,38,12,0,1,0,0,0,16,18,1,13,32,31,0,0,278,2,0,5,2,27,1,3,32,0,739,9,5,0,0,303,0,29,636,638,15,14,0,1,0,46,0,0,11,24,0,0,10,0,0,11,2,0,4,28,0,3,21,5,0,0,39,17,0,2,21,6
0,0,0,0,0,0,0,148,2,9,0,9,0,0,0,0,0,0,0,0,0,155,0,0,0,0,0,3,0,0,2,62,5,137,0,0,0,31,0,2,2,3,0,1,74,2,0,0,0,1,0,49,76,0,0,1,17,0,0,0,0,0,4,0,26,0,292,74,0,0,31,23,0,0,0,0,0,3,1,5,34,0,84,0,54,0,0,0,4,0,0,489,12,0,0,28,0,0,88,0,0,13,46,0,0,4,160,0,0,1,15
23,0,0,0,1,15,8,0,3,0,1,0,8,18,5,0,36,2,0,0,1,0,0,0,2,0,1,0,0,7,0,0,0,0,0,0,0,0,1,0,0,0,0,0,0,0,0,9,3,0,0,0,0,8,0,0,0,3,0,0,0,0,0,0,0,0,0,0,1,0,0,0,2,2,0,4,0,0,0,0,0,7,0,0,0,7,5,0,0,1,4,0,0,2,0,0,0,0,0,98,1,0,0,0,2,0,0,1910,0,0,0
1,0,0,0,1,0,0,1,10,0,2,0,5,0,10,0,3,714,0,48,6,0,0,0,1,1,10,10,0,0,0,0,0,0,0,0,0,1,0,1,2,0,3,1,0,0,0,0,79,1,0,0,0,0,0,1,1,0,0,1,0,0,0,0,3,0,0,2,4,0,0,0,0,212,2,5,1,0,2,2,0,12,0,0,0,0,4,0,0,0,0,0,0,0,0,0,0,1,1,19,0,0,0,1,4,0,1,2,0,0,0
30,3,0,0,0,0,13,0,31,0,1,0,1,83,157,0,0,2,0,1,0,0,0,0,1884,0,3,1,0,0,0,0,0,0,0,1,0,0,0,0,0,27,0,0,0,0,0,18,0,1,0,0,0,971,0,2,0,15,0,0,0,1413,0,4,0,5,0,0,15,0,0,0,0,1,0,0,0,1,0,0,0,0,0,0,0,0,0,0,0,2999,0,0,0,29,1,0,54,0,0,9,2380,0,0,3,16,0,1,4,0,0,0
40,512,5,2,16,4,1,9,676,6,1,0,5,0,8,3,53,47,0,4,8,2,1,2,2,2,4,68,0,1,0,3,0,9,4,8,0,2,1,1,0,6,2,7,10,14,7,0,101,34,2,16,0,24,0,10,5,1,1,3,2,4,5,4,1,0,0,3,6,8,1,1,0,62,0,10,0,5,2,9,14,7,12,0,8,0,2,4,2,0,4,1,8,0,8,0,0,0,5,34,7,4,0,23,3,5,9,11,8,2,3
0,1,4,1,1,0,0,115,0,42,0,51,0,0,1,1,0,0,1,0,10,76,0,0,0,2,1,38,1,0,39,105,33,105,3,0,4,351,0,15,68,10,82,251,65,18,6,0,0,0,2,244,92,0,0,103,152,0,0,109,376,0,39,0,207,0,225,163,2,3,6,27,0,0,7,0,6,43,13,86,236,0,73,0,294,0,0,6,42,0,0,176,71,0,9,7,0,4,207,0,0,36,25,1,0,181,227,0,1,27,13
0,3,6,1,11,9,0,174,7,157,4,33,1,3,9,1,1,0,3,8,70,100,3,0,3,106,2,55,5,0,31,122,67,156,3,1,23,394,1,36,41,64,136,714,199,26,18,3,0,5,38,432,187,0,5,530,272,5,7,30,28,0,31,0,692,0,245,211,6,7,11,54,2,4,18,0,5,24,18,146,209,0,105,0,331,0,1,10,61,0,0,173,135,0,8,20,1,14,151,0,0,40,38,6,6,806,252,2,2,31,20
0,1,0,0,1,0,0,793,0,881,0,0,0,0,0,0,0,0,0,1,1,150,0,0,0,1,0,414,0,0,9,752,5,762,0,0,2,58,0,1,0,16,2,4,73,0,3,0,0,20,1,15,615,0,1,0,4,0,0,15,32,0,0,0,160,0,101,8,2,1,0,5,0,0,0,0,0,4,0,96,21,0,673,0,76,0,0,0,0,0,0,162,632,0,0,3,0,0,134,0,2,0,0,0,1,4,231,0,0,1,0
1,1,0,0,65,0,0,0,0,0,0,0,526,0,3,0,0,1,0,0,0,0,0,29,0,0,0,10,0,0,0,0,0,0,0,0,0,0,3,0,0,0,0,0,0,0,0,0,4,0,0,0,0,0,0,1,0,0,0,5,0,0,0,0,0,0,0,0,1,0,0,0,14,7,0,18,0,0,0,0,0,441,0,0,0,31,16,0,0,0,4,0,0,0,0,0,0,0,0,0,0,0,0,0,0,0,0,0,0,0,0
13,0,0,0,16,0,0,0,33,0,1,0,46,3,35,0,65,1201,0,7,1,0,0,12,8,3,3,4,0,0,1,0,0,0,0,0,0,0,0,0,1,3,4,0,0,0,0,0,1231,0,0,0,0,18,0,1,0,0,0,0,0,0,0,5,2,0,0,0,10,0,0,0,0,1069,0,42,0,0,1,1,0,36,0,0,0,2,36,0,0,0,24,0,0,0,1,0,0,0,0,69,0,1,0,0,1,1,0,6,0,0,1
241,0,0,0,16,36,1312,0,19,0,1773,0,56,1534,873,0,1,13,0,2,1,0,1249,5,53,9,8,0,0,15,0,0,0,0,1,15,0,0,9,0,0,21,1,0,0,0,7,1580,4,9,6,0,0,54,1,0,0,1460,156,0,0,23,0,1,1,6,0,0,17,0,0,0,10,11,0,0,0,0,0,0,0,41,1,207,0,6,7,0,0,3,6,0,0,1934,0,0,160,0,0,72,19,0,0,86,902,0,0,64,13,0,0
0,2,1107,64,0,25,18,5,0,1,0,0,0,2,3,59,0,0,11,823,3,417,0,0,0,5,61,4,526,0,6,15,0,66,471,37,19,3,0,7,205,15,260,5,160,8,31,0,0,12,1,0,2,0,8,18,34,0,4,0,0,0,38,83,5,28,7,9,24,10,33,166,0,0,5,0,4,4,6,23,4,1,2,0,2,0,0,126,40,0,0,11,0,0,280,49,1,82,4,1,3,2,0,33,1,2,6,0,39,3,6
0,0,19,2,0,50,33,12,5,0,1,1,0,3,7,0,0,0,0,11,4,0,0,0,2,218,32,3,2,0,7,2,2,1,14,1149,1,2,0,0,4,351,9,6,6,0,227,2,0,0,178,0,0,1,16,5,2,0,151,0,0,0,1,3,4,5,2,1,876,3,0,2,0,1,5,0,0,0,1,3,2,1,6,0,1,0,0,1,2,0,0,8,0,0,7,0,39,3,2,2,11,0,0,35,19,1,2,1,220,0,0
0,5,48,0,3,110,29,6,8,0,11,0,0,21,9,0,0,0,2,5,2,6,8,0,3,1128,13,5,8,0,1,2,6,7,26,433,0,13,1,3,11,534,9,26,16,6,1273,19,0,13,670,5,3,0,8,5,10,13,558,0,0,0,3,1,0,7,3,4,475,6,5,4,6,3,0,0,0,7,2,15,1,0,9,17,7,2,1,4,5,0,0,3,2,1,4,1,56,9,5,0,7,1,0,261,90,4,7,6,1192,0,0
0,4,10,0,0,1,2,1,1,0,31,0,0,0,3,0,0,0,0,0,1,1,0,0,0,87,1,1,0,0,0,0,0,2,4,52,0,1,0,0,0,86,0,1,3,0,254,0,0,3,560,1,1,0,3,0,0,6,40,0,0,0,0,0,5,1,0,0,2,0,0,0,0,0,0,0,0,5,1,8,0,0,9,1,1,0,0,0,0,0,0,1,1,0,0,0,5,1,0,0,9,0,1,19,74,0,1,0,28,0,0
0,0,12,30,0,0,1,0,0,0,0,15,0,0,0,33,0,0,4,0,0,12,0,0,0,0,0,0,204,0,1,0,4,1,64,0,1,2,0,3,549,2,9,5,8,35,0,0,0,0,0,2,1,0,0,5,38,0,0,0,0,0,148,12,0,0,0,7,0,2,8,17,0,0,4,0,62,2,2,21,1,0,0,0,3,0,0,178,199,0,0,1,0,0,144,3,0,195,2,0,0,7,6,0,0,0,0,0,0,63,8
0,0,1,3,0,0,0,0,0,0,0,0,0,0,0,1,0,0,18,1,0,184,0,0,0,0,0,0,0,0,0,0,1,2,208,0,5,0,0,2,13,0,8,1,32,3,0,0,0,0,0,0,0,0,0,0,4,0,0,0,0,0,6,0,0,0,0,0,0,0,17,101,0,0,1,0,11,0,1,1,0,0,0,0,0,0,0,10,7,0,0,1,0,0,1,20,0,13,1,0,0,0,1,0,0,0,0,0,0,5,0
2,0,0,3,0,0,1,1,83,0,0,1,6,1,2,1,1209,70,0,13,1,0,0,7,1,0,1,2,2,0,0,0,0,0,0,0,0,0,0,0,0,0,3,0,1,4,0,0,66,0,0,0,0,9,0,3,2,0,0,0,0,1,1,7,10,0,2,0,1,0,0,0,1,187,7,32,0,0,0,0,0,5,3,0,2,0,4,0,0,0,1,7,2,0,2,0,0,8,0,219,0,2,0,0,0,0,0,10,0,0,3
0,0,21,43,0,14,1,24,1,2,0,45,0,4,3,28,0,0,11,6,562,18,6,0,0,4,444,0,1,0,487,5,348,33,11,12,942,32,0,622,7,15,21,12,58,21,2,2,0,0,2,3,50,0,674,4,26,0,8,15,0,0,8,5,18,0,5,12,9,185,18,24,0,0,645,0,28,43,310,6,2,0,13,0,19,0,0,31,13,0,0,26,1,0,7,6,2,31,29,0,1,10,19,19,0,2,13,0,11,16,13
4,0,0,0,605,0,0,0,2,0,0,0,19,0,9,0,0,0,0,0,0,0,0,21,0,0,0,0,0,1351,0,0,0,0,0,0,0,0,1279,0,0,0,0,0,0,0,0,0,1,0,0,0,0,2,0,0,0,0,0,0,0,0,0,0,0,0,0,0,0,0,0,0,804,1,0,53,0,0,0,0,0,61,0,0,0,22,1684,0,0,0,1474,0,0,0,0,0,0,0,0,3,0,0,0,0,0,0,0,75,0,0,0
0,0,0,0,352,0,0,0,0,0,0,0,36,0,4,0,0,0,0,0,0,0,0,603,0,0,0,0,0,1,0,0,0,0,0,0,0,0,14,0,0,0,0,0,0,0,0,0,1,0,0,0,0,0,0,0,0,0,0,0,0,0,0,0,0,0,0,0,0,0,0,0,29,0,0,2,0,0,0,0,0,57,0,0,0,1060,63,0,0,0,8,0,0,0,0,0,0,0,0,0,0,0,0,0,0,0,0,7,0,0,0
25,0,0,0,7,0,0,1,27,0,0,0,525,1,25,0,290,19,0,2,3,0,0,7,0,1,0,3,0,10,0,0,0,0,0,0,0,0,4,0,1,0,0,0,0,1,0,0,93,0,0,0,0,20,0,2,1,0,0,0,0,4,0,0,10,0,1,0,5,0,0,0,5,285,0,1517,1,0,0,0,0,158,0,0,0,6,47,0,0,0,39,0,0,1,2,0,0,3,0,368,1,0,0,1,0,1,0,14,0,2,0
1,0,0,0,4,15,27,0,4,0,2,0,12,27,11,0,9,0,0,0,0,0,2,0,0,0,0,0,0,35,0,0,0,0,0,0,0,0,18,0,0,0,0,0,0,0,0,58,1,0,0,0,0,4,0,1,0,14,0,0,0,1,0,0,0,0,0,0,0,0,0,0,6,0,0,19,0,0,0,0,0,5,0,1,0,1,5,0,0,0,19,0,0,1,1,0,1,0,0,118,1,0,0,2,8,0,0,307,0,0,0
0,0,0,1,0,0,0,0,0,2,0,1,0,0,0,3,0,0,8,2,2,16,0,0,0,0,1,0,27,0,4,0,2,0,3,0,1,26,0,3,8,2,50,21,21,3,0,0,0,0,0,3,0,0,0,34,34,0,0,3,0,0,1,4,6,3,5,7,0,2,4,15,0,0,5,0,5,1,3,9,2,0,0,0,28,0,0,11,33,0,0,4,0,0,22,0,0,24,20,0,0,3,1,0,0,20,6,0,0,7,0
1,1,12,0,0,1,0,23,0,116,1,7,0,0,0,1,0,0,0,24,5,8,1,0,0,10,4,37,16,0,13,6,20,4,23,1,1,252,0,7,61,53,9,71,17,9,3,0,0,0,2,13,20,0,12,17,18,0,0,23,12,0,3,7,41,17,15,12,1,5,0,1,0,0,10,0,2,25,9,310,26,0,19,0,209,0,0,27,17,0,0,16,80,0,37,0,0,50,456,0,0,3,2,8,0,21,81,0,0,5,3
4,2,30,0,1,779,56,2,9,0,3,0,2,9,5,0,7,0,0,6,3,2,3,0,0,3,73,2,2,3,0,0,3,0,8,53,0,1,3,0,1,18,1,3,0,0,4,85,1,1,5,1,0,2,77,1,0,10,18,1,0,0,0,4,1,7,0,0,13,2,0,0,5,13,1,0,0,2,2,1,0,1,0,8,0,1,1,2,1,0,0,0,0,4,0,0,69,1,2,43,1,0,0,157,12,0,0,268,17,0,1
2,0,94,11,0,7,2,1,0,0,0,0,0,0,1,1,0,0,17,247,1,31,0,0,1,5,51,0,14,0,11,0,0,3,308,2,17,0,0,0,4,11,298,5,23,0,15,0,0,0,3,0,0,0,32,6,15,0,0,0,0,0,0,691,13,817,2,0,24,0,2,49,0,0,9,0,0,3,1,9,0,0,1,0,2,0,0,20,7,0,0,2,0,0,13,1,2,9,0,0,0,0,0,1,2,2,1,0,1,0,0
0,12,1,0,0,0,0,25,0,100,0,0,9,0,1,0,0,0,0,1,2,1,0,0,0,1,0,297,1,0,58,38,3,13,0,0,0,7,0,0,1,1,0,1,2,0,1,0,0,551,2,10,1,0,0,1,1,2,1,174,23,0,3,0,3,0,1,2,1,4,0,0,0,0,0,0,0,2,6,70,16,3,33,0,11,0,0,0,0,0,0,0,87,0,0,0,0,0,18,0,0,0,0,5,0,0,5,0,1,2,1
2,3,1,0,287,45,1,0,2,0,0,0,13,0,17,0,0,1,0,0,0,0,0,1,0,0,0,3,0,684,0,0,0,0,0,1,0,0,882,0,0,0,0,2,0,0,0,1,0,0,0,0,0,3,0,3,0,0,0,0,0,0,0,0,1,0,0,0,2,0,0,0,920,1,0,18,0,0,0,1,0,46,0,0,0,36,326,0,0,0,393,0,0,0,0,0,0,0,0,7,0,0,0,19,0,0,1,44,0,0,0
0,0,0,0,36,1,0,0,1,0,0,0,8,1,0,0,0,0,0,1,0,0,0,0,0,1,0,0,0,0,0,0,0,0,0,0,0,0,5,0,0,0,0,0,1,0,0,0,0,0,0,0,0,0,0,0,0,0,0,0,0,0,0,0,0,0,0,0,0,0,0,0,12,0,0,0,0,0,0,0,0,5,0,0,0,64,7,0,0,0,1,0,0,0,0,0,0,0,0,0,0,0,0,5,0,0,0,0,1,0,0
