0.4869,0.82487,0.67291,0.34253,0.40761,0.32056,0.57086,0.67353,0.71836,0.66094,0.74208,0.50427,0.47228,0.82734,0.19139,0.3273,0.65026,0.64528,0.48938,0.59761,0.61054,0.26902,0.47002,0.62857,0.95455,0.66775,0.59927,0.23267,0.37468,0.65304,0.41491,0.39112,0.49528,0.55808,0.23931,0.51938,0.61841,0.28393,0.5121,0.62557,0.51877,0.29009,0.27131,0.49236,0.23991,0.20878,0.66814,0.86218,0.73157,0.66733,0.63753,0.32155,0.69178,0.28544,0.79874,0.33449,0.42614,0.56519,0.27847,0.40222,0.6777,0.96463,0.17145,0.65638,0.39342,0.88052,0.35831,0.26325,0.49105,0.59369,0.43237,0.35672,0.479,0.42084,0.25073,0.67424,0.75566,0.76277,0.61554,0.35526,0.31066,0.45119,0.65356,0.70149,0.18585,0.81466,0.75969,0.36088,0.33716,0.99667,0.81971,0.40818,0.35252,0.7564,0.29253,0.4827,0.79371,0.21807,0.33171,0.37695,0.94753,0.56079,0.56821,0.31557,0.4767,0.35637,0.20543,0.71556,0.45092,0.21566,0.46672
0.5393
0,0,3,472,0,0,0,0,0,0,0,6,0,0,0,380,0,0,323,1,1,0,0,0,0,0,2,1,0,0,13,0,32,0,25,0,49,1,0,20,0,1,11,0,0,190,0,0,0,0,0,1,0,0,0,1,2,0,0,0,0,0,117,3,0,0,0,6,0,13,159,65,0,0,32,0,467,2,25,22,5,0,0,0,0,0,0,41,13,0,0,0,0,0,66,72,0,190,0,0,1,29,3,0,0,0,2,0,0,157,39
0,0,1,27,0,0,0,6,2,0,0,591,0,0,0,42,0,0,1,0,0,20,0,0,0,0,0,17,0,0,1,0,4,9,2,0,1,10,0,3,0,1,0,1,17,233,0,0,0,0,1,273,1,0,0,10,10,0,0,0,1,0,106,0,0,0,2,51,0,0,39,28,0,0,3,0,5,1,3,19,402,0,19,0,29,0,0,4,1,0,0,32,0,0,0,134,0,4,35,0,2,595,429,0,0,1,149,0,0,44,575
35,0,4,124,0,0,0,0,4,2,1,36,4,0,1,88,1,3,53,3,2,7,1,0,4,1,0,20,5,1,8,1,14,3,68,0,15,14,0,8,4,3,214,44,9,160,0,4,2,0,0,6,0,7,0,163,113,0,1,0,0,6,197,0,14,0,3,89,3,2,66,111,0,1,71,3,8,1,13,80,37,2,0,1,0,1,1,21,75,0,5,1,0,14,19,90,0,103,1,1,3,45,27,0,0,68,14,1,0,34,62
0,0,13,256,0,0,0,0,0,0,0,0,0,0,0,190,0,0,507,32,0,1,0,0,0,0,5,3,86,0,7,0,10,0,233,0,87,0,0,6,46,0,12,0,0,26,0,0,0,0,0,0,0,0,3,0,0,0,0,0,0,0,23,176,0,0,0,1,0,10,45,53,0,0,44,0,64,0,10,96,2,0,0,0,0,0,0,428,25,0,0,0,0,0,227,21,0,170,0,0,0,0,0,0,0,0,0,0,0,16,4
0,0,2,92,0,0,0,0,1,0,0,26,0,0,0,130,0,0,1,0,0,0,0,0,0,0,0,4,0,0,0,0,6,0,0,0,0,0,0,2,3,0,0,0,0,79,0,0,0,0,0,1,0,0,0,0,0,0,0,0,0,0,158,0,0,0,0,0,0,0,4,1,0,0,0,0,4,1,1,26,5,0,1,0,0,0,0,10,10,0,0,1,0,0,6,5,0,44,0,0,0,39,1,0,0,0,4,0,0,27,34
1,0,24,33,0,9,2,1,7,0,0,18,0,0,2,37,0,4,30,25,9,20,0,0,0,14,8,30,59,0,9,1,9,2,44,0,26,28,0,14,75,21,417,161,29,40,6,1,0,0,1,13,1,8,2,580,262,0,2,7,1,0,78,8,8,5,8,104,2,7,24,57,1,1,218,0,3,6,10,122,14,0,0,0,1,0,0,55,259,0,1,0,4,0,58,17,0,61,3,0,6,25,2,0,0,80,7,1,3,15,19
0,0,0,135,0,0,0,0,0,0,0,9,0,0,2,86,0,0,33,0,0,38,0,0,0,0,0,0,0,0,0,2,10,25,8,0,10,2,0,10,0,1,28,0,42,168,0,0,0,0,0,0,1,2,0,0,12,0,0,0,0,0,6,0,0,0,6,33,0,0,374,539,0,0,1,0,4,2,2,0,3,0,0,0,0,0,0,1,0,0,0,11,0,0,4,544,0,9,0,0,0,63,78,0,0,0,4,0,0,15,67
11,0,0,0,0,0,0,0,0,0,0,0,5,0,52,0,54,5,0,9,1,0,0,0,1,0,13,0,3,0,0,0,0,0,0,0,0,0,0,0,0,0,0,0,3,1,0,0,1,0,0,0,0,0,0,11,0,0,0,1,0,0,0,1,9,0,2,0,12,0,0,0,1,44,0,3,1,0,0,0,0,1,0,0,2,0,0,0,1,0,0,0,1,0,6,0,0,0,0,37,1,0,0,0,1,0,0,1,0,0,0
21,4,4,0,19,106,276,0,9,0,577,0,1,87,78,0,0,0,0,0,3,0,831,1,11,42,2,3,2,3,0,3,1,0,1,11,0,1,3,0,15,18,0,0,0,0,26,201,0,26,23,0,0,142,8,0,0,721,335,0,0,21,0,0,0,12,0,0,31,3,0,0,9,0,0,1,0,1,4,0,0,9,0,1605,0,2,0,1,0,4,1,0,0,491,0,0,1262,0,0,47,4,0,0,241,822,6,0,16,16,0,0
0,0,0,0,21,0,0,0,0,0,0,0,112,0,0,0,0,0,0,0,0,0,0,206,0,0,0,0,0,0,0,0,0,0,0,0,0,0,3,0,0,0,0,0,0,0,0,0,5,0,0,0,0,0,0,0,0,0,0,0,0,0,0,0,0,0,0,0,0,0,0,0,22,0,0,70,0,0,0,0,0,320,0,0,0,19,33,0,0,0,10,0,0,0,0,0,0,0,0,1,0,0,0,0,0,0,0,0,0,0,0
13,0,0,0,1,0,0,2,24,0,0,0,192,0,133,0,43,15,0,0,0,0,0,3,4,0,0,4,0,0,0,0,0,0,0,0,0,0,1,0,1,0,0,0,3,0,0,0,15,2,0,0,0,4,0,17,7,0,0,2,0,2,1,0,5,0,2,3,8,0,0,0,3,167,0,206,6,0,0,2,1,105,0,0,1,1,6,0,0,0,5,0,1,0,0,0,0,0,0,101,8,3,0,3,0,2,3,6,1,8,0
6,4,25,1,1,157,65,1,10,0,1,0,7,12,72,0,47,6,0,2,0,6,4,0,1,1,6,1,0,2,2,0,0,0,0,7,0,0,6,2,1,10,2,12,9,0,10,4,3,1,2,1,0,33,2,35,4,14,9,0,1,6,0,0,4,0,0,3,91,1,0,0,0,92,2,48,0,0,0,0,0,1,0,60,5,0,1,0,0,1,3,0,0,9,3,0,31,0,1,772,4,4,0,118,36,2,3,10,38,2,0
1,27,11,0,3,42,11,5,23,0,3,0,2,1,40,0,0,0,0,1,5,5,103,0,0,6,1,14,0,0,0,17,4,4,2,18,3,7,0,3,8,8,1,6,6,2,13,0,0,35,7,6,2,3,2,0,0,10,45,1,7,0,1,0,1,0,0,7,3,61,0,2,2,0,0,0,0,2,1,0,0,1,3,21,1,1,0,0,0,0,0,0,1,0,0,0,11,1,11,0,1,0,1,533,10,5,2,1,576,1,3
0,1,3,22,0,0,0,6,2,0,0,288,0,0,0,18,0,0,9,0,6,49,0,0,0,3,0,86,0,0,49,1,68,24,11,1,13,89,0,17,1,4,52,24,56,90,0,0,0,0,0,232,6,0,1,72,159,0,0,164,4,0,144,0,12,0,22,300,0,4,25,84,0,0,9,0,10,35,22,147,350,0,4,0,57,0,0,4,8,0,0,66,26,0,3,66,0,15,61,0,2,122,96,0,0,6,212,0,0,133,174
1,0,15,6,0,1,1,0,0,0,0,0,0,0,0,13,0,0,2,35,0,1,0,0,0,0,1,0,301,0,0,0,0,1,22,0,2,0,0,0,78,4,6,1,0,0,0,0,0,1,0,0,0,2,0,3,3,0,3,0,0,0,6,26,0,2,2,0,0,0,0,4,0,0,27,0,0,0,0,9,0,0,0,0,0,0,0,31,243,0,0,0,0,0,63,0,0,30,0,0,0,0,0,0,0,3,0,0,0,0,0
3,1,1,0,0,1,0,4,0,1,0,2,1,0,3,0,0,0,0,1,2,1,1,0,0,12,2,3,0,0,2,0,0,0,1,10,0,2,0,1,2,160,3,16,7,0,48,0,0,0,17,0,0,41,1,20,6,0,12,0,0,0,0,1,1,0,2,1,69,0,0,0,0,0,2,0,0,0,0,0,2,0,1,0,2,0,0,2,0,0,0,0,13,0,1,0,1,0,3,1,0,4,0,2,3,209,2,0,7,0,0
762,0,0,0,1,4,11,0,3,1,0,0,13,19,29,0,1,0,0,0,0,0,0,0,4,0,0,0,1,3,1,0,0,0,0,0,0,0,0,0,0,3,0,0,0,0,2,7,0,1,0,0,0,35,0,3,0,5,9,0,0,5,0,5,1,4,0,0,61,0,0,0,2,1,0,0,0,0,0,0,0,0,0,1,0,0,0,0,0,0,0,0,1,109,0,0,2,0,0,52,2,0,0,1,42,36,0,20,0,0,0
0,0,8,8,0,2,0,1,2,0,0,21,1,0,0,4,0,0,5,3,221,6,0,0,0,0,291,26,0,0,434,0,630,5,5,0,239,51,0,239,7,9,27,72,18,9,0,1,0,1,1,18,5,2,9,42,79,0,1,471,5,0,6,2,31,0,3,87,0,621,10,17,0,0,110,0,12,627,594,10,20,0,0,0,5,1,0,6,3,0,0,12,26,0,1,6,0,3,24,0,8,18,5,2,0,50,21,1,1,67,39
0,0,0,0,0,0,0,83,1,2,0,20,0,0,0,0,0,0,2,0,3,199,0,0,0,0,0,8,0,0,1,17,1,150,1,0,0,28,0,1,0,5,2,1,191,5,0,0,0,1,0,10,87,1,0,1,19,0,0,2,0,0,2,0,25,0,124,54,0,0,8,33,0,0,0,0,0,0,0,3,65,0,138,0,82,0,0,0,0,0,0,449,3,0,0,30,0,0,213,0,0,9,40,0,0,0,117,0,0,7,38
10,0,0,0,7,0,59,0,1,0,3,0,25,15,11,0,23,0,0,0,0,0,0,3,4,1,0,0,0,8,0,0,0,0,0,0,0,0,3,0,0,0,0,0,0,0,0,4,2,0,0,0,0,3,0,0,0,3,0,0,0,1,0,0,0,0,0,0,0,0,0,0,4,2,0,7,0,0,0,0,0,1,0,1,0,10,0,0,0,1,1,0,0,1,0,0,0,0,0,139,4,0,0,1,3,1,0,1839,0,0,0
34,0,1,0,0,1,0,0,4,0,0,0,15,0,263,0,3,533,0,16,8,0,0,0,0,0,11,1,1,1,1,0,0,0,0,1,0,0,0,0,3,2,0,0,1,0,0,0,67,2,0,0,0,0,0,1,1,0,1,1,0,0,0,0,4,0,1,4,7,0,0,0,1,156,1,15,0,0,1,2,0,9,0,0,0,0,2,0,2,0,3,0,0,0,1,1,0,0,1,4,0,0,0,1,1,0,0,2,0,0,0
59,2,0,0,0,2,17,1,19,0,4,0,2,110,23,0,1,0,0,1,0,0,0,0,2499,0,0,0,0,0,0,0,0,0,0,0,0,0,0,0,0,9,0,2,1,0,1,92,0,1,0,0,0,296,1,2,0,2,15,0,0,2673,0,1,1,2,0,0,6,0,0,0,0,1,0,0,0,0,0,0,0,1,0,1,2,0,0,0,0,2391,0,0,0,29,0,0,2,0,0,19,1860,0,0,3,13,6,0,7,0,0,0
55,471,6,2,16,12,0,5,630,5,0,0,28,0,24,3,71,34,0,2,0,5,2,7,2,1,0,24,1,2,0,18,2,7,1,5,0,3,0,0,4,2,0,9,3,0,3,0,120,43,1,19,3,11,0,17,3,0,6,4,4,8,4,3,7,0,1,1,12,5,1,1,2,81,6,12,0,5,3,1,4,7,7,0,14,1,2,4,1,0,2,0,12,0,6,4,0,0,0,33,17,5,0,21,2,26,13,11,9,2,8
0,2,2,3,0,0,1,79,2,37,0,73,0,0,1,0,0,0,0,0,29,125,0,1,0,1,4,195,0,0,26,18,15,93,13,0,4,364,0,8,2,15,126,216,172,10,3,0,0,1,0,96,97,0,0,111,366,0,3,114,389,0,41,0,235,0,241,269,0,2,8,45,0,0,6,0,3,40,10,100,192,0,68,0,134,0,0,4,13,0,0,161,130,0,0,17,0,4,166,0,0,22,17,0,0,14,227,0,1,22,33
1,5,13,1,5,0,1,107,15,64,3,49,2,6,1,5,0,2,5,6,83,197,7,0,0,15,2,339,5,0,28,39,33,121,9,0,21,363,0,45,6,32,263,709,304,17,14,0,0,2,33,163,126,4,2,468,903,6,23,124,40,0,25,1,753,0,416,437,9,8,7,95,2,3,26,0,1,17,14,53,164,0,52,0,123,1,1,5,10,0,0,138,185,0,1,25,2,5,106,0,3,33,29,7,0,397,171,1,4,34,44
0,6,0,0,1,0,0,916,1,577,0,5,0,0,0,0,0,0,0,0,31,389,0,0,0,1,0,201,1,0,0,282,4,687,0,0,1,43,0,1,0,19,5,4,315,0,3,0,0,22,0,3,808,1,0,0,10,0,3,33,32,0,0,0,534,0,279,24,4,0,0,7,0,0,0,0,0,3,0,3,6,0,781,0,119,0,0,1,0,0,0,181,392,0,0,1,0,0,127,0,1,0,4,0,0,7,70,0,0,0,1
2,1,0,0,55,0,0,0,2,0,0,0,98,0,31,0,0,0,0,0,0,0,0,57,0,0,0,0,0,1,0,0,0,0,0,0,0,0,4,0,0,0,0,1,0,0,0,0,4,1,0,0,0,0,0,0,0,0,0,3,0,0,0,0,0,0,0,1,0,0,0,0,57,0,0,85,0,0,0,0,0,721,0,0,0,34,16,0,0,0,5,0,0,0,0,0,0,0,0,1,0,0,0,0,0,1,0,0,0,0,0
119,0,0,0,3,0,0,0,14,0,0,0,166,3,161,0,84,1197,0,14,0,0,0,21,7,0,4,0,4,2,2,0,0,0,0,0,0,0,0,0,0,0,0,0,1,0,0,0,1161,0,0,0,0,9,0,1,3,0,1,2,0,2,0,4,4,0,1,1,5,0,0,0,1,832,1,76,0,0,0,1,0,39,0,0,0,2,19,0,0,0,12,0,1,0,1,0,0,0,0,26,1,0,0,0,0,1,1,7,0,1,0
258,0,0,0,19,20,1281,0,17,0,1827,0,17,1773,280,0,0,0,0,1,0,0,766,10,64,30,2,0,0,14,0,2,0,0,0,9,0,0,11,0,5,5,0,0,1,0,4,2227,1,9,14,0,0,125,3,1,0,1062,179,0,0,39,0,1,0,2,0,0,20,0,0,0,7,1,0,1,0,0,0,0,0,54,1,516,0,2,10,0,0,2,7,0,0,2040,0,0,126,0,0,183,12,0,0,70,941,14,0,37,7,0,0
1,2,755,57,0,46,13,2,2,2,0,0,0,0,3,75,0,0,15,900,14,304,0,0,1,5,26,13,435,0,5,12,2,38,292,20,22,2,0,5,677,19,118,4,37,9,23,0,0,3,4,0,0,5,8,23,14,0,36,0,0,0,20,150,2,36,4,9,31,9,42,126,0,0,50,0,1,0,3,40,1,0,1,0,3,0,0,288,441,0,0,1,3,0,91,53,1,117,5,1,1,4,1,31,0,2,1,0,43,0,5
0,0,23,2,0,392,21,2,7,1,0,0,0,1,2,0,0,0,0,15,12,0,4,0,3,295,6,2,4,0,6,0,1,0,3,871,0,3,0,0,20,293,5,4,9,0,179,2,0,4,225,0,0,75,17,4,0,0,60,0,0,0,1,2,6,8,1,4,878,1,0,0,0,1,9,0,0,1,2,1,0,0,3,0,9,0,0,4,3,0,0,1,1,0,3,0,35,2,0,3,2,0,0,57,13,34,1,1,150,0,1
0,12,55,2,2,176,32,8,11,0,9,2,0,20,8,0,0,0,0,5,1,13,24,0,5,1031,0,16,11,0,1,18,4,7,9,641,5,13,2,5,40,398,14,18,12,2,1210,4,0,7,1240,2,1,145,9,8,8,22,219,0,2,0,0,1,0,14,3,3,480,6,2,4,5,1,6,0,0,8,1,6,1,0,4,31,5,2,0,10,0,0,0,2,2,1,0,2,34,7,8,0,3,6,0,316,46,61,2,3,735,1,6
0,5,9,0,0,9,1,5,1,0,18,0,0,1,0,0,0,0,0,1,0,0,1,0,2,56,0,8,1,0,0,3,0,2,0,74,0,1,0,0,4,195,0,0,6,0,247,0,0,2,370,0,2,13,2,0,0,11,180,2,0,0,0,0,4,9,0,0,2,1,0,1,0,0,1,0,0,1,0,1,0,0,5,0,2,0,0,0,0,0,0,2,1,0,0,0,2,0,0,0,0,0,0,23,25,7,1,0,14,0,0
0,0,13,87,0,0,1,0,0,0,0,11,0,0,0,53,0,0,8,3,1,1,0,0,0,0,0,7,93,0,1,0,5,1,40,0,3,6,0,8,42,5,32,4,2,33,0,0,0,0,0,1,0,0,0,27,13,0,0,0,0,0,186,6,0,0,0,7,0,5,7,14,0,0,55,0,11,1,1,513,3,0,0,0,0,0,0,180,166,0,0,1,0,0,115,7,0,239,1,0,0,12,5,0,0,1,1,0,0,74,24
0,0,7,11,0,0,0,0,0,0,0,0,0,0,0,5,0,0,20,0,0,9,0,0,0,0,0,0,1,0,1,0,3,0,319,0,4,0,0,1,9,1,4,0,1,9,0,0,0,0,0,0,0,0,0,0,1,0,0,0,0,0,2,0,0,0,0,2,0,0,18,150,0,0,9,0,1,0,2,41,0,0,0,0,0,0,0,12,0,0,0,0,0,0,2,17,0,14,1,0,0,0,1,0,0,0,0,0,0,4,2
96,0,0,0,0,0,1,0,19,0,0,0,29,1,42,1,1110,40,0,11,0,0,0,8,1,0,23,0,0,0,3,0,0,0,0,0,0,0,0,0,0,0,0,0,3,0,0,0,78,0,0,0,0,0,0,10,1,0,0,0,0,4,1,2,10,0,1,1,1,0,0,0,1,298,4,28,1,0,0,0,0,4,0,0,4,0,0,0,1,0,1,0,1,0,13,0,0,0,0,148,2,1,0,0,0,0,0,6,0,2,0
0,0,20,32,0,28,1,1,0,7,1,8,0,6,3,22,0,1,12,19,707,23,10,0,0,16,655,3,2,0,402,5,387,33,15,1,833,31,0,685,14,11,30,22,33,25,1,0,0,0,1,2,11,2,758,9,19,0,8,32,0,0,9,6,21,1,10,107,11,275,18,39,0,0,256,0,11,52,221,11,5,0,2,0,25,0,0,19,4,0,0,5,0,0,4,10,0,20,33,0,4,13,9,15,0,12,3,0,8,36,28
4,0,0,0,514,0,1,0,1,0,0,0,13,0,17,0,1,0,0,0,0,0,1,61,0,0,0,0,0,1581,0,0,0,0,0,0,0,0,1227,0,0,0,0,0,0,0,0,0,1,0,0,0,0,0,0,0,0,0,0,0,0,0,0,0,0,0,0,0,0,0,0,0,760,0,0,90,0,0,0,0,0,37,0,0,0,35,1549,0,0,0,1464,0,0,0,0,0,0,0,0,17,0,0,0,0,0,0,0,96,0,0,0
8,0,0,0,327,0,0,0,0,0,0,0,13,0,2,0,0,0,0,0,0,0,0,682,0,0,0,0,0,2,0,0,0,0,0,0,0,0,4,0,0,0,0,0,0,0,0,0,1,0,0,0,0,0,0,0,0,0,0,0,0,0,0,0,0,0,0,0,0,0,0,0,51,0,0,7,0,0,0,0,0,43,0,0,0,989,91,0,0,0,11,0,0,0,0,0,0,0,0,0,0,0,0,0,0,0,0,6,0,0,0
45,0,0,0,5,0,0,0,11,0,0,0,690,3,77,0,252,14,0,0,0,0,0,15,3,0,0,1,0,12,0,0,0,0,0,0,0,0,4,0,0,0,0,0,1,0,0,1,123,0,0,0,0,1,0,19,4,0,1,0,0,3,0,0,5,0,2,2,1,0,0,0,20,288,0,1455,0,0,0,1,0,173,1,0,1,4,31,0,0,0,23,0,0,1,0,0,0,0,0,221,9,1,0,0,0,4,0,9,0,2,0
4,0,0,0,1,0,102,0,2,0,5,0,13,52,20,0,9,0,0,1,0,0,0,0,0,0,0,0,0,32,0,0,0,0,0,0,0,0,25,0,0,0,0,0,0,0,0,14,1,0,0,0,0,5,0,1,0,6,1,0,0,1,0,0,0,0,0,0,0,0,0,0,4,2,0,14,0,0,0,0,0,6,0,2,0,0,5,0,0,0,11,0,0,0,0,0,0,0,0,154,2,0,0,1,4,0,0,241,0,0,0
0,0,0,2,0,0,0,0,0,0,0,3,0,0,0,6,0,0,3,1,0,8,0,0,0,0,1,4,12,0,6,0,2,0,23,0,0,17,0,1,6,3,91,23,4,3,0,0,0,0,0,1,0,1,0,31,52,0,0,10,0,0,4,5,14,0,7,22,0,0,1,16,0,0,14,0,3,1,5,9,3,0,0,0,5,0,0,6,22,0,0,4,5,0,19,4,0,15,8,0,0,1,2,0,0,2,11,0,0,5,5
1,1,25,0,0,0,1,47,0,69,0,4,0,1,0,2,0,0,0,16,7,9,0,0,0,0,0,236,10,0,11,3,23,6,9,0,1,196,0,7,53,70,16,72,11,5,2,0,0,0,2,0,14,2,15,31,31,0,0,47,54,0,7,6,140,7,17,22,0,4,2,5,0,0,35,0,2,12,10,120,7,0,47,0,69,0,0,25,7,0,0,29,151,0,22,0,0,39,408,0,0,7,5,3,0,48,55,0,0,12,20
7,2,24,0,6,485,330,0,21,0,10,0,3,30,20,0,7,0,0,2,0,1,12,0,1,13,2,1,8,6,0,1,2,0,4,8,3,1,7,1,11,20,2,8,1,0,6,18,1,1,1,0,1,49,71,0,1,13,17,1,0,0,0,2,3,9,0,0,7,5,0,0,9,5,1,1,0,1,1,1,0,3,0,49,0,1,1,2,0,0,2,0,0,2,2,0,78,0,3,70,0,0,0,212,12,1,0,205,14,0,1
3,2,54,3,0,14,0,0,0,0,0,0,0,0,3,1,0,0,7,378,11,7,0,0,0,0,26,1,112,0,10,0,0,2,173,0,5,1,0,2,166,20,55,3,2,0,7,0,0,0,1,0,0,8,35,11,11,0,21,0,0,0,1,787,3,818,1,1,30,1,5,14,0,0,21,0,0,2,1,2,0,0,0,0,4,0,0,22,0,0,0,1,0,0,39,1,3,4,1,0,0,0,0,1,0,5,0,0,0,0,0
0,19,0,0,0,0,0,78,2,105,0,0,0,0,6,0,0,0,0,2,1,2,0,0,0,0,0,184,3,0,16,278,0,11,0,0,0,5,0,0,2,5,0,0,2,0,3,0,1,337,0,1,2,0,0,1,2,1,7,150,34,0,3,0,57,0,0,4,3,2,0,0,0,0,1,0,0,0,5,2,2,20,57,0,17,0,0,0,0,0,0,2,152,0,0,0,0,0,10,0,0,0,0,1,0,2,8,0,1,7,0
3,3,1,0,228,6,15,0,4,0,0,0,5,2,50,0,0,1,0,0,0,0,1,7,1,0,0,1,0,751,0,0,0,0,0,0,0,0,1089,0,0,0,1,3,0,0,0,2,0,1,0,0,0,2,0,0,0,3,5,0,0,0,0,0,0,0,0,0,1,0,0,0,901,0,0,36,0,0,0,0,0,30,0,0,0,47,266,0,0,0,218,0,0,0,0,0,0,0,0,17,0,0,0,23,0,0,0,42,1,0,0
1,1,0,0,26,0,0,0,3,0,0,0,4,0,3,0,0,0,0,0,0,0,0,3,0,0,0,0,0,0,0,0,0,0,0,0,0,0,7,0,0,0,0,0,1,0,0,1,0,1,1,0,0,0,0,0,0,0,0,0,0,0,0,0,0,0,0,0,0,0,0,0,16,0,0,0,0,0,0,0,0,11,0,0,0,61,5,0,0,0,1,0,0,0,0,0,0,0,0,0,0,0,0,3,0,0,0,0,1,0,0
