0.65201,0.91532,0.74933,0.39088,0.40239,0.50861,0.72697,0.60364,0.67086,0.65399,0.72313,0.46608,0.3039,0.88087,0.57143,0.36758,0.66721,0.56604,0.52896,0.59914,0.54778,0.31255,0.76314,0.7349,0.95202,0.63488,0.51402,0.37108,0.35106,0.63418,0.47036,0.66073,0.48894,0.57025,0.34186,0.61988,0.62182,0.28827,0.56988,0.46505,0.33188,0.33109,0.22855,0.50903,0.17617,0.23928,0.64,0.72199,0.76565,0.79941,0.45455,0.29591,0.55526,0.83591,0.78007,0.37775,0.23155,0.67898,0.35045,0.31604,0.77113,0.96154,0.20445,0.58618,0.51415,0.88248,0.26825,0.25674,0.48209,0.65508,0.57526,0.33575,0.49718,0.46618,0.58356,0.77686,0.5871,0.71508,0.59355,0.31015,0.23973,0.35081,0.63611,0.84424,0.25828,0.83652,0.74585,0.39298,0.21105,0.99665,0.74371,0.38924,0.60861,0.7662,0.22357,0.56691,0.74605,0.16328,0.37124,0.39069,0.9661,0.50133,0.52195,0.36261,0.43847,0.60209,0.21387,0.68263,0.55855,0.32996,0.57604
0.55711
0,0,0,437,0,0,0,0,0,0,0,17,0,0,0,415,0,0,300,0,1,1,0,0,0,0,1,0,10,0,4,0,16,0,2,0,65,0,0,55,25,0,3,0,5,138,0,0,0,0,0,1,0,0,0,2,9,0,0,0,0,0,96,9,0,0,0,9,0,15,118,81,0,0,18,0,455,3,20,0,3,0,0,0,0,0,0,83,48,0,0,0,0,0,35,66,0,193,0,0,0,21,8,0,0,0,0,0,0,228,48
0,0,0,17,0,0,0,4,1,0,0,584,0,0,0,36,0,0,1,0,0,10,0,0,0,0,0,0,0,0,1,9,4,10,0,0,3,4,0,4,8,4,0,4,24,279,0,0,0,0,0,290,4,0,0,3,72,0,0,2,0,0,82,0,1,0,46,287,0,0,49,24,0,0,0,0,3,2,2,8,286,0,9,0,13,0,0,3,21,0,0,33,0,0,0,54,0,1,3,0,1,564,428,0,0,2,41,0,0,31,625
22,0,1,80,1,1,0,0,3,1,1,67,2,1,30,109,4,1,62,5,2,17,1,0,6,9,2,3,19,1,1,0,9,1,3,0,23,7,0,13,86,20,107,30,39,186,0,2,0,1,0,7,3,7,0,112,139,0,1,0,0,4,101,0,29,0,1,77,6,3,40,106,1,3,18,3,21,1,4,14,17,0,2,1,2,0,0,42,240,0,6,4,0,10,49,55,3,167,1,1,1,69,32,0,0,33,7,2,0,68,63
0,0,4,239,0,0,0,0,0,0,0,0,0,0,0,175,0,0,557,22,0,13,0,0,0,0,4,0,136,0,4,0,4,0,88,0,90,0,0,9,112,0,33,0,9,21,0,0,0,0,0,1,0,0,2,0,0,0,0,0,0,0,28,268,0,0,0,0,0,11,33,108,0,0,11,0,94,2,7,13,3,0,0,0,0,0,0,470,28,0,0,0,0,0,107,23,0,179,1,0,0,0,0,0,0,0,0,0,0,28,1
0,0,1,58,0,0,0,0,2,0,0,29,0,0,0,112,0,0,1,0,0,0,0,0,0,0,0,0,4,0,0,0,1,0,4,0,1,0,0,2,26,0,0,0,0,121,0,0,0,0,0,3,0,0,0,0,2,0,0,0,0,0,202,0,0,0,1,3,0,2,2,1,0,0,0,0,3,4,0,2,3,0,0,0,0,0,0,8,24,0,0,0,0,0,3,4,0,32,0,0,0,29,2,0,0,0,0,0,0,22,15
1,0,15,23,0,16,1,0,3,1,0,22,0,1,3,27,0,1,27,31,12,30,0,0,0,29,16,1,135,0,7,0,16,2,41,6,28,24,0,13,227,29,205,135,134,59,6,2,0,1,1,24,5,1,1,584,141,0,2,3,0,1,52,13,24,7,12,44,1,12,5,34,1,1,32,0,20,11,11,43,14,0,0,0,11,0,0,92,256,0,0,2,1,0,217,11,4,114,3,0,3,29,7,1,0,158,12,0,2,29,4
0,0,0,80,0,0,0,1,0,0,0,17,0,0,0,95,0,0,19,0,0,33,0,0,0,0,0,0,0,0,0,6,3,18,2,0,13,0,0,12,1,2,7,0,87,70,0,0,0,0,0,1,4,0,0,0,34,0,0,0,0,0,6,0,5,0,14,19,0,1,558,464,0,1,0,0,8,3,0,0,0,0,0,0,0,0,0,2,14,0,0,13,0,0,3,538,0,18,0,0,0,51,77,0,0,0,2,0,0,19,69
1,0,0,2,0,0,0,0,1,0,0,0,3,0,0,2,66,11,0,7,0,0,0,0,0,0,1,1,4,0,0,0,0,0,0,0,0,0,0,0,0,0,3,0,1,0,0,0,2,0,0,0,0,1,0,3,1,0,0,1,0,1,0,3,10,0,1,0,11,0,0,1,1,73,10,1,0,0,0,0,0,1,1,0,0,0,0,0,0,0,0,4,1,0,1,0,1,8,0,54,0,0,0,0,0,0,0,0,1,0,0
22,5,9,0,16,106,254,1,12,1,608,0,9,50,122,0,0,5,0,5,2,0,286,1,5,9,31,4,0,2,0,0,2,0,3,31,0,1,2,0,0,28,0,0,0,0,29,370,0,17,16,0,0,20,10,0,0,613,587,0,1,6,0,5,1,18,0,1,49,3,0,0,5,7,0,1,0,2,2,2,0,14,0,1729,0,5,0,0,0,5,2,0,0,494,0,0,1275,0,0,22,9,0,0,266,962,0,1,20,23,0,0
0,0,0,0,33,0,0,0,0,0,0,0,305,0,1,0,0,0,0,0,0,0,0,129,0,0,0,0,0,1,0,0,0,0,0,0,0,0,3,0,0,0,0,0,0,0,0,0,3,0,0,0,0,0,0,0,0,0,0,0,0,0,0,0,0,0,0,0,0,0,0,0,9,0,0,25,0,0,0,0,0,254,0,0,0,17,37,0,0,0,4,0,0,0,0,0,0,0,0,0,0,0,0,0,0,0,0,1,0,0,0
1,0,0,0,4,0,0,1,50,0,0,2,134,1,9,0,44,32,0,6,0,0,0,1,2,0,0,19,0,0,1,0,0,0,0,0,0,0,1,0,2,0,0,4,0,2,0,0,12,0,0,3,0,6,0,0,1,0,0,8,0,2,0,1,5,1,1,5,6,0,0,0,0,271,0,160,11,0,0,1,0,77,0,0,0,2,7,0,0,0,6,1,1,0,1,0,0,1,0,215,2,0,0,2,3,2,3,11,1,1,0
5,1,29,0,0,219,19,7,4,0,0,1,3,2,20,0,17,5,0,11,0,3,1,0,0,2,11,8,0,9,0,0,0,0,2,20,0,1,7,1,0,12,0,7,7,7,11,25,0,0,1,0,0,13,0,16,8,10,24,0,1,3,0,0,6,0,1,7,94,0,1,0,0,57,1,24,0,0,0,0,0,7,3,51,3,0,2,0,3,1,4,5,0,10,0,0,36,1,0,890,2,4,0,95,35,1,3,20,39,0,0
0,8,11,0,12,59,12,2,36,0,5,0,1,0,29,0,0,1,0,4,11,2,52,0,0,1,3,7,0,0,0,5,9,3,8,21,1,11,1,1,0,8,0,6,5,0,14,2,0,18,8,5,12,0,2,0,2,3,89,0,6,0,0,0,0,0,0,0,4,95,0,1,2,2,0,0,0,12,0,5,0,7,3,19,2,0,0,1,0,0,0,2,1,0,0,0,2,1,8,0,1,0,2,611,9,0,0,1,501,0,0
0,0,1,10,0,1,0,9,1,1,0,295,0,0,0,16,0,0,5,0,1,35,0,0,0,2,0,2,2,0,56,7,104,18,4,1,10,58,0,42,99,5,25,33,66,121,0,0,0,0,0,310,20,0,0,46,169,0,2,166,3,0,130,0,17,0,66,343,0,6,23,52,0,0,7,0,11,33,37,49,284,0,2,0,87,0,0,5,97,0,0,71,3,0,2,49,0,18,37,0,0,202,115,0,0,38,86,0,1,70,163
0,0,22,5,0,0,1,0,0,0,0,0,0,0,1,2,0,0,2,49,0,2,0,0,1,1,7,0,386,0,2,0,0,0,66,0,3,0,0,0,41,1,13,1,2,0,3,0,0,0,0,0,0,0,0,2,1,0,0,0,0,0,6,29,0,0,1,0,0,0,0,5,0,0,0,0,2,0,0,2,0,0,0,0,1,0,0,51,15,0,0,0,0,0,197,1,0,22,0,0,0,0,0,0,0,1,0,0,0,2,0
0,0,0,0,0,4,0,1,2,2,0,1,0,0,5,0,0,0,1,4,3,1,0,0,1,133,6,6,0,0,0,0,0,0,2,5,0,3,0,2,1,239,0,12,4,0,84,1,0,0,3,0,1,1,0,14,2,0,8,0,0,0,1,2,2,1,1,2,76,1,0,0,0,0,1,0,0,0,0,0,2,0,3,0,8,0,0,0,1,0,0,0,1,0,1,0,2,1,3,0,1,4,1,0,7,19,7,0,17,0,0
860,0,0,0,0,2,11,0,4,1,2,0,2,8,33,0,2,1,0,7,6,0,1,0,5,0,3,2,1,1,1,0,0,0,0,1,0,0,0,0,0,22,0,0,0,0,1,5,0,1,1,0,0,7,0,2,0,6,0,0,0,4,0,21,1,3,0,0,63,1,0,0,0,1,0,0,0,0,0,0,0,0,0,0,0,1,1,0,0,0,1,0,0,58,0,0,7,0,0,26,3,0,0,3,44,2,0,24,0,0,0
0,0,3,1,1,2,0,0,3,1,0,47,0,0,2,0,0,0,6,1,300,10,0,0,1,4,73,1,0,0,292,2,641,2,8,0,267,47,0,494,9,12,12,35,35,11,0,1,0,0,0,15,19,0,14,30,30,0,0,268,2,0,6,2,24,1,5,28,0,735,8,6,0,1,291,0,28,640,663,19,13,0,1,0,45,0,0,11,24,0,0,8,0,0,12,2,0,3,30,0,3,24,6,0,0,40,16,0,2,21,8
0,0,0,0,0,0,0,134,2,8,0,9,0,0,0,0,0,0,0,0,0,159,0,0,0,0,0,0,0,0,2,62,5,139,0,0,0,31,0,1,0,4,0,0,84,2,0,0,0,1,0,48,76,0,0,1,16,0,0,0,0,0,4,0,26,0,280,73,0,0,29,25,0,0,0,0,0,3,1,8,38,0,83,0,50,0,0,0,3,0,0,499,12,0,0,29,0,0,100,0,0,14,46,0,0,3,154,0,0,1,17
22,0,0,0,1,16,7,0,3,0,1,0,9,17,4,0,34,2,0,0,1,0,0,0,2,0,1,0,0,9,0,0,0,0,0,0,0,0,1,0,0,0,0,0,0,0,0,10,4,0,0,0,0,8,0,0,0,3,0,0,0,0,0,0,0,0,0,0,1,0,0,0,2,2,0,4,0,0,0,0,0,5,0,0,0,6,4,0,0,1,4,0,0,2,0,0,0,0,0,101,1,0,0,0,3,0,0,1910,0,0,0
1,0,0,0,1,0,0,0,5,0,2,0,7,0,13,0,3,703,0,48,9,0,0,0,1,1,10,11,0,0,1,0,1,0,0,1,0,1,0,2,2,0,3,2,0,0,0,0,78,1,0,0,0,0,0,0,0,0,1,0,0,0,0,0,2,0,0,1,5,0,0,0,0,214,2,9,1,1,1,0,0,11,0,0,0,0,4,0,0,0,0,2,0,0,1,0,0,1,1,18,1,0,0,1,4,0,0,2,1,1,0
30,2,0,0,0,1,15,0,28,0,1,0,1,69,152,0,0,2,0,1,0,0,0,0,1865,0,3,2,0,0,0,0,0,0,0,1,0,0,0,0,0,26,0,0,0,0,0,21,0,1,0,0,0,1029,0,2,0,19,0,0,0,1400,0,3,0,5,0,0,14,0,0,0,0,1,0,0,0,1,0,0,0,0,0,0,0,0,0,0,0,2978,0,0,0,27,1,0,52,0,0,10,2394,0,0,3,15,0,1,4,0,0,0
38,508,6,2,14,4,0,9,640,6,1,1,7,0,7,1,87,46,0,7,8,3,2,2,2,2,5,79,0,1,0,4,0,7,3,8,0,1,1,0,0,5,2,5,9,12,5,0,100,36,2,15,0,22,0,12,6,1,0,2,2,5,3,4,0,0,0,4,5,7,2,1,0,77,0,10,0,6,1,9,10,7,9,0,8,0,2,4,2,0,4,1,8,0,7,0,0,0,4,33,8,4,0,23,3,8,9,11,6,2,5
0,1,4,0,1,0,0,110,0,41,0,56,0,0,1,0,0,0,1,0,10,74,0,0,0,2,1,41,1,0,42,104,35,99,3,0,3,358,0,17,55,8,85,251,68,17,4,0,0,0,2,242,97,0,0,103,166,0,0,113,374,0,36,0,211,0,225,158,2,2,7,29,0,0,7,0,4,43,12,93,239,0,70,0,288,0,0,6,36,0,0,186,66,0,9,7,0,4,213,0,0,34,22,2,0,166,231,0,1,29,14
1,3,3,1,11,8,0,158,6,157,5,38,1,3,10,1,0,1,3,11,63,108,1,0,2,94,2,55,6,0,33,121,81,148,3,2,27,386,1,38,42,67,130,705,210,30,18,3,0,5,38,427,181,0,4,504,295,6,8,37,27,0,28,0,672,0,294,216,7,5,10,54,3,4,19,0,2,29,20,130,208,0,104,0,304,1,1,11,61,0,0,181,144,0,9,20,0,9,161,0,1,42,39,7,4,805,256,1,1,33,20
0,1,0,0,1,0,0,830,0,860,0,1,0,0,0,0,0,0,0,0,1,186,0,0,0,1,0,367,0,0,7,742,4,763,1,0,2,56,0,0,0,16,2,4,76,0,2,0,0,20,0,15,623,0,1,0,5,0,0,16,33,0,0,0,160,0,97,6,2,1,0,4,0,0,0,0,0,3,0,66,19,0,673,0,66,0,0,0,0,0,0,189,650,0,0,3,0,0,123,0,2,0,0,1,1,2,244,0,0,2,0
0,1,0,0,63,0,0,0,1,0,0,0,530,0,4,0,0,1,0,0,0,0,0,30,0,0,0,9,0,0,0,0,0,0,0,0,0,0,3,0,0,0,0,0,0,0,0,0,2,0,0,0,0,0,0,1,0,0,0,7,0,0,0,0,0,0,0,0,1,0,0,0,12,6,0,23,0,0,0,0,0,435,0,0,0,32,14,0,0,0,4,0,0,0,0,0,0,0,0,0,0,0,0,1,0,0,0,0,0,1,0
14,0,0,0,17,0,0,0,26,0,2,0,41,2,38,0,62,1200,0,8,2,0,0,14,9,0,2,8,0,0,0,0,0,0,0,0,0,0,0,0,2,4,4,0,1,0,0,0,1235,0,0,0,0,17,0,2,0,0,0,0,0,1,0,3,1,0,0,0,13,0,0,0,0,1082,0,44,0,0,1,0,0,33,0,0,0,1,34,0,0,0,22,0,0,0,0,0,0,0,0,62,0,0,0,0,1,1,0,8,0,0,1
260,0,0,0,15,32,1326,0,21,0,1763,0,60,1575,792,0,0,10,0,2,2,0,1176,6,50,7,9,0,0,14,0,0,0,0,0,15,0,0,12,0,0,22,1,0,0,0,6,1579,4,9,5,0,0,61,1,0,0,1489,158,0,0,23,0,2,1,7,0,0,21,0,0,0,6,8,0,0,0,0,0,0,0,43,1,217,0,4,7,0,0,3,7,0,0,1986,0,0,156,0,0,78,18,0,0,87,901,0,0,61,11,0,0
0,2,1121,68,0,22,20,8,0,1,0,1,0,2,3,62,0,0,9,840,3,421,0,0,0,7,59,4,528,0,7,8,0,65,468,36,17,3,0,5,235,16,250,4,150,8,26,0,0,10,2,0,3,0,11,20,29,0,5,0,0,0,35,80,3,29,6,9,25,10,32,165,0,0,5,0,5,4,4,16,3,0,2,0,3,0,0,121,46,0,0,11,0,0,258,55,2,73,4,1,3,2,0,37,1,3,6,0,40,3,5
0,0,25,2,0,51,33,9,8,1,0,0,0,3,6,0,0,0,0,12,2,0,0,0,3,231,27,3,3,0,7,2,1,1,15,1135,1,2,0,0,4,353,8,8,6,0,219,2,0,0,199,0,0,1,14,3,4,0,156,0,0,0,1,2,3,6,2,3,875,3,0,2,0,1,6,0,0,1,1,1,2,1,8,0,2,0,0,0,1,0,0,8,0,0,6,0,36,3,2,2,7,0,0,33,18,1,3,2,209,0,0
0,4,52,1,3,117,29,5,11,0,10,1,0,15,14,2,0,0,0,7,2,7,7,0,3,1125,9,6,4,0,1,4,6,8,27,423,1,13,1,1,10,540,9,22,17,6,1280,20,0,11,705,6,3,0,9,3,11,11,569,0,0,0,3,1,0,7,3,5,477,5,3,2,5,3,1,0,1,8,2,10,3,0,10,21,3,2,1,3,5,0,0,0,2,1,4,2,49,6,5,0,4,3,0,264,87,4,8,4,1159,0,0
0,2,11,0,0,0,2,1,1,0,34,0,0,0,5,0,0,0,0,0,0,1,0,0,0,87,1,2,0,0,0,0,0,3,1,50,0,1,0,0,1,83,0,1,3,0,266,0,0,4,552,1,1,0,4,0,0,6,40,0,0,0,0,0,5,2,0,0,2,0,0,0,0,0,0,0,0,6,1,5,0,0,9,0,1,0,0,0,0,0,0,1,1,0,0,0,5,1,0,0,9,0,1,20,72,0,2,0,27,0,0
0,0,11,28,0,0,1,0,0,0,0,13,0,0,0,34,0,0,5,0,0,7,0,0,0,0,0,0,194,0,2,0,5,1,65,0,1,2,0,3,534,2,10,5,7,38,0,0,0,0,0,2,1,0,0,6,37,0,0,0,0,0,147,12,0,0,0,7,0,2,7,18,0,0,4,0,59,2,1,49,1,0,0,0,3,0,0,181,207,0,0,0,0,0,140,2,0,193,2,0,0,8,6,0,0,0,0,0,0,64,7
0,0,1,3,0,0,0,0,0,0,0,0,0,0,0,2,0,0,17,1,0,158,0,0,0,0,1,0,1,0,0,0,1,2,217,0,6,0,0,2,15,0,14,0,26,3,0,0,0,0,0,0,0,0,0,0,3,0,0,0,0,0,6,0,0,0,0,0,0,0,19,110,0,0,1,0,10,0,1,2,0,0,0,0,0,0,0,10,7,0,0,1,0,0,3,21,0,14,1,0,0,0,1,0,0,0,0,0,0,4,0
2,0,0,3,1,0,1,1,35,0,0,1,6,1,2,1,1237,74,0,13,1,0,0,6,0,0,1,3,3,0,0,0,0,0,0,0,0,0,0,0,0,0,1,0,1,5,0,0,67,0,0,0,0,8,0,3,1,0,0,0,0,2,2,6,10,0,4,0,2,0,0,0,1,193,4,35,0,0,0,0,0,3,1,0,2,0,4,0,1,0,0,5,2,0,3,0,0,13,0,225,0,2,0,0,0,0,0,11,0,0,3
0,0,21,45,0,15,1,24,2,3,0,42,0,4,3,31,0,0,11,7,556,19,8,0,0,2,440,0,1,0,492,4,337,29,7,10,952,36,0,632,9,16,23,11,52,17,3,0,0,0,3,3,50,0,681,6,26,1,7,11,0,0,7,5,11,0,7,10,9,188,18,26,0,0,646,0,29,41,302,7,2,0,13,0,18,0,0,31,15,0,0,29,1,0,7,6,1,29,32,0,2,13,24,19,0,3,7,0,9,17,13
5,0,0,0,606,0,0,0,2,0,0,0,18,0,10,0,0,0,0,0,0,0,0,18,0,0,0,0,0,1347,0,0,0,0,0,0,0,0,1317,0,0,0,0,0,0,0,0,0,1,0,0,0,0,2,0,0,0,0,0,0,0,0,0,0,0,0,0,0,0,0,0,0,779,1,0,54,0,0,0,0,0,62,0,0,0,24,1661,0,0,0,1477,0,0,0,0,0,0,0,0,3,0,0,0,0,0,0,0,83,0,0,0
0,0,0,0,362,0,0,0,0,0,0,0,38,0,4,0,0,0,0,0,0,0,0,596,0,0,0,0,0,1,0,0,0,0,0,0,0,0,11,0,0,0,0,0,0,0,0,0,1,0,0,0,0,0,0,0,0,0,0,0,0,0,0,0,0,0,0,0,0,0,0,0,34,0,0,3,0,0,0,0,0,55,0,0,0,1049,68,0,0,0,8,0,0,0,0,0,0,0,0,0,0,0,0,0,0,0,0,7,0,0,0
23,0,0,0,7,0,0,1,18,0,0,0,522,1,26,0,282,23,0,2,2,0,0,7,1,0,0,3,0,11,0,0,0,0,0,0,0,0,4,0,2,0,0,0,0,1,0,0,102,0,0,0,0,19,0,2,1,0,0,0,0,3,0,0,7,0,1,0,4,1,0,0,6,300,0,1511,1,0,2,0,0,162,0,0,1,7,42,0,0,0,38,1,0,1,1,0,0,3,0,368,1,0,0,1,0,1,0,14,0,2,0
1,0,0,0,2,15,33,0,4,0,1,0,10,22,12,0,9,0,0,0,1,0,2,0,0,0,0,0,0,38,0,0,0,0,0,0,0,0,17,0,0,0,0,0,0,0,0,61,1,0,0,0,0,3,0,1,0,14,0,0,0,1,0,0,0,0,0,0,0,0,0,0,5,1,0,19,0,0,0,0,0,5,0,1,0,0,5,0,0,0,20,0,0,1,1,0,1,0,0,116,1,0,0,2,9,0,0,306,0,0,0
0,0,0,1,0,0,0,0,0,2,0,2,0,0,0,3,0,0,8,2,2,12,0,0,0,0,1,0,30,0,5,0,2,0,3,0,1,25,0,3,8,2,53,22,21,3,0,0,0,0,0,3,0,0,0,34,32,0,0,4,0,0,1,4,7,3,7,7,0,1,4,18,0,0,4,0,5,1,3,9,2,0,0,0,27,0,0,12,33,0,0,4,0,0,21,0,0,22,19,0,0,3,0,0,0,18,6,0,0,7,0
1,1,16,0,0,0,0,26,0,131,0,6,0,0,0,1,0,0,0,21,6,9,1,0,0,13,3,42,19,0,13,6,18,3,21,0,1,258,0,7,49,54,12,70,17,9,2,0,0,0,3,13,18,0,15,17,18,0,0,21,12,0,2,6,47,18,15,9,2,5,0,1,0,0,10,0,2,26,8,281,24,0,17,0,215,0,0,26,17,0,0,18,82,0,42,0,0,45,457,0,0,3,3,9,0,24,78,0,0,5,3
5,2,29,0,2,768,57,1,12,0,2,0,3,9,5,0,7,0,0,5,4,2,3,0,0,3,71,3,2,3,0,0,3,0,11,62,0,1,3,0,0,17,1,3,0,0,4,82,1,1,6,1,0,2,75,1,0,9,17,1,0,0,0,4,1,4,0,0,12,4,0,0,7,10,0,1,0,2,2,0,0,1,0,9,0,2,0,2,1,0,0,0,0,2,0,0,73,1,2,47,0,0,0,169,13,0,1,252,21,0,1
2,0,98,12,0,5,0,1,0,0,0,0,0,0,1,2,0,0,18,262,0,23,0,0,0,5,52,0,14,0,13,0,1,2,290,3,15,1,0,0,4,12,301,4,23,0,15,0,0,0,2,0,0,0,29,7,12,0,0,0,0,0,0,687,12,841,3,1,21,0,2,44,0,0,9,0,0,2,1,6,1,0,0,0,2,0,0,21,7,0,0,2,0,0,13,1,4,6,1,0,0,0,0,1,2,2,1,0,1,0,0
0,11,1,0,0,0,0,31,0,97,0,0,10,0,1,0,0,0,0,1,2,1,0,0,0,1,0,294,1,0,52,37,2,14,1,0,0,8,0,0,0,2,0,0,2,0,2,0,0,546,2,7,1,0,0,1,1,2,1,188,24,0,3,0,2,0,2,2,2,3,0,0,0,0,0,0,0,3,7,55,16,3,34,0,12,0,0,0,0,0,0,1,92,0,0,0,0,0,18,0,0,0,0,4,0,0,11,0,1,1,0
2,2,1,0,294,45,1,0,6,0,0,0,14,1,17,0,0,1,0,0,0,0,0,1,0,0,0,3,0,686,0,0,0,0,0,0,0,0,921,0,0,0,0,1,0,0,0,1,0,0,0,0,0,3,0,3,0,0,0,0,0,0,0,0,1,0,0,0,3,0,0,0,880,1,0,18,0,0,0,1,0,49,0,0,0,37,327,0,0,0,378,0,0,0,0,0,0,0,0,6,0,0,0,19,0,0,1,43,0,0,0
0,1,0,0,38,1,0,0,1,0,0,0,8,1,1,0,0,0,0,0,0,0,0,0,0,1,0,0,0,0,0,0,0,0,0,0,0,0,5,0,0,0,0,0,1,0,0,0,0,0,0,0,0,0,0,0,0,0,0,0,0,0,0,0,0,0,0,0,0,0,0,0,11,0,0,0,0,0,0,0,0,5,0,0,0,64,6,0,0,0,1,0,0,0,0,0,0,0,0,0,0,0,0,4,0,0,0,0,1,0,0
