0.69312,0.89205,0.7885,0.4111,0.58688,0.47907,0.79151,0.52937,0.54912,0.72214,0.74043,0.48841,0.3246,0.63642,0.70042,0.33465,0.64505,0.59353,0.56678,0.66109,0.45047,0.39099,0.87325,0.67423,0.98141,0.67681,0.57666,0.59786,0.33047,0.65686,0.55413,0.62916,0.46543,0.61812,0.29807,0.71221,0.64352,0.30769,0.69855,0.43145,0.411,0.35311,0.22956,0.41142,0.29548,0.32496,0.66356,0.71415,0.79463,0.70223,0.46833,0.255,0.5489,0.89124,0.77068,0.40127,0.15906,0.72025,0.36927,0.22931,0.54374,0.97425,0.19527,0.61444,0.50305,0.82478,0.36447,0.21695,0.52044,0.56561,0.42165,0.3893,0.57576,0.60287,0.70791,0.78816,0.6445,0.79045,0.60537,0.30695,0.26114,0.26111,0.55375,0.86481,0.31116,0.82105,0.77083,0.31687,0.23083,0.99523,0.66158,0.42105,0.67542,0.75978,0.30652,0.53125,0.7938,0.18655,0.47852,0.40464,0.96693,0.49442,0.43225,0.41623,0.46985,0.54225,0.23565,0.70755,0.58703,0.33243,0.59375
0.57349
0,0,0,437,0,0,0,0,0,0,0,14,0,0,0,338,0,0,254,0,1,2,0,0,0,0,0,0,13,0,1,0,14,0,4,0,23,0,0,56,18,0,7,0,28,118,0,0,0,0,0,1,0,0,0,2,7,0,0,1,0,0,102,6,0,0,0,2,0,16,204,47,0,0,8,0,562,4,18,0,1,0,0,0,0,0,0,57,76,0,0,0,0,0,60,120,0,133,0,0,0,18,5,0,0,0,0,0,0,246,40
0,0,0,13,0,0,0,6,0,1,0,590,0,0,0,40,0,0,1,0,0,1,0,0,0,0,0,0,0,0,0,6,1,5,1,0,1,3,0,3,17,1,0,11,26,375,0,0,0,0,0,311,2,0,0,1,51,0,0,3,0,0,89,0,1,0,56,249,0,1,29,28,0,0,0,0,4,0,3,1,293,0,5,0,10,0,0,1,22,0,0,40,0,0,0,48,0,0,0,0,0,532,386,0,1,12,30,0,0,40,646
22,1,1,64,0,4,1,0,2,1,1,59,1,3,27,114,1,2,35,3,1,15,0,0,5,4,0,2,28,2,0,0,17,1,7,1,8,11,0,15,66,6,134,62,45,161,1,2,1,1,1,6,2,0,0,99,105,0,1,0,0,2,123,2,36,0,2,29,3,3,122,54,0,3,6,4,23,2,7,2,11,0,1,2,8,1,1,53,271,0,1,2,0,6,55,98,22,152,0,2,2,60,37,0,1,52,7,5,0,61,69
0,0,0,268,0,0,0,0,0,0,0,0,0,0,0,137,0,1,488,5,0,51,0,0,0,0,2,0,125,0,2,0,1,0,184,0,146,1,0,4,48,0,15,1,42,8,0,0,0,0,0,1,0,0,1,1,12,0,0,0,0,0,21,225,0,3,0,0,0,12,68,99,0,0,5,0,102,1,7,1,0,0,0,0,0,0,0,385,39,0,0,0,0,0,170,35,0,170,0,0,0,0,2,0,0,0,0,0,1,48,0
0,0,0,48,0,0,0,0,0,0,0,20,0,0,0,130,0,0,1,0,0,0,0,0,0,0,0,0,2,0,0,0,1,1,2,0,1,0,0,2,19,0,0,1,0,106,0,0,0,0,0,1,0,0,0,0,4,0,0,0,0,0,198,0,0,0,1,8,0,0,6,1,0,0,0,0,5,2,1,0,4,0,0,0,0,0,0,6,47,0,0,0,0,0,10,2,0,28,0,0,0,21,3,0,0,0,0,0,0,27,20
1,0,20,17,0,18,2,1,3,0,0,19,0,3,4,37,0,0,14,46,27,20,0,0,1,20,3,0,153,0,2,0,19,1,53,15,9,31,0,20,112,25,255,193,71,48,7,2,0,2,0,15,3,0,3,697,151,0,2,1,1,0,62,25,28,20,4,16,1,18,25,11,1,0,23,0,17,7,11,13,11,0,4,1,18,0,0,125,184,0,0,6,2,0,172,21,3,143,1,0,1,35,17,0,0,171,9,1,3,20,9
0,0,0,85,0,0,0,0,0,0,0,12,0,0,0,78,0,0,13,0,0,16,0,0,0,0,0,0,0,0,0,3,2,19,0,0,6,1,0,10,0,0,5,2,281,53,0,0,0,0,0,1,1,0,0,0,53,0,0,0,0,0,8,0,7,0,22,8,0,0,444,422,0,0,0,0,14,2,2,0,0,0,2,0,1,0,0,0,40,0,0,16,0,0,1,544,0,6,0,0,0,50,77,0,0,3,7,0,0,29,44
0,0,0,1,1,0,0,3,1,2,0,1,1,1,0,1,125,2,0,1,1,0,0,0,0,0,0,1,5,0,3,0,0,0,0,0,0,0,0,0,0,0,2,0,0,0,0,0,1,0,0,0,0,0,0,1,1,0,0,1,1,0,0,5,0,0,0,0,11,0,0,6,1,44,7,1,1,0,0,1,1,0,0,0,0,0,1,1,0,0,1,5,2,0,0,0,1,2,0,44,1,0,0,0,0,1,0,1,0,0,0
42,9,10,0,8,123,210,0,11,0,591,0,17,80,143,0,2,10,0,55,4,0,188,2,3,10,31,1,1,2,0,0,2,0,1,28,0,0,2,0,0,27,0,0,1,0,18,429,0,21,19,0,0,15,13,0,0,488,620,0,0,3,0,7,2,10,0,0,25,0,0,0,7,2,0,3,0,1,1,2,0,28,0,1740,0,7,1,0,0,7,5,0,0,411,0,0,1409,1,0,26,11,0,0,244,1001,0,1,21,11,0,0
0,0,0,0,41,0,0,0,0,0,0,0,288,0,0,0,3,0,0,0,0,0,0,178,0,0,0,0,0,0,0,0,0,0,0,0,0,0,1,0,0,0,0,0,0,0,0,0,1,0,0,0,0,0,0,0,0,0,0,0,0,0,0,0,0,0,0,0,0,0,0,0,4,0,0,15,0,0,0,0,0,256,0,0,0,16,12,0,0,0,6,0,0,0,0,0,0,0,0,1,0,0,0,0,0,0,0,0,0,0,0
3,2,0,0,4,0,0,1,73,0,0,3,139,1,10,0,73,20,0,6,1,0,0,3,4,0,0,6,0,3,4,0,0,0,0,1,0,2,0,0,2,1,0,4,0,0,0,0,11,0,0,1,0,3,0,2,0,1,0,82,0,2,1,1,6,0,0,1,8,0,0,0,0,115,0,225,2,1,0,5,0,19,0,0,2,2,8,1,0,0,5,0,4,1,1,0,1,3,1,231,8,1,0,4,1,1,2,15,0,2,0
8,1,21,0,0,311,13,10,4,3,1,2,2,1,7,0,29,2,0,7,1,1,0,0,0,4,1,7,0,7,1,2,0,0,0,3,0,3,3,1,0,6,0,25,1,2,12,33,1,0,2,0,0,4,1,29,5,8,35,0,1,2,0,1,8,0,2,2,78,0,0,0,6,34,0,26,0,0,1,0,1,2,5,29,2,0,2,0,1,2,7,7,1,13,0,1,29,1,1,889,1,11,0,99,26,8,4,21,15,0,0
0,13,9,0,0,58,1,1,5,1,4,0,1,0,9,0,1,0,0,12,3,0,11,0,0,7,5,1,0,0,0,1,11,2,1,6,2,9,0,0,1,2,0,10,1,1,7,2,0,11,9,1,4,0,1,0,1,3,178,4,2,0,2,1,7,0,3,1,2,231,0,1,2,1,0,1,0,6,2,3,0,0,4,22,10,3,0,1,0,0,0,2,3,0,0,0,0,2,5,1,0,0,0,790,2,2,2,3,261,0,0
0,0,1,8,0,0,0,7,0,0,0,278,0,0,0,26,0,0,2,0,4,28,0,0,0,1,1,1,3,0,43,10,98,14,3,1,9,67,0,49,114,4,24,51,46,169,0,0,0,0,0,296,15,0,1,22,120,0,0,208,2,0,146,0,23,0,85,276,0,12,18,27,0,0,1,0,8,36,38,16,267,0,4,0,96,0,0,5,130,0,0,81,2,0,11,39,0,23,10,0,0,215,152,0,0,98,73,0,0,43,189
0,0,28,7,0,0,0,0,1,0,0,0,0,0,0,1,0,0,3,46,0,13,0,0,1,0,1,0,391,0,0,0,0,0,33,0,4,0,0,0,13,0,9,0,5,0,0,0,0,0,0,0,0,0,0,3,2,0,0,0,0,0,2,37,0,5,0,0,0,1,0,6,0,0,0,0,2,0,0,1,0,0,1,0,0,0,0,85,7,0,0,0,0,0,215,1,0,22,0,0,0,0,0,0,0,1,0,0,0,2,0
0,1,0,0,0,2,0,1,0,1,0,2,0,2,0,0,0,0,0,6,0,0,0,0,0,127,0,3,0,0,0,0,0,0,1,8,0,2,0,1,1,227,1,31,2,0,111,0,0,0,22,0,1,0,0,10,1,0,7,0,0,0,0,4,2,0,0,0,74,0,0,0,0,0,1,0,0,0,0,1,0,0,1,0,10,0,0,1,1,0,0,0,0,1,1,0,4,1,2,1,0,1,1,1,3,14,2,0,19,0,0
917,1,0,0,0,6,8,1,4,0,1,0,3,16,36,0,4,2,0,14,4,0,1,0,3,0,0,1,0,3,1,0,0,0,0,0,0,0,0,0,0,26,1,3,0,0,1,5,2,1,1,0,0,2,2,0,0,4,1,0,0,3,1,20,1,3,0,0,15,0,0,0,1,1,0,0,0,1,0,0,0,0,0,0,0,1,3,0,0,0,1,0,1,46,1,0,3,0,0,14,2,0,0,0,43,1,1,25,0,0,0
0,0,3,7,2,1,0,1,0,1,0,24,0,0,0,2,0,0,0,1,523,4,0,0,0,3,101,0,2,0,236,2,626,5,6,0,250,43,0,549,8,13,10,42,20,8,0,0,0,0,0,10,20,0,7,28,25,0,0,241,6,0,3,2,44,6,1,19,0,625,10,2,0,0,213,0,24,679,744,5,11,0,6,1,39,0,0,14,9,0,0,4,0,0,5,3,0,7,26,1,0,11,20,0,0,23,18,0,3,18,2
0,0,0,0,0,0,0,192,1,14,0,7,0,0,0,1,0,0,0,0,0,52,0,0,0,0,0,10,0,0,0,138,3,86,0,0,0,27,0,1,5,0,0,9,35,2,0,0,0,1,0,37,68,0,0,0,26,0,0,1,1,0,5,0,68,0,359,102,0,0,21,28,0,0,0,0,0,0,1,6,46,0,67,0,41,0,0,0,1,0,0,488,12,0,0,28,0,0,33,0,0,7,24,0,0,5,211,0,0,2,10
16,0,0,0,0,24,15,0,3,0,2,0,13,5,3,0,24,0,0,0,0,0,2,0,2,0,0,0,0,5,0,0,0,0,0,0,0,0,6,0,0,1,0,0,0,0,0,9,2,0,0,0,0,3,0,0,0,5,0,0,0,1,0,0,0,0,0,0,0,0,0,0,2,2,0,3,0,0,0,0,0,3,0,0,0,6,2,0,0,1,2,0,0,13,0,0,0,0,0,66,2,0,0,0,8,0,0,1950,0,0,0
0,0,0,0,1,0,0,0,4,0,2,0,5,0,4,0,18,671,0,53,19,0,0,2,0,0,0,2,1,2,0,0,0,0,0,1,0,2,0,0,1,0,0,0,0,1,0,0,102,1,0,0,0,0,0,0,0,0,0,19,0,0,0,0,0,0,0,0,7,0,0,0,4,229,3,8,0,0,0,2,0,2,0,1,0,0,4,0,0,0,0,1,1,0,0,0,0,1,0,13,1,0,0,0,2,0,1,1,0,0,0
36,4,0,0,0,3,12,0,17,0,3,0,1,438,107,0,0,3,0,3,0,0,1,0,2059,0,0,3,0,1,0,0,0,0,0,1,0,0,0,0,0,24,0,3,0,0,1,4,0,1,0,0,0,631,0,0,0,6,0,0,0,1362,0,3,0,3,0,0,7,0,0,0,0,0,0,0,0,1,0,1,0,0,0,0,0,0,0,1,0,3128,0,0,0,21,0,0,43,0,0,8,2222,0,0,2,7,0,1,8,0,0,0
26,628,4,1,1,9,0,8,721,7,0,2,6,0,2,2,12,38,0,7,9,0,0,2,1,0,1,167,0,2,1,2,0,3,5,6,0,2,0,1,2,3,2,17,0,15,2,0,48,29,3,18,1,4,0,2,3,0,4,1,8,1,5,2,0,0,2,3,6,4,1,0,0,24,0,15,0,6,1,9,4,2,10,0,9,3,0,3,1,0,1,3,3,0,4,4,0,1,0,17,10,9,0,20,4,8,7,14,1,0,5
0,0,13,0,0,1,0,110,0,39,0,67,0,0,0,0,0,0,1,1,14,45,0,0,0,1,1,45,4,1,30,117,39,77,2,0,1,417,0,21,83,8,100,154,16,27,2,0,0,0,4,179,91,0,0,109,100,0,0,89,404,0,37,0,234,0,194,279,0,1,4,14,0,0,6,0,1,40,13,126,217,0,92,0,354,0,0,2,41,0,0,161,73,0,12,4,0,6,167,0,0,33,34,1,0,232,207,0,1,31,12
0,3,13,0,8,10,0,178,5,154,6,70,0,1,6,3,0,0,0,9,70,54,2,0,0,62,2,62,4,1,9,126,89,150,11,2,19,448,0,54,65,105,169,641,57,16,25,4,2,8,51,319,167,0,4,628,202,6,6,9,46,0,33,2,741,1,141,237,5,7,12,28,2,2,14,0,2,21,19,227,202,0,136,1,421,2,0,7,36,0,0,172,146,0,8,11,2,14,138,0,1,42,59,12,1,847,275,0,4,37,16
0,2,2,0,0,0,0,676,1,946,0,1,0,0,0,0,0,0,0,0,3,28,0,0,0,2,0,672,0,0,5,850,3,730,0,0,2,62,0,1,3,10,4,3,5,0,2,0,0,18,5,20,696,0,1,1,10,0,0,7,55,0,0,0,111,0,66,21,2,0,0,1,0,0,1,0,0,2,0,143,16,0,546,0,36,0,0,0,0,0,0,120,772,0,0,1,0,0,83,0,2,0,1,0,0,5,191,0,0,4,0
0,1,0,0,37,0,0,0,0,0,0,0,453,0,0,0,10,0,0,0,0,0,0,93,0,0,0,0,0,0,2,0,0,0,0,0,0,1,0,0,1,0,0,0,0,0,0,0,4,0,0,0,0,0,0,1,0,0,0,169,0,0,0,0,0,0,0,0,0,0,0,0,10,1,0,38,0,0,0,0,0,312,0,0,0,31,7,0,0,0,5,0,0,0,0,0,0,0,0,1,0,0,0,3,0,0,0,1,0,0,0
7,1,0,0,56,0,0,1,23,0,2,1,41,0,23,0,30,1155,0,6,2,0,1,3,1,0,0,4,1,8,0,0,0,0,1,0,0,0,0,0,1,1,0,0,0,0,0,0,1273,0,0,1,0,7,0,0,1,2,0,1,1,3,0,1,0,0,0,0,25,1,0,0,4,1134,0,30,0,0,0,2,0,11,0,0,0,0,44,0,0,0,20,0,1,0,0,0,0,0,0,76,1,0,0,0,0,1,0,9,0,0,0
215,2,2,0,10,30,1473,0,6,0,1837,0,103,1045,1003,0,10,12,0,10,1,0,1495,3,9,3,7,0,0,12,0,0,0,0,0,9,0,0,10,0,0,40,0,0,0,0,8,1549,10,7,5,0,0,16,4,0,0,1483,207,0,0,13,0,2,1,6,0,0,8,1,0,0,7,1,0,15,0,0,0,0,0,67,1,181,0,6,7,1,0,5,11,0,0,1670,0,0,132,0,0,63,6,0,0,93,1130,0,0,52,15,0,0
1,3,1316,35,0,51,11,4,1,2,0,1,0,1,0,28,0,0,6,909,4,373,0,0,1,10,10,2,500,0,8,46,1,32,108,22,14,3,0,3,65,4,305,32,135,2,20,0,0,131,2,0,1,0,7,14,54,0,12,0,0,0,18,84,35,84,7,1,12,13,29,139,1,0,2,0,25,1,3,7,2,0,7,0,1,0,0,212,44,0,0,4,2,0,442,38,2,63,2,1,1,2,1,41,0,4,11,0,24,9,2
1,1,13,0,0,46,19,6,2,1,0,0,0,2,1,2,0,0,0,5,2,0,0,0,2,281,10,2,2,0,7,0,3,1,6,1272,1,1,0,0,1,262,3,14,1,0,183,2,0,1,159,1,0,0,29,3,2,0,124,0,2,0,1,4,3,8,1,1,853,0,0,0,0,0,4,0,0,0,1,2,2,0,4,0,1,0,0,1,2,0,0,4,4,0,6,0,24,1,0,3,8,2,0,22,13,4,4,2,344,6,0
1,4,41,0,3,107,17,5,5,1,5,5,2,26,1,2,0,0,0,17,2,4,3,0,0,1334,4,4,6,0,0,3,10,5,16,319,2,7,4,3,10,482,2,43,9,3,1422,16,0,13,769,5,1,0,13,5,7,11,427,1,1,0,2,4,2,5,3,1,466,12,4,2,4,0,0,0,2,2,3,2,6,5,8,25,7,4,0,6,1,0,0,4,1,0,6,4,13,6,2,1,1,2,0,341,65,4,4,7,1086,5,1
0,4,6,0,0,0,3,4,0,1,19,0,0,1,0,0,0,0,0,2,0,0,0,0,0,90,2,1,0,0,0,0,0,3,0,45,0,1,0,0,0,44,0,3,1,0,309,0,0,2,585,1,0,0,7,0,0,6,24,0,0,0,0,2,1,6,0,0,2,1,0,0,0,0,0,0,0,0,0,6,1,0,8,0,0,0,0,0,0,0,0,2,0,0,0,0,4,1,2,0,8,0,0,20,66,0,5,1,33,1,0
0,0,10,24,0,0,1,0,0,0,0,6,0,0,0,39,0,0,5,1,0,12,0,0,0,0,0,0,201,0,1,0,5,0,121,0,0,3,0,5,508,1,6,21,3,18,0,0,0,0,0,3,0,0,0,12,63,0,0,0,0,0,140,10,0,4,1,3,0,1,14,11,0,0,1,0,32,0,3,2,1,0,0,0,6,0,0,175,161,0,0,0,0,0,197,3,0,208,0,0,0,5,11,0,0,4,1,0,0,65,8
0,0,0,2,0,0,0,0,0,0,0,0,0,0,0,2,0,0,9,0,0,139,0,0,0,0,1,0,0,0,0,1,0,8,293,0,3,0,0,3,5,0,2,1,22,2,0,0,0,0,0,0,0,0,0,0,85,0,0,0,0,0,1,0,0,0,0,0,0,0,13,65,0,0,0,0,3,0,0,0,0,0,0,0,0,0,0,2,3,0,0,0,0,0,4,8,0,3,0,0,0,0,1,0,0,0,0,0,0,3,0
0,0,0,1,4,0,0,2,284,1,0,0,6,2,1,0,1174,15,0,4,1,0,0,4,2,0,0,3,2,1,2,0,0,0,0,0,0,0,0,0,0,1,1,1,0,0,0,0,79,0,0,0,0,5,0,4,2,0,0,1,0,4,0,1,0,0,1,0,1,0,1,1,0,217,1,13,5,0,0,0,0,1,0,0,1,0,3,1,0,0,0,3,4,1,0,0,0,0,0,130,1,5,0,0,0,1,1,12,0,0,0
0,0,10,33,0,10,3,3,0,2,1,16,0,1,0,24,0,1,4,4,443,13,7,0,0,3,504,2,4,0,563,9,372,18,10,12,964,25,0,620,12,6,19,14,52,10,1,1,0,2,1,0,175,0,615,6,24,1,11,6,0,0,9,5,10,14,11,5,5,136,17,9,0,0,761,0,21,33,325,3,0,0,7,2,20,0,0,26,6,0,0,8,2,0,5,8,1,20,12,0,0,7,58,15,0,4,12,0,5,20,11
1,0,0,0,1020,0,0,0,0,0,0,0,20,0,2,0,4,0,0,0,0,0,0,15,0,0,0,0,0,1384,0,0,0,0,0,0,0,0,1249,0,0,0,0,0,0,0,0,1,1,0,0,0,0,0,0,0,0,0,0,0,0,0,0,0,0,0,0,0,0,0,0,0,772,0,0,37,0,0,0,0,0,102,0,0,0,39,1591,0,0,0,1171,0,0,0,0,0,0,0,0,13,0,0,0,0,0,0,0,48,0,0,0
0,0,0,0,63,0,0,0,1,0,0,0,29,0,0,0,1,0,0,0,0,0,0,654,0,0,0,0,0,0,0,0,0,0,0,0,0,0,5,0,0,0,0,0,0,0,0,0,0,0,0,0,0,0,0,0,0,0,0,0,0,0,0,0,0,0,0,0,0,0,0,0,13,0,0,1,0,0,0,0,0,335,0,0,0,1092,34,0,0,0,8,0,0,0,0,0,0,0,0,0,0,0,0,0,0,0,0,1,0,0,0
12,4,0,0,22,0,0,0,130,1,0,0,570,2,31,0,268,11,0,1,3,0,0,6,3,0,0,1,0,13,0,0,0,0,0,0,0,1,0,1,0,0,0,1,0,0,0,0,63,0,0,0,0,13,0,4,0,0,0,8,0,1,0,1,10,0,0,0,1,0,4,0,10,67,0,1771,0,0,2,1,0,62,0,0,1,7,25,0,1,0,30,0,3,0,0,1,0,1,0,336,8,0,0,1,0,0,1,25,0,0,0
3,0,0,0,1,11,23,0,2,0,1,0,11,5,5,0,11,0,0,0,1,0,0,0,1,0,0,0,0,32,0,0,0,0,0,0,0,0,21,0,0,0,0,0,0,0,0,46,0,0,0,0,0,3,0,0,0,21,0,0,0,1,0,0,0,0,0,0,0,0,0,0,5,0,0,19,0,0,0,0,0,4,0,0,0,0,7,0,0,0,13,0,0,7,0,0,1,0,0,216,0,0,0,2,16,0,0,252,0,0,0
0,0,2,2,0,0,0,0,0,1,0,1,0,0,0,3,0,0,9,2,3,24,0,0,0,0,0,0,32,0,4,0,3,2,7,0,0,24,0,4,8,1,43,24,5,4,1,0,0,0,0,4,0,0,0,30,50,0,0,3,0,0,0,3,7,2,6,11,0,1,4,3,0,0,4,0,7,1,2,6,2,0,0,0,31,0,0,13,33,0,0,4,0,0,17,1,0,20,18,0,0,2,1,0,0,21,9,0,0,7,0
0,1,17,0,0,3,0,24,0,62,0,6,0,0,0,0,0,0,0,23,9,7,0,0,0,2,1,28,15,0,11,10,18,2,35,5,2,246,0,8,39,24,9,119,3,1,2,1,0,1,2,11,14,0,8,12,27,0,0,8,65,0,2,6,64,27,16,8,1,5,0,0,0,0,5,0,5,6,14,349,11,0,24,0,221,0,0,20,12,0,0,16,57,0,31,0,0,64,490,0,0,5,2,7,0,32,61,0,0,8,3
9,3,23,0,4,801,47,1,3,1,5,0,1,5,3,0,14,0,0,6,1,1,1,0,0,1,172,1,0,2,0,0,2,0,3,25,0,3,5,0,0,8,3,9,0,0,4,63,1,2,1,0,0,1,56,3,0,12,18,1,0,0,0,4,0,8,0,0,9,0,0,1,3,4,1,2,1,0,1,1,0,3,2,7,0,1,0,2,1,0,2,3,0,8,1,0,76,0,1,33,0,0,0,158,15,0,0,252,17,0,1
2,1,104,10,0,7,0,1,0,0,0,0,0,0,0,0,0,0,16,109,1,51,0,0,0,4,13,1,18,0,23,1,0,6,69,4,31,0,0,2,0,2,337,9,37,0,3,0,0,0,1,0,3,0,25,6,76,0,0,0,0,0,0,749,18,1012,0,0,11,1,3,78,0,0,8,0,4,1,0,9,0,0,1,0,3,0,0,8,4,0,0,2,1,0,7,1,5,11,1,0,0,0,1,2,0,2,0,0,4,3,0
0,4,0,0,0,0,0,30,0,67,0,1,0,0,0,0,0,0,0,1,3,0,0,0,0,1,1,91,0,0,57,23,5,10,0,0,0,10,0,0,8,0,0,1,1,4,1,0,0,599,0,8,3,0,0,0,0,0,2,183,147,0,3,0,3,0,1,3,1,2,0,0,0,0,0,0,0,3,6,182,12,0,40,0,4,0,0,0,0,0,0,1,46,0,0,0,0,1,29,0,0,0,0,3,0,1,9,0,2,3,0
0,8,0,0,437,35,2,0,0,0,0,0,32,1,3,0,6,1,0,0,0,0,0,3,0,0,0,0,0,626,0,0,0,0,0,0,0,0,481,0,0,0,0,3,0,0,0,0,0,0,0,0,0,1,0,2,0,1,0,0,0,0,0,0,0,0,0,0,0,0,0,0,1178,0,0,20,0,0,0,0,0,40,0,0,0,45,310,0,0,0,480,0,0,0,0,0,0,0,0,10,0,0,0,13,0,0,0,29,0,0,0
0,2,0,0,15,1,0,0,0,0,0,0,11,0,1,0,0,0,0,0,0,0,0,2,0,1,0,0,0,0,0,1,0,0,0,0,0,0,1,0,0,0,0,0,0,0,0,0,0,1,0,0,0,0,0,0,0,1,0,3,0,0,0,0,0,0,0,0,0,0,0,0,9,0,0,0,0,0,0,0,0,29,0,0,0,64,2,0,0,0,1,0,0,0,0,0,0,0,0,0,0,0,0,4,0,0,0,0,1,0,0
