0.69457,0.89347,0.78976,0.41547,0.58122,0.48573,0.79625,0.52941,0.54642,0.72295,0.7399,0.4821,0.3208,0.64131,0.69908,0.33433,0.64664,0.5953,0.5625,0.66642,0.45056,0.38801,0.87601,0.67531,0.98044,0.67737,0.56928,0.59736,0.33093,0.65474,0.55556,0.62703,0.46568,0.62264,0.29515,0.71189,0.64352,0.30722,0.70272,0.43472,0.41101,0.35875,0.23072,0.41066,0.29614,0.32881,0.66713,0.70911,0.79195,0.69919,0.46244,0.25604,0.55715,0.90014,0.77472,0.39115,0.16433,0.71758,0.37852,0.22701,0.55418,0.97536,0.18987,0.61417,0.5017,0.82909,0.36623,0.22196,0.51802,0.55978,0.42319,0.38152,0.57651,0.60053,0.69518,0.79228,0.64393,0.79859,0.60934,0.29782,0.26214,0.25923,0.55031,0.86457,0.30673,0.82049,0.77516,0.31466,0.23116,0.99462,0.66348,0.42833,0.67507,0.75692,0.29979,0.53922,0.79367,0.18996,0.47981,0.40446,0.96453,0.4912,0.43694,0.41719,0.46774,0.54106,0.22992,0.71137,0.59002,0.32842,0.59504
0.57347
0,0,0,435,0,0,0,0,0,0,0,13,0,0,0,334,0,0,256,0,1,2,0,0,0,0,0,0,15,0,1,0,13,0,6,0,25,0,0,56,21,0,7,0,27,125,0,0,0,0,0,1,0,0,0,2,8,0,0,1,0,0,104,5,0,0,0,1,0,17,204,45,0,0,7,0,557,4,16,0,1,0,0,0,0,0,0,58,75,0,0,0,0,0,62,124,0,129,0,0,0,18,5,0,0,0,0,0,0,245,38
0,0,0,12,0,0,0,6,0,1,0,579,0,0,0,42,0,0,1,0,0,0,0,0,0,0,0,0,0,0,0,6,1,4,1,0,1,5,0,3,14,0,0,14,27,388,0,0,0,0,0,314,2,0,0,1,54,0,0,3,0,0,85,0,1,0,56,246,0,1,27,26,0,0,0,0,4,0,3,1,297,0,5,0,10,0,0,1,21,0,0,41,0,0,0,46,0,0,0,0,0,530,388,0,1,11,30,0,0,39,648
19,1,0,64,1,4,0,0,3,1,1,62,1,5,28,113,1,2,38,4,1,17,0,0,5,3,0,1,26,2,0,0,18,1,8,1,6,10,0,14,63,13,138,58,43,164,0,1,0,1,1,6,2,1,0,97,107,0,1,0,0,1,129,2,32,0,2,26,3,3,122,52,0,4,5,4,19,2,8,3,10,0,1,3,8,1,2,54,270,0,2,1,0,5,55,94,22,149,0,2,1,62,39,0,0,51,10,5,0,63,71
0,0,0,265,0,0,0,0,0,0,0,0,0,0,0,137,0,1,486,3,0,56,0,0,0,0,2,0,127,0,2,0,1,0,177,0,142,0,0,6,47,0,16,1,42,8,0,0,0,0,0,1,0,0,1,2,10,0,0,0,0,0,21,223,0,3,0,0,0,13,66,103,0,0,6,0,108,1,7,1,0,0,0,0,0,0,0,382,40,0,0,0,0,0,170,36,0,172,0,0,0,0,1,0,0,0,0,0,1,51,0
0,0,0,48,0,0,0,0,0,0,0,20,0,0,0,128,0,0,1,0,0,0,0,0,0,0,0,0,2,0,0,0,1,1,1,0,1,0,0,1,20,0,0,1,0,106,0,0,0,0,0,1,0,0,0,0,4,0,0,0,0,0,195,0,0,0,1,8,0,0,6,1,0,0,0,0,5,2,0,0,5,0,0,0,0,0,0,6,49,0,0,0,0,0,13,2,0,28,0,0,0,22,3,0,0,0,0,0,0,27,20
1,0,17,15,0,16,2,0,3,0,0,20,0,2,4,31,0,0,16,47,27,14,0,0,0,18,4,1,156,0,2,0,19,2,48,18,9,35,0,19,111,27,259,198,72,47,7,1,0,2,0,14,0,0,2,672,153,0,3,1,1,0,67,21,30,21,4,18,2,18,25,11,2,0,25,0,16,9,12,13,11,0,4,1,17,0,0,128,187,0,0,6,2,0,178,20,4,145,1,0,0,35,16,0,0,174,8,2,3,23,11
0,0,0,82,0,0,0,0,0,0,0,12,0,0,0,77,0,0,12,0,0,17,0,0,0,0,0,0,0,0,0,4,2,17,0,0,6,1,0,11,0,0,5,2,284,53,0,0,0,0,0,1,1,0,0,0,51,0,0,0,0,0,8,0,6,0,23,7,0,0,449,417,0,0,0,0,14,2,2,0,0,0,1,0,1,0,0,0,40,0,0,16,0,0,1,550,0,6,0,0,0,49,75,0,0,3,7,0,0,29,46
0,0,0,1,1,0,0,3,2,3,0,1,1,1,0,1,124,2,0,2,1,0,0,0,0,0,0,1,6,0,3,0,0,0,0,0,0,0,0,0,0,0,2,0,0,0,0,0,2,0,0,0,0,0,0,1,1,0,0,1,0,0,0,4,0,0,0,0,11,0,0,5,1,43,7,2,1,0,0,1,0,0,1,0,1,0,0,1,0,0,1,7,2,0,0,0,1,2,0,42,1,0,0,0,0,1,0,0,0,0,0
41,6,10,0,8,122,212,0,10,0,585,0,16,75,137,0,2,11,0,54,5,0,188,3,5,11,29,0,1,3,0,1,2,0,1,26,1,0,2,0,0,27,0,1,0,0,20,440,0,22,21,0,0,14,13,0,0,495,631,0,1,3,0,8,2,11,0,0,29,0,0,0,8,1,0,4,0,1,1,0,0,31,0,1730,0,7,0,0,0,7,4,0,0,415,0,0,1404,1,0,28,11,0,0,249,989,0,1,18,9,0,0
0,0,0,0,41,0,0,0,0,0,0,0,287,0,0,0,3,0,0,0,0,0,0,180,0,0,0,0,0,0,0,0,0,0,0,0,0,0,0,0,0,0,0,0,0,0,0,0,1,0,0,0,0,0,0,0,0,0,0,0,0,0,0,0,0,0,0,0,0,0,0,0,3,0,0,15,0,0,0,0,0,256,0,0,0,18,10,0,0,0,7,0,0,0,0,0,0,0,0,1,0,0,0,0,0,0,0,0,0,0,0
4,1,0,0,5,0,0,2,81,0,0,2,137,1,11,0,75,20,0,5,1,0,0,2,4,0,0,7,0,4,5,0,0,0,0,1,0,3,0,0,5,1,0,4,0,1,0,0,11,0,0,1,0,2,0,3,0,0,0,76,0,1,1,1,4,0,0,2,8,0,0,0,0,115,0,215,3,1,1,4,0,21,0,0,4,3,6,0,0,0,6,1,3,1,1,0,1,0,1,230,11,1,0,3,1,1,3,16,0,1,0
8,1,22,0,0,312,13,6,6,7,1,1,2,1,8,0,28,3,0,8,2,1,0,0,0,4,1,8,0,7,1,2,0,0,0,5,0,2,3,0,0,7,2,16,0,2,11,34,1,1,2,0,0,4,1,33,3,11,35,0,1,2,1,1,6,0,2,4,78,3,0,0,5,34,0,20,0,0,1,2,1,1,5,26,1,0,2,0,3,3,7,5,1,11,0,0,32,1,1,889,1,11,0,102,23,6,11,18,12,0,0
0,14,9,0,0,59,1,2,6,1,4,0,0,0,13,0,1,0,0,12,4,0,10,0,0,7,5,0,1,0,0,0,11,2,1,5,2,10,0,0,1,0,0,10,0,1,9,1,0,13,9,0,2,0,3,0,2,3,178,2,3,0,1,1,8,0,0,1,0,227,1,0,2,1,2,1,0,5,2,4,0,1,2,24,9,2,0,1,0,0,0,1,5,0,0,0,0,2,6,0,0,0,0,801,3,2,2,2,252,0,0
0,0,1,8,0,0,0,8,0,0,0,270,0,0,0,28,0,0,2,0,4,28,0,0,0,1,1,1,3,0,44,9,100,15,4,1,9,67,0,46,118,4,23,49,47,171,0,0,0,0,0,292,15,0,1,21,123,0,0,211,2,0,147,0,23,0,84,285,0,11,19,29,0,0,1,0,7,35,37,17,266,0,4,0,97,0,0,5,127,0,0,78,2,0,10,40,0,23,10,0,0,215,148,0,0,95,74,0,0,44,190
0,0,28,6,0,0,0,0,1,0,0,0,0,0,0,2,0,0,2,42,0,14,0,0,1,0,1,0,395,0,0,0,0,0,32,0,4,0,0,0,12,0,9,0,6,0,0,0,0,0,0,0,0,0,0,3,1,0,0,0,0,0,2,38,0,5,0,0,0,1,1,8,0,0,0,0,3,0,0,1,0,0,1,0,0,0,0,86,7,0,0,0,0,0,213,1,0,20,0,0,0,0,0,0,0,2,0,0,0,1,0
0,1,0,1,0,2,0,1,0,1,0,3,0,2,1,0,0,0,0,5,0,0,0,0,0,129,0,3,0,0,0,0,0,0,1,7,0,2,0,1,1,226,1,33,2,0,110,0,0,0,21,0,1,0,0,9,1,0,6,0,0,0,0,4,3,0,1,0,73,0,0,0,0,0,1,0,0,0,0,1,0,0,2,1,9,0,0,2,0,0,0,0,0,1,0,0,4,1,2,0,0,1,1,2,3,14,2,0,18,0,0
921,1,0,0,0,7,7,1,4,0,2,0,4,16,35,0,2,2,0,13,3,0,1,0,2,0,0,1,0,2,1,0,0,0,0,0,0,0,0,0,0,26,1,2,0,0,1,4,2,1,2,0,0,2,2,0,0,3,1,0,0,3,0,20,1,3,0,0,16,0,0,0,2,1,0,0,0,1,0,0,0,0,0,0,0,1,2,0,0,0,2,0,1,47,1,0,4,0,0,14,3,0,0,0,40,1,1,26,0,0,1
0,0,3,7,2,1,0,1,0,1,0,25,0,0,0,3,0,0,0,2,524,4,0,0,0,3,100,0,4,0,230,2,631,5,6,1,251,45,0,544,8,12,10,40,21,9,0,0,0,0,0,9,19,0,9,25,26,0,0,237,5,0,2,2,47,6,3,18,0,618,10,2,0,0,218,0,22,682,744,5,10,0,7,1,42,0,0,12,7,0,0,4,0,0,5,3,0,7,29,1,0,11,23,0,0,23,18,0,2,18,1
0,0,0,0,0,0,0,190,1,15,0,5,0,0,0,1,0,0,0,0,1,51,0,0,0,0,0,10,0,0,0,134,2,83,0,0,0,26,0,1,5,0,0,9,37,3,0,0,0,1,0,36,68,0,0,0,27,0,0,0,1,0,5,0,67,0,360,100,0,0,21,24,0,0,0,0,0,0,1,6,47,0,66,0,45,0,0,0,1,0,0,499,12,0,0,27,0,0,33,0,0,8,24,0,0,5,213,0,0,2,9
16,0,0,0,1,23,13,0,2,0,2,0,12,5,3,0,26,0,0,0,0,0,2,0,3,0,0,0,0,5,0,0,0,0,0,0,0,0,7,0,0,1,0,0,0,0,0,9,3,0,0,0,0,2,0,0,0,5,0,0,0,1,0,0,0,0,0,0,0,0,0,0,1,2,0,2,0,0,0,0,0,3,0,0,0,5,2,0,0,1,2,0,0,14,0,0,0,0,0,65,2,0,0,1,8,0,0,1952,0,0,0
0,1,0,0,2,0,0,0,3,1,2,0,5,0,4,0,20,669,0,51,15,0,0,1,0,0,0,2,1,2,0,0,0,0,0,1,0,1,0,0,2,0,0,0,0,1,0,0,100,1,0,0,0,0,1,0,0,0,0,18,0,0,0,1,1,0,0,0,6,0,0,0,3,233,4,9,0,0,0,2,0,1,1,1,2,0,4,0,1,0,0,3,1,0,0,0,0,0,0,11,1,0,0,0,2,0,0,1,0,0,0
35,4,0,0,0,3,13,0,18,0,3,0,1,431,107,0,0,3,0,3,0,0,1,0,2055,0,0,2,0,1,0,0,0,0,0,1,0,0,0,0,0,24,0,3,0,0,1,4,0,1,0,0,0,631,0,0,0,6,0,0,0,1346,0,3,0,3,0,0,7,1,0,0,0,0,0,0,0,0,0,1,0,0,0,0,0,0,0,1,0,3145,0,0,0,25,0,0,42,0,0,6,2230,0,0,2,7,0,1,9,0,0,0
25,629,4,0,1,9,0,8,724,3,0,2,6,0,2,2,12,37,0,5,7,1,0,1,0,1,1,166,0,2,1,2,0,3,4,6,0,4,0,1,2,2,2,15,0,15,2,0,48,28,3,15,0,3,0,2,3,0,3,1,6,1,5,3,0,0,1,4,5,8,1,1,0,24,0,14,0,5,1,9,6,4,13,0,9,4,0,4,1,0,1,2,6,0,4,1,0,0,0,16,11,10,0,21,4,10,10,14,2,0,6
0,0,11,0,0,1,0,111,0,37,0,70,0,0,0,0,0,0,1,0,13,43,0,0,0,1,1,39,4,1,28,121,40,74,1,0,1,417,0,20,87,8,99,151,19,22,2,0,0,1,4,176,91,0,1,111,104,0,0,91,404,0,40,0,231,0,187,277,0,1,3,14,0,0,7,0,1,38,14,131,223,0,96,0,350,0,0,3,41,0,0,156,73,0,12,3,0,8,169,0,0,31,34,1,0,243,208,0,1,28,12
0,3,12,1,10,10,0,186,6,152,7,74,0,2,4,3,0,0,0,8,69,55,2,0,0,68,2,67,3,1,11,135,90,144,13,3,19,447,1,50,59,97,164,632,59,19,22,5,2,8,46,318,165,0,4,643,211,5,3,6,44,0,37,2,736,1,142,236,5,6,10,28,2,2,16,0,1,20,17,236,199,0,135,1,415,2,0,6,37,0,0,169,147,0,7,8,3,19,138,0,1,40,60,10,3,850,272,0,5,38,13
0,2,2,0,0,0,0,684,1,942,0,1,0,0,0,0,0,0,0,0,3,26,0,0,0,3,0,678,0,0,5,849,3,726,0,0,1,59,0,1,4,10,5,5,7,0,2,0,0,18,4,21,697,0,1,1,10,0,0,6,52,0,0,0,116,0,68,20,2,1,0,1,0,0,1,0,0,2,0,140,18,0,536,0,39,0,0,0,0,0,0,118,777,0,0,1,0,0,79,0,2,1,1,0,0,4,190,0,0,4,0
0,1,0,0,39,0,0,0,0,0,0,0,466,0,0,0,8,0,0,0,0,0,0,91,0,0,0,0,0,0,2,0,0,0,0,0,0,1,0,0,1,0,0,0,0,0,0,0,3,0,0,0,0,0,0,1,0,0,0,169,0,0,0,1,1,0,0,0,0,0,0,0,10,1,0,36,0,0,0,0,0,305,0,0,0,30,6,0,0,0,5,0,0,0,0,0,0,0,0,0,0,0,0,3,0,0,0,1,0,0,0
9,1,0,0,55,0,0,1,24,0,2,1,41,1,19,0,27,1165,0,6,2,0,2,4,1,0,0,3,1,11,0,0,0,0,0,0,0,0,0,0,1,1,0,0,0,0,0,0,1279,0,0,1,0,6,0,0,1,2,0,1,1,3,0,1,0,0,0,0,22,1,0,0,3,1123,0,30,1,0,0,2,0,13,0,0,0,2,46,0,0,0,18,0,0,0,0,0,0,0,0,72,2,0,0,0,0,0,0,10,0,0,0
217,3,2,0,8,29,1485,0,7,0,1832,0,99,1037,985,0,10,15,0,9,0,0,1512,3,7,4,7,0,0,13,0,0,0,0,0,8,0,0,9,0,0,39,0,0,0,0,8,1565,11,7,7,0,0,15,5,0,0,1494,200,0,0,14,0,2,1,6,0,0,9,1,0,0,13,1,1,14,0,0,0,0,0,73,1,179,0,5,3,1,0,6,10,0,0,1669,0,0,130,0,0,64,7,0,0,98,1102,0,0,54,14,0,0
1,3,1326,32,0,47,10,4,1,2,0,1,0,1,0,30,0,0,6,915,3,369,0,0,1,8,9,2,504,0,9,42,1,33,113,23,18,3,0,4,68,5,316,29,129,2,18,0,0,131,3,0,0,0,7,11,47,0,13,0,0,0,18,78,34,78,7,1,10,12,34,148,1,0,2,0,21,0,3,7,4,0,7,0,1,0,0,211,39,0,0,8,2,0,435,38,2,68,1,1,1,2,0,42,0,4,13,0,21,10,2
1,1,16,0,0,45,20,6,2,1,0,0,0,2,1,1,0,0,1,7,3,1,0,0,2,273,13,2,1,0,9,0,3,1,5,1275,2,2,0,0,1,262,2,12,1,0,181,2,0,0,158,1,0,0,27,3,1,0,120,0,1,0,0,5,4,8,2,0,848,0,0,0,0,1,7,0,0,0,1,3,2,0,4,0,1,0,0,0,2,0,0,6,2,0,8,0,24,2,0,2,8,3,0,23,12,3,2,2,352,6,0
2,4,46,0,2,109,16,8,7,2,6,4,1,22,2,2,0,0,0,18,3,4,2,0,1,1329,5,3,5,0,0,4,9,3,16,319,2,7,4,2,11,494,2,42,7,1,1431,18,0,13,751,8,1,0,13,3,10,15,419,1,1,0,3,2,2,7,6,0,471,10,4,1,2,0,1,0,2,1,0,3,5,4,8,26,4,4,0,6,2,0,0,2,1,0,6,4,12,5,3,1,2,1,0,342,61,5,6,11,1088,3,0
0,4,4,0,0,0,4,3,0,1,20,0,0,0,0,0,0,0,0,2,0,0,0,0,0,89,3,1,0,0,0,0,0,3,0,46,0,1,0,0,0,46,0,3,1,0,308,0,0,4,587,1,0,0,5,0,0,7,22,0,0,0,0,2,1,6,0,0,3,1,0,0,0,0,0,0,0,0,0,6,1,0,7,0,0,0,0,0,0,0,0,2,0,0,0,0,4,1,2,0,8,0,0,19,66,0,4,0,35,1,0
0,0,11,23,0,0,1,0,0,0,0,7,0,0,0,35,0,0,4,1,0,13,0,0,0,0,0,0,198,0,1,0,5,0,117,0,1,4,0,5,515,0,6,21,4,17,0,0,0,0,0,3,0,0,0,13,63,0,0,0,0,0,142,9,0,4,1,3,0,1,13,10,0,0,1,0,30,0,4,2,1,0,0,0,6,0,0,172,158,0,0,0,0,0,203,2,0,212,0,0,0,6,10,0,0,4,1,0,0,65,8
0,0,0,2,0,0,0,0,0,0,0,0,0,0,0,2,0,0,8,0,0,138,0,0,0,0,1,0,1,0,0,1,0,8,286,0,3,0,0,3,5,0,2,1,23,2,0,0,0,0,0,0,0,0,0,0,91,0,0,0,0,0,1,0,0,0,0,0,0,0,11,66,0,0,0,0,3,0,0,0,0,0,0,0,0,0,0,3,3,0,0,0,0,0,5,8,0,3,0,0,0,0,1,0,0,0,0,0,0,3,0
0,0,0,1,7,0,0,2,281,1,0,0,6,1,2,0,1173,18,0,5,1,0,0,3,4,0,0,5,2,1,1,0,0,0,0,0,0,0,0,0,0,1,1,0,0,0,0,0,80,0,0,0,0,4,0,3,2,0,0,0,0,4,0,1,0,0,1,0,0,0,1,1,0,212,2,15,5,0,0,0,0,2,0,0,1,0,1,1,0,0,0,5,3,1,0,0,0,0,0,127,1,8,0,0,1,2,1,11,0,0,0
0,0,12,32,0,10,3,4,0,1,1,16,0,0,0,24,0,1,3,6,447,13,4,0,0,3,493,2,4,0,560,8,379,19,9,12,964,27,0,616,11,7,19,14,55,13,1,4,0,2,1,0,169,0,619,4,22,2,12,7,0,0,9,5,9,11,11,5,5,140,19,10,0,0,764,0,22,31,324,2,0,0,6,2,22,0,0,27,6,0,0,10,3,0,5,9,1,20,10,0,0,7,54,13,0,2,14,0,6,22,9
0,0,0,0,1009,0,0,0,0,0,0,0,19,0,2,0,5,0,0,0,0,0,0,14,0,0,0,0,0,1373,0,0,0,0,0,0,0,0,1267,0,0,0,0,1,0,0,0,1,1,0,0,0,0,0,0,0,0,0,0,0,0,0,0,0,0,0,0,0,0,0,0,0,774,0,0,40,0,0,0,0,0,104,0,0,0,39,1579,0,0,0,1179,0,0,0,0,0,0,0,0,13,0,0,0,0,0,0,0,50,0,0,0
0,0,0,0,60,0,0,0,0,0,0,0,30,0,0,0,1,0,0,0,0,0,0,651,0,0,0,0,0,0,0,0,0,0,0,0,0,0,4,0,0,0,0,0,0,0,0,0,0,0,0,0,0,0,0,0,0,0,0,0,0,0,0,0,0,0,0,0,0,0,0,0,13,0,0,1,0,0,0,0,0,337,0,0,0,1097,35,0,0,0,7,0,0,0,0,0,0,0,0,0,0,0,0,0,0,0,0,1,0,0,0
14,3,0,0,23,0,0,0,127,1,0,3,563,3,31,0,263,8,0,2,3,0,0,5,4,0,0,2,0,13,0,0,0,0,0,0,0,2,0,0,0,0,0,2,0,1,0,0,70,0,0,0,0,12,0,4,0,0,0,8,0,0,0,1,8,0,0,0,1,1,3,0,8,68,0,1766,1,0,1,2,0,65,0,0,1,6,25,0,1,0,30,1,3,0,0,1,0,0,0,345,8,0,0,1,0,0,1,23,0,1,0
2,0,0,0,1,12,23,0,2,0,3,0,12,3,5,0,13,0,0,0,0,0,0,1,1,0,0,0,0,30,0,0,0,0,0,0,0,0,21,0,0,0,0,0,0,0,0,50,0,0,0,0,0,4,0,0,0,20,0,0,0,1,0,0,0,0,0,0,0,0,0,0,5,0,0,19,0,0,0,0,0,4,0,0,0,0,7,0,0,0,12,0,0,8,0,0,1,0,1,225,0,0,0,2,14,0,0,239,0,0,0
0,0,2,2,0,0,0,0,0,1,0,2,0,0,0,3,0,0,10,2,2,24,1,0,0,0,0,0,32,0,4,0,3,1,7,0,0,23,0,4,8,1,44,24,7,4,1,0,0,0,0,4,0,0,0,29,50,0,0,3,0,0,0,3,7,2,6,11,0,1,6,3,0,0,5,0,7,1,2,6,2,0,0,0,31,0,0,14,33,0,0,4,0,0,16,1,0,17,18,0,0,2,1,0,0,18,10,0,0,7,0
0,1,17,0,0,3,0,27,0,60,0,6,0,0,0,0,0,0,0,22,11,7,0,0,0,2,1,33,14,0,11,10,16,2,36,4,1,239,0,8,43,24,9,123,3,0,2,0,0,1,2,13,13,0,9,11,27,0,0,8,66,0,2,8,64,25,14,7,1,4,0,0,0,0,5,0,6,8,13,341,11,0,23,0,219,0,0,21,12,0,0,13,57,0,32,0,0,63,499,0,0,5,3,6,0,35,60,0,0,8,3
8,3,24,0,4,817,41,1,3,0,5,0,1,5,2,0,15,0,0,5,1,1,1,0,0,1,172,1,1,3,0,0,2,0,3,24,0,3,6,0,0,9,3,7,0,0,4,68,1,2,1,0,0,0,50,3,0,12,18,1,0,0,0,6,1,8,0,0,9,0,0,0,2,4,1,2,1,0,1,2,0,2,2,6,0,1,1,1,1,0,1,3,0,8,1,0,73,0,1,32,0,0,0,157,16,0,0,251,16,0,1
2,1,100,10,0,9,0,0,0,0,0,0,0,0,0,0,0,0,17,108,2,52,0,0,0,2,14,1,16,0,21,1,0,7,73,4,29,0,0,1,0,2,344,12,35,0,3,0,0,0,1,0,2,0,25,5,71,0,0,0,0,0,0,737,19,1009,0,0,12,1,5,87,0,0,10,0,5,1,0,11,0,0,1,0,3,0,0,7,4,0,0,2,1,0,7,1,5,11,1,0,0,0,1,2,0,2,1,0,4,3,0
0,5,0,0,0,0,0,27,0,68,0,1,0,0,0,0,0,0,0,1,4,0,0,0,0,1,1,93,0,0,56,22,3,12,0,0,0,9,0,0,9,1,0,1,1,5,1,0,0,602,0,5,3,0,0,0,0,0,2,187,140,0,2,0,2,0,1,4,1,2,0,0,0,0,0,0,0,2,5,180,13,0,35,0,5,0,0,0,0,0,0,2,47,0,1,0,0,1,35,0,0,0,0,3,0,0,9,0,2,4,0
0,8,0,0,441,31,1,0,0,0,0,0,34,1,3,0,5,0,0,0,0,0,0,3,0,0,0,0,0,623,0,0,0,0,0,0,0,0,478,0,0,0,0,3,0,0,0,0,0,0,0,0,0,1,0,2,0,1,0,2,0,0,0,0,0,0,0,0,0,0,0,0,1183,0,0,20,0,0,0,0,0,45,0,0,0,45,303,0,0,0,482,0,0,0,0,0,0,0,0,11,0,0,0,13,0,0,0,28,0,0,0
0,2,0,0,15,1,0,0,0,0,0,0,11,0,0,0,0,0,0,0,0,0,0,2,0,1,0,0,0,0,0,1,0,0,0,0,0,0,1,0,0,0,0,0,0,0,0,0,0,1,0,0,0,0,0,0,0,1,0,3,0,0,0,0,0,0,0,0,0,0,0,0,9,0,0,0,0,0,0,0,0,28,0,0,0,65,3,0,0,0,1,0,0,0,0,0,0,0,0,0,0,0,0,4,0,0,0,0,1,0,0
