0.5339,0.85375,0.65202,0.34683,0.4153,0.38749,0.57824,0.70772,0.72802,0.67582,0.75333,0.50952,0.4275,0.81,0.28062,0.33477,0.62645,0.60228,0.50049,0.56505,0.63562,0.2707,0.52691,0.64728,0.95997,0.66442,0.5748,0.20299,0.38468,0.65707,0.41425,0.40845,0.507,0.55134,0.22085,0.54195,0.63328,0.28525,0.5279,0.62887,0.5101,0.28105,0.24967,0.50244,0.23708,0.20989,0.6753,0.85417,0.7288,0.6839,0.60417,0.32178,0.66695,0.40875,0.78293,0.35471,0.41748,0.66633,0.32113,0.37037,0.71933,0.96171,0.15511,0.65114,0.39906,0.85686,0.36229,0.24417,0.50716,0.58205,0.48322,0.33709,0.49419,0.45945,0.36558,0.68902,0.73934,0.74822,0.63075,0.33562,0.31198,0.44144,0.63036,0.79345,0.21001,0.82691,0.75768,0.38256,0.29699,0.99706,0.82214,0.43044,0.42216,0.76857,0.25221,0.46374,0.78275,0.22847,0.32302,0.37483,0.94763,0.58137,0.5783,0.31953,0.45738,0.40582,0.19776,0.71606,0.47113,0.21687,0.47413
0.54492
0,0,2,471,0,0,0,0,0,0,0,7,0,0,0,389,0,0,325,3,1,0,0,0,0,0,2,0,2,0,12,0,27,0,23,0,45,0,0,19,0,1,17,0,1,206,0,0,0,0,0,1,0,0,0,1,2,0,0,0,0,0,107,0,0,0,0,8,0,15,145,65,0,0,28,0,468,4,20,23,5,0,0,0,0,0,0,45,29,0,0,0,0,0,64,69,0,172,0,0,1,21,3,0,0,0,1,0,0,162,52
0,0,1,31,0,0,0,5,1,0,0,589,0,0,0,45,0,0,1,0,0,13,0,0,0,0,0,13,0,0,1,0,4,11,2,0,2,7,0,3,0,3,0,1,28,242,0,0,0,0,1,297,1,0,0,10,10,0,0,0,1,0,101,0,0,0,2,61,0,0,39,26,0,0,2,0,3,0,3,20,414,0,24,0,23,0,0,4,2,0,0,32,0,0,0,122,0,1,48,0,2,618,421,0,0,1,109,0,0,37,559
42,0,4,120,0,0,0,0,3,1,1,44,1,1,2,81,1,3,53,2,0,5,1,0,4,1,1,7,10,1,8,1,10,4,52,0,16,14,0,8,5,2,227,39,17,166,0,1,3,0,0,10,0,6,0,176,109,0,2,0,0,7,176,1,13,0,3,99,4,2,62,104,0,3,58,3,8,1,13,73,36,1,0,1,0,1,1,19,113,0,4,1,0,13,20,101,0,98,2,0,3,44,25,0,0,69,8,2,0,35,63
0,0,5,253,0,0,0,0,0,0,0,0,0,0,0,194,0,0,514,36,0,1,0,0,0,1,3,1,55,0,7,0,10,0,255,0,70,0,0,6,58,0,15,0,0,29,0,0,0,0,0,0,0,0,2,1,0,0,0,0,0,0,26,177,0,2,0,1,0,10,43,56,0,0,46,0,78,1,10,84,1,0,0,0,0,0,0,443,29,0,0,0,0,0,200,17,0,174,0,0,0,0,0,0,0,0,0,0,0,17,7
0,0,1,88,0,0,0,0,1,0,0,24,0,0,0,116,0,0,1,0,0,0,0,0,0,0,0,3,0,0,0,0,6,0,0,0,0,0,0,2,2,0,0,0,0,105,0,0,0,0,0,1,0,0,0,0,0,0,0,0,0,0,166,0,0,0,1,1,0,0,3,1,0,0,3,0,4,2,1,24,5,0,1,0,0,0,0,12,15,0,0,0,0,0,7,5,0,33,0,0,0,33,0,0,0,0,3,0,0,22,37
0,0,19,31,0,12,1,0,6,0,0,22,0,1,0,40,0,5,27,13,7,17,0,0,1,15,9,15,90,0,13,1,13,2,36,1,27,22,0,14,99,31,382,161,38,45,3,1,0,0,2,12,2,6,2,614,270,0,3,7,0,0,80,12,10,5,11,106,2,7,20,63,1,1,150,0,2,5,10,117,18,0,1,0,1,0,0,55,250,0,0,1,2,0,63,18,2,76,2,0,4,24,3,0,0,86,6,2,2,15,15
0,0,0,140,0,0,0,0,0,0,0,11,0,0,1,96,0,0,30,0,0,38,0,0,0,0,0,1,0,0,0,2,9,24,3,0,11,1,0,12,0,2,32,0,61,136,0,0,0,0,0,2,1,1,0,0,10,0,0,0,0,0,6,0,0,0,6,28,0,0,432,508,0,0,2,0,4,1,1,1,4,0,0,0,0,0,0,1,0,0,0,11,0,0,3,518,0,7,0,0,0,57,79,0,0,0,4,0,0,13,80
2,0,0,0,0,0,0,0,0,0,0,0,10,0,26,0,60,12,0,13,1,0,0,0,0,0,14,0,0,0,2,0,0,0,1,0,0,0,0,0,0,0,1,0,3,0,0,0,2,0,0,0,0,3,0,6,0,0,0,1,0,0,0,1,10,0,1,0,12,0,0,0,1,38,0,4,1,0,0,0,0,0,0,0,3,0,0,0,1,0,0,0,1,0,10,0,0,0,0,54,1,0,0,0,0,0,0,0,0,0,0
56,4,6,0,22,116,255,0,12,0,552,0,2,85,126,0,0,0,0,0,4,0,571,4,11,31,1,4,1,3,0,4,1,0,1,18,0,1,2,0,9,15,0,0,0,0,28,254,0,18,15,0,0,123,10,0,0,565,421,0,0,21,0,0,1,13,0,1,28,4,0,0,8,0,0,1,0,1,3,0,0,13,0,1913,0,1,0,1,0,4,1,0,0,473,0,0,1225,0,0,41,6,0,0,253,820,4,0,19,18,0,0
0,0,0,0,21,0,0,0,0,0,0,0,159,0,1,0,0,0,0,0,0,0,0,189,0,0,0,0,0,0,0,0,0,0,0,0,0,0,3,0,0,0,0,0,0,0,0,0,4,0,0,0,0,0,0,0,0,0,0,0,0,0,0,0,0,0,0,0,0,0,0,0,19,0,0,56,0,0,0,0,0,310,0,0,0,17,33,0,0,0,9,0,0,0,0,0,0,0,0,1,0,0,0,0,0,0,0,0,0,0,0
8,0,0,0,1,0,0,1,16,0,0,0,194,1,104,0,50,16,0,0,0,0,0,3,2,0,0,10,0,0,0,0,0,0,0,0,0,0,1,0,2,0,0,0,1,0,0,0,17,1,0,0,0,5,0,16,9,0,0,1,0,3,2,0,4,0,0,3,7,0,0,0,4,173,0,200,6,0,0,2,1,89,0,0,1,0,7,0,0,0,3,0,2,0,0,0,0,0,0,139,13,3,0,3,1,0,4,8,1,8,0
9,5,28,1,0,155,55,1,5,0,2,1,5,13,66,0,42,5,0,2,1,5,4,0,1,0,4,4,0,3,1,0,0,0,0,10,0,0,5,2,2,15,1,14,7,0,7,4,6,1,1,1,0,41,1,29,6,12,14,0,1,6,0,0,5,0,0,1,92,1,0,0,1,62,3,41,0,0,0,0,0,1,0,54,6,0,1,0,0,1,3,0,0,9,4,0,32,0,1,813,3,3,0,117,33,3,3,12,48,2,0
1,28,11,0,2,48,15,3,21,0,2,0,2,2,51,0,0,0,0,2,5,5,84,0,0,1,1,7,0,0,1,27,4,2,1,13,7,9,0,5,7,7,1,4,7,2,11,0,0,32,5,5,3,2,2,1,0,3,46,1,6,0,1,0,1,1,0,8,2,70,0,3,1,0,0,0,0,5,1,1,0,0,4,31,1,0,0,1,0,0,0,0,0,0,0,0,9,1,12,1,2,0,1,540,13,3,2,2,563,0,3
0,0,2,26,0,0,0,8,2,0,0,269,0,0,0,18,0,0,7,0,4,45,0,0,0,6,0,65,1,0,39,1,74,24,11,1,13,79,0,15,1,4,46,25,79,86,0,0,0,0,0,252,7,0,1,70,151,0,0,153,5,0,147,0,11,0,25,331,0,4,26,81,0,0,9,0,8,39,24,151,371,0,4,0,82,0,0,3,16,0,0,62,14,0,3,71,0,15,71,0,1,137,95,0,0,6,162,0,0,127,164
0,0,14,4,0,3,1,0,0,0,0,0,0,0,0,10,0,0,2,40,0,1,0,0,0,0,2,0,374,0,0,0,0,1,21,0,2,0,0,0,85,3,11,1,0,0,0,0,0,1,0,0,0,2,0,4,3,0,2,0,0,0,5,25,0,2,3,0,0,1,0,4,0,0,21,0,0,0,0,7,0,0,0,0,1,0,0,26,168,0,0,0,0,0,60,0,0,36,0,0,0,0,0,0,0,3,0,0,0,0,0
2,0,1,0,0,6,0,2,0,1,0,1,0,0,5,0,0,0,0,1,1,1,0,0,0,21,2,3,0,0,1,0,0,0,3,10,0,2,0,1,3,172,2,13,6,0,50,0,0,0,12,0,0,30,1,21,8,0,19,1,0,0,0,0,1,1,2,0,73,0,0,0,0,0,2,0,0,0,0,0,1,0,1,1,3,0,0,1,0,0,0,0,8,0,1,0,0,0,4,0,0,4,0,0,4,195,3,0,10,0,0
882,0,0,0,1,5,10,0,3,1,0,0,7,16,30,0,1,0,0,1,0,0,0,0,3,1,0,1,1,1,1,0,0,0,0,0,0,0,0,0,0,1,0,0,0,0,2,4,0,1,0,0,0,31,1,2,0,5,6,0,0,4,0,11,0,3,0,0,28,0,0,0,1,1,0,0,0,0,0,0,0,0,0,2,0,1,0,0,0,0,0,0,0,61,0,0,1,0,0,39,3,0,0,1,46,21,0,22,0,0,0
0,0,6,8,0,2,0,0,2,0,0,26,1,0,1,3,0,0,3,3,214,6,1,0,0,1,251,12,0,0,442,1,652,5,4,0,237,48,0,232,5,10,29,56,22,9,0,1,0,1,1,17,8,2,13,45,85,0,1,430,5,0,9,2,31,0,3,99,0,603,6,19,0,0,168,0,13,630,603,10,22,0,0,0,12,0,0,6,2,0,0,10,19,0,2,6,0,3,28,0,7,14,4,2,0,68,21,1,1,72,31
0,0,0,1,0,0,0,89,1,2,0,21,0,0,0,0,0,0,2,0,1,179,0,0,0,0,0,10,0,0,1,21,3,154,0,0,0,24,0,1,0,5,1,1,190,4,0,0,0,0,0,12,89,1,0,2,13,0,0,2,0,0,3,0,30,0,119,50,0,0,10,30,0,0,0,0,0,1,0,3,58,0,168,0,51,0,0,0,0,0,0,461,3,0,0,33,0,0,217,0,0,10,31,0,0,0,132,0,0,8,34
15,0,0,0,5,3,54,0,0,0,4,0,23,18,16,0,23,1,0,0,0,0,0,3,3,0,0,0,0,9,0,0,0,0,0,0,0,0,2,0,0,0,0,0,0,0,0,4,2,0,0,0,0,4,0,0,0,3,0,0,0,3,0,0,0,0,0,0,0,0,0,0,3,1,0,8,0,0,0,0,0,3,0,0,0,10,0,0,0,1,1,0,0,2,0,0,0,0,0,125,3,0,0,0,2,1,0,1846,0,0,0
3,0,1,0,0,1,0,0,6,0,0,0,13,0,157,0,4,629,0,11,14,0,0,0,0,0,9,2,0,0,4,0,0,0,0,1,0,0,0,0,8,2,0,0,2,0,0,0,76,2,0,0,0,1,0,2,0,0,1,1,0,0,0,0,5,0,2,2,6,0,0,0,1,177,1,12,0,0,1,2,0,12,0,0,1,0,1,0,1,0,4,0,0,0,2,0,0,0,0,6,1,0,0,1,1,1,0,2,0,0,0
50,2,0,0,0,2,16,0,20,0,3,0,1,100,39,0,1,0,0,1,0,0,1,0,2446,0,0,1,0,0,0,0,0,0,0,0,0,0,0,0,0,12,0,1,0,0,1,56,0,1,0,0,0,430,1,3,1,8,9,0,0,2612,0,1,0,2,0,0,6,0,0,0,0,0,0,0,0,0,0,0,0,1,0,1,2,0,0,0,0,2377,0,0,0,31,1,0,2,0,0,14,1900,0,0,3,13,3,0,5,0,0,0
34,467,9,2,15,11,0,5,621,6,0,0,20,0,25,3,79,45,0,2,0,4,2,9,0,0,0,25,1,1,0,22,1,7,2,7,0,3,1,0,4,4,0,5,5,0,3,0,112,45,1,25,3,27,0,17,2,0,1,3,4,6,7,2,7,1,0,1,9,5,1,2,1,90,4,12,0,5,3,2,6,10,5,0,13,1,2,6,2,0,2,1,9,0,6,3,0,0,0,37,12,1,0,18,3,33,11,11,11,1,8
0,1,2,2,0,0,0,75,2,36,0,57,0,0,1,0,0,0,1,0,21,112,0,1,0,1,2,202,1,0,21,19,20,103,9,0,4,352,0,8,4,21,125,232,164,12,3,0,0,1,0,94,99,0,0,101,347,0,2,114,387,0,43,0,269,0,254,270,0,1,7,47,0,0,5,0,2,40,10,111,194,0,70,0,172,0,0,4,14,0,0,140,105,0,0,22,0,4,174,0,0,24,18,0,0,19,212,0,0,30,22
1,4,15,2,8,1,0,92,12,70,3,41,3,5,2,5,0,3,6,3,57,187,5,0,0,18,1,299,7,0,30,41,37,130,4,0,24,351,0,44,6,41,239,721,312,22,17,0,0,3,40,182,141,2,2,438,860,6,15,145,39,0,34,1,767,0,417,408,9,9,7,99,2,2,19,0,1,20,17,71,160,0,53,0,167,1,1,4,9,0,0,131,157,0,0,30,2,6,110,0,3,36,26,8,0,474,175,1,2,35,29
0,3,0,0,1,0,0,908,1,615,0,5,0,0,0,0,0,0,0,0,21,376,0,0,0,1,0,247,1,0,1,319,4,698,0,0,1,48,0,1,1,18,3,4,248,0,2,0,0,26,0,2,777,0,0,0,9,0,1,41,31,0,1,0,528,0,259,17,3,0,0,10,0,0,0,0,0,4,0,4,5,0,764,0,98,0,0,2,0,0,0,171,423,0,0,2,0,0,116,0,1,0,3,0,0,14,110,0,0,1,0
2,1,0,0,53,0,0,0,1,0,0,0,175,0,21,0,0,0,0,0,0,0,0,46,0,0,0,2,0,0,0,0,0,0,0,0,0,0,5,0,0,0,0,1,0,0,0,0,4,1,0,0,0,0,0,0,0,0,0,2,0,0,0,0,0,0,0,1,0,0,0,0,43,2,0,68,0,0,0,0,0,701,0,0,0,29,17,0,0,0,4,0,0,0,0,0,0,0,0,1,0,0,0,0,0,1,0,0,0,0,0
38,0,0,0,4,0,0,0,13,0,0,0,129,2,100,0,109,1216,0,17,1,0,0,18,5,0,3,0,4,2,0,0,0,0,0,0,0,0,0,0,1,1,0,0,1,0,0,0,1169,0,0,0,0,19,0,1,2,0,0,1,0,3,0,1,3,0,1,1,4,0,0,0,1,946,1,76,0,0,0,1,0,42,0,0,1,2,24,0,0,0,11,0,2,0,1,0,0,0,0,34,0,0,0,0,0,1,0,6,0,0,0
420,1,1,0,18,27,1164,0,15,0,1869,0,25,1620,401,0,0,1,0,2,0,0,793,11,59,19,2,0,0,11,0,2,0,0,0,14,0,0,12,0,6,4,0,0,0,0,6,2214,1,8,14,0,0,125,3,0,0,1302,190,0,0,42,0,0,0,1,0,0,12,0,0,0,6,1,0,0,0,0,0,0,0,65,1,336,0,1,10,0,0,1,7,0,0,1966,0,0,137,0,0,159,11,0,0,83,880,8,0,32,11,0,0
0,1,742,50,0,47,18,0,5,2,0,0,0,0,5,73,0,1,12,860,17,324,0,0,0,3,44,6,472,0,5,15,2,40,305,21,23,3,0,4,707,21,139,3,39,8,20,0,0,3,3,0,0,6,11,26,19,0,28,0,0,0,24,107,6,57,4,10,33,8,36,126,0,0,29,0,2,0,3,45,1,0,0,0,2,0,0,270,365,0,0,1,2,0,114,56,0,144,4,1,2,3,0,25,0,3,3,0,40,3,4
1,0,29,2,0,290,18,1,10,0,0,0,0,3,2,0,0,0,0,15,12,0,1,0,2,335,7,7,5,0,5,1,1,0,2,943,0,3,0,0,20,285,4,3,8,0,173,1,0,4,203,0,0,47,19,3,4,0,76,0,0,0,1,1,6,8,0,2,885,0,0,0,0,1,11,0,0,1,1,0,0,0,3,2,7,0,0,3,2,0,0,1,2,0,6,0,35,3,0,3,3,0,0,60,12,27,0,1,178,0,1
1,7,68,1,3,156,34,9,15,0,9,2,0,26,6,0,0,0,1,7,1,12,20,0,8,1083,0,15,13,0,1,19,4,9,11,620,3,11,2,4,38,387,14,18,11,5,1252,9,0,5,1131,3,1,79,9,5,6,10,292,0,1,0,2,2,0,15,3,3,472,5,2,8,6,2,3,0,0,14,1,9,1,0,6,43,4,2,0,10,0,0,0,2,2,1,0,1,36,6,7,1,5,4,0,292,50,25,2,1,824,1,7
0,5,10,0,0,7,1,3,1,0,19,0,0,2,0,0,0,0,0,1,0,0,0,0,1,61,0,11,1,0,0,4,0,3,1,70,0,1,0,0,5,148,0,0,4,0,262,0,0,2,435,0,2,8,2,0,0,10,137,1,0,0,0,0,3,10,0,0,2,1,0,1,0,0,0,0,0,1,1,1,0,0,5,2,1,0,0,0,0,0,0,2,1,0,0,0,2,0,1,0,0,0,0,25,33,8,1,0,15,0,0
0,0,10,79,0,0,1,0,0,0,0,8,0,0,0,47,0,0,6,4,1,1,0,0,0,0,0,0,125,0,1,0,5,2,36,0,4,6,0,6,57,7,31,2,2,38,0,0,0,0,0,2,0,0,0,30,13,0,0,0,0,0,179,9,0,3,0,10,0,4,7,15,0,0,45,0,14,2,2,489,4,0,0,0,0,0,0,160,178,0,0,2,0,0,104,8,0,260,0,0,0,11,4,0,0,2,1,0,0,76,23
0,0,2,10,0,0,0,0,0,0,0,0,0,0,0,5,0,0,20,0,0,10,0,0,0,0,0,0,0,0,1,0,3,0,300,0,3,0,0,1,10,1,16,0,3,7,0,0,0,0,0,0,0,0,0,0,1,0,0,0,0,0,3,0,0,0,0,2,0,0,28,149,0,0,9,0,1,0,2,38,0,0,0,0,0,0,0,11,0,0,0,0,0,0,5,17,0,18,1,0,0,0,1,0,0,0,0,0,0,5,1
18,0,0,0,0,0,1,0,16,0,0,0,26,1,25,0,1137,67,0,8,0,0,0,8,0,0,25,0,0,0,3,0,0,0,0,0,0,0,0,0,0,0,0,1,3,0,0,0,78,0,0,0,0,0,0,7,1,0,0,0,0,4,1,2,9,0,1,1,1,0,0,0,1,281,3,38,2,0,0,0,0,4,0,0,5,0,0,0,0,0,1,0,1,0,27,0,0,0,0,195,2,0,0,0,0,0,0,6,0,2,0
0,0,25,30,0,28,1,2,0,6,0,12,0,11,5,26,0,1,6,15,696,21,9,0,0,14,561,0,2,0,432,5,371,30,19,1,860,31,0,671,15,12,32,19,28,22,2,0,0,0,1,1,14,1,743,11,21,0,6,29,0,0,10,3,26,2,12,92,10,273,14,50,0,0,393,0,10,44,204,10,7,0,3,1,16,0,0,23,3,0,0,5,0,0,6,11,0,15,34,0,4,10,9,17,0,12,3,0,9,36,25
6,0,0,0,532,0,2,0,1,0,0,0,9,0,18,0,1,0,0,0,0,0,0,60,0,0,0,0,0,1552,0,0,0,0,0,0,0,0,1249,0,0,0,0,0,0,0,0,0,1,0,0,0,0,0,0,0,0,0,0,0,0,0,0,0,0,0,0,0,0,0,0,0,769,0,0,99,0,0,0,0,0,49,0,0,0,34,1579,0,0,0,1396,0,0,0,0,0,0,0,0,14,0,0,0,0,0,0,0,99,0,0,0
6,0,0,0,301,0,0,0,0,0,0,0,17,0,2,0,0,0,0,0,0,0,0,679,0,0,0,0,0,1,0,0,0,0,0,0,0,0,4,0,0,0,0,0,0,0,0,0,1,0,0,0,0,0,0,0,0,0,0,0,0,0,0,0,0,0,0,0,0,0,0,0,40,0,0,6,0,0,0,0,0,61,0,0,0,1008,93,0,0,0,12,0,0,0,0,0,0,0,0,0,0,0,0,0,0,0,0,6,0,0,0
37,0,0,0,6,0,0,0,11,0,0,0,628,3,60,0,294,12,0,0,0,0,0,12,2,0,0,3,0,12,0,0,0,0,0,0,0,0,4,0,0,0,0,3,1,0,0,0,127,0,0,0,0,7,0,17,5,0,1,0,0,4,0,0,4,0,2,2,0,0,0,0,17,271,0,1500,0,0,0,1,0,151,0,0,0,4,28,0,0,0,24,0,0,0,0,0,0,0,0,263,9,1,0,0,0,2,0,9,0,2,0
4,0,0,0,1,1,87,0,2,0,5,0,12,49,22,0,7,1,0,1,0,0,1,0,0,0,0,0,0,31,0,0,0,0,0,0,0,0,23,0,0,0,0,0,0,0,0,17,0,0,0,0,0,5,0,0,0,13,1,0,0,1,0,0,0,0,0,0,0,0,0,0,5,3,0,16,0,0,0,0,0,5,0,1,0,1,5,0,0,0,13,0,0,0,0,0,1,0,0,144,2,0,0,2,3,1,0,255,0,0,0
0,0,0,3,0,0,0,0,0,0,0,4,0,2,0,7,0,0,3,2,0,8,0,0,0,0,1,3,14,0,5,0,1,0,20,0,0,19,0,0,7,3,81,25,8,3,0,0,0,0,0,1,0,0,0,36,49,0,0,9,0,0,4,4,15,0,7,24,0,1,1,21,0,0,12,0,4,1,3,8,3,0,0,0,6,0,0,6,18,0,0,4,4,0,15,4,0,18,8,0,0,0,2,0,0,4,10,0,0,7,4
1,1,36,1,0,0,0,36,0,75,0,12,0,1,0,3,0,0,0,10,4,7,1,0,0,1,0,198,9,0,9,3,22,6,11,0,1,191,0,5,63,87,14,72,12,6,1,0,0,0,2,1,14,2,18,24,32,0,1,60,29,0,13,5,116,7,12,22,0,4,1,5,0,0,27,0,2,16,11,144,7,0,53,0,112,0,0,17,12,0,0,31,111,0,20,0,0,43,407,0,0,5,3,1,0,59,76,0,0,19,10
6,3,27,0,7,601,267,0,21,0,12,0,1,36,22,0,6,0,0,2,1,1,10,0,0,16,0,1,3,4,0,1,2,0,9,10,1,2,5,1,9,25,1,5,1,0,3,25,1,1,2,1,1,29,73,0,1,15,16,1,0,0,0,0,3,11,0,0,5,6,0,0,10,4,1,1,0,1,1,1,0,1,0,23,1,1,2,4,0,0,1,0,0,2,2,0,79,0,3,68,0,0,0,214,10,0,0,188,12,0,0
4,0,60,2,0,16,0,0,1,0,0,0,0,0,4,1,0,0,7,445,9,8,0,0,0,0,31,0,32,0,13,0,0,2,239,0,4,1,0,2,146,20,66,2,1,0,6,0,0,1,2,0,0,3,35,10,10,0,14,0,0,0,0,685,5,862,1,2,35,1,4,14,0,0,20,0,0,3,1,1,1,0,0,0,2,0,0,21,0,0,0,0,0,0,47,3,2,5,2,0,1,0,0,1,0,6,0,0,0,1,0
0,8,0,0,0,0,0,43,2,95,0,0,1,0,8,0,0,0,0,0,1,2,0,0,0,0,0,294,3,0,7,272,0,9,0,0,0,5,0,0,1,7,0,0,2,0,2,0,0,344,0,1,2,0,0,1,1,1,3,158,29,0,3,0,33,0,0,4,4,1,0,0,0,0,0,0,0,0,6,3,2,15,46,0,25,0,0,0,0,0,0,2,134,0,0,0,0,0,8,0,0,0,0,1,0,5,10,0,2,10,0
3,5,1,0,253,13,12,0,3,0,0,0,3,2,69,0,0,1,0,0,0,0,1,4,0,0,0,1,0,731,0,0,0,0,0,0,0,0,1041,0,0,0,0,3,0,0,0,0,0,1,0,0,0,4,0,1,0,1,3,0,0,0,0,0,0,0,0,0,1,0,0,0,935,0,0,36,0,0,0,0,0,41,0,0,0,43,275,0,0,0,201,0,0,0,0,0,0,0,0,16,0,0,0,20,0,0,0,42,1,0,0
0,1,0,0,27,0,0,0,1,0,0,0,2,0,6,0,0,0,0,0,0,0,0,2,0,0,0,0,0,0,0,0,0,0,0,0,0,0,7,0,0,0,0,0,1,0,0,1,0,0,1,0,0,0,0,0,0,0,0,0,0,0,0,0,0,0,0,0,0,0,0,0,16,0,0,0,0,0,0,0,0,13,0,0,0,62,5,0,0,0,1,0,0,0,0,0,0,0,0,0,0,0,0,3,0,0,0,0,1,0,0
