0.44624,0.75566,0.67597,0.34321,0.40571,0.30291,0.57881,0.65652,0.7096,0.65562,0.7425,0.48971,0.47491,0.82703,0.20205,0.31919,0.6555,0.64151,0.49466,0.60834,0.58788,0.26844,0.49679,0.62674,0.95422,0.64248,0.61111,0.23424,0.35021,0.65377,0.41754,0.39246,0.49523,0.55207,0.23964,0.51636,0.61663,0.29065,0.51133,0.62489,0.52737,0.30104,0.28269,0.49763,0.26104,0.2133,0.672,0.85984,0.72819,0.66466,0.64781,0.31518,0.69599,0.26874,0.79498,0.32493,0.43208,0.51934,0.27327,0.4107,0.66667,0.96741,0.17726,0.64813,0.39258,0.87842,0.35906,0.26227,0.48806,0.59483,0.40226,0.3653,0.47385,0.41895,0.23705,0.6719,0.76384,0.76528,0.61563,0.35803,0.3086,0.45213,0.65337,0.64755,0.18117,0.80829,0.75959,0.35133,0.34586,0.99668,0.82268,0.39628,0.34238,0.74402,0.30658,0.48106,0.79514,0.2192,0.3225,0.37272,0.9483,0.55208,0.57068,0.32105,0.47899,0.32657,0.2133,0.71876,0.44804,0.21359,0.46656
0.53695
0,0,3,475,0,0,0,0,0,0,0,5,0,0,0,376,0,0,322,0,1,1,0,0,0,0,4,1,0,0,12,0,29,0,26,0,51,0,0,22,0,1,11,0,0,177,0,0,0,0,0,1,0,0,0,0,2,0,0,0,0,0,117,4,0,0,0,6,0,13,174,63,0,0,32,0,469,2,23,24,5,0,0,0,0,0,0,41,11,0,0,0,0,0,67,77,0,190,0,0,1,32,3,0,0,0,2,0,0,154,34
0,3,1,26,0,0,0,6,2,0,0,595,0,0,0,44,0,0,1,0,0,21,0,0,0,0,0,16,0,0,1,0,5,9,2,0,1,12,0,2,0,1,0,2,16,231,0,0,0,0,0,272,1,0,0,10,8,0,0,1,1,0,105,0,0,0,2,48,0,0,37,28,0,0,3,0,4,1,3,17,391,0,18,0,29,0,0,4,1,0,0,27,0,0,2,136,0,6,29,0,2,583,436,0,0,1,157,0,0,51,586
21,0,3,119,0,0,0,0,5,2,1,44,5,0,1,89,1,3,51,2,3,6,1,0,4,1,2,19,4,1,8,1,13,5,75,0,17,12,0,8,5,3,220,49,8,155,0,6,2,0,0,9,0,7,0,163,110,0,1,0,0,7,198,0,15,0,3,87,4,2,72,106,0,2,68,4,8,1,13,83,35,3,0,0,0,1,1,19,67,0,5,0,0,17,21,92,0,104,0,2,2,46,25,0,0,63,13,1,0,36,64
0,0,16,259,0,0,0,0,0,0,0,0,0,0,0,194,0,0,509,28,0,1,0,0,0,0,5,4,115,0,7,0,8,0,227,0,88,0,0,6,44,0,7,0,0,26,0,0,0,0,0,0,0,0,2,0,0,0,1,0,0,0,21,159,0,0,0,2,0,10,45,52,0,0,45,0,58,0,10,109,2,0,0,0,0,0,0,423,20,0,0,0,0,0,233,19,0,167,0,0,0,0,0,0,0,0,0,0,0,14,2
0,0,2,97,0,0,0,0,1,0,0,31,0,0,0,133,0,0,0,0,0,0,0,0,0,0,0,5,0,0,0,0,6,0,1,0,0,0,0,2,3,0,0,0,0,70,0,0,0,0,0,1,0,0,0,0,0,0,0,0,0,0,150,0,0,0,0,0,0,0,7,1,0,0,0,0,4,1,1,24,5,0,1,0,0,0,0,11,8,0,0,0,0,0,4,6,0,47,0,0,0,39,1,0,0,0,4,0,0,29,34
1,0,24,30,0,8,3,1,7,0,0,18,0,0,2,43,0,5,30,25,9,20,0,0,0,12,8,39,57,0,11,1,9,3,47,0,30,28,0,15,67,18,441,172,25,35,5,0,0,0,1,15,1,4,2,554,269,0,2,10,1,0,74,8,6,4,9,102,3,7,26,56,1,0,227,0,3,5,10,127,15,0,1,0,1,0,0,61,252,0,0,1,3,0,46,17,1,57,3,0,5,26,2,0,0,77,6,2,3,14,17
0,0,0,131,0,0,0,0,0,0,0,8,0,0,2,85,0,0,33,0,0,37,0,0,0,0,0,0,0,0,0,2,10,26,8,0,10,2,0,11,0,0,28,0,41,177,1,0,0,0,0,0,1,1,0,0,11,0,0,0,0,0,6,0,0,0,6,33,0,0,356,560,0,0,1,0,4,2,2,0,2,0,0,0,0,0,0,1,0,0,0,10,0,0,4,546,0,10,0,0,0,62,78,0,0,0,4,0,0,16,62
14,0,0,0,0,0,0,0,0,0,0,0,6,0,58,0,56,2,0,9,1,0,0,0,1,0,14,0,3,0,0,0,0,0,0,0,0,0,0,0,0,0,1,0,3,0,0,0,2,0,0,0,0,0,0,8,1,0,0,1,0,0,0,2,8,0,2,0,11,0,0,0,1,41,0,3,2,0,0,0,0,1,0,0,4,0,0,0,1,0,0,0,1,0,5,0,0,0,0,31,1,0,0,0,1,0,0,0,0,0,0
14,4,3,0,19,99,262,1,9,0,574,0,0,82,72,0,0,0,0,0,5,0,929,0,10,49,2,4,2,2,0,3,1,0,1,13,0,1,3,0,14,19,0,0,0,0,27,195,0,27,21,0,0,144,9,0,0,797,323,0,0,21,0,0,0,13,0,0,31,5,0,0,8,0,0,1,0,1,2,0,0,7,0,1468,0,3,0,1,0,4,2,0,1,482,0,0,1277,0,0,49,5,0,0,231,833,8,0,15,16,0,0
0,0,0,0,24,0,0,0,0,0,0,0,109,0,0,0,0,0,0,0,0,0,0,205,0,0,0,0,0,0,0,0,0,0,0,0,0,0,2,0,0,0,0,0,0,0,0,0,4,0,0,0,0,0,0,0,0,0,0,0,0,0,0,0,0,0,0,0,0,0,0,0,25,0,0,70,0,0,0,0,0,317,0,0,0,22,35,0,0,0,8,0,0,0,0,0,0,0,0,1,0,0,0,0,0,0,0,0,0,0,0
10,0,0,0,1,0,0,2,23,0,0,1,179,0,145,0,42,17,0,0,0,0,0,4,7,0,0,2,0,0,0,0,0,0,0,0,0,0,1,0,1,0,0,0,3,0,0,0,17,2,0,0,0,2,0,17,8,0,0,2,0,2,2,0,4,0,1,1,7,0,0,0,3,171,0,204,7,0,0,2,1,108,0,0,1,1,6,0,0,0,4,0,3,0,0,0,0,0,0,96,8,3,0,3,1,2,4,6,1,8,0
5,3,23,1,0,149,65,3,8,0,0,0,5,12,73,0,47,7,0,4,0,6,6,0,1,2,4,1,0,2,1,0,0,0,0,7,0,0,6,2,1,14,2,11,10,0,12,3,5,1,2,1,0,30,1,39,6,23,13,0,1,3,0,0,5,0,0,2,92,1,0,0,1,92,2,59,0,0,0,0,0,2,0,58,5,0,1,0,0,1,3,0,0,7,3,0,33,0,1,757,3,5,0,115,39,2,2,9,36,2,0
1,22,8,0,2,44,11,6,21,0,3,0,3,0,35,0,0,0,0,1,7,3,99,0,0,11,1,14,0,0,1,20,4,3,2,14,5,8,0,4,9,8,1,4,6,2,11,0,0,33,9,3,2,2,0,0,1,13,42,2,6,0,0,0,0,0,0,9,2,56,0,2,3,0,0,0,0,4,1,1,0,0,6,20,2,3,0,0,0,0,0,1,1,0,0,0,9,2,9,0,1,0,1,540,14,4,2,1,585,0,2
0,7,3,23,0,0,0,5,1,0,0,302,0,0,0,18,0,0,6,0,6,53,0,0,0,1,1,79,1,0,57,1,64,25,11,1,14,90,0,14,1,3,53,24,50,80,0,0,0,0,0,238,6,1,1,72,159,0,0,173,4,0,137,0,12,0,21,282,0,3,30,89,0,0,7,0,10,37,23,145,349,0,4,0,57,0,0,6,7,0,0,66,27,0,2,64,0,16,58,0,1,122,95,0,0,3,221,0,0,127,181
1,0,15,8,0,2,0,0,0,0,0,0,0,0,0,14,0,0,2,35,0,1,0,0,0,0,1,0,276,0,0,0,0,1,24,0,2,0,0,0,77,3,6,1,0,0,0,0,0,1,0,0,0,2,0,3,3,0,4,0,0,0,7,25,0,1,2,0,0,1,0,4,0,0,28,0,0,0,0,10,0,0,0,0,0,0,0,34,262,0,0,0,0,0,63,0,0,28,0,0,0,0,0,0,0,2,0,0,0,0,0
2,1,1,0,0,1,0,4,0,1,0,2,1,0,2,0,0,0,0,1,2,1,1,0,0,11,2,4,0,0,1,0,0,0,1,9,0,2,0,1,2,155,3,19,5,0,48,0,0,0,18,0,0,43,1,16,6,0,10,0,0,0,0,2,1,0,2,1,67,0,0,0,0,0,4,0,0,0,0,0,1,0,3,0,2,0,0,1,0,0,0,0,12,0,1,0,1,0,3,1,0,3,0,0,3,224,1,0,7,0,0
689,0,0,0,0,3,10,0,4,0,0,0,16,17,32,0,2,0,0,2,0,0,0,0,7,0,0,0,1,2,1,0,0,0,0,0,0,0,0,0,0,4,0,1,0,0,2,10,1,1,0,0,0,37,0,5,0,5,9,0,0,5,0,4,1,4,0,0,64,0,0,0,1,2,0,0,0,0,0,0,0,0,0,2,0,0,0,0,0,0,1,0,0,154,0,0,2,0,0,59,2,0,0,1,39,39,0,22,0,0,0
0,0,8,8,0,1,0,1,2,0,0,22,2,0,0,4,0,0,4,3,219,6,0,0,0,0,293,32,1,0,438,0,623,5,6,0,239,52,0,237,9,9,31,70,16,9,0,1,0,1,1,19,6,3,10,40,74,0,2,499,6,0,5,0,31,0,2,86,0,621,12,17,0,0,98,0,12,626,583,8,17,0,0,0,4,1,0,5,2,0,0,12,30,0,0,6,0,3,24,0,7,17,5,0,0,45,24,1,1,71,40
0,0,0,0,0,0,0,72,1,2,0,21,0,0,0,0,0,0,2,0,3,203,0,0,0,0,0,13,0,0,2,17,1,148,1,0,0,27,0,1,0,6,3,1,185,7,0,0,0,1,0,8,89,1,0,1,18,0,0,2,0,0,2,0,22,0,124,58,0,0,9,35,0,0,0,0,0,0,0,2,64,0,135,0,94,0,0,0,0,0,0,447,5,0,0,31,0,0,211,0,0,11,38,0,0,0,109,0,0,8,41
8,0,0,0,6,0,64,0,0,0,3,0,27,17,9,0,22,0,0,0,0,0,0,3,4,0,0,0,0,8,0,0,0,0,0,0,0,0,3,0,0,0,0,0,0,0,0,7,2,0,0,0,0,3,0,0,0,3,0,0,0,2,0,0,0,0,0,0,0,0,0,0,4,2,0,8,0,0,0,0,0,2,0,1,0,11,0,0,0,1,1,0,0,1,0,0,0,0,0,136,4,0,0,0,3,1,0,1835,0,0,0
49,1,1,0,0,1,0,0,4,0,0,0,15,0,295,0,4,494,0,20,10,0,0,0,1,0,9,2,1,1,1,0,0,0,0,0,0,0,0,0,3,2,0,0,1,0,0,0,68,1,0,0,0,0,0,2,0,0,2,1,0,0,0,0,4,0,1,2,7,0,0,1,1,141,1,16,1,0,1,2,0,10,0,0,0,0,1,0,3,0,2,0,0,0,1,0,0,0,1,3,0,0,0,1,1,0,0,2,0,0,0
59,2,0,0,0,2,16,1,20,0,4,0,2,112,19,0,1,0,0,1,0,0,0,0,2543,0,0,0,0,0,0,0,0,0,0,0,0,0,0,0,0,9,0,1,0,0,0,102,0,1,0,0,0,276,1,2,0,1,16,0,0,2672,0,1,1,2,0,0,8,0,0,0,0,1,0,0,0,0,0,0,0,1,0,2,2,0,0,0,0,2402,0,0,0,30,0,0,2,0,0,20,1816,0,0,3,13,6,0,7,0,0,0
62,467,5,1,17,13,0,4,628,5,0,0,33,0,22,3,67,35,0,0,0,5,2,7,5,2,0,19,1,2,0,19,1,6,1,6,0,2,0,0,2,2,0,9,3,0,3,0,122,46,1,21,2,6,0,17,3,0,4,3,4,7,4,4,10,1,0,0,12,6,1,1,1,85,6,12,0,5,3,1,3,8,12,0,9,1,2,4,1,0,1,0,11,1,4,5,0,0,1,35,17,4,0,22,2,26,11,10,10,3,10
0,13,3,3,0,0,1,84,1,37,0,76,0,0,1,0,0,0,1,0,28,122,0,1,0,1,3,180,0,0,27,18,17,93,12,0,4,370,0,7,3,13,134,207,167,14,3,0,0,0,0,95,100,0,0,116,372,0,2,118,390,0,38,0,225,0,244,260,0,1,7,45,0,0,7,0,3,39,8,94,194,0,64,0,124,0,0,4,13,0,0,167,130,0,0,16,0,4,175,0,0,24,19,0,0,10,231,0,0,22,37
1,24,14,1,6,0,1,110,13,64,4,54,3,4,1,6,0,2,6,8,98,201,8,0,0,14,2,327,2,0,31,34,32,119,12,0,19,344,0,53,5,31,269,734,304,21,14,2,0,3,29,165,120,5,1,466,932,5,22,123,43,0,23,1,751,0,414,422,8,6,8,93,2,2,27,0,1,14,15,50,154,0,47,0,105,1,0,5,12,0,1,162,195,0,1,24,1,4,106,0,4,31,30,10,0,370,162,0,3,26,42
0,17,0,0,1,0,0,906,1,554,0,6,0,0,0,0,0,0,0,0,38,393,0,0,0,0,0,176,1,0,0,278,3,668,0,0,1,43,0,1,0,18,5,5,337,0,3,0,0,16,0,3,815,1,0,0,12,0,4,27,32,0,0,0,548,0,278,29,3,1,0,7,0,0,0,0,0,2,0,3,7,0,786,0,127,0,0,1,0,0,0,186,391,0,0,1,0,0,141,0,1,0,5,0,0,7,60,0,0,0,1
2,1,0,0,51,0,0,0,3,0,0,0,89,0,21,0,0,0,0,0,0,0,0,58,0,0,0,0,0,1,0,0,0,0,0,0,0,0,7,0,0,0,0,0,0,0,0,0,4,1,0,0,0,0,0,0,1,0,0,4,0,0,0,0,0,0,1,0,0,0,0,0,68,0,0,83,0,0,0,0,0,732,0,0,0,35,12,0,0,0,5,0,1,0,0,0,0,0,0,0,0,0,0,0,0,1,0,0,0,0,0
216,0,0,0,3,0,0,0,15,0,0,0,175,3,185,0,71,1088,0,10,1,0,0,18,7,0,5,0,4,2,0,0,0,0,0,0,0,0,0,0,0,0,0,0,1,0,0,0,1160,0,0,0,0,7,0,0,3,0,2,1,0,2,0,7,5,0,1,1,5,0,0,0,1,827,1,74,0,0,0,2,0,41,0,0,0,2,23,0,0,0,11,0,1,0,2,0,0,0,0,25,3,0,0,0,0,2,0,4,0,0,1
204,0,0,0,20,19,1333,0,17,0,1831,0,17,1750,245,0,0,0,0,1,1,0,777,11,59,35,2,0,0,12,0,2,0,0,0,11,0,0,12,0,5,7,0,0,0,0,4,2233,2,9,12,0,0,114,3,1,0,980,175,0,0,33,0,1,0,2,0,0,22,0,0,0,10,2,0,0,0,0,0,0,0,47,1,635,0,4,11,0,0,2,6,0,0,2023,0,0,127,0,0,199,10,0,0,64,969,17,0,32,9,0,0
1,3,751,62,0,47,9,2,2,2,0,1,0,0,3,78,0,0,14,890,14,311,0,0,2,7,23,14,408,0,4,11,2,38,288,19,22,2,0,7,684,16,106,5,31,9,21,0,0,4,3,0,0,3,8,22,17,0,41,0,0,0,14,192,2,35,3,11,30,10,41,124,0,0,45,0,1,0,2,36,1,0,1,0,3,0,0,299,451,0,0,0,3,0,85,54,1,117,6,1,0,4,2,33,0,2,1,0,43,0,6
0,0,22,2,0,446,19,2,10,0,0,0,0,1,2,0,0,0,0,12,15,1,3,0,3,300,5,2,4,0,5,0,1,0,3,852,0,3,0,0,18,287,4,6,6,0,182,0,0,4,218,0,0,82,18,4,1,0,50,0,0,0,1,4,7,9,0,3,879,1,0,0,0,1,8,0,0,1,2,1,0,0,3,0,10,0,0,5,2,0,0,1,1,0,3,0,35,2,1,3,2,0,0,57,12,44,0,1,118,0,1
0,14,59,4,2,191,30,7,11,0,11,3,0,20,6,0,0,0,0,4,1,13,25,0,3,965,0,14,13,0,1,16,3,10,7,630,5,13,3,3,41,407,9,18,9,4,1217,4,0,9,1260,3,1,164,12,8,8,25,212,0,2,0,1,1,0,14,3,3,479,6,2,4,5,1,5,0,0,9,1,6,0,0,4,24,5,2,0,10,1,0,0,1,2,1,0,2,31,6,8,0,3,8,0,328,52,92,2,3,707,0,5
0,5,8,0,0,8,1,5,1,0,18,0,0,3,0,0,0,0,0,1,0,0,1,0,2,57,0,9,1,0,0,4,0,2,0,81,0,1,0,0,6,198,0,0,5,0,242,0,0,2,364,0,1,13,2,0,0,9,178,2,0,0,0,0,4,8,1,0,1,0,0,1,0,0,1,0,0,1,0,1,0,0,5,0,2,0,0,0,0,0,0,2,1,0,0,0,3,0,0,0,0,0,0,22,24,13,1,0,13,0,0
0,0,13,88,0,0,1,0,0,0,0,12,0,0,0,54,0,0,7,2,1,1,0,0,0,0,0,8,90,0,1,0,4,1,44,0,2,6,0,9,37,4,33,4,0,29,0,0,0,0,0,1,0,0,0,27,12,0,0,0,0,0,186,5,0,0,0,6,0,4,8,16,0,0,58,0,12,1,2,517,3,0,1,0,0,0,0,183,161,0,0,1,0,0,115,7,0,242,2,0,0,11,6,0,0,1,0,0,0,70,27
0,0,8,12,0,0,0,0,0,0,0,0,0,0,0,5,0,0,20,0,0,9,0,0,0,0,0,0,1,0,1,0,2,0,318,0,4,0,0,1,8,1,4,0,0,10,0,0,0,0,0,0,0,0,0,0,1,0,0,1,0,0,2,0,0,0,0,2,0,0,19,148,0,0,9,0,1,0,2,42,0,0,0,0,0,0,0,12,0,0,0,0,0,0,2,17,0,14,1,0,0,0,1,0,0,0,0,0,0,4,2
121,0,0,0,0,0,1,0,22,0,0,0,30,1,46,0,1096,29,0,10,0,0,0,8,0,0,21,0,0,0,3,0,0,0,0,0,0,0,0,0,0,0,0,1,3,0,0,0,76,0,0,0,0,0,0,14,1,0,0,0,0,4,1,2,6,0,2,1,1,0,0,0,1,308,5,28,0,0,0,1,1,5,0,0,4,0,0,0,1,0,1,0,0,0,10,0,0,0,0,137,2,1,0,0,0,0,0,6,0,1,0
0,0,19,29,0,25,1,1,0,8,0,7,0,7,3,23,0,1,12,28,689,18,8,0,0,16,682,6,2,0,388,4,394,31,13,1,838,29,0,693,16,10,28,22,33,20,1,0,0,0,1,3,9,3,760,9,17,0,8,34,0,0,8,6,20,1,7,103,11,278,21,43,0,0,238,0,9,54,218,9,5,0,2,0,30,0,0,18,3,0,0,7,0,0,3,12,0,27,33,0,3,13,10,16,0,10,3,0,10,41,28
3,0,0,0,512,0,2,0,1,0,0,0,11,0,15,0,1,0,0,0,0,0,1,63,0,0,0,0,0,1588,0,0,0,0,0,0,0,0,1241,0,0,0,0,0,0,0,0,0,1,0,0,0,0,0,0,0,0,0,0,0,0,0,0,0,0,0,0,0,0,0,0,0,733,0,0,92,0,0,0,0,0,34,0,0,0,35,1545,0,0,0,1480,0,0,0,0,0,0,0,0,17,0,0,0,0,0,0,0,95,0,0,0
2,0,0,0,332,0,0,0,0,0,0,0,13,0,5,0,0,0,0,0,0,0,0,675,0,0,0,0,0,1,0,0,0,0,0,0,0,0,5,0,0,0,0,0,0,0,0,0,1,0,0,0,0,0,0,0,0,0,0,0,0,0,0,0,0,0,0,0,0,0,0,0,55,0,0,6,0,0,0,0,0,42,0,0,0,995,87,0,0,0,13,0,0,0,0,0,0,0,0,0,0,0,0,0,0,0,0,5,0,0,0
42,0,0,0,7,0,0,1,12,0,0,0,691,3,74,0,245,12,0,0,0,0,0,14,4,0,0,0,0,12,0,0,0,0,0,0,0,0,4,0,0,0,0,2,1,0,0,1,124,0,0,0,0,0,0,16,5,0,1,0,0,3,0,0,5,0,2,2,1,0,0,0,23,285,0,1456,0,0,0,1,0,190,0,0,0,3,32,0,0,0,19,0,0,1,0,0,0,0,0,218,9,1,0,0,0,4,0,11,0,2,0
3,0,0,0,1,0,102,0,5,0,4,0,12,58,14,0,9,0,0,1,0,0,0,0,0,0,0,0,0,34,0,0,0,0,0,0,0,0,23,0,0,0,0,0,0,0,0,15,0,0,0,0,0,5,0,1,0,4,1,0,0,1,0,0,0,0,0,0,0,0,0,0,5,6,0,16,0,0,0,0,0,5,0,2,0,0,5,0,0,0,13,0,0,0,0,0,1,0,0,150,2,0,0,1,5,0,0,237,0,0,0
0,0,0,2,0,0,0,0,0,0,0,4,0,1,0,6,0,0,3,2,0,8,0,0,0,0,1,4,11,0,6,0,2,0,25,0,0,17,0,1,4,3,91,22,3,3,0,0,0,0,0,1,0,1,0,31,53,0,0,10,0,0,4,5,15,2,6,21,0,1,1,17,0,0,17,0,3,1,4,9,4,0,0,0,3,0,0,4,19,0,0,4,4,0,21,2,0,16,7,0,0,1,2,0,0,2,11,0,0,5,6
1,4,23,0,0,0,0,50,0,71,0,3,0,1,0,2,0,0,0,15,9,11,0,0,0,0,0,251,9,0,9,3,22,5,7,0,1,202,0,6,53,64,18,71,11,4,2,0,0,0,2,2,14,2,14,32,32,0,0,46,58,0,8,9,143,6,16,22,0,2,2,6,0,0,38,0,2,9,10,112,7,0,47,0,57,0,0,26,6,0,0,31,162,0,22,0,0,40,397,0,0,8,5,3,0,43,45,0,0,12,27
6,0,21,0,8,468,356,0,26,0,13,0,4,20,18,0,8,0,0,2,1,0,9,0,1,18,2,1,7,5,0,1,2,0,4,5,1,1,6,1,10,13,2,7,2,0,5,14,1,1,1,1,1,52,75,1,1,15,21,1,0,0,0,1,2,9,0,0,11,6,0,0,9,5,1,1,0,0,1,1,0,2,0,55,0,2,1,2,0,0,1,0,0,2,2,0,80,0,3,71,0,0,0,204,12,3,1,203,13,0,0
3,2,53,3,0,11,0,1,0,0,0,0,0,0,3,1,0,0,6,345,9,8,0,0,0,0,24,1,146,0,11,0,0,2,161,0,5,1,0,2,167,18,50,3,1,0,6,0,0,0,1,0,0,10,36,7,9,0,22,0,0,0,1,816,3,802,0,1,38,1,7,14,0,0,22,0,0,2,2,2,0,0,0,0,3,0,0,24,0,0,0,1,1,0,38,1,2,2,1,0,1,1,0,2,0,7,0,0,0,0,0
0,23,0,0,0,0,0,105,1,99,0,0,0,0,2,0,0,0,0,1,1,4,0,0,0,0,0,148,4,0,21,281,0,10,0,1,0,5,0,0,2,5,0,0,4,0,2,0,1,331,0,1,2,1,0,1,1,2,7,154,37,0,2,0,57,0,0,3,3,2,0,0,0,0,0,0,0,0,5,2,1,22,62,0,18,0,0,0,0,0,0,1,156,0,0,0,0,0,10,0,0,0,0,1,0,2,6,0,1,5,0
3,2,1,0,223,7,15,0,5,0,0,0,3,4,45,0,0,1,0,0,0,0,0,7,1,0,0,1,0,756,0,0,0,0,0,0,0,0,1104,0,0,0,0,4,0,0,0,3,0,1,0,0,0,2,0,0,0,5,7,0,0,0,0,0,0,0,0,0,1,0,0,0,879,0,0,34,0,0,0,0,0,28,0,0,0,50,267,0,0,0,221,0,0,0,0,0,0,0,0,20,0,0,0,21,0,0,0,45,1,0,0
0,0,0,0,27,0,0,0,3,0,0,0,4,0,4,0,0,0,0,0,0,0,0,3,0,0,0,0,0,0,0,0,0,0,0,0,0,0,7,0,0,0,0,0,1,0,0,1,0,2,1,0,0,0,0,0,0,0,0,0,0,0,0,0,0,0,0,0,0,0,0,0,15,0,0,0,0,0,0,0,0,12,0,0,0,59,5,0,0,0,1,0,0,0,0,0,0,0,0,0,0,0,0,4,0,0,0,0,1,0,0
