0.69572,0.89571,0.79048,0.40414,0.59141,0.49322,0.7925,0.5423,0.56081,0.72658,0.74468,0.47446,0.32234,0.63311,0.69358,0.34141,0.66111,0.60062,0.5701,0.67687,0.4528,0.38012,0.87486,0.66598,0.98005,0.68127,0.56384,0.60802,0.33134,0.65365,0.54661,0.6155,0.47325,0.62381,0.29167,0.71342,0.64399,0.3117,0.69955,0.43345,0.41335,0.35541,0.22625,0.41007,0.29832,0.32827,0.67251,0.70905,0.79012,0.70035,0.45797,0.25306,0.56599,0.90513,0.78018,0.39196,0.16654,0.72732,0.38326,0.22391,0.55677,0.97524,0.1881,0.62818,0.497,0.82776,0.37996,0.22713,0.52449,0.57682,0.43707,0.38624,0.58821,0.5976,0.71442,0.79631,0.63908,0.80505,0.61319,0.3095,0.26003,0.26662,0.55914,0.87084,0.31188,0.82459,0.77467,0.31054,0.23555,0.99193,0.65863,0.4264,0.66359,0.75564,0.29161,0.5332,0.80479,0.1929,0.45921,0.40843,0.96593,0.4977,0.43722,0.42939,0.47162,0.54451,0.22353,0.71491,0.58893,0.33242,0.58733
0.57555
0,0,0,430,0,0,0,0,0,0,0,14,0,0,0,338,0,0,255,0,0,3,0,0,0,0,0,0,15,0,1,0,14,0,7,0,22,0,0,54,19,0,8,0,26,122,0,0,0,0,0,1,0,0,0,2,8,0,0,1,0,0,101,4,0,0,0,1,0,13,202,45,0,0,7,0,556,3,22,0,1,0,0,0,0,0,0,60,82,0,0,0,0,0,63,127,0,128,0,0,0,22,5,0,0,0,0,0,0,243,39
0,0,0,13,0,0,0,6,0,1,0,576,0,0,1,39,0,0,1,0,0,1,0,0,0,0,0,0,0,0,0,7,1,4,1,0,0,4,0,4,12,0,0,12,27,389,0,0,0,0,0,310,2,0,0,1,53,0,0,3,0,0,88,0,1,0,55,250,0,1,25,24,0,0,0,0,4,0,4,1,298,0,5,0,9,0,0,1,26,0,0,41,0,0,0,43,0,0,0,0,0,542,390,0,1,9,26,0,0,36,649
20,1,0,67,2,3,0,0,3,1,1,58,1,3,26,111,1,2,40,3,1,14,0,0,3,3,0,1,28,1,0,0,12,2,6,2,9,11,0,16,71,14,150,56,39,166,0,1,1,1,1,6,2,2,0,92,112,0,1,0,0,1,132,3,34,0,3,23,3,3,114,48,0,3,5,6,20,2,7,3,11,1,0,6,8,0,0,48,273,0,2,2,0,9,57,93,19,146,0,1,3,65,41,0,0,50,9,4,0,62,68
0,0,1,266,0,0,0,0,0,0,0,0,0,0,0,134,0,0,492,3,0,55,0,0,0,1,2,0,126,0,2,0,2,0,186,0,144,0,0,6,50,0,16,1,42,9,0,0,0,0,0,1,0,0,1,1,8,0,0,0,0,0,23,211,0,3,0,0,0,11,63,104,0,0,4,0,110,1,6,1,0,0,0,0,0,0,0,377,40,0,0,0,0,0,171,40,0,174,0,0,0,0,1,0,0,0,0,0,0,49,0
0,0,0,49,0,0,0,0,0,0,0,20,0,0,0,130,0,0,1,0,0,0,0,0,0,0,0,0,2,0,0,0,0,1,1,0,1,0,0,2,17,0,0,1,0,107,0,0,0,0,0,0,0,0,0,0,4,0,0,0,0,0,196,0,0,0,1,8,0,0,7,1,0,0,0,0,5,2,0,0,5,0,0,0,0,0,0,6,48,0,0,0,0,0,12,2,0,27,0,0,0,23,3,0,0,0,0,0,0,26,21
0,0,15,21,1,18,2,0,3,0,0,24,0,1,4,31,0,0,14,36,25,18,0,0,0,16,4,0,148,0,2,0,20,3,59,15,8,32,0,19,121,26,260,202,73,45,7,3,0,2,0,14,1,0,2,673,158,0,3,1,1,0,66,20,34,19,4,13,2,15,20,10,2,0,22,0,18,8,10,15,11,0,3,1,15,0,0,122,188,0,0,6,2,0,192,21,7,132,2,1,1,31,21,0,0,175,8,1,4,22,11
0,0,0,90,0,0,0,0,0,0,0,11,0,0,0,77,0,0,11,0,0,18,0,0,0,0,0,0,0,0,0,4,2,17,0,0,5,1,0,11,0,0,5,2,284,56,0,0,0,0,0,1,1,0,0,0,49,0,0,0,0,0,8,0,6,0,21,6,0,0,448,421,0,0,0,0,15,2,2,0,0,0,1,0,1,0,0,0,42,0,0,16,0,0,1,538,0,6,0,0,0,50,80,0,0,2,7,0,0,25,47
0,0,0,1,2,0,0,5,1,2,0,0,0,1,0,1,128,2,0,0,1,0,0,0,0,0,0,1,6,0,2,0,0,0,0,0,0,0,0,0,0,1,3,0,0,1,0,0,2,0,0,0,0,0,0,1,1,0,1,0,1,0,0,1,0,0,0,0,12,0,0,5,1,42,6,1,1,0,1,0,1,0,0,0,1,0,0,0,0,0,0,6,2,0,0,0,1,4,0,43,1,0,0,0,0,1,0,1,0,0,0
39,9,10,0,7,121,216,0,9,0,577,0,14,82,141,0,1,15,0,55,4,0,188,5,3,12,33,1,1,4,0,1,2,0,1,25,1,0,3,0,0,23,0,2,0,0,21,446,0,23,16,0,0,11,11,0,0,465,632,1,1,3,0,8,3,10,0,0,24,0,0,0,7,1,0,3,0,3,2,0,0,27,0,1753,0,8,1,0,0,9,3,1,0,420,0,0,1410,1,0,28,11,0,0,249,976,0,1,18,12,0,0
0,0,0,0,40,0,0,0,0,0,0,0,286,0,0,0,3,0,0,0,0,0,0,180,0,0,0,0,0,0,0,0,0,0,0,0,0,0,0,0,0,0,0,0,0,0,0,0,1,0,0,0,0,0,0,0,0,0,0,0,0,0,0,0,0,0,0,0,0,0,0,0,5,0,0,16,0,0,0,0,0,256,0,0,0,18,8,0,0,0,8,0,0,0,0,0,0,0,0,1,0,0,0,0,0,0,0,0,0,0,0
4,2,0,0,4,0,0,0,67,0,0,2,138,2,16,0,72,16,0,5,0,0,0,3,3,0,0,5,0,6,6,0,1,0,0,0,0,2,0,0,3,1,0,2,0,1,0,1,14,0,0,2,0,2,0,4,0,0,0,78,1,0,0,2,4,0,0,2,9,0,0,0,1,110,0,229,9,1,1,2,0,20,1,0,4,1,6,0,0,0,6,1,2,0,1,0,1,1,1,228,13,2,0,3,1,1,3,15,0,2,0
8,1,19,0,0,325,13,6,5,6,2,4,2,2,8,0,27,3,0,7,1,1,0,0,1,5,1,4,1,7,1,3,0,0,0,5,0,5,3,0,0,2,1,20,2,2,9,40,2,1,1,0,0,3,1,34,4,8,32,0,0,0,1,0,8,0,2,0,68,0,0,0,5,27,0,20,0,0,1,2,1,1,6,21,4,0,3,0,1,2,5,7,1,14,0,0,27,1,0,901,2,11,0,100,28,9,14,15,13,0,0
0,12,8,0,0,54,3,5,4,1,4,1,4,0,9,0,1,0,0,7,1,0,10,0,0,5,6,0,1,0,0,3,11,2,0,8,3,9,0,1,1,2,0,8,0,1,6,1,0,11,11,1,3,0,1,1,2,2,172,4,2,0,0,1,5,0,0,0,2,229,0,0,1,0,2,1,0,5,0,1,0,1,3,21,6,1,0,1,0,0,0,1,5,0,0,0,2,2,6,0,0,0,2,824,2,2,3,1,256,0,0
0,0,1,7,0,0,0,7,0,0,0,280,0,0,0,26,0,0,2,0,4,31,0,0,0,0,2,2,3,0,49,10,96,14,4,1,9,63,0,41,121,4,21,52,44,175,0,0,0,0,1,289,15,0,1,16,123,0,0,216,2,0,152,0,25,0,83,288,0,12,16,28,0,0,1,0,6,35,33,17,270,0,4,0,95,0,0,5,123,0,0,83,1,0,14,37,0,25,9,0,0,208,148,0,0,86,84,0,0,40,190
0,0,32,7,0,0,0,0,1,0,0,0,0,0,0,2,0,0,3,44,0,9,0,0,0,0,1,0,390,0,0,0,0,0,37,0,4,0,0,0,10,0,10,0,5,0,0,0,0,0,0,0,0,0,0,3,1,0,0,0,0,0,2,34,0,5,0,0,0,1,0,7,0,0,0,0,3,0,0,1,0,0,1,0,0,0,0,93,6,0,0,0,0,0,213,0,0,19,0,0,0,0,0,0,0,2,0,0,0,3,0
0,1,0,0,0,2,0,0,0,2,0,3,0,2,0,0,0,0,0,4,1,0,0,0,0,120,0,4,0,0,0,0,0,0,1,7,0,3,0,1,1,233,2,28,1,0,111,0,0,0,22,0,0,0,0,10,2,0,6,0,0,0,0,3,2,0,1,0,77,0,0,0,0,0,1,0,0,0,0,1,0,0,2,0,9,0,0,2,1,0,0,0,0,1,0,0,4,1,2,1,0,3,1,1,3,15,1,0,18,0,0
926,0,0,0,2,8,5,0,2,1,2,0,4,14,36,0,0,2,0,12,3,0,1,0,2,0,0,1,1,4,1,0,0,0,0,0,0,0,0,0,0,26,1,3,0,0,1,4,2,1,1,0,0,2,2,1,0,4,1,0,0,4,0,21,1,3,0,0,15,0,0,0,2,1,0,0,0,1,0,0,0,0,0,0,0,0,2,0,0,1,2,0,1,46,1,0,4,0,0,12,1,0,0,0,42,2,1,24,0,0,0
0,0,2,7,3,1,0,1,1,1,0,28,0,0,0,3,0,0,0,0,518,5,0,0,0,2,103,0,3,0,240,2,637,5,6,0,256,41,0,553,9,13,6,39,19,7,0,0,0,0,0,7,18,0,11,26,23,0,0,236,4,0,2,4,50,5,1,19,0,627,7,1,0,0,203,0,21,669,753,5,8,0,7,1,42,0,0,11,9,0,0,6,0,0,5,4,0,7,26,1,0,10,23,0,0,24,17,0,2,20,2
0,0,0,0,0,0,0,188,1,17,0,4,0,0,0,1,0,0,0,0,1,54,0,0,0,0,0,10,0,0,0,131,2,77,0,0,0,30,0,2,5,0,0,9,33,3,0,0,0,1,0,35,68,0,0,0,27,0,0,0,1,0,5,0,72,0,364,96,0,0,18,22,0,0,0,0,0,0,1,5,50,0,63,0,43,0,0,0,1,0,0,504,13,0,0,27,0,0,34,0,0,10,20,0,0,5,217,0,0,2,10
14,0,0,0,2,16,13,0,4,0,2,0,11,5,3,0,22,0,0,0,0,0,2,0,2,0,0,0,0,7,0,0,0,0,0,0,0,0,7,0,0,1,0,0,0,0,0,7,2,0,0,0,0,2,0,0,0,5,0,0,0,1,0,0,0,0,0,0,0,0,0,0,1,4,0,1,0,0,0,0,0,1,0,0,0,3,3,0,0,1,3,0,0,11,0,0,0,0,0,69,3,0,0,0,7,0,0,1966,0,0,0
2,1,0,0,1,0,0,0,2,0,3,0,6,0,5,0,18,661,0,58,12,0,0,1,1,0,0,0,0,2,0,0,1,0,0,1,0,3,0,0,2,1,0,1,0,1,0,0,104,1,0,0,0,0,0,1,0,0,0,18,0,0,0,2,1,0,0,0,4,0,0,0,3,234,4,8,0,0,0,3,0,1,0,1,0,0,5,0,0,0,0,1,2,0,0,0,0,0,0,11,0,0,0,0,2,0,0,3,0,0,0
36,4,0,0,0,3,13,0,18,0,3,0,1,441,103,0,0,3,0,3,0,0,1,0,2014,0,0,2,0,1,0,0,0,0,0,1,0,0,0,0,0,24,0,3,0,0,1,5,0,1,0,0,0,582,0,0,0,6,0,0,0,1339,0,3,0,3,0,0,6,1,0,0,0,0,0,0,0,0,0,1,0,0,0,0,0,0,0,1,0,3195,0,0,0,21,0,0,46,0,0,6,2268,0,0,2,8,0,1,10,0,0,0
27,627,4,1,1,10,0,8,724,5,0,0,9,0,2,3,15,33,0,6,3,1,0,2,0,1,1,158,0,2,0,3,0,4,6,6,0,4,1,2,1,2,2,22,0,13,3,0,54,29,3,15,0,4,0,1,3,0,4,0,7,3,3,2,0,0,0,4,6,9,1,1,0,24,0,15,1,5,1,11,5,5,9,0,8,4,0,3,2,0,1,3,2,0,4,2,0,1,0,14,10,9,0,18,5,9,6,14,1,0,7
0,0,11,0,0,1,0,110,0,36,0,76,0,0,0,0,0,0,1,1,14,45,0,0,0,1,1,33,6,0,30,125,35,74,0,0,1,415,0,21,86,9,97,139,17,30,3,0,0,2,5,178,87,0,0,108,102,0,0,97,407,0,37,0,235,0,178,261,0,1,2,12,0,0,7,0,1,34,15,126,235,0,90,0,348,0,0,2,39,0,0,156,80,0,16,3,0,6,191,0,0,34,36,1,0,228,219,0,1,30,14
0,3,11,1,14,5,0,180,4,146,6,75,0,3,4,3,0,0,0,8,60,58,2,0,0,56,3,66,2,0,12,139,88,140,14,3,17,461,2,48,63,110,165,627,60,20,27,4,0,6,56,306,160,0,3,637,218,7,3,7,42,0,42,1,745,1,134,236,5,5,9,27,2,2,12,0,3,20,18,225,198,0,132,2,412,3,0,7,33,0,0,180,157,0,9,9,3,19,163,0,1,40,61,11,2,838,266,1,3,35,18
0,2,1,0,0,0,0,718,1,954,0,1,0,0,0,0,0,0,0,0,3,26,0,0,0,3,0,667,0,0,6,850,2,723,0,0,3,62,0,1,3,10,4,3,4,0,1,0,0,17,4,20,699,0,1,1,9,0,0,5,53,0,0,0,113,0,65,23,2,0,0,1,0,0,1,0,0,1,0,124,19,0,520,0,36,0,0,0,0,0,0,114,791,0,0,1,0,0,82,0,2,0,0,1,0,4,189,0,0,4,0
0,1,0,0,40,0,0,0,0,0,0,0,470,0,0,0,8,0,0,0,0,0,0,96,0,0,0,0,0,0,2,0,1,0,0,0,0,1,0,0,0,0,0,0,0,0,0,0,5,0,0,0,0,0,0,1,0,0,0,166,0,0,0,1,0,0,0,0,0,0,0,0,11,0,0,34,0,0,0,0,0,302,0,0,0,30,5,0,0,0,5,0,0,0,0,0,0,0,0,0,0,0,0,2,0,0,0,0,0,0,0
8,0,0,0,53,0,0,1,23,0,2,1,42,1,17,0,18,1164,0,5,4,0,3,2,2,1,0,4,2,11,1,0,0,0,0,0,0,0,0,0,0,0,0,1,0,0,0,0,1295,0,0,1,0,6,0,1,0,2,0,2,1,2,0,1,1,0,0,0,22,0,0,0,2,1096,0,25,1,0,0,1,0,11,0,0,0,1,57,0,0,0,28,0,0,0,0,0,0,0,0,76,1,1,0,0,1,0,0,17,0,0,0
215,3,2,0,10,29,1501,0,6,0,1855,0,93,1025,962,0,5,15,0,9,0,0,1524,4,10,7,7,0,0,12,0,0,0,0,0,9,0,0,8,0,0,34,0,1,0,0,6,1567,9,8,5,0,0,13,5,0,0,1475,206,0,0,15,0,2,1,6,0,0,9,1,0,0,13,3,0,12,0,0,0,0,0,70,1,177,0,7,5,1,0,13,13,0,0,1676,0,0,121,0,0,62,5,0,0,98,1105,0,0,56,18,0,0
1,2,1328,30,0,50,15,4,1,3,0,1,0,0,0,28,0,0,7,907,5,371,0,0,1,9,9,2,499,0,7,50,3,35,108,19,16,3,0,4,69,2,327,25,145,0,15,0,0,132,2,0,0,0,6,10,57,0,16,0,0,0,17,74,36,84,7,2,9,11,27,144,1,0,3,0,18,0,1,10,2,0,4,0,1,0,0,220,32,0,0,7,3,0,431,40,2,64,1,1,1,1,0,40,0,4,13,0,21,9,1
1,1,14,0,0,42,23,7,2,1,0,0,0,2,1,1,1,0,0,6,3,1,0,0,2,281,14,2,0,0,5,1,1,1,6,1292,1,1,0,0,1,252,3,13,1,0,177,2,0,0,160,1,0,0,29,3,2,0,115,0,1,0,1,3,4,6,2,0,846,0,0,2,0,1,8,0,0,0,1,3,2,0,4,0,2,0,0,2,1,0,0,6,3,0,8,0,21,2,1,2,6,2,0,18,11,3,3,3,356,5,0
2,3,42,0,3,108,13,9,6,1,7,2,1,19,3,0,0,1,0,16,1,6,3,0,0,1353,6,3,5,1,0,3,5,3,11,334,1,7,3,4,11,483,6,45,7,2,1458,18,0,14,741,7,2,0,11,3,8,10,408,1,1,1,5,3,2,9,5,4,468,10,3,2,5,0,0,0,1,0,0,1,4,3,7,21,3,2,1,5,1,0,0,3,1,1,8,2,9,5,2,4,2,4,1,332,57,6,6,5,1096,4,2
0,5,5,0,0,0,2,4,0,0,20,0,0,0,0,0,0,0,0,3,0,0,0,0,0,99,3,2,0,0,0,0,0,3,0,45,0,1,0,0,0,46,0,2,0,0,309,0,0,3,582,1,1,0,4,0,0,6,25,0,1,0,0,2,1,4,0,0,1,0,0,0,0,0,0,0,0,1,0,6,0,0,6,0,0,0,0,0,0,0,0,2,0,0,1,0,3,1,2,0,6,0,0,20,63,0,4,0,38,1,0
0,0,13,24,0,0,0,0,0,0,0,6,0,0,0,32,0,0,4,1,0,13,0,0,0,0,0,0,197,0,1,0,6,0,117,0,1,4,0,5,520,0,6,20,5,16,0,0,0,0,0,3,0,0,0,13,63,0,1,0,0,0,143,10,0,3,0,3,0,1,13,11,0,0,1,0,31,0,3,1,1,0,0,0,7,0,0,172,156,0,0,1,0,0,201,1,0,212,0,0,0,5,9,0,0,4,1,0,0,66,9
0,0,0,2,0,0,0,0,0,0,0,0,0,0,0,2,0,0,6,0,0,139,0,0,0,0,1,0,1,0,0,1,0,8,287,0,4,0,0,3,3,0,1,1,22,2,0,0,0,0,0,0,0,0,0,0,90,0,0,0,0,0,1,0,0,0,0,0,0,0,12,69,0,0,0,0,3,0,0,0,0,0,0,0,0,0,0,3,3,0,0,0,0,0,5,8,0,3,0,0,0,0,1,0,0,0,0,0,0,3,0
0,0,0,0,6,0,0,4,273,1,0,3,7,2,1,0,1190,11,0,4,1,0,0,3,4,0,0,5,3,1,1,0,0,0,0,0,0,0,0,2,0,1,4,0,0,0,0,0,79,0,0,0,0,4,0,4,2,0,0,0,0,3,0,1,0,0,2,0,0,0,1,1,0,218,1,15,2,0,0,0,0,2,0,0,0,0,0,2,0,0,1,4,4,1,0,0,0,1,0,114,0,4,0,0,0,3,2,14,0,0,0
0,0,12,38,0,11,2,5,0,2,1,17,0,2,0,23,0,1,4,4,454,17,7,0,0,4,499,2,4,0,557,11,377,17,13,11,975,27,0,622,9,5,20,14,53,9,1,2,0,1,3,1,160,0,614,7,21,0,8,6,0,0,10,6,9,11,12,7,4,127,22,13,0,0,768,0,22,29,321,1,0,0,6,3,15,0,0,26,4,0,0,10,4,0,9,8,1,19,13,0,0,5,46,15,1,2,8,0,3,24,13
0,0,0,0,1019,0,0,0,0,0,0,0,22,0,2,0,4,0,0,0,0,0,0,14,0,0,0,0,0,1389,0,0,0,0,0,0,0,0,1234,0,0,0,0,1,0,0,0,0,1,0,0,0,0,1,0,0,0,0,0,0,0,0,0,0,0,0,0,0,0,0,0,0,750,0,0,34,0,0,0,0,0,102,0,0,0,41,1633,0,0,0,1175,0,0,1,0,0,0,0,0,12,0,0,0,0,0,0,0,35,0,0,0
0,0,0,0,57,0,0,0,0,0,0,0,27,0,0,0,1,0,0,0,0,0,0,648,0,0,0,0,0,0,0,0,0,0,0,0,0,0,5,0,0,0,0,0,0,0,0,0,0,0,0,0,0,0,0,0,0,0,0,0,0,0,0,0,0,0,0,0,0,0,0,0,14,0,0,1,0,0,0,0,0,345,0,0,0,1100,30,0,0,0,7,0,0,0,0,0,0,0,0,0,0,0,0,0,0,0,0,2,0,0,0
15,4,0,0,28,0,0,1,127,0,0,2,567,1,32,1,255,9,0,1,2,0,0,9,6,0,0,1,0,11,0,0,0,0,0,0,0,2,1,0,0,0,0,1,0,0,0,0,67,0,0,0,0,8,0,4,0,0,0,8,0,0,0,1,8,0,0,0,1,1,3,0,8,65,0,1771,0,0,1,3,0,62,0,0,1,9,21,0,1,0,32,1,2,1,1,0,0,0,0,349,11,0,0,1,0,0,1,21,0,0,0
1,0,0,0,2,11,24,0,1,0,2,0,12,4,6,0,11,0,0,0,1,0,0,0,1,0,0,0,0,35,0,0,1,0,0,0,0,0,20,0,0,0,0,0,0,0,0,51,0,0,0,0,0,2,0,0,0,19,0,0,0,1,0,0,0,0,0,0,0,0,0,0,7,0,0,17,0,0,0,0,0,4,0,0,0,0,6,0,0,0,10,0,0,8,0,0,1,0,0,223,0,0,0,2,13,0,0,245,0,0,0
0,0,2,2,0,0,0,0,0,1,0,2,0,0,0,4,0,0,6,1,3,24,0,0,0,0,0,0,32,0,4,0,4,1,5,0,0,22,0,3,9,0,45,23,8,4,1,0,0,0,0,6,0,0,0,34,51,0,0,1,0,0,0,3,7,2,4,10,0,1,7,4,0,0,4,0,8,1,3,6,2,0,0,0,29,0,0,16,34,0,0,3,0,0,17,1,0,17,18,0,0,2,1,0,0,18,9,0,0,7,0
0,1,20,1,0,2,0,24,0,62,0,3,0,0,0,0,0,0,0,20,8,7,0,0,0,2,2,35,13,0,10,9,16,3,36,2,2,249,0,8,34,24,9,131,3,1,2,0,0,1,2,12,12,0,9,11,28,0,0,8,65,0,3,8,68,27,13,7,1,4,0,0,0,0,4,0,7,6,13,342,10,0,22,0,216,0,0,19,11,0,0,10,64,0,30,0,0,63,501,0,0,5,2,4,0,33,62,0,0,8,3
10,2,25,0,4,836,47,2,2,1,4,0,1,6,1,0,14,0,0,4,1,1,1,0,0,1,175,0,1,2,0,0,2,0,2,20,0,3,5,0,0,9,1,8,0,0,4,58,1,2,0,0,0,0,54,2,0,17,14,1,0,0,0,3,1,10,0,0,5,0,0,1,2,3,2,0,1,0,0,1,0,2,2,6,0,2,1,1,1,0,1,3,0,8,1,0,66,0,2,35,0,0,0,157,15,1,0,254,11,0,1
2,0,102,7,0,11,0,1,0,0,0,0,0,0,0,0,0,0,16,107,6,58,0,0,0,2,11,0,16,0,21,1,0,10,69,5,31,1,0,2,0,1,343,8,31,0,4,0,0,0,1,0,1,0,21,9,80,0,0,0,0,0,0,740,19,1014,0,0,9,1,5,86,0,0,9,0,3,0,1,12,0,0,0,0,2,0,0,8,1,0,0,1,0,0,6,2,4,12,0,0,0,0,0,1,0,2,1,0,5,1,0
0,5,0,0,0,0,0,28,0,68,0,0,0,0,0,0,0,0,0,0,3,0,0,0,0,1,1,85,0,0,58,26,4,12,1,0,0,12,0,0,7,0,0,0,1,3,1,0,0,603,1,7,3,0,0,0,0,0,1,189,140,0,4,0,2,0,1,5,3,2,0,0,0,0,0,0,0,2,7,174,12,0,31,0,4,0,0,0,0,0,0,3,52,0,1,0,0,0,35,0,0,0,0,3,0,1,8,0,2,4,0
0,8,0,0,410,27,2,0,0,0,0,0,30,1,4,0,5,0,0,0,0,0,0,4,0,0,0,1,0,629,0,0,0,0,0,0,0,0,471,0,0,0,0,3,0,0,0,0,0,0,0,0,0,1,0,2,0,1,0,2,0,0,0,0,1,0,0,0,0,0,0,0,1217,0,0,15,0,0,0,0,0,46,0,0,0,40,319,0,0,0,481,0,0,0,0,0,0,0,0,11,0,0,0,12,0,0,0,24,0,0,0
0,2,0,0,12,1,0,0,0,0,0,0,11,0,0,0,0,0,0,0,0,0,0,2,0,1,0,0,0,0,0,1,0,0,0,0,0,0,1,0,0,0,0,0,0,0,0,0,0,1,0,0,0,0,0,0,0,1,0,3,0,0,0,0,0,0,0,0,0,0,0,0,9,0,0,0,0,0,0,0,0,32,0,0,0,64,2,0,0,0,1,0,0,0,0,0,0,0,0,0,0,0,0,4,0,0,0,1,1,0,0
