0.69578,0.89078,0.78882,0.40037,0.58817,0.49264,0.79067,0.54386,0.55985,0.72624,0.7446,0.4717,0.32249,0.63265,0.69512,0.34105,0.66276,0.60206,0.57143,0.67135,0.45359,0.3808,0.8737,0.6677,0.9796,0.6799,0.56463,0.60326,0.33267,0.64995,0.54554,0.61684,0.47309,0.62232,0.29436,0.71468,0.64484,0.31359,0.69865,0.43333,0.41308,0.3572,0.2264,0.40473,0.29657,0.3294,0.67081,0.70873,0.79083,0.70081,0.45864,0.25574,0.56315,0.90491,0.77415,0.39475,0.16934,0.72673,0.38084,0.22348,0.5554,0.976,0.18756,0.62384,0.49866,0.82559,0.37956,0.22738,0.52537,0.57763,0.43805,0.3844,0.58926,0.59805,0.70884,0.79774,0.64468,0.80144,0.61301,0.30651,0.26091,0.26324,0.56223,0.87034,0.31255,0.82472,0.77767,0.30927,0.23789,0.99252,0.65994,0.42773,0.6647,0.75473,0.29067,0.53373,0.80057,0.19399,0.46587,0.40926,0.96421,0.49677,0.43527,0.42626,0.47087,0.54317,0.22594,0.717,0.58985,0.33379,0.58946
0.57532
0,0,0,428,0,0,0,0,0,0,0,14,0,0,0,339,0,0,255,0,0,3,0,0,0,0,0,0,15,0,1,0,14,0,7,0,22,0,0,56,19,0,8,0,25,122,0,0,0,0,0,1,0,0,0,2,8,0,0,1,0,0,100,4,0,0,0,1,0,13,201,45,0,0,7,0,557,3,22,0,1,0,0,0,0,0,0,60,82,0,0,0,0,0,64,128,0,127,0,0,0,22,5,0,0,0,0,0,0,243,39
0,0,0,13,0,0,0,6,0,1,0,575,0,0,0,39,0,0,1,0,0,1,0,0,0,0,0,0,0,0,0,7,1,4,1,0,0,5,0,3,12,1,0,12,27,391,0,0,0,0,0,312,2,0,0,1,51,0,0,3,0,0,89,0,1,0,55,249,0,1,26,25,0,0,0,0,3,0,4,1,299,0,5,0,9,0,0,1,25,0,0,41,0,0,0,43,0,0,0,0,0,539,390,0,1,10,26,0,0,36,649
19,1,0,68,1,3,0,0,3,2,1,59,1,2,27,113,1,2,39,3,1,14,0,0,3,3,0,1,28,1,0,0,12,1,6,1,9,11,0,15,72,13,150,57,41,165,0,1,1,1,1,5,3,2,0,90,114,0,1,0,0,1,130,3,34,0,3,24,3,3,114,48,1,3,5,6,20,2,7,3,11,1,0,6,6,0,0,48,275,0,2,2,0,9,57,95,20,145,0,1,3,64,40,0,0,50,9,4,0,62,67
0,0,0,266,0,0,0,0,0,0,0,0,0,0,0,134,0,0,492,4,0,55,0,0,0,0,2,0,128,0,2,0,2,0,186,0,145,0,0,6,50,0,17,1,42,9,0,0,0,0,0,1,0,0,1,1,9,0,0,0,0,0,23,210,0,3,0,0,0,11,63,104,0,0,4,0,108,1,6,1,0,0,0,0,0,0,0,377,40,0,0,0,0,0,170,39,0,174,0,0,0,0,1,0,0,0,0,0,1,49,0
0,0,0,49,0,0,0,0,0,0,0,19,0,0,0,130,0,0,1,0,0,0,0,0,0,0,0,0,2,0,0,0,0,1,1,0,1,0,0,2,18,0,0,1,0,106,0,0,0,0,0,0,0,0,0,0,4,0,0,0,0,0,196,0,0,0,1,9,0,0,7,1,0,0,0,0,5,2,0,0,5,0,0,0,0,0,0,6,48,0,0,0,0,0,12,2,0,28,0,0,0,23,3,0,0,0,0,0,0,25,21
0,0,18,22,2,17,3,0,3,0,0,22,0,1,5,32,0,0,14,38,24,15,0,0,0,15,4,0,148,0,2,0,19,3,57,15,9,32,0,20,120,28,261,198,74,48,8,3,0,2,1,14,1,0,3,677,159,0,3,1,1,0,68,20,33,18,3,13,2,14,19,10,2,0,22,0,17,7,10,15,11,0,3,0,14,0,0,128,185,0,0,6,2,0,187,19,5,132,2,1,2,32,20,0,0,178,8,0,4,21,11
0,0,0,90,0,0,0,0,0,0,0,11,0,0,0,76,0,0,11,0,0,18,0,0,0,0,0,0,0,0,0,5,2,16,0,0,5,1,0,11,0,0,5,2,285,54,0,0,0,0,0,1,1,0,0,0,50,0,0,0,0,0,8,0,6,0,22,6,0,0,449,419,0,0,0,0,15,2,2,0,0,0,1,0,1,0,0,0,42,0,0,16,0,0,1,538,0,6,0,0,0,52,80,0,0,2,7,0,0,25,46
0,0,0,1,2,0,0,3,1,2,0,0,0,1,0,1,126,2,0,1,1,0,0,0,0,0,0,1,5,0,2,0,0,0,0,0,0,0,0,0,0,0,4,0,0,1,0,0,2,0,0,0,0,0,0,1,1,0,1,1,1,0,0,2,0,0,0,0,12,0,0,6,1,43,6,1,1,0,1,0,1,0,0,0,1,0,0,0,0,0,0,7,2,0,0,0,1,3,0,43,1,0,0,0,0,1,0,1,0,0,0
38,9,10,0,7,118,215,0,9,0,584,0,14,81,139,0,1,14,0,57,4,0,191,5,4,10,32,1,1,4,0,1,1,0,1,25,1,0,2,0,0,23,0,2,0,1,23,443,0,24,14,0,0,13,12,0,0,467,628,1,1,3,0,8,3,11,0,0,24,0,0,0,7,1,0,4,0,3,2,0,0,26,1,1752,0,7,1,0,0,9,2,0,0,424,0,0,1413,1,0,27,11,0,0,251,973,0,1,17,11,0,0
0,0,0,0,41,0,0,0,0,0,0,0,286,0,0,0,3,0,0,0,0,0,0,180,0,0,0,0,0,0,0,0,0,0,0,0,0,0,0,0,0,0,0,0,0,0,0,0,1,0,0,0,0,0,0,0,0,0,0,0,0,0,0,0,0,0,0,0,0,0,0,0,5,0,0,16,0,0,0,0,0,256,0,0,0,17,8,0,0,0,8,0,0,0,0,0,0,0,0,1,0,0,0,0,0,0,0,0,0,0,0
4,2,0,0,5,0,0,0,68,0,0,3,139,2,15,0,71,15,0,6,0,0,0,2,3,0,0,7,0,6,6,0,1,0,0,0,0,2,0,0,4,1,0,2,0,1,0,1,14,0,0,2,0,2,0,3,0,0,0,76,1,0,0,2,4,0,0,2,9,0,0,0,1,112,0,224,10,1,1,2,0,22,1,0,3,1,6,0,0,0,6,1,3,0,1,0,1,1,1,226,14,2,0,4,1,3,1,15,0,1,0
8,1,20,0,0,326,13,7,5,6,1,5,2,3,8,0,25,4,0,6,0,1,0,0,1,5,1,4,2,8,1,3,0,0,0,6,0,5,3,0,0,2,1,18,2,2,9,41,2,1,1,0,0,3,1,35,6,8,31,0,0,0,1,0,8,0,2,1,66,0,0,0,6,23,0,21,0,0,0,2,1,1,8,21,5,0,2,0,1,2,5,7,1,14,0,0,27,2,0,902,2,10,0,99,28,7,14,15,12,0,0
0,13,9,0,0,54,3,3,4,1,4,1,5,0,9,0,1,0,0,8,1,0,10,0,0,7,6,1,1,0,0,3,10,3,0,5,3,10,0,1,1,2,0,12,0,1,7,1,0,11,10,0,3,0,1,1,1,2,174,3,3,0,1,1,6,0,0,0,1,228,0,0,2,1,2,1,0,6,0,1,0,0,2,21,8,1,0,1,0,0,0,0,5,0,0,0,2,1,4,0,0,0,1,818,3,2,4,1,255,0,0
0,0,1,8,0,0,0,7,0,0,0,281,0,0,0,27,0,0,2,0,4,31,0,0,0,0,1,2,3,0,49,10,97,15,4,1,9,64,0,42,120,4,21,53,47,171,0,0,0,0,1,288,15,0,1,18,123,0,0,217,2,0,151,0,24,0,81,289,0,12,16,25,0,0,1,0,7,35,32,17,269,0,4,0,95,0,0,5,122,0,0,83,1,0,14,37,0,25,9,0,0,207,149,0,0,87,83,0,0,40,191
0,0,32,7,0,0,0,0,1,0,0,0,0,0,0,2,0,0,3,45,0,10,0,0,0,0,1,0,392,0,0,0,0,0,36,0,4,0,0,0,11,0,10,0,5,0,0,0,0,0,0,0,0,0,0,3,1,0,0,0,0,0,2,34,0,5,0,0,0,1,0,6,0,0,0,0,3,0,0,1,0,0,1,0,0,0,0,90,6,0,0,0,0,0,212,0,0,20,0,0,0,0,0,0,0,2,0,0,0,3,0
0,1,0,1,0,3,0,0,0,2,0,3,0,2,0,0,0,0,0,4,0,0,0,0,0,121,0,4,0,0,0,0,0,0,1,7,0,3,0,1,1,231,2,29,1,0,111,0,0,0,21,0,1,0,0,10,1,0,5,0,0,0,1,3,2,0,0,0,77,0,0,0,0,0,1,0,0,0,0,1,0,0,2,0,9,0,0,2,0,0,0,0,0,1,0,0,4,1,2,1,0,3,1,3,3,15,1,0,18,0,0
924,0,0,0,1,7,6,0,3,1,2,0,4,14,35,0,0,2,0,10,3,0,1,0,2,0,0,1,1,5,1,0,0,0,0,0,0,0,0,0,0,25,1,3,0,1,0,5,2,1,1,0,0,2,2,0,0,4,1,0,0,4,0,23,1,3,0,0,18,0,0,0,2,1,0,0,0,1,0,0,0,0,0,0,0,0,2,0,0,1,2,0,1,45,1,0,5,0,0,13,1,0,0,0,42,2,1,23,0,0,0
0,0,3,7,3,1,0,1,1,1,0,28,0,0,0,2,0,0,0,1,518,5,0,0,0,2,103,0,3,0,240,2,633,5,6,0,253,41,0,552,8,10,6,38,20,7,0,0,0,0,0,7,18,0,12,25,24,0,0,236,4,0,2,4,50,5,1,21,0,625,8,1,0,0,207,0,21,670,754,5,9,0,6,0,41,0,0,11,8,0,0,6,0,0,5,4,1,7,26,1,0,11,25,1,0,25,16,0,2,21,2
0,0,0,0,0,0,0,187,1,17,0,4,0,0,0,1,0,0,0,0,1,54,0,0,0,0,0,10,0,0,0,131,2,78,0,0,0,27,0,2,5,0,0,8,33,3,0,0,0,1,0,36,68,0,0,0,26,0,0,0,1,0,5,0,72,0,364,96,0,0,19,23,0,0,0,0,0,0,1,5,50,0,62,0,43,0,0,0,1,0,0,506,14,0,0,27,0,0,34,0,0,10,20,0,0,5,217,0,0,2,10
15,0,0,0,2,16,13,0,3,0,2,0,11,5,3,0,22,0,0,0,0,0,2,0,2,0,0,0,0,9,0,0,0,0,0,0,0,0,7,0,0,1,0,0,0,0,0,7,2,0,0,0,0,2,0,0,0,5,0,0,0,1,0,0,0,0,0,0,0,0,0,0,1,4,0,1,0,0,0,0,0,3,0,0,0,5,3,0,0,1,3,0,0,11,0,0,0,0,0,67,3,0,0,0,8,0,0,1961,0,0,0
1,1,0,0,1,0,0,0,2,0,3,0,5,0,5,0,18,662,0,56,13,0,0,1,0,0,0,0,0,1,0,0,0,0,0,1,0,3,0,0,2,1,0,1,0,1,0,0,104,1,0,0,0,0,0,0,0,0,0,18,0,0,0,2,0,0,0,1,4,0,0,0,4,238,4,10,0,0,0,3,0,1,0,1,0,0,3,0,0,0,2,2,1,0,0,0,0,0,0,11,0,0,0,0,2,0,0,2,0,0,0
36,4,0,0,0,3,13,0,18,0,3,0,1,441,103,0,0,3,0,3,0,0,1,0,2017,0,0,2,0,1,0,0,0,0,0,1,0,0,0,0,0,24,0,3,0,0,1,6,0,1,0,0,0,590,0,0,0,6,0,0,0,1342,0,3,0,3,0,0,6,1,0,0,0,0,0,0,0,0,0,1,0,0,0,0,0,0,0,1,0,3186,0,0,0,20,0,0,46,0,0,6,2263,0,0,2,8,0,1,10,0,0,0
26,628,4,1,1,10,0,7,725,5,0,4,8,0,2,3,14,34,0,6,5,1,0,2,0,1,1,163,0,2,0,3,0,4,5,5,0,3,1,2,4,2,2,19,0,10,4,0,53,28,3,14,0,3,0,1,3,0,4,0,7,3,4,2,0,0,0,6,7,8,1,2,0,23,0,15,2,5,1,10,5,5,10,0,8,4,0,3,1,0,1,3,2,0,5,2,0,0,0,16,10,8,0,20,5,7,4,12,1,0,6
0,0,11,0,0,0,0,110,0,37,0,75,0,0,0,0,0,0,1,1,13,45,0,1,0,1,1,33,6,0,29,123,37,74,0,0,1,417,0,21,86,9,98,141,17,31,3,0,0,2,4,178,89,0,1,106,103,0,0,97,406,0,39,1,233,0,179,258,0,1,2,12,0,0,7,0,1,34,15,125,236,0,89,0,347,0,0,2,39,0,0,156,80,0,16,3,0,6,191,0,0,31,36,1,0,230,220,0,1,29,14
0,3,13,1,15,5,0,176,4,144,6,76,0,2,5,3,0,0,0,8,61,57,2,0,0,58,4,70,2,1,13,137,87,141,11,3,17,466,2,49,62,109,165,616,63,21,26,3,0,6,58,305,160,0,3,636,222,7,3,7,42,0,43,2,742,1,135,236,5,5,8,27,2,2,12,0,1,23,18,229,197,0,131,2,411,3,0,6,30,0,0,175,155,0,9,8,2,21,159,0,2,41,62,12,2,843,270,1,3,35,18
0,1,1,0,0,0,0,713,1,955,0,1,0,0,0,0,0,0,0,0,3,26,0,0,0,3,0,666,0,0,7,850,2,725,0,0,3,63,0,1,3,10,4,3,4,0,1,0,0,17,4,19,700,0,1,1,9,0,0,5,53,0,0,0,110,0,67,23,2,0,0,1,0,0,1,0,0,1,0,124,18,0,524,0,36,0,0,0,0,0,0,115,787,0,0,1,0,0,81,0,2,0,0,1,0,4,193,0,0,4,0
0,1,0,0,40,0,0,0,0,0,0,0,465,0,0,0,8,0,0,0,0,0,0,97,0,0,0,0,0,0,2,0,1,0,0,0,0,1,0,0,0,0,0,0,0,0,0,0,5,0,0,0,0,0,0,1,0,0,0,169,0,0,0,1,1,0,0,0,0,0,0,0,11,0,0,34,0,0,0,0,0,304,0,0,0,28,5,0,0,0,5,0,0,0,0,0,0,0,0,0,0,0,0,2,0,0,0,0,0,0,0
10,0,0,0,54,0,0,1,24,0,2,1,41,1,17,0,19,1171,0,5,4,0,3,2,1,1,0,4,2,11,1,0,0,0,0,0,0,0,0,0,0,0,0,1,0,0,0,0,1293,0,0,1,0,7,0,1,0,2,0,1,1,2,0,1,1,0,0,0,21,0,0,0,0,1104,0,23,1,0,0,1,0,11,0,0,0,1,50,0,0,0,28,0,0,0,0,0,0,0,0,70,1,0,0,0,1,0,0,20,0,0,0
216,3,2,0,9,31,1492,0,7,0,1863,0,96,1023,969,0,6,15,0,9,0,0,1515,4,11,6,7,0,0,14,0,0,0,0,0,9,0,0,12,0,0,35,0,1,0,0,7,1567,9,8,6,0,0,13,5,0,0,1468,206,0,0,14,0,2,1,6,0,0,8,1,0,0,12,1,0,12,0,0,0,0,0,71,1,179,0,7,5,1,0,11,13,0,0,1677,0,0,126,0,0,65,6,0,0,102,1099,0,0,50,16,0,0
1,2,1326,31,0,51,14,4,1,3,0,1,0,0,0,28,0,0,7,907,4,369,0,0,1,10,9,2,505,0,6,51,2,38,107,20,16,3,0,4,67,2,322,29,143,1,15,0,0,132,2,0,0,0,8,10,50,0,16,0,0,0,17,76,36,86,7,2,8,11,27,147,1,0,4,0,17,0,1,10,2,0,4,0,1,0,0,218,35,0,0,8,3,0,427,40,2,64,1,1,1,1,0,40,0,4,12,0,21,10,1
1,1,14,0,0,42,23,7,2,1,0,0,0,2,1,0,1,0,0,7,3,1,0,0,2,284,14,2,0,0,5,1,1,2,6,1280,1,1,0,0,1,251,3,14,1,0,179,2,0,0,160,2,0,0,29,3,2,0,117,0,1,0,1,3,4,6,2,0,849,0,0,2,0,1,8,0,0,0,1,3,2,0,3,0,2,0,0,2,1,0,0,6,3,0,9,0,24,2,1,2,6,2,0,18,10,3,3,3,354,5,0
1,5,38,1,3,112,13,9,8,1,5,4,1,21,3,0,0,1,0,18,1,6,1,0,0,1353,5,3,5,1,0,2,5,3,11,328,1,6,2,4,9,484,6,46,8,2,1457,20,0,13,743,6,2,0,12,4,7,10,407,1,1,1,6,4,2,10,6,3,471,11,4,2,5,0,0,0,1,0,0,1,3,3,6,22,2,3,1,6,1,0,0,3,1,1,8,2,11,4,2,3,2,2,2,332,59,6,6,3,1093,3,1
0,5,5,0,0,0,2,4,0,0,19,0,0,1,0,0,0,0,0,4,0,0,0,0,0,100,3,2,0,0,0,0,0,3,0,44,0,1,0,0,0,46,0,2,0,0,309,0,0,3,584,1,1,0,4,0,0,5,25,0,1,0,0,2,1,4,0,0,1,0,0,0,0,0,0,0,0,1,0,6,0,0,6,1,0,0,0,0,0,0,0,2,0,0,1,0,3,1,2,0,6,0,0,20,60,0,4,0,38,1,0
0,0,13,24,0,0,0,0,0,0,0,6,0,0,0,32,0,0,4,1,0,13,0,0,0,0,0,0,196,0,1,0,5,0,117,0,1,4,0,5,518,0,6,21,4,17,0,0,0,0,0,3,0,0,0,13,63,0,1,0,0,0,143,10,0,3,0,3,0,1,13,11,0,0,1,0,31,0,3,1,1,0,0,0,7,0,0,173,157,0,0,1,0,0,201,1,0,213,0,0,0,5,9,0,0,4,1,0,0,66,9
0,0,0,2,0,0,0,0,0,0,0,0,0,0,0,2,0,0,6,0,0,139,0,0,0,0,1,0,1,0,0,1,0,8,287,0,3,0,0,3,3,0,2,1,23,2,0,0,0,0,0,0,0,0,0,0,90,0,0,0,0,0,1,0,0,0,0,0,0,0,11,69,0,0,0,0,3,0,0,0,0,0,0,0,0,0,0,3,3,0,0,0,0,0,5,8,0,3,0,0,0,0,1,0,0,0,0,0,0,3,0
0,0,0,0,6,0,0,4,274,1,0,3,6,2,1,0,1189,10,0,5,1,0,0,3,5,0,0,5,3,1,1,0,0,0,0,0,0,0,0,2,0,1,3,0,0,0,0,0,79,0,0,0,0,4,0,4,2,0,0,0,0,3,0,1,0,0,1,0,0,0,1,0,0,220,1,13,2,0,0,0,0,1,0,0,0,0,2,2,0,0,1,5,4,1,0,0,0,1,0,114,0,5,0,0,0,3,2,14,0,0,0
0,0,12,38,0,11,2,4,0,2,1,17,0,1,0,25,0,1,4,4,455,16,7,0,0,3,498,3,4,0,557,12,377,16,13,11,975,27,0,624,10,6,20,13,51,10,1,2,0,1,2,0,163,0,617,6,23,0,9,6,0,0,8,6,9,11,12,6,4,126,22,13,0,0,762,0,19,29,324,1,1,0,7,3,13,0,0,28,5,0,0,10,3,0,7,8,1,19,12,0,0,7,48,14,1,2,9,0,4,24,12
0,0,0,0,1014,0,0,0,0,0,0,0,21,0,2,0,4,0,0,0,0,0,0,13,0,0,0,0,0,1387,0,0,0,0,0,0,0,0,1238,0,0,0,0,1,0,0,0,0,1,0,0,0,0,1,0,0,0,0,0,0,0,0,0,0,0,0,0,0,0,0,0,0,748,0,0,34,0,0,0,0,0,105,0,0,0,43,1630,0,0,0,1178,0,0,1,0,0,0,0,0,12,0,0,0,0,0,0,0,37,0,0,0
0,0,0,0,57,0,0,0,0,0,0,0,27,0,0,0,1,0,0,0,0,0,0,649,0,0,0,0,0,0,0,0,0,0,0,0,0,0,5,0,0,0,0,0,0,0,0,0,0,0,0,0,0,0,0,0,0,0,0,0,0,0,0,0,0,0,0,0,0,0,0,0,14,0,0,1,0,0,0,0,0,343,0,0,0,1101,30,0,0,0,7,0,0,0,0,0,0,0,0,0,0,0,0,0,0,0,0,2,0,0,0
15,4,0,0,28,0,0,1,124,0,0,1,565,1,34,1,255,9,0,1,1,0,0,7,6,0,0,1,0,14,0,0,0,0,0,0,0,2,1,0,0,0,0,1,0,0,0,0,66,0,0,0,0,7,0,4,0,0,0,8,0,0,0,1,8,0,0,0,1,1,3,0,7,66,0,1767,0,0,1,3,0,68,0,0,1,9,23,0,1,0,31,1,2,2,1,0,0,0,0,350,11,1,0,1,0,0,0,21,0,1,0
1,0,0,0,2,11,24,0,1,0,2,0,12,4,6,0,10,0,0,0,1,0,0,0,1,0,0,0,0,36,0,0,1,0,0,0,0,0,20,0,0,0,0,0,0,0,0,48,0,0,0,0,0,2,0,0,0,19,0,0,0,1,0,0,0,0,0,0,0,0,0,0,7,0,0,17,0,0,0,0,0,4,0,0,0,0,6,0,0,0,10,0,0,8,0,0,1,0,0,226,0,0,0,2,13,0,0,245,0,0,0
0,0,2,2,0,0,0,0,0,1,0,2,0,0,0,4,0,0,6,1,3,25,0,0,0,0,0,0,32,0,4,0,4,1,5,0,0,22,0,3,9,0,45,23,8,4,1,0,0,0,0,6,0,0,0,34,50,0,0,1,0,0,0,3,7,2,4,10,0,1,6,4,0,0,4,0,8,1,3,6,2,0,0,0,29,0,0,16,34,0,0,3,0,0,18,1,0,17,18,0,0,2,1,0,0,18,9,0,0,7,0
0,1,20,1,0,3,0,25,0,62,0,3,0,0,0,0,0,0,0,21,8,6,0,0,0,2,2,32,14,0,10,9,16,3,36,2,2,250,0,8,34,23,9,131,3,1,2,0,0,1,2,12,12,0,9,11,28,0,0,8,65,0,3,8,66,27,13,7,1,4,0,0,0,0,4,0,7,6,13,339,10,0,22,0,217,0,0,19,11,0,0,10,62,0,30,0,0,63,505,0,0,5,2,4,0,35,62,0,0,8,3
10,2,25,0,4,837,49,2,2,2,4,0,1,6,1,0,14,0,0,4,1,1,1,0,0,1,176,0,1,2,0,0,2,0,2,22,0,3,5,0,0,9,1,8,0,0,3,61,1,2,0,0,0,0,54,2,0,15,15,1,0,0,0,3,1,10,0,0,5,0,0,1,1,3,2,0,1,1,0,1,0,2,2,5,0,1,2,1,1,0,1,3,0,8,1,0,66,0,1,34,0,0,0,152,15,1,0,253,12,0,1
2,0,102,8,0,11,0,1,0,0,0,0,0,0,0,0,0,0,15,107,5,57,0,0,0,2,11,0,18,0,21,1,0,9,68,5,31,0,0,3,0,2,343,8,33,0,4,0,0,0,1,0,1,0,21,9,81,0,0,0,0,0,0,738,19,1013,0,0,8,1,5,86,0,0,10,0,3,0,1,12,0,0,0,0,2,0,0,9,2,0,0,2,1,0,6,1,4,11,0,0,0,0,0,1,0,2,1,0,4,1,0
0,5,0,0,0,0,0,29,0,68,0,0,0,0,0,0,0,0,0,0,3,0,0,0,0,1,0,84,0,0,60,25,4,12,1,0,0,13,0,0,5,0,0,0,1,4,1,0,0,602,1,6,3,0,0,0,0,0,2,190,140,0,3,0,2,0,1,5,3,2,0,0,0,0,0,0,0,2,7,176,12,0,31,0,4,0,0,0,0,0,0,3,51,0,1,1,0,0,33,0,0,0,0,3,0,1,10,0,2,3,0
0,10,0,0,414,26,2,0,0,0,0,0,30,1,4,0,5,0,0,0,0,0,0,4,0,0,0,0,0,630,0,0,0,0,0,0,0,0,473,0,0,0,0,3,0,0,0,0,0,0,0,0,0,1,0,2,0,1,0,2,0,0,0,0,1,0,0,0,0,0,0,0,1218,0,0,15,0,0,0,0,0,44,0,0,0,40,315,0,0,0,479,0,0,0,0,0,0,0,0,11,0,0,0,12,0,0,0,24,0,0,0
0,2,0,0,12,1,0,0,0,0,0,0,11,0,0,0,0,0,0,0,0,0,0,2,0,1,0,0,0,0,0,1,0,0,0,0,0,0,1,0,0,0,0,0,0,0,0,0,0,1,0,0,0,0,0,0,0,1,0,3,0,0,0,0,0,0,0,0,0,0,0,0,9,0,0,0,0,0,0,0,0,32,0,0,0,64,2,0,0,0,1,0,0,0,0,0,0,0,0,0,0,0,0,4,0,0,0,1,1,0,0
