0.55233,0.23923,0.568,0.22577,0.3082,0.25962,0.69017,0.43409,0.13068,0.41335,0.59939,0.25624,0.16468,0.56991,0.36084,0.15616,0.22139,0.51259,0.20357,0.19328,0.23993,0.19911,0.3689,0.23165,0.75167,0.25843,0.32663,0.14449,0.29957,0.516,0.34269,0.40387,0.42758,0.53943,0.39246,0.30135,0.48571,0.28954,0.46527,0.29657,0.28168,0.35922,0.37868,0.38713,0.18077,0.14801,0.61689,0.65399,0.60756,0.22843,0.64392,0.32301,0.24966,0.23324,0.48828,0.41542,0.30717,0.38726,0.14314,0.38529,0.22501,0.9602,0.14068,0.19543,0.35256,0.56726,0.33624,0.21984,0.27355,0.31408,0.22361,0.20038,0.15029,0.40319,0.33333,0.37023,0.19244,0.55611,0.46723,0.24572,0.19166,0.15353,0.56309,0.6153,0.4291,0.26047,0.52161,0.17729,0.40412,0.67774,0.65962,0.36364,0.25024,0.25547,0.32359,0.13359,0.62434,0.21268,0.26459,0.13102,0.2619,0.25534,0.32436,0.20423,0.42901,0.6568,0.21523,0.52324,0.28201,0.38011,0.18702
0.41593
0,0,1,559,0,0,0,0,1,0,0,19,0,0,0,166,0,0,275,2,0,4,0,0,1,0,1,0,6,0,9,0,194,0,31,0,32,1,0,21,0,1,3,0,0,30,0,0,0,0,0,6,0,0,0,0,3,0,0,0,2,0,60,33,0,0,0,1,0,38,339,4,0,0,0,0,263,7,15,38,5,0,0,0,0,0,0,15,0,0,0,0,0,0,388,22,0,122,0,0,8,5,105,0,0,0,18,0,0,210,0
0,4,0,144,0,0,0,1,1,0,0,283,0,0,0,132,0,0,11,0,0,12,0,0,0,0,0,1,0,0,0,6,16,2,0,0,0,15,0,41,0,0,0,1,1,312,0,0,0,0,0,240,26,0,0,3,35,0,0,0,40,0,17,3,5,0,7,45,0,0,244,6,0,0,0,0,32,8,1,0,147,0,5,0,54,0,0,0,0,0,1,0,2,0,8,16,0,2,22,0,142,466,494,0,0,1,53,0,0,734,155
0,1,0,289,2,2,0,1,3,6,1,148,3,0,1,128,16,3,68,3,5,18,0,39,0,0,0,3,6,0,3,7,27,3,83,0,10,7,17,14,4,3,21,15,2,174,0,10,0,3,1,16,4,1,0,72,119,4,1,4,3,1,111,77,3,5,2,10,1,32,119,43,3,1,4,4,136,6,5,30,16,5,0,0,1,6,4,33,20,10,2,5,1,9,100,28,0,113,3,1,14,13,52,0,1,12,21,6,3,90,19
0,5,4,226,0,0,0,0,1,0,0,1,0,0,0,39,0,0,376,17,0,1,0,0,0,0,2,2,183,0,3,3,71,0,140,0,50,0,0,6,3,9,1,1,0,8,0,0,0,0,0,0,0,0,6,0,1,0,0,3,2,0,31,248,0,131,1,0,3,20,119,1,0,0,0,0,50,6,2,50,5,0,0,0,0,0,0,24,64,0,0,0,0,0,897,3,0,61,1,0,4,3,33,0,0,0,4,0,0,12,1
0,0,0,90,0,0,0,0,3,0,0,32,0,0,0,81,0,0,1,0,0,0,0,0,0,0,0,0,0,0,0,0,11,0,1,0,1,0,0,1,0,0,0,0,1,13,0,0,0,0,0,2,0,0,0,0,0,0,0,0,8,0,15,0,0,1,1,0,0,11,113,0,0,0,0,0,53,0,0,13,3,0,0,0,1,0,0,1,1,0,0,0,0,0,67,6,0,7,0,0,13,2,57,0,0,0,8,0,0,110,1
0,4,1,68,0,7,0,3,7,2,0,125,1,0,0,69,43,2,77,22,8,23,0,2,2,0,7,15,19,0,18,3,24,8,141,10,16,29,87,20,55,21,167,63,4,132,3,2,1,1,3,12,17,2,4,410,155,0,2,11,20,0,87,80,15,49,12,3,3,119,90,79,2,2,1,0,75,5,8,61,17,0,2,0,1,2,5,78,219,0,5,7,10,2,120,35,0,129,5,0,8,3,15,3,0,9,26,3,9,16,18
0,0,0,396,0,0,0,0,1,0,0,2,0,0,0,63,1,0,314,1,0,116,0,0,0,0,0,0,0,0,0,0,52,22,6,0,5,4,0,57,0,0,0,0,3,238,0,0,1,0,0,6,6,0,0,0,75,0,0,0,1,0,10,11,4,0,7,16,0,6,147,52,0,0,0,0,16,4,3,3,33,0,0,0,4,0,0,4,0,0,0,0,0,0,62,25,0,3,4,0,29,23,328,0,0,9,6,0,0,198,13
0,0,0,3,0,0,0,0,0,1,0,0,0,0,8,0,4,1,0,0,0,0,0,2,1,0,12,0,0,0,11,1,0,0,0,0,0,0,1,0,0,0,0,0,0,0,0,1,1,0,0,0,0,0,2,10,1,0,0,1,0,0,0,0,1,1,0,0,93,0,0,1,0,39,0,16,9,0,0,0,0,20,0,0,0,3,0,0,0,9,0,0,1,1,1,0,2,0,2,29,0,5,0,0,0,0,0,1,0,0,0
0,18,1,0,33,14,196,7,0,77,986,0,15,62,2,0,1,7,1,8,4,1,96,13,13,94,3,5,5,10,0,0,1,0,1,26,1,2,0,0,58,37,0,5,2,0,35,2097,4,2,72,0,1,237,26,0,0,675,72,14,3,8,2,1,1,8,0,1,5,0,0,1,13,0,0,7,0,3,2,1,0,25,2,1942,0,8,0,0,3,103,4,0,0,25,0,1,590,0,0,38,0,0,0,23,206,6,0,12,140,0,0
0,0,0,0,34,0,1,0,1,0,0,0,0,0,0,0,0,0,0,0,0,0,0,273,0,0,0,0,0,9,0,0,0,0,0,0,0,0,1,0,0,0,0,0,0,0,0,0,5,1,0,0,0,0,0,0,0,0,0,0,0,0,0,0,0,0,0,0,0,0,0,0,3,0,0,425,0,0,0,0,0,2,0,0,0,47,4,0,0,2,12,0,0,0,0,0,0,0,0,2,0,0,0,0,0,0,0,0,0,0,0
0,1,0,0,6,0,1,1,1,0,0,6,6,2,20,0,40,4,0,0,0,2,2,41,3,0,5,0,0,6,0,1,0,1,0,0,0,0,4,0,0,0,0,0,2,1,0,7,7,4,0,1,0,3,0,17,2,0,3,0,0,1,1,0,1,0,0,0,109,0,0,2,2,88,0,424,43,1,0,0,0,99,0,0,1,26,1,0,1,8,7,0,0,6,1,1,0,0,5,95,0,6,0,4,4,0,2,5,0,2,0
0,3,1,0,4,17,39,0,1,1,5,0,10,3,1,0,4,6,0,5,1,1,4,69,4,2,3,2,1,20,0,5,0,1,1,6,0,1,3,0,9,94,0,2,3,6,14,139,3,4,11,1,0,98,21,48,2,19,14,0,1,34,1,0,1,0,0,0,211,2,0,1,5,104,0,164,15,2,0,0,0,21,0,60,2,0,6,1,0,299,14,0,0,16,2,1,43,0,10,71,1,18,2,63,26,1,0,7,37,2,3
0,40,3,0,26,146,22,5,1,18,12,4,12,4,0,0,1,0,16,12,0,19,41,1,6,37,0,3,1,1,0,5,7,2,1,27,29,26,2,1,5,43,0,24,4,6,20,34,7,4,101,5,13,20,9,2,1,154,56,9,37,0,1,1,2,0,2,14,1,4,7,3,4,0,0,1,1,4,2,3,0,19,5,13,2,10,1,18,4,0,0,0,0,21,0,2,19,1,0,7,6,1,6,280,45,14,0,0,174,0,5
0,10,0,109,0,2,0,6,1,0,0,472,0,0,0,70,1,0,35,2,1,46,0,0,0,0,0,0,0,0,48,26,66,3,6,1,15,66,0,74,0,2,8,12,1,252,0,0,0,1,0,130,90,0,0,52,223,0,1,3,44,0,36,16,49,0,23,106,0,4,61,26,0,0,0,0,147,14,35,10,122,0,4,0,79,0,0,13,0,0,0,8,52,0,54,7,0,24,81,0,27,213,109,0,0,4,175,0,1,290,181
1,2,5,10,0,0,0,0,1,0,0,1,0,0,0,16,2,0,3,1,0,1,0,0,0,0,1,6,42,0,0,0,1,0,83,3,0,0,2,0,18,5,7,1,1,0,0,0,0,0,0,0,0,1,4,0,2,1,0,0,0,0,5,13,0,122,6,0,3,15,2,0,3,0,4,0,3,0,0,30,2,0,8,0,0,0,0,24,362,0,0,0,0,1,91,5,0,24,0,0,5,0,0,0,0,0,0,0,0,0,0
0,13,2,0,1,4,0,5,13,4,0,2,6,3,0,0,6,0,1,9,6,3,0,3,0,4,0,2,3,0,3,13,0,1,0,12,0,11,3,0,19,69,4,44,1,7,63,1,1,0,81,0,0,54,6,4,3,9,12,6,4,2,2,2,2,1,3,0,5,7,0,0,5,0,0,0,0,12,0,2,3,3,2,0,4,0,2,5,3,1,0,0,19,11,2,1,1,0,2,2,4,8,0,7,13,54,1,1,2,0,2
5,3,0,0,2,6,21,0,5,1,5,0,33,10,13,0,40,82,0,0,1,0,3,85,6,0,3,2,0,8,4,1,0,0,0,0,0,0,0,0,5,2,0,0,7,0,2,67,0,1,0,0,0,39,2,0,0,8,5,0,0,8,0,0,0,3,0,0,14,2,0,1,2,5,0,3,0,0,0,0,0,22,0,12,0,13,13,0,0,85,3,0,2,60,0,0,2,0,0,77,0,1,0,0,59,5,0,394,0,0,0
0,9,0,19,0,13,0,3,3,0,0,37,3,0,0,9,14,0,13,8,28,112,1,1,1,0,44,7,1,0,342,5,1048,0,16,1,382,137,4,316,1,2,11,41,1,48,1,1,2,0,0,69,104,0,44,70,58,0,28,220,138,0,84,10,86,5,5,80,0,261,19,20,0,0,1,0,30,332,625,59,4,1,1,0,5,1,0,10,7,1,0,4,35,0,6,3,0,20,15,0,50,60,29,15,0,1,56,1,6,42,22
0,2,0,2,0,0,0,12,1,0,0,13,0,0,0,4,0,0,43,1,5,65,0,0,0,0,0,0,0,0,1,47,1,64,1,0,0,44,0,25,0,0,0,0,2,151,0,0,0,0,1,19,108,0,0,2,95,1,0,0,39,0,0,6,82,0,63,82,0,0,1,11,0,0,0,0,2,3,4,0,98,0,57,0,304,0,0,2,0,0,0,16,10,0,0,0,0,0,295,0,26,264,38,1,0,2,29,0,0,35,102
0,0,0,0,220,0,44,0,3,0,0,0,17,5,1,0,2,1,0,0,0,0,2,305,19,0,0,5,0,195,1,0,0,0,0,0,0,0,1,0,0,0,0,0,0,0,0,80,0,4,0,0,0,2,0,0,0,0,2,0,0,7,0,0,0,0,0,0,3,0,0,0,0,3,0,51,0,3,0,0,0,1,0,8,0,5,5,0,0,588,533,0,0,21,0,0,0,0,0,34,0,0,0,0,3,1,0,26,0,0,0
4,2,4,0,1,0,1,2,1,1,1,0,17,8,156,0,22,115,0,7,0,1,3,2,0,0,99,2,0,0,0,0,0,1,1,1,0,0,0,0,1,2,4,0,16,0,1,0,16,0,0,0,0,1,12,4,0,1,15,3,0,0,3,0,2,1,0,0,23,1,0,30,2,408,0,80,4,1,0,1,0,34,0,0,1,7,0,1,0,0,4,0,0,2,1,2,1,0,2,47,0,1,0,0,2,1,0,1,1,0,0
1,11,0,0,2,0,43,1,8,5,2,0,0,97,2,0,2,12,0,0,0,0,3,2,790,1,1,4,0,1,0,1,0,0,0,0,0,0,0,0,3,2,0,0,1,0,3,117,2,0,1,0,0,494,2,2,0,8,3,1,1,3764,0,0,0,2,0,0,4,0,0,2,0,1,0,0,0,10,0,0,0,1,0,22,0,0,4,0,0,4324,2,0,0,122,0,0,3,0,0,6,231,0,0,0,15,0,0,38,0,0,0
17,211,6,0,56,2,2,7,23,1,1,21,21,3,11,5,28,25,2,1,4,3,20,130,120,7,6,15,0,17,7,12,2,3,2,2,0,3,3,2,3,4,0,2,47,6,4,0,68,17,5,25,4,18,4,4,2,7,23,0,59,50,3,1,1,1,6,0,10,18,2,4,9,85,0,72,2,28,3,1,5,27,31,0,10,8,21,1,0,25,23,0,12,21,9,16,2,0,1,55,33,37,8,225,3,12,17,28,4,3,24
0,65,1,16,0,1,0,99,0,13,0,214,0,0,0,7,3,0,24,11,26,84,0,0,0,0,0,1,0,0,25,68,20,69,17,9,4,154,4,57,4,3,20,88,7,179,2,0,1,3,0,37,228,0,0,215,416,1,0,3,385,0,13,42,307,0,163,160,0,2,8,17,0,0,0,0,69,12,16,11,115,0,69,0,218,0,0,16,3,0,0,92,138,0,11,3,0,20,341,0,17,151,24,1,0,4,173,0,1,40,201
0,63,5,18,4,3,1,114,7,88,0,343,11,0,0,22,23,0,79,15,129,224,2,14,1,1,3,5,3,1,73,146,29,155,37,16,21,346,66,111,19,8,80,367,9,206,12,1,5,11,17,58,288,2,2,749,634,13,24,36,275,1,28,35,527,3,347,215,2,17,28,106,2,1,0,1,53,33,64,9,93,4,87,2,137,6,2,41,8,2,5,188,231,6,7,16,0,21,236,2,50,95,57,5,1,28,195,0,8,26,219
0,38,7,0,2,0,0,573,1,260,0,10,0,0,0,0,0,0,54,4,122,177,0,0,1,2,0,0,1,0,6,397,3,472,0,8,0,42,0,34,0,2,1,14,39,31,5,0,6,55,3,3,367,0,0,1,75,3,0,14,292,0,0,2,807,0,286,96,0,0,0,11,0,0,0,0,2,4,10,0,34,1,598,0,805,0,2,4,0,0,0,161,261,0,0,0,0,0,458,0,18,148,3,3,0,9,49,0,0,1,52
0,1,0,0,50,0,0,0,0,0,0,0,0,0,8,0,2,0,0,0,0,0,0,156,0,0,1,0,0,16,0,0,0,0,0,0,0,0,7,0,0,0,0,0,4,0,0,2,10,31,0,0,0,0,0,1,0,0,0,0,0,0,0,0,2,0,0,0,1,0,0,0,6,0,0,686,0,0,0,0,0,24,0,0,0,117,3,0,0,0,5,0,0,0,0,0,0,0,0,46,0,0,0,0,1,0,0,1,0,0,0
95,1,2,0,2,0,4,0,5,0,0,0,38,2,188,0,147,407,0,1,2,2,4,70,3,0,122,15,0,8,2,0,0,0,0,0,0,0,1,0,0,0,0,0,26,0,0,0,466,0,1,31,0,5,2,8,0,0,6,0,0,2,1,0,0,2,2,0,25,10,0,28,0,962,0,926,11,0,0,0,4,113,0,0,2,26,0,0,0,12,16,1,0,8,0,5,0,0,1,134,0,18,0,0,1,7,0,35,0,0,0
8,1,0,0,27,7,1116,0,6,35,555,0,57,322,55,0,14,50,0,2,0,0,121,84,29,39,3,10,0,45,0,0,0,0,0,3,0,3,1,0,23,9,1,2,11,0,7,5623,3,2,33,1,0,154,5,0,0,326,49,4,0,23,1,0,0,2,0,0,10,0,1,1,17,5,0,28,0,2,1,0,0,50,1,3733,0,21,28,0,1,417,14,0,1,140,0,0,83,0,0,136,2,3,0,10,423,15,0,78,37,0,0
11,15,142,207,2,23,0,2,3,0,0,3,1,0,1,147,1,3,265,92,1,42,0,0,2,12,7,31,210,0,2,9,8,28,666,85,9,1,13,15,269,117,23,7,8,90,20,0,2,1,13,0,2,21,262,9,27,5,11,9,1,1,94,209,15,372,10,1,137,92,70,31,3,1,0,0,8,4,6,201,6,1,10,1,0,1,9,114,746,1,0,1,5,1,237,19,7,147,5,1,28,0,29,50,0,4,6,0,19,3,4
2,24,6,1,1,185,3,8,6,4,7,1,2,1,0,3,2,2,1,46,40,2,1,1,5,105,6,3,1,0,5,24,2,2,3,245,1,6,0,1,85,842,14,22,4,1,262,4,1,0,394,1,5,311,296,3,2,27,24,6,5,1,2,3,2,11,0,5,93,9,3,3,3,1,0,1,3,3,0,9,0,64,5,48,6,0,2,18,14,0,0,3,4,7,9,2,72,4,10,8,10,15,1,129,50,83,0,0,24,0,4
2,104,38,0,9,189,6,22,15,17,24,11,21,5,0,2,7,0,16,74,20,5,10,0,4,115,1,13,8,3,2,14,1,1,11,199,5,61,1,8,84,659,29,69,7,12,979,13,4,2,1774,14,27,406,72,4,5,308,53,9,44,2,2,3,3,13,8,9,57,17,24,6,9,1,0,0,12,7,3,8,4,21,16,87,9,2,3,67,19,1,2,0,8,21,8,4,51,5,0,19,65,6,10,234,73,666,0,3,122,3,6
0,53,3,0,0,30,0,42,2,9,28,0,3,7,0,0,0,0,2,34,5,1,0,0,0,14,0,2,2,0,0,6,0,0,0,128,1,2,0,1,20,226,1,2,0,2,138,2,3,0,215,0,13,36,5,0,0,63,13,1,10,0,0,0,3,3,13,4,0,1,0,2,1,0,0,0,0,1,0,0,0,0,14,7,1,0,0,34,9,0,0,1,0,1,1,2,20,0,0,0,6,2,1,24,2,49,0,0,4,0,3
0,0,7,148,0,1,0,0,2,0,0,37,0,0,0,62,1,0,19,0,0,2,0,0,0,0,0,6,46,0,1,1,16,1,90,2,0,3,0,8,8,12,8,7,1,56,0,0,1,0,0,3,2,0,1,3,13,0,0,1,1,0,27,40,0,73,1,1,0,10,42,1,0,0,1,0,285,3,1,104,11,0,0,0,1,0,0,67,121,0,0,0,1,0,433,6,0,218,0,0,11,4,38,2,0,0,8,0,0,41,15
0,0,1,60,0,0,0,0,0,0,0,0,0,0,0,6,0,0,77,10,0,6,0,0,0,0,0,1,13,0,0,0,25,0,104,1,1,1,0,10,0,3,0,0,0,24,0,0,0,0,0,0,0,0,0,0,11,0,0,0,0,0,8,173,0,7,0,3,0,2,7,1,0,0,0,0,10,2,0,10,3,0,0,0,0,0,0,9,2,0,0,0,0,0,70,0,0,4,0,0,2,0,16,0,0,0,0,0,0,0,1
22,0,4,1,0,0,2,0,0,0,0,0,6,0,40,0,124,57,0,0,0,0,0,197,1,0,72,2,0,1,23,2,0,1,0,0,0,0,0,0,1,1,0,0,15,0,0,3,67,0,0,3,0,0,0,28,1,0,0,0,0,1,3,0,2,0,1,0,114,6,0,8,1,465,0,281,11,0,0,0,1,25,0,0,2,6,2,0,1,142,5,0,2,4,30,10,0,0,6,76,0,35,0,0,0,2,0,86,0,10,0
1,5,1,40,0,34,0,1,1,1,0,9,5,0,0,21,3,0,61,23,143,133,0,0,2,3,211,7,10,0,320,33,786,10,50,0,561,65,0,355,35,18,13,20,3,20,0,1,3,0,3,56,51,10,979,12,16,1,6,145,8,1,95,27,104,6,4,48,7,88,65,14,0,0,0,0,83,49,720,121,14,1,0,0,19,0,0,13,6,0,0,0,5,0,54,14,2,51,31,1,55,38,57,70,0,4,9,2,9,53,15
0,0,0,0,984,0,0,0,21,0,0,0,3,0,0,0,0,0,0,0,0,0,0,195,0,0,0,10,0,2419,0,0,0,0,0,0,0,0,416,0,0,0,0,0,2,0,0,1,1,18,0,0,0,0,0,0,0,0,1,0,0,0,0,0,0,0,0,0,0,0,0,0,26,0,0,190,0,2,0,0,0,0,0,0,0,175,362,0,0,111,2529,0,0,1,0,0,0,0,0,1,0,0,0,0,1,0,0,1,0,0,0
0,0,0,0,985,0,0,0,9,0,0,0,16,0,0,0,2,0,0,0,0,0,0,688,0,0,0,0,0,53,0,0,0,0,0,0,0,0,3,0,0,0,0,0,5,0,0,0,14,48,0,0,0,0,0,0,0,0,0,0,0,0,0,0,0,0,0,0,0,0,0,0,5,0,0,81,0,0,0,0,0,1,0,0,0,255,21,0,0,0,46,0,0,0,0,0,0,0,0,3,0,0,0,0,0,0,0,2,0,0,0
3,0,0,0,8,1,4,0,1,0,0,0,24,2,13,0,107,14,0,0,0,2,7,476,1,0,7,0,0,17,7,1,0,2,0,0,0,0,17,0,0,0,0,0,8,0,0,2,45,5,0,2,0,0,0,27,2,0,1,0,1,4,1,0,3,0,1,0,72,1,0,4,4,203,0,2087,12,0,0,0,0,77,0,0,0,74,11,0,0,40,36,0,0,1,0,2,0,0,0,84,0,6,0,0,0,1,0,8,0,0,0
0,0,0,0,37,0,44,0,3,0,0,0,1,21,1,0,0,1,0,0,0,0,1,39,1,0,0,2,0,131,0,0,0,0,0,0,0,0,1,0,0,0,0,0,0,0,0,111,1,3,0,0,0,2,0,0,0,1,6,0,0,1,0,0,0,0,0,0,7,0,0,0,0,8,0,44,1,0,0,0,0,0,0,13,0,2,0,0,0,118,90,0,0,12,0,0,0,0,0,31,0,0,0,0,3,0,0,4,0,0,0
0,0,0,25,0,0,0,2,1,1,0,4,0,0,0,9,0,0,3,5,0,5,0,0,0,0,0,1,9,0,6,3,1,2,26,1,1,18,3,3,1,2,13,8,0,25,0,0,0,0,0,0,0,0,4,26,55,0,0,4,0,0,5,42,10,5,5,8,0,5,2,3,0,0,1,0,6,1,2,2,4,0,1,0,2,0,0,5,22,0,0,9,15,0,25,2,0,22,13,0,1,5,4,0,0,1,15,0,0,5,17
0,34,0,1,0,5,0,141,2,36,0,31,5,0,0,2,0,0,3,6,40,4,0,0,1,0,0,8,2,0,16,63,25,3,17,16,1,137,1,10,38,27,7,97,0,69,3,0,0,0,3,2,95,0,48,10,18,2,1,27,131,0,3,8,167,38,24,67,0,15,1,1,0,0,0,0,26,19,9,26,9,0,26,0,96,0,0,18,36,0,0,16,152,0,51,1,0,26,142,0,7,160,6,3,1,0,22,0,2,3,84
0,19,2,0,81,32,66,2,5,1,16,0,69,3,0,0,1,1,0,3,2,0,4,24,30,5,10,38,3,88,0,0,5,0,2,5,5,6,0,3,52,77,3,24,1,1,3,260,5,9,21,0,2,168,55,3,0,61,38,1,4,6,0,1,0,9,0,0,25,8,2,0,1,2,0,8,0,3,3,1,0,5,0,117,0,2,10,5,14,60,46,0,0,22,2,2,39,0,1,18,3,3,0,128,50,8,0,6,12,1,1
0,17,3,44,0,3,0,0,1,0,2,0,2,0,0,0,0,0,7,50,0,1,0,0,1,4,16,14,126,0,5,8,9,3,160,5,4,2,0,1,132,39,2,6,2,8,3,1,2,0,1,0,0,29,132,3,12,12,4,1,4,0,36,179,8,1147,5,0,392,8,0,4,2,0,0,0,2,2,1,14,4,2,1,0,3,0,1,2,160,2,0,4,1,0,24,0,7,1,1,1,6,4,1,10,2,1,0,4,0,0,0
0,103,0,0,58,0,0,260,0,46,0,13,0,0,0,0,0,0,0,1,3,7,1,2,2,0,0,0,0,0,55,72,0,15,0,1,0,2,0,2,0,3,0,3,4,0,7,0,2,66,0,0,17,1,0,0,0,25,3,35,148,1,1,3,74,1,24,3,2,0,0,0,24,0,0,8,6,0,0,0,5,66,117,0,106,0,0,0,0,0,0,1,75,3,1,0,0,0,38,8,0,3,0,71,0,0,13,0,1,1,3
0,0,0,0,480,1,1,0,5,0,0,0,11,5,0,0,0,1,0,0,0,0,2,48,1,0,0,20,0,1628,0,0,0,0,0,0,0,0,576,0,0,0,0,1,5,0,0,17,4,90,0,0,0,3,0,1,0,8,24,0,0,1,0,0,0,0,0,0,1,0,0,0,16,1,0,46,0,0,0,0,0,1,0,2,0,132,170,0,0,19,428,0,0,3,0,0,1,0,0,5,0,0,0,8,1,0,0,0,0,0,0
0,0,0,0,79,0,0,0,0,1,0,0,0,0,0,0,0,0,0,0,0,0,0,8,0,0,0,0,0,11,0,0,0,0,0,0,0,0,0,0,0,0,0,0,0,0,0,1,3,8,1,0,0,0,0,0,0,0,2,0,0,0,0,0,0,0,0,0,0,0,0,1,0,0,0,3,0,1,0,0,0,0,0,0,0,24,2,0,0,0,2,0,0,0,0,0,0,0,0,0,0,0,0,2,0,0,0,0,1,0,0
