0.63143,0.90976,0.73338,0.38926,0.3989,0.52268,0.71329,0.66373,0.72184,0.68821,0.74467,0.44571,0.31145,0.86737,0.52037,0.35334,0.65021,0.56737,0.5241,0.62777,0.6456,0.27837,0.67718,0.7096,0.95765,0.66879,0.59406,0.30218,0.39729,0.62657,0.42819,0.5868,0.52444,0.55658,0.31481,0.60107,0.64069,0.29565,0.56161,0.52784,0.24618,0.29917,0.17339,0.53102,0.21243,0.22764,0.65052,0.73351,0.7552,0.81858,0.48874,0.25847,0.56606,0.83588,0.74709,0.39674,0.30514,0.66753,0.35444,0.31054,0.768,0.95285,0.1961,0.60531,0.47491,0.85047,0.30598,0.23606,0.48846,0.66236,0.56499,0.34118,0.49972,0.46407,0.55808,0.77314,0.67884,0.70234,0.60372,0.25369,0.25303,0.35171,0.65648,0.83651,0.27032,0.82948,0.74715,0.46049,0.22869,0.99715,0.79617,0.40048,0.57937,0.77323,0.18806,0.52916,0.75031,0.20719,0.36745,0.38749,0.95364,0.51787,0.52852,0.34491,0.43626,0.63047,0.21084,0.6877,0.49028,0.30271,0.56095
0.55689
0,0,0,464,0,0,0,0,0,0,0,19,0,0,0,418,0,0,313,0,0,1,0,0,0,0,0,0,9,0,10,0,17,0,5,0,50,0,0,43,20,0,8,0,4,163,0,0,0,0,0,3,0,0,0,2,4,0,0,0,0,0,121,9,0,0,0,8,0,15,106,64,0,0,22,0,446,5,27,10,2,0,0,0,0,0,0,86,41,0,0,0,0,0,24,60,0,191,0,0,1,22,6,0,0,0,0,0,0,201,44
0,0,0,19,0,0,0,4,1,0,0,587,0,0,0,37,0,0,1,0,0,12,0,0,0,1,0,3,0,0,1,18,3,9,0,0,3,5,0,3,3,3,0,3,23,257,0,0,0,0,0,324,3,0,0,4,26,0,0,1,0,0,84,0,2,0,22,210,0,0,45,28,0,0,0,0,3,2,2,15,313,0,13,0,8,0,0,3,14,0,0,34,0,0,0,66,0,1,20,0,1,623,417,0,0,1,49,0,0,32,635
20,0,0,86,0,0,1,0,3,0,1,87,2,1,27,120,3,2,58,1,2,8,1,0,5,2,0,2,20,1,3,0,10,2,5,0,18,7,0,9,66,17,158,31,40,187,0,1,1,1,0,12,3,7,0,149,145,0,2,0,0,3,104,2,15,0,3,101,6,2,39,89,0,3,21,4,9,3,7,31,19,1,1,1,3,1,0,34,190,0,6,3,0,15,30,63,3,148,1,1,2,63,33,0,0,38,6,2,0,56,66
0,0,4,244,0,1,0,0,0,0,0,0,0,0,0,175,0,0,522,19,0,2,0,0,0,0,1,0,92,0,4,0,6,0,169,0,82,0,0,6,113,0,51,0,6,25,0,0,0,0,0,0,0,0,2,0,0,0,0,0,0,0,33,241,0,0,0,1,0,9,37,85,0,0,17,0,81,5,9,43,1,0,0,0,0,0,0,542,35,0,0,0,0,0,61,19,0,171,0,0,0,0,0,0,0,0,0,0,0,21,3
0,0,3,63,0,0,0,0,1,0,0,28,0,0,0,111,0,0,1,0,0,0,0,0,0,0,0,0,5,0,0,0,2,0,0,0,1,0,0,1,18,0,0,0,0,118,0,0,0,0,0,5,0,0,0,0,1,0,0,0,0,0,201,0,0,0,0,4,0,1,1,1,0,0,0,0,3,5,0,12,4,0,0,0,0,0,0,9,25,0,0,0,0,0,0,4,0,39,0,0,0,30,1,0,0,0,0,0,0,14,17
1,0,16,29,0,17,2,0,10,0,0,38,0,2,8,42,0,3,20,16,9,25,0,0,0,14,9,1,128,0,11,1,14,2,24,8,34,25,0,9,270,29,242,162,90,48,8,1,0,0,0,15,4,0,1,584,226,0,3,4,0,0,50,17,18,7,12,81,1,8,8,40,0,1,30,0,4,12,17,59,15,0,0,0,10,0,0,63,271,0,0,4,2,0,149,8,2,89,3,0,4,33,6,2,0,106,10,0,4,28,7
0,0,0,101,0,0,0,0,0,0,0,21,0,0,0,113,0,0,20,0,0,18,0,0,0,0,0,0,0,0,0,9,4,19,2,0,12,0,0,7,2,2,17,0,86,82,0,0,0,0,0,2,4,0,0,0,19,0,0,0,0,0,5,0,3,0,10,23,0,1,552,478,0,1,1,0,4,3,1,0,1,0,0,0,0,0,0,2,4,0,0,11,0,0,1,499,0,17,0,0,0,54,73,0,0,0,1,0,0,18,87
0,0,0,3,0,0,0,1,0,0,0,0,3,0,0,1,62,10,0,8,0,0,0,0,0,0,4,0,1,0,0,0,0,0,0,0,0,0,0,0,0,0,0,0,1,0,0,0,3,0,0,0,0,4,0,1,0,0,0,0,0,0,0,3,15,0,1,0,12,0,0,0,1,71,3,1,1,0,2,1,0,0,0,0,2,0,0,0,0,0,0,2,1,0,22,0,1,5,0,48,0,0,0,0,0,0,0,0,1,0,0
32,4,12,0,14,90,234,0,15,0,571,0,8,54,142,0,0,6,0,6,2,0,383,1,3,12,17,8,0,3,0,0,1,0,2,28,0,1,1,0,0,35,0,0,0,0,23,369,0,15,17,0,0,23,17,0,0,667,543,0,0,11,0,1,2,19,0,1,42,0,0,0,5,3,0,1,0,2,3,0,0,16,0,1755,0,6,0,0,0,5,2,0,0,520,0,0,1202,0,0,25,12,0,0,288,900,0,1,20,23,0,0
0,0,0,0,32,0,0,0,0,0,0,0,296,0,0,0,0,0,0,0,0,0,0,145,0,0,0,0,0,0,0,0,0,0,0,0,0,0,3,0,0,0,0,0,0,0,0,0,3,0,0,0,0,0,0,0,0,0,0,0,0,0,0,0,0,0,0,0,0,0,0,0,8,0,0,25,0,0,0,0,0,251,0,0,0,17,35,0,0,0,5,0,0,0,0,0,0,0,0,1,0,0,0,0,0,0,0,1,0,0,0
3,0,0,0,3,0,0,1,15,0,0,2,138,0,11,0,51,30,0,2,1,0,0,1,4,0,0,28,0,0,0,0,0,0,0,0,0,0,1,0,2,0,0,0,1,1,0,0,13,0,0,3,0,8,0,1,3,0,0,6,0,0,0,1,5,1,2,7,9,0,0,0,0,264,0,162,16,0,0,1,0,71,0,0,1,2,10,0,0,0,5,1,0,0,3,0,0,0,0,222,7,1,0,2,3,0,5,13,1,2,0
3,0,29,0,0,202,20,6,4,0,0,2,3,5,17,0,18,5,0,6,1,4,1,0,0,2,7,6,0,11,1,1,0,0,1,21,0,1,5,1,1,14,0,9,6,2,11,25,2,0,1,0,0,18,0,12,14,8,26,0,1,2,1,0,8,0,4,9,85,0,0,0,1,50,2,25,1,1,0,0,0,8,3,50,3,0,1,0,1,1,5,3,0,15,6,0,35,0,1,880,3,5,0,97,42,4,4,22,48,0,0
0,12,12,0,11,51,9,3,36,0,6,0,0,2,39,0,0,1,0,2,11,3,61,0,0,2,0,7,0,0,0,11,7,2,3,20,3,9,1,2,0,6,1,5,5,0,11,1,0,17,6,5,10,0,0,0,3,3,57,2,5,0,0,0,0,0,1,0,3,69,0,1,2,1,0,0,0,7,2,6,0,5,3,18,4,1,0,0,0,0,0,1,0,0,0,0,9,1,4,1,2,0,2,586,9,0,1,1,585,0,0
0,0,1,8,0,1,0,7,1,1,0,309,0,0,0,15,0,0,3,0,0,35,0,0,0,1,0,4,3,0,58,14,104,20,5,0,11,70,0,35,50,5,38,28,73,102,0,0,0,0,0,319,18,0,1,43,162,0,1,152,3,0,124,0,18,0,55,343,0,7,21,62,0,0,3,0,12,33,30,91,311,0,2,0,76,0,0,4,69,0,0,64,6,0,2,52,0,26,45,0,1,208,113,0,0,18,102,0,1,82,168
0,0,26,4,0,0,0,0,0,0,0,0,0,0,1,4,0,0,1,40,0,1,0,0,1,0,5,0,372,0,0,0,0,1,62,0,3,0,0,0,57,2,16,1,1,1,2,0,0,0,0,0,0,0,0,2,2,0,0,0,0,0,7,24,0,1,1,0,0,0,0,4,0,0,0,0,1,0,0,5,0,0,0,0,0,0,0,34,50,0,0,0,0,0,189,1,0,25,0,0,0,0,0,0,0,1,0,0,0,1,0
0,0,0,0,0,3,0,3,0,2,0,1,0,1,9,0,0,0,0,5,2,1,0,0,1,98,3,7,0,0,2,0,1,0,1,7,0,4,0,1,1,267,1,14,6,0,67,1,0,0,5,0,0,1,0,12,3,0,7,0,0,0,1,2,1,1,1,1,80,1,0,0,0,0,1,0,0,0,0,0,2,0,2,0,12,0,0,1,0,0,0,1,7,0,6,0,1,1,4,0,1,3,1,0,4,29,4,0,12,0,0
872,0,0,0,0,3,9,0,3,1,1,0,2,11,28,0,4,0,0,1,5,0,0,0,6,0,4,1,1,0,1,0,0,0,0,0,0,0,0,0,0,27,0,0,0,0,1,3,0,1,1,0,0,12,1,2,0,6,1,0,0,3,0,20,1,2,0,0,44,0,0,0,0,2,0,0,0,0,0,0,0,3,0,0,0,1,1,0,0,0,2,0,0,55,11,0,6,0,0,28,2,0,0,2,43,3,0,26,0,0,0
0,0,3,3,1,3,0,0,2,1,0,43,1,0,2,1,0,0,3,1,201,11,0,0,0,2,95,2,0,0,392,6,633,3,3,0,255,49,0,418,13,15,10,30,33,10,0,1,0,0,0,15,20,0,16,39,43,0,0,277,2,1,4,3,13,2,4,51,0,718,11,7,0,0,315,0,15,630,681,16,17,0,0,1,54,0,0,10,12,0,0,5,1,0,8,3,0,3,33,0,5,19,5,0,0,64,15,0,0,37,7
0,0,0,0,0,0,0,102,2,6,0,12,0,0,0,1,0,0,0,0,0,166,0,0,0,0,0,3,0,0,2,100,1,158,0,0,0,40,0,2,0,5,1,0,100,1,0,0,0,1,0,34,61,0,0,1,10,0,0,0,0,0,4,0,34,0,252,59,0,0,27,31,0,0,0,0,0,1,1,8,40,0,93,0,38,0,0,0,2,0,0,497,9,0,0,26,0,0,146,0,0,13,42,0,0,0,128,0,0,0,22
12,0,0,0,0,16,7,0,1,0,1,0,10,14,3,0,32,2,0,0,0,0,0,1,3,0,0,0,0,8,0,0,0,0,0,0,0,0,1,0,0,1,0,0,0,0,0,11,4,0,0,0,0,9,0,0,0,3,0,0,0,1,0,0,0,0,0,0,1,0,0,0,2,3,0,4,0,0,0,0,0,6,0,0,0,9,3,0,0,1,3,0,0,1,0,0,0,0,0,92,3,0,0,0,4,0,0,1929,0,0,0
1,0,1,0,2,0,0,0,0,0,1,0,11,0,20,0,3,713,0,28,15,0,0,0,1,0,5,11,0,0,0,0,0,0,0,1,0,1,0,0,2,1,0,0,1,0,0,0,86,1,0,0,0,0,0,1,1,0,0,2,0,0,0,0,5,0,1,1,5,0,0,0,0,205,3,7,2,0,1,1,0,12,0,0,0,1,4,0,0,0,0,0,0,0,10,0,0,1,0,18,1,0,0,1,3,0,0,1,0,0,0
31,1,0,0,0,0,14,0,24,0,1,0,1,79,99,0,1,5,0,1,0,0,0,0,1922,0,1,2,0,0,0,0,0,0,0,1,0,0,0,0,0,38,0,0,0,0,1,30,0,1,0,0,0,1258,0,2,0,21,0,0,0,1354,0,2,0,5,0,0,10,0,0,0,0,1,0,0,0,1,0,0,0,0,0,0,0,0,0,0,0,2801,0,0,0,31,2,0,24,0,0,10,2386,0,0,3,11,0,1,4,0,0,0
36,494,7,0,14,3,1,6,628,5,0,0,9,0,5,1,95,50,0,4,2,3,2,3,2,0,2,82,0,1,1,7,0,7,4,10,0,1,1,0,2,7,2,1,9,7,5,0,105,31,2,16,0,23,0,12,5,0,0,1,2,3,4,3,2,0,2,2,8,4,2,0,0,101,0,11,0,7,5,5,5,6,9,0,8,0,2,5,3,0,2,1,6,0,9,1,0,0,5,40,11,5,0,22,2,11,9,11,7,2,3
0,1,4,1,1,0,0,99,1,30,0,53,0,0,2,0,0,0,1,0,4,103,0,0,0,1,1,71,1,0,38,115,31,96,3,0,2,379,0,11,23,10,84,233,81,12,4,0,0,0,2,216,89,0,0,90,195,0,0,110,384,0,38,0,228,0,257,196,0,2,9,34,0,0,7,0,2,43,12,106,250,0,56,0,247,0,0,2,29,0,0,162,79,0,3,11,0,5,209,0,0,34,23,2,0,124,245,0,0,29,16
0,4,8,1,9,7,0,133,12,137,4,47,0,3,9,0,1,0,4,5,33,158,1,0,2,55,2,103,7,0,39,116,54,141,3,2,26,421,1,28,46,76,117,736,253,26,19,4,1,4,39,351,188,0,6,393,451,6,6,50,33,0,25,0,653,0,358,265,8,6,5,71,1,4,20,0,2,37,28,75,203,0,76,0,306,0,2,4,22,0,1,164,136,0,9,17,1,5,142,0,2,48,36,5,3,836,230,1,7,30,20
0,1,0,0,0,0,0,979,0,788,0,0,0,0,1,0,0,0,0,1,0,353,0,0,0,4,0,250,1,0,5,649,7,723,0,0,1,56,0,0,0,12,1,2,110,0,1,0,0,19,0,10,617,0,1,0,6,0,0,25,35,0,0,0,225,0,126,4,3,0,0,7,0,0,0,0,0,6,0,17,12,0,709,0,64,0,0,1,0,0,0,213,573,0,0,2,0,0,96,0,2,0,0,0,1,7,222,0,0,2,0
0,1,0,0,62,0,0,0,1,0,0,0,481,0,3,0,0,0,0,0,0,0,0,33,0,0,0,9,0,1,0,0,0,0,0,0,0,0,4,0,0,0,0,0,0,0,0,0,3,0,0,0,0,0,0,0,0,0,0,9,0,0,0,0,2,0,0,0,1,0,0,0,12,6,0,22,0,0,0,0,0,472,0,0,0,33,20,0,0,0,3,0,0,0,1,0,0,0,0,0,0,0,0,1,0,1,0,0,0,0,0
14,0,0,0,18,0,0,0,8,0,2,0,34,2,30,0,63,1217,0,12,3,0,0,16,4,0,2,7,0,1,0,0,0,0,0,0,0,0,0,0,5,2,2,0,0,0,0,0,1234,0,0,0,0,22,0,2,0,0,0,1,0,0,0,3,1,0,0,0,11,0,0,0,0,1085,0,47,0,0,3,0,0,40,0,0,0,2,27,0,0,0,11,0,0,0,11,0,0,0,0,65,1,0,0,0,0,2,0,7,0,0,1
314,1,2,0,13,30,1229,0,18,0,1852,0,53,1563,613,0,0,17,0,2,1,0,988,7,47,10,3,0,0,16,0,0,0,0,0,13,0,0,10,0,0,28,0,0,0,0,8,1701,3,7,6,0,0,80,2,0,0,1538,127,0,0,35,0,1,0,7,0,0,15,0,0,0,7,10,1,0,0,0,0,0,0,63,1,230,0,4,10,0,0,1,6,0,1,2189,1,0,137,0,0,63,21,0,0,87,868,1,0,57,12,0,0
0,1,1169,64,0,16,28,4,3,1,0,0,0,3,3,71,0,0,6,850,2,390,0,0,0,6,57,5,586,0,6,4,1,57,425,36,21,2,0,6,210,12,245,5,135,8,28,0,0,9,3,0,1,0,10,21,27,0,6,0,0,0,34,83,7,51,7,10,29,9,48,142,0,0,3,0,2,4,4,19,3,0,1,0,2,0,0,104,122,0,0,6,1,0,180,67,0,73,6,1,3,2,1,38,1,0,3,0,47,3,7
0,0,29,2,0,54,32,6,10,0,0,0,0,3,4,0,0,0,0,10,4,0,0,0,3,284,19,6,1,0,6,2,1,0,10,1124,0,2,0,0,6,296,2,6,6,0,210,2,0,0,223,0,0,1,21,3,3,0,165,0,0,0,1,1,3,6,7,8,889,3,0,2,0,1,5,0,0,0,0,0,1,1,6,0,1,0,0,3,1,0,0,8,0,0,7,0,45,2,2,2,12,0,0,38,14,3,2,2,179,0,0
0,4,52,2,1,111,29,8,22,0,8,1,0,20,11,1,0,0,0,7,1,15,9,0,0,1260,1,11,6,0,1,4,3,7,19,473,3,15,1,3,12,470,9,14,10,4,1316,28,0,11,781,3,1,0,10,2,4,17,514,1,0,0,2,0,0,13,2,5,489,3,3,4,10,3,0,0,0,10,1,12,2,0,9,27,6,3,0,7,3,0,0,1,1,2,4,3,50,7,6,0,6,4,0,279,62,9,10,4,958,1,0
0,2,10,0,0,1,1,4,2,0,32,0,0,1,4,0,0,0,0,0,1,1,0,0,0,116,0,6,0,0,0,1,1,2,2,51,0,2,0,0,1,81,0,0,2,0,287,0,0,3,500,0,3,0,2,0,0,8,47,0,0,0,0,0,3,5,0,0,3,0,0,0,0,0,0,0,0,4,0,3,0,0,7,1,1,0,0,0,0,0,0,2,1,0,0,0,5,1,0,0,5,0,0,27,69,0,2,0,21,0,0
0,0,15,36,0,0,1,0,0,0,0,15,0,0,0,31,0,0,4,0,0,0,0,0,0,0,0,0,182,0,3,0,7,1,62,0,1,2,0,4,338,4,14,3,4,45,0,0,0,0,0,3,1,0,1,15,32,0,0,0,0,0,152,8,0,1,0,7,0,2,9,17,0,0,5,0,26,2,3,258,3,0,0,0,3,0,0,174,223,0,0,1,0,0,87,5,0,242,1,0,0,12,5,0,0,1,1,0,0,57,7
0,0,4,5,0,0,0,0,0,0,0,0,0,0,0,2,0,0,12,0,0,31,0,0,0,0,1,0,1,0,0,0,1,2,267,0,4,0,0,3,10,0,58,0,9,4,0,0,0,0,0,0,0,0,0,0,2,0,0,0,0,0,5,0,0,0,0,0,0,0,32,155,0,0,1,0,3,0,2,17,0,0,0,0,0,0,0,11,4,0,0,0,0,0,3,20,0,12,0,0,0,0,1,0,0,0,0,0,0,1,1
2,0,0,2,0,0,1,2,6,0,0,1,5,1,3,1,1212,67,0,8,2,0,0,7,0,0,1,2,0,0,1,0,0,0,0,0,0,0,0,0,2,0,0,0,1,1,0,0,73,0,0,0,0,6,0,3,3,0,0,1,0,4,1,7,8,0,7,2,2,0,0,0,0,214,4,37,2,0,0,0,0,7,1,0,2,0,0,0,3,0,0,5,1,0,39,1,0,3,0,231,0,2,0,0,0,0,0,12,0,0,3
0,0,22,41,0,15,3,21,1,4,0,41,0,8,1,29,0,0,9,7,572,19,8,0,0,2,480,0,3,0,486,13,277,30,8,11,970,32,0,673,10,12,23,12,36,15,2,1,0,0,2,3,50,0,706,6,21,0,3,11,0,0,11,4,10,4,8,24,11,209,16,23,0,0,615,0,12,39,265,11,4,0,14,2,18,0,0,35,11,0,0,22,0,0,6,11,1,27,29,0,2,14,21,17,0,6,2,0,11,21,15
3,0,0,0,582,0,1,0,2,0,0,0,16,0,6,0,0,0,0,0,0,0,0,23,0,0,0,0,0,1443,0,0,0,0,0,0,0,0,1340,0,0,0,0,0,0,0,0,0,0,0,0,0,0,2,0,0,0,0,0,0,0,0,0,0,0,0,0,0,0,0,0,0,777,2,0,61,0,0,0,0,0,76,0,0,0,24,1575,0,0,0,1457,0,0,0,0,0,0,0,0,3,0,0,0,0,0,0,0,77,0,0,0
0,0,0,0,361,0,0,0,0,0,0,0,31,0,2,0,1,0,0,0,0,0,0,606,0,0,0,0,0,2,0,0,0,0,0,0,0,0,11,0,0,0,0,0,0,0,0,0,2,0,0,0,0,0,0,0,0,0,0,0,0,0,0,0,0,0,0,0,0,0,0,0,33,0,0,2,0,0,0,0,0,65,0,0,0,1041,63,0,0,0,10,0,0,0,0,0,0,0,0,0,0,0,0,0,0,0,0,7,0,0,0
24,0,0,0,6,0,0,1,6,0,0,0,517,1,27,0,301,16,0,0,1,0,0,9,3,0,0,4,0,11,0,0,0,0,0,0,0,0,3,0,1,0,0,0,0,0,0,0,99,0,0,0,0,17,0,3,2,0,0,0,0,3,0,0,7,0,1,0,2,0,0,0,5,297,0,1520,4,0,2,0,0,159,0,0,1,9,39,0,1,0,36,0,0,0,3,0,0,2,0,368,4,0,0,0,0,4,0,18,0,2,0
2,0,0,0,2,16,32,0,3,0,3,0,11,21,12,0,8,0,0,0,0,0,1,0,0,0,0,0,0,38,0,0,0,0,0,0,0,0,19,0,0,0,0,0,0,0,0,58,1,0,0,0,0,6,0,1,0,16,0,0,0,1,0,0,0,0,0,0,0,0,0,0,4,1,0,19,0,0,0,0,0,6,0,1,0,1,6,0,0,0,16,0,0,1,2,0,1,0,0,117,1,0,0,2,6,0,0,306,0,0,0
0,0,0,2,0,0,1,0,0,1,0,3,0,0,0,4,0,0,4,1,1,8,0,0,0,0,0,2,25,0,6,0,3,0,7,0,1,27,0,3,10,3,62,28,18,2,0,0,0,0,0,2,0,0,0,34,34,0,0,6,0,0,1,3,6,3,9,13,0,2,3,19,0,0,4,0,3,1,3,7,3,0,0,0,27,0,0,6,20,0,0,3,0,0,29,0,0,23,14,0,0,4,1,0,0,13,6,0,0,8,0
1,1,23,0,0,2,0,47,1,81,0,7,0,0,0,1,0,0,0,11,5,8,1,0,0,6,4,120,13,0,17,10,15,5,16,0,2,262,0,5,69,57,17,54,13,8,2,0,0,1,2,11,15,0,22,20,15,0,0,32,14,0,6,7,59,19,11,13,4,6,0,1,0,0,7,0,2,28,10,171,17,0,30,0,217,0,0,23,23,0,0,22,68,0,40,0,0,43,456,0,0,4,2,7,0,43,84,0,0,11,3
6,3,33,0,2,749,66,0,17,0,4,0,3,7,5,0,9,0,0,2,3,1,3,0,0,2,27,2,5,3,0,0,2,0,8,61,3,2,3,0,0,24,0,3,0,0,5,81,1,1,4,1,0,4,94,1,1,9,23,1,0,0,0,1,4,13,1,0,12,5,0,0,6,8,0,0,1,2,1,0,0,1,0,12,0,0,0,2,1,0,2,0,0,2,6,0,74,0,3,46,1,0,0,163,17,0,0,244,31,0,0
2,0,108,12,0,8,0,1,1,0,0,0,0,0,2,4,0,0,14,297,1,19,0,0,0,3,56,0,13,0,9,0,1,1,233,3,8,0,0,2,9,8,234,3,24,0,10,0,0,0,3,0,1,0,32,10,14,0,0,0,0,0,0,684,9,910,2,1,33,0,3,36,0,0,12,0,0,3,1,1,0,0,0,0,2,0,0,12,4,0,0,4,0,0,40,4,5,5,1,0,0,0,0,1,1,1,0,0,2,0,0
0,9,1,0,0,0,0,37,1,87,0,0,8,0,1,0,0,0,0,1,1,5,0,0,0,0,1,333,0,0,32,25,0,11,1,0,0,9,0,0,1,2,0,0,3,0,2,0,0,555,1,5,1,0,0,0,1,2,1,200,21,0,6,0,8,0,3,3,1,2,0,0,0,0,0,0,0,1,5,16,9,2,44,0,16,0,0,0,0,0,0,1,96,0,0,0,0,0,14,0,0,0,0,6,0,0,19,0,1,5,0
2,4,0,0,294,34,2,0,8,0,0,0,10,0,26,0,0,1,0,0,0,0,0,1,0,0,0,4,0,764,0,0,0,0,0,0,0,0,976,0,0,0,0,3,0,0,0,1,0,0,0,0,0,4,0,1,0,0,0,0,0,0,0,0,0,0,0,0,1,0,0,0,885,1,0,18,0,0,0,0,0,60,0,0,0,35,304,0,1,0,257,0,0,0,1,0,0,0,0,9,0,0,0,18,0,0,0,40,2,0,0
0,0,0,0,31,0,0,0,1,0,0,0,7,0,2,0,0,0,0,0,0,0,0,1,0,1,0,0,0,0,0,0,0,0,0,0,0,0,5,0,0,0,0,0,1,0,0,0,0,0,0,0,0,0,0,0,0,0,0,0,0,0,0,0,0,0,0,0,0,0,0,0,12,0,0,0,0,0,0,0,0,11,0,0,0,65,6,0,0,0,1,0,0,0,0,0,0,0,0,0,0,0,0,5,0,0,0,0,1,0,0
