0.41246,0.67311,0.67025,0.34089,0.40174,0.30013,0.57312,0.64659,0.71804,0.65049,0.7426,0.48306,0.47189,0.8266,0.23735,0.31207,0.66423,0.6452,0.48835,0.61511,0.56997,0.27161,0.51931,0.61743,0.9503,0.60585,0.61742,0.2356,0.33681,0.65187,0.41249,0.39696,0.48765,0.55695,0.23595,0.50993,0.61414,0.28549,0.50972,0.62266,0.53015,0.31274,0.29108,0.49131,0.28185,0.21192,0.6687,0.85117,0.73325,0.60405,0.66023,0.32717,0.70051,0.24808,0.79479,0.30991,0.44024,0.47464,0.27676,0.43184,0.63455,0.96712,0.17841,0.64324,0.38194,0.88119,0.34892,0.27495,0.49244,0.59336,0.36991,0.37286,0.46918,0.42135,0.23598,0.66877,0.75497,0.76485,0.60902,0.35421,0.30115,0.44546,0.6478,0.58604,0.20191,0.81006,0.76145,0.34701,0.34703,0.99667,0.82223,0.38976,0.34321,0.72634,0.29449,0.48485,0.78747,0.22404,0.31305,0.37532,0.94923,0.5544,0.56792,0.32441,0.48435,0.28089,0.21987,0.71822,0.43057,0.20927,0.46312
0.53349
0,0,3,481,0,0,0,0,0,0,0,7,0,0,0,367,0,0,324,0,1,1,0,0,0,0,4,2,0,0,13,0,34,0,26,0,47,0,0,21,0,1,10,0,0,165,0,0,0,0,0,1,0,0,0,1,2,0,0,0,0,0,115,7,0,0,0,7,0,14,184,60,0,0,29,0,456,3,25,30,4,0,0,0,0,0,0,40,8,0,0,0,0,0,78,82,0,194,0,0,1,29,3,0,0,0,3,0,0,149,32
0,5,1,29,0,0,0,4,2,0,0,599,0,0,0,43,0,0,1,0,0,23,0,0,0,0,0,18,0,0,1,0,7,10,1,0,1,11,0,2,0,0,0,3,12,224,0,0,0,0,1,283,1,0,0,10,9,0,0,0,1,0,101,0,0,0,2,46,0,0,41,27,0,0,3,0,6,1,3,14,368,0,20,0,31,0,0,4,1,0,0,27,0,0,2,133,0,6,28,0,2,586,439,0,0,0,164,0,0,56,584
19,0,3,124,0,0,0,0,5,1,1,50,7,0,1,90,1,3,51,3,5,8,2,0,5,0,2,27,4,1,9,1,13,5,84,0,20,11,0,9,5,4,208,47,5,144,0,10,1,0,0,12,0,8,0,160,111,0,1,1,0,7,200,0,15,0,3,77,3,2,79,105,0,3,68,4,9,1,12,87,32,3,0,0,1,1,1,19,62,0,4,0,0,20,23,93,0,102,0,2,2,44,25,0,0,53,13,1,0,37,60
0,0,16,269,0,0,0,0,0,0,0,0,0,0,0,189,0,0,503,23,0,1,0,0,0,0,5,5,145,0,8,0,11,0,220,0,86,0,0,6,41,0,6,0,0,23,0,0,0,0,0,0,0,0,3,0,0,0,0,0,0,0,20,145,0,1,0,2,0,10,49,54,0,0,46,0,49,0,12,119,2,0,0,0,0,0,0,423,23,0,0,0,0,0,235,19,0,156,0,0,0,0,0,0,0,0,0,0,0,12,1
0,0,3,102,0,0,0,0,0,0,0,31,0,0,0,134,0,0,0,0,0,0,0,0,0,0,0,8,0,0,0,0,6,0,1,0,0,0,0,2,2,1,0,0,0,62,0,0,0,0,0,1,0,0,0,0,0,0,0,0,0,0,145,0,0,0,0,0,0,0,7,1,0,0,0,0,4,1,0,24,5,0,1,0,0,0,0,9,7,0,0,1,0,0,4,5,0,49,0,0,0,42,1,0,0,0,3,0,0,34,33
3,1,27,29,0,9,4,1,7,0,0,21,0,0,2,43,0,5,28,23,8,18,0,0,1,10,12,49,47,0,9,1,12,3,67,0,26,25,0,17,70,13,457,180,24,32,5,2,0,0,2,16,1,5,2,538,266,0,4,10,1,0,76,8,7,4,9,89,0,7,32,55,1,1,223,0,2,5,9,130,12,0,1,0,1,0,0,61,239,0,0,1,5,0,48,15,1,62,4,0,5,24,2,0,0,68,7,2,3,16,15
0,0,0,125,0,0,0,0,0,0,0,8,0,0,2,83,0,0,36,0,0,39,0,0,0,0,0,0,0,0,0,3,10,27,8,0,10,2,0,14,0,0,28,0,37,205,1,0,0,0,0,0,1,1,0,0,12,0,0,0,0,0,6,0,0,0,6,35,0,0,327,566,0,0,1,0,3,2,2,0,2,0,0,0,0,0,0,2,0,0,0,9,0,0,4,544,0,11,0,0,0,63,75,0,0,0,4,0,0,19,57
13,0,0,0,0,0,0,0,0,0,0,0,4,0,64,0,52,1,0,9,1,0,0,0,1,0,13,0,2,0,0,0,0,0,0,0,0,0,0,0,0,0,1,0,3,0,0,0,2,0,0,0,0,0,0,9,1,0,0,1,0,0,0,2,7,0,1,0,11,0,0,0,1,40,0,3,2,0,0,0,0,2,0,0,2,0,0,0,1,0,0,0,1,0,8,0,0,0,0,34,1,0,0,0,1,0,0,1,0,0,0
12,4,3,0,20,98,250,1,9,0,571,0,1,78,55,0,0,0,0,1,4,0,1049,3,11,58,2,4,2,3,0,2,1,0,1,11,0,1,3,0,16,19,0,0,0,0,26,201,0,39,24,0,0,144,9,0,0,890,331,0,0,21,0,0,1,11,0,1,31,5,0,0,5,0,0,1,0,1,1,0,0,7,0,1301,0,2,0,1,0,4,2,0,0,462,0,0,1282,0,0,58,4,0,0,192,828,11,0,16,19,0,0
0,0,0,0,25,0,0,0,0,0,0,0,97,0,0,0,0,0,0,0,0,0,0,213,0,0,0,0,0,0,0,0,0,0,0,0,0,0,2,0,0,0,0,0,0,0,0,0,4,0,0,0,0,0,0,0,0,0,0,0,0,0,0,0,0,0,0,0,0,0,0,0,29,0,0,64,0,0,0,0,0,324,0,0,0,19,36,0,0,0,8,0,0,0,0,0,0,0,0,1,0,0,0,0,0,0,0,0,0,0,0
11,0,0,0,1,0,0,1,24,0,0,2,186,0,141,0,38,15,0,0,0,0,0,3,5,0,0,2,0,0,0,0,0,0,0,0,0,0,1,0,1,0,0,0,3,0,0,1,16,2,0,0,0,2,0,20,8,0,0,1,0,3,2,0,5,0,2,1,9,0,0,0,4,161,0,213,9,0,0,2,0,119,0,0,0,0,6,0,0,0,4,0,1,0,0,0,0,0,0,91,6,2,0,3,1,2,3,7,1,5,0
5,5,20,1,1,145,72,2,11,0,0,0,5,12,71,0,52,3,0,8,0,6,9,0,2,5,5,1,0,3,1,1,0,0,0,8,0,0,6,2,1,12,1,10,5,0,11,2,5,1,1,1,0,30,1,45,10,26,16,0,1,5,0,0,6,0,0,2,92,1,0,0,0,92,2,63,0,0,0,0,0,3,0,51,6,0,1,0,0,1,3,0,0,10,2,0,34,0,1,739,2,3,0,114,40,1,2,11,30,1,0
1,19,8,0,0,45,12,4,22,0,5,0,3,1,30,0,0,0,0,2,8,3,106,0,0,19,1,14,0,0,1,16,6,2,2,10,5,6,1,4,7,6,1,5,4,1,10,0,0,50,8,3,2,2,1,0,1,18,46,2,8,0,1,0,2,0,0,6,2,52,0,1,3,0,0,1,0,3,1,1,0,0,3,13,3,0,0,0,0,0,0,0,1,0,0,0,11,1,10,0,1,0,1,533,14,4,0,3,585,0,1
0,11,3,24,0,0,0,5,1,0,0,318,0,0,0,19,0,0,8,0,7,49,0,0,0,1,1,73,1,0,64,1,63,26,10,1,13,96,0,15,1,1,56,24,41,80,0,0,0,0,0,236,5,0,1,74,150,0,0,168,4,0,147,0,11,0,22,273,0,3,39,85,0,0,4,0,13,39,18,140,341,0,4,0,53,0,0,7,7,0,0,61,24,0,2,61,0,16,52,0,2,126,98,0,0,7,239,0,0,119,186
1,0,20,7,0,1,0,0,0,0,0,0,0,0,0,14,0,0,2,31,0,1,0,0,2,0,1,0,243,0,0,0,0,1,22,0,2,0,0,0,74,2,6,1,0,0,0,0,0,1,0,0,0,1,0,3,3,0,4,0,0,0,7,28,0,1,2,0,0,1,0,3,0,0,26,0,0,0,0,10,0,0,0,0,0,0,0,40,291,0,0,0,0,0,67,0,0,27,0,0,0,0,0,0,0,3,0,0,0,0,0
1,1,1,0,0,1,0,3,0,1,0,2,1,0,2,0,0,0,0,1,2,1,1,0,0,10,2,4,0,0,1,0,0,0,1,9,0,2,0,1,3,147,3,27,3,0,49,0,0,0,20,0,0,44,1,17,5,0,8,0,0,0,0,1,1,0,2,1,67,0,0,0,0,0,5,0,0,0,0,0,1,0,2,0,2,0,0,1,0,0,0,0,14,1,1,0,1,0,4,1,0,4,0,1,3,219,1,0,7,0,2
629,0,0,0,1,3,12,0,4,0,0,0,16,20,29,0,2,0,0,4,0,0,0,0,8,0,0,0,0,2,1,0,0,0,0,0,0,0,0,0,0,4,0,1,0,0,2,13,1,1,0,0,0,39,0,7,0,4,10,0,0,4,0,3,1,4,0,0,61,0,0,0,1,2,0,0,0,0,0,0,0,0,0,1,0,0,0,0,0,0,0,0,0,209,0,0,2,0,0,60,2,0,0,1,40,41,0,18,0,0,0
0,0,9,8,0,0,0,2,2,0,0,22,3,0,0,4,0,0,6,3,219,6,1,0,0,0,297,35,1,0,436,0,612,4,7,0,247,49,0,239,7,8,31,79,15,7,0,1,0,1,1,20,4,3,11,39,68,0,2,529,7,0,6,0,35,0,2,83,0,626,11,16,0,0,86,0,12,631,567,9,15,0,0,0,3,1,0,5,2,0,0,11,28,0,0,6,0,3,24,0,6,16,7,0,0,33,22,0,1,78,38
0,0,0,0,0,0,0,56,1,2,0,25,0,0,0,0,0,0,2,0,3,208,0,0,0,0,0,9,0,0,2,18,1,143,1,0,0,29,0,1,0,4,2,1,167,9,0,0,0,1,0,10,89,1,0,1,20,0,0,1,1,0,2,0,21,0,125,58,0,0,5,35,0,0,0,0,0,1,0,2,59,0,135,0,108,0,0,0,0,0,0,449,5,0,0,32,0,1,214,0,0,12,45,0,0,0,110,0,0,7,48
6,0,0,0,13,0,75,0,0,0,3,0,28,18,9,0,21,0,0,0,0,0,0,3,4,1,0,0,0,9,0,0,0,0,0,0,0,0,4,0,0,0,0,0,0,0,0,7,2,0,0,0,0,3,0,0,0,1,1,0,0,1,0,0,0,0,0,0,0,0,0,0,3,1,0,6,0,0,0,0,0,3,0,1,0,11,1,0,0,1,1,0,0,3,0,0,0,0,0,128,4,0,0,0,3,1,0,1825,0,0,0
61,1,1,0,0,1,0,0,4,0,0,0,15,0,347,0,3,437,0,14,7,0,0,0,1,0,10,2,1,1,2,0,0,0,0,0,0,0,0,0,4,2,0,0,1,0,0,0,65,1,0,0,0,1,0,1,0,0,3,2,0,0,0,0,4,1,0,3,6,0,0,1,1,144,1,17,0,0,1,1,0,10,0,0,0,0,1,0,3,0,2,0,0,0,1,0,0,0,1,2,1,0,0,0,1,0,0,2,0,0,0
56,2,0,0,0,1,15,1,19,0,4,0,2,119,15,0,1,0,0,1,0,0,0,0,2543,1,0,0,0,0,0,0,0,0,0,0,0,0,0,0,0,8,0,2,1,0,0,109,0,1,0,0,0,258,1,2,0,1,19,0,0,2706,0,1,1,2,0,0,6,0,0,0,0,1,0,0,0,0,0,0,0,1,0,2,2,0,0,0,0,2393,0,0,0,32,0,0,2,0,0,26,1795,0,0,3,12,6,0,7,0,0,0
67,453,5,1,17,14,0,4,629,7,0,0,34,0,19,3,65,31,0,0,0,5,2,9,4,2,0,23,1,1,0,19,2,6,2,6,0,2,0,0,3,3,0,11,4,1,3,0,118,51,1,21,1,5,0,17,3,0,5,4,5,8,3,4,9,0,1,0,16,5,1,1,1,88,6,13,0,5,3,1,3,9,7,0,10,1,2,4,1,0,3,0,12,1,4,7,0,0,0,31,17,5,0,23,3,18,11,10,11,3,10
0,29,3,3,0,0,1,90,1,37,0,75,0,0,1,0,0,0,1,0,34,127,0,1,0,2,4,173,0,0,31,18,15,93,15,0,4,368,0,6,2,13,129,196,158,12,3,0,0,0,0,87,100,0,0,124,364,0,3,112,382,0,41,0,229,0,245,258,0,2,7,45,0,0,6,0,3,41,7,90,199,0,66,0,124,0,0,4,11,0,0,171,128,0,0,13,0,5,185,0,0,17,20,0,0,9,234,0,0,19,46
0,43,13,1,6,0,2,120,10,61,4,50,1,4,2,7,0,0,6,7,113,202,5,0,0,11,3,315,1,0,29,32,25,113,12,1,21,350,0,49,4,24,279,735,302,15,15,1,1,4,27,162,121,6,1,487,943,5,19,126,47,0,22,0,736,0,403,438,8,8,9,94,2,5,29,0,2,16,16,46,149,0,50,0,104,2,1,6,11,0,1,170,205,0,1,23,1,4,110,0,3,34,29,9,0,316,166,0,3,28,42
0,35,0,0,0,0,0,891,1,536,0,6,0,1,0,0,0,0,0,0,47,399,0,0,0,0,0,137,0,0,0,284,2,665,0,0,1,43,0,1,0,16,4,4,354,0,3,0,0,17,0,2,821,0,0,0,11,0,3,24,35,0,0,0,547,0,281,33,4,1,0,6,0,0,0,0,0,1,0,3,7,0,767,0,148,0,0,1,0,0,0,201,394,0,0,1,0,0,152,0,1,0,4,0,0,4,49,0,0,0,2
2,1,0,0,53,0,0,0,1,0,0,0,80,0,23,0,0,0,0,0,0,0,0,58,0,0,0,0,0,1,0,0,0,0,0,0,0,0,7,0,0,0,0,1,0,0,0,0,4,2,0,0,0,0,0,0,1,0,0,4,0,0,0,0,0,0,0,0,0,0,0,0,75,0,0,82,0,0,0,0,0,731,0,0,0,35,12,0,0,0,5,0,0,0,0,0,0,0,0,2,0,0,0,0,0,1,0,0,0,0,0
312,0,0,0,1,0,0,0,13,0,0,0,178,3,200,0,60,982,0,10,0,0,0,17,10,0,4,0,4,2,0,0,0,0,0,0,0,0,0,0,0,0,0,0,1,0,0,1,1160,0,0,0,0,6,0,2,0,0,2,1,0,4,0,7,4,0,1,0,5,0,0,0,1,833,1,82,0,0,0,0,0,41,0,0,0,2,20,0,0,0,11,0,1,0,1,0,0,0,0,22,2,0,0,0,0,3,0,7,0,0,1
144,0,0,0,19,19,1352,0,18,0,1832,0,18,1759,201,0,0,0,0,0,1,0,794,11,63,43,2,0,0,11,0,1,0,0,0,9,0,0,13,0,6,7,0,0,0,0,5,2219,2,11,14,0,0,117,3,2,0,917,182,0,0,31,0,1,0,2,0,0,24,0,0,0,12,1,0,0,0,0,0,0,0,43,1,769,0,3,11,0,0,2,7,0,0,1980,0,0,128,0,0,226,12,0,0,52,975,16,0,30,9,0,0
1,4,748,59,0,51,9,1,1,2,0,0,0,0,3,76,0,0,15,855,15,294,0,0,2,11,24,14,388,0,4,12,2,37,302,21,23,2,0,8,677,15,116,4,32,9,21,0,0,5,3,0,0,4,7,21,12,0,42,0,0,0,15,228,3,34,4,11,28,15,39,126,0,0,48,0,1,0,2,41,1,0,1,0,3,0,0,307,456,0,0,0,5,0,89,48,0,112,5,1,1,7,0,32,0,2,0,0,42,1,6
0,0,18,2,0,467,16,3,10,0,1,0,0,1,3,0,0,0,0,12,10,1,2,0,4,305,9,2,4,0,5,0,1,0,3,822,0,2,0,1,19,290,5,5,8,0,182,2,0,7,213,0,0,89,20,3,0,0,45,0,0,0,1,4,5,9,1,4,879,1,0,0,0,1,6,0,0,0,2,0,0,0,3,1,12,0,0,4,3,0,0,2,2,0,3,0,36,2,1,2,2,0,0,59,9,57,0,0,107,0,1
0,11,52,3,1,204,30,8,10,0,10,1,0,13,9,0,0,0,1,4,2,12,28,0,2,890,0,16,12,1,1,16,2,8,10,627,5,12,4,6,38,415,10,16,13,3,1203,3,0,10,1300,2,1,176,7,10,8,29,203,0,3,0,0,2,0,13,3,2,466,6,3,3,5,1,5,0,0,6,1,5,0,0,4,23,6,3,0,12,2,0,0,2,2,2,0,2,39,6,8,0,2,7,0,366,44,170,2,3,645,1,4
0,8,8,0,0,9,1,5,1,0,19,0,0,3,0,0,0,0,0,1,0,1,1,0,2,60,0,9,1,0,0,3,0,2,0,78,0,1,0,0,5,207,0,0,6,0,242,0,0,2,350,0,1,13,2,0,0,10,180,2,0,0,0,0,4,8,1,0,1,0,0,0,0,0,1,0,0,1,0,0,0,0,4,0,2,0,0,1,0,0,0,2,1,0,0,0,2,0,0,0,0,0,0,23,21,18,1,0,10,0,0
0,0,24,94,0,0,0,0,0,0,0,9,0,0,0,62,0,0,5,3,1,2,0,0,0,1,0,13,85,0,1,0,5,0,44,0,2,5,0,9,32,4,32,5,0,27,0,0,0,0,0,1,0,0,0,27,12,0,0,0,0,0,189,3,0,0,0,7,0,5,9,13,0,0,56,0,14,1,2,509,3,0,1,0,0,0,0,179,158,0,0,0,0,0,122,6,0,246,1,0,0,9,6,0,0,1,0,0,0,62,29
0,0,9,12,0,0,0,0,0,0,0,0,0,0,0,5,0,0,20,0,0,9,0,0,0,0,0,0,2,0,1,0,2,0,319,0,4,0,0,1,8,0,3,0,0,11,0,0,0,0,0,0,0,0,0,0,1,0,0,1,0,0,2,0,0,0,0,2,0,0,17,150,0,0,8,0,1,0,2,41,0,0,0,0,0,0,0,12,0,0,0,0,0,0,3,18,0,14,0,0,0,1,1,0,0,0,0,0,0,3,1
133,0,0,0,0,0,1,0,17,0,0,0,31,1,54,1,1090,30,0,8,0,0,0,9,0,0,21,0,0,0,3,0,0,0,0,0,0,0,0,0,0,0,0,1,3,0,0,0,73,0,0,0,0,0,0,14,2,0,0,0,0,4,1,2,7,0,2,0,1,0,0,0,1,310,4,35,0,0,0,1,0,5,0,0,4,0,0,0,2,0,1,0,0,0,11,0,0,0,0,118,2,2,0,0,0,0,0,7,0,0,0
0,0,19,30,0,25,1,1,0,6,0,6,0,6,4,26,0,1,12,25,672,19,8,0,0,17,723,8,4,0,381,5,397,33,12,1,834,31,0,698,18,10,31,22,32,20,1,1,0,0,1,3,9,2,763,9,17,0,7,38,0,0,6,7,18,0,7,102,15,281,20,36,0,0,202,0,13,54,221,11,5,0,2,0,30,0,0,22,1,0,0,7,0,0,4,10,0,23,34,0,3,13,9,16,0,9,2,0,11,43,24
2,0,0,0,507,0,2,0,2,0,0,0,14,0,12,0,1,0,0,0,0,0,1,67,0,0,0,0,0,1601,0,0,0,0,0,0,0,0,1258,0,0,0,0,0,0,0,0,0,1,0,0,0,0,0,0,0,0,0,0,0,0,0,0,0,0,0,0,0,0,0,0,0,711,0,0,93,0,0,0,0,0,29,0,0,0,36,1529,0,0,0,1494,0,0,1,0,0,0,0,0,13,0,0,0,0,0,0,0,96,0,0,0
2,0,0,0,332,0,0,0,0,0,0,0,14,0,5,0,0,0,0,0,0,0,0,673,0,0,0,0,0,1,0,0,0,0,0,0,0,0,6,0,0,0,0,0,0,0,0,0,1,0,0,0,0,0,0,0,0,0,0,0,0,0,0,0,0,0,0,0,0,0,0,0,61,0,0,6,0,0,0,0,0,39,0,0,0,998,80,0,0,0,13,0,0,0,0,0,0,0,0,0,0,0,0,0,0,0,0,6,0,0,0
33,0,0,0,5,0,0,1,11,0,0,0,680,2,83,0,236,13,0,0,0,0,0,15,3,0,0,0,0,14,0,0,0,0,0,0,0,0,4,0,0,0,0,2,1,0,0,2,124,0,0,0,0,0,0,22,6,0,1,0,0,3,0,0,5,0,2,1,0,0,0,0,25,283,1,1482,0,0,0,1,0,206,1,0,0,4,31,0,0,0,20,0,0,2,0,0,0,0,0,190,9,1,0,0,0,2,0,10,0,2,0
0,0,0,0,1,0,112,0,5,0,3,0,12,66,12,0,11,0,0,1,0,0,0,0,0,0,0,0,0,34,0,0,0,0,0,0,0,0,22,0,0,0,0,0,0,0,0,13,0,0,0,0,0,3,0,1,0,3,1,0,0,1,0,0,0,0,0,0,0,0,0,0,4,6,0,16,0,0,0,0,0,7,0,2,0,0,6,0,0,0,15,0,0,0,0,0,1,0,0,136,2,0,0,1,6,0,0,238,0,0,0
0,0,0,3,0,0,0,0,0,0,0,4,0,0,0,6,0,0,3,3,0,10,0,0,0,0,1,5,11,0,6,0,2,0,26,0,0,17,0,1,4,2,84,20,1,3,0,0,0,0,0,1,0,1,0,32,53,0,0,10,0,0,4,6,15,1,9,21,0,0,0,19,0,0,17,0,2,1,5,10,4,0,0,0,2,0,0,4,20,0,0,3,5,0,22,3,0,15,7,0,0,1,3,0,0,3,10,0,0,5,6
1,5,25,1,0,1,1,49,0,71,0,4,0,1,0,3,0,0,0,18,9,12,0,0,0,0,0,260,9,0,9,2,23,5,8,1,1,215,0,5,51,54,18,73,12,4,4,0,0,1,1,2,11,2,12,30,32,0,0,37,67,0,6,7,155,6,17,24,1,2,2,4,0,0,36,0,3,9,10,106,7,0,53,0,54,0,0,26,5,0,0,33,160,0,22,0,0,40,391,0,0,8,5,3,0,33,37,0,0,7,31
4,0,19,0,7,441,373,0,25,0,14,0,4,17,18,0,8,0,0,2,0,0,11,0,1,21,2,3,7,5,0,1,1,0,2,5,2,1,6,1,11,12,3,10,1,0,4,13,1,2,1,1,1,60,81,1,1,20,26,1,0,0,0,1,3,11,0,0,9,6,0,0,11,4,2,1,0,0,1,0,0,2,0,56,1,1,1,1,0,0,1,0,0,3,3,0,85,0,3,69,0,0,0,187,12,8,0,198,12,0,0
3,2,55,3,0,12,0,1,0,0,0,0,0,0,2,1,0,0,6,316,9,9,0,0,0,1,23,2,173,0,11,0,0,2,146,1,4,1,0,2,165,18,46,4,1,0,7,0,0,0,0,0,0,12,34,6,10,0,20,0,0,0,1,842,2,801,0,2,36,1,3,12,0,0,23,0,0,2,2,1,0,0,0,0,4,0,0,24,0,0,0,1,1,0,38,1,3,3,1,1,1,1,0,2,0,5,0,0,0,0,1
0,32,0,0,0,0,0,124,0,100,0,0,0,0,2,0,0,0,0,1,1,3,0,0,0,0,0,103,4,0,27,287,0,9,0,1,0,7,0,0,2,5,0,1,5,0,2,0,1,328,0,0,3,0,0,1,0,2,5,150,40,0,2,0,68,0,2,4,4,1,0,0,0,0,0,0,0,0,6,2,3,24,58,0,17,0,0,0,0,0,0,1,153,0,0,0,0,0,13,0,0,0,0,1,0,1,4,0,1,5,0
3,1,0,0,223,9,18,0,7,0,0,0,3,3,38,0,0,1,0,1,0,0,0,6,2,0,0,1,0,766,0,0,0,0,0,0,0,0,1125,0,0,0,0,6,0,0,0,5,0,2,0,0,0,2,0,0,0,6,7,0,0,0,0,0,0,0,0,0,0,0,0,0,860,0,0,34,0,0,0,0,0,22,0,0,0,53,264,0,0,0,221,0,0,0,0,0,0,0,0,16,0,0,0,19,0,0,0,43,0,0,0
0,0,0,0,29,0,0,0,3,0,0,0,4,0,3,0,0,0,0,0,0,0,0,2,0,0,0,0,0,0,0,0,0,0,0,0,0,0,6,0,0,0,0,0,1,0,0,1,0,3,1,0,0,0,0,0,0,0,0,0,0,0,0,0,0,0,0,0,0,0,0,0,16,0,0,0,0,0,0,0,0,11,0,0,0,60,5,0,0,0,1,0,0,0,0,0,0,0,0,0,0,0,0,3,0,0,0,0,1,0,0
