0.45857,0.32807,0.51632,0.40077,0.27353,0.20479,0.43199,0.40038,0.55705,0.24926,0.37403,0.28246,0.22421,0.39274,0.13177,0.72899,0.59236,0.53195,0.23091,0.33526,0.93544,0.96393,0.33107,0.68886,0.46358,0.74058,0.22724,0.26066,0.29613,0.80805,0.23667,0.27603,0.43517,0.639,0.3182,0.64313,0.58021,0.40018,0.59545,0.56192,0.56375,0.40854,0.30983,0.28744,0.35559,0.60709,0.84406,0.66394
0.47055
177,790,0,82,51,496,80,115,0,9,123,87,1,0,310,0,0,0,0,0,0,0,0,0,0,0,4,374,0,0,0,0,0,0,327,0,1,0,0,3,0,0,0,7,0,27,0,0
5,21,32,941,52,163,11,846,1,754,322,2,1,0,191,0,6,0,1,0,2,0,0,0,19,0,513,15,0,0,2,28,25,0,2,0,0,0,0,0,0,0,0,6,31,5,0,0
47,180,8,166,117,318,17,130,3,76,126,89,74,2,289,2,2,6,13,5,7,3,0,4,1,6,56,131,0,1,12,15,4,4,161,44,1,1,3,7,4,2,18,328,56,9,5,2
158,542,1,5,83,144,14,10,0,1,20,582,0,11,77,0,0,0,0,0,0,0,0,0,0,0,0,237,0,0,0,0,0,136,897,0,0,0,0,3,0,0,0,6,0,11,0,0
2,80,0,37,1,92,4,72,0,14,13,28,0,2,328,0,0,0,0,0,0,0,0,0,0,0,10,35,0,0,0,0,0,0,1,0,0,0,0,0,0,0,0,0,5,5,0,0
75,103,9,63,72,105,27,62,19,37,25,345,204,27,201,0,1,2,6,0,5,0,13,0,11,10,65,281,0,0,13,41,13,55,128,2,23,0,0,51,0,18,7,1119,126,18,4,0
25,152,28,118,680,430,6,176,0,2,628,2,10,0,12,0,0,0,0,0,0,0,0,0,0,1,9,4,0,0,0,1,34,0,49,0,0,0,0,2,0,0,0,20,0,1,0,0
0,0,0,0,3,10,0,1,0,0,0,5,28,0,0,0,2,0,21,114,1,1,0,0,1,0,0,0,0,0,2,6,1,3,0,0,0,2,0,12,1,2,72,6,0,0,1,0
2,0,0,0,0,0,1,0,106,0,0,2,0,42,0,1049,1,72,696,3,7,31,106,3031,0,494,0,0,47,353,2,0,3,28,0,618,60,14,4,1,11,1387,7,1,1,7,31,6
0,0,0,0,0,0,0,0,0,0,0,0,11,0,0,0,0,1,0,51,0,0,0,0,0,0,0,0,0,0,0,0,0,0,0,0,0,604,130,0,21,0,1,0,0,0,0,3
0,0,0,1,0,3,0,1,0,2,0,0,284,1,4,1,3,17,41,503,12,3,1,8,4,2,3,12,9,0,9,2,0,1,0,4,0,87,16,1,7,0,74,7,3,1,15,4
0,1,2,2,0,11,1,7,7,2,0,1,52,21,0,6,8,176,180,577,2,18,214,165,1,7,5,0,5,16,0,4,10,3,0,133,31,2,2,1,17,140,58,36,8,1,8,18
21,0,5,4,2,3,7,1,24,4,0,1,2,41,1,19,6,19,20,2,1,0,715,213,7,101,7,2,227,0,4,10,54,3,0,0,70,12,0,17,2,38,2,5,37,70,8,1
19,25,34,401,115,146,161,298,2,633,124,10,55,2,271,0,15,0,1,0,0,0,1,0,35,1,629,151,3,0,82,193,47,0,22,0,1,0,0,10,0,0,0,117,83,163,0,0
7,24,0,0,35,2,1,0,0,0,0,643,3,32,28,0,0,0,0,0,0,0,0,0,1,1,0,49,0,0,0,0,1,67,28,0,5,0,0,3,0,0,0,14,0,0,5,0
1,1,0,1,1,0,5,8,177,5,0,2,6,1,2,0,9,2,100,0,2,1,19,4,10,1,1,1,1,0,3,3,1,6,4,4,192,0,0,5,0,4,0,31,90,0,13,0
0,0,0,0,0,0,1,0,12,0,0,1,6,0,0,6,2,57,71,1,3,7,1,5,1,20,0,0,1,7,0,0,0,50,0,494,5,1,0,5,0,19,458,5,3,0,20,1
684,12,17,88,20,35,1048,41,4,47,6,7,21,69,26,0,3,0,0,0,9,0,1,1,7,4,77,19,3,0,240,94,20,10,16,1,1,1,0,800,0,1,0,75,174,1746,0,0
0,0,276,44,110,18,4,63,0,206,53,1,11,0,10,0,180,0,0,0,0,0,0,0,178,0,196,3,2,0,19,396,408,0,7,0,1,0,0,2,0,0,0,2,88,3,1,0
0,0,0,0,0,0,0,0,0,0,0,0,8,0,0,4,0,2056,4,16,4,3,0,1,0,4,0,0,0,14,0,0,0,0,0,21,0,8,3,1,4,5,28,0,0,0,7,10
1,0,0,1,7,0,2,0,0,0,0,6,141,2,0,2,0,3,39,153,0,0,1,4,2,7,1,8,3,0,6,1,1,4,0,1,3,7,1,12,1,0,766,1,3,2,0,0
0,0,0,0,0,0,0,0,4,0,0,0,2,1,0,22,0,8,34,0,2608,5291,2,18,1,107,0,0,6,58,0,0,0,10,0,80,7,3,0,0,0,18,33,4,1,0,1862,0
0,5,26,1,5,4,4,20,3,22,8,7,160,22,14,2,23,20,336,189,50,7,60,0,27,5,12,4,602,0,13,12,8,10,4,12,17,16,17,7,2,4,211,11,23,12,40,3
10,4,184,68,99,28,67,45,2,540,31,8,226,4,86,0,216,0,1,0,0,0,0,0,331,1,501,105,349,0,341,698,267,0,22,0,11,1,0,25,0,0,0,327,373,70,1,0
54,4,259,113,172,36,78,85,54,480,53,21,802,16,109,9,306,2,10,2,4,0,5,2,441,27,519,83,54,0,719,888,470,4,30,3,77,3,2,82,1,4,3,1027,1081,45,6,0
3,0,1250,2,63,0,5,1,3,16,0,1,17,0,1,0,1690,0,2,0,1,0,0,0,1343,0,34,4,142,0,475,347,1366,0,3,0,10,0,0,4,0,0,0,9,152,6,0,0
0,0,0,0,0,0,0,0,0,0,0,0,37,0,0,0,0,3,4,108,0,0,0,2,2,0,1,1,3,0,8,2,0,0,0,0,0,864,94,0,44,0,2,0,1,0,0,5
1,0,0,0,4,0,0,0,0,1,0,2,976,0,0,3,1,18,17,1409,4,8,0,0,1,8,1,3,1,0,4,0,0,8,0,18,0,35,31,2,4,0,1441,0,1,0,12,4
0,0,0,0,0,0,0,0,39,0,0,0,1,11,0,3357,0,174,650,4,23,113,30,555,1,2752,0,0,19,2631,0,0,0,13,0,2714,32,45,11,0,20,806,30,1,1,0,77,20
40,164,65,7,837,71,5,18,11,7,71,1042,9,1168,105,0,9,1,60,0,1,0,135,5,8,9,3,200,8,0,3,4,195,498,444,1,73,0,0,51,0,37,2,265,12,19,3,0
7,2,2,0,4,1,1,3,533,4,0,14,2,56,2,0,12,3,880,3,2,0,1532,22,7,5,4,5,5,5,2,8,3,17,4,1,396,0,0,15,0,179,0,16,27,2,25,0
6,6,20,3,10,13,14,6,2158,8,3,19,7,99,6,23,16,29,474,1,8,0,1611,190,11,62,9,17,36,43,7,11,58,22,12,4,2000,2,0,1,4,174,0,23,78,7,26,0
0,0,7,0,1,0,0,0,681,1,1,2,0,16,0,44,6,0,16,0,0,0,95,13,7,5,0,1,14,0,5,5,4,6,1,0,356,0,0,0,0,16,0,0,12,3,16,0
14,142,5,45,14,90,3,25,0,24,9,541,1,9,331,0,0,0,0,0,0,0,0,0,1,0,7,709,0,0,2,3,1,13,67,0,0,0,0,3,0,1,0,47,23,6,0,0
7,22,2,2,182,20,5,2,0,0,13,4,0,3,4,0,0,0,0,0,0,0,0,0,0,0,0,75,0,0,1,0,4,7,324,0,0,0,0,0,0,0,0,3,1,3,0,0
0,4,0,1,1,20,0,2,0,3,2,5,260,0,1,0,3,32,6,395,8,0,0,0,4,1,3,0,0,0,1,7,0,1,0,2,0,10,9,10,1,1,1211,8,0,0,0,0
1190,80,150,125,43,130,791,61,4,17,36,23,7,891,28,1,33,1,21,0,3,0,32,5,11,23,38,28,1,2,22,75,54,19,41,0,7,0,0,1561,0,9,2,33,66,585,1,0
0,0,0,0,0,0,0,0,0,0,0,0,7,0,0,0,0,96,0,31,0,0,0,0,0,2,0,0,0,0,0,0,0,0,0,1,0,261,2199,0,2600,0,3,0,0,0,0,2270
0,0,0,0,0,0,0,0,0,0,0,0,2,0,0,0,0,8,0,5,0,0,0,0,0,1,0,0,0,0,0,0,0,0,0,2,0,1780,410,0,23,0,3,0,0,0,0,3
0,0,0,0,0,2,0,0,0,1,0,0,843,0,1,0,4,43,7,1859,16,2,0,5,1,5,1,2,1,0,2,2,0,0,0,18,2,325,101,1,47,0,192,10,1,0,1,44
0,0,0,0,0,0,0,0,0,0,0,0,3,0,0,22,0,386,6,72,1,1,0,4,0,27,0,0,0,72,2,0,0,0,0,23,0,12,4,0,29,14,11,0,0,0,6,46
4,17,3,11,30,10,6,5,0,17,5,54,37,4,12,0,0,0,1,0,0,0,1,0,4,2,14,19,0,0,35,32,5,5,37,0,2,0,0,8,0,0,0,121,29,2,0,0
8,11,12,12,12,11,21,9,8,78,0,79,20,67,50,0,163,0,1,0,0,0,1,0,192,1,40,130,11,0,615,300,28,34,17,0,23,0,0,25,0,1,0,52,397,24,0,0
1,0,0,1,0,3,0,0,8,2,0,6,3,164,0,29,3,551,18,26,3,0,275,128,1,4,2,2,15,54,5,1,1,31,3,18,19,1,1,4,7,488,10,8,25,10,10,2
26,16,4,3,233,6,10,0,6,3,7,47,7,189,0,0,1,0,63,0,1,0,6,0,0,1,1,4,1,0,7,3,10,1894,166,1,13,0,0,36,0,15,3,134,5,1,0,0
0,0,20,0,0,1,26,0,4,9,0,0,3,1,12,2,129,0,5,4,0,0,1,5,224,1,2,6,666,0,375,25,43,2,2,0,6,3,0,7,0,0,0,1,19,12,0,0
0,0,0,0,1,0,0,0,0,0,0,0,2,0,0,1,0,79,6,12,0,0,6,10,1,8,0,0,10,0,0,0,0,0,0,0,2,245,628,0,1752,12,3,7,3,0,2,977
0,0,0,0,0,0,0,0,1,0,0,0,1,0,0,1,0,0,0,0,0,0,2,0,0,0,0,0,4,0,0,0,0,0,0,0,0,103,27,0,10,0,0,0,1,0,0,0
