0.44245,0.32657,0.40026,0.44104,0.28475,0.23046,0.44958,0.33405,0.56341,0.38412,0.37914,0.25596,0.3315,0.46186,0.15337,0.73709,0.63852,0.53212,0.24541,0.3052,0.95469,0.9792,0.36728,0.70595,0.41391,0.77046,0.20685,0.24533,0.26073,0.76972,0.29225,0.28853,0.52988,0.63697,0.34007,0.67309,0.60936,0.46674,0.49314,0.58446,0.65409,0.45652,0.30109,0.28079,0.35666,0.56416,0.88069,0.64702
0.4839
175,708,0,56,23,566,64,115,0,34,209,101,0,0,344,0,0,0,0,0,0,0,0,0,0,0,5,379,0,0,0,0,0,0,257,0,0,0,0,8,0,0,0,8,0,12,0,0
4,17,13,1081,62,137,7,781,1,1016,104,2,0,0,85,0,3,0,1,0,0,0,0,0,38,1,452,16,0,0,0,109,7,0,0,0,0,0,0,0,0,0,0,4,52,4,0,0
38,208,7,180,110,375,19,137,3,102,185,88,35,1,268,5,1,10,9,3,5,3,2,39,2,7,43,137,1,0,7,21,3,7,130,21,2,1,0,8,4,21,7,251,34,4,7,4
182,520,0,3,101,184,11,18,0,2,53,633,0,2,74,0,0,0,0,0,0,0,0,0,0,1,1,244,0,0,0,1,0,68,824,0,0,0,0,8,0,0,1,2,0,5,0,0
1,66,2,52,1,136,1,97,0,42,12,12,0,1,262,0,0,0,0,0,0,0,0,0,1,0,14,26,0,0,0,1,0,0,0,0,0,0,0,0,0,0,0,1,1,0,0,0
57,78,12,67,148,110,25,94,35,47,72,297,119,41,270,0,1,1,3,0,1,0,27,5,8,7,47,294,1,3,17,45,3,90,126,1,31,0,1,37,1,13,2,1057,65,22,5,0
21,204,24,92,525,510,6,205,0,16,698,0,1,0,15,0,0,0,0,0,0,0,0,0,2,0,14,1,0,0,0,4,14,1,32,0,0,0,0,0,0,0,0,3,0,2,0,0
1,4,0,1,2,4,2,4,0,0,1,5,51,0,0,0,10,4,9,31,1,0,2,0,2,1,1,1,0,0,1,6,0,4,0,0,0,3,0,8,1,1,130,3,0,0,1,0
2,0,1,0,0,0,0,0,49,0,0,1,4,66,0,996,2,56,798,8,8,18,116,2893,0,348,0,0,83,399,3,0,0,28,1,613,60,20,16,5,4,1575,5,2,4,3,30,7
0,0,0,0,0,0,0,0,0,0,0,0,24,0,0,0,0,1,0,42,0,0,0,0,0,0,0,0,0,0,0,0,0,0,0,0,0,602,135,0,17,0,0,0,0,0,0,1
1,0,0,3,2,1,1,3,0,0,0,0,489,0,2,2,5,22,16,288,37,0,0,2,5,6,5,7,5,0,86,3,0,4,0,3,0,41,11,3,9,1,55,3,8,3,7,7
0,0,4,3,2,0,0,49,5,5,3,1,94,23,2,3,16,255,82,526,4,6,261,131,4,10,9,0,30,36,0,7,2,2,0,98,19,0,4,2,17,104,38,57,24,1,0,20
6,1,13,12,4,1,9,0,16,0,1,0,4,24,1,4,4,5,13,2,0,0,570,183,8,22,9,4,506,1,11,15,5,7,0,0,41,1,1,8,0,44,2,4,7,219,0,0
31,19,36,485,111,123,151,343,2,598,88,6,10,1,185,0,9,0,0,0,0,0,0,0,53,1,533,143,0,0,11,300,31,0,30,0,2,0,0,5,0,0,0,109,127,307,0,0
11,24,0,0,35,3,0,0,0,0,4,601,0,48,57,0,0,0,0,0,0,0,0,0,1,1,0,54,0,0,0,0,1,54,34,0,2,0,0,1,0,1,1,14,0,0,2,0
0,1,1,1,3,0,2,4,320,1,1,2,3,0,2,0,4,1,48,0,0,0,11,16,3,1,1,3,1,2,3,10,0,4,0,3,199,0,0,3,0,2,0,31,24,0,6,0
0,0,0,0,4,0,1,0,18,0,0,1,6,2,0,5,2,47,125,4,4,7,2,4,0,23,0,0,1,8,0,0,0,50,1,378,14,1,2,14,2,15,487,10,1,0,17,7
751,10,21,39,16,11,1226,41,7,23,11,6,4,27,13,0,1,1,0,0,3,0,4,2,9,6,43,23,2,0,51,77,18,14,12,0,2,0,2,888,0,1,0,71,106,1886,0,0
0,0,176,25,88,24,3,108,1,69,70,0,2,0,2,0,132,0,1,0,0,0,0,0,331,0,365,3,0,0,25,421,292,0,4,0,0,0,0,0,0,0,0,5,132,2,1,0
0,0,0,0,0,0,0,0,0,0,0,0,10,0,0,4,0,2079,3,13,1,1,0,1,0,3,0,0,0,20,0,0,0,0,0,17,0,6,3,1,7,5,17,0,0,0,7,3
0,0,0,2,10,1,1,0,2,2,0,0,144,7,0,4,5,7,7,133,0,0,2,1,1,5,0,3,3,0,14,1,0,6,0,0,1,5,2,21,6,0,788,0,4,1,1,2
0,0,0,0,0,0,1,0,5,0,0,0,4,4,0,19,0,17,19,1,3034,4943,3,34,0,141,0,0,3,62,1,0,0,10,0,65,4,0,0,1,0,11,15,3,1,0,1779,0
2,4,15,10,3,6,2,17,6,18,9,6,98,13,7,0,20,20,484,266,17,2,21,0,13,3,20,5,586,0,3,21,4,8,1,13,4,4,3,14,1,5,238,18,33,3,12,2
15,0,176,101,85,9,68,63,8,288,24,7,107,8,69,0,202,0,0,0,0,0,2,1,471,11,589,102,335,0,258,774,229,0,18,0,8,0,0,21,0,0,0,332,535,125,0,1
63,4,325,114,165,25,78,138,146,300,80,12,544,19,89,10,397,3,8,1,1,0,9,7,489,36,604,99,38,5,588,994,328,8,32,0,136,0,12,73,1,5,1,1117,1065,75,0,1
4,0,913,2,21,0,3,3,6,9,1,0,0,1,0,0,1996,0,2,0,2,0,0,0,1291,2,61,5,49,0,439,174,1649,0,2,0,2,0,0,3,0,0,0,6,300,4,0,0
0,0,0,0,0,0,0,0,0,0,0,0,45,0,0,0,1,2,0,163,0,0,0,0,1,0,0,0,4,0,158,0,0,0,0,0,0,699,90,0,9,0,1,2,2,1,0,3
0,0,0,0,2,0,0,0,1,2,0,0,763,0,1,3,6,74,10,1439,4,1,1,0,0,16,0,1,0,0,3,0,0,3,0,30,0,17,152,1,23,0,1441,2,1,1,8,12
0,0,0,1,1,0,0,2,37,0,0,0,4,9,0,3182,0,126,935,32,19,65,34,512,1,2598,0,0,42,2801,0,0,0,12,0,2689,27,59,21,5,18,798,15,3,1,1,57,23
35,124,147,4,846,61,6,23,9,7,120,859,1,1447,215,0,9,3,11,0,0,0,94,6,4,7,11,276,19,0,2,10,369,428,229,1,40,0,0,5,0,40,0,175,15,3,5,0
3,2,6,0,4,3,0,2,587,5,1,5,1,38,4,0,10,5,760,2,3,0,1605,12,3,10,4,5,4,13,4,6,1,15,3,2,465,0,2,7,0,153,0,22,7,0,27,0
6,4,17,17,13,11,6,6,2559,6,4,11,5,81,8,9,11,30,388,0,1,1,1115,132,9,40,13,31,77,111,4,15,5,23,7,3,2343,1,8,2,3,120,0,23,32,8,18,0
0,0,8,0,0,0,0,0,682,0,0,1,0,25,1,41,7,3,38,0,3,0,51,13,5,3,1,0,8,1,3,2,1,5,1,0,403,0,0,0,0,6,0,2,5,4,11,0
24,87,1,38,23,63,7,20,0,16,16,530,0,10,373,0,0,0,0,0,0,0,0,0,0,1,9,722,0,0,1,14,0,17,50,0,0,0,0,3,0,0,0,105,4,2,0,0
6,8,6,0,194,13,5,4,0,0,18,4,0,0,3,0,0,0,0,0,0,0,0,0,0,0,0,169,0,0,0,1,5,9,236,0,0,0,0,0,0,0,0,3,0,0,0,0
2,0,0,2,1,4,4,8,1,7,2,2,287,0,0,0,7,28,0,209,5,0,0,0,2,2,2,0,0,1,1,8,0,1,0,3,0,7,7,4,1,1,1395,4,1,0,2,1
1207,55,303,37,40,50,937,34,8,7,32,20,0,821,29,1,5,1,5,0,0,0,43,7,7,14,16,25,3,3,48,31,63,21,45,0,4,0,0,1730,0,4,1,25,26,540,2,0
0,0,0,0,0,0,0,0,0,0,0,0,2,0,0,0,0,70,0,29,0,0,0,0,0,1,0,0,0,0,0,0,0,0,0,1,0,137,2121,0,2878,0,0,2,0,0,0,2229
0,0,0,0,0,0,0,0,0,0,0,0,3,0,0,0,0,5,0,6,0,0,0,0,0,0,0,0,0,0,0,0,0,0,0,1,0,1782,410,0,25,0,0,0,0,0,1,4
0,0,0,1,1,5,1,2,0,2,0,0,1445,0,1,1,2,48,3,1422,22,0,0,1,1,22,0,2,2,0,11,2,0,1,0,14,0,227,60,12,58,0,124,3,2,1,3,37
0,0,0,1,0,0,0,0,0,0,0,0,8,0,0,19,0,396,5,68,1,1,0,3,0,2,0,0,0,113,0,0,0,0,0,21,0,7,3,1,26,11,9,2,0,0,4,40
6,7,5,11,42,10,10,8,0,5,14,55,16,3,14,0,1,0,0,0,0,0,1,0,8,1,16,25,0,0,30,44,3,6,36,0,0,0,0,4,0,1,0,111,33,6,0,0
24,0,10,8,13,2,24,6,9,9,2,57,11,69,25,0,99,0,0,0,0,0,10,0,176,6,21,106,5,0,882,299,20,52,8,0,15,0,0,21,0,0,0,157,287,20,0,0
2,0,0,1,2,1,0,2,7,1,0,1,7,195,1,8,5,528,9,8,1,0,366,84,0,3,1,2,47,57,2,1,0,23,3,17,10,1,10,5,4,496,11,11,3,2,2,3
48,13,24,0,267,5,6,1,9,0,6,30,2,146,3,0,1,0,14,0,0,0,6,0,0,3,0,20,0,0,4,7,29,1723,301,0,9,0,0,20,0,11,1,210,2,0,2,0
0,0,15,1,1,2,40,0,2,6,0,0,1,1,7,0,152,0,0,1,0,0,1,0,170,2,10,10,668,0,345,21,30,1,0,0,2,0,0,8,0,1,0,1,41,76,0,0
0,0,0,0,0,0,0,0,0,0,0,0,5,0,0,1,0,57,4,18,1,0,10,7,0,5,0,0,27,2,1,0,0,0,0,1,0,107,1188,0,1283,4,1,4,1,0,3,1037
0,0,0,0,0,0,0,0,1,0,0,0,0,0,0,0,0,2,0,0,0,0,1,2,0,0,0,0,12,1,1,0,0,0,0,0,0,90,37,0,2,0,0,0,0,0,0,1
