0.45702,0.32459,0.44951,0.42886,0.26985,0.2119,0.43636,0.32186,0.55571,0.34611,0.42724,0.26548,0.29106,0.44433,0.14651,0.75376,0.61591,0.51819,0.22137,0.30455,0.94248,0.97098,0.33984,0.69625,0.42744,0.73695,0.21264,0.23898,0.26509,0.77307,0.26134,0.27909,0.542,0.65367,0.35305,0.65342,0.59867,0.44458,0.50047,0.5661,0.64225,0.463,0.30683,0.26384,0.35643,0.59845,0.86177,0.65498
0.47684
147,780,0,50,30,534,68,117,0,26,156,85,0,0,326,0,0,0,0,0,0,0,0,0,0,0,8,445,0,0,0,0,0,0,266,0,0,0,0,7,0,0,0,6,0,13,0,0
3,16,16,1058,53,119,5,739,1,993,111,3,1,1,109,0,9,0,0,0,1,0,0,0,39,1,528,30,0,0,0,109,8,0,1,0,1,0,0,0,0,0,0,2,36,4,0,0
39,197,6,181,121,397,17,153,12,117,134,79,44,0,288,1,0,11,9,4,9,2,0,4,1,12,79,101,0,3,10,20,2,7,110,42,1,1,3,9,2,2,8,256,48,5,3,5
211,588,0,3,100,179,13,14,0,2,34,627,0,4,75,0,0,0,0,0,0,0,0,0,0,1,1,224,0,0,0,1,0,70,782,0,0,0,0,2,0,0,0,2,0,5,0,0
2,85,3,47,0,115,3,75,0,29,9,13,0,1,267,0,0,0,0,0,0,0,0,0,1,0,22,50,0,0,0,0,0,0,1,0,0,0,0,0,0,0,0,1,3,2,0,0
57,108,6,82,144,152,25,122,40,51,39,321,127,28,297,0,4,5,3,0,5,0,22,1,6,7,79,252,0,2,10,47,2,67,90,3,16,0,0,44,0,8,4,1034,61,15,0,0
22,167,23,115,542,477,9,194,0,12,734,0,2,0,14,0,0,0,0,0,0,0,0,0,1,0,13,4,0,0,0,3,13,0,37,0,0,0,0,0,0,0,0,7,0,1,0,0
0,1,0,2,8,3,0,2,0,0,0,3,27,0,0,0,11,1,10,66,2,0,0,0,6,0,1,0,0,0,2,2,0,1,3,0,0,2,0,16,1,1,111,9,0,1,3,0
2,0,1,0,0,0,1,0,56,0,0,1,3,57,0,931,0,50,895,5,9,20,117,2769,0,475,3,0,74,416,4,0,0,20,1,643,60,13,6,2,5,1539,4,0,4,3,28,7
0,0,0,0,0,0,0,0,0,0,0,0,23,0,0,0,0,1,0,33,0,0,0,0,0,0,0,0,0,0,0,0,0,0,0,0,0,580,163,1,20,0,0,0,0,0,0,1
1,0,0,3,0,1,0,2,0,0,0,0,362,0,1,1,0,25,31,393,25,1,0,4,3,0,7,9,2,0,85,2,0,3,0,3,0,52,15,9,6,2,56,14,4,2,15,7
0,0,2,3,5,2,1,24,10,6,1,2,39,32,1,8,9,240,119,603,4,16,259,126,3,8,20,0,37,27,5,5,3,3,0,93,21,1,3,0,13,80,41,57,11,3,4,9
4,0,12,2,2,1,3,0,20,0,1,0,2,28,1,8,11,5,39,3,0,0,566,193,6,56,4,2,450,2,7,13,9,4,0,0,52,3,8,12,0,38,3,3,18,197,0,0
22,23,36,491,110,120,178,328,2,635,86,4,14,2,221,0,9,0,0,0,0,0,0,0,43,0,572,163,0,0,25,287,21,0,24,0,1,0,0,10,0,0,0,86,117,220,0,0
11,31,0,0,39,7,0,0,0,0,3,612,1,36,37,0,0,0,0,0,0,0,0,0,1,1,0,49,1,0,0,0,1,62,34,0,4,0,0,1,0,1,1,14,0,0,2,0
0,0,1,4,2,1,3,5,306,0,1,1,8,1,5,0,4,2,50,0,0,0,8,7,5,3,2,3,0,2,4,5,0,8,1,2,190,0,0,5,0,2,0,25,43,0,8,0
0,0,0,0,2,0,1,0,13,0,0,1,5,0,0,5,2,51,84,5,5,4,3,5,0,22,1,0,1,7,1,0,0,36,0,457,13,2,0,10,1,13,481,9,3,0,19,1
683,13,14,57,24,20,1169,37,8,37,10,5,11,33,21,0,2,1,0,0,3,0,1,0,5,12,67,25,1,0,88,87,17,12,9,0,1,0,0,815,0,1,0,71,138,1930,0,0
0,0,172,31,107,21,6,93,1,74,77,0,2,0,2,0,171,0,0,0,0,0,0,0,320,0,305,3,0,0,21,433,292,0,7,0,0,0,0,0,0,0,0,5,137,2,0,0
0,0,0,0,0,0,0,0,1,0,0,0,4,0,0,5,0,2065,2,22,1,2,0,0,0,3,0,0,0,24,0,0,0,0,0,18,0,10,1,2,3,3,18,0,0,0,9,8
0,0,0,1,4,0,0,0,1,0,0,1,140,6,0,0,1,2,15,145,1,0,2,2,2,2,2,3,2,0,19,1,0,5,1,3,0,6,1,16,6,0,796,1,1,1,1,2
0,0,0,0,1,0,1,0,2,0,0,0,1,1,0,16,1,13,31,1,2884,4952,4,21,1,137,0,0,4,51,0,0,0,14,0,87,7,0,0,0,0,15,15,4,1,1,1914,0
2,10,22,8,4,6,1,10,6,22,8,6,131,22,6,0,19,28,524,228,24,10,22,1,14,2,15,8,535,0,9,15,8,5,0,10,9,6,15,12,2,5,183,18,34,8,24,3
17,1,166,92,82,14,77,56,4,372,24,6,165,3,77,0,221,0,1,0,0,0,1,1,402,4,594,117,307,0,246,778,233,0,15,0,6,0,0,27,0,0,0,301,537,94,0,1
64,5,300,111,178,42,67,153,138,389,62,14,609,17,122,7,398,3,11,0,3,0,10,2,467,43,683,86,26,2,571,945,329,4,15,1,86,1,9,89,0,2,0,1013,1111,55,2,0
4,0,957,1,20,1,5,2,7,3,2,2,1,2,0,0,1966,0,1,0,2,0,0,0,1299,1,53,5,36,0,456,207,1613,0,1,0,2,0,0,2,0,0,0,10,283,6,0,0
0,0,0,0,0,0,0,0,0,0,0,0,45,0,0,0,0,0,1,92,0,0,0,2,0,1,0,0,4,0,124,0,0,0,0,0,0,776,114,1,15,0,1,0,1,1,0,3
0,0,0,0,2,0,0,0,4,1,0,0,884,0,0,4,1,51,13,1416,7,5,0,0,0,12,0,1,0,0,4,0,0,4,0,18,0,22,75,6,29,1,1424,3,0,0,17,14
0,0,0,0,0,0,0,0,31,0,0,0,7,10,0,3254,0,124,883,18,18,86,38,496,1,2597,0,0,30,2630,0,0,0,10,0,2713,30,39,22,5,12,938,30,2,3,0,87,16
41,161,101,7,819,83,7,48,18,11,115,913,2,1353,154,0,9,0,22,1,0,0,115,4,6,9,12,260,7,1,2,8,307,451,258,1,46,0,1,10,0,33,0,245,15,8,2,0
6,4,11,0,7,3,1,0,593,3,2,7,3,40,2,0,11,9,771,3,2,0,1532,10,10,8,7,4,8,9,1,4,1,16,4,0,478,0,0,12,0,169,1,21,10,2,26,0
6,2,19,10,15,3,4,9,2429,5,5,16,5,73,9,13,12,37,391,2,4,0,1250,209,10,33,17,22,91,55,5,18,7,25,5,2,2251,3,1,1,3,163,0,23,38,11,24,1
0,0,10,1,0,0,0,0,621,0,0,1,0,14,0,27,6,0,62,0,0,0,67,12,6,13,0,1,12,1,7,3,2,8,0,0,424,0,0,0,0,10,0,1,9,4,12,0
26,116,1,29,28,83,7,25,1,21,11,524,0,5,367,0,0,0,0,0,0,0,1,0,0,0,13,694,0,0,2,4,0,16,41,0,0,0,0,6,0,1,0,104,5,5,0,0
7,8,2,0,199,18,5,4,0,0,28,4,0,0,3,0,0,0,0,0,0,0,0,0,0,0,1,155,0,0,0,1,1,5,238,0,0,0,0,0,0,0,0,5,0,0,0,0
4,1,0,2,0,7,1,10,0,6,4,2,199,0,0,0,4,36,3,326,15,0,0,0,7,2,3,0,0,1,0,4,0,4,0,1,0,6,13,13,0,0,1322,11,0,0,4,1
1228,61,199,57,53,89,918,49,7,16,41,16,1,872,28,1,31,1,4,0,2,0,41,2,12,18,33,35,4,3,17,42,38,18,23,0,11,0,0,1640,0,6,1,32,30,570,0,0
0,0,0,0,0,0,0,0,0,0,0,0,5,0,0,0,0,84,1,29,0,0,0,0,0,0,0,0,0,1,0,0,0,0,0,2,0,156,2149,0,2858,0,0,0,0,0,0,2185
0,0,0,0,0,0,0,0,0,0,0,0,1,0,0,0,0,8,0,3,0,0,0,0,0,1,0,0,0,0,0,0,0,0,0,1,0,1761,421,0,35,0,0,0,0,0,2,4
0,0,0,1,1,1,0,3,0,0,0,0,1205,0,1,0,1,69,7,1538,27,2,0,1,2,12,2,1,0,0,12,0,0,0,0,16,0,281,80,30,64,0,120,20,3,0,3,36
0,0,0,0,0,0,0,0,0,0,0,0,8,0,0,20,0,382,7,70,3,0,2,4,0,11,0,0,0,96,0,0,0,0,0,21,0,9,2,0,34,12,7,2,0,0,5,46
5,14,6,8,41,8,10,10,0,8,7,54,22,3,21,0,0,0,0,0,0,0,1,0,5,2,20,18,0,0,29,40,2,6,34,0,2,0,0,7,0,0,0,114,30,5,0,0
19,4,10,8,22,9,19,8,15,24,1,67,18,50,39,0,126,0,0,0,1,0,6,0,178,6,36,111,8,0,772,276,23,47,8,0,19,0,0,25,0,0,0,150,328,20,0,0
0,0,0,1,1,1,0,1,9,1,0,8,2,206,1,13,1,607,29,20,3,0,414,91,0,2,1,1,78,69,4,3,0,28,3,14,11,0,5,6,4,264,12,12,6,4,3,4
54,7,10,1,269,3,9,3,13,1,12,41,2,142,3,0,2,1,14,0,0,0,9,0,1,2,0,11,1,0,4,4,7,1810,203,0,16,0,0,34,0,10,0,220,3,1,0,0
0,0,23,0,0,0,45,0,1,4,0,0,1,3,7,1,150,0,3,4,0,0,2,1,176,2,8,11,628,0,407,19,37,0,0,0,2,0,0,10,0,0,0,1,44,26,0,0
0,0,0,0,0,0,0,0,0,0,0,0,6,0,0,1,0,71,7,20,0,0,14,8,0,2,0,0,18,0,1,0,0,0,0,1,0,131,1156,0,1333,5,2,5,1,0,4,981
0,0,0,0,0,0,0,0,1,0,0,0,2,0,0,1,0,2,0,0,0,0,1,1,0,1,0,0,4,0,0,0,0,0,0,0,0,100,31,0,4,0,0,0,1,0,0,1
