0.45367,0.32686,0.44588,0.43077,0.26639,0.21092,0.43712,0.30876,0.55093,0.36087,0.40675,0.26154,0.31075,0.44252,0.14693,0.76286,0.61764,0.51966,0.23365,0.29749,0.94186,0.97215,0.33822,0.70354,0.4275,0.73755,0.21314,0.23876,0.26824,0.76891,0.27669,0.28376,0.5395,0.63665,0.3484,0.64783,0.59576,0.44736,0.49883,0.56551,0.63994,0.46213,0.30665,0.27052,0.3639,0.58445,0.87313,0.65031
0.47772
150,757,0,57,32,537,55,123,0,26,167,88,0,0,357,0,0,0,0,0,0,0,0,0,0,0,8,409,0,0,0,0,0,0,273,0,0,0,0,4,0,0,0,8,0,13,0,0
2,16,16,1064,57,135,4,712,1,996,106,2,1,1,100,0,9,0,0,0,1,0,0,0,42,1,520,24,0,0,0,126,6,0,1,0,1,0,0,0,0,0,0,3,46,4,0,0
32,205,6,185,120,376,19,151,6,108,158,77,38,0,272,1,2,11,8,2,5,2,0,4,2,11,81,109,0,4,7,21,2,9,126,47,3,1,2,9,3,2,7,254,53,7,2,5
189,549,0,4,103,179,12,18,0,4,40,640,0,5,84,0,0,0,0,0,0,0,0,0,0,1,1,231,0,0,0,1,0,78,786,0,0,0,0,4,0,0,1,3,0,5,0,0
1,95,2,49,2,119,2,84,0,34,9,10,0,1,256,0,0,0,0,0,0,0,0,0,1,0,17,42,0,0,0,0,0,0,1,0,0,0,0,0,0,0,0,1,2,1,0,0
53,93,10,83,144,144,31,111,35,44,63,308,125,25,261,0,2,3,3,0,6,1,32,1,6,6,70,269,1,2,12,53,4,81,104,1,19,0,0,39,0,5,5,1048,60,22,1,0
21,172,19,116,531,509,6,200,0,16,711,0,2,0,13,0,0,0,0,0,0,0,0,0,2,1,13,4,0,0,0,2,14,0,32,0,0,0,0,0,0,0,0,6,0,0,0,0
1,0,0,2,7,5,0,2,0,0,0,5,34,0,0,0,7,1,13,55,3,0,1,0,5,1,1,0,0,0,3,2,0,1,2,0,0,2,1,13,2,1,117,6,0,1,1,0
2,0,1,0,0,0,1,0,61,0,0,0,2,54,0,878,1,48,906,6,9,20,117,2843,0,464,1,0,90,406,2,0,0,23,1,633,67,16,8,2,6,1507,4,0,5,4,30,6
0,0,0,0,0,0,0,0,0,0,0,0,27,0,0,0,0,0,0,35,0,0,0,0,0,0,0,0,0,0,0,0,0,0,0,0,0,586,153,0,17,0,0,0,0,0,0,4
1,0,0,4,0,1,0,2,0,1,0,0,371,1,0,2,0,27,30,387,37,1,0,1,2,0,6,11,6,1,91,3,0,3,0,4,0,50,18,4,8,1,51,2,4,2,6,7
0,0,2,4,5,1,1,19,16,6,2,1,63,30,0,7,9,223,117,595,2,12,265,127,2,8,16,0,31,26,5,4,3,4,1,106,27,1,3,2,13,81,41,45,13,1,4,15
7,0,13,2,2,2,4,1,25,0,1,0,2,28,1,5,10,6,30,3,0,0,611,169,4,61,5,2,443,3,5,18,11,5,0,0,55,3,8,13,0,38,3,3,12,174,0,0
25,21,32,481,104,122,165,329,3,604,90,6,20,1,215,0,9,0,0,0,0,0,0,0,43,0,561,168,0,0,21,326,20,0,23,0,1,0,0,6,0,0,0,91,117,246,0,0
8,30,0,0,33,5,0,2,0,0,2,597,1,41,57,0,0,0,0,0,0,0,0,0,1,1,0,49,0,0,0,0,1,61,38,0,4,0,0,1,0,1,1,13,0,0,2,0
0,0,0,3,2,1,4,5,291,1,1,1,8,1,4,0,4,2,51,0,0,0,9,7,5,3,1,3,0,2,4,6,0,7,1,3,213,0,0,4,0,2,0,26,34,0,8,0
0,0,0,0,0,0,1,0,9,0,0,1,6,2,1,5,2,50,85,5,10,2,2,6,0,24,1,0,1,8,1,0,0,38,0,469,15,2,2,8,1,11,464,9,3,0,18,1
743,13,13,53,20,17,1161,42,9,35,9,4,9,19,20,0,2,0,2,0,4,0,2,0,5,10,60,23,1,0,53,88,14,15,13,1,4,0,0,881,0,1,0,82,128,1872,0,0
0,0,172,29,97,24,5,109,1,71,75,0,2,0,5,0,161,0,0,0,0,0,0,0,336,0,323,5,0,0,23,416,283,0,7,0,0,0,0,0,0,0,0,6,131,1,0,0
0,0,0,0,0,0,0,0,0,0,0,0,5,0,0,5,0,2062,5,24,0,2,0,0,0,4,0,0,0,22,0,0,0,0,0,19,1,9,1,1,4,5,16,0,0,0,9,7
0,0,0,1,2,0,1,0,1,0,0,0,131,9,0,0,1,2,19,156,1,0,2,2,1,4,3,3,3,0,17,1,0,2,1,2,0,6,4,14,5,0,792,0,2,2,0,2
0,0,0,0,0,0,0,0,3,0,0,0,2,3,0,17,0,14,32,1,3013,4887,3,18,0,136,0,0,3,48,1,0,0,13,0,82,8,0,0,0,0,14,11,3,2,1,1865,0
3,5,23,5,2,4,2,9,6,18,10,5,106,25,8,0,17,28,507,240,25,7,25,0,17,4,20,11,532,0,7,17,5,9,0,13,10,4,15,13,2,3,208,16,40,7,23,4
17,1,161,91,82,17,71,55,8,353,25,7,159,3,74,0,228,0,0,0,0,0,1,1,398,5,591,119,325,0,237,803,215,0,14,0,7,0,0,26,0,0,0,302,544,101,0,1
63,4,307,108,166,35,72,166,139,357,69,14,614,18,91,7,407,1,19,1,4,0,13,3,470,32,675,89,26,6,518,994,332,4,20,1,106,1,12,83,1,2,0,976,1147,71,1,0
4,0,935,1,19,0,4,2,7,6,2,1,2,3,0,0,2003,0,1,0,2,0,0,0,1306,2,55,6,36,0,450,179,1605,0,1,0,4,0,0,2,0,0,0,9,297,6,0,0
0,0,0,0,0,0,0,0,0,0,0,0,40,0,0,0,0,1,2,93,0,0,0,1,0,1,0,0,5,0,106,0,0,0,0,0,0,797,110,0,18,0,1,0,1,1,0,4
1,0,0,0,2,0,0,0,3,1,0,0,852,0,0,3,0,49,15,1414,10,2,0,0,0,16,0,1,0,0,4,0,0,5,0,24,0,23,109,5,17,0,1425,3,0,0,14,20
0,0,0,0,0,0,0,0,34,0,0,0,4,11,0,3262,0,112,954,15,19,89,31,524,1,2577,0,0,33,2602,0,0,0,14,0,2706,26,33,20,4,9,929,15,3,3,0,82,18
36,150,87,4,780,86,7,45,18,8,105,895,3,1355,193,0,11,0,19,1,0,0,118,4,5,9,10,275,8,2,3,8,337,468,238,1,46,0,1,7,0,35,0,266,14,6,2,0
4,6,8,0,8,3,1,1,629,3,2,5,2,38,1,0,12,6,765,2,4,0,1522,12,8,9,4,4,4,11,2,6,2,18,3,1,467,0,0,14,0,161,1,24,11,2,25,0
4,5,22,5,18,7,3,9,2461,4,2,14,5,85,9,13,12,34,385,2,3,0,1205,205,9,30,20,21,76,64,6,18,7,29,4,3,2305,3,2,1,2,148,0,15,31,8,22,1
0,0,10,0,0,0,0,0,655,0,0,2,0,16,0,32,6,2,38,0,4,0,66,13,6,13,0,1,8,1,7,5,1,9,0,0,411,0,0,0,0,8,0,2,8,3,7,0
22,106,1,36,25,82,7,24,1,19,16,527,0,7,366,0,0,0,0,0,0,0,2,0,0,0,11,701,0,0,2,8,0,15,39,0,0,0,0,4,0,1,0,105,5,4,0,0
6,6,3,0,199,18,5,4,0,0,25,4,0,0,2,0,0,0,0,0,0,0,0,0,0,0,1,159,0,0,0,1,5,4,238,0,0,0,0,0,0,0,0,4,0,0,0,0
4,0,0,4,0,11,2,8,0,3,1,4,192,0,2,0,4,44,4,320,8,0,0,0,5,3,4,0,0,0,0,4,0,2,0,1,0,7,12,15,0,1,1339,4,0,0,3,1
1229,61,207,57,53,82,917,49,8,12,39,20,1,856,27,1,39,0,7,0,2,0,36,2,10,18,27,28,4,3,20,49,36,18,35,0,16,0,0,1653,0,5,1,30,31,561,0,0
0,0,0,0,0,0,0,0,0,0,0,0,4,0,0,0,0,87,1,31,0,0,0,0,0,1,0,0,0,0,0,0,0,0,0,2,0,132,2137,0,2849,0,0,0,0,0,0,2226
0,0,0,0,0,0,0,0,0,0,0,0,1,0,0,0,0,8,0,3,0,0,0,0,0,1,0,0,0,0,0,0,0,0,0,1,0,1755,427,0,37,0,0,0,0,0,0,4
0,0,0,2,0,3,0,2,0,0,0,0,1307,0,2,0,0,69,8,1483,23,2,0,1,1,14,2,0,0,0,12,0,0,0,0,19,0,271,76,13,61,0,124,6,3,0,1,34
0,0,0,0,0,0,0,0,0,0,0,0,6,0,0,22,0,386,9,74,1,0,0,4,0,8,0,0,0,97,0,1,0,0,0,21,0,10,2,0,24,12,9,2,0,0,5,48
5,9,6,9,40,8,11,11,0,8,5,55,25,1,19,0,1,0,0,0,0,0,1,0,5,2,23,21,0,0,26,37,2,5,36,0,2,0,0,10,0,0,0,115,30,4,0,0
20,4,10,8,16,7,23,8,13,15,3,70,19,65,37,0,121,0,0,0,0,0,7,0,180,4,30,123,9,0,775,284,22,49,8,0,19,0,0,23,0,0,0,132,325,24,0,0
3,0,0,1,1,1,1,0,7,1,0,7,4,209,1,13,1,615,27,16,2,0,407,88,0,3,1,1,71,75,4,1,0,32,1,14,13,0,6,4,4,271,9,10,6,5,3,4
53,8,8,1,256,5,9,3,14,1,10,51,2,144,4,0,4,1,14,0,0,0,6,0,2,1,0,13,0,0,4,4,10,1789,209,1,17,0,0,29,0,11,0,236,2,1,0,0
0,0,23,1,0,0,49,0,2,5,0,1,1,5,9,1,158,0,2,3,0,0,1,0,175,3,5,11,636,0,373,17,38,0,0,0,2,0,0,12,0,0,0,0,40,43,0,0
0,0,0,0,0,0,0,0,0,0,0,0,6,0,0,1,0,74,5,18,1,0,14,4,0,2,0,0,14,1,0,0,0,0,0,2,0,112,1124,0,1364,5,2,5,1,0,2,1010
0,0,0,0,0,0,0,0,1,0,0,0,2,0,0,1,0,2,0,0,0,0,1,1,0,0,0,0,5,0,0,0,0,0,0,0,0,99,31,0,5,0,0,0,1,0,0,1
