0.38568,0.17024,0.20998,0.27595,0.21483,0.24133,0.25055,0.13908,0.37152,0.17571,0.1947,0.19332,0.19988,0.32023,0.39519,0.55366,0.24506,0.28294,0.44996,0.26093,0.64637,0.86948,0.33478,0.39967,0.40907,0.41255,0.26622,0.20512,0.1965,0.72211,0.20612,0.43539,0.31422,0.36665,0.25785,0.53763,0.35422,0.26936,0.27287,0.33021,0.42121,0.3007,0.52723,0.18669,0.21045,0.40499,0.87904,0.55087
0.37478
49,287,1,474,371,481,13,10,0,1,382,0,6,0,1,0,0,0,1,0,0,0,0,0,7,0,1,262,0,0,0,0,0,2,438,0,0,0,0,3,0,0,0,116,2,156,0,0
5,269,59,1316,66,981,2,144,0,275,544,6,2,0,8,0,5,0,11,0,0,0,0,0,9,0,128,12,0,0,26,5,63,2,10,0,1,1,1,0,0,0,0,22,9,15,0,0
27,69,7,294,276,282,13,31,1,4,301,5,55,6,25,1,0,2,3,13,3,4,0,19,7,1,77,122,4,3,12,7,8,8,219,21,2,3,16,2,2,10,50,446,30,56,4,4
111,413,0,53,183,70,9,3,4,36,76,34,11,2,0,0,27,0,5,0,0,0,16,0,65,0,3,274,0,0,10,0,0,41,1351,0,41,0,0,9,0,0,0,47,0,44,0,0
6,59,0,169,47,181,1,3,0,2,130,0,0,0,1,0,1,0,0,0,0,0,0,0,2,0,3,41,0,0,1,0,0,6,45,0,3,0,0,0,0,0,0,16,5,7,0,0
42,74,22,87,255,95,78,158,9,11,126,19,215,31,95,0,13,1,9,3,4,0,17,6,34,1,126,229,8,0,29,10,25,63,291,4,63,0,5,70,1,3,25,833,125,70,1,0
7,123,49,375,730,314,2,49,0,3,340,0,61,0,0,0,2,0,0,0,0,0,0,0,2,0,0,14,1,0,1,2,87,2,28,0,0,0,0,0,0,0,0,176,2,20,0,0
0,0,0,0,1,0,1,2,0,1,1,4,3,1,2,0,0,0,11,76,0,0,0,0,0,1,0,5,0,1,5,13,1,7,3,1,0,128,9,2,2,5,4,2,1,0,2,0
8,0,1,0,0,0,2,1,95,0,0,9,2,179,1,3416,26,84,17,3,41,76,153,1693,0,1141,0,0,90,133,3,0,3,15,2,370,74,3,5,11,14,389,132,1,9,6,4,12
0,0,0,0,0,0,0,0,0,0,0,18,0,0,3,0,0,5,0,1,0,0,0,0,0,0,0,0,0,0,0,0,0,0,0,2,0,610,11,0,6,0,1,0,0,0,0,165
0,0,1,0,3,3,0,1,0,0,2,13,8,1,22,3,1,12,37,164,8,2,3,0,0,8,2,2,2,0,32,3,1,6,0,11,0,626,78,4,34,0,20,2,3,1,14,13
4,4,5,0,11,2,6,71,38,0,2,9,12,113,3,95,6,106,43,378,23,61,48,69,1,83,1,2,0,24,36,5,13,11,0,163,13,253,58,1,24,70,29,2,36,1,6,18
127,1,18,3,9,6,8,64,168,14,0,2,15,73,19,102,80,16,17,1,28,0,90,89,3,180,18,3,114,31,33,9,120,5,1,12,90,0,2,8,51,28,22,13,72,21,2,0
53,76,82,759,156,642,21,115,5,284,273,1,34,1,40,0,10,0,13,0,0,0,1,0,14,0,515,51,2,0,60,21,101,2,29,0,1,2,1,5,0,0,1,213,16,250,0,0
5,32,1,1,10,1,2,0,1,7,4,45,8,20,1,0,5,0,1,0,0,0,15,0,74,0,1,77,0,0,0,0,1,191,357,0,47,0,0,6,0,9,0,24,2,0,1,0
0,7,23,1,6,0,17,34,49,12,2,7,10,106,9,2,30,1,9,0,4,0,73,23,6,9,9,2,2,2,17,6,3,6,2,1,73,0,0,5,0,22,4,3,117,2,1,0
0,0,0,0,0,0,0,2,2,0,0,5,14,12,6,20,0,22,9,212,44,28,11,22,0,23,0,0,2,16,2,0,0,11,0,224,3,8,10,7,62,161,295,0,20,0,7,3
1162,51,75,257,41,80,254,85,18,53,35,0,56,2,125,0,12,0,0,0,3,0,2,4,2,0,144,18,16,0,60,42,13,4,6,0,10,0,0,376,0,3,1,125,215,2078,0,0
1,86,316,95,41,68,1,56,2,264,8,6,8,0,3,0,43,0,3,0,0,0,0,0,62,0,95,9,10,0,36,266,733,2,3,0,1,0,0,0,0,0,0,28,5,31,0,0
0,0,0,0,0,0,0,1,0,0,0,0,0,0,2,2,0,318,2,216,53,189,0,7,0,3,0,0,0,24,0,0,0,0,0,306,0,47,23,0,17,5,10,0,2,0,227,747
2,1,2,1,21,1,64,3,0,0,13,7,92,1,13,3,0,3,26,144,2,0,5,0,1,5,2,2,3,1,34,16,5,58,4,0,3,300,49,186,67,12,20,5,12,3,0,0
1,1,0,0,1,0,1,2,2,0,0,3,2,20,0,13,1,3,4,4,998,5316,7,20,0,16,0,0,2,166,3,1,0,4,0,31,1,2,0,3,2,116,46,0,45,0,3343,0
24,17,15,3,19,10,4,34,107,70,26,101,23,21,30,0,48,2,562,207,57,11,21,0,6,4,22,6,77,1,70,50,18,12,5,13,8,49,66,4,30,10,5,0,105,3,53,31
69,48,233,147,73,225,39,108,17,534,53,12,116,0,82,0,114,0,9,0,0,0,0,0,159,0,925,45,42,0,477,342,418,9,30,1,23,1,0,17,0,0,3,406,53,212,0,0
98,35,295,172,175,227,171,242,95,318,96,27,319,12,575,3,165,0,18,3,7,1,3,10,227,0,1075,58,221,7,640,598,597,26,27,3,61,3,9,79,2,6,61,760,431,284,1,2
17,22,509,6,8,8,8,6,110,544,0,104,13,5,20,0,633,0,3,0,0,0,0,1,767,0,169,3,281,0,687,1570,1288,8,8,0,45,1,0,4,0,1,0,62,14,25,0,0
0,0,0,0,0,0,0,0,0,0,0,22,1,0,11,0,0,19,1,2,0,0,0,0,0,3,0,0,4,0,11,0,0,0,0,1,0,870,5,0,107,0,9,0,0,0,0,115
0,1,1,0,19,0,53,6,0,1,41,16,340,1,65,0,0,7,103,928,9,2,6,2,0,4,1,2,4,5,38,52,0,72,1,7,0,1521,376,116,72,32,41,2,45,0,12,14
2,0,0,0,1,0,1,6,20,0,0,9,10,63,1,5123,0,661,15,32,90,332,35,1444,0,1321,0,0,44,1437,3,1,3,16,0,1736,20,19,18,11,39,559,997,0,16,0,22,23
123,151,31,15,453,21,31,69,48,66,63,65,18,327,4,3,44,1,16,0,3,0,258,0,105,2,5,457,50,1,8,6,214,686,1462,1,425,3,2,63,7,19,0,304,19,16,1,0
17,10,40,1,8,2,71,105,321,16,2,5,12,1019,5,43,278,3,42,0,16,0,748,94,17,68,7,7,25,8,254,6,9,42,8,0,261,3,2,13,10,94,4,14,91,1,9,0
65,22,190,3,19,16,54,106,947,21,5,14,20,1507,14,203,259,9,47,1,54,0,1230,489,15,174,31,6,106,42,105,11,119,67,17,0,961,6,4,11,13,78,7,30,224,12,2,1
8,2,17,0,1,0,10,4,333,12,0,2,2,227,1,80,184,0,2,0,8,0,133,18,12,11,2,2,16,5,4,11,4,4,0,0,167,0,0,1,0,30,0,4,17,0,0,0
28,239,22,148,72,84,7,5,1,11,108,12,19,6,1,0,18,0,0,0,0,0,1,0,63,0,24,249,0,0,1,0,1,38,617,0,39,0,0,0,0,0,0,294,7,21,0,0
6,15,6,15,111,24,2,7,0,5,15,0,0,0,1,0,6,0,1,0,0,0,1,0,2,0,0,30,0,0,0,0,21,1,344,0,9,0,0,1,0,0,0,46,0,15,0,0
0,12,0,0,11,1,5,7,0,1,33,17,13,1,8,0,0,6,92,1146,0,2,0,0,0,1,0,8,0,1,7,38,0,2,1,16,1,411,115,5,11,0,12,0,19,0,9,0
1422,127,216,349,66,178,342,102,27,16,81,0,130,101,39,0,57,0,4,0,5,0,151,7,20,5,60,27,43,0,37,44,101,16,38,1,34,1,3,529,3,1,2,225,94,1546,0,0
0,0,0,0,0,0,0,0,0,0,0,59,0,0,34,0,0,541,2,27,2,13,0,0,0,2,0,0,0,1,0,0,0,0,0,60,0,163,534,1,428,1,7,0,0,0,40,5555
0,0,0,0,0,0,0,0,0,0,0,96,0,0,32,0,0,10,0,28,1,0,0,0,0,0,0,0,2,1,2,0,0,0,0,6,0,360,22,0,32,0,12,0,1,0,1,1631
0,0,0,0,2,0,0,3,0,0,7,8,19,0,44,0,0,22,43,701,1,6,0,0,1,2,1,1,2,1,17,10,2,4,0,29,0,2059,335,1,66,0,31,0,11,0,9,101
0,0,0,0,0,0,0,0,0,1,0,0,0,0,0,12,0,284,2,55,23,51,0,0,0,12,0,0,0,34,0,0,0,0,0,69,0,50,5,0,9,8,7,0,0,0,16,103
11,16,16,15,42,18,12,8,0,12,17,2,10,1,12,0,5,0,1,0,0,0,1,0,16,0,42,28,3,0,24,9,8,2,55,0,10,0,0,5,0,0,0,103,6,22,0,0
72,99,144,7,12,37,21,39,60,155,3,2,14,42,25,0,283,0,0,0,0,0,18,2,55,1,394,28,19,0,192,184,61,12,44,0,62,0,0,7,0,0,1,84,93,181,0,0
62,9,1,1,2,1,3,16,30,1,1,8,1,225,11,115,10,327,21,27,51,19,120,216,1,113,1,3,7,42,3,2,0,6,3,114,19,22,7,19,50,149,20,1,53,6,8,16
31,47,8,2,76,2,29,31,16,193,3,214,3,556,3,0,30,0,38,1,0,0,502,0,58,4,1,141,3,0,48,3,9,398,220,3,136,0,1,12,0,27,1,53,8,12,0,0
22,1,17,0,0,4,6,0,22,152,1,63,0,23,24,0,187,0,4,0,1,0,1,0,62,0,153,2,199,1,301,263,47,3,1,0,6,10,0,5,8,7,0,0,6,14,0,0
0,0,1,0,0,0,1,1,0,0,0,54,4,1,29,14,0,977,1,18,5,1,3,1,0,4,0,0,16,2,2,0,1,1,0,21,0,93,183,0,858,4,10,0,6,0,8,1447
0,0,0,0,0,0,0,0,1,0,0,2,0,0,5,0,0,11,1,1,0,0,1,0,0,0,0,0,10,0,2,0,1,0,0,2,0,16,2,0,10,0,1,0,1,0,0,83
