0.44371,0.32659,0.39939,0.44132,0.2834,0.23024,0.45044,0.33333,0.56207,0.3838,0.37886,0.25807,0.33134,0.46503,0.1519,0.73785,0.63991,0.53021,0.24528,0.30376,0.9547,0.9788,0.36503,0.70534,0.41359,0.76789,0.20344,0.24846,0.26219,0.76569,0.29183,0.2863,0.52726,0.64108,0.34049,0.67402,0.60858,0.46403,0.49512,0.58421,0.6532,0.46192,0.30063,0.27964,0.35536,0.56414,0.88256,0.64928
0.4837
176,710,0,54,22,565,65,119,0,34,206,99,0,0,344,0,0,0,0,0,0,0,0,0,0,0,5,382,0,0,0,0,0,0,257,0,0,0,0,7,0,0,0,8,0,11,0,0
4,17,13,1083,62,139,6,779,0,1014,104,3,0,0,86,0,3,0,1,0,0,0,0,0,38,1,451,16,0,0,0,107,7,0,0,0,1,0,0,0,0,0,0,5,53,4,0,0
37,207,6,183,113,376,20,138,3,99,188,86,36,1,268,5,1,9,9,3,5,4,2,40,2,7,42,134,1,0,7,20,3,8,129,19,3,1,0,8,4,19,6,252,36,4,7,4
183,520,0,3,102,185,11,18,0,2,51,633,0,2,74,0,0,0,0,0,0,0,0,0,0,1,1,243,0,0,0,1,0,68,825,0,0,0,0,7,0,0,1,1,0,6,0,0
1,67,2,49,1,135,2,97,0,39,13,12,0,1,265,0,0,0,0,0,0,0,0,0,1,0,15,27,0,0,0,0,0,0,0,0,0,0,0,0,0,0,0,1,1,0,0,0
54,87,12,69,148,109,26,92,34,49,74,290,124,40,275,0,1,1,2,0,1,0,27,5,6,7,46,285,1,4,17,44,4,92,125,1,31,0,1,39,0,11,1,1057,67,22,5,0
20,200,24,93,526,508,7,207,0,16,699,0,1,0,16,0,0,0,0,0,0,0,0,0,2,0,14,1,0,0,0,4,15,1,32,0,0,0,0,0,0,0,0,2,0,2,0,0
1,4,0,2,2,4,2,3,0,0,1,5,56,0,0,0,10,3,9,28,1,0,2,0,2,1,1,0,0,0,1,5,0,4,0,0,0,3,0,10,1,1,129,3,0,0,1,0
2,0,1,0,0,0,0,0,45,0,0,1,3,63,0,995,2,55,794,9,9,18,112,2882,0,355,0,0,87,401,2,0,0,27,1,609,57,25,14,5,4,1595,6,1,4,4,28,8
0,0,0,0,0,0,0,0,0,0,0,0,23,0,0,0,0,1,0,39,0,0,0,0,0,0,0,0,0,0,0,0,0,0,0,0,0,605,136,0,17,0,0,0,0,0,0,1
1,0,0,3,2,1,1,3,0,0,0,0,479,0,2,1,5,25,16,294,35,0,1,2,5,7,4,7,5,0,87,3,0,3,0,3,0,43,10,3,9,1,55,3,8,4,8,7
0,0,4,3,3,0,0,50,5,4,3,0,87,27,1,4,15,254,89,527,4,8,258,128,3,9,11,1,30,39,0,7,3,3,0,92,19,0,3,1,18,100,41,59,25,1,2,18
6,0,13,13,3,1,8,0,20,0,1,0,4,22,1,3,7,5,16,1,0,0,573,186,9,23,8,5,503,1,11,14,6,6,0,0,38,1,1,9,0,41,2,4,5,218,0,0
30,19,34,480,112,121,150,341,2,603,90,7,9,1,187,0,9,0,0,0,0,0,0,0,56,1,536,140,0,0,12,300,31,0,30,0,2,0,0,5,0,0,0,112,127,303,0,0
11,23,0,0,35,4,0,0,0,0,4,600,0,48,59,0,0,0,0,0,0,0,0,0,1,1,0,50,0,0,0,0,1,56,35,0,2,0,0,1,0,0,1,15,0,0,2,0
0,1,1,1,4,0,2,4,316,2,1,2,3,0,1,0,4,1,48,0,0,0,11,17,3,1,1,3,1,2,3,9,0,4,0,3,202,0,0,3,0,1,0,32,25,0,5,0
0,0,0,0,4,0,1,0,17,0,0,1,5,1,0,5,2,47,127,3,4,6,2,5,0,24,0,0,1,8,0,0,0,45,1,387,15,1,0,14,2,14,486,9,2,0,17,7
752,10,20,38,17,11,1227,41,7,24,10,5,4,28,13,0,1,1,0,0,2,0,3,1,8,6,44,23,2,0,49,77,17,14,12,0,3,0,2,882,0,1,0,73,108,1891,1,0
0,0,177,25,89,24,3,107,1,68,69,0,2,0,2,0,125,0,1,0,0,0,0,0,334,0,367,3,0,0,26,424,294,0,4,0,0,0,0,0,0,0,0,5,130,2,0,0
0,0,0,0,0,0,0,0,0,0,0,0,10,0,0,4,0,2080,3,13,1,1,0,1,0,3,0,0,0,22,0,0,0,0,0,17,0,6,3,1,5,5,16,0,0,0,7,3
0,0,0,1,12,1,1,0,2,3,0,0,145,7,0,4,5,6,7,132,0,0,2,1,1,5,0,3,2,0,14,1,0,5,0,0,0,5,2,18,6,0,793,1,3,1,1,2
0,0,0,0,0,0,1,0,5,0,0,0,3,4,0,18,0,18,22,1,3035,4940,2,34,0,142,0,0,3,61,1,0,0,12,0,64,4,0,0,1,0,12,13,2,1,0,1781,0
2,4,15,9,1,5,2,19,6,17,9,7,91,13,9,0,18,21,481,266,17,1,21,0,12,3,24,6,585,0,4,21,3,8,1,12,5,4,3,15,1,5,245,20,31,3,13,2
16,0,177,102,83,9,69,61,8,285,24,7,104,9,68,0,205,0,0,0,0,0,2,1,469,11,577,104,333,0,250,783,229,0,19,0,9,0,0,21,0,0,0,330,548,128,0,1
59,4,325,119,161,22,79,140,147,301,83,11,549,20,87,10,397,4,7,2,3,0,9,7,489,38,591,98,37,5,593,984,330,8,32,0,143,0,13,75,1,5,1,1118,1065,72,0,1
4,0,919,2,20,0,3,2,6,8,1,0,0,1,0,0,2001,0,1,0,2,0,0,0,1290,2,62,5,50,0,438,175,1644,0,3,0,2,0,0,3,0,0,0,6,296,4,0,0
0,0,0,0,0,0,0,0,0,0,0,0,45,0,0,0,1,2,0,161,0,0,0,0,1,0,0,0,5,0,159,0,0,0,0,0,0,699,90,0,9,0,1,2,2,1,0,3
0,0,0,0,1,0,0,0,1,2,0,0,779,0,1,5,5,76,9,1431,3,1,0,0,0,17,0,1,0,0,3,0,0,3,0,31,0,16,144,1,25,0,1440,2,2,1,7,11
0,0,0,1,1,0,0,2,34,0,0,0,4,9,0,3189,0,122,935,31,21,66,34,517,1,2607,0,0,42,2781,0,0,0,11,0,2688,25,64,18,4,18,801,16,3,1,1,59,24
35,117,149,4,840,64,5,23,8,7,121,863,1,1463,216,0,9,2,11,1,0,0,90,6,4,7,10,265,18,1,3,11,371,421,233,1,37,0,0,5,0,39,0,184,13,3,5,0
3,2,6,0,5,4,0,2,596,4,1,6,1,36,4,0,10,5,761,2,3,0,1593,12,5,10,4,4,4,13,3,5,3,15,3,2,459,0,2,8,0,160,0,23,7,0,25,0
6,5,20,16,9,11,6,7,2540,6,4,12,4,84,11,9,12,30,387,0,1,1,1125,127,10,42,12,31,80,117,5,17,5,23,8,3,2340,1,10,2,1,121,0,23,31,7,15,0
0,0,8,0,0,0,0,0,679,0,0,1,0,27,1,40,7,3,36,0,3,0,52,12,5,3,1,0,7,1,3,2,2,5,1,0,408,0,0,0,0,5,0,2,6,4,10,0
24,89,1,39,22,62,7,20,0,16,16,526,0,10,372,0,0,0,0,0,0,0,0,0,0,1,9,728,0,0,1,14,0,16,49,0,0,0,0,3,0,0,0,105,4,2,0,0
7,8,6,0,194,13,5,4,0,0,19,4,0,0,3,0,0,0,0,0,0,0,0,0,0,0,0,169,0,0,0,1,5,9,234,0,0,0,0,0,0,0,0,3,0,0,0,0
2,1,0,2,2,3,4,8,1,7,1,2,282,0,3,0,8,28,0,213,5,0,0,0,2,2,2,0,0,1,1,9,0,1,0,3,0,7,7,4,0,1,1392,4,1,0,2,1
1206,55,315,36,45,51,925,34,7,7,30,21,0,817,28,1,5,1,4,0,0,0,42,7,7,14,16,26,3,4,47,32,64,21,43,0,5,0,0,1724,0,4,1,26,27,547,2,0
0,0,0,0,0,0,0,0,0,0,0,0,1,0,0,0,0,68,0,28,0,0,0,0,0,1,0,0,0,0,0,0,0,0,0,1,0,138,2130,0,2861,0,0,2,0,0,0,2240
0,0,0,0,0,0,0,0,0,0,0,0,3,0,0,0,0,5,0,6,0,0,0,0,0,0,0,0,0,0,0,0,0,0,0,1,0,1780,410,0,27,0,0,0,0,0,1,4
0,0,0,1,1,5,1,2,0,2,0,0,1441,0,0,1,1,49,4,1424,21,0,0,1,1,21,1,2,2,0,12,2,0,1,0,13,0,232,59,12,59,0,123,2,3,1,3,36
0,0,0,0,0,0,0,0,0,0,0,0,7,0,0,19,0,400,5,70,1,1,0,3,0,2,0,0,0,111,0,0,0,0,0,21,0,7,3,1,24,11,8,2,0,0,4,41
6,9,6,11,40,10,11,7,0,5,14,52,16,3,14,0,1,0,0,0,0,0,1,0,8,1,17,24,0,0,28,45,4,4,37,0,0,0,0,5,0,1,0,114,32,6,0,0
24,0,10,9,13,2,25,5,11,10,2,56,13,68,27,0,100,0,0,0,0,0,8,0,175,6,22,113,5,0,879,291,20,50,8,0,15,0,0,21,0,0,0,157,288,20,0,0
2,0,0,1,2,1,0,1,7,2,0,2,7,194,1,8,5,539,9,9,1,0,374,82,0,3,1,2,46,57,2,1,0,23,2,16,9,1,10,4,4,484,11,10,2,3,2,3
44,15,23,0,266,6,6,1,8,0,6,30,1,146,3,0,1,0,13,0,0,0,6,0,0,3,0,20,0,0,4,8,29,1729,299,0,9,0,0,21,0,11,1,210,2,0,2,0
0,0,14,2,1,2,43,0,2,6,0,0,1,1,7,0,151,0,0,1,0,0,1,0,169,2,10,9,672,0,345,20,28,1,0,0,2,0,0,8,0,1,0,1,40,76,0,0
0,0,0,0,0,0,0,0,0,0,0,0,5,0,0,1,0,60,5,16,1,0,10,7,0,5,0,0,26,2,1,0,0,0,0,1,0,107,1194,0,1282,3,1,4,1,0,3,1032
0,0,0,0,0,0,0,0,1,0,0,0,0,0,0,0,0,2,0,0,0,0,1,2,0,0,0,0,12,1,1,0,0,0,0,0,0,90,37,0,2,0,0,0,0,0,0,1
