0.44517,0.32635,0.39751,0.4382,0.28473,0.22518,0.44222,0.33275,0.55856,0.37288,0.3819,0.25739,0.3197,0.45027,0.15031,0.74014,0.639,0.51716,0.23615,0.29981,0.95352,0.97269,0.354,0.71156,0.42876,0.75997,0.20735,0.24879,0.25895,0.76704,0.29465,0.2846,0.53049,0.63231,0.34731,0.66325,0.60292,0.45462,0.50084,0.58248,0.64988,0.46572,0.30586,0.27268,0.35608,0.56393,0.87707,0.64907
0.48138
175,717,0,59,23,567,67,123,0,26,193,100,0,0,350,0,0,0,0,0,0,0,0,0,0,0,7,373,0,0,0,0,0,0,256,0,0,0,0,4,0,0,0,8,0,16,0,0
4,16,11,1053,58,150,5,767,0,1009,107,1,0,0,92,0,5,0,1,0,0,0,0,0,39,1,468,17,0,0,0,115,9,0,0,0,1,0,0,0,0,0,0,8,57,3,0,0
35,208,6,176,113,381,27,126,4,101,178,85,33,1,281,0,1,12,10,4,3,2,1,31,2,13,59,120,0,1,7,24,3,9,131,35,2,1,0,8,2,3,9,257,36,5,7,2
191,538,0,3,88,173,12,18,0,1,42,641,0,2,81,0,0,0,0,0,0,0,0,0,0,1,1,241,0,0,0,1,0,70,820,0,0,0,0,7,0,0,1,3,0,3,0,0
2,74,2,48,2,134,2,92,0,38,13,9,0,1,260,0,0,0,0,0,0,0,0,0,1,0,16,31,0,0,0,0,0,0,1,0,0,0,0,0,0,0,0,2,1,0,0,0
49,85,9,75,132,120,31,99,38,46,79,310,115,34,264,0,1,2,2,0,3,0,26,3,6,9,51,278,1,4,12,50,2,97,126,1,26,0,0,41,0,3,2,1068,55,27,4,0
21,185,25,91,541,504,8,213,0,12,692,0,2,0,17,0,0,0,0,0,0,0,0,0,2,0,14,2,0,0,0,3,17,1,35,0,0,0,0,0,0,0,0,4,0,1,0,0
0,1,1,1,6,1,1,4,0,0,0,8,60,0,0,0,9,3,12,40,2,0,2,0,1,0,0,1,0,0,1,3,0,3,2,0,0,2,1,7,0,1,119,1,0,0,2,0
2,0,2,0,0,0,0,0,46,0,0,0,1,62,0,985,1,53,831,6,12,20,95,2906,0,391,1,0,98,386,4,0,0,22,1,624,63,16,13,4,5,1535,5,0,3,3,23,5
0,0,0,0,0,0,0,0,0,0,0,0,24,0,0,0,0,1,0,40,0,0,0,0,0,0,0,0,0,0,0,0,0,0,0,0,0,614,123,0,19,0,0,0,0,0,0,1
1,0,0,2,0,1,1,1,0,0,0,0,440,0,1,1,6,31,20,326,36,1,0,1,3,4,4,5,5,2,88,3,0,5,0,2,0,45,10,3,8,1,55,1,13,4,7,9
0,0,3,4,1,0,0,24,7,4,2,3,81,22,0,8,18,257,103,570,3,11,270,120,3,8,12,0,28,34,1,8,4,1,0,89,24,1,3,0,11,90,37,43,30,0,3,18
7,0,20,3,0,1,8,0,22,0,1,0,2,24,4,4,3,7,21,2,0,0,560,171,7,39,2,2,491,0,10,15,10,5,0,0,47,0,3,4,1,38,1,4,9,240,0,0
28,23,31,484,101,138,150,329,2,619,90,7,13,3,202,0,10,0,0,0,0,0,0,0,52,1,545,143,0,0,11,299,22,0,32,0,2,0,0,9,0,0,0,100,129,275,0,0
10,25,0,0,34,4,0,1,0,0,3,600,0,43,59,0,0,0,0,0,1,0,0,0,1,1,0,54,0,0,0,0,1,60,35,0,2,0,0,1,0,0,0,13,0,0,1,0
0,1,1,4,3,0,2,4,304,1,1,0,4,1,2,0,6,2,54,0,0,0,9,17,6,1,2,2,1,1,3,7,0,5,1,4,196,0,0,4,0,1,0,32,27,0,8,0
0,0,0,0,3,0,1,0,15,0,0,1,5,2,0,7,2,54,109,2,4,5,3,8,0,25,0,0,1,9,0,0,0,34,0,434,13,2,0,11,1,14,470,11,1,0,12,4
746,10,18,52,16,15,1213,42,6,29,10,6,5,23,12,0,1,0,1,0,4,0,3,0,6,6,48,17,2,0,51,85,13,16,11,0,3,0,1,883,0,1,0,66,115,1892,0,0
0,0,177,27,86,20,5,112,1,73,66,0,1,0,2,0,132,0,1,0,0,0,0,0,326,0,348,4,0,0,22,427,300,0,6,0,0,0,0,0,0,0,0,6,136,3,1,0
0,0,0,0,0,0,0,0,1,0,0,0,6,0,0,6,0,2065,2,18,0,1,1,0,0,4,0,0,0,21,0,0,0,0,0,20,0,8,4,2,4,5,18,0,0,0,9,6
0,0,0,0,5,0,1,0,1,0,0,1,134,11,0,0,2,9,11,148,0,0,2,1,0,5,1,3,3,1,17,2,0,5,0,3,1,6,1,15,5,0,793,0,2,1,0,2
0,0,0,0,0,0,2,0,3,0,0,1,3,3,0,19,0,18,19,1,3057,4915,3,28,0,130,0,0,3,61,1,0,0,10,0,68,7,0,0,1,0,15,11,2,1,0,1798,0
4,4,15,5,3,10,2,15,6,14,7,4,103,13,10,0,18,25,487,263,14,4,24,0,17,4,23,6,571,0,6,22,5,7,3,9,7,4,10,14,2,5,225,13,33,6,14,4
18,1,171,88,82,12,69,58,9,324,28,8,126,8,68,0,199,2,1,0,0,0,1,0,434,10,613,104,321,0,220,806,228,0,14,0,7,0,0,20,0,0,0,322,558,112,0,0
60,2,332,115,165,25,83,151,123,326,79,13,581,21,91,5,399,3,16,0,3,0,6,7,479,33,626,79,35,10,538,989,329,6,25,1,148,0,14,75,1,4,0,1085,1080,79,3,0
4,0,894,2,22,0,6,4,8,6,3,0,8,1,0,0,2025,0,3,0,2,0,0,0,1312,2,53,7,47,0,446,169,1618,0,2,0,1,0,0,3,0,0,0,6,291,5,0,0
0,0,0,0,0,0,0,0,0,0,0,0,39,0,0,0,1,1,0,137,0,0,0,1,0,1,1,0,6,0,143,0,0,0,0,0,0,749,82,0,13,0,1,0,2,1,0,3
0,0,1,0,5,0,1,0,2,0,0,0,789,0,0,6,3,77,5,1432,5,1,0,0,0,17,2,0,0,0,2,0,0,5,0,35,0,22,114,2,30,0,1429,2,0,0,11,20
0,0,0,0,0,0,0,0,25,0,0,0,4,9,0,3210,0,123,921,19,16,89,37,525,1,2631,0,0,39,2690,0,0,0,12,0,2716,28,40,18,6,13,850,17,2,3,0,67,19
43,119,123,5,828,80,8,23,11,8,117,879,1,1408,192,0,8,1,19,0,0,0,109,3,2,6,12,264,18,1,4,10,360,454,228,1,37,0,0,5,0,36,1,226,9,3,4,0
4,5,12,0,3,2,0,1,608,3,0,7,1,38,4,0,11,8,767,2,3,0,1553,14,0,11,5,4,6,15,3,5,2,15,3,1,467,0,0,11,0,159,1,24,10,0,23,0
4,6,18,4,12,5,6,6,2480,8,3,14,4,91,6,13,13,30,400,0,3,0,1155,147,11,41,9,29,91,85,4,19,6,31,4,4,2355,1,3,2,4,123,0,22,33,10,21,1
0,0,7,0,0,0,0,0,677,0,0,1,0,19,0,37,5,2,36,0,2,0,54,10,4,7,0,0,9,1,4,2,2,6,0,0,422,0,0,0,0,5,0,1,5,5,11,0
22,93,1,35,23,72,8,19,1,18,17,531,0,8,369,0,0,0,0,0,0,0,1,0,0,0,7,717,0,0,1,12,0,14,48,0,0,0,0,5,0,1,0,104,5,4,0,0
5,6,2,0,187,17,4,4,0,0,21,4,0,0,4,0,0,0,0,0,0,0,0,0,0,0,1,176,0,0,0,1,5,9,233,0,0,0,0,0,0,0,0,5,0,0,0,0
2,1,0,1,2,4,3,6,1,5,4,5,296,0,0,0,5,39,1,248,9,0,0,0,2,2,0,0,0,1,2,2,0,1,0,2,0,5,11,3,1,0,1338,6,0,1,2,1
1222,58,312,43,44,58,915,42,9,8,34,21,1,829,24,1,15,2,6,0,0,0,40,2,5,8,24,25,4,5,37,36,43,20,42,0,5,0,0,1709,0,3,1,27,26,542,2,0
0,0,0,0,0,0,0,0,0,0,0,0,3,0,0,0,0,71,0,22,0,0,0,0,0,1,0,0,0,1,0,0,0,0,0,2,0,138,2090,0,2903,0,0,1,0,0,0,2238
0,0,0,0,0,0,0,0,0,0,0,0,2,0,0,0,0,6,0,2,0,0,0,0,0,0,0,0,0,0,0,0,0,0,0,1,0,1768,425,0,27,0,1,0,0,0,1,4
0,0,0,2,0,5,1,4,0,3,0,0,1384,0,0,0,2,56,4,1449,23,3,0,1,0,20,1,1,1,0,12,1,0,0,0,10,0,255,59,10,55,0,118,4,2,1,3,49
0,0,0,0,0,0,0,0,0,0,0,0,8,0,0,22,0,394,4,68,1,1,0,3,0,6,0,0,0,105,0,0,0,0,0,19,0,7,4,0,28,15,8,1,0,0,3,44
6,6,7,11,36,9,11,9,0,8,12,57,20,1,20,0,1,0,0,0,0,0,1,0,4,1,23,22,0,0,25,42,4,6,36,0,1,0,0,6,0,0,0,105,34,8,0,0
22,0,11,7,12,2,26,6,10,9,3,60,15,74,31,0,112,0,0,0,0,0,9,0,180,5,28,127,7,0,848,288,17,50,8,0,15,0,0,20,0,0,0,148,277,26,0,0
1,0,1,1,3,0,1,0,7,1,0,4,9,225,0,10,4,563,14,11,0,0,395,77,0,6,1,2,59,72,1,1,0,26,1,13,12,1,6,4,4,369,10,9,8,3,7,1
57,13,21,0,268,6,6,2,9,1,7,34,1,149,1,0,2,2,14,0,0,0,12,0,0,1,1,14,1,0,2,9,19,1730,257,1,12,0,0,25,0,12,0,231,2,1,0,0
0,0,15,2,1,2,57,0,3,5,0,0,0,1,8,1,149,0,1,3,0,0,2,0,154,2,10,12,658,0,352,19,31,1,0,0,2,0,0,10,0,1,0,1,38,75,0,0
0,0,0,0,0,0,0,0,0,0,0,0,4,0,0,1,0,73,4,20,0,0,12,6,0,8,0,0,23,1,0,0,0,0,0,0,0,113,1142,0,1327,6,1,5,2,0,3,1016
0,0,0,0,0,0,0,0,1,0,0,0,1,0,0,1,0,1,0,0,0,0,1,2,0,0,0,0,12,0,0,0,0,0,0,0,0,91,36,0,3,0,0,0,0,0,0,1
