0.46889,0.33702,0.49738,0.41028,0.26785,0.19976,0.42667,0.36244,0.53612,0.31186,0.42433,0.27534,0.25398,0.43009,0.14169,0.74656,0.61125,0.50415,0.21197,0.32757,0.95396,0.96843,0.33668,0.69737,0.42457,0.7273,0.21406,0.24417,0.27845,0.80748,0.25388,0.27103,0.52839,0.65434,0.34196,0.65999,0.60647,0.43511,0.5092,0.57771,0.6292,0.46072,0.31198,0.26455,0.38308,0.62439,0.84829,0.65432
0.47631
165,793,0,66,43,509,69,107,0,19,136,86,0,0,318,0,0,0,0,0,0,0,0,0,0,0,9,450,0,0,0,0,0,0,266,0,0,0,0,5,0,0,0,5,0,18,0,0
2,19,20,1022,69,135,7,801,1,944,130,2,0,0,136,0,6,0,0,0,2,0,0,0,32,0,523,26,0,0,1,68,8,0,1,0,0,0,0,0,0,0,0,5,33,4,0,0
39,184,4,188,126,358,14,148,14,101,127,80,52,2,312,1,0,9,16,4,13,3,0,7,3,11,77,124,0,1,9,17,2,3,127,33,0,1,0,10,4,2,9,263,45,7,3,2
177,555,0,5,96,164,11,12,0,4,26,634,0,4,83,0,0,0,0,0,0,0,0,0,0,0,0,247,0,0,0,1,0,55,846,0,0,0,0,3,0,0,1,1,0,13,0,0
2,76,1,43,0,101,0,67,0,24,6,16,0,1,302,0,0,0,0,0,0,0,0,0,1,0,21,57,0,0,0,0,0,0,1,0,0,0,0,0,0,0,0,1,3,6,0,0
64,106,9,83,160,155,22,97,46,61,40,348,117,30,273,0,2,11,6,0,2,0,12,1,11,12,65,274,1,0,13,45,4,39,98,0,15,0,0,51,0,9,4,1000,73,25,2,0
28,153,23,112,599,447,2,186,0,13,715,1,3,0,19,0,0,0,0,0,0,0,0,0,1,1,13,5,0,0,0,2,16,0,39,0,0,0,0,0,0,0,0,10,0,2,0,0
0,0,0,1,5,7,0,1,0,0,0,4,40,0,0,0,1,2,11,76,1,0,0,0,8,0,1,0,0,0,2,5,0,4,1,0,1,2,4,12,0,1,100,3,0,0,2,0
2,0,0,0,0,0,1,0,55,0,0,0,2,49,0,979,1,62,868,6,4,26,102,2869,0,501,0,1,64,318,3,0,1,35,0,614,46,28,3,3,11,1513,4,0,5,4,39,5
0,0,0,0,0,0,0,0,0,0,0,0,29,0,0,0,0,1,0,47,0,0,0,0,0,0,0,0,0,0,0,0,0,0,0,0,0,571,150,0,21,0,0,0,0,0,0,3
0,0,0,1,0,0,0,1,0,1,0,0,355,1,5,1,2,26,31,413,13,1,1,3,2,1,6,14,2,1,55,1,0,1,0,2,0,78,19,1,9,0,65,2,5,1,19,7
0,0,2,1,7,3,0,14,6,3,0,0,70,23,0,5,11,247,137,600,2,17,230,147,2,9,16,1,21,25,0,6,5,5,1,68,28,3,2,2,13,120,40,36,9,1,11,10
21,0,6,4,1,6,7,1,15,0,2,1,1,34,0,10,11,6,42,2,0,0,603,198,4,82,8,5,380,0,5,8,34,4,0,0,62,8,0,10,0,52,1,3,16,134,1,0
25,21,35,459,121,132,167,336,2,642,97,6,25,2,224,0,13,0,0,0,0,0,1,0,39,0,604,166,0,0,63,251,29,0,19,0,0,0,0,9,0,0,0,98,87,176,1,0
9,20,0,0,41,5,0,0,0,0,2,624,1,36,44,0,0,0,0,0,0,0,0,0,1,1,0,45,1,0,0,0,1,60,42,0,4,0,0,2,0,0,1,7,0,0,2,0
1,0,1,5,2,0,4,5,288,3,1,0,7,1,4,0,7,4,73,0,0,0,14,6,10,2,1,3,0,1,2,4,1,7,2,3,170,0,0,7,0,1,0,25,41,0,11,0
0,0,0,0,1,0,1,0,12,0,0,1,3,1,0,7,2,50,62,2,4,7,2,6,0,21,0,0,1,13,0,0,0,20,0,496,9,2,0,11,0,16,482,6,3,0,19,3
621,16,14,80,26,34,1120,32,10,41,11,9,13,30,24,0,1,1,1,0,5,0,1,1,8,7,78,25,1,0,166,95,17,8,12,0,0,0,0,784,0,1,0,72,137,1925,1,0
0,0,189,43,119,21,9,93,1,80,104,0,3,0,9,0,172,0,0,0,0,0,0,1,303,0,273,2,1,0,19,412,306,0,7,0,1,0,0,1,0,0,0,2,110,1,0,0
0,0,0,0,0,0,0,0,1,0,0,0,6,0,0,6,0,2064,4,12,1,2,0,1,0,2,0,0,0,23,0,0,0,0,0,13,0,10,3,1,1,5,25,0,0,0,9,12
1,0,0,0,15,0,1,0,1,0,0,1,134,1,0,0,0,2,18,152,0,0,2,2,2,8,4,2,2,0,14,2,0,1,2,2,0,7,5,10,4,0,786,3,1,2,3,2
0,0,0,0,1,0,1,0,7,0,0,0,2,2,0,17,1,10,32,1,2756,4939,3,15,0,114,0,0,4,62,0,0,0,11,0,68,6,0,0,0,0,16,27,3,2,0,2080,0
1,5,22,2,6,3,2,12,6,25,9,5,129,19,6,0,27,49,526,176,17,4,35,1,18,7,21,8,542,0,20,10,9,8,3,16,8,13,12,10,2,6,169,15,23,12,37,4
14,1,152,89,107,23,66,57,7,455,27,10,155,5,88,0,225,0,1,0,0,0,0,1,396,2,631,99,311,0,244,734,249,0,14,0,7,0,1,24,0,0,0,307,468,72,0,0
58,5,288,126,191,47,80,120,151,492,76,19,605,18,93,9,357,4,14,1,3,0,12,2,474,42,691,75,31,4,531,870,384,5,17,0,67,1,3,85,1,2,1,991,1150,44,5,0
3,0,1045,2,31,1,5,2,6,4,4,0,1,1,1,0,1912,0,2,0,1,0,0,0,1303,0,48,3,49,0,443,247,1582,0,2,0,8,0,0,2,0,0,0,8,230,3,1,0
0,0,0,0,0,0,0,0,0,0,0,0,57,0,0,0,0,2,1,81,0,0,0,1,0,0,0,0,4,0,46,1,0,0,0,0,0,799,157,0,25,0,2,0,1,0,0,4
1,0,0,0,3,0,0,0,2,0,0,0,892,0,0,2,1,35,11,1412,5,8,0,0,1,14,1,1,1,0,7,0,0,4,1,20,0,32,57,3,24,1,1432,2,0,0,21,24
0,0,0,0,0,0,0,0,28,0,0,0,3,7,0,3361,0,133,793,14,18,90,37,488,1,2603,0,0,28,2785,0,0,0,13,0,2702,29,39,16,4,17,767,33,1,2,1,94,23
44,147,96,7,889,97,8,15,11,9,86,997,4,1258,132,0,7,3,24,0,0,0,117,6,8,8,6,214,11,1,6,6,186,478,361,1,59,0,1,16,0,26,0,295,11,12,3,0
4,6,2,0,6,3,1,1,548,3,0,8,0,42,3,0,13,13,829,4,1,0,1577,14,11,12,2,7,6,5,1,8,2,21,2,1,422,0,0,12,0,166,0,19,13,2,21,0
7,5,21,11,18,12,4,7,2219,6,4,17,6,95,8,20,15,53,439,2,2,0,1468,182,9,42,8,19,60,54,5,11,24,32,5,4,2156,4,2,1,3,162,0,21,58,11,25,0
0,0,5,0,1,0,0,0,646,0,0,1,0,18,0,36,6,0,45,0,0,0,76,8,6,10,0,1,12,1,5,4,6,6,2,0,398,0,0,0,0,12,0,1,9,3,16,0
13,120,1,35,24,85,4,23,1,21,10,540,0,10,364,0,0,0,0,0,0,0,0,0,0,1,11,701,0,0,4,3,0,10,50,0,0,0,0,3,0,1,0,90,8,3,0,0
13,10,2,1,204,28,4,3,0,0,23,4,0,1,5,0,0,0,0,0,0,0,0,0,0,0,0,122,0,0,0,1,0,5,249,0,0,0,0,0,0,0,0,7,0,2,0,0
1,3,0,2,4,15,0,6,0,1,0,6,214,0,9,0,2,50,10,372,10,0,0,0,15,1,4,0,0,0,1,5,0,2,0,0,0,7,7,11,2,1,1242,4,1,0,3,1
1221,77,124,83,58,110,935,45,11,17,38,20,1,863,30,0,16,1,10,0,3,0,40,4,17,24,30,26,1,3,27,52,55,24,29,0,4,0,0,1617,0,9,0,28,39,557,1,0
0,0,0,0,0,0,0,0,0,0,0,0,6,0,0,0,0,106,0,28,0,0,0,0,0,1,0,0,0,0,0,0,0,0,0,1,0,166,2159,0,2844,0,1,0,0,0,2,2156
0,0,0,0,0,0,0,0,0,0,0,0,1,0,0,0,0,9,1,1,0,0,0,0,0,1,0,0,0,0,0,0,0,0,0,1,0,1777,415,0,25,0,2,0,0,0,0,4
0,0,0,1,0,2,0,1,0,0,0,0,1022,0,2,0,1,82,11,1706,22,1,0,1,1,12,1,2,0,0,6,2,0,0,0,14,0,279,86,13,68,0,140,7,2,0,8,46
0,0,0,0,0,0,0,0,0,0,0,0,7,0,0,23,0,397,8,67,1,2,2,4,0,9,0,0,0,93,0,0,0,0,0,18,0,12,5,0,26,10,9,1,0,0,5,42
2,14,4,10,46,17,11,8,0,13,5,53,23,2,22,0,0,0,0,0,0,0,0,0,6,2,21,19,0,0,31,33,4,4,38,0,3,0,0,8,0,0,0,104,27,2,0,0
12,6,8,8,25,19,26,7,23,36,2,79,18,41,40,0,138,0,0,0,0,0,1,0,193,4,41,115,8,0,737,284,24,46,9,0,17,0,0,27,0,0,0,97,340,21,1,0
2,1,0,0,0,1,0,0,7,1,0,7,8,184,2,22,4,586,24,17,3,0,326,134,1,3,1,2,49,59,5,2,1,33,2,16,13,1,3,3,5,369,10,9,14,5,4,4
51,10,7,1,273,8,8,2,11,1,4,41,2,143,2,0,1,1,23,0,0,0,9,0,2,2,3,5,0,0,5,2,6,1787,226,1,18,0,0,30,0,10,1,222,4,1,0,0
0,0,20,0,1,0,35,0,2,7,0,1,1,1,9,1,173,0,1,0,0,0,1,3,180,1,9,5,624,0,426,18,38,0,0,0,4,4,0,8,0,0,0,1,30,12,0,0
0,0,0,0,0,0,0,0,0,0,0,0,5,0,0,1,0,74,20,12,0,0,11,8,0,5,0,0,21,0,1,0,0,0,0,0,0,143,1096,0,1408,6,3,5,2,1,2,943
0,0,0,0,0,0,0,0,1,0,0,0,1,0,0,1,0,1,1,0,0,0,1,0,0,1,0,0,5,0,0,0,0,0,0,0,0,97,34,0,7,0,0,0,0,0,0,0
