0.45519,0.32187,0.45291,0.42599,0.27048,0.2154,0.43545,0.31689,0.55449,0.35376,0.41691,0.26484,0.29976,0.44141,0.14434,0.75863,0.61462,0.51998,0.2267,0.30182,0.94317,0.97117,0.33999,0.69612,0.43107,0.7426,0.21086,0.24128,0.265,0.77437,0.26931,0.27887,0.53638,0.6435,0.3527,0.64928,0.59735,0.44848,0.50221,0.56753,0.63828,0.4621,0.30626,0.26567,0.36119,0.5908,0.86826,0.651
0.47729
145,758,0,54,33,554,59,120,0,24,161,87,0,0,349,0,0,0,0,0,0,0,0,0,0,0,8,419,0,0,0,0,0,0,269,0,0,0,0,5,0,0,0,7,0,12,0,0
2,13,16,1059,51,126,4,726,1,993,117,4,1,1,100,0,9,0,0,0,1,0,0,0,38,1,522,27,0,0,0,123,8,0,1,0,1,0,0,0,0,0,0,3,45,4,0,0
39,198,7,188,122,391,19,150,7,108,146,78,38,0,283,1,1,11,9,3,7,2,0,4,1,11,80,104,0,3,8,19,2,9,120,46,3,1,2,9,3,2,7,248,53,4,2,6
200,583,0,5,104,179,12,14,0,2,37,631,0,3,76,0,0,0,0,0,0,0,0,0,0,1,1,225,0,0,0,1,0,76,777,0,0,0,0,2,0,0,0,4,0,5,0,0
2,89,3,49,2,119,3,77,0,32,7,14,0,1,256,0,0,0,0,0,0,0,0,0,1,0,20,48,0,0,0,0,0,0,1,0,0,0,0,0,0,0,0,1,2,2,0,0
52,102,7,86,140,149,25,123,36,51,44,308,130,31,289,0,2,6,2,0,6,1,21,1,5,8,74,257,1,2,12,45,3,78,99,2,18,0,0,44,0,9,4,1034,60,18,1,0
22,161,20,117,529,504,8,196,0,15,720,0,2,0,16,0,0,0,0,0,0,0,0,0,1,1,14,4,0,0,0,2,15,0,34,0,0,0,0,0,0,0,0,8,0,1,0,0
0,1,0,1,7,3,0,2,0,0,0,5,35,0,0,0,11,0,11,57,2,0,1,0,2,1,0,0,0,0,1,2,0,2,1,0,0,3,1,15,1,1,117,9,0,1,2,0
2,0,1,0,0,0,1,0,57,0,0,0,2,53,0,903,0,49,907,8,7,20,122,2797,0,456,3,0,80,421,2,0,0,23,0,639,64,16,8,2,5,1524,4,0,5,3,32,8
0,0,0,0,0,0,0,0,0,0,0,0,24,0,0,0,0,1,0,36,0,0,0,0,0,0,0,0,0,0,0,0,0,0,0,0,0,583,156,0,20,0,0,0,0,0,0,2
1,0,0,4,0,1,0,1,0,1,0,0,363,0,1,2,0,30,33,398,25,2,0,2,2,0,7,6,3,0,90,2,0,3,0,3,0,48,15,7,7,1,55,9,4,2,11,7
0,0,2,4,6,2,1,20,10,5,2,1,52,32,1,8,10,227,116,605,5,11,267,127,2,6,16,0,30,24,4,4,3,3,0,106,26,1,3,1,14,81,43,52,11,2,3,10
4,0,11,1,1,2,3,0,20,0,1,0,2,31,0,6,12,5,35,2,0,0,590,182,5,51,5,2,452,3,3,18,12,3,0,0,56,3,7,11,0,39,3,2,14,191,0,0
21,22,33,491,105,120,176,333,2,617,87,5,16,1,220,0,9,0,0,0,0,0,0,0,44,0,563,168,0,0,24,309,20,0,24,0,1,0,0,8,0,0,0,86,117,228,0,0
11,29,0,0,34,8,0,0,0,0,3,610,0,38,51,0,0,0,0,0,0,0,0,0,1,1,0,44,0,0,0,0,1,62,33,0,5,0,0,1,0,1,1,13,0,0,2,0
0,0,0,4,2,1,4,5,294,1,1,1,8,1,4,0,4,2,50,0,0,0,5,7,5,3,2,3,0,2,4,6,0,7,1,3,205,0,0,5,0,2,1,24,43,0,7,0
0,0,0,0,0,0,1,0,11,0,0,1,6,2,0,5,2,50,84,5,7,4,2,5,0,24,0,0,1,8,1,0,0,31,0,468,13,2,0,11,1,13,475,9,2,0,18,1
715,12,15,59,24,18,1167,39,9,36,8,5,9,28,21,0,2,0,1,0,3,0,2,0,6,7,66,24,1,0,67,80,15,13,11,1,2,0,0,837,0,1,0,77,134,1913,0,0
0,0,173,28,104,21,5,95,1,74,76,0,2,0,5,0,168,0,0,0,0,0,0,0,326,0,315,4,0,0,25,421,286,0,7,0,0,0,0,0,0,0,0,6,138,2,0,0
0,0,0,0,0,0,0,0,1,0,0,0,5,0,0,5,0,2069,3,22,0,2,0,0,0,2,0,0,0,20,0,0,0,0,0,19,0,9,1,1,4,4,17,0,0,0,10,7
1,0,0,1,5,0,0,0,1,0,0,3,132,6,0,0,1,1,16,155,1,0,2,2,2,4,3,2,3,0,18,1,0,3,1,2,0,3,3,15,6,0,790,1,2,2,1,3
0,0,0,0,1,0,1,0,4,0,0,0,3,1,0,16,1,16,29,1,2954,4919,2,19,0,140,0,0,3,48,0,0,0,12,0,85,8,0,0,0,0,14,12,3,2,1,1885,0
2,9,24,7,3,5,2,9,6,21,8,5,113,21,7,0,15,28,518,236,24,7,22,0,16,3,18,8,534,0,10,18,6,6,0,12,10,5,13,11,2,4,199,16,41,9,23,4
18,1,158,95,75,16,78,55,6,358,21,6,167,3,80,0,227,0,0,0,0,0,1,1,397,5,586,119,321,0,249,788,224,0,15,0,6,0,0,25,0,0,0,301,538,101,0,1
59,4,304,108,169,37,75,160,129,376,64,14,629,16,107,8,403,2,14,1,4,0,12,3,455,37,668,83,28,6,552,954,333,4,19,1,100,1,10,91,0,2,0,997,1141,63,2,0
4,0,957,1,20,0,6,3,8,4,2,1,1,1,0,0,1976,0,1,0,2,0,0,0,1307,2,50,5,34,0,456,190,1607,0,1,0,2,0,0,2,0,0,0,9,291,7,0,0
0,0,0,0,0,0,0,0,0,0,0,0,44,0,0,0,0,2,2,98,0,0,0,2,0,1,0,0,2,0,125,0,0,0,0,0,0,766,116,0,17,0,1,0,1,1,0,3
1,0,0,0,2,0,0,0,4,1,0,0,861,0,0,4,0,49,14,1422,10,4,0,0,0,12,0,1,0,0,3,0,0,3,0,19,0,22,94,6,22,1,1429,3,0,0,13,18
0,0,0,0,0,0,0,0,33,0,0,0,3,12,0,3253,0,120,922,12,18,91,32,512,1,2585,0,0,31,2622,0,1,0,11,0,2714,26,37,24,5,11,926,19,4,3,0,85,17
42,160,92,6,799,90,7,47,18,8,111,910,2,1341,169,0,11,0,21,1,0,0,119,5,5,7,11,266,8,3,1,8,326,466,236,0,46,0,1,9,0,35,0,250,18,9,2,0
3,5,13,0,7,3,1,2,612,3,2,6,3,38,2,0,11,6,761,2,4,0,1532,10,10,8,6,5,7,8,1,6,2,15,4,1,475,0,0,13,0,166,1,22,6,3,26,0
3,4,19,8,15,5,3,7,2427,4,5,16,4,83,8,11,13,34,387,2,3,0,1217,214,8,33,20,21,86,54,6,20,7,30,4,2,2298,3,3,1,3,160,0,20,34,9,22,1
0,0,10,1,0,0,0,0,635,0,0,1,0,17,0,30,7,0,52,0,4,0,69,15,6,13,0,1,9,1,6,4,2,7,1,0,412,0,0,0,0,10,0,1,8,4,8,0
23,111,1,32,26,84,8,25,1,20,15,524,0,7,362,0,0,0,0,0,0,0,2,0,0,0,10,699,0,0,2,7,0,16,38,0,0,0,0,5,0,1,0,107,5,5,0,0
7,7,2,0,195,17,5,5,0,0,27,4,0,0,2,0,0,0,0,0,0,0,0,0,0,0,1,160,0,0,0,1,5,5,236,0,0,0,0,0,0,0,0,5,0,0,0,0
4,0,0,3,0,9,0,10,1,7,1,4,181,0,1,0,5,38,3,326,12,0,0,0,6,2,3,0,0,0,0,4,0,1,0,1,0,6,12,17,0,1,1338,11,1,0,3,1
1224,61,196,56,54,85,919,44,7,14,42,16,2,864,26,1,35,0,5,0,3,0,38,3,10,17,29,30,4,3,18,44,43,16,25,0,13,0,0,1664,0,4,1,31,30,573,0,0
0,0,0,0,0,0,0,0,0,0,0,0,5,0,0,0,0,89,1,33,0,0,0,0,0,1,0,0,0,0,0,0,0,0,0,2,0,146,2157,0,2848,0,0,0,0,0,0,2188
0,0,0,0,0,0,0,0,0,0,0,0,1,0,0,0,0,7,0,3,0,0,0,0,0,1,0,0,0,0,0,0,0,0,0,1,0,1754,432,0,35,0,0,0,0,0,0,3
0,0,0,2,0,2,0,2,0,0,0,0,1247,0,2,0,1,64,8,1529,25,2,0,1,1,12,2,1,0,0,12,0,0,0,0,16,0,274,74,24,56,0,126,16,4,0,1,35
0,0,0,0,0,0,0,0,0,0,0,0,5,0,0,21,0,388,9,70,2,0,2,4,0,9,0,0,0,95,0,1,0,0,0,20,0,11,2,0,26,13,9,1,0,0,5,48
5,12,5,8,41,8,11,9,0,8,7,55,24,2,21,0,0,0,0,0,0,0,1,0,5,2,21,20,0,0,29,39,3,6,34,0,2,0,0,9,0,0,0,110,30,5,0,0
19,5,10,7,19,8,21,8,12,17,2,67,24,54,36,0,120,0,0,0,0,0,7,0,175,5,35,116,10,0,781,280,22,53,8,0,20,0,0,27,0,0,0,143,322,20,0,0
2,1,0,1,1,1,0,1,9,1,0,6,3,205,1,11,2,608,29,17,3,0,415,93,0,3,1,1,74,62,5,1,0,31,2,15,14,0,8,4,3,267,12,12,6,5,3,4
56,7,10,0,258,4,8,3,13,1,10,48,1,142,3,0,3,1,15,0,0,0,7,0,1,1,0,13,0,0,3,6,11,1796,201,1,19,0,0,33,0,11,0,232,3,1,1,0
0,0,24,0,0,0,47,0,1,5,0,0,1,3,9,1,154,0,2,3,0,0,2,1,188,2,8,11,627,0,381,16,40,0,0,0,2,0,0,12,0,0,0,1,43,32,0,0
0,0,0,0,0,0,0,0,0,0,0,0,7,0,0,1,0,74,7,19,0,0,13,7,0,2,0,0,12,1,1,0,0,0,0,1,0,118,1124,0,1372,5,2,4,1,0,3,993
0,0,0,0,0,0,0,0,1,0,0,0,2,0,0,1,0,2,0,0,0,0,1,1,0,1,0,0,5,0,0,0,0,0,0,0,0,99,29,0,6,0,0,0,1,0,0,1
