0.42386,0.31912,0.51684,0.39913,0.27454,0.20205,0.41617,0.41132,0.57417,0.20227,0.29989,0.28641,0.23292,0.36112,0.13366,0.73371,0.54688,0.52415,0.23691,0.36568,0.92802,0.96961,0.31964,0.6875,0.49357,0.72295,0.23348,0.25046,0.3,0.8079,0.26065,0.25675,0.41386,0.60703,0.29925,0.64197,0.60419,0.41355,0.66779,0.55344,0.50995,0.41128,0.32758,0.27912,0.37158,0.55991,0.86294,0.67254
0.46735
149,823,0,75,65,493,77,92,0,2,156,84,0,0,267,0,0,0,0,0,0,0,0,0,0,0,3,394,0,0,0,0,0,0,344,0,1,0,0,4,0,0,0,10,0,25,0,0
5,23,28,914,56,206,9,879,1,575,477,2,4,0,165,0,8,0,1,0,1,0,0,0,19,0,513,19,2,0,1,15,26,0,2,0,0,0,0,0,0,0,0,8,32,6,0,0
42,202,7,139,119,317,14,112,0,57,149,82,71,2,283,2,1,4,11,3,9,2,0,3,2,5,51,133,1,2,13,5,4,6,193,50,0,1,5,7,1,2,18,327,82,7,7,2
131,558,0,5,86,125,16,5,0,0,28,592,0,10,64,0,0,0,0,0,0,0,0,0,0,0,0,236,0,0,0,0,0,141,922,0,0,0,0,5,0,0,0,6,0,8,0,0
4,99,0,33,1,99,3,78,0,10,26,24,0,1,295,0,0,0,0,0,0,0,0,0,0,0,9,39,0,0,0,0,0,0,1,0,0,0,0,0,0,0,0,1,2,4,0,0
69,113,9,51,85,81,20,51,13,38,26,344,205,30,210,0,4,3,1,0,5,0,14,2,6,11,52,283,0,0,11,20,18,58,159,2,15,0,0,49,0,17,6,1071,219,11,4,0
15,166,50,132,728,398,10,177,0,4,559,1,10,0,10,0,0,0,0,0,0,0,0,0,0,1,7,4,0,0,0,0,41,0,58,0,0,0,0,1,0,0,0,17,0,1,0,0
0,0,0,0,4,5,0,1,0,0,0,3,75,0,0,0,1,0,13,73,1,1,0,0,1,0,0,0,0,0,4,7,1,5,0,1,0,3,1,9,0,2,57,26,0,0,1,0
3,0,0,0,0,0,1,0,102,0,0,2,4,45,0,1041,4,82,700,3,11,24,110,2981,0,523,0,0,43,352,2,1,3,27,1,623,62,12,2,3,11,1407,4,0,1,3,26,5
0,0,0,0,0,0,0,0,0,0,0,0,15,0,0,0,0,1,0,56,0,0,0,0,0,0,0,0,0,0,0,0,0,0,0,0,0,626,93,0,25,0,2,0,0,0,0,4
0,0,0,1,0,1,0,1,0,2,0,0,375,0,3,1,2,16,22,441,13,2,1,5,0,2,3,9,7,0,10,2,0,2,0,3,0,52,10,1,5,0,113,24,0,1,13,3
0,1,1,1,2,3,1,6,7,1,0,0,80,22,0,5,8,178,163,523,3,19,222,158,1,11,3,0,7,19,3,2,9,2,0,131,29,2,2,0,12,129,63,90,19,1,2,18
29,0,3,2,1,5,9,0,26,6,0,1,7,46,1,9,8,25,31,1,1,0,709,240,5,105,7,3,217,2,4,10,47,6,1,1,61,3,0,28,5,32,3,5,37,41,5,0
16,26,34,393,120,174,171,317,1,607,170,8,72,2,271,0,15,0,1,0,0,0,1,0,28,1,636,163,5,0,44,78,53,0,29,0,0,0,0,6,0,0,0,113,88,207,0,0
7,34,1,0,36,1,2,0,0,0,0,627,3,26,25,0,0,0,1,0,0,0,0,0,1,0,0,47,0,0,0,0,1,79,33,0,2,0,0,3,0,1,0,13,2,0,4,0
0,0,0,1,1,0,3,3,125,6,1,1,7,2,3,0,11,2,96,0,0,0,24,7,7,1,1,1,1,1,4,2,1,9,3,2,164,0,0,6,0,3,1,24,179,1,13,0
0,0,0,0,0,0,1,0,10,0,0,1,3,2,0,7,1,48,73,2,9,7,1,6,0,19,0,0,1,7,1,1,0,68,0,486,6,0,2,6,0,20,439,7,6,0,22,1
987,10,10,85,22,43,1045,44,1,43,6,6,47,55,29,0,3,0,0,0,8,0,1,2,5,6,75,22,3,0,219,48,23,10,25,0,0,0,0,831,0,0,1,80,161,1472,0,0
0,0,293,60,111,14,4,95,0,249,50,1,22,0,8,0,180,0,0,0,0,0,0,0,173,0,179,3,2,0,23,339,417,0,7,0,1,0,0,2,0,0,0,3,42,4,0,0
0,0,0,0,0,0,0,0,0,0,0,0,5,0,0,5,0,2040,3,20,3,3,0,1,0,4,0,0,0,13,0,0,0,0,0,23,0,10,6,1,3,5,39,1,0,0,5,11
0,0,0,0,6,0,1,0,0,0,0,6,202,3,0,1,0,3,29,113,1,0,1,1,2,7,0,6,2,0,7,1,4,5,0,1,0,5,4,10,1,0,762,5,2,1,0,0
0,0,0,0,0,0,0,0,2,0,0,0,4,2,0,24,0,8,27,0,2746,5136,4,14,0,103,0,0,5,73,0,0,0,10,0,93,6,2,0,0,0,20,25,4,2,0,1870,0
3,8,26,1,3,2,3,19,3,19,8,7,59,25,13,1,14,25,349,195,55,6,57,0,26,7,10,4,593,0,21,9,8,10,4,11,15,12,13,8,4,3,315,12,33,7,29,5
8,3,197,81,94,28,75,60,1,594,36,5,330,3,101,0,187,0,1,0,0,0,1,0,292,1,519,112,348,0,364,492,287,0,35,0,6,1,0,22,0,0,1,342,300,115,0,0
46,5,262,108,188,53,78,87,38,547,52,17,992,31,132,7,258,2,12,0,6,0,7,2,415,29,498,81,50,3,771,610,470,5,48,3,55,3,4,72,0,3,3,975,1169,45,3,0
2,0,1243,0,72,0,6,2,2,26,0,1,30,1,4,0,1365,0,4,0,1,0,0,0,1381,0,32,4,175,0,490,732,1278,0,3,0,10,0,0,2,0,0,0,5,62,17,0,0
0,0,0,0,0,0,0,0,0,0,0,0,138,0,0,0,0,2,2,84,0,0,0,0,0,0,1,0,2,0,8,0,0,0,0,0,0,811,56,0,69,0,3,0,1,0,0,4
1,0,0,1,5,0,1,0,0,0,0,3,631,0,2,3,0,14,8,1443,9,6,0,0,0,7,0,3,0,0,5,1,0,9,0,17,0,42,36,1,3,0,1745,3,1,0,12,6
0,0,0,0,2,0,0,0,38,0,0,0,6,9,0,3345,0,168,598,6,29,89,32,504,1,2633,0,0,14,2721,0,0,0,14,0,2738,33,37,19,2,20,939,33,1,2,0,77,20
41,208,75,11,895,49,6,14,16,5,48,1054,12,1057,89,0,7,1,62,0,1,0,123,5,10,10,2,202,8,0,5,4,181,597,465,1,63,0,0,54,0,46,1,200,27,8,3,0
6,2,0,0,4,0,1,4,530,5,0,16,6,62,1,0,11,4,882,1,3,0,1525,22,7,8,4,3,6,6,4,7,3,15,5,2,397,0,0,13,0,170,0,12,44,1,19,0
6,6,18,4,15,11,8,4,2187,8,1,21,10,109,8,17,15,35,483,0,6,0,1521,194,12,67,4,12,36,52,9,9,47,28,12,5,2047,2,0,1,3,149,0,20,99,12,24,0
0,0,7,0,1,0,0,0,681,2,0,4,0,19,0,43,7,0,25,0,0,0,79,16,7,4,0,1,14,0,2,2,5,7,1,0,363,0,0,0,0,13,0,0,18,2,11,0
11,148,4,40,14,100,6,21,0,22,12,547,1,8,326,0,0,0,0,0,0,0,0,0,1,0,7,678,0,0,0,0,1,18,72,0,0,0,0,4,0,1,0,64,26,4,0,0
4,21,3,2,186,26,5,2,0,0,9,7,1,4,7,0,0,0,0,0,0,0,0,0,0,0,0,53,0,0,0,0,2,11,337,0,0,0,0,0,0,0,0,1,1,2,0,0
0,6,0,1,1,12,0,3,0,2,6,7,162,0,4,0,2,35,5,443,10,0,0,0,4,1,2,0,0,0,3,4,0,1,0,4,0,15,0,4,1,1,1235,36,0,0,2,0
1194,77,95,124,44,165,852,45,3,16,38,24,10,892,31,1,48,1,20,0,3,0,35,5,13,24,31,27,0,3,24,60,70,21,59,0,6,0,0,1538,0,4,2,32,52,560,1,0
0,0,0,0,0,0,0,0,0,0,0,0,5,0,0,0,0,94,0,34,0,0,0,0,0,2,0,0,0,0,0,0,0,0,0,4,0,299,2380,0,2281,0,3,0,0,0,0,2368
0,0,0,0,0,0,0,0,0,0,0,0,0,0,0,0,0,10,0,4,0,0,0,0,0,1,0,0,0,0,0,0,0,0,0,2,0,1813,365,0,31,0,7,0,0,0,0,4
0,0,0,0,0,1,0,0,0,1,0,0,528,0,2,0,1,31,4,2046,20,1,0,2,0,4,1,2,0,0,4,2,0,0,0,15,0,278,72,1,35,0,420,19,0,0,1,48
0,0,0,0,0,0,0,0,0,0,0,0,3,0,0,24,0,390,4,72,1,1,0,3,0,23,0,0,0,64,1,0,0,0,0,25,0,11,8,0,24,21,13,1,0,0,6,46
3,17,2,8,33,11,9,5,0,21,3,56,44,4,13,0,1,0,0,0,0,0,1,0,3,2,13,16,0,0,37,16,7,5,48,0,1,0,0,10,0,0,0,108,32,3,0,0
10,9,14,13,13,14,30,10,5,115,0,73,30,86,57,0,210,0,1,0,0,0,2,0,165,2,55,137,10,0,505,322,33,38,18,0,12,0,0,23,0,1,0,52,356,32,0,0
5,1,0,1,0,1,0,0,9,2,0,6,11,194,0,19,1,586,21,19,3,0,286,144,0,7,2,1,16,50,4,4,0,32,2,20,16,0,2,3,5,413,8,7,27,8,5,2
20,13,3,3,246,2,10,0,5,3,3,46,10,175,0,0,1,0,58,0,1,0,5,1,0,1,0,3,1,0,7,2,11,1917,191,1,13,0,0,37,0,14,2,109,9,0,0,0
0,0,20,0,1,0,34,0,2,13,0,1,18,0,15,1,122,0,5,0,0,0,1,8,210,1,4,5,678,0,347,44,37,2,3,0,3,3,0,12,1,0,0,1,4,20,0,0
0,0,0,0,0,0,0,0,0,0,0,0,10,0,0,2,0,84,6,13,0,0,6,10,1,8,0,1,9,0,1,0,0,0,0,1,1,237,468,0,1916,5,2,2,8,0,2,974
0,0,0,0,0,0,0,0,1,0,0,0,1,0,0,1,0,0,1,0,0,0,2,0,0,1,0,0,4,0,0,0,0,0,0,0,0,104,16,0,17,0,1,0,1,0,0,0
