0.45435,0.33544,0.43542,0.43281,0.26516,0.21198,0.44155,0.30281,0.54852,0.36301,0.40308,0.2633,0.31366,0.44319,0.14631,0.76133,0.62392,0.51754,0.23519,0.29838,0.94873,0.97143,0.33707,0.71158,0.42843,0.73312,0.21344,0.23955,0.26891,0.76601,0.28474,0.28313,0.53698,0.63278,0.34794,0.65234,0.59944,0.44634,0.49696,0.56519,0.63792,0.46263,0.30779,0.27082,0.36355,0.58062,0.87315,0.65298
0.47827
159,742,0,58,29,538,52,131,0,26,176,90,0,0,359,0,0,0,0,0,0,0,0,0,0,0,8,404,0,0,0,0,0,0,266,0,0,0,0,4,0,0,0,8,0,14,0,0
2,20,15,1066,57,135,3,701,1,999,102,2,1,1,100,0,7,0,0,0,1,0,0,0,44,1,522,25,0,0,0,123,6,0,0,0,1,0,0,1,0,0,0,3,55,3,0,0
32,192,4,182,120,371,17,159,5,110,160,83,38,0,273,1,4,9,10,2,3,2,0,5,1,13,76,109,0,4,5,23,2,8,130,43,3,1,1,10,3,2,7,266,51,7,3,5
188,529,0,4,105,178,11,20,0,4,40,653,0,5,88,0,0,0,0,0,0,0,0,0,0,1,1,231,0,0,0,1,0,78,786,0,0,0,0,5,0,0,1,4,0,5,0,0
2,90,2,49,2,118,1,87,0,33,10,10,0,1,259,0,0,0,0,0,0,0,0,0,1,0,17,42,0,0,0,0,0,0,1,0,0,0,0,0,0,0,0,1,2,1,0,0
52,84,8,81,146,147,32,115,34,42,68,304,118,28,269,0,2,3,4,0,5,1,28,0,6,7,72,264,1,2,11,52,3,84,101,1,20,0,0,43,0,5,5,1057,61,19,1,0
21,174,20,114,524,507,8,207,0,16,707,0,1,0,12,0,0,0,0,0,0,0,0,0,2,1,14,4,0,0,0,2,14,0,35,0,0,0,0,0,0,0,0,7,0,0,0,0
2,1,0,1,9,3,1,3,0,0,0,5,36,0,0,0,7,1,13,61,2,0,1,0,4,0,1,1,0,0,2,3,0,3,0,0,0,1,1,8,1,1,120,1,0,1,1,0
2,0,1,0,0,0,1,0,65,0,0,0,2,52,0,894,1,49,886,5,9,20,115,2852,0,463,2,0,88,406,2,0,0,25,1,629,71,18,9,2,6,1504,4,0,4,3,27,6
0,0,0,0,0,0,0,0,0,0,0,0,28,0,0,0,0,0,0,31,0,0,0,0,0,0,0,0,0,0,0,0,0,0,0,0,0,584,157,0,19,0,0,0,0,0,0,3
1,0,0,3,0,1,0,3,0,1,0,0,385,1,0,2,0,28,33,382,35,2,0,1,2,1,6,11,5,1,86,3,0,3,0,1,0,52,16,1,9,1,50,2,4,3,4,7
0,0,2,3,4,1,0,23,13,5,2,2,73,33,0,7,8,229,117,591,1,14,263,119,2,12,17,0,30,27,3,5,3,5,0,102,26,0,3,0,16,84,42,38,16,0,3,15
8,0,23,2,0,2,2,1,24,0,1,0,1,32,0,4,6,8,30,2,0,0,603,162,5,73,5,2,451,2,7,17,9,4,0,0,57,2,9,9,0,40,2,2,12,169,0,0
24,21,32,486,106,124,157,327,4,608,93,5,18,1,208,0,10,0,0,0,0,0,1,0,41,0,546,165,0,0,18,323,20,0,24,0,1,0,0,9,0,0,0,95,125,258,0,0
10,20,0,0,38,5,0,2,0,0,2,591,1,39,63,0,0,0,0,0,0,0,0,0,1,1,0,51,0,0,0,0,1,62,42,0,4,0,0,1,0,1,0,12,0,0,2,0
0,1,0,3,2,0,3,4,290,1,1,1,8,1,4,0,4,2,48,0,0,0,9,8,5,2,1,3,0,2,4,6,0,8,1,4,212,0,0,4,0,1,0,33,33,0,8,0
0,0,0,0,0,0,1,0,9,0,0,1,8,2,0,5,1,53,82,5,8,4,2,6,0,26,1,0,1,8,1,0,0,41,0,471,17,2,1,8,2,13,457,8,2,0,16,1
744,10,12,56,22,15,1171,43,8,31,10,5,8,19,20,0,2,1,2,0,4,0,3,0,5,10,58,23,1,0,52,83,14,18,12,1,3,0,0,898,0,1,0,80,125,1858,0,0
0,0,173,30,91,25,5,111,1,71,71,0,2,0,5,0,148,0,0,0,0,0,0,0,336,0,323,6,0,0,27,422,288,0,6,0,0,0,0,0,0,0,0,6,133,2,0,0
0,0,0,0,0,0,0,0,1,0,0,0,6,0,0,6,0,2066,5,22,0,1,0,0,0,3,0,0,0,25,0,0,0,0,0,17,0,8,1,1,4,4,15,0,0,0,10,6
0,0,0,1,4,0,1,0,1,0,0,0,122,9,0,1,0,2,18,153,1,0,2,2,1,5,4,3,3,0,17,1,0,3,1,2,0,6,2,9,5,0,805,0,3,2,1,2
0,0,0,0,0,0,0,0,3,0,0,0,2,3,0,20,0,17,31,1,3072,4862,3,19,0,138,0,0,4,49,1,0,0,13,0,79,8,0,0,0,0,14,13,2,1,1,1824,0
3,5,22,5,4,4,2,9,5,20,8,5,111,28,8,0,18,27,501,247,25,6,25,0,16,5,19,7,537,0,9,19,4,7,2,11,9,5,15,13,3,3,203,14,37,8,22,4
17,1,164,85,85,18,70,52,9,351,29,6,154,2,74,0,220,1,0,0,0,0,1,1,401,5,584,118,323,0,243,798,219,0,15,0,8,0,0,26,0,0,0,304,553,105,0,0
63,2,309,102,171,33,70,163,133,355,72,14,609,19,100,6,415,1,19,1,4,0,14,3,474,30,670,81,27,7,528,985,320,4,20,1,95,1,11,84,1,2,0,996,1155,74,1,0
3,0,927,1,22,0,4,1,8,6,2,0,3,3,0,0,2024,0,2,0,2,0,0,0,1311,2,60,6,39,0,434,169,1590,0,1,0,3,0,0,3,0,0,0,9,306,9,0,0
0,0,0,0,0,0,0,0,0,0,0,0,49,0,0,0,0,1,1,84,0,0,0,1,0,1,0,0,5,0,95,0,0,0,0,0,0,806,112,0,19,0,1,0,1,1,0,4
2,0,0,1,3,0,1,0,4,1,0,0,842,0,0,4,0,54,14,1411,5,2,0,0,0,15,1,1,0,0,4,0,0,5,0,21,0,22,111,2,21,0,1434,2,0,0,17,18
0,0,0,0,0,0,0,0,34,0,0,0,5,10,0,3292,0,112,953,15,18,87,29,518,1,2574,0,0,30,2583,0,1,0,13,0,2717,26,34,24,2,13,922,16,2,2,0,80,17
43,134,90,5,774,86,6,36,22,7,100,906,4,1369,199,0,11,1,20,1,0,0,113,5,5,7,11,271,10,2,3,7,342,475,238,1,45,0,1,7,0,32,0,257,13,5,2,0
4,5,7,0,5,3,1,1,649,2,2,6,3,40,2,0,12,7,766,2,3,0,1502,12,8,9,5,4,5,11,2,6,2,17,4,1,474,0,0,12,0,154,1,24,11,2,25,0
4,2,26,4,14,6,3,6,2470,4,1,14,6,87,11,14,10,37,383,2,6,0,1192,180,8,33,19,21,76,61,5,16,9,28,6,3,2336,3,1,1,3,148,0,17,31,7,23,0
0,0,11,0,0,0,0,0,666,0,0,1,0,19,0,31,7,1,38,0,5,0,59,14,5,9,0,0,10,1,8,3,2,7,0,0,410,0,0,0,0,10,0,1,7,4,5,0
21,99,1,37,25,83,7,24,1,17,17,532,0,7,369,0,0,0,0,0,0,0,2,0,0,0,10,699,0,0,2,11,0,13,40,0,0,0,0,4,0,1,0,106,4,4,0,0
6,6,3,0,203,18,5,5,0,0,24,4,0,0,2,0,0,0,0,0,0,0,0,0,0,0,1,159,0,0,0,1,5,4,233,0,0,0,0,0,0,0,0,5,0,0,0,0
3,0,0,3,3,10,2,9,1,3,0,6,203,0,2,0,4,42,3,317,6,0,0,0,4,2,5,0,0,1,0,5,0,1,0,1,0,7,10,8,0,0,1342,3,0,0,5,1
1244,58,228,55,46,84,926,50,7,11,36,20,1,850,24,0,36,0,7,0,2,0,37,2,11,17,24,30,4,4,18,47,40,19,33,0,15,0,0,1643,0,4,1,26,33,557,0,0
0,0,0,0,0,0,0,0,0,0,0,0,4,0,0,0,0,86,1,31,0,0,0,0,0,1,0,0,0,0,0,0,0,0,0,2,0,132,2124,0,2863,0,0,0,0,0,0,2226
0,0,0,0,0,0,0,0,0,0,0,0,1,0,0,0,0,7,0,3,0,0,0,0,0,1,0,0,0,0,0,0,0,0,0,1,0,1751,432,0,37,0,0,0,0,0,0,4
0,0,0,3,0,2,0,3,0,0,0,0,1334,0,1,0,0,70,7,1477,19,3,0,1,1,16,1,0,0,0,12,0,0,0,0,17,0,260,75,9,62,0,119,5,5,0,2,35
0,0,0,0,0,0,0,0,0,0,0,0,6,0,0,22,0,384,9,71,1,1,1,3,0,8,0,0,0,102,0,1,0,0,0,23,0,8,2,0,24,13,9,2,1,0,3,47
5,6,5,8,39,7,11,9,0,8,8,56,26,2,20,0,1,0,0,0,0,0,1,0,5,2,23,21,0,0,27,37,3,5,36,0,2,0,0,10,0,0,0,115,29,5,0,0
22,2,9,10,16,5,22,8,12,14,3,67,17,66,38,0,120,0,0,0,0,0,7,0,180,6,28,131,9,0,797,287,19,48,9,0,19,0,0,22,0,0,0,129,309,22,0,0
2,0,0,1,0,1,0,0,7,1,0,5,5,209,1,12,1,613,28,16,0,0,420,87,0,3,0,1,64,73,3,1,0,32,2,14,14,0,6,5,4,274,10,11,6,4,3,4
49,8,11,3,250,7,5,2,13,1,9,47,2,147,3,0,4,1,14,0,0,0,7,0,2,1,1,13,0,0,4,3,12,1780,214,1,16,0,0,32,0,11,0,247,3,0,0,0
0,0,24,1,0,1,51,0,2,4,0,0,1,4,8,1,161,0,1,2,0,0,2,0,172,3,3,11,640,0,369,18,34,0,0,0,2,0,0,11,0,1,0,0,42,47,0,0
0,0,0,0,0,0,0,0,0,0,0,0,7,0,0,1,0,77,6,15,1,0,13,6,0,4,0,0,13,1,0,0,0,0,0,1,0,120,1120,0,1367,5,2,3,1,0,1,1003
0,0,0,0,0,0,0,0,1,0,0,0,2,0,0,1,0,2,0,0,0,0,1,1,0,0,0,0,4,0,0,0,0,0,0,0,0,100,30,0,6,0,0,0,1,0,0,1
