0.44571,0.29156,0.37488,0.3708,0.23225,0.28032,0.39592,0.37828,0.59016,0.2,0.26648,0.26416,0.24713,0.2572,0.37936,0.69934,0.39767,0.46108,0.22116,0.28215,0.92455,0.98843,0.3146,0.73101,0.54005,0.58841,0.24728,0.24853,0.31169,0.89056,0.30806,0.43616,0.42724,0.49206,0.32464,0.69212,0.62215,0.21282,0.58953,0.67139,0.5066,0.38547,0.28952,0.26596,0.29131,0.48886,0.81244,0.76507
0.45127
33,833,1,176,220,331,108,22,0,1,409,10,9,1,8,0,0,0,0,0,0,0,0,0,0,0,0,355,0,0,0,0,0,2,416,0,1,0,0,6,0,0,0,19,2,101,0,0
1,13,61,861,61,691,5,836,1,407,651,10,12,0,76,0,42,0,2,0,1,0,0,0,5,0,165,27,0,0,2,10,26,0,6,0,0,1,0,0,0,0,0,11,5,8,0,0
12,188,12,173,234,210,26,66,0,15,240,23,137,1,110,3,0,2,4,18,3,0,0,6,3,3,54,196,1,0,15,4,7,6,154,23,1,1,4,3,0,5,41,437,72,24,13,5
37,694,2,17,204,34,28,2,0,2,59,220,2,3,9,0,0,0,0,0,0,0,0,0,0,0,2,232,0,0,0,0,0,273,1070,0,0,0,0,16,0,0,0,12,1,19,0,0
7,151,0,86,3,114,2,40,0,4,171,0,2,0,20,0,0,0,0,0,0,0,1,0,0,0,9,106,0,0,0,0,0,0,4,0,0,0,0,0,0,0,0,1,3,5,0,0
32,111,14,39,178,38,20,61,7,20,35,167,287,25,156,0,3,1,5,1,6,0,4,1,4,6,77,369,1,0,23,7,19,89,159,0,13,0,0,27,0,3,1,1050,308,18,1,0
5,194,176,187,867,282,10,119,0,5,371,0,43,0,2,0,1,0,0,0,0,0,0,0,0,0,2,5,0,0,1,0,51,0,25,0,0,0,0,1,0,0,0,26,3,14,0,0
0,0,0,0,0,0,0,1,0,0,0,7,59,0,0,0,0,0,27,140,0,0,0,0,0,0,0,0,0,0,10,2,1,0,0,0,0,26,1,7,0,1,2,7,0,0,4,0
6,0,0,0,0,0,0,0,109,0,0,1,5,67,1,1192,0,76,458,4,26,16,243,2791,0,914,0,0,44,176,2,0,2,15,1,550,87,1,2,10,7,1319,77,0,5,2,13,2
0,0,0,0,0,0,0,0,0,0,0,0,0,0,0,0,0,1,0,19,0,0,0,0,0,0,0,0,0,0,0,0,0,0,0,0,0,626,129,0,12,0,29,0,0,0,0,6
0,0,0,0,0,0,0,4,0,0,0,0,79,0,6,0,0,9,59,575,8,0,3,0,2,5,3,1,7,1,15,0,0,1,0,1,1,272,17,0,3,0,55,4,1,1,8,5
0,2,1,0,2,1,0,9,11,0,0,1,48,197,7,15,2,98,175,685,4,2,78,96,1,50,3,1,5,3,11,3,5,2,0,143,17,26,2,0,4,109,54,23,11,0,30,22
116,2,7,5,5,3,4,7,95,5,0,1,3,213,7,19,23,17,39,0,3,0,519,98,2,150,11,3,169,0,4,6,66,3,0,1,57,2,0,13,2,13,39,4,39,9,4,0
18,19,67,314,160,349,106,313,1,471,236,8,159,1,259,0,35,0,2,0,0,0,1,0,9,0,623,173,6,0,66,18,74,0,21,0,0,1,0,4,0,0,0,160,36,140,0,0
2,37,2,0,13,1,0,0,0,0,2,458,9,11,4,0,0,0,0,0,1,0,0,0,7,0,0,158,0,0,0,0,1,144,63,0,2,0,0,3,0,1,1,23,6,0,0,0
0,0,0,0,3,0,1,6,81,4,0,14,9,10,21,0,9,0,92,0,6,0,9,4,9,3,4,2,6,0,9,3,1,6,0,1,156,0,0,5,0,2,17,16,204,0,4,0
0,0,0,0,0,0,0,0,4,0,0,1,4,4,0,7,0,27,36,14,13,5,0,4,0,26,0,0,2,8,1,0,0,10,0,111,12,1,0,0,0,28,923,0,6,0,16,0
1256,15,15,71,42,30,989,79,1,44,17,5,79,4,61,0,12,0,0,0,6,0,2,3,4,3,148,33,2,0,218,19,21,11,23,0,1,0,0,555,0,0,2,175,230,1251,1,0
1,0,319,52,107,55,3,177,0,251,10,32,34,0,40,0,252,0,1,0,0,0,0,0,135,0,84,4,2,0,42,271,374,0,0,0,0,0,0,0,0,0,0,2,27,7,0,0
0,0,0,0,0,0,0,0,0,0,0,0,1,0,0,9,0,1783,3,108,5,1,0,0,0,12,0,0,0,13,0,0,0,0,0,42,0,36,6,0,4,13,63,0,0,0,46,56
1,0,0,0,1,1,3,0,0,1,0,2,793,0,5,0,1,1,30,138,0,0,3,0,2,10,0,1,2,0,8,3,0,7,0,0,0,114,5,19,1,0,32,2,2,2,1,1
1,0,0,0,0,0,0,0,0,0,0,0,5,1,0,17,0,7,40,2,3051,4955,4,14,0,69,0,0,5,110,0,0,0,5,0,87,5,2,0,0,0,32,73,0,10,0,1685,0
11,6,21,2,8,2,5,25,5,15,10,6,51,23,27,0,9,11,658,249,14,0,60,0,16,5,12,5,462,0,26,6,5,7,5,0,6,123,15,3,3,0,81,1,8,2,46,5
95,2,200,49,115,77,46,116,0,466,20,7,360,1,392,0,325,0,1,1,0,0,0,0,232,1,660,105,182,0,528,245,298,3,10,0,4,0,0,6,0,0,0,296,143,55,1,0
46,0,270,69,227,60,72,141,21,335,20,50,730,6,1000,7,191,1,22,4,4,0,4,1,349,14,727,60,75,0,1093,404,486,7,18,1,32,1,4,21,1,1,8,745,841,74,1,1
4,0,806,1,73,1,4,21,1,64,0,66,32,0,82,1,989,0,4,0,1,0,0,0,1308,0,63,4,388,0,612,1035,1330,0,0,0,7,0,0,1,0,0,1,7,36,8,0,0
0,0,0,0,0,0,0,0,0,0,0,0,3,0,0,0,0,8,3,14,0,0,1,0,0,1,0,0,2,0,6,0,0,0,0,0,0,912,92,0,51,0,84,0,0,0,0,4
0,0,0,0,0,0,0,0,0,0,0,7,1141,0,5,0,0,8,21,1318,3,0,0,0,6,7,0,1,0,2,15,10,0,11,0,2,0,1282,38,1,1,0,102,0,2,0,25,10
0,0,0,0,0,0,0,0,44,0,0,0,19,9,0,3268,0,141,341,8,53,30,60,425,1,2336,0,0,18,3011,0,0,0,7,0,2329,31,22,22,6,15,1385,457,0,4,0,81,7
41,257,52,5,667,11,5,16,17,5,34,555,72,777,15,0,5,0,47,0,2,0,111,0,10,6,2,662,9,0,6,3,115,1208,415,0,36,0,0,111,0,29,3,325,29,2,1,0
2,3,1,1,0,0,3,6,703,2,0,22,9,423,4,0,6,3,767,2,33,0,1058,29,6,26,4,5,17,1,16,5,2,22,9,0,346,0,0,24,0,127,4,21,98,0,1,0
30,6,12,7,30,8,4,13,2435,7,1,35,8,518,24,24,15,22,435,0,30,1,780,198,7,147,9,17,58,10,10,2,54,29,5,2,1966,0,0,3,2,122,9,23,214,3,2,0
5,0,6,0,1,0,0,1,564,1,0,19,1,42,4,58,2,0,15,0,13,0,129,14,8,11,1,2,26,0,3,2,5,6,1,0,346,0,0,1,0,15,0,2,27,2,1,0
10,196,6,72,26,42,10,16,0,7,95,195,16,5,90,0,0,0,0,0,0,0,0,0,1,0,14,927,0,0,1,0,0,39,228,0,0,0,0,1,0,0,0,95,34,10,0,0
2,14,3,6,272,5,4,3,0,0,11,0,5,0,0,0,0,0,0,0,0,0,0,0,0,0,0,21,0,0,0,0,4,22,295,0,0,0,0,0,0,0,0,6,4,7,0,0
0,4,0,0,1,0,0,7,0,0,3,7,178,0,0,0,0,7,27,1537,0,0,0,0,9,1,0,2,0,0,8,7,0,1,0,5,0,102,7,2,1,1,67,8,0,0,19,1
983,64,66,102,82,103,981,58,3,20,42,5,36,213,16,1,22,0,10,0,3,0,25,0,15,34,38,49,1,0,68,49,110,45,98,0,4,0,0,1988,0,1,0,117,84,714,0,0
0,0,0,0,0,0,0,0,0,0,0,0,0,0,0,0,0,219,0,52,0,0,0,0,0,2,0,0,0,0,0,0,0,0,0,2,0,108,2150,0,2187,0,118,0,0,0,4,2628
0,0,0,0,0,0,0,0,0,0,0,0,0,0,0,0,0,47,0,3,0,0,0,0,0,1,0,0,0,0,0,0,0,0,0,0,0,1135,559,0,48,0,431,0,0,0,2,11
0,0,0,0,0,0,0,2,0,0,0,0,51,0,2,0,0,15,14,1970,1,0,1,0,2,4,1,1,0,1,14,2,0,0,0,7,0,1087,94,0,28,0,156,0,1,0,28,57
0,0,0,0,0,0,0,0,0,0,0,1,3,0,0,23,0,350,4,70,1,2,0,0,0,47,0,0,0,25,0,0,0,0,0,42,0,27,6,0,21,33,21,0,0,0,12,53
1,18,0,9,52,7,7,8,0,12,4,34,55,1,29,0,2,0,0,0,0,0,0,0,2,0,18,22,0,0,43,6,3,8,38,0,1,0,0,6,0,0,0,123,15,8,0,0
31,11,17,15,8,9,21,31,5,159,0,34,27,26,129,0,360,0,2,0,0,0,2,0,122,2,154,170,18,0,370,173,26,72,40,0,6,0,0,17,0,0,0,52,293,51,0,0
23,0,0,1,1,0,0,1,12,1,0,7,5,328,2,29,3,460,40,34,8,1,224,132,0,59,2,1,16,19,2,2,0,18,3,16,8,5,3,31,6,346,27,2,47,3,14,1
5,17,1,2,70,0,9,3,5,1,2,84,27,105,1,0,1,0,61,0,1,0,29,1,3,1,1,10,2,0,7,2,3,2015,188,0,11,0,0,68,0,5,5,152,20,1,4,0
1,0,12,0,0,0,22,0,0,30,0,5,6,1,21,0,177,0,12,0,0,0,4,1,142,5,49,0,696,0,293,74,24,1,1,0,3,13,0,2,1,0,0,0,2,18,0,0
0,0,0,0,0,0,0,0,0,0,0,2,3,5,1,0,0,548,10,16,0,0,7,0,0,9,0,0,5,0,0,0,0,0,0,0,0,57,468,0,1896,2,160,1,12,0,6,559
0,0,0,0,0,0,0,0,1,0,0,0,0,0,0,0,0,5,1,0,0,0,1,0,0,0,0,0,6,1,0,0,0,0,0,0,0,41,23,0,23,0,45,0,2,0,0,1
