0.44457,0.32559,0.40078,0.43803,0.28963,0.22755,0.4472,0.33419,0.55991,0.38067,0.3814,0.25238,0.3314,0.46313,0.1504,0.7377,0.6413,0.52656,0.24297,0.30347,0.95513,0.97839,0.3654,0.71047,0.41586,0.76909,0.20076,0.24778,0.26155,0.76328,0.28651,0.28161,0.52782,0.63948,0.34134,0.67088,0.60919,0.4617,0.49303,0.58311,0.6519,0.46532,0.3025,0.28135,0.35393,0.56196,0.88063,0.65076
0.483
173,715,0,57,19,555,68,125,0,31,205,101,0,0,344,0,0,0,0,0,0,0,0,0,0,0,5,381,0,0,0,0,0,0,260,0,0,0,0,6,0,0,0,8,0,11,0,0
4,18,13,1078,60,142,6,777,0,1016,104,3,0,0,88,0,3,0,1,0,0,0,0,0,38,1,450,17,0,0,0,107,7,0,0,0,0,0,0,0,0,0,0,6,54,4,0,0
33,213,7,185,114,374,20,137,3,95,185,90,36,2,273,5,1,11,7,3,5,2,2,36,2,8,47,126,1,1,7,20,3,8,130,27,3,1,0,9,3,10,8,252,35,5,6,4
184,520,0,3,100,180,12,19,0,1,52,639,0,2,78,0,0,0,0,0,0,0,0,0,0,1,1,238,0,0,0,1,0,68,824,0,0,0,0,6,0,0,1,2,0,6,0,0
1,69,2,49,1,134,2,98,0,39,13,12,0,1,263,0,0,0,0,0,0,0,0,0,1,0,15,27,0,0,0,0,0,0,0,0,0,0,0,0,0,0,0,1,1,0,0,0
52,88,10,72,135,105,28,91,28,47,71,293,121,40,284,0,1,2,3,0,1,0,22,6,4,8,46,284,1,3,21,47,4,102,122,1,33,0,1,39,0,10,1,1070,62,22,5,0
21,200,25,94,530,504,8,208,0,17,693,0,1,0,16,0,0,0,0,0,0,0,0,0,2,0,15,1,0,0,0,4,15,1,31,0,0,0,0,0,0,0,0,3,0,1,0,0
1,3,0,2,3,2,1,4,0,0,1,5,57,0,0,0,10,3,9,34,2,0,2,0,1,1,1,0,0,0,1,5,0,4,1,1,0,3,0,10,1,1,122,4,0,0,0,0
2,0,1,0,1,0,0,0,47,0,0,1,2,57,0,998,2,54,797,10,9,21,104,2898,0,358,0,0,85,393,2,0,0,25,1,610,56,22,12,4,7,1590,9,2,4,4,28,8
0,0,0,0,0,0,0,0,0,0,0,0,25,0,0,0,0,1,0,38,0,0,0,0,0,0,0,0,0,0,0,0,0,0,0,0,0,608,132,0,17,0,0,0,0,0,0,1
1,0,0,3,2,1,1,2,0,0,0,0,468,1,6,1,5,28,18,294,34,0,1,1,5,7,5,10,5,0,88,3,0,2,0,3,0,43,11,3,10,0,54,3,8,2,9,8
0,0,5,3,5,0,0,39,6,5,2,0,88,29,2,5,16,250,85,541,2,7,261,126,3,6,9,1,29,39,1,9,2,2,0,101,20,0,3,2,17,98,38,56,27,1,1,17
8,1,8,13,3,1,6,0,21,0,1,0,3,29,3,4,8,6,19,1,0,0,562,180,9,25,4,3,508,0,11,14,7,5,0,0,39,1,1,8,0,42,1,4,8,221,0,0
29,19,35,482,109,120,153,345,2,607,91,7,10,1,189,0,7,0,0,0,0,0,0,0,57,1,530,139,0,0,12,298,28,0,33,0,2,0,0,5,0,0,0,106,131,302,0,0
10,25,0,0,31,4,0,0,0,0,4,600,0,48,60,0,0,0,0,0,0,0,0,0,1,1,0,50,0,0,0,0,1,58,36,0,2,0,0,1,0,0,1,14,0,0,2,0
0,1,1,4,4,0,2,4,317,1,1,4,3,0,1,0,4,1,49,0,0,0,6,17,5,1,2,3,1,2,3,9,0,3,2,3,199,0,0,3,0,1,0,31,26,0,3,0
0,0,0,0,3,0,1,0,17,0,0,1,6,2,0,5,2,49,134,3,5,5,2,5,0,24,0,0,1,10,0,0,0,45,1,388,12,1,1,13,3,12,483,7,1,0,15,6
748,10,20,41,15,10,1224,38,7,29,10,4,4,27,14,0,1,1,0,0,2,0,3,1,8,5,46,21,2,0,50,79,16,15,13,0,3,0,1,880,0,1,0,73,114,1891,1,0
0,0,180,22,93,23,3,109,1,68,68,0,2,0,1,0,122,0,1,0,0,0,0,0,333,0,361,3,0,0,28,426,294,0,4,0,0,0,0,0,0,0,0,5,133,2,0,0
0,0,0,0,0,0,0,0,0,0,0,0,10,0,0,4,0,2072,3,15,1,1,0,1,0,3,0,0,0,23,0,0,0,0,0,18,0,6,3,1,6,5,17,0,0,0,8,4
0,0,0,0,10,1,1,0,2,2,0,0,137,8,0,2,4,9,5,138,0,0,2,1,1,5,0,3,2,0,15,1,0,5,0,1,0,4,2,18,7,0,798,1,3,1,1,2
0,0,0,0,0,0,1,0,4,0,0,0,2,3,0,18,0,19,24,1,3044,4934,3,33,0,139,0,0,3,62,1,0,0,10,0,65,6,0,0,1,0,12,14,2,1,0,1778,0
2,4,13,9,1,4,3,17,5,19,10,8,95,13,10,0,17,20,480,262,16,1,18,0,13,3,25,8,583,0,4,21,5,6,0,11,7,4,4,16,1,5,244,19,33,4,14,3
14,0,177,93,81,10,71,60,8,300,26,10,108,5,67,0,206,0,0,0,0,0,2,1,460,11,575,104,328,0,248,784,233,0,18,0,8,0,0,21,0,0,0,337,549,126,0,1
62,4,324,124,169,23,82,137,135,310,76,12,563,19,84,8,391,3,8,2,3,0,9,8,483,35,579,91,36,7,607,960,331,8,31,1,147,0,12,75,1,4,2,1133,1071,75,0,0
4,0,925,2,19,0,4,3,7,8,1,0,0,1,0,0,1997,0,1,0,2,0,0,0,1290,2,60,6,47,0,445,168,1641,0,3,0,2,0,0,3,0,0,0,6,299,4,0,0
0,0,0,0,0,0,0,0,0,0,0,0,44,0,0,0,1,1,0,154,0,0,0,1,1,0,1,0,6,0,159,0,0,0,0,0,0,705,90,0,11,0,1,1,1,1,0,3
1,0,0,0,1,0,0,0,1,1,0,0,763,0,1,6,4,75,9,1443,3,1,0,0,0,15,1,2,0,0,3,0,0,3,0,33,0,18,142,1,24,0,1442,1,1,1,9,13
0,0,0,0,0,0,0,2,35,0,0,0,5,9,0,3195,0,122,933,31,20,69,35,517,1,2608,0,0,40,2744,0,0,0,11,0,2705,27,57,19,6,18,817,17,1,2,1,61,22
39,114,150,2,855,67,7,18,8,7,117,848,1,1457,216,0,10,2,15,0,0,0,91,5,4,6,12,269,18,0,3,11,361,425,230,1,37,0,1,5,0,42,0,191,12,4,5,0
1,3,4,1,5,2,0,1,598,4,1,8,1,34,3,0,10,4,765,2,3,0,1584,11,6,10,4,5,4,15,3,5,2,14,3,2,462,0,2,9,0,159,1,24,10,0,26,0
7,4,20,20,11,10,6,7,2500,5,3,12,6,83,10,12,11,30,390,0,1,1,1134,120,11,44,11,35,81,117,5,17,5,27,6,3,2360,2,7,2,4,116,0,24,30,11,16,0
0,0,8,0,0,0,0,0,677,0,0,1,0,23,1,39,8,3,38,0,3,0,51,10,5,4,0,0,7,1,5,2,2,5,1,0,411,0,0,0,0,5,0,1,6,5,12,0
24,91,0,36,20,61,8,21,1,17,16,530,0,10,373,0,0,0,0,0,0,0,0,0,0,1,9,724,0,0,1,14,0,17,48,0,0,0,0,3,0,0,0,103,5,3,0,0
7,8,6,0,191,14,5,4,0,0,19,4,0,0,3,0,0,0,0,0,0,0,0,0,0,0,0,170,0,0,0,1,6,9,234,0,0,0,0,0,0,0,0,3,0,0,0,0
3,1,0,2,1,8,5,9,1,7,1,2,273,0,4,0,9,30,0,227,7,0,0,0,1,2,2,0,0,1,1,6,0,3,0,4,0,6,11,3,0,0,1376,3,1,0,1,1
1207,60,320,37,46,57,921,34,8,6,25,20,0,817,28,1,7,1,4,0,0,0,42,5,8,14,21,25,3,2,44,31,66,20,45,0,3,0,0,1712,0,3,1,26,28,550,2,0
0,0,0,0,0,0,0,0,0,0,0,0,2,0,0,0,0,69,0,27,0,0,0,0,0,1,0,0,0,1,0,0,0,0,0,1,0,141,2122,0,2869,0,0,1,0,0,0,2236
0,0,0,0,0,0,0,0,0,0,0,0,3,0,0,0,0,6,0,5,0,0,0,0,0,0,0,0,0,0,0,0,0,0,0,1,0,1772,417,0,28,0,0,0,0,0,1,4
0,0,0,2,1,5,0,2,0,2,0,0,1432,0,2,0,3,50,5,1429,22,0,0,1,1,19,0,1,1,0,12,1,0,2,0,14,0,245,61,12,56,0,115,2,2,1,4,34
0,0,0,0,0,0,0,0,0,1,0,0,7,0,0,19,0,400,5,68,1,1,0,3,0,2,0,0,0,110,0,0,0,0,0,21,0,7,3,1,25,12,8,1,1,0,4,41
6,7,6,11,39,11,11,8,0,6,13,53,17,3,15,0,1,0,0,0,0,0,1,0,8,1,16,24,0,0,29,45,4,4,37,0,0,0,0,5,0,1,0,112,32,6,0,0
22,0,9,8,13,2,25,5,10,11,2,60,12,64,30,0,99,0,0,0,0,0,8,0,174,6,22,124,6,0,871,295,17,49,8,0,14,0,0,22,0,0,0,157,288,20,0,0
1,1,0,2,2,1,0,0,5,1,0,2,8,209,2,8,5,549,14,8,0,0,368,83,0,3,1,2,51,61,2,1,0,20,2,17,10,0,10,4,4,454,11,10,2,4,3,2
48,17,24,0,257,6,8,1,8,0,6,30,1,148,3,0,1,0,13,0,0,0,10,0,1,3,0,14,0,0,4,7,30,1733,290,0,9,0,0,19,0,11,1,216,2,0,2,0
0,0,15,4,1,2,44,0,2,6,0,0,1,1,6,0,148,0,0,2,0,0,1,0,165,2,8,11,668,0,352,17,29,1,0,0,2,0,0,8,0,1,0,1,42,76,0,0
0,0,0,0,1,0,0,0,0,0,0,0,4,0,0,1,0,62,5,17,1,0,10,7,0,5,0,0,25,2,1,0,0,0,0,0,0,105,1197,0,1286,5,1,4,1,0,2,1025
0,0,0,0,0,0,0,0,1,0,0,0,0,0,0,0,0,2,0,0,0,0,1,2,0,0,0,0,12,1,1,0,0,0,0,0,0,87,39,0,3,0,0,0,0,0,0,1
