0.46535,0.33333,0.4933,0.40942,0.26571,0.20214,0.42781,0.35962,0.53235,0.31893,0.42525,0.27082,0.25486,0.43443,0.13797,0.74938,0.60535,0.50158,0.21254,0.32632,0.95361,0.96865,0.3349,0.6968,0.4254,0.72168,0.21751,0.24565,0.27885,0.80046,0.25613,0.27116,0.54289,0.66192,0.34201,0.65455,0.60974,0.43854,0.50692,0.57642,0.6315,0.46622,0.31179,0.26027,0.36912,0.6224,0.84957,0.6589
0.47568
164,791,0,67,41,511,68,104,0,20,135,90,0,0,316,0,0,0,0,0,0,0,0,0,0,0,9,457,0,0,0,0,0,0,262,0,0,0,0,5,0,0,0,5,0,19,0,0
4,20,18,1017,70,136,6,789,1,952,119,2,1,0,138,0,6,0,0,0,2,0,0,0,33,1,524,27,0,0,1,81,8,0,0,0,1,0,0,0,0,0,0,4,32,4,0,0
41,180,4,179,129,357,15,146,12,105,126,84,51,2,315,1,0,10,12,5,13,4,0,6,3,11,76,125,0,1,9,19,1,3,124,35,0,1,0,15,4,2,8,262,47,7,3,2
181,564,0,5,99,162,11,13,0,4,26,631,0,5,84,0,0,0,0,0,0,0,0,0,0,0,0,242,0,0,0,1,0,50,841,0,0,0,0,3,0,0,1,2,0,13,0,0
2,74,1,42,0,101,0,68,0,24,7,17,0,1,302,0,0,0,0,0,0,0,0,0,1,0,21,57,0,0,0,0,0,0,1,0,0,0,0,0,0,0,0,1,3,6,0,0
70,110,11,86,154,155,22,94,45,58,38,354,116,28,287,0,3,9,6,0,3,0,15,1,8,12,64,259,1,0,12,49,2,42,93,0,14,0,0,50,0,7,4,995,82,26,1,0
29,154,22,113,591,449,4,194,0,14,714,1,3,0,22,0,0,0,0,0,0,0,0,0,0,1,13,5,0,0,0,2,12,0,37,0,0,0,0,0,0,0,0,8,0,2,0,0
0,0,1,2,5,7,0,1,0,0,0,3,42,0,0,0,1,1,13,79,1,0,0,0,8,0,1,0,0,0,3,3,0,4,1,0,0,2,2,12,0,1,96,1,1,0,4,0
2,0,0,0,0,0,1,0,56,0,0,0,2,51,0,959,1,55,871,7,4,25,118,2813,0,516,0,1,60,338,4,0,1,34,0,624,46,25,4,3,11,1539,4,0,5,4,35,5
0,0,0,0,0,0,0,0,0,0,0,0,29,0,0,0,0,1,0,46,0,0,0,0,0,0,0,0,0,0,0,0,0,0,0,0,0,570,149,0,24,0,0,0,0,0,0,3
0,0,0,1,0,0,0,1,0,0,0,0,363,1,5,1,2,31,30,400,11,2,1,4,3,0,8,11,2,1,58,1,0,1,0,3,0,74,17,1,10,0,65,4,5,1,21,7
0,0,2,3,7,1,0,16,7,4,0,0,72,27,0,5,10,248,135,600,3,17,236,139,2,10,13,0,26,23,0,3,5,4,1,75,26,2,2,2,12,117,37,37,9,1,10,10
22,0,6,3,1,5,7,0,18,0,2,1,1,32,0,8,12,7,46,2,0,0,604,201,8,80,11,6,374,0,6,11,31,4,0,0,64,7,0,12,0,49,1,3,17,126,0,0
27,19,36,467,121,129,176,330,3,634,96,7,24,1,226,0,13,0,0,0,0,0,1,0,41,0,592,169,0,0,54,259,24,0,17,0,0,0,0,9,0,0,0,101,88,185,1,0
8,19,0,0,42,4,0,0,0,0,2,630,1,35,44,0,0,0,0,0,0,0,0,0,1,1,0,46,1,0,0,0,1,55,41,0,4,0,0,2,0,0,1,9,0,0,2,0
1,0,1,5,2,0,4,6,299,3,0,1,7,0,4,0,7,4,71,0,0,0,12,6,9,2,1,3,0,1,2,4,1,8,2,3,169,0,0,7,0,1,0,23,38,0,10,0
0,0,0,0,1,0,1,0,11,0,0,1,4,1,0,4,2,53,60,2,3,6,3,6,0,20,0,0,1,17,0,0,0,21,0,494,9,2,0,11,0,15,481,8,2,0,21,3
618,16,13,80,27,35,1117,31,9,41,11,10,12,33,28,0,3,2,0,0,5,0,1,1,6,8,69,27,0,0,150,101,17,8,12,0,0,0,0,782,0,1,0,73,135,1945,1,0
0,0,177,40,123,22,8,91,1,71,107,0,3,0,8,0,167,0,0,0,0,0,0,1,312,0,284,3,0,0,18,426,294,0,7,0,1,0,0,1,0,0,0,4,112,1,0,0
0,0,0,0,0,0,0,0,1,0,0,0,5,0,0,6,0,2062,3,16,1,3,0,0,0,3,0,0,0,26,0,0,0,0,0,14,0,9,2,2,2,5,24,0,0,0,8,9
0,0,0,0,14,0,1,0,1,0,0,1,131,2,0,0,0,3,18,149,0,0,2,2,1,7,3,3,2,0,16,2,0,1,1,2,0,7,5,10,4,1,792,2,1,3,3,2
0,0,0,0,1,0,1,0,7,0,0,0,2,2,0,19,1,8,31,1,2775,4913,3,17,0,114,0,0,3,59,0,0,0,11,0,76,5,0,0,0,0,17,25,3,2,0,2084,0
1,7,21,2,2,2,2,10,7,27,12,6,132,18,7,0,27,39,531,183,16,4,34,1,17,7,22,9,537,0,24,8,10,8,3,13,8,13,12,8,2,7,167,14,26,10,41,3
15,2,155,84,102,22,67,52,8,431,26,10,154,4,85,0,231,0,1,0,0,0,0,1,412,4,631,99,309,0,233,747,236,0,14,0,6,0,0,28,0,0,0,311,479,82,0,1
57,7,288,124,187,49,75,122,155,481,72,17,596,17,110,7,369,4,12,0,4,0,12,4,470,45,703,75,32,3,561,881,361,3,19,0,63,2,3,87,1,3,1,994,1114,49,6,0
3,0,1030,2,30,1,5,2,5,5,5,0,1,1,2,0,1902,0,2,0,1,0,0,0,1303,0,54,3,45,0,459,235,1576,0,1,0,8,0,0,5,0,0,0,10,249,4,1,0
0,0,0,0,0,0,0,0,0,0,0,0,63,0,0,0,0,3,1,86,0,0,0,1,0,1,0,1,4,0,49,0,0,0,0,0,0,785,155,0,25,0,2,0,1,0,0,4
1,0,0,0,3,0,0,0,3,0,0,0,907,0,0,3,1,36,9,1408,5,4,0,0,1,17,1,1,0,0,8,0,0,4,0,25,0,32,52,2,24,1,1428,1,0,0,19,22
0,0,0,0,0,0,0,0,32,0,0,0,2,6,0,3319,0,132,796,15,19,90,36,485,1,2580,0,0,28,2800,0,0,0,15,0,2702,28,36,20,4,18,816,29,1,3,1,92,24
49,148,99,7,871,95,8,20,11,8,92,982,2,1292,134,0,8,5,28,0,0,0,122,5,9,9,8,223,11,1,5,5,183,445,368,1,59,0,0,17,0,25,1,284,13,11,2,0
5,6,2,1,4,3,2,0,577,3,0,9,1,41,2,0,14,15,824,3,1,0,1570,12,10,11,1,8,5,6,2,7,2,21,4,0,423,0,0,14,0,149,0,19,12,2,20,0
7,5,20,10,16,11,3,8,2246,7,5,21,6,99,8,15,15,53,446,2,3,0,1427,182,6,39,9,19,66,58,4,13,20,28,6,4,2167,4,1,1,3,156,0,23,59,11,25,0
0,0,5,1,1,0,0,0,645,0,0,1,0,20,0,35,7,1,46,0,0,0,79,12,6,9,0,1,12,1,6,4,6,6,2,0,392,0,0,0,0,10,0,0,9,2,15,0
14,125,1,37,27,80,3,22,1,20,9,529,0,10,359,0,0,0,0,0,0,0,0,0,0,0,12,706,0,0,2,4,0,10,49,0,0,0,0,4,0,1,0,100,8,3,0,0
14,10,2,1,205,28,4,3,0,0,23,5,0,0,5,0,0,0,0,0,0,0,0,0,0,0,0,121,0,0,0,1,0,6,246,0,0,0,0,0,0,0,0,8,0,2,0,0
1,3,0,1,5,12,0,5,0,3,0,6,215,0,7,0,2,49,10,369,9,1,0,0,14,1,4,1,0,0,0,6,0,2,0,1,0,8,7,13,2,1,1246,4,1,0,2,1
1222,81,128,87,58,113,917,47,8,17,38,23,2,867,25,1,17,1,9,0,3,0,41,4,17,25,27,28,1,2,25,49,40,23,26,0,6,0,0,1633,0,7,0,30,45,556,1,0
0,0,0,0,0,0,0,0,0,0,0,0,6,0,0,0,0,116,0,23,0,0,0,0,0,1,0,0,0,0,0,0,0,0,0,2,0,176,2162,0,2831,0,1,0,0,0,2,2150
0,0,0,0,0,0,0,0,0,0,0,0,1,0,0,0,0,9,0,1,0,0,0,0,0,1,0,0,0,0,0,0,0,0,0,1,0,1784,410,0,24,0,2,0,0,0,0,4
0,0,0,1,0,2,0,1,0,0,0,0,1036,0,2,0,1,85,10,1691,23,2,0,1,1,10,2,2,1,0,7,2,0,0,0,16,0,276,81,13,72,0,143,6,2,0,8,42
0,0,0,0,0,0,0,0,0,0,0,0,9,0,0,21,0,400,8,65,1,0,2,3,0,8,0,0,0,95,0,0,0,0,0,19,0,12,5,0,27,12,8,1,0,0,7,38
2,15,4,9,44,17,10,8,0,11,6,52,23,2,22,0,0,0,0,0,0,0,0,0,5,4,21,18,0,0,30,35,3,4,38,0,3,0,0,9,0,0,0,109,25,3,0,0
14,6,8,6,27,11,26,7,23,34,2,77,21,41,42,0,136,0,0,0,0,0,1,0,187,5,39,105,7,0,752,271,24,46,9,0,16,0,0,27,0,0,0,124,337,21,1,0
2,1,0,0,0,1,0,0,9,1,0,7,10,185,2,22,4,590,24,17,4,0,346,119,1,4,1,2,52,66,4,1,1,35,3,17,14,1,4,4,3,342,10,9,13,5,4,3
50,10,8,1,268,7,6,3,15,1,6,48,2,147,2,0,1,1,24,0,0,1,8,0,1,1,2,6,1,0,6,2,7,1768,231,1,18,0,0,30,0,10,0,223,5,2,0,0
0,0,25,0,0,0,41,0,2,6,0,0,1,2,9,1,179,0,1,0,0,0,1,2,166,1,6,5,621,0,425,16,37,1,0,0,4,3,0,7,0,0,0,2,35,17,0,0
0,0,0,0,0,0,0,0,0,0,0,0,5,1,0,1,0,77,20,12,0,0,12,8,0,5,0,0,20,0,1,0,0,0,0,0,0,140,1138,0,1377,6,3,5,2,1,3,930
0,0,0,0,0,0,0,0,1,0,0,0,1,0,0,1,0,1,0,0,0,0,1,0,0,1,0,0,5,0,0,0,0,0,0,0,0,97,34,0,7,0,0,0,1,0,0,0
