0.49986,0.28576,0.34854,0.44889,0.20882,0.29532,0.38974,0.19742,0.5595,0.49041,0.26513,0.47742,0.41827,0.4904,0.476,0.78236,0.60413,0.4774,0.26452,0.34241,0.84773,0.98801,0.31491,0.66909,0.47836,0.42084,0.2045,0.22922,0.27337,0.82634,0.29439,0.18344,0.45541,0.35647,0.27833,0.68822,0.63274,0.33364,0.8004,0.51214,0.5305,0.51923,0.26628,0.3338,0.1774,0.5921,0.88691,0.66188
0.46582
52,138,2,47,38,725,129,490,0,52,780,0,2,0,0,0,0,0,0,0,0,0,0,0,0,0,40,120,0,0,0,0,0,12,385,0,0,0,0,4,0,0,0,5,0,43,0,0
3,3,51,1278,78,49,17,455,1,1227,185,0,16,0,0,0,12,0,0,0,4,0,0,0,52,0,193,18,2,0,4,189,7,0,5,0,0,0,0,0,0,0,0,16,126,6,0,0
53,76,23,117,168,285,23,181,1,108,364,3,110,0,2,2,1,3,18,23,10,1,0,3,1,1,155,134,1,3,19,11,4,21,210,40,0,4,6,2,0,7,42,288,16,7,6,2
57,714,0,0,33,269,22,160,0,3,267,0,1,73,0,0,0,0,0,0,0,0,0,0,0,0,19,228,0,0,0,0,0,275,791,0,0,0,0,10,0,0,0,1,0,15,0,0
0,28,1,41,1,100,2,156,0,41,197,0,0,0,0,0,0,0,0,0,1,0,0,0,1,0,110,39,0,0,0,0,0,0,2,0,0,0,0,0,0,0,0,0,1,8,0,0
84,296,26,31,145,95,17,76,15,25,116,0,272,33,0,0,2,8,2,20,11,0,11,1,4,0,121,347,1,3,23,14,5,104,227,2,12,0,1,18,1,8,19,1124,43,19,4,0
9,3,232,115,758,198,20,452,0,120,350,0,15,0,0,0,0,0,0,0,0,0,0,0,0,0,5,2,0,0,1,9,16,0,73,0,1,0,0,0,0,0,0,4,2,5,0,0
3,0,0,0,1,0,0,0,0,0,0,1,4,1,3,0,1,0,123,81,1,0,0,0,2,2,0,0,0,0,6,0,1,20,0,0,0,11,0,0,1,0,24,8,0,0,1,0
2,1,1,0,2,0,0,0,93,0,0,3,0,33,21,827,0,99,2,16,12,14,147,3223,0,1548,0,1,47,167,2,0,5,1,2,543,56,1,3,46,11,1170,88,0,1,6,26,4
0,0,0,0,0,0,0,0,0,0,0,162,0,0,392,0,0,0,15,1,0,0,0,0,0,0,0,0,0,0,0,0,0,0,0,0,0,224,15,0,11,0,0,0,0,0,0,2
0,0,0,2,0,0,0,0,0,0,0,14,10,2,92,0,0,14,549,75,17,0,1,0,0,16,7,4,11,2,12,1,0,0,0,1,0,254,9,0,2,0,31,10,1,1,4,4
0,1,2,2,8,1,1,0,8,1,0,2,8,3,2,6,3,200,596,31,14,2,227,138,0,123,2,2,21,14,5,2,2,3,0,105,22,60,7,10,5,19,227,41,5,1,4,23
7,1,10,7,17,4,3,0,34,2,0,1,2,7,27,2,10,44,0,5,7,0,635,180,5,111,6,6,271,43,6,12,47,0,2,0,72,0,0,47,2,3,9,8,45,88,0,0
42,8,78,614,183,74,132,122,1,458,104,0,218,1,0,0,12,0,3,0,2,0,1,0,50,0,536,165,11,0,139,353,28,0,42,0,0,0,0,2,0,0,0,178,170,123,0,0
3,460,2,0,3,7,2,4,0,0,23,0,7,72,0,0,0,0,0,1,1,0,0,0,4,3,5,84,0,0,0,0,0,227,14,0,2,0,0,10,0,0,0,14,0,0,1,0
2,4,0,0,2,0,2,4,155,0,0,0,29,2,0,0,9,3,0,1,7,0,22,2,13,7,4,2,5,1,6,3,1,2,2,1,108,0,0,3,0,2,192,62,42,2,15,0
0,0,0,0,0,0,0,0,6,0,0,0,2,3,3,4,0,37,10,488,11,4,1,3,0,53,0,0,3,26,1,0,0,8,0,146,6,0,0,1,0,7,418,2,0,0,18,2
1171,2,9,70,31,36,988,32,1,44,21,0,164,7,1,0,3,3,1,1,16,0,0,2,4,1,64,39,4,2,312,53,35,10,48,0,0,0,0,204,0,2,2,176,130,1739,0,0
0,0,289,100,219,0,4,18,1,90,2,0,71,0,0,0,156,0,0,0,0,0,0,0,272,0,25,3,2,0,39,450,255,0,6,0,0,0,0,0,0,0,0,2,276,2,0,0
0,0,0,0,0,0,0,0,0,0,0,4,0,0,21,7,0,1922,77,14,12,2,0,0,0,17,0,0,0,9,0,0,0,0,0,30,0,27,6,0,4,4,6,0,0,0,9,30
3,1,0,0,2,1,3,0,0,0,0,1,7,2,13,0,1,3,137,800,4,0,1,0,1,19,1,3,5,0,5,0,1,11,0,0,0,121,2,6,1,0,30,3,1,2,0,1
0,0,0,0,0,0,0,0,3,0,0,0,1,4,2,18,1,7,1,31,2483,4860,1,5,0,48,1,0,11,236,0,0,0,1,0,114,6,0,0,2,0,56,89,2,1,0,2196,0
0,6,26,3,14,0,6,19,3,31,2,19,7,7,29,0,10,29,244,195,179,0,63,1,18,19,40,6,699,3,12,11,9,5,3,5,6,154,2,14,1,0,94,12,21,15,15,3
29,7,197,143,228,12,36,14,0,108,14,1,719,0,0,0,142,1,0,0,1,0,0,0,277,1,329,120,404,0,590,463,283,10,53,0,5,0,0,0,0,0,2,404,388,61,0,0
99,10,293,149,430,26,67,39,50,90,11,3,1589,1,6,6,206,9,6,3,16,0,3,6,305,7,484,92,58,3,1159,405,436,15,66,2,45,3,1,14,2,2,61,1423,493,48,2,1
4,0,787,7,279,0,4,0,6,2,0,0,177,0,0,0,1581,0,0,0,1,0,0,0,1315,3,55,5,154,0,682,236,1338,0,1,0,7,0,0,0,0,0,7,6,287,6,0,0
0,0,0,0,0,0,0,0,0,0,0,152,0,0,478,0,0,1,20,4,0,0,0,0,0,2,0,0,5,1,5,0,0,0,0,0,0,454,7,0,48,0,0,1,0,0,0,3
1,0,0,0,0,0,1,0,0,0,0,25,13,0,26,0,2,10,1047,1358,6,0,0,0,1,6,1,2,3,5,8,0,0,19,0,1,0,1379,20,0,2,1,67,2,0,0,9,3
0,0,0,0,0,0,0,0,41,0,0,27,0,11,52,3397,0,191,5,120,47,29,40,776,1,1781,0,0,26,3012,0,0,0,1,0,2320,18,0,9,10,15,1809,301,0,1,0,70,20
27,985,66,5,561,87,6,76,11,11,135,0,24,799,0,0,4,5,0,4,2,0,210,5,6,13,19,430,16,1,3,3,31,1165,321,0,52,0,0,396,0,33,70,55,13,12,4,0
10,9,2,0,5,2,1,0,555,1,2,0,10,28,0,0,5,11,1,1,6,0,1519,36,7,36,2,5,19,3,6,2,4,28,1,0,357,0,0,52,0,101,916,22,15,2,29,0
2,25,29,9,49,8,9,9,2111,4,6,0,13,50,2,12,16,67,1,1,15,0,1533,241,15,144,17,29,62,21,6,11,14,8,14,1,1971,0,0,58,5,120,489,38,52,17,33,0
0,4,6,0,2,1,0,0,636,0,0,0,4,23,0,27,8,2,0,0,1,0,94,14,11,84,3,3,25,0,1,2,6,1,0,0,324,0,0,9,0,7,13,1,8,3,11,0
15,504,6,18,8,222,12,52,0,27,217,0,16,28,0,0,0,0,0,0,0,0,1,0,2,0,152,681,0,0,0,7,0,33,61,0,0,0,0,1,0,1,0,55,10,7,0,0
4,8,6,2,164,45,5,19,0,1,28,0,2,9,0,0,0,0,0,0,0,0,0,0,0,0,3,72,0,0,0,0,0,25,285,0,0,0,0,2,0,0,0,0,2,2,0,0
1,0,0,0,0,0,0,5,0,1,1,5,11,0,2,0,1,11,1194,554,9,3,0,0,7,2,0,1,0,1,7,1,0,15,0,5,0,130,1,0,1,0,29,14,0,0,0,0
1734,14,86,72,78,140,988,83,4,28,85,0,44,29,0,1,11,1,0,4,5,0,28,7,14,6,20,34,1,2,35,50,343,30,107,0,6,0,0,1308,0,1,36,60,111,643,1,0
0,0,0,0,0,0,0,0,0,0,0,1332,0,0,118,0,0,53,15,2,0,0,0,0,0,1,0,0,0,2,0,0,0,0,0,2,0,43,2394,0,1386,0,1,0,0,0,1,2120
0,0,0,0,0,0,0,0,0,0,0,550,0,0,1557,0,0,19,4,15,0,0,0,0,0,0,0,0,0,1,0,0,0,0,0,0,0,15,51,0,21,0,0,0,0,0,0,4
0,0,0,1,0,0,0,0,0,0,0,71,9,0,179,0,1,11,1498,94,15,3,0,0,0,5,0,1,4,8,6,0,0,0,0,8,0,1471,58,0,20,0,43,7,1,0,1,24
0,0,0,0,0,0,0,0,0,0,0,3,0,0,7,19,0,358,54,8,3,1,0,4,0,48,0,0,0,57,1,0,0,0,0,33,0,31,13,0,16,5,10,0,0,0,6,64
7,43,2,5,53,18,9,7,0,9,17,0,72,1,0,0,0,0,0,0,0,0,0,0,2,0,7,24,0,0,48,14,0,31,43,0,0,0,0,4,0,0,2,93,16,5,0,0
24,61,11,8,14,39,16,5,12,17,6,0,117,29,0,0,156,0,0,1,1,0,2,0,187,1,118,234,17,1,458,209,27,26,7,0,11,0,0,62,0,0,9,82,461,24,0,0
1,4,0,0,0,0,0,0,18,1,0,3,1,41,2,11,0,802,32,7,7,0,309,161,0,90,2,2,31,9,4,0,2,5,6,12,19,4,1,153,5,125,32,10,12,11,7,1
19,31,4,0,51,10,6,4,6,0,9,0,11,1251,0,0,0,2,0,1,2,0,9,1,2,11,1,28,2,0,5,1,7,1171,64,0,7,0,0,101,0,1,68,30,4,2,1,0
1,0,11,1,4,1,4,0,0,0,0,0,21,1,9,0,263,0,0,0,0,0,4,3,170,8,74,5,611,0,321,12,31,2,1,0,2,8,0,5,0,0,8,1,22,12,0,0
0,0,0,0,0,0,0,0,0,0,0,381,0,0,139,2,0,94,8,5,0,0,5,5,0,15,0,0,21,9,0,0,0,0,0,0,0,14,383,0,1783,0,5,3,1,0,2,892
0,0,0,0,1,0,0,0,1,0,0,27,0,0,86,1,0,6,0,1,0,0,1,0,0,0,0,0,4,0,0,0,0,0,0,0,0,1,2,0,18,0,0,0,1,0,0,0
