0.44565,0.27311,0.33407,0.40621,0.21394,0.32258,0.38814,0.30772,0.57109,0.4379,0.26462,0.47169,0.40752,0.44065,0.47612,0.78864,0.41746,0.48541,0.27201,0.37647,0.86034,0.98756,0.31138,0.66949,0.50931,0.41562,0.20992,0.23537,0.26812,0.82253,0.31651,0.4014,0.46672,0.37803,0.27614,0.6995,0.63065,0.33479,0.79932,0.65188,0.52215,0.52007,0.23686,0.28222,0.27863,0.59353,0.89316,0.66303
0.46836
96,177,2,30,48,810,130,277,0,34,810,0,2,0,0,0,0,0,0,0,0,0,0,0,0,0,14,168,0,0,0,0,0,15,397,0,0,0,0,3,0,0,0,9,1,41,0,0
3,3,51,1256,80,94,16,741,1,1174,164,0,16,0,0,0,52,0,0,0,1,0,0,0,33,0,167,23,1,0,2,19,10,0,6,0,0,0,0,0,0,0,0,19,59,6,0,0
60,87,22,99,163,279,22,146,2,97,365,2,112,0,2,1,0,4,17,18,8,1,0,4,0,2,95,137,1,6,21,1,3,15,220,39,1,3,5,1,0,5,38,372,69,5,3,2
77,781,0,0,45,268,23,62,0,1,265,0,1,47,0,0,0,0,0,1,0,0,0,0,0,0,9,241,0,0,0,0,0,313,779,0,0,0,0,5,0,0,0,3,3,14,0,0
1,36,1,34,1,131,4,135,0,32,247,0,0,0,0,0,0,0,0,0,0,0,0,0,1,0,43,46,0,0,0,0,0,0,1,0,0,0,0,0,0,0,0,1,6,9,0,0
98,278,23,36,145,69,18,64,13,26,107,0,261,31,0,0,5,6,0,21,11,0,12,1,4,0,100,328,1,3,30,3,8,94,236,1,10,0,0,11,0,7,13,1097,199,15,1,0
12,3,229,115,798,288,23,407,0,56,337,0,13,0,0,0,2,0,0,1,0,0,0,0,0,0,2,3,0,0,1,1,14,0,66,0,0,0,0,0,0,0,0,9,6,4,0,0
3,0,0,0,1,0,0,0,0,0,0,2,3,1,4,0,0,0,116,92,1,0,0,0,2,2,0,0,0,0,8,0,1,16,0,0,0,9,0,0,0,0,22,11,0,0,1,0
2,0,1,0,2,0,0,0,94,0,0,2,0,35,17,809,0,95,3,5,12,14,154,3241,0,1567,2,1,48,167,1,0,4,1,2,532,58,0,2,33,15,1145,118,0,7,8,26,1
0,0,0,0,0,0,0,0,0,0,0,163,0,0,389,0,0,0,19,0,0,0,0,0,0,0,0,0,0,0,0,0,0,0,0,0,0,222,15,0,12,0,0,0,0,0,0,2
0,0,0,1,0,0,0,1,0,0,0,14,11,1,95,0,0,16,546,87,18,0,1,0,2,12,8,6,13,1,7,0,0,0,0,2,0,238,8,0,3,0,30,16,0,1,6,2
0,0,1,0,9,1,1,1,6,0,0,2,9,3,1,8,5,200,598,33,15,2,240,137,2,128,2,2,19,17,6,0,2,3,0,96,21,52,6,7,4,22,217,42,14,1,4,20
10,0,8,10,15,4,5,1,31,2,1,3,2,8,26,0,18,52,0,4,5,0,633,172,6,116,18,4,264,46,3,12,51,0,2,0,72,0,0,26,2,4,5,7,39,101,0,0
36,10,83,679,187,78,147,203,1,598,133,0,255,1,0,0,48,0,3,0,1,0,1,0,40,0,535,174,3,0,98,61,33,0,44,0,0,0,0,1,0,0,0,201,93,103,0,0
4,439,2,0,4,4,0,1,0,0,23,0,8,80,0,0,0,0,0,0,1,0,0,0,6,3,1,79,1,0,0,0,1,243,12,0,3,0,0,6,0,0,1,23,2,1,1,0
0,2,0,1,2,0,1,2,140,0,0,0,23,3,0,0,10,3,0,1,4,0,20,2,12,9,5,2,8,1,8,4,2,2,3,1,106,0,0,4,0,3,143,29,150,1,10,0
0,0,0,0,0,0,0,0,7,0,0,0,0,3,3,4,0,35,14,244,13,4,1,3,0,51,0,0,3,25,1,0,0,3,0,105,6,0,0,1,0,11,704,1,2,0,16,3
1095,4,9,95,26,23,982,31,2,45,21,0,175,7,1,0,7,0,1,0,10,0,0,2,2,1,137,34,3,0,284,9,39,10,45,0,0,0,0,268,0,2,1,139,230,1688,0,0
0,0,310,171,217,1,7,37,0,134,2,0,85,0,0,0,340,0,0,0,0,0,0,0,235,0,40,2,2,0,35,360,217,0,6,0,0,0,0,0,0,0,0,1,79,1,0,0
0,0,0,0,0,0,0,0,0,0,0,4,0,0,21,7,0,1930,74,12,6,2,0,0,0,15,0,0,0,9,0,0,0,0,0,26,0,27,8,0,5,5,11,0,1,0,10,28
3,0,0,0,4,1,3,0,0,0,0,2,5,2,15,0,0,3,102,835,3,0,1,0,1,18,2,4,4,0,7,1,0,8,0,0,0,122,2,13,1,0,22,5,1,1,0,1
0,0,0,0,0,0,0,0,3,0,0,0,1,4,3,16,0,7,1,16,2495,4842,2,5,0,43,1,0,11,245,0,0,0,1,0,104,5,0,0,0,0,54,107,2,4,1,2207,0
0,6,27,2,15,0,6,23,4,26,3,20,5,7,33,0,11,27,248,211,167,0,62,0,23,19,56,8,699,2,13,6,10,5,2,1,8,149,2,7,2,0,75,8,28,12,19,3
31,4,209,194,212,10,41,25,0,192,22,1,809,0,0,0,260,0,1,0,1,0,0,0,262,1,534,121,374,0,539,271,255,5,49,0,4,0,0,0,0,0,2,350,218,45,0,0
90,10,301,179,394,21,67,64,43,146,15,1,1604,0,3,5,208,3,6,2,9,0,3,9,293,7,639,86,57,1,1173,338,416,8,67,2,32,4,1,7,1,1,20,1031,832,43,2,1
2,0,759,13,241,0,3,0,6,3,0,0,156,0,0,0,1014,0,0,0,1,0,0,0,1367,2,150,5,183,0,681,975,1276,0,3,0,5,0,0,0,0,0,4,3,90,8,0,0
0,0,0,0,0,0,0,0,0,0,0,155,0,0,485,0,0,3,21,3,0,0,0,0,0,2,0,0,5,1,3,0,0,0,0,0,0,445,6,0,46,0,0,1,0,0,0,5
0,0,0,0,0,0,0,0,0,0,0,26,13,0,25,0,0,7,997,1405,7,0,0,0,0,5,0,2,3,7,8,2,0,20,0,1,0,1375,21,1,2,0,77,2,1,0,8,3
0,0,0,0,0,0,0,0,44,0,0,33,0,11,53,3429,0,190,3,55,46,30,39,772,1,1761,0,0,25,3008,0,0,0,1,0,2244,19,0,9,8,15,1827,415,0,2,0,69,21
23,969,68,3,664,70,4,36,7,7,136,0,18,1025,1,0,10,3,0,7,3,0,238,3,5,20,13,404,11,1,3,3,38,981,319,0,66,0,0,245,0,38,73,99,31,17,4,0
8,8,2,0,3,1,2,1,551,2,3,0,9,29,0,0,7,8,1,3,6,0,1541,41,4,40,1,6,21,4,11,7,2,23,1,0,348,0,0,37,0,105,874,14,60,1,26,0
5,17,28,10,39,10,9,9,2157,5,5,0,14,55,2,11,15,46,1,2,17,0,1506,243,10,145,19,31,69,22,7,6,19,7,14,1,1938,0,0,21,6,129,471,18,155,12,31,0
1,2,6,0,2,0,0,0,629,1,0,0,2,25,0,24,3,2,0,0,0,0,99,10,10,88,6,2,26,0,1,3,6,3,0,0,331,0,0,2,0,7,5,0,25,3,10,0
21,547,4,27,13,154,10,41,0,36,274,0,16,32,0,0,0,0,0,0,0,0,1,0,1,0,34,716,0,0,1,0,0,36,57,0,0,0,0,0,0,0,0,74,37,4,0,0
7,14,5,5,186,26,6,10,0,0,21,0,1,12,0,0,0,0,0,0,0,0,0,0,0,0,0,78,0,0,0,0,1,21,282,0,0,0,0,2,0,0,0,1,4,2,0,0
0,1,0,0,1,0,0,4,0,1,0,5,9,0,3,0,0,11,1189,552,9,3,0,0,7,0,0,1,0,2,8,0,0,11,0,4,0,135,1,0,1,0,41,13,0,0,0,0
1394,20,93,102,71,129,957,69,7,27,77,0,40,59,0,1,25,1,0,3,4,0,35,10,11,6,12,33,0,2,55,34,262,24,90,0,5,0,0,1764,0,1,23,56,113,634,1,0
0,0,0,0,0,0,0,0,0,0,0,1333,0,0,115,0,0,53,15,2,0,0,0,0,0,0,0,0,0,3,0,0,0,0,0,2,0,42,2354,0,1423,0,0,0,0,0,1,2127
0,0,0,0,0,0,0,0,0,0,0,560,0,0,1555,0,0,18,6,11,0,0,0,0,0,0,0,0,0,1,0,0,0,0,0,1,0,14,47,0,19,0,0,0,0,0,0,5
0,0,0,1,0,0,0,0,0,0,0,65,9,0,178,0,0,12,1523,86,15,4,0,0,0,5,0,1,4,7,6,1,0,0,0,6,0,1457,62,0,19,0,42,9,1,0,0,26
0,0,0,0,0,0,0,0,0,0,0,1,0,0,6,18,0,372,58,6,2,1,0,2,0,42,0,0,0,60,1,0,0,0,0,32,0,29,15,0,18,6,10,0,1,0,6,55
4,42,3,11,50,12,12,11,0,7,16,0,71,2,0,0,3,0,0,0,0,0,0,0,1,0,9,24,0,0,47,6,0,25,44,0,1,0,0,3,0,0,0,108,14,6,0,0
20,55,14,18,14,23,18,5,8,27,6,0,137,44,0,0,288,0,0,0,0,0,1,0,162,1,199,230,11,1,378,236,29,27,6,0,6,0,0,29,0,0,7,65,357,31,0,0
2,2,0,0,1,0,0,0,15,1,0,2,1,46,1,12,1,775,30,5,7,0,336,176,0,91,3,4,28,6,4,2,0,4,7,8,17,4,3,119,6,140,38,4,23,11,6,2
17,31,3,0,73,4,7,1,4,0,8,0,10,1240,0,0,2,2,0,2,2,0,13,1,3,12,1,28,1,0,6,2,3,1170,60,0,8,0,0,79,0,1,71,41,13,3,1,0
3,0,8,0,4,0,6,0,1,1,0,0,30,1,9,0,95,0,0,0,0,0,4,3,178,7,187,8,684,0,249,66,32,0,1,0,3,9,0,3,0,0,7,0,6,11,0,0
0,0,0,0,0,0,0,0,0,0,0,401,0,0,137,2,0,88,6,6,0,0,5,4,0,16,0,0,19,9,0,0,0,0,0,0,0,15,375,0,1768,0,3,3,7,0,2,901
0,0,0,0,0,0,0,0,1,0,0,29,0,0,83,1,0,4,0,1,0,0,1,0,0,0,0,0,5,0,0,0,0,0,0,0,0,1,3,0,18,0,0,0,3,0,0,0
