0.50014,0.28017,0.34459,0.44338,0.21043,0.29761,0.39017,0.19814,0.56315,0.49344,0.26617,0.4795,0.41611,0.49234,0.47486,0.78346,0.59241,0.47837,0.26042,0.34239,0.84863,0.98779,0.31336,0.66938,0.49593,0.42279,0.20608,0.22818,0.27437,0.82731,0.29877,0.19124,0.45761,0.35699,0.27758,0.68644,0.63149,0.33836,0.79933,0.51107,0.53124,0.51134,0.26809,0.31361,0.21572,0.59244,0.88644,0.66314
0.46599
54,137,2,43,37,736,129,490,0,49,786,0,3,0,0,0,0,0,0,0,0,0,0,0,0,0,35,120,0,0,0,0,0,11,381,0,0,0,0,3,0,0,0,5,0,43,0,0
3,3,52,1300,76,51,17,459,1,1242,190,0,17,0,0,0,16,0,0,0,4,0,0,0,44,0,204,18,1,0,4,152,7,0,5,0,0,0,0,0,0,0,1,16,108,6,0,0
49,82,23,109,163,285,21,174,2,107,357,2,115,0,2,2,1,6,17,21,10,1,0,2,1,1,145,135,1,6,17,9,4,23,216,39,1,4,8,1,0,6,39,305,28,7,6,2
59,720,0,0,37,274,23,154,0,3,266,0,1,69,0,0,0,0,0,0,0,0,0,0,0,0,13,229,0,0,0,0,0,278,785,0,0,0,0,9,0,0,0,1,1,16,0,0
0,29,1,42,1,100,2,159,0,42,207,0,0,0,0,0,0,0,0,0,1,0,0,0,1,0,90,41,0,0,0,0,0,0,2,0,0,0,0,0,0,0,0,0,2,9,0,0
87,290,24,35,146,92,17,70,16,24,111,0,266,29,0,0,2,9,1,20,9,0,11,2,5,1,121,355,1,3,26,12,6,102,229,2,11,0,1,19,1,8,19,1125,56,17,5,0
9,3,231,106,767,198,20,469,0,112,347,0,15,0,0,0,0,0,0,0,0,0,0,0,0,0,4,2,0,0,1,9,16,0,69,0,1,0,0,0,0,0,0,4,1,6,0,0
3,0,0,0,1,0,0,0,0,0,0,1,5,1,4,0,0,0,127,78,1,0,0,0,0,2,0,0,0,0,8,0,1,21,0,0,0,7,0,0,1,0,20,13,0,0,1,0
3,0,1,0,2,0,0,0,99,0,0,5,0,31,21,828,0,94,3,15,11,15,153,3211,0,1540,0,1,48,167,3,0,5,2,2,542,59,0,3,44,12,1182,84,0,2,6,26,4
0,0,0,0,0,0,0,0,0,0,0,159,0,0,388,0,0,0,16,1,0,0,0,0,0,0,0,0,0,0,0,0,0,0,0,0,0,228,16,0,12,0,0,0,0,0,0,2
0,0,0,2,0,0,0,0,0,0,0,15,11,2,94,0,0,14,559,68,16,0,0,0,1,17,8,4,11,2,11,0,0,0,0,2,1,242,9,0,2,0,30,15,0,1,6,3
0,1,1,3,9,0,1,1,6,1,0,1,9,2,3,6,3,189,603,32,13,2,232,135,1,127,2,1,18,13,6,2,2,3,0,110,20,55,9,11,6,22,218,45,8,0,5,22
8,1,8,9,16,4,3,0,31,3,0,1,2,6,25,2,11,46,0,3,10,0,644,179,5,111,5,6,273,37,6,10,50,0,1,0,65,0,0,46,2,4,12,5,47,91,0,0
40,8,84,643,187,75,136,127,1,464,103,0,215,1,0,0,15,0,3,0,2,0,1,0,43,0,549,168,9,0,129,315,28,0,42,0,0,0,0,2,0,0,0,192,142,126,0,0
2,464,2,0,3,6,1,3,1,0,19,0,8,74,0,0,0,0,0,1,1,0,0,0,5,2,4,87,1,0,0,0,0,219,15,0,1,0,0,10,0,0,0,19,0,0,1,0
2,3,0,0,2,0,2,3,150,0,0,0,27,2,0,0,9,2,0,1,9,0,21,2,13,7,4,3,6,1,9,2,1,2,2,1,107,0,0,5,0,3,198,51,53,1,13,0
0,0,0,0,0,0,0,0,6,0,0,1,1,3,4,4,0,35,13,491,12,4,1,4,0,53,0,0,3,25,1,0,0,6,0,145,7,0,0,1,0,8,416,3,0,0,15,1
1176,2,11,78,30,36,981,33,1,45,22,0,164,8,1,0,4,3,2,1,15,0,0,2,1,1,63,39,4,1,308,46,35,10,48,0,0,0,0,201,0,2,4,164,146,1740,0,0
0,0,284,112,224,0,5,18,0,94,2,0,76,0,0,0,171,0,0,0,0,0,0,0,265,0,27,3,2,0,41,461,244,0,6,0,0,0,0,0,0,0,0,1,245,1,0,0
0,0,0,0,0,0,0,0,0,0,0,3,0,0,24,8,0,1913,81,14,12,2,0,0,0,16,0,0,0,10,0,0,0,0,0,30,0,26,6,0,5,4,9,0,0,0,9,29
5,1,0,0,2,1,3,0,0,0,0,1,7,2,12,0,1,3,135,804,1,0,1,0,1,19,1,3,5,0,5,0,0,11,0,1,0,119,2,7,1,0,31,3,1,2,0,1
0,0,0,0,0,0,0,0,3,0,0,0,1,4,2,15,1,7,2,30,2478,4852,1,5,0,50,1,0,11,235,0,0,0,1,0,115,5,0,0,2,0,58,87,2,3,0,2209,0
0,7,25,3,16,0,6,17,4,32,2,19,3,7,30,0,14,29,253,199,174,0,60,0,18,18,41,6,698,2,11,10,9,5,3,4,7,145,1,16,2,0,92,13,27,15,15,2
31,7,194,159,225,13,39,10,0,104,17,1,717,0,0,0,151,0,0,0,1,0,0,0,264,1,353,119,402,0,596,476,272,8,51,0,5,0,0,0,0,0,3,404,359,60,0,0
100,9,293,158,431,24,60,36,55,86,12,2,1565,0,5,5,197,5,5,3,17,0,2,6,290,8,517,93,58,2,1193,405,434,13,66,2,45,3,1,13,2,2,50,1309,612,49,1,1
4,0,765,9,283,0,4,0,6,2,0,0,173,0,0,0,1545,0,0,0,1,0,1,0,1342,2,70,5,147,0,685,267,1344,0,2,0,5,0,0,0,0,0,5,5,273,5,0,0
0,0,0,0,0,0,0,0,0,0,0,151,0,0,489,0,0,2,17,4,0,0,0,0,0,2,0,0,5,1,5,0,0,0,0,0,0,446,7,0,48,0,0,1,0,0,0,3
0,0,0,0,0,0,1,0,0,0,0,26,15,0,26,0,1,10,1057,1349,7,0,0,0,1,5,1,2,1,7,8,0,0,21,0,2,0,1372,20,0,2,0,68,3,0,0,10,3
0,0,0,0,0,0,0,0,39,0,0,30,0,11,50,3401,0,201,2,128,49,30,42,773,1,1785,0,0,26,2999,0,0,0,1,0,2314,20,0,8,10,14,1803,301,0,1,0,70,21
28,968,65,2,554,81,5,78,9,10,133,0,22,802,1,0,4,4,0,4,2,0,207,4,6,15,16,441,13,1,4,3,32,1177,324,0,60,0,0,395,0,34,67,68,13,11,3,0
10,13,2,0,4,1,1,0,555,1,2,0,9,29,0,0,8,12,1,1,7,0,1506,39,4,38,3,5,18,2,9,5,2,26,1,0,354,0,0,51,0,106,919,16,20,2,29,0
3,25,26,9,46,10,9,10,2127,5,5,0,12,48,2,13,15,54,1,0,16,0,1527,236,12,144,15,31,57,24,5,11,16,8,13,1,1957,0,0,58,6,131,498,32,68,17,34,0
0,2,5,0,2,1,0,0,626,0,0,0,3,23,0,25,9,2,0,0,0,0,102,15,12,83,4,2,24,0,1,2,6,2,0,0,329,0,0,9,0,8,12,1,10,4,10,0
15,513,5,18,8,227,10,46,0,30,231,0,15,29,0,0,0,0,0,0,0,0,1,0,2,0,124,685,0,0,0,5,0,34,58,0,0,0,0,1,0,1,0,60,10,8,0,0
4,9,6,2,166,43,5,21,0,1,25,0,2,9,0,0,0,0,0,0,0,0,0,0,0,0,2,70,0,0,0,0,0,26,286,0,0,0,0,3,0,0,0,0,2,2,0,0
1,2,0,0,0,0,0,4,0,0,1,5,9,0,4,0,1,10,1211,539,8,3,0,0,5,2,0,1,1,1,6,1,0,14,0,4,0,135,1,0,1,0,30,12,0,0,0,0
1753,14,83,71,81,152,984,77,5,29,85,0,44,29,0,1,9,1,1,3,6,0,26,8,14,7,17,33,1,2,43,43,356,36,103,0,4,0,0,1293,0,1,34,56,109,635,1,0
0,0,0,0,0,0,0,0,0,0,0,1345,0,0,114,0,0,56,17,2,0,0,0,0,0,1,0,0,0,1,0,0,0,0,0,2,0,46,2382,0,1370,0,1,0,0,0,1,2132
0,0,0,0,0,0,0,0,0,0,0,554,0,0,1558,0,0,20,4,15,0,0,0,0,0,0,0,0,0,1,0,0,0,0,0,0,0,11,49,0,22,0,0,0,0,0,0,3
0,0,0,1,0,0,0,0,0,0,0,63,9,0,183,0,1,12,1487,91,13,1,0,0,0,5,0,1,4,7,4,0,0,0,0,10,0,1481,57,0,21,0,45,11,1,0,3,28
0,0,0,0,0,0,0,0,0,0,0,2,0,0,7,17,0,362,56,8,4,1,0,3,0,45,0,0,0,59,1,0,0,0,0,32,0,30,14,0,17,7,12,0,0,0,6,58
8,40,3,6,49,18,9,7,0,10,15,0,70,1,0,0,1,0,0,0,0,0,0,0,3,0,7,24,0,0,47,16,0,33,45,0,0,0,0,3,0,0,2,94,16,5,0,0
24,63,11,11,14,37,15,3,12,20,6,0,118,27,0,0,169,0,0,1,1,0,2,0,174,1,124,235,16,1,473,211,27,28,7,0,9,0,0,61,0,0,10,79,436,27,0,0
2,4,0,0,2,0,0,0,15,1,1,3,1,42,2,11,0,800,30,7,8,1,312,163,0,84,2,2,32,7,4,0,2,5,5,13,16,4,2,147,4,135,34,7,13,11,9,0
21,35,2,0,56,7,7,4,6,0,8,0,10,1253,0,0,0,2,0,0,1,0,10,1,3,12,0,28,2,0,4,1,7,1168,61,0,6,0,0,105,0,1,63,30,6,1,2,0
1,0,11,1,4,1,6,0,0,0,0,0,21,1,8,0,249,0,0,0,0,0,4,2,169,5,92,4,615,0,319,15,31,3,0,0,4,8,0,4,0,0,8,1,16,13,0,0
0,0,0,0,0,0,0,0,0,0,0,385,0,0,137,2,0,92,6,5,0,0,5,5,0,12,0,0,24,8,0,0,0,0,0,0,0,14,383,0,1777,0,6,3,1,0,2,900
0,0,0,0,1,0,0,0,1,0,0,30,0,0,85,1,0,4,0,1,0,0,1,0,0,0,0,0,6,0,0,0,0,0,0,0,0,1,1,0,17,0,0,0,1,0,0,0
