0.49074,0.2825,0.33363,0.41952,0.20745,0.30685,0.39069,0.21947,0.56408,0.48031,0.26168,0.47592,0.41215,0.48563,0.47549,0.78796,0.56177,0.48319,0.26259,0.34306,0.85685,0.98799,0.3136,0.6699,0.50986,0.41964,0.2093,0.23281,0.27098,0.82447,0.29759,0.21503,0.44135,0.35787,0.27928,0.69063,0.63666,0.33696,0.80162,0.51795,0.5305,0.51992,0.26634,0.28987,0.25744,0.59414,0.8855,0.66138
0.4656
64,148,2,34,39,757,128,440,0,46,784,0,2,0,0,0,0,0,0,0,0,0,0,0,0,0,28,139,0,0,0,0,0,14,385,0,0,0,0,4,0,0,0,8,1,41,0,0
3,3,54,1311,76,73,13,532,1,1232,193,0,15,0,0,0,19,0,0,0,3,0,0,0,38,0,220,19,1,0,4,53,6,0,5,0,0,0,0,0,0,0,0,20,97,6,0,0
55,85,24,91,161,286,20,164,2,102,355,2,111,0,2,2,0,2,18,23,9,1,0,4,1,1,132,128,1,8,18,5,3,24,214,38,0,4,5,2,0,6,36,342,57,5,4,2
63,743,0,0,35,265,23,122,0,2,259,0,1,65,0,0,0,0,0,0,0,0,0,0,0,0,12,243,0,0,0,0,0,286,794,0,0,0,0,7,0,0,0,0,2,16,0,0
1,30,1,32,1,112,3,157,0,40,222,0,0,0,0,0,0,0,0,0,0,0,0,0,1,0,67,45,0,0,0,0,0,0,1,0,0,0,0,0,0,0,0,1,5,10,0,0
93,296,25,33,141,76,17,68,16,23,110,0,259,29,0,0,2,8,0,17,13,0,12,1,4,1,109,333,1,2,27,8,8,98,237,2,10,0,0,17,0,8,20,1109,132,19,2,0
9,2,239,99,757,243,22,456,0,94,342,0,15,0,0,0,1,0,0,0,0,0,0,0,0,0,4,3,0,0,1,2,15,0,70,0,1,0,0,0,0,0,0,7,3,5,0,0
3,0,0,0,1,0,0,0,0,0,0,1,4,1,4,0,0,0,128,77,1,0,0,0,1,2,0,0,0,0,9,0,1,18,0,0,0,9,0,0,1,0,23,10,0,0,1,0
2,0,1,0,2,0,0,0,95,0,0,3,0,31,21,808,0,102,1,15,11,14,151,3245,0,1555,0,1,44,166,1,0,6,0,2,546,56,0,1,47,11,1155,91,0,7,5,26,2
0,0,0,0,0,0,0,0,0,0,0,163,0,0,393,0,0,0,17,1,0,0,0,0,0,0,0,0,0,0,0,0,0,0,0,0,0,221,16,0,9,0,0,0,0,0,0,2
0,0,0,2,0,0,0,0,0,0,0,17,8,2,89,0,0,13,553,69,18,0,0,0,2,17,7,3,14,2,11,0,0,0,0,1,0,249,8,1,3,0,30,18,0,1,4,4
0,1,1,3,10,1,1,0,8,1,0,2,8,3,2,7,3,195,593,29,12,2,225,136,0,124,1,2,20,13,6,0,2,3,0,103,22,58,7,11,5,21,234,42,14,1,4,23
8,1,10,13,14,6,4,0,33,3,1,2,1,7,24,1,20,42,0,3,6,0,630,177,6,114,11,4,264,47,5,12,48,0,2,0,72,0,0,46,3,3,7,4,51,83,0,0
38,8,91,699,184,71,142,133,0,514,116,0,231,1,0,0,22,0,2,0,2,0,1,0,38,0,594,169,7,0,118,152,20,0,44,0,0,0,0,2,0,0,0,215,118,118,0,0
2,454,2,0,4,5,1,3,0,0,21,0,7,76,0,0,0,0,0,1,1,0,0,0,5,3,2,81,0,0,0,0,0,232,14,0,3,0,0,9,0,0,0,21,0,1,1,0
2,2,0,1,2,0,1,1,143,0,0,0,24,2,0,0,12,2,0,1,3,0,21,2,12,8,3,2,7,1,6,4,1,1,2,1,102,0,0,4,0,3,183,38,105,2,13,0
0,1,0,0,0,0,0,0,6,0,0,0,1,3,3,3,0,34,10,495,11,5,0,2,0,53,0,0,3,26,1,0,0,10,0,139,6,0,0,1,0,10,420,1,2,0,15,2
1163,2,12,89,30,31,990,30,1,48,22,0,163,7,2,0,1,1,3,1,15,0,0,2,0,1,80,39,3,1,296,24,47,8,45,0,0,0,0,205,0,2,1,159,200,1704,0,0
1,0,298,170,231,0,7,22,0,103,3,0,82,0,0,0,233,0,0,0,0,0,0,0,253,0,34,2,2,0,42,440,211,0,6,0,0,0,0,0,0,0,0,1,140,1,0,0
0,0,0,0,0,0,0,0,0,0,0,4,0,0,22,8,0,1926,75,14,10,2,0,0,0,16,0,0,0,9,0,0,0,0,0,28,0,25,6,0,5,5,9,0,0,0,9,28
4,1,0,0,2,1,3,1,0,0,0,2,7,2,12,0,1,3,130,806,3,0,1,0,1,20,1,3,5,0,5,0,0,11,0,0,0,121,3,8,0,0,29,3,1,1,0,1
0,0,0,0,0,0,0,0,3,0,0,0,1,4,1,16,1,7,1,31,2490,4852,1,6,0,45,1,0,11,237,0,0,0,0,0,114,5,1,0,2,0,53,88,2,3,0,2204,0
0,6,26,5,15,0,7,17,3,29,3,19,4,6,29,0,14,27,251,193,176,0,60,0,20,17,47,8,691,2,11,7,11,5,2,4,6,151,1,17,1,0,98,7,33,13,15,3
29,5,199,203,220,14,40,12,1,128,19,0,764,0,1,0,160,0,0,0,1,0,0,0,251,0,431,118,398,0,592,407,268,9,52,0,5,0,0,0,0,0,4,384,265,62,0,0
100,8,300,185,425,21,57,38,47,98,15,1,1567,2,4,5,195,3,6,2,12,0,2,7,288,6,570,94,58,2,1174,401,417,12,65,2,36,3,1,9,2,2,37,1165,761,37,2,1
3,0,754,15,284,0,4,0,5,2,0,0,169,0,0,0,1437,0,0,0,1,0,0,0,1370,3,92,5,155,0,704,518,1253,0,2,0,4,0,0,0,0,0,5,4,155,6,0,0
0,0,0,0,0,0,0,0,0,0,0,151,0,0,483,0,0,1,20,3,0,0,0,0,0,2,0,0,5,1,4,0,0,0,0,0,0,452,9,0,45,0,0,2,0,0,0,3
1,0,0,0,0,0,0,0,0,0,0,27,15,0,26,0,1,10,1062,1352,5,0,0,0,0,5,1,2,3,6,8,0,0,21,0,1,0,1370,17,0,2,0,68,2,0,0,10,3
0,0,0,0,0,0,0,0,43,0,0,29,0,11,52,3404,0,187,3,127,43,29,40,778,1,1773,0,0,27,2992,0,0,0,1,0,2315,19,0,9,9,18,1814,303,0,1,0,81,21
26,991,70,2,578,81,5,63,10,11,132,0,21,831,0,0,7,5,0,3,3,0,205,3,6,18,12,419,12,2,3,3,30,1137,319,0,55,0,0,390,0,31,75,67,24,13,3,0
11,9,2,0,4,1,1,0,549,1,2,0,8,29,0,0,6,9,2,1,3,0,1512,38,4,39,2,4,21,3,10,6,4,23,1,0,350,0,0,50,0,103,913,14,47,1,28,0
3,20,28,8,54,10,7,8,2126,2,5,0,13,47,3,10,20,53,1,0,16,0,1515,239,12,139,17,30,63,22,6,9,15,7,14,1,1959,0,0,51,6,130,489,24,107,14,34,0
0,4,5,0,2,0,0,0,635,0,0,0,2,23,0,20,10,2,0,0,0,0,96,12,10,88,3,2,27,0,1,2,6,2,0,0,326,0,0,10,0,6,10,0,16,2,12,0
16,525,5,17,9,192,12,44,0,30,251,0,17,32,0,0,0,0,0,0,0,0,1,0,1,0,95,701,0,0,1,1,0,31,60,0,0,0,0,1,0,1,0,65,22,6,0,0
4,9,6,4,170,35,5,16,0,1,25,0,1,9,0,0,0,0,0,0,0,0,0,0,0,0,2,78,0,0,0,0,1,24,286,0,0,0,0,2,0,0,0,1,4,1,0,0
1,2,0,0,0,0,0,5,0,0,0,5,9,0,4,0,0,11,1198,543,8,3,0,0,6,2,0,1,0,1,6,1,0,14,0,5,0,141,1,0,1,0,30,14,0,0,0,0
1695,17,79,80,77,132,985,78,6,29,85,0,43,29,0,1,8,1,0,5,4,0,25,8,11,6,15,35,1,2,45,36,405,30,103,0,5,0,0,1327,0,1,35,61,105,639,1,0
0,0,0,0,0,0,0,0,0,0,0,1334,0,0,121,0,0,54,16,2,0,0,0,0,0,1,0,0,0,1,0,0,0,0,0,0,0,47,2380,0,1387,0,1,0,0,0,1,2125
0,0,0,0,0,0,0,0,0,0,0,561,0,0,1552,0,0,19,3,15,0,0,0,0,0,0,0,0,0,2,0,0,0,0,0,0,0,14,47,0,20,0,0,0,0,0,0,4
0,0,0,1,0,0,0,0,0,0,0,65,9,0,178,0,1,12,1491,89,15,2,0,0,0,5,0,1,4,7,5,1,0,0,0,7,0,1485,57,0,18,0,46,7,1,0,2,30
0,0,0,0,0,0,0,0,0,0,0,2,0,0,8,20,0,361,56,7,2,1,0,3,0,44,0,0,0,58,1,0,0,0,0,32,0,30,14,0,17,6,11,0,0,0,7,61
8,43,3,8,49,15,10,9,0,9,17,0,70,2,0,0,2,0,0,0,0,0,0,0,1,0,10,23,0,0,47,12,0,31,45,0,0,0,0,3,0,0,2,95,13,5,0,0
22,56,11,19,14,31,13,2,10,16,6,0,115,30,0,0,180,0,0,1,1,0,2,0,165,1,127,240,13,1,467,265,23,26,6,0,9,0,0,64,0,0,9,69,413,26,0,0
2,4,0,0,1,0,0,0,19,1,0,2,1,39,1,12,0,797,31,7,7,0,311,171,0,85,2,2,30,7,4,1,1,5,6,13,15,3,3,151,6,127,32,5,21,11,6,1
20,32,2,0,53,7,7,3,5,0,8,0,10,1250,0,0,1,2,0,1,1,0,11,2,3,11,0,27,1,0,5,2,5,1162,61,0,8,0,0,107,0,1,73,28,11,1,2,0
2,0,10,1,4,1,6,0,1,0,0,0,24,1,8,0,201,0,0,0,0,0,4,3,176,7,106,5,635,0,301,37,32,2,0,0,3,9,0,5,0,0,8,1,11,12,0,0
0,0,0,0,0,0,0,0,0,0,0,385,0,0,134,2,0,92,7,5,0,0,4,5,0,13,0,0,18,8,0,0,0,0,0,0,0,13,382,0,1783,1,8,3,5,0,2,897
0,0,0,0,0,0,0,0,1,0,0,26,0,0,85,1,0,5,0,2,0,0,1,0,0,0,0,0,5,0,0,0,0,0,0,0,0,1,2,0,18,0,0,0,3,0,0,0
