0.49495,0.28229,0.33542,0.42532,0.2091,0.30511,0.39015,0.20919,0.56292,0.48681,0.26007,0.47845,0.41349,0.48848,0.47421,0.78464,0.57187,0.48233,0.25934,0.34671,0.85445,0.98817,0.3141,0.66909,0.50803,0.42131,0.20598,0.23171,0.27094,0.82434,0.29319,0.18818,0.44135,0.35793,0.27784,0.68934,0.63927,0.33869,0.80101,0.51924,0.53046,0.51856,0.26628,0.29344,0.2533,0.59017,0.88715,0.65985
0.46523
57,147,2,37,38,753,127,454,0,48,781,0,2,0,0,0,0,0,0,0,0,0,0,0,0,0,29,137,0,0,0,0,0,13,388,0,0,0,0,4,0,0,0,5,1,41,0,0
3,3,54,1310,74,71,15,510,1,1255,198,0,14,0,0,0,20,0,0,0,3,0,0,0,40,0,213,19,1,0,4,63,7,0,5,0,0,0,0,0,0,0,0,20,88,6,0,0
53,83,24,92,158,286,20,171,2,107,358,2,110,0,3,2,1,3,16,22,10,0,0,2,1,1,135,130,1,9,15,7,4,23,215,38,1,4,6,1,0,7,38,333,50,5,4,2
59,735,0,0,36,262,23,137,0,2,261,0,1,63,0,0,0,0,0,0,0,0,0,0,0,0,12,242,0,0,0,0,0,282,796,0,0,0,0,9,0,0,0,1,2,15,0,0
1,28,2,35,1,108,3,160,0,41,215,0,0,0,0,0,0,0,0,0,0,0,0,0,1,0,74,44,0,0,0,0,0,0,1,0,0,0,0,0,0,0,0,1,4,10,0,0
91,295,25,31,140,85,17,70,16,25,113,0,262,29,0,0,2,8,1,19,10,0,10,1,4,1,111,333,1,1,23,10,6,106,236,2,11,0,0,17,0,8,18,1103,122,19,4,0
10,3,237,95,758,236,19,457,0,97,353,0,16,0,0,0,0,0,0,0,0,0,0,0,0,0,4,2,0,0,1,5,16,0,69,0,0,0,0,0,0,0,0,6,2,4,0,0
3,0,0,0,0,0,0,0,0,0,0,2,4,1,3,0,0,0,128,76,1,0,0,0,1,2,0,1,0,0,8,0,1,18,0,0,0,11,0,0,0,0,21,13,0,0,1,0
2,0,1,0,2,0,0,0,96,0,0,2,0,32,21,817,0,97,2,14,11,14,149,3223,0,1575,0,1,48,170,2,0,5,1,2,546,57,0,2,42,13,1153,86,0,2,6,27,3
0,0,0,0,0,0,0,0,0,0,0,162,0,0,395,0,0,0,16,1,0,0,0,0,0,0,0,0,0,0,0,0,0,0,0,0,0,219,15,0,12,0,0,0,0,0,0,2
0,0,0,2,0,0,0,0,0,0,0,17,8,2,93,0,1,15,556,68,16,0,0,0,1,14,7,4,12,1,11,0,0,0,0,1,0,248,9,1,2,0,31,16,0,1,6,3
0,1,1,3,10,1,1,2,7,1,1,2,9,3,1,7,3,195,594,30,12,2,230,137,1,123,2,1,18,13,5,1,3,3,0,103,20,56,6,11,4,23,233,41,13,0,4,22
8,0,11,11,14,5,4,0,34,2,0,2,2,6,28,3,17,39,0,4,4,0,643,176,6,116,5,5,255,46,7,12,49,0,1,0,69,0,0,42,3,2,11,7,51,88,0,0
38,9,88,688,185,68,145,129,1,502,115,0,228,1,0,0,20,0,2,0,2,0,1,0,41,0,579,168,8,0,124,185,27,0,43,0,0,0,0,2,0,0,0,214,121,116,0,0
3,462,2,0,3,5,1,3,1,0,21,0,6,76,0,0,0,0,0,1,1,0,1,0,5,2,2,80,0,0,0,0,0,231,12,0,1,0,0,8,0,0,0,20,0,1,1,0
2,1,0,1,2,0,1,1,144,0,0,0,24,1,0,0,12,2,0,2,4,0,21,2,11,7,3,3,7,1,6,2,1,2,3,1,103,0,0,3,0,3,184,42,99,2,14,0
0,0,0,0,0,0,0,0,7,0,0,0,1,4,3,4,0,36,13,489,12,4,0,3,0,51,0,0,3,24,1,0,0,8,0,143,6,0,0,0,0,11,418,1,2,0,16,3
1172,3,11,85,29,30,982,31,3,49,21,0,163,7,2,0,2,1,2,0,14,0,0,2,1,1,71,41,3,1,299,30,44,10,49,0,0,0,0,204,0,2,0,158,200,1705,0,0
0,0,293,153,231,0,5,20,0,100,3,0,81,0,0,0,218,0,0,0,0,0,0,0,256,0,40,2,2,0,41,452,219,0,7,0,0,0,0,0,0,0,0,1,156,2,0,0
0,0,0,0,0,0,0,0,0,0,0,2,0,0,21,6,0,1924,78,12,13,2,0,0,0,19,0,0,0,10,0,0,0,0,0,29,0,26,5,0,4,4,9,0,0,0,9,28
4,1,0,0,2,1,3,0,0,0,0,1,6,2,14,0,1,3,133,799,3,0,1,0,1,18,1,3,3,1,5,1,1,12,0,0,0,121,3,9,0,0,34,3,2,0,0,0
0,0,0,0,0,0,0,0,3,0,0,0,1,4,2,17,1,7,2,29,2489,4844,1,5,0,49,1,0,11,232,0,0,0,1,0,115,5,0,0,2,0,53,84,2,3,0,2217,0
1,7,24,5,14,0,5,18,2,28,2,19,6,8,30,0,13,29,253,193,176,0,62,0,18,17,51,6,689,2,12,8,10,5,3,4,6,149,1,16,2,0,94,12,31,13,14,2
29,4,198,201,229,13,38,10,1,121,18,1,749,0,0,0,153,0,0,0,1,0,0,0,262,1,418,120,401,0,598,422,267,9,51,0,6,0,0,0,0,0,3,381,276,61,0,0
99,8,293,187,426,25,58,40,49,95,13,3,1563,0,4,6,201,3,6,3,10,0,1,9,286,6,563,93,60,2,1166,390,431,11,69,2,40,3,1,9,2,2,40,1177,748,39,2,1
4,1,750,13,283,0,4,0,5,2,0,0,171,0,0,0,1476,0,0,0,1,0,0,0,1361,4,84,5,150,0,722,447,1268,0,2,0,5,0,0,0,0,0,6,5,175,6,0,0
0,0,0,0,0,0,0,0,0,0,0,153,0,0,484,0,0,2,21,2,0,0,0,0,0,2,0,0,5,1,3,0,0,0,0,0,0,450,9,0,43,0,1,2,0,0,0,3
0,0,0,0,0,0,0,0,0,0,0,24,14,0,24,0,1,7,1052,1356,11,0,0,0,2,5,1,3,3,7,8,0,0,20,0,2,0,1379,17,0,2,0,69,1,0,0,7,3
0,0,0,0,0,0,0,0,42,0,0,28,0,11,50,3403,0,191,4,117,47,29,40,773,1,1799,0,0,26,2994,0,0,0,1,0,2321,16,0,10,9,13,1802,305,0,1,0,75,22
27,988,69,3,563,83,7,61,10,10,131,0,21,822,0,0,6,4,0,4,3,0,203,3,5,15,13,430,14,1,4,3,31,1147,323,0,50,0,0,397,0,34,74,68,22,13,4,0
8,12,2,0,4,1,1,0,545,1,3,0,8,29,0,0,5,11,2,1,4,0,1524,37,4,38,2,6,18,2,13,5,4,23,1,0,347,0,0,53,0,101,912,12,43,1,28,0
4,20,25,7,48,10,6,8,2116,5,5,0,14,45,2,10,18,53,1,1,16,0,1530,249,12,139,14,30,68,25,6,12,17,7,14,1,1960,0,0,49,6,125,489,21,100,15,34,0
0,5,5,0,2,0,0,0,633,0,0,0,2,22,0,23,11,2,0,0,0,0,95,13,10,86,5,2,26,0,1,2,6,1,0,0,325,0,0,8,0,7,12,0,15,3,12,0
17,522,6,16,8,197,12,43,0,32,246,0,15,30,0,0,0,0,0,0,0,0,1,0,1,0,101,700,0,0,1,1,0,30,63,0,0,0,0,2,0,1,0,66,19,6,0,0
4,9,6,3,169,35,5,17,0,0,27,0,2,9,0,0,0,0,0,0,0,0,0,0,0,0,2,77,0,0,0,0,1,24,287,0,0,0,0,2,0,0,0,0,4,1,0,0
1,2,0,0,0,0,0,7,0,0,1,5,8,0,3,0,0,10,1202,540,8,3,0,0,5,2,0,1,1,1,8,1,0,13,0,6,0,138,1,0,1,0,29,15,0,0,0,0
1714,15,81,74,78,139,977,74,5,28,83,0,44,30,0,1,10,1,2,3,4,0,24,8,10,6,16,37,1,2,49,37,390,31,105,0,7,0,0,1309,0,1,31,55,114,653,1,0
0,0,0,0,0,0,0,0,0,0,0,1332,0,0,117,0,0,58,16,3,0,0,0,0,0,0,0,0,0,1,0,0,0,0,0,2,0,45,2375,0,1389,0,1,0,0,0,1,2130
0,0,0,0,0,0,0,0,0,0,0,556,0,0,1554,0,0,17,4,14,0,0,0,0,0,0,0,0,0,1,0,0,0,0,0,0,0,14,50,0,23,0,0,0,0,0,0,4
0,0,0,1,0,0,0,0,0,0,0,66,8,0,182,0,1,16,1471,87,15,3,0,0,0,5,0,1,3,7,5,1,0,0,0,6,0,1496,55,0,22,0,48,8,1,0,1,30
0,0,0,0,0,0,0,0,0,0,0,2,0,0,7,21,0,359,58,7,2,1,0,2,0,43,0,0,0,61,1,0,0,0,0,32,0,31,14,0,16,5,10,0,0,0,7,62
5,42,2,8,50,15,10,9,0,8,16,0,72,2,0,0,2,0,0,0,0,0,0,0,1,0,10,25,0,0,46,13,0,31,46,0,0,0,0,3,0,0,2,95,14,5,0,0
21,55,12,18,13,32,15,3,11,18,7,0,113,29,0,0,176,0,0,1,1,0,2,0,159,2,129,236,15,1,471,259,23,27,7,0,9,0,0,60,0,0,9,71,422,26,0,0
2,4,0,0,1,0,0,0,18,1,0,2,1,41,2,14,2,803,30,7,7,0,312,163,0,88,2,2,33,6,3,0,0,5,5,13,14,4,1,145,6,129,32,4,21,11,6,3
20,35,2,0,50,6,7,3,5,0,11,0,9,1251,0,0,1,2,0,0,2,0,10,1,3,13,1,27,1,0,4,2,7,1169,62,0,5,0,0,100,0,1,73,27,9,2,2,0
1,0,10,1,4,1,6,0,1,0,0,0,22,1,9,0,207,0,0,0,0,0,4,3,169,8,110,4,632,0,304,31,35,2,0,0,3,8,0,4,0,0,10,1,12,13,0,0
0,0,0,0,0,0,0,0,0,0,0,373,0,0,135,2,0,88,7,5,0,0,5,5,0,12,0,0,19,9,0,0,0,0,0,0,0,14,384,0,1785,1,8,3,5,0,2,905
0,0,0,0,0,0,0,0,1,0,0,28,0,0,88,1,0,3,0,1,0,0,1,0,0,0,0,0,5,0,0,0,0,0,0,0,0,1,1,0,17,0,0,0,3,0,0,0
