0.499,0.28121,0.3445,0.44181,0.21118,0.29622,0.39039,0.19508,0.56144,0.4905,0.26748,0.47777,0.41456,0.4927,0.47699,0.7825,0.59822,0.4779,0.26274,0.34345,0.84799,0.988,0.31582,0.66785,0.49613,0.41833,0.20564,0.22928,0.2762,0.83172,0.29441,0.18871,0.45359,0.35697,0.2787,0.68957,0.62939,0.33637,0.80081,0.51204,0.53079,0.5175,0.26618,0.3123,0.21835,0.5937,0.88898,0.66159
0.46595
54,139,2,44,36,729,126,484,0,50,792,0,2,0,0,0,0,0,0,0,0,0,0,0,0,0,35,122,0,0,0,0,0,11,387,0,0,0,0,4,0,0,0,5,0,42,0,0
3,4,52,1302,77,52,17,458,1,1239,192,0,16,0,0,0,15,0,0,0,4,0,0,0,44,0,205,18,1,0,4,153,7,0,5,0,0,0,0,0,0,0,0,18,104,6,0,0
51,87,23,106,162,282,20,174,2,109,354,3,115,0,1,1,0,5,17,23,9,0,0,4,1,1,146,133,1,6,19,9,4,24,211,41,0,3,6,2,0,7,39,312,25,8,7,2
60,727,0,0,35,267,23,156,0,2,267,0,1,69,0,0,0,0,0,0,0,0,0,0,0,0,13,227,0,0,0,0,0,275,789,0,0,0,0,8,0,0,0,1,2,16,0,0
0,28,1,43,1,99,2,160,0,43,209,0,0,0,0,0,0,0,0,0,1,0,0,0,1,0,87,41,0,0,0,0,0,0,2,0,0,0,0,0,0,0,0,0,2,9,0,0
82,301,27,34,142,93,16,78,15,23,108,0,275,27,0,0,2,12,1,18,12,0,11,1,4,1,115,344,1,2,24,15,6,104,230,2,11,0,1,20,0,9,18,1118,63,17,3,0
7,3,232,106,763,199,20,470,0,113,348,0,15,0,0,0,0,0,0,0,0,0,0,0,0,0,4,2,0,0,1,9,16,0,68,0,1,0,0,0,0,0,0,5,1,7,0,0
3,0,0,0,1,0,0,0,0,0,0,1,5,1,3,0,1,0,128,76,1,0,0,0,0,2,0,0,1,0,5,0,1,22,0,0,0,11,0,0,1,0,21,10,0,0,1,0
3,0,1,0,2,0,0,0,98,0,0,2,0,33,22,826,0,97,1,13,11,15,150,3209,0,1562,1,1,48,159,3,0,5,1,2,545,55,1,3,47,14,1173,85,0,1,6,26,3
0,0,0,0,0,0,0,0,0,0,0,161,0,0,389,0,0,0,16,1,0,0,0,0,0,0,0,0,0,0,0,0,0,0,0,0,0,226,16,0,11,0,0,0,0,0,0,2
1,0,0,2,0,0,0,0,0,0,0,18,10,2,89,0,0,13,561,68,20,0,1,0,1,17,6,4,10,2,10,0,0,0,0,2,0,241,9,0,2,0,34,15,1,0,3,4
0,1,1,3,9,1,1,1,8,2,0,2,9,3,1,7,2,197,599,30,14,2,224,133,0,126,2,1,23,16,6,0,3,2,0,104,23,54,7,12,4,22,224,47,5,0,5,23
10,1,7,8,16,6,3,0,37,3,0,1,4,6,27,2,13,48,0,4,10,0,632,184,5,109,5,7,263,40,7,11,51,0,2,0,72,0,0,42,2,4,7,5,47,87,0,0
37,9,86,649,185,74,132,128,1,462,102,0,219,1,0,0,15,0,3,0,2,0,1,0,43,0,547,167,10,0,132,317,28,0,44,0,0,0,0,2,0,0,0,190,142,122,0,0
2,459,2,0,3,7,1,3,0,0,22,0,8,74,0,0,0,0,0,1,1,0,0,0,4,3,4,85,0,0,0,0,0,223,15,0,2,0,0,9,0,0,0,20,0,0,1,0
2,2,0,2,2,0,2,4,146,0,0,0,26,2,0,0,9,2,0,0,5,0,21,2,13,7,3,2,4,1,6,2,1,2,2,1,111,0,0,4,0,2,208,51,57,1,12,0
0,0,0,0,0,0,0,0,6,0,0,0,2,4,3,4,0,35,12,490,12,5,1,2,0,57,0,0,3,24,1,0,0,6,0,140,7,0,0,0,0,9,423,2,0,0,13,2
1176,4,11,75,32,36,983,31,1,46,20,0,165,7,1,0,3,3,2,1,16,0,0,2,0,1,65,37,4,1,318,43,36,10,46,0,0,0,0,204,0,2,2,165,146,1733,0,0
1,0,284,112,225,0,4,20,0,94,2,0,74,0,0,0,169,0,0,0,0,0,0,0,264,0,27,3,2,0,40,460,246,0,6,0,0,0,0,0,0,0,0,1,246,2,0,0
0,0,0,0,0,0,0,0,0,0,0,4,0,0,23,7,0,1925,76,13,10,2,0,0,0,18,0,0,0,9,0,0,0,0,0,30,0,25,7,0,4,3,8,0,0,0,9,28
4,1,0,0,2,1,4,0,0,0,0,2,8,2,12,0,1,3,133,798,4,0,1,1,1,19,1,4,4,0,6,0,0,11,0,1,0,122,2,8,1,0,31,2,1,0,0,1
0,0,0,0,0,0,0,0,3,0,0,0,1,4,2,17,1,7,1,31,2488,4858,1,5,0,48,1,0,10,232,1,0,0,1,0,112,6,0,0,2,0,56,86,2,2,0,2202,0
0,7,27,3,14,0,7,16,3,33,2,19,5,7,28,0,12,29,249,192,176,0,62,0,18,19,44,6,701,2,13,9,10,5,2,5,8,147,1,16,1,0,90,12,29,13,15,3
29,6,192,166,225,15,38,8,0,107,17,1,723,0,0,0,149,0,0,0,1,0,0,0,269,1,348,118,402,0,600,468,277,8,49,0,4,0,0,0,0,0,4,403,353,61,0,0
104,10,290,160,424,25,61,38,55,89,13,3,1572,1,5,6,194,5,5,3,14,0,2,7,290,6,522,90,57,2,1175,406,442,12,69,2,45,3,2,13,0,2,54,1297,621,46,2,1
5,0,771,7,280,0,4,0,6,2,0,0,177,0,0,0,1544,0,0,0,1,0,0,0,1347,2,71,5,146,0,685,264,1339,0,2,0,6,0,0,0,0,0,5,5,271,5,0,0
0,0,0,0,0,0,0,0,0,0,0,150,0,0,479,0,0,3,17,4,0,0,0,0,0,1,0,0,6,1,4,0,0,0,0,0,0,459,7,0,46,0,0,1,0,0,0,3
0,1,0,0,0,0,0,0,0,0,0,28,16,0,26,0,1,11,1053,1347,9,0,0,0,1,5,1,3,3,7,6,0,0,21,0,3,0,1373,17,0,2,1,70,2,1,0,7,3
0,0,0,0,0,0,0,0,43,0,0,27,0,11,48,3389,0,192,2,124,43,30,43,777,1,1780,0,0,27,3005,0,0,0,0,0,2328,17,0,9,8,14,1819,303,0,1,0,70,19
27,980,66,4,549,82,6,78,9,10,130,0,23,789,1,0,4,3,0,5,2,0,208,3,7,14,15,450,15,1,4,3,31,1178,322,0,58,0,0,390,0,34,69,64,15,14,3,0
11,10,1,0,4,2,1,0,550,2,2,0,10,30,0,0,6,10,1,0,8,0,1517,37,5,39,3,7,19,2,8,3,3,28,1,0,358,0,0,49,0,104,917,16,16,2,29,0
3,22,25,8,47,10,7,8,2111,5,6,0,12,47,2,13,12,61,1,0,18,0,1533,245,13,148,14,30,62,17,6,11,16,8,14,1,1970,0,0,58,6,122,492,33,68,16,36,0
0,3,7,0,2,1,0,0,628,0,0,0,3,25,0,23,8,2,0,0,0,0,95,14,11,87,4,2,22,0,1,2,6,1,0,0,335,0,0,10,0,5,13,0,11,3,10,0
15,511,4,17,8,224,10,49,0,30,231,0,15,29,0,0,0,0,0,0,0,0,2,0,2,0,125,686,0,0,0,5,0,33,58,0,0,0,0,1,0,1,0,62,10,8,0,0
4,8,6,3,166,41,5,21,0,1,27,0,2,9,0,0,0,0,0,0,0,0,0,0,0,0,2,73,0,0,0,0,0,25,286,0,0,0,0,2,0,0,0,0,1,2,0,0
1,1,0,0,0,0,0,3,0,1,1,5,9,0,3,0,0,10,1212,544,8,3,0,0,6,1,0,1,0,1,7,1,0,15,0,4,0,134,1,0,1,0,26,13,0,0,0,0
1740,15,94,72,79,151,982,77,6,31,84,0,44,31,0,1,10,1,1,4,6,0,22,7,14,6,19,33,1,2,39,44,354,32,102,0,4,0,0,1297,0,2,33,61,108,640,1,0
0,0,0,0,0,0,0,0,0,0,0,1343,0,0,117,0,0,55,18,3,0,0,0,0,0,1,0,0,0,2,0,0,0,0,0,2,0,44,2380,0,1374,0,1,0,0,0,1,2129
0,0,0,0,0,0,0,0,0,0,0,555,0,0,1555,0,0,20,3,15,0,0,0,0,0,0,0,0,0,1,0,0,0,0,0,0,0,16,47,0,21,0,0,0,0,0,0,4
0,0,0,1,0,0,0,0,0,0,0,63,9,0,182,0,1,14,1500,91,14,1,0,0,0,5,0,1,4,6,7,0,0,0,0,9,0,1476,56,0,20,0,41,7,1,0,3,27
0,0,0,0,0,0,0,0,0,0,0,1,0,0,7,18,0,361,58,8,4,1,0,3,0,46,0,0,0,58,1,0,0,0,0,32,0,29,14,0,17,7,10,0,0,0,6,60
6,41,2,7,52,18,10,8,0,8,15,0,70,1,0,0,1,0,0,0,0,0,0,0,3,0,8,24,0,0,47,15,0,33,43,0,0,0,0,4,0,0,2,95,14,5,0,0
23,64,11,12,14,38,17,4,12,20,7,0,117,29,0,0,159,0,0,1,1,0,1,0,176,1,125,234,14,1,476,212,27,29,7,0,9,0,0,62,0,0,9,74,441,26,0,0
1,4,0,0,2,0,0,0,13,1,1,2,1,41,2,14,0,806,32,7,7,0,309,160,0,88,2,2,35,7,3,0,2,5,4,12,17,3,3,149,4,130,36,6,11,11,9,1
20,36,3,0,49,7,8,4,4,0,9,0,10,1249,0,0,0,2,0,1,2,0,9,1,2,12,1,25,2,0,4,2,7,1173,62,0,7,0,0,106,0,1,68,29,5,2,1,0
2,0,10,1,4,1,8,0,1,0,0,0,19,1,9,0,249,0,0,0,0,0,3,3,169,6,89,4,612,0,322,16,34,2,1,0,3,7,0,4,0,0,9,1,17,9,0,0
0,0,0,0,0,0,0,0,0,0,0,391,0,0,136,2,0,93,7,5,0,0,4,5,0,16,0,0,19,6,0,0,0,0,0,0,1,13,383,0,1767,0,7,3,4,0,2,903
0,0,0,0,1,0,0,0,1,0,0,29,0,0,87,1,0,3,0,1,0,0,1,0,0,0,0,0,6,0,0,0,0,0,0,0,0,1,1,0,17,0,0,0,1,0,0,0
