0.49283,0.28305,0.33734,0.42769,0.20971,0.30235,0.39092,0.20842,0.56163,0.4864,0.26312,0.47979,0.41514,0.48905,0.47846,0.78364,0.57523,0.48122,0.26228,0.3435,0.85547,0.98838,0.31276,0.66971,0.50259,0.42198,0.20809,0.23326,0.27244,0.82761,0.29398,0.19087,0.44936,0.3533,0.27789,0.68728,0.63956,0.3366,0.79812,0.51556,0.53027,0.51617,0.26696,0.29431,0.24991,0.59279,0.88813,0.65894
0.46557
58,144,2,35,40,745,132,457,0,48,782,0,2,0,0,0,0,0,0,0,0,0,0,0,0,0,33,133,0,0,0,0,0,12,387,0,0,0,0,4,0,0,0,7,0,43,0,0
3,2,54,1310,77,62,14,510,1,1252,199,0,17,0,0,0,17,0,0,0,4,0,0,0,40,0,216,19,1,0,4,70,7,0,5,0,0,0,0,0,0,0,0,18,89,6,0,0
54,86,23,94,163,285,23,171,2,107,356,2,108,0,2,2,1,3,19,21,9,2,0,4,1,1,133,130,1,5,16,8,3,23,214,39,0,3,6,1,0,7,37,329,50,6,3,2
60,738,0,0,36,264,23,138,0,2,260,0,1,66,0,0,0,0,0,0,0,0,0,0,0,0,12,238,0,0,0,0,0,279,797,0,0,0,0,6,0,0,0,0,2,16,0,0
1,30,2,38,1,110,2,159,0,41,210,0,0,0,0,0,0,0,0,0,1,0,0,0,1,0,72,45,0,0,0,0,0,0,1,0,0,0,0,0,0,0,0,1,4,10,0,0
91,289,25,30,140,83,13,71,16,28,111,0,262,31,0,0,2,9,1,18,12,0,8,1,4,1,114,330,1,2,22,11,6,102,238,2,11,0,0,16,0,8,19,1125,112,18,3,0
9,3,243,95,760,224,21,458,0,101,353,0,16,0,0,0,0,0,0,0,0,0,0,0,0,0,5,2,0,0,1,5,16,0,67,0,0,0,0,0,0,0,0,6,1,4,0,0
3,0,0,0,1,0,0,0,0,0,0,2,3,1,3,0,0,0,126,79,1,0,0,0,1,2,0,0,0,0,7,0,1,20,0,0,0,11,0,0,0,0,20,13,0,0,1,0
3,0,1,0,2,0,0,0,100,0,0,3,0,30,21,827,0,93,1,15,11,14,150,3232,0,1548,0,1,51,167,3,0,5,1,2,540,56,0,3,45,10,1167,84,0,2,6,27,3
0,0,0,0,0,0,0,0,0,0,0,160,0,0,391,0,0,0,15,1,0,0,0,0,0,0,0,0,0,0,0,0,0,0,0,0,0,225,17,0,11,0,0,0,0,0,0,2
0,0,0,2,0,0,0,0,0,0,0,17,9,2,90,0,0,13,563,72,20,0,1,0,1,15,8,3,13,2,10,1,0,0,0,2,0,237,7,0,2,0,29,17,0,1,5,4
0,0,1,2,8,1,1,0,7,1,0,2,7,3,1,7,4,187,596,30,13,2,228,135,1,128,2,2,19,15,6,1,2,3,0,107,22,56,8,11,3,23,224,47,15,1,4,23
11,2,7,10,18,5,3,0,32,2,0,1,1,5,25,2,16,46,0,3,7,0,639,176,4,114,6,5,272,40,6,13,51,0,2,0,65,0,0,46,1,4,9,5,52,82,0,0
41,8,90,681,181,73,138,127,0,486,110,0,232,1,0,0,21,0,3,0,2,0,1,0,39,0,581,167,7,0,123,215,27,0,46,0,0,0,0,2,0,0,0,209,123,116,0,0
3,453,2,0,3,5,1,3,1,0,22,0,7,76,0,0,0,0,0,1,1,0,0,0,5,2,2,81,0,0,0,0,0,229,15,0,3,0,0,11,0,0,0,21,0,1,1,0
3,1,0,1,2,0,2,3,143,0,0,0,26,2,0,0,12,3,0,0,5,0,22,2,12,7,3,2,5,1,6,2,1,2,2,1,103,0,0,4,0,3,190,42,89,2,13,0
0,1,0,0,0,0,0,0,7,0,0,0,0,4,3,4,0,35,11,490,11,4,1,4,0,53,0,0,3,26,1,0,0,9,0,140,7,0,0,0,0,9,419,2,2,0,15,2
1172,5,10,87,28,33,982,31,1,47,22,0,166,7,2,0,2,1,2,2,16,0,0,1,0,1,68,39,3,2,297,33,44,10,48,0,0,0,0,204,0,2,1,158,192,1709,0,0
1,0,292,146,229,0,5,21,0,97,3,0,77,0,0,0,206,0,0,0,0,0,0,0,264,0,35,2,2,0,43,460,225,0,6,0,0,0,0,0,0,0,0,1,166,1,0,0
0,0,0,0,0,0,0,0,0,0,0,2,0,0,23,6,0,1922,77,14,10,2,0,0,0,17,0,0,0,10,0,0,0,0,0,31,0,26,5,0,5,4,7,0,0,0,9,31
4,1,0,0,2,1,2,0,0,0,0,2,7,2,13,0,1,3,133,795,4,0,1,0,1,20,1,3,4,0,6,0,1,12,0,1,0,123,3,9,0,0,32,3,1,0,0,1
0,0,0,0,0,0,0,0,3,0,0,0,1,4,2,17,1,7,1,30,2486,4847,1,6,0,43,1,0,11,236,0,0,0,1,0,118,6,0,0,2,0,56,88,2,3,0,2207,0
0,6,25,6,16,0,6,17,3,29,1,19,3,7,28,0,13,30,247,197,167,0,60,1,20,18,40,9,695,3,14,8,10,5,3,6,6,153,3,15,2,0,88,13,33,17,16,2
29,4,197,196,224,14,41,11,1,125,17,1,736,0,0,0,154,0,0,0,1,0,0,0,260,1,410,119,399,0,609,436,263,9,50,0,7,0,0,0,0,0,3,382,281,62,0,0
101,10,296,183,420,24,58,37,52,98,13,2,1563,0,4,5,205,4,6,3,14,0,0,7,297,6,556,88,61,2,1163,391,423,13,67,2,39,3,1,9,2,2,44,1199,732,38,1,1
3,0,758,12,283,0,4,0,5,2,0,0,170,0,0,0,1491,0,0,0,1,0,0,0,1357,3,88,5,147,0,711,396,1300,0,1,0,4,0,0,0,0,0,5,6,193,5,0,0
0,0,0,0,0,0,0,0,0,0,0,149,0,0,480,0,0,3,21,3,0,0,0,0,0,1,0,0,5,1,4,0,0,0,0,0,0,452,8,0,49,0,0,1,0,0,0,4
1,0,0,0,0,0,1,0,0,0,0,26,15,0,27,0,0,9,1067,1351,9,0,0,0,1,6,1,2,2,6,6,0,0,20,0,1,0,1368,16,0,2,0,67,3,0,0,7,4
0,0,0,0,0,0,0,0,39,0,0,31,0,11,47,3401,0,188,3,129,42,28,42,781,1,1793,0,0,26,3010,0,0,0,1,0,2312,21,0,9,10,15,1804,291,0,1,0,71,23
30,985,64,3,562,72,6,62,10,10,131,0,19,813,0,0,6,3,0,5,2,0,212,3,6,15,15,434,13,1,4,3,33,1155,324,0,54,0,0,392,0,32,77,72,19,15,4,0
11,10,2,0,4,1,1,1,549,1,3,0,9,31,0,0,6,11,2,1,4,0,1517,39,4,39,3,5,19,3,10,4,3,26,1,0,348,0,0,51,0,104,905,14,40,1,28,0
3,18,27,7,49,9,9,8,2105,4,6,0,12,48,3,10,17,60,1,0,15,0,1520,239,11,143,12,31,63,20,4,10,15,8,15,1,1982,0,0,61,6,125,491,25,96,13,35,0
0,2,6,0,2,0,0,0,630,0,0,0,2,25,0,24,10,2,0,0,0,0,98,11,11,88,3,2,26,0,1,2,6,2,0,0,323,0,0,8,0,9,11,0,16,2,12,0
15,519,6,19,8,206,11,46,0,32,235,0,15,28,0,0,0,0,0,0,0,0,1,0,1,0,106,700,0,0,0,1,0,33,63,0,0,0,0,1,0,1,0,66,17,6,0,0
4,9,6,3,168,38,5,18,0,1,26,0,2,9,0,0,0,0,0,0,0,0,0,0,0,0,2,75,0,0,0,0,1,25,285,0,0,0,0,2,0,0,0,0,4,1,0,0
1,0,0,0,0,0,0,4,0,0,2,5,10,0,3,0,0,14,1204,537,9,2,0,0,5,1,0,0,1,1,6,1,0,16,0,6,0,137,1,0,1,0,29,15,0,0,1,0
1718,15,82,74,77,148,975,78,6,30,80,0,39,30,0,1,8,1,1,3,4,0,21,9,13,7,16,35,1,2,47,41,384,33,106,0,7,0,0,1309,0,1,32,56,114,645,1,0
0,0,0,0,0,0,0,0,0,0,0,1341,0,0,112,0,0,56,13,2,0,0,0,0,0,0,0,0,0,2,0,0,0,0,0,2,0,48,2376,0,1385,0,1,0,0,0,1,2131
0,0,0,0,0,0,0,0,0,0,0,557,0,0,1555,0,0,20,4,14,0,0,0,0,0,0,0,0,0,1,0,0,0,0,0,0,0,12,49,0,22,0,0,0,0,0,0,3
0,0,0,1,0,0,0,0,0,0,0,61,9,0,176,0,1,13,1495,93,13,2,0,0,0,4,0,1,3,5,5,1,0,0,0,8,0,1478,58,0,21,0,46,13,1,0,3,28
0,0,0,0,0,0,0,0,0,0,0,2,0,0,7,18,0,360,54,8,2,1,0,2,0,45,0,0,0,58,1,0,0,0,0,32,0,32,16,0,17,7,11,0,0,0,7,61
7,42,3,8,50,16,8,8,0,9,15,0,72,1,0,0,2,0,0,0,0,0,0,0,1,0,10,25,0,0,45,14,0,31,45,0,0,0,0,3,0,0,2,95,15,5,0,0
22,58,11,19,14,36,14,4,13,20,5,0,115,30,0,0,174,0,0,1,1,0,2,0,166,1,123,235,15,1,469,252,25,28,7,0,9,0,0,64,0,0,8,71,418,22,0,0
2,4,0,0,0,0,0,0,16,1,0,3,1,39,2,13,0,802,29,7,7,0,315,166,0,88,2,2,33,7,4,0,1,5,6,13,17,4,1,142,4,126,33,6,20,13,7,2
20,35,2,0,51,8,6,4,5,0,10,0,9,1251,0,0,0,2,0,2,2,0,10,1,3,14,1,27,1,0,4,2,7,1156,64,0,6,0,0,108,0,1,73,27,8,2,1,0
2,0,10,1,4,1,5,0,0,0,0,0,22,1,9,0,222,0,0,0,0,0,4,2,169,8,112,4,625,0,298,29,33,3,1,0,3,9,0,3,0,0,9,1,12,14,0,0
0,0,0,0,0,0,0,0,0,0,0,379,0,0,136,2,0,88,5,5,0,0,5,4,0,16,0,0,18,8,0,0,0,0,0,0,0,13,388,0,1778,0,5,3,5,0,2,907
0,0,0,0,1,0,0,0,1,0,0,28,0,0,85,1,0,6,0,1,0,0,1,0,0,0,0,0,5,0,0,0,0,0,0,0,0,1,2,0,17,0,0,0,1,0,0,0
