0.42932,0.26644,0.36952,0.37927,0.24094,0.22984,0.41127,0.42755,0.57371,0.28258,0.25,0.40893,0.32032,0.40905,0.40796,0.76046,0.39825,0.49777,0.27872,0.42896,0.87976,0.98893,0.32212,0.69379,0.54496,0.46138,0.2078,0.23342,0.27358,0.8978,0.34962,0.41302,0.44341,0.33528,0.31484,0.70192,0.61069,0.32264,0.7686,0.64966,0.47748,0.48134,0.36467,0.2639,0.29005,0.52606,0.89315,0.6814
0.46564
49,398,1,45,128,667,117,92,0,4,782,0,2,1,0,0,0,0,0,0,0,0,0,0,0,0,7,256,0,0,0,0,0,4,406,0,0,0,0,5,0,0,0,16,2,82,0,0
2,5,52,1043,66,444,10,1015,1,735,273,0,14,0,0,0,54,0,0,0,1,0,0,0,18,0,158,30,4,0,3,14,18,1,5,0,0,0,0,0,0,0,0,8,16,7,0,0
13,135,17,121,172,297,25,89,0,56,374,3,105,1,4,2,1,3,12,7,8,2,0,5,2,4,68,183,2,0,21,2,8,12,170,31,3,3,6,4,0,4,52,417,85,20,4,2
39,932,0,2,108,121,27,11,0,0,193,0,1,31,0,0,0,0,0,0,0,0,0,0,0,0,5,263,0,0,0,0,0,285,874,0,0,0,0,14,0,0,0,14,1,17,0,0
5,66,0,41,1,143,4,84,0,10,274,0,0,0,0,0,0,0,0,0,0,0,0,0,0,1,29,58,0,0,0,0,0,0,1,0,0,0,0,0,0,0,0,2,3,7,0,0
29,212,24,48,138,64,20,47,12,23,95,0,293,50,0,0,4,6,1,21,11,0,8,2,6,3,87,367,1,1,56,1,15,126,151,3,10,0,0,32,0,4,5,1044,343,22,1,0
5,38,183,119,811,401,14,242,0,17,407,0,16,0,1,0,1,0,0,0,0,0,0,0,0,0,2,4,0,0,1,0,45,0,49,0,0,0,0,1,0,0,0,19,3,11,0,0
0,0,0,0,0,0,0,1,0,0,0,2,26,1,1,0,0,0,114,90,1,0,0,0,1,1,0,0,0,0,9,0,1,12,0,0,0,11,1,8,0,2,4,8,0,0,1,0
6,0,1,0,0,0,0,0,127,0,0,10,6,36,40,885,0,87,1,3,11,14,154,3095,1,1510,2,1,48,111,1,0,3,2,2,534,93,0,3,29,13,1211,144,0,4,2,30,4
0,0,0,0,0,0,0,0,0,0,0,346,0,0,156,0,0,0,18,0,0,0,0,0,0,0,0,0,0,0,0,0,0,0,0,0,0,237,39,0,21,0,1,0,0,0,0,4
0,0,0,0,0,0,0,2,0,1,0,21,43,1,57,0,0,15,540,84,17,0,1,0,0,13,5,6,17,0,6,0,0,0,0,2,0,272,11,0,2,0,18,0,1,1,5,5
0,1,1,1,5,2,0,2,5,0,0,0,118,3,4,9,3,199,617,39,7,2,259,126,1,109,3,1,15,6,5,1,3,2,0,96,22,52,5,8,4,44,122,15,18,1,6,17
127,0,5,4,4,6,2,0,30,3,1,2,2,8,133,3,22,29,0,1,5,0,598,135,5,187,22,3,236,1,4,8,57,1,0,0,68,0,0,14,1,5,1,3,36,16,0,0
10,14,74,584,173,264,143,300,1,623,163,0,184,1,0,0,62,0,3,0,1,0,1,0,15,0,447,193,5,0,128,34,60,4,28,0,0,0,0,4,0,0,0,136,51,144,0,0
5,223,2,0,10,1,1,0,1,1,12,0,8,66,0,0,0,0,0,0,2,0,0,0,0,1,1,87,0,0,0,0,1,454,21,0,3,0,0,2,0,1,1,38,7,0,0,0
0,1,0,3,1,0,1,4,118,3,0,0,43,3,2,0,11,2,0,0,1,0,18,2,9,10,4,2,5,0,12,2,2,4,2,1,138,0,0,7,0,2,65,16,213,1,9,0
0,0,0,0,0,0,0,0,5,0,0,0,1,4,9,6,0,32,6,2,8,5,1,8,0,53,0,0,5,13,1,0,0,0,0,66,7,0,0,0,0,13,993,0,9,0,15,1
1062,7,12,95,30,35,1036,49,1,43,21,0,158,7,5,0,10,0,1,0,14,0,0,2,3,1,138,42,3,0,301,15,27,6,33,0,1,0,0,545,0,2,0,145,175,1403,0,0
1,0,303,121,140,25,4,93,0,216,4,0,59,0,0,0,364,0,0,0,0,0,0,0,204,0,33,2,3,0,43,316,300,0,4,0,0,0,0,0,0,0,0,1,40,6,0,0
0,0,0,0,0,0,0,0,0,0,0,8,0,0,29,7,0,1900,73,3,8,2,0,0,0,20,0,0,0,9,0,0,0,0,0,23,0,23,5,0,4,4,48,0,0,0,10,25
0,0,0,0,2,1,3,0,0,0,1,4,16,2,9,0,1,2,91,834,2,0,2,0,0,22,2,2,6,0,7,2,1,6,0,0,0,130,2,18,1,0,15,5,0,2,0,1
1,0,0,0,0,0,0,0,1,0,0,0,3,3,3,15,0,8,1,5,2539,4822,4,12,0,75,0,0,12,122,0,0,0,0,0,161,4,1,0,0,0,41,147,1,9,0,2190,0
7,7,25,1,13,0,5,43,4,28,10,29,18,10,108,0,8,23,235,200,148,0,55,0,12,19,56,8,665,0,20,4,5,4,5,1,7,142,3,6,3,0,78,0,20,5,17,3
2,2,213,154,137,40,53,68,0,387,24,1,693,0,0,0,260,0,2,0,0,0,0,0,229,0,603,125,300,0,639,293,292,3,24,0,7,0,0,7,0,0,0,259,172,53,0,0
21,4,333,169,270,55,67,97,40,291,29,1,1502,5,30,6,200,3,7,3,11,0,1,9,310,15,639,97,64,0,1367,384,483,10,34,1,39,3,2,28,0,1,8,628,898,79,0,1
2,0,851,11,104,0,4,7,6,12,0,0,114,0,0,0,1004,0,0,0,1,0,0,0,1412,2,168,5,253,0,564,1028,1332,0,0,0,5,0,0,1,0,0,0,5,50,9,0,0
0,0,0,0,0,0,0,0,0,0,0,330,2,0,216,0,0,1,12,1,0,0,0,0,0,2,0,0,4,0,5,0,0,0,0,0,0,524,16,0,61,0,1,1,0,0,0,5
0,0,0,0,0,0,0,0,0,0,0,33,17,0,33,0,0,7,891,1437,6,0,0,0,2,8,0,3,3,2,8,2,0,18,0,3,0,1420,26,2,3,0,76,2,1,0,12,3
0,0,0,0,0,0,0,0,48,0,0,40,1,10,72,3162,0,183,5,13,36,23,39,613,1,2270,0,0,22,2899,0,0,1,1,0,2303,28,0,14,8,15,1664,564,0,2,0,73,20
75,781,59,4,621,36,7,15,9,4,93,1,56,1176,1,0,5,2,0,7,2,0,214,0,9,24,9,364,11,0,6,3,87,868,296,0,62,0,0,147,0,41,13,501,53,2,2,0
5,5,2,0,1,0,1,3,591,2,2,0,513,41,2,0,8,4,2,0,6,0,1580,38,3,60,7,5,19,2,15,5,3,37,3,0,360,0,0,54,0,103,119,67,121,2,20,0
14,12,19,9,30,9,6,14,2230,6,4,0,286,60,16,11,16,40,1,1,14,0,1455,223,9,215,28,29,57,6,9,4,42,10,14,0,1953,0,0,10,4,114,61,32,238,5,21,0
3,0,6,0,2,0,0,1,623,1,0,0,2,23,0,25,3,2,0,0,0,0,95,11,8,72,7,3,27,0,2,4,6,3,1,0,340,0,0,1,0,7,2,1,41,2,10,0
6,497,7,45,19,90,11,21,0,21,252,0,11,24,0,0,0,0,0,0,0,0,0,0,1,0,16,764,0,0,2,0,0,93,93,0,0,0,0,2,0,0,0,109,40,12,0,0
2,15,4,2,200,20,6,3,0,0,18,0,1,12,0,0,0,0,0,0,0,0,0,0,0,0,0,56,0,0,0,0,3,5,325,0,0,0,0,0,0,0,0,6,3,3,0,0
0,1,0,0,1,0,0,3,0,0,1,7,22,0,4,0,0,16,1221,504,6,3,0,0,5,1,0,1,1,1,9,1,0,10,0,3,0,126,0,3,1,0,53,6,2,0,0,0
1154,40,77,90,68,156,901,46,4,25,70,0,69,110,4,1,38,1,0,3,4,0,40,7,12,12,16,43,1,1,70,46,139,12,74,0,7,0,0,2101,0,1,1,78,63,664,1,0
0,0,0,0,0,0,0,0,0,0,0,507,0,0,50,0,0,57,26,1,0,0,0,0,0,1,0,0,0,0,0,0,0,0,0,2,0,41,2521,0,1837,0,5,0,0,0,1,2421
0,0,0,0,0,0,0,0,0,0,0,1136,0,0,922,0,0,4,1,0,0,0,0,0,0,0,0,0,0,0,0,0,0,0,0,0,0,12,108,0,48,0,2,0,0,0,0,4
0,0,0,1,0,0,0,0,0,0,0,59,16,0,151,0,0,15,1538,76,10,1,0,0,0,10,0,1,5,2,8,1,0,0,0,8,0,1458,76,0,25,0,40,0,1,0,5,32
0,0,0,0,0,0,0,0,0,0,0,0,0,0,11,11,0,362,59,5,2,1,0,2,0,56,0,0,0,43,0,0,0,0,0,36,0,31,11,0,18,17,12,0,1,0,7,56
0,36,2,10,42,12,11,6,0,9,13,0,70,3,0,0,4,0,0,0,0,0,0,0,0,0,12,26,0,0,58,9,3,25,34,0,1,0,0,5,0,0,0,120,13,8,0,0
13,38,14,26,12,13,18,15,8,72,7,0,113,46,1,0,337,0,0,0,0,0,2,0,154,1,258,219,10,0,352,228,25,28,20,0,5,0,0,16,0,0,1,55,288,58,0,0
25,2,0,1,1,0,0,0,15,1,0,1,2,50,7,13,4,726,31,7,4,1,358,164,0,93,6,1,28,9,4,1,0,4,6,7,17,1,2,80,5,175,35,3,39,5,8,1
4,26,2,0,56,0,7,1,4,0,5,0,40,1239,1,0,3,2,0,0,0,0,12,1,2,18,2,19,2,0,8,1,5,1034,100,0,15,0,0,71,0,1,29,190,19,2,2,0
1,0,14,0,0,0,15,0,2,7,0,0,42,2,9,0,98,0,0,0,0,0,2,1,157,7,235,4,699,0,166,80,37,0,1,0,3,12,0,1,0,0,1,2,2,16,0,0
0,0,0,0,0,0,0,0,0,0,0,196,1,0,97,1,0,85,9,3,0,0,5,5,0,24,0,0,19,1,0,0,0,0,0,0,0,19,424,0,1908,0,6,3,12,0,2,947
0,0,0,0,0,0,0,0,1,0,0,41,0,0,72,1,0,1,0,0,0,0,1,0,0,0,0,0,3,0,0,0,0,0,0,0,0,1,5,0,22,0,0,0,1,0,0,1
