0.49899,0.28246,0.34274,0.44395,0.20957,0.29833,0.38937,0.19582,0.56424,0.49206,0.26639,0.47857,0.41709,0.49663,0.47568,0.78189,0.59405,0.47796,0.26167,0.34447,0.85134,0.9874,0.31428,0.66993,0.49594,0.42182,0.20515,0.22809,0.27428,0.83103,0.29746,0.18815,0.45653,0.35725,0.27707,0.68815,0.6347,0.33728,0.79811,0.51144,0.52939,0.51695,0.26507,0.31383,0.20858,0.59122,0.88978,0.65975
0.46588
53,142,2,43,39,733,130,487,0,48,784,0,2,0,0,0,0,0,0,0,0,0,0,0,0,0,36,122,0,0,0,0,0,11,380,0,0,0,0,4,0,0,0,5,0,43,0,0
3,3,51,1299,79,49,18,462,1,1240,186,0,16,0,0,0,16,0,0,0,4,0,0,0,44,0,201,18,2,0,4,152,7,0,5,0,0,0,0,0,0,0,0,18,113,6,0,0
53,82,22,109,162,282,21,178,2,103,359,3,113,0,2,2,0,4,16,22,10,1,0,3,1,1,149,137,1,6,16,9,4,24,212,41,0,4,6,2,0,6,40,306,26,7,6,2
58,715,0,0,36,270,22,157,0,3,270,0,1,69,0,0,0,0,0,0,0,0,0,0,0,0,13,232,0,0,0,0,0,276,788,0,0,0,0,9,0,0,0,1,2,16,0,0
0,29,1,42,1,103,3,161,0,42,206,0,0,0,0,0,0,0,0,0,1,0,0,0,1,0,87,40,0,0,0,0,0,0,1,0,0,0,0,0,0,0,0,0,2,9,0,0
87,297,25,33,141,90,16,68,14,23,111,0,270,31,0,0,2,14,0,19,11,0,8,2,5,1,119,351,2,1,24,15,8,102,232,2,14,0,1,14,1,9,19,1121,61,20,2,0
8,3,232,106,762,195,20,470,0,115,349,0,14,0,0,0,0,0,0,0,0,0,0,0,0,0,4,2,0,0,1,9,16,0,71,0,1,0,0,0,0,0,0,6,1,5,0,0
3,0,0,0,0,0,0,0,0,0,0,1,4,1,3,0,1,0,123,78,1,0,0,0,1,2,0,1,0,0,7,0,0,19,0,0,0,12,0,0,1,0,25,11,0,0,1,0
3,0,1,0,2,0,0,0,92,0,0,3,0,29,19,828,0,101,1,17,11,15,154,3219,0,1553,0,1,54,158,3,0,6,2,2,544,55,0,3,46,11,1166,89,0,2,6,25,3
0,0,0,0,0,0,0,0,0,0,0,161,0,0,390,0,0,0,17,1,0,0,0,0,0,0,0,0,0,0,0,0,0,0,0,0,0,223,17,0,11,0,0,0,0,0,0,2
0,0,0,2,0,0,0,0,0,0,0,16,10,2,95,0,0,16,559,67,18,0,0,0,0,13,8,4,13,1,10,0,0,0,0,1,1,240,9,0,2,0,30,17,2,1,5,4
0,0,1,2,7,0,1,1,7,2,0,2,12,3,3,7,2,194,601,33,11,2,224,131,0,127,3,2,21,14,7,0,2,3,0,107,23,54,6,11,4,24,225,43,5,2,6,24
8,2,6,8,15,5,5,0,29,3,0,1,3,7,26,3,14,46,0,5,8,0,633,179,4,118,5,7,271,44,5,8,52,0,2,0,66,0,0,43,2,3,9,4,49,90,0,0
40,9,83,637,189,68,132,127,1,465,100,0,215,0,0,0,15,0,3,0,2,0,1,0,41,0,542,165,11,0,130,330,28,0,46,0,0,0,0,3,0,0,0,195,148,124,0,0
2,466,2,0,3,7,1,4,1,0,20,0,7,74,0,0,0,0,0,1,1,0,0,0,5,2,3,87,0,0,0,0,0,217,13,0,2,0,0,10,0,0,0,19,0,1,1,0
2,4,0,0,2,0,2,3,148,0,0,0,28,1,0,0,9,2,1,2,7,0,20,2,13,7,4,3,4,1,8,2,1,2,2,1,108,0,0,3,0,3,203,51,52,2,14,0
0,0,0,0,0,0,0,0,7,0,0,0,1,3,2,3,0,35,13,490,12,5,1,4,0,52,0,0,3,24,1,0,0,7,0,144,6,0,0,1,0,11,421,1,0,0,14,2
1174,3,11,76,32,35,981,33,1,44,20,0,165,7,1,0,3,3,1,1,14,0,0,2,2,1,62,41,4,1,312,46,36,10,47,0,0,0,0,204,0,2,2,171,143,1737,0,0
0,0,284,113,225,0,5,21,0,95,2,0,74,0,0,0,163,0,0,0,0,0,0,0,265,0,27,3,2,0,42,462,241,0,6,0,0,0,0,0,0,0,0,1,250,1,0,0
0,0,0,0,0,0,0,0,0,0,0,4,0,0,22,8,0,1919,81,12,8,2,0,0,0,16,0,0,0,9,0,0,0,0,0,29,0,27,6,0,4,4,8,0,0,0,11,31
3,1,0,0,2,1,3,0,0,0,0,2,8,2,12,0,1,3,133,802,3,0,1,1,1,19,1,3,4,1,5,0,0,12,0,0,0,120,3,7,0,0,33,2,1,1,0,1
0,0,0,0,0,0,0,0,3,0,0,0,1,4,2,17,1,7,2,30,2474,4859,1,6,0,47,1,0,11,234,0,0,0,1,0,113,5,0,0,2,0,55,87,2,3,0,2212,0
0,6,30,3,13,0,5,16,4,31,2,19,6,7,30,0,10,28,250,200,173,0,60,0,19,17,44,6,706,2,9,9,10,5,3,4,5,144,2,16,1,0,92,14,28,14,14,3
29,6,191,163,229,13,40,10,0,110,15,1,717,0,0,0,152,0,0,0,1,0,0,0,261,1,352,119,401,0,597,470,273,9,51,0,4,0,0,0,0,0,4,398,365,60,0,0
98,11,303,158,431,25,60,34,58,87,13,4,1577,0,4,5,198,6,7,3,14,0,2,7,293,6,507,93,60,2,1183,401,434,13,69,2,46,3,1,16,1,1,53,1309,598,46,2,1
4,0,765,8,282,0,4,0,6,2,0,0,175,0,0,0,1538,0,0,0,1,0,0,0,1343,2,70,5,154,0,682,268,1339,0,2,0,5,0,0,0,0,0,5,5,280,5,0,0
0,0,0,0,0,0,0,0,0,0,0,153,0,0,476,0,0,0,20,4,0,0,0,0,0,1,0,0,7,1,6,0,0,0,0,0,0,454,9,0,45,0,1,1,0,0,0,3
0,0,0,0,0,0,0,0,0,0,0,27,15,0,25,0,1,7,1055,1361,10,0,0,0,1,5,1,1,3,6,7,0,0,22,0,1,0,1371,17,0,2,0,69,2,0,0,5,4
0,0,0,0,1,0,0,0,43,0,0,31,0,11,51,3384,0,187,2,127,47,30,39,780,1,1786,0,0,27,3010,0,0,0,1,0,2317,16,0,9,9,13,1815,301,0,0,0,70,22
29,981,68,5,557,85,6,76,9,11,125,0,24,788,0,0,5,4,0,4,3,0,211,3,5,16,16,441,14,1,4,3,30,1180,320,0,53,0,0,395,0,32,70,63,14,12,3,0
11,12,1,0,4,1,1,0,550,1,2,0,11,29,0,0,5,11,1,0,6,0,1517,38,4,39,2,7,20,2,9,3,3,32,1,0,354,0,0,56,0,104,910,16,18,2,28,0
4,22,27,8,48,10,9,8,2130,4,8,0,13,46,2,12,15,64,2,2,16,0,1523,237,13,137,17,29,63,18,5,9,14,7,15,1,1972,0,0,53,6,126,490,31,70,15,36,0
0,3,5,0,2,1,0,0,630,0,0,0,4,23,0,23,9,1,0,0,0,0,99,11,12,87,3,3,24,0,2,2,7,2,0,0,327,0,0,10,0,8,11,1,9,3,12,0
15,510,5,19,8,221,11,48,0,30,231,0,15,28,0,0,0,0,0,0,0,0,1,0,2,0,127,687,0,0,0,5,0,35,58,0,0,0,0,1,0,1,0,60,10,8,0,0
4,9,6,3,166,42,5,21,0,1,27,0,2,9,0,0,0,0,0,0,0,0,0,0,0,0,2,71,0,0,0,0,0,24,287,0,0,0,0,2,0,0,0,0,1,2,0,0
1,2,0,0,0,0,0,7,0,1,0,4,9,0,2,0,0,10,1206,536,8,3,0,0,6,1,0,1,0,2,7,1,0,15,0,5,0,140,1,0,0,0,30,14,0,0,0,0
1734,15,82,71,78,155,982,80,4,30,82,0,44,30,0,1,9,1,1,4,5,0,27,7,15,6,16,35,1,2,43,45,355,36,107,0,6,0,0,1297,0,1,32,55,110,645,1,0
0,0,0,0,0,0,0,0,0,0,0,1340,0,0,121,0,0,53,16,2,0,0,0,0,0,0,0,0,0,1,0,0,0,0,0,1,0,47,2368,0,1388,0,1,0,0,0,1,2131
0,0,0,0,0,0,0,0,0,0,0,557,0,0,1555,0,0,18,4,15,0,0,0,0,0,0,0,0,0,1,0,0,0,0,0,0,0,13,48,0,22,0,0,0,0,0,0,4
0,0,0,1,0,0,0,0,0,0,0,63,9,0,183,0,3,13,1491,89,14,3,0,0,0,5,0,1,3,6,4,0,0,0,0,10,0,1481,58,0,23,0,40,10,1,0,1,27
0,0,0,0,0,0,0,0,0,0,0,2,0,0,7,19,0,357,56,8,3,1,0,2,0,45,0,0,0,59,1,0,0,0,0,31,0,31,15,0,17,6,11,0,0,0,6,64
6,40,2,6,52,18,8,8,0,9,16,0,70,1,0,0,1,0,0,0,0,0,0,0,3,0,8,24,0,0,49,15,0,32,46,0,0,0,0,4,0,0,2,94,14,4,0,0
20,62,12,10,13,39,16,4,12,19,6,0,114,28,0,0,163,0,0,1,1,0,2,0,177,1,123,235,15,1,466,217,27,28,7,0,9,0,0,60,0,0,11,81,445,28,0,0
1,4,0,0,2,0,0,0,17,1,0,2,1,37,2,13,0,808,31,7,7,0,303,162,0,84,2,2,34,7,4,1,1,5,5,12,18,4,1,153,5,132,34,8,14,11,7,1
20,34,3,0,48,8,7,3,5,0,9,0,11,1254,0,0,0,2,0,2,1,0,10,1,3,13,0,28,1,0,4,2,7,1169,66,1,8,0,0,101,0,1,61,31,6,2,1,0
2,0,11,1,4,1,8,0,0,0,0,0,20,1,8,0,253,0,0,0,0,0,3,3,167,6,87,5,613,0,320,14,32,2,0,0,3,8,0,4,0,0,9,1,20,10,0,0
0,0,0,0,0,0,0,0,0,0,0,378,0,0,139,2,0,97,5,5,0,0,5,5,0,17,0,0,19,7,0,0,0,0,0,0,0,14,385,0,1774,1,5,3,3,0,2,901
0,0,0,0,1,0,0,0,1,0,0,26,0,0,87,1,0,4,0,1,0,0,1,0,0,0,0,0,6,0,0,0,0,0,0,0,0,1,2,0,18,0,0,0,1,0,0,0
