0.49743,0.28343,0.3487,0.44132,0.21083,0.29971,0.39012,0.19303,0.56159,0.49028,0.2662,0.47908,0.41964,0.49233,0.47762,0.78447,0.59234,0.47846,0.26055,0.34168,0.85119,0.98798,0.31671,0.66736,0.49833,0.4242,0.20224,0.22944,0.27532,0.8252,0.29424,0.18943,0.45664,0.35476,0.27743,0.68859,0.6328,0.33725,0.80027,0.51618,0.53111,0.51616,0.26943,0.30608,0.22394,0.59161,0.88678,0.66201
0.466
51,142,2,40,39,734,128,476,0,49,793,0,2,0,0,0,0,0,0,0,0,0,0,0,0,0,36,123,0,0,0,0,0,11,385,0,0,0,0,4,0,0,0,5,0,44,0,0
3,3,52,1301,77,50,16,471,1,1236,194,0,17,0,0,0,16,0,0,0,4,0,0,0,44,0,210,18,2,0,4,143,8,0,5,0,0,0,0,0,0,0,0,19,97,6,0,0
54,84,22,106,165,281,20,175,2,106,352,2,114,0,2,2,0,4,16,23,8,1,0,4,1,1,149,122,1,8,18,9,4,24,211,41,1,4,6,1,0,5,38,319,34,7,6,2
57,722,0,0,37,274,23,147,0,2,268,0,1,64,0,0,0,0,0,0,0,0,0,0,0,0,14,233,0,0,0,0,0,279,789,0,0,0,0,9,0,0,0,0,2,17,0,0
1,29,2,43,1,99,2,159,0,43,210,0,0,0,0,0,0,0,0,0,1,0,0,0,1,0,85,41,0,0,0,0,0,0,1,0,0,0,0,0,0,0,0,0,2,9,0,0
90,288,25,36,141,85,16,67,16,23,115,0,258,36,0,0,2,13,1,17,11,0,9,2,5,0,116,347,1,3,22,15,7,107,231,2,12,0,1,14,0,7,20,1135,68,18,4,0
8,3,232,102,763,207,21,467,0,111,347,0,15,0,0,0,0,0,0,0,0,0,0,0,0,0,4,2,0,0,1,9,16,0,69,0,1,0,0,0,0,0,0,6,1,5,0,0
3,0,0,0,0,0,0,0,0,0,0,1,3,1,5,0,1,0,125,80,1,0,0,0,1,2,0,1,0,0,7,0,1,21,0,0,0,12,0,0,1,0,16,12,0,0,1,0
3,0,1,0,1,0,1,0,97,0,0,4,0,33,20,813,1,94,1,15,12,14,147,3230,0,1548,0,1,51,169,1,0,5,1,2,544,58,0,2,46,13,1169,94,0,2,4,25,2
0,0,0,0,0,0,0,0,0,0,0,162,0,0,389,0,0,0,18,1,0,0,0,0,0,0,0,0,0,0,0,0,0,0,0,0,0,225,14,0,11,0,0,0,0,0,0,2
0,0,0,2,0,0,0,0,0,0,0,16,6,2,93,0,0,14,561,68,20,0,1,0,0,14,7,4,13,2,11,1,0,0,0,1,0,242,7,0,4,0,30,17,1,1,6,2
0,1,1,2,10,1,1,1,8,2,1,2,10,3,2,7,3,201,589,32,14,2,225,133,0,122,1,1,21,14,5,1,3,3,0,106,22,59,6,11,4,22,230,45,5,2,3,22
8,0,6,10,16,5,4,1,35,3,1,1,2,7,26,3,12,46,0,4,8,0,637,180,6,115,6,5,264,38,8,9,54,0,2,0,68,0,0,45,2,3,9,4,49,86,0,0
40,9,81,646,187,69,137,132,0,471,101,0,217,0,0,0,16,0,3,0,3,0,1,0,41,0,542,166,9,0,136,312,27,0,42,0,0,0,0,3,0,0,0,202,133,124,0,0
2,455,2,0,3,6,1,3,0,0,22,0,8,74,0,0,0,0,0,1,1,0,0,0,4,3,3,84,2,0,0,0,0,229,13,0,1,0,0,9,0,0,0,20,0,1,2,0
2,1,0,0,2,1,2,4,148,0,0,0,26,2,0,0,10,3,0,0,6,0,22,2,12,7,4,3,6,1,8,2,1,2,2,1,110,0,0,4,0,3,192,47,66,1,14,0
0,0,0,0,0,0,0,0,6,0,0,0,1,3,3,5,0,36,12,492,12,4,1,1,0,54,0,0,3,23,1,0,0,6,0,141,6,1,0,1,0,10,419,2,1,0,17,2
1185,2,11,78,31,34,985,32,1,45,21,0,162,7,2,0,3,2,2,1,14,0,0,2,1,1,62,40,4,1,312,46,34,11,47,0,0,0,0,206,0,2,1,159,160,1721,0,0
1,0,288,116,225,0,5,19,0,95,2,0,74,0,0,0,173,0,0,0,0,0,0,0,264,0,28,3,2,0,41,467,241,0,6,0,0,0,0,0,0,0,0,1,230,1,0,0
0,0,0,0,0,0,0,0,0,0,0,4,0,0,22,8,0,1921,73,12,10,2,0,0,0,15,0,0,0,10,0,0,0,0,0,33,0,28,5,0,4,3,9,0,0,0,11,31
4,1,0,0,2,1,4,0,0,0,0,2,7,2,12,0,1,3,130,810,3,0,1,0,1,17,1,3,4,0,6,0,0,11,0,0,0,123,2,7,1,0,27,3,1,1,0,1
0,0,0,0,0,0,0,0,3,0,0,0,1,4,2,17,1,7,1,30,2494,4849,1,6,0,45,1,0,11,239,0,0,0,1,0,113,5,0,0,2,0,56,85,2,3,0,2201,0
1,7,24,4,15,0,6,17,2,30,2,19,5,6,30,0,11,27,244,206,172,0,61,1,18,15,43,5,704,2,10,11,10,5,3,3,6,152,1,17,2,0,89,14,30,14,14,2
30,7,192,167,225,15,39,10,0,110,16,0,712,0,1,0,149,0,1,0,1,0,0,0,259,1,365,119,403,0,597,473,275,9,53,0,4,0,0,0,0,0,3,395,350,61,0,0
99,9,295,162,423,24,60,36,52,87,12,4,1564,2,7,4,201,5,7,2,13,0,3,8,287,7,531,93,59,3,1169,413,441,14,69,2,41,3,1,11,1,2,47,1273,651,46,2,0
4,0,779,9,274,0,4,0,6,2,0,0,175,0,0,0,1546,0,0,0,1,0,0,0,1343,2,74,5,147,0,685,267,1348,0,2,0,5,0,0,0,0,0,5,5,256,6,0,0
0,0,0,0,0,0,0,0,0,0,0,152,0,0,479,0,0,3,19,3,0,0,0,0,0,2,0,0,6,1,5,0,0,0,0,0,0,452,8,0,46,0,0,1,0,0,0,4
0,0,0,0,0,0,1,0,0,0,0,27,14,0,26,0,2,11,1054,1351,10,0,0,0,1,6,1,2,3,6,6,0,0,21,0,1,0,1376,17,0,2,1,68,1,0,0,7,3
0,0,0,0,1,0,0,0,43,0,0,28,0,11,51,3385,0,191,4,127,49,30,38,791,1,1802,0,0,26,2993,1,0,0,0,0,2324,14,0,10,9,14,1805,291,0,1,0,70,20
25,977,69,3,555,80,6,73,10,10,135,0,21,802,0,0,6,4,0,4,2,0,207,4,6,14,14,452,15,1,4,3,31,1167,326,0,54,0,0,385,0,34,68,67,14,14,4,0
11,10,2,0,3,1,1,0,550,1,2,0,8,27,0,0,5,12,3,0,6,0,1520,38,5,37,4,8,20,2,11,4,3,29,1,0,351,0,0,51,0,103,915,14,23,1,29,0
3,19,24,6,51,9,9,7,2111,4,8,0,12,46,3,11,15,61,1,1,16,1,1543,241,13,149,13,31,63,26,5,10,14,8,14,1,1956,0,0,54,6,126,488,30,79,16,33,0
0,4,5,0,2,1,0,0,627,0,0,0,3,20,0,23,9,1,0,0,0,0,99,10,11,89,4,2,23,0,1,2,6,2,0,0,332,0,0,10,0,7,13,0,13,4,11,0
15,508,5,20,8,220,10,47,0,30,238,0,16,29,0,0,0,0,0,0,0,0,1,0,2,0,116,689,0,0,0,5,0,32,62,0,0,0,0,1,0,1,0,63,11,7,0,0
4,8,6,3,169,44,5,20,0,1,25,0,2,9,0,0,0,0,0,0,0,0,0,0,0,0,2,73,0,0,0,0,0,24,284,0,0,0,0,2,0,0,0,0,1,2,0,0
1,1,0,0,0,0,0,6,0,1,0,4,7,0,2,0,0,10,1207,539,9,3,0,0,6,1,0,1,1,1,7,1,0,14,0,6,0,138,1,0,1,0,30,14,0,0,0,0
1739,13,82,71,76,145,987,79,4,30,81,0,39,31,0,1,9,1,0,4,6,0,24,7,13,7,18,34,1,2,40,47,354,31,104,0,6,0,0,1308,0,1,35,62,123,634,1,0
0,0,0,0,0,0,0,0,0,0,0,1340,0,0,114,0,0,56,16,3,0,0,0,0,0,0,0,0,0,1,0,0,0,0,0,2,0,45,2376,0,1382,0,1,0,0,0,1,2133
0,0,0,0,0,0,0,0,0,0,0,551,0,0,1558,0,0,18,4,14,0,0,0,0,0,0,0,0,0,1,0,0,0,0,0,0,0,15,49,0,23,0,0,0,0,0,0,4
0,0,0,1,0,0,0,0,0,0,0,65,10,0,180,0,1,12,1476,90,12,1,0,0,0,5,0,1,4,6,8,0,0,0,0,9,0,1492,62,0,20,0,42,10,1,0,3,28
0,0,0,0,0,0,0,0,0,0,0,2,0,0,6,20,0,354,57,8,2,1,0,3,0,45,0,0,0,59,1,0,0,0,0,33,0,31,13,0,17,6,11,0,0,0,7,65
6,43,2,7,49,18,9,9,0,8,16,0,71,1,0,0,1,0,0,0,0,0,0,0,1,0,7,24,0,0,49,15,0,32,45,0,0,0,0,3,0,0,2,95,14,5,0,0
24,62,12,12,14,37,15,4,15,20,6,0,111,28,0,0,167,0,0,1,1,0,2,0,177,1,124,233,13,0,472,214,26,27,7,0,10,0,0,62,0,0,8,76,446,26,0,0
0,4,0,0,2,0,0,0,16,1,1,3,1,39,1,13,1,805,33,7,7,0,309,168,0,88,2,2,32,7,4,0,1,5,4,11,18,3,2,148,4,129,34,5,14,12,6,1
20,35,2,0,47,7,7,4,5,0,10,0,11,1251,0,0,0,2,0,1,1,0,10,2,2,10,0,28,2,0,4,3,7,1170,64,1,7,0,0,106,0,1,62,32,6,1,2,0
2,0,10,1,4,1,5,0,0,0,0,0,21,1,9,0,248,0,0,0,0,0,4,3,169,7,93,4,614,0,313,15,35,2,1,0,3,8,0,5,0,0,8,1,17,12,0,0
0,0,0,0,0,0,0,0,0,0,0,380,0,0,131,2,0,94,7,6,0,0,5,4,0,16,0,0,21,8,0,0,0,0,0,0,0,14,384,0,1784,1,6,3,1,0,2,898
0,0,0,0,1,0,0,0,1,0,0,28,0,0,86,1,0,4,0,1,0,0,1,0,0,0,0,0,6,0,0,0,0,0,0,0,0,1,2,0,17,0,0,0,1,0,0,0
