0.49458,0.28223,0.33289,0.41594,0.20747,0.30566,0.38967,0.22609,0.566,0.47777,0.26006,0.47713,0.41305,0.47978,0.47639,0.78885,0.55026,0.48356,0.26267,0.34623,0.85281,0.98715,0.31456,0.67002,0.50985,0.42131,0.20691,0.23327,0.27174,0.83016,0.29883,0.24125,0.43554,0.35958,0.27788,0.68802,0.63866,0.33591,0.80235,0.51699,0.53084,0.51767,0.27037,0.28575,0.25998,0.59449,0.89254,0.66231
0.46599
67,150,2,30,42,762,128,433,0,42,782,0,3,0,0,0,0,0,0,0,0,0,0,0,0,0,26,142,0,0,0,0,0,14,389,0,0,0,0,4,0,0,0,7,1,40,0,0
3,3,52,1294,75,73,17,546,1,1236,196,0,16,0,0,0,22,0,0,0,2,0,0,0,38,0,222,19,1,0,4,44,7,0,6,0,0,0,0,0,0,0,0,22,92,6,0,0
54,81,23,95,161,282,22,158,2,105,358,3,111,0,2,1,1,4,17,21,8,2,0,2,1,3,130,129,1,7,18,3,3,22,219,38,1,3,6,2,0,6,35,344,59,7,3,2
64,750,0,0,38,274,23,121,0,2,254,0,1,62,0,0,0,0,0,0,0,0,0,0,0,0,11,237,0,0,0,0,0,281,790,0,0,0,0,9,0,0,0,2,3,16,0,0
1,30,1,30,1,117,2,156,0,36,225,0,0,0,0,0,0,0,0,0,0,0,0,0,1,0,69,42,0,0,0,0,0,0,1,0,0,0,0,0,0,0,0,1,7,9,0,0
92,286,23,30,147,83,17,65,16,23,117,0,256,34,0,0,4,8,1,17,11,0,9,1,5,0,103,330,1,2,27,6,9,106,234,1,10,0,0,19,0,8,16,1096,152,18,3,0
8,2,239,100,761,254,20,451,0,87,341,0,16,0,0,0,1,0,0,0,0,0,0,0,0,0,5,3,0,0,1,2,15,0,69,0,0,0,0,0,0,0,0,6,5,4,0,0
3,0,0,0,1,0,0,0,0,0,0,3,4,1,4,0,0,0,130,71,1,0,0,0,2,2,0,0,0,0,8,0,1,18,0,0,0,11,0,0,0,0,23,11,0,0,1,0
2,0,1,0,2,0,0,0,97,0,0,1,0,33,18,800,1,100,2,15,11,15,140,3261,0,1555,1,1,47,163,2,0,6,1,2,548,55,0,2,43,14,1152,90,0,7,5,28,3
0,0,0,0,0,0,0,0,0,0,0,159,0,0,393,0,0,0,15,1,0,0,0,0,0,0,0,0,0,0,0,0,0,0,0,0,0,224,16,0,12,0,0,0,0,0,0,2
0,0,0,2,0,0,0,0,0,0,0,18,9,2,93,0,0,12,553,69,18,0,0,0,2,16,8,4,12,2,12,0,0,0,0,2,0,240,9,1,2,0,34,17,0,1,6,2
0,1,1,1,8,1,1,0,7,0,0,2,9,3,0,6,1,195,598,31,13,2,226,143,0,120,1,1,21,13,7,1,2,3,0,105,21,57,6,12,5,21,222,42,21,0,5,24
8,1,9,10,14,5,4,0,33,3,0,2,2,7,24,0,21,44,0,5,6,0,635,175,5,120,11,5,267,39,7,10,48,0,2,0,69,0,0,45,2,4,10,5,45,85,1,0
38,10,90,703,185,67,145,136,0,521,119,0,239,1,0,0,25,0,2,0,2,0,1,0,39,0,593,171,6,0,112,129,21,0,42,0,0,0,0,2,0,0,0,225,112,114,0,0
2,449,2,0,3,5,2,3,0,0,22,0,7,80,0,0,0,0,0,1,1,0,0,0,4,3,1,82,0,0,0,0,0,231,15,0,3,0,0,10,0,0,0,20,1,1,1,0
2,1,0,1,2,0,1,2,143,0,0,0,23,2,0,0,13,2,0,0,5,0,22,2,11,8,3,2,7,1,5,3,1,3,2,1,101,0,0,4,0,3,178,34,117,0,12,0
0,1,0,0,0,0,0,0,6,0,0,0,0,4,2,4,0,36,14,493,11,5,1,3,0,51,0,0,4,25,1,0,0,6,0,142,7,0,0,0,0,10,417,1,3,0,14,2
1151,6,10,87,27,29,996,30,1,48,21,0,163,6,1,0,1,1,2,1,14,0,0,2,0,1,83,41,3,1,294,22,50,9,48,0,0,0,0,212,0,2,2,158,200,1705,0,0
0,0,300,176,230,0,6,21,0,110,3,0,84,0,0,0,242,0,0,0,0,0,0,0,250,0,41,2,2,0,39,425,213,0,6,0,0,0,0,0,0,0,0,1,129,2,0,0
0,0,0,0,0,0,0,0,0,0,0,3,0,0,22,8,0,1926,74,14,11,2,0,0,0,16,0,0,0,9,0,0,0,0,0,29,0,27,8,0,4,4,7,0,0,0,9,28
3,1,0,0,2,0,3,0,0,0,0,3,6,2,11,0,0,3,134,802,3,0,1,0,1,19,1,3,4,0,7,0,1,12,0,0,0,123,2,8,1,0,29,3,1,2,0,1
0,0,0,0,0,0,0,0,3,0,0,0,1,4,2,17,1,7,1,31,2474,4841,1,6,0,44,1,0,11,235,0,0,0,1,0,118,6,0,0,1,0,56,86,2,3,1,2226,0
0,6,25,6,15,0,6,18,3,28,2,19,5,7,30,0,13,27,250,196,179,1,58,0,20,18,48,4,700,2,13,7,12,4,2,4,7,151,1,17,1,0,87,11,30,12,12,3
28,5,202,207,226,12,40,9,0,137,16,1,760,0,0,0,166,0,1,0,1,0,0,0,251,1,451,116,396,0,579,397,264,9,52,0,3,0,0,0,0,0,3,385,263,61,0,0
91,11,303,182,427,19,61,40,53,107,15,2,1563,1,3,6,191,4,6,3,11,0,2,7,294,7,568,88,58,2,1172,401,418,11,69,2,33,4,1,7,0,2,33,1149,775,40,2,1
3,0,752,15,289,0,4,0,5,3,0,0,160,0,0,0,1396,0,0,0,1,0,0,0,1372,3,99,5,158,0,714,579,1233,0,2,0,4,0,0,0,0,0,5,5,137,6,0,0
0,0,0,0,0,0,0,0,0,0,0,149,0,0,483,0,0,2,19,3,0,0,0,0,0,3,0,0,4,1,4,0,0,0,0,0,0,453,9,0,46,0,0,2,0,0,0,3
1,0,0,0,0,0,0,0,0,0,0,26,10,0,26,0,0,10,1049,1360,9,0,0,0,1,6,1,2,2,6,7,2,0,19,0,2,0,1378,19,0,1,0,70,1,1,0,7,2
0,0,0,0,1,0,0,0,41,0,0,29,0,11,50,3396,0,178,6,124,48,30,43,784,1,1783,0,0,25,3011,0,0,0,1,0,2320,20,0,9,10,16,1802,299,0,1,0,72,19
24,985,69,4,581,81,6,59,10,7,130,0,23,846,0,0,7,5,0,4,2,0,206,2,5,16,9,419,13,1,3,3,28,1125,310,0,56,0,0,392,0,37,73,79,29,13,4,0
8,8,2,0,3,1,1,0,547,1,2,0,8,27,0,0,6,10,2,1,5,0,1519,37,4,34,1,4,19,4,11,4,5,23,1,0,353,0,0,53,0,100,916,15,47,2,27,0
3,17,30,6,48,9,9,8,2131,3,5,0,13,52,3,8,19,54,1,0,16,0,1508,239,12,142,12,30,68,18,4,9,13,9,12,1,1969,0,0,47,5,126,494,22,115,15,32,0
0,3,5,0,2,0,0,0,630,1,0,0,2,24,0,24,10,2,0,0,0,0,94,12,10,87,3,3,26,0,1,2,6,3,0,0,327,0,0,9,0,7,12,0,18,2,9,0
16,522,6,17,9,194,13,46,0,31,257,0,15,32,0,0,0,0,0,0,0,0,1,0,1,0,86,697,0,0,1,0,0,32,61,0,0,0,0,2,0,1,0,67,25,4,0,0
4,10,6,4,173,32,5,15,0,0,26,0,1,9,0,0,0,0,0,0,0,0,0,0,0,0,2,77,0,0,0,0,1,24,287,0,0,0,0,2,0,0,0,1,4,1,0,0
0,1,0,0,0,0,0,4,0,1,1,5,9,0,4,0,0,13,1213,529,9,3,0,0,5,1,0,1,1,1,7,1,0,15,0,5,0,139,1,0,0,0,28,15,0,0,0,0
1688,16,80,79,76,141,988,79,4,29,82,0,36,30,0,1,9,1,1,4,4,0,26,9,13,6,15,33,1,2,44,37,413,32,101,0,3,0,0,1324,0,1,35,56,106,644,1,0
0,0,0,0,0,0,0,0,0,0,0,1335,0,0,116,0,0,50,17,2,0,0,0,0,0,0,0,0,0,1,0,0,0,0,0,1,0,44,2395,0,1379,0,1,0,0,0,1,2128
0,0,0,0,0,0,0,0,0,0,0,561,0,0,1554,0,0,21,4,14,0,0,0,0,0,0,0,0,0,1,0,0,0,0,0,0,0,12,46,0,20,0,0,0,0,0,0,4
0,0,0,1,0,0,0,0,0,0,0,64,8,0,177,0,1,12,1498,91,13,2,0,0,0,5,0,1,4,6,5,1,0,0,0,10,0,1480,56,0,20,0,46,9,1,0,3,25
0,0,0,0,0,0,0,0,0,0,0,2,0,0,7,19,0,365,55,8,2,1,0,2,0,46,0,0,0,57,1,0,0,0,0,33,0,32,13,0,16,6,10,0,0,0,6,60
6,42,3,9,47,14,10,9,0,9,18,0,70,2,0,0,2,0,0,0,0,0,0,0,1,0,9,23,0,0,49,10,0,33,46,0,0,0,0,3,0,0,1,98,13,5,0,0
22,56,11,21,14,30,14,4,11,16,7,0,116,30,0,0,200,0,0,1,1,0,2,0,165,1,133,237,14,1,452,258,23,28,7,0,8,0,0,61,0,0,8,69,407,25,0,0
1,4,0,0,1,0,0,0,16,1,0,2,1,38,3,12,1,794,32,7,7,0,312,170,0,85,2,2,31,8,4,0,0,5,5,10,16,4,2,153,5,132,33,5,23,9,6,1
18,32,3,0,52,7,6,2,3,0,8,0,11,1246,0,0,1,2,0,3,2,0,12,2,4,10,1,28,2,0,4,2,6,1169,62,0,7,0,0,104,0,1,69,31,11,1,1,0
2,0,9,1,4,1,6,0,1,0,0,0,23,1,7,0,182,0,0,0,0,0,4,3,173,7,116,4,642,0,303,42,32,2,1,0,4,8,0,5,0,0,10,1,10,12,0,0
0,0,0,0,0,0,0,0,0,0,0,381,0,0,141,2,0,91,6,5,0,0,5,5,0,13,0,0,20,8,0,0,0,0,0,0,0,15,382,0,1773,0,6,3,6,0,2,903
0,0,0,0,1,0,0,0,1,0,0,28,0,0,86,1,0,4,0,1,0,0,1,0,0,0,0,0,5,0,0,0,0,0,0,0,0,1,2,0,18,0,0,0,1,0,0,0
