0.49058,0.28021,0.33363,0.41643,0.20645,0.30647,0.39125,0.23668,0.56625,0.46797,0.25923,0.47534,0.41051,0.47551,0.4783,0.78646,0.53487,0.4803,0.26174,0.341,0.85601,0.98819,0.31515,0.66859,0.51251,0.41967,0.20921,0.23585,0.26677,0.83145,0.29596,0.25843,0.4381,0.36251,0.2785,0.68761,0.64091,0.33711,0.7994,0.5225,0.52996,0.52038,0.2686,0.28378,0.26326,0.59277,0.88916,0.65876
0.46541
66,153,2,30,42,772,125,423,0,44,779,0,2,0,0,0,0,0,0,0,0,0,0,0,0,0,22,146,0,0,0,0,0,14,389,0,0,0,0,4,0,0,0,8,1,42,0,0
3,3,53,1298,76,75,16,573,1,1220,193,0,15,0,0,0,26,0,0,0,2,0,0,0,36,0,222,20,1,0,3,34,8,0,5,0,0,0,0,0,0,0,0,21,88,5,0,0
57,83,22,90,163,287,21,157,2,101,351,3,108,0,2,2,1,4,19,21,8,1,0,4,1,2,129,126,1,6,17,2,4,22,219,39,0,3,5,1,0,6,33,354,67,6,3,2
64,749,0,0,40,277,23,114,0,2,251,0,1,60,0,0,0,0,0,0,0,0,0,0,0,0,11,240,0,0,0,0,0,284,794,0,0,0,0,9,0,0,0,0,3,16,0,0
1,29,1,28,1,125,2,153,0,33,229,0,0,0,0,0,0,0,0,0,0,0,0,0,1,0,66,41,0,0,0,0,0,0,1,0,0,0,0,0,0,0,0,1,8,9,0,0
92,291,24,31,147,84,15,64,16,25,114,0,254,33,0,0,4,7,2,20,11,0,10,1,4,0,109,327,0,3,27,7,7,101,231,1,10,0,0,17,0,8,14,1087,168,18,2,0
10,2,235,99,762,258,20,452,0,86,339,0,15,0,0,0,1,0,0,0,0,0,0,0,0,0,5,3,0,0,1,2,15,0,67,0,0,0,0,0,0,0,0,8,6,4,0,0
3,0,0,0,1,0,0,0,0,0,0,2,3,1,4,0,0,0,123,81,1,0,0,0,1,2,0,0,0,0,8,0,1,20,0,0,0,8,0,0,0,0,19,16,0,0,1,0
2,0,1,0,1,0,0,0,96,0,0,4,0,34,20,805,0,95,1,15,12,14,143,3240,0,1552,1,1,50,166,3,0,5,1,2,544,62,0,2,45,12,1162,95,0,6,5,25,2
0,0,0,0,0,0,0,0,0,0,0,161,0,0,391,0,0,0,16,1,0,0,0,0,0,0,0,0,0,0,0,0,0,0,0,0,0,222,16,0,12,0,0,0,0,0,0,3
0,0,0,3,0,0,0,0,0,0,0,19,8,2,88,0,0,16,565,68,18,0,1,0,2,13,5,3,13,1,11,0,0,0,0,1,0,242,8,0,2,0,29,18,1,1,4,4
0,1,1,1,9,1,2,0,6,0,1,2,10,3,1,6,3,197,589,31,14,2,227,136,0,128,2,1,21,14,6,0,2,3,0,103,21,56,7,12,4,18,232,42,14,1,7,22
13,2,8,11,15,6,3,0,28,3,0,3,1,7,25,2,17,45,0,4,8,0,627,178,7,118,6,4,270,37,6,12,50,0,2,0,69,0,0,44,1,4,13,5,45,89,0,0
38,9,84,693,183,64,136,139,0,538,120,0,240,1,0,0,26,0,3,0,2,0,1,0,38,0,604,168,6,0,113,130,24,0,44,0,0,0,0,2,0,0,0,224,111,109,0,0
3,456,2,0,5,5,1,3,0,0,22,0,7,73,0,0,0,0,0,1,1,0,0,0,4,3,1,79,1,0,0,0,0,231,15,0,3,0,0,10,0,0,0,20,1,1,1,0
1,3,0,1,2,0,1,2,138,0,0,0,23,1,0,0,13,4,0,0,3,0,20,2,12,8,3,2,7,1,6,3,2,2,3,1,99,0,0,4,0,3,178,31,125,1,12,0
0,0,0,0,0,0,0,0,7,0,0,1,1,4,3,6,0,34,10,497,12,4,0,3,0,53,0,0,3,24,1,0,0,7,0,138,6,0,0,0,0,9,419,1,2,0,16,2
1159,2,11,85,29,31,993,29,1,50,22,0,167,7,2,0,1,0,1,0,14,0,0,2,0,1,89,40,4,1,295,20,49,8,51,0,0,0,0,209,0,2,1,156,206,1690,0,0
0,0,299,179,228,0,7,21,0,113,3,0,85,0,0,0,262,0,0,0,0,0,0,0,250,0,39,2,2,0,37,425,209,0,6,0,0,0,0,0,0,0,0,1,113,1,0,0
0,0,0,0,0,0,0,0,0,0,0,4,0,0,21,7,0,1926,75,13,9,2,0,0,0,19,0,0,0,9,0,0,0,0,0,29,0,27,7,0,4,4,7,0,0,0,10,28
4,2,0,0,3,1,3,0,0,0,0,2,7,2,12,0,0,3,131,806,3,0,1,0,1,19,1,3,4,1,7,0,1,10,0,0,0,120,3,8,0,0,30,2,1,0,0,1
0,0,0,0,0,0,0,0,4,0,0,0,1,4,2,16,0,7,2,32,2479,4853,1,5,0,48,1,0,12,229,1,0,0,1,0,120,5,0,0,2,0,52,85,2,2,0,2214,0
0,7,24,5,15,0,5,19,4,24,2,19,4,7,26,0,13,28,243,202,175,0,59,0,21,16,49,6,696,2,13,8,12,5,3,4,7,155,1,17,1,0,88,11,34,13,14,3
29,5,204,203,225,12,37,11,0,146,20,1,765,0,0,0,170,0,1,0,1,0,0,0,253,1,453,117,398,0,585,384,265,9,53,0,5,0,0,0,0,0,3,377,250,59,0,0
96,9,312,191,419,20,61,41,50,115,17,2,1555,1,4,5,204,3,7,2,12,0,2,8,293,7,578,88,62,2,1164,384,416,10,67,2,32,3,1,10,0,2,33,1132,784,36,2,1
3,0,756,15,288,0,4,1,5,3,0,0,160,0,0,0,1342,0,0,0,1,0,0,0,1372,3,102,5,165,0,727,621,1235,0,2,0,4,0,0,0,0,0,5,3,121,7,0,0
0,0,0,0,0,0,0,0,0,0,0,151,0,0,479,0,0,3,20,4,0,0,0,0,0,3,0,0,8,1,4,0,0,0,0,0,0,452,9,0,43,0,0,1,0,0,0,3
1,0,0,1,0,0,1,0,0,0,0,29,12,0,23,0,0,9,1062,1349,7,0,0,0,0,5,1,2,3,6,7,2,0,20,0,2,0,1373,18,0,2,0,70,2,1,0,7,3
0,0,0,0,0,0,0,0,41,0,0,32,0,11,50,3381,0,196,5,121,44,29,40,779,1,1779,0,0,28,3019,0,0,0,1,0,2298,20,0,9,10,16,1813,309,0,1,0,76,21
25,981,69,2,594,82,6,54,10,8,138,0,21,859,0,0,5,4,0,4,3,0,203,3,5,17,12,413,12,1,4,4,31,1114,312,0,57,0,0,378,0,36,74,76,32,14,3,0
10,8,2,0,3,1,1,0,551,1,2,0,8,30,0,0,4,12,2,1,3,0,1514,38,4,38,1,5,18,3,10,4,5,22,1,0,347,0,0,54,0,101,910,16,50,1,30,0
4,18,28,10,51,9,9,6,2124,4,8,0,12,52,3,11,18,54,1,0,16,0,1499,242,11,140,11,28,70,19,4,9,15,9,12,1,1974,0,0,51,6,130,484,22,117,14,31,0
0,3,5,0,2,0,0,0,630,0,0,0,2,23,0,24,9,2,0,0,0,0,98,12,10,88,4,2,27,0,1,3,6,2,0,0,323,0,0,6,0,8,10,0,21,3,10,0
17,523,5,17,10,192,13,40,0,32,259,0,16,32,0,0,0,0,0,0,0,0,1,0,1,0,80,704,0,0,1,0,0,34,58,0,0,0,0,2,0,1,0,68,26,4,0,0
4,11,6,3,170,33,5,15,0,0,25,0,1,9,0,0,0,0,0,0,0,0,0,0,0,0,2,78,0,0,0,0,1,24,289,0,0,0,0,2,0,0,0,1,3,2,0,0
1,2,0,0,0,0,0,7,0,0,0,5,7,0,3,0,0,11,1193,551,9,3,0,0,4,1,0,1,1,1,7,1,0,12,0,5,0,145,1,0,1,0,28,12,0,0,0,0
1692,15,85,88,77,133,990,82,5,30,80,0,41,32,0,1,6,1,1,3,4,0,25,8,9,6,17,33,1,2,43,39,394,29,103,0,3,0,0,1335,0,1,32,56,107,640,1,0
0,0,0,0,0,0,0,0,0,0,0,1330,0,0,118,0,0,57,15,2,0,0,0,0,0,0,0,0,0,1,0,0,0,0,0,2,0,43,2395,0,1393,0,1,0,0,0,1,2112
0,0,0,0,0,0,0,0,0,0,0,555,0,0,1554,0,0,19,4,15,0,0,0,0,0,0,0,0,0,1,0,0,0,0,0,0,0,16,50,0,19,0,0,0,0,0,0,4
0,0,0,1,0,0,0,0,0,0,0,63,8,0,178,0,1,15,1483,91,12,2,0,0,0,6,0,1,4,7,4,1,0,0,0,8,0,1487,57,0,19,0,50,9,1,0,4,27
0,0,0,0,0,0,0,0,0,0,0,1,0,0,7,18,0,361,57,7,2,1,0,2,0,42,0,0,0,59,1,0,0,0,0,32,0,30,15,0,19,7,11,0,0,0,7,62
6,42,3,10,50,15,9,9,0,11,15,0,71,2,0,0,2,0,0,0,0,0,0,0,1,0,9,23,0,0,47,10,0,31,43,0,0,0,0,3,0,0,1,100,14,5,0,0
22,54,10,21,16,29,14,3,9,17,7,0,120,30,0,0,210,0,0,1,1,0,2,0,161,1,133,238,13,1,457,250,24,28,6,0,8,0,0,63,0,0,9,69,399,27,0,0
3,4,0,0,2,0,0,0,16,1,0,3,1,39,2,12,2,804,29,7,7,0,311,174,0,88,2,2,29,7,3,1,1,5,6,12,16,4,2,148,6,116,32,5,22,12,6,1
19,34,4,0,58,7,8,3,5,0,8,0,10,1233,0,0,1,2,0,1,2,0,9,1,2,13,1,26,1,0,4,2,6,1172,66,0,7,0,0,105,0,1,70,29,10,2,1,0
1,0,10,1,4,0,7,0,1,0,0,0,26,1,8,0,168,0,0,0,0,0,4,3,172,6,116,7,655,0,305,45,31,2,1,0,2,8,0,4,0,0,7,0,7,14,0,0
0,0,0,0,0,0,0,0,0,0,0,378,0,0,137,2,0,88,6,4,0,0,5,5,0,13,0,0,18,7,0,0,0,0,0,0,0,16,387,0,1778,0,6,3,7,0,2,905
0,0,0,0,0,0,0,0,1,0,0,28,0,0,86,1,0,3,0,1,0,0,1,0,0,0,0,0,5,0,0,0,0,0,0,0,0,1,3,0,17,0,0,0,3,0,0,0
