0.49741,0.28584,0.34727,0.44861,0.20949,0.29691,0.38972,0.19805,0.56295,0.49063,0.26701,0.47837,0.41826,0.49622,0.47642,0.78376,0.60416,0.47636,0.26352,0.34305,0.84935,0.98799,0.31531,0.66894,0.4805,0.42036,0.2032,0.22765,0.27414,0.82487,0.29376,0.1865,0.45366,0.3568,0.27729,0.68722,0.62717,0.3363,0.80229,0.51916,0.52966,0.52331,0.2649,0.32581,0.18634,0.59664,0.88776,0.66098
0.46595
54,136,2,43,38,731,131,488,0,50,781,0,2,0,0,0,0,0,0,0,0,0,0,0,0,0,39,120,0,0,0,0,0,11,387,0,0,0,0,3,0,0,0,5,0,43,0,0
3,3,51,1292,76,50,17,448,1,1230,185,0,16,0,0,0,13,0,0,0,4,0,0,0,50,0,192,19,2,0,4,179,7,0,5,0,0,0,0,0,0,0,1,16,127,6,0,0
52,85,24,115,163,293,21,178,1,105,362,2,113,0,2,2,1,6,17,20,8,0,0,2,2,1,152,133,1,6,18,10,4,22,208,43,1,4,5,1,1,7,38,291,20,6,6,3
60,713,0,0,36,270,23,161,0,3,266,0,1,66,0,0,0,0,0,0,0,0,0,0,0,0,17,231,0,0,0,0,0,275,790,0,0,0,0,9,0,0,0,1,0,16,0,0
0,28,1,42,1,99,2,160,0,41,197,0,0,0,0,0,0,0,0,0,1,0,0,0,1,0,105,39,0,0,0,0,0,0,2,0,0,0,0,0,0,0,0,0,1,9,0,0
83,294,25,31,139,93,19,79,13,24,108,0,271,32,0,0,2,8,1,19,12,0,9,1,7,0,119,352,1,3,22,14,6,106,232,1,15,0,1,15,1,9,19,1133,45,18,4,0
8,3,231,119,755,198,21,459,0,117,351,0,15,0,0,0,0,0,0,0,0,0,0,0,0,0,4,2,0,0,1,9,16,0,69,0,1,0,0,0,0,0,0,5,1,5,0,0
2,0,0,0,1,0,0,0,0,0,0,1,7,1,3,0,1,0,125,74,1,0,0,0,1,2,0,0,0,0,6,0,1,21,0,0,0,12,0,0,1,1,23,10,0,0,1,0
3,0,1,0,2,0,0,0,100,0,0,3,0,33,25,822,0,95,2,14,11,15,154,3235,0,1545,0,1,49,170,2,0,5,1,2,546,60,0,2,40,11,1152,87,0,2,6,25,3
0,0,0,0,0,0,0,0,0,0,0,160,0,0,391,0,0,0,18,1,0,0,0,0,0,0,0,0,0,0,0,0,0,0,0,0,0,223,15,0,12,0,0,0,0,0,0,2
0,0,0,2,0,0,0,0,0,0,0,18,12,2,92,0,0,14,553,72,20,0,1,0,0,14,7,3,11,1,12,0,0,0,0,2,0,246,7,0,2,0,33,13,1,1,4,3
0,0,1,1,8,0,1,2,8,1,0,2,12,3,1,7,2,200,595,29,11,2,228,133,0,126,2,2,22,15,6,1,2,3,0,106,22,55,6,10,4,22,233,41,7,0,4,23
8,1,9,8,16,4,4,0,31,3,0,2,2,5,25,2,11,49,0,4,10,0,629,179,5,118,6,5,273,42,6,11,51,0,1,0,68,0,0,46,2,3,7,8,48,86,0,0
42,9,86,619,182,70,129,120,1,456,100,0,222,1,0,0,13,0,3,0,2,0,1,0,51,0,534,162,11,0,138,351,28,0,46,0,0,0,0,2,0,0,0,180,170,121,0,0
2,462,2,0,2,7,2,4,1,0,24,0,7,71,0,0,0,0,0,1,1,0,0,0,4,2,4,88,1,0,0,0,0,222,15,0,1,0,0,9,0,0,0,16,0,0,1,0
2,4,0,0,2,0,2,3,147,0,0,0,28,2,0,0,9,2,0,2,7,0,20,2,12,8,4,2,5,1,6,2,1,2,2,1,113,0,0,3,0,2,198,62,44,2,15,0
0,0,0,0,0,0,0,0,6,0,0,0,2,3,2,3,0,37,12,495,12,4,1,2,0,53,0,0,3,25,1,0,0,7,0,140,6,0,0,1,0,9,421,1,0,0,15,2
1177,2,13,73,32,36,982,33,0,46,18,0,166,7,2,0,3,3,2,0,14,0,0,2,2,1,58,41,4,2,313,47,35,11,48,0,1,0,0,202,0,2,1,178,130,1741,0,0
1,0,287,102,222,1,5,17,1,96,2,0,69,0,0,0,157,0,0,0,0,0,0,0,271,0,26,3,2,0,40,447,254,0,6,0,0,0,0,0,0,0,0,1,271,1,0,0
0,0,0,0,0,0,0,0,0,0,0,5,0,0,20,8,0,1914,76,16,10,2,0,0,0,15,0,0,0,10,0,0,0,0,0,31,0,26,8,0,5,4,9,0,0,0,11,31
4,1,0,0,2,1,2,0,0,0,0,1,7,2,14,0,1,3,136,803,2,0,1,0,1,18,2,4,5,0,6,0,0,11,0,0,0,119,3,8,1,0,28,3,1,1,0,1
0,0,0,0,0,0,0,0,3,0,0,0,1,4,2,14,1,7,1,31,2492,4852,1,5,0,46,1,0,13,240,0,0,0,1,0,115,6,0,0,2,0,56,92,2,1,0,2191,0
0,7,25,3,16,0,7,14,4,32,3,19,8,7,28,0,10,26,245,198,177,0,55,1,20,18,48,5,704,2,15,10,10,5,4,4,6,153,1,15,1,0,90,10,22,15,14,3
31,6,196,149,226,15,40,10,0,108,16,0,717,0,1,0,141,1,1,0,1,0,0,0,278,1,332,117,400,0,583,467,283,10,50,0,7,0,0,0,0,0,2,409,384,60,0,0
100,13,293,158,427,24,61,36,52,84,13,4,1594,0,6,3,200,8,7,5,14,0,1,6,305,7,497,90,58,3,1158,406,447,11,70,2,44,4,1,17,1,2,55,1386,524,44,2,2
4,0,781,6,279,0,4,0,6,2,0,0,176,0,0,0,1569,0,0,0,1,0,0,0,1318,2,61,5,154,0,679,242,1351,0,2,0,6,0,0,0,0,0,6,5,286,5,0,0
0,0,0,0,0,0,0,0,0,0,0,149,0,0,493,0,0,1,17,3,0,0,0,0,0,2,0,0,3,1,5,0,0,0,0,0,0,444,8,0,50,0,1,1,0,0,0,3
0,0,0,0,0,0,1,0,0,0,0,26,15,0,25,0,1,10,1055,1354,8,0,0,0,1,4,2,3,2,6,6,0,0,20,0,3,0,1374,16,0,2,0,70,2,0,0,8,4
0,0,0,0,0,0,0,0,41,0,0,32,0,11,48,3378,0,194,3,129,49,30,40,781,1,1776,0,0,28,3005,0,0,0,1,0,2318,20,0,10,8,14,1830,293,0,0,0,69,21
27,989,65,4,560,83,6,76,9,12,126,0,22,786,0,0,3,4,0,4,2,0,210,3,6,16,19,449,15,1,4,3,29,1174,321,0,56,0,0,392,0,32,70,61,12,12,3,0
11,10,2,0,4,1,1,0,552,1,2,0,11,27,0,0,5,9,1,1,7,0,1520,39,4,35,4,5,21,3,7,2,5,29,1,0,356,0,0,51,0,105,911,22,16,2,28,0
2,22,28,9,50,8,9,7,2124,4,10,0,13,45,2,12,17,60,1,0,17,0,1534,246,12,147,16,31,67,20,5,10,17,9,13,1,1953,0,0,54,5,119,492,42,57,14,33,0
0,4,6,0,2,1,0,0,633,0,0,0,4,21,0,24,9,2,0,0,0,0,98,13,11,87,4,3,24,0,1,2,6,2,0,0,327,0,0,7,0,9,11,0,9,3,11,0
15,506,5,19,7,218,11,51,0,29,218,0,15,27,0,0,0,0,0,0,0,0,1,0,2,0,148,685,0,0,0,7,0,33,62,0,0,0,0,1,0,1,0,58,10,7,0,0
4,8,6,2,164,44,5,21,0,1,26,0,2,9,0,0,0,0,0,0,0,0,0,0,0,0,2,72,0,0,0,0,0,26,286,0,0,0,0,2,0,0,0,0,2,2,0,0
1,1,0,0,0,0,0,5,0,1,1,6,10,0,2,0,0,9,1208,542,8,3,0,0,6,2,0,1,0,1,7,0,0,14,0,5,0,135,1,0,1,0,30,12,0,0,0,0
1730,14,84,69,74,148,986,77,5,31,84,0,38,30,0,1,10,1,2,3,6,0,26,9,14,6,17,37,1,2,44,45,352,35,105,0,7,0,0,1314,0,1,35,57,109,640,1,0
0,0,0,0,0,0,0,0,0,0,0,1338,0,0,115,0,0,54,17,2,0,0,0,0,0,0,0,0,0,2,0,0,0,0,0,2,0,43,2378,0,1386,0,1,0,0,0,1,2131
0,0,0,0,0,0,0,0,0,0,0,551,0,0,1556,0,0,21,4,15,0,0,0,0,0,0,0,0,0,1,0,0,0,0,0,0,0,14,51,0,21,0,0,0,0,0,0,3
0,0,0,1,0,0,0,0,0,0,0,63,8,0,177,0,2,13,1501,87,14,2,0,0,0,5,0,1,4,7,6,0,0,0,0,8,0,1475,53,0,23,0,48,8,1,0,2,30
0,0,0,0,0,0,0,0,0,0,0,3,0,0,7,16,0,362,55,8,2,1,0,4,0,46,0,0,0,57,1,0,0,0,0,32,0,32,13,0,17,8,10,0,0,0,7,60
7,39,2,4,53,19,9,7,0,10,16,0,72,1,0,0,0,0,0,0,0,0,0,0,3,0,7,25,0,0,49,14,0,32,45,0,0,0,0,3,0,0,2,91,17,5,0,0
22,61,11,8,13,39,16,4,12,19,7,0,121,29,0,0,155,0,0,1,1,0,2,0,181,1,119,237,17,1,463,209,27,28,7,0,10,0,0,65,0,0,10,80,453,24,0,0
1,4,0,0,2,0,0,0,15,1,0,3,1,39,2,15,0,808,30,7,8,0,311,164,0,88,2,1,32,7,4,0,2,5,5,13,18,4,1,148,6,122,34,10,10,10,8,2
20,35,2,0,45,8,8,4,5,0,9,0,11,1246,0,0,0,2,0,0,1,0,13,1,3,12,1,30,1,0,4,1,7,1181,64,0,8,0,0,99,0,1,63,30,4,2,2,0
2,0,10,1,4,1,5,0,1,0,0,0,20,1,8,0,261,0,0,0,0,0,3,3,171,7,77,5,606,0,320,15,32,2,1,0,2,9,0,4,0,0,8,1,25,11,0,0
0,0,0,0,0,0,0,0,0,0,0,382,0,0,132,2,0,91,8,5,0,0,5,5,0,14,0,0,22,9,0,0,0,0,0,0,0,13,383,0,1786,0,7,3,1,0,2,897
0,0,0,0,1,0,0,0,1,0,0,27,0,0,85,1,0,4,0,2,0,0,1,0,0,0,0,0,6,0,0,0,0,0,0,0,0,1,1,0,19,0,0,0,1,0,0,0
