0.49627,0.282,0.33512,0.43091,0.20973,0.30192,0.39258,0.20367,0.55999,0.4874,0.2636,0.47699,0.41391,0.48616,0.4772,0.78728,0.5774,0.48157,0.26002,0.34342,0.85258,0.98777,0.314,0.66756,0.50185,0.42042,0.21005,0.23337,0.27212,0.82526,0.29275,0.18676,0.44967,0.35787,0.27745,0.68997,0.64364,0.33918,0.80135,0.51399,0.53023,0.51524,0.26922,0.29463,0.24669,0.59513,0.88737,0.6619
0.46558
57,147,2,35,39,740,131,466,0,47,785,0,2,0,0,0,0,0,0,0,0,0,0,0,0,0,29,132,0,0,0,0,0,13,385,0,0,0,0,4,0,0,0,7,0,43,0,0
3,4,53,1316,75,59,15,499,1,1257,197,0,16,0,0,0,18,0,0,0,4,0,0,0,40,0,218,19,1,0,4,76,8,0,6,0,0,0,0,0,0,0,0,18,84,6,0,0
53,84,24,95,160,280,21,173,2,105,356,3,112,0,2,2,1,4,19,21,9,0,0,3,1,2,136,127,1,8,16,8,4,23,215,39,2,3,6,1,0,5,38,336,44,6,3,2
60,737,0,0,35,262,26,142,0,2,261,0,1,66,0,0,0,0,0,0,0,0,0,0,0,0,12,237,0,0,0,0,0,282,791,0,0,0,0,7,0,0,0,0,2,15,0,0
1,28,1,41,1,105,3,163,0,41,212,0,1,0,0,0,0,0,0,0,0,0,0,0,1,0,73,43,0,0,0,0,0,0,1,0,0,0,0,0,0,0,0,1,4,9,0,0
86,295,24,31,136,91,16,68,16,28,111,0,262,34,0,0,2,7,0,19,12,0,10,2,6,1,113,331,1,2,25,12,7,103,232,2,10,0,0,17,0,8,16,1114,114,19,3,0
8,3,239,99,759,224,21,458,0,100,353,0,15,0,0,0,0,0,0,0,0,0,0,0,0,0,4,2,0,0,1,6,16,0,69,0,1,0,0,0,0,0,0,6,1,5,0,0
3,0,0,0,0,0,0,0,0,0,0,0,3,1,4,0,1,0,124,74,1,0,0,0,2,2,0,0,0,0,7,0,1,17,0,0,0,16,0,0,1,0,24,13,0,0,1,0
3,0,1,0,3,0,0,0,100,0,0,4,0,32,18,810,1,89,1,17,12,15,147,3239,0,1553,1,1,47,172,2,0,5,1,2,543,55,0,3,44,10,1165,89,0,5,5,27,2
0,0,0,0,0,0,0,0,0,0,0,164,0,0,390,0,0,0,17,1,0,0,0,0,0,0,0,0,0,0,0,0,0,0,0,0,0,223,14,0,11,0,0,0,0,0,0,2
0,0,0,2,0,0,0,0,0,0,0,18,7,2,92,0,0,16,564,68,18,0,1,0,2,14,7,4,12,1,11,0,0,0,0,2,0,241,7,0,3,0,29,16,0,1,5,3
0,1,1,3,11,1,1,0,6,1,0,2,7,3,2,7,2,195,598,29,12,2,231,136,0,125,1,2,21,16,6,1,2,3,0,98,22,49,7,12,5,23,229,47,12,0,5,22
10,2,9,10,17,5,4,0,31,2,0,0,1,5,27,3,11,44,0,5,6,0,631,177,5,123,8,5,277,37,7,12,52,0,1,0,60,0,0,41,3,4,10,4,53,86,0,0
41,8,89,672,184,72,134,128,0,497,106,0,219,0,0,0,18,0,2,0,3,0,1,0,39,0,581,170,8,0,127,229,28,0,45,0,0,0,0,3,0,0,0,205,123,118,0,0
2,458,2,0,3,6,1,3,0,0,22,0,8,76,0,0,0,0,0,1,1,0,0,0,6,3,2,81,1,0,0,0,0,228,12,0,1,0,0,10,0,0,0,20,0,1,1,0
2,0,0,1,2,0,2,3,149,0,0,0,25,3,0,0,12,4,1,1,4,0,22,2,12,7,4,2,5,1,7,2,1,1,2,1,99,0,0,4,0,3,195,40,83,2,13,0
0,0,0,0,0,0,0,0,6,0,0,0,1,3,2,3,0,36,12,494,13,5,1,3,0,53,0,0,3,24,1,0,0,6,0,144,6,0,0,1,0,10,415,1,1,0,16,3
1170,3,12,88,31,33,982,32,2,48,22,0,160,7,2,0,2,1,1,1,14,0,0,2,0,1,66,40,3,1,307,33,41,8,48,0,0,0,0,207,0,2,1,160,186,1711,0,0
0,0,289,142,228,0,4,21,0,99,3,0,82,0,0,0,200,0,0,0,0,0,0,0,262,0,30,3,2,0,41,457,232,0,6,0,0,0,0,0,0,0,0,1,178,2,0,0
0,0,0,0,0,0,0,0,0,0,0,4,0,0,20,7,0,1921,77,13,10,2,0,0,0,17,0,0,0,9,0,0,0,0,0,29,0,26,7,0,5,4,8,0,0,0,12,30
6,1,0,0,4,1,3,0,0,0,0,2,7,2,13,0,1,3,136,799,3,0,1,0,1,19,1,3,5,0,5,0,1,11,0,0,0,120,3,7,1,0,29,2,2,0,0,0
0,0,0,0,0,0,0,0,3,0,0,0,1,4,2,17,1,7,1,31,2481,4845,1,5,0,49,1,0,11,237,0,0,0,1,0,114,5,0,0,2,0,56,86,2,3,0,2214,0
1,6,27,5,15,0,7,15,3,28,2,18,5,8,31,0,15,30,254,197,178,0,58,1,21,17,46,7,695,2,12,7,11,5,2,4,6,142,1,16,1,0,91,11,29,12,15,3
31,6,194,188,222,13,39,12,1,122,18,1,731,0,0,0,151,0,0,0,1,0,0,0,260,1,394,118,401,0,606,452,268,8,51,0,5,0,0,0,0,0,3,387,295,63,0,0
100,9,292,181,431,23,56,36,56,96,15,2,1553,1,4,4,203,4,5,3,12,0,1,8,289,7,554,94,60,3,1171,408,423,13,69,2,38,4,1,9,2,2,41,1190,726,40,3,1
3,0,750,11,281,0,4,0,5,2,0,0,173,0,0,0,1492,0,0,0,1,0,0,0,1353,3,88,5,148,0,712,391,1309,0,2,0,5,0,0,0,0,0,5,5,196,6,0,0
0,0,0,0,0,0,0,0,0,0,0,150,0,0,488,0,0,1,21,3,0,0,0,0,0,1,0,0,4,1,4,0,0,0,0,0,0,449,7,0,48,0,0,1,0,0,0,3
2,0,0,0,0,0,0,0,0,0,0,26,15,0,28,0,1,10,1057,1351,10,0,0,0,0,6,1,1,2,6,8,1,0,20,0,2,0,1371,21,0,1,1,64,1,1,0,9,2
0,0,0,0,0,0,0,0,45,0,0,29,0,11,52,3405,0,193,3,132,44,29,38,788,1,1791,0,0,25,2999,0,0,0,1,0,2319,18,0,9,10,16,1792,284,0,1,0,73,22
28,987,68,2,556,82,5,65,10,11,132,0,23,824,0,0,7,2,0,4,3,0,207,4,4,16,15,430,15,1,3,3,30,1145,324,0,54,0,0,397,0,32,73,67,22,12,3,0
9,12,2,0,5,1,1,0,552,1,2,0,8,26,0,0,7,10,1,0,4,0,1515,37,4,39,2,6,24,3,9,5,3,29,1,0,347,0,0,49,0,102,914,13,40,1,27,0
3,22,25,7,48,10,9,8,2105,5,5,0,12,48,3,8,18,54,1,0,16,0,1521,244,12,141,15,30,62,21,6,12,13,8,12,1,1985,0,0,54,6,125,495,23,97,15,32,0
0,4,6,0,2,0,0,0,624,0,0,0,2,24,0,26,12,1,0,0,0,0,99,12,11,85,2,2,24,0,1,3,6,1,0,0,329,0,0,8,0,9,13,0,15,3,10,0
14,519,6,18,8,205,12,46,0,33,239,0,16,29,0,0,0,0,0,0,0,0,1,0,1,0,106,698,0,0,1,1,0,33,63,0,0,0,0,1,0,1,0,64,15,6,0,0
5,9,6,3,168,37,5,17,0,1,26,0,2,9,0,0,0,0,0,0,0,0,0,0,0,0,2,75,0,0,0,0,1,24,287,0,0,0,0,2,0,0,0,0,4,1,0,0
1,2,0,0,0,0,0,4,0,0,0,4,9,0,1,0,0,12,1199,541,8,3,0,0,7,0,0,1,0,2,9,1,0,14,0,7,0,140,1,0,1,0,30,15,0,0,0,0
1729,15,88,76,75,140,994,75,4,28,80,0,44,30,0,1,8,1,2,4,5,0,25,9,12,6,15,33,1,2,46,37,384,30,104,0,5,0,0,1304,0,1,32,53,114,637,1,0
0,0,0,0,0,0,0,0,0,0,0,1337,0,0,115,0,0,59,15,2,0,0,0,0,0,1,0,0,0,1,0,0,0,0,0,1,0,45,2372,0,1390,0,1,0,0,0,1,2130
0,0,0,0,0,0,0,0,0,0,0,554,0,0,1559,0,0,18,4,14,0,0,0,0,0,0,0,0,0,1,0,0,0,0,0,0,0,14,47,0,22,0,0,0,0,0,0,4
0,0,0,1,0,0,0,0,0,0,0,68,10,0,180,0,1,14,1479,88,13,3,0,0,0,5,0,1,5,7,7,0,0,0,0,9,0,1489,54,0,20,0,42,11,1,0,3,28
0,0,0,0,0,0,0,0,0,0,0,1,0,0,7,17,0,357,59,6,2,1,0,2,0,45,0,0,0,60,1,0,0,0,0,32,0,31,14,0,17,7,11,0,0,0,7,64
6,42,3,8,51,16,9,8,0,8,16,0,71,2,0,0,2,0,0,0,0,0,0,0,1,0,9,24,0,0,45,15,0,32,44,0,0,0,0,3,0,0,2,95,15,5,0,0
24,58,12,18,14,36,15,4,12,17,6,0,116,27,0,0,168,0,0,1,1,0,2,0,165,2,127,232,15,1,472,249,23,28,7,0,7,0,0,65,0,0,10,70,427,22,0,0
2,4,0,0,1,0,0,0,21,0,1,3,1,40,2,12,1,803,29,7,7,0,310,169,0,87,1,2,31,7,5,0,1,5,5,12,16,4,1,149,4,125,33,4,20,10,7,1
20,34,3,0,50,8,7,4,4,0,8,0,11,1247,0,0,0,2,0,1,2,0,12,1,2,13,1,25,1,0,5,1,6,1167,64,0,6,0,0,105,0,1,68,32,9,1,2,0
1,0,10,1,4,1,5,0,0,0,0,0,20,1,8,0,228,0,0,0,0,0,3,3,176,8,101,5,618,0,310,25,35,1,1,0,2,9,0,5,0,0,8,1,14,12,0,0
0,0,0,0,0,0,0,0,0,0,0,386,0,0,129,2,0,87,6,5,0,0,5,5,0,17,0,0,19,9,0,0,0,0,0,0,0,13,383,0,1789,0,6,3,5,0,2,896
0,0,0,0,0,0,0,0,1,0,0,27,0,0,86,1,0,4,0,1,0,0,1,0,0,0,0,0,6,0,0,0,0,0,0,0,0,1,2,0,18,0,0,0,2,0,0,0
