0.41822,0.26804,0.37134,0.35464,0.23673,0.19795,0.40418,0.43371,0.56872,0.24106,0.22633,0.41242,0.3092,0.39353,0.35051,0.74553,0.40896,0.50184,0.27819,0.43086,0.89551,0.98975,0.32335,0.70485,0.55117,0.48564,0.21679,0.24116,0.26444,0.90824,0.34281,0.41304,0.44348,0.3243,0.31087,0.70281,0.60673,0.32345,0.75618,0.64824,0.47126,0.46805,0.37519,0.26629,0.27782,0.51287,0.88589,0.6837
0.46188
42,506,1,108,181,560,117,64,0,1,667,0,1,1,0,0,0,0,0,1,0,0,0,0,0,0,7,251,0,0,0,0,0,5,439,0,0,0,0,6,0,0,0,15,2,89,0,0
1,7,53,960,64,532,12,1024,1,607,373,0,14,0,1,0,49,0,0,0,1,0,0,0,15,0,176,31,3,0,3,13,22,2,5,0,0,0,0,0,0,0,0,9,13,6,0,0
10,157,15,158,185,285,25,79,0,37,340,2,108,2,23,2,0,5,11,7,5,1,2,3,3,3,71,195,2,1,19,1,7,11,175,24,1,5,6,5,0,4,51,403,77,19,7,3
39,936,1,8,135,88,29,6,0,1,146,0,1,33,0,0,0,0,0,0,0,0,0,0,0,0,4,248,0,0,0,0,0,322,895,0,0,0,0,12,0,0,0,16,1,17,0,0
7,85,0,57,1,136,4,70,0,7,251,0,0,0,0,0,0,0,0,0,0,0,0,0,0,1,25,75,0,0,0,0,0,0,1,0,0,0,0,0,0,0,0,2,3,4,0,0
26,194,19,53,152,57,21,50,10,21,83,0,298,47,14,0,5,4,0,21,11,0,9,2,6,1,91,382,2,0,49,2,14,120,159,2,11,0,0,33,0,8,5,1050,333,21,0,0
5,60,189,173,816,365,13,200,0,10,405,0,15,0,2,0,1,0,0,0,0,0,0,0,0,0,1,5,0,0,1,0,46,0,46,0,0,0,0,5,0,0,0,18,4,10,0,0
0,0,0,0,0,0,0,1,0,0,0,2,25,0,0,0,0,0,115,88,1,0,0,0,1,1,0,0,0,0,9,1,1,12,0,0,0,14,1,8,0,2,4,8,0,0,1,0
6,0,1,0,0,0,0,0,149,0,0,14,12,38,44,938,0,84,1,3,14,14,153,3064,0,1436,4,0,58,97,1,0,1,3,2,539,104,0,3,25,13,1221,146,0,8,2,22,4
0,0,0,0,0,0,0,0,0,0,0,388,0,0,77,0,0,0,27,0,0,0,0,0,0,0,0,0,0,0,0,0,0,0,0,0,0,260,43,0,21,0,2,0,0,0,0,4
0,0,0,0,0,0,0,3,0,0,0,42,46,1,21,0,0,15,539,82,15,0,0,0,0,11,3,4,26,1,10,0,0,0,0,1,0,278,11,0,3,0,19,1,2,1,8,3
1,1,1,2,5,2,0,3,5,1,0,1,119,2,3,11,3,189,625,35,5,1,258,126,1,103,4,1,16,5,6,0,4,2,0,98,22,50,5,7,3,48,121,14,25,0,8,17
119,1,7,5,5,5,3,1,34,4,1,6,2,8,167,4,17,32,0,1,1,0,590,133,4,178,22,3,252,2,1,8,50,1,1,0,58,0,0,11,1,4,1,2,32,11,0,0
13,16,77,500,172,329,136,318,1,572,192,0,195,1,3,0,58,0,4,1,0,0,1,0,14,0,476,200,6,0,131,30,65,3,22,0,0,0,0,4,0,0,0,119,42,149,0,0
4,189,2,0,7,1,1,0,1,1,9,0,8,62,0,0,0,0,0,0,2,0,0,0,1,1,1,105,0,0,0,0,1,470,32,0,4,0,0,2,0,2,1,35,7,0,0,0
0,1,0,2,3,0,1,3,107,3,0,0,44,3,16,0,11,2,0,0,0,0,16,3,7,10,3,2,8,0,8,3,2,3,2,1,142,0,0,5,0,0,56,15,224,1,10,0
0,0,0,0,0,0,0,0,5,0,0,1,0,4,8,7,0,34,6,3,7,5,1,5,0,48,0,0,5,10,1,0,0,0,0,69,10,2,0,0,0,14,995,0,7,0,16,0
1143,12,12,97,33,30,1006,55,1,45,16,0,155,9,88,0,9,0,1,0,17,0,1,3,1,1,130,44,3,0,283,17,25,8,29,0,1,0,0,567,0,0,1,136,134,1315,0,0
1,0,306,99,129,39,3,105,0,263,5,0,55,0,1,0,347,0,0,0,0,0,0,0,170,0,37,3,3,0,45,314,307,0,2,0,0,0,0,0,0,0,0,1,39,8,0,0
0,0,0,0,0,0,0,0,0,0,0,10,0,0,21,7,0,1906,74,3,5,3,0,0,0,22,0,0,0,9,0,0,0,0,0,21,0,21,5,0,3,2,47,0,0,0,14,28
0,1,0,0,1,1,3,0,0,0,0,4,16,2,9,0,1,2,91,836,2,0,2,0,0,21,2,0,6,0,7,3,1,6,0,0,0,132,2,18,1,0,14,5,1,2,0,0
1,0,0,0,0,0,0,0,0,0,0,1,3,3,5,15,0,8,1,5,2631,4827,3,11,0,79,0,0,13,111,0,0,0,1,0,164,4,0,0,0,0,37,140,1,12,0,2104,0
10,7,23,1,12,2,5,46,4,27,12,32,18,7,65,0,7,23,249,208,123,0,61,0,12,25,48,5,706,0,19,3,7,4,5,0,7,147,2,5,3,0,77,0,14,2,23,4
10,2,209,116,135,62,47,76,0,423,24,1,661,1,22,0,261,0,2,0,0,0,0,0,229,0,669,124,254,0,639,288,289,3,14,0,4,0,0,10,0,0,0,263,157,47,0,0
20,1,322,143,252,60,72,117,36,304,27,1,1448,6,196,6,194,2,6,3,10,0,0,6,324,11,652,88,70,0,1314,404,476,10,26,1,39,3,3,29,0,2,6,649,829,76,0,1
2,0,850,7,93,1,4,10,5,22,0,0,83,0,22,0,1022,0,0,0,1,0,0,0,1411,0,135,4,305,0,559,1026,1322,0,0,0,8,0,0,2,0,0,0,6,42,8,0,0
0,0,0,0,0,0,0,0,0,0,0,410,3,0,103,0,0,2,21,1,0,0,0,0,0,4,1,0,5,0,2,0,0,0,0,0,0,538,18,0,67,0,1,0,0,0,0,5
0,0,0,0,0,0,0,0,0,0,0,24,19,0,26,0,0,6,887,1452,2,0,0,0,2,9,0,2,3,2,10,4,0,17,0,3,0,1423,31,2,3,0,74,2,1,0,12,2
0,0,0,0,0,0,0,0,51,0,0,45,2,10,55,3126,0,185,7,17,33,21,39,565,1,2384,0,0,24,2910,0,0,1,1,0,2327,31,1,13,7,13,1597,555,0,2,0,87,20
71,699,57,4,601,28,7,15,10,3,73,1,64,1216,5,0,5,2,0,8,4,0,202,0,8,21,8,396,15,0,6,3,92,914,296,0,61,0,0,141,0,47,13,516,51,2,1,0
6,6,2,0,1,0,1,3,578,2,1,0,570,43,9,0,7,4,2,0,8,0,1576,33,3,57,6,7,24,1,10,5,3,30,5,0,357,0,0,46,0,106,91,51,145,0,12,0
15,10,21,10,31,10,8,11,2193,7,1,0,314,62,45,13,15,39,1,1,17,0,1444,216,10,202,21,28,71,5,6,2,43,17,5,0,1964,0,0,6,4,111,49,27,261,4,17,0
4,0,6,0,2,0,0,1,629,1,0,0,2,22,3,30,3,1,0,0,0,0,89,12,8,43,6,3,32,0,2,3,5,2,1,0,359,0,0,1,0,8,1,1,48,0,6,0
7,448,8,65,21,70,8,23,0,17,215,0,11,21,0,0,0,0,0,0,0,0,0,0,1,0,14,812,0,0,2,0,0,107,126,0,0,0,0,2,0,1,0,105,39,13,0,0
2,13,3,3,231,11,5,2,0,0,17,0,1,14,0,0,0,0,0,0,0,0,0,0,0,0,0,45,0,0,0,0,3,12,309,0,0,0,0,0,0,0,0,6,3,4,0,0
0,3,0,0,0,0,0,3,0,0,1,7,22,0,4,0,0,12,1220,505,5,4,0,0,5,1,0,1,1,1,8,2,0,9,0,3,0,132,1,1,1,0,50,8,2,0,0,0
1115,44,72,100,70,130,915,47,5,25,65,0,61,158,56,1,32,1,0,2,5,0,42,9,13,11,16,43,1,0,66,42,123,13,92,0,7,0,0,2064,0,2,1,85,51,664,1,0
0,0,0,0,0,0,0,0,0,0,0,461,0,0,30,0,0,55,23,1,0,0,0,0,0,2,0,0,0,0,0,0,0,0,0,2,0,45,2509,0,1885,0,7,0,0,0,1,2449
0,0,0,0,0,0,0,0,0,0,0,1262,0,0,762,0,0,4,0,0,0,0,0,0,0,0,0,0,0,0,0,0,0,0,0,0,0,14,136,0,52,0,2,0,0,0,0,5
0,0,0,0,0,0,0,0,0,0,0,72,12,0,90,0,1,19,1547,73,6,0,0,0,0,12,0,1,6,2,7,1,0,0,0,9,0,1495,80,0,24,0,41,0,1,0,7,33
0,0,0,0,0,0,0,0,0,0,0,2,0,0,10,14,0,357,59,5,2,0,0,2,0,56,0,0,0,40,1,0,0,0,0,41,0,29,12,0,18,13,12,0,0,0,7,61
1,35,2,9,43,13,8,5,0,10,12,0,71,4,0,0,4,0,0,0,0,0,0,0,1,0,10,26,0,0,58,9,3,23,34,0,1,0,0,5,0,0,0,122,14,9,0,0
18,31,16,24,11,12,17,19,8,94,5,0,103,54,17,0,335,0,0,0,0,0,1,0,149,1,239,215,12,0,358,225,27,31,26,0,7,0,0,15,0,0,1,52,271,59,0,0
29,2,0,1,1,0,0,0,15,1,0,2,5,54,13,17,5,709,31,6,4,1,365,149,0,99,5,1,30,7,2,1,0,7,3,6,17,1,3,69,6,182,37,2,41,4,9,1
5,25,1,2,54,0,7,1,5,1,5,0,52,1200,1,0,1,2,0,0,1,0,12,1,2,16,1,13,3,0,8,1,5,1041,127,0,15,0,0,68,0,1,23,194,28,1,0,0
0,0,13,0,0,0,11,0,2,8,1,1,43,2,15,0,106,0,0,0,0,0,2,1,158,6,198,4,714,0,182,73,36,0,0,0,3,13,0,3,0,0,1,2,2,16,0,0
0,0,0,0,0,0,0,0,0,0,0,217,1,0,60,1,0,93,11,2,0,0,4,3,0,33,0,0,17,0,0,0,0,0,0,0,0,18,429,0,1910,0,7,2,16,0,2,941
0,0,0,0,0,0,0,0,1,0,0,51,0,0,62,1,0,1,0,0,0,0,1,0,0,0,0,0,4,0,0,0,0,0,0,0,0,1,5,0,22,0,0,0,0,0,0,1
