0.42898,0.26441,0.37373,0.33792,0.23304,0.20957,0.40351,0.4296,0.56897,0.22776,0.2111,0.41216,0.30406,0.40045,0.33379,0.73559,0.41245,0.50465,0.27695,0.4256,0.90128,0.98925,0.32355,0.70921,0.54753,0.49106,0.22083,0.24882,0.26279,0.91176,0.33561,0.41756,0.43548,0.32365,0.30603,0.7042,0.60308,0.32561,0.75202,0.6387,0.47015,0.45386,0.37771,0.27,0.25979,0.50216,0.87993,0.68251
0.46023
40,555,1,155,191,508,114,54,0,1,597,0,1,1,0,0,0,0,0,1,0,0,0,0,0,0,6,257,0,0,0,0,0,4,461,0,0,0,0,6,0,0,0,17,2,92,0,0
1,6,52,909,62,578,10,1010,1,571,427,0,14,0,1,0,47,0,0,0,1,0,0,0,14,0,187,31,5,0,3,11,23,2,6,0,0,0,0,0,0,0,0,10,9,6,0,0
7,171,15,181,201,267,25,77,0,27,319,2,110,2,33,1,1,3,9,7,6,1,0,4,3,3,75,200,2,0,17,2,7,11,167,29,1,4,5,5,0,4,53,401,70,20,4,3
34,922,1,16,157,71,28,5,0,0,118,0,1,31,0,0,0,0,0,0,0,0,0,0,0,0,4,236,0,0,0,0,0,365,904,0,0,0,0,13,0,0,0,13,1,18,0,0
7,98,0,69,1,131,4,70,0,6,230,0,0,0,0,0,0,0,0,0,0,0,0,0,0,1,23,79,0,0,0,0,0,0,1,0,0,0,0,0,0,0,0,2,3,4,0,0
27,197,21,57,161,51,19,53,9,22,65,0,295,49,25,0,4,4,1,23,11,0,8,1,3,3,89,379,1,0,44,3,15,120,157,1,13,0,0,33,0,6,6,1053,333,24,0,0
5,69,188,195,828,348,12,185,0,10,395,0,14,0,2,0,0,0,0,1,0,0,0,0,0,0,1,4,0,0,1,0,48,0,44,0,0,0,0,5,0,0,0,17,4,14,0,0
0,0,0,0,0,0,0,1,0,0,0,1,27,0,0,0,0,0,113,87,1,0,0,0,1,1,0,0,0,0,9,1,1,11,0,0,0,16,1,8,0,2,4,7,0,0,3,0
6,0,1,0,1,0,0,0,144,0,0,14,18,36,29,989,0,86,3,3,16,14,156,3034,0,1385,3,1,62,97,1,0,1,3,1,539,116,0,3,25,11,1246,146,0,8,2,19,5
0,0,0,0,0,0,0,0,0,0,0,404,0,0,62,0,0,0,28,0,0,0,0,0,0,0,0,0,0,0,0,0,0,0,0,0,0,256,45,0,22,0,2,0,0,0,0,3
0,0,0,0,0,0,0,3,0,0,0,44,45,1,17,0,0,15,536,81,15,0,2,0,0,12,4,4,25,0,9,0,0,0,0,1,0,282,16,0,2,0,17,1,0,1,9,4
3,1,1,1,5,3,0,3,6,0,0,1,117,3,1,12,2,181,622,38,4,2,258,122,1,104,4,1,16,5,6,0,3,3,1,98,22,54,4,7,3,52,117,16,25,0,12,19
116,3,5,3,4,4,2,1,28,4,1,4,2,6,138,4,19,35,0,0,6,0,607,130,5,189,23,3,252,2,2,8,52,2,1,0,61,0,1,12,0,4,1,3,35,10,0,0
13,17,73,458,171,340,131,319,1,546,222,0,196,1,4,0,48,0,4,1,0,0,1,0,13,0,505,204,6,0,127,35,73,3,22,0,0,0,0,4,0,0,0,125,40,147,0,0
4,186,2,0,7,1,1,0,1,1,5,0,7,61,0,0,0,0,0,0,2,0,0,0,2,1,1,110,0,0,0,0,1,465,40,0,4,0,0,2,0,2,1,32,9,0,1,0
0,0,0,0,3,0,1,5,116,3,0,0,45,2,21,0,12,1,0,0,0,0,19,2,7,10,3,2,6,0,7,2,3,3,2,1,135,0,0,5,0,1,55,17,220,0,8,0
0,0,0,0,0,0,0,0,4,0,0,0,0,4,8,7,0,33,7,3,9,5,0,6,0,45,0,0,4,10,1,0,0,0,0,69,13,2,0,0,1,16,993,0,7,0,15,1
1190,12,11,90,39,33,989,61,1,43,15,0,149,9,113,0,8,0,1,0,13,0,0,1,2,1,124,36,3,0,284,15,23,7,25,0,1,0,0,593,0,0,1,131,124,1280,0,0
1,0,304,80,129,46,4,107,0,296,8,0,50,0,3,0,338,0,0,0,0,0,0,0,160,0,40,3,3,0,45,308,315,0,1,0,0,0,0,0,0,0,0,0,33,8,0,0
0,0,0,0,0,0,0,0,0,0,0,9,0,0,16,7,0,1898,80,3,4,3,0,0,0,23,0,0,0,11,0,0,0,0,0,22,0,19,5,0,4,4,51,0,0,0,15,27
0,1,0,0,0,1,3,0,0,0,1,6,17,1,7,0,0,2,90,831,1,0,2,0,0,18,2,1,7,0,10,2,1,7,0,0,0,133,2,21,1,0,17,5,0,2,0,0
1,0,0,0,0,0,0,0,0,0,0,1,3,3,3,16,0,8,3,6,2739,4875,3,11,0,77,0,0,13,104,0,0,0,1,0,154,4,0,0,0,0,38,138,1,14,0,1964,0
11,7,20,1,12,1,6,50,4,23,14,43,18,9,52,0,8,24,253,211,109,0,66,0,12,23,48,6,709,0,16,3,7,3,5,0,8,141,2,5,3,0,74,0,18,1,30,4
11,2,201,103,134,64,44,86,0,444,26,1,641,1,27,0,258,0,2,0,0,0,0,0,229,0,689,124,229,0,643,291,295,3,13,0,3,0,0,10,0,0,0,271,146,51,0,0
21,2,323,128,248,62,68,127,32,312,31,1,1409,6,318,6,186,2,7,3,9,0,1,5,336,6,668,85,70,0,1279,399,487,10,25,1,41,3,2,30,0,1,7,661,750,76,0,1
3,0,848,4,92,0,4,10,6,31,0,0,77,0,28,0,1020,0,0,0,1,0,0,0,1394,0,128,4,322,0,560,1046,1306,0,0,0,8,0,0,2,0,0,0,6,40,10,0,0
0,0,0,0,0,0,0,0,0,0,0,438,3,0,71,0,0,3,23,1,0,0,0,0,0,3,0,0,6,0,4,0,0,0,0,0,0,537,21,0,64,0,2,0,0,0,0,5
0,0,0,0,0,0,0,0,0,0,0,27,14,0,21,0,0,8,917,1433,4,0,0,0,3,11,0,2,2,2,8,5,0,17,0,3,0,1416,30,2,2,0,70,1,1,0,16,3
0,0,0,0,0,0,0,0,48,0,0,46,3,10,44,3127,0,185,4,17,32,22,41,551,1,2390,0,0,25,2945,0,0,0,1,0,2333,35,1,11,9,13,1559,564,0,4,0,89,20
70,664,61,5,614,23,6,10,13,3,63,1,72,1249,6,0,5,2,0,8,3,0,194,0,8,18,6,407,19,0,5,4,96,931,317,0,54,0,0,137,0,50,13,475,51,2,1,0
4,7,2,0,1,0,1,3,567,2,1,0,580,41,9,0,7,5,2,0,14,0,1588,37,3,60,6,5,21,2,13,5,3,31,7,0,356,0,0,51,0,101,72,44,152,1,7,0
20,12,19,8,31,11,8,13,2182,9,3,1,320,62,45,14,14,33,1,2,20,1,1449,207,8,208,21,25,75,2,7,2,40,17,4,0,1957,0,0,6,3,115,47,27,274,4,10,0
4,0,5,0,2,0,0,2,633,1,0,0,2,24,2,33,3,1,0,0,3,0,88,13,8,30,4,3,36,0,1,3,6,1,1,0,360,0,0,1,0,9,1,1,50,1,2,0
7,412,7,81,24,63,8,19,0,11,195,0,14,20,1,0,0,0,0,0,0,0,0,0,1,0,15,842,0,0,2,0,0,111,153,0,0,0,0,2,0,1,0,98,37,12,0,0
1,14,3,6,247,9,5,2,0,0,16,0,2,13,0,0,0,0,0,0,0,0,0,0,0,0,0,39,0,0,0,0,3,18,292,0,0,0,0,1,0,0,0,5,3,5,0,0
0,2,0,0,0,0,0,4,0,0,2,7,21,0,2,0,0,14,1211,514,3,3,0,0,5,1,0,1,1,1,9,0,0,9,0,3,0,132,1,3,1,0,50,7,2,0,3,0
1116,44,74,103,76,122,910,44,5,22,55,0,65,191,66,1,32,1,1,1,3,0,40,3,13,14,16,38,1,1,59,47,118,14,99,0,7,0,0,2040,0,3,1,80,53,671,0,0
0,0,0,0,0,0,0,0,0,0,0,442,0,0,25,0,0,55,25,1,0,0,0,0,0,2,0,0,0,1,0,0,0,0,0,2,0,42,2514,0,1900,0,5,0,0,0,1,2455
0,0,0,0,0,0,0,0,0,0,0,1288,0,0,727,0,0,4,3,0,0,0,0,0,0,0,0,0,0,0,0,0,0,0,0,0,0,13,142,0,54,0,1,0,0,0,0,5
0,0,0,1,0,0,0,0,0,0,0,67,12,0,75,0,0,15,1552,77,6,1,0,0,0,13,0,1,5,1,10,1,0,0,0,10,0,1504,88,0,20,0,41,0,1,0,8,30
0,0,0,0,0,0,0,0,0,0,0,1,0,0,6,13,0,353,61,5,1,0,0,1,0,60,0,0,0,39,1,0,0,0,0,41,0,32,12,0,18,17,11,0,0,0,8,61
1,30,2,9,45,10,9,4,0,10,11,0,71,6,0,0,4,0,0,0,0,0,0,0,1,0,11,23,0,0,54,10,3,25,36,0,1,0,0,6,0,0,0,128,14,8,0,0
19,25,15,24,10,11,19,21,7,99,3,0,100,55,25,0,330,0,0,0,0,0,1,0,149,1,229,210,15,0,366,222,29,28,32,0,7,0,0,17,0,0,1,54,270,59,0,0
25,2,0,1,1,0,0,0,18,1,0,2,3,53,13,18,4,701,33,7,2,1,364,145,0,99,5,2,31,7,3,2,0,7,3,6,18,1,2,65,6,203,36,2,42,4,5,0
6,26,1,2,56,0,8,2,6,0,4,0,56,1168,1,0,1,2,0,0,1,0,13,1,2,15,1,12,3,0,7,3,5,1069,134,0,17,0,0,65,0,1,23,186,25,1,0,0
0,0,13,0,0,0,12,0,2,9,1,1,39,1,12,0,122,0,0,0,0,0,2,1,162,7,179,4,702,0,198,75,35,1,0,0,3,13,0,3,0,0,1,1,2,15,0,0
0,0,0,0,0,0,0,0,0,0,0,221,1,0,58,2,0,85,11,2,0,0,4,3,0,33,0,0,17,0,0,0,0,0,0,0,0,17,431,0,1906,0,7,2,15,0,2,950
0,0,0,0,0,0,0,0,1,0,0,52,0,0,61,1,0,2,1,0,0,0,1,0,0,0,0,0,4,0,0,0,0,0,0,0,0,1,5,0,20,0,0,0,0,0,0,1
