0.31362,0.12913,0.14867,0.21537,0.14583,0.20805,0.18555,0.11641,0.27529,0.15295,0.12287,0.12676,0.18616,0.27176,0.26116,0.47189,0.2381,0.34294,0.24074,0.25418,0.39402,0.67621,0.32764,0.35261,0.39292,0.38203,0.24749,0.13511,0.21897,0.48354,0.16338,0.34031,0.2323,0.2699,0.24773,0.37618,0.28237,0.23176,0.18721,0.22545,0.2369,0.35996,0.35194,0.15535,0.13727,0.3363,0.71383,0.45132
0.31943
22,315,21,615,244,541,6,15,3,64,169,0,2,0,3,0,15,0,0,0,0,0,0,0,32,0,10,59,0,0,3,0,1,10,520,0,4,0,1,1,0,0,0,120,13,255,0,0
2,309,45,1600,47,1183,1,40,0,172,238,5,0,0,2,0,5,0,5,0,0,0,0,0,15,0,112,12,0,0,8,4,8,7,74,0,1,0,5,1,0,0,0,24,6,62,4,0
14,68,16,460,215,319,17,6,2,13,162,0,4,1,11,6,7,1,2,7,2,13,1,28,24,2,58,34,5,7,10,8,8,26,234,25,7,29,8,1,2,5,28,480,12,144,11,12
60,399,10,110,75,120,8,1,21,141,50,13,2,1,1,0,134,0,0,0,0,0,6,0,74,0,9,36,0,0,23,0,19,18,1433,0,34,0,0,4,0,0,0,74,1,60,1,0
3,67,6,219,29,202,1,3,0,3,55,0,0,0,1,0,2,0,0,0,0,0,0,0,9,0,9,15,0,0,0,0,0,10,63,0,3,0,0,1,0,0,0,16,7,4,1,0
29,92,31,202,244,138,88,33,20,50,104,9,32,21,35,3,37,0,5,9,2,4,16,13,34,4,81,93,9,0,29,15,27,79,335,3,107,86,9,21,0,5,16,954,42,211,7,2
9,144,50,575,393,488,3,28,0,21,185,0,3,0,0,0,5,0,0,0,0,0,0,0,7,0,6,3,1,0,5,5,32,8,78,0,5,1,0,0,0,0,0,273,5,56,1,0
0,4,1,0,6,0,1,0,0,0,2,2,0,1,1,0,0,6,5,8,1,3,0,2,0,4,0,2,1,2,6,12,2,5,3,1,0,175,3,0,3,6,7,2,3,7,4,4
14,2,1,0,1,0,9,1,88,0,0,1,2,146,1,3913,42,374,8,6,26,185,65,1768,1,550,1,0,96,69,5,10,10,18,2,146,115,11,10,17,20,376,70,4,3,4,12,21
0,0,0,0,0,0,0,0,0,0,0,19,0,0,4,0,0,42,0,8,0,4,0,0,0,0,0,0,0,0,2,0,0,1,0,12,0,393,1,1,4,0,2,0,0,0,2,327
0,2,0,0,14,4,2,2,0,0,20,3,5,2,22,11,0,55,20,38,8,14,6,3,3,12,8,3,3,1,32,8,8,15,0,15,5,644,25,1,12,6,30,1,10,6,16,51
8,20,3,1,29,10,10,8,19,2,13,4,3,52,8,197,15,218,18,52,26,200,31,107,4,35,4,3,3,25,27,20,15,5,2,66,6,328,21,1,21,57,47,19,27,9,55,105
62,5,29,7,19,36,16,31,117,21,2,3,23,63,16,238,76,22,7,5,26,0,60,105,13,86,25,3,60,18,32,27,91,6,3,21,109,5,6,16,43,25,47,74,42,34,3,10
28,89,84,1082,96,717,26,21,14,183,123,3,5,1,22,0,10,0,6,0,0,0,1,0,35,0,292,31,2,0,33,27,35,6,92,0,6,5,2,3,0,0,0,243,9,517,1,0
5,41,2,2,11,2,4,1,0,37,2,18,0,24,0,0,25,0,1,0,0,0,5,0,62,0,1,29,0,0,1,0,12,85,467,0,58,0,1,3,0,11,0,38,1,0,0,0
1,20,25,1,8,9,21,9,25,15,2,4,1,73,4,17,49,0,3,0,12,4,46,49,12,8,16,8,2,10,21,20,14,11,11,4,56,6,2,2,0,15,2,22,58,6,10,3
0,0,0,0,1,0,3,0,2,1,0,1,4,26,3,58,0,83,3,65,57,72,24,64,1,37,0,1,0,22,12,5,2,17,0,147,5,150,7,4,94,92,125,0,13,0,33,29
465,81,156,430,47,190,207,23,40,44,19,1,18,2,83,0,28,1,0,0,4,0,3,7,8,2,76,17,9,5,27,41,5,5,26,1,54,19,19,126,4,1,5,210,162,2754,2,1
1,154,238,177,28,175,5,20,19,253,2,7,0,1,3,0,165,0,1,0,0,0,0,0,99,0,89,16,5,0,19,205,267,3,89,0,12,0,0,0,0,0,0,78,2,149,0,0
0,0,0,0,0,0,0,0,0,0,0,2,0,0,2,8,0,350,0,17,64,573,0,0,0,1,0,0,0,13,0,0,0,0,0,88,0,32,4,0,2,3,6,0,1,0,445,590
11,5,9,4,34,1,109,2,2,3,32,4,20,2,7,26,0,8,9,46,3,2,18,0,2,10,3,1,3,4,56,28,14,59,11,2,11,401,13,66,39,16,22,35,11,20,1,7
0,16,1,0,4,0,5,0,7,0,0,2,1,40,0,26,1,34,1,4,461,5599,22,52,0,12,0,0,3,107,3,2,2,3,0,45,4,6,4,4,1,72,30,0,55,2,3542,7
12,49,8,15,46,24,14,17,73,62,78,67,7,78,58,14,49,19,117,45,69,18,61,7,16,16,43,11,34,6,56,93,48,27,21,15,22,68,59,17,24,33,7,3,65,8,123,238
52,93,239,344,40,365,61,21,65,404,32,11,18,0,64,1,212,0,4,0,1,0,0,2,253,2,608,59,37,1,200,286,145,14,143,0,46,5,4,19,1,0,4,507,27,647,3,2
88,74,292,495,134,451,254,61,171,225,84,21,78,12,275,14,251,2,11,13,5,3,7,35,320,12,815,114,184,17,315,576,265,78,141,5,168,88,21,52,2,7,45,991,179,757,14,23
28,111,387,24,3,42,17,2,326,513,1,35,3,5,17,4,1145,0,2,0,0,0,0,2,1055,3,280,13,247,0,356,1269,479,6,210,0,131,0,0,4,0,3,0,147,10,65,1,4
0,0,0,0,0,0,0,0,0,0,0,11,0,0,12,4,0,149,2,11,0,1,0,0,0,5,1,0,5,1,13,3,3,4,0,8,0,607,2,0,65,0,46,0,0,0,2,226
3,16,15,6,84,1,152,9,0,7,170,40,66,5,64,6,0,40,83,289,14,9,56,4,9,11,12,8,4,9,103,157,15,108,10,23,9,1727,159,55,71,53,57,41,96,18,13,111
1,0,0,0,3,0,8,3,25,1,1,1,6,72,2,5136,4,2833,2,35,83,809,51,1614,0,740,1,0,53,470,5,1,4,22,0,676,46,52,17,27,49,730,435,7,17,0,37,51
66,157,35,52,326,45,90,10,64,201,47,44,4,310,7,11,177,2,5,5,7,0,103,5,103,10,14,122,47,2,19,12,120,451,1824,1,432,12,5,34,11,39,8,566,19,40,1,1
19,28,56,2,22,10,122,25,238,47,2,7,6,542,3,181,545,5,28,2,42,2,380,227,51,102,12,19,47,26,162,79,70,35,19,9,275,52,8,11,16,115,15,70,47,8,21,1
64,45,175,15,43,55,147,43,694,81,17,4,36,893,6,435,463,41,15,3,72,8,690,696,41,133,74,27,95,70,98,170,136,120,56,44,940,31,7,17,14,98,32,193,115,26,48,11
9,5,32,2,2,0,26,2,233,44,0,0,3,88,2,99,273,2,0,0,11,0,57,47,17,11,13,8,15,3,3,29,24,15,22,1,131,0,2,5,0,50,2,30,9,1,6,0
11,209,38,193,69,114,4,6,1,56,39,12,2,1,0,0,97,0,0,0,0,0,2,0,73,0,38,55,0,0,1,0,8,14,658,0,39,0,0,0,0,0,0,328,4,64,0,0
2,21,8,42,45,31,2,3,4,30,13,0,0,0,1,0,38,0,0,0,0,0,0,0,9,0,5,8,0,0,0,0,13,1,336,0,9,0,0,1,0,0,0,36,0,26,0,0
0,64,1,1,115,7,6,7,0,1,117,10,0,1,11,0,0,41,34,188,28,43,4,0,2,2,2,9,0,2,16,52,5,19,1,55,2,876,60,3,17,5,22,0,40,10,86,47
562,140,327,677,94,283,362,40,67,35,84,0,42,99,46,11,115,0,9,3,14,1,89,5,39,13,53,9,24,1,77,46,40,26,62,1,173,25,21,163,20,3,7,452,88,1794,8,0
0,1,0,0,0,0,1,0,0,0,0,50,0,0,62,5,0,1356,2,20,10,377,0,0,0,1,0,0,2,18,0,0,0,6,0,117,1,282,164,2,121,2,4,0,0,0,254,4612
0,0,0,0,0,0,0,0,0,0,0,55,0,0,26,0,0,59,4,18,4,2,0,0,0,0,0,0,3,3,23,0,0,0,0,11,0,153,3,0,10,0,3,0,0,0,22,1838
2,6,1,1,30,1,1,2,0,0,51,11,9,1,56,3,0,170,53,204,3,41,2,0,1,3,4,0,1,1,58,25,8,21,1,73,3,1970,137,6,40,3,40,2,14,4,33,443
0,0,0,0,0,0,0,0,0,0,0,1,0,0,2,19,0,313,5,8,9,151,0,0,0,5,0,0,0,12,1,1,0,0,0,21,0,40,2,0,4,5,9,0,0,0,28,105
8,14,14,24,28,22,15,1,6,13,9,2,2,2,10,0,14,0,0,0,0,0,0,0,15,0,31,10,2,0,7,8,2,6,70,0,11,2,1,1,0,0,1,122,3,56,0,0
53,112,201,35,12,71,37,13,69,156,2,4,3,30,17,4,352,1,0,0,0,0,6,2,70,3,318,6,11,1,60,154,22,7,77,0,51,0,0,8,0,0,1,120,51,311,1,1
35,14,6,1,3,4,8,4,16,3,1,9,6,133,4,249,36,406,4,8,88,77,43,161,1,73,1,3,4,35,3,8,1,8,7,117,31,23,3,8,30,103,37,8,26,7,34,53
20,85,9,12,50,9,61,11,60,310,9,81,1,506,1,10,180,1,8,5,9,1,239,6,74,26,5,46,8,1,77,5,47,269,239,1,202,16,4,8,6,78,9,88,7,18,2,3
23,13,30,3,0,16,11,0,28,142,0,23,0,46,36,6,242,0,2,3,0,0,9,1,101,0,163,10,87,1,168,318,33,3,22,0,4,8,0,5,3,6,1,1,3,29,0,16
0,0,1,0,1,0,9,0,1,0,0,37,2,5,37,167,0,1609,1,12,9,64,3,2,0,3,0,0,9,9,3,0,1,14,1,39,1,164,55,4,235,5,13,0,1,0,73,1177
0,0,0,0,0,0,1,0,1,0,0,2,0,1,5,2,0,18,1,0,0,0,0,0,0,0,0,0,7,0,1,0,1,0,0,4,0,8,1,0,8,0,1,0,0,0,1,87
