0.4321,0.24817,0.37337,0.39303,0.2454,0.25936,0.41874,0.40558,0.57443,0.33711,0.26159,0.36391,0.33745,0.41145,0.40787,0.77155,0.39679,0.49304,0.27364,0.42951,0.86789,0.98881,0.32051,0.68034,0.53047,0.43627,0.20492,0.22942,0.27363,0.87067,0.3482,0.42284,0.43573,0.35142,0.30666,0.70835,0.62053,0.33575,0.77476,0.67078,0.48644,0.49985,0.34784,0.27608,0.30282,0.55309,0.89319,0.6791
0.46779
68,296,1,38,102,741,110,124,0,14,824,0,1,0,0,0,0,0,0,1,0,0,0,0,0,0,8,246,0,0,0,0,0,10,397,0,0,0,0,3,0,0,0,10,2,68,0,0
2,6,53,1128,68,324,9,960,1,892,198,0,14,0,0,0,56,0,0,0,1,0,0,0,23,0,146,30,3,0,3,14,17,0,3,0,0,0,0,0,0,0,0,11,26,9,0,0
19,106,14,106,167,316,24,102,0,73,383,2,109,0,0,2,1,4,14,6,8,1,0,5,3,3,71,165,1,2,24,1,8,17,181,30,1,4,7,2,0,5,51,415,82,12,6,2
61,882,0,0,91,166,21,13,0,1,233,0,1,31,0,0,0,0,0,0,0,0,0,0,0,0,7,265,0,0,0,0,0,336,797,0,0,0,0,9,0,0,0,8,1,15,0,0
7,52,0,33,1,153,3,99,0,16,265,0,1,1,0,0,0,0,0,0,0,0,0,0,0,0,29,55,0,0,0,0,0,0,1,0,0,0,0,0,0,0,0,2,6,5,0,0
46,234,19,47,133,68,18,45,11,23,110,0,280,48,0,0,7,6,2,23,13,0,8,2,6,2,87,348,1,0,45,3,13,118,160,1,10,0,0,31,0,5,7,1085,300,20,1,0
6,15,179,115,840,381,16,292,0,26,382,0,16,0,0,0,1,0,0,1,0,0,0,0,0,0,1,5,0,0,0,0,41,0,47,0,0,0,0,1,0,0,0,16,3,6,0,0
0,0,0,0,0,0,0,0,0,0,0,1,19,1,4,0,0,0,115,89,1,0,0,1,1,3,0,0,0,0,10,0,1,12,0,0,0,12,0,5,1,1,7,9,0,1,1,0
6,0,1,0,1,0,0,0,111,0,0,2,2,36,24,855,0,87,2,3,10,14,164,3167,0,1545,3,3,50,127,1,0,4,1,2,523,72,0,2,27,17,1182,137,0,8,2,28,5
0,0,0,0,0,0,0,0,0,0,0,294,0,0,280,0,0,0,10,0,0,0,0,0,0,0,0,0,0,0,0,0,0,0,0,0,0,185,31,0,18,0,1,0,0,0,0,3
0,0,0,0,0,0,0,2,0,0,0,19,33,1,116,0,0,15,534,78,17,0,1,0,0,12,7,6,11,1,8,0,0,0,0,2,0,236,12,0,2,0,18,2,3,1,5,4
0,0,1,1,6,2,1,2,4,0,1,0,90,3,4,7,3,199,618,38,11,2,257,132,1,116,4,1,20,13,6,0,3,3,0,91,20,50,6,8,4,36,133,24,19,0,2,17
114,1,10,7,5,5,4,0,31,2,0,1,2,10,43,1,20,36,0,2,6,0,625,150,4,198,25,5,259,7,3,9,63,0,0,0,61,0,0,11,0,4,1,6,38,19,0,0
16,12,72,633,178,199,138,291,1,637,142,0,196,1,0,0,69,0,2,0,1,0,1,0,22,0,440,190,3,0,126,36,63,3,30,0,0,0,0,4,0,0,0,143,58,143,0,0
4,308,2,0,8,2,0,1,0,1,17,0,8,75,0,0,0,0,0,0,1,0,0,0,1,2,1,79,1,0,0,0,1,369,16,0,4,0,0,3,0,0,1,35,7,0,2,0
0,1,0,3,1,0,1,3,127,3,0,0,40,2,1,0,10,2,0,0,1,0,22,2,9,10,6,2,6,1,10,3,2,4,2,1,123,0,0,5,0,2,76,20,204,1,11,0
0,0,0,0,0,0,0,0,5,0,0,0,0,4,5,5,0,34,6,5,10,5,0,8,0,48,0,0,4,17,1,0,0,0,0,67,8,0,0,0,0,11,999,0,5,0,15,1
1021,8,11,90,27,36,1041,45,2,42,21,0,155,8,2,0,11,0,1,0,12,0,0,2,1,1,149,44,2,0,300,15,27,11,35,0,1,0,0,467,0,2,0,158,185,1495,0,0
1,0,301,136,150,12,4,84,0,177,4,0,67,0,0,0,370,0,0,0,0,0,0,0,222,0,33,2,3,0,41,317,299,0,5,0,0,0,0,0,0,0,0,0,48,6,0,0
0,0,0,0,0,0,0,0,0,0,0,7,0,0,30,5,0,1913,69,5,7,2,0,0,0,20,0,0,0,13,0,0,0,0,0,21,0,18,6,0,3,3,43,0,0,0,10,26
0,0,0,0,3,0,3,0,0,0,0,3,16,1,16,0,1,2,89,833,2,0,2,0,0,22,2,4,5,0,8,1,1,7,0,0,0,127,2,17,1,0,15,5,1,2,0,1
1,0,0,0,0,0,0,0,1,0,0,0,4,3,3,13,0,8,1,5,2503,4858,4,10,0,65,1,0,12,170,0,0,0,0,0,130,3,0,0,0,0,43,141,1,9,0,2191,0
4,7,29,2,14,0,6,33,5,29,8,22,17,9,44,0,8,27,230,201,166,0,62,0,19,24,57,5,689,1,20,4,7,5,3,1,8,149,5,4,4,0,82,0,21,9,16,4
3,3,209,157,150,28,52,58,0,336,24,1,736,0,0,0,264,0,2,0,1,0,0,0,236,0,589,122,315,0,629,280,298,7,27,0,7,0,0,4,0,0,0,273,180,51,0,0
25,7,328,185,280,39,68,79,40,234,20,1,1530,2,5,5,209,2,8,4,10,0,2,10,304,11,641,96,59,0,1343,371,499,8,47,1,40,3,2,22,0,1,9,691,933,69,1,1
2,0,858,13,118,0,3,5,8,7,0,0,139,0,0,0,1015,0,0,0,1,0,0,0,1384,2,193,4,199,0,560,1044,1322,0,0,0,6,0,0,0,0,0,0,5,51,11,0,0
0,0,0,0,0,0,0,0,0,0,0,264,0,0,407,0,0,1,13,1,0,0,0,0,0,2,1,0,3,0,2,0,0,0,0,0,0,410,12,0,57,0,2,0,1,0,0,5
0,0,0,0,0,0,0,0,0,1,0,38,19,0,30,0,0,7,896,1435,5,0,0,0,1,8,0,2,2,3,9,1,0,19,0,2,0,1417,28,2,2,0,76,1,1,0,9,4
0,0,0,0,0,0,0,0,46,0,0,39,0,10,58,3222,0,181,5,18,44,25,41,700,1,2088,0,0,22,2969,0,0,1,1,0,2232,26,0,12,8,13,1723,549,0,2,0,74,20
70,880,59,2,645,49,6,18,10,6,123,0,52,1178,2,0,8,2,0,2,1,0,228,1,9,22,12,331,13,0,4,3,82,857,288,0,63,0,0,154,0,38,20,377,46,2,3,0
7,6,3,0,1,0,1,1,601,2,2,0,360,35,0,0,10,5,2,0,6,0,1599,35,4,73,10,7,22,2,18,4,3,66,1,0,352,0,0,55,0,100,216,81,99,2,20,0
10,14,24,9,36,10,10,11,2242,6,4,0,231,58,3,11,15,41,1,1,13,0,1453,230,10,219,29,31,53,11,9,2,40,18,9,0,1959,0,0,12,4,115,98,37,214,8,26,0
2,0,5,0,2,0,0,1,620,1,0,0,2,24,0,20,3,1,0,0,0,0,95,11,9,81,8,2,25,0,1,4,7,4,0,0,342,0,0,1,0,10,2,1,36,2,12,0
6,546,5,35,20,113,9,25,1,28,276,0,11,34,0,0,0,0,0,0,0,0,0,0,1,0,18,730,0,0,2,0,0,56,65,0,0,0,0,2,0,1,0,103,39,10,0,0
2,16,3,2,195,22,6,3,0,0,20,0,1,14,0,0,0,0,0,0,0,0,0,0,0,0,0,80,0,0,0,0,2,16,291,0,0,0,0,1,0,0,0,4,3,3,0,0
0,1,0,0,1,0,0,2,0,0,1,8,21,0,4,0,0,12,1235,499,8,3,0,0,2,2,0,1,1,1,11,1,0,8,0,4,0,124,0,0,1,0,52,8,1,0,0,0
1171,33,81,89,68,162,885,50,4,27,70,0,60,90,0,1,36,1,1,1,4,0,40,9,10,7,18,48,1,2,74,38,152,19,68,0,7,0,0,2121,0,1,2,72,79,647,1,0
0,0,0,0,0,0,0,0,0,0,0,667,0,0,76,0,0,56,23,1,0,0,0,0,0,1,0,0,0,1,0,0,0,0,0,2,0,38,2480,0,1753,0,5,0,0,0,1,2366
0,0,0,0,0,0,0,0,0,0,0,960,0,0,1120,0,0,9,1,0,0,0,0,0,0,0,0,0,0,1,0,0,0,0,0,0,0,11,85,0,40,0,5,0,0,0,0,5
0,0,0,1,0,0,0,0,0,0,0,61,14,0,230,0,1,16,1499,74,13,2,0,0,0,8,0,1,3,4,7,1,0,0,0,5,0,1433,65,0,25,0,38,1,1,0,3,33
0,0,0,0,0,0,0,0,0,0,0,0,0,0,13,15,0,364,59,5,2,1,0,2,0,45,0,0,0,54,0,0,0,0,0,32,0,28,11,0,16,14,13,0,1,0,7,59
0,39,1,11,41,11,10,7,0,7,13,0,72,2,0,0,5,0,0,0,0,0,0,0,0,0,9,24,0,0,57,10,2,27,37,0,1,0,0,4,0,0,0,121,12,9,0,0
10,51,14,24,13,15,19,11,7,49,4,0,127,48,0,0,340,0,0,0,0,0,2,0,161,1,266,221,6,1,348,229,31,25,7,0,6,0,0,20,0,0,2,54,289,52,0,0
21,2,0,1,3,0,0,0,16,1,0,1,3,48,3,12,5,753,32,6,6,0,356,171,0,96,8,2,26,8,3,1,1,4,5,6,18,2,2,85,6,148,35,2,35,6,4,0
4,28,1,1,55,2,8,0,6,0,5,0,33,1243,0,0,2,2,0,0,0,0,18,1,3,17,2,20,1,0,6,1,7,1101,74,0,15,0,0,73,0,1,28,144,18,1,2,0
1,0,14,1,0,1,10,0,2,5,0,0,52,1,20,0,88,0,0,0,0,0,2,1,162,9,247,5,678,0,168,76,37,1,1,0,4,6,0,1,0,0,1,2,4,16,0,0
0,0,0,0,0,0,0,0,0,0,0,214,0,0,125,1,0,91,8,4,0,0,6,5,0,23,0,0,16,1,0,0,0,0,0,0,0,14,428,0,1883,1,6,3,8,0,2,928
0,0,0,0,0,0,0,0,1,0,0,33,0,0,78,1,0,3,0,0,0,0,1,0,0,0,0,0,3,0,0,0,0,0,0,0,0,1,5,0,21,0,1,0,2,0,0,0
