0.54094,0.18631,0.19479,0.50713,0.2413,0.57646,0.32219,0.2166,0.4897,0.36526,0.43721,0.36063,0.71504,0.42545,0.50172,0.57759,0.30092,0.22673,0.29674,0.17905,0.56466,0.41852,0.82793,0.3539,0.48981,0.18812,0.19496,0.19435,0.42435,0.31336,0.59353,0.18879,0.70335,0.42352,0.27698,0.97012,0.35483,0.20901,0.62956,0.20749,0.20404,0.32249,0.21253,0.56627,0.5881,0.50065,0.20452,0.38623
0.44352
0,27,0,0,9,0,32,5,0,1,0,2,2,3,0,1,694,0,36,0,0,2,0,0,0,0,0,592,39,165,30,79,111,0,0,0,265,168,1,0,0,60,5,17,28,96,6,588
0,0,0,0,281,0,848,12,0,200,0,16,0,3,5,0,6,0,2,14,0,0,0,18,1,15,5,60,1164,889,9,110,0,12,5,1,59,30,0,0,0,10,205,4,3,0,2,8
8,108,17,1,35,4,77,45,12,5,5,48,28,5,6,2,246,4,61,33,9,12,11,62,1,3,25,398,111,215,21,287,6,8,24,8,58,142,22,4,2,36,120,5,10,2,162,41
0,315,2,0,9,0,0,32,0,0,0,0,12,61,0,16,916,0,355,1,63,49,0,0,2,0,0,396,7,19,11,53,73,0,0,0,55,247,0,0,4,17,9,22,18,1,2,171
1,2,0,0,1,0,30,0,0,5,0,1,0,3,0,1,47,0,6,3,0,0,0,0,0,0,0,233,70,110,11,103,0,1,0,0,38,51,0,0,1,2,1,1,1,0,0,6
3,172,93,15,20,0,26,74,5,8,0,163,29,8,6,13,127,9,324,194,55,30,4,179,15,11,40,194,52,50,3,233,0,10,16,2,12,226,18,6,35,86,83,27,31,2,633,44
0,11,0,0,203,0,32,176,0,15,0,3,0,3,0,0,427,0,0,6,2,2,0,2,0,0,0,115,116,608,21,8,6,0,0,0,220,59,0,0,0,17,294,2,0,0,7,35
3,3,65,0,1,0,0,0,0,0,13,0,0,1,1,5,0,28,9,1,1,0,0,12,0,0,5,5,0,0,0,14,0,0,30,2,59,1,1,1,0,1,0,0,1,1,31,0
44,1,126,63,0,5,70,57,2290,0,13,22,468,2,8,32,0,82,12,53,22,31,423,30,380,5,48,2,0,0,17,0,2,1628,5,39,31,6,2002,86,8,0,1,6,3,15,86,0
1,0,0,0,0,1,0,0,0,0,50,0,0,0,0,0,0,0,0,0,0,0,0,16,0,0,0,0,0,0,366,0,25,0,0,0,0,0,0,208,111,0,0,0,0,43,1,0
51,0,48,0,0,8,0,1,0,0,343,1,2,0,2,0,0,50,3,1,4,1,2,50,0,11,46,4,3,0,4,95,12,2,9,22,18,2,4,189,8,5,1,4,1,3,132,4
66,0,50,181,1,13,0,8,70,3,66,9,15,6,11,11,0,626,1,70,1,9,46,41,28,7,17,2,21,2,0,8,8,22,27,7,8,10,77,4,5,1,9,3,0,3,386,0
3,0,41,140,2,0,0,8,14,8,6,25,4,47,16,10,0,33,1,411,5,6,1,129,46,228,6,1,0,0,0,5,0,81,91,1,0,1,117,60,1,4,10,10,212,4,0,0
0,42,0,1,245,0,427,53,0,195,0,151,1,13,5,2,11,0,21,28,1,4,0,160,1,99,2,140,564,374,8,289,1,46,31,0,14,57,0,3,0,87,313,303,30,0,45,83
0,39,30,1,0,0,0,10,0,0,0,0,3,7,23,4,27,0,545,6,30,2,0,2,0,0,0,49,2,1,0,7,0,0,0,2,0,78,0,0,69,0,1,0,0,0,7,4
1,1,32,121,4,0,2,3,2,2,0,19,1,0,3,1,1,3,1,34,6,98,1,18,191,4,132,2,1,0,0,1,0,4,4,0,1,12,2,0,0,3,1,1,1,0,3,0
34,1,200,2,0,379,6,1,38,0,1,0,375,5,1,6,0,15,2,4,37,9,36,3,12,0,29,1,0,0,1,0,1,3,2,20,2,2,7,4,3,1,0,0,1,0,19,0
1,40,1,2,18,0,35,26,0,12,0,191,1,59,0,111,11,1,5,24,16,101,1,59,1,76,16,12,25,11,1,30,0,4,43,1,1,33,1,4,3,756,30,1645,1739,1,23,257
0,1,0,1,278,0,13,151,0,517,0,45,0,84,99,0,2,1,0,11,3,0,0,50,2,90,0,1,77,95,1,7,0,1,94,0,3,5,0,0,0,5,641,3,0,0,1,0
2035,0,12,0,0,9,4,0,6,0,12,0,1,0,0,0,0,38,0,0,0,0,32,0,0,0,1,0,0,0,5,0,3,1,1,8,11,0,0,10,2,0,0,0,0,4,6,0
4,0,139,0,0,2,0,0,1,0,108,3,5,0,0,3,0,8,0,0,1,1,0,8,1,17,84,0,0,0,2,16,4,2,7,0,447,147,94,14,1,53,1,1,0,5,9,4
21,0,16,2,0,6,3,1,132,0,0,1,58,0,1,1,0,8,0,2,15,2,223,0,1,0,63,0,0,0,0,0,0,3,0,9611,0,0,6,0,0,0,0,1,0,0,3,0
162,7,88,15,21,6,7,9,0,13,136,6,7,3,23,1,3,50,3,511,234,3,1,16,4,9,435,11,25,15,4,11,1,5,14,23,38,9,6,21,15,5,2,12,11,48,9,2
0,69,6,3,458,0,87,134,0,441,0,508,1,150,152,3,1,37,21,115,18,4,0,516,4,491,2,41,184,61,1,170,0,76,334,0,0,15,0,257,0,83,351,131,16,0,77,24
1,116,22,45,336,0,58,333,7,487,2,1070,1,232,264,27,3,33,21,338,33,60,8,1147,124,441,134,39,190,91,2,156,1,276,793,2,3,66,19,95,3,172,430,81,41,8,408,26
0,6,3,1,693,0,2,459,1,1228,0,29,0,1013,1608,2,0,272,1,11,162,3,0,39,11,277,4,0,17,3,0,12,0,3,852,2,0,0,1,25,0,17,180,7,3,0,0,3
0,0,6,0,0,4,0,4,0,0,57,1,0,0,0,0,0,2,0,1,1,0,0,221,0,3,0,0,0,0,202,10,9,0,0,0,0,0,0,558,58,0,0,2,0,40,2,0
33,1,107,0,0,33,0,0,0,0,1500,0,30,0,0,0,0,49,1,0,5,2,5,16,1,125,596,0,0,0,8,5,31,3,11,9,1139,15,59,53,5,110,0,1,1,41,22,1
127,0,61,20,0,19,823,8,2662,0,39,0,2700,3,1,6,0,65,1,26,16,23,4951,11,81,5,51,0,0,0,87,0,14,1433,1,103,8,3,236,101,11,0,0,0,1,18,415,0
8,277,445,90,48,0,2,595,0,18,1,14,0,110,617,249,130,27,946,75,233,23,4,7,16,13,47,192,3,41,2,36,1,2,6,1,24,515,63,4,465,85,147,2,10,1,47,24
4,3,245,804,2,0,0,4,8,6,0,12,1,7,18,47,3,63,122,146,21,667,19,9,608,4,514,2,0,1,0,3,0,8,3,10,0,18,121,0,285,4,4,2,3,0,8,2
15,7,248,2099,4,1,2,21,93,11,0,33,4,222,37,29,4,70,29,267,33,1184,29,21,1995,28,496,6,7,0,1,14,0,75,14,2,18,14,118,12,25,6,11,11,10,4,3,4
1,0,12,369,2,0,0,7,23,5,0,9,0,5,9,9,0,3,3,31,11,143,1,0,520,0,91,0,0,0,0,0,0,60,3,4,0,0,5,1,1,0,0,4,2,0,0,0
0,46,13,0,3,0,9,4,0,1,0,13,1,4,1,6,197,0,493,46,13,2,0,14,0,3,0,412,14,36,3,512,2,1,0,0,5,148,1,0,10,15,9,4,4,0,54,37
0,340,0,0,25,0,0,111,0,1,0,0,0,0,1,0,72,0,2,2,2,1,0,1,0,0,0,22,2,10,0,10,0,0,0,0,3,14,0,0,1,7,48,0,1,0,2,6
244,1,553,0,3,2,4,3,0,2,220,0,2,0,0,0,1,68,9,0,1,0,2,18,1,4,33,5,5,3,4,2,2,0,52,5,620,4,2,9,7,5,0,1,0,4,106,5
0,361,5,22,29,0,20,47,1,18,0,244,2,169,6,1433,46,10,10,22,23,325,2,11,3,38,8,62,27,28,1,166,0,8,34,0,9,56,1,3,2,892,38,424,740,0,1,903
75,0,5,0,0,2258,0,0,0,0,33,0,0,0,0,0,0,0,0,1,0,0,0,1,0,0,0,0,0,0,93,0,2627,0,0,0,0,0,0,8,439,0,0,0,0,1928,2,0
5,0,0,0,0,4,0,0,0,0,2,0,1,0,0,0,0,0,0,13,0,0,0,1,0,0,1,0,0,0,1615,0,31,0,0,0,0,0,0,18,455,0,0,0,0,91,0,0
64,0,73,0,0,50,0,0,0,0,2068,3,9,0,0,0,1,53,0,2,1,0,14,36,0,1,67,2,1,0,51,4,67,1,19,19,33,0,0,587,28,12,0,0,1,29,242,1
361,0,6,0,0,48,0,0,25,0,31,0,2,0,0,0,0,56,0,0,0,0,111,1,0,0,1,0,0,0,2,0,24,3,0,1,2,0,2,9,3,0,0,0,0,9,44,0
0,44,4,0,9,0,7,23,0,3,0,42,0,2,0,5,21,0,40,27,4,1,0,51,0,27,2,11,5,5,1,14,0,0,12,0,0,28,0,3,3,24,34,6,4,0,54,16
0,14,21,11,61,0,6,9,1,103,0,262,0,33,81,106,12,9,52,187,46,5,0,226,7,478,11,10,8,3,0,118,1,3,410,0,0,26,1,12,5,29,13,34,13,0,9,17
347,2,12,117,0,3,0,0,39,0,6,6,8,3,15,222,2,590,9,104,29,9,51,21,6,1,40,0,1,1,1,3,5,54,4,0,5,5,185,7,5,1,0,2,3,8,9,2
0,471,20,7,17,0,0,51,0,3,0,5,2,112,32,115,33,8,41,20,1502,12,0,4,7,1,3,21,0,0,0,2,6,0,8,0,0,251,8,0,15,92,21,3,2,0,12,16
0,0,2,2,54,0,0,13,1,51,0,9,0,3,153,1,0,350,0,5,1,3,0,7,2,95,1,3,2,0,0,119,0,5,117,0,0,0,0,412,0,63,3,123,12,0,0,4
39,0,10,3,0,1061,0,243,4,0,18,1,0,0,0,1,0,40,0,4,0,0,2,7,0,0,1,0,0,0,63,0,660,0,0,2,1,0,0,17,159,0,0,0,0,1426,5,0
0,0,0,1,0,1,0,6,1,0,0,0,0,0,0,0,0,0,0,4,0,0,0,0,1,0,0,0,0,0,69,0,1,0,0,0,0,0,0,24,26,0,0,0,0,16,0,0
