0.54455,0.19177,0.19215,0.51012,0.24455,0.57919,0.32705,0.21049,0.49103,0.36472,0.43179,0.35539,0.71474,0.42394,0.50421,0.56366,0.30257,0.22732,0.29456,0.17534,0.57116,0.41412,0.8288,0.35227,0.49227,0.18922,0.19116,0.19356,0.43018,0.31178,0.59482,0.19155,0.70315,0.42516,0.27807,0.97071,0.35971,0.20954,0.63171,0.20838,0.20413,0.32048,0.21467,0.55979,0.5893,0.49974,0.20134,0.38262
0.44345
0,28,0,0,9,0,31,7,0,1,0,1,2,3,0,1,707,0,35,0,0,1,0,0,0,0,0,583,36,168,30,74,109,0,0,0,257,178,1,0,0,63,6,16,24,95,7,591
0,0,0,0,270,0,850,13,0,200,0,16,0,3,2,0,8,0,2,16,0,0,0,20,1,14,4,56,1186,887,9,110,0,13,5,0,56,21,0,0,0,10,209,5,2,0,1,8
6,106,14,1,34,5,76,49,12,3,7,51,28,6,4,2,248,6,59,35,9,11,10,60,2,2,24,402,103,210,20,298,5,8,22,8,60,143,20,6,3,37,118,5,11,4,163,39
0,330,2,0,6,0,0,35,0,0,0,0,11,62,0,15,908,0,356,2,60,44,0,0,2,0,0,392,6,21,11,49,76,0,0,0,54,254,0,0,4,15,7,22,16,1,5,172
0,2,0,0,1,0,28,0,0,5,0,1,0,2,0,1,49,0,6,3,0,0,0,0,0,0,0,232,73,110,10,103,0,1,0,0,34,56,0,0,1,2,1,1,1,0,0,6
3,173,93,14,17,0,22,77,5,11,0,168,28,9,6,15,119,6,321,202,48,30,5,176,19,10,45,194,49,50,3,230,0,8,18,1,15,227,14,4,35,90,86,26,30,1,633,50
0,13,0,0,192,0,33,194,0,14,0,3,0,3,0,0,424,0,0,7,2,2,0,2,0,0,0,113,115,610,21,10,6,0,0,0,221,59,0,0,0,17,287,2,0,0,6,34
3,4,62,0,0,0,0,0,0,0,14,0,0,1,0,6,0,28,8,0,1,0,0,12,0,0,7,6,0,0,0,15,0,0,28,3,59,1,1,1,0,1,0,0,0,1,33,0
40,1,126,65,0,5,68,57,2291,0,6,22,474,3,8,35,0,77,13,54,22,34,408,27,369,6,50,2,0,0,21,1,2,1639,3,38,31,1,2036,77,9,0,1,5,2,13,82,0
1,0,0,0,0,1,0,0,0,0,55,0,0,0,0,0,0,0,0,1,0,0,0,16,0,0,0,0,0,0,357,0,22,0,0,0,0,0,0,207,119,0,0,0,0,42,1,0
48,0,47,0,0,8,0,2,0,0,362,3,4,0,2,0,0,40,1,2,4,1,2,50,0,10,48,3,2,0,4,88,9,2,5,21,17,2,4,186,9,8,0,4,1,4,138,5
65,0,60,181,1,11,0,9,70,4,73,11,12,5,13,13,0,614,2,72,1,9,44,39,30,6,19,1,23,2,0,11,7,22,22,8,5,7,80,5,2,4,6,2,0,2,385,1
2,0,52,128,2,0,0,6,14,6,5,22,4,44,9,14,0,32,3,424,6,9,2,124,39,234,7,1,0,0,0,4,0,89,94,0,0,0,115,60,0,1,10,11,210,3,1,1
0,46,0,1,241,0,430,53,0,182,0,154,1,11,5,3,9,0,22,31,1,5,0,168,1,95,2,145,564,379,7,297,1,44,30,0,13,57,0,2,0,83,311,308,26,0,42,80
0,36,28,1,0,0,0,10,0,1,0,0,2,5,22,4,26,0,550,7,31,1,0,2,0,0,0,49,2,0,0,6,0,0,0,2,0,82,0,0,68,0,1,0,0,0,8,5
1,2,30,125,3,0,2,3,1,2,0,18,1,0,2,2,1,3,1,33,6,105,1,18,189,4,129,0,0,0,0,1,0,4,4,1,1,11,3,0,0,3,1,1,1,0,4,0
36,1,194,3,0,380,6,1,38,0,1,0,372,8,1,4,0,18,3,3,34,10,37,2,13,0,29,1,0,1,1,0,1,3,2,21,2,3,7,4,1,1,0,0,3,0,18,0
0,36,1,2,18,0,30,23,0,14,0,203,1,56,0,110,10,1,4,27,13,103,0,64,1,72,14,10,25,11,1,32,0,4,41,1,1,34,1,5,4,800,31,1615,1729,1,24,255
0,1,0,0,267,0,11,149,0,520,0,45,0,83,100,0,2,1,0,11,3,0,0,51,2,89,0,0,82,96,1,8,0,1,100,0,3,5,0,0,0,7,641,2,0,0,1,0
2029,0,11,0,0,6,4,0,5,0,14,0,1,0,0,0,0,40,0,0,0,0,35,0,0,0,1,0,0,0,6,0,2,1,0,8,14,0,0,12,2,0,0,0,0,4,6,0
3,1,149,0,1,2,0,1,2,0,108,1,4,0,0,2,0,9,0,0,2,2,0,6,1,20,103,0,0,0,2,13,2,2,8,0,426,144,93,12,0,51,1,1,0,5,10,5
17,0,14,2,0,6,3,1,137,0,0,1,59,0,1,2,0,8,0,1,16,2,222,0,0,0,61,0,0,0,0,0,0,3,0,9610,1,0,8,2,0,0,0,0,0,0,3,0
153,7,87,14,23,6,8,9,0,13,147,9,7,5,22,3,3,49,6,509,227,3,0,17,6,4,452,9,26,12,5,8,1,6,12,24,35,6,6,22,13,7,2,9,12,45,10,1
0,70,6,3,453,0,84,140,0,442,0,513,1,148,152,3,1,38,21,121,17,4,0,514,3,495,2,41,182,66,0,170,0,74,337,0,0,11,0,253,0,83,344,132,17,0,77,24
1,116,22,50,334,0,62,351,6,500,1,1058,0,230,254,33,1,31,23,354,32,59,7,1135,117,434,134,35,188,89,1,163,1,271,800,2,3,69,7,89,2,172,422,80,44,10,425,27
0,6,3,1,684,0,3,459,1,1228,0,27,0,1006,1616,3,0,263,2,13,162,2,0,40,13,285,4,0,15,3,0,12,0,2,857,2,0,0,1,26,0,19,179,8,3,0,0,2
0,0,7,0,0,5,0,4,0,0,58,1,0,0,0,0,0,2,0,3,0,0,0,217,0,2,1,0,0,0,198,6,8,0,0,0,0,0,0,561,54,0,0,3,0,50,1,0
31,1,111,0,0,32,0,0,0,0,1509,0,32,0,0,0,0,43,2,0,5,2,6,15,1,127,588,0,0,0,10,3,31,3,11,9,1141,15,62,47,6,110,0,1,1,39,23,1
135,0,66,23,0,18,795,9,2681,0,39,0,2701,3,2,6,0,62,1,27,14,22,4962,12,76,4,48,0,0,0,82,0,15,1449,1,98,7,3,244,100,10,0,0,0,1,16,398,0
5,282,446,82,46,0,2,590,0,16,0,14,0,110,633,263,118,30,937,78,225,27,5,7,14,12,51,187,3,42,2,33,1,3,7,1,22,514,70,6,457,83,151,3,10,1,48,29
4,2,253,795,1,0,0,2,10,7,0,14,1,7,16,49,3,40,121,131,22,677,19,7,623,4,516,3,1,1,0,5,0,9,5,8,0,17,127,1,286,5,4,1,2,0,8,4
15,5,238,2091,3,1,2,21,94,9,0,34,5,223,38,37,2,60,28,270,28,1179,35,24,2007,27,484,4,6,2,1,17,0,70,21,2,19,19,125,14,28,7,8,12,12,4,3,3
1,0,11,363,3,0,2,7,25,4,0,9,0,5,10,9,0,3,3,33,11,141,1,1,524,0,89,0,0,0,0,0,0,54,3,4,0,1,7,2,1,0,0,5,2,0,0,0
0,50,14,0,3,0,8,5,0,1,0,14,1,4,1,6,190,0,485,43,13,1,0,14,0,3,0,411,15,37,3,517,2,1,0,0,5,155,1,0,9,13,8,4,4,0,56,39
0,343,0,0,23,0,0,120,0,1,0,0,0,0,1,0,59,0,3,2,2,1,0,1,0,0,0,22,2,10,0,10,0,0,0,0,3,13,0,0,1,6,49,0,1,0,2,9
237,2,548,0,3,3,4,2,0,3,241,0,2,0,0,0,1,61,9,0,1,0,2,18,1,6,41,6,6,0,3,2,1,0,25,5,616,3,2,9,8,7,0,0,0,4,123,7
1,358,4,17,27,0,21,48,1,17,0,248,2,163,6,1430,55,14,9,17,25,327,2,13,2,41,9,58,27,28,1,165,0,8,35,0,10,57,2,2,2,906,36,422,735,0,1,898
75,0,7,0,0,2271,0,0,0,0,32,0,1,0,0,0,0,0,0,1,0,0,0,0,0,0,0,0,0,0,90,0,2615,0,0,1,0,0,0,9,448,0,0,0,0,1918,2,0
5,0,0,0,0,4,0,0,0,0,2,0,1,0,0,0,0,0,0,11,0,0,0,1,0,0,1,0,0,0,1609,0,30,0,0,0,0,0,0,18,465,0,0,0,0,90,0,0
62,0,67,0,0,51,0,0,0,0,2073,3,10,0,0,0,0,50,1,0,1,0,16,36,0,2,48,2,3,0,53,3,70,1,20,18,32,2,0,587,27,14,0,0,1,30,256,0
361,0,7,0,0,45,0,0,22,0,30,0,3,0,0,0,0,58,0,1,0,0,111,1,0,0,1,0,0,0,3,0,24,3,0,1,3,0,3,10,1,0,0,0,0,7,46,0
0,43,5,0,9,0,7,24,0,3,0,43,0,2,0,6,21,0,41,26,4,1,0,50,0,27,2,10,5,5,1,15,0,0,13,0,1,28,0,3,3,24,30,7,2,0,54,17
0,14,17,12,60,0,6,12,0,110,0,252,0,36,78,115,7,10,57,187,46,5,0,223,9,488,13,11,8,3,0,100,1,3,415,0,0,28,0,13,5,26,12,34,14,0,9,14
345,3,11,112,0,2,1,0,38,0,4,5,7,3,14,228,1,607,7,109,29,9,53,19,3,2,43,1,1,2,1,2,3,48,4,1,5,4,176,8,5,0,0,2,4,7,12,2
0,494,24,6,13,0,0,53,0,3,0,5,1,118,36,115,28,8,39,21,1497,15,0,4,6,0,4,19,0,0,0,2,6,0,9,0,0,223,7,0,17,93,21,5,3,0,14,14
0,0,1,3,50,0,0,13,1,47,0,7,0,6,151,1,0,349,0,6,1,3,0,10,2,91,1,3,3,0,0,116,0,5,125,0,0,0,0,414,0,59,3,131,10,0,0,4
41,0,14,3,0,1058,0,238,5,0,20,1,0,0,0,1,0,40,0,5,0,0,2,6,0,0,1,0,0,0,69,0,667,0,0,2,0,0,0,18,149,0,0,0,0,1422,5,0
0,0,0,1,0,1,0,6,1,0,0,0,0,0,0,0,0,0,0,4,0,0,0,0,1,0,0,0,0,0,69,0,1,1,0,0,0,0,0,22,24,0,0,0,0,19,0,0
