0.54519,0.18443,0.19064,0.51045,0.24026,0.57897,0.32703,0.21501,0.49102,0.3687,0.43448,0.35776,0.71504,0.42037,0.50455,0.56625,0.30043,0.22926,0.29349,0.17871,0.56818,0.41246,0.82924,0.35296,0.49403,0.19091,0.19422,0.19775,0.42758,0.31462,0.59792,0.18956,0.70435,0.42135,0.277,0.9709,0.35775,0.20573,0.63115,0.20662,0.20296,0.32349,0.21464,0.56082,0.58561,0.50288,0.20166,0.38173
0.4435
0,27,0,0,9,0,30,7,0,1,0,1,2,3,0,1,700,0,36,0,0,2,0,0,0,0,0,597,37,165,30,75,112,0,0,0,258,172,0,0,0,60,6,16,28,95,7,587
0,0,0,0,273,0,848,12,0,200,0,16,0,3,4,0,6,0,2,14,0,0,0,20,1,15,5,58,1175,891,9,110,0,14,5,1,59,23,0,0,0,10,206,4,3,0,1,9
5,110,16,0,35,4,76,49,12,4,7,52,29,6,5,2,248,5,61,36,9,12,9,60,2,2,25,394,100,212,21,296,6,8,23,7,58,148,23,4,3,34,118,5,9,3,162,40
0,328,2,0,7,0,0,30,0,0,0,0,12,60,0,18,910,0,361,2,62,46,0,0,2,0,0,390,7,19,11,51,74,0,0,0,55,252,0,0,4,15,7,22,17,1,3,170
0,2,0,0,1,0,29,0,0,5,0,1,0,2,0,1,49,0,6,3,0,0,0,0,0,0,0,234,71,111,10,102,0,1,0,0,35,54,0,0,1,2,1,1,1,0,0,6
3,168,97,14,18,0,23,78,5,8,0,168,28,8,6,16,123,8,333,199,47,34,5,180,15,8,38,190,57,48,3,226,0,9,17,1,13,233,16,4,34,84,81,28,30,2,632,48
0,12,0,0,202,0,34,184,0,13,0,3,0,3,0,0,424,0,0,5,2,2,0,2,0,0,0,117,115,606,21,9,6,0,0,0,221,58,0,0,0,16,292,2,0,0,7,34
3,2,65,0,1,0,0,0,0,0,16,0,0,1,0,5,0,31,8,1,1,0,0,11,0,0,3,6,0,0,0,12,0,0,30,3,57,1,1,2,0,3,0,0,1,1,30,0
45,1,136,69,0,5,65,56,2282,0,10,23,472,1,8,32,0,83,12,53,22,31,406,25,374,5,46,2,0,0,22,2,2,1634,4,37,31,3,2026,84,7,0,1,7,3,14,83,0
1,0,0,0,0,1,0,0,0,0,52,0,0,0,0,0,0,0,0,1,0,0,0,16,0,0,0,0,0,0,356,0,25,0,0,0,0,0,0,212,115,0,0,0,0,42,1,0
50,0,48,0,0,8,0,1,0,0,358,1,1,0,2,0,0,41,2,2,4,1,2,50,0,12,44,3,1,0,3,83,9,3,7,21,20,1,4,195,8,6,1,4,1,3,140,6
68,0,60,183,0,13,0,8,73,4,71,9,12,4,12,17,0,630,2,65,0,11,42,35,28,5,18,1,23,2,0,7,8,23,27,8,7,9,79,4,3,2,9,1,0,1,375,0
2,0,48,132,2,0,0,7,16,6,5,20,3,54,10,13,0,30,0,414,6,4,0,122,45,229,10,1,0,0,0,6,0,89,91,0,0,0,118,66,0,5,9,11,210,2,1,1
0,46,0,1,245,0,430,50,0,188,0,157,1,14,5,2,10,0,20,30,1,5,0,166,1,96,2,139,560,376,8,287,1,43,30,0,14,57,0,1,0,83,312,312,28,0,45,84
0,37,28,1,0,0,0,10,0,1,0,0,2,6,23,4,26,0,547,7,30,1,0,2,0,0,0,48,2,1,0,6,0,0,0,2,0,81,0,0,69,0,1,0,1,0,8,5
1,1,29,122,3,0,2,2,2,2,0,18,1,0,3,1,1,3,1,34,7,100,2,20,194,4,127,0,1,0,0,1,0,4,5,0,1,14,2,0,0,3,1,1,1,0,3,0
33,1,214,2,0,367,6,1,40,0,1,0,371,9,1,5,0,16,1,4,37,8,36,4,10,0,27,1,0,0,1,0,1,3,2,22,2,2,9,4,1,1,0,0,2,0,18,0
0,41,1,2,18,0,30,25,0,14,0,199,1,58,0,108,11,1,4,22,16,104,0,64,1,74,15,11,26,12,1,31,0,3,42,1,1,34,1,4,3,777,32,1623,1734,2,21,260
0,1,0,1,272,0,11,148,0,510,0,48,0,85,102,0,2,1,0,11,3,0,0,51,2,89,0,0,77,97,1,8,0,0,102,0,3,5,0,0,0,7,642,2,0,0,1,0
2033,0,12,0,0,6,3,0,5,0,13,0,2,0,0,0,0,40,0,0,0,0,33,0,0,0,1,0,0,0,7,0,1,1,1,9,13,0,0,8,2,0,0,0,0,5,6,0
4,0,145,0,0,2,0,1,2,0,109,2,3,0,0,2,0,7,0,0,1,2,0,8,1,16,93,0,0,0,3,14,3,3,9,0,434,149,95,14,0,51,1,2,0,3,10,3
21,0,16,2,0,6,3,1,135,0,0,1,57,0,1,1,0,8,0,1,17,2,224,0,1,0,59,0,0,0,0,0,0,3,0,9608,1,0,7,1,0,0,0,1,0,0,3,0
158,7,87,15,22,6,8,6,0,14,147,6,7,5,19,3,3,45,4,512,228,4,0,17,5,7,448,10,23,12,5,9,1,5,13,25,38,7,6,23,14,7,2,12,10,44,10,1
0,66,6,3,454,0,79,136,0,448,0,513,1,148,148,3,1,35,24,120,19,4,0,517,4,500,2,41,185,61,0,170,0,73,332,0,0,12,0,252,1,83,351,130,16,0,81,23
2,118,27,45,330,0,57,339,7,489,3,1069,0,239,257,33,2,30,20,337,33,60,7,1145,117,436,131,38,192,89,1,158,0,275,802,1,3,69,10,93,3,170,426,80,40,8,425,29
0,5,3,1,678,0,2,462,1,1244,0,28,0,1003,1607,3,0,271,1,12,161,3,0,38,14,284,4,0,17,3,0,12,0,2,854,2,0,0,1,24,0,19,180,6,3,0,0,2
0,0,5,0,0,5,0,4,0,0,58,0,0,0,0,0,0,2,0,2,1,0,0,226,1,4,0,0,0,0,199,7,8,0,0,0,0,0,0,556,57,0,0,3,0,42,1,0
32,1,112,0,0,35,0,0,0,0,1511,0,33,0,0,0,0,43,2,0,3,2,6,14,1,127,591,1,0,0,9,3,27,3,9,9,1143,19,57,52,6,107,0,1,1,37,20,1
124,0,66,20,0,22,802,9,2680,0,42,0,2695,3,2,6,0,64,1,26,14,26,4924,13,76,4,52,0,0,0,80,0,16,1463,1,95,10,3,240,101,11,0,0,0,1,19,419,0
8,289,436,87,48,0,1,593,0,16,1,13,1,109,623,262,127,30,938,78,228,24,4,7,19,14,48,188,3,42,2,33,1,2,6,1,20,510,67,4,462,84,142,2,11,1,51,30
4,3,246,794,1,0,1,2,8,8,0,13,1,9,15,48,4,49,123,139,23,660,18,8,621,5,518,3,0,1,0,5,0,8,5,9,0,17,129,0,291,4,4,1,3,0,8,2
12,6,247,2100,4,0,3,18,100,12,0,32,4,219,35,35,2,58,30,271,30,1159,32,24,2029,28,489,4,7,1,1,15,1,70,16,2,20,15,116,15,26,6,8,13,13,3,4,2
1,0,11,368,2,0,1,8,25,3,0,9,0,5,10,11,0,3,3,31,11,140,1,0,520,0,89,0,0,0,0,0,0,59,3,4,0,0,6,2,2,0,0,4,2,0,0,0
0,46,14,0,3,0,8,4,0,1,0,16,1,4,1,6,198,0,493,45,13,1,0,15,0,3,0,411,14,36,3,505,2,1,0,0,5,150,1,0,11,13,8,4,4,0,56,40
0,340,0,0,24,0,0,113,0,1,0,0,0,0,1,0,68,0,3,2,2,1,0,1,0,0,0,22,2,10,0,10,0,0,0,0,3,14,0,0,1,6,49,0,2,0,2,7
241,2,550,0,3,2,4,3,0,2,224,0,2,0,0,0,1,70,8,1,1,0,2,17,1,4,31,5,6,0,3,1,3,0,42,6,618,4,2,12,8,7,0,0,1,4,117,4
0,357,5,18,30,0,22,47,1,18,0,249,1,167,6,1436,49,10,9,19,26,328,2,12,2,37,8,62,30,27,1,163,0,9,34,0,9,55,1,1,2,898,35,419,750,0,1,894
73,0,6,0,0,2269,0,0,0,0,33,0,0,0,0,0,0,0,0,1,0,0,0,0,0,0,0,0,0,0,90,0,2623,0,0,1,0,0,0,7,443,0,0,0,0,1922,2,0
5,0,0,0,0,4,0,0,0,0,2,0,1,0,0,0,0,0,0,11,0,0,0,1,0,0,1,0,0,0,1609,0,31,0,0,0,0,0,0,19,466,0,0,0,0,87,0,0
62,0,71,0,0,52,0,0,0,0,2089,4,13,0,0,0,1,54,1,0,0,0,15,37,0,1,52,2,2,0,49,3,61,1,16,18,35,1,0,587,28,12,0,1,2,29,240,0
360,0,5,0,0,47,0,0,21,0,31,0,3,0,0,0,0,61,0,1,0,0,111,1,0,0,1,0,0,0,3,0,24,3,0,1,1,0,3,9,1,0,0,0,0,8,46,0
0,41,5,0,9,0,8,25,0,3,0,39,0,2,0,4,22,0,40,28,4,1,0,52,0,28,2,10,5,5,1,14,0,0,14,0,0,28,0,3,3,23,28,7,4,0,57,17
0,14,20,11,60,0,6,12,1,108,0,257,0,36,78,106,10,9,53,188,48,5,0,225,8,483,12,10,6,3,0,109,1,3,412,0,0,28,0,12,5,26,14,37,11,0,8,18
335,2,11,110,0,4,1,0,38,0,5,7,8,3,17,225,1,607,7,103,29,10,54,20,3,2,45,0,1,2,1,2,4,54,4,0,6,4,182,7,5,1,0,2,3,7,10,1
0,469,21,6,16,0,0,51,0,2,0,5,1,113,35,124,30,9,39,19,1500,14,0,5,6,1,4,17,0,0,0,2,6,0,9,0,0,247,7,0,19,91,20,4,2,0,14,15
0,0,1,3,52,0,0,13,1,49,0,8,0,4,149,1,0,353,1,5,1,3,0,8,2,96,1,3,3,0,0,117,0,6,116,0,0,0,0,414,0,60,4,126,13,0,0,3
43,0,13,3,0,1060,0,237,3,0,20,1,0,0,0,2,0,41,0,4,0,0,2,5,0,0,1,0,0,0,61,0,666,0,0,2,1,0,1,20,154,0,0,0,0,1422,5,0
0,0,0,1,0,1,0,6,0,0,0,0,0,0,0,0,0,0,0,6,0,0,1,0,1,0,0,0,0,0,66,0,1,0,0,0,0,0,0,25,27,0,0,0,0,15,0,0
