0.55589,0.20847,0.19255,0.48738,0.23095,0.57648,0.37218,0.21356,0.47764,0.37052,0.4242,0.3681,0.69351,0.40569,0.50454,0.60057,0.30645,0.21163,0.28531,0.17873,0.53909,0.42153,0.84195,0.34359,0.49462,0.18057,0.1836,0.19751,0.41381,0.30645,0.59622,0.18838,0.71092,0.43575,0.27176,0.96788,0.34721,0.22184,0.61503,0.2014,0.21963,0.3141,0.21035,0.5823,0.58553,0.47158,0.20426,0.36333
0.44088
3,33,0,0,7,0,37,5,0,1,0,2,1,3,0,1,637,0,39,1,0,2,0,0,0,0,0,587,43,180,30,68,113,0,0,0,305,152,0,0,0,71,3,24,23,100,4,589
0,1,0,0,341,0,816,12,0,204,0,13,0,3,2,0,3,0,3,18,0,0,0,22,0,14,7,62,1169,874,11,88,0,12,6,1,57,37,0,0,0,12,195,2,2,0,2,8
9,106,15,1,44,5,92,34,16,8,6,53,36,5,3,2,222,2,70,40,8,12,7,68,1,4,27,381,117,214,22,238,5,4,25,7,77,161,22,3,3,38,120,8,9,2,157,46
0,286,3,0,7,0,0,19,0,0,0,0,12,85,0,7,950,0,362,2,59,39,0,0,2,0,0,385,6,20,13,54,70,1,0,0,65,239,0,0,5,16,15,26,20,1,0,169
1,2,0,0,1,0,29,0,0,4,0,1,0,1,0,1,38,0,11,4,0,0,0,0,0,0,0,234,69,118,11,95,0,1,0,0,47,48,0,0,2,3,0,1,0,0,0,7
0,180,93,12,15,0,21,68,5,9,0,177,32,12,5,24,129,9,305,180,58,24,6,190,13,11,62,205,56,46,2,201,0,13,19,1,12,236,18,3,35,82,85,26,24,1,623,58
0,12,1,0,218,0,34,174,0,14,0,4,0,4,0,0,393,0,1,7,1,2,0,3,0,0,0,121,115,621,21,6,6,0,0,0,250,55,0,0,0,28,255,8,1,0,4,31
3,2,60,0,1,0,0,0,1,2,11,1,0,1,0,6,2,31,9,0,2,0,0,1,0,2,3,3,0,0,0,22,0,0,32,2,61,3,1,2,0,3,0,0,2,1,25,0
36,0,212,65,0,10,85,59,2377,0,19,31,453,1,9,29,0,64,15,47,24,52,399,30,365,7,49,2,0,0,21,1,3,1570,2,45,43,21,1866,81,7,0,0,5,5,23,91,0
1,0,0,0,0,1,0,0,0,0,38,0,0,0,0,0,0,0,0,1,0,0,0,20,0,0,0,0,0,0,351,0,21,0,0,0,0,0,0,235,111,0,0,0,0,43,0,0
39,0,60,0,0,8,0,1,1,2,328,1,3,0,2,0,0,85,2,1,6,1,3,57,0,25,26,3,1,0,4,120,7,7,9,18,11,0,4,175,9,12,0,2,1,3,106,3
78,0,57,209,1,17,3,10,91,2,54,11,20,6,12,15,0,560,2,55,1,8,37,42,25,11,11,1,21,2,0,13,5,28,31,12,7,17,63,4,3,4,5,2,0,4,399,0
0,0,36,116,2,0,0,7,18,7,8,27,4,64,13,11,0,30,0,404,22,9,1,119,39,263,9,1,0,0,0,3,0,74,16,0,0,2,131,98,1,4,6,8,205,30,0,0
0,41,0,0,266,0,399,48,0,196,0,145,1,9,5,2,11,0,34,31,2,6,0,167,1,122,22,120,585,373,6,255,1,40,54,0,20,47,0,2,0,82,319,259,43,0,43,93
0,44,28,1,0,0,0,8,0,0,0,0,3,22,27,16,35,0,511,7,27,0,0,0,0,0,0,52,2,0,0,6,0,0,0,1,0,83,0,0,61,0,2,0,1,0,7,5
1,1,32,117,3,0,2,4,2,1,0,16,1,1,3,1,2,3,0,39,5,99,1,19,174,6,148,1,2,0,0,1,0,4,3,0,1,11,3,0,0,3,1,0,1,0,5,0
31,2,167,3,0,381,9,1,38,0,2,0,414,6,1,5,0,9,1,4,29,12,30,3,7,0,29,1,0,0,1,0,1,4,2,24,2,2,9,4,0,0,0,1,2,0,26,0
0,48,3,0,21,0,35,21,0,15,0,180,2,76,1,120,9,3,5,23,14,105,0,57,3,115,16,16,27,10,0,25,1,3,45,1,1,32,1,5,4,684,31,1684,1708,3,22,253
0,1,0,0,280,0,14,138,0,518,0,35,0,86,107,0,2,1,0,12,5,0,0,50,2,71,0,1,86,109,0,7,0,0,90,0,3,5,0,0,0,7,646,5,0,0,1,0
2039,0,10,0,0,8,4,0,9,0,13,0,7,0,0,0,0,28,0,0,0,0,28,1,0,0,1,0,0,0,6,0,5,2,1,8,12,0,0,7,3,0,0,0,0,1,8,0
2,0,117,0,1,2,0,1,2,0,95,2,6,0,1,3,0,8,0,0,3,2,0,10,1,37,83,0,0,0,3,18,5,5,12,0,381,193,115,14,0,57,0,1,0,1,8,3
16,0,16,4,0,7,5,2,142,0,2,0,57,1,1,1,0,5,0,2,13,4,192,1,2,0,45,0,0,0,0,0,0,4,0,9644,0,0,6,2,0,0,0,1,0,0,5,0
163,3,89,17,21,7,5,12,0,17,248,5,10,3,23,1,6,43,3,484,234,5,0,17,6,7,299,11,26,13,5,15,1,6,15,30,37,8,6,22,14,10,2,13,10,76,10,2
0,77,5,2,468,0,67,132,0,450,0,498,1,146,141,3,2,34,22,93,24,4,0,520,4,471,7,35,203,53,1,173,0,61,358,0,0,19,0,270,0,90,377,112,14,0,79,26
1,117,20,45,349,0,50,342,3,464,2,1080,0,224,242,21,4,31,20,262,55,61,6,1117,122,433,196,34,203,90,1,175,2,251,815,1,2,83,19,103,2,176,443,72,31,19,415,41
0,6,4,3,682,0,2,480,0,1272,0,28,0,1013,1610,1,0,290,1,9,170,3,0,41,15,241,4,0,15,3,0,18,0,5,746,2,0,0,1,23,0,20,226,8,3,0,0,5
0,0,7,0,0,5,0,4,0,0,47,1,0,0,0,0,0,1,0,1,0,0,0,222,0,6,1,0,0,0,199,8,10,1,0,0,0,0,0,568,48,2,0,0,0,49,1,0
33,1,106,0,0,28,0,0,0,0,1537,0,29,1,0,1,0,71,1,0,7,2,6,10,2,128,530,0,0,0,9,9,38,5,27,6,1109,17,78,47,5,118,0,1,1,42,11,2
121,0,111,26,0,25,1038,8,2660,1,37,0,2575,3,1,7,0,38,1,22,13,43,4965,13,74,6,48,2,0,0,99,0,15,1241,0,126,3,3,233,83,11,1,0,0,0,22,455,0
0,297,419,94,38,0,1,586,0,17,4,17,1,105,628,263,172,25,905,78,208,21,4,12,17,10,49,187,5,43,0,31,0,3,3,1,22,585,63,8,454,86,122,5,7,1,36,33
3,2,226,805,3,0,0,10,15,6,0,15,0,8,13,45,7,124,122,136,27,597,21,12,588,6,534,4,1,1,0,3,0,10,4,9,0,20,107,0,304,7,2,2,4,1,3,4
12,9,225,2009,1,1,2,36,86,11,0,34,5,232,32,27,4,130,31,293,32,1163,27,23,1976,29,542,4,6,1,0,17,0,88,4,1,17,18,116,13,26,12,8,11,9,9,3,2
1,0,8,352,1,0,0,20,25,6,0,5,0,4,9,9,0,1,2,41,10,121,2,0,531,0,101,0,0,0,0,1,0,65,5,0,0,1,4,1,3,0,0,3,2,0,0,0
0,41,7,0,3,0,9,2,0,2,0,12,2,4,2,10,195,0,524,47,13,0,0,20,0,2,1,386,16,35,3,506,2,0,1,0,10,140,0,0,8,19,9,4,5,0,50,46
0,271,0,0,29,0,0,89,0,1,0,0,0,0,1,0,147,0,4,0,3,1,0,1,0,0,0,16,1,10,0,9,0,0,0,0,3,13,0,0,1,8,66,0,0,0,2,8
218,1,548,0,5,2,3,2,0,2,277,1,2,1,0,0,6,74,8,0,1,0,3,5,1,0,20,7,7,0,5,5,2,0,77,4,599,7,4,7,8,8,0,0,0,3,86,3
0,363,4,32,17,0,15,45,1,20,0,225,2,197,8,1478,47,9,6,14,31,325,2,13,3,43,9,62,26,26,1,177,0,10,25,0,8,43,1,1,2,860,39,455,746,1,2,856
71,0,4,0,0,2314,0,0,0,0,26,0,2,0,0,0,0,0,0,0,0,0,0,3,0,0,0,0,0,0,98,0,2656,0,0,1,0,0,0,9,517,0,0,0,0,1767,2,0
4,0,2,0,0,5,0,0,0,0,2,0,1,0,0,0,0,0,0,18,0,0,0,1,0,0,1,0,0,0,1639,0,30,0,0,0,0,0,0,18,428,0,0,0,0,88,0,0
53,0,74,0,0,57,0,0,0,0,2079,3,15,0,0,0,2,90,1,0,1,0,8,45,0,5,18,0,1,0,49,8,69,12,29,13,21,3,1,575,33,17,1,1,1,28,226,0
364,0,4,0,0,51,1,0,29,0,32,0,1,0,0,0,0,54,0,0,0,0,99,2,0,1,1,0,0,0,2,0,25,4,0,2,1,1,2,9,1,0,0,0,0,8,47,0
0,43,4,1,9,0,4,23,0,4,0,44,0,2,0,5,23,1,41,20,4,1,0,45,0,29,1,13,7,6,1,15,0,0,15,0,0,32,0,3,1,25,34,6,2,0,52,16
0,9,22,10,64,0,6,10,0,115,0,243,0,26,76,69,18,9,57,181,50,6,0,220,8,487,17,7,6,2,0,163,1,2,403,0,0,31,0,17,5,24,13,27,13,0,10,26
323,2,13,184,0,6,1,1,44,0,19,9,12,4,17,173,2,608,13,94,28,12,48,24,2,2,30,0,0,1,1,4,3,60,4,1,5,3,151,8,5,1,0,3,3,6,12,1
0,527,21,7,7,0,0,47,0,3,0,7,1,135,51,100,31,6,39,21,1393,16,0,7,7,1,3,25,0,1,0,1,3,0,2,1,2,264,9,0,25,88,43,4,2,0,7,16
0,0,0,3,48,0,0,16,1,59,0,6,0,3,145,3,1,361,1,7,1,1,0,8,3,102,1,3,3,0,0,127,0,7,119,0,0,1,0,401,0,59,3,102,17,0,0,4
42,0,13,3,0,1073,0,260,2,0,15,2,2,0,0,1,0,35,0,4,0,0,2,10,0,0,1,0,0,0,66,0,635,0,0,2,0,1,0,11,187,1,0,0,0,1394,5,0
0,0,0,1,0,1,0,7,1,0,0,0,0,0,0,0,0,0,0,5,0,0,0,0,1,0,0,0,0,0,68,0,1,0,0,0,0,0,0,23,22,0,0,0,0,20,0,0
