0.5502,0.1929,0.1915,0.51705,0.25338,0.57809,0.32852,0.21008,0.49143,0.36062,0.42831,0.35065,0.71364,0.4245,0.50361,0.55431,0.29321,0.2358,0.2978,0.17549,0.57127,0.41989,0.8278,0.35292,0.49169,0.19302,0.18771,0.18908,0.42837,0.31451,0.58938,0.1945,0.7069,0.42932,0.28049,0.97047,0.35959,0.20688,0.64195,0.2017,0.20855,0.32581,0.21765,0.55506,0.58916,0.49974,0.20115,0.39102
0.44399
0,29,1,0,9,0,30,9,0,1,0,3,2,3,0,1,718,0,36,0,0,1,0,0,0,0,0,568,35,170,30,75,108,0,0,0,246,191,0,0,0,61,6,16,26,97,5,587
0,0,0,0,254,0,842,13,0,191,0,16,0,5,3,0,9,0,2,14,0,0,0,23,1,12,4,60,1187,908,9,117,0,13,3,1,56,19,0,0,0,9,211,5,2,0,1,7
6,105,19,2,27,5,79,47,12,6,6,54,29,6,4,2,258,6,60,34,9,11,9,62,2,2,23,398,101,218,19,298,4,4,22,8,55,147,22,5,3,34,117,5,10,2,160,38
0,340,3,0,4,0,0,36,0,0,0,1,11,58,0,14,877,0,376,2,55,43,0,0,2,0,0,387,6,20,11,49,76,0,0,0,51,275,1,0,3,15,8,22,17,1,5,169
0,2,0,0,0,0,27,0,0,6,0,0,0,2,0,1,46,0,6,3,0,0,0,0,0,0,0,231,76,113,10,102,0,1,0,0,30,60,0,0,1,3,1,1,1,0,0,6
5,153,92,12,15,0,22,72,4,10,0,195,23,9,6,12,126,8,328,202,49,31,6,180,12,11,47,214,52,49,3,230,0,7,17,2,17,224,15,4,32,82,83,27,25,1,627,45
0,11,0,0,184,0,30,203,0,15,0,3,0,2,0,0,442,0,0,9,2,1,0,2,0,0,0,113,113,609,21,10,5,0,0,0,218,61,0,0,0,18,275,2,0,0,6,35
3,7,60,0,0,0,0,0,0,0,15,0,0,1,1,6,3,20,7,0,1,1,0,12,0,0,5,3,0,0,0,11,0,0,25,3,65,1,1,2,0,1,0,1,0,1,39,0
45,1,129,60,0,6,60,44,2288,0,3,23,469,1,8,32,0,86,10,48,27,27,405,27,361,5,51,2,0,0,18,2,1,1643,3,38,29,2,2078,83,9,0,1,5,3,11,80,0
1,0,0,0,0,1,0,0,0,0,53,0,0,0,0,0,0,0,0,1,0,0,0,16,0,0,0,0,0,0,371,0,23,0,0,0,0,0,0,198,117,0,0,0,0,39,2,0
47,0,47,0,0,8,0,2,0,0,364,2,4,0,3,0,0,30,2,4,3,2,2,56,0,8,46,3,2,0,4,88,9,2,11,24,21,0,4,187,7,6,0,3,1,3,139,2
57,0,60,187,1,12,0,13,72,3,77,8,12,4,14,11,0,624,4,71,1,9,43,38,26,4,17,1,19,3,0,8,7,19,18,6,6,6,79,4,2,2,9,3,0,3,396,0
2,0,57,137,2,0,0,5,15,7,6,20,4,45,9,16,0,38,2,412,5,6,2,117,43,232,10,1,0,0,0,3,0,85,88,0,0,0,111,76,1,2,11,9,206,1,0,2
0,44,1,1,232,0,429,55,0,185,0,160,1,13,5,1,10,0,21,37,1,5,0,164,1,75,2,138,568,382,6,307,1,42,25,0,10,58,0,2,0,83,308,325,29,0,43,80
0,37,26,1,0,0,0,11,0,1,0,2,2,5,23,4,22,0,555,7,33,1,0,2,0,0,0,48,2,0,0,6,0,0,0,2,0,80,0,0,67,0,0,0,1,0,7,4
1,2,31,126,3,0,2,3,3,2,0,18,1,0,2,2,1,2,1,33,7,101,2,18,195,4,127,1,0,0,0,1,0,4,3,0,1,10,1,0,1,2,1,1,0,0,3,1
32,1,200,2,0,381,7,1,38,0,1,0,375,10,1,4,0,15,1,3,33,8,39,3,13,0,30,1,0,0,1,0,1,3,2,19,2,5,5,4,1,1,0,0,3,0,17,0
0,35,1,1,17,0,32,24,0,14,0,203,1,61,0,102,10,1,4,20,14,101,0,60,1,60,17,11,27,12,1,30,0,2,39,1,0,40,1,5,4,809,30,1608,1771,0,24,234
0,2,0,0,262,0,10,155,0,521,0,43,0,79,101,0,1,1,0,12,3,0,0,51,1,87,0,1,84,96,1,8,0,2,99,0,3,5,0,0,0,5,646,2,0,0,1,0
2033,0,10,0,0,6,2,0,6,0,13,0,1,0,0,0,0,40,0,0,0,0,35,0,0,0,1,0,0,0,7,0,3,1,0,7,12,0,0,11,3,0,0,0,0,4,6,0
3,1,148,0,0,2,0,0,2,0,110,1,4,0,0,2,0,9,0,0,2,1,0,7,1,18,108,0,0,0,3,13,3,2,8,0,437,138,85,12,2,49,2,1,0,4,9,5
15,0,14,2,0,6,3,0,140,0,2,1,60,1,1,2,0,9,0,1,14,2,230,0,1,0,61,0,0,0,0,0,0,3,1,9596,1,2,7,2,0,0,0,0,0,0,3,0
152,6,96,16,21,5,6,7,0,14,146,10,10,5,23,4,3,43,5,514,227,2,0,17,5,4,441,13,21,15,4,9,1,4,13,26,37,8,5,22,13,7,2,10,9,47,9,3
0,71,6,3,446,0,85,147,0,466,0,503,1,151,149,3,1,33,22,133,18,4,0,511,2,477,1,42,187,68,0,165,0,66,339,0,0,12,0,251,0,80,340,139,19,0,77,24
1,118,22,44,321,0,58,357,5,516,3,1053,0,237,256,39,1,29,24,396,28,64,4,1141,103,422,146,44,190,93,1,150,1,269,806,1,3,60,6,94,2,164,420,77,42,8,398,28
0,7,1,1,693,0,3,460,0,1229,0,27,0,1012,1606,2,0,252,2,11,159,3,1,34,13,292,4,0,18,4,0,10,0,3,867,2,0,0,1,23,0,21,175,8,3,0,0,3
0,0,6,0,0,4,0,4,0,0,60,1,0,0,0,0,0,2,0,3,0,0,0,224,0,2,1,0,0,0,196,6,8,0,0,0,0,0,0,555,55,1,0,3,0,48,2,0
32,1,116,0,0,32,0,0,0,0,1543,0,38,0,2,0,0,42,2,2,3,3,6,16,1,126,568,1,0,0,10,3,31,3,13,11,1132,14,58,44,5,101,0,0,2,40,17,0
124,0,71,22,0,22,783,7,2694,0,26,0,2699,2,2,6,0,62,1,23,13,20,4966,17,79,5,49,0,0,0,73,0,14,1458,1,100,14,4,245,106,11,0,0,0,0,13,398,0
5,289,447,76,45,0,2,596,0,17,0,12,1,106,628,263,106,31,961,79,235,22,5,9,18,14,49,177,5,41,2,35,1,3,7,1,20,517,58,6,450,78,151,1,11,1,52,33
4,5,247,764,1,0,0,4,8,6,0,16,0,6,16,47,3,36,109,143,22,682,19,8,649,3,514,2,1,1,0,6,0,7,6,9,2,14,132,1,294,4,6,1,3,0,7,3
16,10,231,2092,3,1,2,22,101,11,0,30,5,218,31,40,0,62,28,269,33,1182,34,21,2012,26,463,9,8,2,0,21,0,63,23,1,18,15,135,20,24,9,11,11,13,5,4,2
1,0,14,358,2,0,1,6,27,6,0,8,0,6,9,13,0,4,3,28,12,135,0,0,526,0,90,0,0,0,0,0,0,60,4,3,0,1,7,1,2,0,1,5,1,0,0,0
0,47,15,0,3,0,8,6,0,1,0,14,1,3,1,6,182,0,484,41,13,0,0,15,0,3,0,406,16,33,3,523,2,1,0,0,4,174,2,0,7,13,9,5,3,0,57,35
0,350,0,0,23,0,0,131,0,1,0,0,0,0,0,0,47,0,3,2,2,0,0,1,0,0,0,21,2,9,0,10,0,0,0,0,4,16,0,0,1,5,43,0,1,0,2,10
224,2,559,0,4,1,3,4,0,3,274,0,3,0,3,0,2,43,9,0,1,0,2,19,1,3,25,3,7,1,4,1,1,0,22,6,608,7,1,13,7,6,1,0,0,4,128,7
1,356,6,13,25,0,21,43,0,18,0,264,2,158,6,1383,69,15,9,18,27,318,2,15,3,33,9,58,27,30,1,166,0,6,41,0,7,51,3,6,3,909,34,421,765,0,2,906
75,0,6,0,0,2269,0,0,0,0,33,0,0,0,0,0,0,0,0,0,0,0,0,0,0,0,0,0,0,0,99,0,2612,0,0,1,0,0,0,9,454,0,0,0,0,1909,3,0
5,0,0,0,0,4,0,0,0,0,2,0,1,0,0,0,0,0,0,11,0,0,0,1,0,0,0,0,0,0,1599,0,29,0,0,0,0,0,0,18,478,0,0,0,0,89,0,0
60,0,87,0,0,54,0,0,0,0,2091,2,11,0,0,0,1,42,0,0,0,0,14,33,0,1,50,3,1,0,60,5,64,2,20,17,27,4,0,571,28,13,0,1,1,29,247,0
357,0,5,0,0,44,0,0,22,0,32,0,2,0,0,0,0,58,0,0,0,0,116,1,0,1,1,0,0,0,2,0,28,2,0,1,2,0,2,8,1,0,0,0,0,8,48,0
0,44,3,0,8,0,8,26,0,2,0,41,0,1,0,5,22,0,44,28,4,1,0,50,1,27,1,10,7,5,1,14,0,0,14,0,1,25,0,3,3,24,28,6,4,0,56,15
0,13,20,10,63,0,7,12,0,106,0,249,0,43,77,120,7,7,59,178,44,6,1,225,8,492,15,14,6,3,0,95,1,1,414,0,0,32,0,14,5,25,12,32,17,0,8,12
343,3,23,102,0,1,0,0,40,0,4,7,8,3,15,235,1,627,5,104,30,5,53,20,3,1,44,0,1,2,1,2,4,41,5,0,7,4,163,8,4,1,0,2,1,8,11,1
0,500,26,5,11,0,1,54,0,2,0,5,1,119,34,115,23,7,42,18,1507,14,0,5,6,0,2,16,0,0,0,2,5,0,13,0,1,217,8,0,18,89,22,2,3,0,13,17
0,0,1,3,56,0,0,11,1,48,0,7,0,9,150,1,0,338,0,7,1,3,0,7,1,99,2,4,2,0,0,108,0,4,119,0,0,0,1,419,0,58,3,137,13,0,0,3
45,0,12,5,0,1060,0,241,4,0,18,1,0,0,0,1,0,37,0,5,0,0,2,5,0,0,2,0,0,0,74,0,651,1,0,2,1,0,0,17,152,0,1,0,0,1425,5,0
0,0,0,1,0,1,0,6,0,0,0,0,0,0,0,0,0,0,0,3,0,0,1,0,1,0,0,0,0,0,68,0,1,0,0,0,0,0,0,27,22,0,0,0,0,19,0,0
