0.54572,0.19393,0.19178,0.51023,0.24526,0.58031,0.32779,0.2121,0.4918,0.36393,0.43428,0.35463,0.71543,0.42658,0.50405,0.56028,0.299,0.22895,0.29185,0.17448,0.56927,0.41752,0.82688,0.35033,0.49156,0.19176,0.19416,0.19215,0.42873,0.31213,0.59659,0.19241,0.70478,0.4238,0.27665,0.96983,0.35914,0.20882,0.62974,0.20741,0.20432,0.32275,0.21673,0.56064,0.58706,0.49857,0.20159,0.38422
0.44358
0,28,0,0,9,0,31,6,0,1,0,1,2,3,0,1,708,0,35,0,0,1,0,0,0,0,0,578,37,169,30,76,110,0,0,0,259,177,0,0,0,65,5,16,27,96,6,587
0,0,0,0,271,0,847,14,0,199,0,18,0,3,2,0,8,0,2,15,0,0,0,19,1,13,4,56,1188,888,9,109,0,13,5,1,56,21,0,0,0,11,208,5,2,0,1,8
6,110,13,1,33,5,77,45,12,3,6,52,28,6,4,2,251,6,59,34,8,9,10,62,1,2,23,401,100,212,20,298,5,8,24,9,60,147,23,5,3,37,118,5,9,3,159,41
0,329,2,0,7,0,0,33,0,0,0,0,11,60,0,15,897,0,359,2,60,47,0,0,2,0,0,395,6,22,11,49,74,0,0,0,55,258,0,0,4,15,7,21,17,1,5,174
0,2,0,0,1,0,28,0,0,5,0,1,0,2,0,1,50,0,6,3,0,0,0,0,0,0,0,231,74,110,10,102,0,1,0,0,34,56,0,0,1,2,1,1,1,0,0,6
3,164,93,13,18,0,22,75,5,11,0,170,27,8,6,12,123,8,324,203,54,32,5,180,17,9,45,199,50,47,3,228,0,8,19,2,17,225,15,5,34,87,82,26,33,2,632,45
0,12,0,0,192,0,31,195,0,15,0,3,0,3,0,0,429,0,0,7,2,2,0,2,0,0,0,114,116,611,21,10,6,0,0,0,219,59,0,0,0,17,282,2,0,0,6,34
3,5,66,0,1,0,0,0,0,0,12,0,0,1,0,6,0,27,6,0,1,2,0,13,0,0,10,5,0,0,1,14,0,0,26,1,54,1,1,2,0,2,0,1,1,1,32,0
43,1,120,60,0,4,67,56,2300,0,7,22,472,3,9,38,0,78,13,54,22,33,413,25,381,6,49,2,0,0,21,1,2,1638,2,38,31,2,2024,76,8,0,1,5,4,12,81,0
1,0,0,0,0,1,0,0,0,0,56,0,0,0,0,0,0,0,0,1,0,0,0,15,0,0,0,0,0,0,356,0,24,0,0,0,0,0,0,208,117,0,0,0,0,42,1,0
49,0,45,0,0,8,0,1,0,0,346,1,3,0,2,0,0,41,1,2,4,1,2,56,0,11,48,1,2,0,5,83,8,1,8,23,20,2,4,199,9,6,1,4,1,4,138,6
63,0,59,181,1,11,0,8,71,3,73,8,12,4,12,13,0,620,2,71,2,9,46,41,29,5,16,1,24,3,0,9,6,21,22,8,4,6,84,5,4,1,7,2,0,4,388,0
2,0,49,140,2,0,1,7,16,6,5,21,2,45,12,12,0,29,2,415,5,7,3,123,38,230,10,2,0,0,0,5,0,89,91,0,0,0,117,59,0,3,13,12,210,4,0,1
0,42,0,1,241,0,428,54,0,184,0,154,1,12,5,2,9,0,21,30,1,5,0,166,1,90,2,141,567,382,7,297,1,45,33,0,13,58,0,2,0,84,313,310,27,0,43,78
0,35,27,1,0,0,0,9,0,0,0,0,2,5,22,4,26,0,550,7,32,2,0,2,0,0,0,50,2,0,0,6,0,0,0,2,0,84,0,0,69,0,0,0,1,0,7,4
1,1,29,123,3,0,2,2,1,2,0,19,1,0,3,2,1,3,1,31,7,105,1,17,188,4,132,1,1,0,0,1,0,4,3,1,1,13,3,0,0,3,1,1,1,0,4,0
36,1,200,4,0,379,6,1,38,0,2,0,370,9,1,4,0,14,2,3,34,9,37,2,12,0,28,1,0,1,1,0,1,3,2,22,2,2,7,4,1,1,0,0,3,0,20,0
0,36,1,1,17,0,30,25,0,14,0,198,1,57,0,108,11,1,4,26,14,103,0,65,1,72,16,10,24,11,1,29,0,4,41,1,1,35,1,4,4,803,32,1618,1733,1,21,253
0,1,0,0,268,0,10,149,0,520,0,46,0,82,101,0,2,1,0,11,3,0,0,49,2,88,0,0,83,96,1,8,0,1,97,0,3,5,0,0,0,7,645,2,0,0,1,0
2035,0,11,0,0,5,4,0,6,0,14,0,1,0,0,0,0,37,0,0,0,0,33,0,0,0,1,0,0,0,6,0,3,1,0,8,11,0,0,11,2,0,0,0,0,4,8,0
3,1,147,0,1,2,0,1,2,0,105,1,3,0,0,2,0,9,0,0,2,1,0,6,1,21,99,0,0,0,3,15,3,3,8,0,432,145,91,15,2,50,1,1,0,2,9,5
16,0,14,2,0,6,3,1,136,0,2,1,59,0,1,2,0,7,0,1,15,2,223,0,1,0,59,0,0,0,0,0,0,3,0,9611,0,1,9,2,0,0,0,0,0,0,3,0
154,7,88,14,24,5,7,9,0,13,147,8,7,5,21,3,3,47,6,506,231,3,0,16,6,6,444,11,24,13,5,8,1,7,13,24,36,6,6,21,15,8,2,11,12,45,10,2
0,70,5,3,454,0,87,137,0,441,0,508,1,148,151,3,1,38,21,124,17,4,0,511,3,498,2,41,185,67,0,167,0,73,338,0,0,13,0,252,0,85,344,133,16,0,77,24
2,120,26,49,326,0,61,361,7,507,1,1049,0,228,254,34,2,34,26,358,33,53,7,1127,117,436,138,34,187,84,1,154,1,279,815,1,2,65,7,90,2,172,414,78,41,9,425,28
0,6,3,2,686,0,2,460,1,1225,0,27,0,1008,1619,3,0,262,1,13,161,2,0,38,14,284,4,0,16,3,0,12,0,2,859,2,0,0,1,24,0,19,177,8,3,0,0,3
0,0,6,0,0,5,0,4,0,0,58,2,0,0,0,0,0,2,0,3,0,0,0,218,0,2,0,0,0,0,197,7,8,0,0,0,0,0,0,559,55,0,0,3,0,51,1,0
32,1,111,0,0,34,0,0,0,0,1504,0,33,0,0,0,0,48,2,0,3,2,6,14,1,125,592,0,0,0,10,3,29,3,11,12,1141,15,62,48,5,109,0,0,2,37,22,1
128,0,64,23,0,17,789,8,2698,0,38,0,2690,3,2,6,0,63,1,28,14,23,4953,12,79,4,51,0,0,0,78,0,16,1456,0,97,8,3,244,101,8,0,0,0,1,14,410,0
5,279,444,82,47,0,2,596,0,15,0,12,1,109,631,267,117,30,931,77,228,28,5,9,14,13,47,184,4,40,2,35,1,3,8,1,23,516,70,6,450,84,150,4,10,1,56,29
4,2,252,800,2,0,1,3,10,5,0,14,1,7,16,47,3,40,124,137,22,678,17,6,622,3,508,4,1,1,0,4,0,8,6,10,0,18,126,1,286,4,4,1,2,0,7,4
15,7,235,2094,2,1,3,22,90,9,0,32,6,218,36,37,1,62,29,279,33,1187,40,20,2009,26,474,4,6,1,1,20,0,64,21,2,19,19,124,14,27,6,8,12,14,3,3,2
1,0,12,361,2,0,1,8,25,6,0,9,0,4,11,12,0,3,3,30,12,137,1,0,524,0,88,0,0,0,0,0,0,56,3,4,1,1,7,2,3,0,0,5,2,0,0,0
0,49,14,0,3,0,8,5,0,1,0,15,1,4,1,6,186,0,489,44,13,1,0,16,0,3,0,408,15,36,3,517,2,1,0,0,4,159,1,0,9,13,8,4,4,0,55,38
0,343,0,0,23,0,0,121,0,1,0,0,0,0,1,0,58,0,3,2,2,0,0,1,0,0,0,22,2,10,0,10,0,0,0,0,3,14,0,0,1,6,49,0,1,0,2,9
238,2,546,0,3,1,4,2,0,0,251,0,2,0,0,0,1,62,9,0,1,0,2,19,1,7,39,6,8,0,3,2,2,0,24,6,616,3,2,10,5,8,0,0,0,3,119,5
0,357,5,17,28,0,19,50,2,17,0,256,2,164,6,1422,56,14,10,17,23,323,2,10,2,35,11,57,29,29,1,167,0,8,36,0,8,57,1,3,2,915,39,417,735,1,1,896
74,0,6,0,0,2269,0,0,0,0,33,0,0,0,0,0,0,0,0,1,0,0,0,0,0,0,0,0,0,0,88,0,2626,0,0,1,0,0,0,11,448,0,0,0,0,1911,2,0
5,0,0,0,0,4,0,0,0,0,2,0,1,0,0,0,0,0,0,11,0,0,0,1,0,0,0,0,0,0,1609,0,30,0,0,0,0,0,0,18,463,0,0,0,0,93,0,0
61,0,74,0,0,49,0,0,0,0,2085,2,10,0,0,0,0,50,1,0,1,0,14,40,0,1,48,4,2,0,50,3,63,1,21,19,33,3,0,588,28,14,0,0,2,30,242,0
361,0,4,0,0,44,0,0,20,0,30,0,2,0,0,0,0,61,0,1,0,0,114,1,0,0,1,0,0,0,3,0,26,3,0,1,3,0,3,10,1,0,0,0,0,7,45,0
0,42,4,0,9,0,7,26,0,3,0,38,0,2,0,6,21,0,41,26,4,1,0,50,1,28,1,10,6,5,1,15,0,0,14,0,1,28,0,3,4,24,29,7,3,0,56,16
0,14,18,10,60,0,6,11,0,110,0,250,0,36,80,119,7,10,57,185,45,5,1,228,7,482,13,11,7,3,0,101,1,4,418,0,0,28,0,13,5,24,12,34,14,0,9,15
345,3,14,110,0,2,0,0,39,0,4,7,7,3,16,231,1,607,6,110,28,7,53,18,3,1,41,0,1,1,1,4,3,48,4,1,6,5,174,8,5,0,0,3,4,8,10,1
0,498,24,5,13,0,0,50,0,2,0,5,1,115,37,116,28,8,42,20,1504,15,0,4,6,0,3,20,0,0,0,2,6,0,10,0,0,221,7,0,16,92,20,3,4,0,13,13
0,0,1,3,50,0,0,12,1,48,0,7,0,6,150,1,0,348,1,4,1,3,0,9,2,92,1,4,4,0,0,116,0,6,123,0,0,0,0,415,0,58,3,131,12,0,0,4
43,0,15,3,0,1057,0,237,5,0,20,1,0,0,0,1,0,38,0,4,0,1,2,6,0,0,1,0,0,0,70,0,667,0,0,2,1,0,0,18,146,0,0,0,0,1424,5,0
0,0,0,1,0,1,0,6,1,0,0,0,0,0,0,0,0,0,0,4,0,0,0,0,1,0,0,0,0,0,68,0,1,0,0,0,0,0,0,23,24,0,0,0,0,20,0,0
