0.5469,0.19347,0.19102,0.51343,0.25018,0.57893,0.33177,0.21032,0.49245,0.36,0.42975,0.35598,0.7147,0.42707,0.50234,0.55613,0.29625,0.23654,0.29654,0.17621,0.5703,0.41693,0.82774,0.34792,0.49294,0.19139,0.18654,0.19195,0.42982,0.3166,0.59004,0.19381,0.70688,0.42516,0.28092,0.97174,0.36309,0.20775,0.63935,0.2036,0.2092,0.32738,0.21745,0.55709,0.58908,0.49909,0.19892,0.38607
0.44415
0,28,1,0,9,0,31,9,0,1,0,2,2,3,0,1,717,0,37,0,0,1,0,0,0,0,0,577,35,165,29,72,107,0,0,0,247,186,0,0,0,63,5,18,27,96,4,591
0,0,0,0,260,0,850,13,0,194,0,18,0,4,3,0,9,0,2,15,0,0,0,21,1,12,4,59,1179,902,9,115,0,12,3,1,57,19,0,0,0,10,210,5,2,0,1,7
7,109,16,1,31,5,78,49,11,6,6,51,31,6,1,3,250,5,59,37,8,10,10,64,2,3,25,404,100,208,20,299,4,7,20,8,52,149,22,5,3,31,118,6,10,3,162,40
0,337,3,0,4,0,0,35,0,0,0,1,11,59,0,14,884,0,375,1,55,46,0,0,2,0,0,382,6,20,11,49,75,0,0,0,50,277,0,0,4,15,8,22,17,1,5,169
0,2,0,0,1,0,28,0,0,6,0,0,0,2,0,1,46,0,7,3,0,0,0,0,0,0,0,231,75,111,10,101,0,1,0,0,33,58,0,0,1,3,1,1,1,0,0,6
4,160,89,12,15,0,22,77,4,11,0,186,25,9,5,9,122,11,331,204,52,32,5,180,12,10,48,205,48,45,3,221,0,7,19,2,16,222,16,5,32,89,85,25,30,2,627,52
0,11,0,0,186,0,31,206,0,14,0,3,0,2,0,0,438,0,0,9,2,1,0,2,0,0,0,113,113,609,21,11,5,0,0,0,216,62,0,0,0,16,275,2,0,0,7,35
4,3,64,0,1,0,0,0,1,0,18,0,0,1,0,6,0,20,7,0,2,3,0,14,0,0,8,4,0,0,0,12,0,0,26,1,59,0,1,3,0,1,0,0,1,1,34,0
41,1,133,65,0,6,64,45,2289,0,5,23,468,2,9,27,0,79,10,48,30,32,407,28,358,6,55,2,0,0,16,2,2,1636,2,37,29,1,2060,91,9,0,1,5,4,12,84,0
1,0,0,0,0,1,0,0,0,0,53,0,0,0,0,0,0,0,0,1,0,0,0,19,0,0,0,0,0,0,367,0,24,0,0,0,0,0,0,200,115,0,0,0,0,39,2,0
53,0,45,0,0,8,0,1,0,0,364,1,3,0,3,0,0,31,1,3,3,2,2,53,0,9,54,2,2,0,3,88,9,2,10,20,20,1,4,186,8,6,1,3,1,4,137,3
58,0,66,186,1,12,0,11,71,3,81,9,12,4,14,11,0,612,3,66,1,8,43,39,29,5,16,2,19,1,0,10,5,19,23,7,5,6,78,4,3,3,10,1,0,3,399,0
3,0,56,132,2,0,0,7,19,5,6,22,3,46,12,15,0,35,2,405,4,5,1,122,50,236,10,1,0,0,0,4,0,86,92,0,0,0,111,66,1,3,9,6,207,3,0,1
0,42,0,0,236,0,433,54,0,186,0,160,1,13,5,2,9,0,19,31,1,4,0,171,1,80,1,143,564,380,6,307,1,43,24,0,10,58,0,2,0,80,309,324,28,0,43,79
0,37,25,1,0,0,0,10,0,1,0,2,2,5,23,4,22,0,558,7,34,1,0,2,0,0,0,48,2,0,0,5,0,0,0,2,0,79,0,0,67,0,0,0,1,0,8,3
0,2,31,125,3,0,2,2,1,2,0,19,1,0,2,1,1,3,1,34,8,103,2,18,194,4,129,2,2,0,0,1,0,4,3,0,1,8,1,0,0,2,1,0,0,0,3,1
35,1,198,3,0,381,6,1,36,0,0,0,373,9,1,5,0,13,2,3,34,8,37,4,11,0,34,1,0,0,1,0,0,3,2,19,1,3,8,7,2,1,0,0,1,0,19,0
0,35,1,2,17,0,31,23,0,13,0,201,1,59,0,104,9,1,4,23,14,101,0,61,1,63,16,13,26,12,1,29,0,3,40,1,0,40,1,5,4,804,32,1610,1769,0,21,237
0,2,0,0,263,0,9,155,0,523,0,44,0,79,101,0,1,1,0,11,3,0,0,47,1,89,0,1,86,94,1,8,0,1,97,0,3,5,0,0,0,6,648,2,0,0,1,0
2035,0,10,0,0,5,2,0,6,0,13,0,2,0,0,0,0,38,0,0,0,0,35,0,0,0,2,0,0,0,7,0,3,0,0,9,12,0,0,10,3,0,0,0,0,3,6,0
2,1,139,0,0,2,0,0,2,0,109,2,3,0,0,2,0,8,0,0,3,1,0,8,1,17,109,0,0,0,3,12,4,3,7,0,439,141,87,16,1,51,1,1,1,3,9,4
16,0,14,2,0,6,3,0,143,0,1,1,63,0,1,2,0,8,0,1,15,1,226,0,1,0,64,0,0,0,0,0,0,3,1,9593,1,1,7,2,0,1,0,0,0,0,3,0
155,7,91,16,24,5,8,9,0,12,145,9,9,4,23,3,3,41,7,508,229,3,0,18,6,5,443,8,25,14,4,9,1,6,15,25,38,5,5,21,14,6,2,9,10,48,9,3
0,71,5,3,443,0,80,145,0,465,0,514,1,151,145,4,0,35,21,126,17,4,0,509,2,480,2,42,183,67,0,170,0,69,337,0,0,12,0,251,0,83,345,142,17,0,77,24
2,120,23,45,318,0,61,350,7,513,3,1074,0,230,266,39,3,29,24,380,28,68,8,1121,108,418,144,40,182,94,1,158,1,281,807,1,2,60,6,89,2,166,410,79,41,10,405,28
0,6,2,1,686,0,2,461,0,1224,0,27,0,1013,1613,2,0,260,2,12,161,3,1,35,12,286,4,0,16,4,0,10,0,3,870,2,0,0,1,24,0,19,174,9,3,0,0,2
0,0,5,0,0,5,0,4,0,0,60,2,0,0,0,0,0,1,0,3,1,0,0,223,0,2,1,0,0,0,198,6,7,0,0,0,0,0,0,553,57,0,0,3,0,48,2,0
32,0,116,0,0,31,0,0,0,0,1528,0,34,0,1,0,0,42,1,0,4,2,6,16,1,127,571,0,0,0,10,3,33,3,13,10,1147,14,57,47,4,98,0,0,2,37,26,2
128,0,68,25,0,23,771,7,2708,0,24,0,2708,2,2,6,0,56,1,20,14,19,4954,15,78,4,53,0,0,0,75,0,14,1458,1,91,15,4,250,109,10,0,0,0,1,16,400,0
5,283,451,82,41,0,2,595,0,17,0,12,0,107,630,261,109,33,959,78,234,24,6,9,16,14,46,180,2,37,2,32,1,3,8,1,23,515,59,5,441,81,154,3,11,1,60,33
4,2,246,774,2,0,0,3,10,5,0,16,1,7,15,49,2,35,111,137,25,686,21,7,647,4,513,4,1,1,0,4,0,5,6,9,0,13,133,1,287,4,7,1,4,0,7,2
19,9,233,2083,3,1,2,20,99,14,0,33,6,214,32,38,0,60,28,268,31,1187,37,24,2026,24,470,10,7,4,0,18,0,67,23,2,17,17,122,20,23,9,9,7,11,3,4,3
1,0,16,363,2,0,0,7,24,5,0,8,0,6,10,14,0,4,2,26,11,136,1,0,525,0,88,0,0,0,0,0,0,62,3,3,0,2,5,1,3,0,0,5,1,0,0,0
0,48,14,0,3,0,7,6,0,1,0,14,1,3,1,6,183,0,487,44,12,1,0,16,0,3,0,405,16,34,3,520,2,1,0,0,4,169,2,0,7,13,9,4,3,0,57,37
0,347,0,0,23,0,0,128,0,1,0,0,0,0,0,0,50,0,3,2,2,0,0,1,0,0,0,22,2,9,0,10,0,0,0,0,4,16,0,0,1,5,45,0,1,0,2,10
226,3,553,0,3,3,3,3,0,3,269,0,3,0,2,0,2,47,9,0,1,0,2,16,1,6,28,6,6,0,3,1,1,0,23,5,611,3,2,10,7,9,0,0,1,3,132,6
1,350,6,14,27,0,21,50,0,20,0,254,1,162,7,1392,69,16,10,18,26,323,2,13,3,34,9,56,30,28,1,165,0,5,36,0,8,54,3,3,3,917,39,413,762,0,1,898
72,0,6,0,0,2270,0,0,0,0,32,0,0,0,0,0,0,0,0,0,0,0,0,0,0,0,0,0,0,0,99,0,2619,0,0,1,0,0,0,7,447,0,0,0,0,1915,2,0
5,0,0,0,0,4,0,0,0,0,2,0,1,0,0,0,0,0,0,11,0,0,0,1,0,0,0,0,0,0,1599,0,28,0,0,0,0,0,0,20,473,0,0,0,0,93,0,0
63,0,79,0,0,51,0,0,0,0,2086,2,12,0,0,0,1,39,0,0,0,0,13,35,0,1,50,3,1,0,61,5,64,1,24,18,27,3,0,577,27,12,0,0,1,31,252,0
365,0,5,0,0,43,0,0,22,0,27,0,2,0,0,0,0,58,0,0,0,0,113,1,0,1,1,0,0,0,2,0,25,3,0,1,3,0,2,8,1,0,0,0,0,9,49,0
0,43,4,0,8,0,7,26,0,2,0,41,0,2,0,5,22,0,42,26,4,1,0,50,1,28,1,10,6,5,1,14,0,0,14,0,1,26,0,3,3,24,32,6,4,0,55,15
0,13,19,11,60,0,7,12,0,107,0,247,0,42,77,124,7,8,59,182,44,6,1,224,8,489,15,10,6,3,0,99,1,1,414,0,0,30,0,14,5,24,12,35,15,0,8,14
340,3,21,98,0,1,0,0,41,0,4,6,8,3,15,236,1,624,8,108,29,5,49,19,4,1,43,0,1,2,1,2,1,46,3,1,6,4,170,9,4,1,1,2,1,10,10,1
0,498,27,6,12,0,1,50,0,2,0,5,1,117,34,115,24,6,41,18,1517,17,0,4,6,0,1,16,0,0,0,2,5,0,12,0,1,216,8,0,18,87,22,2,3,0,13,16
0,0,1,3,58,0,0,12,1,44,0,7,0,6,158,1,0,342,1,5,1,3,0,7,1,94,1,4,2,0,0,109,0,3,119,0,0,0,1,416,0,58,4,139,11,0,0,4
44,0,13,3,0,1057,0,237,4,0,18,1,0,0,0,1,0,37,0,5,0,0,2,5,0,0,2,0,0,0,75,0,662,1,0,2,1,0,0,18,149,0,1,0,0,1423,6,0
0,0,0,1,0,1,0,6,0,0,0,0,0,0,0,0,0,0,0,4,0,0,1,0,1,0,0,0,0,0,67,0,1,0,0,0,0,0,0,26,22,0,0,0,0,20,0,0
