0.5457,0.19401,0.18984,0.51634,0.25515,0.57795,0.32658,0.20883,0.49106,0.36223,0.42775,0.35753,0.71417,0.42219,0.50202,0.55233,0.29521,0.23523,0.2978,0.1753,0.56723,0.41736,0.82876,0.35314,0.49462,0.19702,0.18795,0.19046,0.43128,0.31595,0.58813,0.19444,0.7079,0.42891,0.28428,0.97153,0.35782,0.20636,0.64334,0.20393,0.20894,0.33119,0.21638,0.55103,0.5874,0.49843,0.19923,0.39081
0.44414
0,29,1,0,9,0,30,9,0,1,0,3,2,2,0,1,716,0,38,0,0,1,0,0,0,0,0,571,36,167,30,76,107,0,0,0,245,190,0,0,0,61,8,18,27,97,5,584
0,0,0,0,250,0,838,14,0,189,0,18,0,5,3,0,9,0,2,17,0,0,0,23,1,12,4,60,1183,915,9,118,0,11,3,0,57,22,0,0,0,10,208,5,2,0,1,8
7,102,16,2,28,6,81,46,12,4,5,55,33,7,2,2,252,5,59,38,8,12,7,62,2,1,22,399,96,214,21,304,3,5,20,9,57,149,20,5,3,33,119,5,14,4,163,36
0,343,2,0,4,0,0,37,0,0,0,1,11,59,0,15,875,0,381,2,54,44,0,0,2,0,0,381,6,20,11,47,75,0,0,0,52,275,0,0,3,15,8,23,17,1,4,170
0,2,0,0,0,0,28,0,0,6,0,0,0,2,0,1,46,0,7,3,0,0,0,0,0,0,0,232,75,111,10,102,0,1,0,0,30,60,0,0,1,3,1,1,1,0,0,6
8,158,88,9,16,0,24,72,4,12,0,194,24,10,5,16,127,10,327,201,49,36,6,177,13,10,40,209,44,47,3,227,0,7,17,2,17,228,15,4,33,85,83,30,26,1,624,48
0,11,0,0,179,0,28,205,0,15,0,3,0,2,0,0,440,0,0,9,2,1,0,2,0,0,0,114,114,617,21,10,5,0,0,0,219,61,0,0,0,16,274,2,0,0,6,34
3,4,57,0,2,0,0,0,0,0,21,0,0,1,1,6,1,20,7,0,1,2,0,14,0,0,6,3,0,0,0,10,0,0,22,2,64,1,1,2,0,2,1,1,1,2,37,0
39,1,130,61,0,5,62,46,2284,0,3,26,473,1,8,33,0,84,9,49,28,31,411,25,353,4,47,2,0,0,16,2,2,1650,2,39,31,1,2078,82,7,0,0,6,3,12,78,0
1,0,0,0,0,1,0,0,0,0,54,0,0,0,0,0,0,0,0,1,0,0,0,15,0,0,0,0,0,0,368,0,23,0,0,0,0,0,0,200,118,0,0,0,0,39,2,0
49,0,47,0,0,5,0,2,0,0,357,3,2,0,4,0,0,34,3,7,5,2,2,54,0,8,47,2,1,0,3,84,11,2,7,21,19,0,4,192,11,6,0,3,0,3,142,4
55,0,63,187,2,12,0,10,70,3,77,8,14,4,16,15,0,629,1,63,2,8,41,37,29,5,19,1,21,1,0,9,7,19,19,8,7,2,79,4,4,2,7,1,0,2,396,0
3,0,59,139,2,0,0,5,16,6,5,18,3,40,11,13,0,33,2,411,3,8,3,119,40,230,12,1,0,0,0,3,0,86,85,0,0,0,113,76,1,2,10,10,216,3,0,1
0,43,0,0,225,0,434,56,0,180,0,159,1,14,6,1,8,0,20,35,1,7,0,168,1,73,1,143,568,390,7,311,1,38,26,0,10,57,0,2,0,80,304,331,28,0,43,78
0,36,24,1,0,0,0,10,0,1,0,2,2,4,22,4,23,0,551,7,36,1,0,2,0,0,0,46,2,0,0,6,0,0,0,2,0,85,0,0,70,0,1,0,1,0,7,3
0,1,30,125,3,0,2,3,2,2,0,18,1,0,2,2,1,3,1,31,7,107,1,18,190,4,129,2,0,0,0,1,0,4,3,0,1,14,1,0,0,2,1,1,0,0,4,0
34,1,201,3,0,380,7,1,40,0,0,0,367,8,1,4,0,17,0,3,37,8,36,3,13,0,31,1,0,1,1,0,1,3,2,20,2,3,5,5,2,1,0,0,2,0,19,0
0,33,1,1,17,0,32,22,0,11,0,199,1,59,0,105,9,1,4,20,14,101,1,63,1,62,15,11,29,13,1,32,0,1,39,1,0,40,1,4,4,809,31,1598,1781,1,22,238
0,2,0,0,263,0,12,156,0,520,0,42,0,82,97,0,2,1,0,12,3,0,0,48,1,89,0,1,87,97,1,9,0,0,98,0,3,5,0,0,0,5,642,3,0,0,1,0
2030,0,10,0,0,7,1,0,6,0,12,0,2,0,0,0,0,42,0,0,0,0,36,0,0,0,1,0,0,0,6,0,3,2,0,8,11,0,0,11,2,0,0,0,0,5,6,0
3,1,140,0,1,2,0,0,2,0,115,2,4,0,0,2,0,8,0,0,3,1,0,7,1,18,105,0,0,0,3,12,3,2,9,0,441,139,89,14,1,46,1,1,0,4,7,5
15,0,13,2,0,6,3,0,141,0,2,1,59,1,1,2,0,9,0,1,15,2,235,0,1,0,63,0,0,0,0,0,0,3,1,9589,1,2,7,2,0,0,0,0,0,0,3,0
154,7,93,15,21,5,7,7,0,12,140,7,11,5,23,4,3,46,4,511,236,2,0,17,6,5,438,12,24,13,4,8,1,5,12,25,38,10,5,21,13,6,2,9,12,45,13,3
0,72,5,2,445,0,81,150,0,456,0,504,1,154,146,4,1,35,20,130,17,4,0,511,2,481,2,45,180,65,0,168,0,66,346,0,1,13,0,252,0,81,341,143,19,0,76,23
1,114,21,39,311,0,67,351,4,515,2,1069,1,249,259,37,2,30,24,396,28,71,6,1135,102,409,153,38,181,98,2,158,1,267,807,1,3,60,6,98,2,160,425,78,44,7,389,24
0,7,1,2,693,0,2,462,0,1220,0,27,0,1020,1618,2,0,242,2,11,158,3,0,31,13,293,4,0,15,4,0,11,0,2,877,2,0,0,1,22,0,20,171,9,3,0,0,2
0,0,3,0,0,4,0,4,0,0,60,0,1,0,0,0,0,2,0,3,0,0,0,222,0,3,1,0,0,0,203,6,8,0,0,0,0,0,0,555,53,0,0,3,0,48,2,0
31,1,127,0,0,34,0,0,0,0,1531,0,36,0,2,0,0,46,2,1,4,3,7,15,2,125,571,1,0,0,12,4,33,3,11,10,1130,14,56,49,4,94,0,1,1,37,19,1
130,0,68,23,0,20,778,7,2690,0,25,0,2716,3,2,6,0,62,1,22,14,22,4951,12,74,4,52,0,0,0,68,0,13,1476,1,90,13,4,249,109,9,0,0,0,1,14,401,0
6,279,461,80,42,0,1,591,0,15,0,12,1,110,637,261,96,35,961,70,233,22,5,12,18,13,50,179,3,40,2,32,1,3,7,0,24,519,53,5,442,79,163,3,10,1,56,33
6,4,251,760,2,0,0,4,11,7,0,13,0,8,19,49,2,41,109,147,22,683,16,6,649,4,507,4,1,0,0,6,0,7,7,9,0,14,134,1,286,4,4,1,3,0,7,3
19,8,227,2070,5,1,4,21,99,13,0,28,5,218,34,34,1,64,28,272,32,1197,31,22,2024,27,472,11,7,0,0,15,0,68,22,2,18,14,130,20,23,7,12,12,11,3,3,3
1,0,17,356,3,0,0,7,25,4,0,9,0,7,10,14,0,4,3,25,13,135,1,0,530,0,88,0,0,0,0,0,0,60,3,3,0,1,6,1,1,0,1,5,1,0,0,0
0,49,14,0,3,0,8,6,0,1,0,14,1,3,1,6,174,0,490,40,13,0,1,15,0,3,0,402,16,34,3,525,2,1,0,0,4,181,1,0,7,13,8,4,3,0,56,34
0,351,0,0,20,0,0,134,0,1,0,0,0,0,0,0,46,0,3,2,2,0,0,1,0,0,0,21,2,9,0,10,0,0,0,0,4,16,0,0,1,5,43,0,1,0,2,10
221,1,553,0,3,1,2,5,0,2,279,0,3,0,4,0,3,38,9,0,1,0,2,20,1,4,30,4,7,0,3,1,1,0,18,6,608,6,2,11,7,5,1,1,0,4,140,5
1,352,7,15,26,0,19,45,0,17,0,253,2,162,6,1388,72,17,10,18,26,321,2,16,3,34,7,55,29,31,1,168,0,5,36,0,7,49,3,4,2,925,34,412,767,0,1,902
75,0,6,0,0,2254,0,0,0,0,32,0,0,0,0,0,0,1,0,0,0,0,0,0,0,0,0,0,0,0,103,0,2627,0,0,1,0,0,0,7,459,0,0,0,0,1902,3,0
5,0,0,0,0,4,0,0,0,0,2,0,1,0,0,0,0,0,0,11,0,0,0,1,0,0,0,0,0,0,1595,0,29,0,0,0,0,0,0,19,477,0,0,0,0,93,0,0
63,0,87,0,0,52,0,0,0,0,2075,2,12,0,0,0,0,41,1,0,0,0,14,31,0,2,53,4,0,0,59,3,62,0,22,17,28,1,0,581,29,13,0,0,1,32,254,0
364,0,5,0,0,43,0,0,29,0,32,0,3,0,0,0,0,60,0,0,0,0,104,1,0,1,1,0,0,0,2,0,25,2,0,1,2,0,2,8,1,0,0,0,0,8,47,0
0,45,3,0,8,0,7,27,0,2,0,42,0,1,0,5,22,0,42,26,4,1,0,50,1,27,1,10,7,5,1,14,0,0,14,0,1,25,0,3,3,25,29,6,3,0,55,17
0,13,20,10,63,0,8,13,0,106,0,241,0,44,74,122,7,7,61,179,47,6,1,222,8,502,16,12,6,3,0,93,1,1,412,0,0,32,0,14,5,26,11,32,16,0,8,11
349,3,21,93,0,3,0,0,39,0,3,5,9,3,18,235,1,625,5,108,30,6,52,20,3,1,45,1,1,1,1,3,3,43,3,0,7,4,160,10,5,1,0,3,3,8,8,1
0,499,25,6,14,0,0,47,0,2,0,4,1,118,35,120,25,6,40,18,1506,17,0,4,6,0,3,16,0,0,0,2,5,0,12,0,2,218,8,0,16,90,20,2,3,0,16,17
0,0,1,4,56,0,0,11,1,45,0,7,0,10,156,3,0,336,0,7,1,2,0,8,1,94,0,4,2,0,0,110,0,4,122,0,0,0,1,413,0,61,3,137,11,0,1,4
47,0,15,3,0,1054,0,238,3,0,19,1,0,0,0,1,0,40,0,4,0,1,1,5,0,0,2,0,0,0,76,0,657,0,0,2,1,0,0,18,155,0,0,0,0,1419,5,0
0,0,0,1,0,1,0,6,0,0,0,0,0,0,0,0,0,0,0,4,0,0,1,0,1,0,0,0,0,0,66,0,1,0,0,0,0,0,0,25,23,0,0,0,0,21,0,0
