0.55428,0.20534,0.18949,0.48934,0.23169,0.57422,0.36565,0.21297,0.47767,0.36974,0.42402,0.36888,0.69177,0.40792,0.50046,0.59388,0.30481,0.21456,0.28535,0.17823,0.54345,0.43077,0.84386,0.34022,0.4957,0.1845,0.18252,0.19687,0.41387,0.30791,0.59464,0.18861,0.70897,0.43522,0.27438,0.9679,0.34511,0.21591,0.61282,0.20693,0.21584,0.31024,0.21238,0.58357,0.5869,0.48018,0.20383,0.37031
0.4411
3,30,0,0,7,0,35,6,0,1,0,2,1,3,0,2,640,0,40,1,0,2,0,0,0,0,0,591,43,177,31,68,113,0,0,0,301,156,0,0,0,69,2,23,27,101,4,585
0,0,0,0,331,0,832,12,0,204,0,15,0,3,2,0,3,0,3,20,0,0,0,21,1,14,6,56,1158,880,10,88,0,13,6,1,57,36,0,0,0,12,199,2,2,0,2,8
10,104,14,1,45,5,89,35,15,7,6,52,34,5,3,2,218,2,66,40,9,11,6,70,1,5,29,388,113,213,22,245,6,5,24,8,73,166,22,3,3,38,119,7,9,2,157,48
0,288,3,0,6,0,0,19,0,0,0,0,11,88,0,8,944,0,366,2,56,41,0,0,2,0,0,388,6,19,12,53,70,1,0,0,65,236,0,0,5,17,14,26,19,1,0,172
1,2,0,0,1,0,30,0,0,4,0,1,0,1,0,1,36,0,10,4,0,0,0,0,0,0,0,234,68,120,11,98,0,1,0,0,44,49,0,0,2,3,0,1,0,0,0,7
0,178,93,11,16,0,19,66,5,9,0,175,34,11,7,26,128,10,302,181,55,28,4,188,11,13,56,220,52,44,3,210,0,12,19,3,14,233,22,4,33,78,90,25,25,1,617,55
0,11,1,0,212,0,34,174,0,13,0,4,0,4,0,0,393,0,1,7,1,2,0,3,0,0,0,117,117,624,21,6,7,0,0,0,247,55,0,0,0,30,263,7,1,0,4,31
3,2,54,0,1,0,0,0,1,1,14,0,0,2,0,6,0,28,9,0,1,0,0,3,0,1,3,4,0,0,0,27,0,0,35,2,62,2,1,0,0,4,0,0,2,1,25,1
37,0,196,65,0,9,86,59,2373,0,19,31,459,1,10,26,1,60,16,47,20,50,401,28,358,6,57,2,0,0,23,2,3,1562,2,43,44,23,1893,82,9,0,0,5,5,17,94,0
1,0,0,0,0,1,0,0,0,0,37,0,0,0,0,0,0,0,0,1,0,0,0,20,0,0,0,0,0,0,358,0,22,0,0,0,0,0,0,227,112,0,0,0,0,42,1,0
37,0,56,0,0,7,0,1,1,2,333,2,3,0,2,0,0,84,2,0,4,1,3,53,0,23,29,4,2,0,5,116,7,8,10,19,13,1,5,177,9,11,0,2,0,4,107,3
80,0,58,203,1,17,1,11,88,2,54,7,20,6,14,13,0,567,1,60,2,7,34,42,25,12,14,2,23,3,0,13,7,27,28,12,8,16,64,5,1,4,5,1,0,4,397,0
2,0,36,122,2,0,0,7,14,7,7,32,6,68,14,14,0,30,1,409,20,11,1,117,37,250,7,1,0,0,0,3,0,77,15,0,0,2,134,92,2,4,4,10,207,23,0,0
0,40,0,1,264,0,414,51,0,193,0,148,1,9,5,2,12,0,33,31,2,5,0,170,1,117,21,119,584,368,6,253,1,43,50,0,21,49,0,2,0,87,315,258,44,0,40,90
0,42,28,1,0,0,0,8,0,1,0,0,3,21,28,16,35,0,514,7,25,0,0,0,0,0,0,54,2,0,0,6,0,0,0,1,0,80,0,0,64,0,2,0,1,0,6,4
0,1,36,120,2,0,2,4,2,1,0,16,1,1,3,1,3,3,0,39,4,96,1,20,171,6,149,1,2,0,0,1,0,4,3,0,1,11,3,0,0,3,1,0,1,0,4,0
36,2,166,3,0,378,9,1,37,0,1,0,411,4,1,5,0,11,1,4,34,12,30,3,6,0,32,1,0,0,2,0,0,4,2,22,0,3,8,5,0,0,0,1,1,2,25,0
0,48,2,0,19,0,35,22,0,15,0,185,2,72,1,121,12,3,3,22,14,106,0,56,3,111,16,14,24,11,0,24,1,4,46,1,1,30,2,4,4,698,32,1676,1712,3,21,252
0,1,0,0,281,0,13,140,0,516,0,38,0,85,105,0,2,0,0,12,5,0,0,50,2,67,1,1,84,108,0,7,0,1,92,0,2,5,0,0,0,6,652,5,0,0,1,0
2032,0,10,0,0,7,4,0,9,0,12,0,6,0,0,0,0,29,0,0,0,0,29,1,0,0,1,0,0,0,6,0,6,2,1,8,12,0,0,10,4,0,0,0,0,2,10,0
3,0,123,0,1,2,0,1,2,0,95,4,6,0,0,4,0,10,1,0,2,2,0,9,1,36,76,0,0,0,2,19,4,5,12,0,384,186,113,16,0,60,0,1,0,2,8,2
15,0,15,4,0,6,5,1,140,0,2,1,57,0,1,1,0,5,0,0,15,3,195,1,2,0,46,0,0,0,0,0,0,3,0,9648,0,0,7,2,0,0,0,1,0,0,4,0
164,3,83,18,20,6,6,13,0,17,248,4,14,2,25,3,6,45,3,483,229,5,0,16,6,6,310,11,26,14,5,13,1,5,19,31,36,7,6,21,16,10,2,13,9,69,8,3
0,72,5,2,466,0,64,138,0,452,0,506,1,149,146,2,2,33,22,92,24,4,0,518,3,469,6,35,201,53,1,168,0,62,360,0,0,17,0,265,1,90,379,111,18,0,80,25
1,114,24,45,342,0,56,350,3,465,1,1100,1,214,250,25,3,27,22,262,58,64,6,1103,118,418,205,33,201,90,2,169,1,251,830,1,3,71,22,102,3,178,437,69,40,18,407,40
0,5,4,4,677,0,2,482,0,1266,0,28,0,1010,1622,3,0,293,1,10,173,3,0,41,14,241,3,0,15,3,0,20,0,3,749,2,0,0,1,22,0,20,220,7,3,0,0,3
0,0,8,0,0,5,0,4,0,0,47,1,0,0,0,0,0,1,0,1,0,0,0,220,0,7,1,0,0,0,203,10,9,0,0,0,0,0,0,565,47,1,0,0,0,50,1,0
28,1,110,0,0,31,0,0,0,0,1525,1,31,0,0,2,0,64,1,1,8,2,6,13,2,126,542,1,0,0,8,11,40,3,27,8,1104,16,81,55,6,110,0,1,1,41,10,1
126,0,112,23,0,26,1026,8,2642,1,37,0,2563,2,1,7,0,38,1,24,14,34,5010,16,74,5,50,0,0,0,98,0,12,1243,0,121,3,3,239,80,11,1,0,0,0,24,455,0
0,298,424,92,37,0,1,588,0,17,2,15,1,106,634,267,172,30,900,80,208,21,4,12,16,10,50,193,4,47,0,27,0,3,4,1,23,559,69,7,460,85,125,4,8,1,35,26
2,1,231,805,2,0,0,10,13,7,0,14,0,7,12,46,6,125,119,132,27,592,19,14,587,7,547,4,2,1,0,4,0,10,5,9,0,26,113,0,296,7,2,1,2,0,3,1
9,11,235,2020,3,1,2,34,87,13,0,36,5,223,34,25,7,125,32,283,36,1204,23,21,1958,28,526,6,6,1,0,15,0,78,4,1,17,20,113,13,26,13,7,10,12,8,4,2
1,0,9,361,0,0,0,15,24,7,0,4,0,4,11,7,0,1,2,39,11,127,1,0,527,0,97,0,0,0,0,1,0,63,5,1,0,0,6,1,4,0,0,3,2,0,0,0
0,42,7,0,3,0,8,2,0,2,0,13,2,4,2,10,206,0,518,46,11,0,0,18,0,2,1,388,15,35,3,510,2,0,1,0,8,135,0,0,9,18,9,4,5,0,52,45
0,278,0,0,28,0,0,93,0,1,0,0,0,0,1,0,138,0,4,0,3,2,0,1,0,0,0,17,1,11,0,9,0,0,0,0,3,13,0,0,1,8,62,0,0,0,2,8
211,1,541,0,4,3,3,3,0,2,273,0,1,0,0,0,6,71,7,0,2,0,4,6,1,1,22,8,5,1,4,6,3,0,80,4,617,6,3,8,9,6,0,0,0,3,84,3
0,362,4,29,19,0,16,41,0,23,0,230,2,199,10,1474,45,10,7,17,28,329,2,16,1,41,11,63,26,27,1,183,0,10,25,0,9,50,2,1,1,851,36,453,724,2,2,868
70,0,5,0,0,2294,0,0,0,0,30,0,2,0,0,0,0,0,0,0,0,0,0,2,0,0,0,0,0,0,101,0,2631,0,0,1,0,0,0,8,507,0,0,0,0,1817,2,0
5,0,2,0,0,5,0,0,0,0,2,0,1,0,0,0,0,0,0,18,0,0,0,1,0,0,1,0,0,0,1643,0,30,0,0,0,0,0,0,17,424,0,0,0,0,88,0,0
52,0,80,0,0,56,0,0,0,0,2065,4,13,0,0,0,4,86,0,0,0,0,9,47,0,4,24,2,1,0,47,7,70,12,26,15,18,1,2,591,33,18,1,1,2,30,218,0
369,0,4,0,0,48,1,0,26,0,32,0,1,0,0,0,0,53,0,0,0,0,100,2,0,1,0,0,0,0,2,0,26,5,0,1,1,1,2,10,1,0,0,0,0,8,47,0
0,44,4,1,8,0,5,24,0,3,0,43,0,2,0,6,22,1,42,21,4,1,0,49,0,29,1,12,6,5,1,15,0,0,15,0,0,28,0,3,1,25,32,6,3,0,54,16
0,10,25,9,64,0,6,9,0,110,0,244,0,27,79,73,18,8,54,180,50,4,0,222,9,488,16,7,6,2,0,158,1,2,403,0,0,32,1,15,6,24,14,30,12,0,10,25
326,2,12,173,0,6,2,1,46,0,13,8,9,4,16,183,1,613,12,97,26,11,46,26,3,3,33,0,0,1,1,4,1,62,5,2,6,3,146,9,4,1,0,2,4,7,12,1
0,515,22,8,8,0,0,49,0,3,0,9,1,135,50,97,33,7,37,21,1407,14,0,6,7,1,5,21,1,0,0,1,5,0,3,0,1,261,9,0,24,93,43,4,1,0,6,15
0,0,0,3,52,0,0,16,1,59,0,7,0,3,152,3,1,351,1,8,1,1,0,7,2,97,2,4,4,0,0,134,0,5,119,0,0,1,0,398,0,60,3,102,15,0,0,4
42,0,13,3,0,1081,0,256,2,0,15,2,2,1,0,1,0,33,0,4,0,0,2,10,0,0,1,0,0,0,65,0,631,0,0,2,1,0,0,11,188,0,0,0,0,1393,8,0
0,0,0,1,0,1,0,7,0,0,0,0,0,0,0,0,0,0,0,4,0,0,1,0,1,0,0,0,0,0,66,0,1,0,0,0,0,0,0,25,23,0,0,0,0,20,0,0
