0.54388,0.20008,0.19167,0.53138,0.27317,0.58157,0.33088,0.20198,0.49212,0.36192,0.42295,0.35743,0.70989,0.42048,0.50904,0.54998,0.29832,0.24191,0.2969,0.17358,0.56612,0.41475,0.82892,0.34715,0.4859,0.20436,0.18407,0.19513,0.42811,0.31897,0.59912,0.19855,0.70783,0.42928,0.28741,0.9721,0.35544,0.19968,0.65457,0.20417,0.20134,0.33021,0.21697,0.53436,0.59132,0.49935,0.19837,0.3986
0.44507
0,29,0,0,8,0,28,12,0,1,0,4,2,0,0,1,705,0,41,0,0,3,0,0,0,0,0,585,35,165,29,80,107,0,0,0,244,200,0,0,0,65,7,7,27,89,5,585
0,0,0,0,229,0,854,14,0,177,0,15,0,6,4,0,9,0,3,15,0,0,0,21,1,11,3,69,1182,925,9,128,0,12,2,0,60,14,0,0,0,9,210,4,3,0,0,8
7,104,18,1,25,4,75,47,15,4,4,51,33,5,3,2,253,5,62,39,8,12,9,67,3,1,23,404,101,212,19,309,3,1,22,7,57,147,22,6,3,32,114,5,13,3,160,35
0,332,3,0,4,0,0,45,0,0,0,1,11,60,0,14,872,0,382,2,54,49,0,0,2,0,0,372,6,20,11,43,77,0,0,0,49,291,0,0,3,16,4,22,21,1,4,167
0,2,0,0,0,0,22,0,0,6,0,0,0,1,0,1,43,0,8,3,0,0,0,0,0,0,0,232,69,113,10,112,0,1,0,0,29,64,0,0,1,3,2,1,1,0,0,5
6,150,83,13,17,0,22,73,5,9,0,202,21,9,5,15,122,6,330,217,57,36,5,182,17,7,45,205,50,53,3,221,0,7,18,2,17,219,15,6,30,77,79,28,32,1,631,38
0,9,0,0,164,0,32,226,0,15,0,3,0,1,0,0,435,0,0,9,2,1,0,2,0,0,0,112,111,627,21,13,4,0,0,0,223,54,0,0,0,15,270,2,1,0,6,32
3,4,61,0,2,0,1,0,0,0,22,0,0,1,2,7,6,22,8,0,2,1,0,8,0,0,4,0,0,0,0,8,0,0,23,2,60,1,1,2,0,1,0,0,1,2,40,0
42,1,123,57,0,8,60,36,2283,0,6,31,494,3,7,37,0,98,4,57,26,19,405,29,352,5,48,1,0,0,15,1,2,1651,3,35,37,0,2092,58,10,0,0,4,5,11,68,0
1,0,0,0,0,1,0,0,0,0,56,0,0,0,0,0,0,0,0,0,0,0,0,15,0,0,0,0,0,0,373,0,19,0,0,0,0,0,0,195,118,0,0,0,0,42,2,0
48,0,48,0,0,10,1,1,0,0,363,4,2,0,3,0,0,40,2,5,3,2,1,50,0,6,49,1,3,0,1,68,10,1,11,22,17,1,4,195,11,6,0,6,0,3,144,4
69,0,51,167,1,11,0,11,64,3,74,8,18,4,13,15,0,649,1,64,0,9,40,37,30,4,18,0,20,2,0,7,8,16,20,6,9,3,74,4,3,2,9,3,1,3,407,1
1,1,48,117,2,0,0,4,19,11,6,18,6,42,10,16,0,35,2,456,5,4,1,125,36,236,10,1,0,0,0,6,0,81,75,0,0,1,104,76,0,4,8,10,206,3,0,2
0,41,0,2,202,0,431,62,0,178,0,163,1,11,6,2,7,0,22,39,1,4,0,173,1,67,2,152,566,388,6,308,1,42,23,0,12,58,0,1,0,81,304,334,31,0,43,85
0,35,22,1,0,0,0,11,0,1,0,1,1,3,22,4,18,0,560,5,33,1,0,2,0,0,0,47,2,0,0,4,0,0,0,2,0,99,0,0,59,1,1,0,1,0,11,2
0,0,31,121,4,0,3,2,1,2,0,15,1,0,2,1,0,4,1,31,7,108,3,16,196,4,132,2,2,0,0,0,0,4,3,0,1,9,3,0,0,2,1,0,0,0,4,1
39,0,203,3,0,355,4,1,38,0,0,0,390,9,1,4,0,11,0,3,34,8,40,4,11,0,29,0,0,0,0,0,1,3,2,19,1,6,9,9,2,1,0,0,1,0,22,0
2,38,1,1,16,0,31,26,0,11,0,211,1,49,0,109,11,2,4,22,13,92,1,64,1,57,17,12,28,11,1,26,0,1,35,1,0,42,1,4,2,834,31,1532,1839,0,22,226
0,2,0,0,270,0,14,151,0,515,0,44,0,80,107,0,2,1,0,11,3,0,0,46,1,84,0,1,91,90,1,11,0,2,103,0,5,3,0,0,0,5,634,4,0,0,1,0
2039,0,12,0,0,5,0,0,4,0,13,0,4,0,0,0,0,32,0,0,0,0,32,0,0,0,2,0,0,0,5,0,4,1,0,8,12,0,0,12,6,0,0,0,0,3,7,0
3,1,168,0,1,2,0,0,3,0,124,1,6,0,0,3,0,9,0,0,2,1,0,5,1,16,109,0,0,0,4,12,5,4,8,0,415,138,71,13,1,44,1,2,0,2,12,5
15,0,16,2,0,6,1,0,141,0,2,1,64,1,1,1,0,4,0,1,14,2,245,0,1,0,59,0,0,0,0,0,0,3,1,9581,0,2,9,3,0,0,0,1,0,0,3,0
148,7,96,15,20,5,6,10,0,10,142,8,9,7,24,2,2,40,5,527,226,4,0,19,6,3,440,14,23,12,4,7,1,4,10,28,37,9,3,24,13,6,2,10,10,49,10,3
0,73,4,5,444,0,89,152,1,463,0,495,1,162,144,3,2,28,23,137,17,4,0,511,7,477,1,44,180,62,0,159,0,65,343,0,0,11,0,253,0,79,332,147,18,0,80,26
2,113,20,52,311,0,71,335,8,507,3,1053,1,254,252,39,2,24,25,417,30,63,5,1122,124,414,142,41,195,96,1,158,1,263,825,1,3,47,9,97,2,162,400,79,52,9,390,25
0,9,1,4,728,0,3,458,0,1207,0,26,0,1010,1633,2,0,188,2,12,157,3,0,38,13,306,4,0,17,4,0,10,0,3,895,2,0,0,1,22,0,22,157,8,3,0,0,2
0,0,2,0,0,5,0,4,0,0,71,2,0,0,0,0,0,2,0,3,0,0,0,221,0,3,2,0,0,0,202,1,6,0,1,0,0,0,0,539,54,1,0,6,0,55,1,0
33,1,165,0,0,34,0,0,0,0,1536,0,37,1,2,1,0,48,1,2,4,1,6,12,3,127,566,0,0,0,10,5,33,2,6,12,1104,10,54,51,3,87,0,1,2,34,24,0
136,0,65,20,0,23,779,7,2686,1,26,0,2792,2,1,5,0,45,1,26,14,20,4942,15,68,5,57,1,0,0,53,0,13,1479,1,86,13,2,247,121,14,0,1,0,0,11,352,0
7,263,463,76,33,0,4,570,0,9,0,13,1,99,613,263,101,85,948,70,254,25,5,13,20,14,48,169,4,37,2,30,1,3,7,0,22,498,47,10,452,72,182,2,13,1,90,27
6,2,243,698,2,0,0,5,7,6,0,10,1,7,17,50,0,46,68,147,30,699,15,7,680,4,561,4,0,1,0,4,0,8,7,9,1,13,137,2,290,4,6,0,2,0,7,5
18,9,225,2100,3,1,3,21,94,14,0,22,5,215,33,39,0,65,29,298,32,1170,35,22,1999,33,463,8,6,0,0,15,0,74,22,2,20,15,131,23,24,5,16,8,9,5,3,3
1,0,20,368,1,0,1,7,22,4,0,10,0,10,11,10,0,4,3,25,12,142,2,0,515,1,84,0,0,0,0,0,0,57,5,4,0,1,6,2,0,0,1,4,1,0,0,0
0,47,13,0,2,0,9,6,0,2,0,17,1,4,1,4,165,0,501,42,11,0,1,16,0,3,0,396,18,34,3,520,1,1,0,0,5,193,1,0,5,12,7,2,4,0,58,31
0,370,0,0,16,0,0,146,0,1,0,0,0,0,0,0,31,0,2,2,2,0,0,1,0,0,0,19,2,10,0,8,0,0,0,0,4,18,0,0,1,5,37,0,1,0,2,6
199,4,566,0,4,1,3,1,0,3,296,0,1,1,3,0,5,33,9,1,1,0,2,13,1,3,26,2,5,0,3,1,2,0,19,6,607,7,2,9,8,6,1,1,2,4,145,6
0,350,4,16,27,0,18,49,1,21,0,230,2,164,9,1403,78,20,11,20,24,303,2,11,2,29,9,61,27,29,1,164,0,9,35,0,8,47,2,3,1,915,34,425,770,0,4,912
80,0,6,0,0,2260,0,0,0,0,30,0,0,0,0,0,0,0,0,0,0,0,0,0,0,0,0,0,0,0,100,0,2631,0,0,1,0,0,0,9,437,0,0,0,0,1913,3,0
5,0,0,0,0,4,0,0,0,0,2,0,1,0,0,0,0,0,0,0,0,0,0,1,0,0,0,0,0,0,1635,0,29,0,0,0,0,0,0,16,451,0,0,0,0,93,0,0
61,0,89,0,0,53,0,0,0,0,2075,4,10,0,0,0,1,50,1,0,0,1,15,34,0,2,50,2,1,0,54,3,56,0,21,18,24,3,0,578,30,11,0,0,1,29,262,0
376,0,5,0,0,41,0,0,27,0,34,0,4,0,0,0,0,49,0,0,0,0,101,1,0,0,1,0,0,0,2,0,27,3,0,1,1,0,2,7,1,0,0,0,0,8,50,0
0,46,4,1,10,0,7,27,0,3,0,49,0,1,0,5,22,0,40,27,4,1,0,49,1,25,1,13,7,4,0,14,0,0,12,0,1,28,0,3,2,21,28,6,3,0,51,16
0,17,18,12,49,0,9,14,0,102,0,218,0,52,70,123,5,4,55,171,46,9,0,237,8,525,17,13,7,3,0,93,1,3,412,0,0,31,0,12,5,25,14,35,17,0,12,9
354,3,23,86,0,3,0,0,34,0,4,4,10,3,16,247,1,650,3,102,26,5,48,22,5,1,50,1,1,1,1,3,3,39,3,0,6,5,140,9,5,0,0,2,3,7,13,1
0,516,23,7,9,0,0,52,0,3,0,4,2,111,36,120,25,6,36,15,1507,17,0,6,7,0,1,10,0,1,0,1,5,0,11,0,1,204,9,0,24,82,25,2,4,0,25,16
0,0,1,3,61,0,0,10,1,46,0,7,0,14,157,2,0,333,0,7,1,2,0,9,1,96,1,4,2,0,0,65,0,2,130,0,0,0,0,419,0,58,3,164,12,0,1,4
48,0,9,3,0,1053,0,222,3,0,17,1,0,0,0,1,0,48,0,4,0,0,1,5,0,0,1,0,0,0,80,1,665,0,0,1,1,0,0,16,152,0,1,0,0,1428,6,0
0,0,0,1,0,1,0,4,1,0,0,0,0,0,0,0,0,1,0,2,0,0,0,1,1,0,0,0,0,0,70,0,1,1,0,0,0,0,0,22,22,0,0,0,0,22,0,0
