0.38918,0.20485,0.2058,0.44224,0.18517,0.5819,0.40676,0.22588,0.46174,0.30648,0.32751,0.40105,0.61693,0.3576,0.53524,0.61289,0.29642,0.15096,0.27175,0.16854,0.47494,0.35625,0.84238,0.39589,0.52077,0.14886,0.21223,0.2175,0.38244,0.30383,0.50582,0.1807,0.70545,0.41638,0.29959,0.94823,0.36308,0.24882,0.59388,0.20379,0.26989,0.33841,0.18261,0.5792,0.56726,0.48198,0.24737,0.33399
0.42839
7,52,0,0,12,0,114,3,0,2,0,1,0,3,0,4,556,0,43,1,0,2,0,0,0,2,0,604,63,142,52,28,118,1,0,0,388,82,0,0,0,96,6,24,46,112,1,499
3,3,0,1,482,0,565,5,0,332,0,5,0,1,20,0,9,0,3,24,0,0,0,8,1,4,3,60,1176,937,18,32,0,11,12,0,57,106,0,0,0,12,97,2,2,1,2,3
27,122,14,0,65,8,226,24,27,9,6,37,23,4,0,3,177,0,140,33,12,10,5,65,0,5,40,281,118,252,47,88,8,9,9,11,130,115,7,3,3,44,125,3,18,4,163,35
1,335,0,0,5,0,10,5,0,0,0,0,11,134,0,7,1052,0,180,3,32,30,0,0,2,0,0,365,17,21,15,43,72,1,0,0,90,167,0,0,4,24,79,31,20,3,1,178
2,4,0,0,4,0,74,0,0,5,0,0,0,0,1,0,46,0,19,5,1,0,0,0,0,3,0,248,44,129,15,32,0,1,0,0,65,20,0,0,0,4,1,2,1,0,0,3
17,209,122,15,26,0,69,52,6,15,0,106,6,11,7,36,149,1,330,129,69,11,1,216,15,15,38,176,70,52,8,105,2,13,40,3,16,238,8,13,6,73,84,26,33,5,705,39
0,33,0,0,322,0,93,125,0,16,1,3,0,3,2,0,354,0,0,11,4,1,0,2,0,1,0,59,178,635,21,1,6,0,0,0,292,44,0,0,0,38,119,6,4,1,1,14
3,2,57,0,0,0,0,1,1,1,10,0,0,1,1,7,1,30,7,0,1,0,0,7,0,17,1,0,1,0,2,23,1,0,16,3,55,14,1,1,0,4,0,0,0,1,25,0
39,0,236,98,0,10,182,79,2758,0,18,81,319,1,7,24,0,62,8,34,33,190,550,18,357,2,88,2,0,0,38,2,4,1337,2,68,35,11,1417,43,10,10,1,3,6,15,25,1
1,0,0,0,0,4,0,0,0,0,21,0,0,0,0,0,0,0,0,2,0,0,0,19,0,0,0,0,0,0,394,1,35,0,0,0,0,0,0,210,112,0,0,0,0,22,1,0
82,0,19,0,0,12,1,1,2,0,159,0,1,0,1,1,0,174,3,3,7,1,1,82,0,109,14,0,2,0,15,102,6,0,16,22,23,6,2,135,12,2,1,0,0,11,116,2
158,0,58,208,1,18,5,21,117,1,26,9,20,5,9,11,1,445,6,63,15,17,71,43,13,14,22,1,27,3,0,7,7,37,24,20,8,24,51,4,1,1,9,1,0,9,348,0
5,0,37,217,5,0,0,51,30,10,2,34,20,121,12,13,4,25,3,369,21,41,4,17,15,257,24,1,0,0,2,3,0,116,18,0,3,0,96,18,1,8,9,12,137,26,1,0
1,45,1,0,333,0,330,39,0,360,0,69,1,12,15,2,18,0,56,29,4,5,0,125,0,124,13,115,638,404,8,155,0,43,129,0,30,59,0,4,0,61,253,230,34,0,37,68
1,39,47,2,0,0,0,3,0,1,0,0,1,36,18,25,73,0,441,1,22,1,0,1,0,0,2,74,2,0,0,4,0,0,0,0,1,118,0,0,25,0,4,0,1,0,6,0
1,3,43,79,2,0,3,6,3,6,0,29,4,0,2,1,1,3,0,97,9,70,0,19,142,5,150,2,2,1,0,0,0,5,3,1,1,10,0,1,0,2,1,1,1,0,7,1
35,2,65,6,0,413,11,0,32,0,18,1,470,8,1,1,0,6,0,4,31,15,44,4,4,1,34,1,0,0,1,0,5,1,1,26,1,2,7,2,0,1,0,0,1,2,6,0
2,47,3,0,33,0,29,18,0,32,0,124,1,92,1,151,14,2,4,27,19,149,1,61,2,248,7,23,44,23,0,22,0,5,148,2,1,20,1,5,4,619,29,1565,1670,1,35,144
0,2,0,0,367,0,1,125,0,559,0,14,0,45,175,0,3,7,0,14,17,0,0,18,1,48,2,1,117,104,0,7,0,0,53,0,4,3,0,0,0,2,567,7,0,0,1,18
1317,0,5,0,0,10,6,0,7,0,754,0,5,0,0,0,0,17,0,0,0,0,30,1,0,1,2,0,0,0,8,0,1,0,0,12,6,0,0,4,3,0,0,0,0,5,7,0
7,0,98,1,0,2,0,1,1,0,60,4,3,0,0,2,0,23,1,2,0,1,0,18,1,92,34,1,0,0,4,30,4,4,14,0,337,246,120,18,0,43,0,1,0,7,9,3
14,1,12,6,0,6,20,3,104,0,2,1,51,1,1,1,0,2,0,3,11,4,134,1,0,0,41,1,0,0,1,0,0,3,0,9745,0,0,6,0,0,0,0,1,0,0,4,0
221,5,50,17,22,5,5,18,0,12,203,11,11,2,28,0,4,61,7,466,216,4,0,15,5,25,244,14,21,19,6,10,2,3,15,44,40,10,10,12,17,11,1,12,9,122,22,3
1,79,5,5,511,0,51,143,0,542,1,359,0,92,185,4,2,33,22,92,64,2,0,458,2,307,31,28,195,59,2,179,0,55,416,0,1,30,0,294,0,56,436,134,17,1,104,44
5,136,15,48,407,0,66,367,13,499,1,995,2,195,243,13,9,40,28,239,137,22,2,1213,110,293,101,30,182,98,2,146,1,222,802,3,1,108,17,98,6,139,489,68,33,6,520,75
0,10,5,4,647,0,2,618,1,1221,0,44,0,830,1777,1,0,351,1,14,224,4,0,29,21,186,2,0,15,4,0,62,0,2,484,1,0,0,1,24,0,11,290,9,1,0,0,54
0,0,0,0,0,4,0,3,0,0,25,1,0,0,0,0,0,3,0,3,1,0,0,233,0,11,0,0,0,0,218,6,20,0,4,0,0,0,0,549,52,1,0,0,0,47,0,0
47,2,46,0,0,56,0,0,1,0,1131,0,41,1,0,1,0,95,2,2,5,3,8,16,0,243,485,1,0,0,21,18,20,4,1,11,1180,15,133,40,8,326,1,1,0,36,14,3
101,1,134,20,0,20,1348,72,2619,0,54,9,1778,2,4,7,0,35,1,9,11,104,5633,17,87,6,81,0,0,0,154,4,36,961,0,244,4,2,135,231,9,1,0,0,0,19,176,1
8,357,525,130,18,0,3,460,0,20,0,15,2,110,426,351,383,8,862,50,132,17,3,16,7,10,70,186,34,80,2,21,0,3,4,1,23,685,65,3,332,39,136,6,4,2,36,21
4,2,183,765,3,0,2,37,15,6,0,6,22,4,13,27,5,176,213,157,24,499,12,13,441,5,534,7,4,1,0,3,0,83,8,13,0,36,74,0,388,3,8,1,5,1,3,5
20,6,225,1872,5,1,5,87,89,14,2,34,46,101,21,30,17,164,44,444,41,943,20,11,1893,87,635,11,7,4,1,11,0,164,12,5,18,17,58,8,87,16,11,21,6,14,4,5
0,0,11,309,4,0,0,54,23,2,2,4,2,3,6,6,0,0,10,50,13,115,1,0,497,1,138,0,0,0,0,1,0,50,1,1,0,2,6,2,10,2,2,2,2,1,1,0
0,46,9,1,13,0,36,1,0,5,0,6,1,7,5,16,279,0,549,40,14,1,0,13,0,4,0,359,19,39,10,412,5,2,3,0,12,103,0,0,1,14,12,5,9,0,46,39
0,159,0,0,12,0,1,33,0,3,0,0,0,3,1,0,248,0,4,1,7,1,0,1,0,0,0,8,5,17,1,6,0,0,0,0,3,10,0,0,0,11,133,0,0,0,0,16
286,3,395,0,2,2,1,5,0,0,543,0,2,0,0,1,3,102,2,1,2,0,3,7,0,67,32,1,9,1,10,5,0,0,15,10,384,6,2,3,6,4,3,0,0,1,90,3
1,235,6,92,28,0,29,35,0,30,0,185,6,177,12,1512,45,17,7,17,33,360,3,11,3,69,6,68,51,37,1,167,0,6,30,0,9,23,4,1,4,911,54,437,841,1,3,683
38,0,4,0,0,2533,0,0,0,0,32,0,1,0,0,0,0,2,0,0,0,0,0,4,0,0,0,0,0,0,82,0,3274,0,0,0,0,0,0,15,692,0,0,0,0,791,2,0
0,0,2,0,0,6,0,0,0,0,8,0,0,0,0,0,0,0,0,55,0,0,0,1,0,0,0,0,0,0,1521,0,66,0,0,0,0,0,0,21,488,0,0,0,0,69,0,0
226,0,26,0,0,81,1,2,0,0,1574,2,9,0,0,0,0,261,2,1,6,0,10,75,0,143,47,1,3,1,199,20,88,2,9,25,23,1,1,394,44,9,1,0,2,38,211,1
342,0,3,1,0,51,6,2,31,0,67,0,1,0,0,0,0,40,0,0,0,0,108,1,0,0,1,0,0,0,4,0,24,0,2,4,0,1,1,9,0,0,0,0,0,9,33,0
0,48,3,1,19,0,6,17,0,10,0,33,0,3,0,4,17,0,46,15,4,1,0,48,0,17,2,17,8,8,0,15,0,0,28,0,2,35,0,1,0,17,43,4,2,1,43,14
0,11,25,15,68,0,5,10,0,220,0,243,0,27,110,22,23,22,63,136,50,2,0,129,8,439,13,4,11,4,0,257,3,3,282,0,0,40,2,50,5,14,30,30,18,0,22,37
330,0,15,283,0,3,6,17,90,2,64,6,20,4,11,111,7,458,28,85,24,9,40,1,5,2,38,0,2,1,0,2,4,57,4,0,6,5,154,5,5,1,1,2,6,16,12,1
0,515,37,22,1,0,1,18,0,1,0,5,1,276,82,71,49,7,35,14,1194,9,0,7,2,1,14,25,5,8,1,11,0,0,2,0,0,339,7,0,19,37,68,7,4,0,2,26
0,0,3,4,77,0,0,34,1,48,1,4,0,6,123,0,0,350,2,7,4,3,0,12,1,85,1,2,5,0,0,238,0,6,70,0,0,0,0,436,0,25,1,48,11,2,0,6
31,0,6,10,0,1107,0,135,2,0,21,1,1,0,0,1,0,12,0,5,0,0,3,7,0,0,2,0,0,0,59,1,824,0,0,2,1,0,0,17,190,0,0,0,0,1324,5,0
0,0,1,1,0,1,1,6,0,0,0,0,0,0,0,0,0,0,0,8,0,0,0,1,0,0,0,0,0,0,64,0,5,1,0,0,0,0,0,20,20,0,0,0,0,21,0,0
