0.45589,0.32103,0.72586,0.67448,0.2202,0.28407,0.34379,0.13762,0.28285,0.44383,0.62344,0.4491,0.21395,0.7364,0.35381,0.39259,0.42595,0.30247,0.65769,0.34803,0.38823,0.68486,0.37116,0.58797,0.17479,0.45475,0.96747,0.32328,0.48283,0.19614,0.22329,0.20086,0.27635,0.32566,0.33223,0.33103,0.24027,0.33352,0.21055,0.23395,0.45729,0.85822,0.56219,0.57646,0.52803,0.45511,0.3678,0.26107
0.44984
0,0,0,0,0,0,0,335,0,342,0,0,250,0,25,0,47,53,0,0,1,0,0,0,680,0,0,26,0,0,769,496,5,6,1,12,6,0,0,1,0,0,8,0,0,1,0,0
0,57,0,0,3,0,0,233,0,5,0,0,9,0,1486,0,20,4,0,0,0,0,1,0,353,28,0,1018,24,31,527,114,1,20,0,0,13,0,0,1,5,0,0,0,0,4,40,0
2,49,14,10,9,36,2,192,15,19,2,4,146,0,172,0,28,71,5,4,13,0,4,5,566,9,6,104,12,4,341,322,13,17,12,4,185,7,4,45,0,3,5,27,4,59,4,0
0,1,0,0,39,0,0,424,0,150,0,0,861,0,2,0,6,479,1,0,12,0,0,0,178,1,0,0,0,1,383,260,58,0,0,7,3,37,0,0,0,0,35,0,0,0,0,0
0,0,0,0,0,0,0,11,0,5,0,0,25,0,106,0,1,14,0,0,1,0,0,0,162,2,0,32,1,0,280,82,5,0,0,1,1,0,0,0,0,0,0,0,0,0,0,0
2,119,0,6,13,8,3,149,2,33,0,0,301,0,76,16,37,265,7,15,143,12,18,0,191,18,2,76,30,11,139,170,80,17,107,19,759,7,0,178,10,1,15,5,0,308,15,3
0,7,0,0,4,0,1,329,0,20,0,0,10,0,33,0,6,2,0,0,0,0,0,0,721,22,0,124,4,0,368,701,5,10,1,1,2,0,0,0,1,0,3,1,0,5,9,0
3,2,0,0,1,4,7,0,62,1,0,1,2,0,0,0,0,5,0,0,3,1,1,0,6,1,1,1,1,0,1,3,0,26,2,54,16,7,67,2,0,0,4,0,1,7,1,1
14,0,560,501,12,469,4,0,28,3,19,139,1,2,0,78,2,2,119,282,114,2547,62,7,0,1,41,0,14,3,0,0,6,6,395,0,1,57,199,9,8,208,7,1549,29,1,0,725
31,0,0,0,0,0,274,0,0,0,344,89,0,52,0,0,0,0,0,0,0,0,0,1,0,0,0,0,0,0,0,0,0,1,7,3,0,0,0,0,0,0,0,0,20,0,0,0
10,7,2,1,1,3,138,2,38,3,2,212,0,9,3,0,0,0,0,0,5,1,1,4,2,2,8,0,61,71,0,0,1,145,4,55,88,4,173,9,2,2,1,0,51,17,0,8
0,23,91,24,8,62,5,1,36,1,1,142,0,6,1,30,3,8,12,125,6,46,22,14,0,8,12,30,6,1,1,1,12,30,16,2,233,33,327,92,4,5,0,9,140,42,6,282
4,39,0,1,183,8,3,5,1,15,0,10,2,0,1,33,10,1,43,9,100,19,31,0,0,6,0,3,14,72,0,1,195,1,6,21,3,1,1,184,14,1,0,35,2,15,14,681
0,197,0,0,3,0,0,210,0,87,0,0,89,0,1045,1,378,17,1,0,12,0,2,0,325,47,0,562,18,142,155,168,6,36,1,11,98,0,0,15,20,0,20,0,0,107,77,0
1,1,0,0,7,0,0,7,1,6,0,0,175,0,0,2,1,545,0,0,109,22,1,0,3,1,0,0,0,0,19,14,19,0,0,0,5,6,0,3,0,0,1,0,0,0,0,0
1,46,1,0,13,33,1,2,0,0,1,0,0,0,2,104,0,2,114,3,2,0,184,0,1,2,0,3,8,5,1,0,13,1,1,1,15,26,0,111,5,1,0,2,0,8,3,1
2,4,289,14,22,39,1,0,593,1,1,7,0,0,0,1,0,1,11,18,11,4,10,5,0,0,16,0,2,0,0,0,0,1,19,7,8,25,77,3,1,26,2,2,35,0,1,4
2,47,1,0,5,2,0,50,1,1517,0,0,11,0,73,3,1579,4,1,2,5,0,5,0,14,14,1,53,18,186,11,20,308,27,1,661,39,15,0,32,13,1,526,3,0,160,17,0
0,198,0,0,35,0,10,161,0,3,0,0,2,0,96,0,23,23,0,1,0,0,0,0,84,316,0,299,5,24,14,39,0,6,0,0,4,0,0,1,221,0,0,0,0,35,682,0
6,0,31,49,0,3,4,0,11,0,7,21,0,5,0,0,0,0,0,40,0,0,1,4,0,0,8,0,1,0,0,0,0,3,4,7,3,0,8,0,0,3,0,1,1978,0,0,3
3,3,0,0,1,7,111,2,150,0,2,15,1,6,1,1,0,1,1,4,183,0,1,1,0,0,1,0,4,2,0,0,3,221,2,37,4,4,102,3,3,0,216,1,2,47,1,45
0,1,58,18,4,333,0,0,48,0,0,0,0,0,0,0,0,0,2,7,5,7,7,0,0,1,9130,0,355,1,0,0,2,0,6,0,3,2,7,2,1,159,1,5,10,0,0,5
115,26,5,1,147,8,33,1,93,11,10,18,2,0,25,6,2,8,7,102,21,0,9,2,3,8,7,26,745,211,6,3,15,189,3,10,25,2,75,8,19,0,1,0,21,1,14,16
0,521,0,0,47,1,29,125,0,24,0,0,82,0,443,2,372,27,3,5,10,0,8,0,105,381,0,287,5,478,11,67,13,15,17,11,262,2,0,57,377,0,28,2,0,687,538,0
13,948,1,15,157,11,94,183,2,26,4,0,51,1,453,38,189,35,49,6,20,1,101,1,93,595,0,277,50,433,26,100,56,91,67,28,732,36,0,444,450,2,63,82,0,1678,536,7
0,58,0,0,439,0,324,19,0,1,0,0,5,0,15,5,21,111,2,2,0,0,6,0,2,1864,0,51,4,174,0,3,6,1,1,2,1,8,1,2,2152,0,5,6,0,101,1558,0
60,0,0,2,0,0,542,0,2,0,187,226,0,21,0,0,4,0,0,1,0,0,0,4,0,0,0,0,0,81,0,0,0,6,22,8,0,0,0,0,0,0,0,0,9,5,0,1
19,1,10,2,1,47,1238,0,448,0,15,46,0,117,1,0,1,0,1,0,478,0,0,18,0,0,6,0,17,3,0,0,0,792,0,34,3,8,463,0,0,4,183,1,48,2,0,11
20,2,3045,2302,12,152,17,0,201,0,40,474,0,11,0,8,0,1,64,963,20,251,35,24,0,0,160,0,9,2,0,0,2,8,465,12,1,9,50,5,2,2857,6,2552,80,0,0,268
8,21,0,7,46,1,0,134,2,16,0,3,528,0,3,94,6,957,18,28,1207,254,19,0,296,457,1,30,2,2,103,303,524,0,7,5,58,221,0,139,50,4,14,1,0,36,12,49
2,34,1,5,21,118,0,2,0,1,1,1,5,0,1,534,4,7,624,96,12,27,1367,0,4,13,4,5,8,0,2,1,24,2,3,4,12,597,3,201,8,5,5,7,2,5,6,27
7,221,3,42,109,208,0,11,1,3,12,8,16,1,10,1166,10,14,2761,117,49,66,1181,2,4,8,0,5,26,15,5,3,49,1,29,1,16,255,3,554,12,20,3,33,1,14,15,247
0,2,0,6,19,11,0,0,0,0,0,0,0,0,1,234,2,3,331,6,4,7,544,0,0,8,8,0,4,3,0,0,9,0,12,0,0,4,0,25,4,2,0,35,1,3,4,42
0,16,0,0,8,0,0,77,0,17,0,0,908,0,51,1,29,283,0,0,71,6,0,0,126,0,0,18,1,0,147,234,56,0,1,1,73,0,0,5,1,1,1,0,0,2,2,0
0,1,0,0,0,0,0,44,0,7,0,0,397,0,1,0,1,13,0,0,4,1,0,0,21,17,0,3,0,0,9,131,32,0,0,0,0,0,0,0,0,0,0,0,0,2,0,0
17,2,1,0,1,4,56,1,734,3,4,19,1,1,1,0,0,6,0,0,10,0,0,1,6,2,4,7,41,0,0,6,0,366,0,282,41,0,319,8,1,2,4,0,55,5,1,0
0,25,2,3,18,2,0,283,0,1050,0,5,35,0,27,317,666,12,6,6,10,1,11,0,38,71,0,48,5,8,104,59,729,91,6,720,17,40,0,26,110,2,1564,32,0,52,33,16
646,0,0,1,0,0,15,0,0,0,119,88,0,3830,0,0,0,0,0,0,0,0,0,2376,0,0,0,0,0,0,0,0,0,1,320,0,1,0,0,0,0,0,0,0,73,0,0,0
60,0,0,250,0,0,34,0,1,0,1548,6,0,105,0,0,0,0,0,0,0,0,0,3,0,0,0,4,1,0,0,0,0,0,14,0,0,0,0,0,0,0,0,0,211,0,0,0
29,3,8,0,0,5,581,0,105,0,30,1416,1,50,1,0,0,0,0,1,1,0,0,23,3,0,16,1,25,3,0,1,0,288,13,86,69,1,285,22,2,5,0,1,446,14,1,3
2,0,46,94,0,0,6,0,8,0,3,110,0,21,0,0,0,0,0,35,0,2,0,57,0,0,4,0,2,0,0,0,0,2,9,3,17,0,19,0,0,10,0,4,283,0,0,4
0,41,0,0,3,0,0,28,0,9,0,0,60,0,8,1,17,40,0,0,4,0,0,0,31,14,0,15,0,12,11,36,14,2,7,3,58,3,0,10,5,0,3,0,0,78,19,0
0,213,0,0,41,0,15,13,0,13,0,1,111,0,21,36,156,20,3,3,54,4,9,0,4,54,0,35,2,143,4,6,173,0,0,14,219,12,0,84,367,0,14,15,0,98,493,3
4,4,26,51,12,69,1,1,9,1,7,32,2,5,1,234,3,6,4,683,24,44,35,7,2,0,0,1,10,2,1,0,41,2,21,8,11,4,12,52,1,3,3,14,201,5,1,283
0,7,0,0,447,3,0,46,2,18,0,0,151,0,0,22,4,123,2,3,383,396,5,0,95,59,0,1,2,0,6,144,153,0,1,5,52,351,0,25,316,0,18,0,0,71,1,11
0,5,0,0,137,0,22,0,0,7,0,0,4,0,15,3,79,1,5,190,2,0,1,1,6,69,0,4,1,313,0,2,10,0,0,33,1,6,3,2,521,0,23,1,0,11,132,6
321,1,0,5,1,3,11,0,1,0,45,58,0,950,0,0,0,0,0,10,0,0,1,1478,0,0,1,0,5,0,0,0,0,1,802,2,1,0,1,7,0,2,0,0,38,1,0,21
13,0,0,3,1,1,19,0,0,0,79,2,0,8,0,0,0,0,1,0,0,0,0,3,0,0,0,0,0,0,0,0,0,0,9,0,0,0,0,1,0,0,0,1,5,0,0,4
