0.53166,0.33186,0.70543,0.66256,0.31121,0.27536,0.36396,0.144,0.30991,0.43023,0.6094,0.48607,0.21738,0.74656,0.38482,0.43132,0.44828,0.28148,0.66383,0.37361,0.42897,0.67244,0.3901,0.62057,0.19969,0.51203,0.97013,0.34248,0.70597,0.21182,0.1989,0.1762,0.32854,0.2944,0.36788,0.39025,0.24618,0.31586,0.18145,0.24125,0.43786,0.83213,0.56381,0.61097,0.57014,0.43781,0.38358,0.28585
0.4563
0,0,0,0,0,0,0,380,0,385,0,0,225,0,28,0,40,104,0,0,3,0,0,0,688,0,0,31,0,0,617,510,10,5,1,20,5,5,0,1,0,0,3,0,0,3,0,0
0,85,0,0,4,0,0,245,0,7,0,0,6,0,1420,0,9,1,1,0,2,0,1,0,281,29,0,1111,9,49,579,91,0,4,0,0,15,0,0,5,10,0,0,0,0,6,27,0
0,64,21,4,9,31,6,186,21,29,2,3,119,0,146,0,22,82,3,7,11,3,3,2,622,2,4,109,11,2,326,281,14,11,15,9,207,10,4,58,1,4,5,25,6,52,2,1
0,1,0,0,34,0,0,415,0,114,0,0,815,0,2,0,5,637,1,0,11,1,0,0,184,0,0,0,0,0,224,278,62,0,0,13,4,110,0,2,0,0,23,0,0,2,0,0
0,0,0,0,0,0,0,14,0,5,0,0,19,0,88,0,1,11,0,0,2,0,0,0,177,3,0,44,0,0,265,90,6,0,0,2,2,0,0,0,0,0,0,0,0,0,0,0
3,132,0,4,14,11,4,150,1,40,0,0,274,0,64,14,35,263,12,20,151,8,27,0,160,11,0,71,8,13,138,145,95,16,109,20,854,15,0,238,8,3,13,6,1,221,10,4
0,9,0,3,4,0,1,405,1,17,0,0,7,0,31,0,7,3,0,0,0,0,0,0,761,21,0,136,0,0,358,582,3,5,1,2,3,0,0,1,3,0,3,1,0,7,15,0
1,2,0,0,3,4,6,0,69,0,0,1,0,1,0,0,0,8,0,0,2,1,1,0,9,1,0,0,2,0,1,2,0,21,0,52,17,8,71,0,0,0,3,0,1,6,2,0
10,2,596,673,5,570,12,0,22,1,17,160,1,1,0,84,3,1,84,288,91,2369,52,6,0,1,28,0,19,1,0,0,7,3,420,2,1,35,212,5,6,224,9,1477,28,4,0,694
26,0,0,0,0,0,246,0,1,0,391,96,0,36,0,0,0,0,0,0,0,0,0,1,0,0,0,0,0,0,0,0,0,5,9,4,0,0,0,0,0,0,0,0,7,0,0,0
5,8,3,2,7,2,98,0,46,4,3,181,2,8,1,0,4,0,0,1,5,2,0,3,5,1,8,3,53,70,0,0,1,212,5,27,64,4,243,4,0,5,2,0,34,13,0,7
2,22,114,26,9,49,3,0,32,1,0,120,0,6,0,25,1,2,16,118,7,41,20,9,0,3,8,22,5,1,1,1,11,30,14,2,200,39,404,82,3,5,1,5,136,38,5,320
8,35,0,3,85,12,4,4,1,15,0,7,0,0,0,27,9,1,23,5,65,20,12,0,1,7,0,0,3,40,0,2,173,1,4,12,9,2,1,214,15,7,0,22,1,21,12,905
0,272,0,0,5,0,1,159,0,76,0,0,87,0,926,0,379,11,4,0,11,0,3,0,279,38,0,608,5,217,202,162,5,19,0,11,125,0,0,25,19,0,14,0,0,120,67,0
1,1,0,0,8,0,0,9,2,0,0,0,145,0,0,4,1,565,0,0,120,11,1,0,5,2,0,0,0,0,14,13,26,0,0,1,8,8,0,2,0,0,1,0,0,1,0,0
0,32,2,0,7,60,0,3,0,2,1,1,0,0,2,112,0,2,137,4,2,1,171,0,1,2,1,4,0,4,0,0,8,0,2,2,16,30,1,92,3,2,0,2,0,5,2,1
1,3,292,11,17,38,1,0,571,1,2,8,0,2,0,5,0,1,3,18,10,5,7,5,0,0,12,0,4,0,1,0,4,3,18,5,6,57,81,3,0,28,0,3,36,0,1,0
2,68,0,1,6,4,0,34,1,1412,0,0,11,0,58,3,1625,2,1,2,2,0,3,0,12,11,0,49,8,162,11,19,332,26,0,784,50,13,0,38,16,1,485,6,1,152,17,0
0,244,0,0,56,0,4,96,0,1,0,0,3,0,79,0,16,9,0,1,0,0,1,0,46,311,0,310,1,34,19,31,0,1,0,0,13,0,0,3,300,0,0,0,0,44,659,0
4,0,31,13,0,3,5,0,12,0,6,18,0,6,0,0,0,0,0,32,0,0,1,9,0,0,6,0,2,0,0,0,0,3,3,6,3,0,9,0,0,7,0,3,2016,0,0,3
0,1,0,0,1,1,82,0,207,0,3,11,1,6,0,2,2,0,2,2,176,0,1,1,2,0,0,0,1,5,0,0,0,189,2,29,3,5,123,1,0,0,241,1,7,44,2,38
0,0,51,23,2,537,0,0,40,0,0,0,0,0,0,0,0,0,3,7,6,9,2,0,0,0,7373,0,1892,0,0,0,2,1,6,0,2,7,8,1,1,180,0,8,12,0,0,7
108,31,4,1,146,5,40,2,110,10,10,31,3,1,25,3,5,12,4,126,19,0,11,3,4,13,7,20,567,219,10,1,11,233,2,9,31,4,124,13,13,0,5,1,23,4,10,26
0,617,0,0,88,0,18,78,0,23,0,0,80,0,342,0,392,24,1,6,11,0,9,0,55,316,0,262,1,545,18,64,9,12,21,12,321,3,0,101,349,0,26,1,0,751,485,1
16,1129,1,12,225,14,94,134,4,44,4,0,45,0,337,41,152,19,61,4,16,1,108,0,68,452,0,251,13,456,36,83,43,78,66,33,793,33,2,634,388,4,54,52,0,1672,561,12
1,63,0,0,736,1,270,7,0,0,3,0,3,0,17,8,20,48,3,5,0,0,6,0,1,1958,0,43,3,158,0,6,9,0,0,2,0,12,0,11,1846,0,5,2,0,138,1565,0
40,0,0,1,0,0,529,0,7,0,233,241,0,15,0,0,3,0,0,1,0,0,0,4,0,0,0,0,0,64,0,0,0,8,20,6,0,0,0,0,0,0,0,0,4,3,0,2
40,0,13,2,1,27,1228,0,537,0,12,42,0,93,0,0,1,0,4,0,466,0,1,16,0,0,10,0,6,2,0,0,0,809,0,26,0,9,452,1,0,4,133,2,65,2,0,14
12,1,2924,2366,3,201,47,0,143,0,41,413,0,10,0,8,0,0,43,1076,17,212,27,22,0,0,115,0,14,1,0,0,5,11,478,13,0,15,48,5,1,2875,1,2706,89,0,0,187
3,16,0,6,52,2,1,148,1,14,0,2,457,0,5,67,4,921,18,30,1380,210,17,0,229,425,1,36,1,3,91,275,460,0,1,7,84,299,0,205,40,3,17,1,1,54,18,61
1,20,1,4,9,131,0,3,0,1,0,0,5,0,1,459,2,6,639,92,15,27,1466,0,1,8,4,2,2,1,2,0,22,0,1,5,14,675,2,116,6,6,4,3,2,12,2,39
5,175,4,23,69,280,1,8,1,2,9,16,10,0,7,1209,8,13,2733,76,46,59,1186,2,3,8,0,5,7,6,5,2,52,1,46,3,25,286,4,442,12,37,4,19,7,18,9,394
0,3,0,6,13,25,0,0,0,0,0,0,1,0,0,244,1,1,302,3,4,7,574,0,0,5,5,0,2,3,0,0,10,0,13,0,1,4,1,14,3,4,0,36,1,2,7,39
0,23,0,0,11,0,0,77,0,16,0,0,853,0,43,1,21,345,0,0,69,5,0,0,104,0,0,21,0,0,110,256,57,0,0,3,101,1,0,10,1,1,1,0,0,5,1,0
0,1,0,0,0,0,0,35,0,8,0,0,408,0,0,0,1,11,0,0,3,2,0,0,20,5,0,3,0,0,6,160,19,0,0,0,0,0,0,0,0,0,0,0,0,2,0,0
15,3,1,0,1,1,62,2,891,4,4,17,0,1,0,0,0,3,0,0,5,0,1,1,5,2,1,6,13,0,0,3,1,372,1,196,32,9,307,9,1,2,1,0,32,6,1,0
0,35,0,8,14,2,0,228,0,998,0,2,29,0,26,214,676,9,4,6,7,3,10,0,31,50,1,38,1,6,57,48,914,130,7,921,22,49,0,23,77,9,1458,20,0,74,28,15
932,0,0,0,0,0,11,0,1,0,119,69,0,3523,0,0,0,0,0,0,0,0,0,2365,0,0,0,0,0,0,0,0,0,0,371,0,0,0,0,1,0,0,0,0,78,0,0,0
59,0,0,281,0,0,22,0,1,0,1621,6,0,77,0,0,0,0,0,0,0,0,0,4,0,0,0,1,0,0,0,0,0,1,15,0,0,0,0,0,0,0,0,0,149,0,0,0
31,1,6,0,2,0,510,1,132,0,28,1518,0,41,1,0,0,0,0,0,0,0,0,23,2,1,11,2,24,8,0,0,0,528,10,67,33,1,350,10,1,17,0,0,172,4,1,3
2,0,59,57,0,1,6,0,9,0,2,92,0,17,0,0,0,0,0,35,0,2,0,52,0,0,4,0,1,0,0,0,0,3,11,2,12,0,27,0,0,15,0,5,325,0,0,2
0,53,0,0,3,0,0,19,0,13,0,0,56,0,9,1,9,46,0,0,6,0,0,0,21,1,0,15,0,11,3,31,13,2,3,4,76,4,0,17,7,0,4,1,0,95,9,0
0,239,0,0,64,1,15,6,0,12,0,0,99,0,20,32,77,17,3,1,49,5,6,0,3,38,0,34,0,137,3,8,194,0,0,15,258,19,0,157,355,1,12,8,0,116,437,12
3,3,22,34,7,52,2,2,6,0,5,11,1,6,0,221,3,4,7,676,21,42,18,2,1,0,0,2,0,2,1,0,61,4,18,9,8,7,14,48,1,11,5,12,259,2,2,328
0,6,0,0,506,3,0,32,2,19,0,0,154,0,1,18,5,88,2,3,405,477,10,0,27,47,0,1,0,0,4,157,131,0,1,7,46,351,0,23,258,0,21,0,0,108,2,8
0,2,0,0,139,0,16,0,0,8,1,1,5,0,11,1,86,2,2,226,1,0,2,0,3,52,0,4,1,352,0,2,12,0,0,17,5,8,2,6,472,0,32,1,0,12,121,11
412,0,0,4,0,1,12,0,2,0,57,54,0,862,0,0,0,0,0,9,0,0,0,1280,0,0,1,0,1,1,0,0,0,1,994,0,0,0,1,7,0,0,0,0,43,0,0,25
10,0,0,3,0,1,17,0,1,0,86,2,0,7,0,0,0,0,1,0,0,0,0,1,0,0,0,0,0,0,0,0,0,0,14,0,0,0,0,0,0,0,0,0,0,0,0,7
