0.51365,0.32995,0.71956,0.67334,0.26618,0.27892,0.35665,0.14333,0.30472,0.42699,0.61468,0.47826,0.21536,0.73845,0.36637,0.40334,0.4364,0.29438,0.67152,0.35232,0.40731,0.6843,0.38981,0.60333,0.18887,0.48279,0.97107,0.33679,0.51846,0.20628,0.21503,0.18763,0.30499,0.31632,0.35583,0.3583,0.24153,0.33368,0.19062,0.2044,0.4479,0.84256,0.56123,0.58915,0.55734,0.44591,0.37471,0.27129
0.45267
0,0,0,0,0,0,0,359,0,377,0,0,232,0,25,0,39,78,0,0,2,0,0,0,682,0,0,27,0,0,704,498,7,4,1,16,6,0,0,0,0,0,4,0,0,3,0,0
0,78,0,0,4,0,0,226,0,8,0,0,7,0,1460,0,7,2,2,0,2,0,0,0,328,28,0,1072,12,38,544,105,1,8,0,0,16,0,0,1,8,0,0,0,0,6,34,0
1,56,21,9,6,34,4,199,17,21,1,4,130,0,161,0,23,78,4,4,12,2,3,4,599,6,3,106,8,2,329,304,11,14,15,7,188,8,5,50,3,3,6,28,4,57,3,2
0,1,0,0,38,0,0,431,0,153,0,0,838,0,2,0,7,559,1,1,14,0,0,0,173,0,0,0,0,0,316,265,65,0,0,7,1,38,0,0,0,0,28,0,0,0,0,0
0,0,0,0,0,0,0,13,0,7,0,0,22,0,93,0,0,12,0,0,0,0,0,0,169,2,0,40,0,0,271,89,7,0,0,1,3,0,0,0,0,0,0,0,0,0,0,0
3,127,0,5,13,12,3,144,0,38,0,0,294,0,68,15,37,254,9,19,155,9,22,0,171,9,0,69,12,14,151,163,83,14,112,24,806,7,0,207,8,3,17,7,1,266,11,4
0,7,0,0,3,0,1,351,0,18,0,0,9,0,33,0,6,2,0,0,0,0,0,0,740,19,0,141,1,0,372,649,3,6,1,2,2,0,0,1,2,0,3,2,0,6,10,0
1,2,0,0,0,3,7,0,64,1,0,2,1,1,0,1,0,7,0,0,4,0,0,0,10,1,0,0,1,0,1,2,0,28,0,49,16,10,69,1,1,0,5,0,2,3,2,0
12,0,584,556,7,504,10,0,27,2,20,136,1,1,0,82,2,1,95,294,108,2445,52,6,0,1,31,0,21,2,0,0,6,5,396,0,1,49,216,8,7,219,7,1525,34,3,0,748
30,0,0,0,0,0,252,0,1,0,374,94,0,44,0,0,0,0,0,0,0,0,0,0,0,0,0,0,0,0,0,0,0,1,7,2,0,0,0,0,0,0,0,0,17,0,0,0
7,4,3,1,3,2,114,0,44,5,5,195,1,7,1,1,1,0,0,0,4,1,1,4,5,2,7,2,63,66,0,0,1,172,4,40,72,4,217,10,0,3,2,0,52,15,0,5
1,17,95,24,6,56,6,1,30,1,0,138,0,5,0,25,1,4,16,134,6,44,17,13,0,9,9,20,6,1,1,0,12,25,18,3,229,39,359,86,6,4,0,6,141,43,2,300
5,36,0,2,138,6,6,3,1,19,0,11,1,0,0,27,11,1,36,9,79,17,14,0,0,8,0,1,3,58,0,1,185,1,4,14,6,1,1,197,14,4,0,26,1,17,15,809
0,237,0,0,4,0,0,180,0,76,0,0,88,0,1003,0,381,12,1,0,10,0,2,0,304,41,0,579,8,181,166,167,6,32,2,11,118,0,0,20,20,0,14,0,0,111,76,0
1,1,0,0,6,0,0,8,1,4,0,0,153,0,0,3,1,548,0,0,122,19,1,0,5,2,0,0,0,0,17,16,23,0,0,0,7,7,0,2,0,0,1,0,0,1,0,0
1,42,2,0,9,47,0,2,1,0,1,0,0,0,1,103,0,3,119,3,2,0,185,0,1,3,0,4,1,4,1,0,9,1,2,0,14,27,0,110,4,2,0,2,0,8,3,0
0,4,289,13,19,36,1,0,588,1,0,6,0,4,0,2,0,1,8,17,7,5,8,5,0,0,13,0,5,0,0,0,2,3,20,5,6,32,95,4,0,28,2,2,29,0,1,2
2,56,1,1,5,5,0,45,1,1430,0,0,10,0,66,3,1592,5,0,2,4,0,5,0,16,13,1,51,13,177,8,19,331,28,1,752,40,14,0,35,13,1,510,4,0,151,17,0
0,222,0,0,47,0,5,131,0,2,0,0,3,0,76,0,18,17,0,1,0,0,0,0,67,308,0,302,4,29,21,42,0,2,0,0,8,0,0,0,251,0,0,0,0,41,685,0
2,0,30,30,0,3,5,0,12,0,9,18,0,5,0,0,0,0,0,35,0,0,0,5,0,0,7,0,1,0,0,0,0,4,2,5,3,0,6,0,0,4,0,1,2012,0,0,2
1,1,0,0,0,4,95,2,178,0,4,12,1,6,1,1,1,0,1,3,182,0,1,2,1,0,1,0,1,5,0,0,2,213,2,35,3,6,114,3,2,0,222,1,4,41,3,37
0,0,57,22,5,389,1,0,36,0,0,0,0,1,0,0,0,0,3,8,5,8,5,0,0,0,8358,0,1067,0,0,0,1,0,6,0,3,4,10,1,1,167,1,5,11,0,0,5
112,22,4,1,149,5,36,1,109,6,11,24,2,1,23,6,4,11,5,104,14,0,10,2,6,10,8,25,684,217,10,3,14,194,2,10,28,8,97,12,16,0,4,0,20,1,11,18
0,580,0,0,61,0,26,117,0,22,0,0,83,0,388,1,359,23,1,3,10,0,6,1,66,330,0,283,4,519,12,70,14,12,20,11,290,3,0,73,361,0,24,3,0,734,531,1
16,1041,0,10,182,12,93,168,2,37,4,0,47,1,429,42,158,21,54,4,14,2,114,2,78,515,0,239,28,427,36,92,50,77,63,27,788,36,1,511,422,3,60,79,0,1686,567,7
1,61,0,0,584,1,296,12,0,0,2,0,2,0,15,5,19,84,2,2,1,0,5,0,3,1879,0,48,3,171,0,7,7,0,0,2,3,6,0,6,2003,0,5,6,0,109,1600,0
50,0,0,0,0,0,527,0,4,0,216,237,0,19,0,0,4,0,0,1,0,0,0,3,0,0,0,0,0,75,0,0,0,8,20,8,0,0,0,0,0,0,0,0,4,3,0,2
15,0,14,2,1,43,1239,0,487,0,12,42,0,119,0,0,1,1,3,0,466,1,0,16,0,1,5,0,14,3,0,0,0,812,1,27,3,6,451,2,0,4,165,2,49,2,0,9
11,1,3038,2356,6,166,34,0,178,0,47,439,0,12,0,11,0,0,55,1002,21,214,22,25,0,0,133,0,15,1,0,0,4,15,476,12,1,9,62,5,2,2831,4,2627,85,0,0,210
6,22,0,6,56,1,1,136,1,17,0,2,495,0,3,80,6,937,15,33,1292,237,18,0,242,433,1,25,1,4,93,305,483,0,6,4,78,258,0,177,46,4,11,1,0,58,17,55
1,21,0,5,18,128,0,3,0,1,1,1,4,0,2,482,3,4,609,95,16,25,1438,0,1,12,3,6,4,3,2,2,25,0,2,4,14,641,2,160,9,7,4,7,1,5,5,35
4,175,1,34,95,264,0,8,1,4,9,10,13,1,9,1135,7,14,2811,104,48,61,1157,1,5,9,1,10,13,16,3,4,45,2,31,1,24,270,4,508,12,31,4,33,3,16,11,315
0,2,0,5,13,15,0,0,0,0,0,0,1,0,1,242,2,3,318,5,6,8,547,0,0,6,8,1,3,3,0,0,12,0,12,0,1,4,0,18,4,4,0,38,1,3,5,43
0,21,0,0,12,0,0,82,0,15,0,0,875,0,49,2,28,305,0,0,73,6,0,0,120,0,0,19,0,0,122,245,60,0,1,2,81,1,0,8,1,1,1,0,0,3,3,0
0,1,0,0,0,0,0,38,0,8,0,0,402,0,0,0,1,14,0,0,3,1,0,0,19,10,0,3,0,0,9,150,23,0,0,0,0,0,0,0,0,0,0,0,0,2,0,0
14,1,1,1,1,3,60,1,845,3,4,19,0,1,0,0,0,6,0,0,9,0,1,1,4,4,3,6,19,0,0,4,0,385,0,204,37,2,314,6,1,3,1,0,44,3,1,0
0,26,1,8,20,3,0,264,0,1023,0,3,33,0,28,260,697,9,6,6,10,1,12,0,40,61,0,39,4,6,69,54,832,108,6,794,23,46,0,27,102,6,1494,24,0,52,38,15
790,0,0,1,0,0,12,0,2,0,108,82,0,3707,0,0,0,0,0,0,0,0,0,2353,0,0,0,0,0,0,0,0,0,0,336,0,1,0,0,0,0,0,0,0,78,0,0,0
59,0,0,274,0,0,23,0,1,0,1600,6,0,85,0,0,0,0,0,0,0,0,0,4,0,0,0,1,0,0,0,0,0,0,15,0,0,0,0,0,0,0,0,0,169,0,0,0
23,1,6,0,0,2,545,0,123,1,34,1529,0,42,1,0,1,0,0,0,0,0,0,21,3,1,10,2,24,7,0,1,0,385,10,80,46,1,303,24,0,12,0,0,289,7,2,3
3,0,49,79,0,0,6,0,10,0,2,106,0,18,0,0,0,0,0,32,0,2,0,53,0,0,4,0,1,0,0,0,0,1,10,2,14,0,25,0,0,12,0,4,305,0,0,3
0,48,0,0,2,0,0,25,0,11,0,0,56,0,10,0,13,40,0,0,7,0,0,0,20,6,0,17,0,14,7,31,15,2,6,4,71,3,0,13,6,0,2,0,0,90,13,0
0,228,0,0,49,2,15,10,0,14,0,1,105,0,20,28,114,16,2,2,52,4,7,0,3,40,0,39,0,147,3,9,189,0,1,14,228,12,0,124,356,0,13,10,0,111,481,4
4,4,25,45,8,52,1,0,7,1,6,28,2,6,1,232,3,6,3,704,22,42,27,4,2,0,0,1,7,1,1,0,47,4,19,9,10,4,12,49,0,4,5,15,213,3,3,301
0,6,1,0,474,5,0,47,1,17,0,0,147,0,0,22,7,105,3,3,389,419,5,0,33,54,0,1,0,0,5,160,143,0,1,4,47,361,0,30,300,0,17,0,0,104,2,10
0,3,0,0,149,0,21,0,0,6,0,0,5,0,16,3,94,0,4,204,1,0,4,0,2,69,0,4,3,323,0,2,10,0,0,23,0,4,2,4,491,0,26,1,0,16,118,8
351,0,0,6,0,3,11,0,1,0,48,50,0,926,0,0,0,0,0,10,0,0,0,1373,0,0,1,0,4,2,0,0,0,1,907,1,1,0,1,6,0,0,0,0,40,1,0,23
11,0,0,3,1,1,18,0,0,0,85,2,0,8,0,0,0,0,0,0,0,0,0,2,0,0,0,0,0,0,0,0,0,0,11,0,0,0,0,1,0,0,0,0,1,0,0,6
