0.53695,0.33458,0.70718,0.652,0.31916,0.29486,0.36758,0.14929,0.309,0.43272,0.60155,0.50387,0.21959,0.74795,0.39225,0.44041,0.45604,0.27668,0.65694,0.37751,0.44417,0.6707,0.39332,0.62828,0.20576,0.52562,0.97211,0.34113,0.76879,0.20878,0.1982,0.16903,0.33573,0.2927,0.36792,0.39482,0.25152,0.31673,0.17965,0.23672,0.43675,0.83246,0.56551,0.62372,0.58054,0.43742,0.38853,0.29268
0.45902
0,0,0,0,0,0,0,421,0,384,0,0,213,0,29,0,35,122,0,0,3,0,0,0,689,0,0,29,0,0,570,512,10,3,1,21,6,5,0,1,0,0,7,0,0,3,0,0
0,75,0,0,6,0,0,241,0,6,0,0,6,0,1427,0,8,0,2,0,2,0,0,0,260,26,0,1123,7,64,596,90,0,3,0,0,12,0,0,6,8,0,0,0,0,4,25,0
0,65,27,5,7,32,4,197,15,27,2,4,99,1,155,0,26,91,4,6,10,3,2,3,611,3,4,116,8,2,310,279,12,12,13,8,225,11,4,64,1,3,4,21,5,52,1,1
0,1,0,0,33,0,0,418,0,117,0,0,811,0,1,0,8,671,1,0,13,2,0,0,189,0,0,1,0,0,192,270,53,0,0,16,3,112,0,2,0,0,23,0,0,1,0,0
0,0,0,0,0,0,0,14,0,5,0,0,21,0,82,0,0,13,0,0,3,0,0,0,181,3,0,50,0,0,268,81,5,0,0,1,2,0,0,0,0,0,0,0,0,0,0,0
2,137,0,4,16,12,3,173,1,34,0,0,267,0,70,16,33,272,12,25,151,14,16,0,130,7,0,82,7,11,124,137,97,14,101,22,867,16,0,262,7,3,12,4,1,209,10,5
0,12,0,3,4,0,1,434,1,20,0,0,8,0,31,0,7,3,0,0,0,0,0,0,764,20,0,131,0,0,362,549,2,4,1,3,3,0,0,1,3,0,2,1,0,4,16,0
2,3,0,0,2,3,5,0,67,1,0,2,1,1,1,0,0,7,0,0,3,0,1,0,8,0,0,0,1,0,1,2,0,24,0,50,16,10,69,1,0,0,4,0,0,8,2,0
6,1,601,739,6,631,13,0,19,1,16,152,1,0,0,82,4,1,84,298,79,2328,50,5,0,1,26,0,23,3,0,0,5,3,437,2,0,36,193,2,6,209,9,1427,30,4,0,691
28,0,0,0,0,0,221,0,1,0,428,90,0,35,0,0,0,0,0,0,0,0,0,1,0,0,0,0,0,0,0,0,0,6,5,4,0,0,0,0,0,0,0,0,3,0,0,0
10,5,2,1,9,1,104,0,52,4,3,177,2,7,1,1,4,0,0,1,5,1,0,5,5,1,3,3,41,70,0,0,1,215,3,26,32,4,274,2,2,5,4,0,37,16,0,7
3,16,107,25,10,51,3,0,28,0,0,123,0,6,2,26,1,2,18,113,9,38,16,7,1,4,7,23,4,1,1,2,12,32,15,2,191,40,408,91,5,3,0,6,144,37,4,322
5,32,0,3,67,7,2,5,2,18,0,9,0,0,0,27,7,1,22,9,65,19,12,0,1,9,0,2,1,32,0,1,166,1,5,20,8,2,1,206,12,5,0,18,1,20,10,955
0,264,0,0,5,0,1,137,0,81,0,0,83,0,898,0,383,12,4,0,11,0,3,0,273,38,0,621,4,235,218,158,7,19,0,14,137,0,0,30,17,0,7,0,0,126,64,0
1,1,0,0,9,0,0,9,1,0,0,0,133,0,0,3,1,580,0,0,120,10,1,0,5,2,0,0,0,0,11,16,28,0,0,1,5,7,0,3,0,0,1,0,0,1,0,0
1,29,2,0,7,80,0,1,1,2,1,1,2,0,1,115,0,1,149,2,2,1,163,0,1,0,0,4,0,4,0,0,7,0,0,1,13,35,1,74,2,2,1,2,0,4,2,3
2,2,291,8,15,39,1,0,563,1,2,5,0,0,0,5,0,1,2,15,8,5,7,7,0,0,11,0,4,0,1,0,2,4,24,3,3,69,84,4,0,29,1,5,38,0,1,1
2,73,0,1,9,6,0,29,1,1402,0,0,12,0,51,3,1639,5,4,1,3,1,4,0,8,9,0,51,8,159,9,21,324,23,0,808,51,12,0,41,12,1,473,5,1,149,17,0
0,258,0,0,63,0,4,84,0,0,0,0,3,0,77,0,13,6,0,1,0,0,1,0,46,305,0,315,1,33,23,30,0,1,0,0,14,0,0,3,294,0,0,0,0,50,657,0
2,0,19,11,0,3,4,0,12,0,5,15,0,6,0,0,0,0,0,33,0,0,0,8,0,0,3,0,3,0,0,0,0,4,2,5,2,0,11,0,0,7,0,3,2040,0,0,3
0,2,0,0,2,0,77,0,220,0,3,7,1,5,0,1,2,0,2,2,172,1,1,1,1,0,0,0,1,8,0,0,3,174,3,27,4,5,128,0,1,0,254,0,9,37,1,37
0,1,54,23,2,554,0,0,38,0,0,0,0,0,0,0,0,0,3,7,5,8,2,0,0,0,6972,0,2271,0,0,0,2,1,6,0,0,8,9,5,1,179,0,9,13,0,0,7
105,27,3,1,142,6,45,1,114,6,9,34,4,1,24,4,5,8,3,132,20,0,10,2,5,13,3,19,485,224,11,1,17,254,3,10,30,3,169,18,14,1,4,1,19,6,10,34
0,647,0,0,111,0,15,61,0,24,0,0,83,0,329,1,392,21,2,7,13,0,7,0,49,289,0,256,1,542,20,62,9,11,15,13,321,3,0,117,330,0,22,0,0,785,483,1
14,1165,1,14,244,26,89,139,3,34,4,0,49,0,322,44,151,18,79,8,20,3,120,0,66,433,0,266,14,473,40,82,55,70,62,32,762,33,1,615,372,4,41,36,1,1695,532,13
1,76,0,0,788,1,253,9,0,0,3,0,3,0,17,11,21,33,3,5,0,0,4,0,1,1980,0,34,3,149,0,7,6,0,0,2,1,11,1,8,1809,0,5,1,0,146,1558,0
48,0,0,1,1,0,537,0,6,0,232,242,0,15,0,0,2,0,0,1,0,0,0,4,0,0,0,0,0,54,0,0,0,7,17,5,0,0,0,0,0,0,0,0,4,3,0,2
48,0,10,2,0,16,1202,0,551,0,10,35,1,89,0,0,1,0,2,0,462,1,0,21,0,0,7,0,4,3,0,0,0,814,1,22,0,12,475,0,0,5,135,4,69,2,0,14
7,0,2927,2385,3,190,42,0,128,0,44,363,0,9,0,11,0,0,38,1091,16,213,27,21,0,0,115,0,17,1,0,0,7,9,504,14,0,17,44,4,1,2867,0,2750,93,0,0,172
3,19,0,6,58,3,1,147,0,17,0,2,460,0,5,64,5,923,18,28,1464,176,17,0,203,421,0,29,1,3,76,274,444,0,1,7,91,284,0,225,40,4,19,1,0,38,22,67
1,18,1,2,9,135,0,2,0,1,0,0,7,0,1,472,2,8,626,94,16,27,1473,0,1,7,1,3,6,1,2,1,22,0,4,5,14,674,2,98,5,8,4,0,2,9,3,44
8,171,3,32,57,265,0,8,2,5,4,14,11,0,8,1286,4,10,2656,69,49,60,1192,2,3,6,0,5,6,9,4,2,49,2,76,4,23,290,4,391,9,47,3,23,8,21,8,428
0,3,0,7,11,26,0,0,0,0,0,0,1,0,0,264,2,1,289,3,4,6,571,0,0,6,4,0,3,3,0,0,10,0,13,0,0,5,1,14,2,4,0,35,1,2,6,37
0,24,0,0,12,0,0,67,0,16,0,0,852,0,43,0,18,357,0,0,62,4,0,0,100,0,0,25,0,1,93,267,56,0,0,3,118,1,0,11,1,1,0,0,0,3,1,0
0,1,0,0,0,0,0,37,0,8,0,0,404,0,0,0,1,14,0,0,3,2,0,0,23,4,0,3,0,0,7,158,16,0,0,0,0,0,0,0,0,0,0,0,0,2,1,0
14,4,1,0,1,1,57,2,889,4,4,19,0,2,0,0,0,2,0,0,6,0,1,1,5,3,1,7,10,0,0,3,0,362,0,187,32,6,336,7,1,2,2,0,34,5,1,0
0,38,0,9,19,2,0,217,0,967,0,3,34,0,24,199,647,12,4,6,6,3,9,0,39,48,0,38,0,4,57,49,934,147,8,946,18,44,0,26,88,11,1446,24,0,78,30,16
1039,0,0,0,0,0,12,0,1,0,118,68,0,3463,0,0,0,0,0,0,0,0,0,2346,0,0,1,0,0,0,0,0,0,0,348,0,0,0,0,2,0,0,0,0,72,0,0,0
57,0,0,283,0,0,22,0,1,0,1629,6,0,74,0,0,0,0,0,0,0,0,0,4,0,0,0,1,0,0,0,0,0,1,16,0,0,0,0,0,0,0,0,0,143,0,0,0
36,3,6,0,0,0,487,1,144,1,40,1564,0,41,1,0,0,0,0,0,0,0,0,21,1,1,9,2,16,7,0,0,0,549,4,64,19,0,382,5,2,19,0,0,107,3,1,3
1,0,59,51,0,1,6,0,8,0,1,92,0,19,0,0,0,0,0,33,0,2,0,51,0,0,4,0,2,0,0,0,0,5,10,2,10,0,30,0,0,14,0,7,331,0,0,2
0,54,0,0,3,0,0,16,0,11,0,0,53,0,11,1,8,46,0,0,5,0,0,0,17,1,0,14,0,12,5,27,17,1,3,4,88,3,0,21,7,0,3,1,0,92,8,0
0,246,0,1,72,2,13,5,0,11,0,0,99,0,17,39,73,16,4,2,50,5,6,0,2,36,0,35,0,140,3,9,193,0,0,14,264,17,0,165,349,1,14,6,0,125,409,10
3,1,24,35,8,44,1,0,6,0,3,12,1,6,0,225,4,3,7,665,23,44,17,4,2,0,0,1,0,2,1,0,63,5,14,7,11,6,14,41,0,10,3,17,265,5,2,338
0,6,0,0,527,2,0,32,1,21,0,0,149,0,0,19,2,76,2,2,412,494,9,0,20,45,0,1,1,0,2,154,135,0,1,6,47,337,0,23,250,0,19,0,0,115,5,8
0,2,0,0,131,0,18,0,0,11,1,1,6,0,10,1,85,0,2,223,1,0,3,0,3,46,0,2,0,346,0,4,13,0,0,14,4,10,2,4,491,0,35,1,0,14,120,12
477,0,1,3,0,0,11,0,1,0,57,60,0,843,0,0,0,0,0,8,0,0,0,1219,0,0,1,0,1,0,0,0,0,1,1007,1,0,0,1,5,0,0,0,1,43,1,0,25
9,0,0,3,0,1,16,0,0,0,89,4,0,7,0,0,0,0,1,0,0,0,0,1,0,0,0,0,0,0,0,0,0,0,14,0,0,0,0,0,0,0,0,0,0,0,0,5
