0.54527,0.33199,0.70881,0.65204,0.31749,0.29703,0.36469,0.15119,0.31103,0.4322,0.60125,0.49984,0.22013,0.74843,0.39254,0.44372,0.45276,0.27513,0.65747,0.37483,0.44597,0.66772,0.39658,0.62805,0.20534,0.52515,0.97024,0.33979,0.7771,0.21097,0.19774,0.16795,0.33333,0.29284,0.36907,0.39265,0.25159,0.31673,0.17962,0.23409,0.43624,0.83076,0.56155,0.62261,0.58094,0.43502,0.38979,0.298
0.45886
0,0,0,0,0,0,0,426,0,387,0,0,207,0,27,0,37,123,0,0,3,0,0,0,692,0,0,28,0,0,564,513,9,3,1,23,6,5,0,1,0,0,6,0,0,3,0,0
0,77,0,0,7,0,0,239,0,5,0,0,6,0,1432,0,8,0,1,0,2,0,1,0,256,26,0,1122,7,65,595,90,0,3,0,0,12,0,0,6,9,0,0,0,0,4,24,0
0,64,28,6,9,29,4,198,17,27,2,4,100,1,152,1,25,94,4,5,9,3,2,3,609,2,4,114,9,2,307,283,12,13,13,11,224,11,4,64,1,5,5,19,5,49,1,1
0,1,0,0,35,0,0,414,0,118,0,0,814,0,1,0,6,671,1,0,11,2,0,0,191,0,0,1,0,0,194,267,52,0,0,21,3,109,0,2,0,0,23,0,0,1,0,0
0,0,0,0,0,0,0,12,0,5,0,0,21,0,83,0,0,13,0,0,3,0,0,0,182,3,0,51,0,0,269,79,5,0,0,1,2,0,0,0,0,0,0,0,0,0,0,0
2,130,0,4,15,8,4,170,1,37,0,0,267,0,71,14,33,279,13,22,145,15,22,0,129,8,0,79,7,12,129,133,97,14,103,23,868,14,0,266,7,3,13,3,1,210,9,6
0,12,0,3,5,0,1,438,1,19,0,0,8,0,32,0,7,3,0,0,0,0,0,0,761,20,0,132,0,0,365,545,2,4,1,3,2,0,0,1,3,0,2,1,0,4,15,0
1,2,0,0,2,2,8,0,66,1,1,1,1,1,0,0,0,7,0,1,2,0,1,0,8,1,0,0,1,0,1,2,0,21,0,51,18,10,71,0,0,0,4,0,1,6,3,0
7,0,599,728,7,630,15,0,19,1,16,153,1,1,0,76,3,1,85,293,77,2327,51,5,0,1,26,0,19,3,0,0,7,1,436,3,0,36,196,3,6,213,8,1441,33,5,0,692
28,0,0,0,0,0,222,0,1,0,428,89,0,36,0,0,0,0,0,0,0,0,0,1,0,0,0,0,0,0,0,0,0,6,5,3,0,0,0,0,0,0,0,0,3,0,0,0
10,6,3,1,8,1,104,0,53,4,3,178,2,5,1,0,3,0,0,1,5,1,1,5,5,0,3,3,37,71,0,0,2,215,3,25,31,3,284,3,0,5,4,0,33,17,0,7
3,14,102,25,10,49,2,0,30,1,0,125,0,6,0,24,1,2,18,116,10,39,16,7,0,4,7,23,4,1,2,1,10,31,17,2,186,40,414,96,4,4,1,7,142,35,5,323
5,32,0,4,68,4,2,4,1,18,0,9,0,0,0,28,11,2,25,5,61,22,11,0,1,9,0,2,1,28,0,1,165,1,5,16,9,1,0,204,11,5,0,16,1,18,12,970
0,266,0,0,5,0,1,131,0,79,0,0,85,0,900,0,381,11,5,0,11,0,3,0,273,40,0,628,4,236,219,156,7,19,0,15,136,0,0,28,16,0,7,0,0,127,61,0
0,1,0,0,8,0,0,10,2,0,0,0,135,0,0,3,1,580,0,0,121,10,1,0,5,2,0,0,0,0,9,17,26,0,0,1,6,6,0,3,0,0,1,0,0,1,0,0
1,27,2,0,8,79,0,1,1,2,1,1,2,0,2,117,1,1,150,3,2,1,160,0,1,0,0,4,0,5,0,0,6,0,1,0,13,36,1,72,2,2,0,2,0,5,2,3
1,2,290,9,16,39,1,0,567,1,2,6,0,0,0,5,0,1,2,15,8,5,6,4,0,0,13,0,3,0,1,0,1,4,22,4,4,64,85,4,0,29,1,4,42,0,1,1
2,75,0,1,9,6,0,28,1,1396,0,0,11,0,50,3,1634,4,2,2,3,1,4,0,8,8,0,52,8,160,9,21,323,23,0,816,49,12,0,39,12,0,482,4,1,151,18,0
0,257,0,0,64,0,4,85,0,0,0,0,2,0,80,0,12,6,0,1,0,0,1,0,46,304,0,318,1,32,22,29,0,1,0,0,13,0,0,3,295,0,0,0,0,51,655,0
0,0,19,11,0,3,5,0,12,0,5,16,0,5,0,0,0,0,0,33,0,0,0,9,0,0,3,0,3,0,0,0,0,4,2,4,2,0,9,0,0,8,0,3,2042,0,0,3
0,2,0,0,1,1,75,0,220,0,3,9,1,6,0,1,1,0,2,2,174,1,1,1,0,0,0,0,0,8,0,0,0,170,2,29,5,4,128,2,1,0,259,0,9,38,1,35
0,1,52,24,2,551,0,0,40,0,0,0,0,0,0,0,0,0,3,7,5,8,2,0,0,0,6945,0,2301,0,0,0,2,1,6,0,0,7,9,5,1,179,0,10,12,0,0,7
104,27,2,1,143,5,45,3,115,6,10,34,2,1,26,4,5,8,3,131,21,0,11,2,4,12,4,21,479,222,10,1,19,258,3,8,32,6,167,17,15,2,3,1,21,4,10,32
0,650,0,0,111,0,16,60,0,24,0,0,82,0,328,1,395,20,2,6,13,0,7,0,49,288,0,255,1,546,21,63,10,11,14,11,329,2,0,119,327,0,21,0,0,775,484,1
14,1150,1,17,260,23,89,131,3,36,4,0,45,0,324,48,158,17,82,8,21,4,118,0,66,433,0,264,13,471,42,82,53,75,63,33,762,35,1,607,366,3,45,43,1,1677,541,16
1,74,0,0,795,1,255,7,0,0,3,0,3,0,18,11,21,33,3,5,1,0,5,0,1,1973,0,38,3,146,0,7,8,0,0,2,1,11,1,10,1796,0,6,1,0,145,1565,0
43,0,0,1,0,0,550,0,5,0,233,240,0,15,0,0,3,0,0,1,0,0,0,4,0,0,0,0,0,47,0,0,0,8,16,4,0,0,1,0,0,0,0,0,4,4,0,2
48,0,8,1,1,17,1194,0,549,1,9,41,0,88,0,0,1,0,2,0,461,1,0,22,0,0,11,0,3,3,0,0,1,822,0,19,0,8,476,1,0,6,135,4,73,2,0,10
9,0,2921,2378,3,195,43,0,117,0,43,369,0,11,0,11,0,0,37,1084,15,208,23,22,0,0,123,0,12,1,0,0,8,5,528,14,0,19,45,6,2,2847,1,2765,91,1,0,173
3,19,0,6,53,3,2,156,0,12,0,2,468,0,3,64,5,917,14,29,1457,178,15,0,201,421,0,29,1,3,79,277,449,1,1,7,86,293,0,224,41,4,15,1,0,38,24,65
1,17,1,4,7,137,0,1,0,1,0,0,6,0,1,459,3,8,630,97,17,28,1484,0,1,8,1,2,4,1,2,2,20,0,4,5,15,674,2,98,7,8,3,0,2,9,2,39
6,171,3,34,56,262,0,8,2,4,5,14,15,0,9,1297,4,9,2668,67,45,60,1182,1,4,6,0,4,6,6,4,2,54,2,74,1,26,295,4,389,10,42,4,23,7,26,7,419
0,3,0,8,10,26,0,0,0,0,0,0,1,0,0,270,1,1,285,2,4,6,569,0,0,6,4,1,3,5,0,0,9,0,14,0,0,7,1,13,3,4,0,35,1,2,6,34
0,24,0,0,12,0,0,67,0,16,0,0,855,0,43,0,18,356,0,0,62,4,0,0,102,0,0,24,0,1,92,267,55,0,0,3,117,1,0,11,1,1,0,0,0,3,1,0
0,1,0,0,0,0,0,36,0,8,0,0,406,0,0,0,1,14,0,0,3,2,0,0,22,4,0,3,0,0,7,158,15,0,0,0,1,0,0,0,0,0,0,0,0,2,1,0
13,4,1,0,3,1,58,2,897,4,4,18,0,2,0,0,0,2,0,0,7,0,1,1,5,2,1,8,9,0,1,3,0,362,0,188,32,5,327,5,1,2,1,0,37,4,1,0
0,42,0,8,15,2,0,217,0,967,0,2,30,0,27,201,657,11,4,5,7,3,10,0,38,50,0,37,0,4,53,53,927,147,9,940,17,45,0,26,91,11,1446,26,0,73,31,18
1054,0,0,0,0,0,13,0,1,0,117,69,0,3463,0,0,0,0,0,0,0,0,0,2342,0,0,1,0,0,0,0,0,0,0,340,0,0,0,0,1,0,0,0,0,69,0,0,0
56,0,0,282,0,0,20,0,1,0,1630,6,0,75,0,0,0,0,0,0,0,0,0,4,0,0,0,1,0,0,0,0,0,1,16,0,0,0,0,0,0,0,0,0,145,0,0,0
35,3,7,0,0,0,478,1,147,0,41,1554,0,44,2,0,0,0,0,0,1,0,0,20,2,1,7,3,18,6,0,0,0,570,4,60,17,0,376,9,2,22,0,0,102,3,1,3
1,0,58,50,0,1,6,0,7,0,1,92,0,20,0,0,0,0,0,33,0,2,0,53,0,0,4,0,2,0,0,0,0,4,8,1,11,0,31,0,0,14,0,8,332,0,0,2
0,52,0,0,3,0,0,15,0,10,0,0,52,0,11,1,7,46,0,0,5,0,0,0,19,1,0,14,0,12,4,28,18,1,3,5,87,3,0,18,7,0,4,1,0,97,8,0
0,247,0,1,75,2,13,4,0,11,0,0,98,0,16,38,74,16,5,2,49,5,6,0,2,35,0,35,0,141,3,8,196,0,0,14,264,17,0,164,346,1,13,5,0,136,402,9
5,2,23,34,7,41,1,1,6,0,3,11,1,5,0,228,3,3,7,679,22,47,17,2,2,0,0,2,0,2,1,0,65,5,13,6,10,6,15,40,2,7,3,16,261,2,3,334
0,6,1,0,535,2,0,32,1,20,0,0,151,0,0,17,3,74,2,2,403,502,8,0,18,44,0,2,1,1,3,153,138,0,1,6,48,334,0,24,246,0,22,0,0,112,4,7
0,3,0,0,136,0,18,0,0,9,0,1,6,0,9,1,86,0,2,227,1,0,3,0,3,45,0,2,0,346,1,4,10,0,0,15,6,9,2,4,486,0,37,1,0,14,117,12
471,0,0,3,0,0,9,0,1,0,58,61,0,835,0,0,0,0,0,8,0,0,0,1220,0,0,1,0,1,1,0,0,0,1,1019,1,0,0,0,5,0,0,0,1,44,1,0,26
9,0,0,3,0,1,16,0,0,0,89,4,0,7,0,0,0,0,1,0,0,0,0,1,0,0,0,0,0,0,0,0,0,0,14,0,0,0,0,0,0,0,0,0,0,0,0,5
