0.55217,0.34071,0.7064,0.64288,0.32451,0.30766,0.36339,0.15638,0.31148,0.42897,0.60527,0.50801,0.21772,0.74529,0.39799,0.45078,0.45513,0.27611,0.65356,0.36468,0.44919,0.66991,0.39838,0.63263,0.20982,0.52224,0.97162,0.34422,0.82463,0.2146,0.20415,0.1612,0.33656,0.28453,0.37297,0.405,0.24692,0.32608,0.17131,0.24724,0.4346,0.84153,0.57182,0.63747,0.59179,0.43012,0.40105,0.30897
0.46132
0,0,0,0,0,0,0,446,0,386,0,0,217,0,29,0,33,136,0,0,3,0,0,0,688,0,0,30,0,0,536,502,9,3,1,23,7,5,0,1,0,0,6,0,0,3,0,0
0,75,0,0,6,0,0,218,0,5,0,0,5,0,1424,0,9,0,1,0,2,0,1,0,245,29,0,1149,5,65,610,83,0,3,0,0,13,0,0,9,9,0,0,0,0,6,25,0
2,66,27,5,9,33,2,200,17,27,1,4,96,0,147,0,28,94,5,8,11,1,2,5,596,2,5,114,7,2,310,284,15,12,14,10,227,8,4,60,1,3,6,23,6,53,1,2
0,1,0,0,29,0,0,420,0,112,0,0,822,0,1,0,3,669,0,0,15,2,0,0,195,0,0,1,0,0,180,269,52,0,0,24,4,111,0,3,0,0,24,0,0,1,0,0
0,0,0,0,0,0,0,17,0,5,0,0,19,0,81,0,0,15,0,0,2,0,0,0,174,3,0,53,0,0,268,84,5,0,0,1,2,0,0,0,0,0,0,0,0,0,0,0
3,128,1,5,16,9,2,160,1,33,0,0,252,0,67,13,35,296,15,21,146,13,24,0,141,9,0,74,5,14,123,145,100,17,106,26,842,15,0,291,7,4,15,3,1,197,9,2
0,11,0,3,5,0,1,436,1,17,0,0,6,0,32,0,6,3,0,0,0,0,0,0,769,21,0,141,0,0,376,521,3,4,1,4,3,0,0,1,2,0,2,1,0,5,15,0
2,1,0,0,3,2,4,0,72,1,0,0,0,1,0,0,1,8,0,1,1,0,0,0,10,1,0,0,1,2,0,2,0,21,0,48,14,7,75,0,0,0,3,0,1,11,2,0
9,0,602,791,6,671,13,0,20,1,15,152,1,1,0,86,4,2,82,303,76,2344,57,6,0,1,27,0,17,2,0,0,9,2,446,1,1,14,203,3,6,198,9,1344,27,5,0,667
27,0,0,0,0,0,215,0,1,0,431,99,0,34,0,0,0,0,0,0,0,0,0,1,0,0,0,0,0,0,0,0,0,5,5,2,0,0,1,0,0,0,0,0,1,0,0,0
13,4,1,1,11,1,121,0,50,4,5,183,3,5,1,0,2,0,0,1,6,2,1,3,4,2,4,2,31,55,0,0,1,225,2,14,16,5,308,1,0,4,4,0,24,20,0,6
3,13,99,26,10,46,3,0,32,0,0,120,0,5,1,22,2,2,16,120,9,37,15,10,0,6,11,22,3,0,2,1,10,25,13,2,165,43,436,103,4,5,0,7,141,34,4,331
3,24,0,3,52,5,3,7,1,22,0,10,0,0,0,26,9,1,20,10,70,24,11,0,1,8,0,1,1,6,0,0,163,0,6,19,7,2,3,168,12,4,0,18,1,16,11,1040
0,270,0,0,3,0,1,119,0,78,0,0,81,0,901,0,379,12,3,0,13,0,3,0,251,37,0,634,1,243,221,156,6,21,0,14,149,0,0,37,19,0,6,0,0,134,58,0
0,0,0,0,9,0,0,9,1,2,0,0,130,0,0,3,1,585,0,0,124,10,0,0,5,2,0,0,1,0,11,15,23,0,0,1,6,6,0,3,0,0,1,0,0,1,0,0
1,29,2,1,6,84,1,3,0,2,1,1,2,0,2,118,0,1,149,1,2,2,163,0,1,1,0,4,0,5,0,0,6,0,1,1,12,36,0,64,1,1,1,1,0,5,3,3
0,0,293,8,19,37,1,0,560,1,2,6,0,1,0,6,0,1,5,14,9,5,4,7,0,0,10,0,6,0,1,0,1,5,22,4,2,67,86,4,0,29,1,4,39,0,1,2
2,85,0,1,10,6,0,29,0,1368,0,0,10,0,49,3,1618,4,4,2,3,0,4,0,8,7,0,58,7,158,10,19,317,25,0,853,53,12,0,45,11,0,473,5,1,152,15,1
0,261,0,0,65,0,2,81,0,0,0,0,3,0,70,0,14,2,0,1,0,0,3,0,45,312,0,314,1,35,24,33,0,1,0,0,8,0,0,4,293,0,0,0,0,59,651,0
1,0,17,9,0,3,5,0,11,0,6,11,0,6,0,0,0,0,0,32,0,0,0,7,0,0,4,0,2,0,0,0,0,8,2,4,2,0,11,0,0,7,0,4,2047,0,0,2
0,1,0,0,0,2,74,0,225,0,3,12,1,6,0,1,2,0,2,2,174,0,1,2,1,0,0,0,1,8,0,0,1,178,3,24,3,3,126,0,1,0,249,3,6,40,1,36
0,0,50,24,4,540,0,0,41,0,0,0,0,0,0,0,0,0,3,7,4,7,2,0,0,0,6676,0,2591,0,0,0,2,1,6,0,0,8,10,5,1,168,0,10,13,0,0,7
102,25,1,1,146,7,59,2,122,8,9,29,3,1,23,3,5,8,4,148,19,0,10,2,5,12,3,22,385,224,14,3,18,276,3,7,33,7,192,16,17,1,3,1,17,7,10,47
0,665,0,0,122,0,14,56,0,25,0,0,76,0,307,1,390,21,3,6,14,0,6,0,42,287,0,256,0,541,21,68,10,8,14,13,332,2,0,142,333,0,18,0,0,773,475,1
11,1186,1,9,272,26,84,125,3,40,5,0,42,0,310,49,164,18,80,9,24,5,106,0,59,424,0,263,9,478,42,84,55,68,64,29,757,27,1,649,368,3,45,37,2,1665,532,15
0,70,0,0,809,1,252,4,0,0,3,0,3,0,16,9,20,30,3,5,0,0,4,0,1,1961,0,35,3,151,0,9,7,0,0,2,1,12,0,9,1771,0,6,1,0,155,1597,0
48,0,0,1,0,0,573,0,8,0,228,248,0,15,0,0,5,0,0,1,0,0,0,3,0,0,0,0,0,17,0,0,1,11,13,1,0,0,0,0,0,0,0,0,2,3,0,3
49,0,10,1,0,13,1205,0,572,0,10,41,1,90,0,0,1,0,1,1,462,1,0,20,0,0,8,1,5,2,0,0,0,824,1,18,0,10,467,1,0,5,121,2,65,1,0,9
8,0,2880,2369,0,206,51,0,110,0,40,354,0,11,0,11,0,0,40,1082,18,191,26,23,0,1,107,0,18,1,0,0,8,6,525,14,0,18,47,3,1,2910,1,2773,99,1,0,177
6,16,0,4,52,2,1,152,2,16,0,2,447,0,3,49,5,936,18,26,1503,133,20,0,208,418,0,23,1,5,75,276,438,0,0,7,99,290,0,236,45,4,17,0,0,35,22,74
1,15,1,3,6,139,0,1,0,1,0,0,7,0,1,446,1,8,616,98,15,26,1521,0,1,7,0,4,6,1,3,1,25,1,4,5,14,674,2,76,7,11,3,0,1,10,4,45
5,161,3,36,55,263,1,6,1,5,5,9,10,0,11,1328,4,10,2592,80,57,60,1241,0,3,7,1,8,6,4,3,3,55,1,75,1,25,289,4,340,11,47,2,19,8,21,8,453
0,2,0,8,10,30,0,0,0,0,0,0,1,0,0,288,1,0,281,4,6,6,544,0,0,6,0,0,3,4,0,0,11,0,14,0,0,6,1,11,4,6,0,35,1,2,5,44
0,24,0,0,12,0,0,70,0,17,0,0,833,0,40,0,17,359,0,0,71,5,0,0,99,0,0,24,0,0,93,265,52,0,0,4,131,1,0,13,1,1,0,0,0,4,0,0
0,1,0,0,0,0,0,35,0,8,0,0,410,0,0,0,0,11,0,0,3,2,0,0,21,4,0,2,0,0,7,161,14,0,0,0,1,0,0,1,0,0,0,0,0,2,1,0
13,3,1,0,2,1,54,1,912,3,4,18,0,3,0,0,0,4,0,1,4,0,1,1,5,2,1,10,8,0,0,3,0,361,0,183,24,7,337,5,1,2,1,0,32,3,1,0
0,39,0,8,10,2,0,198,0,959,0,1,33,0,24,201,609,10,6,7,7,4,9,0,37,53,0,39,0,4,49,52,940,162,9,989,18,40,0,30,92,11,1457,25,0,75,25,16
1143,0,0,0,0,0,12,0,2,0,120,70,0,3403,0,0,0,0,0,0,0,0,0,2311,0,0,1,0,0,0,0,0,0,0,333,0,0,0,0,1,0,0,0,0,74,0,0,0
48,0,0,284,0,0,20,0,1,0,1653,6,0,76,0,0,0,0,0,0,0,0,0,4,0,0,0,1,0,0,0,0,0,1,13,0,0,0,0,0,0,0,0,0,130,0,0,0
43,3,8,0,3,1,469,1,146,0,39,1586,0,39,2,0,0,0,0,0,0,0,0,24,2,1,9,2,15,4,0,0,0,608,2,54,12,0,367,7,1,15,0,0,65,6,2,3
1,0,59,48,0,1,6,0,6,0,2,88,0,19,0,0,0,0,0,34,0,2,0,49,0,0,3,0,1,0,0,0,0,4,8,1,11,0,29,0,0,12,0,11,344,0,0,2
0,54,0,0,2,0,0,17,0,10,0,0,49,0,8,0,9,50,0,0,3,0,0,0,19,1,0,16,0,12,3,28,18,1,3,5,88,4,0,20,8,0,4,1,0,92,7,0
0,239,0,0,75,3,17,6,0,10,0,0,88,0,18,33,72,16,5,3,48,6,9,0,2,38,0,32,0,136,2,11,205,0,0,13,266,16,0,178,360,1,12,3,0,142,378,10
5,1,19,31,7,42,1,1,7,0,4,13,1,4,0,229,3,2,6,699,22,46,18,4,1,0,0,1,0,2,1,1,58,6,11,5,11,6,14,40,1,6,2,18,270,4,3,317
0,6,1,0,521,4,0,32,1,15,0,0,168,0,0,20,1,76,3,2,399,565,9,0,23,47,0,0,1,1,3,150,140,1,1,8,44,309,0,31,196,0,23,0,0,113,2,7
0,2,0,0,126,0,24,0,0,8,0,0,6,0,10,1,102,0,2,229,1,0,3,0,3,45,0,2,0,339,0,3,14,0,0,7,6,7,2,6,491,0,33,1,0,15,114,14
513,0,1,3,0,0,8,0,2,0,57,55,0,839,0,0,0,0,0,9,0,0,0,1170,0,0,1,0,1,0,0,0,1,1,1032,1,1,0,0,8,0,0,0,0,40,0,0,24
8,0,0,2,0,1,17,0,0,0,88,4,0,7,0,0,0,0,1,0,0,0,0,1,0,0,0,0,0,0,0,0,0,0,14,0,0,0,0,0,0,0,0,0,1,0,0,6
