0.53899,0.3344,0.70748,0.65226,0.31966,0.29103,0.36355,0.1489,0.3112,0.43045,0.6026,0.4896,0.21914,0.74553,0.39128,0.43866,0.45429,0.27922,0.65813,0.37902,0.44185,0.67208,0.39163,0.62679,0.20303,0.52187,0.97012,0.33924,0.75348,0.21144,0.1974,0.17124,0.33803,0.29534,0.36828,0.39203,0.2485,0.31814,0.17803,0.23931,0.43576,0.83314,0.56345,0.61812,0.57707,0.43242,0.38498,0.28954
0.45782
0,0,0,0,0,0,0,407,0,382,0,0,214,0,29,0,39,119,0,0,3,0,0,0,691,0,0,29,0,0,582,513,10,3,1,21,6,5,0,1,0,0,6,0,0,3,0,0
0,78,0,0,5,0,0,243,0,6,0,0,6,0,1427,0,9,0,1,0,2,0,1,0,269,26,0,1110,7,59,593,93,0,3,0,0,14,0,0,6,8,0,0,0,0,5,26,0
0,66,22,6,6,34,5,196,16,29,2,5,103,0,148,0,24,89,5,6,11,4,2,4,623,1,6,115,8,1,311,281,11,10,13,9,218,13,4,60,1,1,4,23,6,52,1,0
0,1,0,0,33,0,0,410,0,114,0,0,808,0,1,0,6,669,1,0,13,1,0,0,185,0,0,0,0,0,199,279,55,0,0,18,4,113,0,2,0,0,24,0,0,2,0,0
0,0,0,0,0,0,0,13,0,5,0,0,20,0,85,0,0,15,0,0,2,0,0,0,178,3,0,49,0,0,264,86,6,0,0,1,2,0,0,0,0,0,0,0,0,0,0,0
3,134,0,4,17,11,4,163,1,39,0,0,269,0,67,14,33,271,12,25,145,14,23,0,140,7,0,77,6,12,124,139,99,14,105,22,868,16,0,254,7,3,12,4,1,212,10,5
0,12,0,3,4,0,1,426,1,20,0,0,8,0,32,0,5,3,0,0,0,0,0,0,763,20,0,133,0,0,355,562,2,4,1,2,4,0,0,1,3,0,3,1,0,5,16,0
2,2,0,0,1,3,4,0,69,1,0,2,1,1,1,0,0,8,0,0,2,0,1,0,9,0,0,0,1,0,1,2,0,20,0,52,16,8,70,1,0,0,3,0,1,12,1,0
8,1,598,737,5,610,12,0,17,1,17,158,1,1,0,84,4,1,81,295,78,2316,48,5,0,1,29,0,20,2,0,0,8,4,431,1,1,36,199,2,6,216,9,1455,24,5,0,697
26,0,0,0,0,0,223,0,1,0,426,89,0,36,0,0,0,0,0,0,0,0,0,1,0,0,0,0,0,0,0,0,0,4,7,2,0,0,1,0,0,0,0,0,6,0,0,0
9,5,3,1,7,1,105,0,54,4,3,179,2,6,2,1,3,0,0,1,4,2,2,7,4,1,3,3,41,68,0,0,1,211,4,26,44,3,268,3,0,5,5,0,32,16,0,7
3,17,103,27,10,49,3,0,32,1,0,128,0,4,0,23,2,2,18,112,8,37,15,6,1,5,8,21,4,2,1,2,9,29,17,2,188,39,406,96,4,3,3,7,138,37,6,331
5,35,0,2,71,7,3,4,2,18,0,9,0,0,0,28,8,3,25,6,61,17,12,0,1,8,0,1,2,35,0,0,171,1,6,16,8,1,1,201,12,5,0,19,1,22,9,952
0,261,0,0,5,0,1,134,0,81,0,0,85,0,910,0,386,12,5,0,10,0,3,0,279,37,0,616,4,228,214,159,6,19,0,15,137,0,0,29,18,0,7,0,0,124,65,0
1,1,0,0,8,0,0,8,2,1,0,0,139,0,0,3,1,578,0,0,118,12,1,0,5,2,0,0,0,0,10,15,24,0,0,1,6,7,0,3,0,0,1,0,0,2,0,0
1,29,2,0,8,68,1,2,0,2,1,1,1,0,1,114,0,1,152,3,2,1,165,0,1,1,0,4,0,4,0,0,8,0,1,1,12,32,1,79,2,2,1,3,0,5,3,2
1,3,285,9,16,36,1,0,568,1,2,8,0,0,0,5,0,1,2,17,10,5,7,7,0,0,10,0,4,0,1,0,2,4,22,4,4,65,87,4,0,30,1,4,35,0,1,1
2,71,0,1,8,4,0,30,1,1405,0,0,12,0,53,4,1640,4,2,2,3,1,4,0,10,7,0,51,7,162,10,21,329,22,0,806,52,13,0,39,12,0,467,5,1,150,16,1
0,253,0,0,60,0,5,83,0,0,0,0,3,0,77,0,13,6,0,1,0,0,1,0,46,309,0,314,1,33,21,28,0,1,0,0,13,0,0,3,298,0,0,0,0,49,664,0
3,0,27,10,0,4,4,0,12,0,6,16,0,5,0,0,0,0,0,32,0,0,0,5,0,0,4,0,2,0,0,0,0,3,4,5,2,0,10,0,0,8,0,3,2033,0,0,3
1,1,1,0,1,1,80,0,217,0,3,7,1,4,0,1,2,0,2,2,176,0,1,1,1,0,0,0,0,5,0,0,1,174,3,31,4,4,127,1,0,0,254,0,8,37,1,39
0,1,55,23,2,556,0,0,39,0,0,0,0,0,0,0,0,0,3,6,6,8,2,0,0,0,7078,0,2164,0,0,0,2,1,5,0,0,8,9,5,1,178,0,9,12,0,0,7
104,23,3,1,147,6,43,2,114,8,10,32,3,1,25,5,5,7,5,131,20,0,12,2,5,13,5,21,517,222,12,1,12,246,2,10,32,3,145,16,13,1,5,1,22,4,12,31
0,637,0,0,98,0,15,64,0,26,0,0,79,0,326,1,387,22,2,6,15,0,6,0,51,302,0,255,1,547,18,62,7,11,17,11,327,3,0,116,344,0,24,0,0,779,482,1
15,1150,0,13,236,15,94,137,3,38,3,0,46,0,328,44,155,16,73,7,21,5,117,0,65,433,1,264,13,467,39,83,50,76,63,30,781,33,1,621,379,2,49,45,1,1670,549,14
1,70,0,0,779,2,266,7,0,0,3,0,3,0,19,11,21,36,3,5,0,0,5,0,1,1969,0,36,3,146,0,6,8,0,0,2,1,11,0,8,1818,0,6,2,0,144,1558,0
42,0,0,1,0,0,532,0,6,0,232,244,0,15,0,0,2,0,0,1,0,0,0,4,0,0,0,0,0,62,0,0,0,7,19,6,0,0,0,0,0,0,0,0,4,2,0,2
44,0,13,1,1,17,1207,0,544,0,10,44,1,95,0,0,1,0,1,0,465,1,0,16,0,0,9,0,5,3,0,0,1,811,0,23,0,9,462,1,0,4,137,5,74,2,0,11
9,1,2924,2384,2,191,50,0,131,0,41,385,0,11,0,10,0,0,42,1095,17,210,27,23,0,0,117,0,14,1,0,0,7,6,481,12,0,15,46,3,0,2861,0,2742,84,0,0,188
3,22,0,6,54,3,2,151,1,14,0,2,458,0,2,63,5,934,17,27,1440,181,17,0,210,420,0,29,2,3,80,277,435,1,0,8,97,296,0,218,44,4,16,1,0,38,20,65
1,18,0,3,7,133,0,2,0,1,0,1,7,0,1,467,2,7,630,99,17,26,1469,0,1,7,2,3,3,0,2,1,22,0,2,5,14,677,2,100,7,8,4,0,2,9,5,44
5,174,3,37,57,265,0,8,1,3,6,14,14,1,9,1273,6,11,2674,70,45,53,1187,1,5,5,3,7,6,6,3,2,54,1,67,2,25,284,4,397,11,41,3,22,6,20,11,435
0,3,0,7,11,26,0,0,0,0,0,0,1,0,0,266,2,1,288,1,4,6,574,0,0,6,4,0,4,3,0,0,9,0,12,0,0,5,1,14,3,5,0,33,1,2,6,36
0,25,0,0,12,0,0,67,0,16,0,0,852,0,43,0,20,357,0,0,62,4,0,0,100,0,0,25,0,0,94,261,56,0,0,3,120,1,0,11,1,1,1,0,0,3,1,0
0,1,0,0,0,0,0,36,0,8,0,0,406,0,0,0,1,14,0,0,3,2,0,0,22,4,0,3,0,0,7,158,16,0,0,0,0,0,0,0,0,0,0,0,0,2,1,0
15,4,1,0,1,1,62,2,900,4,4,18,0,1,0,0,0,2,0,0,4,0,1,1,4,2,1,8,12,0,0,3,0,356,0,181,31,6,334,7,1,2,3,0,34,5,1,0
0,35,0,8,18,1,0,214,0,978,1,2,30,0,23,199,657,10,4,5,8,3,9,0,35,55,0,39,0,5,54,59,936,143,6,935,18,43,0,29,87,11,1443,22,1,81,27,16
1016,0,0,0,0,0,13,0,1,0,117,73,0,3460,0,0,0,0,0,0,0,0,0,2358,0,0,1,0,0,0,0,0,0,0,356,0,0,0,0,2,0,0,0,0,73,0,0,0
60,0,0,279,0,0,19,0,1,0,1624,6,0,77,0,0,0,0,0,0,0,0,0,4,0,0,0,1,0,0,0,0,0,1,14,0,0,0,0,0,0,0,0,0,151,0,0,0
34,2,8,0,0,0,501,2,137,1,31,1530,0,42,1,0,0,0,0,0,0,0,0,20,0,1,10,4,17,8,0,0,0,551,5,70,24,1,371,5,1,18,0,0,135,4,2,3
1,0,60,50,0,1,6,0,9,0,1,93,0,17,0,0,0,0,0,35,0,2,0,51,0,0,4,0,2,0,0,0,0,3,10,1,13,0,30,0,0,15,0,7,328,0,0,2
0,52,0,0,3,0,0,15,0,13,0,0,55,0,10,0,8,46,0,0,5,0,0,0,19,1,0,15,0,11,4,27,18,2,3,4,86,3,0,18,7,0,3,1,0,96,7,0
0,240,0,1,71,2,15,4,0,13,0,0,97,0,17,38,74,16,3,2,51,6,7,0,3,35,0,34,0,141,3,10,191,0,0,15,261,20,0,162,349,1,11,6,0,127,417,10
3,2,22,35,9,45,1,0,8,1,4,13,1,7,0,228,3,3,7,658,21,45,19,2,2,0,0,1,1,2,1,0,63,3,14,8,10,6,14,43,0,9,3,15,267,5,4,335
0,7,1,0,522,3,0,31,1,21,0,0,156,0,1,18,4,80,2,2,406,484,10,0,26,46,0,1,0,0,1,148,128,0,1,7,46,341,0,24,256,0,20,0,0,116,4,9
0,2,0,0,142,0,17,0,0,9,0,1,6,0,9,2,82,1,2,229,1,0,3,0,3,46,0,3,0,348,0,4,12,0,0,16,4,8,2,5,479,0,33,1,0,14,121,11
459,0,2,3,0,0,9,0,2,0,58,62,0,849,0,0,0,0,0,8,0,0,0,1243,0,0,1,0,1,1,0,0,0,1,994,1,0,0,0,5,0,0,0,0,42,1,0,25
8,0,0,3,0,1,16,0,1,0,90,3,0,8,0,0,0,0,1,0,0,0,0,1,0,0,0,0,0,0,0,0,0,0,13,0,0,0,0,0,0,0,0,0,0,0,0,5
