0.30041,0.29232,0.71984,0.63331,0.2299,0.22747,0.29319,0.13455,0.26276,0.44318,0.52299,0.32995,0.18648,0.69693,0.30588,0.39727,0.39072,0.33487,0.58067,0.30363,0.3024,0.63949,0.32872,0.54909,0.14082,0.39515,0.9432,0.28747,0.53659,0.19087,0.22177,0.221,0.25617,0.30437,0.27103,0.33281,0.25554,0.32719,0.24945,0.19771,0.44391,0.86794,0.50655,0.56303,0.36117,0.46227,0.32302,0.30493
0.42646
0,0,0,0,0,0,0,290,0,239,0,0,317,0,32,0,69,33,0,0,1,0,0,0,671,1,0,15,0,0,866,489,6,5,0,11,8,0,0,0,0,0,10,0,0,1,0,0
0,31,0,0,6,0,0,254,0,5,0,0,13,0,1489,0,47,9,0,0,0,0,1,0,404,22,0,750,25,23,611,175,2,34,0,0,10,0,0,1,14,0,0,0,0,3,68,0
0,36,27,12,7,17,4,167,17,16,2,3,223,3,204,2,37,56,3,5,19,2,4,1,546,14,9,75,10,7,344,355,10,14,2,2,146,8,10,41,3,3,7,15,6,57,3,1
0,1,0,0,34,0,0,333,0,131,0,0,990,0,2,1,10,252,1,0,30,2,0,0,209,0,0,0,0,2,541,257,77,0,0,6,3,37,0,1,0,0,18,0,0,0,0,0
0,0,0,0,0,0,0,13,0,7,0,0,33,0,89,0,5,9,0,0,3,0,0,0,143,1,0,19,1,0,316,80,7,0,0,0,2,0,0,0,0,0,0,0,0,0,1,0
3,99,2,3,18,5,10,153,1,44,0,0,414,0,112,20,56,195,8,12,150,9,9,0,280,27,2,48,23,9,134,212,66,25,31,15,657,13,0,149,9,3,20,0,0,323,16,1
0,2,0,0,0,0,2,263,0,21,0,0,18,0,29,0,10,3,0,0,0,0,0,0,640,34,0,88,3,0,385,863,4,8,1,0,2,0,0,0,2,0,1,0,0,3,8,0
2,5,0,0,1,3,21,0,37,4,0,13,7,1,0,1,0,3,0,0,12,0,0,0,4,4,2,1,0,0,0,6,0,15,1,46,21,10,45,3,1,0,10,0,3,10,2,1
10,4,535,216,19,260,2,0,28,4,27,157,2,1,0,91,2,3,273,244,103,3200,81,15,0,2,66,0,6,5,0,0,14,3,282,3,1,47,96,6,10,232,7,1495,17,0,0,655
34,0,0,0,0,0,311,0,0,0,133,44,0,94,0,0,0,0,0,0,0,0,0,4,0,0,0,0,0,0,0,0,0,0,8,1,0,0,0,0,0,0,0,0,193,0,0,0
11,16,3,1,1,4,230,3,31,1,7,256,1,11,6,0,0,0,1,2,6,1,1,2,1,2,12,0,44,30,0,2,1,110,12,39,62,12,91,7,3,0,0,0,96,13,3,11
1,68,96,22,15,83,23,0,34,0,33,222,0,6,7,98,2,6,27,100,3,68,50,17,3,9,38,30,8,1,2,1,20,21,15,1,181,20,158,75,11,3,0,52,134,65,3,127
10,54,3,19,207,33,3,7,1,74,8,25,2,0,3,129,15,0,100,16,84,18,95,1,3,5,0,0,31,43,1,0,128,8,12,15,5,10,0,76,73,1,2,91,1,5,20,351
0,101,0,0,8,0,2,258,0,68,0,0,101,0,1220,1,332,6,1,0,10,0,2,0,365,70,0,454,16,114,125,201,7,48,1,22,80,0,0,7,21,0,23,0,0,73,113,0
2,0,0,0,9,0,0,9,1,4,0,0,245,0,1,3,1,484,0,0,94,19,2,0,7,1,0,0,0,1,20,12,20,0,0,0,3,8,0,2,0,0,1,0,0,0,0,0
1,67,3,0,28,20,0,3,0,0,0,0,3,0,1,86,2,4,109,3,2,2,158,1,0,1,0,6,13,7,0,1,8,2,3,3,20,9,0,116,14,2,0,2,0,10,5,2
1,7,299,12,28,28,2,0,609,0,6,12,0,2,0,5,0,1,28,32,15,7,23,3,0,1,24,0,1,1,0,0,2,2,11,4,9,5,20,5,2,26,1,1,17,0,0,11
0,36,0,1,7,5,0,90,0,1552,1,1,20,0,147,6,1473,4,0,3,9,0,2,0,23,32,2,59,12,157,22,24,234,38,0,637,48,50,0,19,16,0,480,2,1,195,19,1
0,118,0,0,17,0,23,205,0,2,0,0,3,0,93,0,43,52,0,1,0,0,0,0,81,340,0,286,5,21,11,47,0,9,0,0,2,0,0,1,208,0,1,0,0,17,696,0
1,0,70,167,0,2,5,0,15,0,145,47,0,12,0,0,0,0,0,83,0,0,1,16,0,0,37,0,4,0,0,0,0,3,3,6,1,0,2,0,0,3,0,4,1570,0,0,4
4,3,1,1,1,13,143,1,106,0,1,23,1,5,0,0,0,0,0,2,185,0,4,3,0,1,1,0,1,2,0,0,3,214,2,48,2,10,67,3,1,0,249,0,6,25,1,59
0,3,49,19,7,225,0,0,60,1,1,0,0,0,0,1,0,0,4,13,8,5,29,0,0,1,9549,0,48,0,0,0,0,1,6,0,3,1,5,3,1,118,1,10,2,0,0,6
165,40,6,1,166,23,72,1,90,16,34,8,2,4,26,6,4,9,9,104,22,0,17,3,3,10,11,21,550,201,6,8,22,173,8,11,30,4,47,4,41,0,2,0,39,2,23,16
0,287,0,0,53,1,68,215,0,28,1,0,95,0,598,1,322,18,2,1,4,0,2,0,156,503,0,231,8,356,9,89,13,20,10,15,178,6,0,31,485,0,26,1,0,543,666,0
2,689,0,2,108,2,198,301,2,32,9,0,59,2,577,56,276,46,24,6,14,2,72,2,186,765,1,270,53,372,18,135,48,112,42,39,579,60,1,236,579,2,64,56,0,1501,641,4
0,54,0,0,192,0,424,55,0,3,0,0,3,0,18,4,24,187,15,2,1,0,8,0,7,1694,1,74,1,117,0,3,0,5,2,2,1,6,0,1,2481,0,19,2,0,61,1483,0
53,0,0,0,0,0,640,0,2,0,82,160,0,56,0,0,0,0,0,2,0,0,0,22,0,0,0,2,2,19,0,0,0,4,26,9,1,2,0,0,1,0,1,0,90,2,2,3
17,35,5,3,1,84,1327,0,400,0,42,56,2,91,1,0,0,0,2,1,491,0,0,12,0,1,11,0,16,1,0,1,0,669,4,42,6,5,343,4,0,4,227,2,94,5,0,13
12,6,3055,1734,10,69,5,0,295,0,43,426,0,18,0,13,0,1,120,702,33,785,35,30,0,1,296,0,8,2,0,0,4,5,328,6,2,5,78,6,1,2964,37,2595,56,1,1,342
9,13,1,3,55,2,0,129,2,24,0,0,832,0,4,153,8,945,25,16,831,278,22,0,472,350,0,30,2,0,132,315,612,3,5,3,31,127,0,104,62,2,12,1,0,9,18,24
3,90,0,4,53,77,0,3,0,2,1,2,10,0,1,613,3,9,787,75,14,59,1044,0,3,22,5,3,8,3,3,2,41,5,3,6,28,444,1,278,26,9,4,30,0,4,9,24
5,267,4,18,163,94,0,13,1,15,12,11,19,1,8,1483,19,23,2775,133,52,101,996,12,18,20,1,3,39,26,6,4,107,7,34,1,20,154,0,346,41,14,1,91,0,9,20,150
0,7,0,4,25,4,1,0,0,1,0,0,0,0,0,265,1,9,399,11,5,22,385,0,1,7,4,0,3,7,0,0,16,0,2,2,0,3,0,36,21,5,0,44,0,1,8,35
0,9,0,0,5,0,0,79,0,15,0,0,970,0,71,3,33,227,0,0,54,3,0,0,130,0,0,10,2,0,210,198,42,0,0,2,59,0,0,8,1,0,1,0,0,0,4,0
0,1,0,0,0,0,0,40,0,6,0,0,401,0,0,0,2,9,0,0,1,0,0,0,33,17,0,4,0,0,8,133,27,0,0,0,1,0,0,0,0,0,0,0,0,0,1,0
21,14,3,0,1,30,75,4,654,7,10,47,1,3,2,0,0,3,0,1,20,0,0,1,3,2,4,7,31,0,1,8,0,342,0,220,54,0,236,24,2,1,11,0,141,25,3,0
0,23,0,6,13,5,0,463,0,1130,0,3,50,0,50,327,702,17,6,6,14,5,13,0,96,68,0,64,4,20,103,78,664,81,5,579,19,29,0,18,125,2,1315,26,0,67,41,13
292,0,0,16,0,0,28,0,0,0,221,98,0,4114,0,0,0,0,0,0,0,0,0,2388,0,0,1,0,0,0,0,0,0,1,240,0,1,0,0,0,0,0,0,0,70,0,0,0
67,0,1,212,0,0,56,0,0,0,1149,4,0,247,0,0,0,0,0,0,0,0,0,6,0,0,0,4,4,0,0,0,0,0,12,0,0,0,0,0,0,0,0,0,475,0,0,0
19,8,12,2,0,5,729,0,88,0,27,944,0,62,2,0,0,0,0,0,1,0,0,35,0,0,16,1,14,3,1,0,0,206,20,49,46,5,158,19,1,4,1,2,1034,18,3,4
1,1,50,145,0,2,8,0,7,0,40,127,0,28,0,0,0,1,0,49,0,3,0,58,0,0,20,0,0,0,0,0,0,1,6,2,9,0,7,0,0,12,0,3,152,4,0,5
0,23,0,0,3,0,3,26,0,9,0,0,71,0,18,2,16,33,0,0,6,0,0,0,48,22,0,16,0,13,18,38,12,0,1,4,44,2,0,8,8,2,3,0,0,61,22,0
0,120,0,0,31,0,24,17,0,19,0,1,140,0,34,57,192,29,2,1,46,4,11,0,10,92,0,31,7,121,5,4,139,0,4,13,145,12,0,61,444,0,13,12,0,97,515,0
3,7,19,98,22,45,2,1,7,3,33,91,2,9,2,271,7,8,9,568,25,56,90,7,0,0,8,3,15,3,0,2,51,2,24,12,14,0,8,21,4,3,2,71,76,6,3,230
1,6,0,0,429,1,0,44,1,17,0,0,253,0,0,30,4,122,3,3,380,353,14,0,213,54,0,3,1,1,7,161,184,2,0,4,36,241,0,21,278,0,21,0,0,12,3,20
0,6,0,0,120,0,43,1,0,2,1,0,6,0,21,3,53,6,46,102,0,0,3,1,6,90,0,0,1,259,0,1,1,0,0,34,1,12,2,1,599,0,4,1,0,18,167,5
208,0,0,14,2,1,24,0,0,0,82,78,0,1114,0,1,0,0,0,12,0,0,2,1699,0,0,3,0,5,2,0,0,0,0,435,0,0,0,0,7,0,0,1,0,51,1,0,25
14,0,0,3,1,0,18,0,0,0,46,2,0,19,0,1,0,0,0,1,0,0,0,10,0,1,0,1,0,0,0,0,0,0,4,0,0,0,0,1,0,0,0,0,23,0,0,5
