0.54531,0.33506,0.7081,0.65084,0.31888,0.29749,0.36325,0.15251,0.31293,0.42959,0.60111,0.50081,0.21976,0.74648,0.3934,0.44593,0.45553,0.27766,0.65537,0.37448,0.44632,0.66792,0.39696,0.62801,0.20471,0.52489,0.97082,0.33949,0.77893,0.21204,0.1984,0.16924,0.33728,0.29056,0.36724,0.39621,0.25502,0.31495,0.17773,0.23932,0.43553,0.83255,0.56084,0.62466,0.58453,0.43327,0.39074,0.29776
0.45914
0,0,0,0,0,0,0,421,0,390,0,0,209,0,27,0,35,123,0,0,3,0,0,0,690,0,0,29,0,0,565,512,10,3,1,23,6,5,0,1,0,0,8,0,0,3,0,0
0,79,0,0,6,0,0,236,0,5,0,0,5,0,1430,0,8,0,1,0,2,0,1,0,258,26,0,1122,7,64,596,91,0,3,0,0,12,0,0,6,10,0,0,0,0,5,24,0
1,61,26,6,7,30,4,196,20,27,2,4,100,1,153,0,24,92,5,5,9,3,2,3,616,3,4,117,9,2,306,281,12,10,14,10,224,11,4,63,1,3,6,22,5,48,1,2
0,1,0,0,34,0,0,415,0,115,0,0,818,0,1,0,7,668,1,0,12,2,0,0,188,0,0,1,0,0,195,266,53,0,0,20,3,112,0,2,0,0,23,0,0,1,0,0
0,0,0,0,0,0,0,12,0,5,0,0,20,0,84,0,0,14,0,0,3,0,0,0,177,3,0,50,0,0,272,81,5,0,0,1,2,0,0,0,0,0,0,0,0,0,0,0
2,128,1,4,17,8,4,171,1,37,0,0,262,0,72,16,31,276,13,22,148,13,19,0,127,9,0,80,7,11,130,131,98,13,106,24,876,15,0,262,7,3,12,3,0,213,9,5
0,13,0,3,5,0,1,440,1,19,0,0,8,0,32,0,7,3,0,0,0,0,0,0,756,20,0,134,0,0,361,549,2,4,1,3,2,0,0,1,3,0,2,1,0,4,15,0
0,3,0,0,2,2,6,0,68,1,0,1,1,1,1,0,0,6,0,1,3,0,0,0,11,1,0,0,1,0,1,2,0,23,0,50,16,9,70,0,0,0,3,0,1,9,1,1
6,0,601,742,6,639,12,0,17,1,15,154,1,2,0,76,3,2,83,304,75,2313,52,5,0,1,29,0,21,3,0,0,7,4,437,2,1,36,194,2,6,204,8,1429,33,4,0,694
29,0,0,0,0,0,223,0,1,0,429,87,0,35,0,0,0,0,0,0,0,0,0,1,0,0,0,0,0,0,0,0,0,6,5,3,0,0,0,0,0,0,0,0,3,0,0,0
10,6,3,1,8,1,105,0,52,4,2,180,2,7,1,0,2,0,0,1,4,1,1,5,5,0,3,3,35,70,0,0,1,220,3,23,27,3,287,1,1,5,4,0,32,20,0,7
3,15,101,26,8,49,3,0,28,1,0,127,0,5,1,24,2,2,18,119,10,38,15,8,1,4,6,23,4,1,1,2,9,31,18,2,176,39,415,103,4,4,1,6,143,35,6,322
5,33,0,3,64,5,2,4,1,22,0,11,0,0,0,29,13,2,25,8,57,19,14,0,1,10,0,2,2,21,0,1,167,2,5,14,8,3,0,198,12,5,0,16,1,20,12,971
0,261,0,0,5,0,1,133,0,80,0,0,86,0,906,0,384,11,5,0,12,0,3,0,269,38,0,629,3,237,214,153,6,19,0,15,134,0,0,30,17,0,8,0,0,132,59,0
0,1,0,0,10,0,0,10,2,1,0,0,134,0,0,3,1,579,0,0,122,10,0,0,5,2,0,0,0,0,9,17,25,0,0,1,6,6,0,3,0,0,1,0,0,1,0,0
1,27,2,0,7,78,0,3,1,2,1,1,2,0,2,119,0,1,149,2,2,1,163,0,1,0,0,4,0,5,0,0,6,0,1,1,13,35,1,71,1,2,1,2,0,4,2,3
2,4,286,8,16,39,1,0,560,1,2,6,0,1,0,5,0,1,2,16,10,5,6,6,0,0,12,0,5,0,0,0,1,5,21,4,4,68,88,4,0,29,1,4,37,0,1,2
2,78,0,1,9,6,0,28,1,1388,0,0,11,0,51,3,1644,3,2,2,3,1,4,0,8,8,0,51,8,159,9,21,323,23,0,811,49,12,0,44,12,0,482,5,1,148,17,0
0,257,0,0,64,0,4,84,0,0,0,0,2,0,78,0,12,6,0,1,0,0,1,0,47,307,0,316,1,34,21,30,0,2,0,0,13,0,0,3,288,0,0,0,0,52,659,0
1,0,19,10,0,3,6,0,13,0,6,15,0,5,0,0,0,0,0,31,0,0,0,9,0,0,4,0,3,0,0,0,0,4,3,5,2,0,8,0,0,8,0,3,2040,0,0,3
0,1,0,0,1,0,75,0,222,0,3,8,1,6,0,2,1,0,2,2,175,1,1,1,0,0,0,0,1,8,0,0,0,170,3,27,5,6,127,1,1,0,258,0,8,39,1,35
0,1,52,24,2,549,0,0,38,0,0,0,0,0,0,0,0,0,3,5,5,8,2,0,0,0,6919,0,2329,0,0,0,2,1,6,0,0,7,9,5,1,183,0,10,12,0,0,7
104,25,2,1,141,6,46,3,117,8,10,34,3,1,24,4,6,6,4,132,21,0,11,2,5,14,3,21,473,223,11,1,13,254,3,8,33,6,173,16,16,2,4,1,20,5,10,34
1,648,0,0,114,0,16,56,0,27,0,0,82,0,328,2,395,20,1,6,11,0,7,0,48,289,0,257,1,546,19,63,10,11,13,12,329,2,0,121,331,0,20,0,0,775,480,1
14,1163,1,12,260,29,91,134,3,33,4,0,47,0,314,49,159,17,87,7,21,5,111,0,64,425,0,264,12,472,40,87,54,70,68,32,754,31,1,622,360,4,43,42,1,1672,552,14
1,77,0,0,794,1,253,7,0,0,3,0,3,0,15,10,20,33,3,5,0,0,5,0,1,1972,0,36,3,148,0,7,8,0,0,2,1,12,0,8,1787,0,6,2,0,148,1579,0
45,0,0,1,1,0,559,0,6,0,231,235,0,13,0,0,3,0,0,1,0,0,0,4,0,0,0,0,0,42,0,0,0,9,17,3,0,0,1,0,0,0,0,0,4,4,0,2
48,0,10,2,1,17,1198,0,552,1,11,40,1,89,0,0,1,0,2,0,459,0,0,18,0,0,9,0,4,4,0,0,1,822,0,19,0,11,474,1,0,6,132,4,68,2,0,11
6,1,2911,2371,1,200,42,0,118,0,42,366,0,17,0,11,0,0,38,1089,15,212,21,20,0,1,118,0,15,1,0,0,8,8,522,12,0,18,43,4,2,2844,1,2776,99,0,0,177
2,17,0,6,51,2,2,155,0,12,0,2,468,0,3,63,5,926,17,26,1455,176,18,0,203,425,0,30,1,3,80,275,446,0,1,7,89,292,0,225,38,4,15,1,0,34,26,65
1,17,1,4,7,135,0,2,0,1,0,0,5,0,1,457,2,8,628,96,16,27,1489,0,2,7,0,2,5,1,2,1,22,0,5,5,16,674,2,96,6,8,4,0,2,10,3,41
5,165,3,29,60,272,0,7,2,3,4,14,13,0,9,1303,4,11,2668,70,50,59,1189,2,4,7,2,7,7,6,4,2,51,1,74,1,27,290,4,369,11,42,4,25,7,23,7,420
0,3,0,7,10,27,0,0,0,0,0,0,1,0,0,260,1,1,290,2,4,6,574,0,0,6,3,0,3,3,0,0,11,0,13,0,0,7,2,13,4,4,0,34,1,2,6,36
0,24,0,0,13,0,0,66,0,16,0,0,854,0,43,0,18,355,0,0,62,4,0,0,101,0,0,24,0,1,94,266,57,0,0,3,117,1,0,11,1,1,0,0,0,3,1,0
0,1,0,0,0,0,0,37,0,8,0,0,407,0,0,0,1,14,0,0,3,2,0,0,22,4,0,2,0,0,7,157,15,0,0,0,1,0,0,0,0,0,0,0,0,2,1,0
12,4,1,0,1,1,59,2,905,4,5,17,0,2,0,0,0,2,0,0,5,0,1,1,4,2,1,7,8,0,1,3,0,360,0,187,33,7,328,6,1,3,1,0,34,3,1,0
0,42,0,10,16,2,0,211,0,969,0,2,30,0,24,197,645,12,7,5,7,3,6,0,32,49,0,38,0,4,56,57,940,161,10,941,16,44,0,30,93,10,1438,26,0,71,30,16
1059,0,0,0,0,0,14,0,1,0,117,71,0,3445,0,0,0,0,0,0,0,0,0,2345,0,0,1,0,0,0,0,0,0,0,346,0,0,0,0,2,0,0,0,0,69,0,0,0
60,0,0,283,0,0,21,0,1,0,1629,6,0,75,0,0,0,0,0,0,0,0,0,4,0,0,0,1,0,0,0,0,0,1,13,0,0,0,0,0,0,0,0,0,143,0,0,0
36,4,8,0,0,0,484,1,143,1,42,1550,0,43,1,0,0,0,0,0,0,0,0,24,1,0,8,4,18,8,0,0,0,577,3,58,15,0,388,9,1,21,0,0,84,3,1,3
1,0,59,50,0,1,6,0,8,0,1,89,0,19,0,0,0,0,0,33,0,2,0,53,0,0,4,0,2,0,0,0,0,4,10,1,11,0,31,0,0,14,0,8,332,0,0,2
0,54,0,0,2,0,0,15,0,10,0,0,54,0,10,1,7,45,0,0,5,0,0,0,17,1,0,14,0,12,4,28,18,1,3,5,90,3,0,20,7,0,4,1,0,93,8,0
0,246,0,1,73,1,13,6,1,11,0,0,94,0,16,37,76,16,4,2,48,6,7,0,2,34,0,33,0,140,3,8,197,0,0,14,265,19,0,164,346,1,14,5,0,133,406,11
4,1,23,32,7,42,1,1,6,0,3,12,1,6,0,231,3,3,8,678,21,47,17,2,2,0,0,1,0,2,1,0,62,6,14,6,9,6,15,42,1,6,3,16,265,4,3,330
0,8,0,0,532,2,0,29,1,17,0,0,155,0,0,18,3,77,2,2,401,499,8,0,22,45,0,1,1,1,2,148,135,0,1,5,44,342,0,27,244,0,22,0,0,119,3,7
0,2,0,0,135,0,20,0,0,11,0,1,6,0,8,2,86,0,2,227,1,0,3,0,3,44,0,2,0,343,0,4,12,0,0,14,6,8,2,7,490,0,35,1,0,14,117,10
473,0,1,3,0,0,10,0,2,0,58,58,0,835,0,0,0,0,0,8,0,0,0,1220,0,0,1,0,1,0,0,0,0,1,1018,1,0,0,0,6,0,0,0,1,45,1,0,24
8,0,0,3,0,1,16,0,0,0,90,4,0,7,0,0,0,0,1,0,0,0,0,1,0,0,0,0,0,0,0,0,0,0,14,0,0,0,0,0,0,0,0,0,0,0,0,5
