0.49769,0.3284,0.72224,0.67444,0.25093,0.28563,0.3526,0.14381,0.30243,0.43476,0.6192,0.47692,0.21528,0.73984,0.36829,0.39895,0.43362,0.29605,0.66667,0.35732,0.40019,0.68441,0.38306,0.59644,0.186,0.47542,0.97047,0.32968,0.47636,0.2043,0.21565,0.19441,0.30096,0.31653,0.35105,0.34759,0.2363,0.33475,0.19786,0.21601,0.45071,0.84583,0.56155,0.58734,0.55164,0.44118,0.37271,0.25938
0.4515
0,0,0,0,0,0,0,355,0,372,0,0,243,0,25,0,42,68,0,0,2,0,0,0,679,0,0,25,0,0,722,491,5,4,1,16,6,0,0,0,0,0,5,0,0,3,0,0
0,74,0,0,3,0,0,224,0,7,0,0,7,0,1482,0,11,3,2,0,2,0,0,0,328,27,0,1053,16,33,539,108,1,10,0,0,16,0,0,1,7,0,0,0,0,6,37,0
1,56,19,10,6,35,4,199,15,24,2,5,132,0,156,0,25,78,4,2,13,2,3,4,595,4,4,109,11,2,322,310,12,15,15,6,190,8,4,53,3,2,5,26,3,57,2,2
0,1,0,0,43,0,0,433,0,154,0,0,838,0,1,0,6,540,1,1,14,0,0,0,168,0,0,0,0,0,336,263,62,0,0,7,2,40,0,0,0,0,28,0,0,0,0,0
0,0,0,0,0,0,0,12,0,7,0,0,23,0,93,0,0,12,0,0,0,0,0,0,168,2,0,38,0,0,277,86,7,0,0,1,3,0,0,0,0,0,0,0,0,0,0,0
3,133,0,7,15,9,3,144,2,36,0,0,302,0,69,12,37,256,7,18,151,10,16,0,179,15,0,72,21,14,144,161,83,15,113,19,785,7,0,198,8,3,14,6,1,283,12,3
0,7,0,0,3,0,1,342,0,18,0,0,9,0,32,0,5,2,0,0,0,0,0,0,736,17,0,139,1,0,373,668,4,7,1,2,2,0,0,1,2,0,4,2,0,3,9,0
2,2,0,0,0,3,6,0,64,2,0,1,0,1,0,0,0,10,0,0,5,1,1,0,8,0,0,0,1,0,1,2,0,26,0,52,17,8,66,2,0,1,3,0,1,5,3,1
12,0,573,536,6,501,8,0,29,2,20,142,1,1,0,84,2,2,100,281,112,2468,52,6,0,1,34,0,21,3,0,0,6,5,395,0,1,54,209,8,6,216,7,1522,33,3,0,762
28,0,0,0,0,0,259,0,0,0,364,94,0,43,0,0,0,0,0,0,0,0,0,0,0,0,0,0,0,0,0,0,0,1,9,2,0,0,0,0,0,0,0,0,22,0,0,0
10,5,2,1,2,2,118,0,43,6,5,194,1,8,2,0,2,0,0,0,6,1,1,3,3,2,7,1,59,70,0,0,1,164,4,40,83,4,210,6,0,4,2,0,54,14,0,6
1,14,97,23,6,58,4,2,32,1,0,131,0,4,1,28,2,3,16,135,6,44,18,13,0,7,7,26,7,2,1,2,13,26,17,4,235,39,348,87,5,6,0,7,140,43,6,292
5,41,0,1,146,6,3,5,1,14,0,7,1,0,0,30,12,1,35,8,86,16,16,0,0,5,0,3,7,70,0,1,192,1,6,19,6,1,1,194,12,4,0,35,1,13,16,767
0,225,0,0,4,0,0,188,0,75,0,0,90,0,1012,0,377,15,0,0,11,0,2,0,306,39,0,577,10,174,173,160,5,37,2,10,120,0,0,19,20,0,14,0,0,109,76,0
1,1,0,0,6,0,0,5,1,6,0,0,159,0,0,4,1,541,0,0,121,20,1,0,4,2,0,0,0,0,18,16,23,0,0,0,7,7,0,3,0,0,1,0,0,1,0,0
1,41,2,0,11,43,0,2,0,0,1,0,0,0,2,106,0,3,118,4,2,0,180,0,2,3,0,5,4,5,0,0,11,1,1,1,12,26,0,111,5,1,0,2,0,7,3,1
2,3,293,13,17,38,1,0,589,1,0,6,0,2,0,2,0,1,8,16,10,4,8,6,0,0,13,0,3,0,1,0,2,1,21,7,7,29,91,2,1,29,1,2,30,0,1,2
2,54,0,0,5,4,0,43,1,1466,0,0,10,0,62,4,1584,4,0,1,3,0,4,0,17,13,1,46,12,184,9,20,327,29,1,722,42,15,0,32,14,1,517,3,0,156,18,2
0,218,0,0,40,0,8,142,0,2,0,0,3,0,84,0,18,21,0,1,0,0,0,0,68,304,0,304,4,26,21,42,0,3,0,0,6,0,0,1,242,0,0,0,0,39,685,0
3,0,31,33,0,2,5,0,12,0,8,17,0,5,0,0,0,0,0,38,0,0,1,5,0,0,8,0,1,0,0,0,0,5,3,6,3,0,6,0,0,3,0,1,2003,0,0,2
1,1,0,0,0,6,98,2,168,0,4,13,1,6,1,1,1,0,1,3,185,0,1,3,1,0,1,0,1,5,0,0,2,213,2,35,2,6,114,3,2,0,228,1,2,42,1,35
0,1,51,21,4,354,1,0,41,0,0,0,0,1,0,1,0,0,2,7,5,8,7,0,0,0,8513,0,947,0,0,0,1,0,6,0,3,3,10,2,1,168,1,6,10,0,0,5
107,26,4,1,147,7,30,0,102,8,11,22,3,1,17,6,3,9,5,103,18,0,9,2,4,8,7,30,699,219,11,3,13,199,2,10,32,6,93,12,16,0,3,0,21,0,14,17
0,562,0,0,55,0,24,117,0,21,0,0,81,0,398,1,363,25,1,4,11,0,5,1,74,351,0,285,6,513,13,65,11,15,20,11,292,2,0,64,364,0,27,3,0,734,522,1
16,1021,0,10,190,10,92,174,2,31,3,0,48,1,429,36,167,27,58,4,17,3,107,3,87,551,0,257,32,424,32,88,44,79,67,28,773,32,0,499,436,3,57,88,0,1665,547,7
1,56,0,0,538,1,304,16,0,0,2,0,3,0,17,5,18,100,2,2,1,0,5,0,3,1876,0,48,3,174,0,6,6,0,1,2,3,6,0,8,2039,0,5,7,0,108,1584,0
52,0,0,1,0,0,548,0,3,0,201,232,0,20,0,0,3,0,0,0,0,0,0,3,0,0,0,0,0,74,0,0,0,7,20,8,0,0,0,0,0,0,0,0,5,3,0,1
18,2,10,2,1,46,1232,0,481,0,13,42,1,125,0,0,1,0,1,0,472,0,0,18,0,0,7,0,15,3,0,0,0,791,0,29,4,8,462,3,0,4,169,2,45,2,0,9
15,0,3037,2314,7,165,30,0,173,0,42,447,0,13,0,9,0,0,57,1008,21,211,29,25,0,0,139,0,15,1,0,0,3,11,468,13,1,13,56,5,1,2842,5,2636,81,0,0,237
5,22,0,6,55,1,1,117,1,17,0,2,503,0,2,84,7,945,16,39,1281,242,17,0,264,435,1,27,3,1,104,300,493,0,6,4,70,235,0,159,48,3,12,1,0,64,17,56
1,23,0,4,20,128,0,4,0,1,1,1,4,0,2,499,3,6,621,92,16,24,1402,0,2,11,2,4,6,3,3,1,25,0,2,4,15,630,2,174,9,8,4,6,2,6,5,35
6,186,2,27,101,250,0,8,1,4,7,9,13,0,10,1141,8,14,2794,101,48,69,1172,2,4,8,0,10,12,14,5,3,45,1,29,2,21,263,5,537,10,27,5,33,4,14,12,300
0,2,0,6,13,11,0,0,0,0,0,0,1,0,1,245,2,3,323,3,4,8,546,0,0,6,8,1,5,2,0,0,11,0,11,0,0,4,1,20,3,4,0,39,1,3,5,42
0,17,0,0,11,0,0,81,0,15,0,0,885,0,48,2,28,296,0,0,75,6,0,0,125,0,0,17,1,0,129,244,61,0,1,1,78,1,0,7,1,1,1,0,0,2,2,0
0,1,0,0,0,0,0,40,0,7,0,0,400,0,0,0,1,15,0,0,3,1,0,0,19,12,0,3,0,0,9,144,27,0,0,0,0,0,0,0,0,0,0,0,0,2,0,0
15,1,2,0,1,4,58,2,822,2,6,21,0,0,1,0,0,3,0,0,10,0,0,1,5,5,3,5,25,0,0,5,0,380,0,223,39,2,310,8,1,3,3,0,42,3,1,0
0,28,1,6,18,2,0,271,0,1023,0,3,32,0,26,269,688,11,6,6,11,1,9,0,39,64,0,47,3,6,86,57,812,105,6,756,20,46,0,28,105,3,1519,28,0,53,38,18
753,0,0,1,0,0,13,0,0,0,109,84,0,3751,0,0,0,0,0,0,0,0,0,2347,0,0,0,0,0,0,0,0,0,1,335,0,1,0,0,0,0,0,0,0,75,0,0,0
59,0,0,272,0,0,24,0,1,0,1587,6,0,93,0,0,0,0,0,0,0,0,0,4,0,0,0,1,0,0,0,0,0,0,16,0,0,0,0,0,0,0,0,0,174,0,0,0
27,1,5,0,0,2,546,0,116,1,34,1519,0,42,1,0,0,0,0,0,0,0,0,20,3,0,12,2,24,7,0,1,0,340,11,76,59,1,309,23,1,9,0,0,333,9,2,3
2,0,50,83,0,0,6,0,10,0,2,105,0,20,1,0,0,0,0,29,0,2,0,58,0,0,4,0,1,0,0,0,0,1,9,2,15,0,23,0,0,10,0,4,300,0,0,4
0,45,0,0,3,0,0,24,0,10,0,0,59,0,9,0,12,41,0,0,5,0,0,0,26,8,0,16,0,12,9,32,16,2,5,4,68,2,0,12,6,0,2,1,0,89,14,0
0,225,0,0,48,1,15,13,0,15,0,1,104,0,21,31,126,16,3,2,56,4,8,0,2,45,0,37,0,147,4,9,179,0,1,14,227,13,0,112,349,0,12,13,0,108,489,3
4,5,26,45,8,56,1,0,5,1,6,28,2,6,1,231,3,5,3,699,22,46,30,6,3,0,0,1,7,2,1,0,46,3,19,9,10,4,12,51,0,5,4,13,208,5,2,299
0,6,0,0,466,5,0,46,2,17,0,0,147,0,0,25,7,116,3,3,394,415,6,0,33,58,0,1,0,0,5,146,142,0,1,3,45,362,0,31,301,0,19,0,0,106,2,10
0,3,0,0,144,0,20,0,0,6,0,0,5,0,18,4,88,0,4,200,2,0,4,0,2,67,0,4,1,320,0,2,7,0,0,26,0,5,2,2,506,0,28,1,0,13,125,7
349,0,0,5,0,3,12,0,1,0,50,51,0,919,0,0,0,0,0,11,0,0,0,1403,0,0,1,0,4,1,0,0,0,1,885,1,1,0,1,7,0,0,0,0,38,1,0,22
11,0,0,3,1,1,19,0,0,0,85,2,0,8,0,0,0,0,0,0,0,0,0,2,0,0,0,0,0,0,0,0,0,0,9,0,0,0,0,1,0,0,0,0,2,0,0,6
