0.48909,0.32732,0.72515,0.67734,0.24633,0.28809,0.35261,0.14135,0.29926,0.43609,0.62382,0.47481,0.21567,0.74025,0.36679,0.39756,0.43001,0.29622,0.6658,0.35378,0.40013,0.68261,0.38432,0.5958,0.18291,0.47333,0.96966,0.32926,0.44611,0.20137,0.21747,0.19643,0.29836,0.31994,0.34902,0.34374,0.23766,0.3328,0.19844,0.22209,0.45047,0.84907,0.56278,0.58331,0.54543,0.4427,0.37243,0.25916
0.45109
0,0,0,0,0,0,0,353,0,361,0,0,241,0,25,0,43,66,0,0,2,0,0,0,683,0,0,26,0,0,732,490,6,4,1,16,6,0,0,0,0,0,6,0,0,3,0,0
0,69,0,0,3,0,0,220,0,7,0,0,9,0,1491,0,12,3,1,0,0,0,0,0,337,27,0,1050,18,33,539,103,1,10,0,0,15,0,0,1,7,0,0,0,0,5,36,0
1,54,19,11,5,35,4,198,18,22,2,5,133,0,153,0,25,76,5,2,13,1,2,4,589,5,6,108,9,2,332,309,12,15,14,6,191,9,4,54,3,1,6,26,2,58,4,2
0,1,0,0,43,0,0,429,0,158,0,0,840,0,1,0,6,528,1,1,14,0,0,0,171,0,0,0,0,0,346,263,61,0,0,8,1,39,0,0,0,0,27,0,0,0,0,0
0,0,0,0,0,0,0,12,0,7,0,0,22,0,94,0,0,13,0,0,0,0,0,0,169,2,0,38,0,0,276,85,7,0,0,1,3,0,0,0,0,0,0,0,0,0,0,0
3,129,0,7,13,9,3,144,1,36,0,0,301,0,74,14,39,258,4,17,145,8,17,0,185,15,0,72,24,13,144,163,79,16,112,20,785,7,0,195,10,1,16,7,1,283,13,3
0,7,0,0,3,0,1,344,0,18,0,0,10,0,32,0,5,2,0,0,0,0,0,0,730,20,0,139,1,0,369,671,4,7,1,2,2,0,0,2,2,0,4,3,0,3,8,0
3,3,0,0,0,3,3,0,63,2,0,0,1,0,0,0,0,7,0,0,4,1,1,0,9,0,0,0,1,0,1,2,0,26,1,52,17,9,68,2,1,0,3,0,1,7,3,1
13,0,571,522,8,503,9,0,28,2,21,142,1,1,0,88,2,2,107,270,111,2469,52,6,0,1,37,0,20,3,0,0,5,4,393,0,1,56,213,9,7,214,6,1536,31,3,0,757
28,0,0,0,0,0,260,0,0,0,360,95,0,45,0,0,0,0,0,0,0,0,0,0,0,0,0,0,0,0,0,0,0,2,8,3,0,0,0,0,0,0,0,0,21,0,0,0
9,4,2,1,2,1,117,1,41,3,4,193,0,6,3,0,1,0,0,0,5,2,1,4,4,1,7,1,60,71,0,0,1,157,5,42,84,6,214,8,0,3,2,0,58,16,0,6
1,16,94,22,8,58,3,1,35,1,0,131,0,5,1,28,2,3,16,133,5,48,17,15,2,6,8,29,7,1,1,0,8,28,18,2,236,41,339,93,5,5,0,7,144,37,8,291
5,44,0,1,153,5,4,6,1,16,0,8,2,0,0,25,13,1,39,9,90,16,14,0,0,6,0,2,8,68,0,1,192,1,5,18,3,1,1,193,16,2,0,36,0,14,15,754
0,223,0,0,4,0,0,192,0,77,0,0,90,0,1018,0,382,14,0,0,10,0,2,0,310,40,0,580,12,165,163,164,5,37,2,11,113,0,0,18,19,0,16,0,0,110,73,0
1,1,0,0,8,0,0,5,1,6,0,0,157,0,0,3,1,550,0,0,117,20,1,0,5,1,0,0,0,0,18,16,22,0,0,0,6,5,0,3,0,0,1,0,0,1,0,0
1,43,1,0,10,43,1,2,0,0,1,0,0,0,2,104,1,3,116,3,2,0,180,0,2,2,0,4,7,5,0,0,11,1,1,1,13,28,0,110,5,1,0,2,0,7,3,1
2,4,285,12,18,37,1,0,595,0,1,7,0,0,0,1,0,1,9,16,9,4,8,6,0,0,13,0,3,0,0,0,2,1,20,8,7,32,91,3,1,29,1,2,31,0,1,2
2,55,0,0,4,4,0,44,1,1474,0,0,12,0,65,4,1576,4,1,2,3,0,4,0,15,13,1,43,13,184,10,19,329,29,1,718,40,13,0,33,14,1,516,3,0,155,20,3
0,216,0,0,40,0,8,152,0,3,0,0,3,0,85,0,18,21,0,1,0,0,0,0,67,302,0,302,4,27,19,40,0,3,0,0,6,0,0,1,236,0,0,0,0,36,692,0
4,0,31,35,0,2,5,0,12,0,8,18,0,4,0,0,0,0,0,38,0,0,1,5,0,0,7,0,1,0,0,0,0,4,3,6,3,0,7,0,0,4,0,1,1999,0,0,3
1,1,0,0,0,5,96,2,166,0,4,12,1,6,1,1,1,0,1,4,186,0,1,3,0,0,1,0,2,5,0,0,1,209,2,35,4,6,113,3,2,0,231,1,3,43,2,37
0,1,51,22,4,348,1,0,47,0,0,0,0,1,0,0,0,0,2,7,5,8,7,0,0,0,8598,0,865,0,0,0,1,0,6,0,3,3,9,2,1,167,1,5,10,0,0,5
109,27,4,1,147,8,31,2,100,10,10,22,3,0,21,6,2,10,5,103,18,0,8,2,4,8,9,27,708,215,11,3,13,193,2,10,32,4,88,11,17,0,3,0,21,1,15,16
0,565,0,0,53,0,25,119,0,22,0,0,81,0,402,1,367,25,1,4,11,0,6,1,79,358,0,291,5,499,11,62,13,17,20,12,287,1,0,61,362,0,25,3,0,717,535,1
17,1016,1,9,181,13,93,174,2,29,3,0,48,1,442,36,170,25,55,6,18,3,108,3,86,565,0,256,36,425,33,89,46,78,68,26,770,34,0,489,431,2,60,89,0,1661,540,8
1,55,0,0,520,1,309,17,0,0,2,0,3,0,16,5,19,104,2,2,1,0,5,0,4,1881,0,47,3,168,0,5,6,1,1,2,2,6,0,7,2042,0,5,5,0,112,1591,0
52,0,0,1,0,0,549,0,3,0,195,233,0,19,0,0,4,0,0,1,0,0,0,4,0,0,0,0,0,74,0,0,0,7,21,8,0,0,0,0,0,0,0,0,5,3,0,2
19,0,9,2,1,48,1238,0,474,0,12,42,1,126,0,0,1,1,1,0,473,0,0,17,0,1,6,0,14,3,0,0,0,788,0,29,6,7,459,3,0,4,172,2,48,2,0,9
14,2,3042,2326,9,161,25,0,181,0,40,449,0,12,0,8,0,0,60,992,20,224,29,21,0,0,141,0,13,2,0,0,2,8,461,13,1,12,57,5,1,2841,5,2615,95,0,0,243
5,22,0,5,52,1,1,124,1,17,0,2,504,0,1,86,5,947,14,39,1272,244,17,0,272,428,1,30,3,1,101,296,504,0,6,4,64,241,0,152,51,3,13,1,0,64,15,57
1,24,0,3,21,127,0,3,0,1,1,1,4,0,1,511,3,7,625,95,15,26,1392,0,2,11,3,3,5,3,3,1,25,1,1,4,16,625,2,171,8,9,5,6,2,8,4,32
6,187,2,40,96,244,0,8,1,4,8,9,13,1,10,1139,7,14,2815,101,52,61,1154,1,3,8,0,7,19,14,5,4,44,2,32,2,21,263,4,551,11,25,4,29,2,18,13,283
0,2,0,4,12,14,0,0,0,0,0,0,1,0,1,243,2,3,325,4,4,9,539,0,0,6,9,0,4,3,0,0,11,0,12,0,0,4,1,22,6,4,0,37,1,3,4,44
0,17,0,0,11,0,0,80,0,15,0,0,889,0,49,2,29,298,0,0,74,6,0,0,127,0,0,15,1,0,127,247,55,0,1,1,76,1,0,7,1,1,1,0,0,3,2,0
0,1,0,0,0,0,0,39,0,8,0,0,402,0,1,0,1,15,0,0,3,1,0,0,20,14,0,3,0,0,9,139,26,0,0,0,0,0,0,0,0,0,0,0,0,2,0,0
16,2,2,0,1,3,58,2,814,3,5,18,0,0,1,0,0,3,0,0,11,0,0,1,5,3,4,4,28,0,0,4,0,385,0,229,42,2,305,8,1,3,3,0,41,3,2,0
0,29,1,6,18,2,0,273,0,1028,0,3,33,0,28,271,682,9,8,7,11,1,10,0,36,67,0,47,3,6,95,58,802,95,5,749,22,43,0,26,105,3,1533,31,0,51,35,18
740,0,0,1,0,0,13,0,0,0,106,87,0,3759,0,0,0,0,0,0,0,0,0,2354,0,0,0,0,0,0,0,0,0,1,338,0,1,0,0,0,0,0,0,0,70,0,0,0
61,0,0,265,0,0,25,0,1,0,1582,6,0,94,0,0,0,0,0,0,0,0,0,3,0,0,0,2,0,0,0,0,0,0,16,0,0,0,0,0,0,0,0,0,182,0,0,0
28,1,7,0,0,2,555,1,113,1,32,1508,0,43,1,0,0,0,0,0,0,0,0,19,2,0,11,1,25,6,0,1,0,327,12,80,58,1,300,28,1,8,0,1,352,9,2,3
3,0,51,84,0,0,6,0,10,0,2,106,0,19,0,0,0,0,0,31,0,2,0,59,0,0,4,0,1,0,0,0,0,1,9,1,15,0,22,0,0,9,0,3,299,0,0,4
0,44,0,0,2,0,0,27,0,10,0,0,58,0,9,0,15,41,0,0,5,0,0,0,28,9,0,18,0,12,10,32,15,2,5,4,68,2,0,12,6,0,3,1,0,79,15,0
0,225,0,0,48,0,14,13,0,14,0,1,103,0,22,31,130,18,4,2,54,4,8,0,2,46,0,37,1,147,4,8,180,0,1,15,227,12,0,108,349,0,11,14,0,105,492,3
5,5,22,46,10,60,1,0,8,1,6,27,2,6,1,230,3,5,3,702,22,45,29,5,3,0,0,1,9,1,1,0,48,2,19,8,10,3,12,51,0,5,4,15,207,6,2,292
0,6,0,0,458,5,0,48,2,17,0,0,150,0,0,24,5,119,3,3,392,414,5,0,38,59,0,2,1,0,6,139,144,0,1,6,45,357,0,29,304,0,19,1,0,110,1,10
0,3,0,0,143,0,21,0,0,7,0,0,4,0,14,4,93,1,4,198,2,0,4,0,2,69,0,4,1,321,0,2,7,0,0,26,0,5,3,2,508,0,22,1,0,13,126,6
349,0,0,5,1,3,11,0,1,0,49,49,0,922,0,0,0,0,0,11,0,0,0,1415,0,0,1,0,4,1,0,0,0,1,875,1,1,0,1,7,0,1,0,0,37,1,0,20
13,0,0,3,1,1,20,0,0,0,82,2,0,8,0,0,0,0,1,0,0,0,0,3,0,0,0,0,0,0,0,0,0,0,8,0,0,0,0,1,0,0,0,0,2,0,0,5
