0.66791,0.72783,0.43215,0.67314,0.4041,0.49531,0.62973,0.48,0.77185,0.54322,0.525,0.61908,0.62983,0.49417,0.39563,0.37423,0.5665,0.71889,0.53757,0.78273,0.62295,0.9618,0.86194,0.50787,0.63058,0.76017,0.6984,0.90206,0.87282,0.85161,0.70377,0.83309,0.52125,0.52756,0.45652,0.85245,0.83549,0.88209,0.85425,0.81726,0.36122,0.22172,0.56362,0.64012,0.78502,0.68556,0.74684,0.41964
0.71414
1434,34,136,273,139,14,140,0,0,0,0,0,0,8,8,0,0,59,0,0,0,0,0,0,0,0,0,0,0,1,0,0,0,44,15,0,16,0,0,0,0,2,0,0,0,0,0,0
31,2126,64,0,138,1,102,0,0,0,0,0,0,308,0,4,0,2,87,0,0,1,3,73,14,11,0,0,0,2,0,0,1,11,1,0,2,0,0,0,0,1,5,0,0,0,0,0
85,70,863,51,64,192,89,0,14,1,1,2,1,103,26,16,22,20,4,3,0,12,1,10,66,2,1,4,2,6,2,1,0,107,10,0,6,2,0,7,3,45,7,0,3,1,2,0
339,0,38,1351,27,11,37,0,0,0,0,0,0,1,58,0,0,20,0,0,0,0,0,1,0,0,0,0,0,17,0,0,0,99,121,0,18,0,0,0,0,6,1,0,44,0,0,0
25,22,20,8,453,1,2,0,0,0,0,0,0,3,1,0,0,1,1,0,0,0,0,0,0,0,0,0,0,1,0,0,0,15,0,0,0,0,0,0,0,0,2,0,0,0,0,0
19,17,237,39,19,1215,25,0,3,0,0,1,1,49,183,62,1,50,3,0,0,1,4,25,210,3,0,0,1,40,10,4,2,126,31,0,15,0,0,0,0,114,21,12,19,1,1,0
76,64,60,11,28,6,1449,0,0,0,0,0,0,14,0,0,0,6,34,0,0,0,0,0,8,4,0,0,0,1,0,0,0,5,18,0,7,0,0,0,0,8,0,0,0,0,0,0
0,0,1,0,0,1,0,168,0,0,6,10,0,0,5,0,1,0,0,0,2,0,0,0,0,0,0,0,0,0,2,0,0,0,0,15,0,0,0,3,1,0,0,0,2,0,2,0
0,0,2,0,0,1,0,3,4354,11,12,94,177,0,1,15,64,5,0,27,12,38,11,0,3,0,13,1,910,9,37,66,37,0,0,0,7,2,3,3,37,0,4,138,31,16,8,17
0,0,0,0,0,0,0,0,0,509,1,0,0,0,0,0,0,0,0,0,0,0,0,0,0,0,39,1,0,0,0,0,0,0,0,0,0,4,21,22,2,0,0,0,0,0,5,1
2,0,1,1,0,2,0,5,1,14,546,25,5,0,0,2,0,1,0,3,27,5,9,1,4,0,43,7,3,1,0,0,0,1,0,9,0,5,0,106,6,0,0,2,1,14,2,1
0,1,1,0,0,13,0,29,45,0,42,1019,44,0,0,3,5,0,2,12,6,8,2,6,6,1,2,4,11,19,10,8,0,0,2,24,1,2,0,18,55,1,1,70,0,2,11,0
0,0,1,0,0,3,0,0,32,0,8,26,1140,2,0,2,0,9,2,0,2,0,11,2,10,5,1,0,2,12,9,24,5,0,2,0,2,0,0,0,0,0,12,18,0,16,0,0
7,356,167,6,97,47,77,0,0,0,0,0,0,1314,3,5,0,127,122,0,0,0,1,227,128,12,0,0,0,2,1,0,0,119,12,0,14,0,0,0,0,41,13,0,0,9,0,0
3,0,7,11,1,14,1,0,0,0,0,0,0,0,561,0,0,0,0,0,0,1,0,0,0,0,0,0,0,51,0,0,1,25,8,0,0,0,0,0,0,8,2,1,12,0,0,0
0,0,3,0,0,9,0,0,3,0,0,1,0,0,2,424,0,1,0,0,0,0,0,2,19,1,0,0,0,0,14,31,16,0,1,0,3,0,0,0,0,2,4,2,2,0,0,0
0,0,0,0,0,1,0,0,11,0,2,7,0,0,0,17,788,1,0,13,2,18,5,0,0,2,0,1,43,0,4,1,2,0,0,0,0,1,0,2,18,0,1,7,9,1,0,0
12,29,22,7,4,70,17,0,2,0,1,0,1,74,10,11,1,3120,7,0,0,1,1,72,113,7,0,0,0,8,0,0,1,11,6,0,403,0,1,0,0,42,65,3,3,1,0,0
0,25,4,0,0,0,57,0,0,0,0,0,0,49,1,1,0,4,1345,0,0,0,0,56,31,115,0,0,0,0,0,0,2,1,12,0,1,0,0,0,0,5,30,0,0,2,0,0
0,0,0,0,0,0,0,1,0,1,1,16,1,0,0,0,14,0,0,1441,0,3,0,0,0,0,0,2,2,0,0,0,0,0,0,20,0,5,2,8,101,0,0,23,0,0,1,0
0,0,1,0,0,2,0,6,1,0,31,2,0,0,1,3,2,1,0,0,722,0,3,0,1,1,5,82,0,3,1,0,0,2,0,4,2,0,0,5,0,0,0,0,2,8,5,0
0,0,1,0,0,1,0,1,35,0,1,7,0,0,1,16,50,0,0,5,1,7277,22,0,0,0,0,4,120,0,4,4,0,0,0,2,0,0,0,0,9,0,0,4,9,2,0,0
0,12,5,2,2,4,4,1,2,0,5,11,9,12,3,5,27,9,4,8,10,8,1180,6,19,9,0,44,0,8,7,3,2,2,6,32,1,1,3,26,4,1,3,5,3,31,3,2
0,50,46,2,6,102,23,0,0,0,0,0,1,392,7,10,0,85,266,0,0,0,2,1517,609,312,0,1,0,2,1,0,3,70,10,0,10,0,0,0,0,92,147,0,2,66,0,0
1,60,109,0,3,511,63,0,2,0,4,3,4,228,10,197,3,132,186,0,0,1,15,627,2866,495,0,2,7,12,5,32,46,49,12,0,36,0,0,1,2,140,272,16,2,36,9,2
0,1,0,0,0,2,7,0,0,0,0,0,0,6,1,14,0,11,330,0,0,1,4,160,205,3981,0,0,0,6,0,5,10,1,5,0,5,0,0,0,0,3,186,0,0,172,0,0
0,0,0,0,0,0,0,0,0,87,17,0,1,0,0,0,0,0,0,0,1,0,0,0,0,0,697,3,0,0,0,0,0,0,0,0,0,7,13,24,1,0,0,0,0,7,12,10
0,0,1,0,0,2,0,9,0,20,35,19,0,0,2,4,7,1,0,7,317,12,21,2,0,0,10,2367,4,3,1,0,0,0,0,40,0,27,8,77,10,1,0,0,3,4,2,0
0,0,0,0,0,0,0,3,936,43,18,73,71,0,0,23,359,0,0,62,19,149,17,0,0,0,20,27,8270,5,20,38,11,0,0,4,6,9,11,19,197,0,0,61,8,7,15,11
23,4,42,86,48,48,100,1,3,0,0,29,27,5,302,9,1,4,26,0,0,1,7,10,17,30,0,0,2,2795,45,30,12,104,122,0,31,0,0,0,1,59,28,26,181,22,1,0
0,0,0,0,1,9,0,12,32,0,0,14,12,0,2,61,0,2,3,1,1,8,2,6,7,7,0,0,11,20,2093,339,72,8,3,1,15,0,0,0,1,4,4,50,22,7,0,0
2,5,8,2,2,20,8,4,102,0,4,55,251,4,2,168,14,12,5,3,0,6,14,11,30,6,0,0,44,63,617,3379,490,4,9,0,5,0,1,0,4,3,12,79,18,11,4,2
0,0,0,0,0,0,0,0,26,0,0,1,2,0,1,15,0,0,1,0,0,1,0,1,6,5,0,0,7,5,21,73,785,0,0,0,2,0,0,0,1,0,6,3,4,4,0,0
22,12,88,69,62,42,11,0,0,0,0,0,0,23,136,0,0,10,2,0,0,0,0,4,3,1,0,0,0,16,2,0,0,1024,37,0,2,0,0,0,0,15,14,0,8,0,0,0
1,0,1,11,2,1,19,0,0,0,0,0,0,0,0,0,0,1,1,0,0,0,0,0,1,0,0,0,0,3,0,0,0,3,462,0,1,0,0,0,0,0,0,0,4,0,0,0
0,0,1,0,0,1,0,81,0,3,19,33,0,1,1,0,1,1,0,9,15,5,9,0,1,0,3,22,0,3,0,0,0,2,0,1271,0,2,3,23,4,0,0,1,1,0,1,0
54,26,26,28,21,25,58,1,1,0,0,1,15,26,12,4,0,549,25,0,2,0,1,28,36,43,0,0,3,31,21,4,1,34,17,0,3484,0,0,0,1,15,43,36,41,0,0,0
0,0,0,0,0,0,0,0,0,55,3,2,0,0,0,0,2,0,0,63,0,1,1,0,0,0,36,1,1,0,0,0,0,0,0,1,0,4526,141,42,79,0,0,0,0,0,594,18
0,0,0,0,0,0,0,0,0,70,1,0,0,0,0,0,0,0,0,5,0,0,1,0,0,0,16,0,0,0,0,0,0,0,0,0,0,64,1477,2,0,0,0,0,0,0,6,25
0,0,2,0,0,3,0,11,1,108,270,69,1,0,0,1,10,1,0,16,19,6,10,1,3,0,69,51,1,0,0,0,0,1,0,62,0,23,6,1856,27,0,0,2,0,0,21,2
0,0,0,0,0,0,0,1,1,2,2,42,1,0,0,0,3,0,0,60,0,1,1,0,0,0,1,0,17,0,0,0,0,0,0,3,0,9,1,12,380,0,0,4,0,0,7,0
3,2,24,12,1,38,0,0,0,0,0,0,0,10,18,2,0,12,5,0,0,0,0,17,27,2,0,0,0,0,0,0,0,9,10,0,2,0,0,0,0,196,16,0,7,1,0,0
0,4,8,5,0,26,1,0,0,0,0,0,0,13,26,22,1,50,28,0,0,0,1,91,88,104,0,0,0,9,5,2,1,56,13,0,11,0,0,0,0,45,1227,4,35,12,0,0
0,0,1,0,0,2,0,13,32,0,2,61,40,0,4,1,9,2,0,85,0,0,5,0,1,0,0,0,13,16,33,11,1,0,0,3,25,3,0,1,56,0,4,1037,9,1,4,2
8,0,5,31,0,12,11,0,2,0,0,6,0,2,30,14,2,10,5,0,0,0,0,3,3,3,0,0,0,110,7,0,4,5,67,0,36,0,0,0,0,32,13,10,1771,0,0,0
0,1,0,1,3,1,0,0,0,0,3,0,1,12,0,2,0,21,8,0,0,0,3,28,9,75,8,0,0,2,2,0,1,3,0,0,1,0,0,0,0,3,33,0,0,992,0,1
0,0,1,0,0,0,0,0,0,13,4,17,3,0,0,0,4,0,0,18,1,1,2,0,1,0,33,0,1,0,0,0,0,0,0,0,0,437,31,14,52,0,1,6,0,1,2127,36
0,0,0,0,0,0,0,0,0,0,1,0,1,0,0,0,0,0,0,0,0,0,0,0,0,0,1,0,0,0,0,1,0,0,0,0,0,2,7,0,0,0,0,0,0,0,5,94
