0.66604,0.72515,0.44422,0.66146,0.403,0.49535,0.62891,0.49284,0.77692,0.55043,0.52495,0.62058,0.63682,0.5,0.39669,0.39273,0.56303,0.72038,0.54619,0.78186,0.62123,0.96204,0.8561,0.50494,0.6253,0.75884,0.7003,0.89928,0.87311,0.84511,0.70859,0.8316,0.53174,0.53586,0.46573,0.85543,0.83337,0.87883,0.8526,0.80919,0.35014,0.22426,0.5582,0.644,0.78286,0.69354,0.74377,0.39912
0.71463
1408,38,132,294,151,15,136,0,0,0,0,0,0,11,7,0,0,58,0,0,0,0,0,0,1,0,0,0,0,1,0,0,0,41,12,0,14,0,0,0,0,3,0,0,1,0,0,0
32,2108,58,0,139,3,101,0,0,0,0,0,0,329,0,2,0,3,85,0,0,1,3,78,14,12,0,0,0,1,0,0,1,12,1,0,1,0,0,0,0,0,4,0,0,0,0,0
85,73,884,47,64,184,88,0,8,1,1,1,1,103,29,16,24,21,2,3,0,12,3,11,63,2,1,3,3,4,2,0,1,97,9,0,6,2,0,6,6,46,8,0,4,1,1,1
323,1,32,1356,26,13,38,0,0,0,0,0,0,0,59,0,0,20,0,0,0,0,0,1,0,0,0,1,0,20,0,0,0,106,127,0,20,0,0,0,0,5,1,0,40,0,0,0
26,20,20,8,457,1,2,0,0,0,0,0,0,1,1,0,0,1,1,0,0,0,0,0,0,0,0,0,0,1,0,0,0,14,0,0,0,0,0,0,0,0,2,0,0,0,0,0
16,20,220,40,18,1226,27,0,3,0,0,1,1,47,183,54,2,49,5,0,0,2,1,28,216,2,0,2,2,54,16,5,2,112,35,0,14,0,0,0,1,110,16,10,21,2,1,0
81,59,64,11,28,5,1449,0,0,0,0,0,0,12,0,0,0,5,38,0,0,0,0,0,6,3,0,1,0,2,0,0,0,5,18,0,6,0,0,0,0,6,0,0,0,0,0,0
0,0,1,0,0,1,0,172,0,0,5,9,0,0,5,0,0,1,0,0,3,0,1,0,0,0,0,0,0,0,1,0,0,0,0,16,0,0,0,1,0,0,0,0,1,0,2,0
0,0,0,0,0,2,0,4,4343,9,12,84,190,0,2,16,56,6,0,19,18,40,13,0,3,0,16,0,922,3,38,70,39,0,0,0,6,1,4,5,35,0,3,138,30,17,9,16
0,0,0,0,0,0,0,0,0,513,2,0,0,0,0,0,0,0,0,0,0,0,0,0,0,0,40,1,0,0,0,0,0,0,0,0,0,6,18,19,1,0,0,0,0,0,4,1
1,0,1,0,0,2,0,6,1,15,547,25,5,0,0,1,0,1,0,5,24,4,8,3,3,0,39,10,3,2,0,1,0,4,0,11,0,4,0,107,4,0,0,0,1,13,3,1
0,1,0,0,0,13,0,32,44,0,38,1019,44,0,0,3,6,0,3,8,9,6,4,4,7,1,2,4,9,17,11,9,1,1,3,24,2,2,0,18,61,1,1,68,1,2,7,0
0,0,1,0,0,0,0,0,28,0,9,26,1145,2,0,2,0,9,2,0,1,0,12,5,9,4,1,0,2,13,3,31,5,0,2,0,4,0,0,0,0,0,10,17,0,15,0,0
12,357,169,4,96,46,80,0,0,0,0,0,0,1311,3,4,0,128,114,0,0,0,1,233,129,11,0,0,0,2,0,1,0,119,14,0,12,0,0,0,0,36,15,0,0,10,0,0
3,0,7,11,1,15,1,0,0,0,0,0,0,0,551,0,0,0,0,0,0,1,0,0,0,0,0,0,0,53,0,0,1,36,5,0,0,0,0,0,0,7,3,1,10,1,0,0
0,0,4,0,0,7,0,0,4,0,0,0,0,0,1,432,1,0,0,0,0,0,0,2,19,2,0,0,0,2,12,26,11,0,1,0,3,0,0,0,0,1,7,2,3,0,0,0
0,0,1,0,0,1,0,0,10,1,2,4,0,0,0,14,795,1,0,12,2,17,4,0,0,2,0,1,36,1,4,2,2,0,0,1,0,1,0,4,18,0,1,8,10,1,1,0
12,29,26,8,7,66,17,0,1,0,1,0,1,65,7,11,0,3143,7,0,0,2,1,66,120,8,0,0,0,7,0,0,1,10,5,0,390,0,1,1,0,38,64,5,5,1,0,0
0,25,4,0,0,0,62,0,0,0,0,0,0,44,0,1,0,4,1342,0,0,0,0,60,31,118,0,0,0,0,0,0,1,1,12,0,0,0,0,0,0,4,30,0,0,2,0,0
0,0,0,0,0,0,0,1,0,1,1,20,1,0,0,0,12,0,0,1448,0,6,0,0,0,0,0,1,3,0,0,0,0,0,0,20,0,2,1,7,95,0,0,22,0,0,1,0
0,0,0,0,0,2,0,8,1,0,30,5,0,0,1,3,1,1,0,1,720,0,3,1,0,0,6,85,0,4,0,0,0,1,0,3,3,1,1,3,0,0,0,1,1,8,2,0
0,0,1,0,0,2,0,0,38,0,3,6,0,0,2,13,52,0,0,5,1,7274,23,0,0,0,0,4,118,0,6,2,1,0,0,2,0,0,0,0,9,0,0,4,8,2,0,0
0,10,4,2,4,6,4,0,1,1,3,16,11,9,3,3,29,10,5,8,9,9,1178,5,15,15,0,43,0,9,5,4,2,3,5,30,0,1,3,29,4,2,5,4,3,26,4,2
0,55,44,2,8,103,23,0,0,0,0,0,1,380,6,12,0,87,249,0,0,0,2,1533,630,310,0,1,0,3,1,0,3,64,11,0,13,0,0,0,0,80,149,0,2,62,0,0
0,62,110,2,5,530,61,0,3,0,6,4,4,217,9,184,3,120,177,1,0,1,12,649,2867,500,0,1,8,14,7,28,39,47,9,0,43,0,0,2,1,140,278,14,2,31,8,2
0,3,0,0,0,1,6,0,0,0,0,0,0,5,1,15,0,11,325,0,0,1,4,148,214,3990,0,0,0,6,1,5,10,1,5,0,3,0,0,0,0,3,184,0,0,174,0,0
0,0,0,0,0,0,0,0,0,80,19,0,1,0,0,0,0,0,0,0,0,0,0,0,0,0,701,3,0,0,0,0,0,0,0,0,0,6,13,26,1,0,0,0,0,5,12,13
0,0,0,0,0,1,0,6,0,16,23,25,0,0,1,4,6,1,0,7,323,8,24,2,0,0,12,2357,7,3,1,0,0,0,0,40,0,32,6,96,5,0,1,1,3,3,2,0
0,0,1,0,0,0,0,3,901,36,20,75,64,0,0,17,383,0,0,69,14,145,13,0,0,0,22,25,8264,2,21,38,12,0,0,4,8,8,7,25,216,0,0,68,10,7,18,16
19,2,44,93,44,46,105,1,5,0,0,25,20,4,296,7,1,6,23,0,0,1,5,10,18,24,0,0,2,2810,44,28,12,95,112,0,33,0,0,0,1,75,29,27,191,23,1,0
0,0,1,1,2,10,0,12,31,0,0,15,10,0,2,63,2,3,0,0,2,9,2,8,9,7,0,0,7,19,2096,344,57,5,2,0,18,0,0,0,2,6,4,55,20,6,0,0
4,3,6,1,2,21,7,4,104,0,2,57,242,2,4,164,11,8,7,3,1,8,13,13,27,6,0,0,35,65,599,3432,477,3,6,0,9,1,2,0,3,3,21,74,15,14,3,1
0,0,0,0,0,0,0,0,27,0,0,0,1,0,0,11,0,1,1,1,0,1,1,2,7,5,0,0,7,5,23,79,779,0,0,0,0,0,0,0,0,0,5,5,5,4,0,0
22,13,84,73,59,42,10,0,0,0,0,0,0,22,133,0,0,10,2,0,0,0,0,5,3,1,0,0,0,19,0,0,0,1031,34,0,3,0,0,0,0,15,14,0,8,0,0,0
1,0,3,12,1,1,18,0,0,0,0,0,0,0,1,0,0,1,1,0,0,0,0,0,1,0,0,0,0,3,0,0,0,2,462,0,1,0,0,0,0,0,0,0,3,0,0,0
1,0,1,0,0,2,0,72,0,5,20,34,0,0,2,0,1,1,0,8,12,3,14,0,1,0,2,19,0,2,0,0,0,1,0,1284,0,3,3,18,4,0,0,1,1,0,2,0
62,21,28,24,18,31,57,1,1,0,0,2,12,24,9,5,0,561,22,0,1,0,2,32,31,40,0,0,4,29,21,7,2,36,17,0,3481,0,0,0,1,20,42,32,37,0,0,0
0,0,0,0,0,0,0,0,0,58,3,2,0,0,0,0,2,0,0,60,0,0,1,0,0,0,35,1,0,0,0,0,0,0,0,1,0,4504,141,40,83,0,0,0,0,0,617,18
0,0,0,0,0,0,0,0,0,73,0,0,0,0,0,0,0,0,0,6,0,0,1,0,0,0,14,0,0,0,0,0,0,0,0,0,0,63,1475,6,0,0,0,0,0,0,4,25
0,0,3,0,0,1,0,13,1,109,281,64,1,0,0,0,9,1,0,17,18,8,13,0,4,0,67,58,1,0,0,0,0,1,0,55,0,26,9,1849,25,1,0,2,0,0,14,2
0,0,0,0,0,0,0,2,1,2,3,44,1,0,0,0,3,0,0,68,0,1,1,0,0,0,0,0,15,0,0,0,0,0,0,4,0,10,0,13,368,0,0,4,0,0,8,0
3,1,19,11,1,36,2,0,0,0,0,1,0,9,20,1,0,11,6,0,0,0,0,21,28,2,0,0,0,0,1,0,0,10,7,0,3,0,0,0,0,196,17,0,7,1,0,0
0,5,9,5,0,23,1,0,0,0,0,0,0,11,23,20,1,49,29,0,0,0,1,89,99,108,0,0,1,11,6,2,0,57,16,0,14,0,0,0,0,43,1218,2,36,9,0,0
0,0,1,0,0,2,0,12,30,0,4,60,35,0,4,2,8,2,0,87,0,0,6,0,1,0,0,0,15,18,31,10,1,0,0,6,27,3,0,0,52,0,4,1042,10,1,2,1
3,0,6,45,0,14,9,0,3,0,0,3,0,1,24,16,2,8,4,0,0,0,1,4,1,4,0,0,0,118,8,2,4,6,62,0,39,0,0,0,0,30,16,6,1763,0,0,0
0,1,0,0,3,1,0,0,0,0,2,0,2,13,0,4,0,21,7,0,0,0,3,23,7,81,9,0,0,2,0,0,1,3,0,0,1,0,0,0,0,3,29,0,0,998,0,0
0,0,1,0,0,0,0,0,1,12,5,15,4,0,0,0,2,0,0,16,1,1,2,0,1,0,31,0,1,0,0,0,0,0,0,0,0,447,36,10,55,0,1,5,0,0,2119,38
0,0,0,0,0,0,0,0,0,0,0,0,1,0,0,0,0,0,0,0,0,0,0,0,0,0,3,0,0,0,0,1,0,0,0,0,0,2,10,0,0,0,0,0,0,0,4,91
