0.67599,0.71856,0.43175,0.65983,0.40142,0.4878,0.62511,0.4397,0.7619,0.55211,0.51284,0.62547,0.64253,0.50552,0.37705,0.36779,0.56575,0.71264,0.53587,0.77045,0.60745,0.9569,0.8589,0.49742,0.62213,0.75819,0.71399,0.90363,0.87443,0.84438,0.69491,0.83498,0.51046,0.52632,0.45203,0.85606,0.8306,0.87944,0.85262,0.81425,0.3591,0.20925,0.57082,0.63846,0.77802,0.69106,0.73386,0.35472
0.71009
1402,33,131,287,153,14,151,0,0,0,0,0,0,11,7,0,0,60,0,0,0,0,0,1,0,0,0,0,0,1,0,0,0,40,12,0,16,0,0,0,0,4,0,0,0,0,0,0
35,2137,66,1,132,4,97,0,0,0,0,0,0,293,0,1,0,3,86,0,0,1,2,81,17,13,0,0,0,1,0,1,1,10,1,0,1,0,0,0,0,1,3,0,0,0,0,0
85,74,892,53,71,165,82,0,15,1,1,3,0,91,32,22,23,20,2,4,0,11,1,11,62,2,1,4,4,5,2,0,0,96,9,0,7,1,0,6,3,51,6,2,3,1,3,0
313,0,37,1352,32,14,42,0,0,0,0,0,0,0,58,0,0,20,0,0,0,0,0,1,0,0,0,0,0,17,0,0,0,96,128,0,27,0,0,0,0,9,1,0,42,0,0,0
22,20,23,7,452,1,3,0,0,0,0,0,0,3,1,0,0,1,2,0,0,0,0,2,0,0,0,0,0,0,0,0,0,18,0,0,0,0,0,0,0,0,0,0,0,0,0,0
12,19,247,52,21,1180,32,0,3,0,2,1,1,43,202,61,0,51,1,1,0,2,2,31,218,2,0,0,2,46,10,3,0,117,35,0,12,0,0,0,2,106,16,9,20,2,0,0
72,69,66,7,21,5,1444,0,0,0,0,0,0,14,1,0,0,6,34,0,0,0,0,1,9,3,0,0,0,2,0,0,0,4,26,0,7,0,0,0,0,8,0,0,0,0,0,0
0,0,0,0,0,2,0,175,0,0,5,9,0,0,3,0,1,0,0,0,2,0,1,0,0,0,0,0,0,0,1,0,0,1,1,14,0,0,0,2,0,0,0,0,1,0,1,0
0,0,0,0,0,2,0,5,4355,6,12,77,174,0,1,16,68,3,0,29,19,52,8,0,4,0,11,0,897,7,37,64,41,0,0,0,9,2,5,5,39,0,2,146,26,20,7,20
0,0,0,0,0,0,0,0,0,498,1,0,0,0,0,0,0,0,0,0,0,0,0,0,0,0,43,1,0,0,0,0,0,0,0,0,0,6,23,26,1,0,0,0,0,0,5,1
1,0,1,0,0,2,0,4,0,10,539,30,4,1,0,0,1,1,0,4,33,4,7,2,3,0,36,11,2,2,0,0,0,4,0,11,0,5,0,119,5,0,0,0,1,8,3,1
0,2,2,0,0,8,1,32,52,0,43,1007,40,0,0,7,5,0,1,7,10,8,5,7,7,2,2,4,11,20,18,8,2,1,1,22,0,2,0,18,51,2,0,69,0,1,8,0
0,0,1,0,0,1,0,0,35,0,10,28,1136,3,0,2,0,7,0,0,1,0,12,6,8,3,0,0,3,12,9,31,3,0,0,0,4,0,0,0,1,0,13,9,0,13,3,4
7,363,171,5,91,58,75,0,0,0,0,0,0,1282,3,5,0,128,123,0,0,0,0,242,138,8,0,0,0,3,0,1,0,124,15,0,14,0,0,0,0,31,14,0,0,6,0,0
3,0,9,11,2,17,1,0,0,0,0,0,0,0,552,0,2,0,0,0,0,0,0,0,0,0,0,0,0,55,0,1,1,29,4,0,0,0,0,0,0,8,0,1,11,0,0,0
0,1,1,0,0,11,1,0,2,0,0,2,0,1,1,427,1,1,0,0,0,0,0,2,16,3,0,0,0,1,16,26,15,0,1,0,3,0,0,0,0,1,3,2,2,0,0,0
0,0,0,0,0,1,0,0,9,1,2,6,0,0,0,16,783,1,0,17,1,16,5,0,2,2,0,1,40,1,5,4,3,0,0,1,0,1,0,4,17,0,0,7,10,1,0,0
13,30,26,6,5,72,18,0,1,0,1,0,1,64,10,14,1,3100,7,0,0,2,0,73,113,7,0,0,0,5,1,1,0,10,9,0,419,0,1,0,0,47,59,3,5,1,0,1
0,28,4,0,0,0,59,0,0,0,0,0,0,49,0,1,0,6,1337,0,0,0,1,63,28,122,0,0,0,0,0,0,2,1,13,0,0,0,0,0,0,1,24,0,0,2,0,0
0,0,0,0,0,0,0,4,0,0,0,14,0,0,0,0,9,0,0,1460,0,4,0,0,0,0,0,1,5,0,0,0,0,0,0,15,0,4,3,6,96,0,0,19,0,0,1,1
0,0,0,0,0,1,0,7,1,0,38,5,0,0,0,1,1,1,0,0,718,1,3,0,2,1,5,84,0,4,0,0,0,2,0,2,2,2,1,2,0,0,0,0,2,8,2,0
0,0,0,0,0,2,0,0,41,0,1,9,0,0,2,14,48,0,0,5,1,7283,26,0,0,0,0,1,115,0,5,3,1,0,0,1,0,0,0,0,4,0,0,4,8,2,0,0
0,8,8,2,6,4,5,1,2,0,6,12,10,8,2,5,23,9,3,10,12,8,1187,6,13,13,0,41,0,8,6,4,2,2,5,32,1,0,2,24,5,2,6,4,4,27,5,1
1,57,41,0,6,104,22,0,0,0,0,0,0,367,7,13,0,91,246,0,0,0,2,1544,631,292,0,1,0,3,1,1,2,73,9,0,11,0,0,0,0,96,151,0,2,60,0,0
1,67,114,0,5,527,55,0,3,0,6,3,4,205,9,186,2,122,191,1,0,2,14,680,2845,485,0,1,5,14,6,33,44,44,13,0,38,0,0,0,1,132,276,15,3,35,10,4
0,2,0,0,0,2,5,0,0,0,0,0,0,7,2,16,0,11,348,0,0,1,5,147,212,3979,0,0,0,6,1,4,7,1,3,0,3,0,0,0,0,2,177,0,0,175,0,0
0,0,0,0,0,0,0,0,0,92,25,0,1,0,0,0,0,1,0,0,0,0,0,0,0,0,689,2,0,0,0,0,0,0,0,0,0,7,12,21,1,0,0,0,0,5,10,14
0,0,0,0,0,1,0,7,0,20,34,22,0,0,2,5,7,1,0,8,329,10,22,2,1,0,9,2363,6,3,0,0,0,0,0,37,1,26,6,77,9,0,0,0,2,4,2,0
0,0,0,0,0,0,0,3,974,29,19,67,70,0,0,16,366,0,0,60,15,178,19,0,0,0,14,24,8210,4,21,31,10,0,0,4,4,16,13,21,210,0,0,70,9,7,15,13
22,5,45,90,46,43,107,2,4,0,0,25,22,5,318,6,1,7,29,1,1,1,3,10,14,31,0,0,2,2751,45,33,14,113,113,0,25,0,0,0,3,66,20,26,209,22,1,1
0,1,0,1,1,10,0,14,40,0,0,12,8,0,1,55,3,3,2,3,2,9,1,5,8,8,0,0,7,17,2116,304,91,4,3,2,17,0,0,0,2,3,4,47,22,4,0,0
2,9,8,3,1,19,8,6,110,0,1,53,238,1,7,200,11,11,7,2,2,7,16,10,22,7,0,0,41,69,654,3294,500,3,5,0,5,0,1,0,5,1,17,83,19,17,4,4
0,0,0,0,0,0,0,0,27,0,0,1,2,0,0,13,0,1,1,1,0,0,0,2,7,6,0,0,5,5,26,79,781,0,0,0,0,0,0,0,0,0,6,2,1,4,0,0
24,14,95,76,59,44,12,0,0,0,0,0,0,20,142,0,0,9,3,0,0,0,0,4,2,1,0,0,0,16,0,0,0,1000,39,0,3,0,0,0,0,19,13,0,8,0,0,0
0,0,3,14,1,1,24,0,0,0,0,0,0,0,1,0,0,1,0,0,0,0,0,0,2,0,0,0,0,3,0,0,0,2,457,0,1,0,0,0,0,0,0,0,1,0,0,0
1,0,0,0,1,2,1,106,0,3,23,32,0,0,1,0,0,1,0,11,13,2,12,0,1,0,3,20,0,2,0,0,0,1,0,1243,0,5,2,25,4,0,0,0,1,0,1,0
51,24,35,23,18,24,54,0,2,0,0,2,13,36,8,9,0,582,27,0,1,0,1,19,32,55,0,0,6,31,20,4,3,29,23,0,3447,0,0,0,2,18,36,38,40,0,0,0
0,0,0,0,0,0,0,0,0,52,1,2,0,0,0,0,3,0,0,67,0,0,1,0,0,0,35,1,0,0,0,0,0,0,0,0,0,4486,136,39,69,0,0,0,0,0,652,22
0,0,0,0,0,0,0,0,0,63,1,0,0,0,0,0,0,0,0,5,0,0,1,0,0,0,17,0,0,0,0,0,0,0,0,0,0,64,1481,1,1,0,0,0,0,0,7,26
0,0,2,0,0,3,0,15,1,110,260,66,1,0,0,2,10,1,0,17,20,6,13,1,5,0,63,55,2,0,0,0,0,1,0,61,0,23,8,1863,19,0,0,0,0,0,22,3
0,0,0,0,0,0,0,1,1,3,6,41,0,0,0,0,1,0,0,69,0,1,1,0,1,0,0,0,11,0,0,0,0,0,0,3,0,15,1,15,367,0,0,6,0,0,4,1
4,2,22,11,1,34,3,0,0,0,0,0,0,10,23,2,0,11,4,0,0,0,0,30,31,2,0,0,0,0,0,0,0,7,10,0,1,0,0,0,0,181,17,0,7,1,0,0
0,6,7,5,0,25,0,0,1,0,0,0,0,10,33,25,1,48,30,0,0,0,1,85,104,114,0,0,0,12,4,3,1,57,11,0,10,0,0,0,0,40,1209,2,33,11,0,0
0,0,1,0,0,4,0,16,32,0,3,61,36,0,4,3,10,3,0,94,1,0,5,0,1,0,0,0,15,16,33,9,1,0,0,3,20,3,0,0,57,0,5,1026,9,1,2,3
3,0,8,43,0,11,8,0,3,0,0,2,0,3,31,15,1,7,3,0,0,1,0,6,3,3,0,0,0,114,8,2,3,6,64,0,42,0,0,0,0,31,13,11,1756,1,0,0
0,3,0,0,1,1,0,0,0,0,6,0,3,9,0,3,0,21,8,0,0,0,3,30,9,84,10,0,0,2,0,0,2,4,1,0,0,0,0,0,0,5,27,0,0,982,0,0
0,0,0,0,0,0,0,0,2,14,5,18,3,0,0,0,2,0,0,19,1,1,2,0,2,0,24,0,0,0,0,0,0,0,0,1,0,431,34,14,48,0,0,6,0,0,2126,51
0,0,0,0,0,0,0,0,0,0,0,0,1,0,0,0,0,0,0,0,0,0,0,0,0,0,3,0,0,0,0,1,0,0,0,0,0,2,8,0,0,0,0,0,0,0,3,94
