0.65967,0.71597,0.424,0.64146,0.38801,0.48562,0.63011,0.46543,0.75908,0.54515,0.52372,0.62368,0.62761,0.48305,0.37764,0.37276,0.56772,0.71005,0.54337,0.77207,0.62554,0.9563,0.8589,0.4871,0.61217,0.74672,0.69592,0.90451,0.8769,0.84015,0.6902,0.83372,0.51529,0.5319,0.46526,0.8555,0.81164,0.87603,0.83932,0.80563,0.34774,0.1891,0.56896,0.63402,0.78486,0.68857,0.73057,0.37302
0.70638
1415,37,132,276,149,10,145,0,0,0,0,0,0,7,8,0,0,56,0,0,0,0,0,0,0,0,0,0,0,1,0,0,0,44,14,0,23,0,0,0,0,5,0,0,1,0,0,0
31,2120,63,0,136,4,107,0,0,0,0,0,0,309,0,2,0,3,88,0,0,1,2,70,16,11,0,0,0,1,0,1,1,12,1,0,3,0,0,0,0,1,5,0,0,0,0,0
86,73,862,54,69,166,84,0,17,2,0,3,0,102,35,22,26,21,2,4,0,9,4,15,59,2,1,4,4,3,0,1,0,104,12,0,9,1,0,6,3,52,1,2,3,1,2,1
353,1,38,1315,27,17,47,0,0,0,0,0,0,0,54,0,0,15,0,0,0,0,0,2,0,0,0,0,0,18,0,0,0,103,124,0,28,0,0,0,0,6,0,0,41,0,0,0
26,27,21,10,440,1,3,0,0,0,0,0,0,4,1,0,0,1,1,0,0,0,0,3,0,0,0,0,0,1,0,0,0,16,0,0,0,0,0,0,0,0,0,0,0,0,0,0
22,18,244,47,26,1165,31,0,1,0,1,0,2,42,195,50,1,48,5,1,0,2,6,33,212,3,0,0,2,49,13,2,0,110,36,0,16,0,0,0,1,129,13,10,25,1,2,0
66,70,69,10,26,2,1448,0,0,0,0,0,0,11,1,0,0,6,37,0,0,0,0,1,12,4,0,0,0,2,0,0,0,2,19,0,6,0,0,0,0,7,0,0,0,0,0,0
0,0,1,0,0,1,0,175,0,0,5,9,0,0,3,0,1,1,0,0,3,0,0,0,0,0,0,0,0,0,1,0,0,0,1,15,0,0,0,1,0,0,0,0,1,0,1,0
0,0,0,0,0,2,0,4,4411,7,14,76,186,0,0,18,60,5,1,24,16,50,10,1,3,0,13,0,850,10,36,53,33,0,0,0,8,1,5,6,50,0,0,147,27,17,9,16
0,0,0,0,0,0,0,0,0,495,1,0,0,0,0,0,0,0,0,0,0,0,0,0,0,0,38,1,0,0,0,0,0,0,0,0,0,11,29,28,1,0,0,0,0,0,1,0
0,0,0,0,0,3,0,9,0,11,541,30,4,0,0,0,1,1,0,3,25,4,7,2,4,0,38,11,3,1,0,0,0,4,0,10,0,5,0,122,4,0,0,0,1,7,3,1
0,2,1,0,0,6,0,30,43,0,41,1006,38,0,1,7,4,0,1,7,11,6,6,6,10,2,2,1,12,18,24,8,2,2,0,27,2,3,0,19,62,3,2,65,0,1,5,0
0,1,0,0,0,3,0,0,37,0,9,27,1141,2,0,3,0,7,3,0,0,0,13,5,10,4,0,0,3,11,6,26,5,1,0,0,5,0,0,0,0,0,9,10,0,11,3,3
13,377,176,6,96,52,72,0,0,0,0,0,0,1268,4,4,0,137,111,0,0,0,0,243,137,8,0,0,0,1,1,1,1,111,14,0,19,0,0,0,0,38,12,0,0,5,0,0
4,0,9,9,3,18,0,0,0,0,1,0,0,0,554,0,0,0,0,0,0,0,0,0,0,0,0,0,0,58,0,1,0,26,4,0,0,0,0,0,0,8,1,1,9,1,0,0
0,1,3,0,0,11,0,0,2,0,0,1,0,0,0,416,2,0,0,0,0,0,0,3,22,1,0,0,0,3,17,27,14,1,1,0,3,0,0,0,0,1,7,2,2,0,0,0
0,0,0,0,0,1,0,0,10,1,2,4,0,0,0,14,788,1,0,16,1,18,3,0,1,1,0,0,43,0,3,3,3,0,0,3,1,0,0,4,16,0,1,7,11,1,0,0
11,29,24,9,5,76,20,0,3,0,1,0,1,83,12,8,1,3066,14,0,0,2,0,61,116,6,0,0,0,9,0,0,2,5,8,0,452,0,0,0,0,36,56,3,4,1,1,1
0,26,3,0,0,0,57,0,0,0,0,0,0,53,1,4,0,4,1328,0,0,0,1,63,40,121,0,0,0,0,0,0,2,1,11,0,0,0,0,0,0,1,24,0,0,1,0,0
0,0,0,0,0,0,0,0,1,1,3,14,1,0,0,0,9,0,0,1443,0,4,0,0,0,0,0,1,5,0,0,0,0,0,0,20,0,2,3,7,102,0,0,25,0,0,0,1
0,0,0,1,0,0,0,4,1,0,29,6,0,0,0,2,1,1,0,1,725,0,1,0,0,0,5,87,0,4,0,0,0,3,0,2,2,4,0,7,0,0,0,1,1,6,2,0
0,0,1,0,0,1,0,0,37,0,1,6,0,0,0,14,54,0,0,4,1,7288,21,0,1,0,0,2,114,0,4,2,1,0,0,2,0,0,0,0,7,0,0,4,9,2,0,0
0,13,5,1,5,6,3,1,0,0,3,10,8,9,0,7,29,10,2,8,12,10,1187,10,15,13,0,40,1,7,4,2,2,2,6,30,1,0,4,23,4,0,8,5,4,28,5,1
1,52,50,2,5,97,21,0,0,0,0,0,0,396,7,10,0,88,225,0,0,0,3,1492,664,310,0,1,0,3,1,3,5,70,11,0,14,0,0,0,0,92,147,0,2,62,0,0
1,61,110,1,5,532,58,0,2,0,6,2,6,230,11,178,3,125,186,1,0,1,11,660,2846,512,0,2,5,15,7,29,41,47,8,0,43,0,0,0,1,144,250,11,3,33,13,1
0,3,0,0,0,2,4,0,0,0,0,0,1,6,1,20,0,12,333,0,0,1,3,149,218,3980,0,0,0,6,0,6,4,1,3,0,1,0,0,0,0,3,185,0,0,174,0,0
0,0,0,0,0,0,0,0,0,93,25,0,1,0,0,0,1,1,0,0,2,0,0,0,0,0,682,2,0,0,0,0,0,0,0,0,0,8,17,17,1,0,0,0,0,4,12,14
0,0,1,0,0,2,0,8,0,12,29,22,0,0,1,2,6,1,0,6,310,6,22,2,1,0,11,2387,9,3,2,0,0,2,0,31,0,25,6,93,4,0,0,0,3,3,6,0
0,1,0,0,0,0,0,5,1010,32,16,65,73,0,0,18,354,0,0,60,17,182,13,0,0,0,19,25,8171,3,18,36,10,0,0,4,4,16,13,26,208,0,1,72,9,7,13,11
18,3,46,108,57,41,105,3,3,0,0,24,21,5,334,8,1,3,24,1,0,1,5,13,12,42,0,0,1,2712,47,34,11,106,114,0,29,0,0,0,3,83,20,25,188,30,1,0
0,2,3,0,1,8,0,13,37,0,0,16,10,0,3,67,5,2,2,2,2,11,3,6,9,7,0,0,7,18,2092,312,79,3,3,0,19,0,0,0,1,4,6,50,21,6,0,0
3,4,9,5,2,13,7,8,119,0,1,58,259,0,2,176,9,8,6,4,1,11,14,10,32,11,0,0,36,72,660,3269,503,1,5,0,4,1,2,0,6,5,19,82,18,16,7,5
0,1,0,0,0,0,0,0,23,0,0,0,1,0,0,16,1,0,1,0,0,0,0,0,9,2,0,0,10,4,26,80,775,0,0,0,2,0,0,0,0,1,6,3,3,6,0,0
21,12,91,82,63,47,8,0,0,0,0,0,0,29,144,0,0,10,3,0,0,0,0,2,4,1,0,0,0,16,1,0,0,992,34,0,4,0,0,0,0,27,6,0,6,0,0,0
0,0,2,13,1,1,18,0,0,0,0,0,0,0,0,0,0,1,0,0,0,0,0,0,1,0,0,0,0,4,0,0,0,5,462,0,2,0,0,0,0,0,0,0,1,0,0,0
0,2,0,1,0,1,0,85,0,4,20,29,0,0,1,0,1,0,0,11,16,1,16,0,1,0,2,23,0,2,0,0,0,1,0,1267,0,3,4,20,4,1,0,0,1,0,0,0
64,19,28,29,16,36,48,1,5,0,0,3,19,39,12,8,0,593,24,0,1,2,2,26,34,64,0,0,7,26,19,7,2,25,19,0,3404,0,0,0,0,20,30,37,43,0,0,1
0,0,0,0,0,0,0,0,0,53,1,2,0,0,0,0,3,0,0,64,0,0,1,0,0,0,34,1,0,0,0,0,0,0,0,0,0,4466,152,42,72,0,0,0,0,0,653,22
0,0,0,0,0,0,0,0,0,72,1,0,0,0,0,0,0,0,0,5,0,0,1,0,0,0,20,0,0,0,0,0,0,0,0,0,0,60,1473,2,0,0,0,0,0,0,9,24
0,0,2,0,0,4,0,15,1,112,260,72,1,0,0,0,10,1,1,15,15,7,14,0,4,0,72,50,3,0,0,0,0,1,0,59,0,28,3,1861,26,0,0,0,0,0,13,3
0,0,1,0,0,0,0,1,3,2,5,36,0,0,0,0,2,0,0,76,0,2,1,0,0,0,1,0,18,0,0,0,0,0,0,4,0,12,0,13,362,0,0,3,0,0,6,0
5,2,19,11,1,33,4,0,0,0,0,0,0,9,21,1,0,12,6,0,0,0,0,27,35,3,0,0,0,2,0,0,0,8,9,0,5,0,0,0,0,177,17,0,6,1,0,0
0,4,8,7,1,23,0,0,1,0,0,0,0,11,31,27,1,44,32,0,0,0,1,115,105,127,0,0,0,18,4,2,2,48,15,0,13,0,0,0,0,54,1151,3,31,9,0,0
0,0,1,0,0,2,0,14,42,0,3,67,38,0,3,1,11,1,0,96,0,0,4,0,0,0,0,0,14,14,33,13,1,0,0,6,29,3,0,0,51,2,4,1010,9,1,3,1
5,0,8,53,0,12,8,0,1,0,0,2,0,2,27,11,1,6,0,0,0,1,1,4,6,8,0,0,0,111,12,1,3,5,58,0,41,0,0,0,0,32,9,12,1762,0,0,0
0,0,2,0,0,0,0,0,0,0,8,0,3,8,0,2,0,27,8,0,0,0,3,39,10,87,7,0,0,2,0,0,2,3,1,0,2,0,0,0,0,4,32,0,0,964,0,0
0,0,0,0,0,0,0,0,1,11,6,23,4,0,0,0,2,0,0,17,1,1,3,0,0,0,33,1,0,0,0,1,0,0,0,1,0,447,35,12,52,0,1,3,0,1,2096,52
0,0,0,0,0,0,0,0,0,0,0,0,0,0,0,0,0,0,0,0,0,0,0,0,0,0,2,0,0,0,0,1,0,0,0,0,0,2,9,1,0,0,0,0,0,0,3,94
