0.84773,0.23529,0.39864,0.37173,0.21706,0.27337,0.95862,0.6544,0.85766,0.32753,0.69737,0.4662,0.87851,0.58065,0.50071,0.35401,0.53239,0.39476,0.55569,0.42404,0.48346,0.46654,0.34779,0.50064,0.23586,0.5102,0.2365,0.61424,0.60327,0.79142,0.24716,0.45043,0.20982,0.81687,0.53215,0.31201,0.33333,0.75722,0.76739,0.66301,0.5,0.28022,0.30962,0.21925,0.45717,0.18375,0.34655,0.45481,0.16511,0.58909,0.23996,0.71532,0.54864,0.76081,0.61538,0.31678,0.23458,0.50238,0.58753,0.28196,0.41214,0.67709,0.40359,0.6409,0.41199,0.42678,0.25229,0.721,0.29974,0.77578,0.48317,0.48171,0.61549,0.1907,0.66912,0.97568,0.6299,0.67163,0.43604,0.31571,0.24771,0.71587,0.37626,0.67723,0.68997,0.67,0.46696,0.35154,0.53724,0.38474,0.39029,0.98975,0.72925,0.67715,0.54688,0.52068,0.52244,0.74662,0.59293,0.24623,0.37485,0.75561,0.53108,0.91792,0.18937,0.95904,0.33971,0.25539,0.61598,0.7049,0.6555,0.41548,0.27241,0.70173,0.14837,0.26345,0.48231,0.67942,0.375,0.60457,0.4622,0.56422,0.59091,0.46486,0.30092,0.77787,0.53333,0.67543,0.51901,0.45708,0.49146,0.31025,0.68849,0.35463,0.4709,0.36446,0.60922,0.46333,0.80177,0.42428,0.41002,0.6945,0.61945,0.45177,0.86122,0.34904,0.34787,0.3253,0.43448,0.80675,0.63175,0.34433,0.34362,0.50952,0.42431,0.90428,0.27961,0.57204,0.22067,0.51068,0.34664,0.84578,0.43714,0.58476,0.68517,0.67159,0.6978,0.69559,0.43312,0.57858,0.42254,0.68493,0.46057
0.55179
0,38,293,159,0,38,0,0,0,0,0,64,0,0,0,1,0,4,83,13,1,1,2,0,170,10,7,0,0,0,0,0,8,0,0,0,0,0,0,0,1,13,235,0,0,0,2,1,6,0,0,0,172,0,3,0,0,9,0,0,3,0,0,0,1,1,26,0,0,0,0,0,10,109,455,0,0,0,0,0,0,0,80,0,0,0,32,0,0,0,0,0,0,2,0,0,0,0,89,212,0,0,8,0,42,0,213,0,0,0,0,0,3,0,28,1,0,0,1,18,0,2,0,41,0,0,0,0,0,23,0,0,0,1,0,0,0,0,0,0,0,0,0,0,0,201,14,8,0,0,0,0,0,15,5,0,0,28,16,13,2,0,0,11,0,0,0,0,0,7,0,0,9
0,1,9,71,1,14,0,0,0,12,0,4,0,0,0,8,0,2,0,2,0,0,0,0,20,0,8,0,0,0,46,0,80,0,0,1,5,0,0,0,1,0,50,0,24,98,7,3,0,0,0,0,1,0,1,0,1,0,0,3,2,0,0,0,0,0,12,0,28,0,0,0,0,45,1,0,0,0,2,0,0,2,336,0,1,1,0,0,0,0,2,0,6,1,0,0,0,0,22,4,50,0,393,0,4,0,4,16,0,20,0,0,6,0,0,12,2,0,1,1,33,492,0,28,0,0,0,0,0,394,0,0,0,0,0,0,0,0,0,1,0,0,0,6,0,2,319,13,252,0,0,10,1,0,0,0,0,401,13,0,7,0,13,307,0,0,0,0,0,1,0,0,257
1,39,39,41,24,31,2,1,1,17,5,18,5,2,0,0,1,1,26,114,1,8,48,0,63,10,19,0,2,0,11,0,99,2,0,31,10,2,0,4,6,4,99,0,2,53,44,2,99,0,31,0,31,1,6,15,1,29,0,3,1,1,8,0,3,0,10,2,5,1,0,0,4,102,9,2,1,0,0,0,0,0,114,1,0,1,4,0,0,0,7,0,0,2,0,6,3,18,42,113,1,1,28,0,110,2,124,1,0,5,1,2,9,0,11,8,6,1,28,3,1,9,2,70,1,0,13,0,0,53,1,0,4,18,0,1,0,0,0,2,0,9,1,3,1,55,43,108,31,0,0,5,9,4,12,0,0,38,6,9,39,0,0,22,0,3,0,10,0,18,1,4,44
0,146,157,39,0,100,0,0,0,0,0,21,0,0,0,0,0,0,449,9,51,29,32,0,27,23,77,0,0,3,0,0,0,0,0,0,2,0,0,0,3,178,58,0,0,0,1,0,12,0,2,0,344,0,1,0,1,118,0,0,3,0,1,0,0,0,5,1,3,0,8,0,1,22,83,0,0,0,0,0,0,0,7,0,0,0,27,0,51,0,0,0,0,1,0,0,0,0,22,171,0,0,0,0,49,0,64,0,0,0,0,15,0,0,54,1,0,0,0,3,1,0,0,18,0,0,0,0,2,7,0,0,0,2,0,0,0,0,0,0,0,0,0,2,0,237,1,11,0,0,0,0,0,4,22,3,0,1,126,24,0,0,0,0,0,0,0,0,0,1,0,0,1
0,6,28,73,0,27,0,0,0,1,0,2,0,0,0,0,0,0,4,2,1,2,0,0,27,3,0,0,0,0,0,0,2,0,0,0,0,0,0,0,1,0,38,0,0,1,0,0,0,0,0,0,1,0,0,0,0,0,0,0,0,0,0,0,0,0,3,0,0,0,0,0,0,123,1,0,0,0,0,0,0,0,54,0,0,0,0,0,0,0,0,0,0,1,0,0,0,0,5,44,1,0,17,0,13,0,30,0,0,0,0,1,0,0,4,1,0,0,0,0,1,7,0,1,0,0,0,0,0,73,0,0,0,0,0,0,0,0,0,0,0,0,0,0,0,12,21,21,7,0,0,0,0,3,0,0,0,47,0,1,0,0,0,8,0,0,0,0,0,0,0,0,10
3,98,16,11,87,67,1,0,0,19,11,17,0,0,0,0,11,1,29,321,26,75,116,0,33,99,16,0,2,2,10,6,52,0,0,5,18,6,0,2,31,10,15,3,1,35,279,9,141,5,135,0,6,0,26,25,14,9,4,1,6,0,4,8,7,0,31,12,16,0,24,0,12,22,4,0,12,0,4,7,2,0,13,0,1,0,8,0,4,1,11,0,1,4,2,5,2,3,6,61,2,0,5,0,119,0,38,5,3,1,0,56,26,0,27,5,5,17,101,8,2,1,2,15,4,0,0,3,3,22,0,2,0,20,4,1,0,0,0,5,0,0,0,18,1,35,44,84,2,0,0,9,82,5,49,2,0,5,47,15,164,1,9,7,0,17,3,0,0,39,1,14,29
0,0,88,284,0,2,0,0,0,0,0,18,0,0,0,0,2,0,0,2,0,0,7,0,5,0,84,0,0,0,4,0,33,0,0,0,0,0,0,0,0,1,184,0,12,57,0,8,12,0,4,0,12,0,0,0,0,1,0,0,16,0,0,0,0,0,8,0,0,0,0,0,0,14,4,0,0,0,0,0,0,0,127,0,0,0,3,0,0,0,0,0,0,1,0,0,0,0,453,81,8,0,21,0,3,0,59,0,0,0,0,1,155,0,0,0,2,0,0,1,20,2,0,430,0,0,0,0,0,18,0,0,0,0,0,0,0,0,0,0,0,0,0,22,0,28,24,3,3,0,0,0,1,1,0,0,0,12,0,0,3,0,0,34,0,0,0,0,0,0,0,0,12
0,3,1,1,0,0,0,0,0,2,1,0,0,1,9,0,0,0,3,0,0,2,1,0,0,0,0,0,0,0,3,0,0,0,2,0,0,0,0,1,0,0,1,36,0,0,1,0,0,0,0,2,0,1,0,1,0,0,5,2,0,0,1,0,1,0,0,2,0,0,0,0,0,0,3,0,0,0,0,0,0,0,0,0,0,1,3,0,3,0,0,0,0,1,0,0,0,0,0,0,0,1,0,0,0,1,0,1,0,0,0,0,0,0,13,0,0,0,0,0,0,0,0,2,0,1,0,1,1,0,0,0,0,0,0,12,0,22,0,9,0,0,0,0,0,0,0,0,0,0,2,0,16,0,1,0,0,0,1,0,0,1,0,0,112,0,0,2,0,1,0,0,1
3,0,0,0,43,0,7,3,62,0,13,0,113,6,353,0,0,2,0,5,3,0,0,392,0,1,0,1,9,11,0,9,0,242,4,2,188,172,250,61,0,0,0,11,0,1,0,0,18,4,3,3,0,0,1,13,9,0,1,25,0,2,23,6,0,408,0,4,0,196,6,14,0,0,0,10,8,2,0,0,214,0,0,0,1,0,0,4,2,3,26,13,0,12,1,36,26,828,0,0,16,4,0,121,0,4,0,0,5,0,1,8,0,25,4,2,0,2,0,1,0,0,9,0,6,0,20,745,4,0,63,173,21,3,4,3,277,1,1266,1,154,277,516,0,0,0,0,0,0,0,8,0,1,0,0,0,7,0,0,74,0,6,8,0,4,6,124,1,0,0,360,0,0
0,0,0,0,0,0,0,25,0,0,0,0,0,0,0,0,0,0,0,0,0,0,0,0,0,0,0,10,0,0,0,0,0,0,4,0,0,0,0,0,0,0,0,0,0,0,0,0,0,0,0,141,0,9,0,0,0,0,0,0,0,0,0,0,0,0,0,0,0,0,0,166,0,0,0,0,0,6,0,0,0,0,0,0,0,0,0,29,0,0,0,0,0,0,0,0,0,0,0,0,0,15,0,0,0,0,0,0,0,8,1,0,0,0,0,0,0,0,0,0,0,0,0,0,0,3,0,0,0,0,151,0,0,0,0,2,0,0,0,0,0,0,0,0,0,0,0,0,0,2,0,0,0,0,0,0,249,0,0,0,0,0,0,0,0,0,0,1,0,0,0,0,0
0,0,0,0,9,2,11,7,2,4,1,0,0,9,3,0,8,1,0,0,1,0,0,0,0,0,0,1,0,0,1,0,0,1,32,9,0,0,0,3,0,0,0,135,0,0,1,0,54,0,1,1,0,6,1,0,0,0,26,1,0,4,11,0,0,1,1,0,3,0,0,7,0,0,37,5,0,4,1,0,0,0,3,0,0,0,0,94,0,0,0,2,1,0,0,2,9,0,0,0,0,94,0,0,0,3,1,2,2,54,0,0,2,0,2,13,2,1,0,0,0,0,3,0,0,11,2,0,0,0,22,1,19,0,2,198,0,78,0,3,0,1,0,0,1,0,2,0,1,1,13,0,20,0,1,0,25,0,0,6,0,0,0,0,13,0,0,26,0,0,3,1,1
1,1,0,0,24,0,0,1,84,2,0,0,3,33,6,0,1,0,0,2,0,0,0,0,0,2,0,1,1,0,2,2,3,6,3,2,0,7,17,2,3,0,0,162,1,2,13,2,14,1,4,0,0,1,0,17,0,0,9,23,1,10,9,7,1,12,1,4,2,7,10,0,1,1,1,2,2,6,2,1,23,0,0,4,0,5,0,0,1,12,5,3,3,1,0,164,5,30,1,0,2,13,25,0,0,7,0,1,3,7,1,1,2,0,56,1,4,0,0,0,1,0,7,0,0,4,8,25,2,1,1,13,102,1,6,91,11,259,40,14,6,40,0,1,0,0,8,1,0,0,0,1,277,0,0,0,0,0,0,3,9,2,0,0,23,6,8,2,0,0,61,1,6
2,0,0,0,123,0,0,2,2,1,0,2,2,175,1,1,0,0,0,15,0,0,0,61,0,1,0,0,3,4,0,9,1,0,8,0,1,0,0,0,0,0,1,40,0,3,7,2,19,0,0,0,0,0,8,274,9,0,2,2,4,0,13,33,0,1,6,7,3,0,4,0,42,2,0,0,10,0,4,15,10,1,0,6,0,1,0,3,0,17,2,0,0,3,1,19,104,3,0,0,3,1,0,1,0,0,0,6,1,0,0,4,0,18,0,2,3,5,0,2,0,0,0,0,11,0,0,10,2,0,10,6,0,272,8,0,4,0,15,8,14,0,4,2,0,0,0,0,0,0,2,1,0,0,0,0,0,0,0,1,1,4,8,0,0,6,7,0,0,1,248,1,1
0,2,3,13,1,58,0,0,0,63,0,27,0,0,0,137,0,126,5,21,3,2,17,0,82,3,25,0,1,0,97,0,182,0,0,0,8,0,0,0,2,5,14,1,53,188,49,9,9,0,11,0,1,0,40,0,3,1,0,1,12,0,0,0,6,0,216,0,92,0,5,0,5,59,3,0,0,0,12,19,1,4,101,4,0,3,6,0,0,0,0,0,1,14,5,0,0,0,19,15,111,1,161,0,34,0,12,28,0,7,0,0,13,0,0,66,6,2,23,38,35,233,0,53,3,0,0,0,0,147,0,0,0,1,0,1,0,0,0,11,0,0,0,6,0,2,167,99,148,0,0,99,7,47,0,0,0,107,12,28,48,0,47,63,0,0,0,0,3,14,0,13,89
0,64,4,0,0,27,0,0,0,0,7,3,0,0,0,0,0,0,19,11,7,253,15,0,3,181,10,0,0,1,0,0,0,0,0,0,0,0,0,0,0,4,0,0,0,0,1,0,2,0,0,0,2,0,0,0,0,8,1,1,0,0,2,1,0,0,0,12,1,0,5,0,0,3,2,1,0,0,0,0,0,0,0,0,0,0,0,0,23,1,1,0,0,0,0,0,0,0,0,9,0,0,0,0,26,0,2,0,0,0,0,25,3,0,24,0,0,0,2,0,0,0,0,0,0,0,0,0,1,0,0,0,0,0,0,0,0,0,0,0,0,0,0,0,0,5,0,9,0,0,0,0,0,0,79,2,0,0,84,1,1,0,0,0,0,0,0,0,0,0,0,0,0
2,0,0,0,0,0,0,0,0,1,4,0,0,0,1,0,0,0,0,2,0,0,0,0,1,1,0,0,11,0,3,9,2,0,0,2,4,0,0,2,13,1,0,0,1,1,16,0,3,27,0,0,1,0,1,2,48,0,0,18,1,0,1,49,0,6,0,1,2,0,0,0,0,1,0,1,75,0,2,1,103,0,0,1,1,1,0,0,3,0,100,0,1,0,1,2,0,2,0,1,0,0,0,1,0,0,0,5,0,0,0,0,2,0,1,2,2,2,3,2,0,0,43,0,0,0,2,0,44,0,0,1,0,1,36,0,3,0,1,0,1,1,1,0,0,0,2,0,0,0,0,0,0,0,1,0,0,0,0,0,6,0,0,0,0,3,0,0,0,2,0,15,1
7,0,0,0,0,0,5,1,3,0,14,0,9,0,1,0,0,0,0,3,1,0,0,0,0,2,0,0,0,0,3,1,0,4,2,1,0,3,1,16,4,0,0,0,0,0,1,0,0,0,3,0,0,4,0,0,1,0,7,68,0,1,17,0,0,28,0,2,0,31,0,1,0,0,0,3,1,0,0,1,0,0,0,0,0,0,0,2,18,0,22,2,0,0,0,5,0,4,0,0,0,0,0,2,0,4,0,0,10,2,0,0,0,1,0,0,2,0,0,1,0,0,14,0,0,0,352,3,0,0,0,7,16,0,1,3,19,0,1,0,2,38,0,0,1,0,0,0,0,0,1,0,1,0,0,1,0,0,0,0,0,0,0,0,4,0,1,473,0,0,0,0,0
40,5,5,1,4,4,0,1,0,13,2,150,0,0,0,13,4,407,0,8,8,0,8,1,14,8,3,0,0,49,18,0,41,0,0,12,3,0,1,1,9,71,0,1,3,16,23,5,4,1,15,0,0,0,544,8,21,6,0,0,36,0,1,0,48,0,220,2,28,0,6,0,429,1,8,0,2,0,25,16,0,9,2,1,1,1,424,0,0,0,7,0,0,495,350,1,0,1,2,9,13,0,6,0,10,0,2,13,0,48,0,15,2,2,8,105,7,5,12,688,0,6,0,6,11,0,0,0,6,14,0,1,0,150,0,21,1,0,0,13,0,0,1,2,0,3,18,3,12,0,0,13,22,348,7,0,0,1,1,0,9,0,0,1,0,0,0,0,2,118,0,14,12
0,0,0,13,0,0,0,0,0,16,0,0,0,0,0,7,0,1,0,0,0,0,11,0,3,0,16,0,0,0,68,0,19,0,0,4,2,0,0,0,0,0,3,0,443,124,8,79,0,0,0,0,0,0,2,0,4,0,0,0,53,0,0,0,11,0,4,1,42,0,0,0,0,1,0,0,0,0,19,28,0,26,5,95,14,37,0,0,0,1,0,0,28,0,0,0,1,0,19,0,304,0,28,0,2,0,0,61,0,3,0,0,2,0,0,5,59,0,0,2,324,19,0,59,1,0,0,0,0,3,0,0,0,0,0,0,0,0,0,33,0,0,0,87,0,0,12,5,17,0,0,12,1,0,0,0,0,10,0,0,3,0,9,8,0,0,0,0,1,0,0,2,2
2,0,0,0,0,0,2,0,2,0,0,0,1,0,0,0,1,0,0,0,0,0,0,0,0,0,0,1,0,0,0,0,0,4,0,0,0,10,5,4,0,0,0,2,0,0,0,0,0,0,0,5,0,4,0,0,0,0,0,0,0,5,4,0,0,0,0,0,0,0,0,1,0,0,0,2,0,1,0,0,0,0,0,0,0,0,0,9,0,0,1,1,0,0,0,29,0,0,0,0,0,5,0,1,0,2,0,0,879,0,1,0,0,0,0,0,0,0,0,0,0,0,0,0,0,3,9,1,0,0,1,46,1083,0,0,2,11,4,0,0,0,17,0,0,0,0,0,0,0,1,0,0,4,0,0,0,4,0,0,0,0,0,0,0,28,0,0,3,0,0,0,0,0
10,0,0,0,173,0,1,0,0,0,4,0,1,59,32,0,51,0,0,0,0,1,0,0,0,0,0,2,0,0,20,0,0,0,52,1,0,0,0,0,0,81,1,33,0,0,0,0,4,0,1,2,0,3,0,0,0,0,4,3,0,2,3,0,0,1,0,16,0,0,0,1,0,0,3,0,0,0,0,1,2,0,0,0,0,0,0,4,0,0,0,0,0,0,1,1,1,0,0,0,0,3,0,0,0,0,0,0,0,1,0,0,1,2,2,1,0,0,0,0,0,0,0,0,1,64,0,0,0,0,2,0,2,0,0,13,0,3,0,5,0,0,4,0,80,0,0,3,0,2,386,0,2,0,4,0,1,0,0,0,1,0,2,0,30,0,0,0,1,1,0,0,0
1,0,0,0,1,0,1784,0,5,0,10,0,13,0,0,0,1,0,0,0,0,0,0,0,0,0,0,0,0,1,0,0,0,6,0,1,0,7,6,359,0,0,0,1,0,0,2,0,0,0,0,0,0,0,0,1,1,0,8,7,0,0,67,0,0,7,0,1,1,5,0,0,0,0,0,2287,0,0,0,0,1,0,0,0,0,0,0,0,2,0,76,3571,0,0,0,2,10,44,0,0,0,0,0,5,0,1756,0,0,3,0,0,0,0,1,1,0,1,2,0,0,0,0,3,0,0,0,20,3,0,0,0,2,32,0,2,0,9,0,0,0,1,26,0,0,0,0,0,0,0,0,0,0,2,0,1,0,0,0,0,0,0,0,0,0,0,1,11,8,1,0,0,0,0
10,2,1,1,2,1,18,1,1,8,5,1,0,23,12,0,16,0,0,40,4,0,1,4,0,4,1,0,2,0,12,1,5,0,34,3,1,0,0,1,1,0,1,34,0,0,2,1,3,2,0,4,0,1,3,116,0,0,217,6,0,1,2,1,0,1,4,0,16,0,3,2,4,3,0,1,0,0,0,2,7,0,2,6,2,7,0,7,1,1,3,1,10,4,0,3,419,0,0,3,1,22,3,0,1,5,0,2,2,19,2,0,0,20,2,9,5,373,4,4,0,5,2,0,17,32,16,3,1,3,0,0,9,0,228,3,0,4,0,0,0,0,10,10,18,0,11,0,4,0,9,10,4,1,5,0,1,6,1,0,1,0,5,4,14,6,0,9,1,1,3,5,2
1,3,0,2,8,18,0,0,0,271,0,5,0,0,0,63,25,48,1,7,0,5,67,0,42,6,13,0,5,1,159,0,147,0,0,16,14,0,0,0,52,2,0,21,136,180,170,84,32,1,49,0,1,0,46,0,17,1,0,0,78,0,2,1,41,1,88,4,205,0,25,0,0,5,0,0,0,0,221,127,0,52,14,69,41,50,3,0,6,2,0,0,70,6,194,3,1,0,1,0,125,1,16,0,17,0,2,207,0,19,0,1,19,1,0,117,70,13,35,10,98,53,0,19,16,0,0,0,1,23,0,1,0,8,0,0,0,0,0,168,0,0,0,31,0,2,52,52,57,0,0,240,65,18,1,0,0,19,31,25,24,0,102,4,0,0,0,0,204,12,0,17,17
0,5,0,4,59,12,0,4,0,301,7,15,0,1,3,10,159,11,2,60,4,2,108,0,22,6,20,2,26,1,196,3,218,3,0,200,83,0,1,1,244,4,1,46,148,190,437,168,64,23,221,0,0,0,97,77,43,2,0,0,100,0,7,13,63,2,106,12,229,0,53,1,3,4,1,0,30,0,228,125,7,69,8,74,52,128,10,0,5,66,35,0,101,10,27,10,7,2,9,4,51,1,9,2,10,0,7,212,0,20,0,4,42,13,4,97,159,104,132,13,86,27,2,33,77,0,1,2,29,26,0,8,0,109,8,1,0,0,0,353,0,1,6,95,0,0,125,25,29,0,1,132,334,10,4,0,0,13,53,8,191,2,306,8,0,0,2,0,21,38,4,250,30
0,0,0,0,0,0,2,0,0,16,0,0,0,0,0,128,4,4,0,0,0,1,13,0,0,0,7,0,4,1,31,0,0,0,0,158,17,0,0,0,2,1,0,0,108,16,2,473,2,2,5,0,0,0,2,0,13,3,0,0,319,0,0,0,236,0,1,34,31,0,13,0,0,0,0,0,1,0,39,88,4,582,0,705,454,603,0,0,77,242,0,0,870,0,9,0,1,0,0,0,69,0,0,0,0,0,0,92,0,3,0,0,126,33,0,32,409,3,0,0,78,5,0,0,119,0,0,0,3,0,0,0,0,0,2,0,0,0,0,125,0,0,0,370,0,0,0,2,1,0,0,60,3,0,1,0,0,3,6,0,1,0,9,1,0,0,0,0,69,0,0,1,0
0,0,0,0,0,0,0,21,0,0,0,0,0,0,0,0,0,3,0,0,0,0,0,0,0,0,0,8,0,0,0,0,0,0,40,3,0,0,0,0,0,0,0,3,0,0,0,0,94,0,0,103,0,3,1,0,0,0,0,0,0,0,1,0,0,0,0,0,0,0,0,130,0,0,0,0,0,2,0,0,0,0,0,0,0,0,0,29,0,0,0,0,0,0,0,2,1,0,0,0,0,44,0,0,0,0,0,0,0,8,4,0,2,0,0,4,0,1,0,0,0,0,0,0,2,2,0,0,0,0,403,0,1,0,0,4,0,0,0,0,0,0,0,0,0,0,0,0,0,2,1,0,0,0,0,0,238,0,0,0,0,11,0,0,0,0,0,8,1,0,1,0,0
1,0,0,0,141,1,1,7,20,0,17,0,10,702,99,0,337,1,0,0,0,0,0,0,0,0,0,5,0,0,25,0,0,1,389,2,0,0,0,1,0,14,0,12,0,0,0,0,1,0,1,5,0,9,0,0,0,0,30,1,0,10,7,0,0,1,0,0,0,4,0,4,43,0,0,4,1,1,0,0,0,0,0,0,0,0,0,31,1,1,0,1,0,3,0,5,12,0,0,0,0,24,0,0,0,4,0,0,1,14,10,1,0,0,22,1,0,0,0,0,0,0,6,0,0,949,6,1,0,0,6,0,16,0,2,18,0,18,0,2,0,0,0,0,664,0,0,0,0,43,179,0,3,0,0,0,12,1,1,0,0,0,0,0,51,0,0,0,1,0,0,0,0
7,0,0,0,26,0,4,6,1193,0,4,0,1157,0,62,0,2,0,0,0,1,0,0,87,0,0,0,3,3,3,0,9,0,1356,5,1,23,970,1280,966,0,0,0,5,0,0,0,0,1,2,0,5,0,9,0,7,1,0,6,26,0,11,180,4,0,375,0,2,0,865,0,15,0,0,0,14,3,7,0,0,20,0,0,0,0,1,0,33,0,3,28,14,0,4,0,19,14,115,0,0,1,22,0,1588,0,22,0,0,33,0,2,4,0,4,2,0,0,1,0,0,0,0,2,0,3,2,193,56,0,0,56,233,41,3,6,23,661,2,208,0,106,998,261,0,0,0,0,0,0,2,1,0,0,0,0,0,12,0,0,7,0,2,0,0,11,3,508,2,0,0,92,0,0
0,134,28,17,4,231,1,0,0,73,29,11,0,8,0,1,0,1,70,11,16,488,401,5,4,550,151,0,0,5,3,7,9,0,0,0,2,8,0,0,22,36,25,13,3,20,20,105,74,3,100,0,19,0,2,21,5,14,1,31,5,0,6,10,13,0,1,460,2,0,488,0,5,12,2,0,3,0,0,3,14,1,3,4,0,3,2,0,74,189,3,0,2,2,0,3,1,0,26,57,9,0,3,0,63,0,9,1,6,0,0,408,66,58,73,2,18,0,2,0,3,1,9,101,30,0,0,15,14,4,0,0,0,2,3,0,0,0,0,8,1,0,0,134,0,44,7,23,0,0,0,0,3,1,199,25,0,3,97,3,8,0,0,0,0,15,13,0,0,1,1,1,3
1,1,0,0,3,1,4,0,0,1,6,1,0,5,12,0,0,0,0,2,1,0,1,175,0,7,1,0,40,12,0,527,4,0,0,0,105,11,2,1,4,0,0,11,2,2,6,2,12,94,12,0,0,0,2,17,119,0,1,236,0,0,7,254,9,6,0,0,1,0,4,0,1,4,0,4,156,0,0,0,216,2,0,0,0,2,0,0,0,10,215,0,1,3,1,26,2,8,0,0,2,0,0,0,1,0,1,1,2,0,0,12,4,0,50,2,2,1,0,0,4,0,533,1,1,0,0,40,42,9,0,4,0,2,49,1,16,1,0,9,14,0,1,1,0,0,0,0,0,0,1,0,2,0,7,0,0,0,1,0,5,0,1,1,0,591,12,0,0,0,4,4,0
0,4,2,1,15,8,2,0,2,3,4,1,0,103,36,0,0,1,1,12,2,4,4,24,0,10,4,1,479,5,3,512,3,3,1,0,250,4,14,18,22,3,2,32,1,2,20,4,72,648,7,0,0,1,6,287,175,1,3,164,4,0,9,771,0,70,2,13,3,4,18,4,3,68,0,2,788,0,7,6,203,0,0,1,1,4,1,0,1,12,386,0,0,1,7,42,13,12,0,3,3,0,3,3,1,0,2,4,8,0,0,31,2,5,31,2,8,3,0,2,1,2,237,2,5,0,0,14,355,4,0,78,0,17,356,1,35,0,37,5,221,0,9,4,0,0,6,6,0,0,0,0,0,0,3,0,0,1,0,0,4,3,164,0,0,146,23,0,2,0,41,2,0
0,1,0,0,0,0,2,0,0,0,3,0,0,0,48,0,0,0,0,14,1,0,0,2,0,0,0,0,203,3,0,62,0,5,0,0,4,0,1,3,0,2,0,0,1,0,1,1,2,282,1,0,0,0,0,7,161,0,0,0,0,0,3,33,0,32,1,1,1,0,6,0,0,0,0,1,151,0,1,2,30,1,0,1,0,4,0,0,0,3,24,0,1,2,0,1,2,2,0,1,0,0,0,5,0,0,0,0,1,1,0,7,0,3,0,6,5,0,0,0,0,0,10,0,1,0,0,2,68,2,0,5,0,1,30,0,11,0,2,0,10,0,17,4,0,0,0,0,0,0,0,0,0,0,2,0,0,0,0,0,1,0,4,0,0,20,1,0,0,0,0,0,1
1,208,14,12,1,171,0,0,0,7,0,5,0,0,0,0,0,0,92,44,25,131,11,0,171,85,15,0,0,0,1,0,41,0,0,0,1,0,0,0,2,3,13,0,0,5,11,0,5,0,0,0,2,0,1,0,1,16,0,0,1,0,0,0,0,0,10,0,2,0,17,0,1,36,15,0,0,0,2,1,0,0,14,0,0,0,3,0,3,0,0,0,0,0,0,0,0,0,2,44,3,0,1,0,139,0,28,0,0,0,0,27,11,0,13,0,0,0,2,2,0,2,0,2,0,0,0,0,0,19,0,0,0,0,0,0,0,0,0,0,0,0,0,1,0,24,6,270,9,0,0,2,0,1,23,3,0,4,36,239,1,0,0,2,0,0,1,0,0,12,0,0,7
0,1,1,8,0,9,0,0,0,0,0,2,0,0,0,0,0,0,2,0,229,1,137,0,2,2,184,0,0,0,0,0,3,0,0,0,0,0,0,0,0,5,1,0,0,1,0,3,4,0,0,0,6,0,1,0,0,11,0,0,2,0,0,0,0,0,0,0,0,0,0,0,0,1,2,0,0,0,0,0,0,0,0,0,0,0,2,0,1,0,0,0,0,0,0,0,0,0,2,9,2,0,0,0,5,0,6,0,0,0,0,2,0,0,0,0,0,0,0,1,0,0,0,14,0,0,0,0,0,1,0,0,0,0,0,0,0,0,0,0,0,0,0,3,0,8,0,6,0,0,0,0,0,0,0,0,0,0,0,4,0,0,0,0,0,0,0,0,0,0,0,0,0
0,2,2,0,5,2,2,7,0,0,0,1,0,17,12,0,1,0,2,1,0,1,0,0,0,0,0,0,0,1,26,0,0,0,9,1,0,0,0,1,0,0,2,205,2,0,0,0,0,0,0,3,0,0,0,0,0,0,537,0,0,1,3,0,0,1,2,4,0,0,0,3,1,0,0,0,0,0,0,0,1,0,0,2,1,0,1,4,1,0,0,0,3,0,0,0,117,0,0,0,0,12,1,0,2,5,1,1,1,12,0,0,0,0,0,0,1,0,0,0,1,0,0,0,0,76,0,0,0,0,1,0,19,0,1,27,1,58,0,9,0,1,0,1,2,0,1,0,0,0,0,0,30,0,2,0,0,0,0,0,2,0,0,1,753,0,0,3,0,0,0,0,0
579,11,34,10,2,5,1,0,1,5,5,331,1,6,0,7,0,276,5,2,6,1,20,8,20,6,11,0,0,793,2,4,33,1,0,2,4,3,2,0,9,204,7,0,8,17,7,5,14,0,179,0,3,0,64,8,58,316,0,3,109,0,1,4,330,0,106,4,5,0,11,0,84,5,38,0,2,0,10,17,4,50,7,4,2,2,365,0,2,4,6,0,2,131,23,23,0,0,6,15,8,0,5,0,55,0,22,9,0,4,0,17,11,2,43,2,5,6,0,318,8,1,5,8,44,0,0,7,95,9,0,4,0,149,1,180,0,0,0,20,0,0,1,4,0,7,14,8,4,0,1,0,1,200,10,1,0,1,2,1,4,0,0,41,0,6,2,0,0,416,3,0,14
0,0,0,0,0,0,0,818,0,0,0,0,0,0,0,0,0,0,0,0,0,0,0,0,0,0,0,742,0,0,0,0,0,0,3,0,0,0,0,0,0,0,0,0,0,0,0,0,0,0,0,55,0,1196,0,0,0,0,1,0,0,1321,3,0,0,0,0,0,0,0,0,79,0,0,0,0,0,1037,0,0,0,0,0,0,0,0,0,2,0,0,0,0,0,0,0,0,0,0,1,0,0,21,0,0,0,0,0,0,47,4,822,0,0,0,0,0,0,0,0,0,0,0,0,0,0,1,2,0,0,0,11,6,15,0,0,6,0,0,0,0,0,0,0,0,0,0,0,0,0,1123,0,0,1,0,0,0,38,0,0,0,0,113,0,0,0,0,0,2,0,0,0,0,0
0,0,0,0,0,0,0,34,0,0,0,0,0,0,0,0,0,0,0,0,0,0,0,0,0,0,0,47,0,0,0,0,0,0,0,0,0,0,0,0,0,0,0,0,0,0,0,0,0,0,0,990,0,17,0,0,0,0,0,0,0,0,0,0,0,0,0,0,0,0,0,474,0,0,0,0,0,2,0,0,0,0,0,0,0,0,0,278,0,0,0,0,0,0,0,0,0,0,0,0,0,1,0,0,0,0,0,0,4,0,5,0,0,0,0,0,0,0,0,0,0,0,0,0,0,0,0,0,0,0,13,0,1,0,0,0,0,0,0,0,0,0,0,0,0,0,0,0,0,21,0,0,0,0,0,0,347,0,0,0,0,2,0,0,0,0,0,1,0,0,0,0,0
2,0,0,0,1,0,8,31,0,1,0,0,1,28,13,0,5,0,0,2,0,0,0,0,0,0,0,12,0,0,3,0,1,0,131,18,0,0,0,3,0,0,2,59,0,0,1,0,4,0,0,6,0,34,0,0,0,0,41,0,0,11,21,0,0,0,1,0,0,1,0,25,2,0,0,5,0,20,0,1,0,0,1,0,1,0,0,296,0,1,0,0,0,2,0,0,24,0,0,0,0,1011,0,0,0,12,0,1,3,633,3,0,0,0,3,2,0,0,0,0,0,0,0,0,0,71,8,0,0,1,65,1,33,1,4,363,0,87,0,4,0,1,0,0,3,0,2,0,0,4,5,0,42,0,1,0,202,0,0,0,1,1,0,0,28,0,0,124,0,0,0,0,0
0,0,0,0,1,0,2,1,9,0,0,0,1,0,0,0,0,0,0,1,0,0,0,0,0,0,0,6,0,0,0,0,0,17,4,0,0,20,61,5,1,0,0,1,0,0,0,0,0,0,0,0,0,9,0,0,0,0,4,0,0,26,8,0,0,0,0,0,0,1,0,0,0,0,0,0,0,29,0,0,0,0,0,0,0,0,0,3,0,0,0,0,0,0,0,21,0,1,0,0,0,21,0,1,0,2,0,0,216,3,4,0,0,0,0,0,0,0,0,0,0,0,0,0,0,0,1,1,0,0,2,66,81,0,0,17,15,17,0,0,1,20,0,0,0,0,0,0,0,1,0,0,19,0,0,0,7,0,0,0,0,1,0,0,10,0,3,0,0,0,0,0,0
0,25,2,2,2,2,0,0,0,14,1,3,0,0,0,1,2,3,4,14,1,15,23,0,2,8,6,0,0,0,14,0,23,0,0,3,0,0,0,0,6,6,1,1,3,9,27,9,17,0,14,0,7,0,5,2,1,8,0,0,0,0,0,0,4,0,5,0,8,0,8,0,0,1,4,0,0,0,25,8,0,0,1,1,4,0,2,0,1,0,1,0,0,3,0,0,0,0,0,2,5,0,0,0,22,0,0,14,0,0,0,3,2,0,4,2,3,1,3,2,1,1,0,9,0,0,0,0,0,2,0,0,0,1,0,0,0,0,0,3,0,0,0,0,0,5,6,18,1,0,0,9,8,2,7,0,0,0,6,1,8,0,0,0,0,0,1,0,0,8,0,5,5
0,61,0,1,0,8,0,0,0,49,14,1,0,0,0,1,2,13,4,13,13,7,5,1,9,24,2,0,0,4,22,1,29,1,0,95,3,0,0,0,43,0,0,1,15,12,82,5,6,4,17,0,0,0,16,4,25,1,0,1,12,0,3,2,7,0,2,2,28,0,215,0,1,0,2,0,1,0,484,221,0,6,1,33,32,18,4,0,5,21,6,0,33,7,10,2,9,0,0,0,18,0,1,0,4,0,0,237,0,0,0,24,19,0,1,31,33,2,2,9,2,4,4,0,5,0,0,0,5,3,0,0,0,3,0,0,0,0,0,13,0,0,0,1,0,0,10,48,2,0,0,43,5,8,8,1,0,0,17,3,6,0,8,2,0,2,0,0,49,21,0,14,3
1,1,0,0,35,0,1,2,4,4,16,0,0,30,0,0,0,0,1,1,0,1,0,21,0,5,1,2,3,84,0,8,0,8,0,1,2,56,27,2,1,1,0,66,0,0,7,0,13,1,25,0,0,3,1,3,10,0,5,10,0,2,3,2,0,2,0,3,1,0,11,3,45,1,1,0,1,1,3,1,1,0,0,1,0,1,0,1,3,6,20,0,0,1,1,642,15,36,0,0,0,0,4,0,0,1,0,0,183,0,0,9,0,1,5,0,0,2,0,0,0,0,0,0,1,1,6,163,0,0,2,74,67,0,1,0,11,4,9,1,7,7,1,0,0,0,0,1,0,0,0,0,5,2,0,0,0,0,0,1,0,1,0,0,17,46,8,1,0,1,28,0,1
7,22,8,0,0,3,0,0,0,2,424,7,0,0,0,1,0,0,6,0,380,16,105,1,0,21,97,0,0,18,2,0,1,0,0,0,0,0,0,0,4,79,3,0,0,1,12,38,18,0,79,0,18,0,1,0,1,75,0,201,2,0,3,2,19,0,0,30,1,0,52,0,0,0,1,0,2,0,1,0,8,7,0,1,1,0,8,0,339,3,2,0,0,1,0,3,0,0,0,3,1,0,0,0,2,0,0,1,0,0,0,304,11,0,4,0,3,0,1,3,1,0,8,13,0,0,1,8,5,1,0,0,0,1,0,1,0,0,0,4,0,0,0,1,0,9,2,1,0,0,0,0,0,0,14,359,0,0,13,1,0,0,0,0,0,3,0,1,0,6,0,0,0
0,0,0,0,0,3,0,0,0,13,1,0,0,0,2,8,0,125,0,3,0,0,0,1,5,0,0,0,0,0,6,0,0,0,1,62,0,0,0,0,1,0,2,0,2,0,1,21,19,0,1,0,0,0,2,1,3,0,0,0,4,0,0,1,1,0,0,1,5,0,18,0,0,0,0,0,0,0,18,9,1,1,0,27,48,26,0,0,4,13,0,0,59,13,7,0,1,0,0,0,2,0,0,0,0,0,0,7,0,0,0,0,28,447,0,191,26,0,0,6,0,0,1,0,164,0,0,0,1,0,0,0,0,0,1,0,0,0,0,3,1,0,0,10,0,0,0,2,0,0,0,51,0,13,0,0,0,0,1,0,0,0,5,0,0,0,0,0,115,0,0,1,0
1,0,0,0,2,0,0,269,0,0,0,0,0,1,0,0,0,0,0,0,0,0,0,0,0,0,0,358,0,0,2,0,0,0,7,2,0,2,0,0,0,0,0,0,0,0,0,0,0,0,0,25,0,260,0,0,0,0,1,0,0,543,12,0,0,0,0,1,0,0,0,30,0,0,0,0,0,426,0,0,0,0,0,0,0,0,0,5,0,17,0,0,0,0,0,151,2,0,37,0,0,20,2,0,0,1,0,0,14,2,396,0,0,0,0,0,0,2,0,0,0,0,0,0,22,0,0,0,0,0,5,19,10,1,1,3,0,1,0,0,0,0,0,0,0,0,0,0,0,189,1,0,1,0,0,0,57,0,0,0,1,861,0,0,1,0,0,3,0,0,0,0,0
0,0,0,0,0,0,0,8,0,0,0,0,0,0,0,0,0,0,0,0,0,0,0,0,0,0,0,6,0,0,0,0,0,0,0,3,0,0,0,0,0,0,0,0,0,0,0,1,0,0,0,34,0,1,0,0,0,0,0,0,0,0,0,1,0,0,0,0,0,0,0,24,0,0,0,0,1,0,0,0,0,0,0,0,0,0,0,8,0,0,0,0,0,0,0,5,0,0,0,0,0,0,0,0,0,0,0,0,0,0,1,0,0,1,0,0,0,0,0,0,0,0,0,0,0,0,0,0,0,0,5,0,1,0,0,0,0,0,0,0,0,0,0,0,0,0,0,0,0,1,0,0,0,0,0,0,41,0,0,0,0,7,0,0,0,0,0,0,0,0,1,0,0
