0.86024,0.24035,0.41011,0.39573,0.1987,0.2587,0.95293,0.5133,0.84997,0.32636,0.67409,0.49455,0.87975,0.55489,0.52039,0.35884,0.5115,0.37726,0.54622,0.41272,0.47512,0.46549,0.29666,0.51575,0.24504,0.49016,0.21823,0.52691,0.59647,0.80041,0.22604,0.45577,0.2089,0.82022,0.56225,0.33287,0.37297,0.71336,0.76732,0.65762,0.42828,0.25676,0.31429,0.27039,0.48485,0.19385,0.35015,0.50199,0.16605,0.5789,0.23566,0.73928,0.5746,0.74937,0.62398,0.2707,0.20056,0.53495,0.5871,0.30071,0.38042,0.66616,0.20543,0.63823,0.399,0.4852,0.33843,0.72872,0.32875,0.78889,0.4975,0.32854,0.57744,0.15922,0.62348,0.9734,0.62152,0.61653,0.41005,0.34402,0.28223,0.73127,0.37068,0.67391,0.57853,0.65464,0.44846,0.35576,0.48627,0.36899,0.40096,0.9905,0.71832,0.68842,0.54516,0.50405,0.52917,0.7736,0.52452,0.24944,0.35071,0.7498,0.49799,0.9144,0.18991,0.95661,0.32092,0.24819,0.60748,0.70312,0.67508,0.41092,0.28774,0.61561,0.16629,0.2214,0.50449,0.67986,0.37143,0.58273,0.51136,0.55761,0.637,0.44537,0.26281,0.78253,0.5416,0.59715,0.50162,0.40559,0.60996,0.3131,0.68216,0.42036,0.46419,0.36315,0.56143,0.44748,0.7841,0.43662,0.35978,0.68861,0.62944,0.48608,0.84037,0.32319,0.3588,0.32857,0.45253,0.82235,0.62461,0.25992,0.3127,0.52279,0.53075,0.89136,0.33333,0.56351,0.25662,0.49686,0.35431,0.76633,0.41176,0.59756,0.7027,0.71615,0.68182,0.75158,0.4721,0.16576,0.42085,0.64495,0.55734
0.5458
0,35,292,155,0,40,0,0,0,0,0,74,0,0,0,1,0,4,84,12,1,2,2,0,173,11,8,0,0,0,0,0,9,0,0,0,1,0,0,0,1,9,242,0,0,1,2,0,4,0,0,0,168,0,4,0,0,21,0,0,1,0,0,0,1,1,29,0,0,0,0,0,11,93,462,0,0,0,0,0,0,0,90,0,0,0,27,0,0,0,0,0,0,4,0,0,0,0,78,223,0,0,10,0,38,0,181,0,0,0,0,0,2,0,26,0,0,0,1,18,0,3,0,38,2,0,0,0,0,23,0,0,0,0,0,0,0,0,0,0,0,0,0,0,0,223,15,9,2,0,0,0,0,17,3,0,0,27,18,10,2,0,0,11,0,0,0,0,0,2,0,0,7
0,1,9,67,1,15,0,0,0,12,0,4,0,0,0,5,0,3,0,1,0,0,0,0,21,0,6,0,0,0,69,0,103,0,0,1,4,0,0,0,1,0,54,0,22,104,6,3,0,0,0,0,1,0,1,0,1,0,0,4,3,0,0,0,0,0,10,0,20,0,0,0,0,48,1,0,1,0,3,0,0,2,354,0,1,1,0,0,0,0,1,0,8,1,0,0,0,0,23,4,61,0,371,0,5,0,6,23,0,21,0,0,6,0,0,13,2,0,1,1,27,513,0,24,0,0,0,0,0,348,0,0,0,0,0,0,0,0,0,1,0,0,0,8,0,2,324,12,224,0,0,10,1,0,0,0,0,417,8,0,7,0,23,294,0,0,0,0,0,1,0,0,243
1,35,41,36,27,37,2,1,1,14,4,15,6,0,0,0,1,1,29,127,1,9,52,0,56,10,18,0,2,0,14,0,88,0,0,31,6,9,1,9,4,3,98,1,1,61,55,0,54,0,32,0,28,2,4,16,5,35,4,3,0,1,8,0,1,0,21,2,3,1,0,1,4,114,7,4,1,0,1,0,0,2,118,0,1,1,3,0,0,0,9,0,0,3,0,5,2,7,39,111,2,1,26,0,113,2,132,1,0,5,0,3,14,0,13,9,5,3,23,2,0,14,2,79,1,0,12,0,0,60,1,0,4,19,0,1,0,0,0,2,0,12,2,4,1,58,43,92,26,0,0,15,8,3,3,0,0,43,3,14,28,0,1,18,1,1,0,7,0,31,0,5,27
0,147,148,36,0,117,0,0,0,0,0,23,0,0,0,0,0,0,455,8,56,28,27,0,32,35,60,0,0,4,0,0,0,0,0,0,1,0,0,0,4,175,58,0,0,0,0,0,8,0,2,0,362,0,0,0,1,106,0,0,2,0,1,0,0,0,6,1,3,0,10,0,4,19,95,0,0,0,0,0,0,0,7,0,0,0,28,0,56,0,0,0,0,2,0,0,0,0,23,180,0,0,0,0,44,0,60,0,0,0,0,12,4,0,44,2,0,0,0,2,0,0,0,20,0,0,0,0,2,8,0,0,0,2,0,0,0,0,0,0,0,0,0,0,0,220,1,13,0,0,0,1,0,3,19,3,0,1,126,20,0,0,0,0,0,0,0,0,0,1,0,0,0
0,6,32,72,0,26,0,0,0,1,0,2,0,0,0,0,0,0,5,1,1,2,0,0,27,3,0,0,0,0,4,0,2,0,0,0,0,0,0,0,0,0,36,0,0,1,0,0,0,0,0,0,2,0,0,0,0,0,0,0,0,0,0,0,0,0,4,0,0,0,0,0,0,112,1,0,0,0,0,0,0,0,55,0,0,0,0,0,0,0,0,0,0,2,0,0,0,0,5,44,1,0,17,0,14,0,32,0,0,0,0,1,0,0,2,0,0,0,0,0,1,12,0,1,0,0,0,0,0,78,0,0,0,0,0,0,0,0,0,0,0,0,0,0,0,12,20,16,8,0,0,0,0,2,0,0,0,49,0,1,0,0,0,8,0,0,0,0,0,0,0,0,8
2,109,17,11,129,73,0,0,0,17,9,10,0,0,0,0,12,0,31,305,25,79,122,0,30,111,17,0,2,3,13,8,49,0,0,6,17,9,0,1,27,12,15,7,0,34,281,5,135,8,127,0,6,0,17,31,19,21,12,0,3,0,6,8,5,0,41,8,14,0,19,0,7,32,8,0,11,0,6,3,3,0,13,0,2,1,5,0,4,3,15,0,1,5,1,9,2,3,2,61,2,0,5,0,129,0,36,6,2,1,0,43,33,0,16,5,5,11,113,11,1,1,3,13,3,0,0,5,2,35,0,1,0,28,3,1,0,0,0,5,0,0,0,16,0,34,45,71,2,0,0,19,95,6,37,0,0,4,30,20,101,0,6,4,0,4,2,0,0,47,0,33,16
0,1,86,315,0,2,0,0,0,0,0,23,0,0,0,0,3,0,0,0,1,0,8,0,5,0,113,0,0,0,3,0,31,0,0,0,0,0,0,0,0,0,185,0,13,52,1,8,8,0,3,0,10,0,0,0,0,7,0,0,15,0,0,0,0,0,6,0,1,0,0,0,0,21,3,0,0,0,0,0,0,0,135,0,0,0,3,0,0,0,0,0,0,1,0,0,0,0,385,94,8,0,26,0,4,0,37,0,0,0,0,0,162,0,0,0,0,0,0,1,16,2,0,428,0,0,0,0,0,20,0,0,0,0,0,0,0,0,0,0,0,0,0,21,0,34,28,3,2,0,0,0,1,1,0,0,0,16,0,0,3,0,0,27,0,0,0,0,0,1,0,0,7
0,3,0,1,2,0,0,1,0,1,0,0,0,0,3,0,0,0,6,0,0,1,0,0,0,1,0,0,0,0,7,0,0,0,4,0,0,0,0,1,0,1,1,42,0,0,1,0,0,0,0,1,0,0,0,1,0,1,12,2,0,0,1,0,2,0,0,2,0,0,0,0,0,0,4,0,0,0,0,0,0,0,0,0,2,1,4,0,0,0,0,0,1,1,0,0,0,1,0,0,0,1,0,0,0,1,0,0,0,1,0,0,0,0,12,1,0,0,0,0,0,0,1,2,0,0,0,0,0,0,0,0,0,1,0,13,0,18,0,8,0,0,0,0,0,1,0,0,0,0,1,0,15,0,1,0,0,0,2,0,0,1,0,0,101,0,0,2,0,0,0,0,0
1,0,0,0,34,0,10,3,68,0,13,0,107,7,370,0,1,3,0,3,3,0,0,393,0,2,0,3,13,11,0,6,0,256,1,2,195,186,249,63,0,2,0,16,0,0,0,0,29,4,5,5,0,1,1,18,6,0,0,28,0,3,11,8,0,234,0,4,0,203,7,15,2,0,0,9,9,1,0,1,243,0,0,0,1,0,0,5,1,4,24,14,0,29,1,30,37,885,0,0,20,2,0,118,0,4,0,0,6,0,1,7,0,37,6,0,0,3,0,1,0,0,9,0,6,8,18,587,4,0,68,178,18,2,1,5,378,1,1282,0,195,276,496,0,0,0,0,0,0,0,10,0,1,0,0,0,2,0,0,76,0,5,7,0,2,3,154,1,0,0,327,0,0
0,0,0,0,0,0,0,51,0,0,0,0,0,0,0,0,0,0,0,0,0,0,0,0,0,0,0,9,0,0,0,0,0,0,2,1,0,0,0,0,0,0,0,0,0,0,0,0,0,0,0,135,0,14,0,0,0,0,0,0,0,0,0,0,0,0,0,0,0,0,0,238,0,0,0,0,0,4,0,0,0,0,0,0,0,0,0,29,0,0,0,0,0,0,0,0,0,0,0,0,0,12,0,0,0,0,0,0,0,10,1,0,0,0,0,0,0,0,0,0,0,0,0,0,0,1,0,0,0,0,61,0,0,0,0,1,0,0,0,0,0,0,0,0,0,0,0,0,0,3,0,0,0,0,0,0,250,0,0,0,0,0,0,0,0,0,0,0,0,0,0,0,0
0,0,0,0,8,0,15,9,2,4,1,0,1,7,2,0,12,0,0,0,0,0,0,0,0,0,0,1,0,0,1,0,0,1,40,14,0,0,0,3,0,0,0,122,0,0,2,0,48,0,0,2,0,4,1,0,0,0,16,0,0,5,9,0,0,1,0,1,8,0,0,32,0,0,36,3,0,4,1,0,1,0,2,0,0,0,0,99,0,1,1,1,1,0,0,1,16,0,0,0,0,74,0,0,0,2,0,2,2,66,0,0,1,0,4,4,3,1,0,0,0,0,3,0,0,9,2,0,0,0,28,1,17,0,2,210,0,68,0,2,0,0,0,0,3,0,1,0,1,0,11,2,25,0,0,0,20,0,0,6,4,0,0,0,11,0,0,17,1,0,3,1,0
0,1,0,1,17,0,0,1,99,4,0,0,2,37,3,0,5,0,1,2,0,0,0,0,0,3,0,0,1,0,4,8,3,6,7,1,0,10,18,6,7,0,0,131,1,4,17,4,20,1,6,0,0,5,1,20,1,0,8,26,1,12,8,15,1,7,0,5,2,7,11,2,1,1,1,1,3,4,2,1,30,0,0,2,3,4,0,0,1,15,5,3,3,2,0,129,6,26,2,0,4,15,40,1,1,6,0,1,3,7,1,1,1,0,74,1,3,1,0,1,1,0,5,0,0,0,7,32,4,2,3,12,109,1,2,117,13,213,50,16,5,37,0,2,0,0,6,0,0,1,2,0,267,0,0,0,0,0,1,4,4,1,0,0,17,3,7,1,0,0,39,0,6
6,0,0,0,112,1,0,0,2,2,0,1,0,174,0,1,0,1,0,11,0,0,0,45,0,0,0,1,2,4,0,10,3,0,5,0,1,0,0,0,0,0,1,23,0,7,5,1,27,2,1,0,0,0,5,154,11,0,3,2,1,0,17,58,0,3,8,5,4,0,5,1,36,10,0,0,16,0,8,11,8,1,0,6,0,2,1,3,0,27,3,0,1,8,1,14,71,2,1,0,2,1,1,1,0,0,0,5,2,0,0,3,1,87,0,3,3,6,0,2,0,0,0,0,3,0,0,6,4,1,10,4,0,351,3,0,5,0,19,7,17,0,5,1,0,0,0,1,0,0,2,1,0,1,0,0,1,0,0,1,1,0,13,0,0,8,8,0,0,1,241,0,0
0,2,5,9,1,62,0,0,0,79,0,21,0,1,0,136,0,152,5,23,3,5,13,0,80,3,20,0,1,0,121,0,203,0,0,0,9,0,0,0,3,3,17,2,53,190,55,14,7,1,10,0,3,0,51,0,2,5,5,1,13,0,0,0,7,0,163,2,62,0,1,0,4,70,3,0,0,0,18,7,1,6,109,1,2,1,6,0,0,0,0,0,0,13,4,0,0,0,24,7,110,2,157,0,29,0,7,34,0,7,0,0,14,1,0,61,5,2,20,42,29,248,0,55,3,0,0,0,0,147,0,0,0,1,0,0,0,0,0,11,0,0,0,6,0,3,173,89,133,0,0,90,9,55,1,0,0,109,11,27,52,0,55,51,0,0,0,0,6,26,0,6,63
0,63,5,0,0,32,0,0,0,0,8,2,0,0,0,0,0,0,17,10,7,259,11,0,2,194,9,0,0,0,0,0,0,0,0,0,0,0,0,0,0,8,1,0,0,0,1,0,0,0,2,0,2,0,0,0,0,4,1,0,0,0,1,1,0,0,0,15,1,0,8,0,1,2,3,2,0,0,0,0,0,0,0,0,0,0,0,0,31,1,0,0,0,0,0,0,0,0,0,10,0,0,0,0,28,0,1,1,0,0,0,18,4,0,17,0,0,0,1,0,0,0,0,0,0,0,0,0,2,0,0,0,0,0,0,0,0,0,0,0,0,0,0,0,0,3,0,7,0,0,0,0,0,0,75,3,0,0,72,1,0,0,0,0,0,0,0,0,0,0,0,2,0
1,0,0,0,0,0,0,0,0,1,3,0,0,0,2,0,0,0,0,2,0,0,0,0,0,3,0,0,10,0,2,8,1,0,1,2,5,0,0,1,33,1,0,0,0,1,17,0,2,40,2,0,1,0,2,1,31,0,0,28,1,0,1,42,0,4,0,0,4,0,1,0,1,1,0,0,87,0,3,1,101,0,0,1,1,1,0,0,1,0,111,0,1,0,1,1,0,1,0,0,0,0,0,0,0,2,0,3,1,0,0,0,1,0,2,1,2,3,4,2,1,1,34,0,0,0,0,1,29,0,0,1,0,1,31,0,0,0,1,0,3,0,1,0,0,0,2,0,0,0,0,0,0,0,2,0,0,0,0,0,3,0,0,0,0,2,0,0,0,2,0,13,1
7,0,0,0,0,0,6,0,3,0,15,0,12,0,1,0,1,0,0,2,1,0,0,0,0,3,0,1,0,0,0,0,0,4,2,1,0,5,1,21,3,0,0,0,0,0,1,0,0,0,2,0,0,2,0,0,1,0,3,79,0,0,11,1,0,16,0,1,0,22,0,1,0,0,0,4,1,0,0,1,1,0,0,0,0,0,0,4,5,0,24,1,0,0,0,4,0,4,0,0,0,0,0,3,0,4,0,0,12,2,0,1,0,0,3,0,1,0,0,1,0,0,9,0,1,0,345,3,0,0,0,6,21,0,1,6,24,0,1,0,1,42,0,0,2,0,0,0,0,0,1,0,0,0,1,12,1,0,0,0,0,0,0,0,4,0,2,475,0,0,0,0,0
45,5,4,2,7,4,0,1,0,17,1,150,1,0,0,10,3,418,0,9,8,1,7,1,16,9,3,0,0,43,16,0,46,0,0,12,0,2,1,1,7,75,0,1,3,23,23,3,3,1,9,0,0,0,536,11,25,33,0,0,31,0,1,1,46,0,310,3,23,0,4,0,384,1,7,0,2,0,26,5,0,8,3,0,4,1,422,0,0,0,8,0,0,517,338,1,1,1,2,8,11,0,3,0,9,0,1,13,0,41,0,13,2,0,7,112,8,4,10,648,0,8,0,6,17,0,0,0,7,14,0,0,0,154,0,18,1,0,0,12,0,0,0,2,0,1,16,6,7,0,0,16,21,390,4,0,0,1,1,0,7,0,0,2,0,0,0,0,0,61,0,10,10
0,0,0,16,0,0,0,0,0,22,0,0,0,0,0,9,0,1,0,0,0,0,10,0,0,0,18,0,0,0,67,0,39,0,0,3,2,0,0,0,1,0,2,0,416,115,7,83,3,0,1,0,0,0,5,0,6,0,0,0,64,0,0,0,11,0,3,1,43,0,0,0,0,1,0,0,0,0,21,19,0,36,10,88,19,31,0,0,0,0,0,0,28,0,0,0,1,0,17,0,296,0,30,0,2,0,0,73,0,3,0,0,4,0,0,6,52,1,0,2,315,15,0,65,1,0,0,0,0,6,0,0,0,0,0,0,0,0,0,34,0,0,0,88,0,0,9,4,12,0,0,9,2,0,0,0,0,9,0,0,3,0,10,11,0,0,0,0,0,0,0,0,1
0,0,0,0,0,0,2,0,3,0,0,0,1,0,0,0,2,0,0,0,0,0,0,0,0,0,0,1,0,0,0,0,0,4,1,0,0,10,8,7,0,0,0,2,0,0,0,0,0,0,0,4,0,4,0,0,0,0,0,0,0,6,3,0,0,1,0,0,0,0,0,1,0,0,0,2,0,1,0,0,0,0,0,0,0,0,0,9,0,0,1,1,0,0,0,27,0,0,0,0,0,9,0,2,0,2,0,0,893,1,1,0,0,0,0,0,0,0,0,0,0,0,0,0,0,1,6,0,0,0,0,37,1086,0,0,1,5,4,0,0,0,19,0,0,1,0,0,0,0,1,0,0,4,0,0,0,3,0,0,0,0,0,0,0,22,0,0,2,0,0,0,0,0
8,0,0,0,153,0,1,0,2,3,5,0,0,65,28,0,63,1,0,0,0,1,1,0,0,0,0,1,0,0,10,0,0,0,48,2,0,0,0,0,1,79,0,25,0,1,0,0,11,0,1,1,0,4,0,0,0,0,3,2,0,2,2,0,0,0,0,19,1,0,1,3,1,0,1,0,1,0,0,0,2,0,0,0,0,0,0,5,0,1,0,0,0,0,0,1,0,0,0,0,0,3,0,0,0,0,0,0,0,2,0,0,1,1,2,1,0,0,0,0,0,0,0,0,1,67,0,0,0,0,2,0,2,0,0,14,0,4,0,1,1,0,2,0,94,0,0,3,0,2,396,0,1,0,3,0,1,0,0,1,1,0,0,0,24,0,0,0,2,0,0,0,0
0,0,0,0,3,0,1802,0,4,0,11,0,11,0,0,0,2,0,0,0,0,0,0,0,0,0,0,0,0,0,0,0,0,7,0,1,0,6,6,370,1,0,0,1,0,0,2,0,0,0,0,0,0,0,0,1,1,0,9,5,0,0,37,0,0,9,0,1,1,5,0,0,0,0,0,2305,0,0,0,0,1,0,0,0,0,0,0,0,0,0,63,3546,0,0,1,1,8,33,0,0,0,0,0,6,0,1786,0,0,3,0,0,0,0,1,3,0,1,2,0,0,0,0,4,0,0,0,18,2,0,0,0,2,36,0,3,0,3,0,0,0,1,28,0,0,0,0,0,0,0,0,0,0,1,0,1,2,0,0,0,0,0,0,0,0,0,0,12,9,1,0,1,0,0
8,2,1,3,2,1,18,2,1,7,6,2,1,19,10,1,19,2,2,40,4,0,0,3,0,5,1,0,2,0,8,1,6,0,34,5,0,0,0,1,3,0,1,45,0,0,2,3,5,2,0,4,0,1,4,126,1,0,207,8,0,1,4,3,1,1,1,0,15,0,4,1,1,2,0,2,0,0,1,1,8,0,2,5,4,12,0,7,0,2,3,1,8,4,4,2,390,0,0,4,0,19,1,0,1,6,0,2,4,14,2,0,1,18,2,4,10,378,2,1,0,5,2,0,18,15,15,7,1,6,0,0,13,0,243,5,0,3,0,0,0,0,10,13,15,0,13,1,2,0,10,5,2,1,1,1,1,6,1,0,5,0,5,2,18,4,0,9,3,2,3,2,4
1,3,0,3,10,14,0,0,0,314,0,5,0,0,0,56,26,61,0,9,0,6,83,0,31,7,13,0,4,0,161,0,191,0,0,17,12,0,0,0,48,3,0,34,127,178,169,80,30,0,47,0,1,0,44,0,21,1,2,0,85,0,2,1,44,0,55,4,190,0,14,0,0,5,0,0,1,0,250,62,1,55,15,70,44,40,1,0,8,3,1,0,70,6,195,2,1,0,1,0,146,1,17,0,16,0,2,203,0,15,0,1,24,5,0,116,57,8,35,13,88,59,0,19,18,0,0,0,0,19,0,1,0,13,0,1,0,0,0,180,0,0,0,35,0,1,47,54,39,0,0,189,73,23,1,0,0,23,29,25,21,0,107,5,0,0,0,0,220,28,0,19,8
1,7,0,4,76,13,0,3,4,343,2,10,0,2,3,11,187,14,1,50,2,4,118,1,22,6,12,3,28,1,191,6,244,4,0,237,47,2,3,1,209,4,1,72,104,208,458,165,66,32,230,0,0,0,83,76,61,7,26,0,100,0,7,10,66,3,83,11,239,0,48,1,1,6,3,0,33,0,281,46,7,66,10,81,87,105,12,1,10,66,34,0,100,10,16,10,9,0,10,2,56,1,10,2,12,0,6,200,0,19,0,5,40,13,1,108,132,109,130,15,65,23,2,40,72,0,1,1,1,28,1,7,0,126,6,1,0,0,0,372,1,0,3,95,0,0,111,27,23,0,1,190,298,12,2,0,0,24,56,9,152,2,294,6,0,0,0,1,22,58,3,198,13
0,0,0,0,0,0,2,0,0,24,0,0,0,0,0,130,3,3,0,0,0,1,18,0,0,0,6,0,5,1,28,0,2,0,0,160,10,0,0,0,5,1,0,0,89,9,2,505,1,1,8,0,0,0,2,1,16,3,0,0,307,0,0,0,255,0,1,28,38,0,7,0,0,0,0,0,2,0,40,71,1,615,0,713,361,635,0,0,111,238,1,0,839,0,9,0,1,0,0,0,71,0,0,0,0,0,0,121,0,3,0,0,135,16,0,33,393,6,0,0,55,6,0,0,119,0,0,0,4,0,0,0,0,0,0,0,0,0,0,126,0,0,0,419,0,0,1,2,0,0,0,40,9,0,0,0,0,1,4,0,2,0,11,1,0,0,0,0,63,0,0,0,0
0,0,0,0,0,0,0,30,0,1,0,0,0,0,0,0,0,3,0,0,0,0,0,0,0,0,0,17,0,0,0,0,0,0,13,4,0,0,0,0,0,0,0,3,0,0,0,0,53,0,0,90,0,6,1,0,0,0,0,0,0,0,2,0,0,0,0,0,0,0,0,320,0,0,0,0,0,1,0,0,0,0,0,0,0,0,0,31,0,1,0,0,0,0,0,3,0,0,2,0,0,7,0,0,0,0,0,0,0,14,4,0,0,0,0,1,0,1,0,0,0,0,0,0,0,2,0,0,0,0,441,0,1,0,0,3,0,0,0,0,0,0,0,0,0,0,0,0,0,6,1,0,0,0,0,0,108,0,0,0,0,3,0,0,0,0,0,6,0,0,2,0,0
2,1,0,0,86,0,3,3,19,0,57,0,8,652,104,0,378,0,0,2,0,0,0,0,0,0,0,4,0,0,17,0,0,0,429,1,0,0,0,5,1,15,0,17,0,0,0,0,1,0,1,5,0,16,0,0,0,0,27,6,0,10,8,0,0,0,0,2,0,4,0,10,49,0,0,3,1,0,0,0,0,0,0,0,0,0,0,36,0,0,1,0,0,1,0,1,12,0,0,1,0,73,0,0,0,7,0,0,0,17,7,1,0,0,35,1,0,0,0,0,0,0,5,0,0,860,6,1,0,0,10,0,18,0,4,25,0,21,0,0,0,0,0,0,637,0,0,0,0,44,186,0,4,0,1,1,6,1,0,0,0,0,0,0,43,0,0,3,0,0,0,2,0
2,0,0,0,21,0,4,0,1269,0,7,0,1112,2,73,0,3,0,0,0,0,0,1,93,0,0,0,1,3,4,0,11,0,1460,8,0,26,876,1329,1018,0,0,0,1,0,0,0,0,2,1,2,5,0,11,0,2,2,0,2,28,0,13,53,3,0,377,0,1,0,923,0,36,0,0,0,16,6,7,0,0,19,0,0,0,0,1,0,34,0,3,28,13,0,6,0,18,15,110,0,0,1,7,0,1549,0,22,0,0,25,2,1,7,0,12,7,0,0,1,0,0,0,0,2,0,4,51,185,28,0,0,16,227,39,5,7,35,626,1,218,0,114,973,240,0,1,0,0,0,0,1,0,0,0,0,1,0,18,0,0,10,0,3,0,0,9,3,525,1,0,0,92,0,0
1,137,24,24,3,238,2,0,0,82,24,7,0,12,0,1,0,2,74,10,15,499,364,4,4,573,166,1,0,6,3,10,5,0,0,0,2,3,0,1,19,41,26,12,0,22,23,84,101,2,92,0,7,0,3,15,4,11,0,28,5,0,6,15,7,0,0,505,5,0,498,0,5,10,7,0,4,0,1,42,8,0,5,3,2,2,3,0,75,188,3,0,2,2,0,3,1,1,19,65,7,0,4,0,75,0,8,0,6,0,0,399,36,45,52,0,9,0,3,2,4,1,12,100,10,0,0,16,19,4,0,0,0,2,1,1,0,0,0,11,2,0,0,122,0,43,6,21,0,0,0,1,3,1,233,17,0,3,74,2,5,0,0,2,0,13,11,0,0,1,0,0,0
2,1,0,0,3,1,5,0,0,1,4,0,0,5,20,0,0,0,0,3,1,0,1,160,0,7,2,0,47,12,0,541,3,0,0,0,111,16,2,1,7,1,0,4,2,1,6,0,14,87,21,0,0,0,0,74,100,0,1,255,0,0,7,244,6,6,0,0,3,0,8,0,0,3,1,6,154,0,0,0,187,1,0,0,1,11,0,0,0,4,228,0,2,2,2,16,2,8,0,0,3,0,0,0,1,0,0,0,2,0,0,13,4,0,26,0,2,1,0,0,1,1,544,1,2,0,0,41,45,9,0,5,0,2,59,3,6,1,0,7,16,0,1,3,0,1,0,0,1,0,1,1,1,0,5,0,0,0,1,0,6,0,1,1,0,550,10,0,1,1,4,2,1
0,4,1,2,22,7,1,0,1,8,3,0,0,106,30,0,0,1,2,12,3,3,5,19,0,8,2,1,507,5,3,497,8,3,1,0,276,4,13,19,40,3,0,11,1,4,16,3,89,664,17,1,0,1,5,219,140,3,0,192,6,0,6,808,0,78,5,10,4,4,25,0,1,108,0,2,826,1,6,5,202,0,0,3,3,7,0,0,1,11,419,0,0,1,6,28,9,17,1,5,1,0,5,2,1,0,1,5,13,0,0,31,1,9,22,0,7,6,0,2,1,2,192,4,2,0,0,14,310,5,2,89,0,23,350,1,22,0,47,5,166,0,9,6,0,0,1,2,0,0,0,1,0,1,1,0,0,0,0,2,5,3,168,0,0,134,20,0,2,1,43,2,1
0,1,0,0,1,0,2,0,0,0,2,0,0,0,44,0,0,0,0,11,1,0,0,3,0,0,0,0,221,1,0,60,0,7,0,0,7,0,0,1,0,2,0,0,1,1,2,0,1,296,2,0,0,0,1,8,144,0,0,0,0,0,3,34,1,30,1,0,3,0,5,0,0,0,0,5,158,0,1,2,22,1,0,1,0,6,0,0,0,2,31,0,3,1,0,1,1,2,0,0,0,0,0,5,0,0,0,0,1,1,0,9,0,1,0,2,5,0,0,0,0,0,9,0,0,0,0,0,54,2,0,7,0,1,25,0,10,0,2,0,9,0,18,5,0,0,0,0,0,0,0,1,1,0,2,0,0,0,0,1,1,0,4,0,0,23,1,0,0,0,0,0,0
1,218,13,11,2,188,0,0,0,3,0,4,0,0,0,0,0,0,95,48,29,129,9,0,166,90,11,0,0,0,1,0,38,0,0,0,0,0,0,0,3,5,14,0,0,7,11,1,6,0,0,0,2,0,1,0,2,13,0,0,0,0,0,0,0,0,7,0,2,0,13,0,1,45,16,0,0,0,1,0,0,0,11,0,0,0,3,0,4,0,0,0,0,1,0,0,0,2,3,42,3,0,2,0,143,0,22,0,0,1,0,24,10,0,11,0,0,0,0,0,0,1,0,5,0,0,0,0,1,25,0,0,0,0,0,0,0,0,0,0,0,0,0,1,0,24,6,253,7,0,0,8,0,1,13,3,0,4,30,237,1,0,0,3,0,0,1,0,0,17,0,0,7
0,1,1,8,0,11,0,0,0,0,0,3,0,0,0,0,0,0,2,0,239,1,124,0,3,5,170,0,0,0,0,0,3,0,0,0,0,0,0,0,0,7,0,0,0,2,1,2,4,0,0,0,7,0,0,0,0,9,0,0,3,0,0,0,0,0,0,0,0,0,0,0,0,1,3,0,0,0,0,0,0,0,0,0,0,0,1,0,1,0,0,0,0,0,0,0,0,0,2,9,2,0,0,0,5,0,5,0,0,0,0,4,0,0,0,0,0,0,0,1,0,0,0,24,0,0,0,0,0,2,0,0,0,0,0,0,0,0,0,0,0,0,0,2,0,8,0,5,0,0,0,0,0,0,0,0,0,0,0,3,0,0,0,0,0,0,0,0,0,0,0,0,0
0,2,0,0,6,2,2,8,0,0,0,2,0,14,6,0,7,0,4,1,0,1,0,0,0,0,0,0,0,0,53,0,1,0,18,0,0,0,0,1,0,2,0,252,0,0,0,0,1,0,1,3,0,1,0,1,0,0,546,0,0,1,1,0,0,1,1,8,1,0,0,1,1,0,0,0,0,0,0,0,1,0,2,2,1,0,0,4,2,0,0,0,4,0,0,0,109,0,0,0,1,21,0,0,2,7,1,0,1,14,0,0,0,0,3,0,0,0,0,0,1,0,0,0,0,30,0,0,0,0,1,0,18,0,5,28,1,41,0,6,0,1,0,0,1,0,3,0,0,0,5,0,38,0,1,0,0,0,0,0,2,0,0,1,702,0,0,2,0,0,0,0,0
634,11,26,17,2,7,2,0,3,4,6,363,0,6,1,6,0,300,7,3,5,1,17,19,27,7,7,0,0,786,0,3,30,1,0,2,6,2,3,0,3,190,10,2,8,19,7,2,5,0,163,0,3,0,56,11,68,398,0,7,145,0,1,4,320,0,148,5,3,0,12,0,104,6,70,0,3,0,9,8,3,41,10,3,2,3,408,0,0,3,6,0,2,109,24,10,0,0,8,18,9,0,7,0,59,0,24,10,0,3,0,20,9,2,37,3,14,6,0,326,8,0,4,7,124,0,0,12,115,8,0,4,0,97,1,193,0,0,1,19,0,0,1,4,0,7,15,6,4,0,1,1,0,203,3,1,0,2,1,2,6,0,0,43,0,1,2,0,0,56,2,4,9
0,0,0,0,0,0,0,772,0,0,0,0,0,0,0,0,0,0,0,0,0,0,0,0,0,0,0,607,0,0,0,0,0,0,7,0,0,0,0,0,0,0,0,0,0,0,0,0,0,0,0,59,0,1184,0,0,0,0,0,0,0,1321,0,0,0,0,0,0,0,0,0,42,0,0,0,0,0,992,0,0,0,0,0,0,0,0,0,2,0,0,0,0,0,0,0,0,0,0,0,0,0,29,0,0,0,0,0,0,50,7,856,0,0,0,0,0,0,0,0,0,0,0,0,0,6,0,2,0,0,0,2,3,12,0,0,5,0,0,0,0,0,0,0,0,0,0,0,0,0,1310,0,0,0,0,0,0,39,0,0,0,0,159,0,0,0,0,0,4,0,0,0,0,0
0,0,0,0,0,0,0,343,0,0,0,0,0,0,0,0,0,0,0,0,0,0,0,0,0,0,0,48,0,0,0,0,0,0,0,0,0,0,0,0,0,0,0,0,0,0,0,0,0,0,0,1052,0,21,0,0,0,0,0,0,0,0,0,0,0,0,0,0,0,0,0,101,0,0,0,0,0,2,0,0,0,0,0,0,0,0,0,278,0,0,0,0,0,0,0,0,0,0,0,0,0,1,0,0,0,0,0,0,4,1,4,0,0,0,0,0,0,0,0,0,0,0,0,0,0,0,0,0,0,0,1,0,1,0,0,0,0,0,0,0,0,0,0,0,0,0,0,0,0,25,0,0,0,0,0,0,354,0,0,0,0,0,0,0,0,0,0,1,0,0,0,0,0
2,0,0,0,4,1,9,21,0,2,0,0,1,23,10,0,5,0,0,4,0,0,0,0,0,0,0,10,0,0,6,0,1,0,126,20,0,0,0,8,0,0,1,61,0,0,1,0,5,0,0,3,0,31,0,1,0,0,36,0,0,14,15,0,0,0,2,0,0,1,0,106,2,0,0,4,0,23,0,0,0,0,1,0,0,0,0,312,0,1,0,0,1,0,0,1,24,0,0,0,0,953,0,0,0,11,0,1,3,675,3,0,0,0,2,0,0,0,0,0,0,0,0,0,0,53,10,0,0,1,64,0,29,1,4,406,0,81,0,3,0,1,0,0,3,0,2,0,0,8,5,0,33,0,0,0,174,0,0,0,1,1,0,0,23,0,0,89,0,0,0,0,0
0,0,0,0,1,0,2,0,10,0,0,0,1,0,0,0,0,0,0,1,0,0,0,0,0,0,0,5,0,0,0,0,0,20,6,0,0,21,66,6,0,0,0,2,0,0,0,0,0,0,0,0,0,8,0,0,0,0,3,0,0,30,1,0,0,2,0,0,0,0,0,1,0,0,0,0,0,27,0,0,0,0,0,0,0,0,0,3,0,0,0,0,0,0,0,18,1,1,0,0,0,19,0,5,0,3,0,0,218,2,5,0,0,0,0,0,0,0,0,0,0,0,0,0,0,1,1,1,0,0,1,57,88,0,0,19,9,15,0,0,2,18,0,0,0,0,0,0,0,1,0,0,23,0,0,0,5,0,0,0,0,2,0,0,8,0,2,0,0,0,0,0,0
0,24,3,2,5,4,0,0,0,16,0,2,0,0,0,0,2,1,3,11,2,16,29,0,4,8,8,0,0,0,13,0,27,0,0,3,0,0,0,0,6,6,1,6,1,13,26,5,16,0,16,0,8,0,5,1,1,7,0,0,0,0,0,0,3,0,5,0,8,0,10,0,0,3,5,0,0,0,31,2,0,0,1,1,3,0,2,0,1,0,0,0,0,3,0,0,0,0,0,4,5,0,2,0,17,0,2,10,0,0,0,3,2,0,3,5,0,0,6,3,1,0,0,10,0,0,0,0,0,2,0,0,0,1,0,0,0,0,0,3,0,0,0,0,0,4,5,22,1,0,0,4,9,2,5,0,0,0,6,1,4,0,0,0,0,0,1,0,0,5,0,2,3
0,63,0,1,0,13,0,0,0,51,13,0,0,0,0,0,3,14,5,15,14,8,6,2,6,27,2,0,0,6,22,1,31,0,0,96,1,0,0,0,46,1,0,3,13,12,88,3,5,1,21,0,0,0,17,3,31,2,0,1,16,0,4,1,9,0,5,1,22,0,223,0,1,1,1,0,6,0,506,161,0,5,2,46,44,19,6,0,1,21,5,0,38,6,9,3,10,0,0,0,19,0,0,0,4,0,0,240,0,1,0,22,17,0,0,32,30,1,0,6,1,4,2,0,6,0,0,0,4,4,0,0,0,2,0,0,0,0,0,12,1,0,0,1,0,0,9,47,1,0,0,59,3,9,7,1,0,0,4,3,1,0,6,2,0,2,0,0,39,25,0,6,1
2,0,0,0,29,0,1,1,2,1,11,0,0,42,0,0,0,0,1,1,0,1,0,18,0,7,1,3,2,77,0,17,0,7,0,1,1,66,32,2,1,1,0,32,0,1,6,0,15,2,60,0,0,3,1,15,11,0,4,11,1,3,2,7,1,3,1,3,2,0,11,1,43,1,1,0,1,1,3,1,1,0,0,1,0,1,0,1,2,10,17,0,0,0,1,560,5,39,0,0,0,1,9,0,0,1,0,1,203,0,0,12,0,10,9,0,0,1,0,0,0,0,1,0,1,1,6,219,1,0,4,69,68,0,0,0,12,5,14,2,7,6,0,0,0,0,0,0,0,0,0,0,5,1,0,0,0,0,0,1,0,2,0,0,14,16,11,1,0,1,15,0,0
9,23,4,0,2,7,0,0,0,3,424,11,0,0,0,2,0,0,4,0,382,15,199,1,0,31,106,0,0,18,2,0,1,0,0,0,0,0,0,0,3,90,3,0,1,1,11,13,16,2,91,0,19,0,1,0,3,57,0,130,1,0,3,0,14,0,0,43,0,0,51,0,0,0,2,0,1,0,1,0,9,2,0,2,0,0,6,0,301,3,3,0,0,0,0,3,0,1,1,2,0,0,0,0,1,0,0,1,0,0,0,318,5,0,4,0,0,0,1,2,0,0,8,20,0,0,3,7,8,1,0,0,0,1,2,1,0,0,0,5,0,0,0,1,0,11,1,0,0,0,0,0,0,0,13,361,0,0,12,0,1,0,0,0,0,1,0,0,0,0,0,0,0
0,1,0,0,0,4,0,0,0,14,0,0,0,0,1,10,0,123,0,2,0,0,0,0,1,0,0,0,0,0,4,0,0,0,0,86,0,0,0,0,1,0,3,1,2,1,1,18,18,0,1,0,0,0,7,2,3,0,0,2,3,0,0,1,1,0,0,2,2,0,5,0,0,0,0,0,0,0,14,18,1,0,0,29,36,84,0,0,3,18,0,0,55,11,7,0,1,0,0,0,3,0,0,0,0,0,0,11,0,0,0,0,29,418,0,149,30,1,0,7,0,1,1,0,159,0,0,0,1,0,1,0,0,0,1,0,0,0,0,2,1,0,0,7,0,0,0,4,0,0,0,68,0,14,0,0,0,0,1,0,0,0,3,0,0,0,0,0,106,0,1,0,0
1,0,0,0,1,0,0,241,0,0,0,0,0,1,0,0,1,0,0,0,0,0,0,0,0,0,0,425,0,0,2,0,0,0,9,0,0,1,0,1,0,0,0,1,0,0,2,0,0,0,0,20,0,261,0,1,0,0,0,0,0,561,15,0,0,0,0,0,0,0,0,37,0,0,0,0,0,541,0,0,0,0,0,0,0,0,0,6,0,18,0,0,0,0,0,205,2,0,84,0,0,19,2,0,0,1,0,0,16,4,381,0,0,3,0,0,0,0,0,0,0,0,0,0,26,0,0,0,0,0,2,14,12,1,0,4,0,0,0,0,0,0,0,0,0,0,0,0,0,188,1,0,0,0,0,0,44,0,0,0,0,610,0,0,0,0,1,1,0,0,0,0,0
0,0,0,0,0,0,0,13,0,0,0,0,0,0,0,0,0,0,0,0,0,0,0,0,0,0,0,10,0,0,0,0,0,0,1,3,0,0,0,0,0,0,0,0,0,0,0,1,0,0,0,33,0,0,0,0,0,0,0,0,0,0,1,1,0,0,0,0,0,0,0,23,0,0,0,0,1,0,0,0,0,0,0,0,0,0,0,8,0,1,0,0,0,0,0,4,0,0,2,0,0,0,0,0,0,0,0,0,0,0,1,0,0,0,0,0,0,0,0,0,0,0,0,0,0,0,0,0,0,0,4,0,0,0,0,0,0,0,0,0,0,0,0,0,0,0,0,0,0,3,0,0,0,0,0,0,35,0,0,0,0,4,0,0,0,0,0,0,0,0,1,0,0
