0.84958,0.24013,0.404,0.37105,0.20699,0.27662,0.95597,0.64789,0.85356,0.33298,0.68669,0.46047,0.88128,0.58236,0.49569,0.35038,0.52115,0.38905,0.54871,0.43221,0.48096,0.468,0.34876,0.50584,0.2395,0.51273,0.23748,0.59203,0.60526,0.79717,0.22874,0.46466,0.20381,0.81867,0.56593,0.32735,0.33026,0.75873,0.75938,0.66822,0.49901,0.26829,0.3,0.24134,0.45484,0.18199,0.34415,0.45326,0.15629,0.59604,0.23351,0.71491,0.56529,0.75799,0.60998,0.26998,0.22807,0.48538,0.57906,0.28174,0.4,0.67111,0.25806,0.64411,0.41388,0.43655,0.25522,0.70433,0.3,0.77835,0.47512,0.44245,0.58737,0.17964,0.64697,0.97436,0.64188,0.66083,0.41151,0.32803,0.27557,0.7061,0.38176,0.67763,0.64459,0.66843,0.45801,0.35018,0.53198,0.39498,0.39329,0.98869,0.71348,0.69974,0.53882,0.51718,0.51183,0.75404,0.57344,0.24742,0.35885,0.77403,0.52163,0.91942,0.19284,0.96223,0.35726,0.24347,0.61215,0.70523,0.663,0.43064,0.28393,0.70644,0.14597,0.24816,0.49313,0.6814,0.36599,0.60873,0.49449,0.54853,0.60506,0.45243,0.28571,0.79682,0.54489,0.64982,0.51655,0.43509,0.57232,0.31806,0.68202,0.38835,0.45541,0.35215,0.57983,0.42096,0.799,0.40931,0.38961,0.69342,0.62344,0.45218,0.84514,0.34802,0.34059,0.32918,0.44767,0.81181,0.60905,0.28152,0.33577,0.50418,0.43844,0.88972,0.29495,0.5741,0.23049,0.51173,0.35385,0.83587,0.41703,0.61167,0.6892,0.68402,0.71573,0.7345,0.44,0.52617,0.43781,0.7019,0.4547
0.55067
0,36,303,159,0,39,0,0,0,0,0,69,0,0,0,1,0,4,84,13,1,2,2,0,171,9,8,0,0,0,0,0,6,0,0,0,1,0,0,0,1,9,237,0,0,1,2,1,4,0,0,0,170,0,3,0,0,19,0,0,2,0,0,0,1,1,25,0,0,0,0,0,7,101,449,0,0,0,0,0,0,0,82,0,0,0,33,0,0,0,0,0,0,4,0,0,0,0,86,216,0,0,8,0,45,0,209,0,0,0,0,0,3,0,29,0,0,0,1,18,0,2,0,38,0,0,0,0,0,20,0,0,0,0,0,0,0,0,0,0,0,0,0,0,0,205,13,9,1,0,0,0,0,16,4,0,0,28,16,8,2,0,0,11,0,0,0,0,0,7,0,0,9
0,1,9,68,0,14,0,0,0,11,0,5,0,0,0,6,0,2,0,2,0,0,0,0,21,0,7,0,0,0,67,0,84,0,0,1,4,0,0,0,1,0,54,0,25,104,5,3,0,0,1,0,1,0,1,0,1,0,0,4,2,0,0,0,0,0,13,0,27,0,0,0,0,51,1,0,0,0,2,0,0,2,339,0,1,1,0,0,0,0,2,0,6,1,0,0,0,0,24,4,52,0,398,0,5,0,6,23,0,21,0,0,6,0,0,15,4,0,1,1,29,486,0,27,0,0,0,0,0,372,0,0,0,0,0,0,0,0,0,1,0,0,0,7,0,1,313,12,231,0,0,9,1,0,0,0,0,399,11,0,8,0,14,304,0,0,0,0,0,1,0,0,261
1,42,41,44,23,34,2,1,1,14,5,21,7,2,0,0,1,1,29,118,1,10,53,0,62,9,18,0,1,0,10,0,98,2,0,28,11,2,0,4,8,2,102,1,2,57,47,4,79,1,35,0,27,1,6,14,2,41,0,3,1,1,7,0,3,0,8,1,3,1,0,0,3,104,8,2,1,0,2,0,0,0,116,1,0,1,4,0,0,0,7,0,0,3,0,3,3,19,36,108,2,3,22,0,105,3,121,2,0,4,1,2,12,0,12,9,5,1,26,4,0,12,1,70,1,0,13,1,0,55,1,0,3,18,0,1,0,0,1,2,0,9,1,4,1,55,44,102,28,0,0,8,8,6,11,0,0,39,4,10,43,0,0,14,1,1,0,8,0,23,1,4,43
0,149,156,37,0,101,0,0,0,0,0,21,0,0,0,0,0,0,445,9,56,29,34,0,27,26,76,0,0,3,0,0,0,0,0,0,2,0,0,0,3,175,61,0,0,0,1,0,8,0,1,0,355,0,1,0,1,111,0,1,3,0,1,0,0,0,5,1,3,0,9,0,2,23,86,0,0,0,0,0,0,0,7,0,0,0,25,0,53,0,0,0,0,2,0,0,0,0,23,169,0,0,0,0,47,0,65,0,0,0,0,11,0,0,52,0,0,0,0,2,1,0,0,16,0,0,0,0,3,8,0,0,0,2,0,0,0,0,0,0,0,0,0,2,0,229,1,12,0,0,0,0,0,6,24,5,0,0,127,20,0,0,0,0,0,0,0,0,0,3,0,0,1
0,6,27,76,0,29,0,0,0,1,0,2,0,0,0,0,0,0,4,2,1,2,0,0,25,3,0,0,0,0,2,0,2,0,0,0,0,0,0,0,0,0,37,0,0,1,0,0,0,0,0,0,1,0,0,0,0,0,0,0,0,0,0,0,0,0,4,0,0,0,0,0,0,120,1,0,0,0,0,0,0,0,52,0,0,0,0,0,0,0,0,0,0,2,0,0,0,0,4,45,1,0,17,0,14,0,30,0,0,0,0,1,0,0,5,1,0,0,0,0,1,7,0,1,0,0,0,0,0,73,0,0,0,0,0,0,0,0,0,0,0,0,0,0,0,10,20,21,5,0,0,0,0,3,0,0,0,48,0,1,1,0,0,8,0,0,0,0,0,0,0,0,12
1,107,18,12,92,72,2,0,0,15,13,21,0,0,0,0,12,0,32,322,24,72,118,0,32,104,16,0,1,2,11,6,51,0,0,3,17,7,0,1,33,9,13,6,1,37,289,8,128,5,133,0,8,0,23,25,9,21,4,1,6,0,5,7,6,0,32,12,18,0,24,0,4,23,5,0,9,0,5,7,2,0,13,0,2,0,8,0,5,1,12,0,1,4,3,10,1,3,5,66,1,0,6,0,108,0,37,7,3,1,0,38,28,1,15,5,6,15,110,8,1,1,3,16,3,0,0,5,5,23,0,2,0,20,4,0,0,0,0,5,0,0,0,17,0,32,51,76,2,0,0,12,86,5,44,1,0,6,46,16,150,0,7,5,0,19,3,0,0,48,0,20,27
0,0,94,282,0,2,0,0,0,0,0,23,0,0,0,0,2,0,0,2,0,0,8,0,5,0,92,0,0,0,4,0,34,0,0,0,0,0,0,0,0,1,200,0,11,57,0,8,8,0,3,0,12,0,0,0,0,8,0,0,16,0,0,0,1,0,8,0,0,0,0,0,0,14,2,0,0,0,0,0,0,0,125,0,0,0,3,0,0,0,0,0,0,1,0,0,0,0,449,93,7,0,21,0,2,0,33,0,0,0,0,1,159,0,0,0,2,0,0,1,16,2,0,428,0,0,0,0,0,17,0,0,0,0,0,0,0,0,0,0,0,0,0,20,0,27,25,3,4,0,0,0,1,1,0,0,0,12,0,0,1,0,0,29,0,0,0,0,0,0,0,0,10
0,3,1,1,0,0,0,0,0,1,0,0,0,0,6,0,0,0,3,1,0,3,0,0,0,1,1,0,0,0,5,0,0,0,4,1,0,0,0,1,0,0,1,36,0,0,1,0,0,0,1,2,0,0,0,1,0,0,7,2,0,0,0,0,1,0,0,2,0,0,1,0,0,0,4,0,0,0,0,0,0,0,0,0,0,1,3,1,4,0,0,0,1,0,0,0,0,1,0,0,0,1,0,0,0,1,0,0,0,1,0,0,0,0,11,1,0,0,0,0,0,0,0,3,0,1,0,0,1,0,0,0,0,0,0,13,0,21,0,9,0,0,0,0,0,0,0,1,0,0,2,0,14,0,1,0,0,0,0,0,0,1,0,0,111,0,0,0,0,0,0,0,0
2,0,0,0,49,0,8,2,71,0,10,0,110,5,345,0,0,2,0,6,3,0,0,390,0,1,0,2,10,11,0,8,0,238,3,2,188,165,252,62,0,0,0,12,0,0,0,0,29,5,3,4,0,4,0,14,8,0,3,28,0,2,12,7,0,277,1,4,0,208,5,13,2,0,0,9,4,2,0,0,256,0,0,0,1,0,0,5,2,3,25,14,0,16,1,34,30,840,0,0,17,1,0,120,0,4,0,0,6,0,1,6,0,24,5,2,0,4,0,1,0,0,11,0,5,0,18,733,2,0,59,177,18,3,1,5,374,1,1276,0,161,270,500,0,0,0,0,0,0,0,8,0,0,1,0,0,6,0,0,82,0,7,7,0,2,6,119,1,0,0,352,0,0
0,0,0,0,0,0,0,29,0,0,0,0,0,0,0,0,0,0,0,0,0,0,0,0,0,0,0,10,0,0,0,0,0,0,3,0,0,0,0,0,0,0,0,0,0,0,0,0,0,0,0,147,0,8,0,0,0,0,0,0,0,0,0,0,0,0,0,0,0,0,0,192,0,0,0,0,0,6,0,0,0,0,0,0,0,0,0,29,0,0,0,0,0,0,0,0,0,0,0,0,0,14,0,0,0,0,0,0,0,8,1,0,0,0,0,0,0,0,0,0,0,0,0,0,0,2,0,0,0,0,100,0,0,0,0,2,0,0,0,0,0,0,0,0,0,0,0,0,0,2,0,0,0,0,0,0,267,0,0,0,0,0,0,0,0,0,0,2,0,0,0,0,0
0,0,0,0,8,1,13,9,2,4,1,0,0,5,2,0,10,2,0,0,1,0,0,0,0,0,0,1,0,0,1,0,0,1,41,9,0,0,0,3,0,0,1,121,0,0,2,0,50,0,0,1,0,4,0,0,0,0,30,0,0,5,12,0,0,1,1,1,3,0,0,8,0,0,34,6,0,3,1,0,1,0,3,0,0,0,0,93,0,1,0,2,1,0,0,2,11,0,0,0,0,88,0,0,0,1,0,2,2,59,0,0,3,0,2,2,2,1,0,0,0,0,3,0,2,16,2,0,0,0,31,1,20,0,4,186,1,86,0,6,0,1,0,0,1,0,1,0,1,1,13,1,21,0,1,0,26,0,0,7,1,0,0,0,14,0,0,20,0,0,3,1,1
1,1,0,0,17,0,1,1,91,1,0,0,2,32,5,0,1,0,1,2,0,0,0,0,0,4,0,0,1,0,2,1,3,4,3,1,0,7,15,3,4,0,0,144,1,3,13,2,15,1,4,0,0,4,0,24,0,0,11,26,1,9,13,10,1,8,1,4,2,7,10,0,1,1,1,2,3,5,2,1,24,0,0,3,0,5,0,0,0,11,4,5,1,2,0,164,3,30,1,0,2,14,32,0,0,5,0,1,3,8,2,1,1,0,63,0,3,0,0,0,1,0,8,0,0,1,7,34,2,2,1,13,100,1,7,123,11,229,45,17,6,34,0,2,1,0,6,1,0,1,2,1,278,0,0,0,0,0,0,4,6,3,0,0,22,4,6,1,0,0,49,0,8
7,0,0,0,121,0,0,2,1,3,0,1,1,179,1,1,0,0,0,13,0,0,0,54,0,3,0,0,3,5,0,10,1,0,6,1,1,0,0,0,0,0,1,38,1,3,5,2,26,2,0,0,0,0,12,177,11,0,3,3,3,0,12,41,0,0,6,5,5,0,5,0,62,5,0,0,11,0,5,9,11,1,0,7,1,3,0,3,0,18,2,0,0,5,1,22,108,3,1,0,2,1,2,1,0,0,0,5,0,0,0,3,0,21,0,0,5,4,0,1,0,0,0,0,14,1,0,9,3,0,12,6,1,320,7,0,5,0,16,5,16,0,5,1,0,0,0,0,0,0,1,2,0,1,0,0,1,0,0,1,1,0,12,0,0,5,3,0,0,2,239,0,1
0,2,3,12,1,58,0,0,0,60,0,26,0,1,0,137,0,130,4,23,3,7,16,0,77,2,23,0,1,1,106,0,186,0,0,0,9,0,0,0,3,1,19,1,52,190,47,10,7,0,11,0,2,0,41,0,2,5,0,1,12,0,0,0,7,0,220,1,87,0,4,0,4,65,3,0,0,0,15,18,2,4,97,4,1,3,7,0,0,0,0,0,1,12,4,0,0,0,20,15,116,1,168,0,32,0,10,31,0,7,0,0,13,0,0,72,5,2,22,39,31,242,0,53,3,0,0,0,0,149,0,0,0,1,0,0,0,0,0,12,0,0,0,6,0,2,167,98,132,0,0,87,7,54,1,0,0,103,11,22,45,0,43,57,0,0,0,0,4,10,0,11,95
0,69,4,0,0,26,0,0,0,0,7,3,0,0,0,0,0,0,18,11,6,252,15,0,2,180,12,0,0,1,0,0,0,0,0,0,0,0,0,0,0,6,0,0,0,0,1,0,1,0,3,0,2,0,0,0,0,6,1,1,0,0,1,0,0,0,0,13,1,0,6,0,0,1,2,2,0,0,0,0,0,0,0,0,0,0,0,0,27,1,0,0,0,0,0,0,0,0,0,10,0,0,0,0,29,0,1,0,0,0,0,24,3,0,17,0,0,0,2,0,0,0,0,0,0,0,0,0,1,0,0,0,0,0,1,0,0,0,0,0,0,0,0,0,0,3,0,7,0,0,0,0,0,0,79,3,0,0,86,1,1,0,0,0,0,0,0,0,0,0,0,0,0
2,0,0,0,0,0,0,0,0,1,3,0,0,0,2,0,0,0,0,1,0,0,0,0,0,2,0,0,9,0,2,7,2,0,0,2,5,0,0,1,16,1,0,0,0,1,18,0,3,35,0,0,1,0,3,1,43,0,0,24,1,0,1,47,0,7,0,0,0,0,0,0,1,1,0,0,75,0,3,1,111,0,0,1,1,1,0,0,2,0,103,0,2,0,1,0,0,2,0,0,0,0,0,0,0,2,0,6,1,0,0,0,2,0,1,1,3,2,3,2,0,0,35,0,0,0,2,1,44,1,0,1,0,1,29,0,3,0,1,0,3,0,1,0,0,0,2,0,0,0,0,0,0,0,2,0,0,0,0,0,6,0,0,0,0,2,0,0,0,1,0,12,1
7,0,0,0,1,0,7,0,4,0,13,0,9,0,1,0,1,0,0,3,1,0,0,0,0,2,0,1,0,0,0,0,0,3,2,1,0,3,1,19,4,0,0,0,0,0,1,0,0,1,3,0,0,6,0,0,1,0,6,68,0,1,15,0,0,22,0,4,0,27,0,1,0,0,0,1,1,0,0,0,0,0,0,1,0,0,0,4,26,0,23,2,0,0,0,4,0,4,0,0,0,0,0,2,0,4,0,0,12,1,0,0,0,1,1,0,2,0,0,1,0,0,13,0,0,0,352,3,0,0,0,6,19,0,1,7,23,0,1,0,2,37,0,0,1,0,0,0,0,0,0,0,0,0,0,2,0,0,0,0,0,0,0,0,3,0,2,462,0,0,0,0,0
43,4,4,1,5,4,0,1,0,17,1,148,0,1,0,11,3,405,0,8,6,0,8,1,16,7,3,0,0,44,15,0,39,0,0,9,2,0,0,1,8,69,0,1,3,18,23,3,4,1,13,0,0,0,538,10,17,11,0,0,37,0,2,2,52,0,217,2,26,0,7,0,400,0,7,0,1,0,26,13,0,8,2,0,2,1,409,0,0,0,8,0,0,543,347,0,0,2,2,8,15,0,2,0,10,0,2,14,0,36,0,10,2,2,7,106,7,7,12,697,0,8,0,6,10,0,0,0,6,15,0,2,0,148,0,21,1,0,0,13,0,0,1,2,0,2,18,4,8,0,0,14,17,362,5,0,0,1,1,1,8,1,1,2,0,0,0,0,1,141,1,12,16
0,0,0,13,0,0,0,0,0,16,0,1,0,0,0,7,0,2,0,0,0,0,10,0,1,0,14,0,0,0,65,0,25,0,0,3,2,0,0,0,0,0,3,0,423,123,8,80,1,0,1,0,0,0,2,0,6,0,0,0,52,0,0,0,12,0,5,1,50,0,0,0,0,1,0,0,0,0,20,31,0,34,5,94,21,33,0,0,0,0,0,0,29,0,0,0,1,0,22,0,300,0,30,0,2,0,0,65,0,3,0,0,2,0,0,4,52,0,0,2,314,21,0,63,1,0,0,0,0,5,0,0,0,0,0,0,0,0,0,33,0,0,0,85,0,0,12,4,18,0,0,12,1,0,0,0,0,9,0,0,2,0,11,10,0,0,0,0,0,0,0,2,2
0,0,0,0,0,0,2,0,2,0,0,0,1,0,0,0,1,0,0,0,0,0,0,0,0,0,0,1,0,0,0,0,0,4,0,0,0,10,8,6,0,0,0,1,0,0,0,0,0,0,0,5,0,5,0,0,0,0,1,0,0,5,6,0,0,0,0,0,0,0,0,1,0,0,0,2,0,1,0,0,0,0,0,0,0,0,0,9,0,0,1,1,0,0,0,25,0,0,0,0,0,3,0,2,0,2,0,0,887,0,1,0,0,0,0,0,0,0,0,0,0,0,0,0,0,4,8,1,0,0,0,39,1081,0,0,3,14,4,0,0,0,18,0,0,0,0,0,0,0,1,0,0,4,0,0,0,4,0,0,0,0,0,0,0,25,0,0,2,0,0,0,0,0
13,0,0,0,154,1,1,0,1,1,3,0,0,64,31,0,55,2,0,0,0,1,0,0,0,0,0,3,0,0,14,0,0,0,50,2,0,0,0,0,0,84,1,22,0,0,0,0,4,0,1,1,0,3,1,0,0,0,6,3,0,2,3,0,0,0,0,23,0,0,1,1,0,0,2,0,0,0,0,1,2,1,0,0,0,0,0,4,0,0,0,0,0,0,0,1,1,0,0,0,0,3,0,0,0,0,0,0,0,3,0,0,1,2,1,0,0,0,0,0,0,0,0,0,1,71,0,0,0,0,3,0,2,0,1,11,0,4,0,7,0,0,4,0,94,0,0,3,0,1,377,0,1,0,3,0,1,0,0,1,0,0,1,0,30,0,0,0,1,0,0,0,1
0,0,0,0,2,0,1802,0,4,0,10,0,15,0,0,0,1,0,0,0,0,0,0,0,0,0,0,0,0,0,0,0,0,9,0,1,0,8,6,361,1,0,0,0,0,0,2,0,0,0,0,0,0,0,0,1,1,0,7,6,0,0,47,0,0,9,0,1,1,6,0,0,0,0,0,2280,0,0,0,0,1,0,0,0,0,0,0,0,3,0,68,3583,0,0,1,2,10,37,0,0,0,0,0,5,0,1758,0,0,3,0,0,0,0,1,2,0,1,2,0,0,0,0,3,0,0,0,20,2,0,0,0,2,34,0,2,0,8,0,0,0,1,26,0,0,0,0,0,0,0,0,0,0,2,0,1,0,0,0,0,0,0,0,0,0,0,0,11,9,1,0,0,0,0
9,0,1,2,2,1,19,1,1,7,5,0,0,15,12,1,18,0,1,39,4,0,1,3,0,6,1,0,2,0,10,1,7,0,34,3,0,0,0,0,1,0,2,25,1,1,4,1,4,2,0,4,0,2,2,127,2,0,218,3,0,1,4,3,1,0,4,0,14,0,4,1,3,2,0,1,0,0,0,2,6,0,2,6,1,8,0,7,2,1,2,1,9,4,2,4,411,0,0,2,1,33,2,0,0,5,0,2,2,16,2,1,0,22,2,11,5,370,0,2,0,6,2,0,20,17,16,3,1,3,0,0,10,0,240,4,0,5,0,0,0,0,10,12,14,0,14,0,2,0,10,10,4,0,3,0,1,8,1,0,3,0,5,1,14,5,0,9,3,3,4,3,5
1,3,0,3,8,16,0,0,0,283,0,4,0,0,0,66,27,51,1,6,0,5,68,0,41,7,13,0,5,1,164,0,153,0,0,15,13,0,0,0,58,2,0,25,138,178,160,83,28,1,49,0,1,0,48,0,19,2,0,0,81,0,1,2,43,1,84,5,206,0,26,0,0,5,0,0,0,0,245,113,0,50,12,69,42,51,2,0,6,2,0,0,79,8,199,3,1,0,1,0,139,1,15,0,18,0,1,211,0,18,0,1,14,1,0,115,55,12,34,12,85,58,0,21,18,0,0,0,2,25,0,1,0,10,0,0,0,0,0,170,0,0,0,35,0,2,46,54,45,0,0,192,70,19,1,0,0,17,29,25,23,0,102,5,0,0,0,0,209,14,0,20,14
0,6,0,3,55,14,0,3,0,315,5,15,0,2,3,10,169,10,2,52,2,3,106,2,23,4,17,2,25,1,191,5,214,4,0,219,84,0,2,0,251,2,1,51,134,180,435,176,65,21,216,1,0,0,95,79,49,8,0,0,96,0,8,7,61,1,104,10,231,0,55,1,3,5,1,0,25,0,253,107,6,70,8,80,61,125,11,0,5,65,32,0,106,8,24,9,7,2,10,4,52,1,13,2,11,0,6,219,0,20,0,4,30,8,1,98,155,102,127,15,73,24,3,37,79,0,1,2,32,26,0,7,0,112,7,1,0,0,0,343,0,1,5,107,0,0,126,23,24,0,1,169,322,11,5,0,0,17,53,9,184,4,284,7,0,0,0,1,20,35,2,259,32
0,0,0,0,0,0,2,0,0,14,0,0,0,0,0,129,4,4,0,0,0,1,13,0,0,0,5,0,4,1,30,0,0,0,0,164,19,0,0,0,3,0,0,0,110,18,2,480,1,1,5,0,0,0,1,0,16,3,0,0,316,0,0,0,238,1,2,34,31,0,15,0,1,0,0,0,1,0,38,80,2,579,0,721,399,631,0,0,77,252,1,0,884,0,9,0,1,0,0,0,71,0,0,0,0,0,0,93,0,4,0,0,119,34,0,30,395,3,0,0,63,7,0,1,120,0,0,0,3,0,0,0,0,1,0,0,0,0,0,137,0,0,0,383,0,0,0,2,1,0,0,46,5,0,1,0,0,1,4,0,2,0,10,1,0,0,0,0,70,0,0,0,0
0,0,0,0,0,0,0,22,0,1,1,0,0,0,0,0,0,4,0,0,0,0,0,0,0,0,0,11,0,0,0,0,0,0,16,2,0,0,0,0,0,0,0,1,0,0,0,0,81,0,0,101,0,4,1,0,0,0,0,0,0,0,0,0,0,0,0,0,0,0,0,178,0,0,0,0,0,3,0,0,0,0,0,0,0,0,0,29,0,1,0,0,0,0,0,3,1,0,0,0,0,30,0,0,0,0,0,0,0,11,4,0,0,0,0,1,0,1,0,0,0,0,0,0,3,4,0,0,0,0,459,0,1,0,1,3,0,0,0,1,0,0,0,0,0,0,0,0,0,2,1,0,0,0,0,0,185,0,0,0,0,6,0,0,0,0,0,8,0,0,0,0,0
1,0,0,0,118,0,1,8,18,0,41,0,8,700,100,0,345,0,0,0,0,0,0,0,0,0,0,4,0,0,27,0,0,0,412,2,0,0,0,2,0,13,0,8,0,0,0,0,1,0,2,5,0,14,0,0,0,0,33,1,0,8,10,0,0,1,0,2,0,4,0,6,44,0,0,2,1,0,0,0,0,0,0,0,0,1,1,28,3,2,0,1,0,3,0,4,14,0,0,0,0,31,0,0,1,6,0,0,1,14,9,1,1,0,26,1,0,0,0,0,0,0,4,0,0,902,7,0,0,0,14,0,19,0,3,19,0,24,0,3,0,0,0,0,644,0,2,0,0,36,189,0,3,0,0,0,6,0,0,0,0,0,0,0,46,0,0,4,1,0,0,2,0
4,0,0,0,24,0,4,2,1224,0,5,0,1158,2,59,0,1,0,0,2,1,0,0,104,0,0,0,1,3,3,0,10,0,1359,7,1,22,978,1275,1003,0,0,0,2,0,0,0,0,1,2,2,3,0,11,0,1,1,0,10,32,0,11,88,3,0,344,0,3,0,906,0,24,0,0,0,14,4,9,0,0,28,0,0,0,0,1,0,35,0,2,30,15,0,4,0,17,15,111,0,0,1,8,0,1586,0,19,0,0,29,0,2,6,0,5,7,0,0,1,0,0,0,0,3,0,3,8,180,48,0,0,21,236,44,5,6,42,730,3,212,0,106,959,244,0,1,0,0,0,0,0,1,0,0,0,0,0,13,0,0,8,0,5,0,0,9,3,496,1,0,2,96,0,0
1,136,29,16,2,239,1,0,0,71,26,11,0,5,1,1,0,1,68,12,15,490,407,4,4,564,148,0,0,4,3,7,11,0,0,1,1,11,0,0,19,33,26,17,1,21,21,106,75,3,102,0,11,0,1,17,4,15,1,27,5,0,4,17,9,0,2,455,3,0,487,0,6,9,6,0,3,0,1,3,11,0,2,4,1,3,2,0,64,187,4,0,2,2,0,4,1,0,27,61,8,0,4,0,73,0,7,1,5,0,0,416,76,56,67,2,10,0,2,0,3,0,10,108,29,0,1,13,14,4,0,0,0,1,2,0,0,0,0,8,1,0,1,135,0,37,8,22,0,0,0,0,3,1,203,28,0,3,87,3,7,0,0,0,0,16,10,0,0,1,0,0,5
2,1,0,0,3,1,4,0,0,1,5,0,0,2,12,0,0,0,1,1,1,0,1,156,0,6,1,0,40,14,0,526,3,0,0,0,115,12,2,1,5,0,0,11,2,2,5,2,14,96,13,0,0,0,0,70,116,0,1,233,1,0,7,257,8,7,0,0,2,0,3,0,1,3,1,6,148,0,0,0,209,2,0,0,0,2,0,0,2,8,213,0,1,3,2,21,2,8,0,1,3,0,0,0,1,0,0,0,2,1,0,13,3,0,33,2,2,0,0,0,3,0,550,2,0,0,0,37,41,10,0,6,0,2,48,2,12,1,0,11,13,0,1,1,0,0,0,0,0,0,1,1,1,0,4,0,0,0,1,0,4,0,1,1,0,578,9,0,0,2,4,4,1
0,4,1,1,13,8,1,0,1,5,2,1,0,111,43,0,0,1,1,10,3,4,3,20,0,9,3,1,483,4,3,478,6,3,1,0,251,6,21,18,24,3,1,23,1,1,18,2,92,692,9,2,0,1,8,223,169,2,3,157,7,0,7,809,0,75,2,9,4,4,23,2,4,85,0,3,794,0,6,3,211,0,0,2,3,4,0,0,0,11,387,0,0,2,6,32,12,12,1,3,2,0,3,1,1,0,3,6,10,0,0,32,1,4,32,1,7,3,0,3,1,2,235,4,4,0,0,20,359,4,0,81,0,25,337,1,36,0,38,5,210,0,9,6,0,0,6,5,0,0,0,0,0,0,2,0,0,0,0,0,4,3,165,0,0,135,20,0,2,0,32,2,1
0,1,0,0,0,0,2,0,0,0,2,0,0,0,50,0,0,0,0,11,1,0,0,2,0,0,0,0,208,2,0,57,0,6,0,0,5,0,1,0,0,2,0,0,2,0,0,1,2,285,1,0,0,0,1,8,161,0,0,0,0,0,3,34,0,30,1,1,1,0,8,0,0,0,0,4,149,0,1,2,30,1,0,0,0,6,0,0,0,4,27,0,2,2,2,1,2,2,0,0,0,0,0,4,0,0,0,0,1,1,0,8,0,2,0,4,4,0,0,0,0,0,10,0,1,0,0,2,65,2,0,6,0,1,27,0,11,0,1,0,11,0,17,4,0,0,0,0,0,0,0,1,0,0,2,0,0,0,0,0,0,0,5,0,0,19,1,0,0,0,0,0,0
1,219,15,11,2,169,0,0,0,6,0,5,0,0,0,0,0,0,95,46,27,124,10,0,169,86,13,0,0,0,1,0,40,0,0,0,1,0,0,0,2,4,13,0,0,6,11,0,6,0,1,0,3,0,1,0,2,16,0,0,1,0,0,0,0,0,9,0,2,0,18,0,1,39,11,0,0,0,1,1,0,0,12,0,0,0,4,0,3,0,0,0,0,0,0,0,0,0,3,39,3,0,4,0,140,0,26,0,0,1,0,22,11,0,12,0,0,0,2,2,0,1,0,2,0,0,0,0,1,24,0,0,0,0,0,0,0,0,0,0,0,0,0,1,0,24,7,264,8,0,0,2,0,0,25,3,0,3,34,240,1,0,0,2,0,0,1,0,0,13,0,0,8
0,1,1,7,0,8,0,0,0,0,0,3,0,0,0,0,0,0,2,0,231,1,137,0,2,2,185,0,0,0,0,0,3,0,0,0,0,0,0,0,0,5,1,0,0,2,0,3,3,0,0,0,5,0,1,0,0,11,0,0,3,0,0,0,0,0,0,0,0,0,0,0,0,1,3,0,0,0,0,0,0,0,0,0,0,0,1,0,1,0,0,0,0,0,0,0,0,0,2,9,3,0,0,0,5,0,5,0,0,0,0,2,0,0,0,0,0,0,0,1,0,0,0,13,0,0,0,0,0,1,0,0,0,0,0,0,0,0,0,0,0,0,0,4,0,7,0,5,0,0,0,0,0,0,0,0,0,0,0,4,0,0,0,0,0,0,0,0,0,0,0,0,0
0,1,3,0,5,2,2,8,0,0,0,1,0,15,9,0,3,0,2,1,0,1,1,0,0,0,0,0,0,1,53,0,0,0,11,2,0,0,0,1,0,0,0,209,0,0,0,0,1,0,0,3,0,0,0,1,0,0,553,0,0,1,2,0,0,1,1,4,0,0,0,2,1,0,0,1,0,0,0,0,1,0,1,3,1,0,1,5,1,0,0,0,4,0,0,0,115,0,0,1,0,12,1,0,2,4,0,0,1,16,0,0,0,0,0,0,1,0,0,0,1,0,0,0,0,34,0,0,0,0,1,0,20,0,4,22,1,58,0,7,0,1,0,1,2,0,2,2,0,0,6,0,38,0,2,0,1,0,0,0,2,0,0,0,734,0,0,1,0,0,0,0,0
610,10,29,9,1,5,1,0,2,8,3,332,0,5,0,7,0,276,7,1,5,1,18,13,20,6,12,0,0,790,1,4,28,1,0,3,2,2,2,0,6,187,8,0,6,16,9,4,6,0,177,0,2,0,63,10,54,332,0,4,122,0,1,4,334,0,96,3,5,0,13,0,84,6,58,0,2,0,10,12,3,56,7,3,2,2,365,0,2,2,5,0,2,122,25,17,0,0,8,15,8,0,6,0,49,0,23,10,0,2,0,19,11,2,43,2,9,6,0,317,9,1,5,9,52,0,0,11,98,11,0,4,0,146,2,183,0,0,0,21,0,0,3,3,0,10,17,8,3,0,1,0,1,206,10,1,0,1,0,1,5,0,0,38,0,4,1,0,0,382,2,0,10
0,0,0,0,0,0,0,828,0,0,0,0,0,0,0,0,0,0,0,0,0,0,0,0,0,0,0,698,0,0,0,0,0,0,5,0,0,0,0,0,0,0,0,0,0,0,0,0,0,0,0,56,0,1209,0,0,0,0,0,0,0,1308,5,0,0,0,0,0,0,0,0,69,0,0,0,0,0,1019,0,0,0,0,0,0,0,0,0,1,0,0,0,0,0,0,0,0,0,0,0,0,0,24,0,0,0,0,0,0,47,3,844,0,0,0,0,0,0,0,0,0,0,0,0,0,0,1,2,0,0,0,3,5,16,0,0,4,0,0,0,0,0,0,0,0,0,0,0,0,0,1169,0,0,1,0,0,0,43,0,0,0,0,105,0,0,0,0,0,5,0,0,0,0,0
0,0,0,0,0,0,0,35,0,0,0,0,0,0,0,0,0,0,0,0,0,0,0,0,0,0,0,41,0,0,0,0,0,0,0,0,0,0,0,0,0,0,0,0,0,0,0,0,0,0,0,988,0,20,0,0,0,0,0,0,0,0,1,0,0,0,0,0,0,0,0,469,0,0,0,0,0,2,0,0,0,0,0,0,0,0,0,281,0,0,0,0,0,0,0,0,0,0,0,0,0,1,0,0,0,0,0,0,4,0,5,0,0,0,0,0,0,0,0,0,0,0,0,0,0,0,0,0,0,0,5,0,1,0,0,0,0,0,0,0,0,0,0,0,0,0,0,0,0,27,0,0,0,0,0,0,356,0,0,0,0,0,0,0,0,0,0,1,0,0,0,0,0
3,0,0,0,1,1,8,39,0,1,0,0,1,29,12,0,4,0,0,1,0,0,0,0,0,0,0,12,0,0,6,0,0,0,119,20,0,0,0,3,0,0,2,44,0,0,1,0,3,0,0,5,0,27,0,0,0,0,48,0,0,14,22,0,0,0,1,0,0,1,0,37,2,0,0,5,0,21,0,1,0,0,1,0,1,0,0,298,0,1,0,0,1,1,0,1,24,0,0,0,0,1055,0,0,0,9,0,2,3,634,3,0,0,0,1,0,0,0,0,0,0,0,0,0,0,69,8,0,0,0,77,1,29,1,3,368,0,89,0,2,0,2,0,0,3,0,2,1,0,2,5,0,34,0,0,0,194,0,0,0,1,3,0,0,26,0,0,90,0,0,0,0,0
0,0,0,0,1,0,1,1,8,0,0,0,1,0,0,0,0,0,0,1,0,0,0,0,0,0,0,6,0,0,0,0,0,17,3,0,0,19,61,7,1,0,0,1,0,0,0,0,0,0,0,0,0,8,0,0,0,0,5,0,0,28,10,0,0,1,0,0,0,0,0,0,0,0,0,0,0,27,0,0,0,0,0,0,0,0,0,2,0,0,0,0,0,0,0,18,0,1,0,0,0,20,0,2,0,2,0,0,221,3,5,0,0,0,0,0,0,0,0,0,0,0,0,0,0,0,1,2,0,0,1,60,83,0,0,19,17,15,0,0,1,19,0,0,0,0,0,0,0,1,0,0,21,0,0,0,6,0,0,0,0,3,0,0,10,0,1,0,0,0,0,0,0
0,26,2,2,4,3,0,0,0,14,1,2,0,0,0,1,2,2,4,11,3,16,27,0,2,8,7,0,0,0,14,0,23,0,0,3,0,1,0,0,5,4,1,1,2,12,28,9,15,0,13,0,8,0,6,2,1,9,0,0,0,0,0,0,3,0,6,0,8,0,8,0,0,1,4,0,0,0,27,8,0,0,1,1,3,0,2,0,1,0,0,0,0,3,0,1,0,0,0,2,6,0,1,0,19,0,0,15,0,0,0,3,2,0,3,2,3,2,4,2,1,1,0,10,0,0,0,0,1,1,0,0,0,1,0,0,0,0,0,2,0,0,0,0,0,4,6,19,1,0,0,6,7,2,6,0,0,0,5,1,6,0,0,0,0,0,0,0,0,7,0,4,6
1,59,0,1,0,8,0,0,0,58,15,0,0,0,0,1,2,14,3,13,13,7,6,2,8,24,2,0,0,4,20,1,30,1,0,93,2,0,0,0,40,0,0,1,10,11,86,5,6,4,17,0,0,0,19,4,31,1,0,1,16,0,3,1,7,0,2,3,31,0,216,0,0,1,3,0,2,0,479,206,0,5,1,35,34,26,5,0,4,22,5,0,37,8,11,3,9,0,0,0,19,0,1,0,4,0,0,233,0,0,0,23,21,0,1,25,31,2,0,9,2,5,2,0,7,0,0,1,4,4,0,0,0,2,1,0,0,0,0,11,0,0,0,1,0,0,8,43,2,0,0,50,3,8,8,1,0,0,16,3,3,0,9,2,0,2,0,0,51,22,0,11,3
1,0,0,0,29,2,1,2,3,2,15,0,0,26,0,0,0,0,0,1,0,1,1,18,0,6,1,2,2,81,0,11,0,8,0,1,2,56,33,3,1,1,0,62,0,0,6,0,12,2,21,0,0,3,1,13,9,0,4,10,1,1,6,4,0,1,1,3,2,0,10,1,44,1,1,0,0,1,4,1,1,0,0,1,0,1,0,1,3,4,20,0,0,1,1,617,18,36,0,0,0,0,5,0,1,1,0,1,191,0,1,10,0,1,6,0,0,1,0,0,0,0,0,0,4,1,6,192,0,0,3,72,70,0,1,1,12,4,6,1,7,6,0,0,0,0,0,0,0,0,0,0,5,1,0,0,0,0,0,1,0,3,0,0,17,43,10,1,0,1,18,0,0
5,25,9,0,1,3,0,0,0,2,423,6,0,0,0,1,0,0,4,0,379,15,104,1,0,19,101,0,0,18,2,0,1,0,0,0,0,0,0,0,5,84,3,0,2,1,12,44,16,1,84,0,19,0,0,0,2,63,0,187,2,0,3,0,18,0,0,37,0,0,53,0,1,0,1,0,2,0,1,0,10,7,0,1,1,0,7,0,341,3,3,0,0,1,0,3,0,1,0,2,1,0,0,0,2,0,0,1,0,0,0,308,9,0,2,0,1,0,1,1,0,0,7,18,0,0,2,8,6,0,0,0,0,2,0,1,0,0,0,4,0,0,0,1,0,8,2,0,0,0,0,0,0,0,15,355,0,0,16,0,0,0,0,0,0,3,0,0,0,8,0,1,0
1,0,0,0,0,3,0,0,0,13,1,0,0,0,2,11,0,128,0,1,0,0,0,1,6,0,0,0,0,0,4,0,0,0,1,71,1,0,0,0,0,0,2,0,2,0,0,21,20,0,0,0,0,0,3,2,3,0,0,1,3,0,0,1,1,0,1,2,4,0,14,0,0,0,0,0,0,0,17,8,1,0,0,27,40,34,0,0,4,16,0,0,70,9,5,0,1,0,0,0,4,0,0,0,0,0,0,7,0,0,0,0,27,450,0,169,26,0,0,4,0,0,1,0,162,0,0,0,1,0,2,0,0,0,1,0,0,0,0,2,1,0,0,7,0,0,0,1,0,0,0,59,0,15,0,0,0,0,3,0,0,0,4,0,0,0,0,0,112,0,0,1,1
1,0,0,0,2,0,0,275,0,0,0,0,1,1,0,0,0,0,0,0,0,0,0,0,0,0,0,376,0,0,2,0,0,0,7,2,0,2,0,1,0,0,0,2,0,0,1,0,0,0,0,22,0,261,0,1,0,0,0,0,0,552,18,0,0,0,0,0,0,0,0,31,0,0,0,0,0,443,0,0,0,0,0,0,0,0,0,7,0,19,0,0,0,0,0,164,1,0,58,0,0,18,2,0,0,1,0,0,15,3,391,0,0,0,0,0,0,2,0,0,0,0,0,0,25,0,0,0,0,0,4,14,13,1,0,3,0,0,0,0,0,0,0,0,0,0,0,0,0,196,1,0,0,0,0,0,55,0,0,0,0,769,0,0,1,0,0,3,0,0,0,0,0
0,0,0,0,0,0,0,9,0,0,0,0,0,0,0,0,0,0,0,0,0,0,0,0,0,0,0,7,0,0,0,0,0,0,0,3,0,0,0,0,0,0,0,0,0,0,0,1,0,0,0,32,0,0,0,1,0,0,0,0,0,0,1,0,0,0,0,0,0,0,0,23,0,0,0,0,1,0,0,0,0,0,0,0,0,0,0,9,0,1,0,0,0,0,0,4,0,0,0,0,0,0,0,0,0,0,0,0,0,0,1,0,0,0,0,0,0,0,0,0,0,0,0,0,0,0,0,0,0,0,5,0,1,0,0,0,0,0,0,0,0,0,0,0,0,0,0,0,0,1,0,0,0,0,0,0,42,0,0,0,0,7,0,0,0,0,0,0,0,0,1,0,0
