0.87366,0.22944,0.40247,0.3884,0.20791,0.28186,0.95147,0.51215,0.82908,0.31831,0.57714,0.5007,0.89167,0.56761,0.49932,0.35657,0.50897,0.3829,0.53348,0.40751,0.47705,0.47526,0.28605,0.49491,0.25436,0.49219,0.19951,0.44257,0.57981,0.80579,0.21616,0.47039,0.19243,0.81679,0.52216,0.31639,0.36549,0.60709,0.76961,0.67142,0.40605,0.25171,0.31098,0.30769,0.45746,0.19131,0.35447,0.47572,0.16357,0.58736,0.2393,0.72057,0.54985,0.75449,0.60798,0.20209,0.2073,0.5155,0.56527,0.27119,0.37073,0.6853,0.21557,0.64031,0.39523,0.55266,0.36183,0.73122,0.33824,0.79749,0.49339,0.33845,0.56672,0.18973,0.64583,0.97284,0.63789,0.61613,0.39878,0.34222,0.30816,0.7096,0.3631,0.66509,0.59216,0.66769,0.44995,0.34865,0.45806,0.38208,0.37272,0.98997,0.70812,0.66239,0.55712,0.48208,0.52401,0.7947,0.50315,0.23479,0.34135,0.71336,0.45411,0.91429,0.19444,0.96239,0.30175,0.24283,0.62846,0.71713,0.64187,0.44898,0.29859,0.57184,0.15929,0.21859,0.52261,0.73184,0.38158,0.58103,0.48819,0.52947,0.60398,0.43126,0.25386,0.79359,0.55324,0.53098,0.47028,0.38924,0.61047,0.32095,0.65997,0.41283,0.46939,0.4313,0.54038,0.56116,0.7972,0.43187,0.35338,0.69342,0.60337,0.47802,0.85328,0.32258,0.36478,0.34635,0.37192,0.824,0.6248,0.24603,0.34295,0.52857,0.55014,0.8926,0.34848,0.58169,0.25328,0.46914,0.34627,0.66629,0.39808,0.5666,0.70244,0.71261,0.68311,0.77288,0.52427,0.15655,0.43103,0.63519,0.55786
0.5419
0,37,293,150,0,39,0,0,0,0,0,60,0,0,0,1,0,3,95,13,1,2,3,0,175,12,8,0,0,0,0,0,10,0,0,0,1,0,0,0,1,12,255,0,0,5,1,0,3,0,1,0,175,0,2,0,0,22,0,0,2,0,0,0,1,1,25,0,0,0,0,0,16,87,465,0,0,0,0,0,0,0,90,0,0,0,22,0,0,0,0,0,0,4,0,0,0,0,76,220,0,0,15,0,31,0,172,0,0,0,0,0,4,0,21,0,0,0,1,20,0,2,0,40,3,0,0,0,0,20,0,0,0,0,0,0,0,0,0,0,0,0,0,0,0,230,21,9,3,0,0,0,0,16,2,0,0,25,12,11,0,0,0,15,0,0,0,0,0,1,0,0,1
0,1,9,62,1,10,0,0,0,11,0,4,0,0,0,7,0,3,0,2,0,1,0,0,20,0,5,0,0,0,85,0,136,0,0,1,1,0,0,0,2,0,61,0,24,105,6,1,0,0,0,0,0,0,1,0,1,0,0,4,4,0,0,0,0,0,7,0,22,0,0,0,0,51,1,0,1,0,3,0,0,3,370,0,1,1,0,0,0,0,1,0,10,1,0,1,0,0,18,5,68,1,376,0,5,0,9,36,0,22,0,0,7,0,0,16,0,0,1,2,27,521,0,21,0,0,0,0,0,304,0,0,0,0,0,0,0,0,0,2,0,0,0,9,0,2,348,12,196,0,0,12,1,0,0,0,0,413,5,0,5,0,20,302,0,0,0,0,0,2,0,0,188
1,33,35,35,29,36,2,1,1,12,3,14,6,0,1,0,2,1,33,134,1,9,53,0,54,11,22,0,1,0,14,0,84,0,0,35,7,13,1,6,5,2,107,1,2,65,54,0,41,0,30,0,31,2,4,10,5,37,8,3,1,1,2,0,3,0,20,2,4,1,0,0,2,101,6,2,1,0,3,0,0,2,138,0,1,1,5,0,2,1,8,0,0,2,0,9,2,1,39,122,3,0,26,0,105,2,130,1,0,5,0,2,13,0,12,7,6,1,27,2,0,13,2,94,2,0,11,0,0,40,1,1,5,21,0,1,0,0,1,2,0,13,2,3,1,61,45,89,33,0,0,17,14,7,2,0,0,36,1,10,10,0,1,24,1,1,0,9,0,31,0,6,23
0,139,147,38,0,111,0,0,0,0,0,21,0,0,0,0,0,0,486,8,61,29,26,0,34,30,48,0,0,3,0,0,0,0,0,0,1,0,0,0,2,180,59,0,0,0,0,0,6,0,3,0,364,0,0,0,1,113,0,0,3,0,1,0,0,0,6,1,3,0,15,0,6,17,84,0,0,0,0,0,0,0,8,0,0,0,25,0,66,0,0,0,0,2,0,0,0,0,20,186,0,0,0,0,39,0,47,0,0,0,0,5,7,0,37,2,0,0,0,2,1,0,0,23,0,0,0,0,3,11,0,0,0,1,0,0,0,0,0,0,0,0,0,0,0,227,1,17,0,0,0,1,0,6,15,3,0,0,116,20,0,0,0,0,0,0,0,0,0,1,0,0,0
0,7,31,70,0,24,0,0,0,0,0,1,0,0,0,0,0,0,8,1,1,2,0,0,26,2,0,0,0,0,3,0,3,0,0,0,1,0,0,0,0,0,42,0,0,1,0,0,0,0,0,0,1,0,0,0,0,0,0,0,0,0,0,0,0,0,4,0,0,0,0,0,0,112,1,0,0,0,0,0,0,0,59,0,0,0,0,0,0,0,0,0,0,3,0,2,0,0,6,43,1,0,15,0,14,0,31,0,0,0,0,1,0,0,2,0,0,0,0,1,1,13,0,2,0,0,0,0,0,75,0,0,0,0,0,0,0,0,0,0,0,0,0,0,0,14,20,17,6,0,0,0,0,3,0,0,0,44,0,1,0,0,0,9,0,0,0,0,0,0,0,0,5
1,114,20,16,114,76,0,0,1,15,16,9,0,0,0,0,17,1,40,304,25,79,135,0,28,124,16,0,1,4,11,10,55,0,0,7,15,3,1,1,26,13,17,10,0,35,300,3,127,6,129,0,6,0,19,33,21,22,22,0,2,0,4,6,5,0,43,8,14,0,26,0,5,26,6,0,5,0,9,1,2,0,17,0,2,1,7,0,8,2,20,0,1,8,0,8,0,2,3,65,2,0,8,0,126,0,39,4,2,1,0,21,37,0,6,4,4,7,128,10,1,3,3,14,4,0,1,3,2,29,0,1,0,27,2,1,0,0,1,5,0,0,0,9,0,39,43,65,6,0,0,28,92,8,25,0,0,4,21,18,67,0,6,8,0,7,2,0,0,45,0,32,11
0,2,92,308,0,2,0,0,0,0,0,20,0,0,0,0,2,0,0,0,1,0,5,0,5,0,164,0,0,0,3,0,32,0,0,0,0,0,0,0,0,1,189,0,10,41,1,9,4,0,3,0,12,0,0,0,0,5,1,0,15,0,0,0,2,0,7,0,0,0,0,0,0,22,5,0,0,0,0,0,0,0,147,1,0,0,2,0,0,0,0,0,0,1,0,0,0,0,319,95,10,0,23,0,3,0,45,1,0,0,0,0,169,0,0,0,0,0,0,1,17,6,0,436,0,0,0,0,0,16,0,0,0,0,0,0,0,0,0,0,0,0,0,14,0,29,29,2,2,0,0,0,2,1,0,0,0,13,0,0,2,0,0,35,0,0,0,0,0,0,0,0,6
0,3,0,1,1,1,1,0,0,0,0,0,0,1,4,0,1,0,5,1,0,2,1,0,0,0,1,0,0,0,6,0,0,0,3,0,0,0,0,0,0,1,1,43,0,0,1,0,0,0,0,2,0,1,0,1,0,0,5,0,0,0,1,0,3,0,0,1,0,0,1,0,0,0,4,0,0,0,0,0,0,0,0,0,1,2,5,0,1,0,0,0,0,0,0,0,0,1,0,0,0,1,0,0,0,0,0,0,0,1,0,2,0,0,13,1,0,0,0,0,0,0,0,2,0,0,0,0,0,0,0,0,0,1,0,8,0,20,0,8,0,0,0,0,0,1,0,0,0,0,2,0,16,0,1,0,0,0,0,0,0,1,0,0,109,0,0,0,0,0,0,0,1
1,0,0,0,42,0,8,1,71,0,26,0,100,8,367,0,2,2,0,3,3,0,0,389,0,2,0,6,9,9,0,7,0,283,1,2,198,321,256,59,0,1,0,8,0,0,1,0,34,7,3,4,0,0,1,19,6,0,0,8,0,3,4,8,0,205,0,0,0,189,8,19,3,0,0,11,10,2,0,0,253,0,0,0,1,0,0,3,2,6,28,13,0,49,1,24,46,840,0,0,28,2,3,110,0,3,0,0,8,0,1,8,0,51,34,0,0,3,0,1,0,0,11,0,10,8,14,437,10,0,44,199,20,2,2,5,362,0,1309,0,188,290,502,0,0,0,0,0,0,0,7,0,1,0,0,0,1,0,0,102,0,3,9,0,1,6,132,1,0,0,300,0,0
0,0,0,0,0,0,0,65,0,0,0,0,0,0,0,0,0,0,0,0,0,0,0,0,0,0,0,10,0,0,0,0,0,0,5,0,0,0,0,0,0,0,0,0,0,0,0,0,0,0,0,142,0,14,0,0,0,0,0,0,0,0,0,0,0,0,0,0,0,0,0,238,0,0,0,0,0,4,0,0,0,0,0,0,0,0,0,27,0,0,0,0,0,0,0,0,0,0,0,0,0,14,0,0,0,0,0,0,0,7,1,0,0,0,0,0,0,0,0,0,0,0,0,0,0,1,0,0,0,0,55,0,0,0,0,1,0,0,0,0,0,0,0,0,0,0,0,0,0,3,0,0,0,0,0,0,234,0,0,0,0,1,0,0,0,0,0,0,0,0,0,0,0
0,0,0,0,6,1,16,9,2,1,1,0,1,7,7,0,11,0,0,1,0,0,0,0,0,0,0,1,0,0,2,0,1,1,52,15,0,0,0,3,0,0,0,126,0,0,1,0,48,0,0,1,0,3,1,0,0,0,20,1,0,4,4,0,0,0,0,1,10,0,0,29,0,0,35,5,0,4,1,0,1,0,0,0,0,0,0,96,1,1,0,1,2,0,0,1,9,1,0,0,0,76,0,0,0,2,0,0,2,57,0,0,1,0,2,2,2,2,0,0,0,0,2,0,0,7,2,0,0,0,27,1,18,0,1,196,1,62,0,3,0,0,0,0,2,0,1,0,1,1,12,3,48,0,0,0,22,0,0,7,7,0,1,0,15,0,0,11,1,0,3,0,0
0,0,0,0,44,0,0,1,108,3,6,0,1,39,4,0,4,0,1,1,1,0,0,1,0,3,0,0,1,0,3,8,3,5,7,2,0,13,22,3,6,0,0,76,2,3,20,5,20,2,7,0,0,6,0,18,2,0,2,8,0,9,7,13,1,9,1,4,2,5,13,3,1,1,0,2,2,4,2,1,30,0,0,5,1,5,0,0,0,15,5,2,3,2,0,118,9,22,2,0,2,12,86,2,1,5,0,1,1,7,1,1,1,0,72,0,3,0,0,0,0,0,7,0,1,0,2,29,2,1,4,15,111,1,3,84,11,367,48,9,7,35,0,2,0,0,11,0,1,0,2,1,164,0,0,0,0,0,0,5,13,1,0,0,20,3,7,1,0,0,28,0,8
5,0,0,0,70,0,1,0,3,4,56,2,0,190,0,1,0,0,0,13,0,0,0,35,0,1,0,1,2,3,0,8,2,0,1,0,1,0,0,0,2,0,1,6,2,4,5,2,27,2,1,0,0,0,6,139,14,0,4,1,2,0,2,59,0,3,7,1,5,0,5,1,65,9,0,0,16,0,8,8,4,2,0,3,0,1,0,3,0,33,1,0,2,6,1,17,66,0,1,0,0,1,6,2,0,0,0,4,3,0,0,4,0,111,1,2,5,4,0,1,0,0,0,1,4,0,0,7,6,1,28,5,0,341,4,0,6,0,17,6,17,0,2,2,0,0,0,1,0,0,2,2,0,1,0,0,0,0,1,1,0,0,9,0,0,9,4,0,0,1,220,0,0
0,5,4,12,2,53,0,0,0,73,0,25,0,0,0,133,0,161,6,25,3,4,14,0,66,1,25,0,3,0,132,0,226,0,0,2,6,0,0,0,3,2,18,2,56,184,60,19,6,1,12,0,3,0,46,0,2,7,5,1,12,0,0,0,9,0,137,2,65,0,2,0,3,67,3,0,0,0,17,3,1,5,111,4,2,1,3,0,0,0,2,0,6,12,4,3,0,0,19,18,121,2,161,0,23,0,9,33,0,11,0,0,13,4,0,47,4,1,21,42,31,279,0,60,3,0,0,0,0,126,0,0,0,1,0,1,0,0,0,7,0,0,0,6,0,2,178,83,131,0,0,91,14,54,0,0,0,110,13,24,35,0,52,56,0,0,0,0,5,24,0,6,47
0,74,5,0,0,41,0,0,0,0,5,3,0,0,0,0,0,0,22,9,7,245,13,0,2,206,6,0,0,0,0,1,0,0,0,0,0,0,0,0,0,7,1,0,0,0,1,0,3,0,1,0,4,0,0,0,0,4,3,0,0,0,0,1,0,0,0,14,1,0,10,0,1,2,1,2,0,0,0,0,0,0,0,0,0,0,0,0,33,1,0,0,0,0,0,0,0,0,0,11,0,0,0,0,29,0,0,0,0,0,0,19,5,0,10,0,0,0,1,0,0,0,0,0,0,0,0,0,0,0,0,0,0,0,0,0,0,0,0,0,0,0,0,0,0,5,0,3,0,0,0,1,0,0,54,3,0,0,76,1,0,0,0,0,0,0,0,0,0,0,0,2,0
1,0,0,1,1,1,0,0,0,0,5,1,0,0,2,0,0,0,0,2,0,0,1,0,0,3,0,0,13,1,2,10,0,0,1,4,5,0,0,1,31,1,0,0,0,1,18,1,1,48,3,0,0,0,1,2,38,0,0,28,0,0,2,45,0,1,0,0,2,0,1,0,0,0,0,0,77,0,4,0,98,0,0,1,0,1,0,0,2,0,117,0,1,0,1,0,0,2,0,0,0,0,0,0,0,1,0,3,1,0,0,1,0,0,1,1,1,4,2,1,1,1,25,0,0,0,0,0,26,1,0,1,0,1,32,0,0,0,0,0,3,1,1,0,0,0,2,0,0,0,0,0,0,0,1,0,0,0,0,0,5,0,0,0,0,0,0,0,0,2,1,12,2
2,0,0,0,0,0,2,0,2,0,10,0,10,0,1,0,2,0,0,2,1,0,0,0,0,3,0,1,0,0,0,0,0,4,0,1,0,7,1,23,4,0,0,0,0,0,1,0,0,0,1,0,0,1,0,0,1,0,4,96,0,0,10,1,0,22,0,2,0,20,0,2,0,0,0,6,1,0,0,1,1,0,0,0,0,0,0,5,5,0,22,1,1,0,0,3,1,1,0,0,0,0,0,2,0,4,0,0,12,0,0,0,0,1,58,0,1,0,0,1,0,0,54,0,0,0,265,4,0,0,0,6,24,0,1,4,19,0,1,1,1,37,0,0,1,0,0,0,0,0,1,0,0,0,2,14,1,0,0,0,0,0,0,0,4,1,2,456,0,0,0,0,0
49,6,10,2,3,5,0,1,0,26,0,152,0,0,0,14,3,430,0,12,3,1,6,1,14,9,4,0,0,46,16,0,51,0,0,12,0,0,1,0,8,67,0,1,4,14,26,4,4,1,10,0,0,0,518,12,22,33,1,0,36,0,1,2,50,0,309,2,19,0,5,0,378,2,9,0,2,0,26,3,0,11,3,0,3,0,402,0,1,0,10,0,0,516,356,0,0,1,1,9,13,0,4,0,7,0,2,9,0,43,0,12,1,0,6,109,11,4,11,631,0,10,0,4,15,0,0,0,6,14,0,0,0,161,0,21,1,0,0,11,0,0,0,1,0,1,21,3,6,0,0,17,30,407,4,0,0,1,0,0,6,0,1,2,0,0,0,0,1,49,0,6,7
0,0,0,17,0,0,0,0,0,27,0,0,0,0,0,10,1,1,0,0,0,0,12,0,0,0,20,0,0,0,62,0,42,0,0,6,4,0,0,0,1,0,2,0,414,108,8,89,2,0,0,0,0,0,4,0,3,0,0,0,66,0,0,0,11,0,2,1,43,0,0,0,0,1,0,0,0,0,23,5,0,39,11,84,10,31,0,0,0,1,0,0,28,0,0,0,0,0,14,0,298,0,28,0,2,0,0,91,0,3,0,0,4,0,0,1,51,1,0,2,310,13,0,71,1,0,0,0,0,8,0,0,0,0,0,0,0,0,0,31,0,0,0,93,0,0,9,4,13,0,0,8,3,0,0,0,0,10,0,0,2,0,10,11,0,0,0,0,0,0,0,0,1
0,0,0,0,0,0,2,0,3,0,0,0,0,0,0,0,1,0,0,0,0,0,0,0,0,0,0,1,0,0,0,0,0,5,0,0,0,11,9,7,0,0,0,3,0,0,0,0,0,0,0,5,0,4,0,0,0,0,1,0,0,8,1,0,0,2,0,0,0,0,0,0,0,0,0,2,0,2,0,0,0,0,0,0,0,0,0,9,0,0,1,1,0,0,0,25,0,0,0,0,0,6,0,1,0,3,0,0,976,0,1,0,0,0,2,0,0,0,0,0,0,0,1,0,0,1,1,1,0,0,0,30,1019,0,0,1,5,6,0,0,0,16,0,0,0,0,0,0,0,0,0,0,2,0,0,0,3,0,0,0,0,1,0,0,20,0,0,2,0,0,0,0,0
9,0,0,0,163,0,1,0,1,1,5,0,0,53,32,0,62,1,0,0,0,0,1,0,0,0,0,0,0,0,21,0,0,0,55,3,0,0,0,0,1,85,1,21,0,0,0,0,15,0,1,1,0,3,1,0,0,0,2,0,0,0,1,0,1,0,0,21,1,0,1,4,1,0,2,0,1,0,0,0,4,0,0,0,1,0,1,4,0,1,0,0,1,0,0,3,1,0,0,0,0,3,0,0,0,0,0,0,0,0,0,0,1,1,2,0,0,0,0,0,0,0,0,0,0,54,0,0,0,0,3,0,2,0,0,18,0,2,0,1,0,0,3,0,79,0,0,4,1,2,398,0,4,0,1,0,1,0,0,0,2,0,1,0,20,0,0,0,1,0,0,0,0
0,0,0,0,3,1,1784,0,4,0,10,0,15,0,0,0,2,0,0,0,0,0,0,0,0,0,0,0,0,0,0,0,0,9,0,1,0,7,7,357,1,0,0,1,0,0,2,0,0,0,0,0,0,0,0,1,1,0,7,7,0,0,36,0,0,11,0,1,1,5,0,0,0,0,0,2328,0,0,0,0,2,0,0,0,0,0,0,0,0,0,62,3555,0,0,1,1,2,16,0,0,0,0,0,7,0,1791,0,0,3,0,0,0,0,2,15,0,1,3,0,0,0,0,3,0,0,0,9,2,0,0,0,2,44,0,4,0,2,1,0,0,1,26,0,0,0,0,0,0,0,0,0,0,0,0,1,2,0,0,0,0,0,0,0,0,0,0,10,9,1,0,0,0,0
9,1,2,2,1,1,24,2,0,6,5,1,0,20,10,1,17,1,1,38,4,0,2,3,0,4,1,0,2,0,5,2,6,0,33,3,0,0,0,1,6,0,2,43,0,2,4,4,5,4,0,5,0,1,2,126,2,0,197,5,0,1,1,3,1,0,2,1,14,0,3,0,3,1,0,2,0,0,0,3,8,0,2,7,1,14,0,9,0,2,2,1,6,3,3,2,382,0,0,5,0,25,2,0,0,4,0,3,4,12,1,1,1,25,4,3,7,393,0,3,1,6,8,0,14,14,13,6,1,5,0,0,12,0,250,4,0,3,0,0,0,0,13,15,15,0,14,0,1,0,9,7,1,1,1,1,1,4,0,0,8,0,4,2,16,3,0,8,5,0,3,2,3
0,3,0,4,9,13,0,0,0,310,1,4,0,0,0,55,33,61,0,9,0,6,87,0,29,6,10,0,9,0,176,0,180,0,0,28,12,0,0,0,46,2,3,36,134,146,183,91,28,1,51,0,0,0,43,3,17,3,3,0,85,0,2,1,45,0,44,4,182,0,7,0,0,3,0,0,1,0,281,49,0,60,15,78,35,36,1,0,8,4,1,0,72,6,193,3,0,0,1,0,144,3,19,0,13,0,5,180,0,20,0,0,17,5,0,104,45,8,34,13,95,63,0,20,23,0,0,0,0,19,0,1,0,12,1,1,0,0,0,177,0,0,0,38,0,1,55,56,73,0,0,177,91,26,1,0,0,21,24,22,13,0,110,7,0,0,0,0,216,22,0,10,5
1,8,0,6,81,12,1,3,1,339,4,14,0,2,4,10,189,13,2,52,3,6,125,5,19,6,19,3,30,1,198,8,234,5,0,249,41,0,2,2,188,3,0,69,112,185,492,185,54,37,246,1,0,1,82,102,65,11,24,2,105,0,2,8,66,3,68,11,253,0,45,1,0,8,1,0,34,0,294,22,7,79,11,86,77,79,12,0,10,66,41,0,103,11,18,9,5,1,0,6,67,2,10,4,11,0,8,181,0,19,0,7,36,14,1,81,127,90,145,12,68,35,0,42,79,0,0,1,0,33,1,8,0,114,9,1,0,0,0,374,2,1,11,120,0,0,106,25,42,0,1,186,321,12,2,0,0,20,64,9,116,2,291,8,0,1,1,1,18,45,3,148,10
0,0,0,0,0,0,2,0,0,32,0,0,0,0,0,122,4,4,0,0,0,1,19,0,0,0,6,0,4,1,22,0,2,0,0,180,11,0,0,0,6,0,0,0,101,8,1,480,1,3,8,0,0,0,3,1,11,4,0,0,304,0,0,0,249,0,1,32,42,0,6,0,0,0,0,0,2,0,51,58,1,628,0,705,302,653,0,0,118,243,1,0,837,0,8,0,1,0,0,0,66,0,0,0,0,0,0,153,0,3,0,0,132,15,0,30,393,2,0,0,61,5,0,0,120,0,0,0,4,0,0,0,0,0,0,0,0,0,0,147,0,0,0,435,0,0,3,1,0,0,0,30,10,0,0,0,0,1,2,0,3,0,10,0,0,0,0,0,45,0,0,0,0
0,0,0,0,0,0,0,36,0,0,0,0,0,0,0,0,0,2,0,0,0,0,0,0,0,0,0,21,0,0,0,0,0,0,18,3,0,0,0,0,1,0,0,6,0,0,0,0,54,0,0,100,0,6,0,0,0,0,0,0,0,0,0,0,0,0,0,0,0,0,0,331,0,0,0,0,0,2,0,0,0,0,0,0,0,0,0,33,0,1,0,0,0,0,0,3,0,0,2,0,0,9,0,0,0,0,0,0,0,5,4,0,0,0,0,1,0,1,0,0,0,0,0,0,0,3,0,0,0,0,420,0,1,0,0,5,0,0,0,0,0,0,0,0,0,0,0,0,0,4,1,0,0,0,0,0,101,0,0,0,0,4,0,0,0,0,0,2,0,0,1,0,0
1,1,0,0,101,0,4,3,29,0,67,0,10,680,97,0,397,0,0,2,0,0,0,0,0,0,0,2,0,0,36,0,0,0,436,1,0,0,0,4,0,15,0,20,0,0,0,0,2,0,2,6,0,16,0,0,0,0,26,6,0,4,7,0,2,0,0,1,0,3,0,11,19,0,0,2,2,0,0,0,1,0,0,0,0,0,1,34,0,1,3,0,0,2,0,2,10,0,0,0,0,93,0,0,0,7,0,0,1,13,7,0,0,0,14,1,0,0,0,0,0,0,4,0,0,842,4,0,0,0,10,0,15,0,5,20,0,16,0,0,0,0,1,0,599,0,0,0,0,44,187,1,2,0,1,3,8,0,0,0,0,0,0,0,45,0,0,4,2,0,0,0,0
0,0,0,0,12,0,5,5,1203,1,11,0,1210,0,85,0,6,0,0,0,0,0,0,123,0,0,0,2,3,5,0,7,0,1596,5,0,29,771,1413,1036,0,0,0,1,0,0,0,0,6,2,2,7,0,4,0,5,2,0,2,35,0,15,26,4,0,446,0,1,1,890,0,33,0,1,0,12,6,4,0,0,21,0,0,0,0,1,0,24,0,2,20,17,0,7,0,17,21,90,0,0,1,10,0,1472,0,18,0,0,28,0,0,5,0,14,22,0,0,1,0,0,0,0,7,0,5,56,149,31,1,0,14,242,49,5,7,20,542,1,216,0,106,1011,265,0,2,0,0,0,0,1,1,0,0,0,0,0,11,0,0,13,0,2,0,0,7,4,457,1,0,0,80,0,0
1,132,29,27,6,261,1,0,0,89,19,8,0,9,1,1,0,3,80,10,19,509,367,3,5,599,162,1,1,4,2,8,6,0,0,1,1,4,0,0,21,33,24,2,1,15,23,75,141,6,139,0,22,0,1,14,5,15,3,23,2,0,8,14,8,1,2,438,5,0,485,0,8,8,2,0,6,0,1,70,8,0,3,5,0,9,2,0,59,166,5,0,2,2,0,3,1,2,21,71,3,0,5,0,74,0,7,2,5,0,0,418,36,10,33,0,1,0,2,0,3,1,9,110,5,0,0,13,19,7,0,0,0,2,5,0,0,0,0,13,2,0,0,131,0,43,7,27,0,0,0,4,5,0,192,14,0,3,69,3,5,0,0,2,0,13,11,0,0,0,2,0,1
3,1,0,0,8,4,3,0,0,1,4,1,0,2,12,0,1,0,0,3,1,1,1,161,0,7,1,0,47,12,0,556,5,0,0,0,120,20,2,1,3,2,0,1,2,2,6,0,19,102,15,0,0,0,0,85,112,0,0,224,0,0,7,259,5,6,0,0,3,0,8,0,0,3,0,6,164,0,0,0,215,1,0,0,0,5,0,0,0,4,245,0,1,1,2,17,2,10,0,1,2,0,0,0,1,0,0,1,2,0,0,12,3,0,21,0,2,0,0,0,4,1,546,2,0,0,0,29,36,12,0,5,0,2,60,3,4,1,1,12,13,0,1,1,0,3,0,0,0,0,1,1,2,0,1,0,0,0,0,0,10,0,1,1,0,486,8,0,0,0,4,0,0
0,5,2,2,38,5,2,0,1,7,7,0,1,110,31,0,0,0,2,12,2,5,4,25,1,8,3,0,494,8,3,486,7,4,0,0,269,4,11,22,39,3,0,4,3,2,18,3,88,753,24,1,0,0,8,155,157,3,1,185,7,0,5,826,0,69,11,7,5,2,25,0,5,133,2,3,872,0,6,4,133,0,0,3,1,4,1,0,2,4,388,0,1,1,6,25,13,13,0,3,2,0,4,4,1,0,1,3,10,0,0,30,2,22,24,0,7,7,0,2,1,2,195,2,2,0,0,12,269,4,4,83,0,30,368,1,20,0,37,4,167,0,9,6,0,0,3,7,2,0,1,5,0,0,2,0,0,0,1,2,9,3,189,0,0,111,21,0,3,1,34,0,0
0,2,0,0,1,0,0,0,0,0,3,0,0,0,57,0,0,0,0,12,2,0,0,3,0,0,0,0,230,1,0,50,0,9,0,0,10,0,0,1,2,2,0,0,1,1,2,1,2,301,2,0,0,0,0,7,159,0,0,0,0,0,3,27,0,20,2,0,1,0,5,0,0,0,0,5,152,0,1,3,14,1,0,1,0,3,0,0,0,2,29,0,4,1,0,0,1,2,0,0,0,0,0,2,0,0,0,0,1,0,0,6,0,2,0,1,7,1,0,0,0,0,13,0,1,0,0,3,52,2,0,6,0,2,20,0,13,0,0,0,9,0,20,3,0,0,0,0,0,0,0,0,1,0,3,0,0,0,0,0,2,0,5,0,0,21,0,0,0,0,0,0,0
1,212,15,10,1,180,0,0,0,3,0,4,0,0,0,0,0,0,101,45,25,124,10,0,172,98,8,0,0,0,1,0,36,0,0,0,0,0,0,0,2,3,15,0,0,5,10,1,6,0,0,0,3,0,1,0,2,17,0,0,0,0,0,0,0,0,5,0,2,0,12,0,0,39,17,0,0,0,2,0,0,0,14,0,0,0,2,0,4,0,0,0,0,1,0,4,0,2,3,46,3,0,3,0,140,0,27,0,0,1,0,24,9,0,6,0,0,0,1,0,0,3,0,5,0,0,0,1,1,33,0,0,0,0,0,0,0,0,0,0,0,0,0,1,0,26,5,266,5,0,0,13,0,2,7,3,0,4,30,228,1,0,0,5,0,0,0,0,0,13,0,0,6
0,1,2,8,0,11,0,0,0,0,0,3,0,0,0,0,0,0,2,0,244,1,123,0,5,6,158,0,0,0,0,0,3,0,0,0,0,0,0,0,0,4,0,0,0,2,0,1,3,0,0,0,9,0,1,0,0,15,0,0,3,0,0,0,0,0,0,0,0,0,0,0,0,0,2,0,0,0,1,0,0,0,0,0,0,0,1,0,2,0,0,0,0,0,0,0,0,0,0,13,2,0,0,0,4,0,5,0,0,0,0,2,1,0,0,0,0,0,0,1,0,0,0,26,0,0,0,0,0,3,0,0,0,0,0,0,0,0,0,0,0,0,0,1,0,7,0,6,0,0,0,0,0,0,0,0,0,0,0,2,0,0,0,0,0,0,0,0,0,0,0,0,0
0,3,1,1,5,2,4,9,0,0,0,4,0,13,7,0,9,0,3,1,0,2,0,0,0,0,0,0,0,0,57,0,1,0,15,1,0,0,0,1,0,0,3,244,0,0,1,0,1,0,1,4,0,1,0,1,0,0,511,0,0,0,1,0,2,0,1,5,0,0,0,2,1,0,0,0,0,0,0,0,1,0,0,2,0,1,1,5,2,0,0,0,4,0,0,0,117,0,0,0,1,25,0,0,2,7,0,0,1,13,1,0,1,0,0,0,0,0,0,0,1,0,0,0,0,30,0,0,0,0,1,0,18,0,4,14,1,50,0,6,0,1,0,0,1,0,2,0,0,0,4,0,48,0,0,0,0,0,1,0,3,0,0,1,720,0,0,4,0,0,0,0,0
650,10,26,17,3,10,1,0,1,7,4,360,1,6,1,7,1,302,8,1,7,1,16,21,22,4,13,0,0,780,2,5,36,1,0,4,3,2,1,0,5,184,9,2,19,16,7,5,9,1,139,0,3,0,72,11,65,399,0,62,150,0,2,4,315,0,141,5,3,0,12,0,98,4,66,0,3,0,8,6,2,42,16,4,2,4,418,0,0,2,6,0,2,113,24,6,0,0,5,13,9,0,7,0,62,0,29,7,0,2,0,20,11,1,17,6,10,2,0,322,9,1,3,9,92,0,0,15,120,8,0,3,0,97,0,192,0,0,0,23,0,0,1,5,0,7,14,4,3,0,1,2,2,201,2,1,0,1,1,2,5,0,0,42,0,1,2,0,0,47,2,2,7
0,0,0,0,0,0,0,822,0,0,0,0,0,0,0,0,0,0,0,0,0,0,0,0,0,0,0,420,0,0,0,0,0,0,12,0,0,0,0,0,0,0,0,0,0,0,0,0,0,0,0,63,0,1177,0,0,1,0,0,0,0,1324,0,0,0,0,0,0,0,0,0,37,0,0,0,0,0,1024,0,0,0,0,0,0,0,0,0,1,0,0,0,0,0,0,0,0,0,0,0,0,0,27,0,0,0,0,0,0,53,7,837,0,0,0,0,0,0,0,0,0,0,0,0,0,4,0,0,0,0,0,1,1,6,0,0,5,0,0,0,0,0,0,0,0,0,0,0,0,0,1353,0,0,0,0,0,0,25,0,0,0,0,267,0,0,0,0,0,3,0,0,0,0,0
0,0,0,0,0,0,0,353,0,0,0,0,0,0,0,0,0,0,0,0,0,0,0,0,0,0,0,54,0,0,0,0,0,0,0,0,0,0,0,0,0,0,0,0,0,0,0,0,0,0,0,1065,0,17,0,0,0,0,0,0,0,0,0,0,0,0,0,0,0,0,0,73,0,0,0,0,0,3,0,0,0,0,0,0,0,0,0,279,0,0,0,0,0,0,0,0,0,0,0,0,0,1,0,0,0,0,0,0,4,0,4,0,0,0,0,0,0,0,0,0,0,0,0,0,1,0,0,0,0,0,0,0,1,0,0,0,0,0,0,0,0,0,0,0,0,0,0,0,0,35,0,0,0,0,0,0,345,0,0,0,0,1,0,0,0,0,0,1,0,0,0,0,0
1,0,0,0,1,1,10,24,1,0,0,0,1,17,12,0,5,0,0,5,0,0,0,0,0,0,0,11,0,0,6,0,1,0,164,19,0,0,0,7,1,0,0,38,0,0,1,0,5,0,0,7,0,31,0,1,0,0,43,0,0,16,13,0,0,0,3,0,2,1,0,131,3,0,0,4,0,26,0,0,0,0,1,0,1,0,0,296,0,1,0,0,2,0,0,0,25,0,0,0,0,876,0,0,0,10,0,0,3,649,2,0,0,0,3,0,0,0,0,0,0,0,1,0,0,44,5,0,0,1,60,1,31,1,3,474,0,90,0,2,0,2,0,0,2,0,2,0,0,8,6,0,31,0,0,0,191,0,0,0,1,1,0,0,25,0,0,75,1,0,0,0,0
0,0,0,0,0,0,1,0,15,0,0,0,0,0,0,0,0,0,0,1,0,0,0,0,0,0,0,6,0,0,0,0,0,24,5,0,0,18,74,3,0,0,0,1,0,0,0,0,0,0,0,0,0,10,0,0,0,0,3,0,0,30,0,0,0,2,0,0,0,0,0,2,0,0,0,1,0,25,0,0,0,0,0,0,0,0,0,3,0,0,0,0,0,0,0,23,0,2,0,0,0,20,0,4,0,3,0,0,218,2,5,0,0,0,0,0,0,0,0,0,0,0,0,0,0,0,1,0,0,0,2,53,85,0,0,14,5,28,0,0,3,19,0,0,0,0,0,0,0,1,0,0,7,0,0,0,8,0,0,0,0,2,0,0,10,0,2,0,0,0,0,0,0
0,28,3,3,3,4,0,0,0,17,0,2,0,0,0,0,1,1,5,10,3,17,34,0,4,9,9,0,0,0,15,0,28,0,0,3,0,0,0,0,6,4,3,3,2,6,26,3,18,0,19,0,8,0,9,4,1,6,1,0,0,0,0,0,4,0,1,0,8,0,9,0,0,1,3,0,0,0,31,1,0,0,1,1,3,0,3,0,1,0,0,0,0,3,0,0,0,0,0,3,6,0,2,0,18,0,3,9,0,0,0,1,3,2,2,4,1,0,5,3,1,1,0,9,0,0,0,0,0,3,0,0,0,1,0,0,0,0,0,3,0,0,0,0,0,4,4,15,0,0,0,6,13,2,6,0,0,0,3,1,2,0,0,0,0,0,1,0,0,5,0,0,2
0,70,0,1,0,13,0,0,0,56,7,0,0,0,0,1,4,13,5,10,15,7,5,1,5,22,1,0,0,6,26,4,25,0,0,99,0,0,0,0,37,1,0,4,13,9,88,4,4,1,27,0,0,0,18,5,34,2,0,2,15,0,4,0,7,0,5,3,28,0,205,0,0,1,1,0,5,0,524,154,1,6,2,36,38,23,6,0,4,29,4,0,36,8,11,3,3,0,0,0,18,0,0,0,6,0,0,237,0,1,0,18,18,0,0,31,34,2,1,4,1,4,3,0,7,0,0,0,3,5,0,1,0,2,1,1,0,0,0,10,1,0,0,0,0,0,7,48,1,0,0,75,5,11,5,1,0,0,4,3,1,0,7,3,0,2,0,0,34,23,0,6,1
1,0,0,0,34,2,0,1,4,2,20,0,0,39,0,0,1,1,0,0,0,1,0,14,0,7,0,2,2,72,0,12,0,8,0,1,0,74,35,4,1,2,0,18,0,0,7,0,19,2,48,0,0,4,3,11,10,0,4,12,1,3,1,6,0,6,0,2,2,0,13,2,49,1,1,0,1,1,1,1,1,0,0,2,0,1,1,2,2,7,17,0,0,0,1,538,10,48,0,0,0,1,23,0,0,0,0,1,200,0,0,12,0,13,10,0,0,0,0,0,0,0,1,0,3,1,1,221,1,0,3,78,71,0,0,0,11,6,11,1,11,6,0,0,0,0,0,1,0,0,0,0,4,1,1,0,0,0,0,1,1,2,0,0,12,12,8,1,0,1,13,0,0
7,26,2,0,0,6,0,0,0,4,404,6,0,1,0,2,0,0,6,1,395,16,220,1,0,34,112,0,0,12,2,0,1,0,0,0,0,1,0,0,4,101,4,0,1,1,10,9,37,2,99,0,21,0,0,0,3,56,0,112,1,0,4,1,6,0,0,25,1,0,55,0,0,0,3,0,2,0,1,0,10,6,0,2,0,0,8,0,284,2,2,0,0,1,0,3,0,0,0,2,1,0,0,0,3,0,1,1,0,0,0,299,6,0,1,0,0,0,0,3,1,0,6,17,0,0,1,8,9,0,0,0,0,0,0,0,0,0,0,5,0,0,0,0,0,11,3,0,0,0,0,0,1,0,17,374,0,0,14,0,0,0,0,0,0,1,0,0,0,0,0,1,1
0,0,0,0,0,0,0,0,0,18,0,0,0,0,0,8,1,119,0,3,0,0,0,0,2,0,0,0,0,0,4,0,0,0,0,103,0,0,0,0,1,0,3,2,2,1,1,13,19,0,1,0,0,0,5,1,4,0,0,1,4,0,0,1,1,0,0,3,3,0,5,1,0,0,0,0,0,0,16,57,2,0,0,30,27,101,0,0,3,24,0,0,57,13,9,0,0,0,0,0,2,0,0,0,0,0,0,15,0,0,0,0,27,398,0,127,29,0,0,6,0,1,0,1,148,0,0,0,1,0,2,0,0,0,2,0,0,0,0,3,1,0,1,15,0,0,0,3,1,0,0,68,0,11,0,0,0,0,0,0,1,0,4,0,0,0,0,0,79,0,0,0,1
0,0,0,0,1,0,0,254,0,0,1,0,1,1,0,0,1,0,0,0,0,0,0,0,0,0,0,395,0,0,1,0,0,0,21,0,0,1,0,1,1,0,0,0,0,0,2,0,0,0,0,24,0,258,0,0,0,0,1,0,0,514,5,0,0,0,0,0,1,0,1,36,0,0,0,0,0,561,0,0,0,0,0,0,0,0,0,7,0,14,0,0,0,0,0,239,2,0,83,0,0,18,2,0,0,1,0,0,15,1,438,0,0,3,0,0,0,0,0,0,0,0,0,0,36,0,0,0,0,0,2,11,12,1,0,3,0,1,0,0,0,0,0,0,0,0,0,0,0,187,1,0,1,0,0,0,15,0,0,0,0,589,0,0,0,0,1,1,0,0,1,0,0
0,0,0,0,0,0,0,15,0,0,0,0,0,0,0,0,0,0,0,0,0,0,0,0,0,0,0,12,0,0,0,0,0,0,1,1,0,0,0,0,0,0,0,1,0,0,0,1,0,0,0,40,0,0,0,0,0,0,0,0,0,0,0,1,0,0,0,0,0,0,0,22,0,0,0,0,1,0,0,0,0,0,0,0,0,0,0,9,0,1,0,0,0,0,0,4,0,0,1,0,0,0,0,0,0,0,0,0,0,0,1,0,0,2,0,0,0,0,0,0,0,0,0,0,0,0,0,0,0,0,6,0,0,0,0,0,0,0,0,0,0,0,0,0,0,0,0,0,0,3,0,0,0,0,0,0,23,0,0,0,0,4,0,0,0,0,0,0,0,0,1,0,0
