0.86601,0.23466,0.41365,0.37402,0.20464,0.27148,0.95418,0.6537,0.85734,0.33084,0.66882,0.47507,0.87768,0.5832,0.50509,0.3534,0.52359,0.38549,0.54854,0.42722,0.47859,0.47505,0.35048,0.50519,0.24397,0.50634,0.23346,0.59079,0.60572,0.7982,0.22144,0.4547,0.20501,0.82583,0.57435,0.34203,0.33554,0.75019,0.76783,0.65763,0.50797,0.26093,0.30496,0.2312,0.44879,0.18304,0.34683,0.44744,0.15946,0.5952,0.23779,0.70963,0.56847,0.75374,0.60158,0.28094,0.22041,0.48703,0.5794,0.2852,0.38158,0.66363,0.23214,0.63818,0.40886,0.42393,0.25404,0.71768,0.31373,0.79076,0.48756,0.43196,0.6042,0.17518,0.63429,0.97661,0.63913,0.65407,0.41543,0.33956,0.27982,0.71673,0.37935,0.68041,0.63916,0.66774,0.45916,0.35414,0.54198,0.40096,0.4,0.98923,0.71569,0.69593,0.53178,0.52104,0.48795,0.75242,0.57015,0.24376,0.35632,0.76104,0.52128,0.91322,0.19257,0.96302,0.3705,0.23988,0.60813,0.70399,0.67116,0.4356,0.31203,0.70679,0.15247,0.25072,0.49045,0.66364,0.37216,0.60481,0.49385,0.54785,0.62473,0.45774,0.28345,0.81313,0.54148,0.64733,0.52555,0.42445,0.6188,0.30201,0.69187,0.41351,0.44489,0.36034,0.58026,0.43119,0.79172,0.40071,0.36775,0.69336,0.61757,0.4673,0.84026,0.35023,0.34022,0.33854,0.4466,0.80848,0.62025,0.27457,0.31823,0.50563,0.44374,0.89147,0.29801,0.57246,0.22638,0.50749,0.3668,0.83079,0.4175,0.59109,0.68436,0.68892,0.70487,0.75163,0.44211,0.49249,0.43924,0.71429,0.45455
0.55075
0,35,309,161,0,40,0,0,0,0,0,65,0,0,0,1,0,4,86,13,1,1,2,0,171,9,7,0,0,0,0,0,7,0,0,0,1,0,0,0,1,9,240,0,0,1,2,0,4,0,0,0,171,0,3,0,0,19,0,0,1,0,0,0,1,1,25,0,0,0,0,0,8,101,444,0,0,0,0,0,0,0,83,0,0,0,34,0,0,0,0,0,0,2,0,0,0,0,84,215,0,0,8,0,45,0,206,0,0,0,0,0,2,0,29,0,0,0,1,19,0,3,0,39,0,0,0,0,0,20,0,0,0,0,0,0,0,0,0,0,0,0,0,0,0,204,14,9,1,0,0,0,0,17,4,0,0,27,15,9,2,0,0,11,0,0,0,0,0,9,0,0,8
0,1,9,72,0,14,0,0,0,11,0,5,0,0,0,6,0,2,0,1,0,0,0,0,21,0,7,0,0,0,71,0,86,0,0,1,4,0,0,0,1,0,55,0,25,107,6,3,0,0,1,0,1,0,1,0,1,0,0,4,2,0,0,0,0,0,13,0,25,0,0,0,0,49,1,0,0,0,2,0,0,2,338,0,1,1,0,0,0,0,2,0,6,1,0,0,0,0,25,4,54,0,392,0,5,0,5,23,0,21,0,0,6,0,0,14,4,0,1,1,29,498,0,26,0,0,0,0,0,368,0,0,0,0,0,0,0,0,0,1,0,0,0,7,0,1,313,11,230,0,0,9,1,0,0,0,0,395,11,0,8,0,14,305,0,0,0,0,0,1,0,0,255
1,42,42,35,22,37,1,1,1,12,6,21,6,1,0,0,1,1,28,116,1,6,50,0,59,10,14,0,1,0,12,0,95,2,0,28,11,2,0,4,9,2,103,1,2,63,47,3,81,1,33,0,28,2,6,14,3,40,0,2,1,1,9,0,2,0,12,1,4,1,0,0,3,109,8,3,1,0,2,0,0,1,118,1,0,1,5,0,0,0,8,0,0,2,0,3,4,21,38,112,2,2,26,0,107,3,113,1,0,4,0,2,11,0,11,9,5,1,26,4,0,12,1,71,1,0,13,1,0,60,1,0,3,19,0,1,0,0,0,2,0,10,1,3,1,55,43,93,28,0,0,11,5,6,10,0,0,39,5,13,41,0,0,17,1,1,0,8,0,23,1,3,45
0,148,156,36,0,102,0,0,0,0,0,21,0,0,0,0,0,0,452,9,59,27,33,0,27,25,72,0,0,3,0,0,0,0,0,0,2,0,0,0,3,183,59,0,0,0,1,0,9,0,2,0,357,0,0,0,1,108,0,0,3,0,0,0,0,0,5,1,3,0,8,0,2,23,89,0,0,0,0,0,0,0,7,0,0,0,26,0,52,0,0,0,0,2,0,0,0,0,23,169,0,0,0,0,48,0,63,0,0,0,0,11,0,0,49,0,0,0,0,2,1,0,0,17,0,0,0,0,2,9,0,0,0,1,0,0,0,0,0,0,0,0,0,2,0,228,1,11,0,0,0,0,0,6,24,5,0,0,127,18,1,0,0,0,0,0,0,0,0,3,0,0,1
0,6,27,74,0,28,0,0,0,1,0,2,0,0,0,0,0,0,4,2,1,2,0,0,25,3,0,0,0,0,3,0,3,0,0,0,0,0,0,0,0,0,36,0,0,1,0,0,0,0,0,0,1,0,0,0,0,0,0,0,0,0,0,0,0,0,4,0,0,0,0,0,0,120,1,0,0,0,0,0,0,0,55,0,0,0,0,0,0,0,0,0,0,1,0,0,0,0,4,48,1,0,18,0,14,0,29,0,0,0,0,1,0,0,5,1,0,0,0,0,1,8,0,1,0,0,0,0,0,74,0,0,0,0,0,0,0,0,0,0,0,0,0,0,0,10,20,19,5,0,0,0,0,3,0,0,0,47,0,1,0,0,0,7,0,0,0,0,0,0,0,0,12
2,106,18,12,88,77,1,0,0,16,13,20,0,0,0,0,10,0,33,317,25,72,122,0,33,108,15,0,1,3,13,4,52,0,0,3,18,10,1,0,30,7,14,5,1,34,277,8,129,6,140,0,7,0,25,29,12,19,4,1,8,0,5,7,5,0,30,11,13,0,20,0,9,24,6,0,9,0,5,4,2,0,14,0,2,0,8,0,5,1,15,0,1,5,2,8,1,3,5,64,2,0,9,0,111,0,31,7,3,1,0,38,29,0,20,6,4,19,110,9,1,1,2,14,3,0,0,3,3,28,0,2,0,20,4,0,0,0,0,5,0,0,0,18,0,28,60,72,3,0,0,14,81,7,47,1,0,4,45,20,144,0,6,6,0,16,2,0,0,45,0,21,28
0,0,88,285,0,2,0,0,0,0,0,22,0,0,0,0,2,0,0,2,0,0,8,0,5,0,95,0,0,0,4,0,33,0,0,0,0,0,0,0,0,1,196,0,12,58,0,9,8,0,5,0,13,0,0,0,0,10,0,0,15,0,0,0,1,0,8,0,0,0,0,0,0,14,1,0,0,0,0,0,0,0,126,0,0,0,3,0,0,0,0,0,0,1,0,0,0,0,447,93,8,0,21,0,2,0,35,0,0,0,0,1,166,0,0,0,1,0,0,1,16,3,0,417,0,0,0,0,0,16,0,0,0,0,0,0,0,0,0,0,0,0,0,20,0,29,24,3,3,0,0,0,1,1,0,0,0,12,0,0,3,0,0,30,0,0,0,0,0,0,0,0,10
0,2,0,1,0,0,0,0,0,2,1,0,0,0,5,0,0,0,2,1,0,2,0,0,0,0,0,0,0,0,6,0,0,0,2,1,0,0,0,1,0,0,2,35,0,1,1,0,0,0,1,1,0,0,0,1,0,0,7,3,0,0,0,0,1,0,0,2,0,0,1,0,0,0,2,0,0,0,0,0,0,0,0,0,0,1,3,1,3,0,0,0,1,0,0,0,0,1,0,0,0,2,0,0,0,1,1,0,0,1,0,0,0,0,9,2,0,0,0,0,0,0,1,3,0,1,0,0,0,0,0,0,0,0,0,11,0,20,0,9,0,0,0,0,0,0,0,1,0,0,1,0,15,0,2,0,0,0,1,0,0,1,0,0,115,0,0,1,0,2,0,0,1
4,0,0,0,45,0,12,3,68,0,11,0,112,4,347,0,1,2,0,7,3,0,0,389,0,1,0,2,11,10,0,10,0,231,4,2,190,171,246,63,0,0,0,13,0,0,0,0,28,6,2,3,0,4,0,15,9,0,1,24,0,2,15,6,0,271,1,4,0,200,5,9,2,0,0,8,6,1,0,0,251,0,0,0,1,0,0,3,2,3,26,14,0,26,2,29,33,854,0,0,17,3,0,129,0,4,0,0,7,0,1,7,0,24,6,2,1,2,0,1,0,0,8,0,6,1,18,714,6,0,57,175,18,2,3,6,366,1,1281,0,164,274,499,0,0,0,0,1,0,0,10,0,0,1,0,0,11,0,0,77,0,7,7,0,3,6,122,1,0,0,347,0,0
0,0,0,0,0,0,0,30,0,0,0,0,0,0,0,0,0,0,0,0,0,0,0,0,0,0,0,13,0,0,0,0,0,0,3,0,0,0,0,0,0,0,0,0,0,0,0,0,0,0,0,151,0,11,0,0,0,0,0,0,0,0,0,0,0,0,0,0,0,0,0,211,0,0,0,0,0,5,0,0,0,0,0,0,0,0,0,28,0,0,0,0,0,0,0,0,0,0,0,0,0,15,0,0,0,0,0,0,0,10,1,0,0,0,0,0,0,0,0,0,0,0,0,0,0,2,0,0,0,0,74,0,0,0,0,3,0,0,0,0,0,0,0,0,0,0,0,0,0,3,0,0,0,0,0,0,262,0,0,0,0,0,0,0,0,0,0,0,0,0,0,0,0
0,0,0,0,8,0,13,8,2,4,1,0,0,7,2,0,9,1,0,0,0,0,0,0,0,0,0,1,0,0,1,0,0,1,35,11,0,0,0,5,0,0,1,133,0,0,1,0,51,0,0,2,0,4,1,0,0,0,27,0,0,5,16,0,0,0,0,0,6,0,0,11,0,0,34,5,0,3,2,0,2,0,2,0,0,0,0,93,0,1,0,2,1,0,0,2,14,0,0,0,0,90,0,0,0,1,0,3,2,63,0,1,1,0,3,3,2,0,0,0,0,0,3,0,1,13,2,0,0,0,27,1,18,0,5,189,0,82,0,5,0,1,0,0,2,0,1,0,1,1,11,0,21,0,1,0,24,0,0,7,1,0,0,0,13,0,0,14,0,0,3,2,0
0,1,0,0,18,0,1,1,89,1,0,0,3,34,4,0,1,0,1,1,0,0,0,0,0,3,0,0,1,0,4,4,4,6,4,1,0,6,18,3,3,0,0,141,2,2,14,2,16,1,3,0,0,6,0,22,0,0,7,27,1,10,17,12,1,8,1,3,2,6,8,0,1,1,1,2,3,4,3,1,26,0,0,3,0,3,0,0,0,10,5,3,2,2,0,169,4,28,1,0,3,13,28,1,1,4,0,1,4,7,1,1,1,0,62,0,3,0,0,0,1,0,7,0,1,1,8,34,2,1,2,12,98,1,6,116,12,235,45,14,9,36,0,2,1,0,7,1,0,1,1,0,282,0,0,0,0,0,0,4,6,2,0,0,20,3,7,1,0,0,45,0,9
8,0,0,0,121,0,0,1,2,2,0,1,1,176,0,1,0,0,0,15,0,0,0,55,0,2,0,0,3,5,0,10,1,0,6,1,1,0,0,0,0,0,1,39,2,4,7,1,25,1,0,0,0,0,11,156,10,0,3,3,3,0,15,52,0,1,5,5,4,0,6,1,41,7,0,0,14,0,6,13,11,1,0,6,0,1,0,1,0,19,2,0,0,4,1,18,110,3,1,0,2,1,2,1,0,0,0,6,1,0,0,3,0,23,0,0,5,4,0,2,0,0,0,0,8,0,0,8,5,0,12,5,0,349,7,0,6,0,18,7,17,0,4,1,0,0,0,0,0,0,2,2,0,1,0,0,1,0,0,1,1,1,9,0,0,4,7,0,0,1,234,0,1
0,2,3,14,1,60,0,0,0,59,0,28,0,0,0,135,0,130,5,23,3,6,13,0,76,0,21,0,1,1,111,0,192,0,0,0,8,0,0,0,3,1,16,0,50,190,46,12,8,1,11,0,2,0,43,0,2,6,0,1,15,0,0,0,6,0,220,2,81,0,2,0,5,67,3,0,0,0,14,13,1,4,97,3,1,3,7,0,0,0,0,0,1,12,4,0,0,0,19,12,121,1,168,0,33,0,6,31,0,7,0,0,12,0,0,74,5,2,22,36,31,242,0,55,3,0,0,0,0,151,0,0,0,1,0,0,0,0,0,12,0,0,0,6,0,2,168,94,133,0,0,87,7,52,0,0,0,105,11,26,44,0,47,57,0,0,0,0,4,11,0,10,97
0,69,4,0,0,26,0,0,0,0,7,2,0,0,0,0,0,0,22,11,7,250,16,0,2,182,11,0,0,1,0,0,0,0,0,0,0,0,0,0,0,6,0,0,0,0,1,0,1,0,2,0,2,0,0,0,0,6,1,1,0,0,0,0,0,0,0,13,1,0,6,0,0,3,2,2,0,0,0,0,0,0,0,0,0,0,0,0,26,1,0,0,0,0,0,0,0,0,0,10,0,0,0,0,28,0,0,0,0,0,0,23,3,0,18,0,0,0,2,0,0,0,0,0,0,0,0,0,1,0,0,0,0,0,1,0,0,0,0,0,0,0,0,0,0,3,0,7,0,0,0,0,0,0,79,4,0,0,83,1,1,0,0,0,0,0,0,0,0,1,0,0,0
1,0,0,0,0,0,0,0,0,1,4,0,0,0,2,0,0,0,0,2,0,0,0,0,0,3,0,0,9,0,3,8,2,0,0,2,5,0,0,1,16,1,0,0,0,1,17,0,3,39,0,0,1,0,2,1,41,0,0,24,1,0,1,43,0,7,0,0,1,0,0,0,1,1,0,0,76,0,3,1,114,0,0,1,1,1,0,0,3,0,100,0,2,0,1,0,0,2,0,0,0,0,0,0,0,2,0,6,1,0,0,0,2,0,1,1,4,3,3,2,0,0,34,0,0,0,2,0,40,1,0,1,0,1,30,0,3,0,1,0,4,0,1,0,0,0,2,0,0,0,0,0,0,0,2,0,0,0,0,0,6,0,0,0,0,1,0,0,0,1,0,12,1
7,0,0,0,0,0,8,0,4,0,12,0,9,0,1,0,1,0,0,3,1,0,0,0,0,2,0,1,0,0,0,1,0,4,2,1,0,3,1,20,5,0,0,0,0,0,1,0,0,1,2,0,0,5,0,0,1,0,7,68,0,1,14,0,0,20,0,1,0,21,0,1,0,0,0,2,1,0,0,1,0,0,0,0,0,0,0,3,28,0,21,1,0,0,0,4,0,5,0,0,0,0,0,2,0,4,0,0,13,0,0,0,0,1,2,0,1,0,0,1,0,0,13,0,0,0,359,3,0,0,0,6,17,0,2,8,25,0,1,0,2,38,0,0,1,0,0,0,0,0,0,0,0,0,0,1,1,0,0,0,0,0,0,0,4,0,3,460,0,0,0,0,0
40,6,5,1,6,3,0,1,0,18,1,141,0,0,0,11,5,409,0,9,6,0,6,1,16,7,3,0,0,44,17,0,39,0,0,12,2,0,0,1,7,67,0,2,3,15,25,3,5,1,14,0,0,0,533,9,18,14,0,0,43,0,2,2,49,0,219,2,25,0,6,0,403,0,7,0,1,0,22,11,0,8,1,1,2,1,416,0,0,0,9,0,0,547,343,0,0,2,2,8,14,0,2,0,11,0,2,13,0,35,0,9,2,2,7,105,7,7,12,704,0,8,0,7,10,0,0,0,5,16,0,2,0,147,0,21,1,0,0,14,0,0,0,2,0,2,18,4,8,0,0,13,22,359,7,0,0,1,1,1,9,1,1,3,0,0,0,0,1,128,1,13,12
0,0,0,11,0,0,0,0,0,16,0,1,0,0,0,6,0,2,0,0,0,0,12,0,0,0,15,0,0,0,66,0,28,0,0,3,1,0,0,0,0,0,3,0,425,126,8,79,0,0,0,0,0,0,2,0,6,0,0,0,53,0,0,0,11,0,5,1,44,0,0,0,0,1,0,0,0,0,18,30,0,34,6,92,20,32,0,0,0,0,0,0,26,0,0,0,1,0,20,0,310,0,27,0,2,0,0,63,0,3,0,0,2,0,0,5,50,0,0,2,321,20,0,58,1,0,0,0,0,5,0,0,0,0,0,0,0,0,0,35,0,0,0,91,0,0,10,4,17,0,0,14,1,0,0,0,0,9,0,0,3,0,12,10,0,0,0,0,0,0,0,1,2
0,0,0,0,0,0,2,0,2,0,0,0,1,0,0,0,2,0,0,0,0,0,0,0,0,0,0,2,0,0,0,0,0,4,1,0,0,8,8,4,0,0,0,3,0,0,0,0,0,0,0,4,0,4,0,0,0,0,0,0,0,5,6,0,0,0,0,0,0,0,0,1,0,0,0,2,0,1,0,0,0,0,0,0,0,0,0,10,0,0,1,1,0,0,0,24,0,0,0,0,0,5,0,1,0,2,0,0,883,0,1,0,0,0,0,0,0,0,0,0,0,0,0,0,0,1,8,0,0,0,0,44,1089,0,0,0,15,4,0,0,0,16,0,0,1,0,0,0,0,1,0,0,4,0,0,0,4,0,0,0,0,0,0,0,24,0,0,2,0,0,0,0,0
11,0,0,0,150,0,1,0,1,0,5,0,1,65,31,0,52,2,0,0,0,1,0,0,0,1,0,2,0,0,10,0,0,0,51,1,0,0,0,0,0,80,1,27,0,1,0,0,7,0,1,1,0,4,0,0,0,0,5,3,0,2,2,0,0,0,0,21,0,0,0,1,0,0,1,0,0,0,0,1,2,1,0,0,0,0,0,4,0,0,0,0,0,0,0,1,1,0,0,0,0,4,0,0,0,0,0,0,0,3,0,0,1,2,1,0,0,0,0,0,0,0,0,0,1,64,1,0,0,0,3,0,2,0,1,12,0,4,1,5,0,0,4,1,94,0,0,3,0,2,392,0,1,0,3,0,1,0,0,1,0,0,2,0,30,0,0,0,0,1,0,0,0
0,0,0,0,2,0,1791,0,3,0,11,0,16,0,0,0,1,0,0,0,0,0,0,0,0,0,0,0,0,0,0,0,0,7,0,1,0,8,6,375,1,0,0,0,0,0,2,0,0,0,0,0,0,0,0,1,1,0,9,5,0,0,42,0,1,9,0,1,1,6,0,0,0,0,0,2296,0,0,0,0,1,0,0,0,0,0,0,0,2,0,67,3582,0,0,1,1,11,39,0,0,0,0,0,5,0,1745,0,0,3,0,0,0,0,1,3,0,1,2,0,0,0,0,3,0,0,0,21,2,0,0,0,2,33,0,2,0,8,0,0,0,1,25,0,0,0,0,0,0,0,0,0,0,1,0,1,0,0,0,0,0,0,0,0,0,0,0,11,9,1,0,0,0,0
8,2,1,2,3,1,18,1,1,7,5,0,1,18,12,0,17,0,0,40,3,0,1,5,0,5,1,0,2,0,12,1,6,0,36,3,0,0,0,0,1,1,1,25,1,1,2,1,5,2,0,4,0,1,1,125,3,0,221,4,0,1,3,2,1,0,4,0,19,0,3,1,4,2,0,1,0,0,0,2,8,0,2,6,1,9,0,7,1,1,1,1,9,4,3,4,405,0,0,2,1,32,2,0,1,5,0,2,2,15,2,1,1,23,2,9,6,365,2,2,0,8,2,0,19,16,14,3,1,4,0,0,11,0,237,5,0,2,0,0,0,0,10,12,17,0,13,0,2,0,11,10,3,1,4,0,1,6,1,0,2,0,4,3,18,5,0,8,2,2,4,2,6
1,3,0,3,8,16,0,0,0,285,0,3,0,0,0,65,28,49,1,7,0,6,69,0,39,7,13,0,6,0,159,0,162,0,0,18,14,0,0,0,54,2,0,27,135,172,166,84,26,0,45,0,0,0,50,0,17,2,0,0,82,0,1,2,42,1,86,4,208,0,23,0,0,6,0,0,0,0,244,106,0,52,13,71,44,50,2,0,6,2,0,0,75,7,198,3,1,0,1,0,143,1,15,0,18,0,1,209,0,17,0,1,17,2,0,115,55,12,33,12,88,62,0,19,19,0,0,0,2,26,0,1,0,8,1,0,0,0,0,171,0,0,0,32,0,2,45,48,49,0,0,190,73,21,1,0,0,16,29,25,21,0,108,5,0,0,0,0,210,16,0,19,12
0,6,0,3,57,15,1,4,0,310,5,17,0,1,4,9,165,9,1,53,3,4,102,1,19,4,17,2,23,1,188,6,221,3,0,236,88,0,2,3,255,2,1,59,145,177,437,175,63,21,219,0,0,0,94,76,52,11,0,0,103,0,7,8,60,3,104,10,240,0,49,4,4,7,2,0,22,0,243,91,7,64,7,78,62,132,10,0,5,66,33,0,104,11,25,8,9,3,12,5,62,1,8,2,11,0,6,223,0,21,0,4,27,10,2,99,148,109,131,14,75,23,1,35,78,0,1,2,27,28,0,7,0,116,10,1,0,0,0,337,0,0,6,96,0,0,123,16,20,0,1,162,295,10,4,0,0,18,56,8,190,3,291,9,0,0,0,1,21,39,3,255,31
0,0,0,0,0,0,2,0,0,16,0,0,0,0,0,129,4,5,0,0,0,1,12,0,0,0,5,0,5,1,30,0,0,0,0,161,18,0,0,0,3,0,0,0,111,14,2,481,1,0,6,0,0,0,2,0,18,3,0,0,319,0,0,0,237,0,3,33,32,0,13,0,0,0,0,0,2,0,34,77,1,587,0,726,395,621,0,0,78,251,1,0,871,0,9,0,1,0,0,0,71,0,0,0,0,0,0,100,0,3,0,0,115,34,0,32,385,3,0,0,62,7,0,1,120,0,0,0,4,0,0,0,0,1,0,0,0,0,0,143,0,0,0,393,0,0,0,1,1,0,0,55,4,0,1,0,0,2,5,0,2,0,11,1,0,0,0,0,72,0,0,0,0
0,0,0,0,0,0,0,18,0,0,1,0,0,0,0,0,0,5,0,0,0,0,0,0,0,0,0,14,0,0,0,0,0,0,16,3,0,0,0,0,0,0,0,1,0,0,0,0,63,0,0,107,0,5,1,0,0,0,0,0,0,0,1,0,0,0,0,0,0,0,1,195,0,0,0,0,0,3,0,0,0,0,0,0,0,0,0,27,0,1,0,0,0,0,0,3,2,0,0,0,0,34,0,0,0,0,0,0,0,13,4,0,0,0,0,0,0,1,0,0,0,0,0,0,4,2,0,0,0,0,474,0,1,0,0,4,0,0,0,2,0,0,0,0,0,0,0,0,0,2,1,0,0,0,0,0,159,0,0,0,0,7,0,0,0,0,0,6,0,0,0,0,0
0,0,0,0,110,0,0,8,18,0,48,0,7,708,95,0,344,1,0,1,0,0,0,0,0,1,0,4,0,0,28,0,0,0,421,1,0,0,0,4,0,14,0,7,0,0,0,0,1,0,2,6,0,13,0,0,0,0,32,1,0,11,11,0,0,0,0,2,1,3,0,7,45,0,0,3,1,0,0,0,1,0,0,0,0,0,0,26,1,1,0,1,0,3,0,2,17,0,0,1,0,37,0,0,0,3,0,0,0,13,8,1,0,0,30,1,0,0,0,0,0,0,4,0,0,892,7,0,0,0,10,0,17,0,3,19,0,25,0,2,0,0,0,0,647,0,2,0,0,39,184,0,1,0,0,0,8,0,0,0,0,0,0,0,47,0,1,3,1,0,0,1,0
4,0,0,0,24,0,4,3,1244,0,6,0,1148,2,62,0,1,0,0,0,1,0,0,106,0,0,0,2,3,4,0,11,0,1375,8,1,22,967,1303,995,0,0,0,1,0,0,0,0,3,0,0,5,0,11,0,0,1,0,6,30,0,14,78,3,0,326,0,1,0,907,0,21,0,0,0,14,3,9,0,0,25,0,0,0,0,1,0,34,0,2,30,15,0,11,0,18,18,112,0,0,1,10,0,1547,0,19,0,0,31,1,2,6,0,4,8,0,1,1,0,0,0,0,3,0,3,15,187,46,0,0,17,225,40,5,7,38,723,3,219,0,119,961,256,0,1,0,0,0,0,1,1,0,0,0,0,0,21,0,0,8,0,2,0,1,10,3,492,1,0,1,95,0,0
0,150,27,17,2,237,1,0,0,72,25,12,0,6,1,1,0,1,66,11,13,495,402,4,4,559,158,0,0,5,2,7,8,0,0,0,2,11,0,0,19,36,26,16,2,20,19,115,70,1,99,0,7,0,3,17,6,16,1,23,6,0,5,17,11,0,0,483,2,0,490,0,5,10,5,0,4,0,1,3,11,1,2,4,1,3,2,0,70,186,3,0,2,2,0,3,1,0,28,60,7,0,4,0,68,0,5,1,5,0,0,416,57,54,68,2,9,1,2,0,6,0,8,86,30,0,1,14,13,4,0,0,0,1,2,0,0,0,0,8,1,0,1,128,0,37,9,25,0,0,0,0,3,1,209,26,0,4,90,1,8,0,0,1,0,18,11,0,0,2,0,0,3
1,0,1,0,3,1,4,0,0,1,4,1,1,2,13,0,0,0,0,3,1,0,1,156,0,7,1,0,42,14,0,532,2,0,0,0,105,14,2,1,4,0,0,10,2,2,7,2,17,90,10,0,0,0,0,75,111,0,1,237,2,0,7,253,6,7,0,1,0,0,5,0,0,3,1,4,157,0,0,0,195,1,0,0,0,3,0,0,1,8,220,0,2,2,2,19,2,7,0,1,3,0,0,0,0,0,0,0,2,0,0,13,3,0,19,3,0,0,0,0,3,1,571,1,1,0,0,35,40,9,0,6,0,2,50,2,13,1,0,12,14,0,1,1,0,0,1,0,1,0,1,2,1,0,4,0,0,0,1,0,4,0,1,1,0,578,10,0,1,2,4,2,1
0,4,2,1,16,6,1,0,1,6,4,0,0,109,39,0,0,1,1,9,3,3,2,18,0,10,3,0,487,6,3,499,6,3,1,0,254,4,13,17,25,3,0,24,2,1,20,3,92,694,7,0,0,1,8,227,162,3,2,170,7,0,7,799,0,77,3,8,1,3,24,2,3,88,1,3,797,0,6,4,195,0,0,2,2,5,0,0,0,10,400,0,0,2,8,33,14,13,0,4,2,0,4,1,0,0,4,5,12,0,0,30,1,4,20,1,8,3,0,3,1,3,229,4,4,0,0,17,360,4,1,89,0,26,331,1,33,0,43,5,203,0,8,6,0,0,6,6,0,0,0,0,0,0,2,0,1,0,0,0,4,4,165,0,0,133,17,0,2,0,32,1,1
0,1,0,0,0,0,2,0,0,0,2,0,0,0,48,0,0,0,0,9,1,0,0,3,0,0,0,0,207,2,0,61,0,5,0,0,4,0,1,3,0,2,0,0,1,0,2,1,2,296,2,0,0,0,0,9,157,0,0,0,0,0,3,34,0,34,1,0,1,0,6,0,0,0,0,1,143,0,2,2,28,1,0,0,0,4,0,0,0,2,29,0,3,1,2,1,2,3,0,0,0,0,0,4,0,0,0,0,1,1,0,8,0,3,0,3,6,0,0,0,0,0,9,0,2,0,0,1,63,2,0,6,0,1,28,0,12,0,2,0,10,0,13,4,0,0,0,0,0,0,0,1,0,0,2,0,0,0,0,0,1,0,5,0,0,21,1,0,0,0,0,0,0
1,218,15,11,2,174,0,0,0,4,0,5,0,0,0,0,0,0,100,44,28,122,11,0,172,86,12,0,0,0,1,0,39,0,0,0,1,0,0,0,2,4,13,0,0,5,10,0,6,0,1,0,2,0,1,0,2,16,0,0,1,0,0,0,0,0,9,0,2,0,16,0,1,39,13,0,0,0,1,1,0,0,10,0,0,0,4,0,3,0,0,0,0,0,0,0,0,0,2,41,3,0,4,0,140,0,24,0,0,1,0,24,11,0,13,0,1,0,2,2,0,1,0,3,0,0,0,0,1,24,0,0,0,0,0,0,0,0,0,0,0,0,0,1,0,24,6,260,8,0,0,4,0,0,22,3,0,4,39,237,1,0,0,2,0,0,1,0,0,11,0,0,8
0,1,1,8,0,8,0,0,0,0,0,3,0,0,0,0,0,0,2,0,232,1,134,0,3,2,180,0,0,0,0,0,3,0,0,0,0,0,0,0,0,5,1,0,0,2,0,3,3,0,0,0,7,0,1,0,0,12,0,0,3,0,0,0,0,0,0,0,0,0,0,0,0,1,3,0,0,0,0,0,0,0,0,0,0,0,1,0,1,0,0,0,0,0,0,0,0,0,2,9,3,0,0,0,5,0,5,0,0,0,0,2,0,0,0,0,0,0,0,1,0,0,0,16,0,0,0,0,0,1,0,0,0,0,0,0,0,0,0,0,0,0,0,3,0,7,0,5,0,0,0,0,0,0,0,0,0,0,0,4,0,0,0,0,0,0,0,0,0,0,0,0,0
0,2,1,0,6,2,2,7,1,0,0,0,0,14,8,0,3,0,4,1,0,2,0,0,0,0,0,0,0,0,57,0,0,0,13,1,0,0,0,1,0,2,1,206,1,0,0,0,1,0,1,3,0,0,0,1,0,0,540,0,0,1,2,0,0,1,3,6,0,0,0,2,1,0,0,0,0,0,0,0,1,0,1,2,1,0,1,5,1,0,0,0,4,0,0,0,123,0,0,1,1,12,0,0,3,5,0,0,1,15,0,0,0,0,1,0,0,0,0,0,1,0,0,0,0,29,0,0,0,0,1,0,19,0,5,23,1,62,0,8,0,1,0,0,2,0,3,0,0,0,8,0,35,0,0,0,0,0,0,0,2,0,0,1,735,0,0,1,0,0,0,0,0
614,12,27,12,1,5,2,0,1,6,3,343,0,6,0,6,0,285,5,1,5,1,18,12,20,5,10,0,0,799,0,6,33,1,0,4,1,3,3,0,6,185,8,1,8,16,8,5,7,0,176,0,2,0,67,9,54,338,0,3,146,0,1,4,323,0,97,3,6,0,9,0,81,5,66,0,2,0,11,13,3,51,6,3,3,1,373,0,2,1,5,0,3,112,24,17,0,0,7,18,8,0,5,0,50,0,20,11,0,4,0,15,9,2,44,4,12,8,0,327,9,2,5,11,58,0,0,11,96,10,0,3,0,136,2,183,0,0,0,19,0,0,3,3,0,8,14,7,3,0,1,0,1,200,8,1,0,1,2,1,4,0,0,44,0,5,1,0,0,328,2,0,10
0,0,0,0,0,0,0,840,0,0,0,0,0,0,0,0,0,0,0,0,0,0,0,0,0,0,0,680,0,0,0,0,0,0,5,0,0,0,0,0,0,0,0,0,0,0,0,0,0,0,0,54,0,1209,0,0,0,0,0,0,0,1312,5,0,0,0,0,0,0,0,0,62,0,0,0,0,0,1004,0,0,0,0,0,0,0,0,0,2,0,0,0,0,0,0,0,0,0,0,0,0,0,27,0,0,0,0,0,0,48,4,847,0,0,0,0,0,0,0,0,0,0,0,0,0,0,0,2,0,0,0,1,5,16,0,0,4,0,0,0,0,0,0,0,0,0,0,0,0,0,1182,0,0,0,0,0,0,45,0,0,0,0,112,0,0,0,0,0,4,0,0,0,0,0
0,0,0,0,0,0,0,38,0,0,0,0,0,0,0,0,0,0,0,0,0,0,0,0,0,0,0,44,0,0,0,0,0,0,0,0,0,0,0,0,0,0,0,0,0,0,0,0,0,0,0,980,0,21,0,0,0,0,0,0,0,0,1,0,0,0,0,0,0,0,0,473,0,0,0,0,0,2,0,0,0,0,0,0,0,0,0,277,0,0,0,0,0,0,0,0,0,0,0,0,0,1,0,0,0,0,0,0,4,0,6,0,0,0,0,0,0,0,0,0,0,0,0,0,0,0,0,0,0,0,4,0,1,0,0,0,0,0,0,0,0,0,0,0,0,0,0,0,0,24,0,0,0,0,0,0,360,0,0,0,0,0,0,0,0,0,0,1,0,0,0,0,0
1,0,0,0,1,1,8,36,0,1,0,0,1,33,11,0,5,0,0,3,0,0,0,0,0,0,0,12,0,0,7,0,1,0,116,20,0,0,0,3,0,0,2,47,0,0,1,0,5,0,0,5,0,29,0,0,0,0,47,0,0,16,24,0,0,0,1,1,1,0,0,38,2,0,0,5,0,22,0,1,0,0,1,0,0,0,0,295,0,1,0,1,0,2,0,1,28,0,0,0,0,1051,0,0,0,10,0,1,2,635,2,0,0,0,1,0,0,0,0,0,0,0,0,0,1,58,10,0,0,0,67,1,28,1,3,378,0,85,0,3,0,1,0,0,3,0,1,0,0,2,6,0,32,0,0,0,205,0,0,0,1,2,0,0,26,0,0,86,0,0,0,1,0
0,0,0,0,1,0,1,1,10,0,0,0,1,0,0,0,0,0,0,0,0,0,0,0,0,0,0,6,0,0,0,0,0,18,3,0,0,21,60,7,1,0,0,1,0,0,0,0,0,0,0,0,0,7,1,0,0,0,6,0,0,29,8,0,0,1,0,0,0,0,0,0,0,0,0,0,0,26,0,0,0,0,0,0,0,0,0,3,0,0,0,0,0,0,0,18,0,1,0,0,0,21,0,1,0,2,0,0,220,3,4,0,0,0,0,0,0,0,0,0,0,0,0,0,0,0,1,1,0,0,1,64,82,0,0,18,15,16,0,0,1,18,0,0,0,0,0,0,0,1,0,0,21,0,0,0,6,0,0,0,0,3,0,0,10,0,1,0,0,0,0,0,0
0,26,2,2,4,3,0,0,0,14,1,3,0,0,0,1,3,1,4,11,3,16,26,0,2,8,6,0,0,0,14,0,24,0,0,3,0,1,0,0,5,4,1,1,2,12,29,9,13,0,15,0,8,0,5,3,1,9,0,0,0,0,0,0,3,0,5,0,8,0,8,0,1,2,4,0,0,0,28,7,0,0,1,1,4,0,2,0,1,0,0,0,0,3,0,1,0,0,0,3,6,0,1,0,17,0,0,14,0,0,0,3,2,0,4,2,3,2,4,3,1,1,0,9,0,0,0,0,1,2,0,0,0,1,0,0,0,0,0,1,0,0,0,0,0,4,6,20,0,0,0,6,6,2,7,0,0,0,5,1,6,0,0,0,0,0,0,0,0,6,0,5,4
0,60,0,1,0,8,0,0,0,55,15,0,0,0,0,1,2,16,3,14,14,6,6,2,7,25,2,0,0,4,19,1,30,0,0,90,3,0,0,0,43,1,0,0,11,11,84,5,6,4,18,0,0,0,20,4,31,1,0,1,16,0,3,2,6,0,2,4,27,0,214,0,0,1,4,0,2,0,474,200,0,5,1,37,34,25,4,0,3,20,5,0,40,9,12,2,9,0,0,0,20,0,1,0,4,0,0,231,0,0,0,19,22,0,1,27,33,2,0,10,2,6,2,0,7,0,0,1,5,4,0,1,0,2,1,0,0,0,0,12,0,0,0,1,0,0,7,46,2,0,0,59,4,7,8,1,0,0,16,2,2,0,8,2,0,3,0,0,53,23,0,8,3
1,0,0,0,32,1,1,2,3,1,14,1,0,27,0,0,0,0,1,1,0,1,0,16,0,6,0,2,2,79,0,9,0,5,0,1,2,58,33,1,1,1,1,64,0,0,7,0,13,1,20,0,0,3,1,12,9,0,4,12,0,1,5,5,0,2,0,4,2,0,11,1,45,1,0,0,1,1,2,1,1,0,0,1,0,1,0,1,2,5,14,0,0,0,1,619,17,37,0,0,0,0,5,0,0,1,0,1,193,0,0,9,0,1,5,0,1,1,0,0,0,0,1,0,2,1,6,200,1,0,2,72,69,0,2,2,13,5,7,1,6,5,1,0,0,0,0,0,0,0,0,0,5,1,0,0,0,0,0,1,0,5,0,0,17,39,11,2,0,1,18,0,0
3,26,9,0,0,3,0,0,0,2,414,5,0,0,0,1,0,0,3,0,380,17,101,1,0,23,103,0,0,19,2,0,1,0,0,0,0,0,0,0,3,90,3,0,2,1,9,50,17,0,82,0,19,0,1,0,3,61,0,183,2,0,1,0,22,0,0,43,1,0,54,0,0,0,1,0,1,0,1,0,10,6,0,1,1,0,5,0,355,3,3,0,0,1,0,3,0,1,0,2,1,0,0,0,3,0,0,1,0,0,0,306,4,0,2,0,1,0,1,1,1,0,6,17,0,0,2,7,6,0,0,0,0,2,0,1,0,0,0,5,0,0,0,0,0,7,3,0,0,0,0,0,0,0,19,345,0,0,15,0,0,0,0,0,0,3,0,0,0,9,0,1,0
0,0,0,0,0,3,0,0,0,14,0,0,0,0,2,9,0,135,0,2,0,0,0,1,4,0,0,0,0,0,4,0,0,0,1,75,0,0,0,0,1,0,2,0,2,0,0,20,20,0,1,0,0,0,3,1,3,0,0,1,3,0,0,1,1,0,0,2,3,0,17,0,0,0,0,0,0,0,17,6,1,0,0,28,42,31,0,0,4,12,0,0,64,11,7,0,1,0,0,0,4,0,0,0,0,0,0,10,0,0,0,0,25,458,0,174,23,0,0,5,0,0,1,1,161,0,0,0,1,0,1,0,0,0,1,0,0,0,0,3,1,0,0,8,0,0,0,1,0,0,0,53,0,14,0,0,0,0,3,0,0,0,6,0,0,0,0,0,107,0,0,0,0
1,0,0,0,2,0,0,272,0,0,0,0,0,1,0,0,0,0,0,0,0,0,0,0,0,0,0,358,0,0,2,0,0,0,5,2,0,2,0,1,0,0,0,2,0,0,1,0,0,0,0,20,0,264,0,0,0,0,1,0,0,566,18,0,0,0,0,0,1,0,0,30,0,0,0,0,0,454,0,0,0,0,0,0,0,0,0,5,0,18,0,0,0,0,0,169,1,0,63,0,0,18,2,0,0,1,0,0,14,1,382,0,0,0,0,0,0,2,0,0,0,0,0,0,24,1,0,0,0,0,5,15,11,1,0,3,0,0,0,0,0,0,0,0,0,0,0,0,0,202,1,0,1,0,0,0,59,0,0,0,0,761,0,0,1,0,0,3,0,0,0,0,0
0,0,0,0,0,0,0,10,0,0,0,0,0,0,0,0,0,0,0,0,0,0,0,0,0,0,0,6,0,0,0,0,0,0,0,3,0,0,0,0,0,0,0,0,0,0,0,1,0,0,0,35,0,0,0,1,0,0,0,0,0,0,1,0,0,0,0,0,0,0,0,24,0,0,0,0,1,0,0,0,0,0,0,0,0,0,0,8,0,1,0,0,0,0,0,5,0,0,0,0,0,0,0,0,0,0,0,0,0,0,1,0,0,0,0,0,0,0,0,0,0,0,0,0,0,0,0,0,0,0,6,0,1,0,0,0,0,0,0,0,0,0,0,0,0,0,0,0,0,1,0,0,0,0,0,0,39,0,0,0,0,5,0,0,0,0,0,0,0,0,1,0,0
