0.86024,0.24262,0.40813,0.39719,0.2,0.26281,0.95601,0.52271,0.85422,0.32858,0.68371,0.50806,0.88343,0.559,0.50277,0.35657,0.51061,0.38412,0.54958,0.41919,0.47125,0.46378,0.29668,0.51239,0.24929,0.49614,0.21673,0.51298,0.59463,0.80081,0.22406,0.45964,0.20598,0.82215,0.56275,0.33754,0.37247,0.70928,0.76697,0.65995,0.42285,0.25972,0.31748,0.27133,0.47811,0.18756,0.35038,0.4955,0.1584,0.58312,0.23684,0.74189,0.573,0.74095,0.61944,0.24687,0.2042,0.53723,0.58096,0.31119,0.37469,0.66549,0.19923,0.6406,0.41,0.48025,0.34816,0.72296,0.33103,0.79142,0.49656,0.32928,0.56607,0.16054,0.62517,0.97205,0.62137,0.62963,0.41243,0.33619,0.2875,0.72642,0.36373,0.67379,0.57212,0.65208,0.44879,0.35116,0.48485,0.37579,0.41188,0.98984,0.71782,0.68667,0.54693,0.50581,0.52439,0.774,0.51989,0.24915,0.35891,0.74196,0.49072,0.91532,0.18519,0.95816,0.31934,0.24311,0.61111,0.7062,0.67352,0.42872,0.29494,0.61674,0.16706,0.22273,0.511,0.7219,0.37079,0.58649,0.50804,0.55952,0.64192,0.44809,0.26151,0.78782,0.54331,0.59734,0.50082,0.40754,0.61938,0.30028,0.67514,0.42961,0.46667,0.38057,0.56694,0.45082,0.78298,0.43044,0.34657,0.69133,0.62911,0.48558,0.8484,0.32353,0.35606,0.32817,0.44869,0.81965,0.61963,0.26105,0.3174,0.51207,0.5381,0.88586,0.33302,0.5654,0.27119,0.49687,0.35697,0.76781,0.41536,0.59267,0.70439,0.71958,0.67578,0.75358,0.48172,0.17039,0.41534,0.63123,0.53425
0.54623
0,35,291,153,0,41,0,0,0,0,0,71,0,0,0,1,0,4,85,12,1,2,2,0,176,11,6,0,0,0,0,0,10,0,0,0,1,0,0,0,1,9,247,0,0,1,2,0,4,0,0,0,171,0,5,0,0,19,0,0,0,0,0,0,1,1,25,0,0,0,0,0,10,93,467,0,0,0,0,0,0,0,93,0,0,0,26,0,0,0,0,0,0,4,0,0,0,0,76,221,0,0,10,0,37,0,175,0,0,0,0,0,4,0,25,0,0,0,1,17,0,3,0,36,2,0,0,0,0,23,0,0,0,0,0,0,0,0,0,0,0,0,0,0,0,231,14,9,2,0,0,0,0,18,2,0,0,27,18,10,2,0,0,11,0,0,0,0,0,3,0,0,6
0,1,9,67,1,15,0,0,0,12,0,4,0,0,0,6,0,3,0,1,0,0,0,0,22,0,7,0,0,0,71,0,108,0,0,1,4,0,0,0,1,0,54,0,20,105,6,2,0,0,0,0,1,0,1,0,1,0,0,4,1,0,0,0,0,0,10,0,22,0,0,0,0,48,1,0,1,0,3,0,0,3,351,0,1,1,0,0,0,0,1,0,8,1,0,0,0,0,25,4,63,0,370,0,5,0,7,23,0,21,0,0,6,0,0,13,2,0,1,1,26,517,0,24,0,0,0,0,0,346,0,0,0,0,0,0,0,0,0,2,0,0,0,8,0,2,329,12,223,0,0,10,1,0,0,0,0,415,6,0,7,0,23,291,0,0,0,0,0,1,0,0,234
1,35,41,32,29,38,2,1,1,11,4,13,7,0,0,0,1,1,27,122,1,9,54,0,56,10,18,0,2,0,14,0,86,0,0,32,5,8,1,8,4,3,95,1,1,61,56,0,54,0,32,0,30,2,4,15,4,35,4,3,0,1,5,0,1,0,19,2,3,1,0,1,4,118,8,5,1,0,1,0,0,1,122,0,1,1,3,0,0,0,9,0,0,3,0,5,2,8,41,113,2,1,26,0,107,3,133,1,0,5,0,3,13,0,10,8,5,3,26,2,0,14,2,82,2,0,12,0,0,59,1,0,4,19,0,1,0,0,1,2,0,8,2,4,1,63,45,98,27,0,0,15,10,3,2,0,0,43,3,11,25,0,1,18,1,1,0,10,1,30,1,5,27
0,141,146,36,0,116,0,0,0,0,0,22,0,0,0,0,0,0,460,8,56,29,27,0,31,35,60,0,0,3,0,0,0,0,0,0,1,0,0,0,4,172,59,0,0,0,0,0,7,0,0,0,365,0,0,0,1,106,0,0,3,0,1,0,0,0,6,1,3,0,10,0,4,20,98,0,0,0,0,0,0,0,7,0,0,0,25,0,58,0,0,0,0,2,0,0,0,0,23,179,0,0,0,0,45,0,60,0,0,0,0,12,5,0,44,2,0,0,0,3,0,0,0,19,0,0,0,0,3,9,0,0,0,2,0,0,0,0,0,0,0,0,0,0,0,221,1,13,0,0,0,1,0,3,18,3,0,0,128,19,0,0,0,0,0,0,0,0,0,1,0,0,1
0,6,32,73,0,25,0,0,0,1,0,2,0,0,0,0,0,0,5,1,1,2,0,0,26,3,0,0,0,0,4,0,2,0,0,0,0,0,0,0,0,0,37,0,0,1,0,0,0,0,0,0,1,0,0,0,0,0,0,0,0,0,0,0,0,0,4,0,0,0,0,0,0,112,1,0,0,0,0,0,0,0,55,0,0,0,0,0,0,0,0,0,0,2,0,1,0,0,5,43,1,0,17,0,15,0,32,0,0,0,0,1,0,0,2,0,0,0,0,0,1,12,0,2,0,0,0,0,0,78,0,0,0,0,0,0,0,0,0,0,0,0,0,0,0,11,20,17,8,0,0,0,0,2,0,0,0,49,0,1,0,0,0,8,0,0,0,0,0,0,0,0,7
2,112,17,12,121,77,0,0,0,16,9,11,0,0,0,0,11,0,35,319,25,81,130,0,28,107,17,0,2,5,13,7,49,0,0,7,19,11,1,1,31,11,13,8,0,35,276,3,131,5,128,0,7,0,17,31,16,21,14,0,3,0,5,9,4,0,36,9,12,0,20,0,9,30,7,0,10,0,5,3,3,0,15,0,3,1,6,0,5,4,13,0,1,6,1,10,1,3,4,61,2,0,5,0,133,0,33,6,2,1,0,35,29,0,13,5,4,10,118,9,1,1,4,15,2,0,0,4,3,35,0,1,0,27,3,1,0,0,0,5,0,0,0,18,0,37,45,73,1,0,0,17,96,8,31,0,0,4,27,16,96,0,5,5,0,4,2,0,0,45,0,34,24
0,1,87,311,0,2,0,0,0,0,0,22,0,0,0,0,3,0,0,0,1,0,7,0,4,0,117,0,0,0,3,0,31,0,0,0,0,0,0,0,0,0,184,0,13,53,1,8,7,0,3,0,10,0,0,0,0,7,0,0,15,0,0,0,0,0,7,0,1,0,0,0,0,22,3,0,0,0,0,0,0,0,133,0,0,0,2,0,0,0,0,0,0,1,0,0,0,0,379,96,9,0,29,0,3,0,37,0,0,0,0,0,169,1,0,0,0,0,0,1,16,2,0,423,0,0,0,0,0,18,0,0,0,0,0,0,0,0,0,0,0,0,0,19,0,36,30,3,3,0,0,0,1,1,0,0,0,14,0,0,2,0,0,31,0,0,0,0,0,1,0,0,7
0,3,0,1,2,0,0,0,0,0,0,0,0,0,4,0,0,0,6,0,0,3,1,0,0,1,0,0,0,0,6,0,0,0,2,0,0,0,0,1,0,0,1,42,0,0,1,0,0,0,0,1,0,1,0,1,0,0,10,2,0,0,1,0,1,0,0,2,0,0,0,0,0,0,4,0,0,0,0,0,0,0,0,0,2,1,4,0,2,0,0,0,1,1,0,0,0,1,0,0,0,2,0,0,0,1,0,0,0,1,0,0,0,0,12,1,0,0,0,0,0,0,0,2,0,1,0,0,0,0,0,0,0,1,0,12,0,17,0,7,0,0,0,0,0,0,0,0,0,0,1,0,18,0,1,0,0,0,0,0,0,1,0,0,106,0,0,2,0,0,0,0,0
1,0,0,0,36,0,9,1,65,0,11,0,105,7,363,0,3,2,0,5,3,0,0,393,0,1,0,5,11,10,0,7,0,256,1,2,197,184,257,65,0,1,0,15,0,0,0,0,32,3,5,4,0,3,1,18,5,0,0,24,0,3,13,7,0,234,0,4,0,197,7,19,2,0,0,10,8,1,0,1,253,0,0,0,1,0,0,4,1,4,26,14,0,28,1,30,33,887,0,0,20,2,0,117,0,4,0,0,4,0,1,9,0,41,7,0,0,3,0,1,0,0,9,0,6,6,19,583,5,0,63,169,20,2,1,6,367,1,1288,0,192,282,497,0,0,0,0,1,0,0,8,0,1,0,0,0,2,0,0,91,0,4,7,0,3,3,165,1,0,0,314,0,0
0,0,0,0,0,0,0,46,0,0,0,0,0,0,0,0,0,0,0,0,0,0,0,0,0,0,0,8,0,0,0,0,0,0,2,1,0,0,0,0,0,0,0,0,0,0,0,0,0,0,0,134,0,14,0,0,0,0,0,0,0,0,0,0,0,0,0,0,0,0,0,245,0,0,0,0,0,4,0,0,0,0,0,0,0,0,0,29,0,0,0,0,0,0,0,0,0,0,0,0,0,11,0,0,0,0,0,0,0,10,1,0,0,0,0,0,0,0,0,0,0,0,0,0,0,1,0,0,0,0,61,0,0,0,0,1,0,0,0,0,0,0,0,0,0,0,0,0,0,4,0,0,0,0,0,0,249,0,0,0,0,1,0,0,0,0,0,0,0,0,0,0,0
0,0,0,0,6,1,11,8,1,4,1,0,0,8,3,0,13,0,0,0,1,0,0,0,0,0,0,1,0,0,1,0,0,1,41,15,0,0,0,4,0,0,0,118,0,0,1,0,49,0,0,2,0,4,1,0,0,0,17,0,0,5,7,0,0,2,1,1,8,0,0,29,0,0,34,3,0,4,1,0,1,0,3,0,0,0,0,97,0,1,0,1,1,0,0,1,20,1,0,0,0,78,0,0,0,2,0,2,2,69,0,0,1,0,4,4,3,1,0,0,0,0,3,0,0,9,2,0,0,0,28,1,17,0,3,207,0,69,0,3,0,1,0,0,3,0,1,0,1,0,11,2,25,0,0,0,20,0,0,6,4,0,0,0,13,0,0,14,1,0,3,0,0
0,1,0,0,17,0,0,1,99,5,0,0,3,41,4,0,6,0,1,2,1,0,0,0,0,3,0,0,1,0,4,8,3,5,6,1,0,11,17,6,5,0,0,123,1,3,16,3,18,1,8,0,0,5,0,16,1,0,4,23,1,11,7,15,1,8,0,3,2,7,12,2,1,1,1,1,4,4,2,1,29,0,0,4,2,3,0,0,1,15,5,3,2,2,0,125,5,27,2,0,2,12,48,1,1,5,0,1,3,10,1,1,1,0,70,1,3,0,0,1,1,0,6,0,0,0,5,32,4,1,1,13,116,1,3,118,16,220,49,16,5,39,0,1,0,0,11,0,0,1,1,0,273,0,0,0,0,0,0,4,3,1,0,0,18,3,6,2,0,0,41,0,5
6,0,0,0,113,0,0,0,2,2,0,1,0,172,0,1,0,0,0,14,0,0,0,45,0,2,0,1,2,4,0,12,2,0,4,0,1,0,0,0,0,0,1,24,0,8,3,1,29,2,1,0,0,0,7,162,14,0,2,2,2,0,21,57,0,4,5,5,5,0,4,0,44,9,0,0,10,0,7,14,6,1,0,4,0,2,1,3,0,21,1,0,1,6,1,12,75,2,1,0,2,1,1,1,0,0,0,6,2,0,0,3,1,74,0,1,4,4,0,1,0,0,0,0,5,0,0,6,4,1,11,4,0,354,6,0,5,0,19,9,19,0,5,2,0,0,0,1,0,0,2,1,0,2,1,0,0,0,0,1,1,0,14,0,0,7,6,0,0,2,235,0,0
0,2,5,9,2,62,0,0,0,77,0,21,0,0,0,133,0,152,4,26,3,6,15,0,78,2,20,0,1,0,121,0,206,0,0,1,7,0,0,0,3,3,16,2,50,190,59,13,8,2,9,0,3,0,50,0,2,4,4,1,13,0,0,0,6,0,163,2,59,0,2,0,3,72,3,0,0,0,17,7,1,6,113,3,2,1,6,0,0,0,0,0,0,14,5,0,0,0,24,6,112,2,159,0,28,0,6,33,0,7,0,0,15,2,0,62,5,1,21,43,30,251,0,57,3,0,0,0,0,144,0,0,0,1,0,0,0,0,0,12,0,0,0,6,0,3,173,90,134,0,0,86,8,57,0,0,0,108,11,24,51,0,54,52,0,0,0,0,5,26,0,5,63
0,66,6,0,0,33,0,0,0,0,8,3,0,0,0,0,0,0,17,10,5,254,10,0,3,192,10,0,0,0,0,0,0,0,0,0,0,0,0,0,0,7,1,0,0,0,1,0,1,0,1,0,2,0,0,0,0,5,2,0,0,0,1,1,0,0,0,15,1,0,8,0,1,2,3,2,0,0,0,0,0,0,0,0,0,0,0,0,31,1,0,0,0,0,0,0,0,0,0,10,0,0,0,0,29,0,1,1,0,0,0,18,4,0,17,0,0,0,1,0,0,0,0,0,0,0,0,0,1,0,0,0,0,0,0,0,0,0,0,0,0,0,0,0,0,4,0,7,0,0,0,0,0,0,76,4,0,0,70,1,0,0,0,0,0,0,0,0,0,0,0,2,0
1,0,1,0,0,0,0,0,0,0,3,0,0,0,2,0,0,0,0,2,1,0,1,0,0,3,0,0,12,1,2,8,1,0,1,3,5,0,0,1,33,0,0,0,0,1,15,0,2,44,2,0,0,0,1,1,33,0,0,28,1,0,2,42,0,4,0,1,3,1,1,0,0,1,0,1,85,0,3,1,101,0,0,1,1,0,0,0,1,0,108,0,0,0,1,1,0,1,0,0,0,0,0,0,0,1,0,4,1,0,0,0,0,0,1,1,2,2,3,2,0,1,35,0,0,0,0,1,29,0,0,1,0,1,30,0,1,0,1,0,2,0,1,0,0,0,2,0,0,0,0,0,0,0,2,0,0,0,0,0,4,0,0,0,0,2,0,0,0,2,1,13,2
7,0,0,0,0,0,6,0,2,0,13,0,11,0,1,0,1,0,0,2,1,0,0,0,0,2,0,1,0,0,0,0,0,3,2,1,0,5,1,20,3,0,0,0,0,0,1,0,0,0,1,0,0,2,0,1,1,0,3,82,0,1,12,1,0,17,0,4,0,25,0,1,0,0,0,4,3,0,0,0,0,0,0,1,0,0,0,4,7,0,23,1,0,0,0,4,1,4,0,0,0,0,0,2,0,4,0,0,13,2,0,1,0,0,3,0,1,0,0,1,0,0,6,0,1,0,345,3,0,0,0,6,19,0,1,6,26,0,1,0,1,40,0,0,1,0,0,0,0,0,1,0,1,0,0,12,1,0,0,0,0,0,0,0,3,0,2,474,0,0,0,0,0
47,6,5,2,5,5,0,1,0,19,1,147,0,0,0,11,3,421,0,10,6,0,7,1,15,8,3,0,0,42,17,0,47,0,0,14,0,2,1,0,7,71,0,1,4,23,26,3,4,1,10,0,0,0,529,7,24,35,0,0,34,0,1,1,43,0,313,2,22,0,5,0,377,1,7,0,2,0,25,5,0,8,3,0,3,1,425,0,1,0,9,0,0,515,338,1,0,1,2,7,11,0,3,0,10,0,1,13,0,41,0,11,2,0,8,107,11,1,9,651,0,8,0,5,18,0,0,0,7,14,0,1,0,151,0,18,1,0,0,10,0,0,0,1,0,1,19,6,8,0,0,16,21,403,4,0,0,2,0,0,5,0,1,2,0,0,0,0,0,61,0,13,10
0,0,0,16,0,0,0,0,0,23,0,0,0,0,0,9,0,1,0,0,0,0,11,0,0,0,16,0,0,0,66,0,39,0,0,3,2,0,0,0,1,0,2,0,415,114,7,88,3,0,0,0,0,0,5,0,6,0,0,0,62,0,0,0,10,0,5,1,43,0,0,0,0,1,0,0,0,0,21,17,0,36,10,87,19,29,0,0,0,0,0,0,29,0,0,0,1,0,15,0,304,0,30,0,2,0,0,74,0,3,0,0,5,0,0,5,49,0,0,2,316,15,0,63,1,0,0,0,0,6,0,0,0,0,0,0,0,0,0,35,0,0,0,89,0,0,10,4,12,0,0,7,2,0,0,0,0,9,0,0,3,0,11,11,0,0,0,0,0,0,0,0,1
0,0,0,0,0,0,2,0,4,0,0,0,1,0,0,0,1,0,0,0,0,0,0,0,0,0,0,1,0,0,0,0,0,4,0,0,0,8,7,8,0,0,0,2,0,0,0,0,0,0,0,5,0,5,0,0,0,0,1,0,0,7,3,0,0,1,0,0,0,0,0,1,0,0,0,2,0,1,0,0,0,0,0,0,0,0,0,10,0,0,1,1,0,0,0,27,0,0,0,0,0,8,0,3,0,2,0,0,891,0,1,0,0,0,0,0,0,0,0,0,0,0,0,0,0,1,7,0,0,0,0,38,1089,0,0,0,6,4,0,0,0,17,0,0,0,0,0,0,0,1,0,0,4,0,0,0,3,0,0,0,0,0,0,0,21,0,0,2,0,0,0,0,0
10,0,0,0,148,0,0,0,2,2,5,0,0,55,35,0,65,3,0,1,0,1,1,0,0,1,0,1,0,0,10,0,0,0,50,2,0,0,0,0,1,79,1,27,0,0,0,0,9,0,1,1,0,5,0,0,0,0,3,2,0,1,2,0,0,0,0,21,1,0,1,3,1,0,3,0,0,0,0,0,2,0,0,0,0,0,1,5,0,1,0,0,0,0,0,1,0,0,0,0,0,2,0,0,0,0,0,0,0,0,0,0,1,1,0,1,0,0,0,0,0,0,0,1,1,66,0,0,0,0,2,0,1,0,0,17,0,4,0,1,1,0,3,0,87,0,0,2,0,2,404,1,1,0,1,0,1,0,0,0,0,0,0,0,25,0,0,0,2,0,0,0,0
0,0,0,0,3,0,1804,0,4,0,11,0,10,0,0,0,2,0,0,0,0,0,0,0,0,0,0,0,0,0,0,0,0,8,0,1,0,6,5,375,1,0,0,1,0,0,2,0,0,0,0,0,0,0,0,1,1,0,10,5,0,0,37,0,0,8,0,1,1,5,0,0,0,0,0,2295,0,0,0,0,1,0,0,0,0,0,0,0,0,0,60,3508,0,0,1,1,8,34,0,0,0,0,0,5,0,1832,0,0,3,0,0,0,0,1,3,0,1,2,0,0,0,0,3,0,0,0,18,2,0,0,0,2,37,0,3,0,3,0,0,0,1,27,0,0,0,0,0,0,0,0,0,0,1,0,0,2,0,0,0,0,0,0,0,0,0,0,12,10,1,0,1,0,0
8,1,1,1,2,1,19,2,1,7,6,1,0,18,12,0,18,2,2,41,4,0,0,3,0,6,1,0,2,0,8,1,5,0,34,3,0,0,0,1,6,0,2,48,0,1,4,3,6,2,0,4,0,2,3,126,2,0,204,8,0,1,4,2,1,1,1,0,16,0,4,1,2,3,0,1,0,0,0,1,8,0,2,6,2,13,0,6,0,2,3,1,7,4,2,2,387,0,1,3,0,23,1,0,1,5,0,2,3,11,2,0,1,21,3,4,9,379,0,1,0,5,6,0,18,16,16,7,1,5,0,0,11,0,242,3,0,4,0,0,0,0,10,12,16,0,14,1,2,0,10,7,4,1,1,1,1,7,1,0,6,0,4,2,16,3,0,9,4,2,3,2,2
1,3,0,2,10,14,0,0,0,317,0,5,0,0,0,54,26,57,0,8,0,5,80,0,31,7,12,0,4,0,167,0,188,0,0,16,10,0,0,0,48,2,1,34,132,174,172,83,30,0,47,0,1,0,47,0,22,2,3,0,82,0,2,1,42,0,57,4,187,0,14,0,0,5,0,0,1,0,251,65,1,57,13,73,41,39,1,0,8,2,0,0,69,6,193,3,1,0,1,0,143,1,15,0,15,0,2,204,0,14,0,1,25,5,0,116,58,7,36,13,92,58,0,19,20,0,0,0,0,20,0,1,0,11,0,1,0,0,0,180,0,0,0,35,0,1,47,53,41,0,0,187,72,26,1,0,0,24,30,23,22,0,107,5,0,0,0,0,224,28,0,17,8
1,7,0,5,70,12,1,3,1,346,3,14,0,2,3,11,185,13,1,57,3,4,125,2,21,6,12,3,32,1,190,5,241,4,0,241,47,1,1,2,211,4,1,68,107,199,459,169,62,31,234,0,0,0,88,83,63,11,25,0,103,0,8,9,65,2,72,10,240,0,46,1,1,9,2,0,37,0,280,44,10,66,8,85,99,108,11,1,10,72,33,0,106,10,16,11,7,0,9,3,52,1,10,1,14,0,6,207,0,18,0,3,40,14,1,103,127,93,132,14,61,23,3,36,75,0,1,1,1,28,1,6,0,121,4,2,0,0,1,362,0,0,9,92,0,0,114,24,23,0,1,189,312,14,2,0,0,21,56,8,146,2,292,7,0,0,0,1,21,54,3,190,17
0,0,0,0,0,0,2,0,0,23,0,0,0,0,0,129,4,3,0,0,0,1,18,0,0,0,6,0,4,1,27,0,1,0,0,154,10,0,0,0,5,1,0,0,94,9,3,495,2,2,8,0,0,0,2,1,16,3,0,0,302,0,0,0,253,0,1,30,38,0,8,0,0,0,0,0,3,0,43,72,2,616,0,725,357,626,0,0,115,239,1,0,842,0,8,0,1,0,0,0,74,0,0,0,0,0,0,122,0,3,0,0,133,15,0,33,395,4,0,0,58,5,0,0,120,0,0,0,4,0,0,0,0,0,0,0,0,0,0,128,0,0,0,421,0,0,0,2,0,0,0,38,9,0,0,0,0,1,4,0,1,0,11,1,0,0,0,0,62,0,0,0,0
0,0,0,0,0,0,0,29,0,1,0,0,0,0,0,0,0,2,0,0,0,0,0,0,0,0,0,16,0,0,0,0,0,0,17,3,0,0,0,0,1,0,0,2,0,0,0,0,50,0,0,92,0,6,1,0,0,0,0,0,0,0,3,0,0,0,0,0,1,0,0,325,0,0,0,0,0,1,0,0,0,0,0,0,0,0,0,35,0,1,0,0,0,0,0,3,0,0,2,0,0,8,0,0,0,0,0,0,0,9,3,0,0,0,0,1,0,1,0,0,0,0,0,0,0,2,0,0,0,0,441,0,1,0,0,4,0,0,0,0,0,0,0,0,0,0,0,0,0,6,1,0,0,0,0,0,105,0,0,0,0,3,0,0,0,0,0,4,0,0,1,0,0
1,1,0,0,82,0,3,3,16,0,56,0,8,649,104,0,385,0,0,1,0,0,0,0,0,0,0,4,0,0,18,0,0,0,426,2,0,0,0,5,1,14,0,14,0,0,0,0,1,0,1,5,0,19,0,0,0,0,25,5,0,10,7,0,0,1,0,3,0,3,0,11,49,0,0,2,1,0,0,0,0,0,0,0,1,0,0,34,0,1,0,0,0,1,0,1,12,0,0,0,0,82,0,0,0,6,0,0,1,15,7,1,0,0,34,1,0,0,0,0,0,0,6,0,0,854,6,0,0,0,7,0,20,0,4,24,0,21,0,2,0,0,0,0,638,0,0,0,0,42,196,0,4,0,1,1,6,1,0,0,0,0,0,0,45,0,0,4,0,0,0,2,1
2,0,0,0,22,0,4,2,1254,0,6,0,1114,0,73,0,4,0,0,0,0,0,1,100,0,0,0,1,3,5,0,10,0,1470,4,0,26,871,1333,1048,0,0,0,2,0,0,0,0,4,1,2,5,0,15,0,2,2,0,1,29,0,12,52,3,0,377,0,0,0,922,0,35,0,0,0,17,6,4,0,0,20,0,0,0,0,1,0,32,0,2,29,15,0,7,0,15,12,110,0,0,1,6,0,1524,0,23,0,0,27,2,2,6,0,13,6,0,0,1,0,0,0,0,2,0,4,48,182,33,1,0,17,218,42,5,7,28,631,1,228,0,119,981,235,0,2,0,0,0,0,1,1,0,0,0,1,0,15,0,0,12,0,2,0,0,7,4,519,1,0,0,85,0,0
1,136,26,23,2,241,2,0,0,85,22,8,0,12,1,1,0,2,68,11,16,493,375,4,4,579,165,1,1,6,3,10,8,0,0,1,2,5,0,1,19,40,26,11,0,22,24,81,106,3,94,0,9,0,3,16,4,11,2,24,4,0,6,14,7,0,1,488,6,0,505,0,5,12,7,0,4,0,2,39,8,0,7,4,3,1,4,0,66,183,3,0,2,2,0,2,1,1,22,64,4,0,4,0,82,1,7,1,5,0,0,415,35,46,48,0,7,1,2,0,4,1,10,96,8,0,0,14,21,3,0,0,0,1,2,1,0,0,0,10,1,0,0,124,0,49,7,18,0,0,0,1,2,1,226,18,0,4,66,3,6,0,0,1,0,12,12,0,0,1,1,0,1
1,0,0,0,2,1,4,0,0,1,5,0,0,5,19,0,0,0,0,2,1,1,1,156,0,7,2,0,47,15,0,541,4,0,0,0,117,16,2,1,7,1,0,4,2,1,6,1,16,91,25,0,0,0,0,77,100,0,1,267,1,0,7,244,7,7,0,0,2,0,9,0,0,4,1,6,148,0,0,0,188,1,0,0,1,8,0,0,0,3,217,0,1,2,2,17,2,10,0,0,3,0,0,0,1,0,0,0,2,0,0,12,3,0,20,0,2,0,0,0,4,1,536,1,0,0,0,44,45,9,0,6,0,2,62,4,6,1,0,10,18,0,1,3,0,0,0,0,1,0,1,2,2,0,4,0,0,0,0,0,5,0,1,1,0,544,8,0,1,1,4,2,0
0,3,0,1,18,7,1,1,0,6,2,0,0,106,30,0,1,1,1,10,2,3,4,17,0,9,3,0,509,5,3,493,7,3,1,0,276,5,15,22,43,2,0,10,1,4,17,1,91,684,24,2,0,0,7,197,137,2,0,193,8,0,9,811,0,78,5,11,4,3,25,1,2,117,0,2,814,1,7,5,207,0,0,3,2,7,1,0,1,9,423,0,1,1,6,30,12,10,0,3,2,0,4,2,2,0,1,4,12,0,0,32,1,11,23,0,7,7,0,2,1,2,181,3,2,0,0,12,306,5,1,93,0,29,357,1,20,0,44,3,172,0,10,8,0,0,0,3,0,0,0,1,0,1,2,0,0,0,2,2,4,3,158,0,0,132,18,0,2,1,46,2,1
0,1,0,0,0,0,1,0,0,0,2,0,0,0,48,0,0,0,0,13,1,0,0,3,0,0,0,0,220,0,0,55,0,7,0,0,6,0,0,1,0,2,0,0,1,0,2,0,3,296,2,0,0,0,0,8,146,0,0,0,0,0,3,33,0,35,1,0,3,0,6,0,0,0,0,5,159,0,1,2,23,1,0,1,0,5,0,0,0,2,32,0,4,1,1,0,0,2,0,0,0,0,0,5,0,0,0,0,1,0,0,8,0,2,0,2,5,0,0,0,0,0,9,0,1,0,0,1,53,1,0,6,0,2,24,0,10,0,1,0,11,0,16,5,0,0,0,0,0,0,0,1,1,0,2,0,0,0,0,0,1,0,4,0,0,23,1,0,0,0,0,0,0
1,222,14,11,2,183,0,0,0,3,0,4,0,0,0,0,0,0,97,47,28,126,10,0,166,91,11,0,0,0,1,0,38,0,0,0,1,0,0,0,2,4,15,0,0,7,11,1,6,0,0,0,2,0,1,0,2,13,0,0,0,0,0,0,0,0,7,0,2,0,13,0,1,45,16,0,0,0,1,0,0,0,14,0,0,0,3,0,4,0,0,0,0,1,0,1,0,2,3,39,3,0,2,0,140,0,21,0,0,1,0,24,10,0,11,0,0,0,0,0,0,1,0,4,0,0,0,0,1,28,0,0,0,0,0,0,0,0,0,0,0,0,0,1,0,24,6,254,7,0,0,8,0,1,13,3,0,4,29,238,1,0,0,3,0,0,1,0,0,17,0,0,8
0,1,1,8,0,10,0,0,0,0,0,4,0,0,0,0,0,0,2,0,240,1,125,0,3,5,171,0,0,0,0,0,3,0,0,0,0,0,0,0,0,6,0,0,0,2,1,1,3,0,0,0,6,0,0,0,0,11,0,0,3,0,0,0,0,0,0,0,0,0,0,0,0,1,3,0,0,0,0,0,0,0,0,0,0,0,1,0,1,0,0,0,0,0,0,0,0,0,2,9,2,0,0,0,5,0,5,0,0,0,0,3,1,0,0,0,0,0,0,1,0,0,0,23,0,0,0,0,0,2,0,0,0,0,0,0,0,0,0,0,0,0,0,2,0,8,0,5,0,0,0,0,0,0,0,0,0,0,0,3,0,0,0,0,0,0,0,0,0,0,0,0,0
0,3,0,0,6,2,2,9,0,0,0,2,0,17,5,0,9,0,4,1,0,1,0,0,0,0,0,0,0,0,51,0,0,0,14,0,0,0,0,1,0,0,1,248,1,0,0,1,1,0,1,4,0,1,0,1,0,0,531,0,0,0,1,0,0,0,0,6,1,0,0,2,1,0,0,1,0,0,0,0,1,0,2,2,1,0,0,4,2,0,0,0,4,0,0,0,112,0,0,1,0,19,0,0,3,6,0,0,1,13,1,0,1,0,3,0,0,0,0,0,1,0,0,0,0,32,0,0,0,0,0,0,21,0,5,21,1,43,0,9,0,1,0,0,1,0,3,0,0,0,3,0,41,0,0,0,0,0,0,0,2,0,0,0,722,0,0,1,0,0,0,0,0
634,15,25,17,2,9,2,0,2,5,6,378,0,6,1,6,1,296,7,1,5,1,18,21,29,7,9,0,0,792,0,4,30,0,0,3,3,2,2,0,4,187,11,1,8,20,6,3,6,1,163,0,2,0,56,8,66,404,0,9,146,0,1,5,328,0,149,5,3,0,12,0,102,4,68,0,3,0,9,13,3,44,11,5,1,3,412,0,0,3,5,0,2,108,24,11,0,0,7,17,9,0,7,0,55,0,18,10,0,4,0,20,11,1,33,3,12,2,1,328,8,0,3,8,123,0,0,11,108,8,0,5,0,89,1,191,0,0,0,11,0,0,1,4,0,7,15,7,3,0,1,1,1,211,2,1,0,1,1,1,6,0,0,40,0,0,2,0,0,52,2,5,8
0,0,0,0,0,0,0,794,0,0,0,0,0,0,0,0,0,0,0,0,0,0,0,0,0,0,0,573,0,0,0,0,0,0,9,0,0,0,0,0,0,0,0,0,0,0,0,0,0,0,0,54,0,1167,0,0,0,0,0,0,0,1315,1,0,0,0,0,0,0,0,0,42,0,0,0,0,0,1020,0,0,0,0,0,0,0,0,0,1,0,0,0,0,0,0,0,0,0,0,0,0,0,31,0,0,0,0,0,0,48,7,852,0,0,0,0,0,0,0,0,0,0,0,0,0,6,0,2,0,0,0,2,3,13,0,0,5,0,0,0,0,0,0,0,0,0,0,0,0,0,1318,0,0,0,0,0,0,39,0,0,0,0,163,0,0,0,0,0,5,0,0,0,0,0
0,0,0,0,0,0,0,338,0,0,0,0,0,0,0,0,0,0,0,0,0,0,0,0,0,0,0,52,0,0,0,0,0,0,0,0,0,0,0,0,0,0,0,0,0,0,0,0,0,0,0,1052,0,20,0,0,0,0,0,0,0,0,0,0,0,0,0,0,0,0,0,103,0,0,0,0,0,3,0,0,0,0,0,0,0,0,0,275,0,0,0,0,0,0,0,0,0,0,0,0,0,1,0,0,0,0,0,0,4,1,4,0,0,0,0,0,0,0,0,0,0,0,0,0,0,0,0,0,0,0,0,0,1,0,0,0,0,0,0,0,0,0,0,0,0,0,0,0,0,27,0,0,0,0,0,0,355,0,0,0,0,0,0,0,0,0,0,1,0,0,0,0,0
2,0,0,0,2,1,9,26,0,2,0,0,1,21,13,0,5,0,0,2,0,0,0,0,0,0,0,11,0,0,5,0,1,0,127,16,0,0,0,8,1,0,3,60,0,0,1,0,5,0,0,4,0,32,0,1,0,0,41,0,0,14,15,0,0,0,2,0,1,1,0,101,2,0,0,4,0,22,0,0,0,0,1,0,0,0,0,302,0,1,0,0,0,0,0,0,26,0,0,0,0,946,0,0,0,13,0,1,3,661,3,0,1,0,2,0,0,0,0,0,0,0,0,0,0,47,10,0,0,1,65,1,27,1,3,427,0,84,0,3,0,1,0,0,3,0,2,0,0,7,8,0,33,0,0,0,182,0,0,0,1,1,0,0,24,0,0,86,0,0,0,0,0
0,0,0,0,1,0,2,0,11,0,0,0,1,0,0,0,0,0,0,1,0,0,0,0,0,0,0,5,0,0,0,0,0,21,6,0,0,21,65,6,0,0,0,2,0,0,0,0,0,0,0,0,0,7,0,0,0,0,3,0,0,30,1,0,0,2,0,0,0,0,0,1,0,0,0,0,0,26,0,0,0,0,0,0,0,0,0,3,0,0,0,0,0,0,0,18,1,1,0,0,0,21,0,4,0,3,0,0,217,2,7,0,0,0,0,0,0,0,0,0,0,0,0,0,0,0,1,1,0,0,1,60,89,0,0,18,9,15,0,0,2,17,0,0,0,0,0,0,0,1,0,0,21,0,0,0,5,0,0,0,0,2,0,0,8,0,2,0,0,0,0,0,0
0,25,3,2,4,3,0,0,0,15,1,2,0,0,0,0,3,1,3,13,2,15,33,0,4,8,7,0,0,0,13,0,28,0,0,3,0,0,0,0,5,6,1,5,2,12,27,5,16,0,14,0,8,0,5,4,1,7,0,0,0,0,0,0,2,0,5,0,8,0,9,0,1,3,4,0,0,0,31,1,0,0,1,1,3,0,3,0,1,0,0,0,0,2,0,1,0,0,0,4,4,0,2,0,18,0,2,13,0,0,0,3,2,0,3,4,0,0,5,3,1,0,0,8,0,0,0,0,0,1,0,0,0,1,0,0,0,0,0,3,0,0,0,0,0,4,5,22,0,0,0,4,9,3,6,0,0,0,5,1,3,0,0,0,0,0,1,0,0,4,0,2,4
1,63,0,1,0,14,0,0,0,49,12,0,0,0,0,0,3,15,5,15,15,7,6,2,7,26,2,0,0,6,21,2,32,0,0,97,1,0,0,0,44,1,0,4,13,11,87,4,5,1,22,0,0,0,18,3,30,2,0,2,17,0,4,1,9,0,4,2,21,0,227,0,1,1,1,0,5,0,511,157,0,5,1,41,45,20,5,0,2,22,4,0,37,6,10,2,10,0,0,1,19,0,1,0,3,0,0,238,0,1,0,21,17,1,0,35,31,1,0,6,1,4,2,0,4,0,0,0,4,4,0,0,0,2,1,1,0,0,0,10,1,0,0,1,0,0,8,45,1,0,0,60,4,11,7,1,0,0,4,3,1,0,6,2,0,2,0,0,36,25,0,6,1
2,0,0,0,30,0,1,1,3,3,11,0,0,41,0,0,0,0,1,1,0,1,0,19,0,6,0,3,3,76,0,14,0,6,0,1,0,70,30,2,1,1,0,35,0,1,4,0,16,1,64,0,0,3,1,16,8,0,4,9,1,3,2,7,1,3,0,3,3,0,10,2,43,1,1,0,2,1,2,1,1,0,0,2,0,1,0,1,2,7,19,0,0,0,1,566,6,40,0,0,0,0,8,0,0,0,0,1,197,0,0,13,0,10,9,0,0,1,0,0,0,0,0,0,1,1,7,214,1,0,3,77,73,0,0,0,11,4,12,1,8,5,0,0,0,0,0,1,0,0,1,0,5,1,0,0,0,0,0,1,0,2,0,0,13,15,10,1,0,1,14,0,0
6,25,3,0,1,4,0,0,0,1,428,9,0,0,0,2,0,0,6,0,377,17,202,1,0,29,114,0,0,17,2,0,0,0,0,0,0,0,0,0,5,93,3,0,1,1,10,12,20,2,85,0,19,0,0,0,3,54,0,134,1,0,3,0,17,0,0,36,0,0,55,0,0,0,4,0,2,0,1,0,9,3,0,2,0,0,7,0,304,2,2,0,0,2,0,5,0,1,0,3,0,0,0,0,2,0,1,1,0,0,0,312,3,0,4,0,0,0,0,2,0,0,8,17,0,0,2,7,8,0,0,0,0,0,2,1,0,0,0,6,0,0,0,2,0,12,3,0,0,0,0,0,0,0,14,357,0,0,11,0,1,0,0,0,0,1,0,0,0,0,0,1,0
0,0,0,0,0,0,0,0,0,17,0,0,0,0,1,9,0,117,0,2,0,0,0,0,2,0,0,0,0,0,5,0,0,0,0,87,0,0,0,0,1,0,3,1,2,2,1,17,20,0,1,0,0,0,1,2,4,0,0,2,3,0,0,2,1,0,0,3,2,0,4,0,0,0,0,0,0,0,15,18,2,0,0,26,33,88,0,0,4,18,0,0,55,12,7,0,1,0,0,0,3,0,0,0,0,0,0,11,0,1,0,0,33,420,0,147,30,0,0,5,0,0,1,0,159,0,0,0,1,0,1,0,0,0,1,0,0,0,0,1,1,0,0,9,0,0,0,3,0,0,0,69,0,20,0,0,0,0,0,0,0,0,4,0,0,0,0,0,105,0,0,0,0
1,0,0,0,1,0,0,240,0,0,0,0,0,1,0,0,1,0,0,0,0,0,0,0,0,0,0,420,0,0,2,0,0,0,9,0,0,2,0,1,0,0,0,1,0,0,2,0,0,0,0,19,0,262,0,0,0,0,0,0,0,562,13,0,0,0,0,0,1,0,0,37,0,0,0,0,0,528,0,0,0,0,0,0,0,0,0,6,0,19,0,0,0,0,0,208,1,0,83,0,0,17,2,0,0,1,0,0,16,3,379,0,0,2,0,0,0,1,0,0,0,0,0,0,26,0,0,0,0,0,2,14,12,1,0,3,0,0,0,0,0,0,0,0,0,0,0,0,0,195,1,0,0,0,0,0,45,0,0,0,0,625,0,0,0,0,1,1,0,0,0,0,0
0,0,0,0,0,0,0,13,0,0,0,0,0,0,0,0,0,0,0,0,0,0,0,0,0,0,0,10,0,0,0,0,0,0,1,3,0,0,0,0,0,0,0,0,0,0,0,1,0,0,0,30,0,0,0,0,0,0,0,0,0,0,1,1,0,0,0,0,0,0,0,24,0,0,0,0,1,0,0,0,0,0,0,0,0,0,0,8,0,1,0,0,0,0,0,4,0,0,2,0,0,0,0,0,0,0,0,0,0,0,1,0,0,0,0,0,0,0,0,0,0,0,0,0,0,0,0,0,0,0,4,0,0,0,0,0,0,0,0,0,0,0,0,0,0,0,0,0,0,3,0,0,0,0,0,0,37,0,0,0,0,4,0,0,0,0,0,0,0,0,1,0,0
