0.84706,0.23563,0.40274,0.36794,0.21902,0.27113,0.95464,0.65273,0.85994,0.33405,0.70184,0.47489,0.8769,0.58494,0.49211,0.35325,0.53135,0.39202,0.55556,0.42553,0.48395,0.46692,0.34474,0.50321,0.23202,0.50139,0.2365,0.60658,0.6,0.78529,0.24935,0.45017,0.20435,0.81457,0.52263,0.32137,0.32889,0.76279,0.76083,0.6623,0.49272,0.27657,0.3088,0.22173,0.46266,0.18519,0.34941,0.45323,0.16706,0.58974,0.24377,0.7147,0.55397,0.76043,0.62369,0.32069,0.23879,0.4992,0.58639,0.28053,0.40741,0.67295,0.39729,0.64292,0.41802,0.42073,0.25818,0.71969,0.31282,0.78114,0.48048,0.48571,0.61337,0.19219,0.66862,0.97565,0.63542,0.66926,0.43384,0.31609,0.25344,0.71201,0.37514,0.67819,0.68627,0.66704,0.45946,0.35167,0.5387,0.3791,0.3865,0.98977,0.72674,0.67302,0.54375,0.52109,0.51861,0.75091,0.60026,0.24504,0.37454,0.75949,0.52413,0.91609,0.19067,0.95996,0.33971,0.25674,0.61383,0.70199,0.65893,0.41641,0.26609,0.70533,0.15726,0.25377,0.48757,0.66966,0.37673,0.60399,0.46099,0.55835,0.59487,0.46587,0.29908,0.78201,0.53869,0.66577,0.51923,0.45191,0.48533,0.30946,0.68577,0.34948,0.4649,0.375,0.60205,0.46924,0.80113,0.41787,0.40637,0.6951,0.62836,0.45756,0.8553,0.3432,0.34736,0.32769,0.43793,0.8067,0.63591,0.34438,0.34047,0.51475,0.42857,0.89646,0.27694,0.56879,0.21913,0.49585,0.34838,0.85312,0.43064,0.58812,0.69094,0.67273,0.681,0.69706,0.42827,0.57547,0.41392,0.68436,0.44406
0.55141
0,38,294,165,0,37,0,0,0,0,0,65,0,0,0,1,0,4,81,12,2,2,2,0,170,11,8,0,0,0,0,0,8,0,0,0,0,0,0,0,1,12,235,0,0,0,2,1,5,0,0,0,172,0,4,0,0,8,0,0,2,0,0,0,1,1,25,0,0,0,0,0,10,110,456,0,0,0,0,0,0,0,83,0,0,0,33,0,0,0,0,0,0,2,0,0,0,0,86,210,0,0,8,0,41,0,213,0,0,0,0,0,3,0,28,1,0,0,1,19,0,2,0,39,0,0,0,0,0,22,0,0,0,1,0,0,0,0,0,0,0,0,0,0,0,202,14,8,0,0,0,0,0,14,4,0,0,28,16,13,1,0,0,12,0,0,0,0,0,6,0,0,9
0,1,9,71,1,14,0,0,0,12,0,4,0,0,0,8,0,2,0,2,0,0,0,0,20,0,8,0,0,0,44,0,82,0,0,1,5,0,0,0,1,0,51,0,23,99,7,3,0,0,0,0,1,0,1,0,1,0,0,3,2,0,0,0,0,0,12,0,28,0,0,0,0,47,1,0,0,0,2,0,0,2,332,0,1,1,0,0,0,0,2,0,6,1,0,0,0,0,22,5,50,0,391,0,4,0,5,17,0,20,0,0,6,0,0,13,2,0,1,1,34,488,0,28,0,0,0,0,0,390,0,0,0,0,0,0,0,0,0,1,0,0,0,6,0,2,322,13,254,0,0,10,1,0,0,0,0,401,13,0,7,0,13,307,0,0,0,0,0,1,0,0,258
1,40,40,35,24,32,2,1,1,15,5,20,7,2,0,0,1,1,26,110,1,9,45,0,69,11,19,0,1,0,11,0,101,2,0,32,9,2,1,6,8,5,99,0,2,51,47,3,100,1,31,0,31,2,7,17,2,28,0,2,1,1,6,0,2,0,9,1,5,1,0,0,3,103,10,2,1,0,1,0,0,0,114,1,0,1,3,0,0,0,8,0,0,2,0,6,3,12,40,115,2,1,28,0,108,3,125,1,0,5,0,2,10,0,12,8,5,1,27,4,1,10,1,69,1,0,13,1,0,54,1,0,3,19,0,1,0,0,1,2,0,9,1,3,1,54,45,108,31,0,0,5,7,4,12,0,0,37,6,8,40,0,0,19,0,1,1,8,0,19,1,3,44
0,144,156,38,0,100,0,0,0,0,0,21,0,0,0,0,0,0,450,9,52,28,32,0,28,22,78,0,0,3,0,0,0,0,0,0,2,0,0,0,3,175,59,0,0,0,1,0,13,0,2,0,349,0,1,0,1,123,0,0,3,0,1,0,0,0,5,1,3,0,8,0,1,23,81,0,0,0,0,0,0,0,7,0,0,0,28,0,51,0,0,0,0,2,0,0,0,0,22,171,0,0,0,0,48,0,62,0,0,0,0,16,0,0,54,1,0,0,0,3,1,0,0,18,0,0,0,0,2,7,0,0,0,2,0,0,0,0,0,0,0,0,0,2,0,232,1,11,0,0,0,0,0,4,21,3,0,1,126,24,0,0,0,0,0,0,0,0,0,1,0,0,1
0,6,28,73,0,27,0,0,0,1,0,2,0,0,0,0,0,0,4,2,1,2,0,0,26,3,0,0,0,0,0,0,2,0,0,0,0,0,0,0,1,0,38,0,0,1,0,0,0,0,0,0,1,0,0,0,0,0,0,0,0,0,0,0,0,0,4,0,0,0,0,0,0,123,1,0,0,0,0,0,0,0,54,0,0,0,0,0,0,0,0,0,0,1,0,0,0,0,5,44,1,0,17,0,13,0,30,0,0,0,0,1,0,0,4,1,0,0,0,0,1,7,0,1,0,0,0,0,0,73,0,0,0,0,0,0,0,0,0,0,0,0,0,0,0,12,21,21,7,0,0,0,0,3,0,0,0,47,0,1,0,0,0,8,0,0,0,0,0,0,0,0,10
3,103,16,12,92,65,1,0,0,19,8,18,0,0,0,0,10,1,30,320,24,73,116,0,32,102,17,0,2,2,10,5,54,0,0,5,18,6,0,0,34,12,14,3,1,32,276,7,140,6,128,0,6,0,25,27,15,10,4,1,6,0,3,8,5,0,29,13,15,0,24,0,10,24,5,0,12,0,4,7,1,0,14,0,1,0,6,0,4,0,13,0,1,5,2,7,1,3,6,63,1,0,6,0,115,0,38,5,2,1,0,56,25,0,29,5,6,17,107,9,2,1,1,13,4,0,0,4,3,25,0,2,0,19,2,1,0,0,0,5,0,0,0,17,1,35,46,82,3,0,0,8,87,5,52,2,0,5,45,18,163,1,7,7,0,14,4,0,0,40,1,16,26
0,0,88,280,0,2,0,0,0,0,0,19,0,0,0,0,2,0,0,2,0,0,7,0,5,0,85,0,0,0,4,0,34,0,0,0,0,0,0,0,0,1,186,0,11,58,0,7,12,0,4,0,13,0,0,0,0,2,0,0,15,0,0,0,0,0,8,0,0,0,0,0,0,14,3,0,0,0,0,0,0,0,126,0,0,0,3,0,0,0,0,0,0,1,0,0,0,0,455,82,8,0,21,0,2,0,61,0,0,0,0,1,153,0,0,0,2,0,0,1,19,2,0,430,0,0,0,0,0,18,0,0,0,0,0,0,0,0,0,0,0,0,0,22,0,28,24,3,3,0,0,0,1,1,0,0,0,13,0,0,3,0,0,33,0,0,0,0,0,0,0,0,12
0,3,1,1,0,1,0,0,0,1,1,0,0,1,11,0,1,0,4,0,0,1,1,0,0,0,0,0,0,0,3,0,0,0,2,0,0,0,0,1,0,0,1,34,0,0,2,0,0,0,0,1,0,1,0,1,0,0,9,2,0,0,1,0,1,0,0,2,0,0,0,0,0,0,3,0,0,0,0,0,0,0,0,0,0,1,3,0,3,0,0,0,0,1,0,0,0,0,0,0,0,1,0,0,0,1,0,0,0,0,0,0,0,0,13,1,0,0,0,0,0,0,0,2,0,2,0,1,1,0,0,0,0,0,0,12,0,20,0,9,0,0,0,0,0,0,0,0,0,0,2,0,16,0,0,0,1,0,1,0,0,1,0,0,109,0,0,2,0,1,0,0,0
4,0,0,0,42,0,8,5,66,0,12,0,113,6,343,0,0,2,0,6,3,0,0,392,0,0,0,1,12,13,0,12,0,250,4,2,182,166,261,62,0,0,0,9,0,1,0,1,18,3,3,6,0,1,1,11,9,0,1,27,0,2,26,5,0,406,0,4,0,199,5,12,0,0,0,9,6,1,0,0,210,0,0,0,1,0,0,5,2,3,24,13,0,12,1,39,30,829,0,0,16,5,0,122,0,5,0,0,5,0,1,7,0,24,4,2,0,3,0,1,0,0,11,0,7,0,18,743,2,0,66,162,20,3,0,5,280,1,1273,1,158,272,514,0,0,0,0,0,0,0,7,0,0,0,0,0,6,0,0,79,0,6,7,0,3,5,126,1,0,0,351,0,0
0,0,0,0,0,0,0,26,0,0,0,0,0,0,0,0,0,0,0,0,0,0,0,0,0,0,0,10,0,0,0,0,0,0,4,0,0,0,0,0,0,0,0,0,0,0,0,0,0,0,0,138,0,9,0,0,0,0,0,0,0,0,0,0,0,0,0,0,0,0,0,164,0,0,0,0,0,6,0,0,0,0,0,0,0,0,0,29,0,0,0,0,0,0,0,0,0,0,0,0,0,14,0,0,0,0,0,0,0,9,1,0,0,0,0,0,0,0,0,0,0,0,0,0,0,2,0,0,0,0,152,0,0,0,0,2,0,0,0,0,0,0,0,0,0,0,0,0,0,2,0,0,0,0,0,0,252,0,0,0,0,0,0,0,0,0,0,2,0,0,0,0,0
0,0,0,0,9,3,14,5,2,3,1,0,0,7,3,0,10,0,0,0,1,0,0,0,0,0,0,1,0,0,1,0,0,1,34,10,0,0,0,2,0,0,0,136,0,1,2,0,51,0,0,1,0,4,1,0,0,0,25,1,0,3,11,0,0,1,1,0,2,0,0,5,0,0,36,6,0,4,1,0,0,0,3,0,0,0,0,94,0,0,0,2,1,0,0,2,10,0,0,0,0,98,0,0,0,2,2,2,2,54,0,0,2,0,2,18,2,0,0,0,0,0,3,0,1,9,3,0,0,0,20,1,20,0,2,195,0,78,0,4,0,1,0,0,1,0,1,0,1,2,11,1,19,0,1,0,26,0,0,6,3,0,0,0,11,0,0,25,1,0,3,1,1
0,1,0,0,21,0,0,1,87,2,0,0,3,32,7,0,2,0,0,3,0,0,0,0,0,3,1,1,1,0,1,2,2,4,4,2,0,8,17,2,2,0,0,153,1,4,15,3,14,1,4,0,0,1,0,17,0,0,11,25,1,9,9,7,2,12,0,4,2,7,9,0,1,1,1,2,3,7,2,1,22,0,0,4,0,4,0,0,1,13,5,3,3,1,0,163,3,26,1,0,3,13,28,0,1,6,0,1,3,7,2,1,2,0,51,0,4,0,0,0,1,0,7,0,0,4,8,28,2,1,1,14,103,1,6,80,11,267,42,15,5,40,0,2,0,0,8,1,0,0,0,1,278,0,0,0,0,0,0,3,9,2,0,0,26,5,6,2,0,0,64,0,7
3,0,0,0,125,0,0,2,2,2,1,2,1,169,1,1,0,0,0,16,0,0,0,63,0,3,0,1,3,4,0,8,1,0,8,0,1,0,0,0,0,0,0,38,0,3,7,1,18,0,0,0,0,0,10,278,9,0,1,2,4,0,12,32,0,1,6,7,6,0,4,0,40,2,0,0,12,0,7,13,11,0,0,5,0,1,1,3,0,16,1,0,0,5,1,17,109,2,0,0,3,1,1,1,0,0,0,6,1,0,0,4,0,18,0,3,3,6,0,2,0,0,0,0,10,0,0,10,2,0,9,6,0,267,9,0,5,0,16,10,14,0,4,1,0,0,0,1,0,0,1,0,0,1,0,0,1,0,0,1,0,3,6,1,0,5,8,0,1,1,242,1,1
0,2,4,14,1,57,0,0,0,62,0,23,0,0,0,136,0,125,4,21,3,5,17,0,87,2,23,0,1,0,96,0,184,0,0,0,4,0,0,0,3,5,14,1,52,190,45,10,9,0,11,0,1,0,38,0,3,1,0,1,13,0,0,0,6,0,216,0,92,0,4,0,4,56,4,0,0,0,13,18,1,4,92,3,0,4,6,0,0,0,0,0,1,15,5,0,0,0,19,14,111,1,163,0,31,0,11,28,0,7,0,0,13,0,0,68,6,1,24,39,35,231,0,53,3,0,0,0,0,152,0,0,0,1,0,1,0,0,0,11,0,0,0,6,0,1,169,97,148,0,0,101,8,48,0,0,0,107,12,30,49,0,46,62,0,0,0,0,3,15,0,11,102
0,64,3,0,0,29,0,0,0,0,6,3,0,0,0,0,0,0,18,10,7,254,14,0,3,183,10,0,0,1,0,0,0,0,0,0,0,0,0,0,0,5,0,0,0,0,1,0,2,0,1,0,2,0,0,0,0,7,1,1,0,0,2,1,0,0,0,12,1,0,5,0,0,2,2,1,0,0,0,0,0,0,0,0,0,0,0,0,25,1,1,0,0,0,0,0,0,0,0,10,0,0,0,0,28,0,3,0,0,0,0,24,2,0,21,0,0,0,2,0,0,0,0,0,0,0,0,0,1,0,0,0,0,0,0,0,0,0,0,0,0,0,0,0,0,4,0,9,0,0,0,0,0,0,78,3,0,0,84,1,1,0,0,0,0,0,0,0,0,0,0,0,0
1,0,0,0,0,0,0,0,0,1,3,0,0,0,1,0,0,0,0,1,0,0,0,0,0,2,0,0,11,0,3,8,2,0,0,2,4,0,0,2,12,1,0,0,1,1,18,0,3,29,0,0,1,0,2,2,47,0,0,17,1,0,1,50,0,6,0,1,1,0,0,0,0,1,0,1,74,0,3,1,102,0,0,1,1,1,0,0,3,0,99,0,1,0,1,2,0,2,0,0,0,0,0,1,0,0,0,6,0,0,0,0,2,0,1,3,2,2,3,2,0,0,44,0,0,0,2,1,45,0,0,1,0,1,37,0,3,0,1,0,2,1,1,0,0,0,2,0,0,0,0,0,0,0,1,0,0,0,0,0,6,0,0,0,0,2,0,0,0,2,0,14,1
7,0,0,0,0,0,6,1,4,0,14,0,10,0,1,0,0,0,0,2,1,0,0,0,0,2,0,1,0,0,3,1,0,4,2,1,0,3,1,16,4,0,0,0,0,0,1,0,0,0,3,0,0,3,0,0,1,0,7,65,0,1,17,0,0,26,0,2,0,26,0,1,0,0,0,1,1,0,0,0,0,0,0,1,0,0,0,2,18,0,22,2,0,0,0,4,0,6,0,0,0,0,0,2,0,4,0,0,13,2,0,0,0,1,0,0,1,0,0,1,0,0,16,0,0,0,355,3,0,0,0,6,16,0,2,2,20,0,1,0,2,40,1,0,1,0,0,0,0,0,0,0,0,0,0,1,0,0,0,0,0,0,0,0,4,0,1,474,0,0,0,0,0
40,6,5,1,6,4,0,1,0,15,2,144,0,0,0,13,2,403,0,5,8,0,6,1,15,8,3,0,0,53,17,0,43,0,0,11,3,0,1,0,9,72,0,1,4,16,24,4,3,1,12,0,0,0,537,10,21,5,0,0,38,0,0,0,49,0,221,2,26,0,6,0,422,0,6,0,2,0,28,15,0,9,2,1,1,1,425,0,0,0,7,0,0,494,348,1,0,1,2,8,13,0,5,0,11,0,3,14,0,49,0,15,2,2,8,106,7,5,12,697,0,6,0,6,10,0,0,0,5,13,0,2,0,150,0,21,1,0,0,12,0,0,1,2,0,3,19,5,12,0,0,15,23,349,7,0,0,1,1,0,8,0,0,1,0,0,0,0,2,125,1,14,14
0,0,0,13,0,0,0,0,0,16,0,0,0,0,0,7,0,1,0,0,0,0,10,0,3,0,16,0,0,0,67,0,20,0,0,4,2,0,0,0,0,0,3,0,446,123,7,78,1,0,0,0,0,0,2,0,4,0,0,0,53,0,0,0,11,0,4,1,42,0,0,0,0,1,0,0,0,0,20,28,0,25,5,97,16,37,0,0,0,0,0,0,28,0,0,0,1,0,18,0,303,0,28,0,2,0,0,60,0,3,0,0,2,0,0,5,59,0,0,2,325,19,0,59,1,0,0,0,0,3,0,0,0,0,0,0,0,0,0,32,0,0,0,87,0,0,12,5,17,0,0,12,1,0,0,0,0,10,0,0,3,0,8,8,0,0,0,0,1,0,0,2,3
3,0,0,0,0,0,2,0,1,0,0,0,1,0,0,0,1,0,0,0,0,0,0,0,0,0,0,1,0,0,0,0,0,4,0,0,0,8,7,6,0,0,0,2,0,0,0,0,0,0,0,4,0,4,0,0,0,0,0,0,0,6,4,0,0,0,0,0,0,0,0,1,0,0,0,2,0,1,0,0,0,0,0,0,0,0,0,6,0,0,1,1,0,0,0,25,0,0,0,0,0,6,0,1,0,2,0,0,879,0,1,0,0,0,0,0,0,0,0,0,0,0,0,0,0,3,8,1,0,0,1,48,1089,0,0,1,11,4,0,0,0,18,0,0,0,0,0,0,0,1,0,0,4,0,0,0,3,0,0,0,0,0,0,0,26,0,0,3,0,0,0,0,0
9,0,0,0,175,0,1,0,1,0,4,0,1,59,26,0,55,0,0,0,0,1,0,1,0,0,0,1,0,0,19,0,0,0,53,1,0,0,0,0,0,83,1,33,0,0,2,0,6,0,0,1,0,4,0,0,0,0,3,2,0,2,3,0,0,1,0,15,0,0,1,0,0,0,1,0,0,0,0,1,2,1,0,0,0,0,1,6,0,0,0,0,0,0,1,1,1,0,0,0,0,2,0,0,0,0,0,0,0,1,0,0,2,2,2,1,0,0,0,0,0,0,0,0,0,67,0,0,0,0,4,0,2,0,0,10,0,4,0,6,0,0,4,1,84,0,0,2,0,2,379,0,1,0,4,0,1,0,0,1,1,0,1,0,26,0,0,0,2,1,0,0,0
1,0,0,0,1,0,1789,0,5,0,10,0,13,0,0,0,1,0,0,0,0,0,0,0,0,0,0,0,0,1,0,0,0,7,0,1,0,7,6,357,0,0,0,1,0,0,2,0,0,0,0,0,0,0,0,1,1,0,8,7,0,0,66,0,1,7,0,1,1,5,0,0,0,0,0,2284,0,0,0,0,1,0,0,0,0,0,0,0,2,0,74,3579,0,0,0,2,11,45,0,0,0,0,0,5,0,1750,0,0,3,0,0,0,0,1,1,0,1,2,0,0,0,0,3,0,0,0,20,3,0,0,0,2,32,0,2,0,8,0,0,0,1,25,0,0,0,0,0,0,0,0,0,0,1,0,1,0,0,0,0,0,0,0,0,0,0,1,11,8,1,0,0,0,0
11,0,1,2,1,2,18,1,1,8,5,1,0,21,12,0,17,0,1,42,3,0,1,4,0,5,1,0,2,0,10,1,6,0,36,3,1,0,0,1,1,1,1,36,0,0,2,1,3,2,0,4,0,1,2,115,1,0,218,7,0,1,2,2,0,1,4,0,15,0,3,1,4,3,0,1,0,0,0,2,6,0,2,6,3,7,1,6,1,2,2,1,10,4,1,3,418,0,0,2,1,22,2,0,0,4,0,3,3,18,2,0,0,19,2,9,5,373,3,2,0,5,2,0,17,33,16,3,1,3,0,0,9,0,228,3,0,4,0,0,0,0,10,9,18,0,15,0,1,0,10,9,4,1,4,0,1,8,1,0,1,0,4,5,14,6,0,9,2,0,3,4,2
1,3,0,2,7,20,0,0,0,270,0,4,0,0,0,62,25,48,1,9,0,6,66,0,44,7,13,0,5,0,156,0,146,0,0,14,14,0,0,0,51,3,0,21,136,177,164,87,31,0,50,0,1,0,45,0,18,2,0,0,77,0,2,1,41,1,86,4,207,0,25,0,0,3,0,0,0,0,220,127,0,53,13,70,44,49,3,0,6,3,0,0,69,6,198,4,1,0,1,0,125,1,15,0,17,0,1,206,0,19,0,0,19,1,0,119,67,13,35,11,98,59,0,20,16,0,0,0,1,21,0,0,0,8,0,0,0,0,0,168,0,0,0,31,0,2,50,49,56,0,0,239,69,16,1,0,0,20,32,25,27,0,108,4,0,0,0,0,200,13,0,17,20
0,5,0,4,59,13,0,4,0,311,7,13,0,0,3,10,154,9,2,61,3,2,109,2,25,5,20,2,31,0,192,2,216,3,0,206,87,0,0,1,237,5,1,45,143,182,442,171,63,20,225,1,0,0,92,73,45,2,0,0,102,0,8,13,60,2,96,11,244,0,50,1,3,4,1,0,26,0,228,129,7,70,10,73,52,128,10,0,5,64,38,0,98,10,25,9,7,2,10,2,52,1,9,2,10,0,6,211,0,21,0,4,41,13,3,94,167,109,136,15,87,28,1,36,76,0,1,2,29,25,0,5,0,114,10,1,0,0,0,346,0,1,6,93,0,0,124,20,30,0,1,132,334,13,5,0,0,14,53,9,193,1,298,8,0,0,1,0,22,40,5,245,36
0,0,0,0,0,1,2,0,0,16,0,0,0,0,0,127,5,4,0,0,0,1,13,0,0,0,8,0,4,1,31,0,0,0,0,158,17,0,0,0,2,1,0,0,110,16,2,470,2,2,5,0,0,0,2,0,12,3,0,0,319,0,0,0,236,0,2,33,32,0,13,0,0,0,0,0,2,0,37,90,3,581,0,706,455,603,0,0,75,243,0,0,867,0,9,0,1,0,0,0,67,0,0,0,0,0,0,93,0,4,0,0,128,34,0,31,412,3,0,0,78,5,0,0,119,0,0,0,3,0,0,0,0,1,2,0,0,0,0,125,0,0,0,372,0,0,1,2,1,0,0,53,3,0,1,0,0,3,6,0,2,0,7,1,0,0,0,0,70,0,0,1,0
0,0,0,0,0,0,0,19,0,0,1,0,0,0,0,0,0,3,0,0,0,0,0,0,0,0,0,8,0,0,0,0,0,0,41,3,0,0,0,0,0,0,0,3,0,0,0,0,90,0,0,103,0,3,1,0,0,0,0,0,0,0,1,0,0,0,0,0,0,0,0,138,0,0,0,0,0,2,0,0,0,0,0,0,0,0,0,28,0,0,0,0,0,0,0,2,1,0,0,0,0,41,0,0,0,0,0,0,0,9,4,0,1,0,0,6,0,1,0,0,0,0,0,0,3,2,0,0,0,0,397,0,1,0,0,4,0,0,0,1,0,0,0,0,0,0,0,0,0,2,1,0,0,0,0,0,241,0,0,0,0,10,0,0,0,0,0,7,1,0,2,0,0
1,0,0,0,138,0,2,8,16,0,17,0,10,699,104,0,339,1,0,1,0,0,0,0,0,0,0,4,0,0,22,0,0,0,381,2,0,0,0,2,0,12,0,13,0,0,0,0,2,0,1,4,0,11,0,0,0,0,31,2,0,11,9,0,0,1,0,0,0,3,0,3,47,0,0,1,1,0,0,0,0,0,0,0,0,0,0,31,1,1,0,0,0,3,0,4,11,0,0,0,0,22,0,0,0,7,0,0,1,16,7,0,0,0,24,1,0,0,0,0,0,0,5,0,0,965,6,1,0,0,4,0,18,0,2,19,0,20,0,2,0,0,0,0,662,0,1,0,0,47,175,0,2,0,1,0,11,1,0,0,0,0,0,0,47,0,0,0,1,0,0,0,0
7,0,0,0,25,0,5,4,1228,0,4,0,1154,0,61,0,1,0,0,0,1,0,0,81,0,0,0,2,3,3,0,9,1,1353,3,1,24,984,1282,961,0,0,0,6,0,0,0,0,1,1,0,5,0,9,0,7,1,0,5,26,0,11,176,2,0,392,0,2,0,878,0,12,0,0,0,16,4,5,0,0,18,0,0,0,0,1,0,35,0,4,27,15,0,2,0,17,13,116,0,0,1,18,0,1583,0,20,0,0,33,0,2,5,0,4,3,0,0,1,0,0,0,0,3,0,3,4,191,60,0,0,56,229,46,3,9,22,646,3,208,0,102,994,248,0,1,0,0,0,0,1,1,0,0,0,0,0,16,0,0,9,0,3,0,0,10,3,491,2,0,0,92,0,0
0,134,25,16,3,231,1,0,0,74,28,10,0,8,0,1,0,1,70,11,15,487,393,5,4,540,152,0,0,5,2,7,13,0,0,0,2,8,0,0,23,35,24,14,1,23,19,107,74,5,98,0,14,0,2,22,6,15,0,30,5,0,6,9,10,0,1,457,1,0,480,0,5,12,2,0,4,0,0,4,14,1,3,3,0,3,2,0,74,199,3,0,1,2,0,5,1,0,26,60,9,0,4,0,66,0,9,1,5,0,0,411,68,58,78,2,14,0,2,0,5,1,8,97,32,0,1,16,15,4,0,0,0,2,3,0,0,0,0,8,1,0,0,130,0,48,8,25,0,0,0,0,3,1,204,27,0,2,100,3,5,0,0,0,0,16,15,0,0,2,1,1,4
2,0,0,0,2,1,5,0,0,1,5,0,0,5,12,0,0,0,0,1,1,0,1,174,0,6,2,0,43,12,0,524,3,0,0,0,114,10,2,1,4,0,0,11,2,0,7,2,10,89,11,0,0,0,0,18,120,1,1,232,0,0,7,255,7,6,0,0,1,0,5,0,2,3,1,4,151,0,0,0,221,2,0,0,0,3,0,0,1,9,212,0,1,3,1,23,2,7,0,1,2,0,0,0,1,0,1,0,2,0,0,13,4,0,49,2,1,1,0,0,5,0,533,1,1,0,0,43,43,9,0,5,0,2,49,2,15,1,0,11,14,0,1,1,0,0,1,0,0,0,1,1,2,0,8,0,0,0,1,0,8,0,1,1,0,592,12,0,0,0,4,4,0
0,3,1,1,15,7,2,0,1,6,5,0,0,103,39,0,0,1,1,12,1,4,2,21,0,9,4,1,492,5,3,510,7,3,2,0,247,2,15,17,19,4,2,27,1,2,21,3,69,644,9,1,0,1,7,296,181,1,4,164,4,0,10,767,0,67,1,11,4,3,21,3,3,64,0,3,793,0,6,4,209,0,0,1,1,5,1,0,1,11,378,0,0,1,6,43,15,11,1,2,2,0,3,3,2,0,2,4,11,0,0,28,3,4,36,1,7,3,0,3,1,2,229,3,4,0,0,14,351,3,0,78,0,19,351,1,33,0,39,3,217,0,9,3,0,0,2,5,0,0,0,0,0,0,4,0,1,1,0,1,3,4,167,0,0,150,30,0,1,0,46,2,0
0,1,0,0,0,0,2,0,0,0,2,0,0,0,44,0,0,0,0,14,1,0,0,2,0,0,0,0,207,1,0,61,0,6,0,0,4,0,1,2,0,2,0,0,1,0,1,1,2,283,2,0,0,0,0,8,162,0,0,0,0,0,2,31,0,31,1,1,1,0,5,0,0,0,0,3,149,0,1,2,29,1,0,1,0,5,0,0,0,4,26,0,1,2,0,1,2,2,0,0,0,0,0,6,0,0,0,0,1,1,0,7,0,3,0,5,5,0,0,0,0,0,9,0,1,0,0,2,69,2,0,5,0,2,32,0,12,0,2,0,9,0,16,4,0,0,0,0,0,0,0,0,0,0,2,0,0,0,0,0,1,0,4,0,0,20,2,0,0,0,0,0,1
1,209,14,12,1,171,0,0,0,7,0,5,0,0,0,0,0,0,93,45,26,129,11,0,171,86,14,0,0,0,1,0,41,0,0,0,1,0,0,0,2,3,13,0,0,5,11,0,5,0,0,0,2,0,1,0,1,15,0,0,1,0,0,0,0,0,10,0,2,0,15,0,1,36,14,0,0,0,2,1,0,0,14,0,0,0,3,0,3,0,0,0,0,0,0,0,0,0,2,43,3,0,4,0,139,0,27,0,0,0,0,27,11,0,13,0,0,0,2,2,0,2,0,2,0,0,0,0,0,18,0,0,0,0,0,0,0,0,0,0,0,0,0,1,0,24,6,271,9,0,0,2,0,0,24,3,0,5,37,239,1,0,0,2,0,0,1,0,0,12,0,0,6
0,1,1,8,0,9,0,0,0,0,0,2,0,0,0,0,0,0,2,0,226,1,138,0,2,2,184,0,0,0,0,0,3,0,0,0,0,0,0,0,0,5,1,0,0,1,0,3,4,0,0,0,6,0,1,0,0,12,0,0,3,0,0,0,0,0,0,0,0,0,0,0,0,1,2,0,0,0,0,0,0,0,0,0,0,0,2,0,1,0,0,0,0,0,0,0,0,0,1,9,2,0,0,0,5,0,6,0,0,0,0,2,0,0,0,0,0,0,0,1,0,0,0,14,0,0,0,0,0,1,0,0,0,0,0,0,0,0,0,0,0,0,0,4,0,8,0,6,0,0,0,0,0,0,0,0,0,0,0,4,0,0,0,0,0,0,0,0,0,0,0,0,0
0,2,1,0,5,2,2,8,0,0,0,2,0,17,13,0,3,0,4,1,0,1,0,0,0,0,0,0,0,0,25,0,0,0,9,1,0,0,0,1,0,0,1,202,2,0,0,0,1,0,1,3,0,0,0,0,0,0,543,0,0,1,3,0,0,1,4,5,0,0,0,3,1,0,0,0,0,0,0,0,1,0,1,2,1,0,2,4,1,0,0,0,4,0,0,0,115,0,0,0,0,11,1,0,3,6,0,0,1,12,0,0,0,0,0,0,1,0,0,0,1,0,0,0,0,75,0,0,0,0,1,0,19,0,1,26,1,61,0,9,0,1,0,0,2,1,1,1,0,0,0,0,33,0,1,0,0,0,0,0,1,0,0,0,740,0,0,3,0,0,0,0,0
576,12,33,10,2,6,1,0,0,6,5,331,1,7,0,7,0,273,6,3,7,1,19,11,17,5,11,0,0,790,2,4,36,1,0,2,5,3,2,0,8,203,7,0,7,16,8,6,12,0,183,0,2,0,58,8,58,313,0,2,116,0,1,4,334,0,103,4,4,0,12,0,84,5,43,0,2,0,10,16,4,52,7,3,2,2,379,0,2,3,7,0,3,131,24,21,0,0,6,11,8,0,4,0,54,0,22,9,0,3,0,16,12,2,42,3,4,8,0,319,8,1,5,9,43,0,0,7,87,11,0,3,0,143,1,175,0,0,0,21,0,0,2,4,0,7,14,9,4,0,1,0,1,193,9,1,0,1,2,1,4,0,0,41,0,6,2,0,0,427,3,2,15
0,0,0,0,0,0,0,812,0,0,0,0,0,0,0,0,0,0,0,0,0,0,0,0,0,0,0,737,0,0,0,0,0,0,3,0,0,0,0,0,0,0,0,0,0,0,0,0,0,0,0,57,0,1203,0,0,0,0,0,0,0,1321,3,0,0,0,0,0,0,0,0,81,0,0,0,0,0,1034,0,0,0,0,0,0,0,0,0,2,0,0,0,0,0,0,0,0,0,0,1,0,0,20,0,0,0,0,0,0,47,4,823,0,0,0,0,0,0,0,0,0,0,0,0,0,0,1,2,0,0,0,13,5,16,0,0,7,0,0,0,0,0,0,0,0,0,0,0,0,0,1131,0,0,1,0,0,0,39,0,0,0,0,105,0,0,0,0,0,2,0,0,0,0,0
0,0,0,0,0,0,0,35,0,0,0,0,0,0,0,0,0,0,0,0,0,0,0,0,0,0,0,49,0,0,0,0,0,0,0,0,0,0,0,0,0,0,0,0,0,0,0,0,0,0,0,987,0,19,0,0,0,0,0,0,0,0,0,0,0,0,0,0,0,0,0,476,0,0,0,0,0,2,0,0,0,0,0,0,0,0,0,275,0,0,0,0,0,0,0,0,0,0,0,0,0,1,0,0,0,0,0,0,4,0,5,0,0,0,0,0,0,0,0,0,0,0,0,0,0,0,0,0,0,0,13,0,2,0,0,0,0,0,0,0,0,0,0,0,0,0,0,0,0,20,0,0,0,0,0,0,347,0,0,0,0,1,0,0,0,0,0,1,0,0,0,0,0
2,0,0,0,1,1,8,33,0,1,0,0,1,26,14,0,5,0,0,1,0,0,0,0,0,0,0,11,0,0,3,0,1,0,132,20,0,0,0,3,0,0,2,55,0,0,0,0,3,0,0,5,0,33,0,0,0,0,46,0,0,14,23,1,0,0,1,0,0,1,0,23,2,0,0,5,0,18,0,0,0,0,1,0,1,0,0,294,0,1,0,0,0,2,0,0,23,0,0,0,0,1020,0,0,0,9,0,1,3,636,3,0,0,0,4,2,0,0,0,0,0,0,0,0,0,66,8,0,0,1,67,1,29,1,4,366,0,84,0,5,0,1,0,0,3,0,2,0,0,2,5,0,40,0,0,0,203,0,0,0,1,1,0,0,28,0,0,126,0,0,0,0,0
0,0,0,0,1,0,2,1,10,0,0,0,1,0,0,0,0,0,0,1,0,0,0,0,0,0,0,6,0,0,0,0,0,17,4,0,0,20,58,6,1,0,0,0,0,0,0,0,0,0,0,0,0,8,0,0,0,0,3,0,0,27,8,0,0,0,0,0,1,1,0,0,0,0,0,0,0,30,0,0,0,0,0,0,0,0,0,2,0,0,0,0,0,0,0,17,0,1,0,0,0,22,0,1,0,2,0,0,218,2,5,0,0,0,0,0,0,0,0,0,0,0,0,0,0,0,1,1,0,0,2,67,82,0,0,15,16,17,0,0,1,20,0,0,0,0,0,0,0,1,0,0,21,0,0,0,8,0,0,0,0,1,0,0,10,0,2,0,0,0,0,0,0
0,25,2,2,3,2,0,0,0,15,1,3,0,0,0,1,2,3,4,12,1,15,23,0,2,8,6,0,0,0,14,0,23,0,0,3,0,0,0,0,6,6,1,1,3,11,26,9,16,0,14,0,7,0,4,2,1,8,0,0,0,0,0,0,4,0,4,0,9,0,8,0,0,1,4,0,0,0,24,8,0,0,1,1,3,0,2,0,1,0,0,0,0,3,0,1,0,0,0,2,5,0,1,0,22,0,0,13,0,0,0,3,2,0,3,2,3,2,3,2,1,1,0,10,0,0,0,0,0,2,0,0,0,1,0,0,0,0,0,2,0,0,0,0,0,5,6,21,1,0,0,10,8,2,7,0,0,0,6,1,7,0,0,0,0,0,1,0,0,8,0,5,5
0,60,0,1,0,7,0,0,0,50,14,1,0,0,0,1,2,14,3,13,14,7,5,1,9,24,3,0,0,4,21,1,28,0,0,94,3,0,0,0,41,1,0,1,15,12,83,5,7,5,20,0,0,0,15,4,25,0,0,1,12,0,3,1,6,0,2,2,29,0,217,0,1,0,2,0,1,0,482,220,0,5,1,35,31,18,4,0,4,22,7,0,33,8,10,2,9,0,0,0,18,0,1,0,4,0,0,238,0,0,0,24,20,0,1,31,30,2,2,9,2,4,4,0,7,0,0,0,5,4,0,0,0,2,0,0,0,0,0,13,0,0,0,1,0,0,10,48,2,0,0,43,5,8,8,1,0,0,17,3,5,0,9,2,0,2,0,0,50,19,0,14,3
1,0,0,0,36,1,1,2,3,3,16,0,0,31,0,0,0,1,0,1,0,1,1,19,0,6,1,3,2,89,0,9,0,6,0,1,2,61,31,2,1,1,0,65,0,0,7,0,11,0,23,0,0,3,1,5,9,0,4,9,1,2,3,2,0,2,1,3,1,0,9,3,44,1,1,0,1,1,3,1,1,0,0,1,0,1,0,1,3,6,19,0,0,1,1,630,15,39,0,0,0,1,4,1,0,1,0,1,183,0,0,9,0,1,4,0,0,2,0,0,0,0,0,0,1,1,6,163,0,0,1,80,69,0,1,0,11,4,6,0,7,7,0,0,0,0,0,1,0,0,0,0,7,1,0,0,0,0,0,1,0,1,0,0,16,48,7,1,0,2,28,0,0
5,24,8,0,1,3,0,0,0,1,419,4,0,1,0,2,0,0,6,0,377,13,108,1,0,22,91,0,0,19,2,0,0,0,0,0,0,0,0,0,5,81,4,0,0,1,12,33,19,0,81,0,21,0,1,0,2,71,0,198,1,0,3,0,22,0,0,34,1,0,52,0,0,0,2,0,2,0,1,0,8,8,0,2,1,0,7,0,341,3,2,0,0,1,0,3,0,0,0,3,1,0,0,0,2,0,0,0,0,0,0,311,10,0,4,0,3,0,1,1,0,0,10,12,0,0,0,9,8,1,0,0,0,1,0,2,0,0,0,3,0,0,0,3,0,8,2,1,0,0,0,0,0,0,15,355,0,0,14,1,0,0,0,0,0,4,0,1,0,7,0,0,0
0,0,0,0,0,4,0,0,0,13,1,0,0,0,2,8,0,131,0,3,0,0,0,1,5,0,0,0,0,0,5,0,0,0,1,56,0,0,0,0,2,0,3,0,2,0,1,20,18,0,1,0,0,0,0,1,2,0,0,0,3,0,0,1,1,0,0,1,4,0,18,0,0,0,0,0,0,0,16,8,1,2,0,24,48,28,0,0,4,16,0,0,65,13,6,0,1,0,0,0,2,0,0,0,0,0,0,7,0,0,0,0,32,450,0,185,26,0,0,8,0,0,1,1,163,0,0,0,1,0,0,0,0,0,1,0,0,0,0,3,1,0,0,8,0,0,0,2,0,0,0,52,0,14,1,0,0,0,2,0,0,0,6,0,0,0,0,0,109,0,0,1,0
1,0,0,0,2,0,0,267,0,0,0,0,0,1,0,0,0,0,0,0,0,0,0,0,0,0,0,368,0,0,2,0,0,0,6,2,0,2,0,0,0,0,0,0,0,0,0,0,0,0,0,25,0,261,0,0,0,0,1,0,0,551,11,0,0,0,0,1,0,0,0,29,0,0,0,0,0,434,0,0,0,0,0,0,0,0,0,5,0,17,0,0,0,0,0,150,2,0,34,0,0,21,2,0,0,1,0,0,12,3,392,0,0,0,0,0,0,2,0,0,0,0,0,0,22,0,0,0,0,0,5,18,11,1,1,2,0,1,0,0,0,0,0,0,0,0,0,0,0,190,1,0,1,0,0,0,56,0,0,0,1,848,0,0,1,0,0,3,0,0,0,0,0
0,0,0,0,0,0,0,8,0,0,0,0,0,0,0,0,0,0,0,0,0,0,0,0,0,0,0,7,0,0,0,0,0,0,0,3,0,0,0,0,0,0,0,0,0,0,0,1,0,0,0,35,0,1,0,0,0,0,0,0,0,0,0,1,0,0,0,0,0,0,0,24,0,0,0,0,1,0,0,0,0,0,0,0,0,0,0,8,0,0,0,0,0,0,0,5,0,0,0,0,0,0,0,0,0,0,0,0,0,0,1,0,0,1,0,0,0,0,0,0,0,0,0,0,0,0,0,0,0,0,5,0,1,0,0,0,0,0,0,0,0,0,0,0,0,0,0,0,0,1,0,0,0,0,0,0,40,0,0,0,0,6,0,0,0,0,0,0,0,0,1,0,0
