0.86874,0.23652,0.41201,0.39768,0.19312,0.26444,0.95613,0.51869,0.84921,0.32678,0.66562,0.50346,0.88495,0.56234,0.49133,0.36193,0.52646,0.39058,0.54644,0.40285,0.47382,0.46061,0.2968,0.51242,0.24191,0.49785,0.21923,0.54005,0.59334,0.80325,0.2189,0.462,0.20591,0.821,0.564,0.32778,0.38493,0.71873,0.76618,0.66262,0.4518,0.24895,0.31477,0.26745,0.48023,0.18477,0.35464,0.49596,0.16302,0.59051,0.23362,0.74332,0.5712,0.75223,0.61416,0.27305,0.20828,0.52407,0.59136,0.29314,0.39103,0.66633,0.20073,0.64206,0.40875,0.47248,0.32898,0.72611,0.33514,0.79316,0.5056,0.32265,0.56215,0.15925,0.61725,0.97589,0.62091,0.63148,0.4095,0.34304,0.26735,0.72308,0.3708,0.68079,0.58479,0.6374,0.44909,0.3593,0.5131,0.3752,0.39229,0.99028,0.71623,0.68817,0.54647,0.5126,0.51319,0.77288,0.53516,0.24355,0.34777,0.75234,0.51578,0.91211,0.18592,0.95723,0.33741,0.24787,0.60748,0.72234,0.66744,0.41735,0.30114,0.64242,0.1573,0.2214,0.49491,0.67384,0.38671,0.58727,0.50635,0.55841,0.62011,0.4559,0.26273,0.77986,0.5381,0.6175,0.51057,0.41726,0.60822,0.31241,0.67642,0.41852,0.45939,0.35401,0.55684,0.44877,0.78431,0.44653,0.35512,0.68905,0.62779,0.48961,0.844,0.32429,0.35658,0.32425,0.44668,0.81486,0.61367,0.26171,0.31842,0.51936,0.49188,0.87532,0.33333,0.56671,0.24668,0.5,0.36195,0.79213,0.4136,0.59476,0.69892,0.72911,0.69366,0.74448,0.45493,0.17755,0.43101,0.67516,0.54194
0.54658
0,36,295,152,0,37,0,0,0,0,0,68,0,0,0,1,0,4,85,11,1,2,2,0,172,10,8,0,0,0,0,0,7,0,0,0,1,0,0,0,1,9,243,0,0,1,2,0,4,0,0,0,171,0,2,0,0,19,0,0,1,0,0,0,1,1,28,0,0,0,0,0,13,96,458,0,0,0,0,0,0,0,90,0,0,0,30,0,0,0,0,0,0,4,0,0,0,0,79,217,0,0,9,0,38,0,193,0,0,0,0,0,2,0,28,0,0,0,1,17,0,2,0,33,2,0,0,0,0,22,0,0,0,0,0,0,0,0,0,0,0,0,0,0,0,227,15,9,2,0,0,0,0,18,4,0,0,27,19,10,2,0,0,11,0,0,0,0,0,4,0,0,7
0,1,9,67,1,14,0,0,0,12,0,4,0,0,0,5,0,2,0,0,0,0,0,0,21,0,6,0,0,0,72,0,90,0,0,1,4,0,0,0,1,0,55,0,21,106,7,3,0,0,0,0,1,0,2,0,1,0,0,4,2,0,0,0,0,0,9,0,20,0,0,0,0,48,1,0,1,0,3,0,0,3,353,0,1,1,0,0,0,0,1,0,7,1,0,0,0,0,26,4,58,0,376,0,5,0,6,22,0,21,0,0,6,0,0,14,2,0,1,1,27,521,0,24,0,0,0,0,0,353,0,0,0,0,0,0,0,0,0,1,0,0,0,8,0,2,317,12,222,0,0,8,1,0,0,0,0,412,9,0,7,0,22,295,0,0,0,0,0,1,0,0,252
1,31,43,35,26,37,1,1,1,13,5,15,6,1,0,0,1,1,28,129,1,10,50,0,61,10,20,0,2,0,14,0,86,0,0,31,6,5,1,7,5,3,99,1,1,63,53,1,56,0,33,0,27,1,4,15,4,35,4,3,0,1,7,0,2,0,17,3,2,1,0,0,3,111,7,3,3,0,2,0,0,1,116,1,0,1,4,0,0,0,9,0,0,2,0,5,3,8,41,116,2,1,25,2,110,1,128,1,0,6,1,3,11,0,10,9,6,2,24,3,0,13,3,77,2,0,13,0,0,56,1,0,4,20,0,1,0,0,1,2,0,11,1,3,1,58,47,102,26,0,0,11,10,4,6,0,0,43,3,11,26,0,1,20,1,0,0,7,0,32,1,7,29
0,149,149,34,0,116,0,0,0,0,0,22,0,0,0,0,0,0,453,8,54,31,27,0,32,33,64,0,0,3,0,0,0,0,0,0,1,0,0,0,3,177,57,0,0,0,0,0,8,0,1,0,357,0,0,0,1,106,0,0,2,0,1,0,0,0,6,1,3,0,8,0,3,21,98,0,0,0,0,0,0,0,7,0,0,0,26,0,58,0,0,0,0,1,0,0,0,0,22,178,0,0,0,0,44,0,62,0,0,0,0,11,4,0,45,2,0,0,0,2,1,0,0,20,0,0,0,0,2,8,0,0,0,2,0,0,0,0,0,0,0,0,0,0,0,226,1,9,0,0,0,1,0,3,20,3,0,0,130,19,0,0,0,0,0,0,0,0,0,1,0,0,1
0,6,32,73,0,23,0,0,0,1,0,2,0,0,0,0,0,0,6,1,1,3,0,0,26,3,0,0,0,0,4,0,2,0,0,0,0,0,0,0,0,0,36,0,0,1,0,0,0,0,0,0,2,0,0,0,0,0,0,0,0,0,0,0,0,0,4,0,0,0,0,0,0,110,1,0,0,0,0,0,0,0,57,0,0,0,0,0,0,0,0,0,0,2,0,0,0,0,5,42,1,0,18,0,14,0,32,0,0,0,0,1,0,0,4,0,0,0,0,0,1,9,0,1,0,0,0,0,0,78,0,0,0,0,0,0,0,0,0,0,0,0,0,0,0,12,20,18,8,0,0,0,0,2,0,0,0,50,0,1,0,0,0,8,0,0,0,0,0,0,0,0,8
1,107,17,9,114,67,0,0,0,18,9,9,0,0,0,0,12,0,29,311,26,78,130,0,34,114,16,0,2,4,12,6,53,0,0,6,19,8,1,1,34,10,15,6,0,30,284,3,134,5,133,0,7,0,19,29,15,21,13,0,3,0,5,5,3,0,38,9,14,0,17,0,12,25,11,0,11,0,6,3,3,0,13,0,2,1,7,0,5,3,14,0,1,6,2,9,1,3,4,61,2,0,5,0,126,0,35,5,3,1,0,41,32,0,17,5,5,15,103,10,1,3,2,17,3,0,0,3,4,31,0,1,0,24,2,0,0,0,0,5,0,0,0,20,0,33,48,75,2,0,0,15,94,6,39,0,0,4,47,20,99,0,7,4,0,3,1,0,0,48,0,33,19
0,1,83,309,0,2,0,0,0,0,0,23,0,0,0,0,3,0,0,0,1,0,7,0,5,0,108,0,0,0,3,0,33,0,0,0,0,0,0,0,0,1,184,0,13,53,1,7,6,0,3,0,10,0,0,0,0,7,0,0,14,0,0,0,0,0,7,0,1,0,0,0,0,19,2,0,0,0,0,0,0,0,134,0,0,0,3,0,0,0,0,0,0,1,0,0,0,0,411,97,8,0,25,0,3,0,41,0,0,0,0,0,159,1,0,0,0,0,0,1,15,2,0,429,0,0,0,0,0,20,0,0,0,0,0,0,0,0,0,0,0,0,0,17,0,33,26,3,2,0,0,0,1,1,0,0,0,13,0,0,4,0,0,26,0,0,0,0,0,1,0,0,7
0,3,0,1,1,0,0,0,0,1,1,0,0,0,3,0,0,0,5,0,0,2,1,0,0,0,0,0,0,0,7,0,0,0,4,0,0,0,0,1,0,0,1,42,0,0,1,0,0,0,0,1,0,0,0,1,0,0,8,2,0,0,1,0,1,0,0,1,0,0,0,0,0,0,4,0,0,0,0,0,0,0,0,0,2,1,3,1,2,0,0,0,2,1,0,0,0,1,0,0,0,1,0,0,0,1,0,0,0,1,0,0,0,0,12,2,0,0,0,0,0,0,1,2,0,0,0,0,0,0,0,0,0,1,0,12,0,18,0,7,0,0,0,0,0,0,0,0,0,0,1,0,18,0,0,0,0,0,1,0,0,1,0,0,108,0,0,2,0,0,0,0,0
0,0,0,0,36,0,10,1,64,0,12,0,108,8,340,0,2,3,0,5,3,0,0,392,0,1,0,3,12,13,0,9,0,248,1,2,196,177,252,63,0,1,0,14,0,0,0,0,33,3,4,3,0,3,1,15,7,0,1,25,0,2,14,7,0,229,0,5,0,194,6,15,2,0,0,11,4,1,0,0,235,0,0,0,1,1,0,4,1,3,25,14,0,29,1,28,36,895,0,0,21,2,0,115,0,4,0,0,7,0,1,8,0,38,7,0,0,5,0,1,0,0,7,0,6,9,17,607,5,0,70,188,21,2,2,8,389,1,1280,0,201,281,506,0,0,0,0,0,0,0,12,0,0,0,0,0,4,0,0,80,0,4,7,0,2,2,141,1,0,0,328,0,0
0,0,0,0,0,0,0,45,0,0,0,0,0,0,0,0,0,0,0,0,0,0,0,0,0,0,0,9,0,0,0,0,0,0,2,1,0,0,0,0,0,0,0,0,0,0,0,0,0,0,0,134,0,14,0,0,0,0,0,0,0,0,0,0,0,0,0,0,0,0,0,245,0,0,0,0,0,4,0,0,0,0,0,0,0,0,0,29,0,0,0,0,0,0,0,0,0,0,0,0,0,11,0,0,0,0,0,0,0,9,1,0,0,0,0,0,0,0,0,0,0,0,0,0,0,1,0,0,0,0,60,0,0,0,0,1,0,0,0,0,0,0,0,0,0,0,0,0,0,5,0,0,0,0,0,0,251,0,0,0,0,0,0,0,0,0,0,0,0,0,0,0,0
0,0,0,0,8,1,11,8,2,4,1,0,0,4,2,0,9,0,0,1,0,0,0,0,0,0,0,1,0,0,1,0,0,1,39,15,0,0,0,3,0,0,0,124,0,0,1,0,49,0,0,1,0,3,2,0,0,0,16,0,0,5,9,0,0,2,0,2,9,0,0,30,0,0,36,5,0,4,1,0,1,0,2,0,0,0,0,96,0,1,0,1,1,0,0,1,18,1,0,0,0,79,0,0,0,2,0,2,2,66,0,0,1,0,6,3,2,1,0,0,0,0,3,0,0,14,2,0,0,0,32,1,16,0,2,202,1,72,0,2,0,1,0,0,2,0,1,0,1,0,16,1,21,0,0,0,21,0,0,5,3,0,0,0,10,0,0,16,1,0,3,1,0
0,1,0,0,18,0,0,1,103,5,0,0,2,39,3,0,4,0,1,2,0,0,0,0,0,3,0,0,1,0,3,5,4,5,6,1,0,11,15,4,5,0,0,142,1,3,19,3,18,1,5,0,0,4,1,16,0,0,4,31,1,12,8,15,0,7,0,5,1,7,9,2,1,1,1,1,3,3,1,1,30,0,0,1,4,6,0,0,1,16,6,4,3,2,0,129,6,27,2,0,4,15,32,1,1,6,0,1,3,10,1,1,1,0,70,1,3,0,0,1,1,0,7,0,0,1,6,31,4,1,1,15,111,1,2,119,15,219,48,16,5,38,0,1,0,0,8,0,0,1,2,0,258,0,0,0,0,0,0,5,4,1,0,0,21,1,8,2,0,0,42,0,7
5,0,0,0,126,0,0,1,2,2,0,1,0,172,0,1,0,0,0,17,0,0,0,49,0,2,0,1,2,6,0,8,1,0,8,0,1,0,0,0,0,0,1,34,1,9,2,2,22,2,1,0,0,0,4,171,10,0,1,3,2,0,20,56,0,3,8,6,6,0,5,1,42,6,0,0,12,0,7,12,7,1,0,3,0,3,1,3,0,19,2,0,1,5,1,15,82,2,1,0,2,1,0,1,0,0,0,5,2,0,0,4,1,57,0,2,3,4,0,0,0,0,0,0,2,0,0,7,3,1,11,4,0,357,4,0,5,0,18,6,20,0,5,1,0,0,0,0,0,0,2,1,0,2,0,0,1,0,0,1,1,0,10,0,0,8,7,0,0,2,227,0,0
0,2,3,11,1,64,0,0,0,80,0,22,0,0,0,135,0,146,4,26,3,6,14,0,75,2,20,0,1,0,117,0,201,0,0,0,8,0,0,0,4,2,16,2,50,199,57,11,8,1,12,0,3,0,48,0,1,5,2,1,12,0,0,0,7,0,169,1,62,0,1,0,3,71,3,0,0,0,19,8,1,6,109,3,2,1,5,0,0,0,0,0,1,13,4,0,0,0,26,7,114,2,154,0,29,0,6,32,0,7,0,0,12,0,0,66,7,2,21,38,28,255,0,55,3,0,0,0,0,140,0,0,0,1,0,0,0,0,0,10,0,0,0,6,0,3,169,89,131,0,0,90,8,55,0,0,0,112,12,27,54,0,52,52,0,0,0,0,7,27,0,7,70
0,65,4,0,0,29,0,0,0,0,8,2,0,0,0,0,0,0,17,11,6,257,13,0,2,194,9,0,1,0,0,0,0,0,0,0,0,0,0,1,0,7,1,0,0,0,1,0,0,0,2,0,2,0,0,0,0,7,2,0,0,0,0,1,0,0,0,12,1,0,7,0,1,2,2,1,0,0,0,0,0,0,0,0,0,0,0,0,30,1,0,0,0,0,0,0,0,0,0,10,0,0,0,0,30,0,0,0,0,0,0,19,3,0,18,0,0,0,1,0,0,0,0,0,0,0,0,0,2,0,0,0,0,0,0,0,0,0,0,0,0,0,0,0,0,3,0,7,0,0,0,0,0,0,80,3,0,0,71,1,0,0,0,0,0,0,0,0,0,0,0,2,0
1,0,0,0,0,0,0,0,0,1,3,0,0,0,2,0,0,0,0,2,0,0,0,0,1,3,0,0,10,0,2,7,1,0,1,2,5,0,0,1,29,1,0,0,0,1,16,0,2,39,1,0,1,0,2,1,34,0,0,24,1,0,1,43,0,6,1,0,3,0,1,0,1,0,0,0,85,0,3,1,108,0,0,1,1,1,0,0,1,0,104,0,1,0,1,0,0,2,0,1,0,0,0,0,0,1,0,5,1,0,0,0,1,0,2,0,2,2,2,2,0,1,41,0,0,0,0,1,33,0,0,1,0,1,31,0,1,0,1,0,3,0,1,1,0,0,2,0,0,0,0,0,0,0,0,0,0,0,0,0,3,0,0,0,0,2,0,0,0,2,0,13,1
7,0,0,0,0,0,6,0,4,0,15,0,9,0,1,0,1,0,0,2,1,0,0,0,0,2,0,1,0,0,0,0,0,4,3,1,0,5,1,20,4,0,0,0,0,0,1,0,0,0,1,0,0,3,0,0,1,0,3,77,0,2,12,1,0,14,0,3,0,22,0,1,0,0,0,3,1,0,0,1,0,0,0,0,0,0,0,4,8,0,25,2,0,0,0,4,1,4,0,0,0,0,0,2,0,4,0,0,13,0,0,1,0,0,2,0,1,0,0,1,0,0,18,0,1,0,339,3,1,0,0,5,19,0,1,8,27,0,1,0,1,40,0,0,1,0,0,0,0,0,2,0,1,0,0,12,1,0,0,0,0,0,0,0,3,0,2,472,0,0,0,0,0
45,5,5,2,9,4,0,1,0,18,1,148,1,0,0,9,3,423,0,8,7,1,6,1,16,8,3,0,0,43,17,0,45,0,0,12,0,2,1,1,8,67,0,1,3,20,22,3,3,0,10,0,0,0,538,11,21,23,0,0,34,0,2,2,46,0,302,3,24,0,4,0,407,1,7,0,2,0,27,4,0,7,3,0,4,1,419,0,0,0,9,0,0,512,341,1,0,1,2,8,12,0,4,0,10,0,1,13,0,40,0,13,2,0,7,107,10,7,10,646,0,7,0,6,16,0,0,0,7,13,0,1,0,153,0,18,1,0,0,11,0,0,0,2,0,1,16,6,8,0,0,15,25,389,6,0,0,2,2,0,6,0,0,2,0,0,0,0,0,68,0,6,11
0,0,0,14,0,0,0,0,0,21,0,0,0,0,0,9,0,1,0,0,0,0,10,0,0,0,16,0,0,0,65,0,39,0,0,3,2,0,0,0,1,0,2,0,413,118,8,85,3,0,1,0,0,0,5,0,6,0,0,0,65,0,0,0,10,0,4,1,40,0,0,0,0,1,0,0,0,0,20,22,0,38,9,85,24,32,0,0,0,0,0,0,27,0,0,0,1,0,22,0,289,0,28,0,2,0,0,68,0,3,0,0,4,0,0,6,58,1,0,2,319,16,0,65,1,0,0,0,0,7,0,0,0,0,0,0,0,0,0,35,0,0,0,86,0,0,9,4,12,0,0,10,2,0,0,0,0,9,1,0,3,0,9,9,0,0,0,0,0,0,0,0,1
0,0,0,0,0,0,2,0,3,0,0,0,1,0,0,0,1,0,0,0,0,0,0,0,0,0,0,1,0,0,0,0,0,4,2,0,0,10,7,6,0,0,0,2,0,0,0,0,0,0,0,4,0,4,0,0,0,0,1,0,0,8,3,0,0,1,0,0,0,0,0,2,0,0,0,1,0,1,0,0,0,0,0,0,0,0,0,10,0,0,1,1,0,0,0,28,0,0,0,0,0,9,0,2,0,2,0,0,893,0,1,0,0,0,0,0,0,0,0,0,0,0,0,0,0,1,8,0,0,0,0,36,1087,0,0,1,6,4,0,0,0,17,0,0,0,0,0,0,0,1,0,0,4,0,0,0,3,0,0,0,0,0,0,0,20,0,0,2,0,0,0,0,0
8,0,0,0,146,0,1,0,1,3,5,0,0,54,26,0,60,3,0,0,0,1,0,0,0,0,0,1,0,0,11,0,0,0,50,3,0,0,0,0,0,77,1,24,0,1,0,0,10,0,1,1,0,4,0,0,0,0,2,3,0,2,3,0,0,0,0,22,2,0,1,3,0,0,1,0,0,0,0,0,3,0,0,0,0,0,0,5,0,1,0,0,1,0,0,2,0,0,0,0,0,4,0,0,0,0,0,0,0,2,0,0,1,1,2,1,0,0,0,0,0,0,0,0,1,67,0,0,0,0,2,0,1,0,0,12,1,4,1,1,0,0,4,0,94,0,0,3,0,1,413,0,2,0,2,0,1,0,1,0,0,0,0,0,25,0,0,0,2,0,0,0,0
0,0,0,0,3,0,1787,0,4,0,11,0,11,0,0,0,3,0,0,0,0,0,0,0,0,0,0,0,0,0,0,0,0,9,0,1,0,6,6,372,1,0,0,1,0,0,2,0,0,0,0,0,0,0,0,1,1,0,9,6,0,0,40,0,0,9,0,1,1,5,0,0,0,0,0,2307,0,0,0,0,1,0,0,0,0,0,0,0,0,0,64,3564,0,0,1,1,10,35,0,0,0,0,0,7,0,1768,0,0,3,0,0,0,0,1,3,0,1,2,0,0,0,0,3,0,0,0,17,2,0,0,0,2,36,0,3,0,4,0,0,0,1,27,0,0,0,0,0,0,0,0,0,0,1,0,1,2,0,0,0,0,0,0,0,0,0,0,11,10,1,0,1,0,0
7,3,1,3,2,1,18,1,1,7,6,0,0,19,11,1,18,1,0,39,4,1,0,5,0,4,2,0,2,0,7,3,7,0,35,3,0,0,0,1,5,0,3,42,0,1,3,2,5,2,0,4,0,2,3,125,1,0,210,7,0,1,3,3,1,1,1,0,13,0,4,1,2,2,0,1,0,0,1,1,9,0,2,5,2,13,0,7,0,1,3,1,9,5,4,3,389,0,1,5,0,20,1,0,1,6,0,3,3,17,2,0,0,20,2,4,9,376,0,1,0,3,1,0,18,16,16,6,1,6,0,0,12,0,244,5,0,4,0,0,0,0,10,10,16,0,11,1,2,0,10,6,4,1,1,1,1,6,1,0,6,0,5,3,16,3,0,10,5,1,2,5,4
1,3,0,4,10,16,0,0,0,316,0,5,0,0,0,54,25,54,0,10,0,5,76,0,35,6,14,0,4,0,165,0,190,0,0,18,10,0,0,0,52,3,0,32,128,180,174,73,28,0,49,0,1,0,47,0,20,2,2,0,81,0,2,1,43,0,61,4,194,0,15,0,0,5,0,0,2,0,248,71,0,59,17,73,45,44,2,0,8,2,0,0,69,7,191,3,1,0,1,0,145,1,14,0,15,0,2,193,0,11,0,1,20,3,0,121,57,11,33,13,86,63,0,18,18,0,0,0,1,22,0,1,0,11,0,0,0,0,0,180,0,0,0,34,0,1,44,54,44,0,0,189,76,23,1,0,0,19,32,25,24,0,105,5,0,0,0,0,217,29,0,11,8
1,7,0,4,71,14,1,4,0,349,3,12,0,2,2,9,172,12,1,60,2,4,118,1,19,5,12,1,30,1,183,6,237,4,0,236,46,0,3,3,239,4,0,69,110,197,466,159,58,31,221,0,0,0,92,79,62,10,21,0,92,0,10,9,60,1,85,11,247,0,42,1,2,7,2,0,39,0,276,50,6,73,8,81,79,119,12,1,10,66,32,0,103,9,19,12,9,1,10,3,53,1,10,2,13,0,6,195,0,19,0,5,35,9,1,100,134,110,128,13,71,23,5,40,71,0,1,2,5,26,1,5,0,119,5,1,0,0,0,380,1,0,4,93,0,0,104,23,22,0,1,190,306,14,3,0,0,19,60,9,156,2,292,7,0,0,0,1,21,58,2,212,16
0,0,0,0,0,0,2,0,0,24,0,0,0,0,0,131,4,3,0,0,0,1,15,0,0,0,7,0,4,1,27,0,3,0,0,159,10,0,0,0,4,1,0,0,88,11,2,491,2,2,6,0,0,0,1,1,16,3,0,0,314,0,0,0,253,0,3,28,39,0,8,0,1,0,0,0,1,0,41,73,1,611,0,723,369,617,0,0,108,236,1,0,843,0,9,0,1,0,0,0,69,0,0,0,0,0,0,124,0,2,0,0,125,19,0,36,389,4,0,0,59,7,0,0,119,0,0,0,2,0,0,0,0,0,0,0,0,0,0,126,0,0,0,424,0,0,0,1,1,0,0,48,9,0,0,0,0,1,4,0,2,0,12,0,0,0,0,0,68,0,0,0,0
0,0,0,0,0,0,0,25,0,1,0,0,0,0,0,0,0,3,0,0,0,0,0,0,0,0,0,15,0,0,0,0,0,0,13,3,0,0,0,0,0,0,0,2,0,0,0,0,53,0,0,90,0,6,1,0,0,0,0,0,0,0,3,0,0,0,0,0,1,0,0,322,0,0,0,0,0,2,0,0,0,0,0,0,0,0,0,30,0,1,0,0,0,0,0,3,0,0,2,0,0,10,0,0,0,0,0,0,0,10,4,0,0,0,0,1,0,1,0,0,0,0,0,0,0,2,0,0,0,0,444,0,1,0,0,3,0,0,0,0,0,0,0,0,0,0,0,0,0,6,1,0,0,0,0,0,110,0,0,0,0,3,0,0,0,0,0,7,0,0,2,0,0
1,1,0,0,84,0,2,7,17,0,58,0,6,645,102,0,378,0,0,2,0,0,0,0,0,0,0,2,0,0,19,0,0,0,423,2,0,1,0,4,0,14,0,16,0,0,0,0,2,0,1,7,0,12,0,0,0,0,27,5,0,9,7,0,0,1,0,3,0,3,0,10,52,0,0,1,0,0,0,0,2,0,0,0,1,0,0,32,0,0,0,0,0,1,0,2,17,0,0,0,0,66,0,0,1,7,0,0,1,14,8,1,0,0,34,1,0,0,0,0,0,0,4,0,0,875,7,0,0,0,8,0,20,0,4,20,0,22,0,0,0,0,1,0,633,0,1,0,0,50,194,0,3,0,0,1,9,1,0,0,0,0,0,0,46,0,0,4,1,0,0,2,0
1,0,0,0,22,0,4,0,1239,0,5,0,1123,1,73,0,3,0,0,0,1,0,0,95,0,0,0,2,3,5,0,10,0,1431,8,0,27,902,1314,1037,0,0,0,2,0,0,0,0,6,0,1,6,0,14,0,2,2,0,2,30,0,14,55,2,0,352,0,2,0,905,0,36,0,0,0,16,5,5,0,0,19,0,0,0,0,1,0,34,0,4,26,12,0,9,0,17,13,107,0,0,1,6,0,1536,0,23,0,0,25,1,2,7,0,11,7,0,0,1,0,0,0,0,2,0,3,49,182,32,1,0,16,229,43,5,7,40,676,2,223,0,115,975,248,0,0,0,0,0,0,1,2,0,0,0,0,0,19,0,0,11,0,3,0,0,9,3,514,1,0,0,94,0,0
1,142,26,20,0,238,1,0,0,82,24,7,0,11,0,1,0,2,75,10,17,497,352,4,4,578,165,1,1,4,3,9,8,0,0,1,1,8,0,0,20,41,28,14,1,21,22,93,106,2,83,0,9,0,2,17,6,15,1,26,6,0,6,14,7,0,0,509,3,0,497,0,8,11,7,0,4,0,1,32,9,0,5,5,2,1,1,0,69,190,4,0,2,2,0,5,1,1,20,61,3,0,3,0,74,1,8,1,5,0,0,409,30,53,54,0,10,0,2,0,5,1,12,88,10,0,1,16,20,3,0,0,0,2,1,1,0,0,0,11,2,0,0,131,0,45,10,24,0,0,0,0,3,1,212,22,0,4,69,3,5,0,0,2,0,12,13,0,0,0,0,0,1
2,1,1,0,3,1,5,0,0,1,5,0,0,4,21,0,0,0,0,3,1,0,1,157,0,6,1,0,45,10,0,541,2,0,0,0,110,18,2,1,7,1,0,4,2,1,7,0,15,86,21,0,0,0,0,77,106,0,1,248,1,0,7,244,8,6,0,0,2,0,9,0,0,4,1,5,137,0,0,0,197,1,0,0,1,6,0,0,0,3,227,0,2,2,2,17,2,11,0,0,3,0,0,0,1,0,1,1,2,0,0,13,4,0,24,1,1,1,0,0,1,0,555,1,1,0,0,41,50,9,0,6,0,2,60,3,12,1,0,8,17,0,1,1,0,1,0,0,1,0,1,0,1,0,6,0,0,0,1,0,6,0,1,1,0,541,10,0,0,1,3,2,1
0,4,1,1,25,10,1,1,0,8,4,0,0,108,37,0,0,0,1,11,2,3,4,16,1,7,4,0,499,4,3,490,7,4,1,0,286,6,16,20,39,3,0,11,1,4,13,2,95,672,19,1,0,0,5,228,145,3,0,180,6,0,7,809,0,76,6,10,5,3,25,0,4,98,0,3,778,1,6,6,209,0,0,3,3,8,0,0,0,11,397,0,1,1,6,31,13,13,0,4,1,0,3,3,1,0,1,3,15,0,0,31,1,7,22,0,6,3,0,2,1,2,204,4,2,0,0,15,338,7,1,89,1,33,345,1,44,0,45,5,173,0,8,6,0,0,1,2,0,0,1,2,0,0,1,0,0,0,0,2,4,3,167,0,0,124,15,0,2,1,36,4,0
0,1,0,0,1,0,2,0,0,0,2,0,0,0,48,0,0,0,0,12,1,0,0,3,0,0,0,0,219,2,0,57,0,7,0,0,6,0,0,1,0,2,0,0,1,1,1,0,2,288,1,0,0,0,0,8,151,0,0,0,0,0,3,34,1,30,1,1,2,0,6,0,1,0,0,1,152,0,1,2,21,1,0,1,0,4,0,0,0,2,30,0,3,1,1,2,1,2,0,0,0,0,0,7,0,0,0,0,1,1,0,10,0,3,0,2,6,0,0,0,0,0,11,0,0,0,0,1,56,2,0,6,0,1,26,0,9,0,2,0,14,0,17,5,0,0,0,0,0,0,0,1,1,0,1,0,0,0,0,0,1,0,5,0,0,23,1,0,0,0,0,0,0
1,215,12,12,2,181,0,0,0,3,0,3,0,0,0,0,0,0,98,49,28,131,10,0,168,91,11,0,0,0,1,0,38,0,0,0,0,0,0,0,3,4,14,0,0,7,11,1,6,0,0,0,2,0,1,0,2,13,0,0,0,0,0,0,0,0,6,0,2,0,14,0,1,46,16,0,0,0,1,0,0,0,13,0,0,0,3,0,4,0,0,0,0,0,0,0,0,2,3,41,3,0,2,0,140,0,24,0,0,1,0,22,11,0,11,0,0,0,1,1,0,1,0,4,0,0,0,0,1,24,0,0,0,0,0,0,0,0,0,0,0,0,0,1,0,24,6,250,6,0,0,7,0,1,15,3,0,4,32,241,1,0,0,3,0,0,1,0,0,18,0,0,7
0,1,1,8,0,10,0,0,0,0,0,4,0,0,0,0,0,0,2,0,242,1,121,0,4,5,171,0,0,0,0,0,3,0,0,0,0,0,0,0,0,6,0,0,0,2,1,2,3,0,0,0,7,0,0,0,0,10,0,0,3,0,0,0,0,0,0,0,0,0,0,0,0,1,3,0,0,0,0,0,0,0,0,0,0,0,1,0,1,0,0,0,0,0,0,0,0,0,1,9,2,0,0,0,5,0,5,0,0,0,0,3,0,0,0,0,0,0,0,1,0,0,0,24,0,0,0,0,0,2,0,0,0,0,0,0,0,0,0,0,0,0,0,2,0,8,0,5,0,0,0,0,0,0,0,0,0,0,0,4,0,0,0,0,0,0,0,0,0,0,0,0,0
0,2,0,0,6,2,2,9,0,0,1,1,0,14,5,0,9,0,4,1,0,1,0,0,0,0,0,0,0,0,54,0,0,0,16,0,0,0,0,1,0,1,1,249,1,0,0,0,1,0,1,3,0,1,0,1,0,0,534,0,0,1,1,0,0,1,0,8,1,0,0,2,1,0,0,0,0,0,0,0,1,0,2,2,1,0,0,3,2,0,0,0,4,0,0,0,108,0,0,1,0,19,0,0,3,6,0,0,1,14,0,0,0,0,2,0,1,0,0,0,1,0,0,0,0,30,0,0,0,0,0,0,20,0,5,28,1,41,0,7,0,1,0,0,1,0,3,0,0,0,7,0,41,0,0,0,0,0,0,0,2,0,0,1,715,0,0,2,0,0,0,0,0
642,11,26,15,2,7,2,0,2,4,9,364,0,6,0,6,0,290,9,2,5,1,18,22,25,6,9,0,0,792,0,6,34,0,0,3,3,2,4,1,4,177,8,1,7,20,6,2,7,0,156,0,2,0,64,12,66,381,0,6,146,0,1,3,327,0,150,6,2,0,11,0,118,7,72,0,4,0,8,10,3,38,9,4,3,3,400,0,0,2,5,0,2,106,23,17,0,0,7,20,8,0,7,0,61,0,19,10,0,3,0,18,9,2,41,4,13,6,0,327,10,0,5,8,121,0,0,9,113,7,0,3,0,115,1,192,0,0,0,13,0,0,0,3,0,7,13,7,5,0,1,0,1,203,6,1,0,1,2,2,6,0,0,45,0,1,2,0,0,51,2,3,9
0,0,0,0,0,0,0,763,0,0,0,0,0,0,0,0,0,0,0,0,0,0,0,0,0,0,0,627,0,0,0,0,0,0,8,0,0,0,0,0,0,0,0,0,0,0,0,0,0,0,0,53,0,1178,0,0,0,0,0,0,0,1316,0,0,0,0,0,0,0,0,0,50,0,0,0,0,0,1011,0,0,0,0,0,0,0,0,0,2,0,0,0,0,0,0,0,0,0,0,0,0,0,28,0,0,0,0,0,0,51,7,863,0,0,0,0,0,0,0,0,0,0,0,0,0,5,0,2,0,0,0,2,2,15,0,0,5,0,0,0,0,0,0,0,0,0,0,0,0,0,1294,0,0,0,0,0,0,39,0,0,0,0,145,0,0,0,0,0,4,0,0,0,0,0
0,0,0,0,0,0,0,327,0,0,0,0,0,0,0,0,0,0,0,0,0,0,0,0,0,0,0,47,0,0,0,0,0,0,0,0,0,0,0,0,0,0,0,0,0,0,0,0,0,0,0,1057,0,22,0,0,0,0,0,0,0,0,0,0,0,0,0,0,0,0,0,111,0,0,0,0,0,2,0,0,0,0,0,0,0,0,0,272,0,0,0,0,0,0,0,0,0,0,0,0,0,1,0,0,0,0,0,0,4,0,4,0,0,0,0,0,0,0,0,0,0,0,0,0,0,0,0,0,0,0,0,0,1,0,0,0,0,0,0,0,0,0,0,0,0,0,0,0,0,26,0,0,0,0,0,0,362,0,0,0,0,0,0,0,0,0,0,1,0,0,0,0,0
1,0,0,0,4,0,8,27,1,3,0,0,1,15,15,0,4,0,0,7,0,0,0,0,0,0,0,11,0,0,4,0,1,0,114,21,0,0,0,8,0,0,0,50,0,0,1,0,5,0,0,4,0,27,0,1,0,0,32,0,0,15,15,0,0,0,2,0,0,1,0,105,2,0,0,5,0,20,0,0,0,0,1,0,0,0,0,309,0,1,0,0,1,0,0,0,27,0,0,0,0,963,0,0,0,11,0,1,3,705,2,0,0,0,2,0,0,0,0,0,0,0,0,0,0,56,10,0,0,1,67,1,28,0,3,388,0,81,0,3,0,1,0,0,2,0,1,0,0,8,6,0,30,0,0,0,182,0,0,0,1,1,0,0,24,0,0,89,0,0,0,0,0
0,0,0,0,1,0,2,0,11,0,0,0,1,0,0,0,0,0,0,1,0,0,0,0,0,0,0,6,0,0,0,0,0,19,5,0,0,22,64,6,0,0,0,2,0,0,0,0,0,0,0,0,0,6,0,0,0,0,3,0,0,31,3,0,0,2,0,0,0,0,0,1,0,0,0,0,0,26,0,0,0,0,0,0,0,0,0,3,0,0,0,0,0,0,0,21,0,1,0,0,0,19,0,5,0,3,0,0,218,3,5,0,0,0,0,0,0,0,0,0,0,0,0,0,0,0,1,1,0,0,1,53,89,0,0,22,9,15,0,0,2,18,0,0,0,0,0,0,0,2,0,0,21,0,0,0,6,0,0,0,0,1,0,0,8,0,2,0,0,0,0,0,0
0,25,4,2,5,3,0,0,0,16,1,2,0,0,0,0,2,1,3,12,2,16,32,0,3,7,7,0,0,0,13,0,28,0,0,3,0,0,0,0,5,5,0,5,1,13,28,6,16,0,14,0,8,0,4,1,1,6,0,0,0,0,0,0,3,0,5,0,9,0,9,0,0,2,5,0,0,0,30,2,0,0,1,1,3,0,2,0,1,0,0,0,0,3,0,1,0,0,0,3,5,0,2,0,20,0,2,11,0,0,0,3,2,0,3,5,1,1,3,3,1,0,0,8,0,0,0,0,0,2,0,0,0,0,0,0,0,0,0,3,0,0,0,0,0,4,5,19,1,0,0,5,9,2,7,0,0,0,7,1,4,0,0,0,0,0,1,0,0,5,0,2,5
1,63,0,1,0,11,0,0,0,53,13,0,0,0,0,0,3,13,4,16,13,8,6,2,6,26,1,0,0,6,21,1,30,0,0,99,1,0,0,0,48,1,0,3,13,12,86,4,4,1,21,0,0,0,20,4,30,1,0,1,11,0,4,1,9,0,5,1,24,0,217,0,1,1,2,0,6,0,500,165,0,5,1,42,43,21,4,0,2,16,4,0,36,7,10,2,10,0,0,0,20,0,1,0,4,0,0,233,0,0,0,26,21,0,0,31,29,2,0,6,1,4,2,0,6,0,0,0,3,4,0,0,0,2,1,0,0,0,0,11,1,0,0,2,0,0,9,46,1,0,0,63,4,9,7,1,0,0,10,3,1,0,7,2,0,2,0,0,45,31,0,4,1
2,0,0,0,27,2,1,1,3,3,11,1,0,42,0,0,1,0,0,1,0,1,0,17,0,5,0,2,3,76,0,13,0,7,0,1,0,70,28,1,1,1,1,34,0,0,4,0,15,2,56,0,0,3,1,16,10,0,4,12,1,3,2,6,0,3,0,4,1,0,10,1,43,1,0,0,1,1,3,1,1,0,0,1,0,1,1,1,2,7,21,0,0,0,1,590,7,39,0,0,0,1,8,1,0,0,0,1,199,0,0,14,0,8,7,0,0,1,0,0,0,0,0,0,2,1,6,199,1,0,4,73,70,0,0,1,13,4,12,2,9,5,0,0,0,0,0,0,0,0,0,0,6,1,0,0,0,0,0,1,0,1,0,0,15,16,11,1,0,1,16,0,0
9,23,4,0,1,6,0,0,1,2,424,8,0,1,0,1,0,0,4,0,380,18,173,1,0,30,106,0,0,16,2,0,1,0,0,0,0,0,0,0,5,92,3,0,2,1,10,18,20,1,87,0,15,0,1,0,2,60,0,151,1,0,3,1,17,0,0,36,0,0,51,0,0,0,2,0,1,0,1,0,10,1,0,1,0,0,9,0,333,2,2,0,0,1,0,2,0,2,0,3,1,0,0,0,2,0,0,1,0,0,0,315,2,0,2,0,2,0,1,2,1,0,8,17,0,0,2,7,8,1,0,0,0,0,1,1,0,0,0,4,0,0,0,1,0,12,2,0,0,0,0,0,0,0,13,344,0,0,13,0,0,0,0,0,0,1,0,0,0,1,0,0,0
0,0,0,0,0,4,0,0,0,17,0,0,0,0,1,10,0,121,0,2,0,0,0,0,1,0,0,0,0,0,4,0,0,0,0,87,0,0,0,0,1,0,3,1,2,1,1,18,17,0,1,0,0,0,6,2,3,0,0,1,4,0,0,2,1,0,0,3,3,0,6,0,0,0,0,0,0,0,15,16,2,0,0,26,38,81,0,0,3,21,0,0,57,11,7,0,0,0,0,0,4,0,0,0,0,0,0,9,0,0,0,0,28,424,0,149,28,0,0,6,0,0,1,0,160,0,0,0,1,0,3,0,0,0,1,0,0,0,0,2,1,0,0,8,0,0,0,2,0,0,0,63,0,14,0,0,0,0,0,0,0,0,4,0,0,0,0,0,107,0,1,0,0
1,0,0,0,1,0,0,235,0,0,0,0,0,1,0,0,0,0,0,0,0,0,0,0,0,0,0,419,0,0,2,0,0,0,10,2,0,2,0,1,0,0,0,1,0,0,1,0,0,0,0,20,0,259,0,1,0,0,0,0,0,553,15,0,0,0,0,0,0,0,0,36,0,0,0,0,0,520,0,0,0,0,0,0,0,0,0,6,0,19,0,0,0,0,0,196,1,0,80,0,0,20,2,0,0,1,0,0,15,2,397,0,0,3,0,0,0,0,0,0,0,0,0,0,36,0,0,0,0,0,2,11,12,1,0,3,0,0,0,0,0,0,0,0,0,0,0,0,0,190,1,0,0,0,0,0,42,0,0,0,0,644,0,0,0,0,1,2,0,0,0,0,0
0,0,0,0,0,0,0,13,0,0,0,0,0,0,0,0,0,0,0,0,0,0,0,0,0,0,0,11,0,0,0,0,0,0,1,3,0,0,0,0,0,0,0,0,0,0,0,1,0,0,0,33,0,0,0,0,0,0,0,0,0,0,1,1,0,0,0,0,0,0,0,23,0,0,0,0,1,0,0,0,0,0,0,0,0,0,0,8,0,1,0,0,0,0,0,4,0,0,2,0,0,0,0,0,0,0,0,0,0,0,1,0,0,0,0,0,0,0,0,0,0,0,0,0,0,0,0,0,0,0,4,0,0,0,0,0,0,0,0,0,0,0,0,0,0,0,0,0,0,3,0,0,0,0,0,0,34,0,0,0,0,4,0,0,0,0,0,0,0,0,1,0,0
