0.85917,0.24066,0.40915,0.37042,0.19866,0.27357,0.9571,0.64646,0.85674,0.33298,0.6843,0.46897,0.87994,0.58652,0.49371,0.34606,0.5279,0.38889,0.55092,0.42008,0.47722,0.46768,0.34599,0.51769,0.24113,0.50227,0.23691,0.59067,0.60809,0.79421,0.23202,0.45563,0.20266,0.82068,0.58047,0.32132,0.33422,0.75,0.76663,0.66667,0.50202,0.26466,0.30429,0.23804,0.4594,0.18173,0.34807,0.44592,0.1642,0.59651,0.23753,0.7148,0.56619,0.75409,0.60682,0.27121,0.22252,0.48525,0.58999,0.27899,0.39379,0.67075,0.24355,0.64645,0.40982,0.43185,0.25289,0.71495,0.30066,0.7883,0.48094,0.43526,0.5814,0.17733,0.64327,0.97481,0.63724,0.66407,0.41394,0.3254,0.2738,0.70752,0.37935,0.67921,0.64423,0.66385,0.4611,0.35798,0.53135,0.39158,0.39126,0.98977,0.71568,0.70026,0.53678,0.50915,0.5062,0.75668,0.58065,0.24711,0.35958,0.76795,0.521,0.91604,0.19479,0.95941,0.35345,0.24711,0.61253,0.70529,0.66823,0.43282,0.28857,0.70173,0.14687,0.23555,0.5,0.68529,0.3831,0.61257,0.48754,0.54944,0.61087,0.45981,0.28722,0.80965,0.54884,0.64235,0.51705,0.43735,0.57982,0.31572,0.67945,0.38452,0.44582,0.36458,0.58554,0.4296,0.79136,0.41163,0.38104,0.68998,0.62785,0.4486,0.83959,0.3465,0.3427,0.33501,0.44038,0.81111,0.61563,0.2812,0.33976,0.50831,0.43297,0.8975,0.28995,0.57307,0.23201,0.51178,0.34951,0.83207,0.41888,0.60279,0.69136,0.6872,0.71471,0.7492,0.43606,0.51567,0.43924,0.69459,0.45951
0.5507
0,36,304,161,0,39,0,0,0,0,0,67,0,0,0,1,0,4,84,12,1,2,2,0,170,9,7,0,0,0,0,0,9,0,0,0,1,0,0,0,1,9,241,0,0,1,2,0,4,0,0,0,169,0,3,0,0,19,0,0,1,0,0,0,1,1,27,0,0,0,0,0,8,106,449,0,0,0,0,0,0,0,80,0,0,0,33,0,0,0,0,0,0,3,0,0,0,0,83,214,0,0,8,0,44,0,205,0,0,0,0,0,3,0,29,0,0,0,1,15,0,2,0,39,0,0,0,0,0,19,0,0,0,0,0,0,0,0,0,0,0,0,0,0,0,204,15,10,1,0,0,0,0,16,5,0,0,28,16,8,2,0,0,11,0,0,0,0,0,10,0,0,9
0,1,9,69,1,14,0,0,0,11,0,5,0,0,0,6,0,2,0,2,0,0,0,0,21,0,7,0,0,0,67,0,83,0,0,1,4,0,0,0,1,0,53,0,25,106,6,3,0,0,0,0,1,0,1,0,1,0,0,4,2,0,0,0,0,0,13,0,26,0,0,0,0,50,1,0,0,0,3,0,0,2,338,0,1,1,0,0,0,0,2,0,6,1,0,0,0,0,24,5,52,0,397,0,5,0,6,23,0,21,0,0,6,0,0,13,4,0,1,1,29,489,0,27,0,0,0,0,0,370,0,0,0,0,0,0,0,0,0,1,0,0,0,7,0,1,317,11,229,0,0,9,1,0,0,0,0,400,11,0,8,0,15,302,0,0,0,0,0,1,0,0,261
1,39,41,41,23,36,2,1,1,12,5,22,6,2,0,0,1,1,28,119,1,8,49,0,57,10,18,0,2,0,11,0,95,2,0,28,11,2,1,4,9,2,104,1,2,56,51,4,82,0,36,0,28,1,6,14,2,40,0,3,1,1,8,0,3,0,10,2,3,1,0,0,4,104,8,2,1,0,2,0,0,0,113,1,0,1,4,0,0,0,10,0,0,3,0,5,3,15,38,109,2,3,24,0,107,4,122,1,0,4,1,2,13,0,12,9,5,1,25,5,0,12,1,69,1,0,12,2,0,52,1,0,4,18,0,1,0,0,1,2,0,8,1,4,1,55,44,104,30,0,0,7,7,6,11,0,0,40,4,10,40,0,0,15,1,1,0,8,0,22,1,5,41
0,148,158,36,0,98,0,0,0,0,0,21,0,0,0,0,0,0,449,9,57,30,33,0,27,26,74,0,0,3,0,0,0,0,0,0,2,0,0,0,3,176,59,0,0,0,1,0,8,0,2,0,355,0,1,0,1,110,0,1,3,0,1,0,0,0,5,1,3,0,8,0,2,23,86,0,0,0,0,0,0,0,7,0,0,0,26,0,52,0,0,0,0,2,0,0,0,0,23,171,0,0,0,0,47,0,65,0,0,0,0,11,0,0,50,0,0,0,0,2,1,0,0,17,0,0,0,0,2,8,0,0,0,2,0,0,0,0,0,0,0,0,0,2,0,228,1,14,0,0,0,0,0,6,24,4,0,0,129,20,0,0,0,0,0,0,0,0,0,3,0,0,1
0,6,27,76,0,29,0,0,0,1,0,2,0,0,0,0,0,0,4,2,1,2,0,0,26,3,0,0,0,0,2,0,2,0,0,0,0,0,0,0,0,0,37,0,0,1,0,0,0,0,0,0,1,0,0,0,0,0,0,0,0,0,0,0,0,0,4,0,0,0,0,0,0,122,1,0,0,0,0,0,0,0,53,0,0,0,0,0,0,0,0,0,0,1,0,0,0,0,4,46,1,0,17,0,14,0,30,0,0,0,0,1,0,0,5,1,0,0,0,0,1,8,0,1,0,0,0,0,0,72,0,0,0,0,0,0,0,0,0,0,0,0,0,0,0,10,20,19,5,0,0,0,0,3,0,0,0,47,0,1,1,0,0,7,0,0,0,0,0,0,0,0,12
2,107,18,10,90,69,1,0,0,16,11,21,0,0,0,0,9,1,27,318,22,78,122,0,32,109,15,0,0,2,13,6,52,0,0,4,18,8,0,0,32,10,16,5,1,33,288,7,133,5,141,0,7,0,24,31,11,18,4,1,6,0,5,7,5,0,33,11,16,0,22,0,5,27,5,0,11,0,5,6,1,0,15,0,2,0,9,0,5,1,19,0,1,4,2,10,1,3,5,59,2,0,8,0,111,0,36,7,3,1,0,38,29,0,22,7,5,15,107,8,1,1,3,13,3,0,0,3,4,25,0,2,0,19,2,0,0,0,0,5,0,0,0,18,0,31,58,76,3,0,0,11,80,5,46,1,0,4,47,15,142,1,7,5,0,14,0,0,0,45,1,19,28
0,0,88,283,0,2,0,0,0,0,0,21,0,0,0,0,2,0,0,2,0,0,8,0,5,0,94,0,0,0,4,0,34,0,0,0,0,0,0,0,0,1,197,0,12,58,0,8,8,0,4,0,12,0,0,0,0,9,0,0,16,0,0,0,1,0,9,0,0,0,0,0,0,13,2,0,0,0,0,0,0,0,125,0,0,0,3,0,0,0,0,0,0,1,0,0,0,0,450,90,8,0,21,0,3,0,35,0,0,0,0,1,159,0,0,0,1,0,0,1,16,2,0,429,0,0,0,0,0,16,0,0,0,0,0,0,0,0,0,0,0,0,0,22,0,29,25,3,4,0,0,0,1,1,0,0,0,12,0,0,2,0,0,27,0,0,0,0,0,0,0,0,10
0,3,1,1,1,0,0,0,0,1,0,0,0,0,5,0,1,0,4,0,0,1,1,0,0,1,0,0,0,0,7,0,0,0,2,1,0,0,0,1,0,0,1,36,0,0,1,0,0,0,0,2,0,0,0,1,0,0,5,3,0,0,1,0,1,0,0,1,0,0,1,0,0,0,3,0,0,0,0,0,0,0,0,0,0,2,3,1,3,0,0,0,0,0,0,0,0,1,0,0,0,1,0,0,0,1,0,0,0,1,0,0,0,0,12,1,0,0,0,0,0,0,0,3,0,0,0,0,1,0,0,0,0,0,0,13,0,21,0,9,0,0,0,0,0,0,0,1,0,0,2,0,14,0,1,0,0,0,1,0,0,1,0,0,113,0,0,2,0,0,0,0,0
2,0,0,0,47,0,8,3,67,0,12,0,109,5,353,0,0,2,0,8,3,0,0,395,0,1,0,2,10,11,0,11,0,241,4,2,184,170,243,58,0,0,0,9,0,0,0,0,26,5,2,5,0,5,0,14,9,0,2,28,0,2,12,8,0,285,0,4,0,199,5,14,2,0,0,10,5,2,0,0,256,0,0,0,1,0,0,2,2,3,26,14,0,18,1,33,29,849,0,0,17,3,0,125,0,4,0,0,6,0,3,7,0,25,5,2,0,3,0,1,0,0,8,0,6,0,18,722,5,0,64,177,19,3,1,5,358,1,1282,0,162,276,496,0,0,0,0,0,0,0,8,0,0,1,0,0,6,0,0,83,0,7,7,0,2,6,114,1,0,0,347,0,0
0,0,0,0,0,0,0,30,0,0,0,0,0,0,0,0,0,0,0,0,0,0,0,0,0,0,0,11,0,0,0,0,0,0,3,0,0,0,0,0,0,0,0,0,0,0,0,0,0,0,0,144,0,8,0,0,0,0,0,0,0,0,0,0,0,0,0,0,0,0,0,206,0,0,0,0,0,5,0,0,0,0,0,0,0,0,0,29,0,0,0,0,0,0,0,0,0,0,0,0,0,13,0,0,0,0,0,0,0,8,1,0,0,0,0,0,0,0,0,0,0,0,0,0,0,2,0,0,0,0,89,0,0,0,0,3,0,0,0,0,0,0,0,0,0,0,0,0,0,2,0,0,0,0,0,0,267,0,0,0,0,0,0,0,0,0,0,1,0,0,0,0,0
0,0,0,0,7,1,12,9,1,4,1,0,1,6,2,0,11,1,0,0,0,0,0,0,0,0,0,1,0,0,1,0,0,1,35,9,0,0,0,3,0,0,0,127,0,1,2,0,51,0,0,2,0,4,0,0,0,0,27,0,0,5,14,0,0,1,1,0,3,0,0,10,0,0,36,7,0,3,2,0,2,0,2,0,0,0,0,91,0,1,0,2,1,0,0,2,11,1,0,0,0,91,0,0,0,2,1,2,2,61,1,0,3,0,2,2,2,0,0,0,0,0,3,0,3,14,2,0,0,0,29,1,20,0,4,187,1,86,0,4,0,0,0,0,1,0,1,0,1,1,13,1,23,1,1,0,27,0,0,5,1,0,0,0,13,0,0,15,1,0,2,1,0
0,1,0,1,16,0,1,2,90,1,0,0,3,32,6,0,1,0,1,2,0,0,0,0,0,3,0,0,1,0,4,4,3,5,3,1,0,6,17,2,3,0,0,151,2,4,13,2,15,1,3,0,0,4,0,23,0,0,8,28,1,8,17,10,0,7,1,4,3,7,9,0,1,1,1,2,4,5,0,0,27,0,0,4,0,4,0,0,0,11,4,3,2,2,0,170,4,28,0,0,3,15,27,1,0,4,0,1,3,6,2,1,1,0,64,0,2,0,0,0,1,0,6,0,0,1,7,32,3,0,1,13,104,1,5,119,11,238,45,13,6,34,0,1,1,0,6,1,0,0,2,1,266,0,0,0,0,0,0,4,9,3,0,0,20,5,7,2,0,0,48,0,10
6,0,0,0,121,1,0,2,2,5,0,1,2,175,1,1,0,0,0,14,0,1,0,52,0,3,0,0,3,4,0,8,1,0,4,1,1,0,0,0,0,0,0,39,1,2,8,2,27,3,0,0,0,0,10,168,11,0,2,4,3,0,15,42,0,1,8,3,6,0,5,0,68,7,0,0,10,0,5,9,12,1,0,7,0,1,0,3,0,20,2,0,0,6,1,20,114,3,0,0,3,1,1,1,0,0,0,6,0,0,0,3,0,22,0,0,5,5,0,1,0,1,1,0,15,1,0,10,6,0,11,5,1,318,5,0,5,0,18,6,15,0,4,3,0,0,0,1,0,0,2,0,0,1,0,0,1,0,0,1,1,1,9,0,0,5,3,0,0,1,230,0,1
0,2,3,13,1,59,0,0,0,59,0,27,0,1,0,136,0,130,4,24,3,7,15,0,78,1,21,0,1,1,109,0,188,0,0,0,7,0,0,0,3,1,19,1,53,187,45,12,7,0,11,0,2,0,45,0,1,5,0,1,14,0,0,0,7,0,219,2,81,0,5,0,4,66,3,0,0,0,16,17,2,4,101,4,1,3,6,0,0,0,0,0,1,13,4,0,0,0,19,13,115,1,172,0,32,0,10,29,0,7,0,0,12,0,0,73,4,2,22,39,30,241,0,55,3,0,0,0,0,146,0,0,0,1,0,0,0,0,0,12,0,0,0,6,0,2,167,98,134,0,0,83,7,54,1,0,0,105,12,22,45,0,42,56,0,0,0,0,5,10,0,13,94
0,69,3,0,0,27,0,0,0,0,7,3,0,0,0,0,0,0,19,11,7,251,16,0,1,179,10,0,0,1,0,0,0,0,0,0,0,0,0,0,0,6,0,0,0,0,1,0,1,0,1,0,2,0,0,0,0,6,1,1,0,0,1,0,0,0,0,14,1,0,7,0,0,3,2,2,0,0,0,0,0,0,0,0,0,0,0,0,27,1,0,0,0,0,0,0,0,0,0,11,0,0,0,0,30,0,1,0,0,0,0,23,3,0,18,0,0,0,2,0,0,0,0,0,0,0,0,0,1,0,0,0,0,0,1,0,0,0,0,0,0,0,0,0,0,3,0,7,0,0,0,0,0,0,80,2,0,0,84,1,1,0,0,0,0,0,0,0,0,0,0,0,0
1,0,0,0,0,0,0,0,0,1,3,0,0,0,2,0,0,0,0,2,0,0,1,0,0,2,0,0,9,1,3,8,2,0,0,2,6,0,0,1,15,1,0,0,0,1,17,0,3,33,0,0,0,0,3,1,44,0,0,25,1,0,1,46,0,7,0,0,0,0,0,0,0,1,0,0,74,0,3,1,112,0,0,1,1,1,0,0,2,0,102,0,2,0,1,2,0,2,0,0,0,0,0,0,0,2,0,6,1,0,0,0,2,0,2,0,3,2,3,2,0,0,36,0,0,0,1,0,45,1,0,1,0,1,29,0,3,0,1,0,3,0,1,0,0,0,2,0,0,0,0,0,0,0,2,0,0,0,0,0,6,0,0,0,0,1,0,0,0,1,0,12,1
7,0,0,0,0,0,6,0,4,0,13,0,9,0,1,0,0,0,0,2,1,0,0,0,0,2,0,0,0,0,0,0,0,3,2,1,0,4,1,16,4,0,0,0,0,0,1,0,0,1,3,0,0,8,0,0,1,0,8,68,0,2,14,0,0,18,0,4,0,26,0,1,0,0,0,1,1,0,0,0,0,0,0,1,0,0,0,3,25,0,24,1,0,0,0,4,0,3,0,0,0,0,0,2,0,5,0,0,10,1,0,0,0,1,3,0,2,0,0,1,0,0,11,0,0,0,354,3,0,0,0,7,17,0,3,7,24,0,1,0,2,39,1,0,1,0,0,0,0,0,1,0,0,0,0,1,0,0,0,0,0,0,0,0,4,0,2,466,0,0,0,0,0
43,5,5,1,5,3,0,1,0,16,1,146,0,0,0,11,3,406,0,8,6,0,8,1,16,7,2,0,0,43,15,0,41,0,0,9,2,0,0,1,7,68,0,1,3,16,23,3,4,1,13,0,0,0,534,12,16,11,0,0,37,0,2,1,52,0,218,2,27,0,5,0,400,1,7,0,1,0,25,13,0,9,2,0,2,1,409,0,0,0,8,0,0,542,343,0,0,2,2,8,15,0,3,0,10,0,2,13,0,35,0,9,2,2,7,107,9,6,12,702,0,5,0,5,10,0,0,0,5,15,0,1,0,153,0,21,1,0,0,12,0,0,1,2,0,2,18,5,8,0,0,17,18,367,5,0,0,1,1,1,9,1,1,2,0,0,0,0,1,140,0,15,15
0,0,0,14,0,0,0,0,0,15,0,1,0,0,0,7,0,2,0,0,0,0,13,0,1,0,15,0,0,0,67,0,26,0,0,2,1,0,0,0,0,0,2,0,430,119,8,76,1,0,1,0,0,0,2,0,6,0,0,0,52,0,0,0,11,0,5,1,48,0,0,0,0,1,0,0,0,0,20,29,0,34,5,94,21,31,0,0,0,0,0,0,29,0,0,0,1,0,21,0,306,0,28,0,2,0,0,64,0,2,0,0,3,0,0,5,53,0,0,2,313,21,0,62,1,0,0,0,0,5,0,0,0,0,0,0,0,0,0,33,0,0,0,90,0,0,11,4,17,0,0,11,1,0,0,0,0,9,0,0,2,0,11,10,0,0,0,0,0,0,0,2,2
0,0,0,0,0,0,2,1,1,0,0,0,1,0,0,0,2,0,0,0,0,0,0,0,0,0,0,1,0,0,0,0,0,4,1,0,0,9,7,5,0,0,0,1,0,0,0,0,0,0,0,5,0,5,0,0,0,0,0,0,0,4,7,0,0,0,0,0,0,0,0,1,0,0,0,2,0,1,0,0,0,0,0,0,0,0,0,8,0,0,1,1,0,0,0,26,0,0,0,0,0,4,0,2,0,2,0,0,890,0,1,0,0,0,0,0,0,0,0,0,0,0,0,0,0,2,8,1,0,0,0,38,1081,0,0,3,14,4,0,0,0,18,0,0,0,0,0,0,0,1,0,0,3,0,0,0,4,0,0,0,0,0,0,0,27,0,0,2,0,0,0,0,0
10,0,0,0,148,0,1,0,0,0,3,0,0,64,34,0,57,2,0,0,0,1,0,0,0,1,0,1,0,0,12,0,0,0,48,3,0,0,0,0,0,82,1,23,0,0,0,0,5,0,1,1,0,4,0,0,0,0,7,3,0,2,3,0,0,0,0,24,0,0,1,2,0,0,1,0,0,0,0,1,3,1,0,0,0,0,0,4,0,0,0,0,0,0,0,1,1,0,0,0,0,4,1,0,0,0,0,0,0,3,0,0,0,2,1,0,0,0,0,0,0,0,0,0,1,68,0,0,0,0,2,0,2,0,0,11,0,5,0,6,0,0,4,1,98,0,0,2,0,1,386,1,2,0,2,0,1,0,1,0,0,0,1,0,29,0,0,0,1,0,0,0,0
0,0,0,0,2,0,1807,0,4,0,10,0,16,0,0,0,1,0,0,0,0,0,0,0,0,0,0,0,0,1,0,0,0,7,0,1,0,10,6,369,0,0,0,0,0,0,2,0,0,0,0,0,0,0,0,1,1,0,8,6,0,0,45,0,0,9,0,1,1,6,0,0,0,0,0,2283,0,0,0,0,1,0,0,0,0,0,0,0,2,0,65,3580,0,0,0,2,10,36,0,0,0,0,0,5,0,1749,0,0,3,0,0,0,0,1,2,0,1,2,0,0,0,0,3,0,0,0,20,2,0,0,0,2,34,0,2,0,9,0,0,0,1,27,0,0,0,0,0,0,0,0,0,0,2,0,1,0,0,0,0,0,0,0,0,0,0,1,10,9,1,0,0,0,0
9,2,1,2,2,2,19,1,1,6,5,0,1,17,14,0,18,0,0,41,4,0,1,3,0,5,1,0,2,0,8,1,7,0,39,3,0,0,0,0,1,0,1,26,0,0,3,1,5,2,0,4,0,1,2,127,1,0,215,3,0,1,4,2,1,0,5,0,15,0,4,0,4,1,0,1,0,0,0,2,7,0,2,6,2,9,0,7,2,1,3,1,9,3,2,3,408,0,0,2,1,34,1,0,0,5,0,2,2,15,2,0,1,22,2,10,6,368,1,2,0,7,2,0,20,16,15,3,1,4,0,0,11,0,239,3,0,4,0,0,0,0,10,12,16,0,15,0,2,0,10,11,3,1,3,0,1,7,1,0,1,0,5,3,16,4,0,8,2,3,4,3,6
1,3,0,3,8,16,0,0,0,279,0,4,0,1,0,67,26,50,1,6,0,5,68,0,42,7,12,0,6,0,164,0,150,0,0,16,14,0,0,0,56,2,0,26,137,174,157,86,27,0,47,0,1,0,49,0,20,2,0,0,83,0,1,2,41,1,87,5,214,0,26,0,0,6,0,0,0,0,248,115,0,50,13,66,44,51,2,0,6,2,0,0,77,7,199,4,1,0,1,0,140,1,15,0,18,0,1,203,0,18,0,1,14,1,0,120,54,13,35,12,87,58,0,21,18,0,0,0,2,25,0,1,0,9,0,0,0,0,0,171,0,0,0,36,0,2,46,52,45,0,0,187,71,18,1,0,0,17,27,25,26,0,106,5,0,0,0,0,208,14,0,18,15
0,6,0,3,55,16,0,3,1,312,4,16,0,1,5,10,164,10,1,60,4,3,110,0,22,6,18,2,23,1,200,4,213,3,0,214,84,0,0,1,248,2,0,54,131,184,441,173,65,22,219,0,0,0,93,76,52,7,0,0,98,0,9,9,65,2,99,11,227,0,54,1,3,6,1,1,24,0,246,108,6,66,9,81,61,132,10,0,5,65,27,0,99,9,25,8,7,2,10,3,54,1,12,2,12,0,6,224,0,20,0,4,28,10,2,108,150,101,136,15,76,24,2,33,75,0,1,2,30,30,0,8,0,117,9,1,0,0,0,347,0,1,7,104,0,0,125,19,25,0,1,159,317,12,5,0,0,17,51,9,180,5,284,8,0,0,0,0,21,36,3,257,28
0,0,0,0,0,0,2,0,0,17,0,0,0,0,0,131,3,4,0,0,0,1,12,0,0,0,7,0,4,1,32,0,0,0,0,165,18,0,0,0,2,0,0,0,110,15,2,470,1,1,3,0,0,0,1,0,18,3,0,0,317,0,0,0,237,1,3,34,30,0,16,0,1,0,0,0,2,0,39,83,3,583,0,722,402,628,0,0,76,251,1,0,881,0,8,0,1,0,0,0,72,0,0,0,0,0,0,94,0,3,0,0,117,34,0,30,396,3,0,0,65,6,0,1,120,0,0,0,2,0,0,0,0,1,1,0,0,0,0,137,0,0,0,384,0,0,0,2,0,0,0,47,5,0,1,0,0,1,4,0,2,0,10,1,0,0,0,0,69,0,0,0,0
0,0,0,0,0,0,0,20,0,1,1,0,0,0,0,0,0,4,0,0,0,0,0,0,0,0,0,11,0,0,0,0,0,0,18,4,0,0,0,0,0,0,0,1,0,0,0,0,75,0,0,102,0,3,1,0,0,0,0,0,0,0,2,0,0,0,0,0,0,0,0,180,0,0,0,0,0,2,0,0,0,0,0,0,0,0,0,29,0,1,0,0,0,0,0,3,1,0,0,0,0,35,0,0,0,0,0,0,0,12,4,0,0,0,1,1,0,1,0,0,0,0,0,0,3,4,0,0,0,0,454,0,1,0,0,3,0,0,0,1,0,0,0,0,0,0,0,0,0,2,1,0,0,0,0,0,188,0,0,0,0,6,0,0,0,0,0,5,0,0,0,0,0
1,0,0,0,121,0,1,8,18,0,40,0,8,705,98,0,350,0,0,1,0,0,0,0,0,1,0,3,0,0,27,0,0,0,422,3,0,0,0,3,0,13,0,10,0,0,0,0,1,0,2,5,0,15,0,0,0,0,33,1,0,7,8,0,0,1,0,1,0,3,0,7,43,0,0,2,1,0,0,0,0,0,0,0,0,0,0,28,3,0,0,1,0,3,0,3,14,0,0,0,0,29,0,0,0,6,0,0,1,14,8,0,0,0,29,1,0,0,0,0,0,0,5,0,0,889,7,0,0,0,14,0,19,0,3,18,0,25,0,1,0,0,2,0,649,0,1,0,0,36,185,0,4,0,1,0,7,0,0,0,0,0,0,0,42,0,0,3,1,1,0,2,0
4,0,0,0,27,0,4,3,1226,0,5,0,1158,2,63,0,2,0,0,1,1,0,0,103,0,0,0,1,3,3,0,12,0,1373,8,1,22,969,1291,1002,0,0,0,2,0,0,0,0,1,2,1,6,0,11,0,3,1,0,6,26,0,11,85,3,0,339,0,2,0,916,0,20,0,0,0,17,3,6,0,0,30,0,0,0,0,1,0,31,0,3,25,14,0,3,0,17,16,114,0,0,1,7,0,1582,0,22,0,0,33,1,2,6,0,4,6,0,0,0,0,0,0,0,3,0,3,7,179,47,0,0,21,233,43,5,7,37,729,3,222,0,109,957,240,0,1,0,0,0,0,0,1,0,0,0,0,0,16,0,0,8,0,4,0,0,10,3,481,1,0,2,95,0,0
0,136,28,17,2,235,1,0,0,74,27,11,0,5,1,1,0,1,66,11,16,492,401,4,4,553,149,0,0,7,2,7,9,0,0,0,2,10,0,0,18,33,26,15,1,20,19,112,70,2,96,0,15,0,2,18,6,15,1,24,6,0,4,15,11,0,1,464,1,0,492,0,5,12,6,0,3,0,1,3,11,1,2,4,1,3,2,0,67,191,4,0,2,2,0,5,1,0,25,58,8,0,4,0,70,0,8,1,5,0,0,422,74,57,68,2,8,0,2,1,4,1,10,101,26,0,1,17,14,4,0,0,0,1,3,0,0,0,0,10,1,0,1,134,0,38,9,19,1,0,0,0,3,1,197,28,0,4,89,3,9,0,0,1,0,16,16,0,0,1,0,0,5
4,0,0,0,3,1,5,0,0,1,3,0,0,2,14,0,0,0,0,1,1,0,1,151,0,7,2,0,39,13,0,534,3,0,0,0,112,15,1,1,6,0,0,10,3,2,5,2,12,93,12,0,0,0,0,75,114,0,1,231,1,0,7,255,8,7,0,0,1,0,3,0,0,3,1,4,156,0,0,0,206,2,0,0,0,3,0,0,1,8,217,0,1,3,2,18,2,7,0,1,3,0,0,0,1,0,0,0,2,0,0,13,3,0,25,2,0,0,0,0,2,0,562,1,0,0,0,38,40,10,0,5,0,2,50,2,12,1,0,12,13,0,1,1,0,0,0,0,1,0,1,1,1,0,4,0,0,0,1,0,4,0,1,1,0,580,9,0,1,0,3,4,1
0,4,2,2,15,7,1,0,2,8,4,0,0,107,40,0,0,1,1,11,4,2,4,18,0,10,3,1,481,6,3,499,5,3,1,0,252,7,16,21,23,3,0,25,1,1,15,3,90,683,9,1,0,1,5,227,164,2,2,158,7,0,7,810,0,72,2,7,4,3,21,3,4,89,0,2,794,0,5,3,212,0,0,2,2,5,0,0,1,13,385,0,0,2,6,35,17,13,0,4,2,0,4,1,0,0,3,6,10,0,0,30,1,4,24,1,7,2,0,3,1,2,239,3,4,0,0,22,364,2,0,84,0,28,325,1,35,0,41,5,205,0,7,6,0,0,4,5,0,0,0,0,0,0,3,0,0,0,0,1,6,5,160,0,0,140,20,0,1,0,34,1,1
0,1,0,0,1,0,2,0,0,0,2,0,0,0,55,0,0,0,0,13,1,0,0,3,0,0,0,0,205,2,0,60,0,6,0,0,3,0,1,1,0,2,0,0,2,0,3,1,1,285,1,0,0,0,0,9,156,0,0,0,0,0,2,34,0,31,1,0,1,0,7,0,0,0,0,1,149,0,2,2,27,1,0,0,0,6,0,0,0,3,28,0,2,2,2,1,2,2,0,0,0,0,0,4,0,0,0,0,1,1,0,8,0,2,0,4,5,0,0,0,0,0,11,0,2,0,0,2,64,2,0,6,0,1,28,0,12,0,2,0,13,0,12,4,0,0,0,0,0,0,0,1,0,0,2,0,0,0,0,0,0,0,5,0,0,19,1,0,0,0,0,0,0
1,219,14,11,2,171,0,0,0,6,0,5,0,0,0,0,0,0,98,44,26,124,11,0,168,86,13,0,0,0,1,0,39,0,0,0,1,0,0,0,2,5,13,0,0,5,11,0,6,0,1,0,2,0,1,0,2,16,0,0,1,0,0,0,0,0,9,0,2,0,17,0,1,37,11,0,0,0,1,1,0,0,12,0,0,0,4,0,3,0,0,0,0,0,0,0,0,0,2,41,3,0,4,0,142,0,25,0,0,1,0,23,11,0,12,0,0,0,2,1,0,1,0,2,0,0,0,0,1,25,0,0,0,0,0,0,0,0,0,0,0,0,0,1,0,25,6,267,8,0,0,3,0,1,22,3,0,4,35,239,1,0,0,2,0,0,1,0,0,11,0,0,8
0,1,1,7,0,8,0,0,0,0,0,3,0,0,0,0,0,0,2,0,232,1,135,0,3,2,181,0,0,0,0,0,3,0,0,0,0,0,0,0,0,5,1,0,0,2,0,3,3,0,0,0,6,0,1,0,0,12,0,0,3,0,0,0,0,0,0,0,0,0,0,0,0,1,3,0,0,0,0,0,0,0,0,0,0,0,1,0,1,0,0,0,0,0,0,0,0,0,2,9,3,0,0,0,5,0,5,0,0,0,0,2,0,0,0,0,0,0,0,1,0,0,0,14,0,0,0,0,0,1,0,0,0,0,0,0,0,0,0,0,0,0,0,4,0,7,0,5,0,0,0,0,0,0,0,0,0,0,1,4,0,0,0,0,0,0,0,0,0,0,0,0,0
0,1,4,0,7,2,2,8,0,0,0,0,0,12,9,0,5,0,5,1,0,1,0,0,0,0,0,0,0,0,57,0,0,0,13,2,0,0,0,1,0,0,2,209,1,0,0,0,1,0,0,3,0,0,0,1,0,0,554,0,1,1,3,0,0,1,3,4,0,0,0,3,2,0,0,0,0,0,0,0,1,0,1,2,1,0,2,7,1,0,0,0,4,0,0,0,109,0,0,1,1,13,0,0,1,3,0,0,1,16,0,0,0,0,0,0,0,0,0,0,1,0,0,0,0,30,0,0,0,0,1,0,20,0,4,19,1,58,0,8,0,1,0,1,2,0,2,0,0,0,8,0,37,0,2,0,1,0,0,0,2,0,0,1,728,0,0,2,0,0,0,0,0
604,12,25,10,2,5,1,0,1,6,3,340,0,5,0,7,0,275,6,1,5,1,18,11,18,5,10,0,0,795,2,5,31,0,0,3,3,3,2,0,6,185,9,1,6,17,8,6,5,0,178,0,2,0,65,11,56,329,0,4,131,0,1,3,334,0,94,3,3,0,11,0,83,5,63,0,2,0,11,14,4,58,8,2,3,2,363,0,2,2,5,0,2,120,24,19,0,0,7,18,8,0,6,0,51,0,18,10,0,2,0,18,10,2,44,4,8,7,0,313,11,2,4,7,59,0,0,11,101,11,0,3,0,142,2,187,0,0,0,23,0,0,2,4,0,10,15,8,3,0,1,0,1,204,8,1,0,2,1,2,4,0,0,41,0,4,1,0,0,362,2,0,10
0,0,0,0,0,0,0,832,0,0,0,0,0,0,0,0,0,0,0,0,0,0,0,0,0,0,0,684,0,0,0,0,0,0,4,0,0,0,0,0,0,0,0,0,0,0,0,0,0,0,0,53,0,1199,0,0,0,0,0,0,0,1314,4,0,0,0,0,0,0,0,0,72,0,0,0,0,0,1024,0,0,0,0,0,0,0,0,0,2,0,0,0,0,0,0,0,0,0,0,0,0,0,24,0,0,0,0,0,0,48,3,856,0,0,0,0,0,0,0,0,0,0,0,0,0,0,1,2,0,0,0,2,4,13,0,0,5,0,0,0,0,0,0,0,0,0,0,0,0,0,1168,0,0,0,0,0,0,45,0,0,0,0,106,0,0,0,0,0,5,0,0,0,0,0
0,0,0,0,0,0,0,37,0,0,0,0,0,0,0,0,0,0,0,0,0,0,0,0,0,0,0,42,0,0,0,0,0,0,0,0,0,0,0,0,0,0,0,0,0,0,0,0,0,0,0,985,0,20,0,0,0,0,0,0,0,0,1,0,0,0,0,0,0,0,0,474,0,0,0,0,0,2,0,0,0,0,0,0,0,0,0,281,0,0,0,0,0,0,0,0,0,0,0,0,0,1,0,0,0,0,0,0,4,0,5,0,0,0,0,0,0,0,0,0,0,0,0,0,0,0,0,0,0,0,5,0,1,0,0,0,0,0,0,0,0,0,0,0,0,0,0,0,0,26,0,0,0,0,0,0,352,0,0,0,0,0,0,0,0,0,0,1,0,0,0,0,0
2,0,0,0,1,1,8,39,0,1,0,0,1,30,10,0,4,0,0,2,0,0,0,0,0,0,0,11,0,0,8,0,1,0,108,22,0,0,0,3,0,0,3,40,0,0,1,0,4,0,0,5,0,25,0,1,0,0,45,0,0,14,21,0,0,0,1,0,0,1,0,38,2,0,0,5,0,22,0,1,0,0,1,0,0,0,0,305,0,1,0,0,0,2,0,1,26,0,0,0,0,1059,0,0,0,11,0,1,3,627,3,0,0,0,1,0,0,0,0,0,0,0,0,0,1,62,9,0,0,0,76,1,30,1,3,385,0,88,0,3,0,2,0,0,3,0,1,1,0,3,4,0,29,0,0,0,200,0,0,0,1,2,0,0,25,0,0,87,0,0,0,0,0
0,0,0,0,1,0,1,1,9,0,0,0,1,0,0,0,0,0,0,1,0,0,0,0,0,0,0,6,0,0,0,0,0,17,3,0,0,21,59,7,1,0,0,1,0,0,0,0,0,0,0,0,0,9,0,0,0,0,6,0,0,28,10,0,0,0,0,0,0,0,0,0,0,0,0,0,0,26,0,0,0,0,0,0,0,0,0,4,0,0,0,0,0,0,0,20,0,1,0,0,0,21,0,1,0,2,0,0,219,3,6,0,0,0,0,0,0,0,0,0,0,0,0,0,0,0,1,2,0,0,1,61,83,0,0,19,16,15,0,1,1,18,0,0,0,0,0,0,0,1,0,0,20,0,0,0,5,0,0,0,0,3,0,0,8,0,1,0,0,0,0,0,0
0,25,2,2,3,3,0,0,0,12,1,2,0,0,0,1,2,2,4,12,3,16,26,0,2,8,6,0,0,0,14,0,24,0,0,3,0,1,0,0,4,6,1,1,2,11,27,9,13,0,15,0,7,0,5,2,1,9,0,0,1,0,0,0,5,0,6,0,9,0,8,0,1,1,4,0,0,0,27,8,0,0,1,1,4,0,2,0,1,0,0,0,0,3,0,1,0,0,0,1,6,0,1,0,18,0,1,14,0,0,0,3,2,0,4,2,3,2,5,2,1,1,0,10,0,0,0,0,0,1,0,0,0,1,0,0,0,0,0,2,0,0,0,0,0,4,6,19,1,0,0,6,8,2,7,0,0,0,5,1,6,0,0,0,0,0,0,0,0,6,0,5,6
1,56,0,1,0,8,0,0,0,55,14,0,0,0,0,1,1,14,5,14,14,8,6,2,8,26,1,0,0,4,20,1,30,0,0,91,3,0,0,0,41,0,0,1,10,11,87,4,6,4,17,0,0,0,20,4,28,1,0,1,15,0,3,1,9,0,2,3,26,0,221,0,0,1,3,0,1,0,481,205,0,5,1,36,33,26,4,0,4,22,7,0,41,9,11,2,9,0,0,0,20,0,1,0,4,0,0,235,0,0,0,22,20,0,1,24,32,2,0,9,2,6,2,0,6,0,0,1,5,2,0,1,0,1,1,0,0,0,0,12,0,0,0,0,0,0,7,41,2,0,0,52,3,7,8,1,0,0,16,3,4,0,9,2,0,3,0,0,50,23,0,10,3
2,0,0,0,30,1,1,2,3,1,15,0,0,30,0,0,0,1,1,1,0,1,0,18,0,5,0,1,2,82,0,12,0,8,0,1,2,55,39,2,1,1,1,61,0,0,6,0,14,1,20,0,0,4,1,13,9,0,4,11,0,2,7,4,0,1,0,3,1,0,9,1,44,1,0,0,1,1,3,1,1,0,0,1,0,1,0,1,4,5,16,0,0,0,1,612,16,39,0,0,0,0,5,1,0,0,0,1,191,0,0,10,0,1,7,0,0,1,0,0,0,0,0,0,3,1,6,196,1,0,2,69,73,0,1,2,14,5,7,1,6,6,0,0,0,0,0,1,0,0,0,0,5,1,0,0,0,0,0,1,0,4,0,0,14,40,7,1,0,1,19,0,0
1,27,9,0,1,3,0,0,0,2,414,7,0,0,0,2,0,0,5,0,377,16,98,1,0,23,98,0,0,20,2,0,0,0,0,0,0,0,0,0,6,86,3,0,1,1,12,44,14,1,82,0,17,0,0,0,2,64,0,192,1,0,3,0,22,0,0,36,0,0,53,0,1,0,1,0,2,0,1,0,10,7,0,1,1,0,4,0,339,4,3,0,0,1,0,3,0,1,0,2,1,0,0,0,2,0,0,0,0,0,0,317,9,0,3,0,1,0,1,2,0,0,7,20,0,0,2,8,6,0,0,0,0,1,0,1,0,0,0,4,0,0,0,1,0,7,3,0,0,0,0,0,0,0,12,359,0,0,16,0,0,0,0,1,0,2,0,0,0,9,0,1,0
0,0,0,0,0,2,0,0,0,14,1,0,0,0,2,11,0,131,0,1,0,0,0,1,4,0,0,0,0,0,5,0,0,0,1,69,1,0,0,0,1,0,2,0,2,1,0,22,21,0,1,0,0,0,5,3,3,0,0,1,3,0,0,1,1,0,0,2,3,0,13,0,0,0,0,0,0,0,16,8,1,0,0,27,41,34,0,0,4,14,0,0,71,9,7,0,1,0,0,0,4,0,0,0,0,0,0,8,0,0,0,0,25,447,0,163,26,0,0,5,0,0,1,0,164,0,0,0,1,0,1,0,0,0,1,0,0,0,0,2,1,0,0,8,0,0,0,2,0,0,0,57,0,14,0,0,0,0,3,0,0,0,5,0,0,0,0,0,115,0,0,2,0
1,0,0,0,2,0,0,275,0,0,0,0,0,0,0,0,0,0,0,0,0,0,0,0,0,0,0,372,0,0,2,0,0,0,8,1,0,2,0,1,0,0,0,1,0,0,1,0,0,0,0,22,0,263,0,1,0,0,0,0,0,557,20,0,0,0,0,0,0,0,0,31,0,0,0,0,0,443,0,0,0,0,0,0,0,0,0,7,0,18,0,0,0,0,0,167,1,0,59,0,0,18,2,0,0,1,0,0,15,3,385,0,0,0,0,0,0,1,0,0,0,0,0,0,24,0,0,0,0,0,4,15,14,1,0,3,0,0,0,0,0,0,0,0,0,0,0,0,0,198,1,0,1,0,0,0,54,0,0,0,0,768,0,0,1,0,0,3,0,0,0,0,0
0,0,0,0,0,0,0,9,0,0,0,0,0,0,0,0,0,0,0,0,0,0,0,0,0,0,0,8,0,0,0,0,0,0,0,3,0,0,0,0,0,0,0,0,0,0,0,1,0,0,0,33,0,0,0,1,0,0,0,0,0,0,1,0,0,0,0,0,0,0,0,25,0,0,0,0,1,0,0,0,0,0,0,0,0,0,0,9,0,0,0,0,0,0,0,5,0,0,0,0,0,0,0,0,0,0,0,0,0,0,1,0,0,0,0,0,0,0,0,0,0,0,0,0,0,0,0,0,0,0,5,0,1,0,0,0,0,0,0,0,0,0,0,0,0,0,0,0,0,1,0,0,0,0,0,0,39,0,0,0,0,6,0,0,0,0,0,0,0,0,1,0,0
