0.84763,0.23778,0.40027,0.3709,0.21739,0.2696,0.95534,0.65169,0.86014,0.33552,0.71622,0.46362,0.87319,0.59796,0.49721,0.35884,0.52074,0.39359,0.54779,0.42647,0.4884,0.46476,0.34258,0.49225,0.23513,0.50465,0.23688,0.60321,0.60151,0.79208,0.24521,0.45714,0.20861,0.81764,0.52894,0.30906,0.32513,0.75542,0.76788,0.66004,0.49897,0.27801,0.31184,0.21633,0.45859,0.18121,0.34582,0.45756,0.16088,0.59028,0.24301,0.71398,0.55994,0.75616,0.61663,0.31467,0.2328,0.49685,0.58019,0.28335,0.41384,0.67363,0.40093,0.64297,0.40727,0.41144,0.25201,0.72512,0.30818,0.78496,0.48276,0.4811,0.62099,0.18598,0.65801,0.97521,0.64084,0.66992,0.43728,0.31918,0.26027,0.70991,0.3774,0.67043,0.69033,0.67673,0.46355,0.34994,0.53526,0.38782,0.38861,0.99002,0.7256,0.67476,0.54531,0.52451,0.52351,0.74639,0.59293,0.24106,0.37317,0.75755,0.52767,0.91972,0.1869,0.95899,0.34032,0.24868,0.60994,0.70713,0.65869,0.41813,0.27604,0.70016,0.15514,0.26174,0.4846,0.68315,0.37569,0.604,0.46418,0.55215,0.60358,0.4697,0.28933,0.77516,0.54116,0.66487,0.51846,0.46037,0.50613,0.30453,0.69587,0.34704,0.46552,0.38028,0.60179,0.46481,0.80139,0.41434,0.40037,0.68872,0.62652,0.46107,0.85161,0.34168,0.35262,0.33007,0.43531,0.80556,0.63333,0.3348,0.32766,0.50575,0.43975,0.90547,0.27597,0.57123,0.22928,0.4938,0.35261,0.84143,0.42653,0.57935,0.69111,0.67164,0.70084,0.69585,0.43923,0.58402,0.42136,0.67188,0.46858
0.5516
0,38,293,164,0,37,0,0,0,0,0,67,0,0,0,1,0,4,85,14,1,2,3,0,170,10,9,0,0,0,0,0,8,0,0,0,1,0,0,0,1,11,237,0,0,0,1,1,6,0,0,0,172,0,3,0,0,11,0,0,1,0,0,0,1,1,26,0,0,0,0,0,10,106,456,0,0,0,0,0,0,0,80,0,0,0,31,0,0,0,0,0,0,2,0,0,0,0,89,209,0,0,8,0,42,0,211,0,0,0,0,0,3,0,29,0,0,0,1,19,0,2,0,38,0,0,0,0,0,22,0,0,0,1,0,0,0,0,0,0,0,0,0,0,0,200,15,8,0,0,0,0,0,14,4,0,0,28,16,12,2,0,0,12,0,0,0,0,0,6,0,0,9
0,1,8,69,1,13,0,0,0,12,0,4,0,0,0,7,0,2,0,2,0,0,0,0,23,0,7,0,0,0,52,0,78,0,0,1,5,0,0,0,1,0,50,0,25,100,7,3,0,0,0,0,1,0,1,0,1,0,0,3,2,0,0,0,0,0,12,0,28,0,0,0,0,47,1,0,0,0,2,0,0,2,334,0,1,1,0,0,0,0,2,0,6,1,0,0,0,0,22,4,51,0,391,0,4,0,5,16,0,20,0,0,6,0,0,13,2,0,1,1,32,487,0,28,0,0,0,0,0,395,0,0,0,0,0,0,0,0,0,1,0,0,0,6,0,2,323,13,249,0,0,9,1,0,0,0,0,401,12,0,7,0,14,303,0,0,0,0,0,1,0,0,261
1,40,42,40,25,32,2,1,1,15,6,20,7,1,0,0,1,1,28,108,1,10,50,0,62,9,19,0,1,0,10,0,106,1,0,31,12,2,0,6,7,4,102,0,2,53,45,3,93,1,32,0,30,2,8,13,1,33,0,5,1,1,6,0,2,0,9,2,4,1,0,0,3,100,7,1,0,0,1,0,0,0,113,1,0,1,3,0,0,0,7,0,0,3,0,5,3,17,39,112,1,1,25,0,111,3,126,1,0,5,0,2,10,0,11,8,6,1,30,4,1,9,1,66,1,0,14,1,0,53,1,0,4,19,0,1,0,0,0,2,0,8,1,3,1,57,45,107,31,0,0,7,8,4,10,0,0,36,4,10,38,0,0,20,1,3,0,8,0,19,1,5,43
0,144,157,39,0,98,0,0,0,0,0,21,0,0,0,0,0,0,447,9,52,29,32,0,28,22,76,0,0,3,0,0,0,0,0,0,2,0,0,0,3,171,59,0,0,0,1,0,12,0,2,0,355,0,1,0,1,118,0,0,3,0,1,0,0,0,5,1,3,0,9,0,1,22,85,0,0,0,0,0,0,0,7,0,0,0,26,0,51,0,0,0,0,2,0,0,0,0,22,175,0,0,0,0,48,0,63,0,0,0,0,16,1,0,52,0,0,0,0,3,1,0,0,18,0,0,0,0,2,7,0,0,0,2,0,0,0,0,0,0,0,0,0,1,0,232,1,10,0,0,0,0,0,4,23,4,0,1,130,22,0,0,0,0,0,0,0,0,0,1,0,0,1
0,7,29,72,0,26,0,0,0,1,0,2,0,0,0,0,0,0,5,2,1,2,0,0,27,3,0,0,0,0,1,0,2,0,0,0,0,0,0,0,1,0,38,0,0,1,0,0,0,0,0,0,1,0,0,0,0,0,0,0,0,0,0,0,0,0,4,0,0,0,0,0,0,122,1,0,0,0,0,0,0,0,53,0,0,0,0,0,0,0,0,0,0,1,0,0,0,0,4,44,1,0,18,0,14,0,29,0,0,0,0,1,0,0,4,1,0,0,0,0,1,7,0,1,0,0,0,0,0,74,0,0,0,0,0,0,0,0,0,0,0,0,0,0,0,12,19,20,7,0,0,0,0,3,0,0,0,48,0,1,0,0,0,8,0,0,0,0,0,0,0,0,10
3,101,16,11,89,66,0,0,0,18,9,19,0,0,0,0,10,1,30,319,22,77,118,1,34,103,14,0,1,2,10,5,55,0,0,4,21,5,0,0,35,11,15,5,1,35,275,7,139,4,132,0,6,0,23,29,13,10,4,1,5,0,7,9,6,0,29,10,15,0,25,0,8,25,6,0,11,0,4,7,2,0,14,0,1,0,7,0,4,2,14,0,0,5,2,9,1,3,6,65,1,0,5,0,117,0,36,5,2,2,0,50,24,0,24,5,6,15,106,9,2,1,4,12,4,0,0,4,3,23,0,2,0,22,3,1,0,0,0,5,0,0,0,18,0,40,42,84,3,0,0,7,86,6,44,2,0,5,50,20,158,0,8,8,0,15,3,0,0,38,1,18,26
0,0,86,283,0,2,0,0,0,0,0,20,0,0,0,0,2,0,0,2,0,0,7,0,5,0,86,0,0,0,4,0,34,0,0,0,0,0,0,0,0,1,185,0,12,57,0,8,12,0,4,0,11,0,0,0,0,1,0,0,16,0,0,0,0,0,8,0,0,0,0,0,0,14,4,0,0,0,0,0,0,0,124,0,0,0,3,0,0,0,0,0,0,1,0,0,0,0,453,84,7,0,21,0,2,0,58,0,0,0,0,1,159,0,0,0,1,0,0,1,19,2,0,434,0,0,0,0,0,17,0,0,0,0,0,0,0,0,0,0,0,0,0,21,0,28,24,3,3,0,0,0,1,1,0,0,0,11,0,0,2,0,0,33,0,0,0,0,0,0,0,0,12
0,3,1,1,0,0,0,0,0,0,1,0,0,0,10,0,1,0,5,0,0,2,0,0,0,0,0,0,0,0,3,0,0,0,2,0,0,0,0,1,0,0,0,36,1,0,2,0,0,0,0,0,0,0,0,1,0,0,9,3,0,0,0,0,1,0,0,2,0,0,0,0,0,0,3,0,0,0,0,0,0,0,0,0,0,1,3,1,2,0,0,0,0,1,0,0,0,1,0,0,0,1,0,0,1,1,0,0,0,0,0,0,0,0,13,1,0,0,0,0,0,0,0,2,0,1,0,0,1,0,0,0,0,0,0,11,0,20,0,7,0,0,0,0,0,0,0,0,0,0,2,0,16,0,1,0,1,0,1,0,0,1,0,0,113,0,0,2,0,2,0,0,0
3,0,0,0,42,0,10,3,64,0,11,0,116,5,356,0,1,2,0,7,3,0,0,381,0,1,0,2,11,10,0,10,0,245,4,2,195,171,241,62,0,0,0,14,0,0,0,1,22,4,2,3,0,2,0,15,8,0,1,27,0,2,22,5,0,368,0,4,0,195,6,11,0,0,0,9,7,3,0,0,228,0,0,0,1,0,0,5,2,3,25,13,0,13,1,33,26,827,0,0,16,5,0,121,0,4,0,0,5,0,2,8,0,22,4,2,0,2,0,1,0,0,8,0,6,0,20,740,2,0,67,171,19,2,3,4,295,1,1271,1,161,278,515,0,0,0,0,0,0,0,9,0,0,1,0,0,7,0,0,78,0,7,7,0,3,6,124,1,0,0,359,0,0
0,0,0,0,0,0,0,28,0,0,0,0,0,0,0,0,0,0,0,0,0,0,0,0,0,0,0,10,0,0,0,0,0,0,4,0,0,0,0,0,0,0,0,0,0,0,0,0,0,0,0,138,0,9,0,0,0,0,0,0,0,0,0,0,0,0,0,0,0,0,0,165,0,0,0,0,0,6,0,0,0,0,0,0,0,0,0,29,0,0,0,0,0,0,0,0,0,0,0,0,0,13,0,0,0,0,0,0,0,9,1,0,0,0,0,0,0,0,0,0,0,0,0,0,0,1,0,0,0,0,146,0,0,0,0,1,0,0,0,0,0,0,0,0,0,0,0,0,0,2,0,0,0,0,0,0,258,0,0,0,0,0,0,0,0,0,0,2,0,0,0,0,0
0,0,0,0,7,2,13,6,2,3,1,0,0,5,2,0,12,1,0,0,1,0,0,0,0,0,0,1,0,0,1,0,0,1,36,9,0,0,0,2,0,0,0,138,0,0,2,0,53,0,0,2,0,5,0,0,0,0,33,1,0,4,12,0,0,0,1,0,2,0,0,8,0,0,36,6,0,3,1,0,0,0,3,0,0,0,0,93,0,0,0,2,1,0,0,1,7,1,0,0,0,96,0,0,0,2,1,2,2,58,0,0,5,0,2,12,2,1,0,0,0,0,2,0,2,9,2,0,0,0,20,1,19,0,1,194,0,76,0,2,0,1,0,0,1,0,2,0,1,0,10,1,22,1,1,0,26,0,0,7,1,0,1,0,11,0,0,24,0,0,3,1,1
0,1,0,0,19,0,1,1,87,2,0,0,3,32,10,0,2,0,0,2,0,0,0,0,0,3,0,1,1,0,1,3,2,5,5,1,0,8,19,3,2,0,1,160,1,2,16,4,14,1,3,0,0,1,0,19,0,0,7,27,1,10,6,7,1,10,1,4,1,6,8,0,1,1,1,2,4,6,1,1,23,0,0,4,0,4,0,0,1,14,4,3,2,2,0,166,3,27,1,0,3,16,25,0,1,7,0,1,3,5,2,1,1,0,45,0,4,0,0,0,2,0,8,0,0,3,8,26,2,1,1,12,99,1,5,78,11,251,43,18,7,44,0,2,0,0,7,1,0,0,0,1,301,0,0,0,0,0,0,3,6,2,0,0,25,5,9,2,0,0,58,0,7
2,0,0,0,119,1,1,2,2,1,0,2,2,169,1,1,0,0,0,14,0,0,0,54,0,1,0,1,3,5,0,6,1,0,10,0,2,0,0,0,0,0,0,45,0,5,9,2,20,1,0,0,0,0,6,281,11,0,2,3,3,0,10,34,0,1,7,4,5,0,4,0,44,3,0,0,11,0,7,14,11,1,0,5,0,1,0,3,0,17,1,0,0,4,0,15,106,3,0,0,2,1,0,1,0,0,0,8,2,0,0,4,0,20,0,0,3,5,0,2,0,0,0,0,13,0,0,9,2,0,7,5,0,270,6,0,4,0,15,7,15,0,4,1,0,0,0,0,0,0,2,2,0,0,0,0,1,0,0,1,1,1,11,0,0,6,7,0,0,1,248,1,1
0,2,4,13,0,58,0,0,0,62,0,24,0,1,0,136,0,129,5,23,3,4,17,0,84,1,25,0,3,0,97,0,178,0,0,0,6,0,0,0,2,5,13,0,54,189,44,10,9,0,11,0,2,0,39,0,3,1,0,1,11,0,0,0,6,0,214,0,87,0,5,0,5,62,4,0,0,0,13,16,1,4,102,4,0,4,6,0,0,0,0,0,1,13,5,0,0,0,19,14,117,1,162,0,29,0,13,31,0,7,0,0,13,0,0,66,6,3,23,37,32,244,0,52,3,0,0,0,0,146,0,0,0,1,0,1,0,0,0,11,0,0,0,6,0,2,167,95,149,0,0,93,7,50,0,0,0,110,11,30,51,0,45,59,0,0,0,0,3,14,0,13,93
0,64,3,0,0,27,0,0,0,0,6,3,0,0,0,0,0,0,18,10,7,253,15,0,2,185,11,0,0,1,0,0,0,0,0,0,0,0,0,1,0,4,0,0,0,0,1,0,2,0,3,0,2,0,0,0,0,8,1,1,0,0,2,1,0,0,0,12,1,0,6,0,0,2,2,0,0,0,0,0,0,0,0,0,0,0,0,0,23,1,1,0,0,0,0,0,0,0,0,9,0,0,0,0,27,0,3,0,0,0,0,24,3,0,21,0,0,0,2,0,0,0,0,0,0,0,0,0,1,0,0,0,0,0,0,0,0,0,0,0,0,0,0,0,0,5,0,8,0,0,0,0,0,0,79,2,0,0,84,1,1,0,0,0,0,0,0,0,0,0,0,0,0
2,0,0,0,0,0,0,0,0,1,3,0,0,0,1,0,0,0,0,2,0,0,0,0,0,1,1,0,10,0,3,10,1,0,0,2,5,0,0,2,12,0,0,0,1,1,17,0,3,28,0,0,1,0,2,2,47,0,0,20,1,0,1,49,0,7,0,1,0,1,0,0,0,1,0,1,76,0,2,1,101,0,0,1,1,1,0,0,2,0,98,0,1,0,1,2,0,2,0,0,0,0,0,1,0,0,0,7,0,0,0,0,2,0,1,2,3,2,3,2,0,0,45,0,0,0,1,1,43,0,0,1,0,1,38,0,3,0,1,0,1,1,1,0,0,0,2,0,0,0,0,0,0,0,2,0,0,0,0,0,6,0,0,0,0,0,0,0,0,2,0,15,1
7,0,0,0,0,0,5,2,4,0,13,0,11,0,1,0,0,0,0,2,1,0,0,0,0,2,0,0,0,0,1,1,0,4,2,1,0,3,1,18,4,0,0,0,0,0,1,0,0,1,3,0,0,3,0,0,1,0,7,70,0,2,17,0,1,23,0,2,0,27,0,1,0,0,0,2,1,0,0,0,0,0,0,1,0,0,0,3,18,0,23,2,0,0,0,5,0,4,0,0,0,1,0,2,0,4,0,0,12,1,0,0,0,1,0,0,1,0,0,1,0,0,13,0,0,0,355,3,0,0,0,6,15,0,2,2,21,0,1,0,2,42,0,0,1,0,0,0,0,0,1,0,0,0,0,1,0,0,0,0,0,0,0,0,4,0,1,469,0,0,0,0,0
41,6,4,1,4,4,0,1,0,13,1,144,0,0,0,13,3,405,0,6,8,0,7,1,13,8,2,0,0,50,16,0,42,0,0,10,3,0,1,1,9,72,0,1,4,17,23,4,4,1,15,0,0,0,534,10,19,6,0,0,41,0,1,0,47,0,219,2,29,0,7,0,426,1,8,0,1,0,23,16,0,8,2,1,1,1,426,0,0,0,7,0,0,500,349,1,0,0,2,8,13,0,4,0,11,0,2,13,0,47,0,14,2,3,9,104,7,7,12,694,0,6,0,7,10,0,0,1,5,14,0,2,0,154,0,22,1,0,0,13,0,0,0,2,0,3,19,3,12,0,0,17,22,352,7,0,0,1,1,0,8,0,0,1,0,0,0,0,2,118,0,17,12
0,0,0,13,0,0,0,0,0,16,0,0,0,0,0,8,0,1,0,0,0,0,10,0,3,0,16,0,0,0,69,0,20,0,0,4,3,0,0,0,0,0,3,0,443,120,8,76,2,0,0,0,0,0,2,0,4,0,0,0,53,0,0,0,11,0,5,1,43,0,0,0,0,1,0,0,0,0,18,27,0,26,5,98,16,37,0,0,0,0,0,0,29,0,0,0,1,0,19,0,306,0,28,0,2,0,0,60,0,3,0,0,2,0,0,5,57,0,0,2,324,19,0,63,1,0,0,0,0,3,0,0,0,0,0,0,0,0,0,32,0,0,0,85,0,0,11,4,17,0,0,12,1,0,0,0,0,10,0,0,3,0,8,8,0,0,0,0,1,0,0,2,2
2,0,0,0,0,0,2,0,1,0,0,0,1,0,0,0,1,0,0,0,0,0,0,0,0,0,0,1,0,0,0,0,0,4,0,0,0,10,6,5,0,0,0,1,0,0,0,0,0,0,0,5,0,4,0,0,0,0,0,0,0,5,5,0,0,0,0,0,0,0,0,1,0,0,0,2,0,1,0,0,0,0,0,0,0,0,0,7,0,0,1,1,0,0,0,28,0,0,0,0,0,6,0,1,0,2,0,0,871,0,1,0,0,0,0,0,0,0,0,0,0,0,0,0,0,3,7,1,0,0,1,45,1096,0,0,1,12,4,0,0,0,18,0,0,0,0,0,0,0,1,0,0,4,0,0,0,4,0,0,0,0,0,0,0,27,0,0,2,0,0,0,0,0
10,0,0,0,170,0,1,0,0,1,3,0,1,57,31,0,51,1,0,0,0,1,0,0,0,1,0,1,0,0,19,0,0,0,50,1,0,0,0,0,0,81,1,32,0,0,1,0,4,0,1,1,0,4,0,0,0,0,5,1,0,2,3,0,0,0,0,19,0,0,0,0,0,0,3,0,0,0,0,1,2,1,0,0,0,0,0,4,0,0,0,0,0,0,0,1,1,0,0,0,0,4,0,0,0,0,0,0,0,1,0,0,2,2,2,0,0,0,0,0,0,0,0,0,1,71,0,0,0,0,4,0,2,0,0,11,0,3,0,6,0,0,4,0,87,0,0,3,0,2,380,0,1,0,4,0,1,0,0,1,0,0,1,0,30,0,0,0,1,1,0,0,0
1,0,0,0,2,0,1797,0,3,0,10,0,13,0,0,0,1,0,0,0,0,0,0,0,0,0,0,0,0,1,0,0,0,7,0,1,0,9,5,357,1,0,0,1,0,0,2,0,0,0,0,0,0,0,0,1,1,0,8,6,0,0,62,0,0,7,0,1,1,5,0,0,0,0,0,2282,0,0,0,0,1,0,0,0,0,0,0,0,2,0,76,3573,0,0,0,2,10,43,0,0,0,0,0,4,0,1754,0,0,3,0,0,0,0,1,1,0,2,2,0,0,0,0,3,0,0,0,21,3,0,0,0,2,33,0,2,0,9,0,0,0,1,24,0,0,0,0,0,0,0,0,0,0,2,0,1,0,0,0,0,0,0,0,0,0,0,0,11,8,1,0,0,0,0
13,1,1,2,2,2,18,1,1,8,5,0,0,21,12,0,18,0,0,42,4,0,1,4,0,2,1,0,2,0,12,2,7,0,34,3,1,0,0,1,1,0,1,32,0,0,2,1,3,2,0,4,0,2,2,116,0,0,218,6,0,1,1,3,0,1,5,0,15,0,3,1,4,2,0,1,0,0,0,2,6,0,2,6,2,6,0,4,1,1,3,1,9,3,1,3,412,0,0,3,1,23,2,0,0,6,0,2,3,19,2,0,1,21,2,9,5,373,0,3,0,5,2,0,20,34,14,3,1,2,0,0,6,0,230,2,0,4,0,0,0,0,10,12,19,0,15,0,2,0,10,9,5,1,5,0,2,8,1,0,2,0,5,2,16,5,0,9,2,1,3,4,4
1,3,0,3,8,18,0,0,0,264,0,5,0,0,0,61,27,50,1,9,0,6,68,0,41,7,12,0,7,1,156,0,142,0,0,14,13,0,0,0,53,3,0,24,136,186,159,84,32,1,53,0,1,0,47,0,17,1,0,0,75,0,2,1,44,1,88,4,216,0,24,0,0,4,0,0,0,0,223,124,0,55,13,69,39,46,3,0,6,2,0,0,71,6,194,3,1,0,1,0,127,1,15,0,18,0,2,213,0,19,0,0,20,0,0,117,62,11,38,12,97,55,0,20,17,0,0,0,2,23,0,1,0,10,0,0,0,0,0,171,0,0,0,32,0,2,49,49,58,0,0,228,68,18,1,0,0,18,27,25,25,0,103,5,0,0,0,0,206,13,0,20,15
0,5,0,4,59,16,1,4,0,307,7,14,0,1,4,8,165,10,2,59,3,2,111,2,21,5,21,2,26,0,192,4,218,3,0,191,87,0,0,2,242,5,1,51,147,186,434,165,63,23,226,1,0,0,95,74,47,2,0,0,97,0,6,13,64,2,103,10,241,0,52,1,3,5,1,0,25,0,234,127,6,69,9,75,52,127,10,0,5,65,34,0,102,11,27,10,6,1,10,3,54,1,12,2,10,0,6,212,0,19,0,4,36,13,5,98,162,102,136,16,85,29,0,35,77,0,1,3,28,25,0,6,0,118,10,1,0,0,0,341,1,1,7,97,0,0,126,22,23,0,1,126,327,13,4,0,0,14,51,9,189,2,299,10,0,0,0,0,22,38,5,258,29
0,0,0,0,0,0,2,0,0,13,0,0,0,0,0,121,4,5,0,0,0,1,14,0,1,0,7,0,4,1,31,0,0,0,0,154,16,0,0,0,2,1,0,0,103,17,2,469,1,3,7,0,0,0,1,0,15,3,0,0,317,0,0,0,237,0,2,33,28,0,14,0,1,0,0,0,1,0,35,88,2,580,0,712,457,605,0,0,73,242,0,0,870,0,9,0,1,0,0,0,68,0,0,0,0,0,0,93,0,3,0,0,130,33,0,29,409,2,0,0,80,6,0,0,121,0,0,0,5,0,0,0,0,1,2,0,0,0,0,128,0,0,0,379,0,0,0,2,1,0,0,55,4,0,1,0,0,3,4,0,2,0,10,1,0,0,0,0,72,0,0,1,0
0,0,0,0,0,0,0,22,0,1,1,0,0,0,0,0,0,3,0,0,0,0,0,0,0,0,0,9,0,0,0,0,0,0,36,3,0,0,0,0,0,0,0,4,0,0,1,0,90,0,0,101,0,3,1,0,0,0,0,0,0,0,1,0,0,0,0,0,0,0,0,135,0,0,0,0,0,1,0,0,0,0,0,0,0,0,0,28,0,0,0,0,0,0,0,2,0,0,0,0,0,35,0,0,0,0,0,0,0,9,4,0,2,0,0,2,0,1,0,0,0,0,0,0,3,2,0,0,0,0,413,0,1,0,0,5,0,0,0,0,0,0,0,0,0,0,0,0,0,2,0,0,0,0,0,0,240,0,0,0,0,10,0,0,0,0,0,7,0,0,3,0,0
1,0,0,0,142,1,1,7,19,0,17,0,10,705,95,0,339,1,0,0,0,0,0,0,0,1,0,2,0,0,26,0,0,0,393,1,0,0,0,2,0,13,0,9,0,0,0,0,1,0,1,6,0,11,0,0,0,0,31,2,0,10,10,0,0,1,0,0,0,3,0,4,42,0,0,2,1,1,0,0,0,0,0,0,0,0,0,33,1,2,0,1,0,2,0,3,12,0,0,0,0,21,0,0,0,5,0,0,0,12,8,0,0,0,24,1,0,0,0,0,0,0,5,0,0,955,7,1,0,0,5,0,20,0,3,19,0,16,0,3,0,0,0,0,660,0,0,0,0,49,177,0,3,0,1,0,11,1,0,0,0,0,0,0,44,0,0,1,1,0,0,0,0
7,0,0,0,24,0,5,7,1230,0,5,0,1143,2,61,0,2,0,0,0,1,0,0,90,0,0,0,2,3,3,0,9,1,1363,3,1,22,976,1267,963,0,0,0,4,0,0,0,0,1,1,0,4,0,8,0,8,1,0,6,25,0,11,172,3,0,374,0,2,0,887,0,12,0,0,0,14,5,8,0,0,20,0,0,0,0,1,0,37,0,4,27,13,0,3,0,18,14,117,0,0,1,20,0,1604,0,25,0,0,28,0,2,4,0,4,3,0,0,1,0,0,0,0,3,0,3,5,189,53,0,0,52,222,39,3,7,21,674,3,203,0,102,989,249,0,1,0,0,0,0,1,0,0,0,0,0,0,14,0,0,9,0,2,0,0,7,3,499,2,0,0,93,0,0
1,140,25,14,2,227,1,0,0,75,26,11,0,7,1,1,0,1,75,10,14,488,395,5,4,543,151,0,0,7,2,7,11,0,0,0,2,9,0,0,21,38,23,17,4,22,22,102,82,3,98,0,16,0,3,17,4,14,0,29,5,0,6,11,11,0,0,459,2,0,490,0,5,10,6,0,3,0,1,3,12,1,3,4,0,3,3,0,76,187,3,0,2,1,0,5,1,0,27,59,7,0,4,0,69,0,9,1,5,0,0,406,67,59,74,2,19,0,2,0,4,0,11,101,31,0,0,14,14,4,0,0,0,2,3,0,0,0,0,7,1,0,0,130,0,44,8,26,0,0,0,0,2,1,208,24,0,2,93,5,6,0,0,0,0,15,11,0,0,0,3,0,3
1,1,0,0,3,1,4,0,0,1,4,0,0,3,12,0,0,0,0,2,1,0,1,172,0,7,1,0,40,12,0,544,5,0,0,0,109,11,2,1,4,0,0,11,2,2,8,2,12,85,12,0,0,0,0,18,123,0,1,240,0,0,8,254,7,6,0,0,1,0,3,0,2,4,1,6,149,0,0,0,214,1,0,0,0,3,0,0,1,6,211,0,1,3,1,23,2,8,0,1,2,0,0,0,1,0,0,1,2,0,0,12,4,0,46,3,1,1,0,0,4,0,539,1,1,0,0,42,45,9,0,4,0,2,48,2,16,1,0,11,15,0,1,1,0,0,0,0,0,0,1,0,2,0,8,0,0,0,1,0,4,0,1,1,0,585,12,0,0,0,3,4,0
0,3,2,1,14,9,2,0,2,3,2,0,0,101,36,0,0,1,1,11,2,2,4,22,0,9,4,1,477,5,3,514,7,2,2,0,251,4,17,17,20,4,2,37,1,2,23,1,81,644,9,2,0,0,9,262,176,0,2,164,5,0,9,787,0,72,4,8,5,3,20,2,3,79,0,4,794,0,6,2,200,0,0,2,1,2,2,0,1,12,382,0,0,1,8,39,11,11,0,5,2,0,2,2,0,0,2,6,13,0,0,29,3,4,31,1,7,3,0,2,1,2,223,2,4,0,0,17,351,4,0,82,0,19,351,0,38,0,44,5,215,0,12,4,0,0,2,7,1,0,0,0,0,0,6,0,0,0,0,0,3,3,169,0,0,146,23,0,2,0,42,2,0
0,1,0,0,0,0,1,0,0,0,3,0,0,0,49,0,0,0,0,13,1,0,0,3,0,0,0,0,202,2,0,62,0,6,0,0,5,0,1,1,0,2,0,0,1,0,2,1,2,284,1,0,0,0,0,7,161,0,0,0,0,0,1,37,0,32,1,1,0,0,7,0,0,0,0,3,144,0,1,2,31,1,0,1,0,4,0,0,0,3,30,0,1,2,0,1,2,2,0,0,0,0,0,5,0,0,0,0,0,1,0,7,0,3,0,5,5,0,0,0,0,0,10,0,1,0,0,1,67,2,0,5,0,1,32,0,9,0,2,0,8,0,16,4,0,0,0,0,0,0,0,1,0,0,2,0,0,0,0,0,1,0,4,0,0,20,3,0,0,0,0,0,1
1,214,14,11,2,169,0,0,0,7,0,5,0,0,0,0,0,0,91,45,25,133,9,0,170,84,15,0,0,0,1,0,41,0,0,0,1,0,0,0,2,2,13,0,0,6,11,0,6,0,1,0,2,0,1,0,1,16,0,0,1,0,0,0,0,0,8,0,2,0,16,0,1,37,14,0,0,0,2,1,0,0,13,0,0,0,3,0,3,0,0,0,0,0,0,0,0,0,2,44,3,0,4,0,137,0,27,0,0,0,0,27,11,0,14,0,0,0,2,2,0,2,0,2,0,0,0,0,0,18,0,0,0,0,0,0,0,0,0,0,0,0,0,1,0,25,6,270,9,0,0,2,0,1,24,3,0,4,36,239,1,0,0,2,0,0,1,0,0,12,0,0,5
0,1,1,8,0,8,0,0,0,0,0,2,0,0,0,0,0,0,2,0,227,1,135,0,2,2,185,0,0,0,0,0,3,0,0,0,0,0,0,0,0,5,1,0,0,2,0,3,4,0,0,0,5,0,1,0,0,15,0,0,2,0,0,0,0,0,0,0,0,0,0,0,0,1,2,0,0,0,0,0,0,0,0,0,0,0,1,0,1,0,0,0,0,0,0,0,0,0,2,9,2,0,0,0,5,0,5,0,0,0,0,3,0,0,0,0,0,0,0,1,0,0,0,14,0,0,0,0,0,1,0,0,0,0,0,0,0,0,0,0,0,0,0,4,0,8,0,6,0,0,0,0,0,0,0,0,0,0,0,4,0,0,0,0,0,0,0,0,0,0,0,0,0
0,3,2,0,5,2,2,8,0,0,0,1,0,14,16,0,3,0,3,1,0,1,0,0,0,0,0,0,0,0,24,0,0,0,9,0,0,0,0,1,0,1,0,204,1,0,0,0,0,0,0,3,0,1,0,0,0,0,539,0,0,1,4,0,0,1,2,6,0,0,0,3,1,0,1,0,0,0,0,0,1,0,0,2,1,0,1,3,1,0,0,0,4,0,0,0,117,0,0,0,0,10,1,0,2,4,1,0,1,13,0,0,0,0,0,0,1,0,0,0,1,0,0,0,0,75,0,0,0,0,1,0,18,0,1,26,1,54,0,8,0,1,0,1,2,1,1,0,0,0,0,0,35,0,0,0,1,0,0,0,2,0,0,1,754,0,0,2,0,0,0,0,0
573,12,32,11,2,5,1,0,1,7,5,325,0,6,0,8,0,271,7,2,6,1,19,13,17,6,10,0,0,800,2,4,32,1,0,4,4,3,2,1,8,201,7,0,6,17,9,5,12,0,176,0,2,0,62,9,58,315,0,3,111,0,1,3,325,0,108,4,4,0,13,0,80,5,41,0,2,0,10,14,3,54,5,5,2,1,377,0,2,2,6,0,2,134,24,20,0,0,5,14,8,0,6,0,54,0,21,10,0,3,0,16,11,2,43,2,5,7,0,318,8,1,6,8,44,0,0,8,92,9,0,3,0,143,1,187,0,0,0,20,0,0,2,3,0,7,12,7,3,0,2,0,1,201,8,1,0,1,4,1,5,0,0,47,0,7,1,0,0,424,3,1,13
0,0,0,0,0,0,0,827,0,0,0,0,0,0,0,0,0,0,0,0,0,0,0,0,0,0,0,713,0,0,0,0,0,0,3,0,0,0,0,0,0,0,0,0,0,0,0,0,0,0,0,57,0,1197,0,0,0,0,0,0,0,1323,3,0,0,0,0,0,0,0,0,81,0,0,0,0,0,1029,0,0,0,0,0,0,0,0,0,2,0,0,0,0,0,0,0,0,0,0,1,0,0,21,0,0,0,0,0,0,49,4,826,0,0,0,0,0,0,0,0,0,0,0,0,0,0,1,2,0,0,0,9,5,15,0,0,6,0,0,0,0,0,0,0,0,0,0,0,0,0,1131,0,0,1,0,0,0,39,0,0,0,0,123,0,0,0,0,0,2,0,0,0,0,0
0,0,0,0,0,0,0,35,0,0,0,0,0,0,0,0,0,0,0,0,0,0,0,0,0,0,0,50,0,0,0,0,0,0,0,0,0,0,0,0,0,0,0,0,0,0,0,0,0,0,0,986,0,18,0,0,0,0,0,0,0,0,0,0,0,0,0,0,0,0,0,471,0,0,0,0,0,2,0,0,0,0,0,0,0,0,0,279,0,0,0,0,0,0,0,0,0,0,0,0,0,1,0,0,0,0,0,0,4,0,6,0,0,0,0,0,0,0,0,0,0,0,0,0,0,0,0,0,0,0,12,0,1,0,0,0,0,0,0,0,0,0,0,0,0,0,0,0,0,23,0,0,0,0,0,0,348,0,0,0,0,0,0,0,0,0,0,1,0,0,0,0,0
2,0,0,0,2,1,8,33,0,1,0,0,1,21,16,0,4,0,0,1,0,0,0,0,0,0,0,10,0,0,3,0,1,0,138,19,0,0,0,3,0,0,2,51,0,0,0,0,4,0,0,6,0,31,0,0,0,0,47,0,0,12,22,1,0,0,1,0,0,1,0,27,2,0,0,5,0,23,0,0,0,0,1,0,1,0,0,295,0,1,0,0,0,2,0,0,23,0,0,0,0,1003,0,0,0,9,0,1,3,635,3,0,0,0,3,0,0,0,0,0,0,0,0,0,1,71,7,0,0,0,62,0,30,1,3,378,0,85,0,4,0,1,0,0,3,0,2,0,0,3,4,0,40,0,1,0,207,0,0,0,1,1,0,0,28,0,0,127,0,0,0,0,0
0,0,0,0,1,0,2,1,10,0,0,0,1,0,0,0,0,0,0,1,0,0,0,0,0,0,0,6,0,0,0,0,0,17,4,0,0,22,58,6,1,0,0,0,0,0,0,0,0,0,0,0,0,8,0,0,0,0,3,0,0,26,8,0,0,0,0,0,1,1,0,0,0,0,0,0,0,31,0,0,0,0,0,0,0,0,0,3,0,0,0,0,0,0,0,18,0,1,0,0,0,21,0,1,0,2,0,0,217,3,5,0,0,0,0,0,0,0,0,0,0,0,0,0,0,0,1,1,0,0,2,66,81,0,0,15,15,17,0,0,1,21,0,0,0,0,0,0,0,1,0,0,21,0,0,0,7,0,0,0,0,1,0,0,11,0,1,0,0,0,0,0,0
0,26,2,2,5,2,0,0,0,15,1,3,0,0,0,1,2,2,4,13,0,15,23,0,2,8,6,0,0,0,14,0,21,0,0,3,0,1,0,0,6,6,1,1,3,11,26,9,18,0,15,0,7,0,6,2,1,8,0,0,0,0,0,0,3,0,5,0,9,0,8,0,0,1,4,0,0,0,24,8,0,0,1,1,3,0,2,0,1,0,0,0,0,3,0,1,0,0,0,3,6,0,1,0,21,0,0,14,0,0,0,3,2,0,4,2,3,2,3,2,1,1,0,9,0,0,0,0,0,2,0,0,0,1,0,0,0,0,0,2,0,0,0,0,0,5,6,20,1,0,0,9,7,1,6,0,0,0,7,1,6,0,0,0,0,0,0,0,0,7,0,4,5
0,62,0,1,0,7,0,0,0,49,13,1,0,0,0,1,2,14,3,14,13,6,6,2,9,26,1,0,0,4,20,1,29,0,0,90,4,0,0,0,41,0,0,1,15,11,82,4,6,4,18,0,0,0,16,4,25,1,0,1,11,0,3,1,8,0,2,2,31,0,216,0,0,0,3,0,1,0,488,218,1,6,1,38,34,16,4,0,5,21,6,0,33,9,11,3,9,0,0,0,18,0,1,0,4,0,0,235,0,0,0,24,18,0,1,29,32,2,2,9,2,4,3,0,5,0,0,0,4,4,0,0,0,2,0,0,0,0,0,11,0,0,0,1,0,0,11,48,2,0,0,44,4,8,8,1,0,0,17,3,5,0,9,2,0,3,0,0,50,20,0,16,3
0,0,0,0,31,2,1,2,3,4,14,1,0,27,0,0,0,1,0,1,0,1,0,22,0,6,1,2,2,82,0,8,0,8,0,1,2,56,30,3,1,1,0,64,0,0,6,0,15,0,23,0,0,3,1,4,11,0,4,9,0,2,3,3,0,2,0,3,2,0,9,3,44,1,1,0,1,1,3,1,1,0,0,1,0,1,0,1,3,5,20,0,0,0,1,642,15,40,0,0,0,0,4,0,0,0,0,1,189,0,0,9,0,1,5,0,0,2,0,0,0,0,0,0,2,1,6,172,1,0,3,73,67,0,1,0,11,4,6,1,6,7,0,0,0,0,0,0,0,0,0,0,6,1,0,0,0,0,0,1,0,1,0,0,16,49,6,1,0,2,26,0,0
4,21,10,0,0,3,0,0,0,2,424,7,0,0,0,2,0,0,4,0,379,13,108,1,0,20,100,0,0,21,2,0,0,0,0,0,0,0,0,0,4,81,3,0,1,1,12,39,17,0,82,0,20,0,1,0,2,71,0,198,1,0,3,0,22,0,0,35,1,0,53,0,0,0,2,0,1,0,1,0,9,7,0,2,1,0,8,0,334,4,2,0,0,1,0,3,0,0,0,2,1,0,0,0,3,0,0,0,0,0,0,306,7,0,4,0,3,0,1,1,1,0,7,11,0,0,1,9,5,0,0,0,0,1,0,2,0,0,0,4,0,0,0,0,0,6,1,0,0,0,0,0,0,0,14,364,0,0,14,1,0,0,0,0,0,3,0,1,0,6,0,1,0
0,0,0,0,0,3,0,0,0,13,1,0,0,0,2,10,0,123,0,2,0,0,0,1,5,0,0,0,0,0,6,0,0,0,1,61,0,0,0,0,1,0,2,0,2,0,0,20,19,0,0,0,0,0,1,1,4,0,0,1,3,0,0,1,1,0,0,1,4,0,17,0,0,0,0,0,0,0,16,10,1,1,0,29,48,28,0,0,5,14,0,0,64,12,6,0,1,0,0,0,2,0,0,0,0,0,0,12,0,0,0,0,31,446,0,184,29,0,0,7,0,0,0,0,160,0,0,0,1,0,0,0,0,0,1,0,0,0,0,2,1,0,0,8,0,0,0,2,0,0,0,58,0,15,0,0,0,0,3,0,0,0,6,0,0,0,0,0,106,0,0,1,0
0,0,0,0,2,0,0,270,0,0,0,0,0,1,0,0,0,0,0,0,0,0,0,0,0,0,0,361,0,0,2,0,0,0,7,3,0,2,0,0,0,0,0,0,0,0,1,0,0,0,0,26,0,270,0,0,0,0,1,0,0,552,11,0,0,0,0,0,1,0,0,29,0,0,0,0,0,421,0,0,0,0,0,0,0,0,0,5,0,16,0,0,0,0,0,157,2,0,40,0,0,22,2,0,0,1,0,0,14,0,391,0,0,1,0,0,1,1,0,0,0,0,0,0,22,0,0,0,0,0,5,15,9,1,1,3,0,1,0,0,0,0,0,0,0,0,0,0,0,188,1,0,0,0,0,0,55,0,0,0,0,849,0,0,1,0,0,3,0,0,0,0,0
0,0,0,0,0,0,0,8,0,0,0,0,0,0,0,0,0,0,0,0,0,0,0,0,0,0,0,7,0,0,0,0,0,0,0,3,0,0,0,0,0,0,0,0,0,0,0,1,0,0,0,36,0,1,0,0,0,0,0,0,0,0,0,1,0,0,0,0,0,0,0,24,0,0,0,0,1,0,0,0,0,0,0,0,0,0,0,8,0,0,0,0,0,0,0,5,0,0,0,0,0,0,0,0,0,0,0,0,0,0,1,0,0,1,0,0,0,0,0,0,0,0,0,0,0,0,0,0,0,0,5,0,1,0,0,0,0,0,0,0,0,0,0,0,0,0,0,0,0,1,0,0,0,0,0,0,39,0,0,0,0,6,0,0,0,0,0,0,0,0,1,0,0
