0.86334,0.23889,0.41086,0.38603,0.19437,0.26756,0.9575,0.52189,0.84099,0.33333,0.66349,0.50278,0.87987,0.5702,0.49929,0.36119,0.53465,0.39315,0.54688,0.41115,0.4799,0.47569,0.33013,0.50777,0.24264,0.49656,0.22394,0.54731,0.60214,0.80561,0.21677,0.46401,0.21186,0.82002,0.55481,0.34139,0.38304,0.73281,0.76241,0.6528,0.45109,0.2507,0.31398,0.25439,0.47712,0.1855,0.35457,0.47708,0.16244,0.58763,0.22353,0.74344,0.57619,0.74105,0.62428,0.26862,0.20198,0.52859,0.57957,0.27324,0.39679,0.66445,0.18846,0.64395,0.40476,0.44664,0.30293,0.71491,0.3311,0.78762,0.50704,0.31082,0.57977,0.15775,0.63523,0.97717,0.62243,0.64516,0.41653,0.35625,0.26182,0.72155,0.37368,0.68067,0.57029,0.65368,0.45541,0.3614,0.53176,0.40924,0.39225,0.98974,0.72375,0.68625,0.53981,0.51836,0.48571,0.76824,0.54061,0.24575,0.3503,0.75482,0.51348,0.91748,0.18776,0.96171,0.34555,0.24421,0.61359,0.73333,0.6739,0.41262,0.30075,0.71014,0.15801,0.23121,0.48375,0.67325,0.37647,0.59367,0.50874,0.55864,0.63058,0.45552,0.26544,0.78673,0.52969,0.62702,0.51464,0.41359,0.61119,0.33148,0.67998,0.41527,0.45783,0.35218,0.55212,0.43827,0.79558,0.44811,0.35252,0.69109,0.61577,0.48208,0.84584,0.32618,0.36136,0.33552,0.44291,0.82349,0.60796,0.2605,0.3245,0.51144,0.47241,0.87532,0.32781,0.5669,0.24727,0.49585,0.36105,0.78292,0.40883,0.59677,0.69824,0.70745,0.70278,0.75318,0.43416,0.19196,0.4297,0.7053,0.51646
0.54773
0,36,295,152,0,37,0,0,0,0,0,67,0,0,0,1,0,4,87,11,1,2,2,0,173,10,8,0,0,0,0,0,7,0,0,0,1,0,0,0,1,9,238,0,0,1,2,0,4,0,0,0,171,0,2,0,0,19,0,0,0,0,0,0,1,1,26,0,0,0,0,0,13,92,458,0,0,0,0,0,0,0,88,0,0,0,30,0,0,0,0,0,0,4,0,0,0,0,84,217,0,0,10,0,36,0,198,0,0,0,0,0,2,0,29,0,0,0,1,17,0,3,0,33,2,0,0,0,0,22,0,0,0,0,0,0,0,0,0,0,0,0,0,0,0,225,14,8,3,0,0,0,0,18,4,0,0,28,18,11,2,0,0,11,0,0,0,0,0,5,0,0,9
0,1,9,66,1,14,0,0,0,12,0,4,0,0,0,5,0,1,0,0,0,0,0,0,20,0,6,0,0,0,69,0,86,0,0,1,4,0,0,0,1,0,55,0,21,104,5,3,0,0,0,0,1,0,2,0,1,0,0,4,2,0,0,0,0,0,10,0,22,0,0,0,0,46,1,0,0,0,3,0,0,3,355,0,1,1,0,0,0,0,2,0,7,1,0,0,0,0,26,4,60,0,381,0,4,0,5,21,0,21,0,0,7,0,0,15,2,0,1,1,26,524,0,26,0,0,0,0,0,347,0,0,0,0,0,0,0,0,0,1,0,0,0,8,0,2,318,13,225,0,0,9,1,0,0,0,0,411,11,0,7,0,22,296,0,0,0,0,0,1,0,0,251
1,35,45,36,27,35,1,1,1,11,5,15,6,1,0,0,1,1,28,126,1,9,54,0,60,12,19,0,2,0,14,0,89,2,0,27,8,3,1,6,9,4,93,1,1,66,56,1,57,0,31,0,26,2,5,16,4,35,4,2,0,1,5,0,2,0,16,2,4,1,0,1,3,111,7,4,3,0,1,0,1,1,117,1,0,1,4,0,0,0,9,0,0,3,0,3,3,14,38,115,3,1,27,3,105,2,123,0,0,5,0,3,12,0,13,8,5,1,23,3,0,13,2,72,2,0,12,0,0,60,1,0,4,19,0,1,0,0,1,2,0,11,2,3,1,58,41,101,27,0,0,11,10,4,7,0,0,42,5,11,28,0,1,20,1,0,0,7,0,36,1,4,30
0,147,148,35,0,110,0,0,0,0,0,22,0,0,0,0,0,0,455,9,57,28,27,0,31,31,61,0,0,3,0,0,0,0,0,0,1,0,0,0,3,171,54,0,0,0,0,0,10,0,1,0,363,0,0,0,1,104,0,1,3,0,1,0,0,0,6,1,3,0,7,0,5,21,96,0,0,0,0,0,0,0,7,0,0,0,27,0,56,0,0,0,0,1,0,0,0,0,22,174,0,0,0,0,47,0,63,0,0,0,0,12,3,0,46,2,0,0,0,2,1,0,0,21,0,0,0,0,2,9,0,0,0,2,0,0,0,0,0,0,0,0,0,1,0,228,1,10,0,0,0,1,0,4,22,3,0,0,136,17,0,0,0,0,0,0,0,0,0,1,0,0,1
0,6,30,73,0,24,0,0,0,1,0,2,0,0,0,0,0,0,5,1,1,2,0,0,28,3,0,0,0,0,3,0,3,0,0,0,0,0,0,0,0,0,36,0,0,1,0,0,0,0,0,0,1,0,0,0,0,0,0,0,0,0,0,0,0,0,4,0,0,0,0,0,0,112,1,0,0,0,0,0,0,0,58,0,0,0,0,0,0,0,0,0,0,2,0,0,0,0,5,42,1,0,19,0,12,0,31,0,0,0,0,1,0,0,4,0,0,0,0,0,1,9,0,1,0,0,0,0,0,78,0,0,0,0,0,0,0,0,0,0,0,0,0,0,0,12,20,19,7,0,0,0,0,2,0,0,0,51,0,1,0,0,0,8,0,0,0,0,0,0,0,0,8
1,100,19,13,111,74,0,0,0,16,11,11,0,0,0,0,12,0,33,317,21,69,133,0,32,111,18,0,2,2,12,6,51,0,0,5,18,8,1,0,43,11,14,3,0,32,284,6,128,4,129,0,7,0,20,32,15,25,11,1,3,0,5,5,4,0,34,11,16,0,16,0,10,28,5,0,10,0,6,3,3,0,14,0,2,1,7,0,5,1,16,0,1,5,1,8,2,3,4,64,1,0,6,0,119,0,34,7,4,1,0,43,32,0,15,6,4,16,108,13,1,0,2,13,3,0,0,1,4,28,0,1,0,24,2,1,0,0,0,5,0,0,0,21,0,31,50,69,1,0,0,14,86,6,50,0,0,5,47,19,110,2,7,4,0,4,1,0,0,58,0,22,20
0,1,86,293,0,2,0,0,0,0,0,23,0,0,0,0,3,0,0,0,1,0,7,0,5,0,108,0,0,0,3,0,33,0,0,0,0,0,0,0,0,1,184,0,14,53,1,9,8,0,3,0,10,0,0,0,0,7,0,0,13,0,0,0,0,0,7,0,1,0,0,0,0,17,2,0,0,0,0,0,0,0,133,0,0,0,4,0,0,0,0,0,0,1,0,0,0,0,426,97,8,0,26,0,4,0,40,0,0,0,0,0,160,0,0,0,0,0,0,1,16,2,0,425,0,0,0,0,0,19,0,0,0,0,0,0,0,0,0,0,0,0,0,19,0,31,25,3,2,0,0,0,1,1,0,0,0,12,0,0,3,0,0,27,0,0,0,0,0,1,0,0,8
0,3,1,1,1,0,0,0,0,1,1,0,0,0,4,0,0,0,5,0,0,2,0,0,0,0,0,0,0,0,8,0,0,0,3,0,0,0,0,1,0,1,1,40,0,0,1,0,0,0,0,2,0,0,0,1,0,0,8,4,0,0,1,0,1,0,0,1,0,0,0,0,0,0,4,0,0,0,0,0,0,0,0,0,2,1,4,1,1,0,0,0,0,1,0,0,0,1,0,0,0,1,0,0,0,1,0,0,0,1,0,0,0,0,11,1,0,0,0,0,0,0,1,2,0,0,0,0,1,0,0,0,0,1,0,11,0,19,0,7,0,0,0,0,0,0,0,0,0,0,1,0,17,0,1,0,0,0,1,0,0,1,0,0,108,0,0,2,0,0,0,0,0
4,0,0,0,39,0,8,1,68,0,11,0,110,7,353,0,1,3,0,6,3,0,0,392,0,1,0,4,11,10,0,7,0,248,1,2,190,174,250,63,0,1,0,14,0,0,0,0,32,5,5,5,0,0,1,15,6,0,1,26,0,3,10,5,0,255,0,5,0,201,7,16,2,0,0,9,4,1,0,0,227,0,0,0,1,0,0,3,1,3,25,15,0,28,1,31,37,895,0,0,19,3,0,112,0,3,0,0,7,0,1,7,0,27,6,1,0,4,0,1,0,0,8,0,5,5,19,622,6,0,67,175,20,3,3,8,394,1,1296,0,196,273,492,0,0,0,0,1,0,0,8,0,0,0,0,0,6,0,0,83,0,5,9,0,2,5,130,1,0,0,327,0,0
0,0,0,0,0,0,0,47,0,0,0,0,0,0,0,0,0,0,0,0,0,0,0,0,0,0,0,9,0,0,0,0,0,0,3,1,0,0,0,0,0,0,0,0,0,0,0,0,0,0,0,135,0,14,0,0,0,0,0,0,0,0,0,0,0,0,0,0,0,0,0,246,0,0,0,0,0,4,0,0,0,0,0,0,0,0,0,29,0,0,0,0,0,0,0,0,0,0,0,0,0,11,0,0,0,0,0,0,0,8,1,0,0,0,0,0,0,0,0,0,0,0,0,0,0,1,0,0,0,0,59,0,0,0,0,0,0,0,0,0,0,0,0,0,0,0,0,0,0,4,0,0,0,0,0,0,250,0,0,0,0,0,0,0,0,0,0,0,0,0,0,0,0
0,0,0,0,8,0,10,9,2,3,1,0,0,4,2,0,11,1,0,0,0,0,0,0,0,0,0,1,0,0,2,0,0,1,36,15,0,0,0,5,0,0,1,130,0,0,1,0,50,0,0,2,0,3,1,0,0,0,25,0,0,5,10,0,0,0,0,0,8,0,0,28,0,0,33,4,0,5,1,0,2,0,2,0,0,0,0,99,0,1,1,1,1,0,0,1,16,0,0,0,0,84,0,0,0,1,0,2,2,58,0,0,1,0,5,3,1,0,0,0,0,0,3,0,0,13,2,0,0,0,29,1,18,0,4,197,1,75,0,5,0,1,0,0,2,0,0,0,1,0,15,2,19,0,1,0,18,0,0,5,3,0,0,0,12,0,0,15,0,0,3,2,0
0,1,0,1,18,0,1,1,105,3,0,0,3,38,5,0,2,0,1,2,0,0,0,1,0,3,0,0,1,0,3,6,4,5,6,1,0,8,17,6,8,0,0,147,1,3,17,2,15,1,4,0,0,5,0,18,0,0,6,28,1,13,8,14,0,9,1,5,3,6,10,3,1,1,1,2,3,3,3,1,26,0,0,1,4,5,0,0,0,16,7,4,2,2,0,133,4,28,2,0,2,16,30,2,0,4,0,1,2,8,0,1,2,0,70,0,5,0,0,1,1,0,7,0,0,1,9,32,3,1,2,13,105,1,3,122,17,213,49,11,5,37,0,1,1,0,6,0,0,1,0,0,267,0,0,0,0,0,0,5,3,1,0,0,18,3,6,1,0,0,43,0,8
4,0,0,0,121,0,1,0,2,1,0,2,1,180,0,1,0,1,0,18,0,0,0,51,0,2,0,1,3,7,0,9,2,1,8,0,1,0,0,0,0,0,1,45,1,7,2,1,22,2,0,0,0,0,8,169,12,0,1,3,3,0,19,53,0,1,7,4,4,0,5,0,37,10,0,0,15,0,6,13,6,1,0,5,0,2,0,3,0,20,2,0,1,8,1,15,112,2,1,0,2,1,0,1,0,0,0,5,0,0,0,4,0,20,0,1,3,4,0,2,0,0,0,0,6,0,0,7,4,1,13,5,0,348,3,0,6,0,16,6,20,0,4,1,0,0,0,0,0,0,2,1,0,1,0,0,1,0,0,1,0,0,9,0,0,10,7,0,0,1,225,0,0
0,2,4,12,1,64,0,0,0,72,0,20,0,1,0,134,0,141,5,26,3,6,14,0,74,4,20,0,1,0,118,0,197,0,0,0,7,0,0,0,3,2,15,2,51,197,56,13,9,0,9,0,3,0,46,0,2,6,2,1,13,0,0,0,6,0,181,2,64,0,2,0,3,73,3,0,0,0,16,8,2,6,109,2,2,1,5,0,0,0,0,0,1,13,6,0,0,0,23,7,118,2,158,0,27,0,6,30,0,7,0,0,12,0,0,65,6,2,22,41,30,258,0,56,3,0,0,0,0,142,0,0,0,1,0,0,0,0,0,12,0,0,0,6,0,3,163,88,133,0,0,88,8,55,0,0,0,107,13,26,58,0,52,53,0,0,0,0,6,23,0,10,69
0,70,4,0,0,30,0,0,0,0,8,3,0,0,0,0,0,0,17,10,5,247,14,0,2,197,9,0,1,0,0,0,0,0,0,0,0,0,0,1,0,7,1,0,0,0,1,0,0,0,2,0,2,0,0,0,0,6,1,2,0,0,0,1,0,0,0,13,1,0,7,0,1,2,2,0,0,0,0,0,0,0,0,0,0,0,0,0,30,1,0,0,0,0,0,0,0,0,0,10,0,0,0,0,28,0,0,0,0,0,0,19,4,0,16,0,0,0,1,0,0,0,0,0,0,0,0,0,1,0,0,0,0,0,0,0,0,0,0,0,0,0,0,0,0,3,0,7,0,0,0,0,0,0,81,5,0,0,75,1,0,0,0,0,0,0,0,0,0,0,0,0,0
1,0,0,0,0,0,0,0,0,1,4,0,0,0,2,0,0,0,0,2,0,0,0,0,0,2,0,0,9,0,2,7,1,0,1,2,5,0,0,1,27,1,0,0,0,1,14,0,2,40,0,0,1,0,2,1,41,0,0,26,1,0,1,42,0,5,0,0,2,0,0,0,1,0,0,0,82,0,3,1,109,0,0,1,1,0,0,0,1,0,108,0,1,0,1,2,0,1,0,1,0,0,0,0,0,2,0,5,0,0,0,0,1,0,2,2,3,1,3,2,0,1,36,0,0,0,0,1,35,0,0,1,0,1,29,0,2,0,1,0,3,0,1,1,0,0,2,0,0,0,0,0,0,0,0,0,0,0,0,0,5,0,0,0,0,2,0,0,0,2,0,12,1
6,0,0,0,1,0,6,0,3,0,17,0,10,0,1,0,1,0,0,2,1,0,0,0,0,2,0,1,0,0,0,0,0,3,2,1,0,5,1,22,4,0,0,0,0,0,1,0,0,1,1,0,0,4,0,0,1,0,3,77,0,0,12,1,0,15,0,4,0,24,0,1,0,0,0,3,1,0,0,1,0,0,0,0,0,0,0,3,7,0,23,1,0,1,0,4,1,2,0,0,0,0,0,2,0,5,0,0,12,0,0,1,0,1,3,0,1,0,0,1,0,0,16,0,0,0,339,3,0,0,0,7,21,0,1,8,28,0,1,0,1,37,0,0,1,0,0,0,0,0,1,0,0,0,0,12,1,0,0,0,0,0,0,0,5,0,1,473,0,0,0,0,0
45,5,3,1,7,3,0,1,0,19,1,143,1,0,0,9,2,425,0,9,7,0,7,1,16,8,4,0,0,42,15,0,43,0,0,13,0,1,1,0,8,67,0,1,3,20,21,3,4,1,10,0,0,0,545,10,21,22,0,0,32,0,2,1,44,0,269,2,25,0,5,0,407,0,7,0,2,0,25,5,0,10,3,0,3,1,429,1,0,0,8,0,0,514,339,0,0,2,2,8,14,0,3,0,10,0,1,14,0,39,0,14,2,0,7,112,9,7,10,675,0,7,0,6,16,0,0,0,6,13,0,0,0,149,0,17,1,0,0,12,0,0,0,2,0,2,18,6,9,0,0,12,25,380,5,0,0,2,3,1,5,0,0,2,0,0,0,0,1,79,0,8,10
0,0,0,12,0,0,0,0,0,19,0,0,0,0,0,9,0,1,0,0,0,0,9,0,0,0,17,0,0,0,65,0,38,0,0,2,2,0,0,0,1,0,2,0,417,119,7,86,2,0,0,0,0,0,4,0,6,0,0,0,62,0,0,0,10,0,3,1,41,0,0,0,0,1,0,0,0,0,19,19,0,35,9,89,27,31,0,0,0,0,0,0,28,0,0,0,1,0,23,0,296,0,29,0,2,0,0,68,0,3,0,0,3,0,0,5,60,1,0,2,320,14,0,63,1,0,0,0,0,6,0,0,0,0,0,0,0,0,0,35,0,0,0,88,0,0,9,4,13,0,0,10,2,0,0,0,0,8,1,0,3,0,9,8,0,0,0,0,0,0,0,1,1
0,0,0,0,0,0,2,1,3,0,0,0,1,0,0,0,1,0,0,0,0,0,0,0,0,0,0,1,0,0,0,0,0,3,2,0,0,9,9,7,0,0,0,2,0,0,0,0,0,0,0,4,0,4,0,0,0,0,1,0,0,6,3,0,0,1,0,0,0,0,0,1,0,0,0,1,0,1,0,0,0,0,0,0,0,0,0,8,0,0,1,1,0,0,0,25,0,0,0,0,0,8,0,2,0,2,0,0,894,0,1,0,0,0,0,0,0,0,0,0,0,0,0,0,0,1,5,0,0,0,0,36,1090,0,0,2,8,4,0,0,0,18,0,0,0,0,0,0,0,1,0,0,4,0,0,0,3,0,0,0,0,0,0,0,22,0,0,2,0,0,0,0,0
12,0,0,0,145,0,0,0,2,1,5,0,0,53,31,0,58,2,0,2,0,1,0,0,0,0,0,1,0,0,14,0,0,0,49,3,0,0,0,0,0,85,1,25,0,1,0,0,10,0,1,0,0,3,0,0,0,0,3,3,0,2,2,0,0,0,0,22,1,0,0,3,1,0,1,0,0,0,0,0,2,0,0,0,0,0,0,5,0,0,0,0,0,0,0,3,0,0,0,0,0,5,0,0,0,0,0,0,0,3,0,0,0,2,1,1,0,0,0,0,0,0,0,0,1,67,0,0,0,0,4,0,2,0,0,12,0,4,1,1,0,0,3,0,92,0,0,2,1,1,397,1,2,0,4,0,1,0,1,0,0,0,1,0,27,0,0,0,2,0,0,0,0
0,0,0,0,3,0,1780,0,3,0,12,0,11,0,0,0,3,0,0,0,0,0,0,0,0,0,0,0,0,0,0,0,0,8,0,1,0,6,6,385,1,0,0,1,0,0,2,0,0,0,0,0,0,0,0,1,1,0,9,7,0,0,40,0,0,8,0,1,1,6,0,0,0,0,0,2311,0,0,0,0,1,0,0,0,0,0,0,0,0,0,62,3569,0,0,1,1,8,38,0,0,0,0,0,6,0,1758,0,0,3,0,0,0,0,1,3,1,1,2,0,0,0,0,3,0,0,0,17,2,0,0,0,2,35,0,3,0,3,0,0,0,1,28,0,0,0,0,0,0,0,0,0,0,1,0,0,1,0,0,0,0,0,0,0,0,0,0,11,9,1,0,1,0,0
9,2,1,3,2,1,19,1,1,8,5,0,0,18,12,1,17,2,0,38,4,0,1,5,0,4,1,0,2,0,7,2,8,0,35,4,0,0,0,1,4,1,3,36,0,1,4,2,6,3,0,4,0,1,3,123,2,0,212,8,0,1,3,2,1,1,1,0,14,0,4,1,2,2,0,1,0,0,0,1,8,0,2,6,2,12,0,6,0,2,2,1,7,6,2,3,391,0,0,3,0,25,1,0,1,6,0,2,3,18,2,2,0,20,3,6,9,375,0,3,0,5,1,0,17,15,15,5,1,5,0,0,12,0,243,6,0,4,0,0,0,0,11,13,14,0,12,0,2,0,11,7,3,1,1,1,1,7,1,0,5,0,4,4,16,4,0,8,5,1,2,3,4
1,2,0,3,9,16,0,0,0,313,1,5,0,0,0,55,23,54,0,10,0,5,78,0,35,6,13,0,4,0,156,0,184,0,0,17,13,0,0,0,56,3,0,30,130,179,170,79,27,0,42,0,0,0,47,0,21,2,2,0,79,0,2,1,46,1,75,4,195,0,15,0,0,5,0,0,1,0,238,72,0,57,15,74,45,42,2,0,8,2,0,0,69,6,195,3,1,0,1,0,143,1,15,0,15,0,2,194,0,12,0,2,22,4,0,122,65,12,35,13,89,63,0,18,18,0,0,0,2,19,0,1,0,9,0,0,0,0,0,178,0,0,0,34,0,1,44,52,49,0,0,186,77,25,1,0,0,19,32,26,24,0,108,5,0,0,0,0,211,30,0,9,10
1,6,0,3,67,14,0,3,0,351,3,13,0,2,3,9,171,14,1,57,2,5,112,2,23,6,14,2,25,1,181,5,243,5,0,240,48,0,6,4,249,3,1,64,112,188,462,176,58,25,209,1,0,0,89,79,56,8,17,0,92,0,7,10,62,1,82,11,247,0,45,1,1,5,2,0,33,0,268,51,6,71,10,80,85,122,11,1,9,67,25,0,96,8,22,11,8,1,9,3,55,1,10,2,10,0,6,208,0,17,0,5,37,9,1,106,135,111,128,14,64,24,5,43,66,0,1,1,7,30,1,4,0,121,7,2,0,0,0,380,1,0,3,85,0,0,107,21,23,0,1,182,306,12,4,0,0,21,61,10,165,7,287,7,0,0,0,1,24,61,3,213,27
0,0,0,0,0,0,2,0,0,25,0,0,0,0,0,130,4,5,0,0,0,1,14,0,0,0,6,0,4,1,27,0,4,0,0,155,10,0,0,0,5,1,0,0,94,12,1,510,2,2,8,0,0,0,2,1,16,3,0,0,321,0,0,0,249,1,3,28,39,0,9,0,0,0,0,0,2,0,38,74,1,596,0,729,357,621,0,0,105,248,1,0,841,0,8,0,1,0,0,0,64,0,0,0,0,0,0,121,0,2,0,0,124,25,0,39,387,3,0,0,58,4,0,0,119,0,0,0,1,0,0,0,0,1,0,0,0,0,0,125,0,0,0,417,0,0,0,1,0,0,0,47,8,0,0,0,0,1,4,0,2,0,11,0,0,0,0,0,69,0,0,0,0
0,0,0,0,0,0,0,25,0,1,0,0,0,0,0,0,0,3,0,0,0,0,0,0,0,0,0,14,0,0,0,0,0,0,16,4,0,0,0,0,0,0,0,2,0,0,0,0,55,0,0,90,0,6,1,0,0,0,0,0,0,0,2,0,0,0,0,0,0,0,0,313,0,0,0,0,0,2,0,0,0,0,0,0,0,0,0,28,0,1,0,0,0,0,0,3,0,0,1,0,0,13,0,0,0,0,0,0,0,8,4,0,0,0,1,1,0,1,0,0,0,0,0,0,1,2,0,0,0,0,448,0,1,0,0,3,0,0,0,0,0,0,0,0,0,0,0,0,0,6,1,0,0,0,0,0,111,0,0,0,0,4,0,0,0,0,0,7,0,0,2,0,0
0,1,0,0,86,0,2,6,21,0,55,0,6,662,98,0,378,0,0,1,0,0,0,0,0,0,0,4,0,0,23,0,0,0,415,1,0,0,0,5,0,14,0,18,0,0,0,0,2,0,1,5,0,18,0,0,0,0,31,3,0,9,6,0,0,2,0,2,0,4,0,10,51,0,0,3,0,0,0,0,2,0,0,0,0,0,0,34,0,0,0,0,0,2,0,1,12,0,0,0,0,55,0,0,0,7,0,0,1,17,6,1,0,0,35,1,0,0,0,0,0,0,3,0,0,889,7,1,0,0,9,0,17,0,3,16,0,25,0,0,0,0,1,0,631,0,0,0,0,37,195,0,4,0,0,1,7,1,0,0,0,0,0,0,48,0,0,3,1,0,0,2,0
1,0,0,0,24,0,5,0,1227,0,5,0,1106,0,70,0,2,0,0,0,1,0,0,91,0,0,0,3,3,5,0,10,0,1417,9,1,25,927,1306,1036,0,0,0,2,0,0,0,0,6,0,1,6,0,13,0,3,2,0,2,32,0,12,49,2,0,339,0,3,0,916,0,34,0,0,0,15,5,6,0,0,19,0,0,0,0,1,0,29,0,2,29,14,0,10,0,18,17,110,0,0,1,7,0,1590,0,19,0,0,28,0,2,7,0,5,6,0,0,1,0,0,0,0,2,0,3,41,190,33,0,0,17,239,47,5,9,40,678,3,204,0,116,962,256,0,0,0,0,0,0,0,0,0,0,0,0,0,22,0,0,12,0,3,0,0,10,3,506,1,0,0,91,0,0
2,137,26,20,2,240,1,0,0,83,23,6,0,8,0,1,0,2,71,10,15,499,378,6,4,578,160,0,2,6,3,7,10,0,0,0,1,11,0,0,21,42,29,14,0,20,26,104,92,3,93,0,8,0,1,18,5,12,1,29,5,0,6,13,8,0,1,494,3,0,504,0,6,13,5,0,4,0,1,26,11,0,4,4,2,0,1,0,77,171,3,0,2,2,0,4,1,0,24,60,6,0,3,0,80,0,9,1,6,0,0,399,34,55,54,2,13,0,2,0,5,1,9,88,9,0,1,15,18,3,0,0,0,1,3,0,0,0,0,11,1,0,0,133,0,45,7,19,0,0,0,1,3,0,214,19,0,4,69,2,6,0,0,1,0,15,11,0,0,0,1,0,2
3,1,1,0,1,1,4,0,0,1,4,0,0,3,19,0,0,0,0,2,1,0,1,160,0,6,1,0,45,13,0,548,2,1,0,0,107,17,2,2,7,1,1,2,2,1,7,1,10,89,23,0,0,0,0,76,110,0,2,244,2,0,8,245,8,7,0,0,2,0,8,0,0,4,1,4,148,0,0,0,191,1,0,0,2,9,0,0,1,4,225,0,1,2,2,20,2,8,0,0,4,0,0,0,0,0,0,0,2,0,0,13,3,0,17,0,1,0,0,0,3,1,565,1,0,0,0,44,44,9,0,4,0,2,58,4,11,1,0,10,16,0,1,1,0,1,1,0,1,0,1,0,1,1,5,0,0,0,1,0,4,0,1,1,0,532,12,0,0,0,3,3,1
0,4,0,1,16,9,1,0,1,8,3,0,0,108,37,0,1,0,1,14,2,2,5,17,0,9,2,0,507,4,3,499,7,5,1,0,280,5,15,22,34,3,0,14,1,5,16,2,86,684,20,1,0,1,6,220,143,3,0,184,7,0,8,803,0,71,3,10,3,4,22,1,4,109,0,2,788,1,8,4,211,0,0,3,3,7,0,0,0,6,395,0,0,2,6,33,12,13,1,3,3,0,4,2,2,0,2,6,10,0,0,32,1,5,23,0,7,3,0,2,2,2,204,3,2,0,0,15,334,4,3,88,0,26,342,1,44,0,46,3,176,0,8,8,0,0,2,2,0,0,0,2,0,0,1,0,0,0,2,2,6,3,165,0,0,126,17,0,1,1,36,3,0
0,1,0,0,1,0,2,0,0,0,2,0,0,0,50,0,0,0,0,12,1,0,0,3,0,0,0,0,219,2,0,58,0,5,0,0,5,0,1,1,0,2,0,0,1,0,1,1,1,298,1,0,0,0,0,7,135,0,0,0,0,0,2,35,1,33,1,1,2,0,6,0,0,0,0,2,157,0,2,2,21,1,0,1,0,3,0,0,0,2,31,0,4,1,1,3,2,2,0,0,0,0,0,5,0,0,0,0,1,0,0,10,0,3,0,2,6,0,0,0,0,0,10,0,0,0,0,0,61,2,0,5,0,1,23,0,12,0,3,0,9,0,16,5,0,0,0,0,0,0,0,1,0,0,1,0,0,0,0,1,1,0,6,0,0,23,1,0,0,0,0,0,0
1,215,12,11,2,180,0,0,0,3,0,3,0,0,0,0,0,0,98,46,26,127,10,0,168,91,11,0,0,0,1,0,38,0,0,0,0,0,0,0,2,5,14,0,0,6,11,1,6,0,0,0,2,0,1,0,2,13,0,0,0,0,0,0,0,0,8,0,2,0,13,0,1,47,15,0,0,0,1,0,0,0,11,0,0,0,3,0,4,0,0,0,0,0,0,0,0,1,3,42,3,0,2,0,138,0,24,0,0,1,0,23,11,0,11,0,0,0,1,1,0,1,0,4,0,0,0,0,1,25,0,0,0,0,0,0,0,0,0,0,0,0,0,1,0,25,6,256,6,0,0,7,0,2,17,3,0,4,34,239,1,0,0,3,0,0,1,0,0,20,0,0,8
0,1,1,8,0,10,0,0,0,0,0,4,0,0,0,0,0,0,2,0,240,1,125,0,3,4,174,0,0,0,0,0,3,0,0,0,0,0,0,0,0,5,0,0,0,2,1,2,3,0,0,0,7,0,0,0,0,10,0,0,2,0,0,0,0,0,0,0,0,0,0,0,0,1,3,0,0,0,0,0,0,0,0,0,0,0,1,0,1,0,0,0,0,0,0,0,0,0,2,9,3,0,0,0,4,0,5,0,0,0,0,3,0,0,0,0,0,0,0,1,0,0,0,22,0,0,0,0,0,2,0,0,0,0,0,0,0,0,0,0,0,0,0,2,0,8,0,5,0,0,0,0,0,0,0,0,0,0,0,4,0,0,0,0,0,0,0,0,0,0,0,0,0
0,2,1,0,6,3,2,9,0,0,1,2,0,13,7,0,9,0,2,1,0,2,0,0,0,0,0,0,0,0,55,0,0,0,17,0,0,0,0,1,0,2,0,232,1,0,0,0,1,0,0,3,0,1,0,1,0,0,539,0,0,1,1,0,0,1,1,8,1,0,0,2,1,0,0,0,0,0,0,0,1,0,1,2,1,0,0,4,1,0,0,0,4,0,0,0,121,0,0,0,0,17,0,0,2,5,0,0,1,17,0,0,0,0,3,0,1,0,0,0,1,0,0,0,0,31,0,0,0,0,1,0,18,0,5,27,1,37,0,7,0,1,0,1,1,0,2,0,0,0,11,0,37,0,0,1,0,0,1,0,2,0,0,0,715,0,0,1,0,0,0,0,1
657,10,24,12,2,5,2,0,2,5,7,362,0,6,0,6,0,297,7,2,6,1,18,21,28,4,8,0,0,804,1,3,33,0,0,4,3,3,3,1,6,180,8,0,5,18,7,2,7,1,163,0,3,0,57,8,59,379,0,4,152,0,1,5,323,0,135,5,2,0,13,0,105,6,66,0,2,0,10,8,3,37,9,4,2,4,399,0,1,3,5,0,3,102,24,15,0,0,7,19,10,0,7,0,66,0,22,10,0,3,0,17,11,1,41,3,13,6,0,328,8,1,6,9,116,0,0,8,106,7,0,3,0,118,1,188,0,0,0,15,0,0,1,3,0,7,12,7,4,0,1,0,1,199,6,1,0,2,5,1,6,2,0,44,0,0,2,0,0,86,2,1,9
0,0,0,0,0,0,0,763,0,0,0,0,0,0,0,0,0,0,0,0,0,0,0,0,0,0,0,642,0,0,0,0,0,0,9,0,0,0,0,0,0,0,0,0,0,0,0,0,0,0,0,52,0,1159,0,0,0,0,0,0,0,1301,1,0,0,0,0,0,0,0,0,53,0,0,0,0,0,1020,0,0,0,0,0,0,0,0,0,1,0,0,0,0,0,0,0,0,0,0,0,0,0,27,0,0,0,0,0,0,49,8,870,0,0,0,0,0,0,0,0,0,0,0,0,0,3,0,2,0,0,0,2,2,13,0,0,5,0,0,0,0,0,0,0,0,0,0,0,0,0,1297,0,0,0,0,0,0,42,0,0,0,0,145,0,0,0,0,0,4,0,0,0,0,0
0,0,0,0,0,0,0,315,0,0,0,0,0,0,0,0,0,0,0,0,0,0,0,0,0,0,0,43,0,0,0,0,0,0,0,0,0,0,0,0,0,0,0,0,0,0,0,0,0,0,0,1049,0,22,0,0,0,0,0,0,0,0,1,0,0,0,0,0,0,0,0,137,0,0,0,0,0,2,0,0,0,0,0,0,0,0,0,273,0,0,0,0,0,0,0,0,0,0,0,0,0,1,0,0,0,0,0,0,4,0,4,0,0,0,0,0,0,0,0,0,0,0,0,0,0,0,0,0,0,0,1,0,1,0,0,0,0,0,0,0,0,0,0,0,0,0,0,0,0,27,0,0,0,0,0,0,356,0,0,0,0,0,0,0,0,0,0,1,0,0,0,0,0
1,0,0,0,3,1,8,25,1,2,0,0,1,19,12,0,3,0,0,4,0,0,0,0,0,0,0,11,0,0,4,0,1,1,122,20,0,0,0,7,0,0,0,44,1,0,1,0,5,0,0,3,0,30,0,0,0,0,40,0,0,14,16,0,0,0,2,0,1,1,0,94,2,0,0,4,0,20,0,0,0,0,1,0,0,0,0,309,0,1,0,0,1,1,0,1,26,0,0,0,0,979,0,0,0,10,0,1,3,715,2,0,1,0,2,0,0,0,0,0,0,0,0,0,0,62,10,0,0,0,63,1,28,1,3,380,0,81,0,2,0,1,0,0,3,0,3,0,0,6,7,0,23,0,0,0,177,0,0,0,1,1,0,0,21,0,0,88,0,0,0,0,0
0,0,0,0,1,0,2,0,13,0,0,0,1,0,0,0,0,0,0,1,0,0,0,0,0,0,0,5,0,0,0,0,0,17,5,0,0,23,63,6,0,0,0,1,0,0,0,0,0,0,0,0,0,9,0,0,0,0,5,0,0,31,3,0,0,3,0,0,0,0,0,0,0,0,0,0,0,26,0,0,0,0,0,0,0,0,0,3,0,0,0,0,0,0,0,21,1,1,0,0,0,19,0,5,0,2,0,0,216,2,5,0,0,0,0,0,0,0,0,0,0,0,0,0,0,1,1,1,0,0,1,53,89,0,0,24,9,14,0,0,2,18,0,0,0,0,0,0,0,2,0,0,19,0,0,0,5,0,0,0,0,1,0,0,7,0,4,0,0,0,0,0,0
0,28,4,2,5,3,0,0,0,16,1,2,0,0,0,0,1,1,4,10,2,15,30,0,3,8,8,0,0,0,15,0,28,0,0,3,0,0,0,0,5,6,0,2,1,14,23,9,14,0,16,0,8,0,5,2,1,5,0,0,0,0,0,0,4,0,6,0,9,0,8,0,0,2,3,0,0,0,31,3,0,0,1,0,3,0,3,0,1,0,0,0,0,3,0,1,0,0,0,3,5,0,1,0,17,0,2,11,0,0,0,3,2,0,3,5,2,2,4,2,1,0,0,8,0,0,0,0,0,2,0,0,0,0,0,0,0,0,0,2,0,0,0,0,0,4,6,20,0,0,0,6,9,2,6,0,0,0,5,1,5,0,0,0,0,0,0,0,0,7,0,1,7
1,58,0,1,0,11,0,0,0,57,15,0,0,0,0,0,2,13,4,19,13,8,6,2,6,25,1,0,0,6,21,2,32,0,0,98,1,0,0,0,46,1,0,0,14,10,83,4,4,1,21,0,0,0,19,4,30,2,0,1,11,0,4,1,9,0,6,1,25,0,215,0,0,1,2,0,3,0,499,171,0,5,1,40,42,21,4,0,3,15,4,0,36,7,10,3,10,0,0,0,20,0,1,0,4,0,0,232,0,0,0,22,20,0,0,32,31,2,0,6,1,4,2,0,6,0,0,0,4,4,0,0,0,2,0,0,0,0,0,9,1,0,0,2,0,0,10,47,1,0,0,64,4,9,8,1,0,0,12,2,1,0,6,2,0,2,0,0,46,33,0,8,1
2,0,0,0,33,1,0,1,4,2,11,1,0,37,0,0,1,0,1,1,0,1,1,19,0,5,1,3,1,73,0,12,0,5,0,1,1,62,31,3,1,1,0,38,0,0,6,0,15,2,58,0,0,3,1,12,10,0,4,12,1,3,3,6,0,4,0,4,1,0,10,1,45,1,1,0,1,1,3,1,1,0,0,1,0,1,0,1,2,3,21,0,0,1,1,607,14,41,0,0,0,0,7,1,0,0,0,1,193,0,0,12,0,2,9,0,0,1,0,0,0,0,1,0,1,1,7,194,0,0,3,66,69,0,0,1,13,5,11,1,7,5,0,0,0,0,0,0,0,0,0,0,5,1,0,0,0,0,0,1,0,4,0,0,12,22,10,1,0,1,18,0,0
8,25,4,0,2,6,0,0,0,3,418,10,0,0,0,1,0,0,5,0,382,16,99,1,0,32,107,0,0,19,2,0,0,0,0,0,0,0,0,0,6,88,3,0,0,1,11,33,16,2,82,0,17,0,1,0,2,56,0,190,1,0,3,0,18,0,0,43,0,0,53,0,0,0,2,0,1,0,1,1,11,2,0,1,1,0,8,0,360,2,2,0,0,1,0,3,0,2,0,2,0,0,0,0,2,0,0,0,0,0,0,311,2,0,3,0,2,0,1,1,1,0,9,19,0,0,3,7,7,1,0,0,0,1,1,0,0,0,0,6,0,0,0,0,0,13,1,0,0,0,0,0,0,0,14,337,0,0,12,0,1,0,0,0,0,1,0,0,0,1,0,0,0
0,0,0,0,0,3,0,0,0,15,0,0,0,0,1,9,0,110,0,2,0,0,0,0,2,0,0,0,0,0,6,0,0,0,0,77,0,0,0,0,1,0,3,1,3,0,1,18,19,0,1,0,0,0,4,1,3,0,0,1,3,0,0,1,1,0,0,3,4,0,10,0,0,0,0,0,0,0,15,15,2,0,0,27,38,63,0,0,3,17,0,0,56,11,7,0,0,0,0,0,4,0,0,0,0,0,0,10,0,0,0,0,23,441,0,163,28,0,0,4,0,1,1,0,159,0,0,0,1,0,3,0,0,0,1,0,0,0,0,2,1,0,0,9,0,0,0,2,0,0,0,62,0,20,0,0,0,0,0,0,0,0,4,0,0,0,0,0,119,0,1,0,0
0,0,0,0,1,0,0,239,0,0,0,0,0,1,0,0,0,0,0,0,0,0,0,0,0,0,0,420,0,0,2,0,0,1,7,1,0,3,0,1,0,0,0,1,0,0,1,0,0,0,0,20,0,266,0,1,0,0,0,0,0,556,14,0,0,0,0,0,0,0,0,38,0,0,0,0,0,489,0,0,0,0,0,0,0,0,0,6,0,17,0,0,0,0,0,191,2,0,83,0,0,20,2,0,0,1,0,0,16,1,392,0,0,0,0,0,0,2,0,0,0,0,0,0,40,0,0,0,0,0,2,13,12,1,0,3,0,0,0,0,0,0,0,0,0,0,0,0,0,190,1,0,0,0,0,0,46,0,0,0,0,660,0,0,0,0,0,3,0,0,1,0,0
0,0,0,0,0,0,0,14,0,0,0,0,0,0,0,0,0,0,0,0,0,0,0,0,0,0,0,8,0,0,0,0,0,0,1,3,0,0,0,0,0,0,0,0,0,0,0,1,0,0,0,29,0,0,0,0,0,0,0,0,0,0,1,1,0,0,0,0,0,0,0,23,0,0,0,0,1,0,0,0,0,0,0,0,0,0,0,8,0,1,0,0,0,0,0,4,0,0,1,0,0,0,0,0,0,0,0,0,0,0,1,0,0,0,0,0,0,0,0,0,0,0,0,0,0,0,0,0,0,0,4,1,1,0,0,0,0,0,0,0,0,0,0,0,0,0,0,0,0,3,0,0,0,0,0,0,39,0,0,0,0,4,0,0,0,0,0,0,0,0,1,0,0
