0.8632,0.23497,0.40217,0.40609,0.19116,0.27809,0.95216,0.51816,0.85082,0.32115,0.6347,0.50338,0.89037,0.5633,0.51321,0.35215,0.50336,0.39103,0.54545,0.40897,0.47355,0.46849,0.30126,0.50897,0.24504,0.48934,0.21309,0.50325,0.58605,0.8073,0.21965,0.45431,0.20498,0.81418,0.57218,0.32742,0.37585,0.67152,0.76655,0.66054,0.43558,0.24966,0.31742,0.27525,0.4726,0.18768,0.34864,0.48961,0.16034,0.57513,0.23663,0.73218,0.56918,0.74633,0.63518,0.26048,0.20332,0.53245,0.58405,0.3044,0.37115,0.67268,0.1811,0.63166,0.40399,0.49254,0.34812,0.74883,0.31844,0.78498,0.50493,0.33096,0.57121,0.16346,0.61538,0.97248,0.61848,0.61608,0.40208,0.327,0.28719,0.71879,0.36475,0.66635,0.58127,0.65732,0.44625,0.35525,0.47496,0.37577,0.41433,0.99037,0.70682,0.68571,0.55503,0.49053,0.52431,0.77687,0.50925,0.24501,0.34598,0.74475,0.47082,0.91908,0.18912,0.96035,0.32021,0.24233,0.62101,0.70756,0.66797,0.42359,0.30108,0.62003,0.15403,0.19268,0.5116,0.75644,0.37088,0.5788,0.50569,0.55755,0.61697,0.44398,0.24587,0.78415,0.53795,0.57916,0.5168,0.39928,0.61364,0.3195,0.66921,0.42472,0.46222,0.4076,0.56771,0.45401,0.80051,0.42907,0.3829,0.69264,0.62875,0.47105,0.84757,0.31433,0.35599,0.33204,0.46074,0.82078,0.62969,0.27201,0.31052,0.51894,0.54545,0.8932,0.33427,0.57123,0.28112,0.49167,0.35,0.73091,0.40954,0.59443,0.69832,0.71042,0.71083,0.75456,0.49234,0.16013,0.43611,0.66292,0.54926
0.5449
0,34,296,154,0,40,0,0,0,0,0,66,0,0,0,1,0,4,86,13,1,2,3,0,173,10,6,0,0,0,0,0,7,0,0,0,1,0,0,0,1,10,246,0,0,1,1,0,4,0,0,0,167,0,5,0,0,19,0,0,2,0,0,0,1,1,26,0,0,0,0,0,12,89,472,0,0,0,0,0,0,0,97,0,0,0,20,0,0,0,0,0,0,5,0,0,0,0,76,221,0,0,15,0,35,0,179,0,0,0,0,0,4,0,21,0,0,0,1,21,0,3,0,41,2,0,0,0,0,21,0,0,0,0,0,0,0,0,0,0,0,0,0,0,0,225,19,7,2,0,0,0,0,18,2,0,0,27,20,10,2,0,0,10,0,0,0,0,0,0,0,0,6
0,1,8,65,1,13,0,0,0,13,0,5,0,0,0,6,0,3,0,0,0,1,0,0,22,1,5,0,0,0,72,0,108,0,0,1,4,0,0,0,1,0,59,0,21,109,7,1,0,0,0,0,1,0,1,0,1,0,0,4,2,0,0,0,0,0,10,0,21,0,0,0,0,46,1,0,0,0,3,0,0,3,356,0,1,1,0,0,0,0,2,0,8,1,0,1,0,0,21,4,70,0,363,0,5,0,6,24,0,22,0,0,6,0,0,17,3,0,1,1,26,528,0,22,0,0,0,0,0,335,0,0,0,0,0,0,0,0,0,1,0,0,0,8,0,2,330,11,223,0,0,10,1,0,0,0,0,413,3,0,7,0,21,299,0,0,0,0,0,1,0,0,223
1,31,42,31,34,40,1,1,1,12,2,12,5,0,1,0,1,1,32,128,1,8,47,0,56,12,18,0,1,0,14,0,84,0,0,34,6,9,1,7,4,3,92,1,1,63,57,0,50,0,29,0,28,3,4,13,4,33,5,4,0,1,10,0,1,0,23,1,2,1,0,1,4,119,8,4,1,0,1,0,0,2,119,0,0,1,4,0,0,0,8,0,0,3,0,4,3,10,44,119,3,1,24,0,105,1,137,1,0,5,0,3,14,0,13,8,4,1,27,2,1,15,4,88,2,0,12,0,0,56,1,0,4,21,0,1,0,0,1,2,0,10,2,4,1,60,50,98,27,0,0,14,8,5,2,0,0,41,2,11,15,0,1,17,1,0,0,8,1,27,0,6,25
0,138,154,36,0,112,0,0,0,0,0,22,0,0,0,0,0,0,468,8,56,26,28,0,31,35,51,0,0,4,0,0,0,0,0,0,1,0,0,0,4,176,61,0,0,0,0,0,6,0,2,0,362,0,0,0,1,108,0,0,2,0,1,0,0,0,6,1,3,0,10,0,4,19,98,0,0,0,0,0,0,0,7,0,0,0,27,0,57,0,0,0,0,2,0,0,0,0,23,178,0,0,0,0,42,0,54,0,0,0,0,13,5,0,40,1,0,0,0,3,0,0,0,21,0,0,0,0,3,10,0,0,0,2,0,0,0,0,0,0,0,0,0,0,0,226,1,13,0,0,0,1,0,3,18,3,0,0,131,19,0,0,0,0,0,0,0,0,0,1,0,0,0
0,6,33,72,0,24,0,0,0,1,0,2,0,0,0,0,0,0,6,1,1,2,0,0,26,3,0,0,0,0,4,0,2,0,0,0,1,0,0,0,0,0,37,0,0,1,0,0,0,0,0,0,1,0,0,0,0,0,0,0,0,0,0,0,0,0,4,0,0,0,0,0,0,112,1,0,0,0,0,0,0,0,55,0,0,0,0,0,0,0,0,0,0,2,0,2,0,0,5,40,1,0,17,0,15,0,34,0,0,0,0,1,0,0,2,0,0,0,0,0,1,12,0,1,0,0,0,0,0,77,0,0,0,0,0,0,0,0,0,0,0,0,0,0,0,12,21,16,8,0,0,0,0,2,0,0,0,49,0,1,0,0,0,8,0,0,0,0,0,0,0,0,7
2,117,19,13,132,70,0,0,1,16,10,9,0,0,0,0,11,0,35,301,25,77,135,0,32,114,16,0,2,3,11,5,51,0,0,5,17,11,0,1,23,12,15,11,0,30,280,3,131,7,125,0,5,0,19,29,19,22,14,0,4,0,6,6,4,0,38,7,13,0,18,0,8,34,9,0,10,0,8,4,4,0,14,0,3,1,5,0,6,3,17,0,1,5,1,9,0,4,5,70,2,0,6,0,122,0,35,5,1,1,0,38,35,0,13,4,4,6,123,11,2,1,3,17,4,0,0,3,2,33,0,2,0,27,3,0,0,0,0,5,0,0,0,11,0,40,49,72,2,0,0,19,100,7,26,0,0,5,25,19,95,0,5,5,0,4,2,0,0,42,0,27,20
0,1,88,320,0,2,0,0,0,0,0,25,0,0,0,0,3,0,0,0,1,0,6,0,5,0,127,0,0,0,3,0,30,0,0,0,0,0,0,0,0,1,187,0,13,49,1,8,5,0,3,0,10,0,0,0,0,5,0,0,15,0,0,0,0,0,7,0,1,0,0,0,0,21,3,0,0,0,0,0,0,0,139,0,0,0,2,0,0,0,0,0,0,1,0,0,0,0,358,95,8,0,29,0,3,0,37,0,0,0,0,0,168,0,0,0,0,0,0,1,14,3,0,428,0,0,0,0,0,18,0,0,0,0,0,0,0,0,0,0,0,0,0,23,0,32,31,3,2,0,0,0,1,1,0,0,0,13,0,0,2,0,0,30,0,0,0,0,0,1,0,0,7
0,4,0,1,1,0,1,0,0,0,0,0,0,0,4,0,0,0,6,0,0,2,1,0,0,1,0,0,0,0,6,0,0,0,2,0,0,0,0,1,0,0,1,46,0,0,1,0,0,0,1,2,0,0,0,1,0,0,9,3,0,0,0,0,1,0,0,0,0,0,0,0,0,0,4,0,0,0,0,0,0,0,0,0,1,1,4,1,2,0,0,0,1,1,0,0,0,1,0,0,0,1,0,0,0,0,0,0,0,1,0,0,0,0,11,1,0,0,0,0,0,0,1,2,0,0,0,0,0,0,0,0,0,1,0,11,0,19,0,5,0,0,0,0,0,0,0,0,0,0,2,0,17,0,1,0,0,0,1,0,0,1,0,0,108,0,0,1,0,0,0,0,0
1,0,0,0,46,0,10,2,66,0,19,0,104,7,369,0,2,3,0,5,3,0,0,397,0,2,0,4,13,10,0,7,0,275,1,2,190,229,254,65,0,2,0,17,0,0,0,0,25,3,4,4,0,1,1,17,6,0,0,8,0,2,13,9,0,237,0,2,0,210,7,15,3,0,0,9,9,1,0,1,251,0,0,0,1,0,0,5,1,4,22,14,0,35,1,25,35,860,0,0,25,1,0,113,0,4,0,0,7,0,1,7,0,40,9,0,0,4,0,1,0,0,10,0,7,8,18,567,8,0,69,169,19,2,3,6,368,1,1264,0,206,270,503,0,0,0,0,0,0,0,8,0,1,0,0,0,8,0,0,87,0,4,9,0,1,5,130,1,0,0,314,0,0
0,0,0,0,0,0,0,48,0,0,0,0,0,0,0,0,0,0,0,0,0,0,0,0,0,0,0,9,0,0,0,0,0,0,1,1,0,0,0,0,0,0,0,0,0,0,0,0,0,0,0,137,0,15,0,0,0,0,0,0,0,0,0,0,0,0,0,0,0,0,0,238,0,0,0,0,0,5,0,0,0,0,0,0,0,0,0,29,0,0,0,0,0,0,0,0,0,0,0,0,0,10,0,0,0,0,0,0,0,9,1,0,0,0,0,0,0,0,0,0,0,0,0,0,0,1,0,0,0,0,60,0,0,0,0,1,0,0,0,0,0,0,0,0,0,0,0,0,0,6,0,0,0,0,0,0,250,0,0,0,0,1,0,0,0,0,0,0,0,0,0,0,0
0,0,0,0,5,0,15,8,1,4,1,0,1,8,3,0,12,0,0,0,1,0,0,0,0,0,0,1,0,0,2,0,0,1,32,15,0,0,0,4,0,0,0,114,0,0,1,0,49,0,0,3,0,4,1,0,0,0,16,0,0,4,7,0,0,2,0,1,11,0,0,31,0,0,35,5,0,4,1,0,0,0,2,0,0,0,0,100,0,2,0,1,2,0,0,1,17,0,0,0,0,69,0,0,0,1,0,2,3,69,0,0,1,0,8,2,2,1,0,0,0,0,4,0,0,10,2,0,0,0,27,1,16,0,3,213,0,71,0,2,0,0,0,0,3,0,2,0,1,1,10,3,27,0,0,0,23,0,0,5,5,0,0,0,13,0,0,15,0,0,3,0,0
0,1,0,0,37,0,0,1,97,3,4,0,2,39,4,0,5,0,1,3,1,0,0,0,0,4,1,0,1,0,5,9,3,7,5,2,0,13,18,4,9,0,0,113,1,3,20,4,17,0,8,0,0,7,0,13,0,0,5,21,0,13,8,14,1,11,0,1,1,7,10,2,1,1,1,1,5,4,1,1,28,0,0,3,2,3,0,1,1,17,6,3,3,1,0,120,8,22,2,0,4,13,60,1,1,7,0,1,2,7,1,1,1,0,65,1,3,0,0,1,1,0,7,0,0,0,5,37,4,2,2,13,117,1,3,95,15,232,48,16,5,36,0,1,0,0,12,0,0,0,3,0,265,0,0,0,0,0,0,4,10,1,0,0,17,4,5,3,0,0,29,0,3
4,0,0,0,83,0,0,0,1,4,29,1,0,178,0,1,0,0,0,13,0,0,0,47,0,1,0,1,3,4,0,12,3,0,5,0,1,0,0,0,0,0,1,23,1,10,5,1,25,2,1,0,0,0,6,159,11,0,3,2,2,0,20,63,0,3,5,2,6,0,7,0,41,9,0,0,15,0,6,12,10,2,0,4,0,3,0,3,0,38,1,0,1,5,1,13,74,2,1,0,2,1,2,1,0,0,0,5,2,0,0,3,1,93,0,2,2,6,0,0,0,0,0,0,3,0,0,10,4,1,9,5,0,347,4,1,6,0,14,7,17,0,5,1,0,0,0,1,0,0,1,3,0,2,0,0,0,0,0,1,1,0,11,0,0,6,5,0,0,2,211,0,0
0,2,5,9,2,55,0,0,0,80,0,24,0,0,0,127,0,154,5,26,3,5,14,0,74,3,21,0,2,0,124,0,218,0,0,0,8,0,0,0,2,3,17,2,52,201,60,11,9,1,12,0,2,0,44,0,2,4,5,1,12,0,0,0,8,0,159,2,68,0,4,0,3,73,4,0,0,0,16,6,1,6,108,5,2,1,3,0,0,0,0,0,1,12,6,2,0,0,23,7,116,2,159,0,25,0,6,33,0,7,0,0,13,2,0,61,6,1,20,42,27,260,0,55,3,0,0,0,0,142,0,0,0,1,0,0,0,0,0,9,0,0,0,5,0,3,177,88,129,0,0,88,8,54,0,0,0,108,10,27,46,0,49,58,0,0,0,0,5,21,0,5,58
0,68,5,0,0,33,0,0,0,0,6,3,0,0,0,0,0,0,18,9,6,256,12,0,3,193,7,0,0,0,0,0,0,0,0,0,0,0,0,0,0,8,1,0,0,0,1,0,0,0,1,0,3,0,0,0,0,5,2,0,0,0,1,1,0,0,0,16,1,0,9,0,1,2,3,2,0,0,0,0,0,0,0,0,0,0,0,0,32,1,0,0,0,0,0,0,0,0,0,10,0,0,0,0,29,0,1,1,0,0,0,20,5,0,16,0,0,0,1,0,0,0,0,0,0,0,0,0,0,0,0,0,0,0,0,0,0,0,0,0,0,0,0,0,0,5,0,7,0,0,0,0,0,0,71,3,0,0,68,1,0,0,0,0,0,0,0,0,0,0,0,2,0
2,0,0,0,1,0,0,0,0,1,4,0,0,0,2,0,0,0,0,2,1,0,1,0,1,3,0,0,12,1,1,7,1,0,1,2,5,0,0,1,35,0,0,0,0,1,17,0,2,40,2,0,0,0,1,1,35,0,0,27,1,0,2,43,0,4,1,0,3,0,1,0,0,1,0,0,93,0,2,1,100,0,0,1,1,2,0,0,1,0,107,0,0,0,1,0,0,1,0,0,0,0,0,0,0,2,0,3,1,0,0,0,0,0,2,0,2,3,3,2,1,0,26,0,0,0,0,1,30,1,0,1,0,1,33,0,0,0,0,0,2,0,1,0,0,0,2,0,0,0,0,0,0,0,1,0,0,0,0,0,5,0,0,0,0,2,0,0,0,2,1,12,1
7,1,0,0,0,0,6,0,2,0,13,0,9,0,1,0,2,0,0,2,1,0,0,0,0,2,0,0,0,0,1,0,0,2,2,1,0,7,1,23,3,0,0,1,0,0,1,0,0,0,1,0,0,3,0,0,1,0,3,75,0,0,10,1,0,18,0,2,0,23,0,1,0,0,0,4,2,0,0,1,1,0,0,0,0,0,0,5,4,0,22,1,0,0,0,3,1,4,0,0,0,0,0,2,0,5,0,0,12,1,0,1,0,1,5,0,1,0,0,1,0,0,52,0,0,0,326,2,0,0,0,7,23,0,1,7,23,0,1,0,1,42,0,0,1,0,0,0,0,0,1,0,0,0,0,13,1,0,0,0,0,0,0,0,3,0,1,455,0,0,0,0,0
48,8,7,1,5,3,0,1,0,19,0,154,0,0,0,13,3,427,0,9,6,0,7,3,14,7,5,0,0,40,16,0,50,0,0,13,0,2,1,1,7,72,0,1,3,23,25,3,3,1,10,0,0,0,538,11,22,37,1,1,32,0,1,1,43,0,314,2,25,0,5,0,381,1,11,0,2,0,25,5,0,9,3,0,3,0,410,0,1,0,8,0,0,504,353,2,0,0,1,9,11,0,4,0,9,0,1,12,0,39,0,11,1,0,8,103,9,2,10,639,0,8,0,3,19,0,0,0,6,15,0,0,0,155,0,18,1,0,0,12,0,0,0,2,0,1,16,4,7,0,0,17,21,411,5,0,0,1,0,0,4,0,0,2,0,0,0,0,1,49,0,10,9
0,0,0,15,0,0,0,0,0,24,0,0,0,0,0,9,0,1,0,0,0,0,11,0,0,0,14,0,0,0,67,0,39,0,0,3,4,0,0,0,1,0,2,0,414,116,7,91,3,0,0,0,0,0,5,0,5,0,0,0,64,0,0,0,12,0,2,1,41,0,0,0,0,1,0,0,0,0,21,13,0,37,11,88,16,31,0,0,0,1,0,0,30,0,0,0,1,0,18,0,301,0,32,0,2,0,0,74,0,3,0,0,3,0,0,5,52,0,0,2,311,14,0,64,1,0,0,0,0,7,0,0,0,0,0,0,0,0,0,34,0,0,0,89,0,0,10,4,11,0,0,8,2,0,0,0,0,9,0,0,2,0,10,11,0,0,0,0,0,0,0,0,2
0,0,0,0,0,0,2,1,2,0,0,0,1,0,0,0,1,0,0,0,0,0,0,0,0,0,0,1,0,0,0,0,0,3,0,0,0,10,7,8,0,0,0,3,0,0,0,0,0,0,0,6,0,4,0,0,0,0,1,0,0,5,1,0,0,1,0,0,0,0,0,1,0,0,0,1,0,1,0,0,0,0,0,0,0,0,0,9,0,0,1,1,0,0,0,27,0,0,0,0,0,8,0,2,0,3,0,0,934,0,1,0,0,0,0,0,0,0,0,0,0,0,0,0,0,1,5,0,0,0,0,34,1054,0,0,1,6,4,0,0,0,19,0,0,0,0,0,0,0,1,0,0,4,0,0,0,3,0,0,0,0,0,0,0,21,0,0,2,0,0,0,0,0
10,0,0,0,147,0,1,0,1,1,5,0,0,61,28,0,61,1,0,1,0,1,1,0,0,0,0,1,0,0,11,0,0,0,49,2,0,0,0,0,1,81,1,26,0,1,0,0,11,0,1,1,0,3,1,0,0,0,2,3,0,1,2,0,0,0,0,21,1,0,0,3,1,0,1,0,1,0,0,0,2,0,0,0,0,0,0,5,0,1,0,0,1,0,0,3,0,0,0,0,0,2,0,0,0,0,0,0,0,1,0,0,1,1,1,1,0,0,0,0,0,0,0,0,1,69,0,0,0,0,2,0,2,0,0,16,0,4,0,1,0,0,3,0,89,0,0,2,0,1,403,1,3,0,1,0,1,0,0,0,1,0,1,0,27,0,0,0,0,0,0,0,0
0,0,0,0,3,0,1811,0,4,0,10,0,11,0,0,0,3,0,0,0,0,0,0,0,0,0,0,0,0,0,0,0,0,8,0,1,0,7,7,372,1,0,0,1,0,0,2,0,0,0,0,0,0,0,0,1,1,0,11,6,0,0,35,0,0,12,0,1,1,5,0,0,0,0,0,2297,0,0,0,0,1,0,0,0,0,0,0,0,0,0,61,3496,0,0,1,1,7,22,0,0,0,0,0,6,0,1841,0,0,3,0,0,0,0,2,3,0,2,2,0,0,0,0,2,0,0,0,16,2,0,0,0,2,40,0,3,0,3,0,0,0,1,27,0,0,0,0,0,0,0,0,0,0,1,0,0,2,0,0,0,0,0,0,0,0,0,0,11,10,1,0,0,0,0
9,1,1,2,1,1,20,2,1,6,6,0,0,17,10,1,18,2,1,38,4,0,0,3,0,5,1,0,2,0,7,2,6,0,34,2,0,0,0,1,4,1,2,44,0,1,1,2,6,2,0,4,0,1,4,125,2,0,201,8,0,1,4,4,1,1,1,0,14,0,4,1,3,3,0,2,0,0,1,1,9,0,2,5,3,12,0,6,0,3,2,1,8,4,2,2,399,0,0,3,2,23,1,0,1,5,0,2,3,13,1,0,1,19,2,4,10,382,1,2,0,6,11,0,14,16,14,6,1,4,0,0,12,0,249,3,0,4,0,0,1,0,13,11,16,1,10,1,2,0,8,7,7,0,1,2,1,4,0,0,8,0,4,3,16,2,0,4,3,0,3,3,3
1,3,0,2,10,14,0,0,0,311,0,5,0,0,0,51,28,58,0,7,0,5,81,0,32,7,11,0,7,0,171,0,196,0,0,17,10,0,0,0,48,2,0,36,131,170,178,85,30,0,50,0,0,0,38,1,18,3,3,0,86,0,2,2,44,0,52,4,179,0,14,0,0,7,0,0,2,0,264,66,0,56,14,72,41,38,1,0,8,3,0,0,75,5,190,3,1,0,2,0,149,2,16,0,14,0,3,195,0,14,0,0,19,5,0,119,58,5,35,12,94,58,0,17,20,0,0,0,0,21,0,1,0,11,0,1,0,0,0,179,0,0,0,41,0,1,43,52,40,0,0,193,82,24,1,0,0,23,21,26,20,0,104,6,0,0,0,0,225,24,0,10,7
1,7,0,2,79,12,1,4,2,334,3,13,0,2,3,10,187,12,2,51,3,5,126,4,20,6,15,2,35,1,190,9,247,5,0,240,47,1,1,2,213,4,0,73,114,196,463,173,65,35,239,1,0,1,76,85,71,12,25,0,103,0,8,11,61,1,81,9,228,0,46,1,1,8,3,0,46,0,282,37,7,73,11,84,80,90,10,0,10,69,32,0,101,9,17,10,7,1,6,3,53,2,10,1,14,0,6,213,0,19,0,5,39,12,1,105,130,77,135,16,61,24,0,37,83,0,1,1,1,33,1,7,0,118,6,1,0,0,0,369,1,0,9,110,0,0,104,27,19,0,1,207,313,14,2,0,0,20,55,8,140,2,292,7,0,0,0,0,21,43,3,177,13
0,0,0,0,0,0,2,0,0,26,0,0,0,0,0,131,5,3,0,0,0,1,19,0,0,0,7,0,4,1,28,0,2,0,0,157,12,0,0,0,6,1,0,0,92,9,2,495,2,2,8,0,0,0,2,1,15,3,0,0,301,0,0,0,254,0,0,29,37,0,11,0,1,0,0,0,3,0,49,74,1,616,0,701,329,633,0,0,122,245,1,0,839,0,9,0,1,0,0,0,72,0,0,0,0,0,0,132,0,4,0,0,124,17,0,31,397,4,0,0,57,4,0,0,120,0,0,0,4,0,0,0,0,0,0,0,0,0,0,142,0,0,0,423,0,0,1,1,0,0,0,37,9,0,0,0,0,1,2,0,2,0,13,1,0,0,0,0,60,0,0,0,0
0,0,0,0,0,0,0,31,0,0,0,0,0,0,0,0,0,3,0,0,0,0,0,0,0,0,0,19,0,0,0,0,0,0,18,3,0,0,0,0,0,0,0,2,0,0,0,0,54,0,0,92,0,6,1,0,0,0,0,0,0,0,0,0,0,0,0,0,1,0,0,325,0,0,0,0,0,1,0,0,0,0,0,0,0,0,0,32,0,1,0,0,0,0,0,3,0,0,2,0,0,8,0,0,0,0,0,0,0,8,4,0,0,0,0,1,0,1,0,0,0,0,0,0,0,2,0,0,0,0,432,0,1,0,0,5,0,0,0,0,0,0,0,0,0,0,0,0,0,5,1,0,0,0,0,0,111,0,0,0,0,3,0,0,0,0,0,4,0,0,1,0,0
0,2,0,0,81,0,1,2,22,0,55,1,5,663,96,0,375,0,0,1,0,0,0,0,0,0,0,3,0,0,20,0,0,0,436,2,0,0,0,5,0,13,0,15,0,0,0,0,2,0,2,7,0,15,0,0,0,0,24,4,0,7,8,0,0,0,0,3,0,3,0,10,36,0,0,4,1,0,0,0,0,0,0,0,0,0,1,35,0,1,0,0,0,3,0,1,12,0,0,0,0,76,0,0,1,5,0,0,2,13,7,0,0,0,35,1,0,0,0,0,0,0,6,0,0,861,9,0,0,0,9,0,19,0,4,24,0,21,0,0,0,0,1,0,645,0,0,0,0,55,185,0,3,0,1,2,6,0,0,0,0,0,0,0,45,0,0,4,0,0,0,0,1
1,0,0,0,15,0,5,2,1249,0,8,0,1137,0,80,0,7,0,0,0,1,0,0,99,0,0,0,2,3,3,0,10,1,1481,3,0,27,830,1343,1043,0,0,0,5,0,0,0,0,3,1,2,5,0,12,0,3,2,0,1,34,0,12,46,3,0,396,0,1,0,920,0,36,0,0,0,16,6,6,0,0,19,0,0,0,0,1,0,34,0,3,29,13,0,7,0,21,17,102,0,0,1,4,0,1556,0,22,0,0,25,1,1,6,0,15,7,0,0,1,0,0,0,0,2,0,5,52,179,31,2,0,17,231,41,4,6,28,633,2,205,0,108,969,235,0,1,0,0,0,0,1,1,0,0,0,0,0,17,0,0,10,0,3,0,0,8,4,499,1,0,0,90,0,0
1,138,25,26,6,250,2,0,0,81,19,8,0,11,1,1,0,2,73,10,16,498,382,4,4,574,164,1,1,5,3,9,8,0,0,0,2,5,0,0,20,41,22,11,0,21,21,84,105,3,110,0,14,0,2,14,5,11,3,23,3,0,7,15,8,0,1,480,5,0,512,0,6,9,7,0,4,0,0,53,8,0,7,4,2,3,2,0,63,179,3,0,2,2,0,2,1,1,19,63,6,0,5,0,78,0,8,0,6,0,0,413,34,20,49,0,4,0,2,0,3,1,10,94,6,0,0,16,18,3,0,0,0,1,3,0,0,0,0,13,3,0,0,135,0,53,7,24,0,0,0,3,4,1,210,14,0,4,70,2,6,0,0,1,0,14,9,0,0,1,0,0,1
2,0,0,0,3,1,5,0,0,1,4,0,0,6,18,0,0,0,0,2,1,1,1,161,0,6,1,0,47,13,0,532,3,0,0,0,113,18,2,1,5,1,0,5,2,1,6,0,16,88,24,0,0,0,0,75,98,0,1,256,0,0,7,248,7,5,0,0,2,0,5,0,0,4,1,6,148,0,0,0,201,1,0,0,0,12,0,0,1,2,222,0,2,1,2,19,2,7,0,0,2,0,0,0,2,0,0,0,2,0,0,11,3,0,18,0,1,0,0,0,4,1,538,1,2,0,0,46,46,10,0,5,0,2,69,3,5,0,0,11,16,0,1,2,0,0,0,0,1,0,1,1,2,0,2,0,0,0,1,0,9,0,1,1,0,552,8,1,1,0,3,1,0
0,4,2,1,29,6,1,0,1,6,5,0,0,100,32,0,1,0,1,12,3,6,4,17,0,9,2,1,504,5,3,493,10,4,1,0,277,3,14,20,41,2,0,7,1,4,14,2,90,666,23,1,0,1,4,205,138,3,0,185,7,0,7,806,0,74,5,6,3,2,23,1,2,112,1,3,830,0,7,5,196,0,0,4,2,5,0,0,1,4,428,0,1,1,5,36,16,17,0,3,2,0,5,2,0,0,3,4,10,0,0,31,1,12,24,0,6,6,0,2,1,2,171,2,1,0,0,14,323,5,3,87,0,28,367,1,24,0,39,4,155,0,7,7,0,0,3,6,0,0,0,2,0,4,2,0,0,0,1,1,4,3,177,0,0,139,17,0,3,0,46,2,1
0,1,0,0,1,0,2,0,0,0,2,0,0,0,50,0,0,0,0,12,1,0,0,2,0,0,0,0,220,0,0,58,0,6,0,0,7,0,0,1,0,3,0,0,1,0,2,1,2,301,2,0,0,0,0,7,147,0,0,0,0,0,3,34,0,31,2,0,2,0,6,0,0,0,0,3,153,0,1,2,20,1,0,1,0,5,0,0,0,2,30,0,4,1,1,1,2,2,0,0,0,0,0,5,0,0,0,0,1,0,0,7,0,3,0,2,7,0,0,0,0,0,9,0,1,0,0,0,56,1,0,5,0,2,23,0,11,0,1,0,10,0,17,4,0,0,0,0,0,0,0,1,1,0,2,0,0,0,0,0,1,0,4,0,0,24,0,0,0,0,0,0,0
1,215,15,10,2,183,0,0,0,3,0,3,0,0,0,0,0,0,98,48,28,125,10,0,169,91,9,0,0,0,1,0,37,0,0,0,1,0,0,0,2,4,13,0,0,7,11,2,7,0,0,0,4,0,1,0,2,12,0,0,0,0,0,0,0,0,5,0,2,0,12,0,0,45,20,0,0,0,1,0,0,0,14,0,0,0,3,0,4,0,0,0,0,1,0,1,0,2,3,42,3,0,2,0,139,0,20,0,0,1,0,24,10,0,11,0,0,0,0,0,0,2,0,4,0,0,0,0,1,29,0,0,0,0,0,0,0,0,0,0,0,0,0,1,0,28,6,256,6,0,0,8,0,1,9,3,0,4,34,236,1,0,0,2,0,0,1,0,0,17,0,0,8
0,1,2,8,0,10,0,0,0,0,0,4,0,0,0,0,0,0,2,0,243,1,123,0,4,5,166,0,0,0,0,0,3,0,0,0,0,0,0,0,0,5,0,0,0,3,0,1,3,0,0,0,9,0,0,0,0,12,0,0,3,0,0,0,0,0,0,0,0,0,0,0,0,1,3,0,0,0,0,0,0,0,0,0,0,0,1,0,1,0,0,0,0,0,0,0,0,0,1,10,2,0,0,0,3,0,5,0,0,0,0,3,1,0,0,0,0,0,0,1,0,0,0,24,0,0,0,0,0,2,0,0,0,0,0,0,0,0,0,0,0,0,0,2,0,8,0,5,0,0,0,0,0,0,0,0,0,0,0,3,0,0,0,0,0,0,0,0,0,0,0,0,0
0,3,0,0,7,2,2,9,0,0,0,2,0,17,6,0,9,0,3,1,0,1,0,0,0,0,0,0,0,1,52,0,0,0,16,1,0,0,0,1,0,0,0,248,1,0,0,1,1,0,1,3,0,1,0,1,0,0,542,0,0,0,1,0,0,0,0,6,1,0,0,2,1,0,1,1,0,0,0,0,1,0,2,2,1,0,1,5,2,0,0,0,5,0,0,0,113,0,0,1,0,18,0,0,2,6,0,0,1,14,1,0,1,0,3,0,0,0,0,0,1,0,0,0,0,31,0,0,0,0,0,0,19,0,5,15,1,44,0,6,0,1,0,0,1,0,2,0,0,0,6,0,44,0,0,0,0,0,1,0,2,0,0,1,706,0,0,1,0,0,0,0,1
631,12,27,17,2,7,2,0,1,5,4,372,0,6,0,7,0,292,7,2,6,1,19,23,26,8,8,0,0,796,2,6,36,1,0,3,2,2,2,0,4,182,9,2,10,21,7,2,6,1,157,0,3,0,66,8,69,402,0,19,150,0,1,4,324,0,147,7,3,0,12,0,107,5,67,0,3,0,8,11,2,42,11,4,3,4,411,0,0,3,5,0,2,103,26,11,0,1,6,18,8,0,6,0,60,0,21,9,0,3,0,20,10,1,39,3,13,1,0,330,8,0,4,10,116,0,0,10,102,6,0,3,0,88,1,193,0,0,0,16,0,0,2,5,0,7,14,6,3,0,1,1,0,212,3,1,0,1,1,2,5,0,0,39,0,2,2,0,0,46,2,2,8
0,0,0,0,0,0,0,799,0,0,0,0,0,0,0,0,0,0,0,0,0,0,0,0,0,0,0,542,0,0,0,0,0,0,10,0,0,0,0,0,0,0,0,0,0,0,0,0,0,0,0,57,0,1168,0,0,0,0,0,0,0,1305,0,0,0,0,0,0,0,0,0,41,0,0,0,0,0,1019,0,0,0,0,0,0,0,0,0,1,0,0,0,0,0,0,0,0,0,0,0,0,0,32,0,0,0,0,0,0,50,6,857,0,0,0,0,0,0,0,0,0,0,0,0,0,4,0,2,0,0,0,2,2,12,0,0,5,0,0,0,0,0,0,0,0,0,0,0,0,0,1319,0,0,0,0,0,0,36,0,0,0,0,196,0,0,0,0,0,5,0,0,0,0,0
0,0,0,0,0,0,0,341,0,0,0,0,0,0,0,0,0,0,0,0,0,0,0,0,0,0,0,48,0,0,0,0,0,0,0,0,0,0,0,0,0,0,0,0,0,0,0,0,0,0,0,1058,0,19,0,0,0,0,0,0,0,0,0,0,0,0,0,0,0,0,0,101,0,0,0,0,0,3,0,0,0,0,0,0,0,0,0,271,0,0,0,0,0,0,0,0,0,0,0,0,0,1,0,0,0,0,0,0,4,1,4,0,0,0,0,0,0,0,0,0,0,0,0,0,1,0,0,0,0,0,0,0,1,0,0,0,0,0,0,0,0,0,0,0,0,0,0,0,0,28,0,0,0,0,0,0,355,0,0,0,0,0,0,0,0,0,0,1,0,0,0,0,0
1,0,0,0,1,1,9,25,1,1,0,0,1,23,10,0,4,0,0,2,0,0,0,0,0,0,0,12,0,0,6,0,1,0,124,18,0,0,0,9,0,0,1,47,0,0,2,0,5,0,0,6,0,29,0,0,0,0,44,0,0,13,15,0,0,0,2,0,5,1,0,108,3,0,1,4,0,21,0,0,0,0,1,0,0,0,0,308,0,1,0,0,1,0,0,1,26,0,0,0,0,922,0,0,0,10,0,1,3,646,3,0,0,0,3,0,0,0,0,0,0,0,0,0,0,46,9,0,0,0,59,1,28,1,3,461,0,88,0,2,0,2,1,0,4,0,3,0,0,6,6,0,39,0,0,0,184,0,0,0,1,1,1,0,26,0,0,85,0,0,0,0,0
0,0,0,0,0,0,2,0,13,0,0,0,1,0,0,0,0,0,0,1,0,0,0,0,0,0,0,5,0,0,0,0,0,19,4,0,0,18,72,6,0,0,0,2,0,0,0,0,0,0,0,0,0,8,0,0,0,0,3,0,0,28,1,0,0,3,0,0,0,0,0,2,0,0,0,0,0,28,0,0,0,0,0,0,0,0,0,2,0,0,0,0,0,0,0,19,1,1,0,0,0,22,0,4,0,3,0,0,216,2,5,0,0,0,0,0,0,0,0,0,0,0,1,0,0,0,1,1,0,0,0,58,86,0,0,16,8,16,0,0,2,17,0,0,0,0,0,0,0,1,0,0,25,0,0,0,7,0,0,0,0,2,0,0,7,0,2,0,0,0,0,0,0
0,26,3,2,4,4,0,0,0,14,0,2,0,0,0,0,3,1,3,10,2,16,32,0,4,8,7,0,0,0,15,0,28,0,0,3,0,0,0,0,5,6,1,5,2,13,26,6,17,0,15,0,8,0,5,3,1,7,0,0,1,0,0,0,5,0,5,1,7,0,9,0,0,3,4,0,0,0,31,1,0,0,1,1,4,0,3,0,1,0,0,0,0,2,0,1,0,0,0,4,5,0,1,0,21,0,2,11,0,0,0,3,2,0,2,4,0,0,5,3,1,0,0,11,0,0,0,0,0,2,0,0,0,1,0,0,0,0,0,3,0,0,0,0,0,4,5,17,0,0,0,6,9,3,4,0,0,0,5,1,3,0,0,0,0,0,0,0,0,4,0,2,1
0,63,1,1,1,12,0,0,0,52,12,0,0,0,0,1,3,11,5,15,13,7,5,2,7,26,1,0,0,5,22,2,31,0,0,101,1,0,0,0,43,1,0,4,13,13,93,3,5,1,26,0,0,0,17,3,30,2,0,2,16,0,4,1,9,0,6,1,24,0,224,0,1,1,3,0,5,0,503,155,1,5,2,42,37,21,5,0,3,22,4,0,38,8,11,2,9,0,0,0,19,0,0,0,4,0,0,237,0,1,0,22,16,0,0,31,30,2,0,5,1,4,3,0,6,0,0,0,3,4,0,1,0,2,1,0,0,0,0,13,1,0,0,1,0,0,7,47,1,0,0,64,5,9,6,1,0,0,5,3,2,0,6,2,0,2,0,0,36,24,0,7,0
1,0,0,0,28,0,1,1,2,4,19,0,0,39,0,0,0,0,1,1,0,1,0,17,0,6,0,1,3,77,0,10,0,7,0,1,0,70,29,2,1,1,0,35,0,0,4,0,14,2,64,0,0,5,1,9,10,0,4,20,1,3,4,7,0,4,0,2,1,0,11,1,47,1,1,0,1,1,2,1,1,0,0,1,0,1,1,1,2,7,20,0,0,0,1,544,7,46,0,0,0,1,12,0,0,1,0,0,199,0,0,13,0,12,8,0,0,0,0,0,0,0,0,0,3,1,6,224,1,0,4,75,68,0,1,0,11,4,6,1,8,6,0,0,0,0,0,1,0,0,1,0,6,2,0,0,1,0,0,1,0,2,0,0,12,16,10,1,0,1,12,0,1
7,27,3,0,1,4,0,0,0,3,417,6,0,0,0,2,0,0,5,0,385,15,200,1,0,31,116,0,0,17,2,0,0,0,0,0,0,0,0,0,4,94,4,0,1,1,9,14,24,2,86,0,19,0,0,0,3,55,0,133,1,0,3,1,17,0,0,29,0,0,49,0,0,1,4,0,1,0,1,0,8,4,0,1,0,0,7,0,294,1,2,0,0,1,0,4,0,1,2,2,0,0,0,0,3,0,1,1,0,0,0,319,4,0,3,0,0,0,0,2,0,0,8,22,0,0,1,7,9,1,0,0,0,0,1,1,0,0,0,5,0,0,0,1,0,11,2,0,0,0,0,0,0,0,15,368,0,0,9,1,1,0,0,0,0,1,0,0,0,0,0,1,0
0,0,0,0,0,0,0,0,0,15,0,0,0,0,1,11,0,114,0,2,0,0,0,0,3,0,0,0,0,0,4,0,0,0,0,99,0,0,0,0,1,0,3,0,2,3,1,17,20,0,1,0,0,0,4,2,4,0,0,2,3,0,0,1,1,0,0,3,3,0,5,0,0,0,0,0,0,0,17,24,2,0,0,29,34,94,0,0,2,22,0,0,61,10,8,0,0,0,0,0,3,0,0,0,0,0,0,12,0,0,0,0,35,421,0,121,30,0,0,4,0,1,0,0,149,0,0,0,1,0,1,0,0,0,2,0,0,0,0,2,1,0,0,11,0,0,0,2,0,0,0,67,0,19,0,0,0,0,1,1,0,0,4,0,0,0,0,0,100,0,0,0,0
0,0,0,0,1,0,0,250,0,0,0,0,0,0,0,0,1,0,0,0,0,0,0,0,0,0,0,413,0,0,2,0,0,0,17,1,0,1,0,1,0,0,0,1,0,0,2,0,0,0,0,21,0,259,0,0,0,0,0,0,0,545,15,0,0,0,0,0,1,0,0,37,0,0,0,0,0,559,0,0,0,0,0,0,0,0,0,6,0,16,0,0,0,0,0,210,1,0,83,0,0,19,2,0,0,1,0,0,17,2,395,0,0,3,0,0,0,0,0,0,0,0,0,0,33,0,0,1,0,0,2,13,13,1,0,4,0,1,0,0,0,0,0,0,0,0,0,0,0,181,1,0,0,0,0,0,30,0,0,0,0,603,0,0,0,0,0,1,0,0,1,0,0
0,0,0,0,0,0,0,14,0,0,0,0,0,0,0,0,0,0,0,0,0,0,0,0,0,0,0,11,0,0,0,0,0,0,1,3,0,0,0,0,0,0,0,0,0,0,0,1,0,0,0,37,0,0,0,0,0,0,0,0,0,0,1,1,0,0,0,0,0,0,0,24,0,0,0,0,1,1,0,0,0,0,0,0,0,0,0,8,0,1,0,0,0,0,0,5,0,0,2,0,0,0,0,0,0,0,0,0,0,0,1,0,0,0,0,0,0,0,0,0,0,0,0,0,0,0,0,0,0,0,4,0,0,0,0,0,0,0,0,0,0,0,0,0,0,0,0,0,0,2,0,0,0,0,0,0,28,0,0,0,0,3,0,0,0,0,0,0,0,0,1,0,0
