0.87304,0.23364,0.38056,0.35697,0.20127,0.29499,0.94759,0.51058,0.83052,0.29619,0.55274,0.45739,0.87802,0.56197,0.3891,0.35792,0.47858,0.39157,0.54526,0.38088,0.46382,0.50984,0.29992,0.47066,0.24811,0.47653,0.21929,0.49286,0.61836,0.81858,0.21313,0.44019,0.19813,0.81282,0.50636,0.30835,0.35685,0.55838,0.78195,0.68051,0.4093,0.26331,0.2904,0.26777,0.44918,0.20507,0.35815,0.46793,0.19175,0.54893,0.24528,0.71486,0.54663,0.75866,0.57732,0.17938,0.21027,0.51667,0.52961,0.29185,0.35448,0.69364,0.24026,0.64463,0.3881,0.53009,0.36175,0.74167,0.29905,0.80037,0.50149,0.35386,0.55817,0.22124,0.66713,0.97063,0.6657,0.59127,0.38962,0.3047,0.33725,0.70757,0.32955,0.67982,0.58747,0.63673,0.4476,0.34262,0.37279,0.37325,0.3408,0.98723,0.6789,0.64205,0.49648,0.46394,0.48939,0.79856,0.48908,0.24197,0.35741,0.71367,0.46008,0.92303,0.18396,0.96313,0.25352,0.23039,0.62439,0.71282,0.61456,0.44104,0.30053,0.48382,0.18939,0.22711,0.53711,0.74659,0.35263,0.59226,0.49206,0.54323,0.5987,0.37977,0.26418,0.78947,0.54565,0.50495,0.38519,0.34492,0.62084,0.32854,0.6678,0.39176,0.50909,0.41366,0.53883,0.49142,0.79097,0.42428,0.32164,0.68906,0.59861,0.4967,0.84131,0.33184,0.35887,0.35442,0.39122,0.81018,0.6032,0.24298,0.49135,0.52349,0.6125,0.85391,0.33081,0.61009,0.25573,0.48222,0.35865,0.5702,0.42003,0.5364,0.69926,0.72328,0.7002,0.94643,0.54227,0.16502,0.46933,0.53636,0.48406
0.53705
0,36,274,165,0,37,0,0,0,0,0,69,0,0,0,1,0,2,103,26,2,3,2,0,164,11,9,0,0,0,0,0,8,0,0,0,1,0,0,0,0,8,257,0,0,6,2,0,3,0,0,0,184,0,3,0,0,21,0,0,0,0,0,0,1,1,32,0,0,0,0,0,9,81,477,0,0,0,0,0,0,0,128,0,0,0,22,0,0,0,0,0,0,5,0,0,0,0,72,226,0,0,14,0,33,0,129,1,0,0,0,0,10,0,10,0,0,0,1,14,0,3,0,37,1,0,0,0,2,26,0,0,0,0,0,0,0,0,0,0,0,0,0,0,0,214,17,7,2,0,0,0,0,16,2,0,0,31,11,10,2,0,0,13,0,0,0,0,0,1,0,0,6
0,1,9,59,1,13,0,0,0,12,0,6,0,0,0,6,0,2,0,0,0,0,0,0,17,0,7,0,0,0,104,0,134,0,0,1,1,0,0,0,2,0,78,0,29,107,7,2,1,0,0,0,1,0,2,0,0,0,0,7,3,0,0,0,0,0,10,0,25,0,0,0,0,45,1,0,1,0,3,0,0,2,348,0,1,1,0,0,0,0,1,0,22,1,0,1,0,0,17,5,70,2,363,0,4,0,17,58,0,23,0,0,6,0,0,12,0,0,2,1,29,578,0,23,0,0,0,0,0,248,0,0,0,0,0,0,0,0,0,1,0,0,0,10,0,1,356,14,196,0,0,8,1,0,0,0,0,399,4,0,4,0,19,280,0,0,0,0,4,1,0,0,167
0,35,44,44,28,36,2,0,0,11,3,17,12,2,1,0,1,1,35,127,1,7,50,0,54,15,25,0,1,0,18,0,78,1,1,33,6,13,1,8,4,2,118,1,1,55,54,0,25,1,29,0,30,1,4,9,11,35,11,5,1,1,0,0,3,0,23,2,1,2,1,0,2,87,5,2,1,0,2,0,0,1,125,0,1,1,5,0,0,1,9,0,0,1,0,4,2,2,29,124,2,1,23,0,101,3,144,1,1,4,3,1,19,1,4,8,5,2,32,1,0,14,5,109,3,0,10,0,0,38,1,1,5,20,0,1,0,0,1,2,0,13,1,3,1,61,44,91,26,0,1,14,12,5,1,0,0,39,2,10,19,0,0,26,1,1,0,3,2,29,0,10,29
0,156,128,48,0,84,0,0,0,0,0,17,0,0,0,0,0,0,500,20,60,27,24,0,33,43,37,0,0,3,0,0,1,0,0,0,1,0,0,0,2,167,63,0,0,0,0,0,4,0,2,0,381,0,0,0,1,113,0,0,1,0,0,0,0,0,7,1,3,0,11,0,6,19,86,0,0,0,0,0,0,0,16,0,0,0,26,0,65,0,0,0,0,2,0,0,0,0,20,182,0,0,0,0,43,0,37,0,0,0,0,7,7,0,19,1,0,0,0,3,0,0,0,21,0,0,0,0,2,12,0,0,0,1,0,0,0,0,0,0,0,0,0,0,0,222,1,22,0,0,0,1,0,5,21,4,0,1,134,13,1,0,0,0,0,0,0,0,0,0,0,0,0
0,6,29,79,0,29,0,0,0,0,0,2,0,0,0,0,0,0,7,1,1,2,0,0,24,4,0,0,0,0,4,0,2,0,0,0,1,0,0,0,0,0,52,0,0,1,0,0,0,0,0,0,1,0,1,0,0,0,0,1,0,0,0,0,0,0,5,0,0,0,0,0,0,109,1,0,0,0,0,0,0,0,58,0,0,0,0,0,0,0,0,0,0,2,0,2,0,0,3,50,1,0,18,0,17,0,30,5,0,0,0,0,0,0,1,1,0,0,0,0,1,13,0,2,0,0,0,0,0,71,0,0,0,0,0,0,0,0,0,0,0,0,0,0,0,11,17,15,4,0,0,0,0,2,0,0,0,26,0,1,0,0,0,11,0,0,0,0,0,0,0,0,5
1,137,17,17,112,96,0,0,0,16,14,12,0,0,0,0,13,2,38,259,24,69,140,0,30,134,13,0,1,2,16,6,62,0,0,5,17,1,0,1,22,14,14,7,2,34,308,3,108,8,123,0,9,0,22,28,13,21,36,0,3,0,3,4,5,0,33,4,13,0,41,0,10,19,6,1,2,0,9,0,2,0,12,0,3,1,7,0,7,4,27,0,1,7,0,11,2,3,4,58,1,0,7,0,126,0,46,3,2,1,0,8,36,0,0,4,2,5,127,9,1,5,5,31,3,0,1,3,3,34,0,1,0,16,2,0,0,0,1,6,0,0,0,8,1,38,43,73,3,0,0,25,128,10,10,3,0,2,20,16,53,0,7,8,0,8,2,0,0,46,1,49,14
0,2,95,287,0,4,0,0,0,0,0,21,0,0,0,0,2,0,0,0,1,0,3,0,3,0,191,0,0,0,4,0,24,0,0,0,0,0,0,0,0,1,192,0,12,33,1,8,1,0,3,0,13,0,0,0,0,6,0,0,20,0,0,0,2,0,8,0,0,0,0,0,0,19,6,0,0,0,0,0,0,0,197,1,0,0,2,0,0,0,0,0,0,1,0,0,0,0,291,99,9,0,24,0,2,0,43,0,0,0,0,0,171,0,0,0,0,0,0,0,17,2,0,428,0,0,0,0,0,14,0,0,0,0,0,0,0,0,0,0,0,0,0,15,0,18,24,3,5,0,0,0,2,1,0,0,0,20,0,0,2,0,0,32,0,0,0,0,0,0,0,0,5
1,1,0,1,2,1,1,0,0,0,0,1,0,1,3,0,0,0,3,1,0,2,1,0,0,0,1,0,0,0,4,0,0,0,3,0,0,0,0,0,0,0,3,49,0,0,1,0,0,0,1,0,0,1,0,1,0,0,2,3,0,0,1,0,2,0,0,2,0,0,1,0,0,0,1,0,0,0,0,0,0,0,0,0,2,2,2,1,2,0,0,0,1,0,0,0,0,1,0,0,0,0,0,0,0,0,2,0,0,1,0,2,0,0,13,1,0,0,0,0,0,0,0,3,0,0,0,0,0,0,0,0,0,0,0,5,0,39,0,7,0,0,0,0,0,1,0,0,0,0,1,0,0,0,0,0,2,0,0,0,0,1,0,0,111,0,0,0,0,0,0,0,0
2,0,0,0,34,0,7,2,57,0,29,0,119,6,314,0,1,3,0,4,3,0,0,377,0,2,0,5,13,8,0,11,0,296,3,1,192,369,244,62,0,1,0,7,0,0,0,0,57,6,3,5,0,0,0,16,7,0,0,8,0,1,3,12,0,157,1,0,0,180,8,7,2,0,0,11,19,4,0,1,258,0,0,0,1,1,0,3,2,5,30,17,0,55,1,23,53,777,0,0,30,4,1,104,0,4,0,0,7,0,2,7,0,48,41,0,0,4,0,1,0,0,8,0,10,9,17,408,7,0,14,274,20,2,3,5,374,1,1419,0,164,280,516,0,0,0,0,0,0,0,6,0,1,0,0,0,1,0,0,107,0,3,7,0,3,3,96,1,0,0,306,0,0
0,0,0,0,0,0,0,71,0,0,0,0,0,0,0,0,0,0,0,0,0,0,0,0,0,0,0,14,0,0,0,0,0,0,3,0,0,0,0,0,0,0,0,0,0,0,0,0,0,0,0,155,0,14,0,0,0,0,0,0,0,0,0,0,0,0,0,0,0,0,0,231,0,0,0,0,0,6,0,0,0,0,0,0,0,0,0,20,0,0,0,0,0,0,0,0,0,0,0,0,0,10,0,0,0,0,0,0,0,6,1,0,0,0,0,0,0,0,0,0,0,0,0,0,0,1,0,0,0,0,50,0,0,0,0,4,0,0,0,0,0,0,0,0,0,0,0,0,0,5,0,0,0,0,0,0,229,0,0,0,0,2,0,0,0,0,0,0,0,0,0,0,0
0,0,0,0,7,1,16,9,1,1,1,0,1,4,25,0,15,1,0,1,0,0,0,0,0,0,0,1,0,0,2,0,0,1,57,16,0,0,0,2,0,0,1,147,0,2,2,1,48,0,0,1,0,5,0,0,0,0,23,1,0,3,8,0,0,0,0,3,8,0,0,35,0,0,13,5,0,4,2,0,0,0,1,0,0,0,0,93,0,0,1,1,2,0,0,1,13,1,0,0,0,62,0,0,0,1,0,0,2,76,1,0,1,0,5,3,2,2,0,0,0,1,2,0,0,6,1,0,0,0,33,1,19,0,1,149,0,118,0,1,0,0,0,0,2,0,1,0,1,1,10,3,0,0,0,0,26,0,0,10,2,0,0,0,14,0,0,0,0,0,2,0,0
0,1,0,1,52,0,2,2,111,4,7,0,2,29,4,0,4,0,1,3,1,0,0,1,0,1,0,0,1,0,8,10,3,7,7,3,0,13,24,4,5,0,1,84,2,3,21,4,21,1,6,0,0,4,1,18,3,0,8,10,1,13,8,13,1,5,0,1,10,3,20,1,1,1,0,2,6,5,2,1,21,0,0,3,2,3,0,0,0,16,6,1,3,2,0,119,9,21,2,0,1,10,78,2,1,5,0,0,5,8,2,1,1,1,100,0,2,0,1,1,0,0,6,0,0,0,2,33,1,3,4,16,97,2,4,93,14,458,48,13,8,39,0,1,0,0,13,0,1,0,1,1,13,0,0,0,0,0,0,6,1,0,0,1,23,4,5,0,0,0,26,0,3
3,0,0,0,59,0,0,2,1,2,65,3,1,200,0,1,0,0,0,14,0,1,0,31,0,0,0,1,2,4,0,14,3,0,1,0,1,0,0,0,1,0,1,7,2,2,5,3,30,2,0,0,0,0,7,134,10,0,0,0,2,0,1,60,0,1,8,0,3,0,10,2,83,15,0,0,16,0,6,8,4,1,0,2,0,1,0,4,0,23,2,0,3,6,1,14,69,1,2,0,1,0,15,2,0,0,1,5,3,0,0,5,0,133,2,1,5,3,0,0,0,0,0,1,3,0,0,10,4,1,43,10,0,333,2,0,5,0,18,8,11,0,7,2,0,0,0,0,0,0,2,3,0,3,0,0,0,0,0,1,0,0,5,0,0,6,2,0,1,2,167,0,1
0,4,8,10,3,53,0,0,0,87,0,25,0,0,0,131,0,142,5,24,3,1,12,0,69,3,33,0,1,0,147,0,239,0,0,1,4,0,0,0,4,0,30,1,55,194,57,16,7,1,13,0,4,0,48,1,2,9,6,1,17,0,0,0,8,0,148,2,73,0,1,0,4,54,3,0,0,0,22,2,1,7,102,3,1,0,1,0,0,0,2,0,7,11,5,2,0,0,12,13,96,2,144,0,15,0,16,45,0,13,0,0,16,5,0,50,3,1,19,33,28,284,0,72,3,0,0,0,0,92,0,0,0,2,0,1,0,0,0,5,0,0,0,5,0,2,199,92,123,0,0,70,23,61,0,0,0,106,13,19,25,0,48,51,0,0,0,0,29,21,0,5,58
0,81,6,0,0,46,1,0,0,0,6,3,0,0,0,0,0,0,19,5,8,241,8,0,2,216,7,0,0,0,0,0,0,0,0,0,0,0,0,0,0,4,1,0,0,0,1,0,3,0,1,0,3,0,0,0,0,6,2,0,0,0,1,1,0,0,0,15,1,0,12,0,1,2,2,0,0,0,0,0,0,0,1,0,0,0,0,0,42,1,0,0,0,0,0,0,0,0,0,10,0,0,0,0,31,0,0,0,0,0,0,20,3,0,10,0,0,0,1,0,0,0,0,0,0,0,0,0,0,1,0,0,0,0,0,0,0,0,0,0,0,0,0,0,0,5,0,3,0,0,0,1,0,0,18,5,0,0,89,1,0,0,0,0,0,0,0,0,0,0,0,2,0
1,1,0,1,1,1,0,0,0,0,3,1,0,0,2,0,0,0,0,0,0,0,1,0,1,2,0,0,15,0,2,8,0,0,1,5,3,0,0,1,36,1,0,0,0,1,17,1,1,60,4,0,0,0,2,2,61,1,0,9,1,0,0,30,0,1,2,0,2,0,1,0,1,0,0,1,71,0,5,0,91,0,0,1,1,0,0,0,2,0,127,0,1,0,1,0,0,2,0,0,0,0,0,0,0,0,0,3,0,0,0,1,0,0,3,1,2,4,2,2,2,1,27,0,0,0,0,0,20,1,0,1,0,0,36,1,0,0,0,0,5,0,1,0,0,0,3,0,0,0,0,0,1,0,1,0,0,0,0,0,2,0,0,0,0,0,0,0,0,2,0,5,3
1,0,0,0,0,0,5,0,3,0,10,0,12,0,1,0,1,0,0,2,1,0,0,0,0,2,0,1,0,0,0,0,0,4,3,1,0,6,2,23,4,0,0,0,0,0,1,0,0,0,0,0,0,2,0,0,2,0,5,82,0,1,8,0,0,23,0,2,0,20,1,1,0,0,0,4,5,0,0,1,1,0,0,0,0,0,0,6,2,0,23,1,0,0,0,4,1,1,0,0,0,0,0,2,0,4,0,0,13,0,0,0,0,1,70,0,1,0,0,1,0,0,70,0,0,0,257,3,0,0,0,5,17,0,2,3,22,0,1,0,1,37,0,0,1,0,0,0,0,0,1,0,0,0,1,38,1,0,0,0,0,0,0,0,4,0,3,424,0,0,0,1,0
47,4,11,3,4,4,0,1,1,27,1,160,1,0,0,16,3,446,0,9,3,1,5,1,13,9,5,0,0,39,17,0,66,0,0,15,0,0,1,1,9,72,0,3,5,14,23,6,5,1,7,0,0,0,504,15,16,47,2,1,38,0,2,3,51,0,331,3,15,0,1,0,379,2,11,0,1,0,27,2,0,10,3,0,3,1,401,1,1,0,10,0,0,513,353,1,1,0,0,9,11,0,4,0,7,0,2,10,0,45,0,7,2,0,7,111,7,4,10,597,0,10,0,4,17,0,0,0,8,14,0,0,0,165,0,24,1,0,0,10,0,0,0,2,0,0,21,3,7,0,0,15,27,390,3,0,0,1,0,0,2,0,0,4,0,0,0,0,8,40,1,4,6
0,0,0,14,0,0,0,0,0,33,0,0,0,0,0,9,2,0,0,0,0,0,11,0,0,0,31,0,0,0,62,0,41,0,0,5,5,0,0,0,1,0,2,0,411,100,8,79,1,0,0,0,0,0,5,0,3,0,0,0,67,0,0,0,10,0,1,2,52,0,0,0,0,1,0,0,0,0,25,6,1,38,6,93,8,29,0,0,0,1,0,0,30,0,0,0,0,0,9,0,287,0,27,0,1,0,0,103,0,1,0,0,5,0,0,0,51,0,0,1,310,16,0,91,1,0,0,0,0,3,0,0,0,0,0,0,0,0,0,27,0,0,0,92,0,0,9,4,13,0,0,6,2,0,0,0,0,7,0,0,1,0,8,12,0,0,0,0,1,0,0,0,1
0,0,0,0,1,0,1,1,3,0,0,0,0,0,0,0,2,0,0,0,0,0,0,0,0,0,0,0,0,0,0,0,0,4,2,0,0,6,13,4,0,0,0,4,0,0,0,0,0,0,0,4,0,3,0,0,0,0,0,0,0,5,2,0,0,1,0,0,0,0,0,2,0,0,0,2,0,2,0,0,0,0,0,0,0,0,0,7,0,0,1,1,0,0,0,17,0,0,0,0,0,7,0,2,0,3,0,0,1029,0,1,0,0,0,3,0,0,0,0,0,0,0,2,0,0,1,1,0,0,0,0,29,985,0,0,0,3,7,0,0,0,14,0,0,0,0,0,0,0,0,0,0,0,0,0,0,4,0,0,0,0,2,0,0,18,0,0,2,0,0,0,0,0
18,0,0,0,159,0,1,0,1,1,5,0,0,32,48,0,64,1,0,0,0,1,1,0,0,1,0,1,0,1,16,0,0,0,54,6,0,0,0,0,0,95,0,31,0,1,1,0,6,0,0,1,0,2,1,0,0,0,2,1,0,1,4,0,1,0,0,20,1,0,0,5,1,0,0,0,0,0,0,0,3,0,0,0,0,0,0,3,0,2,0,1,0,0,0,1,1,0,0,0,0,3,0,0,0,0,0,0,0,0,0,0,1,1,2,0,0,0,0,0,0,0,1,0,1,62,0,0,0,0,2,0,0,0,0,8,1,8,0,1,0,0,4,0,88,0,0,3,0,3,377,0,0,1,0,0,2,0,1,0,0,0,0,0,25,0,0,0,1,0,0,0,0
0,0,0,0,3,0,1808,0,6,0,10,0,21,0,0,0,2,0,0,0,0,0,1,0,0,2,0,0,0,0,0,0,0,8,0,1,0,7,8,348,1,0,0,2,0,0,2,0,0,0,0,0,0,0,0,1,3,0,5,4,0,0,29,0,0,11,0,0,1,4,0,0,0,0,0,2280,1,0,0,0,2,0,0,0,0,0,0,0,0,0,61,3634,0,0,1,1,2,11,0,0,0,0,0,3,0,1750,0,0,6,0,0,0,0,2,14,0,1,2,0,0,0,0,2,0,0,0,10,2,0,0,0,2,52,0,1,0,2,0,0,0,1,25,0,0,0,0,0,0,0,0,0,0,0,0,0,1,0,0,0,0,0,0,0,0,0,0,12,10,1,0,0,0,0
2,1,4,1,1,2,20,2,2,3,6,1,0,21,5,1,26,1,1,36,4,0,4,4,0,5,0,0,0,0,5,1,8,0,35,9,0,0,0,0,5,0,4,68,1,3,2,5,2,2,0,4,0,1,3,119,3,0,213,4,1,2,4,5,0,0,2,2,10,0,3,0,3,1,1,2,3,0,1,5,6,0,1,5,3,10,0,7,0,2,3,1,8,4,3,2,369,0,0,4,0,37,1,0,0,7,0,3,6,13,1,2,0,42,2,3,6,383,2,2,1,9,12,0,14,12,11,5,0,3,0,0,8,0,218,3,0,3,0,1,0,0,14,13,15,0,15,0,1,0,9,5,0,1,0,1,3,1,0,0,1,0,9,6,17,4,0,4,1,0,2,3,2
0,6,1,2,9,15,0,0,0,305,1,4,0,0,0,50,34,54,0,3,2,5,77,0,29,7,11,0,7,0,179,0,202,0,0,21,11,0,0,0,43,1,1,37,125,153,192,94,21,1,49,0,0,0,44,7,16,4,4,0,87,0,0,0,51,0,46,6,204,0,9,0,1,9,1,0,1,0,289,42,3,48,13,74,30,41,2,0,9,5,0,0,86,5,251,3,0,0,0,1,144,2,21,0,11,0,6,178,0,18,0,0,15,9,0,98,51,7,36,11,84,66,0,28,27,0,0,0,0,18,0,0,0,20,0,2,0,0,0,161,0,0,0,35,0,2,64,63,76,0,0,138,91,24,0,0,0,7,25,14,7,0,108,6,0,0,0,0,186,22,0,14,3
2,6,0,7,86,13,1,4,1,311,6,13,0,3,8,10,213,14,1,42,4,1,118,3,19,4,21,2,24,1,211,5,254,2,0,251,48,2,0,1,176,5,0,67,127,190,510,180,40,38,247,0,0,0,86,117,76,14,23,1,88,0,3,7,64,0,73,11,221,0,48,1,0,4,0,0,40,0,315,27,8,77,7,88,73,80,11,0,10,68,55,0,116,13,21,11,4,0,2,3,45,2,12,1,11,0,13,165,0,16,0,1,30,16,2,79,122,85,134,17,73,45,0,61,85,0,0,1,1,36,0,6,0,133,9,2,0,0,0,353,1,0,11,113,0,0,115,29,33,0,1,173,341,26,1,0,0,8,67,8,85,2,302,13,0,0,0,0,21,50,3,118,10
0,0,0,0,0,0,2,0,0,35,0,0,0,0,0,124,6,3,0,0,0,1,19,0,0,0,7,0,4,1,26,0,1,0,0,195,12,0,0,0,4,1,0,0,99,6,3,445,0,3,9,0,0,0,2,1,10,3,0,0,285,0,0,1,241,0,0,36,40,0,5,0,1,0,0,0,2,0,49,66,5,617,0,775,272,631,0,0,132,240,1,0,814,0,15,0,0,0,0,0,59,0,0,0,0,0,0,161,0,4,0,0,137,9,0,29,398,3,0,0,63,6,0,1,125,0,0,0,2,0,0,0,0,1,0,0,0,0,0,145,0,0,0,451,0,0,2,2,0,0,0,49,12,0,0,0,0,0,2,0,1,1,8,1,0,0,0,0,28,0,0,0,0
0,0,0,0,0,0,0,34,0,0,0,0,0,0,0,0,0,4,0,0,0,0,0,0,0,0,0,27,0,0,0,0,0,0,17,3,0,0,0,0,0,0,0,3,0,0,0,0,55,0,0,103,0,6,0,0,0,0,0,0,0,0,1,0,0,0,0,0,0,0,0,316,0,0,0,0,0,3,0,0,0,0,0,0,0,0,0,28,0,1,0,0,0,0,0,3,0,0,2,0,0,5,0,0,0,0,0,0,0,4,4,0,0,0,0,1,0,1,0,0,0,0,0,0,0,2,0,0,0,0,429,0,0,0,0,5,0,0,0,0,0,0,0,0,0,0,0,1,0,3,0,0,0,0,0,0,118,0,0,0,0,2,0,0,0,0,0,0,0,0,0,0,0
0,1,0,0,99,0,6,6,34,0,68,0,11,594,153,0,391,0,0,0,0,0,2,0,0,1,0,2,0,0,34,0,0,0,438,12,0,0,0,1,0,18,0,21,0,0,0,0,1,0,0,3,0,15,0,0,0,0,27,0,0,11,9,0,3,0,0,3,0,5,0,18,21,0,0,1,5,0,0,0,0,0,0,0,0,1,1,32,0,0,3,0,0,1,0,0,11,0,0,0,0,95,0,0,0,6,0,0,3,10,7,0,0,1,10,1,0,0,0,0,0,0,5,0,0,840,4,0,0,0,7,0,16,0,2,14,0,14,0,1,0,0,1,0,615,0,0,0,0,45,199,0,0,0,0,1,9,0,0,0,0,0,0,0,48,0,0,0,0,0,0,0,1
0,0,0,0,16,0,7,4,1230,0,17,0,1310,3,72,0,10,0,0,1,0,0,1,126,1,0,0,6,2,5,0,6,0,1572,8,0,27,703,1499,1065,0,0,0,6,0,0,0,0,8,1,1,6,0,4,0,2,1,0,2,35,0,14,37,5,0,370,0,0,0,862,1,17,0,2,0,17,7,8,0,0,23,0,0,0,0,1,0,30,0,3,33,24,0,9,0,12,20,85,0,0,1,11,0,1439,0,15,0,0,32,1,2,5,0,14,29,0,0,1,0,0,0,0,8,0,5,57,148,30,1,0,18,264,37,1,6,25,562,2,252,0,109,964,279,0,2,0,0,0,0,2,1,0,0,0,0,0,10,0,0,7,0,2,1,0,8,3,355,2,0,0,82,0,0
1,140,23,24,8,277,1,0,0,87,22,7,0,5,1,1,0,2,76,11,30,544,386,4,3,599,168,1,0,5,3,13,6,0,1,1,2,6,0,0,13,31,21,1,1,8,23,63,158,5,118,0,24,0,0,17,6,12,2,16,4,0,2,16,5,0,4,445,5,0,505,0,7,7,3,0,6,0,2,42,9,0,6,6,2,15,3,0,60,182,10,0,3,2,0,5,1,2,21,70,2,0,4,0,71,0,12,1,4,0,0,374,25,8,26,0,3,0,3,0,4,1,11,126,6,0,0,11,16,7,0,0,0,2,5,1,0,0,0,10,3,0,0,121,0,40,7,24,0,0,0,3,13,1,147,14,0,3,79,4,12,0,0,3,0,11,9,0,0,8,2,1,1
2,1,0,0,6,2,4,0,0,1,5,1,0,4,13,0,0,0,0,3,2,1,5,179,0,7,1,0,49,7,0,552,2,0,0,0,123,22,4,2,7,0,1,1,2,0,8,1,14,108,14,0,0,0,1,77,125,0,0,197,2,0,0,255,5,9,0,1,6,0,6,1,0,5,0,4,158,0,0,0,193,0,0,0,1,9,0,0,2,2,245,0,3,2,2,14,2,10,0,2,1,0,0,0,2,0,0,1,2,0,0,17,3,0,44,1,1,0,0,0,4,1,552,1,1,0,0,27,36,12,0,5,0,2,57,3,4,2,1,13,14,0,1,1,0,0,0,0,0,0,1,0,1,1,2,0,0,0,0,0,3,0,1,1,0,494,4,0,0,0,1,0,0
0,3,2,2,42,5,2,1,2,9,11,0,0,79,53,0,1,1,1,11,5,4,4,26,0,8,2,1,559,8,5,548,10,3,2,0,258,10,12,21,34,4,2,2,2,2,22,4,73,718,18,1,0,0,6,129,172,3,2,140,6,0,2,829,0,94,14,4,3,0,31,0,2,150,2,6,920,1,6,1,99,0,0,2,1,4,0,0,1,8,365,0,1,2,6,35,17,12,0,4,2,1,4,1,2,0,3,5,9,0,0,26,2,24,52,0,9,4,0,1,0,2,175,3,1,0,1,9,208,6,1,64,1,37,392,0,23,0,35,4,165,0,6,8,0,0,3,7,0,0,0,3,1,3,2,0,0,0,0,1,2,6,176,0,0,116,10,0,2,0,46,0,0
0,1,0,0,0,0,2,0,0,0,5,0,0,1,69,0,0,0,0,12,2,0,0,3,0,0,0,0,223,0,0,51,0,6,0,0,5,0,0,0,3,2,0,0,1,0,1,3,1,346,2,0,0,0,0,12,157,0,0,0,0,0,0,32,0,19,2,0,0,0,7,0,1,0,0,5,111,0,1,3,15,2,0,2,0,2,0,0,0,1,23,0,4,1,0,0,5,2,0,0,0,0,0,0,0,0,0,1,1,0,0,6,0,3,0,1,5,0,0,0,0,0,12,0,0,0,0,5,56,2,0,0,0,2,21,0,12,0,3,0,10,0,20,4,0,0,0,0,0,0,0,1,1,0,0,0,0,0,0,0,0,0,5,0,0,17,0,0,0,0,0,0,0
1,232,23,9,1,168,0,0,0,1,0,5,0,0,0,0,0,0,94,47,27,110,10,0,163,102,8,0,0,0,4,0,33,0,0,0,0,0,0,0,1,3,13,0,0,4,10,1,4,0,0,0,2,0,1,0,1,15,0,0,0,0,0,0,0,0,7,0,2,0,15,0,0,38,16,0,0,0,1,0,0,0,11,0,0,0,2,0,4,0,0,0,0,2,0,6,0,2,3,43,2,0,2,0,133,0,24,1,0,1,0,18,13,0,1,0,0,0,2,1,0,1,0,6,0,0,0,0,1,45,0,0,0,0,0,0,0,0,0,0,0,0,0,1,0,29,6,297,4,0,0,13,0,1,3,2,0,2,34,217,1,0,0,5,0,0,1,0,0,15,0,0,9
0,1,2,8,0,15,0,0,0,0,0,2,0,0,0,0,0,0,3,0,282,1,82,0,3,5,157,0,0,0,0,0,2,0,0,0,0,0,0,0,0,3,0,0,0,2,0,1,4,0,0,0,8,0,1,0,0,16,0,0,2,0,0,0,0,0,0,0,0,0,0,0,0,0,2,0,0,0,1,0,0,0,0,0,0,0,1,0,2,0,0,0,0,0,0,0,0,0,1,13,2,0,0,0,6,0,4,0,0,0,0,3,0,0,0,0,0,0,0,1,0,0,0,29,0,0,0,0,0,3,0,0,0,0,0,0,0,0,0,0,0,0,0,1,0,6,0,7,0,0,0,0,0,0,0,0,0,0,1,1,0,0,0,0,0,0,0,0,0,0,0,0,0
0,0,1,0,7,2,6,10,0,0,0,3,0,14,12,0,8,0,3,1,0,1,0,0,0,0,0,0,0,0,57,0,1,0,22,2,0,0,0,2,0,0,5,226,1,0,0,1,0,0,1,3,0,2,0,1,0,0,483,0,0,1,0,0,2,0,0,5,0,0,0,2,1,0,0,1,0,0,0,0,1,0,2,2,1,0,1,6,1,0,0,0,4,0,0,0,117,0,0,0,0,19,0,0,3,4,0,0,1,19,0,0,0,0,1,0,0,0,0,0,1,0,0,0,0,28,0,0,0,0,1,0,15,0,4,14,1,95,0,7,0,1,0,0,1,0,4,0,0,0,5,0,2,0,0,0,1,0,1,0,0,0,0,2,758,0,0,0,0,0,0,0,2
612,11,37,19,3,8,1,0,2,6,4,322,0,5,1,7,0,317,9,2,6,0,17,25,21,6,14,0,0,749,4,6,45,1,0,3,4,4,0,2,4,188,11,1,20,10,8,5,9,1,149,0,3,0,94,9,61,403,0,83,157,0,0,4,300,0,145,3,2,0,8,0,77,4,71,0,2,0,13,9,2,55,15,3,1,6,410,0,0,1,6,0,1,125,21,2,1,0,6,14,7,0,5,0,73,0,30,2,0,4,0,28,9,2,32,4,7,1,0,298,8,2,3,16,55,0,0,12,159,17,0,3,0,103,1,225,0,0,0,31,0,0,1,3,0,7,11,5,4,0,1,2,0,172,1,1,0,1,4,1,6,0,0,42,0,0,0,0,0,36,2,2,15
0,0,0,0,0,0,0,869,0,0,0,0,0,0,0,0,0,0,0,0,0,0,0,0,0,0,0,224,0,0,0,0,0,0,3,0,0,0,0,0,0,0,0,0,0,0,0,0,0,0,0,65,0,1248,0,0,0,0,0,1,0,1277,0,0,0,0,0,0,0,0,0,25,0,0,0,0,0,975,0,0,0,0,0,0,0,0,0,3,0,0,0,0,0,0,0,0,0,0,0,0,0,22,0,0,0,0,0,0,59,7,861,0,0,0,0,0,0,0,0,0,0,0,0,0,5,0,0,0,0,0,2,1,9,0,0,10,0,0,0,0,0,0,0,0,0,0,0,0,0,1417,0,0,0,0,0,0,27,0,0,0,0,360,0,0,0,0,0,0,0,0,0,0,0
0,0,0,0,0,0,0,376,0,0,0,0,0,0,0,0,0,0,0,0,0,0,0,0,0,0,0,30,0,0,0,0,0,0,0,0,0,0,0,0,0,0,0,0,0,0,0,0,0,0,0,1073,0,19,0,0,0,0,0,0,0,0,0,0,0,0,0,0,0,0,0,53,0,0,0,0,0,3,0,0,0,0,0,0,0,0,0,283,0,0,0,0,0,0,0,0,0,0,0,0,0,1,0,0,0,0,0,0,4,0,4,0,0,0,0,0,0,0,0,0,0,0,0,0,1,0,0,0,0,0,1,0,1,0,0,0,0,0,0,0,0,1,0,0,0,0,0,0,0,29,0,0,0,0,0,0,349,0,0,0,0,9,0,0,0,0,0,0,0,0,0,0,0
0,0,0,0,1,0,11,25,2,1,0,0,2,22,21,0,9,0,0,2,0,0,0,0,0,0,0,14,0,0,8,0,1,0,193,22,0,0,0,6,0,0,4,44,0,0,2,0,3,0,0,6,0,29,0,1,0,0,46,0,0,12,16,0,0,0,3,0,0,1,0,132,5,0,0,4,0,23,0,0,0,0,1,0,0,0,0,279,0,1,0,0,1,1,0,1,28,0,0,0,0,830,0,0,0,10,0,0,3,695,4,0,0,0,3,0,0,0,0,0,0,0,1,0,0,45,6,0,0,0,64,1,29,1,2,436,0,135,0,4,0,1,0,0,5,0,1,0,0,8,8,0,0,0,0,0,227,0,0,0,0,2,0,0,34,0,0,1,0,0,0,0,0
0,0,0,0,0,0,1,0,21,0,0,0,0,0,1,0,0,0,0,0,0,0,0,0,0,0,0,6,0,0,0,0,0,21,2,0,0,16,74,3,0,0,0,1,0,0,0,0,0,0,0,0,0,11,0,0,1,0,3,0,0,29,4,0,0,2,0,0,0,0,0,3,0,0,0,1,0,31,0,0,0,0,0,0,0,0,0,2,0,0,0,0,0,0,0,12,0,1,0,0,0,19,0,3,0,3,0,0,216,2,7,0,0,0,1,0,0,0,0,0,0,0,0,0,0,0,0,1,0,0,0,55,86,0,0,12,7,39,1,0,2,19,0,0,0,0,0,0,0,1,0,0,0,0,0,0,10,0,0,0,0,3,0,0,8,0,0,0,0,0,0,0,0
0,29,4,2,2,4,0,0,0,17,0,2,0,0,0,0,2,1,8,6,2,15,33,0,1,8,8,0,0,0,15,0,27,0,0,2,0,0,0,0,6,6,2,4,1,3,28,4,16,0,20,0,6,0,10,4,0,6,2,0,0,0,0,0,4,0,2,0,6,0,6,0,0,0,4,0,0,0,34,2,0,0,1,0,3,0,3,0,1,0,1,0,0,3,0,1,0,0,0,3,4,0,2,0,21,0,7,9,0,0,0,2,3,2,2,5,0,0,6,3,0,1,0,9,0,0,0,0,0,1,0,0,0,3,0,0,0,0,0,2,0,0,0,0,0,7,5,18,1,0,0,4,14,3,2,0,0,0,5,0,3,0,0,0,0,0,0,0,0,5,0,1,2
0,67,0,1,0,12,0,0,0,54,7,1,0,1,0,2,5,19,5,4,15,9,5,2,9,22,1,0,0,5,27,4,28,0,0,95,1,0,0,0,38,1,0,4,15,9,87,5,3,1,29,0,0,0,20,5,40,2,0,1,15,0,0,0,7,0,7,1,27,0,178,0,1,3,0,0,2,0,533,149,3,4,2,38,31,25,6,0,3,30,7,0,38,7,12,2,8,0,0,0,22,0,0,0,7,0,0,232,0,1,0,12,21,0,0,24,31,1,1,6,3,2,4,0,9,0,0,0,2,11,0,0,0,3,0,1,0,0,0,9,1,0,0,0,0,0,8,52,1,0,0,102,7,10,3,1,0,0,2,1,1,0,7,4,0,2,0,0,20,24,0,4,1
2,0,0,0,42,3,0,2,3,2,27,0,0,29,0,0,1,2,0,0,0,1,0,18,0,7,0,1,2,63,0,19,0,6,0,1,0,77,35,7,1,2,1,13,0,0,5,0,17,2,49,0,0,3,2,19,9,0,3,9,0,1,0,6,0,4,1,1,2,0,14,0,60,0,0,0,0,1,2,0,1,0,0,1,0,1,1,2,2,6,17,0,0,0,1,476,18,39,0,0,0,1,18,0,0,1,0,1,218,0,1,10,0,20,16,0,0,0,0,0,0,0,1,0,2,1,1,241,1,0,5,78,72,0,2,0,12,10,14,1,17,5,0,0,0,0,0,0,0,0,0,0,0,1,0,0,0,0,0,2,0,2,0,1,12,13,8,1,0,1,11,0,0
5,29,2,0,0,8,0,0,0,4,414,6,0,1,0,1,0,0,5,0,423,19,265,1,1,31,114,0,0,14,2,0,1,0,0,0,0,1,0,0,3,84,4,0,0,1,10,3,53,2,107,0,28,0,0,0,4,43,0,53,1,0,0,0,6,0,0,23,0,0,56,0,0,1,3,0,1,0,1,0,11,8,0,1,0,0,9,0,211,2,2,0,0,1,0,4,0,0,2,1,0,0,0,0,2,0,2,2,0,0,0,285,2,0,3,0,0,0,1,1,1,0,9,24,0,0,1,7,9,0,0,0,0,0,0,2,0,0,0,5,0,0,0,0,0,5,3,1,0,0,0,0,1,0,22,415,0,0,30,0,1,0,0,0,0,1,0,0,0,0,0,1,1
0,0,0,0,0,0,0,0,0,20,0,0,0,0,0,6,0,121,0,3,0,0,0,0,1,0,0,0,0,0,5,0,0,0,0,103,0,0,0,0,1,0,3,1,1,2,0,12,21,0,2,0,0,0,3,2,4,0,0,2,2,0,0,2,1,0,0,2,3,0,7,0,0,0,0,0,0,0,17,122,2,2,0,40,22,125,0,0,5,28,0,0,50,15,17,0,0,0,0,0,3,0,0,0,0,0,0,11,0,0,0,0,31,329,0,129,27,0,0,3,0,1,1,1,149,0,0,0,1,0,3,0,0,0,0,0,0,0,0,4,1,0,0,19,0,0,0,2,0,0,0,72,0,8,0,0,0,0,0,0,0,0,8,0,0,0,0,0,38,0,0,0,0
0,0,0,0,1,0,0,261,0,0,2,0,0,1,0,0,1,0,0,0,0,0,0,0,0,0,0,345,0,0,1,0,0,2,8,0,0,3,0,1,0,0,0,0,0,0,2,0,0,0,0,24,0,275,0,0,0,0,0,0,0,469,6,0,0,0,0,0,0,0,0,34,0,0,0,0,0,583,0,0,0,0,0,0,0,0,0,8,0,10,0,0,0,0,0,233,0,0,96,0,0,17,2,0,0,1,0,0,22,2,499,0,0,5,0,0,0,0,0,0,0,0,0,0,37,0,0,0,0,0,4,15,6,1,0,5,0,1,0,0,0,0,0,0,0,0,0,0,0,233,1,0,0,0,0,0,18,0,0,0,0,532,0,0,0,0,0,0,0,0,0,0,0
0,0,0,0,0,0,0,20,0,0,0,0,0,0,0,0,0,0,0,0,0,0,0,0,0,0,0,18,0,0,0,0,0,0,1,1,0,0,0,0,0,0,0,1,0,0,0,1,0,0,0,47,0,0,0,0,0,0,0,0,0,0,0,1,0,0,0,0,0,0,0,7,0,0,0,0,1,0,0,0,0,0,0,0,0,0,0,8,0,0,0,0,0,0,0,3,0,0,1,0,0,0,0,0,0,0,0,0,0,0,1,0,0,4,0,0,0,0,0,0,0,0,0,0,0,0,0,0,0,0,9,2,0,0,0,0,0,0,0,0,0,0,0,0,0,0,0,0,0,2,0,0,0,0,0,0,18,0,0,0,0,4,0,0,0,0,0,0,0,0,0,0,0
