0.87293,0.23166,0.38912,0.35687,0.20703,0.2789,0.94589,0.51164,0.83104,0.30616,0.56563,0.46948,0.87525,0.58459,0.43043,0.36612,0.49425,0.37784,0.53591,0.38544,0.46831,0.48711,0.29216,0.50904,0.24675,0.48106,0.20307,0.47296,0.59361,0.79684,0.22374,0.44516,0.19636,0.81743,0.50348,0.32868,0.36695,0.58195,0.76815,0.66731,0.40888,0.25603,0.30378,0.29093,0.45692,0.20542,0.35509,0.47363,0.19162,0.56439,0.24605,0.70557,0.53644,0.75473,0.57982,0.18742,0.20922,0.51088,0.54494,0.28716,0.34337,0.68824,0.19375,0.6457,0.39363,0.5427,0.35287,0.72837,0.32432,0.8,0.5025,0.34071,0.54913,0.20593,0.65139,0.97281,0.67235,0.60286,0.39195,0.31224,0.31196,0.71313,0.34305,0.66967,0.58182,0.642,0.44139,0.34227,0.37762,0.3689,0.35059,0.98949,0.69627,0.64872,0.55023,0.46055,0.51609,0.79196,0.49685,0.23648,0.35607,0.70997,0.45665,0.92102,0.18961,0.96456,0.28339,0.23156,0.626,0.69398,0.62555,0.44264,0.30405,0.51105,0.18333,0.22143,0.5248,0.73596,0.36856,0.58965,0.4976,0.53861,0.59909,0.41276,0.24247,0.79658,0.55022,0.49641,0.43774,0.375,0.6365,0.3275,0.66509,0.39379,0.48535,0.41342,0.52992,0.52928,0.79418,0.42874,0.3449,0.69083,0.57768,0.48243,0.84898,0.31364,0.36968,0.3552,0.38415,0.80636,0.61538,0.23259,0.49782,0.54749,0.57422,0.84516,0.33851,0.62295,0.246,0.47761,0.33436,0.57158,0.41883,0.54563,0.69748,0.70496,0.67851,0.95056,0.61696,0.15282,0.45792,0.55869,0.53153
0.53848
0,38,279,159,0,41,0,0,0,0,0,70,0,0,0,2,0,3,98,20,1,2,3,0,171,11,8,0,0,0,0,0,7,0,0,0,1,0,0,0,0,11,257,0,0,6,1,0,3,0,1,0,181,0,5,0,0,22,0,0,2,0,0,0,1,1,27,0,0,0,0,0,11,80,469,0,0,0,0,0,0,0,111,0,0,0,23,0,0,0,0,0,0,3,0,0,0,0,77,223,0,0,13,0,30,0,157,0,0,0,0,0,6,0,11,0,0,0,1,17,0,2,0,41,2,0,0,0,0,21,0,0,0,0,0,0,0,0,0,0,0,0,0,0,0,219,20,6,2,0,0,0,0,14,2,0,0,29,10,11,1,0,0,15,0,0,0,0,0,1,0,0,4
0,1,11,60,1,11,0,0,0,11,0,5,0,0,0,6,0,3,0,1,0,1,0,0,21,0,4,0,0,0,86,0,133,0,0,1,1,0,0,0,2,0,65,0,26,109,6,2,0,0,0,0,0,0,1,0,0,0,0,5,4,0,0,0,0,0,9,0,23,0,0,0,0,46,1,0,1,0,3,0,0,2,353,0,1,1,0,0,0,0,1,0,14,1,0,1,0,0,21,4,77,2,374,0,5,0,9,58,0,23,0,0,7,0,0,12,0,0,2,0,26,551,0,22,0,0,0,0,0,273,0,0,0,0,0,0,0,0,0,1,0,0,0,9,0,1,356,13,189,0,0,9,1,0,0,0,0,418,6,0,6,0,20,287,0,0,0,0,1,2,0,1,177
1,33,37,41,26,34,2,1,0,9,2,13,13,1,1,0,1,1,34,131,2,8,51,0,55,14,23,0,1,0,14,0,89,0,1,33,7,18,0,9,4,2,107,1,1,62,54,0,25,0,25,0,34,2,5,10,7,37,10,2,1,1,4,0,2,0,23,1,1,1,2,0,2,89,6,4,1,0,3,0,0,1,139,0,1,1,5,0,0,1,9,0,0,2,0,7,2,2,33,114,3,0,29,0,110,1,130,1,0,3,3,1,16,1,10,9,6,2,29,1,0,14,4,105,2,0,8,0,0,40,1,1,6,21,0,1,0,0,0,2,0,10,1,3,1,63,51,93,29,0,0,16,11,7,1,0,0,35,2,10,14,0,1,27,1,1,0,3,0,29,0,8,26
0,150,139,45,0,101,0,0,0,0,0,15,0,0,0,0,0,0,485,17,58,26,25,0,33,35,43,0,0,3,0,0,1,0,0,0,1,0,0,0,2,176,63,0,0,0,0,0,4,0,3,0,368,0,0,0,1,116,0,0,2,0,0,0,0,0,6,1,3,0,14,0,6,17,82,0,0,0,0,0,0,0,10,0,0,0,28,0,69,0,0,0,0,2,0,0,0,0,21,189,0,0,0,0,41,0,46,0,0,0,0,5,6,0,29,1,0,0,0,3,0,0,0,20,0,0,0,0,2,13,0,0,0,1,0,0,0,0,0,0,0,0,0,0,0,223,1,19,0,0,0,1,0,5,16,4,0,1,123,16,1,0,0,1,0,0,0,0,0,0,0,0,0
0,7,30,80,0,28,0,0,0,0,0,2,0,0,0,0,0,0,8,1,1,2,0,0,23,4,0,0,0,0,4,0,3,0,0,0,1,0,0,0,0,0,45,0,0,1,0,0,0,0,0,0,1,0,0,0,0,0,0,1,0,0,0,0,0,0,4,0,0,0,0,0,0,103,1,0,0,0,0,0,0,0,61,0,0,0,0,0,0,0,0,0,0,2,0,2,0,0,5,49,1,0,17,0,15,0,31,3,0,0,0,0,0,0,1,0,0,0,0,0,1,13,0,1,0,0,0,0,0,72,0,0,0,0,0,0,0,0,0,0,0,0,0,0,0,15,17,15,5,0,0,0,0,2,0,0,0,34,0,1,0,0,0,10,0,0,0,0,0,0,0,0,6
1,132,24,15,119,88,0,0,0,15,11,12,0,0,0,0,13,1,33,286,21,81,144,0,30,134,15,0,1,3,14,6,55,0,0,7,16,2,0,1,25,12,16,8,0,36,307,3,104,6,125,0,9,0,21,29,18,21,29,2,5,0,2,9,5,0,37,5,13,0,31,0,8,25,6,0,3,0,8,2,3,0,13,0,3,1,7,0,5,3,27,0,1,5,0,10,1,3,5,56,1,0,7,0,121,0,34,1,2,1,0,21,39,0,2,4,2,4,119,10,1,3,4,25,3,0,1,2,1,31,0,1,0,22,2,1,0,0,1,4,0,0,0,6,0,44,37,75,4,0,0,27,121,8,13,2,0,5,20,13,70,0,7,4,0,6,2,0,0,46,1,41,11
0,2,90,283,0,4,0,0,0,0,0,21,0,0,0,0,3,0,0,0,1,0,4,0,4,0,172,0,0,0,4,0,27,0,0,0,0,0,0,0,0,1,193,0,10,37,1,8,1,0,3,0,14,0,0,0,0,5,1,0,19,0,0,0,1,0,8,0,0,0,0,0,0,18,4,0,0,0,0,0,0,0,161,2,0,0,2,0,0,0,0,0,0,1,0,0,0,0,315,106,8,0,23,0,2,0,40,0,0,0,0,0,180,0,0,0,0,0,0,1,17,4,0,440,0,0,0,0,0,15,0,0,0,0,0,0,0,0,0,0,0,0,0,15,0,25,26,2,3,0,0,0,2,1,0,0,0,18,0,0,4,0,0,32,0,0,0,0,0,0,0,0,6
0,3,0,1,2,1,1,0,0,0,0,0,0,1,4,0,0,1,5,0,0,2,1,0,0,0,0,0,0,0,5,0,0,0,4,0,0,0,0,0,0,1,2,44,0,0,1,0,0,0,1,1,0,1,0,1,0,0,3,2,0,0,1,0,1,0,0,2,0,0,0,0,0,0,4,0,0,0,0,0,0,0,0,0,1,2,5,1,1,0,0,0,1,0,0,0,0,1,0,0,0,1,0,0,0,0,0,0,0,1,0,2,0,0,14,1,0,0,0,0,0,0,0,2,0,1,0,0,0,0,0,0,0,1,0,8,0,38,0,8,0,0,0,0,0,1,0,0,0,0,1,0,0,0,0,0,0,0,0,0,0,1,0,0,107,0,0,0,0,0,0,0,0
2,0,0,0,35,0,11,2,56,0,31,0,114,7,331,0,1,3,0,5,3,0,0,394,0,2,0,3,12,9,0,8,0,285,2,2,187,354,253,56,1,1,0,6,0,0,1,0,45,6,4,4,0,0,0,16,5,0,0,10,0,3,2,9,0,171,1,0,0,183,9,8,1,0,0,11,14,3,0,0,253,0,0,0,1,0,0,1,2,5,31,14,0,54,0,23,53,788,0,0,29,2,1,106,0,4,0,0,10,0,1,8,0,49,40,1,0,6,0,1,0,0,7,0,8,8,17,415,7,0,16,255,18,2,3,5,374,1,1393,0,169,280,502,0,0,0,0,0,0,0,7,1,1,0,0,0,1,0,0,109,0,3,9,0,3,6,117,1,0,0,321,0,0
0,0,0,0,0,0,0,66,0,0,0,0,0,0,0,0,0,0,0,0,0,0,0,0,0,0,0,13,0,0,0,0,0,0,6,0,0,0,0,0,0,0,0,0,0,0,0,0,0,0,0,162,0,15,0,0,0,0,0,0,0,0,0,0,0,0,0,0,0,0,0,225,0,0,0,0,0,5,0,0,0,0,0,0,0,0,0,21,0,0,0,0,0,0,0,0,0,0,0,0,0,11,0,0,0,0,0,0,0,9,1,0,0,0,0,0,0,0,0,0,0,0,0,0,0,1,0,0,0,0,48,0,0,0,0,3,0,0,0,0,0,0,0,0,0,0,0,0,0,3,0,0,0,0,0,0,232,0,0,0,0,1,0,0,0,0,0,0,0,0,0,0,0
0,0,0,0,6,1,19,8,1,1,1,0,2,3,22,0,10,1,0,1,0,0,0,0,0,0,0,1,0,0,3,0,0,1,58,17,0,0,0,1,0,0,0,122,0,0,1,0,51,0,0,1,0,4,2,0,0,0,19,1,0,2,11,0,0,0,0,3,11,0,0,35,0,0,36,4,0,4,1,0,0,0,0,0,0,0,0,92,0,0,0,1,3,0,0,2,9,1,0,0,0,70,0,0,0,2,0,0,2,76,0,0,1,0,6,2,2,2,0,0,0,0,2,0,0,9,2,0,0,0,28,1,19,0,2,180,0,91,0,1,0,0,0,0,3,0,1,0,1,1,12,2,0,0,0,0,23,0,0,11,6,0,0,0,14,0,0,0,0,0,1,0,0
0,1,0,0,50,0,1,1,114,4,7,0,1,28,5,0,5,0,1,3,1,0,0,1,0,1,0,0,1,0,7,12,3,6,5,1,0,15,23,3,5,0,1,84,2,5,22,4,20,1,4,0,0,3,0,19,1,0,5,13,0,11,9,12,0,8,0,1,9,4,20,4,2,0,1,2,1,5,2,1,27,0,1,5,1,2,0,0,0,19,3,2,3,3,0,110,9,22,2,0,2,13,78,2,0,4,0,0,5,10,2,1,2,0,99,1,2,0,1,0,1,0,5,0,0,0,1,33,1,2,4,17,97,2,4,104,13,461,47,11,7,32,0,1,0,0,15,0,0,0,2,0,8,0,0,0,0,0,0,6,9,1,0,2,21,4,6,0,0,0,27,0,3
4,0,0,0,56,1,0,1,2,3,65,1,2,194,1,1,2,0,0,16,0,0,0,28,0,0,0,1,3,3,1,12,4,1,0,0,1,0,0,0,0,0,1,7,1,5,6,2,34,2,0,0,0,0,7,143,9,0,0,1,2,0,3,48,0,1,4,2,4,0,9,0,91,13,0,0,8,0,5,9,4,0,0,2,0,3,0,3,0,21,3,0,2,5,1,14,63,1,1,0,1,0,10,2,0,0,1,4,2,0,0,4,0,121,1,1,9,5,0,2,0,0,1,0,4,0,0,8,5,1,40,9,0,330,6,0,7,0,17,4,14,0,6,4,0,0,1,0,0,0,2,2,1,2,0,0,0,0,0,1,0,0,7,0,0,6,2,0,1,1,200,0,0
0,4,3,10,3,53,0,0,0,75,0,22,0,0,0,134,0,155,4,32,4,7,18,0,73,1,27,0,1,0,134,0,233,0,0,0,4,0,0,0,5,1,23,1,58,197,55,17,4,1,12,0,3,0,54,1,3,6,5,1,18,0,0,0,7,0,145,2,65,0,1,0,3,62,3,0,0,0,19,3,1,4,110,3,2,1,2,0,0,0,1,0,8,13,4,2,0,0,18,15,120,2,162,0,20,0,10,37,0,18,0,0,18,5,0,44,4,2,19,33,30,284,0,61,3,0,0,0,0,97,0,0,0,1,0,1,0,0,0,8,0,0,0,7,0,3,183,84,124,0,0,82,24,53,0,0,0,101,12,17,34,0,53,57,0,0,0,0,5,23,0,6,47
0,72,6,0,0,44,0,0,0,0,5,3,0,0,0,0,0,0,22,7,9,245,15,0,2,215,8,0,0,0,0,0,0,0,0,0,0,0,0,0,0,5,1,0,0,0,1,0,3,0,1,0,3,0,0,0,0,7,2,0,0,0,1,1,0,0,0,13,1,0,10,0,1,2,1,1,0,0,0,0,0,0,0,0,0,0,0,0,39,2,0,0,0,0,0,0,0,0,0,10,0,0,0,0,28,0,0,0,0,0,0,18,3,0,10,0,0,0,1,0,0,0,0,0,0,0,0,0,0,1,0,0,0,1,0,0,0,0,0,0,0,0,0,0,0,6,0,3,0,0,0,1,0,0,29,3,0,0,84,1,0,0,0,0,0,0,0,0,0,0,0,2,0
1,1,1,1,1,2,0,0,0,0,4,0,0,0,2,0,0,0,0,0,0,0,1,0,0,2,0,0,15,1,2,8,1,0,1,4,4,0,0,1,34,1,0,0,0,1,16,1,1,54,3,0,0,0,2,2,57,0,0,11,1,0,2,36,0,1,1,0,1,0,1,0,0,0,0,1,71,0,4,0,93,0,0,1,0,1,0,0,2,0,129,0,1,0,1,1,0,2,0,1,0,0,0,0,0,0,0,3,0,0,0,1,0,0,4,1,2,3,2,2,1,1,24,0,0,0,0,0,21,2,0,1,0,1,33,1,0,0,0,0,5,0,1,0,0,0,2,0,0,0,0,0,1,0,2,0,0,0,0,0,5,0,0,0,0,0,0,0,0,2,0,6,3
3,0,0,0,0,0,3,0,3,0,9,0,12,0,1,0,1,0,0,2,1,0,0,0,0,4,0,1,0,0,0,0,0,5,0,0,0,9,2,25,4,0,0,0,0,0,1,0,0,0,0,0,0,0,0,0,3,0,4,83,0,1,8,0,0,20,0,1,0,19,0,3,0,0,0,4,4,0,0,0,1,0,0,1,0,0,0,5,6,0,25,1,1,0,0,4,1,1,0,0,0,0,0,2,0,3,0,0,13,0,0,0,0,1,71,0,1,0,0,1,0,0,69,0,0,0,252,3,0,0,0,3,18,0,2,4,21,0,1,0,1,42,0,0,1,0,0,0,0,0,1,0,0,0,3,37,1,0,0,0,0,0,0,0,4,1,1,423,0,0,0,1,0
51,4,10,2,4,6,0,1,1,24,0,161,1,0,0,15,4,433,0,12,2,2,5,1,14,11,4,0,0,45,17,0,56,0,0,15,1,0,1,1,8,77,0,2,5,11,25,6,4,1,9,0,0,0,523,13,17,35,1,1,40,0,2,3,48,0,307,3,12,0,4,0,380,1,9,0,0,0,27,3,0,9,3,0,2,1,414,1,1,0,12,0,0,506,356,0,1,0,0,10,13,0,5,0,7,0,3,11,0,42,0,9,1,0,6,110,7,4,11,615,0,8,0,3,19,0,0,0,8,13,0,0,0,165,0,22,1,0,0,12,0,0,0,1,0,0,20,2,6,0,0,17,30,392,3,0,0,1,0,0,6,1,0,3,0,0,0,0,1,42,1,4,6
0,0,0,18,0,0,0,0,0,28,0,0,0,0,0,9,2,1,0,0,0,0,10,0,0,0,24,0,0,0,62,0,43,0,0,4,4,0,0,0,1,0,3,0,419,95,8,74,1,0,0,0,0,0,4,0,4,0,0,0,66,0,0,0,11,0,3,2,44,0,0,0,0,1,0,0,0,0,24,6,1,37,8,90,11,33,0,0,0,1,0,0,26,0,0,0,0,0,12,0,308,0,27,0,2,0,0,100,0,2,0,0,6,0,0,0,53,0,0,1,311,15,0,77,1,0,0,0,0,3,0,0,0,0,0,0,0,0,0,27,0,0,0,96,0,0,9,4,11,0,0,6,3,0,0,0,0,8,0,0,2,0,9,10,0,0,0,0,0,0,0,0,1
0,0,0,0,0,0,2,0,3,0,1,0,0,0,0,0,1,0,0,0,0,0,0,0,0,0,0,1,0,0,0,0,0,4,2,0,0,11,12,4,0,0,0,2,0,0,0,0,0,0,0,7,0,3,0,0,0,0,0,0,0,7,2,0,0,1,0,0,0,0,0,1,0,0,0,2,0,2,0,0,0,0,0,0,0,0,0,10,1,0,1,1,0,0,0,14,0,0,0,0,0,7,0,2,0,3,0,0,1016,0,1,0,0,0,3,0,0,0,0,0,0,0,2,0,0,1,1,0,0,0,1,25,987,0,0,2,5,8,0,0,0,17,0,0,0,0,0,0,0,0,0,0,0,0,0,0,4,0,0,0,0,1,0,0,18,0,0,2,0,0,0,0,0
9,0,0,0,159,0,0,0,2,0,5,0,0,36,51,0,59,1,0,0,0,0,1,0,0,2,0,0,0,0,16,0,0,0,55,3,0,0,0,0,0,90,0,26,0,1,1,0,13,0,0,1,0,2,1,0,0,0,1,2,0,0,1,0,1,0,0,24,1,0,1,5,1,0,1,0,0,0,0,0,4,0,0,0,0,0,1,5,0,0,0,1,0,0,0,2,1,0,0,0,0,2,0,0,0,0,0,0,0,0,0,0,1,2,1,0,0,0,0,0,0,0,1,0,1,62,0,0,0,0,2,0,1,0,0,11,0,3,0,1,0,0,3,0,84,0,0,3,0,4,392,1,0,0,0,0,1,0,0,0,2,0,1,0,27,0,0,0,0,0,0,0,0
0,0,0,0,3,0,1783,0,4,0,9,0,22,0,0,0,2,0,0,0,0,0,0,0,0,1,0,0,0,0,0,0,0,7,0,1,0,8,7,369,1,0,0,1,0,0,2,0,0,0,0,0,0,0,0,1,2,0,5,7,0,0,29,0,0,11,0,1,1,5,0,0,0,0,0,2326,0,0,0,0,3,0,0,0,0,0,0,0,0,0,58,3577,0,0,1,1,3,13,0,0,0,0,0,4,0,1769,0,0,5,0,0,0,0,2,15,0,1,2,0,0,0,0,3,0,0,0,9,2,0,0,0,2,49,0,2,0,2,0,0,0,0,25,0,0,0,0,0,0,0,0,0,0,0,0,1,2,0,0,0,0,0,0,0,0,0,0,11,9,1,0,0,0,0
6,0,2,2,1,1,23,2,0,5,6,0,0,20,5,1,24,1,1,39,4,0,1,3,0,6,0,0,2,0,5,2,8,0,35,3,0,0,0,1,3,1,2,59,0,2,2,3,4,2,0,5,0,1,3,119,5,0,201,5,0,2,3,3,1,0,2,1,7,0,4,0,3,1,1,1,1,0,0,3,7,0,2,9,0,15,0,9,2,3,2,1,7,5,3,1,385,0,0,3,1,23,1,0,0,7,0,4,4,13,1,1,0,32,3,3,3,393,2,2,0,6,12,0,14,12,10,6,0,6,0,0,13,0,242,5,0,2,0,0,0,0,14,15,17,1,16,0,1,0,7,6,0,1,1,1,2,2,0,0,5,0,4,3,17,4,0,3,0,0,2,3,1
0,5,0,3,9,14,0,0,0,317,1,4,0,0,0,47,33,56,1,5,1,6,81,0,30,7,10,0,7,0,179,0,186,0,0,20,10,0,0,0,46,2,1,37,131,147,193,94,22,0,51,0,0,0,41,7,15,4,3,0,86,0,0,1,49,0,47,5,202,0,6,0,0,8,1,0,1,0,289,50,2,57,13,74,32,35,3,0,9,4,0,0,78,5,201,3,0,0,1,1,142,3,21,0,14,0,3,176,0,20,0,1,18,7,0,99,53,7,33,16,87,66,0,24,24,0,0,0,0,20,0,0,0,15,0,1,0,0,0,170,0,0,0,41,0,3,56,59,73,0,0,161,94,27,0,0,0,6,27,18,12,0,107,7,0,0,0,0,211,17,0,11,3
2,7,0,6,77,11,0,4,1,323,6,12,0,4,4,12,196,13,1,48,2,7,125,1,18,6,22,2,30,1,213,4,248,3,0,259,39,1,2,1,175,4,2,66,119,182,495,182,44,38,249,0,0,0,91,118,71,13,27,1,100,0,3,9,66,1,81,10,240,0,46,1,1,7,0,0,36,0,306,28,5,76,9,83,75,91,11,0,11,65,56,0,105,11,18,13,2,1,1,5,49,2,13,1,13,0,8,163,0,18,0,6,37,15,2,85,127,88,136,16,68,43,0,43,85,0,0,1,0,32,0,6,0,116,9,2,0,0,0,358,0,1,12,125,0,0,104,29,36,0,1,167,342,13,2,0,0,8,71,8,109,2,307,12,0,0,0,0,16,46,3,119,9
0,0,0,0,0,0,2,0,0,38,0,0,0,0,0,123,4,4,0,0,0,1,20,0,0,0,7,0,4,1,26,0,1,0,0,189,10,0,0,0,4,0,0,0,103,8,2,449,0,3,6,0,0,0,2,1,13,3,0,0,285,0,0,1,250,0,1,33,41,0,5,0,1,0,0,0,3,0,48,58,3,619,0,744,288,642,0,0,127,242,1,0,839,0,10,0,1,0,0,0,60,0,0,0,0,0,0,156,0,4,0,0,134,11,0,25,402,2,0,0,60,3,0,0,123,0,0,0,2,0,0,0,0,0,0,0,0,0,0,144,0,0,0,453,0,0,2,1,0,0,0,40,13,0,0,0,0,0,1,0,2,0,7,1,0,0,0,0,38,0,0,0,0
0,0,0,0,0,0,0,36,0,1,0,0,0,0,0,0,0,2,0,0,0,0,0,0,0,0,0,23,0,0,0,0,0,0,16,3,0,0,0,0,0,0,0,2,0,0,0,0,56,0,0,117,0,6,1,0,0,0,0,0,0,0,1,0,0,0,0,0,1,0,0,308,0,0,0,0,0,2,0,0,0,0,0,0,0,0,0,31,0,1,0,0,0,0,0,3,0,0,2,0,0,8,0,0,0,0,0,0,0,5,4,0,0,0,0,1,0,1,0,0,0,0,0,0,0,2,0,0,0,0,436,0,0,0,0,4,0,0,0,0,0,0,0,0,0,0,0,0,0,5,0,0,0,0,0,0,97,0,0,0,0,5,0,0,0,0,0,0,0,0,1,0,0
0,1,0,0,88,0,5,4,33,0,68,0,12,622,133,0,387,0,0,3,0,0,0,0,0,1,0,4,0,0,32,0,0,0,434,3,0,0,0,1,0,16,0,19,0,0,0,0,2,0,1,4,0,14,0,0,0,0,30,0,0,10,11,0,3,0,0,2,0,5,0,13,23,0,0,2,3,0,0,0,1,0,0,0,0,1,1,28,0,2,3,0,0,2,0,1,9,0,0,0,0,101,0,0,0,5,0,0,3,14,7,0,0,0,12,1,0,0,0,0,0,0,5,0,0,838,5,0,0,0,10,0,14,0,4,17,0,14,0,1,0,0,1,0,624,0,0,0,0,43,198,0,0,0,0,2,7,0,0,0,0,0,0,0,53,0,0,0,0,0,0,1,1
0,0,0,0,16,0,7,6,1210,0,15,0,1298,4,77,0,11,0,0,1,0,0,1,123,0,0,0,5,3,5,0,9,0,1576,5,0,30,774,1428,1037,0,0,0,2,0,0,0,0,4,1,1,6,0,4,0,2,3,0,1,36,0,14,31,3,0,394,0,1,0,876,0,20,0,1,0,13,6,7,0,0,24,0,0,0,0,1,0,26,0,2,32,17,0,9,0,12,20,84,0,0,1,11,0,1446,0,18,0,0,32,1,2,4,0,17,27,0,0,2,0,0,0,0,5,0,6,54,143,29,1,0,13,262,48,1,6,29,549,1,236,0,98,972,293,0,0,0,0,0,0,1,1,0,0,0,0,0,15,0,0,9,0,2,0,0,8,4,401,2,0,0,86,0,0
1,132,23,23,8,263,1,0,0,87,20,7,0,5,1,1,0,3,77,14,27,529,395,3,4,597,165,1,0,5,2,9,9,0,0,1,2,6,0,0,16,35,21,1,0,11,21,67,160,5,117,0,20,0,3,15,7,13,2,16,4,0,1,16,6,0,2,421,8,0,502,0,4,11,5,0,4,0,3,48,9,0,5,5,2,12,3,0,59,186,8,0,2,2,0,4,1,2,21,74,4,0,2,0,64,0,13,1,4,0,0,409,29,10,29,0,2,0,3,0,5,0,11,120,6,0,0,12,17,7,0,0,0,3,5,1,0,0,0,12,1,0,0,127,0,50,5,22,0,0,0,5,9,0,147,16,0,3,78,5,11,0,0,1,1,12,12,0,0,8,3,0,0
3,1,0,0,10,4,4,0,0,1,5,1,0,3,13,0,0,0,0,4,2,1,4,161,0,5,1,0,52,13,0,552,2,0,0,0,122,20,4,1,5,1,1,1,2,0,5,0,19,106,14,0,0,0,0,80,137,0,0,199,1,0,2,252,5,10,0,1,3,0,6,1,0,3,0,5,165,0,0,0,203,0,0,0,0,9,0,0,1,3,249,0,2,1,2,12,2,9,0,1,1,0,0,0,3,0,0,1,3,0,0,11,3,1,41,0,1,0,0,0,4,1,526,1,1,0,0,34,36,12,0,3,0,3,55,3,7,2,1,14,14,0,1,1,0,0,0,0,0,0,1,0,1,1,1,0,0,0,0,0,9,0,1,1,0,497,7,0,0,0,1,0,0
0,5,3,2,39,5,1,0,1,10,11,0,0,70,38,0,1,0,1,13,3,4,4,21,0,8,4,2,520,8,4,537,8,3,0,0,262,5,12,24,31,4,2,2,3,2,18,3,87,745,23,1,0,1,9,141,177,1,1,141,7,0,2,811,0,83,8,5,4,1,25,0,4,139,1,5,907,0,6,4,129,0,0,2,2,6,1,0,1,8,386,0,1,2,6,38,17,13,0,4,2,0,2,1,1,0,4,5,12,0,0,29,2,25,45,0,7,5,0,2,1,3,166,2,1,0,1,12,232,2,2,57,0,45,381,0,22,0,42,6,155,0,12,8,0,0,4,8,0,0,1,3,0,1,3,0,0,0,0,1,4,3,180,0,0,126,20,0,2,0,40,0,0
0,1,0,0,0,0,2,0,0,0,5,0,0,0,54,0,0,0,0,12,2,0,0,2,0,0,0,0,221,1,0,56,0,5,0,0,7,0,0,1,2,2,0,0,1,1,1,2,1,343,2,0,0,0,0,9,160,0,0,1,0,0,0,30,0,19,1,0,0,0,5,0,1,0,0,5,111,0,1,3,20,1,0,1,0,3,0,0,0,1,26,0,4,0,0,1,6,3,0,0,0,0,0,0,0,0,0,1,1,0,0,8,0,3,0,2,4,0,0,0,0,0,13,0,0,0,0,1,59,2,0,2,0,2,18,0,16,0,3,0,11,0,23,4,0,0,0,0,0,0,0,0,1,0,1,0,0,0,0,0,0,0,5,0,0,18,0,0,0,0,0,0,0
1,221,18,11,1,176,0,0,0,1,0,4,0,0,0,0,0,0,100,42,27,122,10,0,171,97,7,0,0,0,2,0,38,0,0,0,0,0,0,0,1,4,13,0,0,6,10,1,6,0,0,0,2,0,1,0,1,19,0,0,0,0,0,0,0,0,5,0,2,0,11,0,0,40,15,0,0,0,1,0,0,0,11,0,0,0,2,0,5,0,0,0,0,2,0,6,0,2,2,45,3,0,3,0,135,0,23,0,0,1,0,21,11,0,3,0,0,0,2,0,0,0,0,5,0,0,0,0,1,41,0,0,0,0,0,0,0,0,0,0,0,0,0,1,0,27,6,287,4,0,0,9,0,2,3,2,0,1,33,224,1,0,0,5,0,0,1,0,0,13,0,0,6
0,1,2,8,0,15,0,0,0,0,0,2,0,0,0,0,0,0,2,0,256,1,107,0,4,5,157,0,0,0,0,0,2,0,0,0,0,0,0,0,0,5,0,0,0,2,0,1,4,0,0,0,10,0,1,0,0,15,0,0,2,0,0,0,0,0,0,0,0,0,0,0,0,0,2,0,0,0,1,0,0,0,0,0,0,0,1,0,2,0,0,0,0,0,0,0,0,0,1,13,2,0,0,0,6,0,5,0,0,0,0,2,0,0,0,0,0,0,0,1,0,0,0,27,0,0,0,0,0,3,0,0,0,0,0,0,0,0,0,0,0,0,0,1,0,7,0,7,0,0,0,0,0,0,0,0,0,0,0,1,0,0,0,0,0,0,0,0,0,0,0,0,0
0,1,0,0,5,3,6,9,0,0,1,2,0,12,8,0,8,0,5,1,0,1,0,0,0,0,0,0,0,0,56,0,2,0,23,1,0,0,1,2,0,1,5,231,0,1,0,1,1,0,1,3,0,1,0,1,0,0,485,0,0,0,3,0,2,0,1,5,1,0,0,1,1,0,0,0,0,0,0,0,1,0,2,2,1,0,1,6,2,0,0,0,4,0,0,0,118,0,0,0,0,24,0,0,2,4,0,0,1,19,1,0,1,0,2,0,0,0,0,0,1,0,0,0,0,23,0,0,0,0,0,0,19,0,4,15,0,94,0,8,0,1,0,0,1,0,3,0,0,2,4,0,1,0,0,0,2,0,1,0,2,0,0,1,747,0,0,0,0,0,0,0,0
632,10,35,19,2,8,0,0,2,8,3,323,0,5,1,6,0,313,9,2,10,0,17,19,24,4,14,0,0,757,4,4,48,1,0,3,4,0,1,2,4,191,12,2,18,13,6,6,9,1,146,0,3,0,90,11,72,399,0,81,165,0,0,5,309,0,137,4,2,0,15,0,89,3,65,0,3,0,10,5,2,47,14,3,1,4,418,0,0,2,7,0,2,118,23,2,1,0,4,15,8,0,6,0,63,0,28,4,0,2,0,24,10,1,32,4,11,2,0,300,8,0,3,16,95,0,0,17,124,10,0,3,0,101,0,206,0,0,0,19,0,0,0,3,0,11,12,5,2,0,1,1,3,166,1,1,0,1,2,2,5,0,0,43,0,0,2,0,0,41,1,3,18
0,0,0,0,0,0,0,835,0,0,0,0,1,0,0,0,0,0,0,0,0,0,0,0,0,0,0,288,0,0,0,0,0,0,3,0,0,0,0,0,0,0,0,0,0,0,0,0,0,0,0,62,0,1197,0,0,1,0,0,0,0,1287,0,0,0,0,0,0,0,0,0,37,0,0,0,0,0,1011,0,0,0,0,0,0,0,0,0,3,0,0,0,0,0,0,0,0,0,0,0,0,0,32,0,0,0,0,0,0,50,6,857,0,0,0,0,0,0,0,0,0,0,0,0,0,5,0,0,0,0,0,2,1,7,0,0,5,0,0,0,0,0,0,0,0,0,0,0,0,0,1395,0,0,0,0,0,0,25,0,0,0,0,360,0,0,0,0,0,0,0,0,0,0,0
0,0,0,0,0,0,0,369,0,0,0,0,1,0,0,0,0,0,0,0,0,0,0,0,0,0,0,36,0,0,0,0,0,0,0,0,0,0,0,0,0,0,0,0,0,0,0,0,0,0,0,1076,0,21,0,0,0,0,0,0,0,0,0,0,0,0,0,0,0,0,0,53,0,0,0,0,0,2,0,0,0,0,0,0,0,0,0,281,0,0,0,0,0,0,0,0,0,0,0,0,0,1,0,0,0,0,0,0,5,1,4,0,0,0,0,0,0,0,0,0,0,0,0,0,1,0,0,0,0,0,1,0,1,0,0,0,0,0,0,0,0,0,0,0,0,0,0,0,0,28,0,0,0,0,0,0,349,0,0,0,0,7,0,0,0,0,0,0,0,0,0,0,0
1,0,0,0,1,0,11,23,2,1,0,0,4,20,16,0,6,0,0,6,0,0,0,0,0,0,0,13,0,0,9,0,1,0,198,18,0,0,0,5,0,0,1,42,0,0,1,0,4,0,0,5,0,34,0,1,0,0,48,0,0,11,16,0,0,0,2,0,0,1,0,139,5,0,0,4,0,20,0,0,0,0,1,0,0,1,0,279,0,1,0,0,1,0,0,0,25,0,0,0,0,869,0,0,0,10,0,0,3,669,3,0,0,0,2,0,0,0,0,0,0,0,2,0,0,40,5,0,0,0,63,2,29,1,4,456,0,108,0,3,0,3,0,0,4,0,1,0,0,12,4,0,0,0,0,0,234,0,0,0,1,2,0,0,31,0,0,1,0,0,0,0,0
0,0,0,0,0,0,1,0,17,0,0,0,0,0,1,0,0,0,0,0,0,0,0,0,0,0,0,6,0,0,0,0,0,21,2,0,0,17,79,3,0,0,0,1,0,0,0,0,0,0,0,0,0,10,0,0,1,0,2,0,0,28,3,0,0,1,0,0,0,0,0,3,0,0,0,1,0,27,0,0,0,0,0,0,0,0,0,2,0,0,0,0,0,0,0,15,0,2,0,0,0,20,0,4,0,3,0,0,222,2,5,0,0,0,0,0,0,0,0,0,0,0,0,0,0,0,1,1,0,0,3,53,84,0,0,13,7,38,0,0,2,19,0,0,0,0,0,0,0,1,0,0,0,0,0,0,9,0,0,0,0,4,0,0,7,0,0,0,0,0,0,0,0
0,26,3,3,3,3,0,0,0,16,0,2,0,0,0,0,2,1,8,8,1,14,35,0,3,7,8,0,0,0,15,0,26,0,0,2,0,0,0,0,5,6,1,3,1,8,29,3,17,0,20,0,6,0,8,4,0,8,1,0,0,0,0,0,4,0,2,0,6,0,9,0,0,1,3,0,0,0,34,1,0,0,1,1,3,0,3,0,2,1,0,0,0,3,0,1,0,0,0,2,6,0,3,0,22,0,7,9,0,0,0,3,4,2,2,4,1,0,6,3,0,1,0,7,0,0,0,0,0,0,0,0,0,1,0,0,0,0,0,2,0,0,0,0,0,7,4,15,1,0,0,6,14,2,2,0,0,0,3,0,3,0,0,0,0,0,1,0,0,5,0,1,2
0,64,0,1,0,14,0,0,0,53,6,0,0,0,0,1,4,15,5,5,14,8,7,2,9,22,1,0,0,7,27,3,28,0,0,96,0,0,0,0,39,1,0,5,15,7,85,3,3,2,33,0,0,0,22,5,38,2,0,1,16,0,0,0,7,0,6,2,28,0,189,0,0,3,0,0,3,0,526,148,2,5,1,42,37,22,6,0,3,30,6,0,43,8,9,1,6,0,0,0,20,0,1,0,5,0,0,226,0,1,0,22,22,0,0,25,34,2,1,6,2,4,3,0,9,0,0,0,2,9,0,1,0,2,0,1,0,0,0,11,0,0,0,0,0,0,8,53,1,0,0,81,5,10,4,2,0,0,3,3,1,0,7,4,0,3,0,0,26,24,0,5,2
2,1,0,0,42,3,0,3,3,3,22,0,0,28,0,0,1,1,0,1,0,1,0,14,0,6,0,1,3,74,1,18,0,8,0,0,0,86,34,5,1,3,1,14,0,0,5,0,16,1,47,0,0,2,2,12,12,0,4,12,0,2,0,5,0,4,0,2,2,0,13,0,54,1,0,0,1,1,3,0,1,0,0,1,0,1,1,2,3,9,22,0,0,0,1,467,10,45,0,1,0,1,19,0,0,0,0,1,210,0,0,7,0,23,15,0,0,0,0,0,0,0,1,0,3,1,1,253,1,0,3,82,67,0,2,0,12,9,12,1,12,5,0,0,0,0,0,1,0,1,0,0,0,1,0,0,0,0,0,1,0,4,0,0,12,15,8,1,0,1,12,0,0
4,30,1,0,0,7,0,0,0,3,418,6,0,0,0,1,0,0,5,1,399,15,267,1,1,33,123,0,0,14,2,0,1,0,0,0,0,1,0,0,3,91,4,0,0,1,10,3,42,2,110,0,32,0,0,0,4,55,0,57,1,0,0,0,5,0,0,23,1,0,55,0,0,0,3,0,1,0,0,0,10,9,0,1,1,0,9,0,216,3,3,0,0,1,0,4,0,0,1,2,1,0,0,0,3,0,2,1,0,0,0,306,3,0,1,0,0,0,1,3,1,0,8,23,0,0,1,7,9,0,0,0,0,0,0,0,0,0,0,4,0,0,0,0,0,5,3,0,0,0,0,0,1,0,21,393,0,0,24,1,1,0,0,0,0,2,0,0,0,0,0,1,1
0,0,0,0,0,1,0,0,0,18,0,0,0,0,0,7,1,134,0,3,0,0,0,0,3,0,0,0,0,0,5,0,0,0,0,101,0,0,0,0,1,1,3,2,2,2,0,12,21,0,0,0,0,0,3,1,2,0,0,1,3,0,0,1,1,0,0,2,3,0,6,0,0,0,0,0,0,0,18,102,2,1,0,39,30,111,0,0,3,29,0,0,57,14,11,0,0,0,0,0,2,0,0,0,0,0,0,10,0,1,0,0,32,347,0,124,31,0,0,7,0,1,1,1,145,0,0,0,1,0,1,0,0,0,1,0,0,0,0,3,1,0,0,18,0,0,0,2,0,0,0,74,0,8,0,0,0,0,0,0,0,0,8,0,0,0,0,0,40,0,0,0,0
0,0,0,0,1,0,0,246,1,0,2,0,0,1,0,0,1,0,0,0,0,0,0,0,0,0,0,376,0,0,1,0,0,1,11,0,0,3,0,1,0,0,0,0,0,0,2,0,0,0,0,23,0,265,0,1,0,0,0,0,0,491,7,0,0,0,0,0,0,0,0,35,0,0,0,0,0,588,0,0,0,0,0,0,0,0,0,6,0,12,0,0,0,0,0,232,0,0,90,0,0,19,2,0,0,1,0,0,18,2,477,0,0,3,1,0,1,1,0,0,0,0,0,0,37,0,0,0,0,0,4,12,7,1,0,2,0,1,1,0,0,0,0,0,0,0,0,0,0,231,2,0,0,0,0,0,12,0,0,0,0,535,0,0,0,0,0,0,0,0,0,0,0
0,0,0,0,0,0,0,15,0,0,0,0,0,0,0,0,0,0,0,0,0,0,0,0,0,0,0,18,0,0,0,0,0,1,1,1,0,0,0,0,0,0,0,1,0,0,0,1,0,0,0,47,0,0,0,0,0,0,0,0,0,0,0,1,0,0,0,0,0,0,0,12,0,0,0,0,1,0,0,0,0,0,0,0,0,0,0,9,0,0,0,0,0,0,0,5,0,0,1,0,0,0,0,0,0,0,0,0,0,0,1,0,0,1,0,0,0,1,0,0,0,0,0,0,0,0,0,0,0,0,7,1,0,0,0,0,0,0,0,0,0,0,0,0,0,0,0,0,0,3,0,0,0,0,0,0,17,0,0,0,0,4,0,0,0,0,0,0,0,0,1,0,0
