0.85578,0.23561,0.41015,0.37981,0.1894,0.26959,0.95394,0.6483,0.85446,0.335,0.6688,0.48237,0.87907,0.58687,0.4943,0.3534,0.50501,0.38915,0.53929,0.4104,0.48101,0.47053,0.34556,0.48557,0.24157,0.50362,0.22805,0.57712,0.60123,0.80544,0.22209,0.46167,0.20073,0.82332,0.56772,0.33097,0.32933,0.74904,0.76387,0.65615,0.49004,0.2521,0.31307,0.22799,0.45096,0.18861,0.34937,0.45829,0.15649,0.59138,0.23301,0.71553,0.56338,0.74318,0.60726,0.2819,0.21524,0.5208,0.59365,0.27939,0.3809,0.66313,0.20455,0.64222,0.40633,0.42416,0.26604,0.72131,0.31884,0.78677,0.50254,0.38012,0.60435,0.16812,0.62222,0.97438,0.64245,0.65515,0.41106,0.36312,0.28712,0.72616,0.37637,0.68479,0.64,0.67125,0.45626,0.35231,0.54656,0.39206,0.39785,0.98925,0.71606,0.69792,0.54063,0.51246,0.47433,0.76007,0.54931,0.2446,0.36069,0.7545,0.53836,0.91662,0.19067,0.9622,0.34662,0.23676,0.61453,0.69556,0.67192,0.43776,0.30657,0.71541,0.15639,0.22734,0.50321,0.68248,0.36975,0.60499,0.50236,0.55315,0.63355,0.46571,0.27104,0.80126,0.52896,0.64862,0.51089,0.41958,0.63229,0.30823,0.68624,0.42275,0.45007,0.36808,0.58781,0.42884,0.78768,0.42136,0.34974,0.69391,0.62326,0.47337,0.8329,0.33871,0.3484,0.33892,0.46356,0.81654,0.61769,0.27182,0.31979,0.50687,0.43805,0.89211,0.30363,0.56695,0.223,0.50847,0.35405,0.80442,0.41194,0.59841,0.70177,0.695,0.70982,0.74127,0.4577,0.48829,0.44589,0.74766,0.4557
0.54974
0,36,299,153,0,36,0,0,0,0,0,69,0,0,0,1,0,4,86,12,1,2,2,0,172,9,6,0,0,0,0,0,8,0,0,0,1,0,0,0,1,9,242,0,0,1,1,0,5,0,0,0,176,0,2,0,0,17,0,0,0,0,0,0,1,1,26,0,0,0,0,0,8,101,448,0,0,0,0,0,0,0,90,0,0,0,33,0,0,0,0,0,0,2,0,0,0,0,88,215,0,0,9,0,40,0,200,0,0,0,0,0,2,0,30,0,0,0,1,17,0,2,0,37,0,0,0,0,0,21,0,0,0,0,0,0,0,0,0,0,0,0,0,0,0,210,13,9,0,0,0,0,0,20,4,0,0,27,17,8,3,0,0,11,0,0,0,0,0,9,0,0,10
0,1,9,67,1,14,0,0,0,11,0,3,0,0,0,6,0,2,0,1,0,0,0,0,20,0,7,0,0,0,70,0,84,0,0,1,4,0,0,0,1,0,58,0,21,105,5,3,0,0,0,0,1,0,1,0,2,0,0,4,2,0,0,0,0,0,15,0,21,0,0,0,0,49,1,0,0,0,3,0,0,2,344,0,1,1,0,0,0,0,1,0,6,1,0,0,0,0,28,4,60,0,393,0,5,0,5,20,0,21,0,0,6,0,0,14,2,0,1,1,29,510,0,26,0,0,0,0,0,360,0,0,0,0,0,0,0,0,0,1,0,0,0,7,0,2,316,12,229,0,0,8,1,0,0,0,0,398,12,0,9,0,14,301,0,0,0,0,0,1,0,0,252
1,41,41,41,25,34,1,1,1,14,6,19,6,1,0,0,1,1,28,119,1,7,54,0,60,11,14,0,2,0,12,0,88,2,0,28,11,2,0,5,9,3,98,1,2,64,48,3,58,0,36,0,27,1,6,16,3,38,0,4,1,1,8,0,3,0,9,1,3,1,0,0,4,103,5,3,1,0,2,0,0,0,116,1,0,1,5,0,0,0,9,0,0,2,0,4,4,14,41,114,2,5,22,0,110,4,127,1,0,4,1,3,11,0,13,9,4,1,28,4,0,12,2,70,4,0,13,1,0,61,1,1,3,19,0,1,0,0,1,2,0,8,1,4,1,60,40,97,28,0,0,12,8,4,9,0,0,42,5,11,44,0,0,16,1,2,0,7,0,17,1,1,45
0,148,157,35,0,103,0,0,0,0,0,21,0,0,0,0,0,0,453,9,57,29,32,0,30,29,67,0,0,3,0,0,0,0,0,0,2,0,0,0,3,176,57,0,0,0,1,0,8,0,2,0,360,0,1,0,1,108,0,0,3,0,1,0,0,0,4,1,3,0,8,0,2,22,94,0,0,0,0,0,0,0,7,0,0,0,26,0,51,0,0,0,0,2,0,0,0,0,23,168,0,0,0,0,48,0,58,0,0,0,0,12,3,0,50,1,0,0,0,2,0,0,0,19,0,0,0,0,3,9,0,0,0,2,0,0,0,0,0,0,0,0,0,1,0,231,1,9,0,0,0,0,0,5,23,4,0,0,128,20,1,0,0,0,0,0,0,0,0,0,0,0,1
0,6,28,75,0,28,0,0,0,1,0,2,0,0,0,0,0,0,4,2,1,2,0,0,28,3,0,0,0,0,3,0,3,0,0,0,0,0,0,0,0,0,35,0,0,1,0,0,0,0,0,0,1,0,0,0,0,0,0,0,0,0,0,0,0,0,4,0,0,0,0,0,0,116,1,0,0,0,0,0,0,0,55,0,0,0,0,0,0,0,0,0,0,1,0,0,0,0,5,49,1,0,16,0,14,0,29,0,0,0,0,1,0,0,4,1,0,0,0,0,1,8,0,1,0,0,0,0,0,75,0,0,0,0,0,0,0,0,0,0,0,0,0,0,0,10,22,19,5,0,0,0,0,2,0,0,0,47,0,1,0,0,0,7,0,0,0,0,0,0,0,0,11
2,103,14,11,95,68,2,0,0,14,16,16,0,0,0,0,12,0,36,300,26,75,126,0,31,104,17,0,2,3,13,5,54,0,0,7,18,6,1,1,33,8,14,5,0,37,283,6,123,6,136,0,7,0,25,31,13,17,4,1,7,0,7,6,6,0,30,10,16,0,19,0,10,26,7,0,9,0,5,5,3,0,13,0,1,0,7,0,5,2,15,0,1,4,2,7,1,2,3,58,2,0,6,0,118,0,42,6,2,1,0,35,35,0,21,6,4,17,110,12,1,1,2,12,3,0,0,2,4,27,0,2,0,26,3,0,0,0,0,7,0,0,0,18,0,32,49,77,1,0,0,17,86,6,46,1,0,6,50,22,141,0,6,5,0,15,4,0,0,36,0,19,28
0,0,88,286,0,2,0,0,0,0,0,23,0,0,0,0,2,0,0,1,0,0,7,0,5,0,99,0,0,0,4,0,32,0,0,0,0,0,0,0,0,1,192,0,13,58,0,9,6,0,6,0,9,0,0,0,0,7,0,0,14,0,0,0,1,0,8,0,0,0,0,0,0,15,2,0,0,0,0,0,0,0,132,0,0,0,4,0,0,0,0,0,0,1,0,0,0,0,440,91,7,0,21,0,2,0,38,0,0,0,0,1,168,0,0,0,0,0,0,1,15,2,0,421,0,0,0,0,0,16,0,0,0,0,0,0,0,0,0,0,0,0,0,19,0,30,24,3,4,0,0,0,1,1,0,0,0,12,0,0,6,0,0,30,0,0,0,0,0,0,0,0,10
0,3,1,1,1,1,0,0,0,1,1,0,0,0,7,0,0,0,2,0,0,3,0,0,0,0,0,0,0,0,6,0,0,0,3,0,0,0,0,1,0,0,1,37,0,0,1,0,0,0,0,1,0,2,0,1,0,0,9,4,0,0,1,0,1,0,0,1,0,0,0,0,0,0,5,0,0,0,0,0,0,0,0,0,0,1,2,0,2,0,0,0,1,1,0,0,0,1,0,0,0,1,0,0,0,1,0,0,0,1,0,0,0,0,9,2,0,0,0,0,0,0,1,2,0,1,0,0,1,0,0,0,0,0,0,11,0,21,0,9,0,0,0,0,0,0,0,0,0,0,2,0,16,0,0,0,0,0,1,0,0,1,0,0,104,0,0,2,0,5,0,0,1
4,0,0,0,44,0,8,3,67,0,11,0,111,4,347,0,1,3,0,6,3,0,0,387,0,1,0,2,11,9,0,12,0,234,3,2,185,174,245,66,0,1,0,13,0,0,0,0,32,4,4,3,0,3,1,17,9,0,3,30,0,2,7,5,0,251,0,4,0,204,5,11,2,0,0,10,4,2,0,1,263,0,0,0,1,0,0,4,2,3,24,13,0,26,1,38,32,849,0,0,16,3,0,121,0,3,0,0,7,0,1,7,0,24,7,2,0,5,0,1,0,0,7,0,7,3,18,707,5,0,62,174,18,3,3,6,372,1,1291,0,184,274,493,0,0,0,0,1,0,0,7,0,0,0,0,0,9,0,0,78,0,7,6,0,2,5,114,1,0,0,342,0,0
0,0,0,0,0,0,0,27,0,0,0,0,0,0,0,0,0,0,0,0,0,0,0,0,0,0,0,10,0,0,0,0,0,0,3,0,0,0,0,0,0,0,0,0,0,0,0,0,0,0,0,145,0,15,0,0,0,0,0,0,0,0,0,0,0,0,0,0,0,0,0,226,0,0,0,0,0,5,0,0,0,0,0,0,0,0,0,29,0,0,0,0,0,0,0,0,0,0,0,0,0,12,0,0,0,0,0,0,0,10,1,0,0,0,0,0,0,0,0,0,0,0,0,0,0,2,0,0,0,0,64,0,0,0,0,2,0,0,0,0,0,0,0,0,0,0,0,0,0,4,0,0,0,0,0,0,266,0,0,0,0,1,0,0,0,0,0,0,0,0,0,0,0
0,0,0,0,5,0,13,10,0,2,1,0,0,6,2,0,18,2,0,0,0,0,0,0,0,0,0,1,0,0,1,0,0,1,34,13,0,0,0,2,0,0,0,130,0,0,3,0,51,0,0,1,0,5,0,0,0,0,21,0,0,6,14,0,0,0,1,0,4,0,0,12,0,0,37,6,0,3,1,1,2,0,1,0,0,0,0,92,0,1,0,2,1,0,0,2,17,1,0,0,0,96,0,0,0,1,0,2,2,65,0,0,1,0,2,3,2,0,0,0,0,0,3,0,0,13,2,0,0,0,28,1,19,0,5,187,1,78,0,3,0,1,0,0,2,0,1,0,1,1,8,1,24,0,1,0,21,0,0,5,1,0,0,0,13,0,0,22,0,1,2,1,0
0,1,0,0,18,0,1,1,96,3,0,0,1,31,4,0,4,0,1,2,0,0,0,0,0,3,0,0,1,0,3,3,4,6,5,1,0,8,17,4,3,0,0,138,2,4,14,2,18,1,4,0,0,4,0,18,1,0,9,27,1,10,14,14,0,9,1,3,1,6,10,1,1,1,1,2,3,4,2,1,25,0,0,3,0,4,0,0,0,12,5,4,2,2,0,160,8,25,2,0,3,16,29,1,0,7,0,1,3,7,1,1,2,0,71,1,2,0,0,0,1,0,5,0,0,1,6,35,2,2,2,12,102,1,5,119,12,232,48,16,7,34,0,2,1,0,8,0,0,1,1,0,270,0,0,0,0,0,0,5,4,1,0,0,17,4,7,1,0,0,41,0,9
7,0,0,0,124,1,0,0,2,3,0,1,1,175,0,1,1,0,0,16,0,0,0,52,0,0,0,1,3,5,0,8,1,0,5,0,1,0,0,0,0,0,1,40,1,4,4,2,31,2,0,0,0,0,11,158,10,0,2,3,3,0,16,50,0,2,12,4,5,0,7,0,36,6,0,0,11,0,6,11,10,1,0,5,0,3,1,1,0,23,2,0,0,5,0,20,116,3,1,0,2,1,1,1,0,0,0,7,1,0,0,3,1,21,0,1,2,5,0,1,0,0,0,0,8,0,0,10,5,0,12,4,0,353,4,0,5,0,18,7,17,0,4,1,0,0,0,0,0,0,1,1,0,2,0,0,1,0,0,1,1,1,8,1,0,7,5,0,0,0,226,0,1
0,2,4,13,1,60,0,0,0,60,0,21,0,1,0,135,0,132,5,24,3,6,12,0,75,0,24,0,1,1,116,0,200,0,0,0,9,0,0,0,3,1,16,0,54,202,47,12,6,1,11,0,3,0,40,0,2,6,0,1,13,0,0,0,6,0,211,2,75,0,2,0,4,65,2,0,0,0,14,11,1,6,100,4,2,2,7,0,0,0,0,0,1,12,4,0,0,0,18,14,120,1,158,0,31,0,6,30,0,7,0,0,12,0,0,74,5,2,23,38,29,248,0,54,4,0,0,0,0,151,0,0,0,1,0,0,0,0,0,11,0,0,0,5,0,2,171,91,127,0,0,87,6,50,0,0,0,107,13,23,54,0,48,57,0,0,0,0,5,13,0,9,91
0,70,4,0,0,27,0,0,0,0,7,2,0,0,0,0,0,0,20,9,6,248,15,0,3,185,8,0,0,1,0,0,0,0,0,0,0,0,0,0,0,8,1,0,0,0,1,0,2,0,1,0,2,0,0,0,0,7,1,1,0,0,0,1,0,0,0,14,1,0,6,0,0,2,2,2,0,0,0,0,0,0,0,0,0,0,0,0,28,1,0,0,0,0,0,0,0,0,0,10,0,0,0,0,29,0,0,0,0,0,0,21,3,0,16,0,0,0,2,0,0,0,0,0,0,0,0,0,1,0,0,0,0,0,0,0,0,0,0,0,0,0,0,0,0,2,0,8,0,0,0,0,0,0,83,3,0,0,82,1,0,0,0,0,0,1,0,0,0,1,0,0,0
1,0,0,0,0,0,0,0,0,1,4,0,0,0,2,0,0,0,0,2,1,0,0,0,1,2,0,0,10,0,2,8,2,0,1,2,4,0,0,1,19,0,0,0,1,1,16,0,3,38,0,0,1,0,3,1,44,0,0,23,1,0,1,41,0,5,0,0,2,0,0,0,1,0,0,0,77,0,4,1,112,0,0,1,1,0,0,0,2,0,102,0,2,0,1,1,0,2,0,1,0,0,0,0,0,2,0,5,0,0,0,0,0,0,1,1,3,2,1,2,0,0,39,0,0,0,2,0,39,0,0,1,0,1,30,0,3,0,1,0,3,0,1,0,0,0,3,0,0,0,0,0,0,0,1,0,0,0,0,0,6,0,0,0,0,3,0,0,0,1,0,13,1
8,0,0,0,1,0,7,1,3,0,14,0,9,0,1,0,1,0,0,2,1,0,0,0,0,2,0,1,0,0,0,0,0,3,2,0,0,4,1,21,4,0,0,0,0,0,1,0,0,1,1,0,0,3,0,0,1,0,4,73,0,0,14,0,0,22,0,3,0,23,0,1,0,0,0,1,1,0,0,1,0,0,0,0,0,0,0,3,22,0,24,2,0,0,0,4,0,3,0,0,0,0,0,2,0,4,0,0,12,1,0,1,0,1,2,0,1,0,0,1,0,0,14,0,0,0,347,3,0,0,0,6,18,0,1,8,24,0,1,0,2,41,0,0,1,0,0,0,0,0,1,0,0,0,0,1,1,0,0,0,0,0,0,0,6,0,2,467,0,0,0,0,0
44,5,3,2,7,3,0,1,0,21,1,140,1,0,0,10,3,416,0,9,6,0,6,2,16,7,3,0,0,44,18,0,42,0,0,12,1,0,0,0,8,66,0,1,4,20,22,4,5,0,15,0,0,0,535,9,17,23,0,0,40,0,2,2,49,0,228,2,25,0,4,0,417,0,7,0,1,0,20,6,0,8,1,1,2,1,412,1,0,0,8,0,0,536,346,0,0,2,2,8,13,0,2,0,11,0,2,12,0,39,0,10,1,2,7,108,8,7,10,703,0,6,0,7,13,0,0,0,6,13,0,1,0,145,0,17,1,0,0,14,0,0,0,2,0,3,20,4,8,0,0,17,19,369,7,0,0,1,4,1,9,1,1,3,0,0,0,0,1,99,0,7,11
0,0,0,11,0,0,0,0,0,16,0,1,0,0,0,6,0,1,0,0,0,0,12,0,0,0,15,0,0,0,69,0,29,0,0,3,2,0,0,0,0,0,2,0,423,123,8,80,2,0,0,0,0,0,3,0,6,0,0,0,55,0,0,0,11,0,4,1,45,0,0,0,0,1,0,0,0,0,19,24,0,33,5,89,24,31,0,0,0,0,0,0,26,0,0,0,1,0,24,0,312,0,25,0,2,0,0,67,0,3,0,0,2,0,0,5,56,0,0,2,319,17,0,59,1,0,0,0,0,6,0,0,0,0,0,0,0,0,0,35,0,0,0,89,0,0,11,4,16,0,0,10,1,0,0,0,0,8,0,0,2,0,12,10,0,0,0,0,0,0,0,1,2
0,0,0,0,0,0,2,1,4,0,0,0,1,0,0,0,2,0,0,0,0,0,0,0,0,0,0,1,0,0,0,0,0,4,2,0,0,8,8,6,0,0,0,1,0,0,0,0,0,0,0,7,0,4,0,0,0,0,1,0,0,4,5,0,0,0,0,0,0,0,0,1,0,0,0,2,0,1,0,0,0,0,0,0,0,0,0,9,0,0,2,1,0,0,0,28,1,0,0,0,0,6,0,1,0,2,0,0,888,0,1,0,0,0,0,0,0,0,0,0,0,0,0,0,0,1,7,0,0,0,0,34,1087,0,0,2,10,4,0,0,0,18,0,0,0,0,0,0,0,1,0,0,4,0,0,0,4,0,0,0,0,0,0,0,23,0,0,2,0,0,0,0,0
11,0,0,0,143,0,1,0,0,1,3,0,0,65,33,0,58,2,0,0,0,2,0,0,0,0,0,2,0,0,8,0,0,0,48,1,0,0,0,0,0,81,1,27,0,0,0,0,8,0,1,1,0,4,0,0,0,0,7,3,0,2,2,0,0,0,0,26,1,0,0,1,0,0,2,1,0,0,0,0,2,0,0,0,0,0,0,5,0,0,0,0,0,0,0,2,1,0,0,0,0,6,0,0,0,0,0,0,0,2,0,0,1,1,1,0,0,0,0,0,0,0,0,0,2,61,0,0,0,0,2,0,2,0,0,16,0,4,1,3,0,0,4,0,101,0,0,3,0,1,391,2,1,0,2,0,1,0,1,1,0,0,0,0,23,0,0,0,1,2,0,0,0
0,0,0,0,3,0,1802,0,3,0,12,0,15,0,0,0,1,0,0,0,0,0,0,0,0,0,0,0,0,0,0,0,0,8,0,1,0,11,6,385,1,0,0,0,0,0,2,0,0,0,0,0,0,0,0,0,1,0,8,6,0,0,44,0,0,8,0,1,1,4,0,0,0,0,0,2282,0,0,0,0,1,0,0,0,0,1,0,0,2,0,68,3590,0,0,1,1,9,37,0,0,0,0,0,5,0,1731,0,0,3,0,0,0,0,1,3,0,1,2,0,0,0,0,3,0,0,0,19,2,0,0,0,2,35,0,3,0,6,0,0,0,1,26,0,0,0,0,0,0,0,0,0,0,2,0,0,0,0,0,0,0,0,0,0,0,0,0,10,9,0,0,1,0,0
8,1,1,3,4,1,20,1,1,7,5,0,0,17,15,1,17,2,2,40,4,0,1,5,0,4,2,0,2,0,7,2,5,0,35,3,0,0,0,1,3,2,2,27,1,1,3,1,4,2,0,4,0,1,2,125,2,0,218,5,0,1,1,3,1,0,4,0,13,0,4,1,3,2,0,1,0,0,1,2,6,0,2,5,1,12,0,8,1,1,3,1,9,5,2,3,388,0,0,3,1,32,2,0,1,5,0,2,1,18,2,0,0,23,3,11,6,374,1,2,0,7,3,0,18,17,16,3,1,5,0,0,11,0,238,5,0,6,0,0,0,0,10,12,18,0,14,1,1,0,10,9,3,1,1,0,1,6,1,0,3,0,4,2,16,4,0,8,4,2,2,2,4
1,3,0,3,10,17,0,0,0,300,0,5,0,0,0,64,25,48,2,8,0,6,70,1,38,7,12,0,6,1,159,0,164,0,0,15,14,0,0,0,55,3,0,30,135,180,163,86,23,0,49,0,1,0,45,0,19,2,0,0,83,0,2,1,47,1,77,4,209,0,17,0,1,5,0,0,0,0,244,91,0,51,13,72,39,43,2,0,6,2,0,0,73,7,194,3,1,0,2,0,145,1,14,0,18,0,1,207,0,17,0,1,16,2,0,115,59,13,38,12,91,62,0,20,17,0,0,0,2,23,0,1,0,11,0,0,0,0,0,181,0,0,0,34,0,2,46,45,44,0,0,190,71,24,1,0,0,17,29,27,22,0,109,5,0,0,0,0,211,13,0,11,14
0,7,0,3,70,16,1,2,0,335,3,15,0,1,4,10,175,17,2,47,2,6,112,6,18,6,16,2,24,0,189,3,219,4,0,233,85,0,3,2,246,4,1,64,136,183,443,176,54,25,216,1,0,0,90,81,58,8,1,0,101,0,7,6,66,3,93,9,242,0,43,1,3,6,1,0,27,0,265,73,8,69,9,79,56,128,12,0,5,66,33,0,103,12,23,7,7,2,11,3,56,1,8,2,11,0,6,221,0,19,0,3,31,9,2,102,136,99,132,17,75,24,3,35,83,0,1,2,23,28,1,7,0,119,8,1,0,0,0,359,0,0,5,86,0,0,118,22,17,0,1,163,299,13,5,0,0,18,55,7,188,3,283,8,0,1,1,0,20,31,3,240,30
0,0,0,0,0,0,2,0,0,21,0,0,0,0,0,128,4,6,0,0,0,1,15,0,0,0,5,0,4,1,33,0,1,0,0,164,18,0,0,0,3,0,0,0,108,15,0,489,2,1,4,0,0,0,2,0,18,3,0,0,323,0,0,0,243,0,3,29,36,0,11,0,0,0,0,0,1,0,36,70,1,594,0,743,368,635,0,0,78,247,1,0,865,0,9,0,1,0,0,0,68,0,0,0,0,0,0,112,0,3,0,0,115,31,0,37,392,3,0,0,56,8,0,1,117,0,0,0,5,0,0,0,0,0,0,0,0,0,0,127,0,0,0,391,0,0,0,1,0,0,0,48,5,1,1,0,0,2,5,0,2,0,12,1,0,0,0,0,64,0,0,0,0
0,0,0,0,0,0,0,15,0,0,0,0,0,0,0,0,0,2,0,0,0,0,0,0,0,0,0,12,0,0,0,0,0,0,15,4,0,0,0,0,0,0,0,2,0,0,0,0,58,0,0,98,0,5,0,0,0,0,0,0,0,0,2,0,0,0,0,0,0,0,1,258,0,0,0,0,0,3,0,0,0,0,0,0,0,0,0,32,0,1,0,0,0,0,0,3,0,0,1,0,0,25,0,0,0,0,0,0,0,14,4,0,0,0,1,1,0,1,0,0,0,0,0,0,1,2,0,0,0,0,466,0,1,0,0,2,0,0,0,0,0,0,0,0,0,0,0,0,0,5,1,0,0,0,0,0,129,0,0,0,0,7,0,0,0,0,0,6,1,0,2,0,0
0,0,0,0,101,0,1,4,17,0,46,0,9,706,101,0,353,0,0,1,0,0,0,0,0,1,0,4,0,0,23,0,0,0,415,1,0,0,0,3,0,14,0,9,0,0,0,0,1,0,1,4,0,16,0,0,0,0,34,1,0,10,8,0,1,2,0,1,0,4,0,8,45,0,0,3,1,1,0,0,1,0,0,0,0,0,0,29,1,0,0,0,0,3,0,2,14,0,0,0,0,44,0,0,0,4,0,0,0,15,7,1,0,0,34,1,0,0,0,0,0,0,2,0,0,887,7,1,0,0,9,0,16,0,4,19,0,22,0,1,0,0,1,0,648,0,0,0,0,38,191,0,3,0,1,0,8,1,0,0,0,0,0,0,45,0,0,4,1,1,0,2,0
2,0,0,0,23,0,5,1,1227,0,5,0,1134,1,63,0,3,0,0,2,1,0,0,103,0,0,0,1,3,4,0,9,0,1384,6,0,23,976,1294,1019,0,1,0,1,0,0,0,0,4,1,0,6,0,11,0,1,2,0,4,30,0,12,63,4,0,316,0,2,0,904,0,26,0,0,0,15,3,8,0,0,25,0,0,0,0,1,0,31,0,3,30,16,0,9,0,16,16,114,0,0,1,8,0,1572,0,18,0,0,22,1,2,6,0,5,7,0,0,1,0,0,0,0,1,0,4,23,196,46,0,0,11,221,42,5,6,43,733,2,222,0,124,968,244,0,2,0,0,0,0,0,1,0,1,0,0,0,28,0,0,8,0,3,0,0,10,3,477,1,0,2,96,0,0
1,140,26,16,2,234,1,0,0,75,24,8,0,5,0,1,0,1,73,12,12,495,405,4,5,557,161,0,0,5,2,6,7,0,0,1,2,7,0,0,18,39,24,15,4,21,24,103,78,2,106,0,12,0,3,16,4,13,0,22,4,0,6,16,10,0,0,484,1,0,494,0,4,11,5,0,3,0,1,4,12,0,3,4,0,3,3,0,74,184,5,0,2,3,0,5,1,0,24,61,6,0,5,0,77,0,8,1,5,0,0,422,58,51,57,2,12,1,2,1,4,1,9,82,18,0,1,16,14,3,0,0,0,1,2,0,0,0,0,12,1,0,0,132,0,45,8,24,0,0,0,0,2,1,198,26,0,4,89,2,9,0,0,1,0,16,14,0,0,1,0,0,3
3,2,1,0,3,1,4,0,0,1,5,0,0,2,13,0,0,0,0,3,1,1,1,167,0,6,1,0,43,12,0,536,3,0,0,0,110,15,3,1,4,0,0,9,2,1,8,3,16,82,18,0,0,0,0,77,114,0,0,240,3,0,7,245,7,8,0,0,2,0,5,0,0,4,1,3,152,0,0,0,193,1,0,0,0,4,0,0,0,6,224,0,1,2,2,18,2,8,0,1,4,0,0,0,1,0,0,0,2,0,0,11,4,0,18,2,1,0,0,0,2,1,574,1,1,0,0,36,42,9,0,7,0,2,55,1,10,1,0,11,12,0,1,0,0,0,0,0,1,0,1,1,1,0,6,0,0,0,1,0,4,0,1,1,0,556,9,0,1,1,4,3,0
0,4,1,1,21,7,1,0,1,8,6,0,0,108,37,0,1,1,1,10,2,3,6,18,0,9,2,0,487,4,3,490,9,3,2,0,247,7,12,19,24,3,0,26,2,1,18,3,98,686,10,1,0,1,6,232,161,1,1,176,8,0,10,788,0,81,3,9,5,2,25,0,4,105,0,2,796,0,8,3,207,0,0,2,3,5,0,0,0,5,407,0,1,1,7,30,19,14,1,6,2,0,3,2,2,0,2,6,10,0,0,32,1,6,25,2,6,2,0,2,1,3,209,4,3,0,0,14,352,6,2,92,0,20,329,1,32,0,47,5,199,0,8,5,0,0,2,7,0,0,0,1,0,0,4,0,0,0,1,1,4,2,166,0,0,126,17,0,1,0,29,2,1
0,1,0,0,1,0,3,0,0,0,2,0,0,0,50,0,0,0,0,11,1,0,0,2,0,0,0,0,209,2,0,65,0,6,0,0,5,0,1,0,0,2,0,0,1,0,1,1,2,301,2,0,0,0,0,10,153,0,0,0,0,0,2,34,1,29,0,1,1,0,7,0,0,0,0,3,143,0,2,2,28,1,0,1,0,5,0,0,0,2,27,0,3,1,2,2,2,1,0,0,0,0,0,5,0,0,0,0,1,1,0,8,0,2,0,3,5,0,0,0,0,0,10,0,0,0,0,0,67,2,0,7,0,1,21,0,12,0,0,0,10,0,16,4,0,0,0,0,0,0,0,1,0,0,1,0,0,0,0,0,1,0,5,0,0,18,1,0,0,0,0,0,0
1,217,10,11,2,176,0,0,0,3,0,5,0,0,0,0,0,0,99,45,26,124,9,0,170,88,10,0,0,0,1,0,41,0,0,0,1,0,0,0,2,4,12,0,0,5,11,0,6,0,0,0,2,0,1,0,2,14,0,0,1,0,0,0,0,0,8,0,2,0,13,0,1,41,14,0,0,0,1,1,0,0,10,0,0,0,4,0,3,0,0,0,0,0,0,0,0,0,3,43,3,0,4,0,143,0,27,0,0,0,0,22,11,0,12,0,0,0,3,1,0,2,0,4,0,0,0,0,1,22,0,0,0,0,0,0,0,0,0,0,0,0,0,1,0,23,6,263,7,0,0,6,0,1,17,3,0,4,39,240,1,0,0,3,0,0,1,0,0,13,0,0,10
0,1,1,8,0,10,0,0,0,0,0,4,0,0,0,0,0,0,2,0,233,1,131,0,3,4,174,0,0,0,0,0,3,0,0,0,0,0,0,0,0,5,0,0,0,2,0,2,3,0,0,0,8,0,1,0,0,10,0,0,3,0,0,0,0,0,0,0,0,0,0,0,0,1,3,0,0,0,0,0,0,0,0,0,0,0,1,0,1,0,0,0,0,0,0,0,0,0,2,9,3,0,0,0,5,0,5,0,0,0,0,2,0,0,0,0,0,0,0,1,0,0,0,21,0,0,0,0,0,2,0,0,0,0,0,0,0,0,0,0,0,0,0,2,0,7,0,5,0,0,0,0,0,0,0,0,0,0,1,4,0,0,0,0,0,0,0,0,0,0,0,0,0
0,2,1,0,6,2,2,6,0,0,0,1,0,14,9,0,6,0,3,1,0,1,0,0,0,0,0,0,0,0,54,0,0,0,14,0,0,0,0,1,0,1,0,202,1,0,0,0,1,0,0,3,0,1,0,1,0,0,542,0,0,1,1,0,0,1,1,7,0,0,0,2,1,0,0,1,0,0,0,0,1,0,1,2,0,0,1,6,2,0,0,0,4,0,0,0,122,0,0,1,1,20,0,0,3,5,0,0,1,15,0,0,0,0,2,0,0,0,0,0,1,0,0,0,0,32,0,0,0,1,1,0,21,0,5,27,1,64,0,9,0,1,0,1,1,0,3,1,0,0,10,0,38,0,0,0,0,0,0,0,2,0,0,1,713,0,0,1,0,1,0,0,0
629,13,23,10,2,6,1,0,1,7,4,342,0,5,0,6,0,292,8,2,5,1,22,22,23,5,10,0,0,799,1,4,33,1,0,3,4,2,5,0,5,180,8,1,9,18,9,3,5,0,160,0,2,0,70,9,58,363,0,3,161,0,1,3,334,0,107,3,2,0,8,0,94,5,71,0,2,0,9,15,1,42,8,3,0,4,372,0,2,2,6,0,2,108,25,13,0,0,6,15,9,0,5,0,52,0,19,10,0,3,0,16,9,1,42,4,9,7,0,323,8,0,8,7,80,0,0,10,105,9,0,4,0,118,2,175,0,0,0,16,0,0,2,2,0,9,15,6,4,0,1,0,2,193,8,1,0,2,2,2,5,0,0,38,0,3,1,0,0,271,2,2,10
0,0,0,0,0,0,0,800,0,0,0,0,0,0,0,0,0,0,0,0,0,0,0,0,0,0,0,666,0,0,0,0,0,0,7,0,0,0,0,0,0,0,0,0,0,0,0,0,0,0,0,56,0,1172,0,0,0,0,0,0,0,1313,4,0,0,0,0,0,0,0,0,57,0,0,0,0,0,1024,0,0,0,0,0,0,0,0,0,1,0,0,0,0,0,0,0,0,0,0,0,0,0,26,0,0,0,0,0,0,51,8,852,0,0,0,0,0,0,0,0,0,0,0,0,0,1,1,2,0,0,0,1,2,12,0,0,4,0,0,0,0,0,0,0,0,0,0,0,0,0,1224,0,0,0,0,0,0,45,0,0,0,0,137,0,0,0,0,0,4,0,0,0,0,0
0,0,0,0,0,0,0,63,0,0,0,0,0,0,0,0,0,0,0,0,0,0,0,0,0,0,0,53,0,0,0,0,0,0,0,0,0,0,0,0,0,0,0,0,0,0,0,0,0,0,0,986,0,23,0,0,0,0,0,0,0,0,1,0,0,0,0,0,0,0,0,436,0,0,0,0,0,2,0,0,0,0,0,0,0,0,0,278,0,0,0,0,0,0,0,0,0,0,0,0,0,1,0,0,0,0,0,0,4,0,6,0,0,0,0,0,0,0,0,0,0,0,0,0,0,0,0,0,0,0,2,0,1,0,0,0,0,0,0,0,0,0,0,0,0,0,0,0,0,29,0,0,0,0,0,0,351,0,0,0,0,0,0,0,0,0,0,1,0,0,0,0,0
1,0,0,0,2,0,8,32,0,1,0,0,1,32,12,0,5,0,0,5,0,0,0,0,0,0,0,12,0,0,8,0,1,0,121,19,0,0,0,6,0,0,1,46,0,0,1,0,5,0,0,5,0,29,0,0,0,0,36,0,0,15,20,0,0,0,1,0,1,1,0,50,2,0,0,5,0,22,0,0,0,0,1,0,0,0,0,297,0,1,0,0,1,1,0,0,24,0,0,0,0,1048,0,0,0,9,0,1,3,642,2,0,0,0,1,0,0,0,0,0,0,0,0,0,1,60,10,0,0,0,61,0,26,1,3,392,0,86,0,3,0,0,0,0,3,0,1,0,0,3,5,0,32,0,0,0,198,0,0,0,1,2,0,0,22,0,0,92,0,0,0,0,0
0,0,0,0,1,0,2,1,11,0,0,0,1,0,0,0,0,0,0,0,0,0,0,0,0,0,0,5,0,0,0,0,0,18,4,0,0,22,65,6,1,0,0,1,0,0,0,0,0,0,0,0,0,7,1,0,0,0,4,0,0,29,6,0,0,3,0,0,0,0,0,0,0,0,0,0,0,26,0,0,0,0,0,0,0,0,0,3,0,0,0,0,0,0,0,18,0,1,0,0,0,20,0,3,0,2,0,0,222,3,5,0,0,0,0,0,0,0,0,0,0,0,0,0,0,0,1,1,0,0,1,52,87,0,0,21,12,14,0,0,1,18,0,0,0,0,0,0,0,1,0,0,22,0,0,0,6,0,0,0,0,3,0,0,9,0,1,0,0,0,0,0,0
1,27,3,2,5,2,0,0,0,14,1,3,0,0,0,1,3,2,3,12,3,16,30,0,3,8,4,0,0,0,14,0,26,0,0,3,0,0,0,0,5,8,1,3,2,12,28,10,11,0,16,0,7,0,6,2,1,7,0,0,0,0,0,0,4,0,5,0,8,0,7,0,0,1,4,0,0,0,31,4,0,0,1,1,3,0,2,0,1,0,0,0,0,3,0,1,0,0,0,3,6,0,1,0,21,0,2,14,0,0,0,3,2,0,3,3,2,1,4,2,1,0,0,7,0,0,0,0,0,2,0,0,0,1,0,0,0,0,0,1,0,0,0,0,0,4,6,18,0,0,0,6,9,2,7,0,0,0,5,1,5,0,0,0,0,0,0,0,0,4,0,1,4
0,60,0,1,0,8,0,0,0,59,15,0,0,0,0,1,2,15,4,15,14,7,6,2,7,26,1,0,0,5,22,1,31,0,0,99,2,0,0,0,44,0,0,1,11,11,85,5,5,4,18,0,0,0,22,3,32,1,0,1,15,0,3,0,10,0,2,1,28,0,211,0,1,1,3,0,1,0,483,191,0,5,2,39,35,22,4,0,4,22,7,0,39,8,12,2,10,0,0,0,18,0,0,0,4,0,0,228,0,0,0,20,23,0,1,26,30,2,0,9,1,6,2,0,5,0,0,0,4,4,0,1,0,2,1,0,0,0,0,11,0,0,0,1,0,0,8,45,1,0,0,57,3,10,10,2,0,0,15,2,2,0,8,2,0,2,0,0,47,24,0,7,2
2,0,0,0,31,2,1,1,2,3,15,1,0,29,0,0,0,0,0,1,0,1,0,24,0,6,1,2,2,78,0,9,0,6,0,1,1,59,33,2,1,1,0,54,0,0,5,0,16,2,30,0,0,3,1,13,9,0,4,11,1,2,5,6,0,3,0,3,1,0,12,1,46,1,1,0,0,1,3,1,1,0,0,1,0,1,0,1,2,6,18,0,0,0,1,617,18,37,0,0,0,0,4,0,0,0,0,0,192,0,0,10,0,1,6,0,0,1,0,0,0,0,0,0,3,1,6,194,1,0,3,72,71,0,2,1,13,6,9,1,7,6,1,0,0,0,0,0,0,0,0,0,5,1,0,0,1,0,0,1,0,3,0,0,12,31,8,1,0,1,14,0,1
6,27,14,0,2,5,0,0,0,2,418,7,0,0,0,1,0,0,6,0,380,15,98,1,0,23,104,0,0,15,2,0,1,0,0,0,0,0,0,0,5,93,3,0,2,1,11,44,12,1,80,0,20,0,1,0,1,52,0,188,2,0,2,1,19,0,0,42,0,0,52,0,0,0,2,0,2,0,1,0,12,5,0,2,0,0,5,0,358,4,2,0,0,1,0,3,0,1,0,2,1,0,0,0,2,0,0,1,0,0,0,312,6,0,3,0,2,0,1,2,0,0,8,14,0,0,2,7,5,1,0,0,0,2,1,0,0,0,0,5,0,0,0,0,0,10,1,0,0,0,0,0,0,0,16,339,0,0,14,0,1,0,0,0,0,3,0,0,0,5,0,0,0
1,0,0,0,0,4,0,0,0,16,0,0,0,0,2,10,0,120,0,2,0,0,0,1,4,0,0,0,0,0,6,0,0,0,0,83,0,0,0,0,1,0,3,1,3,0,0,19,24,0,0,0,0,0,2,1,4,0,0,2,3,0,0,1,1,0,0,3,4,0,12,0,0,0,1,0,0,0,14,7,1,0,0,27,38,38,0,0,3,13,0,0,65,9,8,0,1,0,0,0,3,0,0,0,0,0,0,9,0,0,0,0,24,455,0,158,29,0,0,5,0,2,1,0,161,1,0,0,1,0,0,0,0,0,0,0,0,0,0,2,1,0,0,7,0,0,0,1,0,0,0,62,0,22,0,0,0,0,4,0,0,0,4,0,0,0,0,0,104,0,1,0,1
1,0,0,0,1,0,0,253,0,0,0,0,0,0,0,0,1,0,0,0,0,0,0,0,0,0,0,371,0,0,2,0,0,0,5,1,0,2,0,1,0,0,0,1,0,0,1,0,0,0,0,23,0,267,0,0,0,0,0,0,0,572,20,0,0,0,0,0,1,0,0,33,0,0,0,0,0,461,0,0,0,0,0,0,0,0,0,5,0,22,0,0,0,0,0,190,2,0,75,0,0,16,2,0,0,1,0,0,13,3,382,0,0,0,0,0,0,2,0,0,0,0,0,0,39,1,0,0,0,0,4,13,12,1,0,4,0,0,0,0,0,0,0,0,0,0,0,0,0,189,1,0,0,0,0,0,44,0,0,0,0,728,0,0,0,0,0,1,0,0,0,0,0
0,0,0,0,0,0,0,10,0,0,0,0,0,0,0,0,0,0,0,0,0,0,0,0,0,0,0,8,0,0,0,0,0,1,1,3,0,0,0,0,0,0,0,0,0,0,0,1,0,0,0,33,0,0,0,1,0,0,0,0,0,0,1,0,0,0,0,0,0,0,0,21,0,0,0,0,1,0,0,0,0,0,0,0,0,0,0,8,0,1,0,0,0,0,0,4,0,0,1,0,0,0,0,0,0,0,0,0,0,0,1,0,0,0,0,0,0,0,0,0,0,0,0,0,0,0,0,0,0,0,4,0,0,0,0,0,0,0,0,0,0,0,0,0,0,0,0,0,0,2,0,0,0,0,0,0,42,0,0,0,0,5,0,0,0,0,0,0,0,0,1,0,0
