0.84821,0.23996,0.40299,0.37565,0.21363,0.27284,0.95455,0.6592,0.85928,0.33723,0.71959,0.4611,0.87557,0.578,0.51636,0.34884,0.51227,0.39234,0.55319,0.42933,0.47843,0.4666,0.34585,0.49936,0.23717,0.50889,0.24187,0.61223,0.60303,0.80424,0.23846,0.45316,0.20794,0.81775,0.53857,0.31366,0.32185,0.76034,0.75756,0.65984,0.50206,0.27273,0.31209,0.21247,0.45923,0.1806,0.35327,0.45288,0.17153,0.59342,0.23965,0.71843,0.55732,0.75629,0.62369,0.31513,0.24638,0.49612,0.58324,0.28747,0.4147,0.67485,0.40183,0.64321,0.41103,0.42971,0.25896,0.7134,0.30116,0.78552,0.47957,0.46523,0.61919,0.17664,0.66089,0.97331,0.63673,0.66993,0.42946,0.32148,0.2719,0.69855,0.38025,0.67232,0.67584,0.67255,0.46405,0.35266,0.53459,0.40291,0.38838,0.99005,0.72712,0.68114,0.5456,0.52341,0.51955,0.74978,0.58625,0.24,0.36965,0.76033,0.53451,0.918,0.18977,0.95881,0.34416,0.2463,0.62491,0.69516,0.66135,0.42973,0.27352,0.71383,0.147,0.25462,0.49451,0.68,0.36047,0.60207,0.4711,0.54382,0.59624,0.46055,0.29286,0.77435,0.53788,0.64991,0.50588,0.45035,0.50435,0.30676,0.68041,0.35286,0.46862,0.374,0.5858,0.45242,0.79822,0.42061,0.41805,0.68454,0.62271,0.45629,0.85294,0.3503,0.35588,0.33333,0.43203,0.80829,0.62397,0.31765,0.33769,0.50665,0.43197,0.89136,0.27589,0.57083,0.22776,0.50211,0.34725,0.84418,0.4356,0.59501,0.68421,0.69089,0.69958,0.69715,0.42616,0.57085,0.43446,0.67268,0.46099
0.5516
0,37,297,162,0,41,0,0,0,0,0,66,0,0,0,1,0,4,83,13,1,2,2,0,170,10,8,0,0,0,0,0,8,0,0,0,1,0,0,0,1,11,240,0,0,0,2,1,5,0,0,0,173,0,3,0,0,11,0,0,0,0,0,0,1,1,25,0,0,0,0,0,9,108,458,0,0,0,0,0,0,0,78,0,0,0,32,0,0,0,0,0,0,2,0,0,0,0,88,210,0,0,8,0,43,0,212,0,0,0,0,0,3,0,30,0,0,0,1,19,0,2,0,37,0,0,0,0,0,21,0,0,0,1,0,0,0,0,0,0,0,0,0,0,0,196,13,8,0,0,0,0,0,15,5,0,0,28,16,12,2,0,0,12,0,0,0,0,0,6,0,0,9
0,1,9,69,1,13,0,0,0,12,0,4,0,0,0,6,0,2,0,2,0,0,0,0,22,0,7,0,0,0,58,0,81,0,0,1,5,0,0,0,1,0,53,0,24,98,7,3,0,0,0,0,1,0,1,0,1,0,0,3,2,0,0,0,0,0,12,0,27,0,0,0,0,47,1,0,1,0,2,0,0,2,335,0,1,1,0,0,0,0,1,0,6,1,0,0,0,0,23,4,49,0,395,0,4,0,4,17,0,20,0,0,6,0,0,15,2,0,1,1,32,484,0,29,0,0,0,0,0,390,0,0,0,0,0,0,0,0,0,1,0,0,0,6,0,2,321,13,232,0,0,9,1,0,0,0,0,407,12,0,7,0,15,310,0,0,0,0,0,1,0,0,260
1,39,43,40,25,34,2,1,1,15,6,21,7,2,0,0,1,1,26,109,1,9,52,0,61,9,18,0,1,0,11,0,104,2,0,32,12,2,0,4,7,4,103,0,1,50,47,3,88,1,29,0,27,1,6,16,1,36,0,4,1,1,7,0,3,0,10,1,4,1,0,0,2,104,7,3,1,0,1,0,0,1,113,1,0,1,4,0,0,0,8,0,0,2,0,3,3,17,37,115,2,1,24,0,111,3,125,1,0,5,1,2,11,0,14,9,4,1,25,4,0,10,1,69,2,0,13,2,0,54,0,0,4,18,0,1,0,0,1,2,0,9,1,4,1,55,43,104,30,0,0,7,9,4,10,0,1,37,5,9,43,0,0,19,1,1,0,6,0,20,1,5,43
0,148,157,39,0,98,0,0,0,0,0,20,0,0,0,0,0,0,442,9,55,30,31,0,28,22,77,0,0,3,0,0,0,0,0,0,2,0,0,0,3,176,57,0,0,0,1,0,11,0,2,0,350,0,1,0,1,120,0,1,3,0,1,0,0,0,5,1,3,0,9,0,1,22,86,0,0,0,0,0,0,0,7,0,0,0,28,0,48,0,0,0,0,2,0,0,0,0,23,177,0,0,0,0,49,0,63,0,0,0,0,13,1,0,53,1,0,0,0,3,1,0,0,18,0,0,0,0,2,7,0,0,0,2,0,0,0,0,0,0,0,0,0,2,0,234,1,8,0,0,0,0,0,4,20,4,0,0,128,22,0,0,0,0,0,0,0,0,0,1,0,0,1
0,7,28,73,0,26,0,0,0,1,0,2,0,0,0,0,0,0,4,2,1,2,0,0,28,3,0,0,0,0,1,0,2,0,0,0,0,0,0,0,1,0,37,0,0,1,0,0,0,0,0,0,1,0,0,0,0,0,0,0,0,0,0,0,0,0,4,0,0,0,0,0,0,121,1,0,0,0,0,0,0,0,54,0,0,0,0,0,0,0,0,0,0,1,0,0,0,0,4,44,1,0,17,0,14,0,32,0,0,0,0,1,0,0,4,1,0,0,0,0,1,7,0,1,0,0,0,0,0,73,0,0,0,0,0,0,0,0,0,0,0,0,0,0,0,11,21,19,6,0,0,0,0,3,0,0,0,49,0,1,0,0,0,8,0,0,0,0,0,0,0,0,10
3,100,16,11,93,69,1,0,0,19,9,22,0,0,1,0,11,1,30,322,25,70,116,0,30,103,14,0,2,2,10,8,55,0,0,5,22,5,0,1,32,10,13,5,1,35,277,8,147,3,130,0,6,0,23,27,12,10,4,1,6,0,5,9,7,0,27,12,16,0,25,0,9,28,5,0,9,0,5,7,2,0,14,0,1,0,7,0,4,2,15,0,0,6,2,6,1,3,5,66,1,0,6,0,121,0,37,6,2,1,0,53,26,0,22,5,6,14,103,9,2,1,3,15,4,0,0,5,5,22,0,2,0,18,3,1,0,0,0,5,0,0,0,18,0,39,46,78,1,0,0,9,90,5,45,2,0,5,46,17,149,0,6,7,0,13,3,0,0,42,0,17,26
0,0,87,287,0,3,0,0,0,0,0,20,0,0,0,0,2,0,0,2,0,0,6,0,5,0,90,0,0,0,4,0,34,0,0,0,0,0,0,0,0,1,189,0,12,56,0,8,10,0,3,0,12,0,0,0,0,3,0,0,15,0,0,0,0,0,8,0,0,0,0,0,0,14,4,0,0,0,0,0,0,0,126,0,0,0,3,0,0,0,0,0,0,1,0,0,0,0,452,85,7,0,20,0,3,0,53,0,0,0,0,1,157,0,0,0,1,0,0,1,20,2,0,432,0,0,0,0,0,17,0,0,0,0,0,0,0,0,0,0,0,0,0,20,0,26,24,3,3,0,0,0,1,1,0,0,0,11,0,0,3,0,0,31,0,0,0,0,0,0,0,0,11
0,3,1,1,0,0,0,0,0,1,1,0,0,1,8,0,0,0,3,0,0,3,0,0,0,0,0,0,0,0,3,0,0,0,2,0,0,0,0,1,0,0,1,37,0,0,1,0,0,0,0,1,0,1,0,1,0,0,7,2,0,0,1,0,1,0,0,2,0,0,0,0,0,0,2,0,0,0,0,0,0,0,0,0,0,1,3,0,4,0,0,0,0,1,0,0,0,1,0,0,0,1,0,0,0,1,1,0,0,1,0,0,0,0,12,1,0,0,0,0,0,0,0,2,0,1,0,0,1,0,0,0,0,0,0,14,0,21,0,8,0,0,0,0,0,0,0,0,0,0,2,0,13,0,1,0,1,0,0,0,0,1,0,0,115,0,0,2,0,1,0,0,0
3,0,0,0,41,0,8,4,66,0,11,0,115,6,363,0,1,2,0,6,3,0,0,389,0,1,0,0,9,11,0,9,0,243,5,2,189,166,255,62,0,0,0,18,0,1,0,1,27,6,3,3,0,3,1,15,12,0,1,22,0,1,22,6,0,332,0,4,0,194,5,14,0,0,0,9,7,2,0,0,239,0,0,0,1,0,0,5,2,3,24,14,0,14,1,36,27,839,0,0,16,7,0,124,0,4,0,0,5,0,1,7,0,24,5,2,0,3,0,1,0,0,9,0,6,0,17,737,2,0,67,172,19,2,1,3,308,1,1258,1,152,283,510,0,0,0,0,0,0,0,9,0,1,0,0,0,7,0,0,77,0,8,9,0,3,5,125,1,0,0,348,0,0
0,0,0,0,0,0,0,25,0,0,0,0,0,0,0,0,0,0,0,0,0,0,0,0,0,0,0,10,0,0,0,0,0,0,3,0,0,0,0,0,0,0,0,0,0,0,0,0,0,0,0,140,0,9,0,0,0,0,0,0,0,0,0,0,0,0,0,0,0,0,0,174,0,0,0,0,0,6,0,0,0,0,0,0,0,0,0,29,0,0,0,0,0,0,0,0,0,0,0,0,0,13,0,0,0,0,0,0,0,9,1,0,0,0,0,0,0,0,0,0,0,0,0,0,0,3,0,0,0,0,139,0,0,0,0,2,0,0,0,0,0,0,0,0,0,0,0,0,0,3,0,0,0,0,0,0,253,0,0,0,0,0,0,0,0,0,0,3,0,0,0,0,0
0,0,0,0,7,1,14,4,1,4,1,0,0,11,1,0,11,0,0,0,1,0,0,0,0,0,0,1,0,0,1,0,0,1,32,12,0,0,0,2,0,0,0,138,0,0,1,0,53,0,0,3,0,4,1,0,0,0,29,1,0,3,13,0,0,0,0,0,4,0,0,11,0,0,39,5,0,4,1,0,0,0,3,0,0,0,0,90,0,1,0,2,1,0,0,3,8,1,0,0,0,89,0,0,0,1,2,2,2,56,0,0,3,0,2,2,2,3,0,0,0,0,3,0,2,10,2,0,0,0,24,1,24,0,0,197,0,79,0,3,0,1,0,0,1,0,2,0,1,1,10,1,21,0,1,0,24,0,0,7,1,0,0,0,11,0,0,27,0,0,2,1,1
0,1,0,0,19,0,1,1,87,1,0,0,3,32,8,0,2,0,0,2,0,0,0,0,0,3,0,0,1,0,1,3,2,6,2,1,0,7,18,3,2,0,0,163,1,4,17,3,13,1,4,0,0,1,0,19,1,0,10,25,1,10,9,9,1,10,0,4,1,6,10,0,1,1,1,2,4,6,1,1,25,0,0,5,0,4,0,0,1,9,4,3,2,2,0,168,3,29,2,0,2,14,24,0,1,7,0,1,4,7,2,1,2,0,51,1,4,0,0,0,2,0,8,0,0,2,8,31,2,1,1,12,102,1,6,85,11,252,46,13,8,43,0,2,0,0,7,1,0,1,0,1,285,0,0,0,0,0,0,3,7,1,0,0,24,5,8,2,0,0,46,0,8
2,0,0,0,114,0,0,2,1,2,0,2,2,181,0,1,0,0,0,13,0,0,0,56,0,3,0,0,3,5,0,8,1,0,7,0,1,0,0,0,0,0,1,50,0,4,6,2,22,2,0,0,0,0,9,277,11,0,2,3,3,0,10,42,0,1,4,3,7,0,7,0,40,5,0,0,13,0,6,12,4,1,0,5,0,2,0,3,0,16,1,0,0,3,0,21,108,3,0,0,3,1,0,1,0,0,0,7,1,0,0,3,0,16,0,0,2,5,0,3,0,0,0,0,13,0,0,10,2,0,8,5,0,271,8,0,5,0,17,4,15,0,4,1,0,0,0,0,0,0,1,1,0,0,1,0,1,0,0,1,1,2,11,0,0,5,6,0,0,1,237,1,1
0,2,4,13,1,57,0,0,0,59,0,26,0,1,0,135,0,128,4,21,3,5,16,0,82,1,26,0,1,0,103,0,185,0,0,0,4,0,0,0,3,5,15,1,55,188,41,11,9,0,11,0,2,0,39,0,2,2,0,1,11,0,0,0,6,0,216,0,88,0,4,0,4,63,6,0,0,0,15,16,1,4,94,4,0,3,6,0,0,0,0,0,1,14,4,0,0,0,19,13,113,1,162,0,32,0,12,29,0,7,0,0,13,0,0,69,7,2,25,39,34,248,0,51,3,0,0,0,0,152,0,0,0,1,0,1,0,0,0,11,0,0,0,6,0,3,164,97,137,0,0,94,6,48,0,0,0,111,12,29,47,0,45,61,0,0,0,0,4,14,0,12,94
0,66,3,0,0,27,0,0,0,0,7,2,0,0,0,0,0,0,18,10,7,254,14,0,3,179,10,0,0,1,0,0,0,0,0,0,0,0,0,0,0,6,0,0,0,0,1,0,2,0,0,0,2,0,0,0,0,7,1,1,0,0,2,1,0,0,0,12,1,0,6,0,0,3,2,1,0,0,0,0,0,0,0,0,0,0,0,0,25,1,1,0,0,0,0,0,0,0,0,10,0,0,0,0,29,0,2,0,0,0,0,26,3,0,19,0,0,0,2,0,0,0,0,0,0,0,0,0,1,0,0,0,0,0,0,0,0,0,0,0,0,0,0,0,0,4,0,9,0,0,0,0,0,0,77,3,0,0,85,1,1,0,0,0,0,0,0,0,0,1,0,0,0
2,0,0,0,0,0,0,0,0,1,3,0,0,0,1,0,0,0,0,2,0,0,0,0,1,2,0,0,11,0,3,8,2,0,0,2,5,0,0,2,13,1,0,0,1,1,15,0,3,28,0,0,1,0,3,2,48,0,0,22,2,0,1,48,0,7,0,1,1,0,0,0,0,1,0,1,81,0,2,1,101,0,0,1,1,1,0,0,2,0,99,0,1,0,1,1,0,2,0,0,0,0,0,1,0,0,0,6,0,0,0,0,2,0,1,2,3,1,3,2,0,0,38,0,0,0,2,1,43,0,0,1,0,1,33,0,4,0,1,0,1,1,1,0,0,0,3,0,0,0,0,0,0,0,2,0,0,0,0,0,6,0,0,0,0,1,0,0,0,2,0,15,1
9,0,0,0,0,0,5,0,4,0,12,0,9,0,1,0,1,0,0,2,1,0,0,0,0,2,0,1,0,0,3,1,0,4,2,1,0,4,1,18,4,0,0,0,0,0,1,0,0,1,3,0,0,4,0,0,1,0,7,64,0,1,16,0,0,25,0,2,0,26,0,1,0,0,0,1,0,0,0,0,0,0,0,1,0,0,0,2,25,0,22,1,0,0,0,5,0,4,0,0,0,2,0,2,0,6,0,0,10,2,0,0,0,1,0,0,1,0,0,1,0,0,13,0,0,0,355,3,1,0,0,7,16,0,2,3,21,0,1,0,2,45,0,0,1,0,0,0,0,0,0,0,0,0,0,1,0,0,0,0,0,0,0,0,3,0,1,465,0,0,0,0,0
40,5,4,1,4,4,0,1,0,14,1,147,0,0,0,11,4,410,0,8,7,0,6,1,14,8,3,0,0,47,17,0,40,0,0,10,3,0,0,1,9,73,0,1,3,18,22,4,5,1,13,0,0,0,537,8,19,6,0,0,38,0,1,0,48,0,224,3,30,0,7,0,426,0,7,0,1,0,23,16,0,10,2,0,1,1,426,0,0,0,7,0,0,502,347,1,0,2,2,8,13,0,4,0,11,0,2,14,0,48,0,13,2,2,9,104,7,6,11,699,0,6,0,6,10,0,0,0,5,13,0,0,0,150,0,20,1,0,0,12,0,0,2,2,0,2,19,3,10,0,0,16,24,343,7,0,0,1,1,0,9,0,0,2,0,0,0,0,2,126,0,16,12
0,0,0,13,0,0,0,0,0,16,0,0,0,0,0,9,0,1,0,0,0,0,11,0,2,0,16,0,0,0,68,0,21,0,0,5,2,0,0,0,0,0,3,0,428,123,8,77,0,0,1,0,0,0,2,0,4,0,0,0,52,0,0,0,11,0,4,1,43,0,0,0,0,1,0,0,0,0,20,32,0,29,5,100,15,35,0,0,0,0,0,0,27,0,0,0,1,0,21,0,302,0,29,0,2,0,0,61,0,3,0,0,2,0,0,5,59,0,0,2,326,21,0,61,1,0,0,0,0,4,0,0,0,0,0,0,0,0,0,33,0,0,0,86,0,0,11,4,17,0,0,12,1,0,0,0,0,9,0,0,3,0,8,8,0,0,0,0,1,0,0,2,2
1,0,0,0,0,0,2,1,1,0,0,0,1,0,0,0,1,0,0,0,0,0,0,0,0,0,0,1,0,0,0,0,0,4,0,0,0,10,8,5,0,0,0,1,0,0,0,0,0,0,0,5,0,3,0,0,0,0,0,0,0,5,5,0,0,0,0,0,0,0,0,1,0,0,0,2,0,1,0,0,0,0,0,0,0,0,0,8,0,0,1,1,0,0,0,25,0,0,0,0,0,6,0,1,0,2,0,0,893,0,1,0,0,0,0,0,0,0,0,0,0,0,0,0,0,3,8,1,0,0,0,44,1073,0,0,1,12,4,0,0,0,19,0,0,0,0,0,0,0,1,0,0,4,0,0,0,4,0,0,0,0,0,0,0,29,0,0,2,0,0,0,0,0
9,0,0,0,163,0,1,0,0,1,3,0,1,60,25,0,56,1,0,1,0,1,0,0,0,0,0,1,0,0,18,0,0,0,50,2,0,0,0,0,0,83,1,28,0,0,0,0,4,0,1,1,0,4,0,0,0,0,4,2,0,2,3,0,0,0,0,21,0,0,0,0,0,0,4,0,0,0,0,1,2,1,0,0,0,0,0,4,0,0,0,0,1,0,0,1,1,0,0,0,0,3,0,0,0,0,0,0,0,1,0,0,2,2,2,0,0,0,0,0,0,0,0,0,1,70,1,0,0,0,4,0,2,0,1,13,0,4,0,6,0,0,4,0,88,0,0,2,0,1,380,0,1,1,4,0,1,0,0,1,0,0,0,0,32,0,0,0,2,1,0,0,0
1,0,0,0,2,0,1785,0,4,0,10,0,13,0,0,0,1,0,0,0,0,0,0,0,0,0,0,0,0,1,0,0,0,9,0,1,0,7,5,362,1,0,0,0,0,0,2,0,0,0,0,0,0,0,0,1,1,0,9,4,0,0,60,0,0,8,0,1,1,4,0,0,0,0,0,2297,0,0,0,0,1,0,0,0,0,0,0,0,2,0,70,3583,0,0,0,2,9,38,0,0,0,0,0,5,0,1746,0,0,3,0,0,0,0,1,1,0,2,2,0,0,0,0,5,0,0,0,21,3,0,0,0,2,34,0,2,0,7,0,0,0,1,27,0,0,0,0,0,0,0,0,0,0,2,0,1,0,0,0,0,0,0,0,0,0,0,0,11,8,1,0,0,0,0
10,0,1,1,2,1,19,1,1,7,5,0,0,17,12,0,17,0,1,41,4,0,0,5,0,3,1,0,2,0,12,1,7,0,35,3,1,0,0,1,1,0,1,31,0,0,4,1,3,2,0,4,1,1,3,117,0,0,219,6,0,1,3,3,0,1,4,0,16,0,4,1,4,3,1,1,0,0,0,2,5,0,2,6,2,7,0,7,1,1,2,1,8,3,0,3,412,0,0,3,1,24,2,0,0,6,0,2,3,17,2,0,1,19,2,8,6,374,1,2,0,6,2,0,19,31,16,3,1,3,0,0,8,0,233,2,0,5,0,0,0,0,10,14,18,0,12,0,3,0,10,9,4,1,5,0,1,7,1,0,2,0,5,2,16,7,0,9,2,1,3,4,3
1,3,0,2,9,18,0,0,0,271,0,5,0,0,0,64,28,48,1,8,0,6,71,0,41,7,13,0,5,0,153,0,141,0,0,15,13,0,0,0,53,3,0,25,133,182,159,84,30,1,54,0,1,0,47,0,17,2,0,0,76,0,2,1,40,1,92,4,211,0,25,0,0,4,0,0,0,0,230,126,0,53,13,66,43,51,3,0,5,2,0,0,69,6,197,4,1,0,1,0,132,1,14,0,17,0,1,212,0,19,0,1,18,0,0,120,60,12,37,10,98,56,0,22,17,0,0,0,1,26,0,0,0,9,0,0,0,0,0,170,0,0,0,34,0,2,49,52,54,0,0,216,65,16,1,0,0,21,26,25,23,0,104,5,0,0,0,0,202,14,0,23,17
0,6,0,5,61,14,0,3,0,317,6,13,0,1,4,8,163,12,2,59,3,2,107,2,22,4,18,2,31,0,186,3,220,3,0,202,86,0,1,1,244,4,1,52,136,188,443,174,71,20,220,1,1,0,86,80,41,4,0,0,97,0,7,8,64,1,106,12,234,0,52,1,3,4,1,0,27,0,232,118,6,71,9,82,52,122,11,1,5,62,36,0,99,12,26,11,7,2,11,4,54,1,10,2,10,0,5,219,0,20,0,4,40,11,4,100,151,104,124,13,80,28,2,35,76,0,1,3,35,25,0,5,0,111,8,1,0,0,0,347,0,0,8,101,0,0,119,22,25,0,1,132,336,11,5,0,0,16,54,8,183,2,301,9,0,0,1,0,20,38,5,261,29
0,0,0,0,0,1,2,0,0,14,0,0,0,0,0,131,5,5,0,0,0,1,14,0,1,0,6,0,4,1,32,0,0,0,0,158,16,0,0,0,2,1,0,0,105,17,2,471,1,2,7,0,0,0,2,1,15,3,0,0,316,0,0,0,234,0,2,33,29,0,12,0,0,0,0,0,1,0,35,86,2,577,0,714,442,610,0,0,72,249,0,0,874,0,8,0,1,0,0,0,66,0,0,0,0,0,0,96,0,3,0,0,126,29,0,31,405,3,0,0,73,6,0,0,120,0,0,0,4,0,0,0,0,1,0,0,0,0,0,132,0,0,0,381,0,0,0,2,1,0,0,58,4,0,1,0,0,2,4,0,1,0,8,0,0,0,0,0,74,0,0,1,1
0,0,0,0,0,0,0,19,0,2,1,0,0,0,0,0,0,3,0,0,0,0,0,0,0,0,0,9,0,0,0,0,0,0,36,4,0,0,0,0,0,0,0,4,0,0,0,0,82,0,0,98,0,4,0,0,0,0,0,0,0,0,1,0,0,0,0,0,0,0,0,149,0,0,0,0,0,2,0,0,0,0,0,0,0,0,0,30,0,1,0,0,0,0,0,2,1,0,0,0,0,34,0,0,0,0,0,0,0,8,4,0,3,0,0,1,0,1,0,0,0,0,0,0,3,2,0,0,0,0,406,0,1,0,0,6,0,0,0,0,0,0,0,0,0,0,0,0,0,2,1,0,0,0,0,0,244,0,0,0,0,10,0,0,0,0,0,7,0,0,0,0,0
1,1,0,0,127,0,2,8,20,0,17,0,10,704,86,0,334,0,0,1,0,0,0,0,0,1,0,4,0,0,23,0,0,0,391,2,0,0,0,2,0,14,0,8,0,0,0,0,0,0,2,5,0,9,0,0,0,0,32,1,0,9,8,0,0,1,0,2,0,4,0,3,49,0,0,5,0,0,0,0,0,0,0,0,0,0,0,31,2,1,0,0,0,2,0,4,11,0,0,0,0,24,0,0,0,7,0,0,1,14,8,1,0,0,20,1,0,0,0,0,0,0,7,0,0,954,7,1,0,0,5,0,19,0,2,21,0,23,0,2,0,0,0,0,667,0,0,0,0,52,181,0,2,0,0,0,11,1,0,0,0,0,0,0,48,0,0,0,1,0,0,1,0
7,0,0,0,27,0,5,5,1209,0,5,0,1147,0,65,0,1,0,0,0,1,0,0,93,0,0,0,2,3,3,0,9,1,1364,4,1,23,974,1278,966,0,0,0,1,0,0,0,0,2,1,1,4,0,11,0,8,1,0,7,27,0,11,176,3,0,379,0,2,0,879,0,13,0,0,0,16,4,8,0,0,22,0,0,0,0,1,0,34,0,3,28,14,0,3,0,15,13,114,0,0,1,23,0,1601,0,22,0,0,26,0,2,5,0,4,3,0,0,1,0,0,0,0,3,0,3,4,188,58,0,0,55,227,41,3,7,21,652,3,208,0,103,996,248,0,1,0,0,0,0,1,1,0,1,0,0,0,14,0,0,10,0,2,0,0,8,3,496,2,0,0,89,0,0
1,135,28,13,4,230,1,0,0,76,24,12,0,8,1,1,0,1,69,11,18,489,396,5,4,544,146,0,0,5,3,6,12,0,0,0,2,9,0,0,20,37,22,16,3,23,20,106,71,3,98,0,14,0,4,17,5,13,1,29,5,0,6,11,12,0,0,458,1,0,493,0,5,11,5,0,3,0,1,3,12,1,2,4,0,2,2,0,76,188,4,0,2,1,0,3,0,0,29,59,7,0,4,0,70,1,7,1,5,0,0,425,67,58,71,2,16,0,3,0,4,1,10,106,32,0,1,13,14,3,0,0,0,2,3,0,0,0,0,9,1,0,1,132,0,42,6,23,0,0,0,0,4,1,200,29,0,2,92,3,6,0,0,0,0,15,13,0,0,1,1,0,4
1,2,0,0,2,1,4,0,0,1,4,1,0,4,12,0,0,0,0,3,2,0,1,167,0,7,1,0,38,10,0,537,4,0,0,0,110,12,2,2,4,0,0,10,2,2,8,3,15,87,11,0,0,0,0,21,121,0,1,234,1,0,7,252,9,6,0,0,0,0,5,0,1,4,1,5,147,0,0,0,213,2,0,0,0,4,0,0,1,8,213,0,2,2,1,23,2,8,0,1,3,0,0,0,1,0,0,1,2,0,0,12,4,0,48,3,0,0,0,0,4,0,539,1,0,0,0,38,43,9,0,5,0,2,50,2,13,1,0,8,17,0,1,1,0,0,1,0,0,0,1,0,2,0,7,0,0,0,1,0,5,0,1,1,0,599,11,0,1,0,3,4,1
0,3,1,1,16,7,1,0,2,4,3,1,0,101,40,0,0,1,1,12,2,3,3,21,0,10,3,1,477,6,3,514,6,3,1,0,243,2,18,17,20,2,1,39,1,2,23,2,82,667,8,1,0,1,7,238,187,1,2,153,4,0,7,786,0,72,1,9,5,4,20,3,3,93,0,4,794,1,7,3,202,0,0,2,2,3,0,0,1,10,381,0,0,2,7,35,13,13,0,3,2,0,3,2,1,0,3,4,6,0,0,32,2,4,33,1,7,4,0,3,1,2,235,4,5,0,0,15,344,5,0,88,0,21,351,1,39,0,36,6,227,0,9,3,0,0,4,6,0,0,0,0,0,1,4,0,0,0,0,0,4,4,159,0,0,138,18,0,2,0,42,2,0
0,1,0,0,0,0,2,0,0,0,3,0,0,0,46,0,0,0,0,12,1,0,0,4,0,0,0,0,202,0,0,62,0,5,0,0,5,0,1,2,0,2,0,0,1,0,2,1,2,293,1,0,0,0,0,8,159,0,0,0,0,0,1,32,0,33,1,1,1,0,6,0,0,0,0,3,148,0,1,2,27,1,0,1,0,4,0,0,0,2,28,0,2,2,0,1,2,2,0,1,0,0,0,4,0,0,0,0,1,1,0,7,0,3,0,5,5,0,0,0,0,0,9,0,1,0,0,0,69,2,0,6,0,2,30,0,11,0,1,0,9,0,17,4,0,0,0,0,0,0,0,1,0,0,2,0,0,0,0,0,1,0,4,0,0,19,2,0,0,0,0,0,1
1,215,14,10,2,168,0,0,0,7,0,5,0,0,0,0,0,0,90,46,27,130,10,0,171,82,14,0,0,0,1,0,39,0,0,0,1,0,0,0,2,3,13,0,0,5,11,0,6,0,0,0,2,0,1,0,1,16,0,0,1,0,0,0,0,0,9,0,2,0,17,0,1,38,13,0,0,0,2,1,0,0,13,0,0,0,4,0,3,0,0,0,0,0,0,0,0,0,3,43,3,0,2,0,141,0,27,0,0,0,0,25,11,0,15,0,0,0,2,2,0,2,0,2,0,0,0,0,0,19,0,0,0,0,0,0,0,0,0,0,0,0,0,1,0,25,6,270,9,0,0,2,0,1,23,3,0,4,36,238,1,0,0,2,0,0,1,0,0,12,0,0,8
0,1,1,8,0,8,0,0,0,0,0,2,0,0,0,0,0,0,2,0,227,1,137,0,2,2,186,0,0,0,0,0,3,0,0,0,0,0,0,0,0,5,1,0,0,2,0,3,4,0,0,0,5,0,1,0,0,15,0,0,3,0,0,0,0,0,0,0,0,0,0,0,0,1,2,0,0,0,0,0,0,0,0,0,0,0,1,0,1,0,0,0,0,0,0,0,0,0,1,9,2,0,0,0,5,0,4,0,0,0,0,2,0,0,0,0,0,0,0,1,0,0,0,13,0,0,0,0,0,1,0,0,0,0,0,0,0,0,0,0,0,0,0,4,0,8,0,6,0,0,0,0,0,0,0,0,0,0,0,4,0,0,0,0,0,0,0,0,0,0,0,0,0
0,3,3,0,5,2,2,7,0,0,0,1,0,16,14,0,3,0,4,1,0,1,0,0,0,0,0,0,0,1,18,0,0,0,9,0,0,0,0,1,0,0,0,201,1,0,0,0,0,0,0,3,0,0,0,1,0,0,550,0,0,1,3,0,0,1,2,5,0,0,0,3,1,0,0,0,0,0,0,0,1,0,0,2,1,0,1,5,1,0,0,0,6,0,0,0,116,0,0,1,0,9,1,0,2,5,1,0,1,17,0,0,0,0,0,0,1,0,0,0,1,0,0,0,0,76,0,0,0,0,0,0,20,0,1,21,1,60,0,9,0,1,0,1,2,1,1,0,0,0,3,0,33,0,1,0,0,0,0,0,2,0,0,1,741,0,0,2,0,0,0,0,0
570,10,29,12,2,4,2,0,0,8,5,326,0,6,0,7,0,283,7,2,6,1,18,13,17,5,9,0,0,797,1,5,34,1,0,3,5,3,2,0,9,201,8,0,6,16,9,5,11,0,176,0,3,0,58,8,56,320,0,4,108,0,1,3,328,0,100,4,5,0,13,0,83,6,39,0,2,0,10,14,2,59,7,3,3,2,373,0,2,2,6,0,3,129,23,20,0,0,7,15,8,0,6,0,53,0,23,10,0,4,0,14,11,2,44,3,5,6,0,327,9,1,5,8,44,0,0,8,93,11,0,3,0,147,1,185,0,0,0,20,0,0,2,3,0,7,10,8,5,0,2,0,1,197,11,1,0,2,3,1,3,0,0,41,0,6,2,0,0,423,3,1,12
0,0,0,0,0,0,0,824,0,0,0,0,0,0,0,0,0,0,0,0,0,0,0,0,0,0,0,731,0,0,0,0,0,0,3,0,0,0,0,0,0,0,0,0,0,0,0,0,0,0,0,56,0,1173,0,0,0,0,0,0,0,1320,3,0,0,0,0,0,0,0,0,81,0,0,0,0,0,1027,0,0,0,0,0,0,0,0,0,2,0,0,0,0,0,0,0,0,0,0,0,0,0,19,0,0,0,0,0,0,44,3,830,0,0,0,0,0,0,0,0,0,0,0,0,0,0,1,2,0,0,0,9,5,18,0,0,6,0,0,0,0,0,0,0,0,0,0,0,0,0,1151,0,0,1,0,0,0,40,0,0,0,0,118,0,0,0,0,0,3,0,0,0,0,0
0,0,0,0,0,0,0,31,0,0,0,0,0,0,0,0,0,0,0,0,0,0,0,0,0,0,0,45,0,0,0,0,0,0,0,0,0,0,0,0,0,0,0,0,0,0,0,0,0,0,0,990,0,18,0,0,0,0,0,0,0,0,0,0,0,0,0,0,0,0,0,475,0,0,0,0,0,2,0,0,0,0,0,0,0,0,0,279,0,0,0,0,0,0,0,0,0,0,0,0,0,1,0,0,0,0,0,0,4,0,5,0,0,0,0,0,0,0,0,0,0,0,0,0,0,0,0,0,0,0,13,0,1,0,0,0,0,0,0,0,0,0,0,0,0,0,0,0,0,22,0,0,0,0,0,0,349,0,0,0,0,1,0,0,0,0,0,1,0,0,0,0,0
2,0,0,0,1,0,8,36,0,1,0,0,1,37,13,0,5,0,0,2,0,0,0,0,0,0,0,9,0,0,3,0,1,0,133,18,0,0,0,2,0,0,2,50,0,0,0,0,3,0,0,7,0,33,0,0,1,0,48,0,0,11,22,1,0,0,1,1,0,1,0,30,2,0,0,5,0,21,0,1,0,0,1,0,1,0,0,298,0,1,0,0,0,1,0,0,24,0,0,0,0,1012,0,0,0,7,0,1,3,618,3,0,0,0,4,0,0,0,0,0,0,0,0,0,0,74,8,0,0,1,62,1,33,0,5,374,0,84,0,3,0,1,0,0,3,0,2,0,0,2,6,0,42,0,0,0,202,0,0,0,1,1,0,0,25,0,0,123,0,0,0,0,0
0,0,0,0,1,0,2,1,8,0,0,0,1,0,0,0,0,0,0,0,0,0,0,0,0,0,0,6,0,0,0,0,0,17,4,0,0,21,62,5,1,0,0,1,0,0,0,0,0,0,0,0,0,8,1,0,0,0,3,0,0,25,10,0,0,0,0,0,0,0,0,0,0,0,0,0,0,31,0,0,0,0,0,0,0,0,0,3,0,0,0,0,0,0,0,17,0,1,0,0,0,22,0,1,0,2,0,0,216,3,5,0,0,0,0,0,0,0,0,0,0,0,0,0,0,0,1,2,0,0,2,66,82,0,0,14,16,16,0,0,1,21,0,0,0,0,0,0,0,1,0,0,22,0,0,0,7,0,0,0,0,1,0,0,10,0,1,0,0,0,0,0,0
0,23,2,2,3,2,0,0,0,15,1,3,0,0,0,1,2,3,4,12,1,15,21,0,2,8,6,0,0,0,14,0,24,0,0,3,0,0,0,0,6,7,1,1,2,13,25,9,19,0,15,0,7,0,5,2,1,9,0,0,0,0,0,0,4,0,5,0,8,0,8,0,0,1,4,0,0,0,25,8,0,0,1,1,4,0,2,0,1,0,0,0,0,3,0,1,0,0,0,2,6,0,1,0,18,0,0,13,0,0,0,3,2,0,4,2,3,2,3,2,1,1,0,9,0,0,0,0,0,2,0,0,0,1,0,0,0,0,0,1,0,0,0,0,0,5,6,19,1,0,0,8,8,1,6,0,0,0,7,1,10,0,0,0,0,0,1,0,0,8,0,4,6
1,60,0,1,0,7,0,0,0,54,13,1,0,0,0,1,2,14,3,13,13,7,6,1,9,26,1,0,0,4,21,1,30,0,0,92,3,0,0,0,41,0,0,1,13,12,82,4,5,3,18,0,0,0,17,4,27,2,0,1,12,0,3,1,7,0,2,2,30,0,218,0,0,1,2,0,1,0,481,217,0,6,2,35,34,20,4,0,5,19,6,0,33,8,11,2,9,0,0,0,19,0,0,0,4,0,0,233,0,0,0,24,21,0,1,30,31,2,2,9,2,6,3,0,6,0,0,0,5,4,0,1,0,2,0,0,0,0,0,11,0,0,0,1,0,0,10,49,2,0,0,44,4,8,8,1,0,0,16,3,5,0,9,2,0,3,0,0,50,20,0,15,2
1,0,0,0,28,1,1,2,2,3,14,0,0,29,0,0,0,1,0,1,1,1,0,20,0,5,1,2,1,77,0,10,0,6,0,1,1,57,36,3,1,1,0,62,0,0,6,0,15,2,22,0,0,3,1,6,10,0,5,9,1,2,4,3,0,3,1,3,2,0,9,2,44,1,1,0,0,0,3,1,1,0,0,1,0,1,0,1,3,4,22,0,0,0,0,626,17,40,0,0,0,0,5,0,0,0,0,1,186,0,0,12,0,1,4,0,0,2,0,0,0,0,0,0,2,1,7,191,1,0,2,73,69,0,1,0,12,4,7,1,5,8,1,0,0,0,0,1,0,0,0,0,6,1,0,0,0,0,0,1,0,2,0,0,16,44,9,1,0,2,20,0,0
5,24,9,0,1,3,0,0,0,1,426,5,0,0,0,2,1,0,5,0,377,15,107,1,0,19,95,0,0,17,2,0,1,0,0,0,0,0,0,0,5,87,4,0,1,0,9,36,16,0,85,0,19,0,1,0,1,65,0,194,1,0,3,1,21,0,0,37,1,0,56,0,0,0,1,0,2,0,1,0,10,8,0,2,1,0,8,0,340,4,2,0,0,1,0,3,0,0,0,2,1,0,0,0,1,0,0,0,0,0,0,302,6,0,5,0,3,0,1,2,1,0,8,16,0,0,2,9,5,1,0,0,0,1,0,2,0,0,0,4,0,0,0,1,0,6,1,0,0,0,0,0,0,0,15,361,0,0,14,0,1,0,0,0,0,3,0,0,0,6,0,1,0
0,0,0,0,0,3,0,0,0,13,1,0,0,0,2,9,0,124,0,2,0,0,0,1,6,0,0,0,0,0,5,0,0,0,1,63,0,0,0,0,0,0,2,1,2,0,1,19,20,0,0,0,0,0,1,2,2,0,0,0,3,0,0,1,1,0,0,1,5,0,17,0,0,0,0,0,0,0,16,7,1,0,0,26,49,31,0,0,4,12,0,0,65,11,8,0,1,0,0,0,3,0,0,0,0,0,0,9,0,0,0,0,29,444,0,179,26,0,0,6,0,0,1,1,164,0,0,0,1,0,0,0,0,0,1,0,0,0,0,3,1,0,0,7,0,0,0,3,0,0,0,60,0,15,0,0,0,0,3,0,0,0,6,0,0,0,0,0,112,0,0,2,1
0,0,0,0,2,0,0,267,0,0,0,0,0,1,0,0,0,0,0,0,0,0,0,0,0,0,0,363,0,0,2,0,0,0,6,2,0,2,0,1,0,0,0,1,0,0,1,0,0,0,0,22,0,258,0,0,0,0,1,0,0,553,15,0,0,0,0,0,1,0,0,33,0,0,0,0,0,422,0,0,0,0,0,0,0,0,0,5,0,17,0,0,0,0,0,149,2,0,43,0,0,23,2,0,0,1,0,0,11,2,389,0,0,0,0,0,0,2,0,0,0,0,0,0,26,0,0,0,0,0,4,14,10,1,0,3,0,0,0,0,0,0,0,0,0,0,0,0,0,185,1,0,1,0,0,0,63,0,0,0,0,856,0,0,1,0,0,3,0,0,0,0,0
0,0,0,0,0,0,0,7,0,0,0,0,0,0,0,0,0,0,0,0,0,0,0,0,0,0,0,6,0,0,0,0,0,0,0,3,0,0,0,0,0,0,0,0,0,0,0,1,0,0,0,34,0,2,0,0,0,0,0,0,0,0,0,1,0,0,0,0,0,0,0,26,0,0,0,0,1,0,0,0,0,0,0,0,0,0,0,8,0,0,0,0,0,0,0,5,0,0,0,0,0,0,0,0,0,0,0,0,0,0,1,0,0,1,0,0,0,0,0,0,0,0,0,0,0,0,0,0,0,0,4,0,1,0,0,0,0,0,0,0,0,0,0,0,0,0,0,0,0,1,0,0,0,0,0,0,42,0,0,0,0,5,0,0,0,0,0,0,0,0,1,0,0
