0.86183,0.23379,0.41562,0.37899,0.18966,0.26545,0.95408,0.59799,0.85625,0.32897,0.67042,0.47896,0.87356,0.57249,0.47666,0.35809,0.51206,0.38752,0.53947,0.41375,0.48167,0.46925,0.34775,0.50517,0.24473,0.51354,0.22698,0.57782,0.6037,0.80424,0.22485,0.454,0.20541,0.81936,0.55983,0.3429,0.3519,0.74314,0.76919,0.65707,0.48393,0.26111,0.3186,0.23516,0.46237,0.18849,0.3485,0.44885,0.16258,0.59432,0.22425,0.72818,0.56723,0.7409,0.60382,0.2823,0.21769,0.53551,0.60478,0.28114,0.38471,0.66277,0.17705,0.6371,0.40898,0.43418,0.26832,0.71091,0.32944,0.78801,0.50305,0.28651,0.58333,0.16571,0.62083,0.97493,0.64171,0.65176,0.41201,0.36609,0.28458,0.72603,0.38028,0.68879,0.61345,0.66186,0.45982,0.36042,0.55077,0.39151,0.39864,0.99002,0.72172,0.69935,0.5466,0.51698,0.47702,0.76402,0.55151,0.24284,0.35681,0.74632,0.53453,0.91525,0.19086,0.9623,0.35284,0.23505,0.60727,0.71203,0.67508,0.43455,0.30853,0.7248,0.16071,0.23121,0.50839,0.66726,0.35393,0.60119,0.50791,0.5524,0.62747,0.45151,0.26838,0.79911,0.53086,0.64546,0.51252,0.41858,0.625,0.3011,0.6862,0.41409,0.4466,0.36329,0.57178,0.43407,0.79024,0.43285,0.34321,0.69116,0.62374,0.47705,0.83615,0.33037,0.35208,0.34293,0.45437,0.81711,0.62085,0.27496,0.32047,0.51355,0.44737,0.89757,0.30729,0.57224,0.22586,0.50855,0.3515,0.80381,0.40643,0.59879,0.69094,0.6942,0.70917,0.7552,0.45188,0.47253,0.43969,0.73955,0.47201
0.54905
0,35,298,154,0,38,0,0,0,0,0,65,0,0,0,1,0,4,87,13,1,2,2,0,174,10,7,0,0,0,0,0,8,0,0,0,0,0,0,0,1,9,245,0,0,1,2,0,5,0,0,0,179,0,2,0,0,17,0,0,0,0,0,0,1,1,23,0,0,0,0,0,10,99,447,0,0,0,0,0,0,0,86,0,0,0,33,0,0,0,0,0,0,4,0,0,0,0,88,212,0,0,9,0,40,0,199,0,0,0,0,0,2,0,31,1,0,0,1,19,0,2,0,37,0,0,0,0,0,22,0,0,0,0,0,0,0,0,0,0,0,0,0,0,0,211,13,9,1,0,0,0,0,19,4,0,0,27,15,7,3,0,0,10,0,0,0,0,0,9,0,0,9
0,1,9,67,1,14,0,0,0,12,0,4,0,0,0,6,0,2,0,1,0,0,0,0,20,0,7,0,0,0,69,0,84,0,0,1,4,0,0,0,1,0,53,0,22,106,5,3,0,0,0,0,1,0,1,0,1,0,0,4,2,0,0,0,0,0,14,0,22,0,0,0,0,48,1,0,0,0,3,0,0,2,351,0,1,1,0,0,0,0,2,0,6,1,0,0,0,0,27,4,62,0,387,0,5,0,4,21,0,21,0,0,5,0,0,14,2,0,1,1,28,506,0,25,0,0,0,0,0,365,0,0,0,0,0,0,0,0,0,1,0,0,0,8,0,2,313,11,229,0,0,8,1,0,0,0,0,404,11,0,11,0,16,297,0,0,0,0,0,1,0,0,253
1,42,38,34,25,36,2,1,1,14,6,17,8,2,0,0,1,1,30,123,1,9,56,0,60,9,14,0,1,0,12,0,86,2,0,25,9,2,0,8,10,2,101,1,2,64,50,3,52,1,37,0,28,3,3,13,3,36,1,3,1,1,7,0,3,0,10,1,4,1,0,0,4,110,8,3,2,0,3,0,0,1,113,1,0,1,4,0,0,0,10,0,0,2,0,2,3,14,40,115,2,3,24,0,107,2,121,1,0,4,1,2,12,0,12,9,4,1,27,4,0,12,2,76,4,0,13,1,0,60,1,1,3,20,0,1,0,0,1,2,0,10,1,4,1,60,42,101,27,0,0,13,6,3,9,0,0,41,4,12,44,0,1,18,1,2,0,6,0,18,1,1,43
0,151,154,35,0,106,0,0,0,0,0,21,0,0,0,0,0,0,451,9,57,28,32,0,29,29,67,0,0,3,0,0,0,0,0,0,2,0,0,0,3,176,54,0,0,0,1,0,9,0,2,0,367,0,1,0,1,105,0,1,2,0,1,0,0,0,5,1,3,0,8,0,2,22,95,0,0,0,0,0,0,0,7,0,0,0,24,0,50,0,0,0,0,2,0,0,0,0,23,171,0,0,0,0,48,0,60,0,0,0,0,12,3,0,51,0,0,0,0,3,1,0,0,20,0,0,0,0,3,9,0,0,0,3,0,0,0,0,0,0,0,0,0,1,0,223,1,9,0,0,0,0,0,4,21,4,0,0,131,20,0,0,0,0,0,0,0,0,0,0,0,0,1
0,6,30,76,0,27,0,0,0,1,0,2,0,0,0,0,0,0,5,1,1,2,0,0,26,3,0,0,0,0,3,0,2,0,0,0,0,0,0,0,1,0,36,0,0,1,0,0,0,0,0,0,1,0,0,0,0,0,0,0,0,0,0,0,0,0,4,0,0,0,0,0,0,115,1,0,0,0,0,0,0,0,55,0,0,0,0,0,0,0,0,0,0,2,0,0,0,0,5,44,1,0,16,0,14,0,29,0,0,0,0,1,0,0,4,1,0,0,0,0,1,7,0,1,0,0,0,0,0,77,0,0,0,0,0,0,0,0,0,0,0,0,0,0,0,12,20,19,7,0,0,0,0,2,0,0,0,48,0,1,0,0,0,7,0,0,0,0,0,0,0,0,11
2,108,14,12,103,67,0,0,0,15,16,11,0,0,0,0,12,0,38,307,23,77,127,0,33,99,16,0,2,2,12,5,55,0,0,4,20,6,1,1,36,9,11,3,0,38,287,6,126,4,134,0,6,0,23,31,15,17,5,1,7,0,7,5,6,0,29,11,12,0,21,0,13,25,8,0,12,0,4,4,3,0,14,0,1,1,8,0,5,1,13,0,1,4,3,8,2,3,3,61,2,0,6,0,120,0,40,6,2,1,0,38,31,0,17,5,5,18,115,11,1,0,2,13,3,0,0,2,4,28,0,2,0,23,2,0,0,0,0,5,0,0,0,18,0,27,48,69,1,0,0,15,86,4,49,0,0,5,54,19,139,0,6,5,0,18,2,0,0,38,0,19,27
0,0,87,285,0,2,0,0,0,0,0,23,0,0,0,0,2,0,0,0,0,0,7,0,5,0,103,0,0,0,4,0,30,0,0,0,0,0,0,0,0,1,192,0,12,56,0,9,6,0,6,0,10,0,0,0,0,7,0,0,13,0,0,0,1,0,8,0,0,0,0,0,0,15,2,0,0,0,0,0,0,0,129,0,0,0,4,0,0,0,0,0,0,1,0,0,0,0,439,94,9,0,24,0,3,0,37,0,0,0,0,1,170,0,0,0,0,0,0,1,15,2,0,419,0,0,0,0,0,17,0,0,0,0,0,0,0,0,0,0,0,0,0,19,0,32,23,3,4,0,0,0,1,1,0,0,0,12,0,0,6,0,0,28,0,0,0,0,0,0,0,0,10
0,3,1,1,1,0,0,0,0,1,0,0,0,0,5,0,0,1,3,0,0,2,0,0,0,1,1,0,0,0,8,0,0,0,2,1,0,0,0,1,0,0,1,39,1,0,1,0,0,0,0,2,0,1,0,1,0,0,8,2,0,0,1,0,1,0,0,2,0,0,0,0,0,0,4,0,0,0,0,0,0,0,0,0,0,1,3,1,2,0,0,0,0,0,0,0,0,1,0,0,0,0,0,0,0,1,0,0,0,1,0,0,0,0,11,2,0,0,0,0,0,0,1,2,0,1,0,0,1,0,0,0,0,0,0,12,0,22,0,5,0,0,0,0,0,1,0,1,0,0,3,0,15,0,1,0,0,0,1,0,0,1,0,0,108,0,0,1,0,0,0,0,0
2,0,0,0,43,0,8,3,66,0,10,0,117,5,337,0,1,3,0,6,3,0,0,391,0,2,0,2,11,10,0,10,0,239,2,2,189,176,239,59,0,0,0,10,0,0,0,0,33,5,3,4,0,2,0,17,5,0,0,21,0,2,10,6,0,263,1,4,0,198,5,12,3,0,0,9,6,1,0,1,251,0,0,0,1,0,0,5,2,3,25,13,0,26,1,29,35,858,0,0,18,3,0,123,0,4,0,0,6,0,1,7,0,24,5,1,0,5,0,1,0,0,13,0,6,2,18,690,3,0,63,178,18,3,4,7,380,1,1296,0,184,276,494,0,0,0,0,1,0,0,9,0,0,0,0,0,7,0,0,82,0,6,7,0,2,5,125,1,0,0,339,0,0
0,0,0,0,0,0,0,31,0,0,0,0,0,0,0,0,0,0,0,0,0,0,0,0,0,0,0,9,0,0,0,0,0,0,3,0,0,0,0,0,0,0,0,0,0,0,0,0,0,0,0,139,0,13,0,0,0,0,0,0,0,0,0,0,0,0,0,0,0,0,0,230,0,0,0,0,0,4,0,0,0,0,0,0,0,0,0,29,0,0,0,0,0,0,0,0,0,0,0,0,0,14,0,0,0,0,0,0,0,11,1,0,0,0,0,0,0,0,0,0,0,0,0,0,0,2,0,0,0,0,59,0,0,0,0,2,0,0,0,0,0,0,0,0,0,0,0,0,0,6,0,0,0,0,0,0,268,0,0,0,0,1,0,0,0,0,0,0,0,0,0,0,0
0,0,0,0,6,0,14,8,1,3,1,0,1,6,4,0,17,2,0,0,0,0,0,0,0,0,0,1,0,0,2,0,0,1,36,16,0,0,0,4,0,0,0,136,0,0,1,0,47,0,0,2,0,5,0,0,0,0,23,0,0,5,13,0,0,2,0,0,8,0,0,15,0,0,32,4,0,5,2,0,1,0,3,0,0,0,0,94,0,0,0,2,1,0,0,1,15,1,0,0,0,94,0,0,0,2,0,2,2,58,0,0,1,0,3,4,1,1,0,0,0,0,3,0,0,11,2,0,0,0,31,1,16,0,4,194,0,76,0,3,0,0,0,0,3,0,1,0,1,1,9,1,22,0,1,0,21,0,0,5,1,0,0,0,11,0,0,15,0,0,3,1,0
0,1,0,0,16,0,1,1,94,3,0,0,4,35,4,0,3,0,1,3,0,0,0,0,0,3,0,0,1,0,3,2,4,8,5,1,0,9,16,4,9,0,0,135,1,3,18,2,19,1,4,0,0,5,0,18,0,0,6,25,1,13,14,13,0,8,1,4,1,6,9,1,1,1,1,1,3,4,4,1,25,0,0,3,0,4,0,0,0,11,4,3,2,2,0,151,5,26,2,0,3,16,27,1,0,4,0,1,4,7,0,1,2,0,72,0,2,0,0,1,1,0,6,0,1,1,6,33,2,2,2,15,107,1,2,119,11,237,49,9,8,38,0,3,1,0,7,1,0,1,1,1,268,0,0,0,0,0,1,5,1,1,0,0,21,4,7,1,0,0,44,0,7
4,0,0,0,128,0,0,0,2,3,0,1,1,187,0,1,0,0,0,15,0,0,0,49,0,1,0,1,3,5,0,10,1,0,7,0,1,0,0,0,0,0,1,40,1,4,7,2,28,2,0,0,0,0,12,163,8,1,2,3,3,0,17,53,0,2,10,5,5,0,5,0,44,9,0,0,13,0,5,7,6,1,0,5,0,3,0,3,0,21,2,0,0,5,1,16,120,2,1,0,2,1,0,1,0,0,0,6,1,0,0,4,0,19,0,3,4,6,0,2,0,0,0,0,4,0,0,9,4,0,12,5,0,335,4,0,5,0,17,5,18,0,4,1,0,0,0,0,0,0,0,1,0,2,1,0,0,0,1,1,1,1,9,0,0,8,5,0,0,2,225,0,1
0,1,3,13,1,61,0,0,0,64,0,19,0,0,0,135,0,134,5,26,3,5,13,0,75,2,23,0,1,1,114,0,197,0,0,0,6,0,0,0,3,1,16,1,53,203,50,13,6,1,11,0,3,0,41,0,2,5,0,1,12,0,0,0,5,0,209,2,72,0,2,0,3,68,2,0,0,0,17,11,1,6,102,4,2,1,6,0,0,0,0,0,1,14,4,0,0,0,22,12,119,1,153,0,29,0,6,32,0,7,0,0,13,0,0,70,6,2,24,38,30,248,0,56,4,0,0,0,0,153,0,0,0,1,0,0,0,0,0,12,0,0,0,6,0,2,170,91,126,0,0,88,7,50,0,0,0,103,14,23,57,0,50,58,0,0,0,0,5,14,0,8,84
0,71,4,0,0,27,0,0,0,0,7,2,0,0,0,0,0,0,20,10,6,252,16,0,3,179,8,0,0,1,0,0,0,0,0,0,0,0,0,0,0,9,1,0,0,0,1,0,0,0,0,0,2,0,0,0,0,5,1,1,0,0,0,1,0,0,0,16,1,0,6,0,0,2,2,2,0,0,0,0,0,0,0,0,0,0,0,0,28,1,0,0,0,0,0,0,0,0,0,9,0,0,0,0,30,0,0,0,0,0,0,19,4,0,18,0,0,0,2,0,0,0,0,0,0,0,0,0,1,0,0,0,0,0,0,0,0,0,0,0,0,0,0,0,0,3,0,7,0,0,0,0,0,0,82,3,0,0,83,1,0,0,0,0,0,1,0,0,0,1,0,0,0
1,0,0,0,0,0,0,0,0,1,3,0,0,0,2,0,0,0,0,2,0,0,0,0,1,1,0,0,9,0,1,9,1,0,1,1,4,0,0,1,18,1,1,0,1,1,17,0,3,41,1,0,1,0,3,1,43,0,0,26,1,0,1,44,0,5,0,0,3,0,0,0,1,1,0,1,79,0,4,1,107,0,0,1,1,1,0,0,2,0,106,0,2,0,1,1,0,2,0,0,0,0,0,1,0,1,0,5,0,0,0,0,0,0,1,1,3,3,1,2,0,0,36,0,0,0,1,1,37,0,0,1,0,1,29,0,3,0,1,0,2,0,1,0,0,0,2,0,0,0,0,0,0,0,1,0,0,0,0,0,6,0,0,0,0,2,0,0,0,1,0,12,1
7,0,0,0,0,0,6,0,3,0,13,0,8,0,1,0,1,0,0,3,1,0,0,0,0,1,0,0,0,0,0,0,0,3,2,0,0,6,1,22,4,0,0,0,0,0,2,0,0,0,1,0,0,6,0,0,1,0,3,75,0,2,13,0,0,20,0,2,0,24,0,1,0,0,0,2,0,0,0,1,0,0,0,0,0,0,0,4,20,0,24,1,0,0,0,3,0,3,0,0,0,0,0,2,0,5,0,0,10,1,0,1,0,1,3,0,1,0,0,1,0,0,14,0,0,0,344,3,0,0,0,8,19,0,2,8,26,0,1,0,1,40,0,0,1,0,0,0,0,0,1,0,0,0,0,1,1,0,0,0,0,0,0,0,5,0,1,472,0,0,0,0,0
44,5,4,2,7,3,0,1,0,22,0,142,1,1,0,11,3,410,0,8,7,0,6,2,16,7,3,0,0,43,17,0,42,0,0,12,2,0,1,1,8,71,0,1,3,21,20,4,6,1,12,0,0,0,538,10,17,23,0,0,40,0,2,1,50,0,227,2,25,0,5,0,406,0,7,0,1,0,23,6,0,6,1,1,2,1,412,0,0,0,9,0,0,542,346,0,0,1,2,8,15,0,3,0,10,0,2,15,0,38,0,10,2,2,5,109,7,7,11,707,0,6,0,7,15,0,0,0,6,14,0,0,0,144,0,15,1,0,0,15,0,0,0,2,0,3,16,5,8,0,0,16,20,360,6,0,0,1,4,0,10,1,0,3,0,0,0,0,2,103,0,7,11
0,0,0,10,0,0,0,0,0,18,0,0,0,0,0,5,0,1,0,0,0,0,11,0,0,0,14,0,0,0,68,0,32,0,0,2,1,0,0,0,1,0,2,0,430,124,8,83,2,0,0,0,0,0,3,0,6,0,0,0,55,0,0,0,11,0,5,1,45,0,0,0,0,1,0,0,0,0,19,24,0,32,7,88,22,31,0,0,0,0,0,0,27,0,0,0,1,0,22,0,309,0,26,0,2,0,0,65,0,3,0,0,2,0,0,5,56,0,0,2,321,17,0,59,1,0,0,0,0,6,0,0,0,0,0,0,0,0,0,35,0,0,0,89,0,0,10,4,17,0,0,7,1,0,0,0,0,8,0,0,3,0,11,9,0,0,0,0,0,0,0,1,1
0,0,0,0,0,0,2,1,2,0,0,0,1,0,0,0,2,0,0,0,0,0,0,0,0,0,0,1,0,0,0,0,0,4,2,0,0,8,8,7,0,0,0,1,0,0,0,0,0,0,0,5,0,4,0,0,0,0,0,0,0,5,4,0,0,1,0,0,0,0,0,1,0,0,0,2,0,1,0,0,0,0,0,0,0,0,0,10,0,0,2,1,0,0,0,24,0,0,0,0,0,8,0,1,0,2,0,0,886,0,1,0,0,0,0,0,0,0,0,0,0,0,0,0,0,1,7,1,0,0,0,37,1089,0,0,1,12,4,0,0,0,17,0,0,1,0,0,0,0,1,0,0,4,0,0,0,4,0,0,0,0,0,0,0,23,0,0,2,0,0,0,0,0
12,0,0,0,143,0,1,0,0,1,3,0,0,65,33,0,63,2,0,0,0,1,0,0,0,0,0,1,0,0,9,0,0,0,48,2,0,0,0,0,0,79,1,25,0,0,0,0,12,0,1,0,0,4,0,0,0,0,4,3,0,2,2,0,0,0,0,23,0,0,0,1,0,0,1,0,0,0,0,0,2,0,0,0,0,0,0,4,0,0,0,0,1,0,0,2,1,0,0,0,0,6,0,0,0,0,0,0,0,3,0,0,1,2,1,0,0,0,0,0,0,0,0,0,1,60,0,0,0,0,4,0,1,0,0,13,1,4,1,2,0,0,3,0,98,0,0,3,1,1,393,1,1,0,4,0,1,0,1,1,0,0,1,0,29,0,0,0,1,1,0,0,0
0,0,0,0,4,0,1787,0,3,0,12,0,14,0,0,0,1,0,0,0,0,0,0,0,0,0,0,0,0,0,0,0,0,7,0,1,0,11,7,377,1,0,0,0,0,0,3,0,0,0,0,0,0,0,0,0,1,0,8,5,0,0,43,0,0,8,0,1,1,6,0,0,0,0,0,2294,0,0,0,0,1,0,0,0,0,1,0,0,2,0,67,3573,0,0,1,1,9,38,0,0,0,0,0,5,0,1761,0,0,3,0,0,0,0,1,3,0,1,2,0,0,0,0,3,0,0,0,17,2,0,0,0,2,33,0,3,0,5,0,0,0,1,27,0,0,0,0,0,0,0,0,0,0,2,0,0,0,0,0,0,0,0,0,0,0,0,0,11,9,0,0,1,0,0
10,3,1,3,2,2,20,1,1,7,5,0,0,19,13,1,17,2,1,38,3,0,1,5,0,4,1,0,2,0,9,3,6,0,36,3,0,0,0,0,2,2,3,26,1,1,3,1,4,2,0,4,0,1,1,124,2,0,214,4,0,1,3,3,1,1,3,0,16,0,4,1,3,2,0,1,0,0,2,2,7,0,2,5,1,12,0,8,1,1,2,1,10,5,3,4,384,0,0,3,1,32,2,0,1,5,0,2,3,19,2,0,0,23,3,8,8,375,1,2,0,5,1,0,17,17,17,3,1,4,0,0,11,0,240,6,0,6,0,0,0,0,10,12,18,0,13,1,2,0,10,9,2,1,1,0,1,7,1,0,4,0,5,1,14,4,0,8,3,1,3,3,5
1,4,0,3,10,17,0,0,0,298,1,4,0,0,0,61,24,47,2,7,0,5,70,0,39,7,12,0,5,0,156,0,172,0,0,16,12,0,0,0,55,3,0,30,134,176,171,87,23,0,47,0,0,0,45,0,20,2,0,0,81,0,2,2,45,1,80,4,207,0,19,0,1,5,0,0,0,0,242,87,0,54,14,70,41,48,2,0,6,2,0,0,73,7,192,3,1,0,1,0,145,1,14,0,18,0,1,203,0,14,0,1,19,2,0,120,54,12,36,12,90,63,0,19,19,0,0,0,1,23,0,0,0,9,0,0,0,0,0,182,0,0,0,32,0,1,45,48,44,0,0,190,75,23,1,0,0,18,35,25,27,0,107,5,0,0,0,0,216,14,0,12,10
0,8,0,3,69,15,1,3,0,327,3,16,0,2,4,9,175,14,1,49,3,5,111,4,21,4,13,1,27,1,190,5,228,5,0,239,67,0,4,2,256,4,1,62,134,184,452,179,57,26,209,1,0,0,96,80,58,9,2,0,101,0,10,9,64,2,92,10,254,0,39,1,2,5,1,0,22,0,257,69,6,68,8,73,69,135,10,0,5,68,31,0,100,10,21,11,7,1,12,3,58,1,8,2,12,0,6,221,0,17,0,4,33,10,2,109,129,110,126,15,67,28,3,39,81,0,1,3,18,30,1,7,0,118,7,1,0,0,0,361,1,0,3,84,0,0,116,19,21,0,1,155,299,13,5,0,0,20,56,9,187,4,278,8,0,1,0,0,21,38,5,230,28
0,0,0,0,0,0,2,0,0,21,0,0,0,0,0,127,4,4,0,0,0,1,14,0,0,0,5,0,4,1,31,0,1,0,0,158,10,0,0,0,3,0,0,0,102,16,1,487,3,1,6,0,0,0,3,0,18,3,0,0,327,0,0,0,248,0,2,29,37,0,11,0,0,0,0,0,1,0,38,69,2,583,0,737,365,642,0,0,77,249,1,0,874,0,9,0,1,0,0,0,67,0,0,0,0,0,0,117,0,3,0,0,119,31,0,34,394,2,0,0,56,8,0,0,120,0,0,0,2,0,0,0,0,1,1,0,0,0,0,129,0,0,0,395,0,0,0,1,1,0,0,49,6,0,0,0,0,2,5,0,3,0,12,1,0,0,0,0,63,0,0,0,0
0,0,0,0,0,0,0,14,0,1,0,0,0,0,0,0,0,2,0,0,0,0,0,0,0,0,0,14,0,0,0,0,0,0,17,4,0,0,0,0,0,0,0,2,0,0,0,0,55,0,0,91,0,5,0,0,0,0,0,0,0,0,3,0,0,0,0,0,0,0,1,284,0,0,0,0,0,2,0,0,0,0,0,0,0,0,0,30,0,1,0,0,0,0,0,3,1,0,2,0,0,23,0,0,0,0,0,0,0,13,4,0,0,0,0,1,0,1,0,0,0,0,0,0,0,2,0,0,0,0,455,0,1,0,0,3,0,0,0,0,0,0,0,0,0,0,0,0,0,6,1,0,0,0,0,0,127,0,0,0,0,7,0,0,0,0,0,5,0,0,0,0,0
0,1,0,0,93,0,0,4,19,0,49,0,8,691,109,0,361,0,0,1,0,0,0,0,0,0,0,5,0,0,21,0,0,0,407,2,0,0,0,2,0,13,0,10,0,0,0,0,2,0,1,6,0,15,0,0,0,0,37,1,0,9,11,0,0,2,0,2,0,4,0,5,47,0,0,3,1,0,0,0,1,0,0,0,0,0,0,26,1,0,0,0,0,2,0,2,14,0,0,0,0,54,0,0,0,5,0,0,1,16,7,0,0,0,35,1,0,0,0,0,0,0,2,0,0,895,8,1,0,0,10,0,17,0,3,16,0,23,0,0,0,0,1,0,643,0,0,0,0,40,186,0,3,0,1,0,7,1,2,0,0,0,0,0,45,0,0,4,1,0,0,2,0
1,0,0,0,24,0,5,0,1233,0,6,0,1140,1,68,0,2,0,0,0,1,0,0,98,0,0,0,2,3,4,0,9,0,1388,11,1,23,975,1293,1004,0,0,0,2,0,0,0,0,4,1,0,7,0,17,0,1,3,0,2,28,0,12,54,3,0,343,0,1,0,907,0,32,0,0,0,18,3,8,0,0,22,0,0,0,0,1,0,31,0,3,27,15,0,8,0,16,17,114,0,0,1,6,0,1566,0,21,0,0,27,1,2,6,0,5,7,0,0,1,0,0,0,0,2,0,4,23,192,39,0,0,9,218,44,6,9,42,701,2,224,0,125,969,246,0,0,0,0,0,0,0,0,0,0,0,0,0,23,0,0,8,0,3,0,0,9,3,495,1,0,0,98,0,0
1,149,28,18,2,232,1,0,0,73,24,10,0,8,0,1,0,1,74,10,13,496,410,4,4,569,157,0,0,4,2,8,10,0,0,1,1,10,0,0,20,37,25,15,2,20,23,120,74,3,109,0,10,0,4,18,4,10,0,19,7,0,5,17,10,0,1,482,5,0,495,0,6,13,7,0,4,0,1,9,10,0,3,4,1,4,1,0,73,186,5,0,2,2,0,5,1,0,22,58,6,0,4,0,76,0,6,1,4,0,0,415,51,40,54,2,13,1,2,0,4,1,11,91,17,0,1,15,13,3,0,0,0,1,0,0,0,0,0,8,1,0,0,128,0,42,8,21,0,0,0,0,3,1,204,25,0,4,81,2,6,0,0,1,0,12,11,0,0,0,0,0,3
2,1,1,0,3,1,5,0,0,1,4,0,0,2,13,0,0,0,0,3,2,0,0,156,0,6,1,0,43,12,0,533,3,0,0,0,114,15,2,1,5,0,0,8,2,2,6,1,18,90,20,0,0,0,0,81,111,0,0,237,1,0,8,246,7,6,0,0,2,0,6,0,0,4,1,4,145,0,0,0,196,1,0,0,0,6,0,0,0,6,225,0,1,2,2,18,2,7,0,1,1,0,0,0,0,0,0,0,2,0,0,13,4,0,18,1,1,0,0,0,4,1,571,1,2,0,0,38,48,9,0,5,0,2,53,1,11,1,0,8,14,0,1,1,0,0,0,0,1,0,1,1,1,0,5,0,0,0,2,0,3,0,2,1,0,563,10,0,0,1,3,3,1
0,3,0,1,22,6,1,0,1,6,5,0,0,108,39,0,1,1,1,10,3,3,5,16,0,11,4,1,489,5,3,501,10,4,0,0,259,6,10,16,25,3,0,19,2,3,15,3,96,690,15,0,0,1,9,236,147,2,2,179,7,0,9,790,0,82,3,10,4,4,25,1,4,100,0,2,797,1,8,5,201,0,0,2,3,5,0,0,0,8,411,0,1,1,7,29,17,13,1,4,2,0,4,1,2,0,3,5,11,0,0,30,1,6,25,1,6,2,0,3,1,2,211,3,3,0,0,15,348,6,3,92,0,21,322,1,35,0,43,5,197,0,10,6,0,0,2,5,0,0,0,1,0,0,2,0,1,0,0,0,4,2,162,0,0,128,18,0,1,0,28,2,2
0,1,0,0,1,0,2,0,0,0,2,0,0,0,53,0,0,0,0,12,1,0,0,2,0,0,0,0,207,1,0,64,0,5,0,0,6,0,0,1,1,2,0,0,1,0,2,1,1,287,1,0,0,0,0,8,160,0,0,0,0,0,3,35,0,34,0,1,1,0,6,0,0,0,0,2,147,0,2,2,24,1,0,0,0,4,0,0,0,3,31,0,3,1,1,0,1,1,0,0,0,0,0,4,0,0,0,0,1,1,0,9,0,3,0,2,5,0,0,0,0,0,11,0,1,0,0,0,69,2,0,6,0,2,22,0,9,0,1,0,11,0,16,4,0,0,0,0,0,0,0,1,0,0,2,0,0,0,0,0,1,0,6,0,0,19,1,0,0,0,0,0,0
1,220,12,11,2,181,0,0,0,3,0,5,0,0,0,0,0,0,94,46,26,124,10,0,171,88,11,0,0,0,1,0,40,0,0,0,1,0,0,0,2,4,12,0,0,5,10,0,6,0,0,0,2,0,1,0,2,13,0,0,1,0,0,0,0,0,7,0,2,0,15,0,1,39,14,0,0,0,1,1,0,0,12,0,0,0,4,0,3,0,0,0,0,0,0,0,0,0,3,40,3,0,3,0,142,0,24,0,0,1,0,23,11,0,11,0,0,0,3,1,0,1,0,4,0,0,0,0,1,23,0,0,0,0,0,0,0,0,0,0,0,0,0,1,0,25,5,262,8,0,0,5,0,1,19,3,0,4,38,238,1,0,0,3,0,0,1,0,0,13,0,0,11
0,1,1,8,0,10,0,0,0,0,0,4,0,0,0,0,0,0,2,0,234,1,127,0,3,4,175,0,0,0,0,0,3,0,0,0,0,0,0,0,0,5,0,0,0,2,0,2,3,0,0,0,8,0,1,0,0,10,0,0,3,0,0,0,0,0,0,0,0,0,0,0,0,1,3,0,0,0,0,0,0,0,0,0,0,0,1,0,1,0,0,0,0,0,0,0,0,0,2,9,3,0,0,0,5,0,5,0,0,0,0,2,0,0,0,0,0,0,0,1,0,0,0,23,0,0,0,0,0,2,0,0,0,0,0,0,0,0,0,0,0,0,0,2,0,7,0,5,0,0,0,0,0,0,0,0,0,0,1,4,0,0,0,0,0,0,0,0,0,0,0,0,0
0,3,3,0,5,2,3,5,0,0,0,1,0,15,10,0,4,0,3,1,0,1,1,0,0,0,0,0,0,0,57,0,0,0,13,1,0,0,0,1,0,0,0,206,1,0,0,0,1,0,0,3,0,1,0,1,0,0,557,0,0,1,1,0,0,1,1,9,0,0,0,3,1,0,0,1,0,0,0,0,1,0,2,3,0,0,1,4,2,0,0,0,4,0,0,0,115,0,0,1,1,20,0,0,2,3,0,0,1,15,0,0,0,0,1,0,0,0,0,0,1,0,0,0,0,33,0,0,0,1,1,0,18,0,5,28,1,63,0,6,0,1,0,1,1,0,3,0,0,1,12,0,36,0,0,0,0,0,0,0,1,0,0,1,702,0,0,3,0,0,0,0,0
630,12,24,13,2,6,2,0,1,8,3,330,0,5,0,7,0,293,8,2,5,1,18,20,20,4,11,0,0,797,1,5,34,1,0,4,2,2,4,0,6,188,7,1,8,19,7,5,6,0,161,0,3,0,70,8,60,377,0,2,165,0,1,3,337,0,101,4,3,0,9,0,97,6,71,0,2,0,12,18,2,40,11,2,2,3,371,0,2,2,6,0,3,107,24,13,0,0,6,18,9,0,5,0,53,0,20,10,0,4,0,16,10,2,41,3,12,7,0,330,8,0,6,7,76,0,0,11,103,10,0,4,0,114,1,167,0,0,0,18,0,0,2,3,0,8,15,6,4,0,1,0,1,188,6,1,0,1,1,1,6,0,0,38,0,4,2,0,0,258,1,2,10
0,0,0,0,0,0,0,775,0,0,0,0,0,0,0,0,0,0,0,0,0,0,0,0,0,0,0,672,0,0,0,0,0,0,8,0,0,0,0,0,0,0,0,0,0,0,0,0,0,0,0,55,0,1181,0,0,0,0,0,0,0,1305,5,0,0,0,0,0,0,0,0,57,0,0,0,0,0,1020,0,0,0,0,0,0,0,0,0,1,0,0,0,0,0,0,0,0,0,0,0,0,0,25,0,0,0,0,0,0,46,6,856,0,0,0,0,0,0,0,0,0,0,0,0,0,1,0,2,0,0,0,1,2,15,0,0,5,0,0,0,0,0,0,0,0,0,0,0,0,0,1242,0,0,0,0,0,0,48,0,0,0,0,138,0,0,0,0,0,4,0,0,0,0,0
0,0,0,0,0,0,0,169,0,0,0,0,0,0,0,0,0,0,0,0,0,0,0,0,0,0,0,47,0,0,0,0,0,0,0,0,0,0,0,0,0,0,0,0,0,0,0,0,0,0,0,1018,0,20,0,0,0,0,0,0,0,0,1,0,0,0,0,0,0,0,0,308,0,0,0,0,0,2,0,0,0,0,0,0,0,0,0,275,0,0,0,0,0,0,0,0,0,0,0,0,0,1,0,0,0,0,0,0,3,0,6,0,0,0,0,0,0,0,0,0,0,0,0,0,0,0,0,0,0,0,2,0,1,0,0,0,0,0,0,0,0,0,0,0,0,0,0,0,0,29,0,0,0,0,0,0,354,0,0,0,0,0,0,0,0,0,0,1,0,0,0,0,0
1,0,0,0,2,0,8,24,0,2,0,0,1,23,11,0,5,0,0,5,0,0,0,0,0,0,0,11,0,0,7,0,0,0,115,20,0,0,0,7,0,0,0,45,0,0,1,0,5,0,0,5,0,30,0,1,0,0,39,0,0,16,19,0,0,0,0,0,0,1,0,60,3,0,1,4,0,21,0,0,0,0,1,0,0,0,0,306,0,1,0,0,0,2,0,0,22,0,0,0,0,1015,0,0,0,11,0,2,3,675,2,0,0,0,1,0,0,0,0,0,0,0,0,0,0,70,10,0,0,0,62,1,29,0,3,380,0,87,0,3,0,1,0,0,2,0,1,1,0,7,4,0,35,0,0,0,191,0,0,0,1,2,1,0,25,0,0,89,0,0,0,0,0
0,0,0,0,1,0,2,1,11,0,0,0,1,0,0,0,0,0,0,1,0,0,0,0,0,0,0,5,0,0,0,0,0,18,5,0,0,21,63,6,1,0,0,2,0,0,0,0,0,0,0,0,0,8,0,0,0,0,3,0,0,30,6,0,0,3,0,0,0,0,0,0,0,0,0,0,0,27,0,0,0,0,0,0,0,0,0,3,0,0,0,0,0,0,0,17,0,1,0,0,0,19,0,4,0,2,0,0,226,3,4,0,0,0,0,0,0,0,0,0,0,0,0,0,0,0,1,1,0,0,1,51,86,0,0,20,12,15,0,0,2,18,0,0,0,0,0,0,0,0,0,0,22,0,0,0,7,0,0,0,0,1,0,0,9,0,1,0,0,0,0,0,0
1,27,2,2,5,2,0,0,0,15,1,4,0,0,0,1,3,1,3,12,3,16,30,0,2,8,4,0,0,0,14,0,27,0,0,3,0,0,0,0,7,7,0,3,2,13,30,10,12,0,17,0,8,0,6,1,1,6,0,0,0,0,0,0,3,0,6,0,8,0,7,0,0,1,4,0,0,0,31,3,0,0,1,0,3,0,2,0,1,0,0,0,0,3,0,0,0,0,0,3,6,0,1,0,20,0,1,13,0,0,0,3,2,0,3,3,2,1,5,2,1,1,0,8,0,0,0,0,0,2,0,0,0,1,0,0,0,0,0,1,0,0,0,0,0,4,6,17,0,0,0,6,8,2,7,0,0,0,5,1,4,0,0,0,0,0,0,0,0,5,0,1,5
0,61,0,1,0,8,0,0,0,57,15,0,0,0,0,1,2,14,4,15,13,8,5,2,5,25,2,0,0,5,21,1,34,0,0,94,2,0,0,0,44,2,0,0,11,11,86,4,5,3,19,0,0,0,23,4,32,1,0,1,15,0,4,1,8,0,2,1,24,0,215,0,0,1,3,0,1,0,487,190,0,6,1,41,38,23,4,0,4,24,6,0,36,8,10,3,10,0,0,0,17,0,1,0,3,0,0,228,0,0,0,18,23,0,1,32,30,2,0,8,1,5,2,0,6,0,0,0,4,4,0,1,0,2,2,0,0,0,0,11,0,0,0,1,0,0,7,43,1,0,0,60,3,9,10,1,0,0,15,2,1,0,7,2,0,3,0,0,47,25,0,7,1
2,0,0,0,31,2,0,1,2,1,15,1,0,30,0,0,0,0,0,1,0,1,1,23,0,6,0,2,2,80,0,9,0,8,0,1,1,63,32,2,1,1,0,51,0,0,6,0,13,1,33,0,0,3,1,14,9,0,4,11,1,2,3,7,0,4,1,4,2,0,11,1,44,1,1,0,1,1,3,1,1,0,0,1,0,1,0,1,2,4,19,0,0,0,0,609,18,36,0,0,0,0,5,0,0,0,0,1,201,0,0,10,0,1,7,0,0,1,0,0,0,0,0,0,2,1,6,195,1,0,3,73,69,0,1,1,13,5,6,1,8,5,0,0,0,0,0,0,0,0,0,1,5,1,0,0,0,0,0,1,0,3,0,0,12,31,8,1,0,1,18,0,0
8,23,3,0,1,5,0,0,0,2,417,7,0,1,0,1,0,0,3,0,381,17,106,1,0,25,112,0,0,16,2,0,0,0,0,0,0,0,0,0,4,91,3,0,1,2,10,41,12,1,82,0,18,0,2,0,2,55,0,189,1,0,3,0,22,1,0,44,0,0,51,0,0,0,3,0,1,0,0,0,11,2,0,2,0,0,6,0,358,3,3,0,0,1,0,3,0,1,0,3,1,0,0,0,2,0,0,1,0,0,0,309,6,0,2,0,2,0,1,3,1,0,9,18,0,0,2,6,8,0,0,0,0,0,1,0,0,0,0,5,0,0,0,0,0,12,2,0,0,0,0,0,0,0,14,333,0,0,16,0,1,0,0,0,0,3,0,0,0,2,0,0,0
0,0,0,0,0,4,0,0,0,14,1,0,0,0,1,9,0,119,0,2,0,0,0,1,4,0,0,0,0,0,6,0,0,0,0,78,0,0,0,0,1,0,3,1,3,1,0,18,21,0,0,0,0,0,2,3,3,0,0,1,3,0,0,1,1,0,1,2,4,0,9,0,0,0,0,0,0,0,14,7,1,0,0,27,42,40,0,0,3,16,0,0,63,11,7,0,1,0,0,0,3,0,0,0,0,0,0,12,0,0,0,0,24,453,0,163,27,0,0,6,0,1,1,0,157,1,0,0,1,0,2,0,0,0,1,0,0,0,0,2,1,0,0,7,0,0,0,1,0,0,0,62,0,17,0,0,0,0,2,0,0,0,3,0,0,0,0,0,118,0,1,0,1
0,0,0,0,1,0,0,245,0,0,0,0,0,1,0,0,1,0,0,0,0,0,0,0,0,0,0,380,0,0,2,0,0,0,6,1,0,2,0,1,0,0,0,1,0,0,1,0,0,0,0,22,0,269,0,1,0,0,0,0,0,563,18,0,0,0,0,0,0,0,0,37,0,0,0,0,0,468,0,0,0,0,0,0,0,0,0,6,0,22,0,0,0,0,0,199,2,0,72,0,0,17,2,0,0,1,0,0,16,5,380,0,0,0,0,0,0,2,0,0,0,0,0,0,40,0,0,0,0,0,2,14,10,1,0,3,0,0,0,0,0,0,0,0,0,0,0,0,0,183,1,0,0,0,0,0,50,0,0,0,0,717,0,0,0,0,0,2,0,0,0,0,0
0,0,0,0,0,0,0,8,0,0,0,0,0,0,0,0,0,0,0,0,0,0,0,0,0,0,0,8,0,0,0,0,0,1,1,3,0,0,0,0,0,0,0,0,0,0,0,1,0,0,0,34,0,0,0,1,0,0,0,0,0,0,1,0,0,0,0,0,0,0,0,24,0,0,0,0,1,0,0,0,0,0,0,0,0,0,0,8,0,0,0,0,0,0,0,5,0,0,1,0,0,0,0,0,0,0,0,0,0,0,1,0,0,0,0,0,0,0,0,0,0,0,0,0,0,0,0,0,0,0,4,0,0,0,0,0,0,0,0,0,0,0,0,0,0,0,0,0,0,2,0,0,0,0,0,0,41,0,0,0,0,4,0,0,0,0,0,0,0,0,1,0,0
