0.914,0.22571,0.38003,0.34889,0.24579,0.26971,0.95213,0.50967,0.80656,0.28472,0.53057,0.44804,0.88651,0.55023,0.42201,0.352,0.47022,0.39714,0.56135,0.33662,0.4228,0.52715,0.31899,0.48659,0.24025,0.46501,0.25467,0.50167,0.57192,0.81163,0.2186,0.44137,0.1935,0.80618,0.49689,0.32381,0.32677,0.55092,0.77883,0.6713,0.37412,0.27941,0.29184,0.26674,0.37305,0.23543,0.36542,0.46321,0.21374,0.57111,0.24309,0.70402,0.51096,0.75356,0.55822,0.15735,0.21669,0.51302,0.50409,0.25362,0.34132,0.71872,0.21368,0.6407,0.38981,0.55259,0.37789,0.70478,0.27746,0.80728,0.51437,0.37908,0.57061,0.2843,0.6754,0.97428,0.67356,0.57542,0.37949,0.3125,0.34324,0.70688,0.319,0.67657,0.54,0.63654,0.44614,0.34867,0.32616,0.34895,0.35332,0.984,0.60293,0.62973,0.45609,0.44004,0.45124,0.76649,0.47826,0.22639,0.35645,0.62056,0.48803,0.91304,0.18033,0.9663,0.25,0.22544,0.63577,0.70815,0.59707,0.3839,0.27879,0.38859,0.228,0.23872,0.55319,0.76786,0.42258,0.60134,0.46053,0.6119,0.59783,0.38215,0.27237,0.69578,0.5443,0.4771,0.40248,0.30385,0.62731,0.35249,0.66501,0.4356,0.50199,0.40281,0.54739,0.47581,0.79535,0.4291,0.3451,0.68966,0.57215,0.53296,0.81655,0.35059,0.31111,0.34468,0.37702,0.82161,0.54021,0.2435,0.48605,0.54728,0.61538,0.8833,0.36815,0.59549,0.31458,0.46731,0.21053,0.60022,0.42391,0.54628,0.67336,0.72027,0.63899,0.94816,0.43314,0.17301,0.4314,0.52261,0.32927
0.53251
0,33,255,184,0,39,0,0,0,0,0,61,0,0,0,1,0,2,95,26,2,3,2,0,151,13,11,0,0,0,1,0,7,0,0,0,1,0,0,0,0,8,279,0,0,7,2,0,0,0,0,0,203,0,2,0,0,32,0,0,1,0,0,0,1,1,39,0,0,0,0,0,12,65,464,0,0,0,0,0,0,0,155,0,0,0,20,0,0,0,0,0,0,1,0,0,0,0,67,211,0,0,16,0,42,0,104,1,0,0,0,0,5,0,5,0,0,0,0,19,0,3,0,26,0,0,0,0,4,22,0,0,0,0,0,0,0,0,0,0,0,0,0,0,0,225,22,10,4,0,0,0,0,19,2,0,0,35,14,8,0,0,0,15,0,0,0,0,0,1,0,0,5
0,1,9,54,1,13,0,0,0,28,0,6,0,0,0,6,0,3,0,0,0,0,0,0,19,0,7,0,0,0,132,0,130,0,0,1,3,0,0,0,2,0,100,0,27,81,6,3,1,0,0,0,1,0,1,0,0,0,0,7,6,0,0,0,0,0,11,0,28,0,0,0,0,45,1,0,2,0,2,0,0,0,356,2,0,1,0,0,0,0,1,0,41,1,0,1,0,0,17,5,71,2,367,0,6,0,24,57,0,21,0,0,3,0,0,15,0,0,2,1,26,607,0,19,0,0,0,0,0,213,0,0,0,0,0,0,0,0,0,1,0,0,0,9,0,2,322,14,187,0,0,9,1,0,0,0,0,396,0,0,0,0,14,301,0,0,0,0,9,1,0,0,135
0,24,38,63,27,36,3,1,0,8,1,12,5,1,2,0,2,1,35,116,2,6,47,0,59,14,30,0,1,0,27,0,86,8,1,31,8,14,1,4,3,3,137,2,2,52,52,0,24,0,27,0,38,2,4,10,10,34,13,4,0,1,5,0,3,1,24,1,1,1,5,0,3,40,9,5,1,1,0,0,0,2,126,0,1,1,5,0,1,0,9,2,1,1,0,6,2,2,23,122,1,2,22,0,100,1,142,1,0,6,0,1,14,2,2,8,5,1,21,1,0,14,5,125,4,0,10,0,0,38,1,1,4,17,0,1,0,0,0,2,0,9,2,2,0,52,56,90,33,0,0,16,15,6,1,0,0,44,3,9,2,0,0,30,1,1,0,3,2,28,1,10,51
0,149,121,54,0,89,0,0,0,0,0,14,0,0,0,0,0,0,517,22,70,20,11,0,31,52,29,0,0,3,0,0,0,0,0,0,1,0,0,0,3,161,66,0,0,0,0,0,2,0,2,0,373,0,0,0,1,96,0,0,1,0,0,0,0,0,8,1,3,0,8,0,6,11,82,0,0,0,0,0,0,0,23,0,0,0,23,0,70,0,0,0,0,2,0,0,0,0,21,183,0,0,0,0,40,0,32,0,0,0,0,3,5,0,16,2,0,0,0,3,0,0,0,23,0,0,0,0,2,15,0,0,0,2,0,1,0,0,0,0,0,0,0,0,0,237,1,26,0,0,0,2,0,4,25,7,0,1,151,9,0,0,0,2,0,0,0,0,0,0,0,0,0
0,7,26,67,0,32,0,0,0,0,0,2,0,0,0,0,0,0,6,1,0,2,0,0,25,5,1,0,0,0,4,0,1,0,0,0,1,0,0,0,0,0,62,0,0,1,0,0,0,0,0,0,1,0,1,0,0,1,0,1,0,0,0,0,0,0,5,0,0,0,0,0,0,119,2,0,0,0,0,0,0,0,59,0,0,0,0,0,0,0,0,0,0,3,0,2,0,0,3,45,1,0,16,0,21,0,21,5,0,0,0,0,0,0,1,2,0,0,0,0,1,13,0,1,0,0,0,0,0,72,0,0,0,0,0,0,0,0,0,0,0,0,0,0,0,12,19,17,3,0,0,1,0,1,0,0,0,23,0,0,0,0,0,9,0,0,0,0,1,0,0,0,4
0,136,12,20,110,95,1,0,0,11,14,10,0,1,0,0,15,2,35,205,22,83,151,0,30,136,14,0,0,2,17,5,61,1,0,6,18,4,0,2,17,12,16,7,5,40,316,6,89,6,121,0,9,0,17,26,12,20,53,1,5,0,3,5,6,0,39,3,18,0,80,0,12,6,5,1,3,1,9,0,1,0,14,0,3,2,10,0,7,5,21,0,3,6,0,9,1,14,4,69,2,0,5,0,143,0,44,2,2,1,0,11,21,2,0,5,2,6,131,10,2,1,3,38,3,0,1,2,3,37,0,1,0,13,3,1,0,0,0,3,0,0,0,7,0,30,55,77,4,0,0,30,137,7,4,3,0,4,13,10,4,0,8,13,0,11,1,0,1,46,1,45,20
0,1,94,299,0,5,0,0,0,0,0,21,0,0,0,0,3,0,1,0,1,0,4,0,2,0,232,0,0,0,4,0,29,0,0,0,0,0,0,0,0,1,181,0,14,29,2,5,1,0,3,0,13,0,0,0,0,7,0,0,19,0,0,0,1,0,8,0,1,0,0,0,0,14,3,0,0,0,0,0,0,0,206,2,0,0,3,0,0,0,0,0,0,0,1,0,0,0,264,91,9,0,25,0,1,0,54,0,0,0,0,0,117,0,0,0,0,0,0,0,16,2,0,454,0,0,0,0,0,19,0,0,0,0,0,0,0,0,0,0,0,0,0,7,0,22,32,2,7,0,0,0,2,1,0,0,0,22,0,0,1,0,0,27,0,0,0,0,0,0,0,0,5
0,1,0,1,4,1,1,0,0,1,0,0,0,1,3,0,0,0,3,0,0,2,2,0,0,0,0,0,0,0,5,0,0,0,4,0,0,0,0,0,0,0,3,52,2,0,1,1,0,0,1,0,0,0,0,0,0,0,3,4,0,0,0,0,1,0,0,2,1,0,0,0,0,0,1,1,0,0,0,0,0,0,0,0,2,2,2,1,2,0,0,0,1,0,0,0,0,1,0,0,0,2,0,0,0,0,2,0,0,3,0,0,0,0,12,1,0,0,0,0,0,0,0,2,0,0,0,0,0,0,0,0,0,0,0,3,0,40,0,6,0,0,0,0,0,1,0,1,0,0,2,0,0,0,0,0,0,0,1,0,0,1,0,0,105,0,0,0,0,0,0,0,0
1,0,0,0,26,0,7,3,49,1,45,0,114,6,349,0,3,3,0,5,3,0,0,381,0,0,0,4,12,12,0,11,0,285,1,2,214,375,279,70,0,1,0,5,1,0,1,0,87,3,4,5,0,2,0,13,5,0,0,9,0,2,0,10,0,136,0,1,2,159,9,6,2,0,0,11,33,4,0,1,254,0,0,0,1,1,0,4,0,4,37,18,0,60,0,20,79,732,0,0,32,1,2,132,0,4,0,0,7,0,1,2,0,51,31,0,0,4,1,1,0,0,10,0,6,5,17,375,9,0,21,306,15,2,4,8,376,0,1403,0,176,295,456,0,0,0,0,0,0,0,5,1,1,0,0,0,0,0,0,137,0,3,4,0,1,3,71,1,0,0,261,0,0
0,0,0,0,0,0,0,78,0,0,0,0,0,0,0,0,0,0,0,0,0,0,0,0,0,0,0,9,0,0,0,0,0,0,3,0,0,0,0,0,0,0,0,0,0,0,0,0,0,0,0,154,0,10,0,0,0,0,0,0,0,0,0,0,0,0,0,0,0,0,0,234,0,0,0,0,0,8,0,0,0,0,0,0,0,0,0,25,0,0,0,0,0,0,0,0,0,0,0,0,0,10,0,0,0,0,0,0,0,6,1,0,0,0,0,0,0,0,0,0,0,0,0,0,0,3,0,0,0,0,38,0,0,0,0,6,0,0,0,0,0,0,0,0,0,0,0,0,0,5,0,0,0,0,0,0,230,0,0,0,0,2,0,0,0,0,0,0,0,0,0,0,0
0,0,0,0,8,1,11,7,1,2,1,0,0,3,20,0,15,2,0,0,0,0,0,0,3,0,0,2,0,0,2,0,0,2,55,13,0,0,0,2,0,0,0,153,0,1,2,0,21,0,0,1,0,4,0,0,0,0,19,1,0,5,4,0,0,0,0,4,11,0,0,34,0,0,3,7,0,2,1,0,0,0,1,0,0,0,0,93,0,1,0,1,1,0,0,2,17,1,0,0,0,44,0,0,0,2,1,0,2,106,1,0,1,2,5,3,1,1,1,0,0,0,2,0,0,18,2,0,0,0,60,1,19,0,0,129,2,132,0,2,0,1,0,0,2,0,2,1,1,1,12,1,0,0,0,0,18,0,0,4,0,0,0,0,23,0,0,0,1,0,1,0,1
0,1,0,0,31,0,4,2,127,3,11,0,1,32,2,0,2,0,0,2,1,0,0,1,0,1,0,0,1,0,3,7,2,4,4,2,0,14,26,3,6,0,2,89,4,3,18,3,23,1,9,0,0,5,1,23,2,0,9,8,0,11,2,13,1,8,0,2,28,3,18,1,2,1,0,2,9,7,2,0,26,0,0,3,2,3,0,0,0,16,7,4,2,1,0,117,11,18,1,1,4,5,81,1,0,1,0,0,7,13,1,0,0,1,114,0,2,0,3,0,1,0,5,0,1,1,2,27,2,1,4,14,92,3,5,62,7,482,42,8,4,41,0,1,1,0,12,0,1,0,2,1,7,0,0,0,0,0,1,6,0,0,2,3,17,1,3,0,0,0,46,0,3
0,0,0,0,9,1,1,2,2,3,87,4,2,234,4,1,0,0,0,15,1,0,0,40,0,0,0,1,1,3,0,18,3,1,1,1,1,0,1,0,2,0,0,4,2,1,2,2,36,2,1,0,0,0,6,113,12,0,0,0,3,0,2,59,0,4,6,0,2,0,8,1,63,18,0,0,22,0,8,8,4,0,0,2,0,3,0,5,0,24,2,0,3,3,1,12,70,0,1,0,1,0,17,1,0,0,0,5,1,0,0,4,0,147,1,1,9,5,0,1,0,0,0,1,4,1,0,7,6,3,18,17,0,372,3,1,1,0,18,7,11,0,2,1,0,0,0,1,0,0,2,1,0,4,0,0,0,0,0,1,0,0,6,0,0,6,1,0,1,1,143,0,1
0,2,10,8,3,56,0,0,0,94,0,22,0,0,0,132,1,134,3,21,3,1,14,0,71,3,36,0,2,0,173,0,249,0,0,2,5,0,0,0,3,0,38,1,74,198,63,16,6,1,10,0,4,0,54,1,2,10,9,0,20,0,0,0,8,0,142,2,72,0,0,0,5,39,1,0,0,0,32,2,1,6,95,2,1,0,2,0,0,0,1,0,19,12,3,2,1,0,8,14,93,2,111,0,18,0,29,48,0,8,0,0,16,8,0,39,1,2,11,35,26,253,0,72,4,0,0,0,0,79,0,0,0,2,0,0,0,0,0,3,0,0,0,3,0,3,202,100,117,0,0,81,25,41,0,0,0,104,11,13,0,0,52,54,0,0,0,0,53,20,0,4,82
0,90,4,1,0,45,0,0,0,0,5,2,0,0,0,0,0,0,20,4,9,250,7,0,2,222,7,0,0,0,0,0,0,0,0,0,0,0,0,0,0,3,0,0,0,0,1,0,2,0,0,0,4,0,0,0,0,6,3,0,0,0,0,0,0,0,0,12,0,0,19,0,1,1,1,1,0,0,0,0,0,0,1,0,0,0,1,0,47,2,0,0,0,0,0,0,0,0,0,10,0,0,0,0,37,0,0,0,0,0,0,16,5,0,8,0,0,0,2,0,0,0,0,0,0,0,0,0,0,1,0,0,0,0,0,0,0,0,0,0,0,0,0,0,0,3,0,1,0,0,0,1,0,0,13,3,0,0,73,1,0,0,0,0,0,0,0,0,0,0,0,2,0
0,1,0,1,3,1,0,0,0,0,3,0,0,0,2,0,0,0,0,2,1,0,1,0,0,3,0,0,10,0,2,6,1,0,0,4,4,0,0,1,40,1,0,0,1,1,22,0,1,65,2,0,0,0,1,4,69,0,1,8,1,0,2,30,0,2,1,1,2,0,3,0,1,1,0,0,62,0,3,0,75,0,0,1,0,1,0,0,3,0,129,0,1,0,0,1,0,1,0,1,0,0,0,0,0,1,0,4,1,1,0,0,0,0,2,1,2,2,0,2,1,0,30,0,0,0,1,0,21,2,0,1,0,0,36,0,0,0,0,1,6,1,1,0,0,0,5,0,0,0,0,0,2,0,0,1,0,0,0,0,0,0,0,0,0,0,0,0,0,2,0,4,2
0,0,0,0,0,0,6,1,1,0,8,0,12,0,1,0,1,0,0,2,2,0,0,0,0,7,0,0,0,0,0,0,0,6,1,1,0,7,3,26,4,0,0,0,0,0,1,0,0,0,0,0,0,3,0,0,4,0,4,110,0,0,7,0,0,17,0,3,0,19,1,2,1,0,0,3,5,0,0,0,1,0,0,1,0,0,0,4,0,0,27,1,1,3,0,2,2,1,0,0,0,0,0,2,0,2,0,0,14,0,0,0,0,1,28,0,1,0,0,0,0,0,71,0,0,0,258,3,0,0,0,4,16,0,1,3,23,0,1,1,0,45,0,0,1,0,0,0,0,0,1,0,0,0,2,26,1,0,0,0,0,0,0,0,5,0,1,439,0,0,0,1,0
26,3,15,2,5,7,0,1,0,18,2,124,0,0,0,12,4,444,0,9,2,0,4,1,12,16,3,0,0,41,18,0,58,0,0,17,0,0,0,1,8,69,0,4,8,13,29,9,2,1,10,0,0,0,465,13,20,64,1,2,42,0,1,2,56,0,359,3,12,0,6,0,400,0,11,0,3,0,29,1,0,12,4,0,5,1,439,0,0,0,9,0,1,483,348,2,1,0,0,8,12,0,2,0,8,0,5,12,0,40,0,4,2,1,15,99,6,0,7,626,0,7,0,6,16,0,0,0,11,18,0,0,0,161,0,24,1,0,0,11,0,0,0,0,0,1,24,2,7,0,0,16,32,382,3,0,0,1,1,0,1,0,0,7,0,0,0,0,12,31,1,4,8
0,0,0,17,0,0,0,0,0,29,0,0,0,0,0,7,2,0,0,0,0,0,5,0,0,0,39,0,0,0,61,0,53,0,0,4,3,0,0,0,1,0,0,0,382,57,6,81,1,0,0,0,0,0,5,0,1,0,0,0,70,0,0,0,10,0,2,3,64,0,0,0,0,1,0,0,0,0,31,7,0,36,8,111,7,21,0,0,0,0,0,0,44,0,0,0,0,0,5,0,293,0,24,0,1,0,0,128,0,2,0,0,5,0,0,0,38,0,0,1,315,16,0,98,1,0,0,0,0,4,0,0,0,0,0,0,0,0,0,23,0,0,0,83,0,0,12,3,20,0,0,8,3,0,0,0,0,7,1,0,1,0,7,9,0,0,0,0,1,0,0,0,4
0,0,0,0,1,0,2,1,8,0,0,0,0,0,0,0,2,0,0,0,0,0,0,0,0,0,0,0,0,0,0,0,0,2,1,0,0,7,13,6,0,0,0,4,0,0,0,0,0,0,0,4,0,3,0,0,0,0,0,0,0,5,0,0,0,0,0,0,0,0,0,2,0,0,0,1,0,1,0,0,0,0,0,0,0,0,0,7,0,0,1,1,0,0,0,15,2,0,0,0,0,6,0,3,0,3,0,0,1077,0,0,0,0,0,2,0,0,0,0,0,0,0,1,0,0,1,2,0,0,0,0,29,935,0,0,0,5,7,0,0,0,18,0,0,0,0,0,0,0,0,0,0,0,0,0,0,3,0,0,0,0,2,0,0,16,0,0,2,0,0,0,0,0
8,0,0,0,175,0,0,0,2,1,4,0,0,25,47,0,24,1,0,0,0,2,1,0,0,1,0,0,0,1,15,0,0,0,50,4,0,0,0,0,0,122,0,34,1,1,1,0,2,0,0,0,0,2,0,0,0,0,2,2,0,0,2,0,1,0,0,21,1,0,0,7,2,0,1,0,1,0,0,0,4,0,0,0,0,0,0,5,0,1,0,0,0,0,0,3,1,0,0,0,0,1,0,0,0,0,0,0,0,2,0,0,1,1,5,1,0,0,0,0,0,0,1,0,1,70,0,0,0,0,1,0,1,0,0,9,2,7,0,3,0,0,3,0,103,0,0,1,0,2,356,1,0,1,0,0,3,0,0,0,0,0,1,0,37,0,0,0,0,0,0,0,0
0,0,0,0,2,0,1810,0,7,0,11,0,16,0,0,0,0,0,0,0,0,0,2,0,0,2,0,0,0,0,0,0,0,19,0,1,0,9,6,340,1,0,0,1,0,0,2,0,2,0,0,0,0,0,0,1,3,0,9,6,0,0,25,0,0,8,0,0,1,3,0,1,0,0,0,2273,1,0,0,0,3,0,0,1,0,0,0,0,0,0,74,3689,0,0,1,1,4,12,0,0,0,0,0,3,0,1692,0,0,5,0,0,0,0,3,12,0,1,2,0,0,0,0,2,0,0,0,13,2,0,0,0,3,48,0,1,0,2,0,0,0,1,25,0,0,0,0,0,0,0,0,0,0,0,0,0,1,0,0,0,0,0,0,0,0,1,0,7,9,0,0,0,0,0
0,0,1,4,2,1,18,1,0,4,9,0,0,29,5,1,28,2,1,38,4,1,3,5,0,4,1,0,1,0,9,1,6,0,35,5,0,0,0,0,5,0,3,72,0,2,4,3,4,2,0,4,0,2,1,118,1,0,223,6,2,2,2,4,0,1,2,2,9,0,3,0,3,1,0,1,2,0,1,3,8,0,1,5,3,12,0,4,1,2,2,1,6,10,3,1,347,0,0,4,0,15,1,0,0,4,0,4,6,17,1,2,1,53,4,1,8,387,0,1,1,8,11,0,12,14,14,5,0,3,0,0,6,0,209,5,0,3,0,0,0,0,14,17,21,0,13,0,1,0,13,5,0,1,0,0,2,1,0,0,0,0,7,19,17,5,0,4,0,0,1,4,2
0,5,0,2,7,16,0,0,0,282,1,4,0,0,0,56,52,58,0,2,3,6,74,0,27,7,14,0,7,0,183,0,197,0,0,21,13,0,0,0,37,3,1,36,170,128,229,97,18,2,57,0,1,0,43,9,13,4,2,0,93,0,0,0,47,0,43,6,159,0,7,0,1,8,0,0,0,0,294,36,3,43,15,78,27,41,3,0,11,4,1,0,121,7,292,2,0,0,0,0,151,3,11,0,13,0,12,174,0,14,0,0,17,22,0,91,49,4,22,9,101,41,0,26,22,0,0,0,0,17,0,1,0,18,0,2,0,0,0,140,0,0,0,41,0,2,61,73,73,0,0,138,78,22,0,0,0,6,25,7,0,0,112,8,0,0,0,0,149,26,0,14,18
1,7,1,7,89,16,0,5,3,285,4,12,0,2,5,10,227,12,1,36,6,1,114,1,21,4,31,2,33,0,228,5,250,9,0,272,50,0,0,4,159,3,0,76,165,202,577,182,42,38,264,0,3,0,87,121,52,14,31,1,87,0,3,4,68,0,79,10,192,0,38,1,0,1,1,0,41,11,296,29,6,80,9,70,85,73,14,0,11,61,47,0,165,13,22,13,5,7,0,7,46,2,9,1,11,0,18,167,0,14,0,1,29,40,3,70,102,82,95,18,84,15,0,70,89,2,0,1,2,33,0,1,0,92,15,3,0,0,0,348,1,0,15,107,0,0,136,32,28,0,1,178,331,17,1,0,0,11,33,4,4,0,312,19,0,0,0,0,43,50,8,104,27
0,0,0,0,0,0,1,0,0,33,0,0,0,0,0,127,9,3,0,0,0,0,17,0,0,0,11,0,4,1,13,0,3,0,0,208,14,0,0,0,6,0,0,0,97,2,5,447,0,2,9,0,0,0,1,0,13,3,0,0,285,0,0,0,242,0,1,46,39,0,3,1,1,0,0,1,2,0,47,79,4,586,0,797,243,655,0,0,133,216,1,0,782,0,21,0,0,0,0,0,55,0,0,0,0,0,0,178,0,0,0,0,138,6,0,30,390,2,0,0,79,4,0,2,125,0,0,0,1,0,0,0,0,1,0,0,0,0,0,156,0,0,0,477,0,0,2,3,0,0,0,40,11,0,0,0,0,0,3,0,0,0,12,0,0,0,0,0,21,0,0,0,0
0,0,0,0,0,0,0,34,0,0,0,0,0,0,0,0,0,1,0,0,0,0,0,0,0,0,1,20,0,0,0,0,0,0,16,1,0,0,0,0,0,0,0,5,0,0,0,0,9,0,0,101,0,7,0,0,0,0,0,0,0,0,2,0,0,0,0,0,0,0,0,348,0,0,0,0,0,1,0,0,0,0,0,0,0,0,0,33,0,0,0,0,0,0,0,2,0,0,3,0,0,5,0,0,0,0,0,0,0,7,4,0,0,0,0,1,1,1,0,0,0,0,0,0,0,9,0,0,0,0,441,0,0,0,0,11,0,0,0,0,0,0,0,0,0,0,0,0,0,3,0,0,0,0,0,0,109,0,0,0,0,5,0,0,0,0,0,0,0,0,0,0,0
0,3,0,0,137,0,3,4,44,0,65,0,6,608,140,0,371,0,0,1,0,0,4,0,0,0,0,1,0,0,29,0,0,1,400,7,0,0,0,3,0,20,0,27,0,0,0,0,0,0,1,5,0,21,0,0,0,0,34,1,0,7,9,0,2,0,0,2,1,6,0,19,21,0,0,1,4,0,0,0,1,0,0,0,0,0,0,26,0,0,3,0,0,2,0,1,8,0,0,0,0,247,0,0,0,7,0,0,3,14,5,0,0,1,8,1,0,0,0,0,0,0,4,1,0,725,2,0,0,0,5,0,8,0,2,14,0,16,0,2,0,0,1,0,592,0,1,0,0,22,239,0,0,0,0,1,5,0,1,0,4,0,0,0,35,0,1,0,0,0,0,1,1
0,0,0,0,12,0,8,2,1180,0,21,0,1242,7,88,0,4,0,0,0,1,0,1,105,1,1,0,2,3,7,0,4,0,1618,7,0,31,687,1641,1015,1,0,0,6,0,0,0,0,21,2,1,6,0,8,3,3,2,0,2,37,0,14,21,6,0,352,0,0,0,821,2,11,0,2,0,12,10,11,0,0,22,0,0,0,0,1,0,29,0,3,35,31,0,7,0,10,27,84,0,0,1,5,0,1554,0,16,0,0,29,0,1,4,1,16,14,0,0,1,0,0,0,0,9,0,6,68,143,22,0,0,23,319,33,2,5,40,566,1,250,0,117,1040,280,0,2,0,0,0,0,1,2,0,0,0,0,0,3,0,0,7,0,6,0,0,6,4,177,3,0,0,61,1,0
2,167,19,28,5,260,1,0,0,97,39,6,0,5,1,2,0,3,60,16,47,602,393,4,3,618,159,1,1,5,2,15,8,0,0,0,4,12,0,0,14,30,24,0,4,12,30,68,168,4,113,0,27,0,0,27,5,12,2,14,2,0,2,19,5,0,3,413,4,0,537,0,8,8,3,0,8,1,4,22,7,0,9,6,2,20,2,0,67,204,6,0,3,4,0,2,1,4,20,80,2,0,7,0,78,0,6,1,4,0,0,226,18,9,19,0,3,0,3,0,9,0,14,130,11,0,0,13,18,9,0,0,0,5,2,0,0,0,0,10,1,0,0,93,0,40,6,29,0,0,0,5,7,1,144,12,0,3,80,1,0,0,0,6,0,6,5,0,0,10,3,1,1
5,1,0,0,5,3,3,0,0,1,8,1,0,3,10,0,0,0,0,4,2,2,1,185,0,6,1,0,49,9,0,572,2,2,0,0,129,21,4,2,12,0,1,1,6,0,10,0,13,113,23,0,0,0,1,94,115,1,0,175,1,0,1,264,7,10,0,1,7,0,9,1,0,8,0,3,148,1,0,0,188,0,0,1,2,7,1,0,2,4,244,0,3,2,2,11,2,11,0,1,2,0,3,0,3,0,1,1,3,1,0,16,3,0,60,0,2,0,0,0,3,0,550,1,0,0,0,37,33,15,0,2,0,3,53,2,4,2,2,9,15,0,1,1,0,0,1,0,1,0,1,1,1,0,2,0,0,0,0,0,0,0,3,1,0,430,2,0,0,0,2,0,0
0,4,2,3,10,6,1,0,2,7,16,0,0,75,46,0,0,0,0,18,6,11,2,25,0,7,2,0,497,5,4,591,11,4,1,0,249,14,18,14,37,3,2,2,2,2,21,1,59,763,29,2,0,0,6,116,174,2,1,126,6,0,1,847,0,76,8,6,7,1,30,0,1,172,2,2,912,7,5,4,95,0,0,3,0,4,0,0,1,10,389,0,1,2,2,38,21,13,0,6,2,0,3,0,1,0,3,9,14,0,0,27,2,42,53,1,6,1,0,1,1,3,169,2,2,0,0,9,227,8,1,65,0,46,379,0,14,0,33,2,158,0,4,8,0,0,3,7,0,0,0,3,1,5,2,0,0,0,1,0,0,3,172,0,0,108,5,0,1,1,58,0,0
0,1,0,0,0,0,1,0,0,0,2,0,0,2,72,0,0,0,0,8,1,0,0,2,0,0,0,0,244,0,0,70,1,8,0,0,7,0,0,4,3,0,0,0,0,0,2,3,0,326,3,0,0,0,2,11,157,0,0,1,0,0,1,43,0,18,2,0,0,0,8,0,0,1,0,3,75,0,1,2,21,1,0,2,0,0,0,0,0,1,23,0,4,0,0,1,7,5,0,0,0,0,0,1,0,0,0,1,1,0,0,13,0,7,0,1,4,0,0,0,0,0,14,0,1,0,0,2,36,3,0,0,0,2,27,0,10,0,3,0,11,0,15,9,0,0,0,0,0,0,0,0,1,0,0,0,0,0,0,0,0,0,5,0,0,16,0,0,0,0,1,0,0
1,223,17,11,0,173,0,0,0,0,0,6,0,0,0,0,0,0,108,42,26,93,13,0,154,111,7,0,0,0,6,0,35,0,0,0,0,0,0,0,2,2,15,0,0,2,9,1,4,0,0,0,3,0,1,0,1,14,1,0,0,0,0,0,0,0,8,0,1,0,26,0,0,31,16,0,0,0,3,0,0,0,13,0,0,0,3,0,5,0,1,0,0,1,0,6,0,2,1,45,2,0,3,0,135,0,23,0,0,1,0,14,19,1,0,0,0,0,4,1,0,2,0,4,0,0,0,1,1,49,0,0,0,0,0,0,0,0,0,0,0,0,0,1,0,23,7,314,5,0,0,15,0,1,4,2,0,1,29,193,0,0,0,4,0,0,0,0,1,14,0,0,19
0,0,2,9,0,27,0,0,0,0,0,2,0,0,0,0,0,0,3,1,313,1,43,0,1,6,158,0,0,0,0,0,1,0,0,0,0,0,0,0,0,2,0,0,0,0,0,1,3,0,0,0,8,0,0,0,0,17,0,0,2,0,0,0,0,0,0,0,0,0,1,0,0,0,2,0,0,0,1,0,0,0,1,0,0,0,1,0,2,0,0,0,0,0,0,0,0,0,1,13,1,0,0,0,5,0,5,0,0,0,0,3,0,0,0,0,0,0,0,1,0,0,0,32,0,0,0,0,0,2,0,0,0,0,0,0,0,0,0,0,0,0,0,0,0,4,0,7,0,0,0,0,0,0,0,0,0,0,1,1,0,0,0,0,0,0,0,0,0,0,0,0,0
0,0,0,0,11,2,4,10,0,0,1,2,0,17,10,0,8,0,5,1,0,1,2,0,0,0,1,0,0,0,52,0,1,0,20,1,0,0,0,2,0,1,4,235,1,1,0,1,0,0,0,5,0,1,0,1,0,0,493,0,0,1,1,0,1,0,0,7,1,0,0,4,1,0,0,0,0,0,0,0,1,0,0,2,1,0,1,6,0,0,0,0,4,0,0,0,98,0,0,0,0,14,0,0,2,7,1,0,1,31,0,0,0,1,1,0,0,0,0,0,0,0,0,0,0,25,0,0,0,1,1,0,28,0,6,4,1,99,0,8,0,1,0,0,2,0,2,0,0,1,8,0,3,0,0,0,0,0,0,0,1,0,0,0,738,0,0,0,0,0,0,0,2
542,8,41,19,3,9,2,0,3,9,5,263,1,5,1,7,0,314,9,2,3,1,17,12,14,6,20,0,0,754,5,5,48,0,0,4,5,2,1,1,3,209,11,2,25,10,10,4,10,0,158,0,2,0,96,12,75,394,0,94,173,0,0,3,306,0,149,5,0,0,6,0,92,7,72,0,2,0,12,5,2,57,17,3,8,2,436,0,1,2,7,0,1,118,23,0,1,4,1,11,7,0,4,0,100,0,26,8,0,7,0,27,10,3,58,2,5,2,1,301,12,0,3,11,8,0,0,10,176,24,0,3,0,107,1,228,0,0,1,43,0,0,2,1,0,6,18,7,2,0,1,2,0,165,2,1,0,5,4,1,1,0,0,17,0,0,0,0,1,28,1,1,14
0,0,0,0,0,0,0,896,0,0,0,0,0,0,0,0,0,0,0,0,0,0,0,0,0,0,0,190,0,0,0,0,0,0,2,0,0,0,0,0,0,0,0,0,0,0,0,0,0,0,0,79,0,1324,0,0,0,0,0,1,0,1298,0,0,0,0,0,0,0,0,0,31,0,0,0,0,0,866,0,0,0,0,0,0,0,0,0,3,0,0,0,0,0,0,0,0,0,0,0,0,0,19,0,0,0,0,0,0,53,7,855,0,0,0,0,0,0,0,0,0,0,0,0,0,4,1,0,0,0,0,1,1,11,0,0,16,0,0,0,0,0,1,0,0,0,0,0,0,0,1460,0,0,0,0,0,0,28,0,0,0,0,323,0,0,0,0,0,0,0,0,0,0,0
0,0,0,0,0,0,0,365,0,0,0,0,0,0,0,0,0,0,0,0,0,0,0,0,0,0,0,28,0,0,0,0,0,0,0,0,0,0,0,0,0,0,0,0,0,0,0,0,0,0,0,1087,0,18,0,0,0,0,0,0,0,0,0,0,0,0,0,0,0,0,0,41,0,0,0,0,0,2,0,0,0,0,0,0,0,0,0,288,0,0,0,0,0,0,0,0,0,0,0,0,0,1,0,0,0,0,0,0,4,1,4,0,0,0,0,0,0,0,0,0,0,0,0,0,1,0,0,0,0,0,0,0,1,0,1,0,0,0,0,0,0,1,0,0,0,0,0,0,0,31,0,0,0,0,0,0,356,0,0,0,0,7,0,0,0,0,0,0,0,0,0,0,0
0,1,0,0,3,0,12,26,1,2,0,0,1,19,18,0,6,0,0,2,0,0,0,0,2,0,1,14,0,0,8,0,1,1,192,20,0,0,0,4,0,0,2,47,0,0,1,0,0,0,0,5,0,30,0,0,0,0,50,0,0,16,14,0,0,0,1,1,0,3,0,132,6,0,0,4,0,21,0,0,0,0,0,0,0,1,0,273,0,1,0,1,1,1,0,1,29,0,0,0,0,682,0,0,0,7,0,0,3,808,3,0,0,0,1,0,0,0,0,0,0,0,2,0,0,96,6,0,0,0,66,0,29,1,2,402,0,173,0,3,0,3,1,0,1,0,3,0,0,9,11,0,0,0,0,0,175,0,0,0,0,1,0,0,75,0,0,1,0,0,0,0,0
0,0,0,0,0,0,1,0,28,0,0,0,1,0,0,0,1,0,0,0,0,0,0,0,0,0,0,7,0,0,0,0,0,23,2,0,0,13,70,3,1,0,0,1,0,0,0,0,0,0,0,0,0,15,0,1,0,0,4,0,0,27,3,0,0,1,0,0,0,1,0,2,0,0,0,0,0,35,0,0,0,0,0,0,0,0,0,1,0,0,0,0,0,1,0,10,0,1,0,0,0,17,0,3,0,2,0,0,221,5,11,0,0,0,0,0,0,0,0,0,0,0,1,0,0,2,1,2,0,0,1,51,75,0,0,12,6,42,1,0,1,21,0,0,0,0,0,0,0,0,0,0,0,0,0,0,5,0,0,0,0,2,0,0,6,0,0,0,0,0,0,0,0
0,30,2,2,1,6,0,0,0,17,0,2,0,0,0,0,2,1,9,3,4,11,34,0,1,10,8,0,0,0,15,0,21,0,0,2,0,0,0,0,5,5,2,3,3,4,35,7,11,0,21,0,7,0,7,3,0,6,5,0,0,0,0,0,4,0,3,0,6,0,7,0,1,0,4,0,0,0,31,1,0,0,1,1,4,0,4,0,3,1,0,0,0,3,0,1,0,0,0,3,3,0,1,0,21,0,6,10,0,0,0,1,3,2,1,6,1,0,5,3,1,0,0,9,0,0,0,0,0,3,0,0,0,3,0,0,0,0,0,2,0,0,0,0,0,7,6,17,1,0,0,6,16,2,1,0,0,0,5,0,0,0,0,1,0,0,0,0,0,4,0,0,2
0,59,0,1,0,13,0,0,0,43,9,2,0,0,0,2,6,17,5,4,22,11,3,0,9,22,1,0,0,9,18,6,27,2,0,107,1,0,0,0,41,1,0,2,18,6,100,5,4,2,46,0,0,0,24,3,39,1,0,1,12,0,0,0,7,0,6,1,16,0,134,0,2,3,1,0,4,0,507,141,1,5,2,40,31,33,6,0,2,22,6,0,43,7,19,2,8,0,0,0,27,0,0,0,6,0,5,241,0,1,0,11,24,2,0,24,32,1,0,5,3,3,3,0,9,0,0,0,2,10,0,0,0,1,0,1,0,0,0,11,1,0,0,1,0,0,10,72,0,0,0,105,5,10,3,1,0,0,1,1,0,0,13,5,0,2,0,0,19,25,0,2,2
1,0,0,0,21,2,0,4,4,3,31,0,0,28,1,0,0,1,0,0,0,1,0,20,0,6,0,1,2,64,0,22,0,7,0,1,0,65,44,5,1,3,1,7,2,0,5,0,27,2,57,0,0,3,2,43,7,0,4,7,0,2,0,10,0,2,0,2,0,0,12,0,53,0,0,0,2,9,3,0,1,0,0,1,0,0,1,1,2,5,15,0,0,0,1,444,22,42,0,0,0,1,20,1,0,1,0,1,217,0,0,12,0,28,16,0,0,0,0,0,1,0,1,0,2,1,1,261,1,0,3,73,78,0,0,0,14,9,10,1,6,6,0,0,0,0,0,1,0,0,1,1,0,1,0,0,0,0,0,0,0,1,0,1,13,4,3,1,0,1,15,0,0
6,30,2,0,1,9,0,0,0,3,460,9,0,0,0,1,0,0,5,0,408,31,260,1,1,46,86,0,1,13,2,1,0,0,0,0,0,1,0,0,6,85,4,0,6,0,13,7,45,1,110,0,33,0,0,1,3,30,0,62,1,0,0,0,7,0,0,23,1,0,60,0,1,1,1,0,1,0,1,0,9,0,0,4,1,0,7,0,182,3,3,0,0,2,0,4,0,0,0,2,0,0,0,0,1,0,4,1,0,0,0,248,0,0,3,0,0,0,1,0,1,0,8,34,0,0,1,7,8,0,0,0,0,0,0,2,0,0,0,3,0,0,0,0,0,6,2,0,0,0,0,0,2,0,25,439,0,0,28,0,0,0,0,0,0,0,0,0,0,0,0,1,1
0,0,0,0,0,0,0,0,0,16,0,0,0,0,0,10,0,114,0,1,0,0,0,0,2,0,0,0,0,0,4,0,0,0,0,99,0,0,0,0,2,0,2,2,2,2,0,11,48,0,4,0,0,0,2,2,5,0,0,1,3,0,0,2,1,0,1,2,2,0,4,0,0,1,1,0,0,0,13,155,2,1,0,40,21,144,0,0,5,19,0,0,45,11,24,0,0,0,0,0,4,0,0,0,0,0,0,10,0,0,0,0,35,293,0,127,34,0,0,1,0,0,1,1,140,0,0,0,1,0,5,0,0,0,0,0,0,0,0,2,1,0,0,26,0,0,0,3,1,0,0,63,0,7,0,0,0,1,0,0,0,0,6,0,0,0,0,0,28,0,0,0,0
0,0,0,0,0,0,0,294,1,0,4,0,0,2,0,0,1,0,0,0,0,0,0,0,0,0,0,300,0,0,1,0,0,4,8,1,0,2,0,0,0,0,0,0,0,0,1,0,0,0,0,39,0,297,0,0,0,0,0,0,0,415,4,0,0,0,0,0,0,0,0,33,0,0,0,1,0,516,0,0,0,0,0,0,0,0,0,8,0,8,0,0,0,0,0,260,2,0,111,0,0,13,2,0,0,1,0,0,19,4,543,0,0,5,0,0,0,0,0,0,0,0,0,0,41,0,0,0,0,0,4,11,7,1,0,8,0,0,0,0,0,0,0,0,0,0,0,0,0,241,2,0,0,0,0,0,12,0,0,0,0,539,0,0,0,0,0,0,0,0,1,0,0
0,0,0,0,0,0,0,21,0,0,0,0,0,0,0,0,0,0,0,0,0,0,0,0,0,0,0,16,0,0,0,0,0,0,1,2,0,0,0,0,0,0,0,1,0,0,0,1,0,0,0,47,0,0,0,0,0,0,0,0,0,0,0,1,0,0,0,0,0,0,0,6,0,0,0,0,1,0,0,0,0,0,0,0,0,0,0,10,0,0,0,0,0,0,0,5,0,0,1,0,0,0,0,0,0,0,0,0,0,0,1,0,0,4,0,0,0,0,0,0,0,0,0,0,1,0,0,0,0,0,9,1,0,0,0,0,0,0,0,0,0,0,0,0,0,0,0,0,0,1,0,0,0,0,0,0,17,0,0,0,0,3,0,0,0,0,0,0,0,0,0,0,0
