0.84942,0.23626,0.40483,0.36863,0.20816,0.27582,0.95228,0.65422,0.86014,0.33442,0.71769,0.46186,0.87528,0.5914,0.51585,0.35309,0.51891,0.39417,0.55155,0.43188,0.48469,0.47768,0.34525,0.50653,0.23803,0.5115,0.23552,0.60434,0.60629,0.79641,0.24169,0.45375,0.20173,0.81671,0.52473,0.3149,0.33113,0.76522,0.77034,0.65965,0.49597,0.27224,0.30519,0.22026,0.45874,0.18208,0.34902,0.45028,0.16627,0.58865,0.24272,0.71213,0.55748,0.75548,0.62854,0.32692,0.2423,0.49074,0.58137,0.28623,0.41069,0.66971,0.38967,0.63555,0.40713,0.4216,0.2552,0.70898,0.30165,0.77956,0.47557,0.46267,0.62044,0.17956,0.67109,0.97355,0.64557,0.67446,0.41874,0.31649,0.26923,0.70438,0.37998,0.67486,0.67891,0.67069,0.4674,0.35183,0.52672,0.40753,0.38917,0.98952,0.72328,0.6885,0.54109,0.52902,0.50973,0.74955,0.59309,0.23584,0.36451,0.7654,0.5302,0.91864,0.18583,0.96249,0.3408,0.2453,0.61437,0.69072,0.66587,0.42712,0.27835,0.71405,0.14588,0.24741,0.48481,0.67883,0.3586,0.60069,0.47453,0.55153,0.59821,0.46717,0.29391,0.77276,0.54962,0.65264,0.51662,0.45325,0.50062,0.30917,0.68718,0.36387,0.47005,0.37941,0.58763,0.4529,0.7995,0.41768,0.41392,0.69215,0.62257,0.45585,0.84665,0.34918,0.35088,0.33333,0.43879,0.80448,0.62871,0.30147,0.33501,0.5029,0.42704,0.90281,0.27583,0.5773,0.22518,0.5,0.33084,0.84127,0.43043,0.59417,0.67789,0.6787,0.69633,0.68024,0.42324,0.56897,0.43506,0.68097,0.46126
0.55132
0,37,302,165,0,40,0,0,0,0,0,66,0,0,0,1,0,4,85,13,1,2,2,0,169,9,8,0,0,0,0,0,7,0,0,0,1,0,0,0,1,11,235,0,0,0,2,1,6,0,0,0,175,0,2,0,0,14,0,0,0,0,0,0,1,1,28,0,0,0,0,0,10,107,455,0,0,0,0,0,0,0,81,0,0,0,32,0,0,0,0,0,0,2,0,0,0,0,86,204,0,0,8,0,45,0,213,0,0,0,0,0,3,0,28,0,0,0,1,17,0,2,0,38,0,0,0,0,0,21,0,0,0,1,0,0,0,0,0,0,0,0,0,0,0,197,13,7,0,0,0,0,0,15,4,0,0,28,14,13,2,0,0,12,0,0,0,0,0,7,0,0,9
0,1,9,69,0,13,0,0,0,12,0,4,0,0,0,5,0,2,0,2,0,0,0,0,22,0,6,0,0,0,57,0,83,0,0,1,5,0,0,0,1,0,53,0,24,104,7,3,0,0,1,0,1,0,1,0,1,0,0,3,2,0,0,0,0,0,13,0,28,0,0,0,0,49,1,0,0,0,2,0,0,2,334,0,1,1,0,0,0,0,2,0,6,1,0,0,0,0,22,5,50,0,395,0,5,0,5,19,0,21,0,0,4,0,0,13,2,0,1,1,32,487,0,29,0,0,0,0,0,383,0,0,0,0,0,0,0,0,0,1,0,0,0,6,0,2,320,11,233,0,0,10,1,0,0,0,0,407,13,0,8,0,16,306,0,0,0,0,0,1,0,0,256
1,40,41,41,24,34,2,1,1,14,5,21,7,2,0,0,1,1,25,110,1,10,52,0,63,10,19,0,1,0,11,0,97,2,0,30,10,2,0,3,8,4,102,0,1,54,45,3,81,1,32,0,28,2,6,17,2,39,0,3,0,1,8,0,3,0,9,2,4,1,0,0,3,104,7,4,1,0,2,0,0,1,115,1,0,1,4,0,0,0,9,0,0,2,0,3,3,16,34,113,2,1,24,0,111,3,126,1,0,5,0,2,11,0,12,9,4,1,25,4,1,9,2,70,1,0,13,2,0,51,1,1,3,18,0,1,0,0,1,2,0,8,1,5,1,58,43,107,29,0,0,7,10,4,12,0,0,37,4,9,44,0,0,17,1,2,0,8,0,20,1,4,45
0,152,157,37,0,98,0,0,0,0,0,22,0,0,0,0,0,0,444,9,54,30,30,0,28,23,77,0,0,3,0,0,0,0,0,0,2,0,0,0,3,180,56,0,0,0,1,0,10,0,1,0,354,0,1,0,1,112,0,1,3,0,1,0,0,0,5,1,3,0,9,0,1,22,84,0,0,0,0,0,0,0,7,0,0,0,30,0,50,0,0,0,0,2,0,0,0,0,23,172,0,0,0,0,49,0,64,0,0,0,0,12,1,0,52,0,0,0,0,3,1,0,0,17,0,0,0,0,2,7,0,0,0,2,0,0,0,0,0,0,0,0,0,2,0,235,1,7,0,0,0,0,0,4,24,3,0,0,127,23,1,0,0,0,0,0,0,0,0,1,0,0,1
0,7,29,73,0,27,0,0,0,1,0,2,0,0,0,0,0,0,4,2,1,2,0,0,27,3,0,0,0,0,1,0,2,0,0,0,0,0,0,0,0,0,38,0,0,1,0,0,0,0,0,0,1,0,0,0,0,0,0,0,0,0,0,0,0,0,4,0,0,0,0,0,0,123,1,0,0,0,0,0,0,0,54,0,0,0,0,0,0,0,0,0,0,1,0,0,0,0,4,44,1,0,18,0,14,0,29,0,0,0,0,1,0,0,4,1,0,0,0,0,1,7,0,1,0,0,0,0,0,72,0,0,0,0,0,0,0,0,0,0,0,0,0,0,0,13,18,19,5,0,0,0,0,3,0,0,0,49,0,1,1,0,0,8,0,0,0,0,0,0,0,0,11
1,108,16,11,95,69,1,0,0,15,11,15,0,0,1,0,10,0,27,317,25,69,120,0,31,106,15,0,2,1,10,7,55,0,0,3,22,4,0,0,35,10,13,3,1,34,285,9,140,4,135,0,7,0,23,26,13,13,4,1,5,0,6,10,6,0,30,13,13,0,25,0,8,24,7,0,10,0,5,6,2,0,15,0,1,0,7,0,5,1,16,0,0,6,2,6,1,3,2,69,1,0,7,0,117,0,40,7,3,1,0,47,27,0,21,5,6,14,108,10,1,1,3,15,3,0,0,4,2,19,0,2,0,18,4,1,0,0,0,5,0,0,0,19,0,39,48,84,1,0,0,9,86,5,44,1,0,6,42,17,154,0,6,5,0,15,2,1,0,42,1,17,23
0,0,90,282,0,3,0,0,0,0,0,21,0,0,0,0,2,0,0,2,0,0,6,0,5,0,91,0,0,0,4,0,33,0,0,0,0,0,0,0,0,1,190,0,13,58,0,8,9,0,4,0,10,0,0,0,0,5,0,0,16,0,0,0,0,0,8,0,0,0,0,0,0,14,5,0,0,0,0,0,0,0,120,0,0,0,3,0,0,0,0,0,0,1,0,0,0,0,446,87,7,0,20,0,3,0,50,0,0,0,0,1,162,0,0,0,1,0,0,1,19,2,0,434,0,0,0,0,0,16,0,0,0,0,0,0,0,0,0,0,0,0,0,22,0,26,23,3,4,0,0,0,1,1,0,0,0,11,0,0,3,0,0,31,0,0,0,0,0,0,0,0,12
0,3,1,1,0,0,0,1,0,1,0,0,0,0,8,0,0,1,5,0,0,2,0,0,0,1,0,0,0,0,4,0,0,0,2,0,0,0,0,1,0,0,1,36,0,0,1,0,0,0,0,1,0,1,0,1,0,0,6,2,0,0,0,0,1,0,0,2,0,0,0,0,0,0,3,0,0,0,0,0,0,0,0,0,0,1,4,0,4,0,0,0,0,0,0,0,0,1,0,0,0,1,0,0,1,1,0,0,0,1,0,0,0,0,12,1,0,0,0,0,0,0,0,2,0,1,0,0,1,0,0,0,0,0,0,12,0,21,0,9,0,0,0,0,0,0,0,0,0,0,2,0,15,0,1,0,0,0,0,0,0,1,0,0,114,0,0,2,0,1,0,0,0
3,0,0,0,38,0,10,3,62,0,10,0,114,4,358,0,0,2,0,5,3,0,0,388,0,2,0,1,11,11,0,10,0,246,3,2,188,161,240,63,0,0,0,15,0,1,0,0,27,4,3,4,0,5,1,14,10,0,2,25,0,2,25,6,0,325,0,5,0,199,5,13,0,0,0,11,6,2,0,0,238,0,0,0,1,0,0,5,2,3,24,14,0,13,1,38,28,841,0,0,17,3,0,122,0,2,0,0,7,0,1,8,0,26,5,2,0,4,0,1,0,0,12,0,5,0,19,729,2,0,63,172,18,2,3,3,328,1,1272,1,157,276,513,0,0,0,0,1,0,0,8,0,1,0,0,0,9,0,0,77,0,7,6,0,3,7,129,1,0,0,345,0,0
0,0,0,0,0,0,0,24,0,0,0,0,0,0,0,0,0,0,0,0,0,0,0,0,0,0,0,9,0,0,0,0,0,0,4,0,0,0,0,0,0,0,0,0,0,0,0,0,0,0,0,143,0,9,0,0,0,0,0,0,0,0,0,0,0,0,0,0,0,0,0,173,0,0,0,0,0,6,0,0,0,0,0,0,0,0,0,29,0,0,0,0,0,0,0,0,0,0,0,0,0,11,0,0,0,0,0,0,0,9,1,0,0,0,0,0,0,0,0,0,0,0,0,0,0,2,0,0,0,0,141,0,0,0,0,3,0,0,0,0,0,0,0,0,0,0,0,0,0,3,0,0,0,0,0,0,252,0,0,0,0,0,0,0,0,0,0,3,0,0,0,0,0
0,0,0,0,8,0,14,5,1,2,1,0,0,8,2,0,6,0,0,0,1,0,0,0,0,0,0,1,0,0,1,0,0,2,32,10,0,0,0,2,0,0,1,132,0,0,1,0,51,0,0,1,0,4,0,0,0,0,28,1,0,4,10,0,0,1,1,0,4,0,0,9,0,0,37,6,0,3,1,0,0,0,3,0,0,0,0,91,0,0,0,2,1,0,0,1,13,0,0,0,0,100,0,0,0,1,0,4,2,54,0,0,3,0,2,2,2,1,0,0,0,0,3,0,1,13,2,0,0,0,29,1,18,0,2,196,0,77,0,5,0,1,0,0,1,0,2,0,1,2,12,1,22,1,1,0,26,0,0,8,1,0,0,0,15,0,0,27,1,0,2,1,1
0,1,0,0,18,0,0,1,90,2,0,0,3,31,6,0,2,0,0,2,0,0,0,0,0,3,0,0,1,0,1,2,3,6,3,1,0,7,16,3,2,0,0,163,1,3,14,3,15,1,4,0,0,2,1,18,0,0,9,24,1,8,10,9,1,11,1,2,1,7,10,0,1,1,0,2,4,7,1,1,21,0,0,5,0,4,0,0,1,10,4,3,3,2,0,157,5,32,1,0,2,16,25,0,1,6,0,1,3,6,2,1,2,0,51,0,3,0,0,0,1,0,6,0,0,3,8,31,2,2,1,13,107,1,6,83,12,250,45,18,7,42,0,2,0,0,11,1,0,1,0,1,287,0,0,0,0,0,0,4,6,1,0,1,29,5,8,2,1,0,46,0,8
1,0,0,0,115,0,0,2,2,1,0,2,3,171,1,1,0,0,0,10,0,0,0,53,0,1,0,1,4,5,0,8,1,0,8,0,1,0,0,0,0,1,0,49,0,4,6,2,22,1,0,0,0,0,12,289,11,0,0,2,1,0,11,39,0,1,6,4,5,0,7,0,36,6,0,0,12,0,5,15,10,1,0,6,0,1,0,2,0,12,1,0,0,3,0,25,113,3,0,0,3,1,0,1,0,0,0,9,0,0,0,4,0,16,0,1,2,4,0,3,0,0,0,0,12,0,0,8,2,0,9,4,1,278,6,0,5,0,16,4,14,0,4,1,0,0,0,1,0,0,1,1,0,0,0,0,1,0,0,1,1,3,10,0,0,7,6,0,0,2,229,1,1
0,2,4,13,1,56,0,0,0,60,0,26,0,0,0,137,0,127,4,22,3,7,16,0,80,1,25,0,1,0,108,0,183,0,0,0,5,0,0,0,3,5,15,0,54,191,44,10,8,1,11,0,2,0,38,0,2,2,0,1,10,0,0,0,6,0,217,0,91,0,4,0,4,65,4,0,0,0,17,16,1,4,95,4,0,4,6,0,0,0,0,0,1,13,4,0,0,0,19,13,115,1,166,0,33,0,12,31,0,7,0,0,13,0,0,66,7,1,23,37,31,242,0,54,3,0,0,0,0,148,0,0,0,1,0,1,0,0,0,12,0,0,0,6,0,3,167,99,136,0,0,93,6,50,0,0,0,103,11,27,54,0,44,62,0,0,0,0,3,10,0,12,94
0,68,4,0,0,24,0,0,0,0,6,3,0,0,0,0,0,0,17,10,6,249,14,0,2,179,13,0,0,1,0,0,0,0,0,0,0,0,0,0,0,6,1,0,0,0,1,0,1,0,1,0,2,0,0,0,0,7,1,1,0,0,2,0,0,0,0,13,1,0,6,0,0,3,2,1,0,0,0,0,0,0,0,0,0,0,0,0,28,1,1,0,0,0,0,0,0,0,0,8,0,0,0,0,29,0,3,0,0,0,0,26,3,0,18,0,0,0,2,0,0,0,0,0,0,0,0,0,1,0,0,0,0,0,1,0,0,0,0,0,0,0,0,0,0,5,0,6,0,0,0,0,0,0,80,2,0,0,88,1,1,0,0,0,0,0,0,0,0,0,0,0,0
2,0,0,0,0,0,0,0,0,2,3,0,0,0,1,0,0,0,0,1,0,0,0,0,1,1,0,0,10,0,3,9,2,0,0,2,5,0,0,2,14,1,0,0,1,1,19,0,4,31,0,0,0,0,2,2,45,0,0,23,1,0,1,48,0,7,0,1,1,0,0,0,0,1,0,1,74,0,2,1,103,0,0,1,1,1,0,0,2,0,100,0,1,0,1,1,0,2,0,0,0,0,0,1,0,0,0,6,0,0,0,0,2,0,1,1,3,3,2,2,0,0,39,0,0,0,2,1,44,0,0,1,0,1,31,0,4,0,1,0,1,1,1,0,0,0,3,0,0,0,0,0,0,0,2,0,0,0,0,0,6,0,0,0,0,2,0,0,0,2,0,15,1
8,0,0,0,0,0,6,1,5,0,12,0,10,0,1,0,1,0,0,2,1,0,0,0,0,2,0,0,0,0,1,0,0,3,2,1,0,3,1,18,4,0,0,0,0,0,1,0,0,1,3,0,0,4,0,0,1,0,7,69,0,2,16,0,0,24,0,2,0,26,0,1,0,0,0,1,1,0,0,1,0,0,0,0,0,0,0,3,31,0,23,2,0,0,0,4,0,4,0,0,0,0,0,2,0,4,0,0,10,1,0,0,0,1,0,0,1,0,0,1,0,0,14,0,0,0,360,4,1,0,0,8,17,0,2,3,21,0,1,0,2,41,0,0,1,0,0,0,0,0,1,0,0,0,0,2,0,0,0,0,0,0,0,0,4,0,1,451,0,0,0,0,0
38,5,4,1,3,4,0,1,0,14,0,151,0,0,0,9,3,406,0,10,8,0,7,1,14,7,2,0,0,49,18,0,40,0,0,12,3,0,0,1,8,74,0,1,3,17,23,4,5,1,13,0,0,0,533,9,20,6,0,0,38,0,1,0,51,0,221,3,27,0,6,0,425,1,6,0,1,0,25,16,0,9,2,0,1,1,423,0,0,0,9,0,0,515,349,0,0,2,2,8,14,0,2,0,12,0,2,14,0,47,0,13,2,2,8,103,6,6,12,692,0,6,0,6,10,0,0,0,5,13,0,0,0,146,0,19,1,0,0,12,0,0,1,2,0,2,18,4,10,0,0,16,24,347,7,0,0,1,1,0,9,0,0,2,0,0,0,0,2,134,0,12,13
0,0,0,13,0,0,0,0,0,14,0,0,0,0,0,9,0,1,0,0,0,0,10,0,2,0,15,0,0,0,68,0,21,0,0,4,3,0,0,0,0,0,3,0,428,123,8,80,0,0,0,0,0,0,2,0,4,0,0,0,53,0,0,0,11,0,5,1,45,0,0,0,0,1,0,0,0,0,20,30,0,29,5,98,17,33,0,0,0,0,0,0,26,0,0,0,1,0,19,0,304,0,29,0,2,0,0,65,0,3,0,0,3,0,0,5,57,0,0,2,326,21,0,62,1,0,0,0,0,3,0,0,0,0,0,0,0,0,0,32,0,0,0,86,0,0,11,4,17,0,0,12,1,0,0,0,0,9,0,0,3,0,8,9,0,0,0,0,1,0,0,2,2
1,0,0,0,0,0,2,1,2,0,0,0,1,0,0,0,1,0,0,0,0,0,0,0,0,0,0,1,0,0,0,0,0,4,0,0,0,11,5,4,0,0,0,1,0,0,0,0,0,0,0,6,0,4,0,0,0,0,0,0,0,5,5,0,0,0,0,0,0,0,0,1,0,0,0,2,0,1,0,0,0,0,0,0,0,0,0,8,0,0,1,1,0,0,0,27,0,0,0,0,0,4,0,1,0,2,0,0,889,0,1,0,0,0,0,0,0,0,0,0,0,0,0,0,0,3,8,1,0,0,0,39,1083,0,0,1,14,4,0,0,0,17,0,0,0,0,0,0,0,1,0,0,5,0,0,0,4,0,0,0,0,0,0,0,27,0,0,2,0,0,0,0,0
9,0,0,0,153,0,1,0,0,1,2,0,1,69,24,0,53,1,0,0,0,1,0,0,0,0,0,1,0,0,16,0,0,0,51,1,0,0,0,0,0,86,1,23,0,0,1,0,3,0,1,1,0,4,0,0,0,0,6,1,0,2,3,0,0,1,1,22,0,0,0,1,0,0,1,0,0,0,0,0,2,1,0,0,0,0,0,3,0,0,0,0,0,0,0,1,1,0,0,0,0,3,0,0,0,0,0,0,0,2,0,0,2,2,2,0,0,0,0,0,0,0,0,0,1,78,1,0,0,0,3,0,1,0,0,11,0,4,0,7,0,0,4,0,95,0,0,3,0,2,381,0,1,1,4,0,1,0,0,1,0,0,0,0,29,0,0,0,2,1,0,0,0
1,0,0,0,2,0,1796,0,4,0,9,0,13,0,0,0,1,0,0,0,0,0,0,0,0,0,0,0,0,1,0,0,0,7,0,1,0,8,6,365,1,0,0,0,0,0,2,0,0,0,0,0,0,0,0,1,1,0,8,5,0,0,60,0,0,8,0,1,1,5,0,0,0,0,0,2282,0,0,0,0,1,0,0,0,0,0,0,0,2,0,72,3588,0,0,0,2,10,39,0,0,0,0,0,5,0,1745,0,0,3,0,0,0,0,1,0,0,1,2,0,0,0,0,3,0,0,0,22,3,0,0,0,2,34,0,2,0,5,0,0,0,1,25,0,0,0,0,0,0,0,0,0,0,2,0,1,0,0,0,0,0,0,0,0,0,0,0,11,8,1,0,0,0,0
12,1,1,2,1,2,18,1,1,9,5,0,1,14,14,0,18,1,1,41,3,0,1,4,0,3,1,0,2,0,8,1,6,0,34,3,1,0,0,1,2,1,1,28,1,0,3,1,4,2,0,4,1,1,3,121,1,0,216,7,0,1,2,3,0,0,5,0,15,0,4,0,4,2,0,1,0,0,0,2,7,0,2,6,1,6,0,6,2,1,2,1,9,2,0,3,419,0,0,2,1,24,2,0,0,5,0,3,1,19,2,1,1,18,3,9,6,372,1,2,0,5,2,0,20,32,15,4,0,2,0,0,9,0,235,1,0,5,0,0,0,0,10,11,14,0,14,0,2,0,9,12,4,0,4,0,1,7,1,0,1,0,5,2,17,6,0,9,3,1,3,3,5
1,3,0,3,9,17,0,0,0,274,0,3,0,0,0,65,25,47,1,8,0,5,70,0,39,7,12,0,5,0,153,0,144,0,0,17,15,0,0,0,54,2,0,22,137,181,159,82,29,0,52,0,1,0,42,0,17,1,0,0,79,0,2,1,41,1,89,4,221,0,24,0,0,6,0,0,0,0,242,122,0,53,12,67,43,47,3,0,6,2,0,0,70,6,200,4,1,0,1,0,140,1,16,0,16,0,2,208,0,19,0,1,18,0,0,118,63,11,36,11,97,57,0,21,16,0,0,0,2,25,0,0,0,9,0,0,0,0,0,169,0,0,0,32,0,2,47,54,53,0,0,205,67,19,1,0,0,20,27,25,26,0,99,5,0,0,0,0,204,13,0,23,15
0,7,0,4,61,17,0,3,1,309,6,15,0,1,4,10,171,9,2,54,2,3,106,3,20,5,17,2,26,0,189,4,210,4,0,205,79,0,0,1,246,4,1,47,137,186,445,175,72,19,225,0,1,0,86,78,42,3,0,0,101,1,5,13,67,2,99,12,238,0,49,1,3,6,1,0,26,0,248,122,7,67,8,79,48,125,10,0,5,65,35,0,100,12,25,11,8,2,10,5,54,1,10,2,10,0,7,216,0,18,0,3,40,13,3,99,162,105,123,14,83,29,3,31,76,0,1,2,31,25,0,7,0,110,10,1,0,0,0,345,0,1,7,99,0,0,120,21,23,0,1,144,334,9,5,0,0,15,55,9,177,3,297,7,0,0,1,0,23,39,4,254,30
0,0,0,0,0,1,2,0,0,15,0,0,0,0,0,130,6,5,0,0,0,1,14,0,1,0,7,0,4,1,29,0,0,0,0,162,17,0,0,0,2,0,0,0,104,15,2,480,1,1,6,0,0,0,2,0,15,3,0,0,315,0,0,0,236,0,1,34,33,0,13,0,0,0,0,0,1,0,38,89,3,579,0,714,425,611,0,0,78,249,1,0,873,0,8,0,1,0,0,0,68,0,0,0,0,0,0,93,0,4,0,0,125,30,0,29,399,3,0,0,71,4,0,0,120,0,0,0,4,0,0,0,0,1,0,0,0,0,0,127,0,0,0,382,0,0,0,2,1,0,0,55,4,0,1,0,0,3,5,0,3,0,10,1,0,0,0,0,77,0,0,0,0
0,0,0,0,0,0,0,18,0,0,1,0,0,0,0,0,0,3,0,0,0,0,0,0,0,0,0,8,0,0,0,0,0,0,37,3,0,0,0,0,0,0,0,5,0,0,0,0,84,0,0,106,0,3,1,0,0,0,0,0,0,0,0,0,0,0,0,0,0,0,0,150,0,0,0,0,0,1,0,0,0,0,0,0,0,0,0,31,0,0,0,0,0,0,0,3,1,0,0,0,0,34,0,0,0,0,0,0,0,12,4,0,3,0,0,0,0,1,0,0,0,0,0,0,4,2,0,0,0,0,403,0,1,0,0,4,0,0,0,0,0,0,0,0,0,0,0,0,0,2,1,0,0,0,0,0,238,0,0,0,0,8,0,0,0,0,0,7,1,0,1,0,0
1,0,0,0,121,1,4,7,19,0,20,0,10,715,89,0,343,0,0,0,0,0,0,0,0,1,0,4,0,0,23,0,0,0,382,2,0,0,0,3,0,14,0,7,0,0,0,0,0,0,3,4,0,11,0,0,0,0,36,1,0,12,9,0,0,1,0,1,0,4,0,5,47,0,0,2,1,0,0,0,0,0,0,0,0,0,0,27,2,0,0,1,0,2,0,3,12,0,0,0,0,24,0,0,0,6,0,0,0,12,7,1,0,0,22,1,0,0,0,0,0,0,5,0,0,959,7,1,0,0,6,0,16,0,3,20,0,20,0,1,0,0,1,0,657,0,0,0,0,49,179,0,4,0,0,0,13,1,0,0,0,0,0,0,50,0,0,2,1,0,0,0,0
7,0,0,0,24,0,6,2,1230,0,4,0,1158,1,58,0,3,0,0,0,1,0,0,88,0,0,0,1,3,2,0,12,1,1359,5,1,22,968,1278,971,0,0,0,3,0,0,0,0,2,1,2,4,0,12,0,6,1,0,7,29,0,12,166,4,0,363,0,4,0,877,0,19,0,0,0,13,4,9,0,0,24,0,0,0,0,1,0,36,0,3,25,14,0,5,0,16,14,115,0,0,1,10,0,1592,0,21,0,0,30,0,2,6,0,4,3,0,0,1,0,0,0,0,2,0,3,4,177,53,0,0,56,226,41,3,7,20,684,3,208,0,102,987,253,0,1,0,0,0,0,2,1,0,0,0,0,0,16,0,0,9,0,2,0,0,10,3,493,1,0,0,97,0,0
2,136,29,17,2,235,1,0,0,72,24,10,0,5,1,1,0,1,71,11,15,503,396,5,4,556,153,0,0,7,3,8,13,0,0,0,2,8,0,0,21,36,23,18,1,23,23,112,69,2,95,0,14,0,2,22,6,16,0,28,5,0,6,12,12,0,2,458,1,0,477,0,5,10,4,0,4,0,0,3,12,1,2,4,0,3,2,0,70,182,3,0,2,1,0,5,1,0,25,59,7,0,4,0,72,0,10,1,4,0,0,419,68,54,69,3,13,1,1,0,2,0,9,98,30,0,1,16,15,4,0,0,0,2,2,0,0,0,0,11,1,0,1,133,0,39,7,26,0,0,0,0,3,1,199,25,0,2,94,2,9,0,0,0,0,17,12,0,0,2,0,0,4
2,0,0,0,2,1,4,0,0,1,5,1,0,4,13,0,0,0,0,2,2,0,1,168,0,6,1,0,40,11,0,520,3,0,0,0,110,11,1,1,4,0,0,12,2,2,8,3,13,97,12,0,0,0,0,32,117,0,1,239,1,0,8,261,9,7,0,0,1,0,4,0,3,4,1,6,147,0,0,0,210,2,0,0,0,4,0,0,1,8,213,0,1,3,2,20,2,7,0,1,3,0,0,0,1,0,0,0,1,0,0,13,4,0,49,3,0,0,0,0,4,0,536,1,0,0,0,42,41,9,0,6,0,2,52,2,16,1,0,10,16,0,1,1,0,0,1,0,0,0,1,0,2,0,7,0,0,0,1,0,3,0,2,1,0,583,10,0,1,0,3,4,0
0,3,1,1,12,7,2,0,1,5,4,1,0,102,39,0,0,1,2,12,1,2,4,21,0,10,5,1,482,5,3,491,7,3,1,0,251,3,16,19,21,3,3,34,1,1,24,3,90,664,9,2,0,1,5,211,181,1,2,159,5,0,8,783,0,74,2,10,4,4,22,3,2,91,0,3,816,1,6,3,200,0,0,2,2,4,1,0,1,9,388,0,0,2,8,34,14,12,0,4,2,0,3,1,1,0,5,7,7,0,0,28,2,4,36,1,9,3,0,2,1,2,232,2,4,0,0,11,342,3,0,90,0,18,361,1,36,0,38,5,226,0,10,5,0,0,4,4,0,0,0,0,0,0,3,0,0,0,0,1,4,3,168,0,0,136,22,0,2,0,39,2,0
0,1,0,0,1,0,2,0,0,0,3,0,0,0,48,0,0,0,0,12,1,0,0,3,0,0,0,0,201,2,0,59,0,2,0,0,5,0,1,1,0,2,0,0,1,0,2,1,2,293,1,0,0,0,0,9,155,0,0,0,0,0,2,32,0,31,1,1,1,0,6,0,0,0,0,3,150,0,1,2,27,1,0,1,0,4,0,0,0,3,31,0,2,2,1,1,1,2,0,0,0,0,0,4,0,0,0,0,1,1,0,7,0,2,0,6,6,0,0,0,0,0,10,0,1,0,0,1,66,2,0,7,0,1,30,0,12,0,2,0,10,0,17,4,0,0,0,0,0,0,0,2,0,0,2,0,0,0,0,0,1,0,5,0,0,18,2,0,0,0,0,0,0
1,215,14,11,2,172,0,0,0,7,0,5,0,0,0,0,0,0,92,43,27,125,9,0,168,83,14,0,0,0,1,0,40,0,0,0,1,0,0,0,3,3,12,0,0,5,11,0,6,0,1,0,2,0,1,0,2,16,0,0,1,0,0,0,0,0,9,0,2,0,14,0,1,37,12,0,0,0,1,1,0,0,13,0,0,0,4,0,3,0,0,0,0,0,0,0,0,0,3,43,3,0,2,0,139,0,29,0,0,1,0,26,11,0,13,0,0,0,2,2,0,1,0,2,0,0,0,0,0,21,0,0,0,0,0,0,0,0,0,0,0,0,0,1,0,25,6,275,9,0,0,2,0,1,23,3,0,4,37,239,1,0,0,2,0,0,1,0,0,11,0,0,8
0,1,1,8,0,8,0,0,0,0,0,3,0,0,0,0,0,1,2,0,229,1,133,0,2,2,183,0,0,0,0,0,3,0,0,0,0,0,0,0,0,5,1,0,0,3,0,3,4,0,0,0,6,0,1,0,0,14,0,0,3,0,0,0,0,0,0,0,0,0,0,0,0,1,2,0,0,0,0,0,0,0,0,0,0,0,0,0,1,0,0,0,0,0,0,0,0,0,2,9,2,0,0,0,5,0,4,0,0,0,0,3,0,0,0,0,0,0,0,1,0,0,0,14,0,0,0,0,0,1,0,0,0,0,0,0,0,0,0,0,0,0,0,4,0,8,0,6,0,0,0,0,0,0,0,0,0,0,0,4,0,0,0,0,0,0,0,0,0,0,0,0,0
0,0,2,0,5,2,2,6,0,0,0,0,0,15,11,0,3,0,5,1,0,1,0,0,0,0,0,0,0,0,22,0,0,0,12,1,0,0,0,1,0,0,1,200,1,0,0,0,0,0,0,3,0,0,0,1,0,0,543,0,0,1,2,0,0,0,4,5,0,0,0,3,1,0,0,1,0,0,0,0,1,0,1,2,1,0,2,6,1,0,0,0,5,0,0,0,121,0,0,1,0,13,0,0,2,4,0,0,1,14,0,0,0,0,0,0,1,0,0,0,1,0,0,0,0,70,0,0,0,0,0,0,18,0,3,23,1,61,0,7,0,1,0,1,3,0,2,1,0,0,1,0,33,0,3,0,1,0,0,0,1,0,0,1,745,0,0,4,0,0,0,0,0
581,12,30,10,2,5,2,0,0,9,5,327,0,5,0,6,0,275,6,2,6,1,20,10,17,5,9,0,0,798,2,5,32,1,0,2,6,3,1,2,9,202,9,0,6,18,7,5,10,0,175,0,3,0,60,10,57,318,0,3,110,0,1,3,331,0,98,3,3,0,14,0,86,5,38,0,2,0,11,15,3,58,7,4,1,2,363,0,2,2,7,0,2,129,22,21,0,0,5,14,8,0,5,0,53,0,24,11,0,4,0,17,11,2,45,3,7,7,0,329,11,1,4,7,47,0,0,8,87,11,0,3,0,145,1,185,0,0,0,19,0,0,0,5,0,7,12,6,4,0,2,0,1,202,8,1,0,2,3,1,4,0,0,41,0,5,1,0,0,429,1,0,9
0,0,0,0,0,0,0,806,0,0,0,0,0,0,0,0,0,0,0,0,0,0,0,0,0,0,0,724,0,0,0,0,0,0,3,0,0,0,0,0,0,0,0,0,0,0,0,0,0,0,0,55,0,1171,0,0,0,0,0,0,0,1320,2,0,0,0,0,0,0,0,0,86,0,0,0,0,0,1038,0,0,0,0,0,0,0,0,0,2,0,0,0,0,0,0,0,0,0,0,0,0,0,24,0,0,0,0,0,0,47,4,837,0,0,0,0,0,0,0,0,0,0,0,0,0,0,1,2,0,0,0,9,4,16,0,0,6,0,0,0,0,0,0,0,0,0,0,0,0,0,1148,0,0,1,0,0,0,41,0,0,0,0,120,0,0,0,0,0,3,0,0,0,0,0
0,0,0,0,0,0,0,31,0,0,0,0,0,0,0,0,0,0,0,0,0,0,0,0,0,0,0,45,0,0,0,0,0,0,0,0,0,0,0,0,0,0,0,0,0,0,0,0,0,0,0,992,0,18,0,0,0,0,0,0,0,0,1,0,0,0,0,0,0,0,0,471,0,0,0,0,0,2,0,0,0,0,0,0,0,0,0,281,0,0,0,0,0,0,0,0,0,0,0,0,0,1,0,0,0,0,0,0,3,0,5,0,0,0,0,0,0,0,0,0,0,0,0,0,0,0,0,0,0,0,14,0,1,0,0,0,0,0,0,0,0,0,0,0,0,0,0,0,0,24,0,0,0,0,0,0,347,0,0,0,0,0,0,0,0,0,0,1,0,0,0,0,0
3,0,0,0,1,0,9,35,0,2,0,0,1,34,13,0,6,0,0,2,0,0,0,0,0,0,0,10,0,0,3,0,1,0,137,19,0,0,0,2,0,0,2,46,0,0,0,0,3,0,0,7,0,28,0,0,0,0,48,0,0,16,19,1,0,0,1,1,0,1,0,27,2,0,0,5,0,21,0,0,0,0,1,0,1,0,0,298,0,1,0,0,0,1,0,0,25,0,0,0,0,1031,0,0,0,8,0,1,3,603,3,0,0,0,3,0,0,0,0,0,0,0,0,0,1,70,8,0,0,1,56,0,31,1,4,376,0,83,0,4,0,1,0,0,3,0,2,0,0,7,5,0,42,0,0,0,205,0,0,0,1,1,0,0,25,0,0,127,0,0,0,0,0
0,0,0,0,1,0,1,1,8,0,0,0,1,0,0,0,0,0,0,1,0,0,0,0,0,0,0,6,0,0,0,0,0,17,4,0,0,20,61,6,1,0,0,0,0,0,0,0,0,0,0,0,0,7,0,0,0,0,4,0,0,26,11,0,0,1,0,0,1,1,0,0,0,0,0,0,0,31,0,0,0,0,0,0,0,0,0,3,0,0,0,0,0,0,0,17,0,1,0,0,0,22,0,2,0,2,0,0,225,3,4,0,0,0,0,0,0,0,0,0,0,0,0,0,0,0,1,2,0,0,1,62,81,0,0,14,13,17,0,0,1,19,0,0,0,0,0,0,0,1,0,0,20,0,0,0,7,0,0,0,0,1,0,0,11,0,1,0,0,0,0,0,0
0,25,2,2,3,2,0,0,0,11,1,3,0,0,0,1,3,3,4,12,0,16,25,0,1,8,6,0,0,0,14,0,23,0,0,3,0,0,0,0,5,6,1,2,2,10,28,9,15,0,15,0,7,0,5,2,1,9,0,0,0,0,0,0,4,0,4,0,8,0,8,0,0,1,4,0,0,0,27,9,0,0,1,1,4,0,2,0,1,0,0,0,0,3,0,1,0,0,0,2,6,0,1,0,21,0,0,15,0,0,0,3,2,0,3,2,3,2,4,2,1,1,0,10,0,0,0,0,0,2,0,0,0,1,0,0,0,0,0,1,0,0,0,0,0,5,6,21,1,0,0,6,9,2,7,0,0,0,5,1,7,0,0,0,0,0,0,0,0,8,0,4,5
1,59,0,1,0,7,0,0,0,54,13,1,0,0,0,1,3,13,3,13,13,7,6,1,9,26,1,0,0,4,20,1,31,1,0,91,3,0,0,0,41,1,0,1,11,12,86,4,5,3,16,0,0,0,16,4,26,2,0,1,13,0,3,1,9,0,2,2,30,0,215,0,0,0,2,0,1,0,487,213,0,6,1,37,32,23,4,0,5,20,7,0,34,8,13,2,9,0,0,0,19,0,1,0,4,0,0,235,0,0,0,24,22,0,1,25,30,2,1,9,2,6,2,0,6,0,0,0,5,4,0,0,0,1,1,0,0,0,0,11,0,0,0,1,0,0,10,49,2,0,0,47,5,8,8,1,0,0,17,3,3,0,8,2,0,2,0,0,47,21,0,15,2
2,0,0,0,28,1,1,2,3,2,15,0,0,28,0,0,0,1,1,1,0,1,0,19,0,6,1,1,2,81,0,9,0,7,0,1,1,54,33,2,1,1,1,59,0,0,6,0,16,1,23,0,0,3,1,9,10,0,6,10,0,2,4,4,0,2,0,3,2,0,9,2,43,1,0,0,1,1,3,1,1,0,0,1,0,1,0,1,2,4,20,0,0,0,1,629,16,40,0,0,0,0,5,0,0,1,0,1,192,0,0,8,0,1,4,0,0,2,0,0,0,0,0,0,2,1,6,185,1,0,2,71,70,0,1,0,12,5,7,1,7,6,0,0,0,0,0,1,0,0,0,0,6,1,0,0,0,0,0,1,0,2,0,0,18,48,8,1,0,2,20,0,0
4,23,9,0,1,3,0,0,0,2,422,6,0,0,0,2,0,0,4,0,380,15,105,1,0,21,96,0,0,20,2,0,0,0,0,0,0,0,0,0,4,83,4,0,1,1,9,46,15,0,83,0,20,0,1,0,3,67,0,195,1,0,3,0,23,0,0,34,1,0,53,0,0,0,1,0,1,0,1,0,10,7,0,1,1,0,5,0,345,4,3,0,0,1,0,2,0,0,0,2,1,0,0,0,2,0,0,0,0,0,0,306,9,0,3,0,1,0,1,0,1,0,8,15,0,0,2,9,5,0,0,0,0,1,0,1,0,0,0,4,0,0,0,1,0,7,3,0,0,0,0,0,0,0,15,353,0,0,16,1,0,0,0,0,0,3,0,0,0,7,0,1,0
1,0,0,0,0,3,0,0,0,13,1,0,0,0,2,10,0,125,0,2,0,0,0,1,5,0,0,0,0,0,5,0,0,0,1,68,0,0,0,0,2,0,2,0,2,1,0,18,20,0,0,0,0,0,0,2,2,0,0,1,3,0,0,1,1,0,0,2,3,0,19,0,0,0,0,0,0,0,18,5,1,1,0,24,45,33,0,0,5,14,0,0,71,10,8,0,1,0,0,0,3,0,0,0,0,0,0,10,0,0,0,0,28,442,0,167,28,0,0,6,0,0,1,0,164,1,0,0,1,0,2,0,0,0,1,0,0,0,0,3,1,0,0,7,0,0,0,2,0,0,0,57,0,16,0,0,0,0,3,0,0,0,6,0,0,0,0,0,112,0,0,3,0
1,0,0,0,2,0,0,274,0,0,0,0,0,0,0,0,0,0,0,0,0,0,0,0,0,0,0,375,0,0,2,0,0,0,7,2,0,2,0,0,0,0,0,1,0,0,1,0,0,0,0,24,0,258,0,0,0,0,0,0,0,556,13,0,0,0,0,0,1,0,0,30,0,0,0,0,0,416,0,0,0,0,0,0,0,0,0,6,0,17,0,0,0,0,0,147,1,0,48,0,0,21,2,0,0,2,0,0,15,2,387,0,0,0,0,0,0,2,0,0,0,0,0,0,27,1,0,0,0,0,5,12,9,1,0,3,0,0,0,0,0,0,0,0,0,0,0,0,0,185,1,0,0,0,0,0,56,0,0,0,0,848,0,0,1,0,0,3,0,0,0,0,0
0,0,0,0,0,0,0,6,0,0,0,0,0,0,0,0,0,0,0,0,0,0,0,0,0,0,0,7,0,0,0,0,0,0,0,3,0,0,0,0,0,0,0,0,0,0,0,1,0,0,0,36,0,2,0,0,0,0,0,0,0,0,0,1,0,0,0,0,0,0,0,23,0,0,0,0,1,0,0,0,0,0,0,0,0,0,0,9,0,0,0,0,0,0,0,5,0,0,0,0,0,0,0,0,0,0,0,0,0,0,1,0,0,1,0,0,0,0,0,0,0,0,0,0,0,0,0,0,0,0,4,0,1,0,0,0,0,0,0,0,0,0,0,0,0,0,0,0,0,0,0,0,0,0,0,0,40,0,0,0,0,8,0,0,0,0,0,0,0,0,1,0,0
