0.83602,0.23667,0.40511,0.36869,0.21196,0.27574,0.9562,0.65575,0.85929,0.32968,0.72635,0.47025,0.87396,0.58717,0.51344,0.35492,0.51227,0.38932,0.55377,0.43333,0.48092,0.47262,0.34612,0.49744,0.23703,0.50556,0.23846,0.60663,0.60283,0.7994,0.24165,0.46187,0.20683,0.81134,0.5307,0.30327,0.32507,0.76517,0.76421,0.65943,0.499,0.27703,0.30541,0.21855,0.46137,0.18329,0.3502,0.45186,0.17019,0.58192,0.24432,0.71678,0.55859,0.75513,0.62485,0.33631,0.24133,0.48615,0.5768,0.28623,0.41261,0.67515,0.40515,0.64222,0.40786,0.42857,0.26292,0.72334,0.29822,0.77877,0.48181,0.47222,0.6185,0.17956,0.66183,0.97617,0.64416,0.67419,0.42454,0.31744,0.26862,0.71046,0.38052,0.67077,0.67293,0.67467,0.45683,0.34353,0.52492,0.40747,0.39394,0.98924,0.72645,0.68022,0.5361,0.52225,0.50613,0.74865,0.58269,0.24506,0.37153,0.7613,0.53226,0.91952,0.18923,0.96137,0.34543,0.24177,0.61802,0.6961,0.66079,0.423,0.28007,0.71521,0.14989,0.25219,0.48263,0.67877,0.36544,0.60503,0.46686,0.55317,0.5976,0.47247,0.29636,0.7748,0.53811,0.65156,0.5174,0.4552,0.50556,0.31459,0.68451,0.34334,0.46503,0.38362,0.58798,0.45173,0.79912,0.42188,0.40506,0.6922,0.61974,0.45192,0.85242,0.35469,0.34792,0.32927,0.43925,0.80396,0.62092,0.30689,0.33769,0.50875,0.42857,0.91184,0.27575,0.57063,0.22163,0.49791,0.33915,0.84163,0.43523,0.6,0.68077,0.67845,0.6898,0.67353,0.42412,0.57357,0.43813,0.68135,0.45648
0.55138
0,35,301,165,0,41,0,0,0,0,0,65,0,0,0,1,0,4,85,13,1,2,2,0,168,9,7,0,0,0,0,0,6,0,0,0,1,0,0,0,1,10,237,0,0,0,2,1,5,0,0,0,172,0,2,0,0,14,0,0,1,0,0,0,1,1,25,0,0,0,0,0,10,106,456,0,0,0,0,0,0,0,78,0,0,0,34,0,0,0,0,0,0,2,0,0,0,0,89,211,0,0,8,0,41,0,219,0,0,0,0,0,3,0,27,0,0,0,1,18,0,2,0,39,0,0,0,0,0,20,0,0,0,1,0,0,0,0,0,0,0,0,0,0,0,196,13,8,0,0,0,0,0,15,4,0,0,28,16,12,2,0,0,12,0,0,0,0,0,6,0,0,9
0,1,9,72,1,12,0,0,0,12,0,4,0,0,0,5,0,2,0,2,0,0,0,0,22,0,7,0,0,0,57,0,78,0,0,1,5,0,0,0,1,0,53,0,24,103,6,3,0,0,0,0,1,0,1,0,1,0,0,3,2,0,0,0,0,0,13,0,28,0,0,0,0,47,1,0,0,0,2,0,0,2,336,0,1,1,0,0,0,0,2,0,6,1,0,0,0,0,23,4,50,0,396,0,4,0,5,18,0,20,0,0,5,0,0,13,3,0,1,1,33,489,0,28,0,0,0,0,0,381,0,0,0,0,0,0,0,0,0,1,0,0,0,6,0,2,318,13,235,0,0,10,1,0,0,0,0,408,13,0,8,0,16,306,0,0,0,0,0,1,0,0,257
1,39,43,41,23,34,1,1,1,14,6,21,6,2,0,0,1,1,25,111,1,10,50,0,64,9,19,0,1,0,11,0,100,2,0,30,10,2,0,4,7,4,103,0,2,52,48,2,86,1,30,0,26,2,6,14,3,41,0,2,1,1,6,0,4,0,8,1,5,1,0,0,3,107,8,3,1,0,1,0,0,0,113,1,0,1,5,0,0,0,7,0,0,2,0,4,4,19,37,112,2,1,23,0,104,3,126,1,0,5,0,2,11,0,12,9,4,1,26,3,1,9,1,67,1,0,13,2,0,50,1,0,4,18,0,1,0,0,1,2,0,10,1,3,1,56,45,110,29,0,0,7,9,5,13,0,0,40,4,9,42,0,0,17,1,1,0,9,0,20,1,6,44
0,152,158,36,0,98,0,0,0,0,0,22,0,0,0,0,0,0,448,9,55,28,33,0,28,23,76,0,0,3,0,0,0,0,0,0,2,0,0,0,3,177,62,0,0,0,1,0,11,0,1,0,348,0,1,0,1,116,0,0,3,0,1,0,0,0,5,1,3,0,9,0,1,22,84,0,0,0,0,0,0,0,7,0,0,0,29,0,49,0,0,0,0,2,0,0,0,0,23,171,0,0,0,0,49,0,64,0,0,0,0,12,2,0,51,0,0,0,0,3,1,0,0,17,0,0,0,0,2,7,0,0,0,2,0,0,0,0,0,0,0,0,0,1,0,238,1,8,0,0,0,0,0,4,21,3,0,0,125,23,0,0,0,0,0,0,0,0,0,1,0,0,1
0,7,28,74,0,27,0,0,0,1,0,2,0,0,0,0,0,0,4,2,1,2,0,0,26,3,0,0,0,0,1,0,3,0,0,0,0,0,0,0,0,0,38,0,0,1,0,0,0,0,0,0,1,0,0,0,0,0,0,0,0,0,0,0,0,0,4,0,0,0,0,0,0,123,1,0,0,0,0,0,0,0,54,0,0,0,0,0,0,0,0,0,0,2,0,0,0,0,4,43,1,0,18,0,14,0,30,0,0,0,0,1,0,0,4,1,0,0,0,0,1,7,0,1,0,0,0,0,0,72,0,0,0,0,0,0,0,0,0,0,0,0,0,0,0,12,18,20,5,0,0,0,0,3,0,0,0,49,0,1,0,0,0,8,0,0,0,0,0,0,0,0,11
3,104,18,12,94,70,1,0,0,17,8,18,0,0,0,0,11,0,31,312,24,70,115,0,32,107,14,0,1,3,10,7,53,0,0,4,19,5,0,0,33,12,14,4,1,32,278,8,145,4,134,0,6,0,22,31,12,15,4,1,6,0,5,9,7,0,31,12,15,0,24,0,9,30,7,0,10,0,5,7,2,0,14,0,1,0,7,0,5,1,14,0,0,7,3,6,1,3,6,59,1,0,6,0,111,0,42,7,3,1,0,49,25,0,20,5,6,14,109,8,2,2,3,13,4,0,0,4,4,22,0,2,0,17,2,1,0,0,0,5,0,0,0,18,0,36,49,82,1,0,0,8,89,6,47,1,0,5,45,18,151,0,6,6,0,16,3,0,0,39,1,19,27
0,0,87,285,0,3,0,0,0,0,0,20,0,0,0,0,2,0,0,2,0,0,7,0,5,0,91,0,0,0,4,0,33,0,0,0,0,0,0,0,0,1,187,0,11,57,0,6,10,0,4,0,11,0,0,0,0,4,0,0,16,0,0,0,0,0,8,0,0,0,0,0,0,13,4,0,0,0,0,0,0,0,126,0,0,0,3,0,0,0,0,0,0,1,0,0,0,0,451,85,8,0,21,0,4,0,53,0,0,0,0,1,163,0,0,0,2,0,0,1,19,2,0,429,0,0,0,0,0,16,0,0,0,0,0,0,0,0,0,0,0,0,0,20,0,25,24,3,4,0,0,0,1,1,0,0,0,11,0,0,3,0,0,31,0,0,0,0,0,0,0,0,11
0,3,1,1,0,0,1,0,0,0,1,0,0,0,7,0,1,1,4,1,0,2,0,0,0,0,0,0,0,0,4,0,0,0,2,0,0,0,0,1,0,0,1,36,2,0,1,0,0,0,0,1,0,0,0,1,0,0,8,2,0,0,0,0,1,0,0,2,0,0,0,0,0,0,3,0,0,0,0,0,0,0,0,0,0,2,3,1,3,0,0,0,0,0,0,0,0,1,0,0,0,1,0,0,1,0,0,0,0,1,0,0,0,0,12,1,0,0,0,0,0,0,0,2,0,1,0,0,1,0,0,0,0,0,0,13,0,21,0,7,0,0,0,0,0,0,0,0,0,0,2,0,12,0,1,0,1,0,1,0,0,1,0,0,116,0,0,1,0,1,0,0,0
4,0,0,0,44,0,7,3,58,0,10,0,115,4,363,0,0,2,0,4,3,0,0,389,0,1,0,2,8,10,0,8,0,251,3,2,192,162,249,60,0,0,0,16,0,1,0,1,28,5,2,2,0,3,1,14,13,0,2,26,0,2,21,6,0,336,0,4,0,199,5,14,0,0,0,12,6,1,0,0,238,0,0,0,1,0,0,5,2,2,25,15,0,13,1,37,25,831,0,0,16,5,0,124,0,4,0,0,4,0,1,8,0,25,5,2,0,3,0,1,0,0,10,0,4,0,19,733,3,0,63,169,22,2,2,5,315,1,1265,1,166,273,515,0,0,0,0,0,0,0,8,0,0,0,0,0,8,0,0,78,0,7,6,0,2,5,127,1,0,0,347,0,0
0,0,0,0,0,0,0,25,0,0,0,0,0,0,0,0,0,0,0,0,0,0,0,0,0,0,0,9,0,0,0,0,0,0,3,0,0,0,0,0,0,0,0,0,0,0,0,0,0,0,0,138,0,9,0,0,0,0,0,0,0,0,0,0,0,0,0,0,0,0,0,176,0,0,0,0,0,6,0,0,0,0,0,0,0,0,0,29,0,0,0,0,0,0,0,0,0,0,0,0,0,12,0,0,0,0,0,0,0,9,1,0,0,0,0,0,0,0,0,0,0,0,0,0,0,1,0,0,0,0,144,0,0,0,0,2,0,0,0,0,0,0,0,0,0,0,0,0,0,2,0,0,0,0,0,0,253,0,0,0,0,0,0,0,0,0,0,3,0,0,0,0,0
0,0,0,0,8,0,11,6,2,3,1,0,1,9,2,0,9,0,0,0,1,0,0,0,0,0,0,1,0,0,1,0,0,1,34,12,0,0,0,4,0,0,1,135,0,0,1,0,53,0,0,1,0,5,1,0,0,0,30,1,0,4,12,0,0,1,0,0,5,0,0,6,0,0,36,5,0,4,1,0,0,0,3,0,0,0,0,92,0,0,0,2,1,0,0,1,10,0,0,0,0,97,0,0,0,1,0,3,2,55,0,0,3,0,2,4,2,1,0,0,0,0,2,0,0,13,2,0,0,0,26,1,18,0,2,196,0,75,0,5,0,0,0,0,2,0,1,0,1,1,12,1,20,0,1,0,27,0,0,4,1,0,0,0,13,0,0,31,1,0,2,1,0
0,1,0,1,18,0,1,1,90,2,0,0,4,29,6,0,2,0,0,2,0,0,0,0,0,3,0,0,1,0,0,1,4,6,3,2,0,7,17,4,3,0,0,165,1,5,13,3,14,1,4,0,0,2,1,17,2,0,11,24,1,11,6,11,1,12,1,3,1,7,11,0,1,1,1,1,4,6,1,1,21,0,0,3,0,4,0,1,1,10,4,3,3,2,0,162,6,31,2,0,2,15,23,0,1,6,0,1,4,7,2,1,1,0,48,0,5,0,0,0,1,0,7,0,0,3,8,30,2,0,1,13,102,1,7,81,12,248,44,18,8,43,0,2,0,0,14,1,0,1,0,1,287,0,0,0,0,0,0,4,6,1,0,0,26,5,8,2,0,0,44,0,7
3,0,0,0,110,1,0,0,2,2,0,2,2,172,1,1,0,0,0,8,0,0,0,54,0,1,0,1,3,5,0,7,0,0,8,0,1,0,0,0,0,0,1,55,1,3,8,2,23,2,0,0,0,0,9,301,11,0,0,2,2,0,8,39,0,1,5,3,7,0,6,0,40,6,0,0,12,0,5,12,7,1,0,6,1,2,0,4,0,13,1,0,0,5,1,21,110,4,1,0,3,1,0,1,0,0,0,6,0,0,0,3,1,16,0,1,3,6,0,2,0,0,0,0,12,1,0,9,1,0,9,6,1,263,8,0,3,0,16,6,16,0,4,2,0,0,0,0,0,0,1,1,0,0,0,0,1,0,1,1,1,1,11,0,0,6,6,0,0,2,229,1,1
0,2,3,13,1,56,0,0,0,57,0,25,0,0,0,137,0,126,4,21,3,4,16,0,81,4,24,0,1,0,105,0,186,0,0,0,5,0,0,0,3,5,15,0,52,192,44,11,9,0,11,0,2,0,39,0,1,2,0,1,11,0,0,0,7,0,216,0,91,0,4,0,5,64,5,0,0,0,16,17,2,4,95,4,0,4,6,0,0,0,0,0,1,13,5,0,0,0,19,12,115,1,167,0,33,0,13,30,0,7,0,0,14,0,0,67,8,2,23,38,33,240,0,52,3,0,0,0,0,148,0,0,0,1,0,1,0,0,0,11,0,0,0,6,0,3,163,96,138,0,0,94,8,51,0,0,0,107,13,30,48,0,44,57,0,0,0,0,4,12,0,11,96
0,63,3,0,0,26,0,0,0,0,6,2,0,0,0,0,0,0,17,10,7,254,15,0,2,183,10,0,0,1,0,0,0,0,0,0,0,0,0,0,0,6,0,0,0,0,1,0,2,0,2,0,2,0,0,0,0,9,1,1,0,0,2,0,0,0,0,13,1,0,6,0,0,2,2,1,0,0,0,0,0,0,0,0,0,0,1,0,26,1,1,0,0,0,0,0,0,0,0,9,0,0,0,0,28,0,4,0,0,0,0,25,3,0,18,0,0,0,2,0,0,0,0,0,0,0,0,0,1,0,0,0,0,0,1,0,0,0,0,0,0,0,0,0,0,4,0,7,0,0,0,0,0,0,78,2,0,0,86,1,1,0,0,0,0,0,0,0,0,0,0,0,0
2,0,0,0,0,0,0,0,0,1,3,0,0,0,1,0,0,0,0,2,0,0,0,0,1,2,0,0,11,0,3,8,2,0,0,2,5,0,0,2,14,1,0,0,1,1,17,0,4,29,0,0,0,0,3,2,48,0,0,24,1,0,1,48,0,7,0,0,0,0,1,0,0,1,0,1,73,0,2,1,106,0,0,1,1,1,0,0,2,0,98,0,1,0,1,1,0,2,0,1,0,0,0,1,0,0,0,5,0,0,0,0,2,0,1,2,3,3,3,2,0,0,40,0,0,0,1,1,43,0,0,1,0,1,31,0,3,0,1,0,1,1,1,0,0,0,3,0,0,0,0,0,0,0,2,0,0,0,0,0,6,0,0,0,0,2,0,0,0,2,0,14,1
9,0,0,0,0,0,6,1,4,0,11,0,9,0,1,0,1,0,0,2,1,0,0,0,0,2,0,1,0,0,1,0,0,5,2,1,0,4,1,19,4,0,0,0,0,0,1,0,0,1,3,0,0,5,0,0,1,0,7,66,0,2,15,1,0,21,0,2,0,28,0,1,0,0,0,1,2,0,0,0,0,0,0,1,0,0,0,4,31,0,23,1,0,0,0,5,0,3,0,0,0,1,0,2,0,5,0,0,10,1,0,0,0,1,0,0,1,0,0,1,0,0,14,0,0,0,353,3,1,0,0,7,17,0,2,3,21,0,1,0,2,40,0,0,1,0,0,0,0,0,1,0,1,0,0,1,0,0,0,0,0,0,0,0,4,0,1,458,0,0,0,0,0
39,5,4,1,3,3,0,1,0,14,1,147,0,0,0,9,3,401,0,9,9,0,7,1,14,7,3,0,0,48,19,0,40,0,0,11,3,0,0,1,8,72,0,1,3,17,24,3,3,1,14,0,0,0,538,7,19,7,0,0,38,0,1,0,50,0,229,3,29,0,6,0,428,0,8,0,1,0,27,16,0,9,2,0,1,1,418,0,0,0,8,0,0,502,349,1,0,2,2,8,14,0,3,0,11,0,2,13,0,46,0,14,2,2,9,103,6,7,12,697,0,6,0,6,9,0,0,0,5,13,0,1,0,162,0,20,1,0,0,12,0,0,1,2,0,3,18,3,10,0,0,15,19,349,7,0,0,1,1,0,8,0,0,2,0,0,0,0,2,126,0,14,12
0,0,0,13,0,0,0,0,0,15,0,0,0,0,0,8,0,1,0,0,0,0,11,0,2,0,16,0,0,0,69,0,21,0,0,4,3,0,0,0,0,0,3,0,430,121,8,75,0,0,0,0,0,0,2,0,4,0,0,0,53,0,0,0,11,0,5,1,42,0,0,0,0,1,0,0,0,0,20,28,0,28,5,101,15,35,0,0,0,0,0,0,27,0,0,0,1,0,20,0,308,0,28,0,2,0,0,66,0,3,0,0,3,0,0,5,58,0,0,2,324,20,0,63,1,0,0,0,0,3,0,0,0,0,0,0,0,0,0,32,0,0,0,86,0,0,12,4,17,0,0,11,1,0,0,0,0,9,0,0,3,0,8,9,0,0,0,0,1,0,0,2,2
2,0,0,0,0,0,2,0,1,0,0,0,1,0,0,0,1,0,0,0,0,0,0,0,0,0,0,1,0,0,0,0,0,4,0,0,0,11,6,5,0,0,0,1,0,0,0,0,0,0,0,5,0,4,0,0,0,0,0,0,0,6,4,0,0,0,0,0,0,0,0,1,0,0,0,2,0,1,0,0,0,0,0,0,0,0,0,8,0,0,1,1,0,0,0,26,0,0,0,0,0,5,0,1,0,2,0,0,885,0,1,0,0,0,0,0,0,0,0,0,0,0,0,0,0,3,7,1,0,0,0,42,1087,0,0,2,13,4,0,0,0,17,0,0,0,0,0,0,0,1,0,0,4,0,0,0,3,0,0,0,0,0,0,0,27,0,0,2,0,0,0,0,0
10,0,0,0,156,0,1,0,0,0,2,0,1,60,27,0,53,1,0,0,0,1,0,0,0,0,0,2,0,0,17,0,0,0,49,1,0,0,0,0,0,84,1,28,0,0,0,0,3,0,1,1,0,3,0,0,0,0,6,2,0,2,3,0,0,0,1,21,0,0,0,1,0,0,2,0,0,0,0,0,2,1,0,0,0,0,0,4,0,0,0,0,0,0,0,1,1,0,0,0,0,6,0,0,0,0,0,1,0,1,0,0,2,2,2,0,0,0,0,0,0,0,1,0,1,76,1,0,0,0,3,0,2,0,1,11,0,5,0,5,0,0,4,1,92,0,0,3,0,2,380,0,1,1,4,0,1,0,0,1,0,0,1,0,30,0,0,0,1,1,0,0,0
0,0,0,0,2,0,1790,0,3,0,10,0,14,0,0,0,1,0,0,0,0,0,0,0,0,0,0,0,0,1,0,0,0,10,0,1,0,5,6,362,1,0,0,0,0,0,2,0,0,0,0,0,0,0,0,1,1,0,9,5,0,0,60,0,0,7,0,1,1,4,0,0,0,0,0,2294,0,0,0,0,1,0,0,0,0,0,0,0,2,0,71,3587,0,0,0,2,10,36,0,0,0,0,0,4,0,1742,0,0,3,0,0,0,0,1,1,0,1,2,0,0,0,0,5,0,0,0,19,2,0,0,0,2,35,0,2,0,9,0,0,0,1,27,0,0,0,0,0,0,0,0,0,0,2,0,1,0,0,0,0,0,0,0,0,0,0,0,11,9,1,0,0,0,0
13,0,1,3,1,1,17,1,1,8,4,0,1,18,12,0,19,1,1,41,4,0,0,5,0,4,1,0,2,0,7,1,7,0,35,3,1,0,0,1,1,0,1,26,0,0,3,1,4,2,0,4,1,2,3,119,0,0,216,6,0,1,3,3,0,1,5,0,16,0,3,2,4,3,0,2,0,0,0,2,8,0,2,6,1,7,0,6,1,1,3,1,10,2,0,4,413,0,0,2,1,21,2,0,0,5,0,2,3,19,2,0,1,16,3,10,5,374,1,4,0,5,2,0,19,29,16,3,0,3,0,0,8,0,238,2,0,4,0,0,0,0,10,13,16,0,16,0,2,0,8,10,5,0,4,0,1,8,1,0,1,0,3,2,16,6,0,9,4,1,4,4,3
1,3,0,3,9,17,0,0,0,271,0,4,0,1,0,64,26,49,1,9,0,6,69,0,40,7,12,0,6,0,154,0,147,0,0,15,14,0,0,0,53,3,0,23,135,185,161,84,28,0,53,0,1,0,43,0,17,1,0,0,74,0,2,1,45,1,88,4,217,0,26,0,0,4,0,0,0,0,236,122,0,54,13,69,44,47,3,0,6,2,0,0,65,6,201,4,1,0,1,0,132,1,13,0,18,0,2,216,0,19,0,1,18,0,0,116,64,11,35,11,98,54,0,21,17,0,0,0,2,25,0,0,0,9,0,0,0,0,0,171,0,0,0,33,0,2,49,51,54,0,0,205,71,17,1,0,0,21,28,25,23,0,98,4,0,0,0,0,204,13,0,21,17
0,6,0,4,60,13,1,3,1,301,5,11,0,2,4,9,168,10,2,53,2,2,109,2,22,4,19,2,24,0,188,3,218,4,0,195,87,0,0,1,250,4,1,49,137,193,443,171,70,22,226,0,1,0,90,79,43,3,0,0,92,1,5,10,66,3,98,12,235,0,55,1,3,5,1,0,23,0,239,125,5,70,9,75,53,121,10,0,5,66,35,0,101,11,27,9,5,1,11,6,53,1,12,2,10,0,6,222,0,20,0,5,35,13,4,98,161,104,129,16,90,29,3,33,75,0,1,3,28,23,0,7,0,117,9,1,0,0,0,351,1,1,7,98,0,0,115,22,23,0,1,140,336,10,4,0,0,16,50,8,175,2,299,7,0,0,1,0,23,38,3,263,30
0,0,0,0,0,0,2,0,0,16,0,0,0,0,0,130,5,5,0,0,0,1,16,0,1,0,7,0,4,1,30,0,0,0,0,164,16,0,0,0,2,1,0,0,103,18,2,474,1,3,6,0,0,0,2,0,15,3,0,0,314,0,0,0,236,0,1,33,31,0,13,0,0,0,0,0,1,0,33,85,3,584,0,709,430,618,0,0,73,251,1,0,879,0,8,0,1,0,0,0,68,0,0,0,0,0,0,97,0,3,0,0,125,30,0,30,403,2,0,0,73,6,0,0,120,0,0,0,3,0,0,0,0,0,0,0,0,0,0,127,0,0,0,376,0,0,0,2,1,0,0,54,4,0,1,0,0,3,4,0,2,0,10,1,0,0,0,0,73,0,0,0,0
0,0,0,0,0,0,0,20,0,1,0,0,0,0,0,0,0,3,0,0,0,0,0,0,0,0,0,8,0,0,0,0,0,0,38,3,0,0,0,0,0,0,0,3,0,0,0,0,83,0,0,104,0,4,1,0,0,0,0,0,0,0,0,0,0,0,0,0,0,0,0,143,0,0,0,0,0,2,0,0,0,0,0,0,0,0,0,29,0,0,0,0,0,0,0,3,1,0,0,0,0,36,0,0,0,0,0,0,0,12,4,0,3,0,0,1,0,1,0,0,0,0,0,0,3,1,0,0,0,0,409,0,1,0,0,4,0,0,0,0,0,0,0,0,0,0,0,0,0,2,1,0,0,0,0,0,239,0,0,0,0,9,0,0,0,0,0,8,0,0,1,0,0
1,0,0,0,119,0,2,7,19,0,18,0,10,714,94,0,334,0,0,1,0,0,0,0,0,1,0,2,0,0,20,0,0,0,389,2,0,0,0,2,0,13,0,10,0,0,0,0,1,0,2,4,0,13,0,0,0,0,32,1,0,8,11,0,0,1,0,1,0,4,0,4,45,0,0,1,1,1,0,0,0,0,0,0,0,0,0,30,2,1,0,1,0,2,0,6,13,0,0,0,0,21,0,0,0,8,0,0,1,11,6,1,0,0,20,1,0,0,0,0,0,0,5,0,0,953,7,1,0,0,5,0,16,0,2,20,0,22,0,1,0,0,1,0,670,0,1,0,0,48,188,0,3,0,0,0,12,1,0,0,0,0,0,0,47,0,0,3,0,0,0,0,0
6,0,0,0,23,0,6,6,1203,0,4,0,1158,2,63,0,3,0,0,0,1,0,0,94,0,0,0,2,3,4,0,11,1,1359,4,1,24,971,1264,972,0,0,0,3,0,0,0,0,2,1,0,4,0,10,0,7,1,0,5,27,0,12,173,4,0,375,0,1,0,873,0,12,0,0,0,14,4,8,0,0,23,0,0,0,0,1,0,37,0,5,26,15,0,4,0,16,15,112,0,0,1,18,0,1611,0,21,0,0,30,0,1,4,0,4,3,0,0,1,0,0,0,0,4,0,3,3,188,53,0,0,55,235,41,3,10,20,665,2,205,0,105,994,255,0,0,0,0,0,0,2,0,0,0,0,0,0,16,0,0,8,0,2,0,0,8,4,487,2,0,0,91,0,0
2,137,28,15,4,233,1,0,0,73,25,11,0,6,1,1,0,1,70,11,17,492,397,5,4,546,147,0,0,6,3,7,13,0,0,0,1,8,0,0,23,34,24,16,2,21,21,113,73,3,96,0,14,0,3,21,5,15,1,28,5,0,6,12,10,0,0,468,2,0,490,0,5,11,7,0,3,0,1,3,12,1,2,4,0,2,1,0,74,184,3,0,2,1,0,4,1,0,27,59,7,0,4,0,67,0,10,1,4,0,0,412,68,56,70,2,15,0,2,0,2,1,10,90,32,0,1,16,14,3,0,0,0,2,2,0,0,0,0,11,1,0,1,133,0,40,7,28,0,0,0,0,3,1,201,23,0,2,96,5,8,0,0,0,0,17,14,0,0,2,0,0,4
2,1,0,0,2,1,4,0,0,1,5,0,0,3,12,0,0,0,0,1,2,0,0,173,0,6,2,0,38,10,1,533,4,0,0,0,113,11,1,1,5,0,0,10,3,1,7,2,14,93,10,0,0,0,0,30,118,0,1,237,1,0,8,255,9,6,0,0,1,0,3,0,1,3,1,5,152,0,0,0,208,2,0,0,0,2,0,0,2,8,216,0,1,2,2,19,2,8,0,1,3,0,0,0,1,0,0,1,2,0,0,12,4,0,45,3,1,0,0,0,4,0,548,1,0,0,0,41,42,9,0,6,0,2,55,2,14,1,0,9,14,0,1,1,0,0,0,0,0,0,1,0,2,0,6,0,0,0,1,0,5,0,3,1,0,576,10,0,1,0,3,4,0
0,3,1,1,12,7,2,0,2,6,3,1,0,110,38,0,0,1,2,10,1,3,4,23,0,9,4,1,469,5,3,495,6,3,1,0,249,3,15,20,21,3,2,37,1,1,19,3,86,650,9,1,0,1,5,216,181,1,3,157,4,0,10,797,0,69,2,8,4,4,22,3,4,90,0,3,811,1,7,4,202,0,0,1,3,5,0,0,2,8,390,0,0,1,7,37,16,12,1,3,2,0,3,1,1,0,3,6,8,0,0,33,2,3,36,1,8,3,0,2,1,2,237,2,4,0,0,13,342,3,1,88,0,17,359,1,37,0,41,4,224,0,11,7,0,0,5,3,0,0,0,0,0,0,4,0,0,0,0,1,5,3,164,0,0,135,23,0,1,0,43,3,0
0,1,0,0,0,0,2,0,0,0,3,0,0,0,50,0,0,0,0,10,1,0,0,3,0,0,0,0,205,2,0,59,0,6,0,0,5,0,1,1,0,2,0,0,1,0,1,1,2,294,1,0,0,0,0,9,155,0,0,0,0,0,1,33,0,31,1,1,1,0,6,0,0,0,0,1,150,0,2,2,29,1,0,1,0,5,0,0,0,2,28,0,1,2,1,1,1,2,0,1,0,0,0,4,0,0,0,0,1,1,0,7,0,3,0,7,6,0,0,0,0,0,9,0,1,0,0,1,65,2,0,6,0,1,31,0,11,0,2,0,7,0,16,4,0,0,0,0,0,0,0,1,0,0,3,0,0,0,0,0,1,0,4,0,0,19,1,0,0,0,0,0,1
1,213,14,11,2,171,0,0,0,6,0,5,0,0,0,0,0,0,91,45,27,125,10,0,169,84,14,0,0,0,1,0,40,0,0,0,1,0,0,0,3,3,13,0,0,6,11,0,6,0,1,0,2,0,1,0,2,16,0,0,1,0,0,0,0,0,10,0,2,0,16,0,1,38,12,0,0,0,1,1,0,0,13,0,0,0,4,0,3,0,0,0,0,0,0,0,0,0,3,43,3,0,1,0,137,0,29,0,0,0,0,26,11,0,13,0,0,0,2,2,0,3,0,2,0,0,0,0,0,21,0,0,0,0,0,0,0,0,0,0,0,0,0,1,0,26,6,270,9,0,0,2,0,1,24,3,0,4,37,238,1,0,0,2,0,0,1,0,0,11,0,0,8
0,1,1,8,0,8,0,0,0,0,0,3,0,0,0,0,0,0,2,0,228,1,134,0,2,2,186,0,0,0,0,0,3,0,0,0,0,0,0,0,0,5,1,0,0,2,0,3,4,0,0,0,6,0,1,0,0,14,0,0,3,0,0,0,0,0,0,0,0,0,0,0,0,1,2,0,0,0,0,0,0,0,0,0,0,0,1,0,1,0,0,0,0,0,0,0,0,0,1,9,2,0,0,0,5,0,4,0,0,0,0,2,0,0,0,0,0,0,0,1,0,0,0,14,0,0,0,0,0,1,0,0,0,0,0,0,0,0,0,0,0,0,0,4,0,8,0,6,0,0,0,0,0,0,0,0,0,0,0,4,0,0,0,0,0,0,0,0,0,0,0,0,0
0,1,1,0,4,2,2,8,1,0,0,2,0,17,11,0,4,0,4,1,0,1,0,0,0,0,0,0,0,0,21,0,0,0,11,1,0,0,0,1,0,0,1,205,0,0,0,0,1,0,0,3,0,0,0,1,0,0,537,0,0,1,3,0,0,1,1,7,0,0,0,2,1,0,1,0,0,0,0,0,1,0,1,2,1,0,2,6,1,0,0,0,4,0,0,0,124,0,0,1,1,12,1,0,3,3,0,0,1,13,0,0,0,0,0,0,0,0,0,0,1,0,0,1,0,73,0,0,0,0,0,0,19,0,1,21,1,62,0,9,0,1,0,1,2,0,1,1,0,0,1,0,35,0,1,0,1,0,0,0,1,0,0,1,740,0,0,3,0,0,0,0,0
571,11,32,11,2,5,2,0,0,7,5,332,1,6,0,6,0,275,6,2,6,1,18,10,15,5,11,0,0,801,2,4,33,0,0,2,5,3,2,0,8,205,8,0,6,18,8,4,7,0,179,0,2,0,61,9,57,316,0,4,115,0,1,3,332,0,107,4,4,0,12,0,84,5,38,0,1,0,9,14,4,53,7,4,2,2,376,0,2,2,5,0,3,128,24,20,0,0,6,17,7,0,6,0,54,0,22,12,0,3,0,16,13,2,43,4,6,8,0,319,7,2,5,7,44,0,0,8,91,7,0,4,0,143,1,186,0,0,0,19,0,0,2,4,0,8,13,7,3,0,2,0,1,196,10,1,0,2,3,1,3,0,0,42,0,6,1,0,0,421,3,2,12
0,0,0,0,0,0,0,821,0,0,0,0,0,0,0,0,0,0,0,0,0,0,0,0,0,0,0,714,0,0,0,0,0,0,3,0,0,0,0,0,0,0,0,0,0,0,0,0,0,0,0,56,0,1178,0,0,0,0,0,0,0,1326,3,0,0,0,0,0,0,0,0,82,0,0,0,0,0,1045,0,0,0,0,0,0,0,0,0,2,0,0,0,0,0,0,0,0,0,0,1,0,0,22,0,0,0,0,0,0,48,3,824,0,0,0,0,0,0,0,0,0,0,0,0,0,0,1,2,0,0,0,7,5,16,0,0,6,0,0,0,0,0,0,0,0,0,0,0,0,0,1136,0,0,1,0,0,0,42,0,0,0,0,124,0,0,0,0,0,2,0,0,0,0,0
0,0,0,0,0,0,0,32,0,0,0,0,0,0,0,0,0,0,0,0,0,0,0,0,0,0,0,46,0,0,0,0,0,0,0,0,0,0,0,0,0,0,0,0,0,0,0,0,0,0,0,987,0,18,0,0,0,0,0,0,0,0,1,0,0,0,0,0,0,0,0,476,0,0,0,0,0,2,0,0,0,0,0,0,0,0,0,282,0,0,0,0,0,0,0,0,0,0,0,0,0,1,0,0,0,0,0,0,4,0,5,0,0,0,0,0,0,0,0,0,0,0,0,0,0,0,0,0,0,0,12,0,1,0,0,0,0,0,0,0,0,0,0,0,0,0,0,0,0,21,0,0,0,0,0,0,348,0,0,0,0,0,0,0,0,0,0,1,0,0,0,0,0
3,0,0,0,2,1,8,33,0,2,0,0,1,29,12,0,5,0,0,0,0,0,0,0,0,0,0,10,0,0,3,0,1,0,136,22,0,0,0,3,0,0,2,47,0,0,1,0,3,0,0,7,0,29,0,0,0,0,49,0,0,13,21,0,0,0,1,1,0,0,0,25,2,0,0,4,0,19,0,0,0,0,1,0,1,0,0,292,0,1,0,0,1,2,0,0,26,0,0,0,0,1027,0,0,0,9,0,1,3,607,2,0,0,0,3,0,0,0,0,0,0,0,0,0,1,70,8,0,0,1,58,1,33,0,4,384,0,84,0,4,0,2,0,0,2,0,3,0,0,7,5,0,41,0,1,0,200,0,0,0,1,1,0,0,26,0,0,131,0,0,0,0,0
0,0,0,0,1,0,1,1,9,0,0,0,1,0,0,0,0,0,0,0,0,0,0,0,0,0,0,6,0,0,0,0,0,17,4,0,0,20,59,6,1,0,0,1,0,0,0,0,0,0,0,0,0,8,1,0,0,0,4,0,0,26,10,0,0,0,0,0,0,1,0,0,0,0,0,0,0,31,0,0,0,0,0,0,0,0,0,3,0,0,0,0,0,0,0,19,0,1,0,0,0,22,0,1,0,2,0,0,217,3,4,0,0,0,0,0,0,0,0,0,0,0,0,0,0,0,1,2,0,0,2,66,83,0,0,15,14,15,0,0,1,20,0,0,0,0,0,0,0,1,0,0,21,0,0,0,7,0,0,0,0,1,0,0,11,0,1,0,0,0,0,0,0
0,26,2,2,4,2,0,0,0,11,1,3,0,0,0,1,2,3,4,11,0,15,23,0,2,8,6,0,0,0,14,0,23,0,0,3,0,0,0,0,6,6,1,1,2,11,29,9,16,0,15,0,7,0,6,2,1,8,0,0,0,0,0,0,4,0,4,0,8,0,8,0,0,1,4,0,0,0,24,9,0,0,1,2,4,0,2,0,1,0,0,0,0,3,0,1,0,0,0,2,6,0,1,0,20,0,0,15,0,0,0,3,2,0,4,2,3,2,4,2,1,1,0,10,0,0,0,0,0,2,0,0,0,1,0,0,0,0,0,2,0,0,0,0,0,5,6,21,1,0,0,8,7,1,7,0,0,0,6,1,6,0,0,0,0,0,1,0,0,8,0,4,5
2,62,0,1,0,8,0,0,0,57,13,1,0,0,0,1,1,14,3,13,13,6,5,1,9,26,2,0,0,5,20,1,31,0,0,89,3,0,0,0,42,1,0,1,12,11,85,5,5,4,17,0,0,0,16,4,26,2,0,1,12,0,3,2,10,0,2,2,31,0,213,0,0,0,2,0,1,0,481,213,0,5,1,37,33,21,4,0,5,19,6,0,35,8,12,2,9,0,0,0,19,0,1,0,4,0,0,235,0,0,0,24,22,0,1,25,32,2,2,9,2,4,2,0,6,0,0,0,4,4,0,0,0,1,0,0,0,0,0,12,0,0,0,1,0,0,11,48,2,0,0,44,5,9,8,1,0,0,16,3,4,0,8,2,0,3,0,0,52,20,0,14,3
2,0,0,0,28,0,1,3,3,2,16,0,0,31,0,0,0,1,1,0,0,1,0,20,0,5,1,1,1,80,0,9,0,7,0,1,1,55,33,3,1,1,0,64,0,0,6,0,14,1,23,0,0,3,1,9,8,0,5,10,0,2,5,5,0,1,0,3,2,0,9,3,44,1,1,0,1,1,3,1,1,0,0,1,0,1,0,1,3,4,19,0,0,1,1,622,17,42,0,0,0,0,5,0,0,0,0,1,185,0,0,8,0,1,6,0,0,2,0,0,0,0,0,0,2,1,7,190,0,0,2,71,71,0,1,0,12,4,7,1,5,7,1,0,0,0,0,1,0,0,0,0,4,1,0,0,0,0,0,1,0,2,1,0,19,45,10,1,0,2,19,0,0
5,23,8,0,1,3,0,0,0,1,430,5,0,0,0,2,0,0,4,0,378,14,106,1,0,19,101,0,0,17,2,0,1,0,0,0,0,0,0,0,5,87,4,0,0,1,12,43,16,0,80,0,20,0,0,0,2,63,0,196,1,0,3,0,19,0,0,34,1,0,55,0,1,0,2,0,1,0,1,0,10,7,0,1,1,0,6,0,337,3,3,0,0,1,0,2,0,0,0,2,1,0,0,0,1,0,0,0,0,0,0,304,11,0,4,0,2,0,1,2,0,0,8,10,0,0,2,9,6,1,0,0,0,1,0,1,0,0,0,4,0,0,0,2,0,7,2,0,0,0,0,0,0,0,15,362,0,0,14,1,0,0,0,0,0,3,0,0,0,7,0,1,0
0,0,0,0,0,2,0,0,0,12,1,0,0,0,2,11,0,128,0,2,0,0,0,1,4,0,0,0,0,0,5,0,0,0,1,66,0,0,0,0,2,0,2,0,2,0,0,20,20,0,1,0,0,0,1,1,2,0,0,1,4,0,0,1,1,0,0,1,4,0,14,0,0,0,0,0,0,0,16,8,1,0,0,28,45,33,0,0,3,14,0,0,69,12,8,0,1,0,0,0,3,0,0,0,0,0,0,12,0,0,0,0,27,442,0,173,27,0,0,7,0,0,1,0,163,1,0,0,1,0,1,0,0,0,1,0,0,0,0,2,1,0,0,7,0,0,0,2,0,0,0,56,0,15,0,0,0,0,3,0,0,0,5,0,0,0,0,0,113,0,0,2,1
1,0,0,0,2,0,0,272,0,0,0,0,0,1,0,0,0,0,0,0,0,0,0,0,0,0,0,361,0,0,2,0,0,0,7,2,0,2,0,1,0,0,0,1,0,0,1,0,0,0,0,24,0,260,0,0,0,0,0,0,0,546,13,0,0,0,0,0,1,0,0,32,0,0,0,0,0,422,0,0,0,0,0,0,0,0,0,5,0,18,0,0,0,0,0,150,2,0,46,0,0,22,2,0,0,1,0,0,14,2,393,0,0,0,0,0,0,2,0,0,0,0,0,0,25,0,0,0,0,0,5,14,10,1,0,2,0,1,0,0,0,0,0,0,0,0,0,0,0,188,1,0,1,0,0,0,61,0,0,0,0,845,0,0,1,0,0,4,0,0,0,0,0
0,0,0,0,0,0,0,7,0,0,0,0,0,0,0,0,0,0,0,0,0,0,0,0,0,0,0,7,0,0,0,0,0,0,0,3,0,0,0,0,0,0,0,0,0,0,0,1,0,0,0,35,0,1,0,0,0,0,0,0,0,0,0,1,0,0,0,0,0,0,0,24,0,0,0,0,1,0,0,0,0,0,0,0,0,0,0,9,0,0,0,0,0,0,0,5,0,0,0,0,0,0,0,0,0,0,0,0,0,0,1,0,0,1,0,0,0,0,0,0,0,0,0,0,0,0,0,0,0,0,5,0,1,0,0,0,0,0,0,0,0,0,0,0,0,0,0,0,0,1,0,0,0,0,0,0,41,0,0,0,0,5,0,0,0,0,0,0,0,0,1,0,0
