0.87568,0.23348,0.40028,0.36937,0.20957,0.27831,0.94298,0.50906,0.82505,0.31339,0.57022,0.50069,0.87261,0.56412,0.4758,0.36757,0.49807,0.38012,0.53702,0.40443,0.47286,0.47539,0.28518,0.50651,0.25145,0.49307,0.20682,0.46009,0.58451,0.80264,0.21398,0.45269,0.19651,0.81823,0.51124,0.32732,0.36188,0.59496,0.76452,0.66863,0.42152,0.25538,0.30834,0.29926,0.45514,0.19418,0.35683,0.47677,0.17593,0.57854,0.24725,0.70991,0.54383,0.75727,0.59929,0.19041,0.20051,0.50963,0.53812,0.27958,0.34988,0.68548,0.19497,0.62798,0.38783,0.55456,0.34593,0.73175,0.33161,0.79296,0.488,0.33696,0.53968,0.19456,0.65315,0.97402,0.65407,0.61055,0.38717,0.32816,0.29701,0.70701,0.34563,0.66822,0.57965,0.66259,0.44824,0.34746,0.39933,0.37003,0.36398,0.98941,0.70041,0.65119,0.5528,0.4696,0.51907,0.79348,0.49385,0.23207,0.34808,0.7044,0.45432,0.9131,0.18601,0.9635,0.2878,0.24,0.63716,0.70351,0.62838,0.44221,0.30756,0.53652,0.16667,0.22928,0.52162,0.73606,0.38259,0.59078,0.496,0.53018,0.59532,0.41908,0.24196,0.78839,0.55353,0.50767,0.45966,0.38824,0.63504,0.33291,0.66244,0.37871,0.4855,0.40886,0.52653,0.57636,0.78151,0.42512,0.354,0.69149,0.5962,0.47826,0.83903,0.31927,0.37616,0.36165,0.3854,0.8111,0.61812,0.23243,0.43243,0.54746,0.59655,0.84026,0.34149,0.60146,0.24066,0.46667,0.32817,0.58333,0.40959,0.55744,0.69859,0.71243,0.69668,0.93764,0.61383,0.15808,0.44554,0.61033,0.54603
0.53916
0,35,285,153,0,42,0,0,0,0,0,64,0,0,0,1,0,4,99,20,1,2,3,0,173,11,8,0,0,0,0,0,9,0,0,0,1,0,0,0,1,12,255,0,0,5,1,0,3,0,1,0,178,0,3,0,0,22,0,0,2,0,0,0,1,1,25,0,0,0,0,0,14,82,467,0,0,0,0,0,0,0,102,0,0,0,23,0,0,0,0,0,0,4,0,0,0,0,77,220,0,0,13,0,30,0,158,0,0,0,0,0,7,0,16,0,0,0,1,19,0,2,0,41,2,0,0,0,0,22,0,0,0,0,0,0,0,0,0,0,0,0,0,0,0,227,20,6,2,0,0,0,0,16,2,0,0,28,12,12,0,0,0,14,0,0,0,0,0,1,0,0,3
0,1,9,59,1,12,0,0,0,11,0,5,0,0,0,6,0,3,0,2,0,0,0,0,18,0,5,0,0,0,87,0,137,0,0,1,1,0,0,0,3,0,58,0,26,112,6,2,0,0,0,0,1,0,1,0,1,0,0,4,5,0,0,0,0,0,10,0,22,0,0,0,0,51,1,0,1,0,3,0,0,3,356,0,1,1,0,0,0,0,1,0,12,1,0,1,0,0,19,5,74,1,373,0,5,0,9,50,0,23,0,0,7,0,0,14,0,0,2,1,26,527,0,21,0,0,0,0,0,297,0,0,0,0,0,0,0,0,0,1,0,0,0,9,0,1,366,14,190,0,0,9,1,0,0,0,0,412,3,0,5,0,20,296,0,0,0,0,0,2,0,1,172
1,35,34,40,27,36,2,1,1,9,3,14,11,0,0,0,2,1,35,125,1,10,52,0,54,14,24,0,1,0,16,0,86,0,1,34,8,14,1,8,4,2,107,3,2,68,53,1,31,1,26,0,32,1,4,10,5,36,8,2,0,1,3,0,2,0,23,2,3,1,1,1,2,99,5,3,1,0,3,0,0,0,142,0,1,1,5,0,0,1,9,0,0,2,0,7,2,1,38,121,3,0,25,0,110,2,132,0,0,3,3,2,14,1,10,8,5,2,25,2,0,12,3,99,2,0,9,0,0,42,1,1,7,20,0,1,0,0,1,2,0,12,1,3,1,61,46,91,31,0,0,19,13,6,1,0,0,38,2,11,9,0,1,23,1,1,0,3,0,28,0,7,22
0,149,143,45,0,103,0,0,0,0,0,16,0,0,0,0,0,0,486,10,57,27,27,0,35,29,46,0,0,3,0,0,1,0,0,0,1,0,0,0,2,182,60,0,0,0,0,0,5,0,3,0,366,0,0,0,1,110,1,0,2,0,1,0,0,0,6,1,3,0,16,0,6,16,83,0,0,0,0,0,0,0,10,0,0,0,26,0,69,0,0,0,0,2,0,0,0,0,21,190,0,0,0,0,36,0,48,0,0,0,0,7,7,0,36,1,0,0,0,3,0,0,0,20,0,0,0,0,3,12,0,0,0,2,0,0,0,0,0,0,0,0,0,0,0,225,1,17,0,0,0,1,0,5,16,4,0,0,116,18,0,0,0,0,0,0,0,0,0,0,0,0,0
0,7,29,72,0,26,0,0,0,0,0,1,0,0,0,0,0,0,8,1,1,2,0,0,24,3,1,0,0,0,3,0,4,0,0,0,1,0,0,0,0,0,45,0,0,1,0,0,0,0,0,0,1,0,0,0,0,0,0,0,0,0,0,0,0,0,4,0,0,0,0,0,0,115,1,0,0,0,0,0,0,0,60,0,0,0,0,0,0,0,0,0,0,3,0,2,0,0,5,41,1,0,16,0,14,0,31,1,0,0,0,1,0,0,2,0,0,0,0,0,1,13,0,1,0,0,0,0,0,74,0,0,0,0,0,0,0,0,0,0,0,0,0,0,0,15,18,15,5,0,0,0,0,2,0,0,0,41,0,1,0,0,0,11,0,0,0,0,0,0,0,0,5
1,116,19,14,115,82,1,0,0,14,11,14,0,0,0,0,16,1,36,292,23,83,141,0,28,125,15,0,1,1,14,10,63,0,0,7,17,3,0,2,24,14,14,9,0,36,306,3,113,7,124,0,8,0,20,33,19,22,25,1,2,0,4,13,5,0,36,6,13,0,29,0,7,28,6,0,3,0,10,1,2,0,14,0,3,1,7,0,7,3,24,0,1,9,0,6,1,3,5,64,2,0,7,0,124,0,42,3,3,1,0,21,37,0,4,4,2,5,120,11,1,5,3,22,3,0,1,4,1,28,0,1,0,19,2,1,0,0,1,5,0,0,0,8,0,41,39,67,4,0,0,28,103,7,18,2,0,4,22,15,73,0,7,7,0,7,1,0,0,46,0,37,11
0,2,90,287,0,4,0,0,0,0,0,18,0,0,0,0,3,0,0,0,1,0,5,0,5,0,176,0,0,0,2,0,31,0,0,0,0,0,0,0,0,1,192,0,10,41,1,7,2,0,3,0,13,0,0,0,0,5,1,0,18,0,0,0,1,0,7,0,0,0,0,0,0,20,4,0,0,0,0,0,0,0,158,2,0,0,2,0,0,0,0,0,0,1,0,0,0,0,321,96,10,0,24,0,2,0,40,0,0,0,0,0,179,0,0,0,0,0,0,1,17,5,0,435,0,0,0,0,0,15,0,0,0,0,0,0,0,0,0,0,0,0,0,14,0,26,27,2,2,0,0,0,1,1,0,0,0,16,0,0,3,0,0,34,0,0,0,0,0,0,0,0,6
0,2,0,1,3,1,1,0,0,0,0,0,0,1,4,0,0,0,3,1,0,1,1,0,0,0,1,0,0,0,7,0,0,0,4,0,0,0,0,0,0,1,2,42,0,0,1,0,0,0,0,2,0,1,0,1,0,0,2,3,0,0,1,0,2,0,0,2,0,0,1,0,0,0,5,0,0,0,0,0,0,0,0,0,1,2,3,0,2,0,0,0,0,0,0,0,0,1,0,0,0,0,0,0,0,0,0,0,0,1,0,2,0,0,12,1,0,0,0,0,0,0,0,2,0,0,0,0,0,0,0,0,1,1,0,9,0,24,0,9,0,0,0,0,0,1,0,0,0,0,2,0,11,0,1,0,0,0,1,0,0,1,0,0,110,0,0,0,0,0,0,0,0
1,0,0,0,35,0,11,2,65,0,27,0,109,7,344,0,2,3,0,4,3,0,0,389,0,2,0,4,11,10,0,7,0,283,2,1,196,331,257,56,0,0,0,5,0,0,1,0,45,9,3,4,0,0,0,19,6,0,0,13,0,3,1,9,0,187,1,0,0,202,9,12,3,0,0,10,14,2,0,0,248,0,0,0,1,1,0,1,2,5,32,14,0,53,1,24,49,803,0,0,29,3,1,111,0,5,0,0,8,0,1,8,0,61,39,0,0,4,0,1,0,0,8,0,8,8,13,430,8,0,21,247,17,2,3,5,367,1,1327,0,177,278,502,0,0,0,0,0,0,0,7,0,1,0,0,0,1,0,0,113,0,3,7,0,1,4,124,1,0,0,315,0,0
0,0,0,0,0,0,0,63,0,0,0,0,0,0,0,0,0,0,0,0,0,0,0,0,0,0,0,11,0,0,0,0,0,0,3,0,0,0,0,0,0,0,0,0,0,0,0,0,0,0,0,156,0,14,0,0,0,0,0,0,0,0,0,0,0,0,0,0,0,0,0,233,0,0,0,0,0,5,0,0,0,0,0,0,0,0,0,22,0,0,0,0,0,0,0,0,0,0,0,0,0,15,0,0,0,0,0,0,0,6,1,0,0,0,0,0,0,0,0,0,0,0,0,0,0,1,0,0,0,0,47,0,0,0,0,1,0,0,0,0,0,0,0,0,0,0,0,0,0,4,0,0,0,0,0,0,239,0,0,0,0,1,0,0,0,0,0,0,0,0,0,0,0
0,0,0,0,5,3,19,8,2,2,1,0,2,7,7,0,15,0,0,1,0,0,0,0,0,0,0,1,0,0,1,0,0,1,51,13,0,0,0,2,0,0,0,126,0,0,0,0,49,0,1,2,0,4,1,0,0,0,22,1,0,4,4,0,0,0,0,2,9,0,0,30,0,0,37,5,0,4,1,0,0,0,1,0,0,0,0,93,0,0,0,1,2,0,0,2,9,1,0,0,0,76,0,0,0,2,0,0,2,70,0,0,1,0,3,2,2,2,0,0,0,0,4,0,0,8,1,0,0,0,32,1,19,0,2,210,1,61,0,4,0,0,0,0,2,0,1,0,1,0,12,3,20,0,0,0,24,0,0,6,5,0,0,0,15,0,0,0,0,0,2,0,0
0,0,0,0,50,0,1,1,115,5,7,0,1,37,6,0,4,0,1,3,1,0,0,1,0,2,0,0,1,0,7,11,3,5,5,1,0,14,23,3,6,0,1,85,2,2,17,5,24,1,7,0,0,3,0,20,2,0,4,11,0,12,6,12,0,7,0,2,5,5,16,4,1,0,0,1,1,5,1,1,30,0,0,7,1,3,0,0,0,16,4,2,4,3,0,120,8,20,2,0,2,13,79,2,0,4,0,0,4,7,1,1,2,1,81,1,2,0,1,0,1,0,5,0,0,0,1,30,0,1,3,15,95,1,4,113,12,434,49,8,5,32,0,2,0,0,12,1,0,0,2,2,54,0,0,0,0,0,0,6,11,1,0,0,23,3,5,0,0,0,26,0,4
3,0,0,0,60,0,0,1,1,2,62,1,2,197,1,0,0,0,0,13,0,0,0,29,0,1,0,2,2,5,0,12,3,1,0,0,1,0,0,0,0,0,1,5,1,3,3,2,36,2,0,0,0,0,5,147,15,0,1,3,5,0,2,51,0,1,11,2,6,0,7,0,96,9,0,0,13,0,8,7,3,1,0,1,2,2,0,2,0,28,2,0,2,5,1,15,57,1,1,0,1,1,8,2,0,0,0,4,3,0,0,4,0,123,0,2,7,4,0,1,0,0,0,0,3,0,0,6,4,1,37,9,0,306,5,1,9,0,19,5,13,0,6,1,0,0,0,0,0,0,2,2,0,2,0,0,0,0,0,1,1,0,6,0,0,4,2,0,0,1,218,0,0
0,5,6,12,3,53,0,0,0,73,0,25,0,1,0,136,0,153,6,27,3,6,14,0,68,0,26,0,1,0,132,0,227,0,0,1,4,0,0,0,3,1,22,2,55,187,61,18,5,1,10,0,3,0,51,0,1,5,5,1,18,0,0,0,8,0,145,2,66,0,2,0,3,63,2,0,0,0,18,2,1,4,111,5,2,1,1,0,0,0,1,0,6,12,4,2,0,0,19,17,120,2,163,0,22,0,9,37,0,18,0,0,13,4,0,39,4,1,20,37,30,280,0,60,3,0,0,0,0,116,0,0,0,1,0,1,0,0,0,6,0,0,0,7,0,3,186,78,130,0,0,85,22,57,0,0,0,107,14,26,36,0,56,59,0,0,0,0,4,21,0,6,39
0,71,6,0,0,44,0,0,0,0,5,3,0,0,0,0,0,0,20,8,10,247,14,0,2,207,6,0,0,0,0,0,0,0,0,0,0,0,0,0,0,5,1,0,0,0,1,0,4,0,1,0,4,0,0,0,0,6,2,0,0,0,0,1,0,0,0,14,1,0,9,0,1,2,1,2,0,0,0,0,0,0,0,0,0,0,0,0,38,2,0,0,0,0,0,0,0,0,0,10,0,0,0,0,30,0,0,0,0,0,0,23,4,0,10,0,0,0,1,0,0,0,0,0,0,0,0,0,0,0,0,0,0,1,0,0,0,0,0,0,0,0,0,0,0,5,0,3,0,0,0,1,0,0,36,3,0,0,81,1,0,0,0,0,0,0,0,0,0,0,0,2,0
1,0,0,1,1,2,0,0,0,0,4,0,0,0,2,0,0,0,0,1,0,0,1,0,1,2,0,0,11,1,2,10,1,0,1,3,3,0,0,1,32,1,0,0,0,1,19,1,1,50,2,0,0,0,2,2,45,0,0,24,1,0,1,43,0,1,0,0,2,0,0,0,0,0,0,0,73,0,4,0,96,0,0,1,0,1,0,0,2,0,125,0,1,0,1,2,0,2,0,1,0,0,0,0,0,1,0,4,0,0,0,1,0,0,3,1,2,3,3,1,2,1,25,0,0,0,0,0,26,1,0,1,0,1,31,0,0,0,0,0,3,0,1,0,0,0,2,0,0,0,0,0,0,0,1,0,0,0,0,0,6,0,0,0,0,0,0,0,0,2,0,7,2
3,0,0,0,0,0,3,0,3,0,8,0,12,0,1,0,1,0,0,2,1,0,0,0,0,5,0,2,0,0,0,0,0,4,0,0,0,7,2,23,4,0,0,0,0,0,1,0,0,0,1,0,0,2,0,0,1,0,3,97,0,0,9,0,0,26,0,1,0,22,0,2,0,0,0,5,0,0,0,0,1,0,0,0,1,0,0,5,10,0,22,1,1,0,0,3,1,2,0,0,0,0,0,2,0,5,0,0,13,0,0,0,0,1,68,0,1,0,0,1,0,0,67,0,0,0,243,3,0,0,0,5,18,0,2,5,19,0,1,0,1,41,0,0,1,0,0,0,0,0,1,1,0,0,2,37,1,0,0,0,0,0,0,0,4,0,1,421,0,0,0,0,0
50,4,8,2,4,7,0,1,1,24,0,156,1,0,0,16,3,436,0,12,3,2,5,1,14,9,4,0,0,47,16,0,53,0,0,14,0,0,1,1,8,72,0,1,6,15,24,6,4,1,9,0,0,0,510,11,18,34,1,0,40,0,1,4,51,0,302,3,18,0,5,0,374,1,8,0,0,0,27,3,0,11,3,0,3,0,408,1,1,0,9,0,0,519,356,0,0,0,1,10,14,0,5,0,8,0,2,9,0,44,0,11,2,0,7,108,7,4,13,628,0,7,0,4,16,0,0,0,6,16,0,0,0,171,0,23,1,0,0,12,0,0,0,2,0,1,18,3,6,0,0,19,25,398,3,0,0,1,0,0,7,1,0,1,0,0,0,0,1,41,0,4,5
0,0,0,17,0,0,0,0,0,26,0,0,0,0,0,9,1,1,0,0,0,0,11,0,0,0,22,0,0,0,63,0,43,0,0,5,4,0,0,0,1,0,2,0,416,100,8,79,1,0,0,0,0,0,4,0,3,0,0,0,70,0,0,0,11,0,2,1,46,0,0,0,0,1,0,0,0,0,23,7,0,38,10,90,13,29,0,0,0,1,0,0,26,0,0,0,0,0,12,0,299,0,28,0,2,0,0,98,0,2,0,0,6,0,0,0,52,1,0,1,310,15,0,74,1,0,0,0,0,5,0,0,0,0,0,0,0,0,0,30,0,0,0,95,0,0,9,4,12,0,0,7,3,0,0,0,0,7,1,0,2,0,9,12,0,0,0,0,0,0,0,0,1
0,0,0,0,0,0,2,1,3,0,0,0,0,0,0,0,2,0,0,0,0,0,0,0,0,0,0,1,0,0,0,0,0,4,1,0,0,9,11,5,0,0,0,3,0,0,0,0,0,0,0,4,0,3,0,0,0,0,1,0,0,7,1,0,0,2,0,0,0,0,0,0,0,0,0,2,0,2,0,0,0,0,0,0,0,0,0,9,0,0,1,1,0,0,0,17,0,0,0,0,0,5,0,2,0,3,0,0,1015,0,0,0,0,0,2,0,0,0,0,0,0,0,2,0,0,1,1,0,0,0,0,29,993,0,0,1,5,7,0,0,0,16,0,0,0,0,0,0,0,0,0,0,1,0,0,0,3,0,0,0,0,1,0,0,20,0,0,2,0,0,0,0,0
10,0,0,0,162,0,1,0,1,1,6,0,0,52,35,0,61,1,0,0,0,0,0,0,0,0,0,0,0,1,21,0,0,0,53,2,0,0,0,0,1,89,1,24,0,1,0,0,14,0,0,1,0,2,1,0,0,0,1,0,0,0,1,0,2,0,0,27,2,0,1,3,1,0,1,0,1,0,0,0,4,0,0,0,0,0,1,5,0,0,0,0,0,0,0,2,1,0,0,0,0,3,0,0,0,0,0,0,0,0,0,0,1,1,2,0,0,0,0,0,0,0,1,0,0,63,0,0,0,0,2,0,2,0,0,12,0,2,0,2,0,0,3,0,89,0,0,4,0,4,382,0,0,0,0,0,1,0,0,1,1,0,1,0,21,0,0,0,0,0,0,0,0
0,0,0,0,2,0,1753,0,4,0,9,0,19,0,0,0,2,0,0,0,0,0,0,0,0,1,0,0,0,0,0,0,0,9,0,1,0,7,8,359,1,0,0,1,0,0,2,0,0,0,0,0,0,0,0,1,1,0,6,8,0,0,31,0,0,11,0,1,1,5,0,0,0,0,0,2362,0,0,0,0,2,0,0,0,0,0,0,0,0,0,58,3551,0,0,1,1,1,16,0,0,0,0,0,8,0,1795,0,0,4,0,0,0,0,2,13,0,1,2,0,0,0,0,2,0,0,0,10,2,0,0,0,2,48,0,3,0,2,1,0,0,0,28,0,0,0,0,0,0,0,0,0,0,0,0,1,2,0,0,0,0,0,0,0,0,0,0,9,9,1,0,0,0,0
6,2,3,1,1,1,23,2,0,6,6,1,0,21,9,1,18,1,0,38,4,0,2,3,1,4,0,0,2,0,6,2,7,0,34,3,0,0,0,0,6,0,2,63,0,2,3,2,7,3,0,4,0,1,3,121,2,0,207,4,0,1,2,2,1,0,3,1,11,0,4,0,3,2,1,1,0,0,1,5,7,0,1,6,3,14,0,7,1,2,1,1,8,6,2,2,381,0,0,5,1,24,1,0,0,4,0,4,4,10,1,2,0,24,3,3,5,396,2,3,1,6,10,0,13,12,11,6,0,5,0,0,14,0,245,5,0,2,0,0,0,0,13,14,14,0,13,0,1,0,8,6,2,0,1,1,2,2,0,0,6,0,4,3,16,5,0,3,0,0,3,1,2
0,4,0,4,8,13,0,0,0,307,1,4,0,0,0,52,36,59,0,6,1,6,84,0,29,7,12,0,10,0,184,0,187,0,0,21,11,0,0,0,44,2,2,36,132,146,188,93,26,1,45,0,0,0,41,6,19,3,3,0,92,0,1,1,47,0,46,4,203,0,8,0,0,6,0,0,1,0,292,49,0,55,13,74,35,36,3,0,9,5,0,0,74,6,196,3,1,0,1,1,138,3,21,0,14,0,3,175,0,20,0,0,20,6,0,97,50,7,35,12,89,67,0,21,27,0,0,0,0,20,0,0,0,14,0,1,0,0,0,163,0,0,0,38,0,2,58,55,66,0,0,172,93,28,0,0,0,11,24,21,13,0,111,6,0,0,0,0,213,19,0,10,4
1,7,0,6,80,13,3,3,1,330,5,12,0,2,4,10,191,12,1,52,3,8,121,2,18,5,22,3,29,1,202,6,248,3,0,254,42,2,2,2,188,4,1,62,122,178,491,193,52,31,247,1,0,0,84,117,64,13,26,2,108,0,4,19,66,1,69,10,256,0,39,1,2,7,0,0,32,0,313,24,9,82,11,81,76,75,12,0,10,72,48,0,111,10,17,8,4,0,0,6,55,2,12,3,11,0,8,162,0,19,0,8,37,14,2,90,125,93,145,16,69,38,0,45,83,0,0,1,1,32,1,3,0,120,7,2,0,0,0,352,1,1,10,125,0,0,102,25,32,0,1,172,336,12,1,0,0,12,66,7,106,2,299,10,0,0,0,0,18,43,4,130,9
0,0,0,0,0,0,2,0,0,35,0,0,0,0,0,121,4,4,0,0,0,1,18,0,0,0,6,0,4,1,25,0,1,0,0,186,11,0,0,0,6,0,0,0,101,10,2,472,0,2,8,0,0,0,2,1,14,3,0,0,303,0,0,1,250,0,1,31,40,0,5,0,1,0,0,0,2,0,51,60,1,625,0,719,302,650,0,0,124,242,1,0,844,0,10,0,1,0,0,0,60,0,0,0,0,0,0,162,0,3,0,0,130,9,0,27,386,2,0,0,57,3,0,0,120,0,0,0,2,0,0,0,0,0,0,0,0,0,0,147,0,0,0,440,0,0,2,1,0,0,0,35,12,0,0,0,0,0,0,0,3,0,10,1,0,0,0,0,34,0,0,0,0
0,0,0,0,0,0,0,38,0,1,0,0,0,0,0,0,0,4,0,0,0,0,0,0,0,0,0,22,0,0,0,0,0,0,18,4,0,0,0,0,0,0,0,3,0,0,0,0,53,0,0,111,0,6,0,0,0,0,0,0,0,0,1,0,0,0,0,0,1,0,0,310,0,0,0,0,0,2,0,0,0,0,0,0,0,0,0,32,0,1,0,0,0,0,0,3,0,0,2,0,0,10,0,0,0,0,0,0,0,6,4,0,0,0,0,1,0,1,0,0,0,0,0,0,0,3,0,0,0,0,435,0,1,0,0,5,0,0,0,0,0,0,0,0,0,0,0,0,0,4,0,0,0,0,0,0,97,0,0,0,0,1,0,0,0,0,0,0,0,0,1,0,0
1,1,0,0,98,0,5,5,37,0,69,0,16,673,108,0,388,0,0,2,0,0,0,0,0,1,0,3,0,0,36,0,0,0,432,3,0,0,0,1,0,15,0,25,0,0,0,0,2,0,2,5,0,17,0,0,0,0,31,1,0,5,11,0,3,0,0,2,1,3,0,12,21,0,0,1,2,0,0,0,1,0,0,0,0,0,1,30,0,1,5,0,1,2,0,1,10,0,0,0,0,104,0,0,0,5,0,0,2,13,7,0,0,0,10,1,0,0,0,0,0,0,4,0,0,842,3,0,0,0,10,0,15,0,3,22,0,12,0,0,0,0,1,0,589,0,1,0,0,45,184,0,0,0,1,3,7,0,0,0,0,0,0,0,44,0,0,0,0,0,0,0,0
1,0,0,0,17,0,6,5,1212,0,15,0,1233,2,76,0,7,0,0,1,0,0,0,124,0,0,0,3,2,3,0,9,0,1571,6,0,29,755,1422,1021,0,0,0,1,0,0,0,0,6,2,2,9,0,3,0,3,2,0,4,38,0,13,29,3,0,432,0,1,0,923,0,25,0,1,0,14,6,5,0,0,21,0,0,0,0,1,0,24,1,2,27,18,0,8,0,16,17,92,0,0,1,9,0,1471,0,18,0,0,35,0,1,5,0,18,25,0,0,0,0,0,0,0,4,0,6,56,137,26,1,0,17,261,43,3,6,28,526,1,241,0,105,975,276,0,1,0,0,0,0,0,2,0,0,0,0,0,13,0,0,10,0,3,0,0,10,4,441,1,0,0,80,0,1
1,140,26,21,8,263,1,0,0,89,18,8,0,9,1,1,0,2,81,11,21,512,381,2,7,605,163,1,1,5,2,11,7,0,0,1,2,5,0,0,19,31,24,2,1,15,17,68,152,5,120,0,22,0,1,13,6,15,4,17,4,0,4,15,7,0,3,431,6,0,488,0,8,9,3,0,5,0,2,58,11,1,4,4,2,12,1,0,58,177,6,0,2,2,0,4,0,2,23,72,4,0,3,0,75,0,7,1,5,0,0,417,33,11,28,0,3,0,2,0,5,1,8,116,5,0,0,14,17,6,0,0,0,2,3,1,0,0,0,12,1,0,1,125,0,47,6,21,0,0,0,4,11,0,173,15,0,4,77,3,6,0,0,2,1,11,11,0,0,3,3,0,0
4,0,0,0,8,3,3,0,0,1,4,1,0,3,14,0,0,0,0,4,1,1,4,164,0,6,1,0,52,14,0,555,6,0,0,0,118,19,3,2,5,0,0,1,2,0,5,0,19,102,15,0,0,0,0,80,125,0,0,215,1,0,7,253,7,4,1,0,2,0,8,0,0,3,0,5,162,0,0,0,215,0,0,0,0,8,0,0,1,3,237,0,2,1,2,17,2,8,0,2,1,0,0,0,2,0,0,1,2,0,0,12,3,0,32,0,1,0,0,0,3,1,534,1,1,0,0,34,35,12,0,4,0,2,62,3,3,1,1,12,14,0,1,1,0,0,0,0,0,0,1,1,2,1,1,0,0,0,0,0,9,0,1,1,0,493,6,0,0,0,3,0,2
0,5,2,3,38,6,2,1,2,9,9,0,0,104,32,0,0,1,1,10,2,5,4,21,0,7,3,0,498,9,5,519,9,2,1,0,262,5,15,24,35,3,0,2,3,2,19,4,87,755,25,1,0,1,8,147,155,2,1,172,7,0,9,790,0,82,15,4,5,2,25,0,3,136,2,4,883,2,7,3,153,0,0,1,2,5,1,0,2,6,388,0,1,2,6,38,16,15,0,4,3,0,4,3,0,0,2,2,9,0,0,28,3,27,34,0,5,6,0,2,1,1,184,3,1,0,0,12,245,3,1,56,0,31,385,1,20,0,43,6,150,0,6,7,0,0,6,7,1,0,1,2,1,1,2,0,0,0,0,2,7,3,182,0,0,122,19,0,1,0,37,0,2
0,2,0,0,0,0,2,0,0,0,3,0,0,0,53,0,0,0,0,12,2,0,0,2,0,0,0,0,224,2,0,52,0,6,0,0,8,0,0,2,2,2,0,0,1,1,1,2,1,328,2,0,0,0,0,7,157,0,0,1,0,0,2,29,0,17,2,0,0,0,6,0,0,0,0,5,138,0,1,3,15,2,0,1,0,3,0,0,0,2,26,0,4,1,0,1,8,2,0,0,0,0,0,2,0,0,0,1,1,0,0,7,0,3,0,2,6,0,0,0,0,0,14,0,0,0,0,2,51,1,0,1,0,1,17,0,15,0,2,0,11,0,20,5,0,0,0,0,0,0,0,0,1,0,1,0,0,0,0,0,0,0,5,0,0,22,0,0,0,0,0,0,0
1,219,16,10,1,175,0,0,0,2,0,4,0,0,0,0,0,0,98,41,24,125,10,0,168,96,8,0,0,0,1,0,39,0,0,0,0,0,0,0,1,4,13,0,0,6,10,1,6,0,0,0,2,0,1,0,2,19,0,0,0,0,0,0,0,0,5,0,2,0,10,0,0,41,16,0,0,0,1,0,0,0,13,0,0,0,2,0,4,0,0,0,0,1,0,6,0,2,3,49,3,0,2,0,133,0,23,0,0,1,0,23,9,0,5,0,0,0,1,0,0,3,0,5,0,0,0,1,1,36,0,0,0,0,0,0,0,0,0,0,0,0,0,1,0,28,6,281,5,0,0,12,0,2,3,3,0,1,32,231,1,0,0,5,0,0,0,0,0,15,0,0,6
0,1,2,8,0,14,0,0,0,0,0,3,0,0,0,0,0,0,2,0,251,1,115,0,5,5,157,0,0,0,0,0,3,0,0,0,0,0,0,0,0,5,0,0,0,1,0,1,3,0,0,0,8,0,1,0,0,14,0,0,4,0,0,0,0,0,0,0,0,0,0,0,0,0,2,0,0,0,1,0,0,0,0,0,0,0,1,0,2,0,0,0,0,0,0,0,0,0,0,13,2,0,0,0,5,0,5,0,0,0,0,2,1,0,0,0,0,0,0,1,0,0,0,25,0,0,0,0,0,3,0,0,0,0,0,0,0,0,0,0,0,0,0,1,0,7,0,7,0,0,0,0,0,0,0,0,0,0,0,2,0,0,0,0,0,0,0,0,0,0,0,0,0
0,1,1,0,5,3,5,8,0,0,0,3,1,15,10,0,9,0,3,1,0,2,0,0,0,0,1,0,0,0,53,0,0,0,21,1,0,0,1,1,0,0,3,243,1,1,0,1,1,0,0,3,0,1,0,1,0,0,487,0,0,0,0,0,2,0,1,5,2,0,0,1,1,0,0,0,0,0,0,0,1,0,0,2,0,0,1,5,3,0,0,0,4,0,0,0,118,0,0,0,0,23,0,0,3,4,0,0,1,16,1,0,1,0,0,0,0,0,0,0,1,0,0,0,0,26,0,0,0,0,0,0,19,0,4,16,0,75,0,8,0,1,0,0,1,0,3,0,0,0,4,0,22,0,0,0,1,0,1,0,3,0,0,1,744,0,0,0,0,0,0,0,0
641,10,29,17,2,9,0,0,1,7,4,362,0,6,1,6,0,311,9,2,7,1,18,17,24,6,11,0,0,789,3,4,38,1,0,3,4,2,1,0,3,190,10,1,16,14,6,6,8,0,139,0,3,0,78,12,66,397,0,76,165,0,0,4,306,0,148,4,3,0,13,0,87,3,63,0,3,0,11,8,2,47,17,4,1,4,420,0,0,2,6,0,2,114,24,4,0,0,6,17,9,0,7,0,60,0,24,4,0,2,0,23,11,1,18,6,8,2,1,307,9,1,3,10,100,0,0,19,119,9,0,3,0,104,0,197,0,0,0,20,0,0,1,5,0,8,15,4,3,0,1,1,2,160,1,1,0,1,2,2,5,0,0,40,0,0,2,0,0,39,2,3,16
0,0,0,0,0,0,0,843,0,0,0,0,1,0,0,0,0,0,0,0,0,0,0,0,0,0,0,331,0,0,0,0,0,0,7,0,0,0,0,0,0,0,0,0,0,0,0,0,0,0,0,61,0,1198,0,0,2,0,1,0,0,1312,0,0,0,0,0,0,0,0,0,37,0,0,0,0,0,1019,0,0,0,0,0,0,0,0,0,2,0,0,0,0,0,0,0,0,0,0,0,0,0,27,0,0,0,0,0,0,48,6,837,0,0,0,0,0,0,0,0,0,0,0,0,0,4,0,0,0,0,0,2,1,8,0,0,6,0,0,0,0,0,0,0,0,0,0,0,0,0,1344,0,0,0,0,0,0,24,0,0,0,0,349,0,0,0,0,0,0,0,0,0,0,0
0,0,0,0,0,0,0,373,0,0,0,0,1,0,0,0,0,0,0,0,0,0,0,0,0,0,0,38,0,0,0,0,0,0,0,0,0,0,0,0,0,0,0,0,0,0,0,0,0,0,0,1067,0,20,0,0,0,0,0,0,0,0,0,0,0,0,0,0,0,0,0,58,0,0,0,0,0,1,0,0,0,0,0,0,0,0,0,281,0,0,0,0,0,0,0,0,0,0,0,0,0,1,0,0,0,0,0,0,4,1,4,0,0,0,0,0,0,0,0,0,0,0,0,0,1,0,0,0,0,0,1,0,1,0,0,0,0,0,0,0,0,0,0,0,0,0,0,0,0,30,0,0,0,0,0,0,349,0,0,0,0,6,0,0,0,0,0,0,0,0,0,0,0
1,0,0,0,1,1,12,25,2,1,0,0,3,19,15,0,5,0,0,1,0,0,0,0,0,0,0,13,0,0,7,0,1,0,187,15,0,0,0,5,1,0,2,42,0,0,1,0,5,0,0,6,0,26,0,0,0,0,49,0,0,14,12,0,0,0,1,0,1,1,0,146,4,0,0,4,0,24,0,0,0,0,1,0,0,0,0,287,0,1,0,0,1,1,0,0,28,0,0,0,0,865,0,0,0,11,0,0,3,662,4,0,0,0,3,0,0,0,0,0,0,0,1,0,0,46,6,0,0,0,59,2,32,1,3,480,0,92,0,4,0,3,0,0,4,0,3,0,0,8,6,0,8,0,0,0,217,0,0,0,1,2,0,0,32,0,0,8,0,0,0,0,1
0,0,0,0,0,0,1,0,13,0,0,0,0,0,0,0,0,0,0,0,0,0,0,0,0,0,0,6,0,0,0,0,0,22,3,0,0,16,77,3,0,0,0,1,0,0,0,0,0,0,0,0,0,10,0,0,1,0,3,0,0,31,3,0,0,1,0,0,0,0,0,1,0,0,0,1,0,27,0,0,0,0,0,0,0,0,0,2,0,0,0,0,0,0,0,15,0,2,0,0,0,20,0,5,0,3,0,0,212,2,4,0,0,0,0,0,0,0,0,0,0,0,0,0,0,0,1,1,0,0,3,56,90,0,0,17,8,31,0,0,4,18,0,0,0,0,0,0,0,1,0,0,4,0,0,0,8,0,0,0,0,3,0,0,10,0,1,0,0,0,0,0,0
0,28,3,3,3,4,0,0,0,17,0,2,0,0,0,0,2,2,7,9,3,14,34,0,4,8,8,0,0,0,15,0,27,0,0,3,0,0,0,0,5,6,2,3,2,6,26,3,18,0,19,0,7,0,8,4,0,7,1,0,0,0,0,0,4,0,1,0,7,0,9,0,0,2,3,0,0,0,32,1,0,0,1,1,3,0,3,0,2,0,0,0,0,3,0,1,0,0,0,3,6,0,3,0,22,0,4,8,0,0,0,1,4,2,2,4,1,0,5,3,0,1,0,7,0,0,0,0,0,1,0,0,0,1,0,0,0,0,0,2,0,0,0,0,0,5,4,15,1,0,0,8,15,2,2,0,0,0,4,1,2,0,0,0,0,0,1,0,0,5,0,0,1
0,64,0,1,0,13,0,0,0,59,6,0,0,0,0,3,4,15,5,6,13,6,7,1,8,24,1,0,0,6,26,5,26,0,0,92,0,0,0,0,37,1,0,4,14,7,84,3,4,1,31,0,0,0,18,3,32,2,0,1,14,0,3,0,7,0,4,2,29,0,210,0,0,1,0,0,5,0,525,148,1,5,2,37,40,24,6,0,3,30,7,0,38,8,12,2,6,0,0,0,18,0,0,0,5,0,0,234,0,1,0,19,21,0,0,25,35,2,1,4,1,4,3,0,9,0,0,0,3,7,0,0,0,3,1,1,0,0,0,10,1,0,0,0,0,0,7,53,1,0,0,76,8,11,4,2,0,0,4,3,1,0,7,5,0,2,0,0,29,24,0,5,1
1,0,0,0,34,3,0,2,4,3,22,0,0,36,0,0,1,1,0,1,0,1,0,11,0,6,0,2,2,72,0,13,0,7,0,0,0,78,36,6,1,2,0,14,0,0,6,0,16,1,51,0,0,2,2,12,13,0,4,16,1,3,1,5,0,6,1,1,1,0,13,0,55,1,0,0,1,1,1,0,1,0,0,2,0,1,1,2,3,8,24,0,0,0,1,502,11,39,0,0,0,1,24,0,0,0,0,1,199,0,1,8,0,16,13,0,0,0,0,0,0,0,2,0,2,1,1,249,1,0,2,75,66,0,2,1,11,9,13,1,13,5,0,0,0,0,0,0,0,1,0,0,3,1,0,0,0,0,0,2,0,4,0,0,13,12,9,1,0,1,11,0,0
4,27,1,0,0,8,0,0,0,3,406,6,0,0,0,1,0,0,4,0,392,14,264,1,0,36,124,0,0,13,2,0,2,0,0,0,0,1,0,0,2,99,4,0,0,1,10,5,45,2,101,0,25,0,0,0,2,64,0,57,1,0,2,1,5,0,0,25,1,0,60,0,0,0,3,0,2,0,1,0,8,10,0,1,1,0,9,0,238,2,2,0,0,1,0,4,0,0,2,1,1,0,0,0,2,0,2,1,0,0,0,307,3,0,3,0,0,0,1,3,1,0,9,25,0,0,1,7,8,0,0,0,0,0,0,2,0,0,0,4,0,0,0,0,0,8,2,0,0,0,0,0,1,0,19,384,0,0,20,0,1,0,0,0,0,2,0,0,0,0,0,0,0
0,0,0,0,0,1,0,0,0,16,0,0,0,0,0,7,1,132,0,3,0,0,0,0,2,0,0,0,0,0,5,0,0,0,0,106,0,0,0,0,1,0,3,2,1,1,0,11,16,0,1,0,0,0,2,1,3,0,0,1,3,0,0,1,1,0,0,2,3,0,6,0,0,0,1,0,0,0,19,71,2,0,0,37,27,106,0,0,4,30,0,0,58,17,10,0,0,0,0,0,2,0,0,0,0,0,0,13,0,1,0,0,26,382,0,130,29,0,0,5,0,1,1,1,143,1,0,0,1,0,1,0,0,0,2,0,0,0,0,3,1,0,0,17,0,0,0,3,0,0,0,74,0,15,0,0,0,0,0,0,0,0,4,0,0,0,0,0,46,0,0,0,0
0,0,0,0,1,0,0,259,1,0,1,0,1,1,0,0,1,0,0,0,0,0,0,0,0,0,0,392,0,0,1,0,0,0,14,0,0,1,0,0,0,0,0,0,0,0,2,0,0,0,0,20,0,267,0,0,0,0,1,0,0,508,2,0,0,0,0,0,1,0,0,31,0,0,0,0,0,570,0,0,0,0,0,0,0,0,0,7,0,11,0,0,0,0,0,234,2,0,91,0,0,20,2,0,0,1,0,0,16,3,461,0,0,2,0,0,1,1,0,0,0,0,0,0,38,0,0,0,0,0,4,10,10,1,1,3,0,0,0,0,0,0,0,0,0,0,0,0,0,213,2,0,1,0,0,0,16,0,0,0,0,539,0,0,0,0,1,0,0,0,1,0,0
0,0,0,0,0,0,0,14,0,0,0,0,0,0,0,0,0,0,0,0,0,0,0,0,0,0,0,17,0,0,0,0,0,1,1,1,0,0,0,0,0,0,0,1,0,0,0,1,0,0,0,46,0,0,0,0,0,0,0,0,0,0,0,1,0,0,0,0,0,0,0,13,0,0,0,0,1,0,0,0,0,0,0,0,0,0,0,9,0,1,0,0,0,0,0,4,0,0,1,0,0,0,0,0,0,0,0,0,0,0,1,0,0,3,0,0,0,0,0,0,0,0,0,0,0,0,0,0,0,0,6,1,0,0,0,0,0,0,0,0,0,0,0,0,0,0,0,0,0,3,0,0,0,0,0,0,19,0,0,0,0,4,0,0,0,0,0,0,0,0,1,0,0
