0.85484,0.23702,0.40466,0.375,0.22405,0.27358,0.95715,0.65712,0.85947,0.33187,0.70854,0.46067,0.87701,0.5843,0.50862,0.35219,0.52329,0.39362,0.55348,0.42877,0.48271,0.4678,0.34699,0.49936,0.23442,0.50372,0.23913,0.60921,0.6025,0.79839,0.2532,0.44848,0.21128,0.81479,0.53142,0.30843,0.33468,0.74867,0.769,0.65981,0.49593,0.27869,0.30588,0.21842,0.46202,0.18338,0.34455,0.45623,0.16414,0.59132,0.2403,0.71615,0.55399,0.75624,0.62572,0.31222,0.23514,0.49842,0.57602,0.28846,0.41558,0.67533,0.40603,0.64083,0.40994,0.40899,0.25258,0.72742,0.31091,0.78131,0.47917,0.47822,0.61281,0.18558,0.66912,0.97656,0.63512,0.66667,0.43622,0.32053,0.25402,0.71253,0.3771,0.66667,0.69127,0.67673,0.46587,0.34839,0.53981,0.3785,0.389,0.98977,0.72446,0.67486,0.54574,0.53179,0.51247,0.74755,0.59211,0.23958,0.37561,0.75132,0.52909,0.91777,0.18996,0.96241,0.33596,0.25404,0.62297,0.70045,0.6619,0.41573,0.26712,0.6964,0.15385,0.25793,0.48578,0.68248,0.37604,0.6042,0.45881,0.54966,0.60245,0.46195,0.2922,0.77914,0.54021,0.66847,0.51462,0.46136,0.49381,0.29549,0.68508,0.3498,0.46719,0.37883,0.61071,0.46691,0.79785,0.41874,0.39439,0.69182,0.62927,0.45767,0.86068,0.34121,0.3494,0.33252,0.43881,0.8054,0.63317,0.32996,0.33972,0.51627,0.4334,0.90127,0.27663,0.57842,0.23118,0.5021,0.3513,0.84554,0.43143,0.58397,0.68704,0.68136,0.70756,0.69367,0.42735,0.57377,0.42533,0.67391,0.46237
0.55162
0,37,295,163,0,38,0,0,0,0,0,68,0,0,0,1,0,4,84,12,1,2,2,0,171,10,7,0,0,0,0,0,6,0,0,0,0,0,0,0,1,13,234,0,0,0,2,1,6,0,0,0,173,0,3,0,0,9,0,0,3,0,0,0,1,1,26,0,0,0,0,0,10,110,455,0,0,0,0,0,0,0,81,0,0,0,32,0,0,0,0,0,0,2,0,0,0,0,89,207,0,0,8,0,40,0,213,0,0,0,0,0,3,0,29,1,0,0,1,18,0,2,0,41,0,0,0,0,0,22,0,0,0,1,0,0,0,0,0,0,0,0,0,0,0,201,14,8,0,0,0,0,0,14,4,0,0,28,15,12,2,0,0,12,0,0,0,0,0,6,0,0,9
0,1,9,71,1,13,0,0,0,12,0,4,0,0,0,7,0,2,0,2,0,0,0,0,22,0,7,0,0,0,49,0,80,0,0,1,5,0,0,0,1,0,49,0,22,99,6,3,0,0,0,0,1,0,1,0,1,0,0,3,2,0,0,0,0,0,12,0,27,0,0,0,0,46,1,0,1,0,2,0,0,2,336,0,1,1,0,0,0,0,1,0,6,1,0,0,0,0,21,4,52,0,391,0,4,0,4,16,0,20,0,0,6,0,0,13,2,0,1,1,34,487,0,28,0,0,0,0,0,400,0,0,0,0,0,0,0,0,0,2,0,0,0,6,0,2,319,13,251,0,0,10,1,0,0,0,0,402,12,0,7,0,12,306,0,0,0,0,0,1,0,0,258
1,40,42,40,24,33,2,1,1,16,6,21,6,2,0,0,1,1,25,108,1,8,49,0,64,11,19,0,1,0,11,0,101,1,0,29,10,2,0,5,6,5,102,0,1,52,45,3,96,2,30,0,29,1,6,15,1,30,0,5,1,1,6,0,3,0,9,1,5,1,0,0,3,107,8,2,1,0,1,0,0,1,115,1,0,1,3,0,0,0,8,0,0,2,0,5,3,17,39,113,2,1,27,0,107,2,129,1,0,5,0,2,9,0,12,8,4,1,27,4,1,9,1,66,1,0,13,1,0,54,1,1,5,18,0,1,0,0,1,2,0,9,1,4,1,55,45,108,32,0,0,6,9,4,11,0,0,34,5,8,41,0,0,17,0,2,0,8,0,21,1,5,44
0,142,155,38,0,101,0,0,0,0,0,23,0,0,0,0,0,0,445,9,56,28,32,0,28,22,77,0,0,3,0,0,0,0,0,0,2,0,0,0,3,175,58,0,0,0,1,0,12,0,2,0,354,0,1,0,1,117,0,0,3,0,1,0,0,0,5,1,3,0,7,0,1,22,80,0,0,0,0,0,0,0,7,0,0,0,29,0,51,0,0,0,0,2,0,0,0,0,22,175,0,0,0,0,50,0,63,0,0,0,0,15,0,0,54,0,0,0,0,3,1,0,0,18,0,0,0,0,2,7,0,0,0,2,0,0,0,0,0,0,0,0,0,2,0,231,1,10,0,0,0,0,0,4,23,4,0,0,129,23,0,0,0,0,0,0,0,0,0,1,0,0,1
0,7,29,72,0,26,0,0,0,1,0,2,0,0,0,0,0,0,4,2,1,2,0,0,27,3,0,0,0,0,0,0,2,0,0,0,0,0,0,0,1,0,38,0,0,1,0,0,0,0,0,0,1,0,0,0,0,0,0,0,0,0,0,0,0,0,4,0,0,0,0,0,0,121,1,0,0,0,0,0,0,0,53,0,0,0,0,0,0,0,0,0,0,1,0,0,0,0,4,44,1,0,17,0,14,0,32,0,0,0,0,1,0,0,4,1,0,0,0,0,1,7,0,1,0,0,0,0,0,72,0,0,0,0,0,0,0,0,0,0,0,0,0,0,0,12,21,20,8,0,0,0,0,3,0,0,0,48,0,1,0,0,0,8,0,0,0,0,0,0,0,0,10
3,99,16,12,88,71,0,0,0,18,10,19,0,0,0,0,10,1,29,316,21,78,117,0,32,109,13,0,2,2,9,7,56,0,0,6,16,5,0,0,33,10,13,3,1,34,272,7,141,5,130,0,6,0,26,27,12,10,4,1,6,0,3,8,7,0,31,10,15,0,25,0,8,25,6,0,10,0,4,6,2,0,14,0,1,0,6,0,4,1,10,0,1,5,2,8,1,3,6,62,1,0,5,0,120,0,37,4,3,1,0,51,24,0,25,5,6,17,106,8,2,2,2,15,4,0,0,4,3,23,0,2,0,22,3,1,0,0,0,5,0,0,0,18,0,43,45,86,3,0,0,8,92,5,48,2,0,5,46,17,164,1,8,6,0,15,3,0,0,38,1,14,27
0,0,86,288,0,2,0,0,0,0,0,19,0,0,0,0,2,0,0,2,0,0,7,0,5,0,88,0,0,0,4,0,33,0,0,0,0,0,0,0,0,1,185,0,11,57,0,7,12,0,4,0,12,0,0,0,0,1,0,0,16,0,0,0,0,0,8,0,0,0,0,0,0,14,4,0,0,0,0,0,0,0,127,0,0,0,3,0,0,0,0,0,0,1,0,0,0,0,450,82,8,0,20,0,2,0,59,0,0,0,0,1,156,0,0,0,2,0,0,1,19,2,0,431,0,0,0,0,0,17,0,0,0,0,0,0,0,0,0,0,0,0,0,21,0,27,24,3,3,0,0,0,1,1,0,0,0,12,0,0,3,0,0,35,0,0,0,0,0,0,0,0,11
0,4,0,1,0,1,0,0,0,1,1,0,0,1,10,0,0,0,3,1,0,3,0,0,0,0,0,0,0,0,3,0,0,0,2,0,0,0,0,1,0,0,2,37,0,0,1,0,0,0,0,1,0,1,0,1,0,0,8,2,0,0,0,0,1,0,0,1,0,0,1,0,0,0,3,0,0,0,0,0,0,0,0,0,0,1,3,0,3,0,0,0,0,0,0,0,0,0,0,0,0,1,0,0,1,1,0,0,0,0,0,0,0,0,12,1,0,0,0,0,0,0,0,2,0,1,0,1,1,0,0,0,0,0,0,12,0,20,0,9,0,0,0,0,0,0,0,0,0,0,1,0,14,0,0,0,0,0,1,0,0,1,0,0,115,0,0,1,0,1,0,0,1
4,0,0,0,38,0,7,3,65,0,12,0,115,5,354,0,0,2,0,6,3,0,0,389,0,0,0,2,11,10,0,9,0,248,4,2,190,179,247,60,0,0,0,14,0,1,0,1,19,5,2,2,0,2,1,12,8,0,2,28,0,2,21,7,0,382,0,4,0,198,6,12,0,0,0,10,6,1,0,0,221,0,0,0,1,0,0,5,2,3,26,13,0,12,1,33,29,838,0,0,16,5,0,121,0,6,0,0,4,0,2,8,0,26,4,2,0,3,0,1,0,0,10,0,5,0,19,742,2,0,66,170,18,2,2,4,285,1,1263,1,160,276,516,0,0,0,0,0,0,0,7,0,0,0,0,0,7,0,0,77,0,8,8,0,3,6,116,1,0,0,356,0,0
0,0,0,0,0,0,0,26,0,0,0,0,0,0,0,0,0,0,0,0,0,0,0,0,0,0,0,10,0,0,0,0,0,0,4,0,0,0,0,0,0,0,0,0,0,0,0,0,0,0,0,137,0,9,0,0,0,0,0,0,0,0,0,0,0,0,0,0,0,0,0,166,0,0,0,0,0,6,0,0,0,0,0,0,0,0,0,29,0,0,0,0,0,0,0,0,0,0,0,0,0,14,0,0,0,0,0,0,0,9,1,0,0,0,0,0,0,0,0,0,0,0,0,0,0,2,0,0,0,0,146,0,0,0,0,2,0,0,0,0,0,0,0,0,0,0,0,0,0,2,0,0,0,0,0,0,258,0,0,0,0,0,0,0,0,0,0,1,0,0,0,0,0
0,0,0,0,8,1,11,6,1,4,1,0,1,6,3,0,10,0,0,0,1,0,0,0,0,0,0,1,0,0,1,0,0,2,34,9,0,0,0,3,0,0,1,131,0,0,3,0,54,0,1,1,0,5,1,0,0,0,30,0,0,3,14,0,0,0,1,0,2,0,0,8,0,0,36,6,0,4,1,0,0,0,3,0,0,0,0,94,0,1,0,2,1,0,0,2,9,0,0,0,0,95,0,0,0,2,1,2,2,55,0,1,4,0,2,16,2,0,0,0,0,0,3,0,1,9,2,0,0,0,21,1,20,0,2,196,0,75,0,4,0,0,0,0,1,0,1,0,1,0,9,1,20,0,1,0,27,0,0,6,2,0,0,0,13,0,0,27,0,0,3,1,0
0,1,0,0,21,0,0,1,85,2,0,0,3,31,6,0,2,0,1,2,0,0,0,0,0,3,0,0,1,0,1,3,2,6,3,1,0,7,16,3,3,0,2,157,1,4,13,2,13,1,5,0,0,1,0,16,1,0,10,25,1,10,10,6,1,14,1,3,2,7,10,0,1,1,1,1,4,6,2,1,21,0,0,5,0,4,0,0,1,14,4,3,3,1,0,163,5,31,2,0,4,13,25,0,1,6,0,1,3,7,1,1,2,0,49,1,3,0,0,0,2,0,7,0,0,4,8,27,2,1,1,14,104,1,6,88,10,254,42,15,6,42,0,2,0,0,10,1,0,1,0,1,281,0,0,0,0,0,0,3,6,1,0,0,27,5,7,2,0,0,62,0,5
1,0,0,0,119,0,0,2,2,2,0,2,1,170,0,2,1,0,0,14,0,0,0,58,0,1,0,0,3,3,0,8,1,0,9,0,1,1,0,0,0,0,1,45,1,4,7,2,22,1,0,0,0,0,8,281,15,0,2,2,1,0,10,33,0,1,5,4,4,0,6,0,46,3,0,0,12,0,4,13,10,1,0,4,0,1,0,2,0,19,1,0,0,4,0,15,110,3,1,0,3,1,0,1,0,0,0,7,0,0,0,3,1,21,0,1,2,5,0,1,0,0,0,0,10,0,0,8,2,0,8,4,1,269,9,0,5,0,17,8,15,0,3,3,0,0,0,0,0,0,2,1,0,0,0,0,1,0,0,1,1,3,7,0,0,8,7,0,0,2,240,1,1
0,3,4,13,1,57,0,0,0,59,0,25,0,1,0,137,0,126,4,22,3,7,17,0,87,1,25,0,1,0,96,0,181,0,0,0,4,0,0,0,2,5,14,1,54,190,45,10,9,0,11,0,2,0,41,0,2,1,0,1,11,0,0,0,6,0,220,0,92,0,5,0,5,59,4,0,0,0,13,17,1,4,94,4,0,4,6,0,0,0,0,0,1,14,4,0,0,0,19,14,114,1,161,0,32,0,13,30,0,7,0,0,12,0,0,66,6,1,23,36,35,245,0,54,2,0,0,0,0,148,0,0,0,1,0,1,0,0,0,10,0,0,0,6,0,2,170,95,146,0,0,102,7,47,0,0,0,105,11,29,46,0,44,62,0,0,0,0,4,14,0,12,91
0,63,3,0,0,27,0,0,0,0,6,3,0,0,0,0,0,0,17,10,6,253,15,0,3,184,12,0,0,1,0,0,0,0,0,0,0,0,0,0,0,4,0,0,0,0,1,0,2,0,2,0,2,0,0,0,0,8,1,1,0,0,2,1,0,0,0,13,1,0,5,0,0,2,2,1,0,0,0,0,0,0,0,0,0,0,0,0,22,1,1,0,0,0,0,0,0,0,0,10,0,0,0,0,26,0,3,0,0,0,0,25,3,0,23,0,0,0,2,0,0,0,0,0,0,0,0,0,1,0,0,0,0,0,0,0,0,0,0,0,0,0,0,0,0,5,0,9,0,0,0,0,0,0,79,2,0,0,84,1,1,0,0,0,0,0,0,0,0,0,0,0,0
1,0,0,0,0,0,0,0,0,1,3,0,0,0,1,0,0,0,0,1,1,0,1,0,0,2,0,0,11,0,3,9,2,0,0,2,4,0,0,2,14,0,0,0,1,1,18,0,3,27,0,0,0,0,2,2,45,0,0,22,1,0,1,49,0,8,0,1,2,0,0,0,0,1,0,1,76,0,2,1,102,0,0,1,1,1,0,0,1,0,100,0,1,0,1,2,0,2,0,0,0,0,0,1,0,0,0,6,0,0,0,0,2,0,1,1,3,2,3,2,0,0,43,0,0,0,2,1,42,0,0,1,0,1,36,0,3,0,1,0,1,1,1,0,0,0,2,0,0,0,0,0,0,0,1,0,0,0,0,0,6,0,0,0,0,2,0,0,0,2,0,15,1
7,0,0,0,0,0,6,0,5,0,14,0,9,0,1,0,0,0,0,2,1,0,0,0,0,2,0,1,0,0,2,1,0,4,2,1,0,3,1,17,4,0,0,0,0,0,1,0,0,0,3,0,0,4,0,0,1,0,6,67,0,1,17,0,0,25,0,3,0,28,0,1,0,0,0,1,1,0,0,0,0,0,0,1,0,0,0,3,18,0,22,1,0,0,0,5,0,4,0,0,0,1,0,2,0,5,0,0,11,1,0,0,0,1,0,0,1,0,0,1,0,0,13,0,0,0,356,3,0,0,0,6,18,0,1,3,21,0,1,0,2,39,0,0,1,0,0,0,0,0,2,0,0,0,0,1,0,0,0,0,0,0,0,0,5,0,1,471,0,0,0,0,0
38,6,5,1,5,3,0,1,0,13,1,149,0,0,0,13,4,407,0,7,8,0,7,1,13,8,3,0,0,50,16,0,43,0,0,11,3,0,0,1,9,73,0,1,4,15,23,3,4,1,14,0,0,0,540,9,21,6,0,0,38,0,1,0,49,0,217,2,29,0,7,0,421,0,9,0,2,0,27,15,0,9,2,1,1,1,430,0,0,0,7,0,0,494,352,1,0,2,2,8,13,0,5,0,11,0,2,13,0,47,0,13,2,3,8,105,8,6,11,690,0,6,0,7,10,0,0,0,6,13,0,1,0,148,0,21,1,0,0,13,0,0,1,2,0,3,19,3,12,0,0,17,20,349,7,0,0,1,1,0,7,0,0,1,0,0,0,0,2,125,0,16,12
0,0,0,13,0,0,0,0,0,14,0,0,0,0,0,7,0,1,0,0,0,0,11,0,3,0,17,0,0,0,68,0,21,0,0,4,2,0,0,0,0,0,3,0,444,121,8,76,0,0,0,0,0,0,2,0,4,0,0,0,53,0,0,0,11,0,5,1,42,0,0,0,0,1,0,0,0,0,18,27,0,27,5,97,15,36,0,0,0,0,0,0,29,0,0,0,1,0,19,0,308,0,28,0,2,0,0,60,0,3,0,0,3,0,0,5,59,0,0,2,323,20,0,60,1,0,0,0,0,3,0,0,0,0,0,0,0,0,0,32,0,0,0,88,0,0,10,5,17,0,0,12,1,0,0,0,0,10,0,0,3,0,9,7,0,0,0,0,1,0,0,2,2
3,0,0,0,0,0,2,0,1,0,0,0,1,0,0,0,2,0,0,0,0,0,0,0,0,0,0,1,0,0,0,0,0,4,0,0,0,10,6,4,0,0,0,2,0,0,0,0,0,0,0,7,0,4,0,0,0,0,0,0,0,5,5,0,0,0,0,0,0,0,0,0,0,0,0,2,0,2,0,0,0,0,0,0,0,0,0,8,0,0,1,1,0,0,0,29,0,0,0,0,0,6,0,1,0,2,0,0,884,0,1,0,0,0,0,0,0,0,0,0,0,0,0,0,0,3,7,1,0,0,1,45,1079,0,0,1,11,4,0,0,0,18,0,0,0,0,0,0,0,0,0,0,4,0,0,0,4,0,0,0,0,1,0,0,26,0,0,2,0,0,0,0,0
10,0,0,0,177,0,1,0,0,1,4,0,0,61,26,0,53,0,0,0,0,1,0,0,0,0,0,1,0,0,21,0,0,0,52,1,0,0,0,0,0,84,1,32,0,1,0,0,5,0,0,1,0,4,0,0,0,0,4,2,0,2,3,0,0,1,0,16,0,0,1,1,0,0,1,0,0,0,0,1,2,1,0,0,0,0,0,4,0,1,0,0,0,0,1,1,1,0,0,0,0,4,0,0,0,0,0,0,0,1,0,0,2,2,2,1,0,0,0,0,0,0,0,0,1,66,0,0,0,0,3,0,2,0,0,11,0,4,0,6,0,0,4,1,79,0,0,3,0,2,378,0,2,0,5,0,1,0,0,1,0,0,0,0,28,1,0,0,1,1,0,0,0
1,0,0,0,2,0,1787,0,3,0,10,0,12,0,0,0,1,0,0,0,0,0,0,0,0,0,0,0,0,1,0,0,0,7,0,1,0,8,6,360,1,0,0,1,0,0,2,0,0,0,0,0,0,0,0,1,1,0,8,5,0,0,62,0,0,7,0,1,1,5,0,0,0,0,0,2291,0,0,0,0,1,0,0,0,0,0,0,0,2,0,76,3581,0,0,0,2,11,44,0,0,0,0,0,5,0,1741,0,0,3,0,0,0,0,1,1,0,2,2,0,0,0,0,4,0,0,0,21,3,0,0,0,2,32,0,2,0,9,0,0,0,1,26,0,0,0,0,0,0,0,0,0,0,2,0,1,0,0,0,0,0,0,0,0,0,0,0,11,8,1,0,0,0,0
9,1,1,1,1,2,18,1,1,8,5,0,0,21,11,0,17,0,0,42,4,0,1,4,0,4,1,0,2,0,11,1,6,0,34,3,1,0,0,1,2,0,1,34,0,0,3,1,4,2,0,4,0,1,4,115,0,0,218,6,0,1,2,2,0,1,4,0,13,0,3,2,4,3,0,1,0,0,0,2,6,0,2,6,2,6,1,7,1,2,3,1,11,4,0,3,411,0,0,3,1,22,2,0,1,4,0,2,3,19,2,0,1,19,2,9,6,374,3,3,0,5,2,0,17,32,15,3,1,4,0,0,9,0,230,2,0,3,0,0,0,0,10,10,19,0,14,1,2,0,10,9,7,1,5,0,1,8,1,0,1,0,4,5,16,6,0,9,2,0,3,4,2
1,3,0,2,7,18,0,0,0,268,0,4,0,0,0,63,27,49,1,9,0,6,67,0,42,7,12,0,5,1,153,0,144,0,0,15,13,0,0,0,51,3,0,22,137,182,166,86,31,1,52,0,1,0,46,0,17,1,0,0,74,0,2,1,42,1,88,4,214,0,23,0,0,4,0,0,0,0,223,124,0,54,14,72,40,49,3,0,6,2,0,0,69,7,197,3,1,0,1,0,125,1,14,0,17,0,2,212,0,19,0,1,19,0,0,121,65,12,36,12,95,57,0,20,17,0,0,0,1,22,0,1,0,9,0,0,0,0,0,169,0,0,0,32,0,2,49,50,56,0,0,228,70,19,1,0,0,20,27,25,24,0,106,5,0,0,0,0,200,12,0,21,17
0,6,0,4,58,13,0,4,1,302,6,13,0,1,4,10,160,12,2,57,4,3,110,4,26,5,21,2,27,1,198,4,221,3,0,194,79,0,1,1,244,4,1,48,148,192,430,170,65,20,223,1,0,0,89,79,48,2,0,0,99,0,7,10,65,2,109,11,245,0,51,1,3,5,1,0,28,0,228,123,8,66,10,80,53,122,11,0,5,64,35,0,102,10,27,9,8,2,9,2,53,1,11,2,12,0,5,205,0,19,0,4,40,13,4,98,160,103,135,13,86,27,1,33,75,0,1,2,35,27,0,7,0,116,10,1,0,0,0,353,0,1,6,91,0,0,118,19,26,0,1,126,337,12,4,0,0,12,51,9,189,2,302,8,0,0,1,0,21,38,5,248,34
0,0,0,0,0,0,2,0,0,14,0,0,0,0,0,128,4,4,0,0,0,1,13,0,1,0,6,0,4,1,31,0,0,0,0,157,16,0,0,0,2,1,0,0,101,16,2,469,1,2,7,0,0,0,1,0,15,3,0,0,320,0,0,0,234,0,1,34,30,0,13,0,1,0,0,0,1,0,38,88,3,580,0,704,459,605,0,0,76,243,0,0,865,0,9,0,1,0,0,0,66,0,0,0,0,0,0,92,0,4,0,0,128,33,0,31,410,3,0,0,81,5,0,0,121,0,0,0,5,0,0,0,0,1,2,0,0,0,0,131,0,0,0,373,0,0,0,2,0,0,0,55,4,0,1,0,0,3,4,0,2,0,11,1,0,0,0,0,73,0,0,1,0
0,0,0,0,0,0,0,21,0,0,0,0,0,0,0,0,0,4,0,0,0,0,0,0,0,0,0,8,0,0,0,0,0,0,37,3,0,0,0,0,0,0,0,3,0,0,0,0,91,0,0,103,0,3,1,0,0,0,0,0,0,0,1,0,0,0,0,0,0,0,0,133,0,0,0,0,0,2,0,0,0,0,0,0,0,0,0,30,0,0,0,0,0,0,0,3,1,0,0,0,0,44,0,0,0,0,0,0,0,11,4,0,2,0,0,4,0,1,0,0,0,0,0,0,3,2,0,0,0,0,399,0,1,0,0,5,0,0,0,0,0,0,0,0,0,0,0,0,0,2,1,0,0,0,0,0,240,0,0,0,0,9,0,0,0,0,0,7,1,0,1,0,0
1,0,0,0,145,0,3,7,19,0,17,0,10,707,95,0,337,0,0,0,0,0,0,0,0,1,0,4,0,0,24,0,0,0,389,1,0,0,0,3,0,14,0,10,0,0,0,0,2,0,1,5,0,11,0,0,0,0,31,2,0,11,8,0,0,1,0,0,0,3,0,3,43,0,0,2,1,0,0,0,0,0,0,0,0,1,0,27,1,2,0,0,0,3,0,2,11,0,0,0,0,25,0,0,0,5,0,0,0,15,8,2,0,0,24,1,0,0,0,0,0,0,5,0,0,956,6,1,0,0,4,0,15,0,2,19,0,18,0,4,0,0,1,0,661,0,1,0,0,51,175,0,3,0,0,0,11,1,0,0,0,0,0,0,44,0,0,1,1,0,0,0,0
7,0,0,0,27,0,5,5,1211,0,5,0,1148,2,62,0,2,0,0,0,1,0,0,91,0,0,0,1,3,2,0,9,1,1355,4,1,24,983,1285,962,0,0,0,6,0,0,0,0,1,1,0,5,0,9,0,7,1,0,8,23,0,11,175,2,0,375,0,2,0,886,0,14,0,0,0,14,4,8,0,0,22,0,0,0,0,1,0,36,0,4,28,16,0,2,0,13,14,114,0,0,1,21,0,1596,0,17,0,0,26,0,2,5,0,4,3,0,0,0,0,0,0,0,3,0,3,6,190,56,0,0,55,216,42,3,8,20,673,2,205,0,106,990,247,0,2,0,0,0,0,1,1,0,1,0,0,0,14,0,0,8,0,3,0,0,8,3,496,2,0,0,93,0,0
0,137,23,14,3,232,1,0,0,77,27,12,0,7,1,1,0,1,72,11,16,494,398,5,4,541,150,0,0,6,2,6,12,0,0,0,2,10,0,0,22,37,23,14,1,22,21,103,75,3,101,0,17,0,3,18,4,15,1,31,5,0,6,10,11,0,1,459,2,0,483,0,5,9,3,0,4,0,1,3,13,1,2,4,1,1,2,0,74,192,3,0,1,2,0,4,1,0,27,61,8,0,4,0,69,0,9,1,5,0,0,407,73,59,76,2,16,0,2,0,5,1,8,105,32,0,1,16,14,4,0,0,0,2,3,0,0,0,0,7,1,0,1,127,0,43,8,21,0,0,0,0,4,1,205,25,0,1,90,4,6,0,0,0,0,16,11,0,0,2,1,0,3
1,0,0,0,2,1,4,0,0,1,6,0,0,5,12,0,0,0,0,1,2,0,0,169,0,6,2,0,41,8,1,531,4,0,0,0,106,13,2,1,5,0,1,11,2,2,6,3,14,89,11,0,0,0,0,18,123,0,1,240,0,0,7,260,8,6,0,0,1,0,4,0,2,4,1,5,150,0,0,0,210,2,0,0,0,4,0,0,1,8,202,0,1,3,1,22,2,7,0,1,2,0,0,0,1,0,0,0,2,0,0,12,4,0,46,3,2,1,0,0,4,0,541,1,1,0,0,41,45,9,0,6,0,2,49,1,13,1,0,9,15,0,1,1,0,0,0,0,0,0,1,1,2,0,8,0,0,0,1,0,4,0,1,1,0,603,11,0,0,0,4,4,0
0,3,2,1,15,7,2,0,2,3,3,2,0,109,34,0,0,1,1,12,2,3,2,21,0,9,3,1,482,5,3,519,5,3,2,0,249,4,15,17,21,4,3,35,1,1,24,1,76,654,9,1,0,1,5,274,178,1,3,160,5,0,9,769,0,68,1,8,3,4,21,3,3,69,0,3,792,2,7,5,203,0,0,2,1,2,1,0,1,15,375,0,0,3,9,43,15,12,1,4,2,0,4,3,0,0,3,5,9,0,0,30,2,4,37,2,7,3,0,3,1,3,228,4,4,0,0,14,352,3,0,80,0,18,356,1,34,0,43,5,211,0,10,3,0,0,4,5,0,0,0,0,0,0,4,0,0,0,0,1,4,3,169,0,0,140,27,0,1,0,40,2,0
0,1,0,0,0,0,2,0,0,0,2,0,0,0,45,0,0,0,0,12,1,0,0,3,0,0,0,0,205,1,0,63,0,5,0,0,5,0,1,4,0,2,0,0,1,0,1,1,2,286,1,0,0,0,0,7,160,0,0,0,0,0,2,32,0,37,1,1,0,0,7,0,0,0,0,1,148,0,2,2,30,1,0,1,0,3,0,0,0,3,26,0,1,2,0,1,2,2,0,0,0,0,0,6,0,0,0,0,0,1,0,7,0,4,0,5,5,0,0,0,0,0,9,0,1,0,0,1,66,2,0,5,0,2,32,0,10,0,2,0,9,0,16,4,0,0,0,0,0,0,0,1,0,0,2,0,0,0,0,0,1,0,4,0,0,20,2,0,0,0,0,0,1
1,210,13,11,2,170,0,0,0,7,0,5,0,0,0,0,0,0,92,45,26,129,11,0,173,81,15,0,0,0,1,0,39,0,0,0,1,0,0,0,2,2,13,0,0,5,10,0,6,0,0,0,2,0,1,0,1,16,0,0,1,0,0,0,0,0,9,0,2,0,16,0,1,36,14,0,0,0,2,1,0,0,14,0,0,0,3,0,3,0,0,0,0,0,0,0,0,0,2,45,3,0,3,0,140,0,30,0,0,0,0,28,11,0,15,0,0,0,2,2,0,2,0,2,0,0,0,0,0,17,0,0,0,0,0,0,0,0,0,0,0,0,0,1,0,24,6,271,9,0,0,2,0,1,24,3,0,4,36,239,1,0,0,2,0,0,1,0,0,11,0,0,7
0,1,1,8,0,8,0,0,0,0,0,2,0,0,0,0,0,0,2,0,226,1,134,0,2,2,187,0,0,0,0,0,3,0,0,0,0,0,0,0,0,5,1,0,0,2,0,3,4,0,0,0,6,0,1,0,0,14,0,0,2,0,0,0,0,0,0,0,0,0,0,0,0,1,2,0,0,0,0,0,0,0,0,0,0,0,2,0,1,0,0,0,0,0,0,0,0,0,2,9,2,0,0,0,5,0,5,0,0,0,0,2,0,0,0,0,0,0,0,1,0,0,0,14,0,0,0,0,0,1,0,0,0,0,0,0,0,0,0,0,0,0,0,4,0,8,0,6,0,0,0,0,0,0,0,0,0,0,0,4,0,0,0,0,0,0,0,0,0,0,0,0,0
0,2,1,0,5,2,2,7,0,0,0,1,0,16,15,0,3,0,4,1,0,1,0,0,0,0,0,0,0,0,25,0,0,0,10,0,0,0,0,1,0,0,2,204,1,0,0,0,1,0,0,3,0,0,0,0,0,0,538,0,0,1,4,0,0,1,2,5,0,0,0,2,1,0,0,0,0,0,0,0,1,0,1,2,1,0,1,2,1,0,0,0,4,0,0,1,114,0,0,0,0,9,1,0,3,5,1,0,1,14,0,0,0,0,0,0,1,0,0,0,1,0,0,0,0,73,0,0,0,0,0,0,17,0,1,29,1,57,0,9,0,1,0,1,2,1,1,0,0,0,1,0,32,0,1,0,1,0,0,0,1,0,0,1,753,0,0,4,0,0,0,0,0
583,10,31,12,2,5,1,0,0,5,5,328,1,5,0,7,0,277,6,2,6,1,19,10,20,5,10,0,0,792,2,5,31,1,0,3,5,3,2,1,9,204,7,0,8,20,8,6,11,0,178,0,2,0,56,7,57,315,0,3,110,0,1,3,330,0,101,4,6,0,13,0,82,7,40,0,2,0,11,13,3,51,8,5,4,2,373,0,2,4,7,0,3,130,23,19,0,0,5,14,8,0,5,0,54,0,23,12,0,4,0,17,12,2,42,2,6,7,0,321,9,1,5,8,49,0,0,7,90,12,0,4,0,144,1,184,0,0,0,24,0,0,1,5,0,7,12,7,3,0,2,0,1,192,9,1,0,1,4,1,3,0,0,45,0,5,1,0,0,420,2,1,11
0,0,0,0,0,0,0,826,0,0,0,0,0,0,0,0,0,0,0,0,0,0,0,0,0,0,0,728,0,0,0,0,0,0,3,0,0,0,0,0,0,0,0,0,0,0,0,0,0,0,0,56,0,1182,0,0,0,0,0,0,0,1325,3,0,0,0,0,0,0,0,0,83,0,0,0,0,0,1026,0,0,0,0,0,0,0,0,0,2,0,0,0,0,0,0,0,0,0,0,1,0,0,21,0,0,0,0,0,0,45,3,834,0,0,0,0,0,0,0,0,0,0,0,0,0,0,1,2,0,0,0,12,6,16,0,0,6,0,0,0,0,0,0,0,0,0,0,0,0,0,1134,0,0,1,0,0,0,38,0,0,0,0,113,0,0,0,0,0,3,0,0,0,0,0
0,0,0,0,0,0,0,35,0,0,0,0,0,0,0,0,0,0,0,0,0,0,0,0,0,0,0,47,0,0,0,0,0,0,0,0,0,0,0,0,0,0,0,0,0,0,0,0,0,0,0,989,0,17,0,0,0,0,0,0,0,0,0,0,0,0,0,0,0,0,0,472,0,0,0,0,0,2,0,0,0,0,0,0,0,0,0,282,0,0,0,0,0,0,0,0,0,0,0,0,0,1,0,0,0,0,0,0,4,0,4,0,0,0,0,0,0,0,0,0,0,0,0,0,0,0,0,0,0,0,12,0,1,0,0,0,0,0,0,0,0,0,0,0,0,0,0,0,0,21,0,0,0,0,0,0,348,0,0,0,0,1,0,0,0,0,0,1,0,0,0,0,0
2,0,0,0,1,1,8,30,0,2,0,0,1,30,14,0,5,0,0,1,0,0,0,0,0,0,0,11,0,0,3,0,1,0,130,20,0,0,0,4,0,0,2,54,1,0,1,0,3,0,0,6,0,30,0,0,0,0,50,0,0,15,21,0,0,0,1,1,0,1,0,27,2,0,0,5,0,20,0,1,0,0,1,0,0,0,0,293,0,1,0,0,0,2,0,0,22,0,0,0,0,997,0,0,0,10,0,1,3,629,3,0,0,0,4,2,0,0,0,0,0,0,0,0,0,71,8,0,0,0,64,1,32,1,4,383,0,83,0,2,0,2,0,0,2,0,2,0,0,3,5,0,40,0,0,0,206,0,0,0,1,2,0,0,28,0,0,126,0,0,0,0,0
0,0,0,0,1,0,2,1,9,0,0,0,1,0,0,0,0,0,0,0,0,0,0,0,0,0,0,5,0,0,0,0,0,17,4,0,0,23,60,6,1,0,0,0,0,0,0,0,0,0,0,0,0,9,0,0,0,0,3,0,0,27,8,0,0,1,0,0,1,1,0,0,0,0,0,0,0,31,0,0,0,0,0,0,0,0,0,3,0,0,0,0,0,0,0,18,0,1,0,0,0,22,0,1,0,2,0,0,214,2,4,0,0,0,0,0,0,0,1,0,0,0,0,0,0,0,1,1,0,0,2,66,82,0,0,15,15,17,0,0,1,20,0,0,0,0,0,0,0,1,0,0,21,0,0,0,7,0,0,0,0,1,0,0,11,0,1,0,0,0,0,0,0
0,27,4,2,3,2,0,0,0,15,1,3,0,0,0,1,2,2,4,13,0,14,23,0,2,8,6,0,0,0,14,0,22,0,0,3,0,1,0,0,6,6,1,1,3,11,26,8,19,0,15,0,7,0,4,2,1,8,0,0,0,0,0,0,4,0,6,0,8,0,8,0,0,1,4,0,0,0,25,8,0,0,1,1,4,0,2,0,1,0,0,0,0,3,0,1,0,0,0,3,5,0,1,0,19,0,0,14,0,0,0,3,2,0,4,2,3,1,3,2,1,1,0,8,0,0,0,0,0,2,0,0,0,1,0,0,0,0,0,3,0,0,0,0,0,5,6,20,1,0,0,9,6,2,6,0,0,0,6,1,7,0,0,0,0,0,0,0,0,8,0,5,5
0,61,0,1,0,8,0,0,0,48,14,1,0,0,0,1,1,14,3,14,13,7,6,1,9,24,1,0,0,4,21,1,29,0,0,92,3,0,0,0,41,0,0,1,15,13,83,4,6,4,17,0,0,0,16,4,25,1,0,1,12,0,3,1,9,0,2,2,31,0,216,0,0,0,3,0,1,0,489,217,0,6,1,37,32,18,4,0,5,21,7,0,31,9,11,1,9,0,0,0,18,0,1,0,4,0,0,236,0,0,0,24,21,0,1,29,31,2,2,9,2,4,3,0,6,0,0,0,5,4,0,0,0,3,0,0,0,0,0,13,0,0,0,1,0,0,9,46,2,0,0,44,5,8,8,1,0,0,18,3,5,0,10,2,0,2,0,0,49,20,0,13,3
2,0,0,0,32,0,1,2,3,3,14,0,0,29,0,0,0,1,0,0,0,1,0,21,0,5,0,2,1,81,0,8,0,7,0,1,2,59,29,1,1,1,1,66,0,0,6,0,16,2,23,0,0,3,1,3,10,0,5,9,1,1,3,3,0,2,0,3,2,0,9,3,45,1,0,0,0,1,3,1,1,0,0,1,0,1,0,1,3,6,19,0,0,1,0,644,18,39,0,0,0,0,4,0,0,0,0,0,184,0,1,9,0,1,5,0,0,2,0,0,0,0,1,0,2,1,6,168,0,0,3,75,70,0,1,0,11,4,8,1,6,6,1,0,0,0,0,1,0,0,0,0,4,1,2,0,0,0,0,1,0,1,0,0,18,48,5,1,0,2,24,0,1
5,21,9,0,0,3,0,0,0,2,423,6,0,0,0,2,0,0,5,0,377,13,105,1,0,20,100,0,0,20,2,0,0,0,0,0,0,0,0,0,6,79,3,0,0,1,12,38,15,0,85,0,24,0,1,0,2,74,0,193,1,0,3,1,22,0,0,33,1,0,52,0,0,0,1,0,2,0,1,0,9,7,0,2,1,0,8,0,339,3,2,0,0,1,0,3,0,0,0,3,2,0,0,0,2,0,0,0,0,0,0,307,9,0,5,0,2,0,1,1,1,0,8,15,0,0,1,9,8,0,0,0,0,1,0,2,0,0,0,3,0,0,0,1,0,6,2,0,0,0,0,0,0,0,13,356,0,0,13,1,0,0,0,0,0,3,0,1,0,7,0,1,0
0,0,0,0,0,3,0,0,0,11,1,0,0,0,2,9,0,125,0,1,0,0,0,1,4,0,0,0,0,0,5,0,0,0,1,63,1,0,0,0,1,0,3,0,2,0,0,20,18,0,1,0,0,0,2,2,2,0,0,0,4,0,0,1,1,0,1,2,4,0,16,0,0,0,0,0,0,0,17,8,1,1,0,25,46,29,0,0,4,15,0,0,64,11,7,0,1,0,0,0,2,0,0,0,0,0,0,9,0,0,0,0,31,445,0,187,29,0,0,7,0,0,1,0,161,0,0,0,1,0,0,0,0,0,1,0,0,0,0,3,1,0,0,8,0,0,0,2,0,0,0,58,0,12,0,0,0,0,3,0,0,0,5,0,0,0,0,0,111,0,0,2,1
1,0,0,0,2,0,0,270,0,0,0,0,0,1,0,0,0,0,0,0,0,0,0,0,0,0,0,363,0,0,2,0,0,0,8,2,0,2,0,0,0,0,0,1,0,0,1,0,0,0,0,24,0,265,0,0,0,0,1,0,0,546,10,0,0,0,0,1,0,0,0,31,0,0,0,0,0,428,0,0,0,0,0,0,0,0,0,5,0,17,0,0,0,0,0,150,1,0,38,0,0,21,2,0,0,1,0,0,13,2,392,0,0,0,0,0,0,2,0,0,0,0,0,0,24,0,0,0,0,0,5,17,10,1,1,2,0,1,0,0,0,0,0,0,0,0,0,0,0,189,1,0,0,0,0,0,55,0,0,0,0,854,0,0,1,0,0,3,0,0,0,0,0
0,0,0,0,0,0,0,8,0,0,0,0,0,0,0,0,0,0,0,0,0,0,0,0,0,0,0,7,0,0,0,0,0,0,0,3,0,0,0,0,0,0,0,0,0,0,0,0,0,0,0,35,0,1,0,0,0,0,0,0,0,0,0,1,0,0,0,0,0,0,0,25,0,0,0,0,1,0,0,0,0,0,0,0,0,0,0,8,0,0,0,0,0,0,0,5,0,0,0,0,0,0,0,0,0,0,0,0,0,0,1,0,0,1,0,0,1,0,0,0,0,0,0,0,0,0,0,0,0,0,5,0,1,0,0,0,0,0,0,0,0,0,0,0,0,0,0,0,0,1,0,0,0,0,0,0,39,0,0,0,0,6,0,0,0,0,0,0,0,0,1,0,0
