0.84942,0.2339,0.39757,0.37288,0.22528,0.26855,0.95525,0.66047,0.85634,0.33044,0.71524,0.46283,0.88208,0.5876,0.50727,0.35567,0.5216,0.39435,0.55155,0.42838,0.48771,0.46573,0.34653,0.49546,0.23338,0.50838,0.23871,0.60639,0.60424,0.80081,0.24936,0.45634,0.2056,0.81295,0.53434,0.30498,0.32896,0.75988,0.76808,0.65974,0.49895,0.28027,0.30679,0.22009,0.45643,0.18411,0.3434,0.4519,0.16148,0.59603,0.24653,0.71604,0.5566,0.75607,0.61998,0.30761,0.22964,0.49921,0.58054,0.28725,0.41055,0.67329,0.41038,0.63825,0.41852,0.40968,0.25029,0.73046,0.30407,0.7818,0.47783,0.47576,0.61628,0.18587,0.66716,0.97227,0.63851,0.66775,0.43544,0.31994,0.26032,0.71587,0.3785,0.67675,0.69173,0.67267,0.46739,0.35048,0.53686,0.37636,0.38849,0.98978,0.72362,0.67073,0.54348,0.52965,0.51995,0.74888,0.59157,0.24277,0.37745,0.75037,0.53197,0.91887,0.18937,0.95779,0.33649,0.25431,0.61931,0.701,0.65907,0.41421,0.26917,0.69811,0.15528,0.25758,0.48517,0.69118,0.3795,0.60279,0.45946,0.5529,0.59868,0.4617,0.29908,0.77669,0.53881,0.66786,0.51912,0.45862,0.49631,0.29973,0.68378,0.3442,0.47712,0.37587,0.60383,0.46283,0.80051,0.41935,0.4,0.68903,0.62805,0.4621,0.85733,0.3432,0.34973,0.33624,0.43826,0.80835,0.64655,0.3314,0.34171,0.51533,0.43552,0.89801,0.27294,0.57286,0.23007,0.50314,0.34766,0.84356,0.44051,0.587,0.68597,0.67727,0.70312,0.69016,0.42827,0.57453,0.41995,0.66848,0.46237
0.55166
0,38,295,166,0,38,0,0,0,0,0,68,0,0,0,1,0,4,84,12,1,1,2,0,172,9,8,0,0,0,0,0,7,0,0,0,1,0,0,0,1,12,235,0,0,0,2,1,6,0,0,0,173,0,4,0,0,8,0,0,4,0,0,0,1,1,26,0,0,0,0,0,10,107,455,0,0,0,0,0,0,0,79,0,0,0,32,0,0,0,0,0,0,2,0,0,0,0,89,210,0,0,8,0,40,0,213,0,0,0,0,0,3,0,29,0,0,0,1,18,0,2,0,40,0,0,0,0,0,21,0,0,0,1,0,0,0,0,0,0,0,0,0,0,0,200,14,8,0,0,0,0,0,14,4,0,0,28,15,12,1,0,0,12,0,0,0,0,0,6,0,0,9
0,1,8,71,1,13,0,0,0,12,0,4,0,0,0,7,0,2,0,2,0,0,0,0,22,0,7,0,0,0,49,0,81,0,0,1,5,0,0,0,1,0,49,0,23,98,7,3,0,0,0,0,1,0,1,0,1,0,0,3,2,0,0,0,0,0,12,0,27,0,0,0,0,46,1,0,1,0,2,0,0,2,338,0,1,1,0,0,0,0,1,0,6,1,0,0,0,0,21,4,52,0,391,0,3,0,4,16,0,20,0,0,6,0,0,13,3,0,1,1,33,486,0,28,0,0,0,0,0,399,0,0,0,0,0,0,0,0,0,1,0,0,0,6,0,2,320,12,252,0,0,10,1,0,0,0,0,401,12,0,7,0,12,307,0,0,0,0,0,1,0,0,258
1,38,44,40,24,34,2,1,1,16,7,20,4,2,0,0,1,1,26,107,1,9,49,0,62,9,19,0,1,0,11,0,101,2,0,29,10,2,0,5,6,5,103,0,2,53,46,4,98,2,32,0,29,1,6,16,2,29,0,4,0,1,6,0,3,0,9,1,6,1,0,0,3,104,8,2,1,0,1,0,0,0,117,1,0,1,3,0,0,0,8,0,0,2,0,5,3,16,37,114,2,1,25,0,109,3,127,1,0,5,0,2,9,0,14,8,4,1,27,4,1,10,1,65,1,0,13,1,0,55,1,0,4,19,0,1,0,0,1,2,0,10,1,3,1,53,45,106,32,0,0,7,7,4,11,0,0,37,4,8,39,0,0,17,0,3,0,9,0,20,1,6,44
0,146,156,39,0,99,0,0,0,0,0,22,0,0,0,0,0,0,444,9,52,29,32,0,28,22,77,0,0,3,0,0,0,0,0,0,2,0,0,0,3,174,59,0,0,0,1,0,12,0,3,0,354,0,1,0,1,118,0,0,3,0,1,0,0,0,5,1,3,0,8,0,1,21,80,0,0,0,0,0,0,0,7,0,0,0,28,0,52,0,0,0,0,2,0,0,0,0,22,175,0,0,0,0,50,0,63,0,0,0,0,17,1,0,54,0,0,0,0,3,1,0,0,18,0,0,0,0,2,7,0,0,0,2,0,0,0,0,0,0,0,0,0,1,0,232,1,9,0,0,0,0,0,4,22,5,0,0,127,22,0,0,0,0,0,0,0,0,0,1,0,0,1
0,7,29,72,0,27,0,0,0,1,0,2,0,0,0,0,0,0,4,2,1,2,0,0,26,3,0,0,0,0,0,0,2,0,0,0,0,0,0,0,1,0,37,0,0,1,0,0,0,0,0,0,1,0,0,0,0,0,0,0,0,0,0,0,0,0,4,0,0,0,0,0,0,121,1,0,0,0,0,0,0,0,53,0,0,0,0,0,0,0,0,0,0,1,0,0,0,0,4,44,1,0,17,0,14,0,32,0,0,0,0,1,0,0,4,1,0,0,0,0,1,7,0,1,0,0,0,0,0,73,0,0,0,0,0,0,0,0,0,0,0,0,0,0,0,12,21,20,8,0,0,0,0,3,0,0,0,48,0,1,0,0,0,8,0,0,0,0,0,0,0,0,10
3,97,17,11,89,72,1,0,0,19,9,20,0,0,1,0,10,1,28,317,21,80,113,1,32,106,14,0,2,2,11,6,54,0,0,5,20,4,0,0,32,10,13,3,1,34,277,8,140,5,133,0,6,0,27,25,13,10,4,1,7,0,3,8,5,0,28,8,14,0,26,0,6,23,5,0,12,0,4,7,2,0,14,0,1,0,7,0,4,1,14,0,0,5,2,9,1,3,7,62,1,0,6,0,120,0,40,5,2,1,0,53,24,0,25,5,6,16,107,9,2,1,3,13,3,0,0,4,3,23,0,2,0,21,3,1,0,0,0,5,0,0,0,17,1,42,46,78,2,0,0,8,88,5,47,2,0,5,48,17,163,1,8,6,0,15,3,0,0,39,1,17,27
0,0,87,286,0,2,0,0,0,0,0,19,0,0,0,0,2,0,0,2,0,0,7,0,5,0,90,0,0,0,4,0,34,0,0,0,0,0,0,0,0,1,186,0,11,57,0,7,12,0,4,0,12,0,0,0,0,1,0,0,16,0,0,0,0,0,8,0,0,0,0,0,0,14,4,0,0,0,0,0,0,0,126,0,0,0,3,0,0,0,0,0,0,1,0,0,0,0,449,82,8,0,21,0,2,0,59,0,0,0,0,1,158,0,0,0,2,0,0,1,18,2,0,428,0,0,0,0,0,17,0,0,0,0,0,0,0,0,0,0,0,0,0,21,0,27,24,3,3,0,0,0,1,1,0,0,0,12,0,0,3,0,0,35,0,0,0,0,0,0,0,0,11
0,3,0,1,0,1,0,0,0,0,1,0,0,0,9,0,1,0,3,0,0,3,0,0,0,0,0,0,0,0,3,0,0,0,2,1,0,0,0,1,0,0,1,36,0,0,2,0,0,0,0,1,0,0,0,1,0,0,7,1,0,0,1,0,1,0,0,2,0,0,0,0,0,0,3,1,0,0,0,0,0,0,0,0,0,1,3,1,3,0,0,0,0,1,0,0,0,0,0,0,0,1,0,0,0,1,0,0,0,1,0,0,0,0,13,2,0,0,0,0,0,0,0,2,0,1,0,1,1,0,0,0,0,0,0,11,0,19,0,9,0,0,0,0,0,0,0,0,0,0,1,0,15,0,0,0,1,0,1,0,0,1,0,0,115,0,0,2,0,2,0,0,0
4,0,0,0,38,0,9,3,69,0,12,0,113,5,349,0,0,2,0,6,3,0,0,382,0,0,0,2,11,11,0,7,0,250,5,2,192,171,246,59,0,0,0,18,0,1,0,1,19,4,2,4,0,1,1,14,7,0,2,24,0,2,21,6,0,377,0,4,0,196,6,12,0,0,0,11,6,2,0,0,227,0,0,0,1,0,0,5,2,3,26,13,0,13,1,35,27,835,0,0,16,6,0,121,0,6,0,0,6,0,1,7,0,27,4,1,0,3,0,1,0,0,9,0,3,0,19,744,2,0,66,172,20,2,2,5,287,1,1260,1,159,277,515,0,0,0,0,1,0,0,6,0,0,0,0,0,10,0,0,78,0,7,7,0,3,8,118,1,0,0,362,0,0
0,0,0,0,0,0,0,23,0,0,0,0,0,0,0,0,0,0,0,0,0,0,0,0,0,0,0,10,0,0,0,0,0,0,4,0,0,0,0,0,0,0,0,0,0,0,0,0,0,0,0,139,0,9,0,0,0,0,0,0,0,0,0,0,0,0,0,0,0,0,0,167,0,0,0,0,0,6,0,0,0,0,0,0,0,0,0,29,0,0,0,0,0,0,0,0,0,0,0,0,0,15,0,0,0,0,0,0,0,9,1,0,0,0,0,0,0,0,0,0,0,0,0,0,0,2,0,0,0,0,146,0,0,0,0,2,0,0,0,0,0,0,0,0,0,0,0,0,0,2,0,0,0,0,0,0,257,0,0,0,0,0,0,0,0,0,0,1,0,0,0,0,0
0,0,0,0,8,2,13,5,1,4,1,0,0,7,2,0,12,0,0,0,1,0,0,0,0,0,0,1,0,0,1,0,0,1,34,9,0,0,0,2,0,0,2,131,0,0,2,0,53,0,0,2,0,5,1,0,0,0,27,1,0,4,13,0,0,0,1,0,2,0,0,8,0,0,37,7,0,4,2,0,0,0,2,0,0,0,0,89,0,1,0,2,1,0,0,2,10,1,0,0,0,97,0,0,0,2,0,2,2,55,0,0,4,0,2,16,2,1,0,0,0,0,3,0,1,12,2,0,0,0,22,1,19,0,1,195,0,78,0,3,0,1,0,0,1,0,2,0,1,0,10,1,19,0,1,0,26,0,0,5,1,0,0,0,13,0,0,27,0,0,3,1,0
0,1,0,0,20,0,0,1,86,2,0,0,2,32,6,0,2,0,0,4,0,0,0,0,0,3,1,1,1,0,3,2,3,6,3,1,0,7,17,3,2,0,2,161,1,4,13,2,15,1,3,0,0,1,0,15,0,0,12,24,1,9,8,7,2,14,1,3,3,7,9,0,1,1,1,2,3,7,2,1,24,0,1,3,0,5,0,0,0,15,4,4,3,1,0,156,4,28,1,0,3,16,24,0,1,6,0,1,3,7,1,1,1,0,47,1,3,0,0,0,1,0,7,0,1,3,9,28,3,1,1,13,104,1,5,87,11,249,44,16,4,43,0,1,0,0,9,1,0,0,0,1,286,0,0,0,0,0,0,3,6,1,0,0,27,6,8,2,0,0,63,0,5
1,0,0,0,117,0,0,2,2,1,0,2,0,176,1,1,0,0,0,14,0,0,0,60,0,2,0,0,3,3,0,6,0,0,10,0,2,0,0,0,0,0,0,43,1,5,8,2,21,1,0,0,0,0,7,272,13,0,1,3,1,0,10,32,0,1,6,5,7,0,5,0,46,3,0,0,10,0,4,12,10,1,0,6,0,1,0,2,0,21,3,0,0,4,0,18,102,3,0,0,3,1,0,1,0,0,0,8,1,0,0,3,0,19,0,2,4,4,0,4,0,0,0,0,12,0,0,9,2,0,8,6,1,264,8,1,5,0,16,9,15,0,4,1,0,0,0,1,0,0,2,1,0,0,1,0,2,0,0,1,1,1,8,0,0,6,8,0,1,1,248,1,1
0,3,4,13,1,57,0,0,0,61,0,25,0,0,0,138,0,129,4,21,3,7,17,0,89,1,25,0,1,0,95,0,180,0,0,0,4,0,0,0,2,4,13,1,54,187,48,10,11,1,11,0,2,0,40,0,3,1,0,1,12,0,0,0,7,0,215,0,92,0,5,0,5,58,6,0,0,0,13,16,0,4,97,4,0,4,6,0,0,0,0,0,1,14,4,0,0,0,19,14,113,1,162,0,32,0,12,26,0,7,0,0,12,0,0,68,7,1,25,39,34,241,0,52,3,0,0,0,0,149,0,0,0,1,0,1,0,0,0,11,0,0,0,6,0,2,169,93,145,0,0,98,7,49,0,0,0,106,10,29,47,0,47,60,0,0,0,0,3,14,0,12,93
0,64,4,0,0,27,0,0,0,0,6,3,0,0,0,0,0,0,17,10,6,254,15,0,3,182,11,0,0,1,0,0,0,0,0,0,0,0,0,0,0,4,0,0,0,0,1,0,2,0,2,0,2,0,0,0,0,7,2,1,0,0,2,1,0,0,0,12,1,0,5,0,0,2,2,1,0,0,0,0,0,0,0,0,0,0,0,0,23,1,1,0,0,0,0,0,0,0,0,8,0,0,0,0,28,0,4,0,0,0,0,25,3,0,22,0,0,0,2,0,0,0,0,0,0,0,0,0,1,0,0,0,0,0,0,0,0,0,0,0,0,0,0,0,0,5,0,9,0,0,0,0,0,0,80,2,0,0,83,1,1,0,0,0,0,0,0,0,0,0,0,0,0
2,0,0,0,0,0,0,0,0,1,3,0,0,0,1,0,0,0,0,1,1,0,0,0,0,2,0,0,11,0,3,9,1,0,0,2,5,0,0,2,14,0,0,0,1,1,18,0,3,25,0,0,1,0,3,2,46,0,0,22,1,0,1,49,0,9,0,1,2,1,0,0,0,1,0,1,76,0,2,1,102,0,0,1,1,1,0,0,1,0,101,0,1,0,1,1,0,2,0,0,0,0,0,1,0,0,0,7,0,0,0,0,2,0,1,1,3,1,3,2,0,0,42,0,0,0,1,1,42,0,0,1,0,1,36,0,3,0,1,0,1,1,1,0,0,0,2,0,0,0,0,0,1,0,1,0,0,0,0,0,6,0,0,0,0,1,0,0,0,2,0,14,1
7,0,0,0,0,0,5,1,4,0,13,0,9,0,1,0,1,0,0,2,1,0,0,0,0,2,0,1,0,0,2,1,0,4,2,1,0,3,1,17,4,0,0,0,0,0,1,0,0,0,3,0,0,3,0,0,1,0,6,69,0,2,18,0,0,26,0,2,0,28,0,1,0,0,0,2,1,0,0,0,0,0,0,1,0,0,0,3,19,0,22,1,0,0,0,5,0,4,0,0,0,1,0,2,0,5,0,0,12,1,0,0,0,1,0,0,1,0,0,1,0,0,17,0,0,0,354,3,0,0,0,6,17,0,1,2,18,0,1,0,1,39,0,0,1,0,0,0,0,0,1,0,0,0,0,1,0,0,0,0,0,0,0,0,6,0,1,470,0,0,0,0,0
40,5,5,1,5,4,0,1,0,14,2,147,0,0,0,13,2,405,0,6,8,0,6,1,13,8,2,0,0,50,16,0,42,0,0,11,3,0,0,1,9,73,0,1,4,15,23,3,4,0,14,0,0,0,540,9,21,6,0,0,38,0,1,1,48,0,217,3,29,0,7,0,424,1,8,0,2,0,28,15,0,9,2,0,1,1,430,0,0,0,7,0,0,495,350,1,0,2,2,8,13,0,3,0,11,0,2,14,0,47,0,15,2,3,8,104,8,5,11,692,0,6,0,7,10,0,0,0,5,13,0,1,0,149,0,21,1,0,0,13,0,0,1,2,0,3,17,3,12,0,0,18,21,353,7,0,0,1,1,0,7,0,0,1,0,0,0,0,2,124,0,16,12
0,0,0,13,0,0,0,0,0,16,0,0,0,0,0,7,0,1,0,0,0,0,11,0,3,0,16,0,0,0,69,0,20,0,0,4,3,0,0,0,0,0,3,0,440,120,8,75,0,0,0,0,0,0,2,0,4,0,0,0,53,0,0,0,11,0,5,1,42,0,0,0,0,1,0,0,0,0,19,27,0,27,5,99,15,37,0,0,0,0,0,0,27,0,0,0,1,0,19,0,308,0,28,0,2,0,0,62,0,3,0,0,2,0,0,5,57,0,0,2,323,19,0,62,1,0,0,0,0,3,0,0,0,0,0,0,0,0,0,33,0,0,0,87,0,0,11,5,17,0,0,12,1,0,0,0,0,10,0,0,3,0,9,8,0,0,0,0,1,0,0,2,2
2,0,0,0,0,0,2,1,2,0,0,0,1,0,0,0,2,0,0,0,0,0,0,0,0,0,0,1,0,0,0,0,0,4,0,0,0,10,7,6,0,0,0,2,0,0,0,0,0,0,0,4,0,4,0,0,0,0,0,0,0,5,3,0,0,0,0,0,0,0,0,1,0,0,0,2,0,2,0,0,0,0,0,0,0,0,0,8,0,0,1,1,0,0,0,26,0,0,0,0,0,5,0,1,0,2,0,0,885,0,1,0,0,0,0,0,0,0,0,0,0,0,0,0,0,3,8,1,0,0,1,45,1079,0,0,1,12,4,0,0,0,18,0,0,0,0,0,0,0,1,0,0,4,0,0,0,4,0,0,0,0,0,0,0,27,0,0,2,0,0,0,0,0
11,0,0,0,180,1,1,0,0,1,4,0,0,59,24,0,52,0,0,0,0,1,0,1,0,0,0,2,0,0,20,0,0,0,49,1,0,0,0,0,0,84,1,30,0,0,0,0,5,0,0,1,0,3,0,0,0,0,5,2,0,2,3,0,0,1,0,17,0,0,1,0,0,0,2,0,0,0,0,1,2,1,0,0,0,0,0,3,0,1,0,0,0,0,1,1,1,0,0,0,0,4,0,0,0,0,0,0,0,1,0,0,2,2,2,1,0,0,0,0,0,0,1,0,0,67,0,0,0,0,4,0,2,0,0,13,0,4,0,8,0,0,4,0,81,0,0,3,0,2,375,0,2,0,3,0,1,0,1,1,0,0,0,0,31,0,0,0,1,1,0,0,0
1,0,0,0,2,0,1793,0,3,0,10,0,12,0,0,0,1,0,0,0,0,0,0,0,0,0,0,0,0,1,0,0,0,6,0,1,0,8,6,360,1,0,0,1,0,0,2,0,0,0,0,0,0,0,0,1,1,0,8,5,0,0,62,0,0,7,0,1,1,5,0,0,0,0,0,2279,0,0,0,0,1,0,0,0,0,0,0,0,2,0,75,3585,0,0,0,2,10,44,0,0,0,0,0,5,0,1747,0,0,3,0,0,0,0,1,1,0,2,2,0,0,0,0,4,0,0,0,20,3,0,0,0,2,32,0,2,0,9,0,0,0,1,26,0,0,0,0,0,0,0,0,0,0,2,0,1,0,0,0,0,0,0,0,0,0,0,0,11,8,1,0,0,0,0
9,0,2,1,1,1,18,1,1,8,5,1,0,24,12,0,16,0,1,42,4,0,0,4,0,4,1,0,2,0,13,2,6,0,34,4,1,0,0,1,1,0,1,32,0,0,4,1,4,2,0,4,1,1,3,117,1,0,218,7,0,1,1,4,0,1,4,0,14,0,3,2,4,3,1,1,0,0,0,2,6,0,2,6,2,6,0,7,1,1,1,1,10,4,0,3,417,0,0,3,1,21,2,0,0,6,0,2,3,19,2,0,0,19,2,9,6,376,2,3,0,4,2,0,16,31,15,3,1,3,0,0,9,0,227,1,0,3,0,0,0,0,10,11,20,0,13,0,3,0,6,9,4,1,5,0,1,7,1,0,1,0,5,5,16,5,0,9,2,1,3,5,2
1,3,0,2,7,17,0,0,0,269,0,4,0,0,0,64,26,49,1,9,0,6,67,0,42,7,12,0,5,1,154,0,143,0,0,14,13,0,0,0,51,3,0,22,138,179,163,86,32,1,55,0,1,0,46,0,16,2,0,0,76,0,2,1,42,1,90,4,212,0,24,0,0,4,0,0,0,0,226,126,0,53,14,68,39,48,3,0,6,2,0,0,70,8,198,3,1,0,1,0,124,1,14,0,17,0,2,209,0,19,0,2,20,0,0,121,65,12,35,11,95,58,0,19,16,0,0,0,1,23,0,1,0,10,0,0,0,0,0,171,0,0,0,33,0,2,49,47,57,0,0,229,72,17,1,0,0,20,27,25,25,0,104,5,0,0,0,0,200,13,0,20,17
0,7,0,4,60,14,0,3,0,305,6,14,0,1,4,9,164,10,2,58,3,2,107,3,25,5,18,2,26,0,195,3,213,3,0,190,81,0,0,1,238,6,1,49,151,190,432,172,66,17,231,1,0,0,92,76,50,2,0,0,100,0,6,10,63,2,106,11,239,0,53,1,3,5,1,0,25,0,225,123,6,66,9,75,55,122,10,0,5,66,34,0,102,10,27,9,8,2,9,2,51,1,11,2,10,0,6,208,0,19,0,3,40,13,4,98,163,101,137,13,87,26,1,36,77,0,1,2,34,29,0,7,0,120,10,1,0,0,0,351,1,1,7,95,0,0,119,24,27,0,1,127,340,12,4,0,0,13,52,8,186,2,311,8,0,0,1,0,22,38,4,246,32
0,0,0,0,0,1,2,0,0,15,0,0,0,0,0,126,4,4,0,0,0,1,16,0,1,0,7,0,4,1,31,0,0,0,0,153,16,0,0,0,2,1,0,0,103,16,2,465,1,3,7,0,0,0,1,0,15,3,0,0,319,0,0,0,235,0,1,33,30,0,13,0,1,0,0,0,1,0,39,88,3,582,0,716,460,598,0,0,76,242,0,0,864,0,9,0,1,0,0,0,67,0,0,0,0,0,0,90,0,4,0,0,128,32,0,31,409,3,0,0,82,5,0,0,121,0,0,0,4,0,0,0,0,1,2,0,0,0,0,125,0,0,1,378,0,0,0,2,1,0,0,54,4,0,1,0,0,3,4,0,2,0,10,1,0,0,0,0,72,0,0,1,0
0,0,0,0,0,0,0,19,0,1,0,0,0,0,0,0,0,3,0,0,0,0,0,0,0,0,0,7,0,0,0,0,0,0,36,3,0,0,0,0,0,0,0,3,0,0,0,0,96,0,0,101,0,3,1,0,0,0,0,0,0,0,1,0,0,0,0,0,0,0,0,137,0,0,0,0,0,2,0,0,0,0,0,0,0,0,0,29,0,0,0,0,0,0,0,3,1,0,0,0,0,43,0,0,0,0,0,0,0,7,4,0,2,0,0,2,0,1,0,0,0,0,0,0,3,3,0,0,0,0,403,0,1,0,0,4,0,0,0,0,0,0,0,0,0,0,0,0,0,2,1,0,0,0,0,0,241,0,0,0,0,10,0,0,0,0,0,7,0,0,1,0,0
1,0,0,0,147,1,2,7,20,0,17,0,10,711,96,0,338,1,0,0,0,0,0,0,0,0,0,3,0,0,23,0,0,0,389,1,0,0,0,1,0,14,0,10,0,0,0,0,2,0,1,5,0,11,0,0,0,0,31,2,0,10,8,0,0,1,0,0,0,3,0,4,42,0,0,3,1,1,0,0,0,0,0,0,0,0,0,27,1,2,0,1,0,1,0,2,13,0,0,0,0,24,0,0,0,6,0,0,0,17,8,0,0,0,21,1,0,0,0,0,0,0,5,0,0,953,7,1,1,0,3,0,15,0,1,17,0,20,0,3,0,0,1,0,661,0,0,0,0,55,169,0,3,0,1,0,12,1,0,0,0,0,0,0,46,0,0,1,1,0,0,0,0
7,0,0,0,26,0,6,6,1216,0,4,0,1152,2,60,0,1,0,0,0,1,0,0,89,0,0,0,1,3,2,0,8,1,1356,4,1,26,981,1285,952,0,0,0,8,0,0,0,0,1,1,0,4,0,7,0,7,2,0,7,24,0,11,174,3,0,381,0,1,0,885,0,15,0,0,0,16,3,7,0,0,20,0,0,0,0,1,0,36,0,5,28,14,0,2,0,17,14,116,0,0,1,22,0,1597,0,21,0,0,30,0,2,5,0,4,3,0,0,1,0,0,0,0,2,0,3,6,189,55,0,0,55,220,44,3,7,21,663,3,202,0,107,986,245,0,1,0,0,0,0,1,1,0,0,0,0,0,16,0,0,8,0,3,0,0,7,3,495,2,0,0,96,0,0
0,140,27,14,3,228,1,0,0,77,26,11,0,7,1,1,0,1,71,12,14,496,394,5,4,546,146,0,0,5,2,6,13,0,0,1,2,9,0,0,21,36,21,14,3,22,21,103,74,3,100,0,16,0,3,20,4,15,1,31,6,0,6,10,11,0,1,458,2,0,485,0,5,11,4,0,4,0,0,3,13,1,3,4,0,2,3,0,72,191,3,0,2,2,0,4,1,0,26,59,7,0,4,0,64,0,10,1,5,0,0,408,75,59,75,2,14,0,2,0,4,1,9,106,31,0,1,16,14,3,0,0,0,3,3,0,0,0,0,7,1,0,0,129,0,43,8,23,0,0,0,0,4,1,206,26,0,2,90,5,6,0,0,0,0,17,11,0,0,2,1,0,4
1,0,0,0,3,1,4,0,0,1,4,0,0,6,12,0,0,0,0,1,2,0,0,166,0,6,1,0,41,9,0,533,4,0,0,0,109,10,2,1,4,0,1,11,2,1,7,2,15,89,11,0,0,0,0,18,120,0,1,241,1,0,7,261,7,5,0,0,1,0,4,0,2,4,1,5,150,0,0,0,207,2,0,0,0,3,0,0,1,8,204,0,1,3,1,24,2,6,0,1,4,0,0,0,2,0,0,0,2,0,0,12,4,0,46,3,2,1,0,0,5,1,543,1,0,0,0,41,45,9,0,4,0,2,50,1,16,2,1,8,15,0,1,1,0,0,1,0,0,0,1,0,2,0,8,0,0,0,1,0,5,0,2,1,0,596,11,0,1,1,4,4,0
0,3,2,1,16,7,2,0,2,5,4,1,0,100,36,0,0,1,1,14,2,3,2,21,0,9,2,1,484,6,3,511,5,3,2,0,251,2,14,17,19,4,3,36,0,1,21,2,76,661,6,1,0,0,5,275,172,1,3,161,6,0,7,771,0,67,2,10,4,4,21,3,4,76,0,3,786,2,7,4,204,0,0,2,1,3,1,0,1,13,378,0,0,3,8,42,13,11,0,5,2,0,2,1,1,0,3,6,9,0,0,31,2,5,34,2,6,2,0,2,1,2,233,3,4,0,0,15,353,4,0,77,0,16,365,1,36,0,40,5,214,0,10,3,0,0,5,5,0,0,0,0,0,0,4,0,0,1,0,2,3,3,164,0,0,144,27,0,1,0,44,2,0
0,1,0,0,0,0,2,0,0,0,2,0,0,0,42,0,0,0,0,13,1,0,0,2,0,0,0,0,205,2,0,62,0,6,0,0,5,0,1,2,0,2,0,0,1,0,1,1,2,288,1,0,0,0,0,7,160,0,0,0,0,0,1,33,0,33,1,1,0,0,9,0,1,0,0,3,143,0,1,2,30,1,0,1,0,4,0,0,0,4,29,0,1,2,0,1,2,2,0,0,0,0,0,6,0,0,0,0,1,1,0,7,0,3,0,5,5,0,0,0,0,0,9,0,1,0,0,1,69,2,0,5,0,1,33,0,9,0,2,0,9,0,17,5,0,0,0,0,0,0,0,1,0,0,2,0,0,0,0,0,1,0,4,0,0,19,1,0,0,0,0,0,1
1,207,13,11,2,170,0,0,0,7,0,5,0,0,0,0,0,0,94,44,25,131,11,0,172,81,15,0,0,0,1,0,39,0,0,0,1,0,0,0,2,3,13,0,0,5,10,0,6,0,0,0,2,0,1,0,1,17,0,0,1,0,0,0,0,0,9,0,2,0,16,0,1,37,14,0,0,0,2,1,0,0,14,0,0,0,3,0,3,0,0,0,0,0,0,0,0,0,3,44,3,0,3,0,139,0,29,0,0,0,0,29,11,0,14,0,0,0,2,2,0,2,0,2,0,0,0,0,0,17,0,0,0,0,0,0,0,0,0,0,0,0,0,1,0,24,6,270,9,0,0,2,0,1,24,3,0,4,36,240,1,0,0,2,0,0,1,0,0,11,0,0,8
0,1,1,8,0,8,0,0,0,0,0,2,0,0,0,0,0,0,2,0,226,1,136,0,2,2,185,0,0,0,0,0,3,0,0,0,0,0,0,0,0,5,1,0,0,2,0,3,4,0,0,0,6,0,1,0,0,14,0,0,2,0,0,0,0,0,0,0,0,0,0,0,0,1,2,0,0,0,0,0,0,0,0,0,0,0,2,0,1,0,0,0,0,0,0,0,0,0,2,9,2,0,0,0,5,0,5,0,0,0,0,2,0,0,0,0,0,0,0,1,0,0,0,14,0,0,0,0,0,1,0,0,0,0,0,0,0,0,0,0,0,0,0,4,0,8,0,6,0,0,0,0,0,0,0,0,0,0,0,4,0,0,0,0,0,0,0,0,0,0,0,0,0
0,0,1,0,5,2,2,7,0,0,0,2,0,14,17,0,3,0,3,1,0,1,1,0,0,0,0,0,0,0,25,0,0,0,9,1,0,0,0,1,0,0,3,206,0,0,0,0,1,0,0,3,0,1,0,0,0,0,537,0,0,1,4,0,0,1,3,4,0,0,0,2,1,0,0,0,0,0,0,0,1,0,1,2,1,0,1,3,1,0,0,0,4,0,0,0,117,0,0,0,0,10,1,0,3,5,0,0,1,16,0,0,0,0,0,0,1,0,0,0,1,0,0,0,0,74,0,0,0,0,1,0,16,0,1,27,1,52,0,9,0,1,0,1,2,1,1,0,0,0,0,0,33,0,0,0,0,0,0,0,1,0,0,0,758,0,0,2,0,0,0,0,0
581,11,32,10,2,5,1,0,0,5,5,330,1,6,0,8,0,275,6,2,6,1,21,10,20,4,11,0,0,792,1,4,32,1,0,3,6,3,2,0,9,206,8,0,8,17,8,5,11,0,178,0,2,0,61,9,57,315,0,3,109,0,1,4,339,0,104,4,6,0,13,0,81,5,38,0,1,0,11,12,3,49,6,4,3,2,370,0,2,3,6,0,3,133,23,20,0,0,6,16,8,0,5,0,55,0,21,10,0,4,0,17,12,2,42,2,5,6,0,321,10,1,5,8,46,0,0,7,84,11,0,4,0,143,1,185,0,0,0,21,0,0,2,3,0,8,13,7,3,0,1,0,1,195,11,1,0,1,3,1,4,0,0,45,0,5,1,0,0,424,3,0,11
0,0,0,0,0,0,0,817,0,0,0,0,0,0,0,0,0,0,0,0,0,0,0,0,0,0,0,721,0,0,0,0,0,0,3,0,0,0,0,0,0,0,0,0,0,0,0,0,0,0,0,58,0,1184,0,0,0,0,0,0,0,1321,3,0,0,0,0,0,0,0,0,84,0,0,0,0,0,1025,0,0,0,0,0,0,0,0,0,2,0,0,0,0,0,0,0,0,0,0,1,0,0,21,0,0,0,0,0,0,45,3,839,0,0,0,0,0,0,0,0,0,0,0,0,0,0,1,2,0,0,0,10,6,17,0,0,7,0,0,0,0,0,0,0,0,0,0,0,0,0,1143,0,0,1,0,0,0,37,0,0,0,0,116,0,0,0,0,0,3,0,0,0,0,0
0,0,0,0,0,0,0,33,0,0,0,0,0,0,0,0,0,0,0,0,0,0,0,0,0,0,0,50,0,0,0,0,0,0,0,0,0,0,0,0,0,0,0,0,0,0,0,0,0,0,0,991,0,18,0,0,0,0,0,0,0,0,0,0,0,0,0,0,0,0,0,471,0,0,0,0,0,2,0,0,0,0,0,0,0,0,0,282,0,0,0,0,0,0,0,0,0,0,0,0,0,1,0,0,0,0,0,0,4,0,5,0,0,0,0,0,0,0,0,0,0,0,0,0,0,0,0,0,0,0,12,0,1,0,0,0,0,0,0,0,0,0,0,0,0,0,0,0,0,20,0,0,0,0,0,0,345,0,0,0,0,1,0,0,0,0,0,1,0,0,0,0,0
2,0,0,0,1,1,8,30,0,1,0,0,1,29,12,0,6,0,0,1,0,0,0,0,0,0,0,11,0,0,3,0,1,0,130,19,0,0,0,3,0,0,2,51,0,0,0,0,3,0,0,6,0,31,0,0,0,0,44,0,0,16,23,1,0,0,1,1,0,1,0,25,2,0,0,5,0,21,0,0,0,0,1,0,1,0,0,293,0,1,0,0,0,2,0,0,23,0,0,0,0,1004,0,0,0,11,0,1,2,633,4,0,0,0,2,2,0,0,0,0,0,0,0,0,0,70,8,0,0,0,64,1,35,1,4,377,0,82,0,4,0,2,0,0,2,0,2,0,0,2,4,0,41,0,0,0,208,0,0,0,1,2,0,0,28,0,0,129,0,0,0,0,0
0,0,0,0,1,0,2,1,9,0,0,0,1,0,0,0,0,0,0,0,0,0,0,0,0,0,0,6,0,0,0,0,0,16,4,0,0,21,62,6,1,0,0,0,0,0,0,0,0,0,0,0,0,9,1,0,0,0,3,0,0,27,8,0,0,0,0,0,1,1,0,0,0,0,0,0,0,30,0,0,0,0,0,0,0,0,0,3,0,0,0,0,0,0,0,18,1,1,0,0,0,22,0,1,0,2,0,0,215,2,4,0,0,0,0,0,0,0,0,0,0,0,0,0,0,0,1,1,0,0,2,66,85,0,0,15,16,16,0,0,1,19,0,0,0,0,0,0,0,1,0,0,20,0,0,0,7,0,0,0,0,1,0,0,10,0,1,0,0,0,0,0,0
0,26,4,2,4,2,0,0,0,15,1,3,0,0,0,1,2,2,4,13,0,14,23,0,2,8,5,0,0,0,14,0,21,0,0,3,0,1,0,0,6,6,1,1,3,11,27,9,19,0,15,0,7,0,5,2,1,8,0,0,0,0,0,0,4,0,5,0,8,0,8,0,0,1,4,0,0,0,25,8,0,0,1,1,4,0,2,0,1,0,0,0,0,3,0,1,0,0,0,2,5,0,1,0,20,0,1,14,0,0,0,3,2,0,4,2,3,1,3,2,1,1,0,8,0,0,0,0,0,2,0,0,0,1,0,0,0,0,0,2,0,0,0,0,0,5,6,19,1,0,0,9,6,1,6,0,0,0,6,1,9,0,0,0,0,0,0,0,0,8,0,5,5
0,62,0,1,0,7,0,0,0,50,12,1,0,0,0,1,2,14,3,14,13,7,6,1,9,25,1,0,0,4,21,1,29,1,0,91,3,0,0,0,40,0,0,1,15,11,84,4,5,4,18,0,0,0,16,4,25,2,0,1,12,0,3,1,8,0,2,2,31,0,216,0,0,0,3,0,1,0,489,215,0,6,1,35,32,18,4,0,5,21,6,0,31,9,11,3,9,0,0,0,18,0,1,0,4,0,0,236,0,0,0,24,21,0,1,31,32,2,2,9,2,4,3,0,5,0,0,0,5,4,0,0,0,3,0,0,0,0,0,13,0,0,0,1,0,0,10,45,2,0,0,45,5,8,8,1,0,0,17,3,5,0,10,2,0,2,0,0,49,20,0,14,3
2,0,0,0,34,0,1,2,4,3,15,0,0,28,0,0,0,1,1,0,0,1,0,23,0,6,1,2,1,79,0,7,0,9,0,1,1,57,30,2,1,1,1,64,0,0,6,0,16,1,23,0,0,3,1,3,8,0,5,9,1,2,3,3,0,2,1,3,1,0,11,3,44,1,0,0,1,1,3,1,1,0,0,1,0,1,0,1,3,8,19,0,0,1,1,643,17,39,0,0,0,0,4,0,0,0,0,0,185,0,0,10,0,1,5,0,0,2,0,0,0,0,1,0,1,1,6,168,0,0,3,76,67,0,1,0,11,4,6,1,5,7,0,0,0,0,0,1,0,0,0,0,4,1,0,0,0,0,0,1,0,1,0,0,17,47,6,1,0,2,27,0,1
6,21,11,0,0,4,0,0,0,2,427,7,0,0,0,2,0,0,6,0,377,15,101,1,0,22,100,0,0,17,2,0,1,0,0,0,0,0,0,0,5,81,3,0,0,1,11,40,14,0,83,0,20,0,0,0,1,72,0,199,2,0,3,0,22,0,0,32,1,0,51,0,1,0,1,0,2,0,1,0,9,8,0,2,1,0,9,0,335,3,2,0,0,1,0,3,0,0,0,3,1,0,0,0,2,0,0,0,0,0,0,307,9,0,4,0,2,0,1,0,1,0,6,14,0,0,1,9,7,1,0,0,0,1,0,2,0,0,0,3,0,0,0,0,0,7,1,0,0,0,0,0,0,0,14,361,0,0,12,1,0,0,0,0,0,3,0,1,0,7,0,1,0
0,0,0,0,0,3,0,0,0,11,1,0,0,0,2,9,0,121,0,1,0,0,0,1,5,0,0,0,0,0,5,0,0,0,1,65,1,0,0,0,1,0,3,0,2,0,1,20,18,0,1,0,0,0,1,1,3,0,0,0,4,0,0,1,1,0,0,1,5,0,16,0,0,0,0,0,0,0,17,7,1,1,0,26,46,29,0,0,4,14,0,0,67,12,7,0,1,0,0,0,2,0,0,0,0,0,0,9,0,0,0,0,32,444,0,187,27,0,0,7,0,0,1,0,163,0,0,0,1,0,0,0,0,0,1,0,0,0,0,3,1,0,0,8,0,0,0,2,0,0,0,59,0,15,0,0,0,0,1,0,0,0,5,0,0,0,0,0,110,0,0,1,0
1,0,0,0,2,0,0,266,0,0,0,0,0,1,0,0,0,0,0,0,0,0,0,0,0,0,0,361,0,0,2,0,0,0,7,2,0,2,0,0,0,0,0,1,0,0,1,0,0,0,0,25,0,270,0,0,0,0,1,0,0,548,10,0,0,0,0,1,0,0,0,30,0,0,0,0,0,423,0,0,0,0,0,0,0,0,0,5,0,16,0,0,0,0,0,152,2,0,41,0,0,20,2,0,0,1,0,0,13,2,400,0,0,0,0,0,0,2,0,0,0,0,0,0,23,0,0,0,0,0,5,18,9,1,1,3,0,1,0,0,0,0,0,0,0,0,0,0,0,184,1,0,0,0,0,0,55,0,0,0,0,852,0,0,1,0,0,3,0,0,0,0,0
0,0,0,0,0,0,0,7,0,0,0,0,0,0,0,0,0,0,0,0,0,0,0,0,0,0,0,6,0,0,0,0,0,0,0,3,0,0,0,0,0,0,0,0,0,0,0,0,0,0,0,34,0,1,0,0,0,0,0,0,0,0,0,1,0,0,0,0,0,0,0,24,0,0,0,0,1,0,0,0,0,0,0,0,0,0,0,8,0,0,0,0,0,0,0,5,0,0,0,0,0,0,0,0,0,0,0,0,0,0,1,0,0,1,0,0,1,0,0,0,0,0,0,0,0,0,0,0,0,0,5,0,1,0,0,0,0,0,0,0,0,0,0,0,0,0,0,0,0,1,0,0,0,0,0,0,41,0,0,0,0,8,0,0,0,0,0,0,0,0,1,0,0
