0.84581,0.24157,0.40187,0.37061,0.21167,0.27412,0.95428,0.656,0.85724,0.33806,0.72232,0.45946,0.87566,0.59012,0.5134,0.35417,0.51402,0.39139,0.54747,0.43776,0.48285,0.47714,0.34952,0.50196,0.23776,0.51154,0.23773,0.60495,0.60102,0.79444,0.24904,0.46028,0.20621,0.8105,0.52632,0.31008,0.3233,0.76411,0.7684,0.66348,0.49004,0.27619,0.30552,0.21519,0.45802,0.18852,0.35484,0.45393,0.16785,0.58245,0.23561,0.71172,0.55714,0.7557,0.62427,0.32363,0.23506,0.4908,0.58182,0.2819,0.40909,0.67312,0.39326,0.64309,0.40859,0.4233,0.25568,0.72308,0.30284,0.77837,0.47869,0.46925,0.61705,0.18142,0.65896,0.97442,0.6512,0.67542,0.4257,0.3154,0.27076,0.70681,0.38171,0.67591,0.67457,0.67454,0.45524,0.34548,0.52851,0.40917,0.38778,0.99035,0.73045,0.68414,0.54012,0.52393,0.51285,0.75428,0.58639,0.24535,0.37064,0.76116,0.53836,0.9189,0.18665,0.96401,0.3445,0.2458,0.61656,0.69625,0.66027,0.42068,0.27797,0.71591,0.15385,0.25291,0.48496,0.67806,0.36888,0.60312,0.47093,0.55353,0.61154,0.47198,0.29656,0.7751,0.53976,0.65712,0.51511,0.45207,0.49754,0.30874,0.68778,0.34387,0.46466,0.38218,0.58788,0.46296,0.79671,0.418,0.407,0.69344,0.61722,0.44366,0.8493,0.35329,0.34797,0.33089,0.43575,0.80675,0.62197,0.30906,0.33202,0.50801,0.4197,0.90331,0.27367,0.57486,0.22301,0.5021,0.33776,0.83482,0.43084,0.59844,0.68299,0.67574,0.68911,0.68499,0.43038,0.57551,0.43236,0.68783,0.45893
0.55155
0,36,301,163,0,41,0,0,0,0,0,66,0,0,0,1,0,4,84,13,1,1,2,0,170,9,8,0,0,0,0,0,7,0,0,0,1,0,0,0,1,10,238,0,0,0,2,1,5,0,0,0,172,0,2,0,0,14,0,0,2,0,0,0,1,1,25,0,0,0,0,0,10,107,456,0,0,0,0,0,0,0,77,0,0,0,34,0,0,0,0,0,0,2,0,0,0,0,88,211,0,0,8,0,43,0,216,0,0,0,0,0,3,0,27,0,0,0,1,17,0,2,0,39,0,0,0,0,0,19,0,0,0,1,0,0,0,0,0,0,0,0,0,0,0,197,13,8,0,0,0,0,0,15,4,0,0,28,16,12,2,0,0,12,0,0,0,0,0,5,0,0,9
0,1,9,72,0,12,0,0,0,12,0,4,0,0,0,5,0,2,0,2,0,0,0,0,21,0,7,0,0,0,58,0,82,0,0,1,5,0,0,0,1,0,52,0,23,103,6,3,0,0,1,0,1,0,1,0,1,0,0,3,2,0,0,0,0,0,13,0,28,0,0,0,0,47,1,0,0,0,2,0,0,2,334,0,1,1,0,0,0,0,2,0,6,1,0,0,0,0,23,5,50,0,400,0,4,0,5,18,0,20,0,0,5,0,0,13,3,0,1,1,32,486,0,28,0,0,0,0,0,382,0,0,0,0,0,0,0,0,0,1,0,0,0,6,0,2,317,13,234,0,0,10,1,0,0,0,0,407,13,0,8,0,16,307,0,0,0,0,0,1,0,0,257
1,38,42,42,23,34,1,1,1,14,5,20,5,1,0,0,1,1,26,111,1,9,50,0,63,9,18,0,1,0,11,0,100,2,0,29,10,2,0,5,8,4,103,0,2,50,48,2,86,1,31,0,28,2,6,15,2,39,0,3,2,1,7,0,4,0,11,2,5,1,0,0,3,103,8,3,1,0,2,0,0,0,113,1,0,1,5,0,0,0,7,0,0,2,0,3,4,19,35,114,2,1,24,0,108,3,127,1,0,5,1,2,11,0,14,9,5,1,25,3,1,9,1,69,1,0,14,2,0,51,1,0,4,18,0,1,0,0,1,2,0,7,1,4,1,55,42,107,30,0,0,7,8,4,12,0,0,39,5,10,44,0,0,17,1,1,0,8,0,20,1,5,45
0,154,158,36,0,97,0,0,0,0,0,22,0,0,0,0,0,0,444,9,55,28,31,0,28,23,77,0,0,3,0,0,0,0,0,0,2,0,0,0,3,177,61,0,0,0,1,0,11,0,1,0,351,0,1,0,1,113,0,1,3,0,1,0,0,0,5,1,3,0,9,0,1,22,85,0,0,0,0,0,0,0,7,0,0,0,30,0,49,0,0,0,0,2,0,0,0,0,23,171,0,0,0,0,50,0,62,0,0,0,0,12,1,0,51,0,0,0,0,3,1,0,0,17,0,0,0,0,2,7,0,0,0,2,0,0,0,0,0,0,0,0,0,2,0,236,1,9,0,0,0,0,0,4,24,3,0,0,126,23,0,0,0,0,0,0,0,0,0,1,0,0,1
0,7,28,73,0,27,0,0,0,1,0,2,0,0,0,0,0,0,4,2,1,2,0,0,28,3,0,0,0,0,1,0,3,0,0,0,0,0,0,0,0,0,39,0,0,1,0,0,0,0,0,0,1,0,0,0,0,0,0,0,0,0,0,0,0,0,4,0,0,0,0,0,0,123,1,0,0,0,0,0,0,0,54,0,0,0,0,0,0,0,0,0,0,1,0,0,0,0,4,44,1,0,18,0,14,0,29,0,0,0,0,1,0,0,4,1,0,0,0,0,1,7,0,1,0,0,0,0,0,72,0,0,0,0,0,0,0,0,0,0,0,0,0,0,0,13,18,19,5,0,0,0,0,3,0,0,0,49,0,1,0,0,0,8,0,0,0,0,0,0,0,0,10
2,96,21,11,95,75,1,0,0,18,7,19,0,0,0,0,11,0,31,320,23,73,118,0,31,107,14,0,2,1,11,7,52,0,0,3,21,5,0,0,37,12,14,3,1,34,277,8,142,5,135,0,6,0,25,28,13,15,4,1,4,0,5,9,6,0,30,10,15,0,25,0,9,25,6,0,9,0,5,6,2,0,13,0,1,0,7,0,5,0,13,0,0,7,3,6,2,3,4,59,1,0,6,0,111,0,39,7,2,1,0,50,24,0,22,5,6,15,104,9,2,1,3,14,3,0,0,3,2,21,0,2,0,19,3,1,0,0,0,5,0,0,0,18,0,37,47,84,1,0,0,10,91,6,49,1,0,5,46,16,155,0,6,7,0,18,2,0,0,40,1,16,25
0,0,88,285,0,3,0,0,0,0,0,20,0,0,0,0,2,0,0,2,0,0,7,0,5,0,89,0,0,0,4,0,32,0,0,0,0,0,0,0,0,1,189,0,11,56,0,7,10,0,3,0,11,0,0,0,0,4,0,0,16,0,0,0,0,0,8,0,0,0,0,0,0,14,4,0,0,0,0,0,0,0,125,0,0,0,3,0,0,0,0,0,0,1,0,0,0,0,448,86,8,0,20,0,3,0,52,0,0,0,0,1,159,0,0,0,2,0,0,1,19,2,0,438,0,0,0,0,0,16,0,0,0,0,0,0,0,0,0,0,0,0,0,22,0,24,24,3,4,0,0,0,1,1,0,0,0,11,0,0,3,0,0,30,0,0,0,0,0,0,0,0,12
0,3,1,1,0,0,0,0,0,0,0,0,0,0,8,0,0,1,3,1,0,2,0,0,0,1,0,0,0,0,4,0,0,0,2,0,0,0,0,1,0,0,1,36,2,0,1,0,0,0,0,1,0,0,0,1,0,0,7,2,0,0,0,0,1,0,0,2,0,0,0,0,0,0,3,0,0,0,0,0,0,0,0,0,0,1,3,1,3,0,0,0,0,0,0,0,0,1,0,0,0,1,0,0,1,1,0,0,0,1,0,0,0,0,12,2,0,0,0,0,0,0,0,2,0,1,0,0,1,0,0,0,0,0,0,14,0,21,0,7,0,0,0,0,0,0,0,0,0,0,2,0,13,0,2,0,1,0,1,0,0,1,0,0,116,0,0,1,0,0,0,0,0
3,0,0,0,42,0,7,4,63,0,10,0,115,4,364,0,0,2,0,3,3,0,0,385,0,1,0,1,10,11,0,10,0,250,3,2,193,163,245,57,0,0,0,19,0,1,0,1,28,6,2,4,0,3,1,15,13,0,3,28,0,2,23,6,0,327,0,4,0,199,5,14,0,0,0,11,6,2,0,0,238,0,0,0,1,0,0,5,2,3,23,14,0,13,1,36,28,838,0,0,16,4,0,123,0,3,0,0,8,0,1,7,0,24,5,2,0,4,0,1,0,0,8,0,6,0,18,734,2,0,67,164,18,3,3,3,325,1,1258,1,160,275,516,0,0,0,0,0,0,0,8,0,1,0,0,0,8,0,0,78,0,7,6,0,3,4,130,1,0,0,342,0,0
0,0,0,0,0,0,0,26,0,0,0,0,0,0,0,0,0,0,0,0,0,0,0,0,0,0,0,9,0,0,0,0,0,0,3,0,0,0,0,0,0,0,0,0,0,0,0,0,0,0,0,142,0,8,0,0,0,0,0,0,0,0,0,0,0,0,0,0,0,0,0,173,0,0,0,0,0,6,0,0,0,0,0,0,0,0,0,29,0,0,0,0,0,0,0,0,0,0,0,0,0,13,0,0,0,0,0,0,0,9,1,0,0,0,0,0,0,0,0,0,0,0,0,0,0,1,0,0,0,0,142,0,0,0,0,2,0,0,0,0,0,0,0,0,0,0,0,0,0,2,0,0,0,0,0,0,253,0,0,0,0,0,0,0,0,0,0,3,0,0,0,0,0
0,0,0,0,8,1,12,6,2,2,1,0,0,5,2,0,5,1,0,0,1,0,0,0,0,0,0,1,0,0,1,0,0,1,35,10,0,0,0,3,0,0,0,138,0,0,2,0,50,0,0,2,0,4,0,0,0,0,29,1,0,3,13,0,0,0,1,0,4,0,0,7,0,0,40,6,0,3,1,0,0,0,2,0,0,0,0,94,0,0,0,2,1,0,0,2,8,0,0,0,0,89,0,0,0,1,1,3,2,56,0,0,5,0,2,3,3,2,0,0,0,0,3,0,2,9,2,0,0,0,29,1,17,0,1,201,0,76,0,2,0,1,0,0,2,0,2,0,1,2,14,1,25,0,1,0,27,0,0,6,0,0,0,0,14,0,0,26,1,0,2,1,0
0,1,0,0,17,0,1,1,88,2,0,0,4,28,5,0,1,0,0,2,0,0,0,0,0,2,0,0,1,0,0,1,3,6,2,2,0,7,16,3,3,0,1,164,1,2,14,2,14,1,4,0,0,2,0,19,0,0,13,23,1,10,9,11,1,11,1,3,1,7,10,0,1,1,1,2,4,5,2,1,21,0,0,4,0,4,0,0,2,9,4,3,3,2,0,164,5,31,2,0,4,15,24,0,1,7,0,1,4,7,2,1,1,0,49,0,6,0,0,0,1,0,8,0,0,3,7,29,2,1,1,14,105,1,7,81,12,250,45,17,8,41,0,2,0,0,10,1,0,1,0,1,292,0,0,0,0,0,0,4,5,1,0,0,25,5,7,2,1,0,46,0,9
3,0,0,0,112,0,1,1,2,3,0,2,3,171,1,1,0,0,0,9,0,0,0,51,0,2,0,0,4,5,0,8,0,0,8,0,1,0,0,0,0,0,0,54,0,4,7,2,25,1,0,0,0,0,10,289,12,0,1,2,1,0,10,42,0,1,6,3,7,0,5,0,46,6,0,0,9,0,6,13,8,1,0,5,0,1,0,2,0,11,2,0,0,3,0,22,113,3,0,0,3,1,0,1,0,1,0,7,0,0,0,3,0,17,0,0,3,6,0,4,0,0,0,0,13,0,0,8,2,0,9,6,1,261,7,0,4,0,16,7,14,0,4,3,0,0,0,1,0,0,1,1,0,1,1,0,1,0,0,1,0,2,11,0,0,6,6,0,0,2,230,1,1
0,2,3,14,1,57,0,0,0,58,0,27,0,1,0,136,0,126,4,22,4,4,16,0,82,1,25,0,1,0,103,0,188,0,0,0,5,0,0,0,2,5,16,0,54,197,44,10,8,0,11,0,2,0,38,0,1,2,0,1,12,0,0,0,6,0,216,0,89,0,4,0,5,62,4,0,0,0,16,15,2,4,94,4,0,4,6,0,0,0,0,0,1,13,4,0,0,0,19,15,113,1,162,0,33,0,13,29,0,7,0,0,14,0,0,68,8,3,23,38,32,242,0,53,3,0,0,0,0,151,0,0,0,1,0,1,0,0,0,11,0,0,0,6,0,3,166,95,136,0,0,90,7,51,0,0,0,106,12,29,50,0,48,61,0,0,0,0,4,10,0,12,92
0,62,4,0,0,27,0,0,0,0,6,2,0,0,0,0,0,0,17,10,6,253,14,0,2,182,10,0,0,1,0,0,0,0,0,0,0,0,0,0,0,6,0,0,0,0,1,0,2,0,2,0,2,0,0,0,0,8,1,1,0,0,2,0,0,0,0,12,1,0,6,0,0,2,2,1,0,0,0,0,0,0,0,0,0,0,1,0,26,1,1,0,0,0,0,0,0,0,0,8,0,0,0,0,28,0,3,0,0,0,0,27,3,0,19,0,0,0,2,0,0,0,0,0,0,0,0,0,1,0,0,0,0,0,1,0,0,0,0,0,0,0,0,0,0,4,0,9,0,0,0,0,0,0,79,3,0,0,86,1,1,0,0,0,0,0,0,0,0,0,0,0,0
2,0,0,0,0,0,0,0,0,1,3,0,0,0,1,0,0,0,0,1,0,0,0,0,0,2,0,0,11,0,3,8,2,0,0,2,4,0,0,2,15,1,0,0,1,1,17,0,3,30,0,0,1,0,3,2,47,0,0,22,1,0,1,49,0,7,0,0,0,0,0,0,0,1,0,0,74,0,2,1,106,0,0,1,1,1,0,0,2,0,102,0,1,0,1,2,0,2,0,0,0,0,0,1,0,1,0,5,0,0,0,0,2,0,1,1,3,3,3,2,0,0,38,0,0,0,2,1,44,0,0,1,0,1,32,0,3,0,1,0,1,1,1,0,0,0,3,0,0,0,0,0,0,0,2,0,0,0,0,0,5,0,0,0,0,3,0,0,0,2,0,13,1
8,0,0,0,0,0,7,0,5,0,12,0,9,0,1,0,0,0,0,2,1,0,0,0,0,2,0,0,0,0,1,0,0,5,2,1,0,3,1,18,4,0,0,0,0,0,1,0,0,1,3,0,0,5,0,0,1,0,7,66,0,1,16,0,1,23,0,2,0,29,0,1,0,0,0,1,1,0,0,0,0,0,0,1,0,0,0,3,31,0,22,2,0,0,0,4,0,4,0,0,0,2,0,2,0,4,0,0,10,1,0,0,0,1,0,0,1,0,0,1,0,0,13,0,0,0,353,4,0,0,0,7,18,0,2,3,20,0,1,0,2,38,0,0,1,0,0,0,0,0,2,0,0,0,0,1,1,0,0,0,0,0,0,0,5,0,1,461,0,0,0,0,0
39,5,4,1,3,4,0,1,0,15,1,147,0,0,0,8,3,400,0,8,8,0,7,1,14,7,2,0,0,49,18,0,41,0,0,10,3,0,0,1,8,73,0,1,4,17,24,3,5,1,13,0,0,0,535,7,19,7,0,0,37,0,1,0,50,0,225,3,28,0,7,0,427,1,8,0,1,0,25,16,0,10,2,0,1,1,417,0,0,0,8,0,0,509,350,1,0,2,2,8,14,0,3,0,12,0,2,13,0,46,0,15,2,2,9,105,7,7,12,696,0,6,0,6,9,0,0,0,5,13,0,0,0,160,0,20,1,0,0,12,0,0,1,2,0,2,17,4,10,0,0,15,20,349,6,0,0,1,1,0,9,0,0,2,0,0,0,0,2,126,0,14,13
0,0,0,13,0,0,0,0,0,14,0,0,0,0,0,8,0,1,0,0,0,0,11,0,2,0,15,0,0,0,68,0,21,0,0,4,3,0,0,0,0,0,3,0,431,121,8,77,0,0,0,0,0,0,2,0,4,0,0,0,52,0,0,0,11,0,5,1,42,0,0,0,0,1,0,0,0,0,19,29,0,30,5,101,15,35,0,0,0,0,0,0,27,0,0,0,1,0,20,0,308,0,28,0,2,0,0,66,0,3,0,0,2,0,0,5,57,0,0,2,324,21,0,62,1,0,0,0,0,3,0,0,0,0,0,0,0,0,0,32,0,0,0,87,0,0,11,4,17,0,0,12,1,0,0,0,0,9,0,0,3,0,8,9,0,0,0,0,1,0,0,2,2
1,0,0,0,0,0,2,0,1,0,0,0,1,0,0,0,1,0,0,0,0,0,0,0,0,0,0,1,0,0,0,0,0,4,0,0,0,11,5,5,0,0,0,2,0,0,0,0,0,0,0,5,0,4,0,0,0,0,0,0,0,5,5,0,0,0,0,0,0,0,0,1,0,0,0,2,0,1,0,0,0,0,0,0,0,0,0,8,0,0,1,1,0,0,0,28,0,0,0,0,0,5,0,1,0,2,0,0,886,0,1,0,0,0,0,0,0,0,0,0,0,0,0,0,0,3,7,1,0,0,1,40,1086,0,0,1,12,4,0,0,0,18,0,0,0,0,0,0,0,1,0,0,4,0,0,0,4,0,0,0,0,0,0,0,27,0,0,2,0,0,0,0,0
9,0,0,0,156,0,1,0,0,0,3,0,1,63,26,0,53,1,0,0,0,1,0,0,0,0,0,1,0,0,17,0,0,0,48,1,0,0,0,0,0,85,1,27,0,0,0,0,3,0,1,1,0,4,0,0,0,0,6,2,0,2,3,0,0,1,1,22,0,0,0,0,0,0,2,0,0,0,0,0,2,1,0,0,0,0,1,4,0,0,0,0,0,0,0,1,1,0,0,0,0,3,0,0,0,0,0,0,0,1,0,0,2,2,2,0,0,0,0,0,0,0,0,0,1,78,0,0,0,0,4,0,2,0,0,13,0,4,0,4,0,0,4,1,93,0,0,3,0,2,385,0,1,0,4,0,1,0,0,1,1,0,2,0,25,0,0,0,1,0,0,0,0
0,0,0,0,2,0,1795,0,3,0,9,0,13,0,0,0,1,0,0,0,0,0,0,0,0,0,0,0,0,1,0,0,0,8,0,1,0,9,6,358,1,0,0,0,0,0,2,0,0,0,0,0,0,0,0,1,1,0,8,5,0,0,60,0,0,8,0,1,1,4,0,0,0,0,0,2286,0,0,0,0,1,0,0,0,0,0,0,0,2,0,74,3593,0,0,0,2,9,36,0,0,0,0,0,5,0,1741,0,0,3,0,0,0,0,1,1,0,1,2,0,0,0,0,5,0,0,0,19,2,0,0,0,2,35,0,2,0,9,0,0,0,1,26,0,0,0,0,0,0,0,0,0,0,2,0,1,0,0,0,0,0,0,0,0,0,0,0,11,9,1,0,0,0,0
13,1,1,3,1,1,18,1,1,6,5,0,1,16,12,0,18,1,0,41,4,0,0,4,0,3,1,0,2,0,8,1,8,0,34,3,1,0,0,1,1,0,1,29,1,0,2,1,4,2,0,4,1,1,3,116,0,0,216,7,0,1,3,2,0,0,4,0,15,0,3,1,4,3,0,1,0,0,1,2,7,0,2,5,2,5,0,7,1,1,3,1,8,2,0,4,419,0,0,2,1,22,2,0,1,6,0,2,2,17,2,0,1,17,3,9,6,377,1,2,0,5,1,0,20,31,15,3,1,2,0,0,9,0,238,2,0,4,0,0,0,0,10,14,15,0,14,0,4,0,9,8,6,0,4,0,1,8,1,0,2,0,6,1,17,6,0,9,4,1,3,4,3
1,3,0,3,9,16,0,0,0,267,0,4,0,1,0,65,25,48,1,9,0,6,70,0,40,7,12,0,6,1,154,0,149,0,0,16,13,0,0,0,53,2,0,24,137,182,157,84,29,0,51,0,1,0,43,0,17,1,0,0,77,0,2,2,44,1,91,4,217,0,25,0,0,5,0,0,0,0,235,123,0,53,13,69,44,47,3,0,6,2,0,0,65,6,201,3,1,0,1,0,136,1,14,0,18,0,2,211,0,19,0,1,18,0,0,116,60,11,36,12,99,53,0,21,17,0,0,0,2,23,0,0,0,9,0,0,0,0,0,171,0,0,0,33,0,2,50,52,54,0,0,208,69,17,1,0,0,20,28,25,24,0,104,5,0,0,0,0,204,13,0,21,15
0,5,0,4,61,13,1,3,1,310,6,10,0,1,4,10,169,11,2,53,2,2,108,3,21,4,19,2,26,1,194,4,219,4,0,200,83,0,0,1,246,5,2,49,140,186,451,166,70,23,217,1,1,0,89,75,48,3,0,0,98,0,9,12,68,3,100,11,235,0,52,1,3,5,2,0,23,0,237,126,5,70,9,72,48,125,10,1,5,65,36,0,97,12,26,8,5,1,10,5,52,1,11,2,10,0,7,219,0,20,0,4,37,13,4,99,162,100,128,15,85,26,3,36,78,0,1,3,30,29,0,6,0,107,10,1,0,0,0,339,1,1,6,105,0,0,122,19,24,0,1,138,338,9,5,0,0,13,52,9,178,1,299,7,0,0,0,0,22,39,4,260,30
0,0,0,0,0,1,2,0,0,15,0,0,0,0,0,129,6,5,0,0,0,1,15,0,1,0,7,0,4,1,29,0,0,0,0,165,17,0,0,0,2,1,0,0,103,18,3,473,1,2,7,0,0,0,1,0,15,3,0,0,315,0,0,0,236,0,1,33,31,0,13,0,1,0,0,0,1,0,36,87,2,581,0,707,427,628,0,0,74,250,1,0,878,0,8,0,1,0,0,0,67,0,0,0,0,0,0,93,0,4,0,0,125,31,0,29,403,2,0,0,73,6,0,0,120,0,0,0,4,0,0,0,0,0,0,0,0,0,0,124,0,0,0,378,0,0,0,2,1,0,0,55,4,0,1,0,0,3,4,0,0,0,9,1,0,0,0,0,73,0,0,0,0
0,0,0,0,0,0,0,20,0,1,0,0,0,0,0,0,0,3,0,0,0,0,0,0,0,0,0,9,0,0,0,0,0,0,40,2,0,0,0,0,0,0,0,6,0,0,0,0,82,0,0,106,0,3,1,0,0,0,0,0,0,0,0,0,0,0,0,0,0,0,0,147,0,0,0,0,0,2,0,0,0,0,0,0,0,0,0,29,0,0,0,0,0,0,0,3,1,0,0,0,0,35,0,0,0,0,0,0,0,11,4,0,2,0,0,1,0,1,0,0,0,0,0,0,3,1,0,0,0,0,405,0,1,0,0,4,0,0,0,0,0,0,0,0,0,0,0,0,0,2,1,0,0,0,0,0,237,0,0,0,0,8,0,0,0,0,0,9,0,0,1,0,0
2,0,0,0,124,0,3,7,20,0,20,0,10,717,87,0,330,0,0,1,0,0,0,0,0,1,0,2,0,0,19,0,0,1,380,1,0,0,0,2,0,13,0,8,0,0,0,0,0,0,2,5,0,10,0,0,0,0,33,1,0,9,13,0,0,1,0,1,0,4,0,4,42,0,0,2,1,0,0,0,0,0,0,0,0,0,0,31,2,1,0,1,0,2,0,4,13,0,0,0,0,25,0,0,0,6,0,0,0,12,9,1,0,0,22,1,0,0,0,0,0,0,5,0,0,965,7,1,0,0,6,0,16,0,3,20,0,20,0,2,0,0,0,0,665,0,0,0,0,49,185,0,5,0,0,0,12,1,0,0,0,0,0,0,47,0,0,3,0,0,0,0,0
7,0,0,0,23,0,5,7,1213,0,4,0,1162,1,62,0,3,0,0,0,1,0,0,92,0,0,0,1,3,3,0,12,1,1343,4,1,22,975,1274,972,0,0,0,5,0,0,0,0,2,1,1,4,0,10,0,6,1,0,6,28,0,10,175,3,0,367,0,4,0,878,0,16,0,0,0,16,3,7,0,0,21,0,0,0,0,1,0,32,0,3,27,11,0,3,0,14,14,111,0,0,1,20,0,1609,0,18,0,0,27,0,2,5,0,4,2,0,0,1,0,0,0,0,2,0,3,3,189,55,0,0,53,226,40,3,7,22,679,3,207,0,103,993,263,0,1,0,0,0,0,1,1,0,1,0,0,0,16,0,0,8,0,2,0,0,10,4,481,2,0,0,92,0,0
1,135,30,14,3,233,1,0,0,72,24,14,0,7,1,1,0,1,77,11,16,501,403,5,4,554,149,0,0,8,3,6,10,0,0,1,2,9,0,0,23,33,23,15,4,20,22,106,71,4,94,0,13,0,3,19,6,14,0,26,5,0,6,12,10,0,1,470,1,0,483,0,5,11,4,0,4,0,0,3,12,1,2,4,0,2,2,0,72,186,3,0,1,2,0,5,1,0,26,56,7,0,4,0,68,0,10,1,4,0,0,411,65,53,74,3,14,0,2,0,3,0,10,96,29,0,1,15,15,3,0,0,0,2,2,0,0,0,0,10,1,0,1,138,0,43,7,25,0,0,0,0,3,1,196,25,0,2,95,1,9,0,0,0,0,17,11,0,0,2,0,0,5
1,1,0,0,1,0,4,0,0,1,4,1,0,4,13,0,0,0,0,1,3,1,0,172,0,6,1,0,38,11,0,533,5,0,0,0,115,9,1,1,5,0,0,11,2,2,6,3,13,96,12,0,0,0,0,32,118,0,1,232,1,0,8,251,8,7,0,1,0,0,5,0,2,4,1,5,145,0,0,0,207,1,0,0,0,4,0,0,2,8,217,0,1,2,2,20,2,8,0,1,3,0,0,0,1,0,0,1,2,0,0,14,4,0,47,3,1,0,0,0,4,0,551,1,0,0,0,40,43,9,0,6,0,2,53,2,16,1,0,8,15,0,1,1,0,0,0,0,0,0,1,0,2,0,7,0,0,0,1,0,4,0,2,1,0,571,12,0,1,0,3,4,0
0,3,1,1,12,6,2,0,1,5,5,2,0,110,40,0,0,1,2,10,2,3,4,19,0,8,3,1,473,5,3,500,6,2,1,0,247,3,13,19,22,4,2,33,1,1,19,3,88,657,11,2,0,1,6,231,177,0,2,155,6,0,9,800,0,77,3,9,3,4,23,2,3,89,0,4,814,1,6,3,203,0,0,1,2,5,0,0,2,6,387,0,0,2,7,37,13,11,0,3,2,0,2,1,1,0,3,5,7,0,0,31,2,4,37,2,7,4,0,2,1,2,226,2,4,0,0,13,341,5,0,92,0,17,355,1,36,0,43,4,221,0,10,6,0,0,5,6,0,0,0,1,0,0,2,0,0,0,0,1,4,3,159,0,0,133,24,0,2,0,42,3,0
0,1,0,0,0,0,2,0,0,0,3,0,0,0,54,0,0,0,0,11,1,0,0,2,0,0,0,0,204,2,0,57,0,6,0,0,5,0,0,2,0,2,0,0,1,0,2,1,2,293,1,0,0,0,0,8,156,0,0,0,0,0,2,34,0,30,1,1,1,0,7,0,0,0,0,1,149,0,2,2,27,1,0,1,0,4,0,0,0,2,28,0,1,2,1,1,2,2,0,1,0,0,0,4,0,0,0,0,1,1,0,7,0,2,0,5,6,0,0,0,0,0,10,0,1,0,0,1,65,2,0,6,0,1,31,0,11,0,1,0,8,0,15,4,0,0,0,0,0,0,0,2,0,0,2,0,0,0,0,0,1,0,4,0,0,21,2,0,0,0,0,0,1
1,215,14,11,2,171,0,0,0,7,0,5,0,0,0,0,0,0,91,44,27,124,10,0,170,84,14,0,0,0,1,0,40,0,0,0,1,0,0,0,3,4,13,0,0,5,11,0,6,0,1,0,2,0,1,0,2,16,0,0,1,0,0,0,0,0,10,0,2,0,15,0,1,38,12,0,0,0,1,1,0,0,13,0,0,0,4,0,3,0,0,0,0,0,0,0,0,0,3,43,3,0,1,0,137,0,30,0,0,0,0,26,11,0,13,0,0,0,2,2,0,2,0,2,0,0,0,0,0,18,0,0,0,0,0,0,0,0,0,0,0,0,0,1,0,24,7,271,9,0,0,2,0,1,23,3,0,4,37,239,1,0,0,2,0,0,1,0,0,13,0,0,8
0,1,1,8,0,8,0,0,0,0,0,3,0,0,0,0,0,0,2,0,228,1,135,0,2,2,184,0,0,0,0,0,3,0,0,0,0,0,0,0,0,5,0,0,0,2,0,3,4,0,0,0,6,0,1,0,0,14,0,0,3,0,0,0,0,0,0,0,0,0,0,0,0,1,2,0,0,0,0,0,0,0,0,0,0,0,1,0,1,0,0,0,0,0,0,0,0,0,2,9,2,0,0,0,5,0,4,0,0,0,0,2,0,0,0,0,0,0,0,1,0,0,0,14,0,0,0,0,0,2,0,0,0,0,0,0,0,0,0,0,0,0,0,4,0,8,0,6,0,0,0,0,0,0,0,0,0,0,0,4,0,0,0,0,0,0,0,0,0,0,0,0,0
0,3,1,0,4,2,2,6,1,0,0,2,0,16,14,0,3,0,3,1,0,1,0,0,0,0,0,0,0,0,19,0,0,0,11,1,0,0,0,1,0,0,0,204,0,0,0,0,0,0,0,3,0,0,0,1,0,0,544,0,1,1,3,0,0,1,3,6,0,0,0,2,1,0,0,0,0,0,0,0,1,0,1,2,1,0,2,6,1,0,0,0,4,0,0,0,118,0,0,1,0,14,0,0,3,2,0,1,1,14,0,0,0,0,0,0,0,0,0,0,1,0,0,0,0,75,0,0,0,0,1,0,18,0,1,21,1,61,0,8,0,1,0,1,2,0,2,0,0,0,1,0,38,0,1,0,0,0,0,0,3,0,0,2,739,0,0,2,0,0,0,0,0
576,11,31,11,2,6,2,0,0,9,5,323,1,5,0,6,0,272,7,2,5,1,17,11,17,5,10,0,0,800,2,2,34,1,0,2,5,3,2,0,8,203,10,1,6,19,9,5,9,0,178,0,3,0,61,11,57,320,0,4,113,0,1,3,333,0,106,4,4,0,13,0,82,5,42,0,1,0,10,13,2,54,6,4,2,2,372,0,2,2,6,0,2,128,23,22,0,0,7,14,8,0,7,0,54,0,22,11,0,4,0,17,13,2,43,4,5,9,0,322,6,2,4,7,43,0,0,8,88,9,0,3,0,146,1,184,0,0,0,19,0,0,2,5,0,7,12,6,4,0,2,0,2,200,9,1,0,2,2,1,4,0,0,39,0,5,1,0,0,423,2,1,11
0,0,0,0,0,0,0,820,0,0,0,0,0,0,0,0,0,0,0,0,0,0,0,0,0,0,0,709,0,0,0,0,0,0,3,0,0,0,0,0,0,0,0,0,0,0,0,0,0,0,0,55,0,1160,0,0,0,0,0,0,0,1322,3,0,0,0,0,0,0,0,0,82,0,0,0,0,0,1055,0,0,0,0,0,0,0,0,0,2,0,0,0,0,0,0,0,0,0,0,1,0,0,24,0,0,0,0,0,0,47,3,826,0,0,0,0,0,0,0,0,0,0,0,0,0,0,1,2,0,0,0,9,4,16,0,0,6,0,0,0,0,0,0,0,0,0,0,0,0,0,1148,0,0,1,0,0,0,40,0,0,0,0,128,0,0,0,0,0,3,0,0,0,0,0
0,0,0,0,0,0,0,33,0,0,0,0,0,0,0,0,0,0,0,0,0,0,0,0,0,0,0,46,0,0,0,0,0,0,0,0,0,0,0,0,0,0,0,0,0,0,0,0,0,0,0,990,0,18,0,0,0,0,0,0,0,0,1,0,0,0,0,0,0,0,0,473,0,0,0,0,0,2,0,0,0,0,0,0,0,0,0,284,0,0,0,0,0,0,0,0,0,0,0,0,0,1,0,0,0,0,0,0,4,0,4,0,0,0,0,0,0,0,0,0,0,0,0,0,0,0,0,0,0,0,13,0,1,0,0,0,0,0,0,0,0,0,0,0,0,0,0,0,0,21,0,0,0,0,0,0,344,0,0,0,0,1,0,0,0,0,0,1,0,0,0,0,0
2,0,0,0,1,0,8,34,0,2,0,0,1,33,12,0,6,0,0,2,0,0,0,0,0,0,0,10,0,0,2,0,1,0,134,19,0,0,0,3,0,0,2,48,0,0,1,0,3,0,0,7,0,27,0,0,0,0,45,0,0,14,20,0,0,0,1,1,0,1,0,25,2,0,0,5,0,21,0,1,0,0,1,0,0,0,0,294,0,1,0,0,0,1,0,0,28,0,0,0,0,1023,0,0,0,7,0,1,3,612,3,0,0,0,5,0,0,0,0,0,0,0,0,0,1,73,8,0,0,1,59,1,32,1,3,386,0,76,0,4,0,1,0,0,3,0,2,0,0,7,5,0,44,0,0,0,205,0,0,0,1,2,0,0,24,0,0,127,0,0,0,0,0
0,0,0,0,1,0,2,1,9,0,0,0,1,0,0,0,0,0,0,1,0,0,0,0,0,0,0,6,0,0,0,0,0,17,4,0,0,20,59,6,1,0,0,1,0,0,0,0,0,0,0,0,0,8,0,0,0,0,3,0,0,26,11,0,0,0,0,0,1,1,0,0,0,0,0,0,0,29,0,0,0,0,0,0,0,0,0,3,0,0,0,0,0,0,0,18,0,1,0,0,0,21,0,2,0,2,0,0,222,3,4,0,0,0,0,0,0,0,0,0,0,0,0,0,0,0,1,2,0,0,1,64,81,0,0,15,14,15,0,0,1,21,0,0,0,0,0,0,0,1,0,0,21,0,0,0,7,0,0,0,0,1,0,0,11,0,1,0,0,0,0,0,0
0,25,2,2,3,2,0,0,0,12,1,3,0,0,0,1,2,3,4,12,1,14,23,0,1,8,6,0,0,0,14,0,23,0,0,3,0,1,0,0,6,6,1,1,2,11,29,10,16,0,15,0,7,0,6,2,1,9,0,0,0,0,0,0,4,0,5,0,8,0,8,0,0,1,4,0,0,0,26,9,0,0,1,1,4,0,2,0,1,0,0,0,0,3,0,1,0,0,0,2,6,0,1,0,21,0,0,15,0,0,0,3,2,0,4,2,3,2,4,2,1,1,0,9,0,0,0,0,0,2,0,0,0,1,0,0,0,0,0,2,0,0,0,0,0,5,6,19,1,0,0,7,7,1,7,0,0,0,6,1,6,0,0,0,0,0,0,0,0,8,0,4,5
2,60,0,1,0,8,0,0,0,55,13,1,0,0,0,1,2,14,3,13,13,6,5,1,9,26,2,0,0,4,21,1,31,0,0,89,3,0,0,0,42,1,0,1,11,11,86,5,5,3,17,0,0,0,16,4,26,2,0,1,13,0,3,1,10,0,2,2,28,0,212,0,0,0,2,0,1,0,487,211,0,5,1,36,34,23,4,0,5,21,7,0,35,8,11,2,9,0,0,0,19,0,1,0,4,0,0,234,0,0,0,24,22,0,1,26,31,2,2,9,2,5,2,0,6,0,0,0,4,4,0,0,0,1,0,0,0,0,0,12,0,0,0,1,0,0,11,49,2,0,0,44,5,8,8,1,0,0,16,3,4,0,8,2,0,2,0,0,52,21,0,14,3
2,0,0,0,28,0,1,2,4,2,15,0,0,30,0,0,0,1,1,0,0,1,0,19,0,6,1,1,1,81,0,8,0,7,0,1,2,54,36,3,1,1,1,67,0,0,7,0,13,1,24,0,0,3,1,9,9,0,6,9,0,2,4,4,0,1,1,3,1,0,9,2,44,1,0,0,1,1,3,1,1,0,0,1,0,1,1,1,3,4,22,0,0,0,1,624,16,38,0,0,0,0,5,0,0,0,0,0,188,0,0,8,0,1,5,0,0,2,0,0,0,0,0,0,1,1,6,183,1,0,2,74,69,0,1,0,12,4,6,1,6,8,1,0,0,0,0,1,0,0,0,0,5,1,0,0,0,0,0,1,0,3,1,0,17,46,8,1,0,2,21,0,1
4,21,9,0,1,3,0,0,0,2,424,4,0,1,0,2,0,0,5,0,380,15,107,1,0,18,100,0,0,19,2,0,1,0,0,0,0,0,0,0,4,81,4,0,1,1,9,45,15,0,82,0,21,0,1,0,3,68,0,198,1,0,3,1,20,0,0,33,1,0,53,0,0,0,2,0,1,0,1,0,10,8,0,2,1,0,8,0,343,3,2,0,0,1,0,3,0,0,0,2,1,0,0,0,1,0,0,0,0,0,0,304,10,0,3,0,2,0,1,2,0,0,7,10,0,0,2,9,6,0,0,0,0,1,0,2,0,0,0,4,0,0,0,2,0,6,2,1,0,0,0,0,0,0,16,355,0,0,14,1,0,0,0,0,0,3,0,0,0,6,0,1,0
0,0,0,0,0,2,0,0,0,11,1,0,0,0,2,10,0,123,0,2,0,0,0,1,4,0,0,0,0,0,6,0,0,0,1,70,0,0,0,0,2,0,2,0,2,0,1,20,21,0,1,0,0,0,0,2,2,0,0,1,3,0,0,1,1,0,0,1,3,0,17,0,0,0,0,0,0,0,19,6,1,0,0,24,48,35,0,0,4,14,0,0,71,14,9,0,1,0,0,0,3,0,0,0,0,0,0,8,0,0,0,0,26,441,0,174,26,0,0,7,0,0,1,1,164,0,0,0,1,0,1,0,0,0,1,0,0,0,0,2,1,0,0,6,0,0,0,2,0,0,0,61,0,15,0,0,0,0,3,0,0,0,5,0,0,0,0,0,105,0,0,2,1
1,0,0,0,2,0,0,269,0,0,0,0,0,0,0,0,0,0,0,0,0,0,0,0,0,0,0,365,0,0,2,0,0,0,7,2,0,2,0,1,0,0,0,1,0,0,1,0,0,0,0,23,0,261,0,0,0,0,0,0,0,555,13,0,0,0,0,0,1,0,0,34,0,0,0,0,0,427,0,0,0,0,0,0,0,0,0,6,0,18,0,0,0,0,0,146,2,0,46,0,0,22,2,0,0,1,0,0,14,2,390,0,0,0,0,0,0,2,0,0,0,0,0,0,24,0,0,0,0,0,5,13,9,1,0,3,0,0,0,0,0,0,0,0,0,0,0,0,0,185,1,0,0,0,0,0,60,0,0,0,0,844,0,0,1,0,0,3,0,0,0,0,0
0,0,0,0,0,0,0,7,0,0,0,0,0,0,0,0,0,0,0,0,0,0,0,0,0,0,0,7,0,0,0,0,0,0,0,3,0,0,0,0,0,0,0,0,0,0,0,1,0,0,0,36,0,1,0,0,0,0,0,0,0,0,0,1,0,0,0,0,0,0,0,23,0,0,0,0,1,0,0,0,0,0,0,0,0,0,0,9,0,0,0,0,0,0,0,5,0,0,0,0,0,0,0,0,0,0,0,0,0,0,1,0,0,1,0,0,0,0,0,0,0,0,0,0,0,0,0,0,0,0,5,0,1,0,0,0,0,0,0,0,0,0,0,0,0,0,0,0,0,1,0,0,0,0,0,0,39,0,0,0,0,7,0,0,0,0,0,0,0,0,1,0,0
