0.85653,0.24127,0.4105,0.37234,0.20332,0.2807,0.955,0.64627,0.85833,0.33727,0.67955,0.45758,0.87624,0.58663,0.50949,0.35038,0.5203,0.39176,0.55031,0.42722,0.48162,0.47701,0.33954,0.51495,0.23883,0.50682,0.2384,0.59068,0.60799,0.7982,0.22577,0.46497,0.20341,0.81985,0.57143,0.32579,0.33067,0.75774,0.76199,0.66534,0.50916,0.27104,0.30818,0.23651,0.45063,0.1805,0.34407,0.4507,0.16379,0.59059,0.23991,0.7175,0.56349,0.75444,0.61003,0.26877,0.22819,0.48676,0.58403,0.28245,0.39523,0.67145,0.27479,0.64748,0.4087,0.43342,0.2549,0.71081,0.29677,0.78423,0.47839,0.44298,0.59031,0.18249,0.63585,0.97313,0.64161,0.66366,0.40992,0.33175,0.27669,0.7066,0.38229,0.68063,0.64782,0.67019,0.46137,0.35301,0.53365,0.39062,0.39753,0.98975,0.71591,0.69728,0.53632,0.52097,0.51317,0.75022,0.57806,0.24201,0.35647,0.77372,0.51828,0.91961,0.19284,0.96066,0.35654,0.244,0.61092,0.71204,0.66536,0.43218,0.28909,0.70644,0.14347,0.243,0.49746,0.67091,0.36827,0.6101,0.48297,0.54751,0.6011,0.45137,0.28748,0.79822,0.54502,0.65198,0.51567,0.4359,0.56059,0.31293,0.67985,0.39756,0.4434,0.36008,0.58307,0.43194,0.79439,0.40968,0.39247,0.68661,0.62577,0.45444,0.84258,0.34592,0.33836,0.3321,0.44942,0.81384,0.62764,0.29148,0.33914,0.51127,0.4359,0.90026,0.29547,0.5737,0.23105,0.50844,0.34902,0.8364,0.41854,0.60558,0.69188,0.68402,0.70707,0.72527,0.4383,0.53268,0.43571,0.6756,0.45629
0.55101
0,38,305,157,0,38,0,0,0,0,0,71,0,0,0,1,0,4,83,12,1,1,2,0,170,9,8,0,0,0,0,0,8,0,0,0,1,0,0,0,1,9,241,0,0,0,2,1,4,0,0,0,170,0,3,0,0,19,0,0,2,0,0,0,1,1,25,0,0,0,0,0,8,103,447,0,0,0,0,0,0,0,81,0,0,0,32,0,0,0,0,0,0,2,0,0,0,0,86,212,0,0,8,0,45,0,210,0,0,0,0,0,3,0,29,0,0,0,1,19,0,2,0,38,0,0,0,0,0,22,0,0,0,1,0,0,0,0,0,0,0,0,0,0,0,204,13,9,1,0,0,0,0,15,4,0,0,28,15,8,2,0,0,11,0,0,0,0,0,8,0,0,9
0,1,9,67,0,14,0,0,0,11,0,5,0,0,0,6,0,2,0,2,0,0,0,0,21,0,6,0,0,0,68,0,85,0,0,1,4,0,0,0,1,0,53,0,25,106,6,3,0,0,1,0,1,0,1,0,2,0,0,4,2,0,0,0,0,0,13,0,27,0,0,0,0,51,1,0,0,0,2,0,0,2,341,0,1,1,0,0,0,0,1,0,6,1,0,0,0,0,23,4,53,0,397,0,4,0,6,23,0,21,0,0,6,0,0,15,4,0,1,1,29,484,0,28,0,0,0,0,0,374,0,0,0,0,0,0,0,0,0,1,0,0,0,7,0,1,314,12,231,0,0,9,1,0,0,0,0,397,10,0,8,0,13,304,0,0,0,0,0,1,0,0,261
1,43,41,42,23,29,2,1,1,13,5,21,8,2,0,0,1,1,28,115,1,9,53,0,62,9,18,0,1,0,10,0,99,2,0,29,11,2,0,4,9,2,100,1,2,57,49,3,79,1,34,0,29,1,7,13,2,39,0,5,1,1,6,0,3,0,10,2,4,1,0,0,3,106,8,2,1,0,2,0,0,0,112,1,0,1,6,0,0,0,7,0,0,2,0,2,3,20,34,108,2,2,23,0,105,2,125,2,0,4,1,2,12,0,12,9,5,1,27,3,0,12,1,73,1,0,13,1,0,53,1,0,5,19,0,1,0,0,1,2,0,10,1,3,1,56,44,102,28,0,0,8,8,6,13,0,0,39,4,10,44,0,0,14,1,2,0,7,0,22,1,3,42
0,150,155,36,0,99,0,0,0,0,0,21,0,0,0,0,0,0,443,9,57,31,34,0,27,24,76,0,0,3,0,0,0,0,0,0,2,0,0,0,3,176,59,0,0,0,1,0,8,0,2,0,355,0,1,0,1,112,0,1,3,0,1,0,0,0,5,1,3,0,8,0,2,23,87,0,0,0,0,0,0,0,7,0,0,0,25,0,52,0,0,0,0,2,0,0,0,0,23,170,0,0,0,0,47,0,65,0,0,0,0,11,2,0,52,0,0,0,0,2,1,0,0,16,0,0,0,0,3,8,0,0,0,2,0,0,0,0,0,0,0,0,0,1,0,229,1,13,0,0,0,0,0,6,25,4,0,0,128,20,0,0,0,0,0,0,0,0,0,3,0,0,1
0,7,27,74,0,28,0,0,0,1,0,2,0,0,0,0,0,0,4,2,1,2,0,0,26,3,0,0,0,0,1,0,2,0,0,0,0,0,0,0,0,0,37,0,0,1,0,0,0,0,0,0,1,0,0,0,0,0,0,0,0,0,0,0,0,0,4,0,0,0,0,0,0,123,1,0,0,0,0,0,0,0,52,0,0,0,0,0,0,0,0,0,0,2,0,0,0,0,4,45,1,0,17,0,14,0,30,0,0,0,0,1,0,0,5,0,0,0,0,0,1,7,0,1,0,0,0,0,0,73,0,0,0,0,0,0,0,0,0,0,0,0,0,0,0,11,20,20,5,0,0,0,0,3,0,0,0,49,0,1,1,0,0,7,0,0,0,0,0,0,0,0,12
1,104,16,13,90,71,0,0,0,15,16,22,0,0,0,0,11,1,27,317,25,72,121,0,32,107,17,0,2,1,12,5,52,0,0,3,16,6,0,0,32,10,12,5,2,33,291,9,133,7,131,0,7,0,22,27,12,20,4,1,8,0,6,7,6,0,34,11,16,0,26,0,4,23,5,0,12,0,5,5,2,0,14,0,2,0,7,0,5,1,14,0,1,4,3,8,1,3,3,65,1,0,8,0,105,0,38,6,3,1,0,36,28,0,17,5,6,18,107,7,1,1,2,15,4,0,0,5,4,27,0,2,0,20,5,0,0,0,0,5,0,0,0,18,1,35,54,82,2,0,0,11,86,5,45,1,0,5,43,17,147,1,7,5,0,17,2,0,0,46,0,20,25
0,0,95,280,0,2,0,0,0,0,0,22,0,0,0,0,1,0,0,2,0,0,9,0,5,0,94,0,0,0,4,0,35,0,0,0,0,0,0,0,0,1,198,0,11,58,0,8,8,0,4,0,12,0,0,0,0,8,0,0,16,0,0,0,2,0,8,0,0,0,0,0,0,14,2,0,0,0,0,0,0,0,125,0,0,0,2,0,0,0,0,0,0,1,0,0,0,0,448,94,7,0,21,0,2,0,34,0,0,0,0,1,159,0,0,0,2,0,0,1,16,2,0,427,0,0,0,0,0,16,0,0,0,0,0,0,0,0,0,0,0,0,0,21,0,27,25,3,4,0,0,0,1,1,0,0,0,11,0,0,2,0,0,28,0,0,0,0,0,0,0,0,10
0,3,1,1,0,0,0,0,0,1,0,0,0,0,5,0,0,0,3,1,0,1,1,0,0,1,0,0,0,0,5,0,0,0,2,1,0,0,0,1,0,0,1,36,0,0,1,0,0,0,0,2,0,1,0,1,0,0,8,2,0,0,1,0,1,0,0,2,0,0,1,0,0,0,4,0,0,0,0,0,0,0,0,0,0,1,3,1,3,0,0,0,1,0,0,0,0,1,0,0,0,0,0,0,0,1,0,0,0,1,0,0,0,0,13,1,0,0,0,0,0,0,0,2,0,1,0,0,1,0,0,0,0,0,0,12,0,21,0,9,0,0,0,0,0,0,0,1,0,0,2,0,15,0,1,0,0,0,1,0,0,1,0,0,113,0,0,1,0,0,0,0,0
3,0,0,0,45,0,10,4,69,0,9,0,111,4,349,0,0,2,0,7,3,0,1,396,0,1,0,2,11,12,0,10,0,238,4,2,183,168,246,60,0,0,0,10,0,0,0,0,29,4,3,3,0,2,0,13,10,0,4,26,0,2,13,5,0,289,1,4,0,201,5,15,2,0,0,9,5,1,0,0,254,0,0,0,1,0,0,5,2,4,26,14,0,17,1,35,30,835,0,0,16,2,0,119,0,5,0,0,5,0,1,6,0,23,4,1,0,3,0,1,0,0,9,0,7,0,17,725,2,0,64,172,21,3,1,6,366,1,1275,1,165,276,505,0,0,0,0,0,0,0,6,0,0,1,0,0,8,0,0,83,0,7,8,0,2,5,122,1,0,0,349,0,0
0,0,0,0,0,0,0,30,0,0,0,0,0,0,0,0,0,0,0,0,0,0,0,0,0,0,0,10,0,0,0,0,0,0,3,0,0,0,0,0,0,0,0,0,0,0,0,0,0,0,0,146,0,8,0,0,0,0,0,0,0,0,0,0,0,0,0,0,0,0,0,195,0,0,0,0,0,5,0,0,0,0,0,0,0,0,0,28,0,0,0,0,0,0,0,0,0,0,0,0,0,12,0,0,0,0,0,0,0,8,1,0,0,0,0,0,0,0,0,0,0,0,0,0,0,2,0,0,0,0,104,0,0,0,0,2,0,0,0,0,0,0,0,0,0,0,0,0,0,2,0,0,0,0,0,0,264,0,0,0,0,0,0,0,0,0,0,2,0,0,0,0,0
0,0,0,0,9,0,12,8,2,3,1,0,0,6,3,0,11,1,0,1,0,0,0,0,1,0,0,1,0,0,1,0,0,1,38,12,0,0,0,2,0,0,0,123,0,0,2,0,52,0,0,1,0,4,0,0,0,0,26,0,0,5,13,0,0,1,1,1,3,0,0,9,0,0,37,7,0,3,2,0,1,0,2,0,0,0,0,94,0,1,0,2,1,0,0,3,11,0,0,0,0,90,0,0,0,1,0,3,2,56,0,0,3,0,2,2,3,1,0,0,0,0,4,0,1,14,2,0,0,0,32,1,22,0,2,183,1,85,0,6,0,1,0,0,1,0,1,0,1,1,12,1,21,1,1,0,26,0,0,6,0,0,0,0,12,0,0,23,0,0,2,2,0
1,1,0,0,16,0,1,1,88,2,0,0,2,33,5,0,2,0,1,3,0,0,0,0,0,3,0,0,1,0,2,4,2,4,3,1,0,6,16,3,2,0,0,142,2,4,13,2,15,1,4,0,0,2,0,24,1,0,10,28,1,10,13,10,1,9,0,4,2,6,8,0,1,1,2,2,3,5,2,1,23,0,0,3,0,4,0,0,0,12,4,4,1,2,0,170,5,29,1,0,2,17,30,0,1,6,0,1,4,6,1,1,1,0,59,1,3,0,0,0,1,0,6,0,0,1,7,32,2,0,1,12,104,1,6,116,10,238,43,17,5,37,0,2,0,0,7,1,0,1,2,1,281,0,0,0,0,0,0,4,4,3,0,1,22,3,8,1,0,0,47,0,9
5,0,0,0,126,0,0,2,1,2,0,1,1,173,1,1,0,0,0,14,0,1,0,54,0,2,0,1,4,6,0,9,1,0,7,0,1,0,0,0,0,0,1,39,0,4,5,2,26,1,0,0,0,0,11,178,13,0,3,4,3,0,11,42,0,1,7,4,8,0,4,0,57,6,0,0,9,0,6,11,10,1,0,5,0,2,0,3,0,19,2,0,0,6,1,19,103,3,1,0,3,1,2,1,0,0,0,5,0,0,0,2,0,22,0,0,2,4,0,1,0,0,1,0,12,1,0,8,5,0,10,7,1,326,7,1,4,0,16,7,16,0,4,2,0,0,0,0,0,0,2,2,0,2,1,0,0,0,0,1,1,1,11,0,0,4,3,0,0,1,243,0,1
0,2,4,12,1,58,0,0,0,60,0,25,0,1,0,137,0,135,5,23,4,3,15,0,77,4,22,0,1,1,108,0,182,0,0,0,7,0,0,0,2,1,16,1,54,187,46,12,8,0,11,0,2,0,42,0,2,6,0,1,13,0,0,0,7,0,221,1,83,0,4,0,4,62,3,0,0,0,16,16,2,4,100,2,1,3,7,0,0,0,0,0,1,12,4,0,0,0,19,15,115,1,174,0,30,0,11,33,0,7,0,0,12,0,0,70,4,2,24,38,31,238,0,55,3,0,0,0,0,150,0,0,0,1,0,0,0,0,0,13,0,0,0,6,0,2,173,98,132,0,0,83,5,51,1,0,0,105,11,23,47,0,43,56,0,0,0,0,4,10,0,12,98
0,68,3,1,0,28,0,0,0,0,7,3,0,0,0,0,0,0,18,11,6,252,17,0,2,175,12,0,0,1,0,0,0,0,0,0,0,0,0,0,0,6,0,0,0,0,1,0,1,0,3,0,2,0,0,0,0,6,1,1,0,0,1,0,0,0,0,12,1,0,6,0,0,2,2,2,0,0,0,0,0,0,0,0,0,0,0,0,27,1,0,0,0,0,0,0,0,0,0,11,0,0,0,0,29,0,1,0,0,0,0,24,3,0,18,0,0,0,2,0,0,0,0,0,0,0,0,0,1,0,0,0,0,0,1,0,0,0,0,0,0,0,0,0,0,3,0,7,0,0,0,0,0,0,80,2,0,0,86,1,1,0,0,0,0,0,0,0,0,0,0,0,0
1,0,0,0,0,0,0,0,0,1,3,0,0,0,1,0,0,0,0,1,0,0,0,0,0,3,0,0,10,0,2,8,2,0,0,1,5,0,0,1,16,1,0,0,1,1,17,0,3,37,0,0,1,0,3,1,43,0,0,22,1,0,1,46,0,7,0,0,0,0,0,0,1,1,0,1,75,0,2,1,108,0,0,1,1,1,0,0,2,0,101,0,2,0,1,0,0,2,0,0,0,0,0,0,0,0,0,6,1,0,0,0,2,0,1,1,3,3,3,2,0,0,37,0,0,0,2,1,44,0,0,1,0,1,30,0,3,0,1,0,3,1,1,0,0,0,3,0,0,0,0,0,0,0,2,0,0,0,0,0,6,0,0,0,0,3,0,0,1,1,0,13,1
8,0,0,0,0,0,6,1,3,0,13,0,11,0,1,0,1,0,0,2,1,0,0,0,0,2,0,0,0,0,0,1,0,2,2,1,0,3,1,19,4,0,0,0,0,0,1,0,0,1,3,0,0,4,0,0,1,0,7,70,0,1,16,1,0,22,0,3,0,27,0,1,0,0,0,2,1,0,0,0,0,0,0,1,0,0,0,4,25,0,22,1,0,0,0,5,0,4,0,0,0,0,0,2,0,5,0,0,11,1,0,0,0,1,3,0,1,0,0,1,0,0,12,0,0,0,345,4,0,0,0,6,19,0,1,6,25,0,1,0,2,42,0,0,1,0,0,0,0,0,0,0,0,0,0,2,0,0,0,0,0,0,0,0,4,0,1,462,0,0,0,0,0
41,4,4,1,5,4,0,1,0,15,1,147,0,1,0,10,4,409,0,9,6,0,8,1,16,7,2,0,0,46,15,0,40,0,0,9,2,0,1,1,7,69,0,1,3,17,23,3,4,1,13,0,0,0,535,11,17,11,0,0,38,0,2,2,50,0,217,2,27,0,6,0,402,1,8,0,1,0,25,13,0,9,2,1,2,1,412,0,0,0,7,0,0,539,347,0,0,1,2,8,15,0,3,0,10,0,2,14,0,37,0,10,2,2,7,104,6,7,12,701,0,6,0,6,9,0,0,0,6,13,0,2,0,145,0,20,1,0,0,13,0,0,1,2,0,2,19,4,8,0,0,14,21,363,5,0,0,1,1,1,8,1,1,2,0,0,0,0,1,141,0,13,16
0,0,0,13,0,0,0,0,0,14,0,1,0,0,0,7,0,2,0,0,0,0,13,0,1,0,14,0,0,0,68,0,25,0,0,3,2,0,0,0,0,0,3,0,429,123,7,77,0,0,0,0,0,0,2,0,6,0,0,0,53,0,0,0,11,0,5,1,50,0,0,0,0,1,0,0,0,0,20,30,0,32,5,91,21,33,0,0,0,0,0,0,28,0,0,0,1,0,22,0,303,0,30,0,2,0,0,65,0,3,0,0,2,0,0,5,52,0,0,2,312,21,0,62,1,0,0,0,0,5,0,0,0,0,0,0,0,0,0,34,0,0,0,87,0,0,12,4,17,0,0,13,1,0,0,0,0,8,0,0,2,0,10,10,0,0,0,0,0,0,0,2,3
0,0,0,0,0,0,2,0,1,0,0,0,1,0,0,0,2,0,0,0,0,0,0,0,0,0,0,1,0,0,0,0,0,4,1,0,0,9,8,7,0,0,0,1,0,0,0,0,0,0,0,6,0,5,0,0,0,0,1,0,0,6,5,0,0,0,0,0,0,0,0,1,0,0,0,2,0,1,0,0,0,0,0,0,0,0,0,8,0,0,1,1,0,0,0,25,0,0,0,0,0,5,0,2,0,2,0,0,884,0,1,0,0,0,0,0,0,0,0,0,0,0,0,0,0,2,7,1,0,0,0,40,1083,0,0,3,14,4,0,0,0,17,0,0,1,0,0,0,0,1,0,0,3,0,0,0,4,0,0,0,0,0,0,0,26,0,0,2,0,0,0,0,0
13,0,0,0,147,0,1,0,1,0,3,0,1,66,24,0,58,2,0,0,0,1,0,0,0,1,0,1,0,0,13,0,0,0,48,1,0,0,0,0,0,79,1,24,0,0,0,0,3,0,1,1,0,4,0,0,0,0,5,3,0,2,3,0,0,0,1,25,0,0,1,1,0,0,2,1,0,0,0,0,2,1,0,0,0,0,0,4,0,0,0,0,0,0,0,1,1,0,0,0,0,4,0,0,0,0,0,0,0,4,0,0,1,2,1,0,0,0,0,0,0,0,0,0,1,71,0,0,0,0,4,0,2,0,0,9,0,4,0,8,0,0,4,0,96,0,0,3,0,1,386,1,2,0,5,0,1,0,0,2,0,0,1,0,31,0,0,0,1,0,0,0,0
0,0,0,0,2,0,1804,0,4,0,11,0,14,0,0,0,1,0,0,0,0,0,0,0,0,0,0,0,0,0,0,0,0,7,0,1,0,9,6,370,1,0,0,0,0,0,2,0,0,0,0,0,0,0,0,1,1,0,8,6,0,0,48,0,0,9,0,1,1,6,0,0,0,0,0,2282,0,0,0,0,1,0,0,0,0,0,0,0,2,0,66,3573,0,0,1,2,10,36,0,0,0,0,0,5,0,1758,0,0,3,0,0,0,0,1,2,0,1,2,0,0,0,0,3,0,0,0,19,2,0,0,0,2,34,0,2,0,7,0,0,0,1,28,0,0,0,0,0,0,0,0,0,0,2,0,0,0,0,0,0,0,0,0,0,0,0,0,12,9,1,0,0,0,0
9,1,1,2,2,1,19,1,1,8,5,0,1,15,12,1,17,0,0,41,4,0,0,3,0,5,1,0,1,0,11,1,7,0,35,3,0,0,0,1,1,0,1,28,0,1,2,1,3,2,0,4,1,2,3,128,1,0,220,4,0,1,3,2,0,0,4,1,13,0,4,0,3,2,0,1,0,0,1,2,8,0,2,6,3,8,0,7,2,1,3,1,9,4,2,3,409,0,0,2,1,29,2,0,1,6,0,2,2,15,2,0,0,22,2,11,5,369,3,2,0,7,2,0,20,17,15,3,1,5,0,0,9,0,243,4,0,5,0,0,0,0,10,12,15,0,12,0,3,0,10,9,3,0,3,0,1,7,1,0,1,0,4,2,16,3,0,8,2,3,4,5,3
1,3,0,3,8,15,0,0,0,279,0,4,0,0,0,65,25,49,1,7,0,5,68,0,42,7,12,0,4,1,167,0,153,0,0,17,13,0,0,0,55,2,0,26,140,175,162,84,27,0,47,0,1,0,49,0,18,2,0,0,83,0,1,2,41,1,88,5,216,0,25,0,0,4,0,0,0,0,244,111,0,51,12,70,42,50,2,0,6,2,0,0,77,7,200,3,1,0,1,0,141,1,13,0,19,0,1,207,0,18,0,1,14,1,0,116,57,12,34,11,89,58,0,22,18,0,0,0,2,24,0,1,0,9,0,0,0,0,0,173,0,0,0,34,0,2,46,52,43,0,0,195,74,17,1,0,0,19,27,25,22,0,99,5,0,0,0,0,206,14,0,23,14
0,6,0,3,52,15,0,4,0,314,5,16,0,2,3,10,166,9,2,49,2,3,113,1,22,4,17,2,23,0,191,5,215,3,0,216,85,0,1,1,250,2,2,51,140,180,438,174,63,20,220,1,0,0,91,78,48,8,0,0,96,0,7,10,65,2,102,10,230,0,54,1,3,4,2,0,30,0,249,110,7,68,9,85,61,129,11,0,5,63,31,0,102,9,24,10,8,2,10,6,56,1,13,2,11,0,5,225,0,21,0,4,30,8,2,102,145,106,130,14,75,27,3,36,80,0,1,3,33,29,0,6,0,110,8,1,0,0,0,347,0,1,7,104,0,0,129,21,23,0,1,154,331,9,5,0,0,14,53,10,178,3,280,8,0,0,1,0,20,35,2,252,29
0,0,0,0,0,0,2,0,0,14,0,0,0,0,0,130,4,4,0,0,0,1,15,0,0,0,5,0,4,1,29,0,0,0,0,162,20,0,0,0,2,0,0,0,111,16,2,480,1,1,4,0,0,0,1,0,17,3,0,0,315,0,0,0,238,1,1,34,27,0,17,0,1,0,0,0,1,0,33,81,4,578,0,731,401,634,0,0,75,250,1,0,882,0,9,0,1,0,0,0,75,0,0,0,0,0,0,94,0,4,0,0,120,33,0,31,391,3,0,0,65,7,0,1,120,0,0,0,3,0,0,0,0,1,1,0,0,0,0,133,0,0,0,384,0,0,0,2,1,0,0,46,5,0,1,0,0,1,4,0,2,0,9,1,0,0,0,0,68,0,0,0,0
0,0,0,0,0,0,0,19,0,0,1,0,0,0,0,0,0,3,0,0,0,0,0,0,0,0,0,11,0,0,0,0,0,0,18,2,0,0,0,0,0,0,0,2,0,0,0,0,79,0,0,99,0,4,1,0,0,0,0,0,0,0,1,0,0,0,0,0,0,0,0,176,0,0,0,0,0,3,0,0,0,0,0,0,0,0,0,31,0,1,0,0,0,0,0,3,0,0,0,0,0,29,0,0,0,0,0,0,0,11,4,0,0,0,0,0,0,1,0,0,0,0,0,0,4,3,0,0,0,0,458,0,1,0,0,2,0,0,0,2,0,0,0,0,0,0,0,0,0,4,0,0,0,0,0,0,192,0,0,0,0,6,0,0,0,0,0,9,0,0,1,0,0
1,0,0,0,115,0,1,11,19,1,41,0,9,711,93,0,346,1,0,1,0,0,0,0,0,1,0,3,0,0,27,0,0,0,412,2,0,0,0,2,0,13,0,10,0,0,0,0,2,0,3,5,0,12,0,0,0,0,33,1,0,8,10,0,0,0,0,2,0,4,0,5,47,0,0,2,1,1,0,0,0,0,0,0,0,0,1,31,3,1,0,0,0,3,0,2,14,0,0,0,0,32,0,0,0,6,0,0,1,13,8,0,1,0,27,1,0,0,0,0,0,0,5,0,0,898,6,0,0,0,13,0,18,0,3,17,0,24,0,3,0,0,0,0,653,0,1,0,0,36,181,0,4,0,1,0,6,0,0,0,0,0,0,0,43,0,0,3,1,0,0,2,0
2,0,0,0,23,0,5,2,1242,0,6,0,1147,2,61,0,2,0,0,2,1,0,0,101,0,0,0,1,3,4,0,12,0,1338,6,1,22,979,1271,1004,0,0,0,2,0,0,0,0,2,1,2,4,0,13,0,0,1,0,8,29,0,12,97,3,0,345,0,2,0,905,0,23,0,0,0,18,5,9,0,0,29,0,0,0,0,1,0,34,0,3,25,14,0,4,0,18,16,114,0,0,1,6,0,1590,0,21,0,0,29,0,2,6,0,5,6,0,0,1,0,0,0,0,3,0,3,7,181,46,0,0,23,230,43,5,7,39,730,2,222,0,111,964,244,0,1,0,0,0,0,0,1,0,0,0,0,0,15,0,0,8,0,5,0,0,8,4,490,1,0,2,92,0,0
1,139,26,15,1,240,1,0,0,72,24,11,0,6,1,1,0,1,67,11,15,498,401,4,4,557,150,0,0,5,2,6,9,0,0,0,1,9,0,0,17,36,25,15,3,21,21,108,69,3,106,0,13,0,1,18,6,14,1,26,6,0,4,14,10,0,0,467,3,0,487,0,6,9,7,0,4,0,1,3,11,1,2,4,1,2,1,0,69,187,3,0,2,2,0,3,1,0,26,64,8,0,4,0,74,0,5,1,5,0,0,411,65,56,67,2,10,0,2,0,4,1,9,105,32,0,1,14,14,3,0,0,0,1,3,0,0,0,0,8,1,0,1,133,0,37,8,26,0,0,0,0,3,1,204,25,0,3,93,2,7,0,0,1,0,19,9,0,0,1,0,0,6
2,0,0,0,2,1,6,0,0,1,5,0,0,2,12,0,0,0,0,2,1,0,1,156,0,6,2,0,39,12,0,531,3,0,0,0,114,13,2,1,6,0,0,9,3,2,6,2,13,94,13,0,0,0,0,69,116,0,1,235,1,0,7,254,8,7,0,0,3,0,4,0,0,3,1,3,145,0,0,0,204,1,0,0,0,4,0,0,2,8,216,0,1,3,2,18,2,8,0,2,3,0,0,0,1,0,0,0,2,0,0,13,3,0,36,2,1,0,0,0,3,1,547,2,0,0,0,38,43,10,0,7,0,2,50,1,11,1,0,10,16,0,1,1,0,0,0,0,1,0,1,1,2,0,4,0,0,0,1,0,4,0,2,1,0,578,12,0,0,1,4,3,1
0,3,2,1,11,7,1,0,1,4,4,0,0,110,43,0,0,1,1,10,2,2,5,19,0,10,3,0,487,4,2,480,8,3,1,0,248,5,17,17,22,4,1,25,1,1,19,2,92,678,8,1,0,1,8,222,170,1,4,158,8,0,7,810,0,70,2,10,4,3,22,1,4,87,0,3,811,1,6,1,209,0,0,2,2,4,0,0,0,13,386,0,1,2,7,34,13,12,1,3,2,0,3,1,0,0,3,4,11,0,0,30,2,5,31,1,7,2,0,3,2,3,236,4,3,0,0,17,362,4,2,83,0,28,329,1,37,0,39,4,219,0,9,6,0,0,4,5,1,0,0,0,0,0,2,0,0,0,0,1,4,4,162,0,0,132,21,0,2,0,34,2,1
0,1,0,0,0,0,2,0,0,0,2,0,0,0,50,0,0,0,0,11,1,0,0,2,0,0,0,0,206,2,0,56,0,7,0,0,5,0,0,1,0,2,0,0,2,0,2,1,1,289,1,0,0,0,0,8,157,0,0,0,0,0,1,34,0,28,1,1,1,0,8,0,0,0,0,3,153,0,1,2,28,1,0,0,0,5,0,0,0,4,28,0,2,2,2,1,3,2,0,0,0,0,0,6,0,0,0,0,1,1,0,8,0,3,0,4,5,0,0,0,0,0,10,0,1,0,0,2,62,2,0,7,0,1,30,0,13,0,1,0,10,0,15,4,0,0,0,0,0,0,0,1,0,0,1,0,0,0,0,0,0,0,5,0,0,20,1,0,0,0,0,0,0
1,221,14,11,2,171,0,0,0,5,0,5,0,0,0,0,0,0,97,44,27,120,9,0,171,85,13,0,0,0,1,0,40,0,0,0,1,0,0,0,2,4,12,0,0,5,11,0,6,0,1,0,2,0,1,0,2,16,0,0,1,0,0,0,0,0,9,0,2,0,16,0,1,39,12,0,0,0,1,1,0,0,12,0,0,0,4,0,3,0,0,0,0,0,0,0,0,0,3,40,3,0,4,0,140,0,26,0,0,1,0,23,11,0,12,0,0,0,2,1,0,2,0,2,0,0,0,0,1,22,0,0,0,0,0,0,0,0,0,0,0,0,0,1,0,25,6,269,7,0,0,2,0,0,24,3,0,3,36,241,1,0,0,2,0,0,1,0,0,12,0,0,9
0,1,1,7,0,8,0,0,0,0,0,2,0,0,0,0,0,0,2,0,230,1,137,0,2,2,185,0,0,0,0,0,3,0,0,0,0,0,0,0,0,5,1,0,0,2,0,3,4,0,0,0,5,0,1,0,0,11,0,0,3,0,0,0,0,0,0,0,0,0,0,0,0,1,3,0,0,0,0,0,0,0,0,0,0,0,1,0,1,0,0,0,0,0,0,0,0,0,2,9,3,0,0,0,5,0,5,0,0,0,0,2,0,0,0,0,0,0,0,1,0,0,0,13,0,0,0,0,0,1,0,0,0,0,0,0,0,0,0,0,0,0,0,4,0,8,0,5,0,0,0,0,0,0,0,0,0,0,0,4,0,0,0,0,0,0,0,0,0,0,0,0,0
0,1,1,0,3,2,2,6,0,0,0,1,0,16,8,0,3,0,4,1,0,1,0,0,0,0,0,0,0,0,53,0,0,0,12,2,0,0,0,1,0,1,1,206,0,0,0,0,1,0,0,3,0,1,0,1,0,0,556,0,0,1,3,0,0,1,2,6,0,0,0,3,1,0,0,0,0,0,0,0,1,0,1,2,1,0,2,3,1,0,0,0,4,0,0,0,112,0,0,1,0,13,0,0,3,3,0,0,1,15,0,0,0,0,0,0,1,0,0,0,1,0,0,0,0,33,0,0,0,0,1,0,22,0,4,22,1,60,0,8,0,1,0,1,2,0,3,0,0,0,4,0,35,0,1,0,0,0,0,0,2,0,0,1,741,0,0,1,0,0,0,0,0
603,10,26,10,2,5,1,0,2,6,3,329,1,5,0,7,0,274,7,1,5,1,18,10,18,6,12,0,0,799,2,5,30,0,0,2,2,2,2,0,7,190,8,0,6,16,9,6,7,0,169,0,2,0,64,11,54,331,0,3,121,0,1,3,329,0,97,3,5,0,12,0,82,5,60,0,2,0,13,17,3,58,10,3,2,2,367,0,2,3,5,0,2,124,24,16,0,0,8,13,9,0,5,0,53,0,22,10,0,2,0,20,10,2,44,3,11,8,0,321,12,0,5,10,48,0,0,11,100,11,0,4,0,137,2,180,0,0,0,20,0,0,3,3,0,9,16,7,3,0,1,0,1,204,9,1,0,2,0,1,6,0,0,41,0,5,1,0,0,383,1,2,10
0,0,0,0,0,0,0,824,0,0,0,0,0,0,0,0,0,0,0,0,0,0,0,0,0,0,0,697,0,0,0,0,0,0,5,0,0,0,0,0,0,0,0,0,0,0,0,0,0,0,0,55,0,1189,0,0,0,0,0,0,0,1310,6,0,0,0,0,0,0,0,0,69,0,0,0,0,0,1030,0,0,0,0,0,0,0,0,0,1,0,0,0,0,0,0,0,0,0,0,0,0,0,23,0,0,0,0,0,0,52,3,849,0,0,0,0,0,0,0,0,0,0,0,0,0,0,1,2,0,0,0,5,4,15,0,0,4,0,0,0,0,0,0,0,0,0,0,0,0,0,1176,0,0,0,0,0,0,43,0,0,0,0,103,0,0,0,0,0,4,0,0,0,0,0
0,0,0,0,0,0,0,37,0,0,0,0,0,0,0,0,0,0,0,0,0,0,0,0,0,0,0,42,0,0,0,0,0,0,0,0,0,0,0,0,0,0,0,0,0,0,0,0,0,0,0,988,0,20,0,0,0,0,0,0,0,0,1,0,0,0,0,0,0,0,0,470,0,0,0,0,0,2,0,0,0,0,0,0,0,0,0,277,0,0,0,0,0,0,0,0,0,0,0,0,0,1,0,0,0,0,0,0,4,0,4,0,0,0,0,0,0,0,0,0,0,0,0,0,0,0,0,0,0,0,5,0,1,0,0,0,0,0,0,0,0,0,0,0,0,0,0,0,0,25,0,0,0,0,0,0,359,0,0,0,0,0,0,0,0,0,0,1,0,0,0,0,0
2,0,0,0,1,0,8,35,0,1,0,0,1,27,11,0,4,0,0,2,0,0,0,0,0,0,0,11,0,0,8,0,1,0,113,21,0,0,0,2,0,0,2,46,0,0,1,0,3,0,0,4,0,31,0,0,0,0,45,0,0,13,21,0,0,0,1,0,0,1,0,36,2,0,1,5,0,19,0,1,0,0,1,0,1,0,0,299,0,1,0,0,0,1,0,0,24,0,0,0,0,1060,0,0,0,11,0,1,2,633,4,0,0,0,2,0,0,0,0,0,0,0,0,0,1,72,7,0,0,0,79,2,29,1,4,368,0,88,0,2,0,1,0,0,3,0,2,1,0,3,5,0,33,0,0,0,191,0,0,0,1,3,0,0,25,0,0,98,0,0,0,0,0
0,0,0,0,1,0,2,1,9,0,0,0,1,0,0,0,0,0,0,1,0,0,0,0,0,0,0,6,0,0,0,0,0,17,3,0,0,21,59,7,1,0,0,2,0,0,0,0,0,0,0,0,0,8,0,0,0,0,4,0,0,28,10,0,0,1,0,0,0,0,0,0,0,0,0,0,0,27,0,0,0,0,0,0,0,0,0,3,0,0,0,0,0,0,0,17,0,1,0,0,0,21,0,1,0,2,0,0,223,3,5,0,0,0,0,0,0,0,0,0,0,0,0,0,0,0,1,2,0,0,1,62,79,0,0,19,16,14,0,0,1,19,0,0,0,0,0,0,0,1,0,0,22,0,0,0,7,0,0,0,0,2,0,0,9,0,1,0,0,0,0,0,0
0,25,2,2,4,3,0,0,0,13,1,3,0,0,0,1,3,2,4,11,3,16,29,0,2,8,6,0,0,0,14,0,24,0,0,3,0,1,0,0,4,3,1,1,2,14,28,9,13,0,13,0,8,0,4,2,1,8,0,0,0,0,0,0,4,0,7,0,8,0,8,0,1,1,4,0,0,0,26,8,0,0,1,1,3,0,2,0,1,0,0,0,0,3,0,1,0,0,0,2,6,0,1,0,19,0,0,14,0,0,0,3,2,0,3,2,3,2,4,2,1,1,0,10,0,0,0,0,1,1,0,0,0,1,0,0,0,0,0,2,0,0,0,0,0,4,6,19,1,0,0,7,6,2,7,0,0,0,5,1,6,0,0,0,0,0,0,0,0,6,0,5,7
1,58,0,1,0,8,0,0,0,57,16,0,0,0,0,1,3,14,3,14,13,7,6,2,9,28,1,0,0,4,20,1,30,0,0,92,2,0,0,0,41,0,0,1,12,11,85,5,6,5,15,0,0,0,20,4,29,1,0,1,16,0,3,1,7,0,1,2,32,0,216,0,0,1,3,0,2,0,471,210,0,5,1,36,33,25,4,0,4,21,5,0,38,9,12,3,9,0,0,0,19,0,1,0,4,0,0,234,0,0,0,22,21,0,1,25,31,2,0,9,2,4,2,0,6,0,0,1,5,4,0,0,0,2,1,0,0,0,0,12,0,0,0,1,0,0,8,42,2,0,0,50,5,8,8,1,0,0,15,3,3,0,9,2,0,3,0,0,51,23,0,11,3
1,0,0,0,29,1,1,2,3,2,16,0,0,29,0,0,0,0,1,1,0,1,0,18,0,6,0,1,4,81,0,8,0,6,0,1,3,57,38,3,1,1,1,63,0,0,6,0,14,2,21,0,0,3,1,12,10,0,3,10,1,1,7,4,0,1,0,3,2,0,8,2,45,1,0,0,0,1,3,1,1,0,0,1,0,1,0,1,3,5,15,0,0,0,1,621,17,39,0,0,0,0,5,0,0,0,0,1,187,0,1,7,0,1,6,0,0,1,0,0,0,0,1,0,4,1,6,188,0,0,3,70,72,0,1,1,13,4,6,1,7,6,1,0,0,0,0,1,0,0,0,0,5,1,0,0,0,0,0,1,0,4,0,0,17,44,8,1,0,1,20,0,0
5,26,10,0,1,3,0,0,0,2,422,7,0,0,0,2,0,0,4,0,380,15,105,1,0,23,100,0,0,18,2,0,1,0,0,0,0,0,0,0,4,84,3,0,1,1,12,49,12,0,84,0,18,0,0,0,1,64,0,190,2,0,3,0,20,0,0,36,1,0,52,0,1,0,1,0,2,0,1,0,9,6,0,1,1,0,4,0,341,3,2,0,0,1,0,3,0,1,0,2,1,0,0,0,2,0,0,0,0,0,0,307,10,0,3,0,2,0,1,1,0,0,11,17,0,0,1,8,6,1,0,0,0,2,0,1,0,0,0,4,0,0,0,1,0,7,1,0,0,0,0,0,0,0,14,352,0,0,18,0,0,0,0,0,0,3,0,0,0,5,0,1,0
0,0,0,0,0,4,0,0,0,14,1,0,0,0,2,11,0,127,0,2,0,0,0,1,6,0,0,0,0,0,6,0,0,0,1,69,0,0,0,0,0,0,2,0,2,0,1,20,21,0,0,0,0,0,5,2,3,0,0,1,3,0,0,1,1,0,0,1,3,0,16,0,0,0,0,0,0,0,17,8,1,0,0,27,39,34,0,0,3,16,0,0,71,9,6,0,1,0,0,0,4,0,0,0,0,0,0,8,0,0,0,0,25,450,0,165,25,0,0,5,0,0,1,1,163,0,0,0,1,0,1,0,0,0,1,0,0,0,0,2,1,0,0,7,0,0,0,1,0,0,0,61,0,14,0,0,0,0,2,0,0,0,5,0,0,0,0,0,112,0,0,2,1
1,0,0,0,2,0,0,276,0,0,0,0,0,1,0,0,0,0,0,0,0,0,0,0,0,0,0,383,0,0,2,0,0,0,7,2,0,2,0,1,0,0,0,1,0,0,1,0,0,0,0,21,0,261,0,1,0,0,0,0,0,550,19,0,0,0,0,0,0,0,0,30,0,0,0,0,0,444,0,0,0,0,0,0,0,0,0,5,0,19,0,0,0,0,0,162,1,0,58,0,0,20,2,0,0,1,0,0,14,0,391,0,0,0,0,0,0,2,0,0,0,0,0,0,25,1,0,0,0,0,4,14,12,1,0,3,0,0,0,0,0,0,0,0,0,0,0,0,0,193,1,0,0,0,0,0,57,0,0,0,0,772,0,0,1,0,0,3,0,0,0,0,0
0,0,0,0,0,0,0,9,0,0,0,0,0,0,0,0,0,0,0,0,0,0,0,0,0,0,0,7,0,0,0,0,0,0,0,3,0,0,0,0,0,0,0,0,0,0,0,1,0,0,0,33,0,0,0,1,0,0,0,0,0,0,1,0,0,0,0,0,0,0,0,23,0,0,0,0,1,0,0,0,0,0,0,0,0,0,0,8,0,1,0,0,0,0,0,4,0,0,0,0,0,0,0,0,0,0,0,0,0,0,1,0,0,0,0,0,0,0,0,0,0,0,0,0,0,0,0,0,0,0,6,0,1,0,0,0,0,0,0,0,0,0,0,0,0,0,0,0,0,1,0,0,0,0,0,0,41,0,0,0,0,7,0,0,0,0,0,0,0,0,1,0,0
