0.84334,0.23409,0.40356,0.37337,0.22319,0.27037,0.95601,0.6552,0.86239,0.32972,0.70569,0.46317,0.87291,0.58936,0.50142,0.35825,0.52851,0.39557,0.55377,0.42761,0.48465,0.46786,0.34419,0.49614,0.23465,0.50326,0.24,0.61018,0.6005,0.79637,0.24936,0.45298,0.20552,0.82278,0.5307,0.30744,0.3297,0.75769,0.76523,0.65453,0.4929,0.28299,0.30647,0.21985,0.45876,0.18129,0.34499,0.45906,0.16312,0.59418,0.24056,0.71698,0.55468,0.75814,0.62069,0.31332,0.23333,0.50157,0.58089,0.28295,0.41645,0.67345,0.41084,0.64163,0.41414,0.41658,0.25029,0.71963,0.30362,0.77946,0.47656,0.4822,0.61159,0.19243,0.66569,0.97528,0.63578,0.67076,0.43583,0.32106,0.25513,0.71535,0.37626,0.67179,0.68326,0.67717,0.46491,0.34798,0.54313,0.37931,0.38832,0.99003,0.72185,0.6735,0.54844,0.52864,0.52956,0.74549,0.59085,0.24447,0.37778,0.75507,0.53261,0.91998,0.18843,0.96107,0.33281,0.25215,0.61243,0.70483,0.65787,0.42025,0.26506,0.69953,0.15126,0.25339,0.48227,0.6745,0.37673,0.60192,0.46034,0.55747,0.59385,0.46391,0.29061,0.77651,0.54167,0.67442,0.51316,0.46296,0.49327,0.30441,0.6879,0.34153,0.45839,0.37917,0.6104,0.46223,0.79811,0.41716,0.41418,0.69183,0.63268,0.45177,0.86405,0.34315,0.34868,0.33292,0.43793,0.80769,0.64189,0.3396,0.33434,0.51036,0.42275,0.90127,0.27374,0.57041,0.22007,0.49792,0.34918,0.84623,0.4359,0.58429,0.6867,0.67804,0.69596,0.70282,0.42827,0.56889,0.4144,0.67021,0.45975
0.55143
0,36,295,165,0,37,0,0,0,0,0,65,0,0,0,1,0,4,85,13,1,2,2,0,172,10,7,0,0,0,0,0,7,0,0,0,0,0,0,0,1,13,232,0,0,0,2,1,6,0,0,0,171,0,3,0,0,8,0,0,2,0,0,0,1,1,26,0,0,0,0,0,9,109,454,0,0,0,0,0,0,0,82,0,0,0,33,0,0,0,0,0,0,2,0,0,0,0,88,210,0,0,8,0,40,0,212,0,0,0,0,0,3,0,28,1,0,0,1,18,0,2,0,42,0,0,0,0,0,21,0,0,0,1,0,0,0,0,0,0,0,0,0,0,0,201,14,8,0,0,0,0,0,14,6,0,0,28,16,13,2,0,0,13,0,0,0,0,0,7,0,0,9
0,1,9,71,1,14,0,0,0,12,0,4,0,0,0,8,0,2,0,2,0,0,0,0,21,0,7,0,0,0,45,0,83,0,0,1,5,0,0,0,1,0,48,0,23,99,7,3,0,0,0,0,1,0,1,0,1,0,0,3,2,0,0,0,0,0,11,0,28,0,0,0,0,47,1,0,0,0,2,0,0,2,336,0,1,1,0,0,0,0,2,0,6,1,0,0,0,0,21,4,54,0,392,0,4,0,4,16,0,20,0,0,5,0,0,13,2,0,1,1,33,485,0,28,0,0,0,0,0,400,0,0,0,0,0,0,0,0,0,1,0,0,0,6,0,2,318,13,254,0,0,10,1,0,0,0,0,401,13,0,7,0,12,305,0,0,0,0,0,1,0,0,257
1,39,41,40,24,33,2,1,1,16,6,19,6,2,0,0,1,1,24,109,1,9,46,0,63,10,20,0,1,0,11,0,97,2,0,29,10,2,0,5,7,4,103,0,2,53,46,3,99,1,31,0,29,0,6,14,2,30,0,3,1,1,7,0,2,0,10,1,5,1,0,0,4,103,10,2,1,0,1,0,0,0,115,1,0,1,3,0,0,0,8,0,0,2,0,5,3,17,43,112,2,1,26,0,109,3,130,1,0,5,1,2,9,0,12,9,5,1,28,4,1,9,1,67,1,0,13,0,0,53,1,0,4,19,0,1,0,0,1,2,0,9,1,3,1,55,44,104,31,0,0,6,9,4,11,0,0,38,4,9,41,0,0,19,0,4,0,8,0,18,1,6,44
0,144,155,39,0,100,0,0,0,0,0,22,0,0,0,0,0,0,448,9,51,29,30,0,28,22,79,0,0,3,0,0,0,0,0,0,2,0,0,0,3,177,58,0,0,0,1,0,12,0,2,0,350,0,1,0,1,119,0,0,3,0,1,0,0,0,5,1,3,0,8,0,1,21,82,0,0,0,0,0,0,0,7,0,0,0,28,0,51,0,0,0,0,2,0,0,0,0,22,174,0,0,0,0,49,0,64,0,0,0,0,16,0,0,54,1,0,0,0,3,1,0,0,18,0,0,0,0,2,7,0,0,0,2,0,0,0,0,0,0,0,0,0,2,0,233,1,10,0,0,0,0,0,4,21,4,0,1,125,24,0,0,0,0,0,0,0,0,0,1,0,0,1
0,7,29,72,0,26,0,0,0,1,0,2,0,0,0,0,0,0,4,2,1,2,0,0,28,3,0,0,0,0,0,0,2,0,0,0,0,0,0,0,1,0,37,0,0,1,0,0,0,0,0,0,1,0,0,0,0,0,0,0,0,0,0,0,0,0,4,0,0,0,0,0,0,122,1,0,0,0,0,0,0,0,53,0,0,0,0,0,0,0,0,0,0,1,0,0,0,0,4,44,1,0,17,0,13,0,31,0,0,0,0,1,0,0,4,1,0,0,0,0,1,7,0,1,0,0,0,0,0,73,0,0,0,0,0,0,0,0,0,0,0,0,0,0,0,13,21,19,8,0,0,0,0,3,0,0,0,48,0,1,0,0,0,8,0,0,0,0,0,0,0,0,10
4,96,17,11,90,71,1,0,0,19,9,18,0,0,1,0,10,0,31,319,25,79,118,0,30,102,14,0,2,1,10,6,54,0,0,4,17,6,0,0,35,12,14,3,1,33,278,8,138,3,131,0,6,0,26,25,11,9,4,1,6,0,3,10,5,0,29,12,16,0,26,0,9,21,6,0,12,0,4,7,2,0,13,0,1,0,6,0,4,1,13,0,1,4,2,8,1,3,6,58,1,0,4,0,128,0,42,5,3,2,0,50,23,0,25,5,6,17,110,10,2,1,3,14,3,0,0,4,2,22,0,2,0,20,3,1,0,0,0,5,0,0,0,18,0,37,44,81,2,0,0,9,87,5,49,2,0,5,47,17,161,1,8,7,0,15,3,0,0,39,0,16,28
0,0,86,286,0,2,0,0,0,0,0,19,0,0,0,0,2,0,0,2,0,0,7,0,5,0,84,0,0,0,4,0,33,0,0,0,0,0,0,0,0,1,186,0,12,57,0,7,10,0,4,0,12,0,0,0,0,1,0,0,16,0,0,0,0,0,8,0,0,0,0,0,0,13,4,0,0,0,0,0,0,0,126,0,0,0,3,0,0,0,0,0,0,1,0,0,0,0,452,81,8,0,20,0,3,0,59,0,0,0,0,1,154,0,0,0,2,0,0,1,21,2,0,437,0,0,0,0,0,18,0,0,0,0,0,0,0,0,0,0,0,0,0,21,0,27,24,3,3,0,0,0,1,1,0,0,0,12,0,0,3,0,0,34,0,0,0,0,0,0,0,0,11
0,3,1,1,0,1,0,0,0,1,1,0,0,0,10,0,1,0,4,1,0,1,0,0,0,0,0,0,0,0,3,0,0,0,2,0,0,0,0,1,0,0,1,38,0,0,1,0,0,0,0,0,0,0,0,1,0,1,9,2,0,0,0,0,1,0,0,2,0,0,0,0,0,0,3,0,0,0,0,0,0,0,0,0,0,1,3,1,2,0,0,0,0,1,0,0,0,0,0,0,0,1,0,0,1,1,0,0,0,0,0,0,0,0,11,1,0,0,0,0,0,0,0,2,0,1,0,1,1,0,0,0,0,0,0,11,0,20,0,9,0,0,0,0,0,0,0,0,0,0,2,0,15,0,0,0,2,0,2,0,0,1,0,0,113,0,0,1,0,1,0,0,0
5,0,0,0,41,0,8,3,64,0,13,0,116,5,354,0,0,2,0,6,3,0,0,386,0,0,0,1,10,11,0,10,0,234,4,2,190,168,251,65,0,0,0,11,0,0,0,0,19,4,2,2,0,1,1,15,9,0,1,24,0,1,26,6,0,387,1,4,0,195,5,12,0,0,0,9,6,2,0,0,224,0,0,0,1,0,0,5,2,3,27,13,0,13,1,36,27,826,0,0,16,4,0,117,0,5,0,0,7,0,1,8,0,24,4,2,0,2,0,1,0,0,14,0,5,0,17,754,4,0,68,173,22,2,3,3,283,1,1269,1,154,278,515,0,0,0,0,0,0,0,7,0,1,0,0,0,6,0,0,80,0,7,7,0,3,5,126,1,0,0,351,0,0
0,0,0,0,0,0,0,25,0,0,0,0,0,0,0,0,0,0,0,0,0,0,0,0,0,0,0,10,0,0,0,0,0,0,4,0,0,0,0,0,0,0,0,0,0,0,0,0,0,0,0,137,0,9,0,0,0,0,0,0,0,0,0,0,0,0,0,0,0,0,0,167,0,0,0,0,0,6,0,0,0,0,0,0,0,0,0,29,0,0,0,0,0,0,0,0,0,0,0,0,0,13,0,0,0,0,0,0,0,9,1,0,0,0,0,0,0,0,0,0,0,0,0,0,0,2,0,0,0,0,151,0,0,0,0,2,0,0,0,0,0,0,0,0,0,0,0,0,0,1,0,0,0,0,0,0,255,0,0,0,0,0,0,0,0,0,0,1,0,0,0,0,0
0,0,0,0,8,2,12,7,2,4,1,0,1,7,3,0,9,1,0,0,1,0,0,0,0,0,0,1,0,0,1,0,0,1,33,8,0,0,0,3,0,0,0,130,0,1,1,0,54,0,0,2,0,7,1,0,0,0,28,1,0,4,11,0,0,0,1,0,2,0,0,7,0,0,36,6,0,4,1,0,0,0,3,0,0,0,0,94,0,0,0,2,1,0,0,2,8,0,0,0,0,93,0,0,0,2,2,3,2,55,0,0,4,0,2,17,2,2,0,0,0,0,3,0,1,10,2,0,0,0,20,1,18,0,2,196,0,78,0,3,0,0,0,0,1,0,1,0,1,0,8,1,23,0,1,0,27,0,0,6,1,0,0,0,14,0,0,25,0,0,3,2,2
0,1,0,0,23,0,1,1,84,2,0,0,3,32,7,0,2,0,1,2,0,0,0,0,0,2,0,1,1,0,1,3,2,5,3,2,0,8,15,4,4,0,1,159,1,4,13,3,14,1,4,0,0,1,0,16,0,0,10,25,1,11,9,7,1,14,1,4,3,7,9,0,1,1,1,1,4,6,2,1,23,0,0,3,0,5,0,0,2,14,4,3,3,1,0,162,3,29,1,0,0,14,24,1,1,6,0,1,4,6,2,1,1,0,48,0,3,0,0,0,2,0,8,0,0,3,8,28,2,1,1,14,98,1,7,83,10,257,44,16,6,40,0,1,0,0,7,1,0,0,1,1,290,0,0,0,0,0,0,3,6,2,0,0,25,5,8,2,0,0,59,1,7
3,0,0,0,124,1,0,2,2,2,0,2,2,170,2,1,0,0,0,15,0,0,0,59,0,1,0,0,3,5,0,7,0,0,8,0,1,0,0,0,0,0,0,42,1,4,7,1,21,1,0,0,0,0,11,278,11,0,2,3,2,0,12,31,0,1,6,6,3,0,6,1,45,2,0,0,11,0,5,11,10,1,0,5,0,1,0,3,0,15,2,0,0,3,0,16,101,3,1,0,3,1,0,1,0,0,0,8,1,0,0,3,0,18,0,3,3,5,0,2,0,0,0,0,11,0,0,10,2,0,7,6,1,264,8,0,4,0,16,9,14,0,5,3,0,0,0,1,0,0,1,0,0,0,0,0,1,0,0,1,2,2,8,0,0,6,8,0,0,1,252,1,1
0,2,3,13,1,55,0,0,0,61,0,25,0,0,0,139,0,131,5,21,3,4,17,0,87,2,25,0,1,0,97,0,186,0,0,0,5,0,0,0,2,5,14,1,51,188,47,9,8,0,11,0,2,0,38,0,3,1,0,1,11,0,0,0,6,0,214,0,97,0,5,0,5,56,5,0,0,0,13,18,1,4,99,4,0,4,6,0,0,0,0,0,1,14,5,0,0,0,19,15,111,1,161,0,31,0,12,27,0,7,0,0,13,0,0,65,7,1,23,39,35,236,0,55,3,0,0,0,0,148,0,0,0,1,0,1,0,0,0,11,0,0,0,6,0,2,170,97,147,0,0,99,8,48,0,0,0,106,11,30,48,0,44,59,0,0,0,0,3,14,0,12,92
0,64,4,0,0,27,0,0,0,0,7,3,0,0,0,0,0,0,17,10,7,251,17,0,3,185,10,0,0,1,0,0,0,0,0,0,0,0,0,0,0,5,0,0,0,0,1,0,2,0,2,0,2,0,0,0,0,8,1,1,0,0,2,1,0,0,0,12,1,0,6,0,0,2,2,1,0,0,0,0,0,0,0,0,0,0,0,0,22,1,1,0,0,0,0,0,0,0,0,9,0,0,0,0,26,0,3,0,0,0,0,23,2,0,22,0,0,0,2,0,0,0,0,0,0,0,0,0,1,0,0,0,0,0,0,0,0,0,0,0,0,0,0,0,0,5,0,8,0,0,0,0,0,0,80,2,0,0,85,1,1,0,0,0,0,0,0,0,0,0,0,0,0
1,0,0,0,0,0,0,0,0,1,3,0,0,0,1,0,0,0,0,3,0,0,0,0,0,1,0,0,11,0,3,9,2,0,0,2,5,0,0,2,12,1,0,0,1,1,17,0,3,28,0,0,1,0,2,2,45,0,0,20,1,0,1,50,0,7,0,1,2,1,0,0,0,1,0,1,74,0,2,1,103,0,0,1,1,1,0,0,2,0,100,0,1,0,1,2,0,2,0,0,0,0,0,1,0,0,0,6,0,0,0,0,2,0,1,2,2,2,3,2,0,0,44,0,0,0,1,1,42,0,0,1,0,1,38,0,3,0,1,0,1,1,1,0,0,0,2,0,0,0,0,0,0,0,1,0,0,0,0,0,6,0,0,0,0,1,0,0,0,2,0,15,1
7,0,0,0,0,0,6,0,5,0,14,0,11,0,1,0,0,0,0,3,1,0,0,0,0,2,0,0,0,0,3,1,0,3,2,1,0,3,1,16,4,0,0,0,0,0,1,0,0,0,3,0,0,4,0,0,1,0,7,69,0,1,17,0,0,25,0,3,0,29,0,1,0,0,0,1,1,0,0,0,0,0,0,1,0,0,0,2,19,0,22,1,0,0,0,4,0,4,0,0,0,1,0,2,0,5,0,0,12,1,0,0,0,1,0,0,2,0,0,1,0,0,11,0,0,0,351,3,0,0,0,7,17,0,1,2,21,0,1,0,2,41,0,0,1,0,0,0,0,0,0,0,0,0,0,1,1,0,0,0,0,0,0,0,4,0,1,473,0,0,0,0,0
40,5,5,1,4,4,0,1,0,13,2,150,0,0,0,13,4,411,0,7,8,0,5,1,13,8,3,0,0,49,17,0,44,0,0,11,3,0,1,0,9,73,0,1,3,15,23,3,4,2,14,0,0,0,540,10,21,6,0,0,37,0,1,0,49,0,218,2,28,0,7,0,422,0,8,0,2,0,24,15,0,9,2,1,1,1,424,0,0,0,8,0,0,493,351,1,0,1,2,8,12,0,6,0,10,0,2,14,0,46,0,15,2,2,8,105,9,6,12,688,0,6,0,6,12,0,0,0,6,14,0,2,0,153,0,21,1,0,0,11,0,0,0,2,0,3,19,3,11,0,0,16,19,345,7,0,0,1,1,0,8,0,0,1,0,0,0,0,2,132,1,14,12
0,0,0,13,0,0,0,0,0,16,0,0,0,0,0,7,0,1,0,0,0,0,10,0,3,0,16,0,0,0,68,0,20,0,0,4,2,0,0,0,0,0,3,0,445,122,8,76,0,0,0,0,0,0,2,0,4,0,0,0,53,0,0,0,11,0,5,1,43,0,0,0,0,1,0,0,0,0,20,27,0,25,5,96,15,36,0,0,0,0,0,0,29,0,0,0,1,0,19,0,306,0,28,0,2,0,0,60,0,3,0,0,2,0,0,5,59,0,0,2,325,19,0,62,1,0,0,0,0,3,0,0,0,0,0,0,0,0,0,32,0,0,0,88,0,0,11,5,17,0,0,11,1,0,0,0,0,10,0,0,3,0,8,7,0,0,0,0,1,0,0,2,2
2,0,0,0,0,0,2,0,2,0,0,0,1,0,0,0,1,0,0,0,0,0,0,0,0,0,0,1,0,0,0,0,0,4,0,0,0,10,7,4,0,0,0,2,0,0,0,0,0,0,0,5,0,4,0,0,0,0,0,0,0,6,4,0,0,0,0,0,0,0,0,1,0,0,0,2,0,2,0,0,0,0,0,0,0,0,0,7,0,0,1,1,0,0,0,30,0,0,0,0,0,6,0,1,0,2,0,0,877,0,1,0,0,0,0,0,0,0,0,0,0,0,0,0,0,3,8,1,0,0,1,47,1080,0,0,1,11,4,0,0,0,19,0,0,0,0,0,0,0,1,0,0,5,0,0,0,3,0,0,0,0,0,0,0,28,0,0,3,0,0,0,0,0
10,0,0,0,179,0,1,0,0,0,4,0,1,56,28,0,52,1,0,0,0,1,0,0,0,0,0,1,0,0,21,0,0,0,52,3,0,0,0,0,0,82,1,32,0,0,0,0,5,0,1,1,0,4,0,0,0,0,5,2,0,2,3,0,0,1,1,17,0,0,0,1,0,0,2,0,0,0,0,0,2,1,0,0,0,0,0,4,0,0,0,0,0,0,0,2,1,0,0,0,0,3,0,0,0,0,0,0,0,2,0,0,2,2,2,1,0,0,0,0,0,0,0,0,1,67,0,0,0,0,3,0,2,0,0,12,0,3,0,6,0,0,4,0,79,0,0,3,0,0,380,0,2,0,3,0,1,0,0,1,0,0,1,0,29,0,0,0,2,1,0,0,0
1,0,0,0,1,0,1782,0,3,0,10,0,13,0,0,0,1,0,0,0,0,0,0,0,0,0,0,0,0,1,0,0,0,7,0,1,0,8,6,363,1,0,0,1,0,0,2,0,0,0,0,0,0,0,0,1,1,0,8,6,0,0,64,0,0,7,0,1,1,5,0,0,0,0,0,2288,0,0,0,0,1,0,0,0,0,0,0,0,2,0,75,3576,0,0,0,2,11,45,0,0,0,0,0,4,0,1753,0,0,3,0,0,0,0,1,1,0,1,2,0,0,0,0,4,0,0,0,19,3,0,0,0,2,31,0,2,0,8,0,0,0,1,27,0,0,0,0,0,0,0,0,0,0,2,0,1,0,0,0,0,0,0,0,0,0,0,0,11,8,1,0,0,0,0
10,1,1,1,1,1,19,1,1,6,5,1,0,21,11,1,16,2,1,41,4,0,1,4,0,4,1,0,2,0,9,1,7,0,33,4,1,0,0,1,1,0,1,34,0,0,3,1,3,2,0,4,0,1,3,117,1,0,219,6,0,1,1,3,0,1,4,0,14,0,4,2,3,3,0,1,0,0,0,2,6,0,2,6,1,7,0,5,1,1,2,1,9,5,0,3,421,0,0,3,1,21,2,0,0,4,0,2,2,18,2,0,0,18,3,9,5,373,1,2,0,5,2,0,17,32,14,3,1,3,0,0,9,0,233,2,0,4,0,0,0,0,10,11,17,0,12,0,3,0,10,12,6,1,4,0,1,8,1,0,2,0,4,4,15,6,0,9,2,1,3,6,3
1,3,0,2,6,19,0,0,0,269,1,5,0,0,0,62,26,49,1,9,0,6,67,0,42,7,13,0,5,0,156,0,144,0,0,14,14,0,0,0,52,2,0,21,137,180,169,84,33,1,52,0,1,0,46,0,17,2,0,0,77,0,2,1,41,1,86,4,204,0,24,0,0,4,0,0,0,0,224,126,0,53,13,68,43,49,3,0,6,2,0,0,74,6,195,3,1,0,1,0,126,1,16,0,18,0,2,208,0,19,0,0,20,0,0,123,65,12,34,11,99,54,0,19,17,0,0,0,1,23,0,1,0,9,0,0,0,0,0,168,0,0,0,31,0,2,50,51,58,0,0,235,68,15,1,0,0,20,29,25,26,0,104,5,0,0,0,0,200,12,0,19,16
0,6,0,4,59,13,1,3,0,304,6,14,0,2,4,9,160,10,2,57,4,2,108,0,26,5,22,1,28,0,196,3,216,3,0,190,78,0,1,1,243,4,1,47,147,187,434,168,66,20,223,1,0,1,95,75,44,2,0,0,95,0,6,10,65,3,115,11,235,0,53,1,3,4,1,0,24,0,230,124,6,68,10,78,54,124,10,0,5,66,37,0,100,11,27,10,7,2,10,2,52,1,9,2,11,0,5,211,0,19,0,4,40,13,4,100,167,107,136,13,86,27,1,32,76,0,0,2,32,26,0,5,0,121,10,1,0,0,0,350,1,1,5,95,0,0,120,20,28,0,1,126,333,14,4,0,0,14,55,8,191,3,306,8,0,0,0,0,21,37,5,252,31
0,0,0,0,0,1,2,0,0,15,0,0,0,0,0,127,4,4,0,0,0,1,14,0,1,0,7,0,4,1,34,0,0,0,0,155,17,0,0,0,2,1,0,0,109,18,2,471,1,2,5,0,0,0,1,0,13,3,0,0,319,0,0,0,233,0,1,35,31,0,12,0,1,0,0,0,1,0,38,88,3,578,0,700,453,602,0,0,77,242,0,0,872,0,9,0,1,0,0,0,66,0,0,0,0,0,0,93,0,3,0,0,130,35,0,32,408,3,0,0,78,6,0,0,121,0,0,0,4,0,0,0,0,1,2,0,0,0,0,132,0,0,0,370,0,0,0,2,1,0,0,53,4,0,1,0,0,3,4,0,3,0,9,1,0,0,0,0,73,0,0,1,0
0,0,0,0,0,0,0,21,0,0,1,0,0,0,0,0,0,5,0,0,0,0,0,0,0,0,0,8,0,0,0,0,0,0,39,2,0,0,0,0,0,0,0,4,0,0,0,0,91,0,0,104,0,3,1,0,0,0,0,0,0,0,1,0,0,0,0,0,0,0,0,133,0,0,0,0,0,2,0,0,0,0,0,0,0,0,0,28,0,0,0,0,0,0,0,2,1,0,0,0,0,40,0,0,0,0,0,0,0,8,4,0,2,0,0,5,0,1,0,0,0,0,0,0,3,2,0,0,0,0,403,0,1,0,0,5,0,0,0,0,0,0,0,0,0,0,0,0,0,2,1,0,0,0,0,0,238,0,0,0,0,11,0,0,0,0,0,7,1,0,1,0,0
1,0,0,0,143,0,0,6,19,0,17,0,10,709,95,0,343,0,0,0,0,0,0,0,0,0,0,4,0,0,24,0,0,0,389,1,0,0,0,2,0,14,0,11,0,0,0,0,2,0,1,5,0,8,0,0,0,0,30,3,0,10,8,0,0,1,0,0,0,3,0,4,45,0,0,4,1,0,0,0,0,0,0,0,0,0,0,32,1,1,0,1,0,2,0,2,11,0,0,0,0,24,0,0,0,5,0,0,1,15,7,0,0,0,23,1,0,0,0,0,0,0,5,0,0,952,6,1,0,0,4,0,16,0,3,21,0,16,0,2,0,0,0,0,661,0,1,0,0,53,172,0,4,0,1,0,11,1,1,0,0,0,0,0,46,0,0,1,1,0,0,0,0
7,0,0,0,25,0,5,5,1222,0,4,0,1147,2,61,0,3,0,0,0,1,0,0,90,0,0,0,2,3,3,0,10,1,1351,4,1,23,985,1281,953,0,0,0,2,0,0,0,0,1,1,0,4,0,10,0,7,1,0,7,22,0,11,182,3,0,374,0,3,0,873,0,11,0,0,0,15,5,5,0,0,20,0,0,0,0,1,0,35,0,3,30,14,0,3,0,19,15,113,0,0,1,23,0,1598,0,20,0,0,30,0,2,4,0,4,3,0,0,1,0,0,0,0,2,0,3,4,190,54,0,0,55,228,44,3,6,19,669,3,205,0,103,999,242,0,1,0,0,0,0,2,0,0,0,0,0,0,13,0,0,8,0,4,0,0,8,3,499,2,0,0,96,0,0
0,137,25,15,3,229,1,0,0,77,24,12,0,8,0,1,0,1,68,11,16,495,391,5,4,540,148,0,0,4,2,7,12,0,0,0,1,10,0,0,22,37,21,16,2,22,21,98,75,3,101,0,17,0,3,20,5,14,0,28,5,0,6,9,11,0,1,462,1,0,488,0,5,10,3,0,4,0,1,3,13,1,3,4,0,2,2,0,71,194,3,0,2,2,0,5,1,0,28,58,7,0,4,0,69,0,10,1,5,0,0,411,74,62,72,2,16,0,2,0,4,1,8,105,31,0,1,15,14,3,0,0,0,2,3,0,0,0,0,9,1,0,1,134,0,45,8,25,0,0,0,0,3,1,197,25,0,2,98,3,6,0,0,0,0,16,13,0,0,2,1,1,3
2,1,0,0,2,1,3,0,0,1,6,0,0,4,12,0,0,0,0,1,1,0,1,173,0,7,2,0,42,10,0,525,4,0,0,0,106,11,2,1,4,0,0,12,3,1,6,3,13,88,12,0,0,0,0,19,121,0,1,234,0,0,7,265,5,5,0,0,2,0,4,0,1,4,0,5,152,0,0,0,218,2,0,0,0,2,0,0,0,10,205,0,1,3,1,25,2,8,0,1,3,0,0,0,1,0,0,1,3,0,0,14,4,0,43,2,2,1,0,0,5,0,541,1,0,0,0,40,45,9,0,4,0,2,48,2,14,1,0,10,15,0,1,1,0,0,1,0,0,0,1,0,2,0,8,0,0,0,2,0,4,0,2,1,0,596,10,0,0,0,4,4,0
0,3,2,1,15,9,2,0,2,4,5,1,0,101,36,0,0,1,1,12,2,3,3,22,0,10,4,1,484,5,3,500,6,3,2,0,242,2,16,18,24,4,3,36,1,1,20,5,68,653,8,1,0,1,5,287,175,1,2,161,6,0,9,786,0,65,2,12,3,4,22,2,4,65,0,3,789,1,8,3,202,0,0,1,1,3,0,0,1,12,379,0,0,1,7,40,13,12,1,5,2,0,2,4,0,0,2,6,11,0,0,30,2,5,34,2,6,2,0,2,1,2,240,3,4,0,0,15,351,3,1,81,0,20,347,0,33,0,45,6,222,0,9,2,0,0,3,5,0,0,0,0,0,0,3,0,0,0,0,0,4,3,170,0,0,145,28,0,1,0,39,2,0
0,1,0,0,0,0,2,0,0,0,3,0,0,0,48,0,0,0,0,12,1,0,0,3,0,0,0,0,206,2,0,64,0,4,0,0,5,0,1,3,0,2,0,0,1,0,1,1,2,284,1,0,0,0,0,7,162,0,0,0,0,0,1,33,0,34,1,1,1,0,6,0,0,0,0,2,147,0,1,2,29,1,0,1,0,4,0,0,0,4,23,0,1,2,0,1,2,2,0,0,0,0,0,5,0,0,0,0,0,1,0,7,0,3,0,5,5,0,0,0,0,0,9,0,1,0,0,2,67,2,0,4,0,1,32,0,12,0,2,0,9,0,17,4,0,0,0,0,0,0,0,1,0,0,2,0,0,0,0,0,1,0,4,0,0,20,2,0,0,0,0,0,1
1,206,13,11,1,171,0,0,0,7,0,5,0,0,0,0,0,0,93,44,26,134,11,0,171,83,15,0,0,0,1,0,41,0,0,0,1,0,0,0,2,2,12,0,0,5,10,0,6,0,0,0,2,0,1,0,1,17,0,0,1,0,0,0,0,0,10,0,2,0,15,0,1,37,14,0,0,0,2,1,0,0,14,0,0,0,3,0,3,0,0,0,0,0,0,0,0,0,2,46,3,0,3,0,140,0,28,0,0,0,0,27,11,0,14,0,0,0,2,1,0,2,0,2,0,0,0,0,0,17,0,0,0,0,0,0,0,0,0,0,0,0,0,1,0,25,6,271,10,0,0,2,0,1,22,3,0,4,36,239,1,0,0,2,0,0,1,0,0,11,0,0,7
0,1,1,8,0,8,0,0,0,0,0,2,0,0,0,0,0,0,2,0,227,1,135,0,2,2,186,0,0,0,0,0,3,0,0,0,0,0,0,0,0,5,1,0,0,2,0,3,4,0,0,0,7,0,1,0,0,12,0,0,2,0,0,0,0,0,0,0,0,0,0,0,0,1,2,0,0,0,0,0,0,0,0,0,0,0,2,0,1,0,0,0,0,0,0,0,0,0,2,9,2,0,0,0,5,0,5,0,0,0,0,2,0,0,0,0,0,0,0,1,0,0,0,14,0,0,0,0,0,1,0,0,0,0,0,0,0,0,0,0,0,0,0,4,0,8,0,6,0,0,0,0,0,0,0,0,0,0,0,4,0,0,0,0,0,0,0,0,0,0,0,0,0
0,0,1,0,5,2,2,7,0,0,0,1,0,15,18,0,4,0,3,1,0,1,0,0,0,0,0,0,0,0,25,0,0,0,9,1,0,0,0,1,0,0,2,206,1,0,0,0,1,0,0,3,0,0,0,0,0,0,535,0,0,1,4,0,0,1,1,4,0,0,0,2,1,0,0,0,0,0,0,0,1,0,1,2,0,0,2,3,1,0,0,0,4,0,0,0,116,0,0,0,0,11,1,0,3,4,1,0,1,13,0,0,0,0,0,0,1,0,0,0,1,0,0,0,0,76,0,0,0,0,1,0,20,0,1,24,1,58,0,7,0,1,0,1,2,1,1,0,0,0,0,0,35,0,1,0,0,0,0,0,1,0,0,0,754,0,0,2,0,1,0,0,0
576,11,31,9,2,5,1,0,0,8,5,327,0,6,0,8,0,274,6,2,6,1,20,11,18,5,12,0,0,790,3,4,33,1,0,4,3,3,2,0,9,208,9,0,9,19,9,6,11,0,178,0,2,0,58,9,57,319,0,4,109,0,1,3,328,0,103,4,3,0,16,0,83,5,39,0,2,0,10,13,3,50,6,5,3,1,368,0,2,3,6,0,3,135,23,22,0,0,4,16,6,0,6,0,53,0,23,10,0,4,0,17,11,2,42,3,6,8,0,322,7,1,4,8,51,0,0,7,94,9,0,4,0,145,1,182,0,0,0,21,0,0,2,3,0,8,15,7,3,0,2,0,0,195,10,1,0,1,1,1,4,0,0,46,0,6,1,0,0,417,3,1,13
0,0,0,0,0,0,0,819,0,0,0,0,0,0,0,0,0,0,0,0,0,0,0,0,0,0,0,731,0,0,0,0,0,0,3,0,0,0,0,0,0,0,0,0,0,0,0,0,0,0,0,56,0,1188,0,0,0,0,0,0,0,1324,3,0,0,0,0,0,0,0,0,82,0,0,0,0,0,1037,0,0,0,0,0,0,0,0,0,2,0,0,0,0,0,0,0,0,0,0,1,0,0,24,0,0,0,0,0,0,47,3,823,0,0,0,0,0,0,0,0,0,0,0,0,0,0,1,2,0,0,0,10,6,16,0,0,6,0,0,0,0,0,0,0,0,0,0,0,0,0,1134,0,0,1,0,0,0,39,0,0,0,0,109,0,0,0,0,0,3,0,0,0,0,0
0,0,0,0,0,0,0,35,0,0,0,0,0,0,0,0,0,0,0,0,0,0,0,0,0,0,0,48,0,0,0,0,0,0,0,0,0,0,0,0,0,0,0,0,0,0,0,0,0,0,0,988,0,18,0,0,0,0,0,0,0,0,0,0,0,0,0,0,0,0,0,474,0,0,0,0,0,2,0,0,0,0,0,0,0,0,0,282,0,0,0,0,0,0,0,0,0,0,0,0,0,1,0,0,0,0,0,0,4,0,4,0,0,0,0,0,0,0,0,0,0,0,0,0,0,0,0,0,0,0,13,0,1,0,0,0,0,0,0,0,0,0,0,0,0,0,0,0,0,20,0,0,0,0,0,0,343,0,0,0,0,3,0,0,0,0,0,1,0,0,0,0,0
2,0,0,0,1,0,8,33,0,1,0,0,1,30,12,0,6,0,0,3,0,0,0,0,0,0,0,11,0,0,3,0,1,0,135,19,0,0,0,3,0,0,2,55,0,0,1,0,3,0,0,5,0,33,0,0,0,0,43,0,0,14,23,0,0,0,1,0,0,1,0,26,2,0,0,5,0,21,0,1,0,0,1,0,1,0,0,293,0,1,0,0,0,2,0,0,24,0,0,0,0,1005,0,0,0,10,0,1,3,628,2,0,0,0,3,2,0,0,0,0,0,0,0,0,0,72,8,0,0,1,65,0,31,1,4,375,0,88,0,4,0,1,0,0,2,0,1,0,0,2,5,0,36,0,1,0,206,0,0,0,1,1,0,0,31,0,0,122,0,0,0,0,0
0,0,0,0,1,0,2,1,7,0,0,0,1,0,0,0,0,0,0,1,0,0,0,0,0,0,0,6,0,0,0,0,0,17,4,0,0,22,62,6,1,0,0,1,0,0,0,0,0,0,0,0,0,8,0,0,0,0,4,0,0,28,8,0,0,0,0,0,1,1,0,0,0,0,0,0,0,29,0,0,0,0,0,0,0,0,0,3,0,0,0,0,0,0,0,20,0,1,0,0,0,21,0,1,0,2,0,0,214,3,5,0,0,0,0,0,0,0,0,0,0,0,0,0,0,0,1,1,0,0,2,66,81,0,0,14,14,18,0,0,1,20,0,0,0,0,0,0,0,1,0,0,21,0,0,0,7,0,0,0,0,1,0,0,10,0,2,0,0,0,0,0,0
0,27,3,2,4,2,0,0,0,15,1,3,0,0,0,1,2,4,4,12,0,14,22,0,1,8,5,0,0,0,14,0,22,0,0,3,0,1,0,0,6,6,1,1,3,11,25,9,18,0,15,0,7,0,5,3,1,8,0,0,0,0,0,0,4,0,4,0,8,0,8,0,0,1,4,0,0,0,25,8,0,0,1,1,4,0,2,0,1,0,1,0,0,3,0,0,0,0,0,2,6,0,1,0,21,0,0,13,0,0,0,3,2,0,3,2,3,1,3,2,1,1,0,9,0,0,0,0,0,2,0,0,0,1,0,0,0,0,0,2,0,0,0,0,0,5,6,20,1,0,0,9,7,1,7,0,0,0,6,1,9,0,0,0,0,0,0,0,0,8,0,5,5
0,62,0,1,0,7,0,0,0,50,11,1,1,0,0,1,2,14,3,13,13,7,6,1,9,24,2,0,0,4,22,1,30,0,0,93,2,0,0,0,41,0,0,1,15,12,83,4,5,4,18,0,0,0,16,4,25,2,0,1,12,0,3,1,8,0,2,2,30,0,220,0,1,0,3,0,1,0,489,218,0,5,1,36,34,16,4,0,5,20,6,0,32,7,11,1,9,0,0,0,18,0,1,0,4,0,0,235,0,0,0,24,19,0,1,32,31,2,2,9,2,4,3,0,7,0,0,0,5,4,0,0,0,1,0,0,0,0,0,14,0,0,0,1,0,0,10,48,2,0,0,42,5,8,8,1,0,0,17,3,5,0,10,2,0,2,0,0,48,18,0,14,3
2,0,0,0,35,1,1,2,3,3,16,0,0,32,0,0,0,1,1,0,0,1,0,21,0,6,1,1,3,83,0,8,0,7,0,1,1,59,28,3,1,1,1,68,0,0,8,0,14,1,22,0,0,3,1,5,12,0,4,9,0,2,3,3,0,1,0,3,1,0,9,3,43,1,0,0,1,1,2,2,1,0,0,2,0,0,0,1,3,6,19,0,0,0,0,646,12,40,0,0,0,0,3,0,0,1,0,1,187,0,0,9,0,1,4,0,0,2,0,0,0,0,0,0,1,1,6,164,0,0,2,75,68,0,1,0,12,4,6,1,5,7,1,0,0,0,0,1,0,0,0,0,6,1,0,0,0,0,0,1,0,1,0,0,17,45,4,1,0,2,27,0,0
6,23,9,0,1,3,0,0,0,1,422,5,0,0,0,1,0,0,5,0,379,14,105,1,0,24,92,0,0,19,2,0,1,0,0,0,0,0,0,0,5,76,3,0,0,1,11,38,15,0,86,0,20,0,1,0,1,73,0,198,1,0,3,1,20,0,0,31,1,0,54,0,1,0,1,0,2,0,0,0,9,7,0,2,1,0,10,0,340,3,2,0,0,1,0,3,0,0,0,2,1,0,0,0,1,0,0,1,0,0,0,306,12,0,5,0,2,0,1,1,1,0,7,17,0,0,1,9,7,1,0,0,0,1,0,2,0,0,0,4,0,0,0,1,0,7,2,0,0,0,0,0,0,0,16,356,0,0,12,1,0,0,0,0,0,4,0,1,0,7,0,0,0
0,0,0,0,0,2,0,0,0,12,1,0,0,0,2,8,0,120,0,3,0,0,0,1,6,0,0,0,0,0,6,0,0,0,1,57,0,0,0,0,0,0,2,0,2,0,0,20,19,0,0,0,0,0,1,1,4,0,0,0,4,0,0,1,1,0,0,2,5,0,17,0,0,0,0,0,0,0,18,8,1,1,0,24,48,27,0,0,2,19,0,0,68,11,7,0,1,0,0,0,2,0,0,0,0,0,0,8,0,0,0,0,32,447,0,187,26,0,0,7,0,0,1,0,161,0,0,0,1,0,0,0,0,0,1,0,0,0,0,3,1,0,0,10,0,0,0,2,0,0,0,59,0,15,0,0,0,0,2,0,0,0,5,0,0,0,0,0,111,0,0,2,0
1,0,0,0,2,0,0,269,0,1,0,0,0,1,0,0,0,0,0,0,0,0,0,0,0,0,0,363,0,0,2,0,0,0,6,2,0,2,0,1,0,0,0,2,0,0,0,0,0,0,0,25,0,262,0,0,0,0,1,0,0,549,11,0,0,0,0,1,0,0,0,29,0,0,0,0,0,428,0,0,0,0,0,0,0,0,0,5,0,17,0,0,0,0,0,145,2,0,38,0,0,21,2,0,0,1,0,0,15,1,395,0,0,0,0,0,0,2,0,0,0,0,0,0,23,0,0,0,0,0,4,20,9,1,1,2,0,1,0,0,0,0,0,0,0,0,0,0,0,187,1,0,1,0,0,0,59,0,0,0,0,853,0,0,1,0,0,2,0,0,0,0,0
0,0,0,0,0,0,0,8,0,0,0,0,0,0,0,0,0,0,0,0,0,0,0,0,0,0,0,7,0,0,0,0,0,0,0,3,0,0,0,0,0,0,0,0,0,0,0,1,0,0,0,35,0,1,0,0,0,0,0,0,0,0,0,1,0,0,0,0,0,0,0,24,0,0,0,0,1,0,0,0,0,0,0,0,0,0,0,8,0,0,0,0,0,0,0,5,0,0,0,0,0,0,0,0,0,0,0,0,0,0,1,0,0,1,0,0,0,0,0,0,0,0,0,0,0,0,0,0,0,0,5,0,1,0,0,0,0,0,0,0,0,0,0,0,0,0,0,0,0,1,0,0,0,0,0,0,40,0,0,0,0,6,0,0,0,0,0,0,0,0,1,0,0
