0.86649,0.23375,0.39172,0.35696,0.21141,0.28587,0.94383,0.51444,0.83014,0.31955,0.56528,0.47293,0.87807,0.58053,0.4485,0.37293,0.49554,0.38253,0.54157,0.39242,0.46558,0.48121,0.28947,0.50581,0.24359,0.48284,0.20759,0.47022,0.58884,0.79979,0.22071,0.45263,0.19373,0.82111,0.50233,0.32161,0.36261,0.58694,0.76525,0.66323,0.41435,0.25753,0.30516,0.29936,0.45563,0.20082,0.35239,0.48129,0.19622,0.57352,0.24598,0.71306,0.54026,0.75465,0.58296,0.20107,0.20677,0.51213,0.54181,0.29019,0.34086,0.68654,0.18452,0.63174,0.39046,0.53994,0.35059,0.74177,0.32675,0.79242,0.49402,0.33116,0.55043,0.20236,0.6469,0.97114,0.67881,0.60324,0.38676,0.31648,0.30336,0.7151,0.34638,0.66636,0.57769,0.65517,0.44504,0.34559,0.37368,0.36738,0.35624,0.98975,0.69428,0.65375,0.54899,0.46583,0.52174,0.79534,0.50078,0.23774,0.35756,0.71381,0.45466,0.91841,0.18595,0.96415,0.28265,0.23108,0.63383,0.69843,0.625,0.44159,0.31409,0.51445,0.18952,0.23201,0.52343,0.71771,0.37302,0.59562,0.49365,0.5368,0.60045,0.41939,0.2437,0.78922,0.55188,0.50362,0.43346,0.37349,0.64151,0.33292,0.66802,0.38916,0.48656,0.41331,0.54333,0.53881,0.78686,0.43093,0.35388,0.69068,0.59016,0.48759,0.84583,0.31812,0.37292,0.3566,0.38697,0.80664,0.62019,0.24552,0.50446,0.54646,0.57647,0.84402,0.33854,0.61712,0.24498,0.48069,0.34259,0.5837,0.41184,0.55102,0.69691,0.69541,0.67327,0.9482,0.62281,0.14754,0.46243,0.57353,0.54268
0.53953
0,39,284,157,0,43,0,0,0,0,0,72,0,0,0,1,0,4,93,20,1,2,3,0,171,11,8,0,0,0,0,0,9,0,0,0,1,0,0,0,0,13,260,0,0,5,1,0,3,0,1,0,179,0,3,0,0,21,0,0,2,0,0,0,1,1,26,0,0,0,0,0,11,80,469,0,0,0,0,0,0,0,107,0,0,0,23,0,0,0,0,0,0,4,0,0,0,0,73,223,0,0,15,0,32,0,158,0,0,0,0,0,5,0,12,0,0,0,1,17,0,2,0,38,2,0,0,0,0,22,0,0,0,0,0,0,0,0,0,0,0,0,0,0,0,219,17,7,2,0,0,0,0,16,2,0,0,29,11,11,1,0,0,15,0,0,0,0,0,1,0,0,4
0,1,11,59,1,11,0,0,0,11,0,5,0,0,0,6,0,3,0,1,0,1,0,0,22,0,4,0,0,0,86,0,127,0,0,1,1,0,0,0,3,0,63,0,27,111,6,2,0,0,0,0,1,0,1,0,0,0,0,4,5,0,0,0,0,0,8,0,21,0,0,0,0,48,1,0,1,0,3,0,0,3,354,0,1,1,0,0,0,0,1,0,12,1,0,1,0,0,19,5,73,2,376,0,4,0,10,56,0,23,0,0,7,0,0,12,0,0,2,0,26,547,0,21,0,0,0,0,0,279,0,0,0,0,0,0,0,0,0,1,0,0,0,9,0,1,358,14,190,0,0,10,1,0,0,0,0,411,6,0,6,0,19,297,0,0,0,0,1,2,0,1,178
1,34,36,43,27,35,2,1,0,10,3,14,11,1,1,0,1,1,33,134,1,9,49,0,60,13,23,0,1,0,16,0,87,0,1,34,7,16,1,6,4,2,110,1,2,63,54,0,29,1,26,0,33,2,4,10,7,37,9,4,1,1,3,0,2,0,22,2,2,1,1,0,2,94,5,5,1,0,3,0,0,0,139,0,1,1,5,0,0,1,8,0,0,2,0,6,2,1,31,115,3,1,27,0,110,1,133,1,0,3,3,2,16,1,7,8,6,2,29,1,0,12,4,100,2,0,8,0,0,42,1,1,7,19,0,1,0,0,1,2,0,13,1,3,1,59,46,90,29,0,0,17,12,7,1,0,0,37,2,9,12,0,1,26,1,1,0,3,0,31,0,7,25
0,150,137,46,0,102,0,0,0,0,0,16,0,0,0,0,0,0,482,17,59,27,25,0,34,32,43,0,0,3,0,0,1,0,0,0,1,0,0,0,2,177,62,0,0,0,0,0,5,0,2,0,369,0,0,0,1,113,1,0,2,0,0,0,0,0,6,1,3,0,14,0,6,17,82,0,0,0,0,0,0,0,10,0,0,0,27,0,70,0,0,0,0,2,0,0,0,0,22,190,0,0,0,0,40,0,47,0,0,0,0,5,7,0,29,1,0,0,0,3,0,0,0,21,0,0,0,0,3,13,0,0,0,2,0,0,0,0,0,0,0,0,0,0,0,223,1,18,0,0,0,1,0,5,15,4,0,2,122,17,0,0,0,0,0,0,0,0,0,0,0,0,0
0,7,29,78,0,27,0,0,0,0,0,2,0,0,0,0,0,0,8,1,1,2,0,0,24,3,1,0,0,0,4,0,3,0,0,0,1,0,0,0,0,0,43,0,0,1,0,0,0,0,0,0,1,0,0,0,0,0,0,1,0,0,0,0,0,0,4,0,0,0,0,0,0,106,1,0,0,0,0,0,0,0,61,0,0,0,0,0,0,0,0,0,0,2,0,2,0,0,4,48,1,0,17,0,15,0,32,3,0,0,0,1,0,0,1,0,0,0,0,0,1,13,0,1,0,0,0,0,0,73,0,0,0,0,0,0,0,0,0,0,0,0,0,0,0,15,17,15,5,0,0,0,0,2,0,0,0,34,0,1,0,0,0,11,0,0,0,0,0,0,0,0,6
2,130,22,14,116,83,0,0,0,14,12,12,0,0,0,0,14,0,37,290,20,87,144,0,28,128,17,0,2,2,14,6,55,0,0,6,17,3,1,1,26,12,16,7,1,36,308,4,106,7,129,0,7,0,19,29,17,26,28,1,5,0,2,11,5,0,34,4,11,0,32,0,9,25,7,1,2,0,10,2,3,0,14,0,2,1,7,0,6,4,27,0,1,6,0,10,1,3,6,56,2,0,9,0,125,0,36,2,1,1,0,19,37,0,2,4,2,6,123,11,1,5,5,21,3,0,0,2,1,32,0,1,0,17,2,1,0,0,1,4,0,0,0,5,1,43,37,68,4,0,0,27,117,8,13,4,0,5,21,11,70,0,8,5,0,7,2,0,0,45,0,37,9
0,2,90,282,0,4,0,0,0,0,0,20,0,0,0,0,3,0,0,0,1,0,5,0,4,0,175,0,0,0,3,0,28,0,0,0,0,0,0,0,0,1,193,0,9,40,1,7,1,0,3,0,14,0,0,0,0,5,1,0,19,0,0,0,1,0,8,0,0,0,0,0,0,18,4,0,0,0,0,0,0,0,161,2,0,0,2,0,0,0,0,0,0,1,0,0,0,0,319,101,8,0,23,0,2,0,42,0,0,0,0,0,185,0,0,0,0,0,0,1,16,4,0,437,0,0,0,0,0,15,0,0,0,0,0,0,0,0,0,0,0,0,0,15,0,23,26,2,3,0,0,0,1,1,0,0,0,16,0,0,3,0,0,33,0,0,0,0,0,0,0,0,6
0,2,0,0,1,1,1,0,0,0,0,0,0,0,4,0,0,0,3,1,0,3,2,0,0,0,0,0,0,0,5,0,0,0,4,0,0,0,0,0,0,1,4,44,0,1,1,1,0,0,1,0,0,2,0,0,0,0,3,3,0,0,1,0,1,0,0,1,0,0,0,0,0,0,5,0,0,0,0,0,0,0,0,0,1,2,4,0,1,0,0,0,0,1,0,0,0,1,0,0,0,2,0,0,0,0,0,0,0,1,0,2,0,0,13,1,0,0,0,0,0,0,0,2,0,0,0,0,0,0,0,0,0,1,0,7,0,39,0,9,0,0,0,0,0,1,0,0,0,0,1,0,0,0,0,0,0,0,0,0,0,1,0,0,109,0,0,0,0,0,0,0,0
2,0,0,0,35,0,12,2,52,0,29,0,115,7,344,0,1,3,0,6,3,0,0,392,0,2,0,3,11,10,0,8,0,278,3,1,188,350,252,58,1,1,0,6,0,0,0,0,44,5,3,4,0,0,0,11,5,0,0,10,0,2,4,9,0,171,1,0,0,193,8,12,1,0,0,10,14,2,0,0,253,0,0,0,1,1,0,2,2,6,29,14,0,51,1,27,53,785,0,0,29,1,3,107,0,4,0,0,7,0,2,8,0,51,42,0,0,6,0,1,0,0,7,0,6,8,16,417,9,0,17,259,19,2,3,5,368,1,1377,0,178,278,504,0,0,0,0,0,0,0,6,0,1,0,0,0,0,0,0,109,0,3,7,0,3,8,122,1,0,0,320,0,0
0,0,0,0,0,0,0,64,0,0,0,0,0,0,0,0,0,0,0,0,0,0,0,0,0,0,0,11,0,0,0,0,0,0,6,0,0,0,0,0,0,0,0,0,0,0,0,0,0,0,0,156,0,15,0,0,0,0,0,0,0,0,0,0,0,0,0,0,0,0,0,231,0,0,0,0,0,5,0,0,0,0,0,0,0,0,0,23,0,0,0,0,0,0,0,0,0,0,0,0,0,11,0,0,0,0,0,0,0,8,1,0,0,0,0,0,0,0,0,0,0,0,0,0,0,1,0,0,0,0,48,0,0,0,0,2,0,0,0,0,0,0,0,0,0,0,0,0,0,4,0,0,0,0,0,0,235,0,0,0,0,1,0,0,0,0,0,0,0,0,0,0,0
0,0,0,0,6,2,20,8,2,2,1,0,1,4,15,0,11,1,0,1,0,0,0,0,0,0,0,1,0,0,2,0,0,1,60,14,0,0,0,2,1,0,0,122,0,0,1,0,52,0,0,2,0,5,1,0,0,0,19,1,0,4,7,0,0,0,0,3,12,0,0,31,0,0,38,4,0,3,1,0,0,0,0,0,0,0,0,89,0,0,0,1,3,0,0,2,8,1,0,0,0,71,0,0,0,2,0,0,2,76,0,0,1,0,3,2,2,2,0,0,0,0,3,0,0,6,2,0,0,0,27,1,21,0,3,198,0,85,0,3,0,1,0,0,3,0,1,1,1,0,13,2,0,0,0,0,24,0,0,5,5,0,0,0,14,0,0,0,0,0,1,0,0
0,1,0,1,46,0,1,1,118,5,7,0,1,30,3,0,4,0,1,4,1,0,0,1,0,1,0,0,1,0,3,13,3,5,6,1,0,14,22,4,5,0,1,78,2,4,23,3,22,1,3,0,0,4,0,20,1,0,3,15,0,12,9,14,1,9,0,1,7,3,20,5,1,0,2,2,1,5,2,1,30,0,1,4,1,1,0,0,0,18,3,1,3,2,0,111,7,22,2,0,2,13,80,2,0,5,0,0,3,7,2,1,2,2,94,1,1,0,0,0,1,0,6,0,0,0,1,33,2,2,4,16,93,3,4,107,13,472,50,11,7,34,0,2,0,0,13,0,0,0,1,0,7,0,0,0,0,0,0,6,9,1,0,1,23,3,7,0,0,0,25,0,3
5,0,0,0,57,0,0,2,2,2,68,1,2,190,1,0,0,0,0,14,0,0,0,28,0,0,0,1,2,4,1,12,3,0,0,0,1,0,0,0,0,0,1,9,1,4,3,2,34,2,0,0,0,0,5,141,10,0,0,0,3,0,2,53,0,2,5,2,7,0,9,0,98,10,0,0,12,0,7,8,5,1,0,2,0,2,0,3,0,23,4,0,3,5,1,16,60,0,1,0,2,1,12,1,0,0,0,5,2,0,0,3,0,124,1,1,7,4,0,1,0,0,0,0,3,0,0,8,4,1,40,8,0,323,2,0,5,0,18,8,14,0,5,2,0,0,0,0,0,0,2,2,0,3,0,0,0,0,0,1,0,0,6,0,0,8,2,0,1,1,204,0,1
0,4,4,12,3,50,0,0,0,74,0,26,0,0,0,135,0,158,4,29,3,6,17,0,77,1,26,0,2,0,133,0,232,0,0,1,7,0,0,0,4,2,22,1,59,195,57,17,4,1,12,0,3,0,57,1,2,7,5,1,18,0,0,0,7,0,141,2,68,0,1,0,3,57,2,0,0,0,17,2,1,5,109,3,2,1,2,0,0,0,2,0,8,11,4,2,0,0,19,15,115,2,157,0,23,0,10,36,0,18,0,0,16,5,0,43,4,2,19,32,30,285,0,61,3,0,0,0,0,106,0,0,0,1,0,1,0,0,0,8,0,0,0,6,0,3,188,83,128,0,0,80,23,51,0,0,0,98,13,20,31,0,56,58,0,0,0,0,5,23,0,6,45
0,69,6,0,0,43,0,0,0,0,5,3,0,0,0,0,0,0,19,9,10,245,14,0,2,213,8,0,0,0,0,0,0,0,0,0,0,0,0,0,0,5,1,0,0,0,1,0,3,0,1,0,4,0,0,0,0,7,3,0,0,0,1,1,0,0,0,14,1,0,10,0,1,2,2,1,0,0,0,0,0,0,0,0,0,0,0,0,40,2,0,0,0,0,0,0,0,0,0,10,0,0,0,0,28,0,0,0,0,0,0,21,3,0,10,0,0,0,1,0,0,0,0,0,0,0,0,0,0,1,0,0,0,0,0,0,0,0,0,0,0,0,0,0,0,6,0,3,0,0,0,1,0,0,30,3,0,0,83,1,0,0,0,0,0,0,0,0,0,0,0,2,0
1,0,1,1,1,2,0,0,0,0,4,1,0,0,2,0,0,0,0,1,0,0,1,0,0,2,0,0,14,1,2,7,0,0,1,4,3,0,0,1,33,1,0,0,0,1,17,1,1,52,2,0,0,0,1,2,55,0,0,10,1,0,2,41,0,1,1,0,3,0,1,0,0,0,0,1,72,0,5,0,96,0,0,1,0,2,0,0,1,0,127,0,1,0,1,1,0,2,0,1,0,0,0,0,0,0,0,4,1,0,0,1,0,0,4,1,1,3,2,1,2,1,23,0,0,0,0,0,21,1,0,1,0,1,34,1,0,0,0,0,5,0,1,0,0,0,3,0,0,0,0,0,0,0,2,0,0,0,0,0,5,0,0,0,0,0,0,0,0,2,0,6,3
3,0,0,0,0,0,3,0,3,0,8,0,12,0,1,0,1,0,0,2,1,0,0,0,0,5,0,1,0,0,0,0,0,4,0,1,0,7,2,25,4,0,0,0,0,0,1,0,0,0,0,0,0,1,0,0,3,0,4,88,0,1,8,0,0,23,0,1,0,21,0,1,1,0,0,3,5,0,0,0,1,0,0,1,0,0,0,5,8,0,25,1,1,0,0,3,1,1,0,0,0,0,0,2,0,4,0,0,14,0,0,0,0,1,64,0,1,0,0,1,0,0,72,0,0,0,250,2,0,0,0,4,19,0,2,4,20,0,1,0,1,41,0,0,1,0,0,0,0,0,1,0,0,0,2,36,1,0,0,0,0,0,0,0,4,1,1,421,0,0,0,1,0
51,4,11,2,5,6,0,1,1,26,0,156,1,0,0,15,3,438,0,12,2,1,6,1,14,10,4,0,0,46,18,0,57,0,0,15,1,0,1,1,8,74,0,2,5,12,25,6,3,1,9,0,0,0,520,11,17,36,1,1,38,0,2,6,49,0,298,3,15,0,4,0,382,1,9,0,0,0,26,3,0,8,3,0,2,0,406,1,1,0,11,0,0,506,353,0,1,0,1,10,11,0,5,0,8,0,3,11,0,43,0,10,2,0,7,110,7,4,11,626,0,6,0,3,19,0,0,0,8,15,0,0,0,173,0,22,1,0,0,11,0,0,0,0,0,1,18,2,6,0,0,19,30,394,3,0,0,1,0,0,5,1,1,2,0,0,0,0,0,41,1,3,5
0,0,0,18,0,0,0,0,0,29,0,0,0,0,0,9,1,1,0,0,0,0,10,0,0,0,23,0,0,0,63,0,43,0,0,4,4,0,0,0,1,0,2,0,421,98,8,73,1,0,0,0,0,0,4,0,3,0,0,0,66,0,0,0,12,0,3,1,45,0,0,0,0,1,0,0,0,0,26,6,1,37,7,90,10,33,0,0,0,1,0,0,27,0,0,0,0,0,13,0,305,0,26,0,2,0,0,99,0,2,0,0,5,0,0,0,53,0,0,1,311,16,0,75,1,0,0,0,0,3,0,0,0,0,0,0,0,0,0,29,0,0,0,96,0,0,10,4,10,0,0,6,3,0,0,0,0,8,0,0,2,0,8,11,0,0,0,0,0,0,0,0,1
0,0,0,0,0,0,2,1,4,0,0,0,0,0,0,0,2,0,0,0,0,0,0,0,0,0,0,1,0,0,0,0,0,4,1,0,0,10,12,4,0,0,0,2,0,0,0,0,0,0,0,5,0,3,0,0,0,0,1,0,0,8,1,0,0,1,0,0,0,0,0,1,0,0,0,2,0,1,0,0,0,0,0,0,0,0,0,10,0,0,1,1,0,0,0,16,1,0,0,0,0,5,0,2,0,3,0,0,1023,0,0,0,0,0,3,0,0,0,0,0,0,0,2,0,0,1,1,1,0,0,0,28,984,0,0,2,5,7,0,0,0,15,0,0,0,0,0,0,0,0,0,0,0,0,0,0,3,0,0,0,0,1,0,0,18,0,0,2,0,0,0,0,0
11,0,0,0,163,0,1,0,1,2,5,0,0,38,48,0,61,1,0,1,0,0,1,0,0,1,0,0,0,0,19,0,0,0,52,4,0,0,0,0,1,90,0,23,0,1,0,0,14,0,0,1,0,2,0,0,0,0,1,1,0,1,1,0,1,0,0,22,0,0,1,5,1,0,3,0,0,0,0,0,5,0,0,0,0,0,1,5,0,0,0,1,1,0,0,1,1,0,0,0,0,3,0,0,0,0,0,0,0,0,0,0,1,2,1,1,0,0,0,0,0,0,1,0,0,57,0,0,0,0,3,0,0,0,0,12,1,6,0,2,0,0,3,0,86,0,0,3,0,4,387,0,0,1,0,0,1,0,0,0,2,0,1,0,21,0,0,0,0,0,0,0,0
0,0,0,0,3,0,1781,0,4,0,9,0,16,0,0,0,2,0,0,0,0,0,0,0,0,1,0,0,0,0,0,0,0,9,0,1,0,8,6,374,1,0,0,1,0,0,2,0,0,0,0,0,0,0,0,1,2,0,4,7,0,0,31,0,0,11,0,1,1,5,0,0,0,0,0,2322,0,0,0,0,2,0,0,0,0,0,0,0,0,0,58,3571,0,0,1,1,3,14,0,0,0,0,0,5,0,1775,0,0,5,0,0,0,0,2,16,0,1,2,0,0,0,0,3,0,0,0,10,2,0,0,0,2,49,0,2,0,2,0,0,0,0,28,0,0,0,0,0,0,0,0,0,0,0,0,1,1,0,0,0,0,0,0,0,0,0,0,10,10,1,0,0,0,0
6,0,3,3,1,1,24,2,1,6,7,0,0,20,4,1,23,1,1,38,4,0,2,3,1,5,0,0,2,0,5,2,7,0,35,4,0,0,0,1,5,1,2,59,0,2,1,3,2,2,0,5,0,1,3,120,3,0,208,4,2,1,2,4,1,0,3,1,10,0,4,0,3,2,0,1,1,0,1,4,7,0,0,7,1,12,0,8,1,3,2,1,8,4,2,1,384,0,0,4,1,22,1,0,0,5,0,2,5,12,1,1,0,33,2,4,5,389,3,4,0,6,12,0,13,14,12,6,0,5,0,0,11,0,239,5,0,4,0,0,0,0,14,14,14,0,17,0,1,0,8,5,0,1,1,1,2,3,0,0,4,0,4,4,16,5,0,3,2,0,2,1,2
0,5,0,3,8,14,0,0,0,313,1,4,0,0,0,48,36,55,0,6,1,6,85,0,30,7,10,0,9,0,180,0,186,0,0,23,11,0,0,0,46,2,2,35,127,148,189,94,23,0,43,0,0,0,45,5,17,3,3,0,88,0,0,1,47,0,45,4,203,0,4,0,0,8,1,0,1,0,290,49,2,59,13,75,35,30,3,0,8,5,1,0,77,5,198,3,0,0,1,1,145,3,19,0,13,0,4,178,0,20,0,1,17,7,0,97,50,7,34,14,88,67,0,23,26,0,0,0,0,20,0,0,0,15,0,1,0,0,0,168,0,0,0,39,0,3,56,60,72,0,0,164,90,29,0,0,0,8,26,18,15,0,111,7,0,0,0,0,213,19,0,12,3
2,7,0,6,82,12,3,3,1,340,6,10,0,4,4,10,190,10,1,44,2,8,131,1,17,6,20,2,32,0,211,4,241,3,0,256,43,1,2,3,179,4,2,62,124,187,487,184,44,29,245,1,0,0,92,113,72,12,27,1,100,0,4,15,65,1,70,10,248,0,43,1,1,6,1,0,28,0,317,22,9,77,10,83,79,84,12,0,10,68,56,0,107,10,19,13,2,0,1,7,49,2,12,3,14,0,7,161,0,18,0,7,32,16,2,81,127,97,141,16,69,37,0,42,86,0,0,1,1,30,1,4,0,114,7,2,0,0,0,365,1,1,9,125,0,0,104,29,33,0,1,178,339,15,1,0,0,9,69,6,111,2,306,12,0,0,0,0,15,44,2,117,10
0,0,0,0,0,0,2,0,0,35,0,0,0,0,0,120,4,4,0,0,0,1,20,0,0,0,7,0,5,1,27,0,1,0,0,190,10,0,0,0,4,0,0,0,103,9,1,463,0,3,7,0,0,0,2,1,13,3,0,0,287,0,0,1,247,0,1,32,42,0,7,0,1,0,0,0,2,0,49,58,3,625,0,735,290,646,0,0,126,241,1,0,838,0,10,0,1,0,0,0,57,0,0,0,0,0,0,157,0,4,0,0,133,11,0,25,391,2,0,0,64,4,0,0,121,0,0,0,2,0,0,0,0,0,0,0,0,0,0,147,0,0,0,452,0,0,3,2,0,0,0,36,13,0,0,0,0,0,0,0,2,0,8,1,0,0,0,0,36,0,0,0,0
0,0,0,0,0,0,0,36,0,1,0,0,0,0,0,0,0,3,0,0,0,0,0,0,0,0,0,22,0,0,0,0,0,0,21,3,0,0,0,0,0,0,0,4,0,0,0,0,54,0,0,113,0,7,0,0,0,0,0,0,0,0,1,0,0,0,0,0,1,0,0,305,0,0,0,0,0,2,0,0,0,0,0,0,0,0,0,29,0,1,0,0,0,0,0,3,0,0,2,0,0,7,0,0,0,0,0,0,0,6,4,0,0,0,0,1,0,1,0,0,0,0,0,0,0,2,0,0,0,0,442,0,0,0,0,5,0,0,0,0,0,0,0,0,0,0,0,0,0,4,0,0,0,0,0,0,96,0,0,0,0,4,0,0,0,0,0,0,0,0,1,0,0
1,1,0,0,96,0,3,5,39,0,69,0,15,638,128,0,389,0,0,0,0,0,0,0,0,1,0,2,0,0,36,0,0,0,432,5,0,0,0,1,0,13,0,18,0,0,0,0,2,0,2,4,0,17,0,0,0,0,31,1,0,7,11,0,3,0,0,2,0,5,0,15,21,0,0,3,2,0,0,0,1,0,0,0,0,1,1,28,0,1,3,0,1,1,0,1,11,0,0,0,0,101,0,0,0,6,0,0,3,12,7,0,0,0,9,1,0,0,0,0,0,0,4,0,0,835,5,0,0,0,10,0,14,0,4,20,0,15,0,0,0,0,1,0,609,0,0,0,0,41,191,0,1,0,1,2,7,0,0,0,0,0,0,0,50,0,0,0,0,0,0,1,1
0,0,0,0,15,0,5,5,1212,0,15,0,1289,5,81,0,9,0,0,1,0,0,1,127,0,0,0,3,3,5,0,10,0,1579,6,0,27,773,1418,1028,0,0,0,2,0,0,0,0,4,1,2,6,0,4,0,2,3,0,2,37,0,14,31,4,0,392,0,0,0,878,0,23,0,1,0,16,5,4,0,0,22,0,0,0,0,0,0,25,0,2,36,17,0,9,0,14,19,89,0,0,1,6,0,1452,0,17,0,0,32,1,1,4,0,15,20,0,0,1,0,0,0,0,4,0,5,60,139,26,0,0,16,268,41,1,8,28,558,1,241,0,102,978,282,1,1,0,0,0,0,2,1,0,0,0,0,0,13,0,0,12,0,3,0,0,9,4,408,2,0,0,85,0,0
1,136,29,22,6,269,1,0,0,86,17,7,0,4,1,1,0,2,78,12,29,525,396,3,3,591,164,1,1,5,2,13,7,0,0,1,1,7,0,1,17,30,24,2,1,12,22,63,166,6,118,0,22,0,4,12,6,13,2,18,3,0,2,18,6,0,2,428,7,0,496,0,6,11,3,0,4,0,4,51,11,0,5,4,2,12,3,0,60,183,7,0,2,2,0,4,1,2,22,67,4,0,4,0,68,0,11,1,4,0,0,412,33,9,29,0,4,0,2,0,5,1,9,116,5,0,0,12,15,7,0,0,0,3,5,1,0,0,0,11,1,0,0,124,0,48,4,18,0,0,0,5,8,0,147,17,0,3,77,4,12,0,0,1,1,14,12,0,0,9,2,0,0
3,2,0,0,9,3,4,0,0,1,5,1,0,4,14,0,0,0,0,3,3,1,2,161,0,5,1,0,50,13,0,559,2,0,0,0,114,19,3,1,4,1,1,2,2,0,3,2,15,104,14,0,0,0,0,83,131,0,0,213,1,0,4,251,4,8,0,0,2,0,9,1,0,3,0,5,160,0,0,0,209,0,0,0,0,8,0,0,1,4,245,0,2,1,2,14,2,9,0,1,2,0,0,0,3,0,0,2,2,0,0,12,3,0,37,0,1,0,0,0,4,1,535,1,1,0,0,31,35,13,0,3,0,3,57,2,5,2,1,11,15,0,1,1,0,0,0,0,0,0,1,0,1,1,1,0,0,0,0,0,9,0,1,1,0,500,7,0,0,0,1,0,0
0,4,2,2,37,5,1,0,1,8,10,0,0,84,33,0,1,1,1,11,5,4,4,22,0,8,4,1,517,8,4,522,13,3,2,0,256,4,14,22,30,4,2,2,2,1,17,4,86,745,22,1,0,0,7,151,171,1,1,161,7,0,5,808,0,82,8,4,4,1,29,0,3,137,2,4,913,1,5,4,135,0,0,2,2,6,1,0,1,6,394,0,1,2,6,39,13,13,0,4,2,0,3,1,2,0,3,6,11,0,0,28,3,27,35,0,5,8,0,2,1,4,172,3,1,0,1,11,228,3,1,55,0,41,380,0,20,0,44,3,151,0,10,6,0,0,3,9,0,0,1,3,1,2,3,0,0,0,0,1,5,3,187,0,0,127,20,0,1,0,34,1,1
0,1,0,0,1,0,3,0,0,0,4,0,0,1,56,0,0,0,0,12,2,0,0,2,0,0,0,0,224,1,0,55,0,6,0,0,6,0,1,0,2,2,0,0,1,1,1,2,1,335,2,0,0,0,0,8,163,0,0,1,0,0,2,31,0,17,2,0,0,0,6,0,1,0,0,5,113,0,1,2,19,1,0,1,0,4,0,0,0,2,27,0,4,1,0,1,6,2,0,0,0,0,0,1,0,0,0,1,1,0,0,8,0,3,0,2,4,0,0,0,0,0,13,0,0,0,0,1,59,2,0,2,0,2,17,0,12,0,2,0,11,0,21,4,0,0,0,0,0,0,0,0,1,0,1,0,0,0,0,0,0,0,5,0,0,19,0,0,0,0,0,0,0
1,223,18,11,1,174,0,0,0,1,0,5,0,0,0,0,0,0,100,44,27,119,10,0,171,97,7,0,0,0,1,0,38,0,0,0,0,0,0,0,1,4,11,0,0,6,11,1,6,0,0,0,2,0,1,0,1,20,0,0,0,0,0,0,0,0,4,0,2,0,11,0,1,41,15,0,0,0,1,0,0,0,10,0,0,0,2,0,6,0,0,0,0,2,0,6,0,2,2,47,3,0,3,0,135,0,23,0,0,1,0,22,11,0,3,0,0,0,2,0,0,1,0,5,0,0,0,0,1,40,0,0,0,0,0,0,0,0,0,0,0,0,0,1,0,27,6,281,4,0,0,10,0,2,3,2,0,1,34,224,1,0,0,5,0,0,1,0,0,14,0,0,6
0,1,2,8,0,15,0,0,0,0,0,2,0,0,0,0,0,0,2,0,256,1,109,0,3,5,159,0,0,0,0,0,2,0,0,0,0,0,0,0,0,5,0,0,0,2,0,1,4,0,0,0,9,0,1,0,0,13,0,0,3,0,0,0,0,0,0,0,0,0,1,0,0,0,2,0,0,0,1,0,0,0,0,0,0,0,1,0,2,0,0,0,0,0,0,0,0,0,1,13,2,0,0,0,5,0,5,0,0,0,0,2,0,0,0,0,0,0,0,1,0,0,0,26,0,0,0,0,0,2,0,0,0,0,0,0,0,0,0,0,0,0,0,1,0,7,0,8,0,0,0,0,0,0,0,0,0,0,0,1,0,0,0,0,0,0,0,0,0,0,0,0,0
0,1,0,0,6,3,5,9,0,0,2,4,0,15,10,0,12,0,2,1,0,1,0,0,0,0,0,0,0,0,56,0,1,0,21,1,0,0,1,1,0,0,4,235,0,1,1,1,0,0,1,3,0,1,0,1,0,0,486,0,0,0,2,0,2,1,1,4,0,0,0,1,1,0,1,0,0,0,0,0,1,0,0,2,0,0,1,7,2,0,0,0,4,0,0,0,115,0,0,0,0,24,0,0,2,4,1,0,1,17,1,0,1,0,1,0,0,0,0,0,1,0,0,0,0,27,0,0,0,0,0,0,19,0,4,13,0,96,0,9,0,1,0,0,1,0,3,0,0,1,3,0,0,0,0,0,1,0,1,0,2,0,0,1,745,0,0,0,0,0,0,0,1
636,10,36,18,2,8,0,0,1,7,3,332,0,5,0,6,0,310,8,2,10,1,17,19,24,4,14,0,0,771,4,5,44,1,0,3,6,0,1,1,2,188,12,2,16,13,6,6,10,0,139,0,4,0,85,8,69,401,0,80,170,0,1,5,303,0,149,4,2,0,13,0,81,4,63,0,3,0,9,5,2,44,16,3,1,3,417,0,0,2,6,0,2,115,25,2,1,0,5,14,8,0,7,0,65,0,27,5,0,3,0,26,11,1,27,4,10,2,0,303,7,1,3,13,101,0,0,18,122,10,0,3,0,104,0,204,0,0,1,22,0,0,1,3,0,10,13,4,2,0,1,1,1,163,2,1,0,1,2,2,6,0,0,43,0,0,2,0,0,43,2,3,16
0,0,0,0,0,0,0,837,0,0,0,0,1,0,0,0,0,0,0,0,0,0,0,0,0,0,0,302,0,0,0,0,0,0,5,0,0,0,0,0,0,0,0,0,0,0,0,0,0,0,0,61,0,1218,0,0,2,0,0,0,0,1290,0,0,0,0,0,0,0,0,0,38,0,0,0,0,0,1005,0,0,0,0,0,0,0,0,0,2,0,0,0,0,0,0,0,0,0,0,0,0,0,28,0,0,0,0,0,0,47,7,850,0,0,0,0,0,0,0,0,0,0,0,0,0,4,0,0,0,0,0,2,1,10,0,0,5,0,0,0,0,0,0,0,0,0,0,0,0,0,1385,0,0,0,0,0,0,25,0,0,0,0,345,0,0,0,0,0,0,0,0,0,0,0
0,0,0,0,0,0,0,364,0,0,0,0,1,0,0,0,0,0,0,0,0,0,0,0,0,0,0,38,0,0,0,0,0,0,0,0,0,0,0,0,0,0,0,0,0,0,0,0,0,0,0,1081,0,18,0,0,0,0,0,0,0,0,0,0,0,0,0,0,0,0,0,54,0,0,0,0,0,2,0,0,0,0,0,0,0,0,0,282,0,0,0,0,0,0,0,0,0,0,0,0,0,1,0,0,0,0,0,0,4,1,4,0,0,0,0,0,0,0,0,0,0,0,0,0,1,0,0,0,0,0,1,0,1,0,0,0,0,0,0,0,0,0,0,0,0,0,0,0,0,31,0,0,0,0,0,0,347,0,0,0,0,6,0,0,0,0,0,0,0,0,0,0,0
1,0,0,0,2,0,12,23,2,1,0,0,3,18,17,0,7,0,0,3,0,0,0,0,0,1,0,12,0,0,9,0,1,0,189,19,0,0,0,6,0,0,3,40,0,0,2,0,5,0,0,5,0,30,0,0,0,0,48,0,0,13,17,0,0,0,2,0,1,1,0,146,4,0,0,5,0,25,0,0,0,0,0,0,0,0,0,278,0,1,0,0,1,1,0,0,25,0,0,1,0,863,0,0,0,11,0,0,3,667,3,0,0,0,2,0,0,0,0,0,0,0,1,0,0,46,5,0,0,1,58,1,28,1,3,472,0,103,0,3,0,2,0,0,3,0,1,0,0,9,4,0,0,0,0,0,232,0,0,0,1,2,0,0,33,0,0,1,0,0,0,0,0
0,0,0,0,0,0,1,0,13,0,0,0,0,0,0,0,0,0,0,0,0,0,0,0,0,0,0,6,0,0,0,0,0,21,2,0,0,17,80,3,0,0,0,1,0,0,0,0,0,0,0,0,0,12,1,0,0,0,2,0,0,30,4,0,0,1,0,0,0,0,0,2,0,0,0,1,0,25,0,0,0,0,0,0,0,0,0,2,0,0,0,0,0,0,0,13,1,2,0,0,0,20,0,5,0,3,0,0,217,1,6,0,0,0,0,0,0,0,0,0,0,0,0,0,0,0,1,1,0,0,3,54,87,0,0,16,7,36,0,0,4,18,0,0,0,0,0,0,0,1,0,0,0,0,0,0,8,0,0,0,0,3,0,0,10,0,0,0,0,0,0,0,0
0,27,2,3,2,3,0,0,0,16,0,2,0,0,0,0,2,1,7,7,1,14,37,0,5,8,9,0,0,0,15,0,24,0,0,2,0,0,0,0,4,5,3,3,2,7,29,3,16,0,21,0,6,0,8,3,0,8,1,0,0,0,0,0,4,0,1,0,7,0,8,0,0,1,3,0,0,0,33,1,0,0,1,1,3,0,3,0,2,1,0,0,0,3,0,1,0,0,0,3,6,0,4,0,22,0,6,9,0,0,0,3,4,2,2,4,1,0,6,3,0,1,0,7,0,0,0,0,0,1,0,0,0,1,0,0,0,0,0,2,0,0,0,0,0,7,4,14,0,0,0,6,15,2,2,0,0,0,4,1,3,0,0,0,0,0,1,0,0,5,0,1,1
0,65,0,1,0,14,0,0,0,51,6,0,0,0,0,2,5,15,5,7,15,7,7,2,10,21,1,0,0,7,27,3,28,0,0,101,0,0,0,0,39,1,0,4,17,7,86,3,3,1,32,0,0,0,22,4,38,2,0,1,16,0,0,0,7,0,5,2,29,0,197,0,0,3,0,0,2,0,526,144,2,5,1,45,39,22,6,0,3,30,7,0,42,8,9,2,6,0,0,0,19,0,1,0,5,0,0,226,0,1,0,20,18,0,0,23,34,2,1,5,2,4,3,0,9,0,0,0,2,8,0,0,0,2,1,1,0,0,0,10,1,0,0,0,0,0,8,50,1,0,0,80,6,10,4,2,0,0,3,3,1,0,7,5,0,2,1,0,25,24,0,4,1
2,0,0,0,37,3,0,2,2,3,26,0,0,29,0,0,1,1,0,1,0,2,0,12,0,6,0,1,2,74,1,16,0,9,0,1,0,83,36,5,1,3,1,15,0,0,6,0,16,1,46,0,0,3,1,12,10,0,3,13,1,2,1,4,0,5,0,1,1,0,12,0,55,1,1,0,1,2,3,0,1,0,0,2,0,0,1,2,2,9,23,0,0,0,1,484,10,38,0,1,0,1,21,0,0,0,0,1,209,0,1,9,0,20,16,0,0,0,0,0,0,0,1,0,3,1,1,249,1,0,4,78,65,0,2,0,10,9,12,1,11,6,1,0,0,0,0,1,0,0,0,0,0,1,0,0,0,0,0,2,0,3,0,0,12,18,10,1,0,1,11,0,0
5,28,2,0,1,8,0,0,0,3,420,7,0,1,0,1,0,0,5,1,399,18,270,1,0,36,115,0,0,13,2,0,1,0,0,0,0,1,0,0,3,88,4,0,0,1,9,4,47,2,110,0,29,0,0,0,3,55,0,56,1,0,0,0,6,0,0,25,2,0,54,0,0,0,3,0,1,0,1,0,10,8,0,1,1,0,9,0,213,2,2,0,0,1,0,4,0,0,2,1,1,0,0,0,3,0,1,1,0,0,0,305,3,0,2,0,0,0,1,1,1,0,7,25,0,0,1,7,11,0,0,0,0,0,0,0,0,0,0,4,0,0,0,0,0,5,3,0,0,0,0,0,1,0,20,395,0,0,24,1,1,0,0,0,0,2,0,0,0,0,0,1,0
0,0,0,0,0,0,0,0,0,17,0,0,0,0,0,7,1,132,0,3,0,0,0,0,2,0,0,0,0,0,6,0,0,0,0,99,0,0,0,0,1,0,3,2,2,2,0,11,20,0,0,0,0,0,5,1,2,0,0,1,3,0,0,1,1,0,0,2,2,0,9,0,0,0,0,0,0,0,19,93,3,1,0,39,28,113,0,0,4,28,0,0,58,15,10,0,0,0,0,0,2,0,0,0,0,0,0,11,0,1,0,0,33,356,0,129,29,0,0,6,0,1,1,1,145,0,0,0,1,0,0,0,0,0,2,0,0,0,0,3,1,0,0,18,0,0,0,2,0,0,0,72,0,7,0,0,0,0,0,0,0,0,7,0,0,0,0,0,42,0,0,0,0
0,0,0,0,1,0,0,248,1,0,1,0,0,1,0,0,1,0,0,0,0,0,0,0,0,0,0,379,0,0,1,0,0,0,12,0,0,4,0,1,0,0,0,0,0,0,2,0,0,0,0,22,0,269,0,1,0,0,0,0,0,493,7,0,0,0,0,0,0,0,0,36,0,0,0,0,0,584,0,0,0,0,0,0,0,0,0,6,0,12,0,0,0,0,0,230,1,0,90,0,0,19,2,0,0,1,0,0,17,1,473,0,0,3,0,0,1,1,0,0,0,0,0,0,35,0,0,0,0,0,4,13,5,1,0,4,0,0,1,0,0,0,0,0,0,0,0,0,0,232,2,0,0,0,0,0,12,0,0,0,0,537,0,0,0,0,0,0,0,0,0,0,0
0,0,0,0,0,0,0,13,0,0,0,0,0,0,0,0,0,0,0,0,0,0,0,0,0,0,0,19,0,0,0,0,0,0,1,1,0,0,0,0,0,0,0,1,0,0,0,1,0,0,0,46,0,0,0,0,0,0,0,0,0,0,0,1,0,0,0,0,0,0,0,13,0,0,0,0,1,0,0,0,0,0,0,0,0,0,0,9,0,0,0,0,0,0,0,5,0,0,1,0,0,0,0,0,0,0,0,0,0,0,1,0,0,1,0,0,0,1,0,0,0,0,0,0,0,0,0,0,0,0,7,2,0,0,0,0,0,0,0,0,0,0,0,0,0,0,0,0,0,3,0,0,0,0,0,0,18,0,0,0,0,4,0,0,0,0,0,0,0,0,1,0,0
