0.85085,0.23987,0.4065,0.37022,0.21038,0.27541,0.95736,0.64729,0.85675,0.3326,0.68293,0.46453,0.87699,0.59396,0.49712,0.3534,0.52,0.39289,0.55224,0.42005,0.47964,0.47278,0.34444,0.50847,0.23611,0.5128,0.24211,0.5943,0.60456,0.79561,0.2318,0.45946,0.20339,0.81901,0.56648,0.30781,0.32759,0.75932,0.76022,0.66308,0.49293,0.27008,0.30424,0.24603,0.46227,0.18419,0.34234,0.44623,0.16747,0.59947,0.23498,0.71668,0.56522,0.76338,0.60706,0.26215,0.23221,0.48281,0.57263,0.27692,0.40585,0.66514,0.31633,0.63733,0.40773,0.40452,0.25226,0.71166,0.30779,0.78514,0.4741,0.44896,0.61144,0.17979,0.65751,0.97442,0.6424,0.67229,0.41718,0.31627,0.27525,0.70747,0.38462,0.67642,0.66088,0.67245,0.46154,0.34602,0.52932,0.40705,0.38247,0.98951,0.72428,0.69323,0.5429,0.51877,0.5188,0.75801,0.58616,0.24201,0.36134,0.76376,0.52267,0.91827,0.19061,0.95886,0.32633,0.24766,0.61165,0.70885,0.66561,0.43022,0.27574,0.709,0.14286,0.24234,0.48826,0.67532,0.37681,0.60624,0.4826,0.54167,0.59361,0.45989,0.29277,0.79134,0.53727,0.65253,0.51937,0.45082,0.51856,0.31486,0.68584,0.39576,0.456,0.36399,0.59156,0.44612,0.79565,0.40448,0.39122,0.68737,0.62733,0.45476,0.84135,0.34673,0.34645,0.3305,0.43893,0.81562,0.62136,0.29474,0.34321,0.50426,0.44468,0.90585,0.28993,0.57286,0.23243,0.49588,0.34953,0.84139,0.41753,0.608,0.68324,0.67514,0.71079,0.6908,0.43125,0.55556,0.42173,0.69542,0.4573
0.55036
0,39,300,159,0,39,0,0,0,0,0,71,0,0,0,1,0,4,85,13,1,2,2,0,170,9,7,0,0,0,0,0,7,0,0,0,1,0,0,0,1,11,237,0,0,0,2,1,4,0,0,0,170,0,2,0,0,18,0,0,2,0,0,0,1,1,24,0,0,0,0,0,10,104,455,0,0,0,0,0,0,0,80,0,0,0,34,0,0,0,0,0,0,2,0,0,0,0,87,212,0,0,8,0,42,0,202,0,0,0,0,0,3,0,29,0,0,0,1,18,0,3,0,39,0,0,0,0,0,22,0,0,0,0,0,0,0,0,0,0,0,0,0,0,0,206,13,9,0,0,0,0,0,14,4,0,0,28,15,9,2,0,0,12,0,0,0,0,0,8,0,0,9
0,1,9,71,1,13,0,0,0,11,0,5,0,0,0,6,0,2,0,2,0,0,0,0,22,0,7,0,0,0,61,0,86,0,0,1,4,0,0,0,1,0,53,0,23,104,6,3,0,0,0,0,1,0,1,0,2,0,0,4,2,0,0,0,0,0,14,0,27,0,0,0,0,50,1,0,0,0,2,0,0,2,340,0,1,1,0,0,0,0,1,0,6,1,0,0,0,0,21,5,51,0,392,0,5,0,5,22,0,21,0,0,6,0,0,15,4,0,1,1,32,481,0,27,0,0,0,0,0,385,0,0,0,0,0,0,0,0,0,1,0,0,0,7,0,1,317,12,230,0,0,8,1,0,0,0,0,401,12,0,8,0,15,304,0,0,0,0,0,1,0,0,257
1,41,41,41,22,30,2,1,1,13,5,22,6,2,0,0,1,1,28,111,1,8,54,0,64,9,19,0,2,0,11,0,99,2,0,29,10,2,0,5,7,2,106,1,2,54,46,3,78,0,32,0,27,1,6,14,3,40,0,3,1,1,6,0,3,0,8,1,5,1,0,0,4,105,9,0,1,0,3,0,0,0,110,1,0,1,5,0,0,0,11,0,0,3,0,3,3,18,34,114,3,2,23,0,102,4,126,1,0,3,0,2,13,0,12,8,5,1,26,4,0,11,1,72,1,0,14,1,0,51,1,0,4,19,0,1,0,0,0,2,0,9,1,3,1,56,45,106,28,0,0,6,9,5,12,0,0,39,5,13,45,0,1,16,1,1,0,9,0,20,1,6,44
0,152,154,36,0,98,0,0,0,0,0,22,0,0,0,0,0,0,444,9,55,30,34,0,27,25,74,0,0,4,0,0,0,0,0,0,2,0,0,0,3,179,58,0,0,0,1,0,8,0,1,0,351,0,1,0,1,113,0,1,3,0,1,0,0,0,5,1,3,0,7,0,1,22,87,0,0,0,0,0,0,0,7,0,0,0,26,0,52,0,0,0,0,2,0,0,0,0,23,173,0,0,0,0,48,0,63,0,0,0,0,12,0,0,51,0,0,0,0,2,1,0,0,18,0,0,0,0,3,8,0,0,0,2,0,0,0,0,0,0,0,0,0,2,0,233,1,11,0,0,0,0,0,5,24,4,0,0,129,21,0,0,0,0,0,0,0,0,0,3,0,0,1
0,6,28,76,0,27,0,0,0,1,0,2,0,0,0,0,0,0,4,2,1,2,0,0,26,3,0,0,0,0,1,0,3,0,0,0,0,0,0,0,0,0,38,0,0,1,0,0,0,0,0,0,1,0,0,0,0,0,0,0,0,0,0,0,0,0,4,0,0,0,0,0,0,121,1,0,0,0,0,0,0,0,54,0,0,0,0,0,0,0,0,0,0,1,0,0,0,0,4,45,1,0,17,0,14,0,31,0,0,0,0,1,0,0,5,1,0,0,0,0,1,8,0,1,0,0,0,0,0,71,0,0,0,0,0,0,0,0,0,0,0,0,0,0,0,11,20,19,5,0,0,0,0,3,0,0,0,47,0,1,0,0,0,8,0,0,0,0,0,0,0,0,12
1,106,16,12,85,69,1,0,0,17,12,19,0,0,0,0,11,1,29,310,26,74,120,0,33,108,15,0,2,2,10,6,57,0,0,3,18,5,0,0,31,8,14,6,1,33,288,8,139,7,132,0,6,0,24,28,13,18,4,1,7,0,5,9,5,0,32,10,14,0,24,0,7,25,5,0,9,0,5,6,1,0,13,0,1,0,7,0,6,1,16,0,0,5,2,9,2,3,6,67,1,0,6,0,116,0,44,7,2,1,0,40,26,0,23,5,6,15,101,8,1,2,3,14,3,0,0,5,4,22,0,2,0,20,3,1,0,0,0,5,0,0,0,17,1,34,49,84,1,0,0,9,89,5,48,1,0,5,45,19,150,1,7,5,0,15,3,0,0,38,1,18,24
0,0,88,281,0,3,0,0,0,0,0,21,0,0,0,0,1,0,0,2,0,0,7,0,5,0,92,0,0,0,4,0,34,0,0,0,0,0,0,0,0,1,190,0,12,56,0,7,8,0,4,0,12,0,0,0,0,7,0,0,16,0,0,0,1,0,8,0,0,0,0,0,0,14,4,0,0,0,0,0,0,0,123,0,0,0,3,0,0,0,0,0,0,1,0,0,0,0,449,88,6,0,20,0,2,0,53,0,0,0,0,1,158,0,0,0,2,0,0,1,18,2,0,430,0,0,0,0,0,16,0,0,0,0,0,0,0,0,0,0,0,0,0,22,0,28,24,3,4,0,0,0,1,1,0,0,0,11,0,0,3,0,0,31,0,0,0,0,0,0,0,0,11
0,3,1,1,0,0,0,0,0,1,0,0,0,0,6,0,0,1,5,1,0,2,0,0,0,1,0,0,0,0,4,0,0,0,2,1,0,0,0,1,0,0,1,38,0,0,1,0,0,0,0,2,0,0,0,1,0,0,11,2,0,0,1,0,1,0,0,2,0,0,0,0,0,0,4,0,0,0,0,0,0,0,0,0,0,1,4,1,3,0,0,0,1,0,0,0,0,1,0,0,0,1,0,0,0,1,0,0,0,1,0,0,0,0,11,1,0,0,0,0,0,0,0,2,0,1,0,0,1,0,0,0,0,0,0,11,0,20,0,9,0,0,0,0,0,0,0,0,0,0,2,0,15,0,1,0,0,0,1,0,0,1,0,0,110,0,0,1,0,0,0,0,0
2,0,0,0,44,0,9,4,65,0,10,0,113,4,345,0,0,2,0,6,4,0,0,390,0,1,0,3,9,11,0,11,0,238,2,2,186,167,255,58,0,1,0,13,0,0,0,0,30,6,3,2,0,3,1,17,8,0,2,27,0,2,16,5,0,294,0,4,0,192,5,13,2,0,0,10,5,2,0,0,248,0,0,0,1,0,0,6,2,3,25,14,0,14,1,37,28,852,0,0,17,1,0,120,0,5,0,0,8,0,1,6,0,24,5,1,0,3,0,1,0,0,10,0,5,0,17,723,3,0,67,173,19,3,1,10,366,1,1281,1,162,277,505,0,0,0,0,1,0,0,7,0,0,1,0,0,8,0,0,85,0,6,6,0,4,6,122,1,0,0,326,0,0
0,0,0,0,0,0,0,28,0,0,0,0,0,0,0,0,0,0,0,0,0,0,0,0,0,0,0,9,0,0,0,0,0,0,2,0,0,0,0,0,0,0,0,0,0,0,0,0,0,0,0,141,0,8,0,0,0,0,0,0,0,0,0,0,0,0,0,0,0,0,0,182,0,0,0,0,0,6,0,0,0,0,0,0,0,0,0,28,0,0,0,0,0,0,0,0,0,0,0,0,0,14,0,0,0,0,0,0,0,8,1,0,0,0,0,0,0,0,0,0,0,0,0,0,0,2,0,0,0,0,131,0,0,0,0,2,0,0,0,0,0,0,0,0,0,0,0,0,0,1,0,0,0,0,0,0,256,0,0,0,0,0,0,0,0,0,0,3,0,0,0,0,0
0,0,0,0,8,0,12,7,1,4,1,0,0,6,3,0,11,2,0,1,0,0,0,0,0,0,0,1,0,0,1,0,0,2,32,8,0,0,0,2,0,0,0,125,0,0,2,0,52,0,0,4,0,4,0,0,0,0,30,0,0,5,14,0,0,1,1,0,5,0,0,7,0,0,37,7,0,3,1,0,1,0,1,0,0,0,0,94,0,1,0,2,1,0,0,1,10,0,0,0,0,100,0,0,0,2,0,2,2,52,0,0,5,0,3,4,2,0,0,0,0,0,3,0,2,13,2,0,0,0,31,1,18,0,4,185,0,80,0,8,0,1,0,0,1,0,1,0,1,1,13,0,20,0,1,0,24,0,0,6,0,0,0,0,14,0,0,29,0,0,3,1,0
0,1,0,0,16,0,1,1,94,2,0,0,3,30,4,0,2,0,0,1,0,0,0,0,0,3,0,0,1,0,6,3,4,5,2,1,0,6,17,4,2,0,0,141,2,3,16,1,15,0,4,0,0,3,0,25,0,0,11,24,1,10,11,10,1,9,1,4,3,6,9,0,1,1,1,1,4,5,2,1,24,0,0,3,0,4,0,0,0,12,5,3,2,2,0,160,3,28,1,0,3,13,30,0,1,7,0,1,4,7,2,1,2,0,60,0,4,0,0,0,1,0,8,0,0,1,6,32,3,1,1,13,100,1,6,117,12,236,44,18,6,37,0,2,0,0,6,1,0,1,2,1,277,0,0,0,0,0,0,3,5,4,0,0,26,4,9,2,0,0,49,0,7
4,0,0,0,119,0,0,2,2,3,1,1,2,169,2,1,0,0,0,16,0,1,0,54,0,1,0,0,3,5,0,10,1,0,6,0,1,0,0,0,0,0,1,40,0,4,6,2,25,2,0,0,0,0,9,223,11,0,1,3,2,0,13,38,0,1,8,5,8,0,7,0,46,6,0,0,9,0,4,13,6,1,0,5,0,2,0,3,0,16,1,0,0,5,1,21,106,3,0,0,2,1,1,1,0,0,0,7,0,0,0,2,0,18,0,0,3,6,0,2,0,0,0,0,15,0,0,9,3,0,11,6,1,317,7,1,5,0,16,7,15,0,4,2,0,0,0,0,0,0,1,1,0,2,0,0,0,0,0,1,1,2,11,0,0,5,5,0,0,2,233,0,1
0,2,3,12,1,56,0,0,0,58,0,27,0,0,0,135,0,131,5,20,3,6,15,0,82,1,23,0,1,0,107,0,188,0,0,0,7,0,0,0,3,2,17,0,51,191,43,11,7,0,11,0,2,0,40,0,2,4,0,1,11,0,0,0,7,0,219,0,83,0,6,0,4,61,4,0,0,0,16,16,2,4,98,3,1,3,6,0,0,0,0,0,1,14,3,0,0,0,18,15,117,1,173,0,32,0,12,31,0,7,0,0,14,0,0,71,8,2,22,38,32,241,0,52,3,0,0,0,0,145,0,0,0,1,0,1,0,0,0,12,0,0,0,5,0,3,166,97,138,0,0,80,9,54,1,0,0,105,12,28,51,0,44,55,0,0,0,0,4,10,0,13,97
0,66,3,0,0,27,0,0,0,0,7,3,0,0,0,0,0,0,18,11,6,249,16,0,2,180,11,0,0,1,0,0,0,0,0,0,0,0,0,0,0,6,0,0,0,0,1,0,2,0,2,0,2,0,0,0,0,7,1,1,0,0,1,0,0,0,0,13,1,0,6,0,0,1,2,1,0,0,0,0,0,0,0,0,0,0,0,0,27,1,1,0,0,0,0,0,0,0,0,10,0,0,0,0,30,0,3,0,0,0,0,22,3,0,19,0,0,0,2,0,0,0,0,0,0,0,0,0,1,0,0,0,0,0,1,0,0,0,0,0,0,0,0,0,0,4,0,8,0,0,0,0,0,0,78,2,0,0,88,1,1,0,0,0,0,0,0,0,0,0,0,0,0
1,0,0,0,0,0,0,0,0,1,3,0,0,0,2,0,0,0,0,1,1,0,0,0,0,2,0,0,10,0,3,7,2,0,0,3,5,0,0,1,16,0,0,0,1,1,17,0,3,30,0,0,1,0,3,2,44,0,0,24,1,0,1,51,0,7,0,0,0,0,0,0,1,1,0,1,71,0,2,1,107,0,0,1,1,1,0,0,2,0,102,0,2,0,1,2,0,2,0,1,0,0,0,0,0,0,0,6,0,0,0,0,2,0,1,0,3,2,3,2,0,0,42,0,0,0,1,1,42,0,0,1,0,1,30,0,3,0,1,0,3,1,1,0,0,0,2,0,0,0,0,0,0,0,2,0,0,0,0,0,6,0,0,0,0,2,0,0,0,1,0,14,1
8,0,0,0,1,0,5,2,5,0,14,0,11,0,1,0,1,0,0,3,1,0,0,0,0,2,0,1,0,0,0,0,0,3,2,1,0,3,1,17,4,0,0,0,0,0,1,0,0,1,3,0,0,4,0,0,1,0,7,72,0,3,16,0,0,19,0,4,0,26,0,1,0,0,0,2,1,0,0,1,0,0,0,0,0,0,0,2,29,0,23,1,0,0,0,4,0,4,0,0,0,0,0,2,0,5,0,0,10,0,0,0,0,1,0,0,1,0,0,1,0,0,13,0,0,0,346,4,0,0,0,7,17,0,1,8,25,0,1,0,2,40,0,0,1,0,0,0,0,0,1,0,0,0,0,1,0,0,0,0,0,0,0,0,6,0,1,458,0,0,0,0,0
41,5,4,1,3,4,0,1,0,13,1,142,0,0,0,9,3,409,0,9,7,0,8,1,15,7,3,0,0,49,17,0,38,0,0,12,2,0,0,1,8,70,0,1,3,16,23,3,5,0,12,0,0,0,533,10,19,9,0,0,40,0,2,2,49,0,223,2,27,0,7,0,417,0,6,0,1,0,26,14,0,9,2,0,2,1,420,0,0,0,9,0,0,522,348,0,0,2,2,8,15,0,3,0,10,0,3,13,0,44,0,8,2,2,7,105,7,5,11,699,0,6,0,4,9,0,0,0,5,13,0,2,0,146,0,17,1,0,0,12,0,0,0,2,0,2,18,4,12,0,0,14,21,355,6,0,0,1,1,0,8,1,0,1,0,0,0,0,2,146,1,11,15
0,0,0,13,0,0,0,0,0,14,0,0,0,0,0,7,0,2,0,0,0,0,10,0,1,0,15,0,0,0,66,0,24,0,0,5,3,0,0,0,0,0,3,0,435,122,8,81,1,0,0,0,0,0,3,0,4,0,0,0,53,0,0,0,11,0,5,1,49,0,0,0,0,1,0,0,0,0,20,30,0,29,5,96,20,30,0,0,0,0,0,0,27,0,0,0,1,0,20,0,301,0,29,0,2,0,0,65,0,3,0,0,2,0,0,5,54,0,0,2,319,20,0,61,1,0,0,0,0,3,0,0,0,0,0,0,0,0,0,33,0,0,0,87,0,0,13,4,17,0,0,11,1,0,0,0,0,8,0,0,3,0,10,10,0,0,0,0,0,0,0,2,1
1,0,0,0,0,0,2,0,1,0,0,0,1,0,0,0,1,0,0,0,0,0,0,0,0,0,0,1,0,0,0,0,0,4,0,0,0,11,5,5,0,0,0,1,0,0,0,0,0,0,0,6,0,4,0,0,0,0,0,0,0,7,5,0,0,0,0,0,0,0,0,1,0,0,0,2,0,1,0,0,0,0,0,0,0,0,0,7,0,0,1,1,0,0,0,29,0,0,0,0,0,5,0,2,0,2,0,0,882,0,1,0,0,0,0,0,0,0,0,0,0,0,0,0,0,3,6,1,0,0,0,43,1085,0,0,1,14,4,0,0,0,19,0,0,0,0,0,0,0,1,0,0,4,0,0,0,3,0,0,0,0,0,0,0,26,0,0,2,0,0,0,0,0
10,0,0,0,150,0,1,1,0,0,3,0,1,64,25,0,56,2,0,1,0,1,0,0,0,0,0,1,0,0,14,0,1,0,46,3,0,0,0,0,0,83,1,22,0,0,0,0,2,0,1,1,0,4,0,0,0,0,5,3,0,2,4,0,0,0,0,26,0,0,0,0,0,0,3,0,0,0,0,1,2,1,0,0,0,0,0,3,0,0,0,0,0,0,0,1,1,0,0,0,0,5,0,0,0,0,0,0,0,2,0,0,2,2,1,0,0,0,0,0,0,0,0,0,1,80,0,0,0,0,4,0,2,0,1,10,0,4,0,6,0,0,4,0,95,0,0,2,0,1,384,0,1,1,3,0,1,0,1,1,0,0,2,0,28,0,0,0,1,1,0,0,0
1,0,0,0,2,0,1796,0,3,0,10,0,13,0,0,0,1,0,0,0,0,0,0,0,0,0,0,0,0,1,0,0,0,7,0,1,0,8,6,368,1,0,0,0,0,0,2,0,0,0,0,0,0,0,0,1,1,0,8,6,0,0,53,0,0,9,0,1,1,6,0,0,0,0,0,2286,0,0,0,0,1,0,0,0,0,0,0,0,2,0,70,3585,0,0,0,2,10,37,0,0,0,0,0,5,0,1748,0,0,3,0,0,0,0,1,2,0,1,2,0,0,0,0,3,0,0,0,20,2,0,0,0,2,33,0,2,0,8,0,0,0,1,26,0,0,0,0,0,0,0,0,0,0,2,0,0,0,0,0,0,0,0,0,0,0,0,0,11,8,1,0,0,0,0
11,1,2,2,1,2,18,1,1,6,5,0,1,18,14,1,17,0,0,40,4,0,1,3,0,4,1,0,2,0,9,1,6,0,35,3,0,0,0,1,2,0,2,27,1,0,4,1,4,2,0,4,0,1,2,128,3,0,219,4,0,1,3,1,0,0,4,0,15,0,3,0,4,2,0,1,0,0,0,2,7,0,2,6,2,8,0,6,2,1,2,1,9,4,2,2,414,0,0,2,1,31,2,0,0,5,0,2,3,17,2,0,0,20,2,9,6,364,3,3,0,7,3,0,21,20,16,4,1,3,0,0,9,0,240,3,0,3,0,0,0,0,10,11,16,0,14,0,2,0,10,11,3,0,3,0,1,8,1,0,1,0,3,2,16,5,0,9,2,1,3,3,4
1,3,0,3,6,17,0,0,0,268,0,5,0,0,0,64,26,50,1,9,0,5,71,0,41,6,11,0,5,0,157,0,147,0,0,17,16,0,0,0,54,2,0,25,136,177,157,87,28,0,49,0,1,0,48,0,19,2,0,0,80,0,1,1,42,1,92,4,217,0,25,0,1,5,0,0,0,0,234,123,0,52,14,68,42,52,2,0,6,2,0,0,71,8,197,4,1,0,1,0,132,1,13,0,16,0,2,209,0,18,0,1,16,0,0,118,58,11,35,11,96,61,0,22,18,0,0,0,2,24,0,0,0,9,0,0,0,0,0,173,0,0,0,33,0,2,48,53,48,0,0,196,72,19,1,0,0,19,27,25,28,0,104,5,0,0,0,0,207,14,0,20,15
0,7,0,4,53,14,0,4,0,301,6,16,0,1,3,10,170,11,2,56,2,4,110,1,21,4,17,1,27,1,191,4,216,3,0,201,79,0,1,1,244,3,1,51,135,187,431,172,64,18,219,1,0,0,102,72,47,5,0,0,98,0,8,11,63,3,111,10,245,0,53,1,3,6,2,0,25,0,245,119,7,67,7,83,60,126,10,1,5,65,32,0,103,9,25,8,7,1,10,4,52,1,9,2,10,0,7,219,0,20,0,4,34,9,2,101,154,104,130,15,75,28,4,34,77,0,1,3,35,31,0,5,0,106,7,1,0,0,0,343,0,1,9,102,0,0,127,23,25,0,1,152,336,11,5,0,0,17,48,8,187,5,281,7,0,0,1,0,23,39,2,258,27
0,0,0,0,0,1,2,0,0,15,0,0,0,0,0,127,5,4,0,0,0,1,14,0,0,0,5,0,4,1,31,0,0,0,0,156,18,0,0,0,2,0,0,0,110,16,2,473,1,3,6,0,0,0,1,0,16,3,0,0,319,0,0,0,240,0,3,34,31,0,14,0,1,0,0,0,1,0,33,84,3,578,0,717,419,620,0,0,78,254,1,0,880,0,8,0,1,0,0,0,68,0,0,0,0,0,0,93,0,4,0,0,124,32,0,30,395,3,0,0,61,7,0,0,122,0,0,0,5,0,0,0,0,1,1,0,0,0,0,129,0,0,0,382,0,0,0,2,1,0,0,54,4,0,1,0,0,2,5,0,2,0,10,1,0,0,0,0,75,0,0,0,0
0,0,0,0,0,0,0,16,0,0,1,0,0,0,0,0,0,4,0,0,0,0,0,0,0,0,0,9,0,0,0,0,0,0,23,3,0,0,0,0,0,0,0,1,0,0,0,0,90,0,0,100,0,4,1,0,0,0,0,0,0,0,1,0,0,0,0,0,0,0,0,170,0,0,0,0,0,3,0,0,0,0,0,0,0,0,0,31,0,1,0,0,0,0,0,3,0,0,0,0,0,32,0,0,0,0,0,0,0,12,4,0,1,0,0,1,0,1,0,0,0,0,0,0,3,2,0,0,0,0,433,0,1,0,0,2,0,0,0,2,0,0,0,0,0,0,0,0,0,2,0,0,0,0,0,0,208,0,0,0,0,6,0,0,0,0,0,9,0,0,1,0,0
1,0,0,0,114,0,0,8,17,0,38,0,9,708,94,0,351,0,0,1,0,0,0,0,0,0,0,2,0,0,26,0,0,0,409,3,0,0,0,2,0,14,0,11,0,0,0,0,0,0,3,5,0,10,0,0,0,0,38,1,0,11,9,0,0,2,0,2,0,4,0,5,44,0,0,5,1,0,0,0,0,0,0,0,0,0,0,30,3,0,0,1,0,3,0,3,11,0,0,0,0,31,0,0,0,6,0,0,1,13,8,0,0,0,23,1,0,0,0,0,0,0,4,0,0,914,7,0,0,0,13,0,16,0,3,19,0,21,0,3,0,0,0,0,647,0,0,0,0,37,186,0,3,0,1,0,7,1,0,0,0,0,0,0,47,0,0,4,1,0,0,1,1
6,0,0,0,26,0,5,2,1232,0,5,0,1155,2,61,0,3,0,0,0,1,0,0,102,0,0,0,1,3,3,0,11,0,1353,8,1,21,978,1265,986,0,0,0,2,0,0,0,0,1,1,2,4,0,10,0,4,2,0,8,31,0,11,124,3,0,322,0,3,0,877,0,20,0,0,0,15,4,7,0,0,28,0,0,0,0,1,0,32,0,2,26,15,0,2,0,16,13,114,0,0,1,7,0,1573,0,22,0,0,35,0,2,6,0,5,4,0,0,1,0,0,0,0,4,0,3,4,188,47,0,0,52,233,44,4,8,47,743,2,218,0,113,963,247,0,2,0,0,0,0,0,0,0,0,0,0,0,14,0,0,8,0,4,0,0,10,3,494,1,0,0,88,0,0
1,136,28,16,2,233,1,0,0,73,26,12,0,8,1,1,0,1,67,11,15,495,403,4,4,561,147,0,0,5,2,6,11,0,0,1,1,9,0,0,21,37,25,15,2,21,20,110,72,2,104,0,14,0,2,24,6,18,0,27,5,0,4,15,12,0,0,464,4,0,485,0,5,9,4,0,3,0,0,3,12,1,3,4,1,2,2,0,66,177,2,0,2,1,0,4,1,0,25,58,9,0,4,0,70,0,8,1,5,0,0,410,71,56,68,2,8,0,2,0,3,1,10,106,32,0,1,15,14,3,0,0,0,1,2,0,0,0,0,9,1,0,1,135,0,39,7,23,0,0,0,0,3,1,213,24,0,2,87,3,8,0,0,0,0,17,9,0,0,2,0,0,5
2,0,0,0,2,1,3,0,0,1,6,0,0,2,13,0,0,0,0,3,1,0,1,158,0,6,2,0,39,13,0,527,3,0,0,0,117,14,1,1,5,0,0,9,2,2,7,3,12,96,15,0,0,0,1,62,115,0,1,234,0,0,8,256,6,7,0,0,2,0,3,0,1,3,1,4,155,0,0,0,207,2,0,0,0,2,0,0,2,7,209,0,1,3,2,22,2,8,0,1,3,0,0,0,1,0,0,0,2,0,0,14,4,0,45,1,1,1,0,0,4,0,539,1,0,0,0,38,42,10,0,5,0,2,49,3,9,1,0,12,12,0,1,1,0,0,0,0,0,0,1,2,1,0,4,0,0,0,2,0,4,0,1,1,0,584,7,0,1,1,4,3,0
0,4,2,1,11,7,1,0,2,6,3,0,0,105,41,0,0,1,1,11,3,4,3,20,0,9,3,0,477,3,3,490,8,3,1,0,247,4,17,18,26,5,2,24,1,1,18,2,92,684,10,1,0,1,8,232,173,2,3,162,7,0,10,782,0,82,4,9,4,4,22,3,4,87,0,4,803,0,8,3,196,0,0,2,2,2,0,0,1,11,371,0,0,1,7,40,14,11,0,3,3,0,4,2,0,0,3,6,11,0,0,29,1,5,35,1,8,3,0,2,1,3,235,3,4,0,0,13,362,4,0,84,0,25,342,1,34,0,42,5,214,0,6,4,0,0,6,4,0,0,0,0,0,0,2,0,0,0,0,2,4,4,162,0,0,142,22,0,1,0,38,2,0
0,1,0,0,0,0,2,0,0,0,2,0,0,0,54,0,0,0,0,12,1,0,0,2,0,0,0,0,203,2,0,59,0,5,0,0,6,0,0,1,0,2,0,0,1,0,2,1,2,283,1,0,0,0,0,10,155,0,0,0,0,0,3,33,0,34,1,0,1,0,7,0,0,0,0,2,150,0,2,2,30,1,0,0,0,6,0,0,0,2,32,0,1,2,2,1,2,2,0,0,0,0,0,5,0,0,0,0,1,1,0,7,0,2,0,6,5,0,0,0,0,0,10,0,1,0,0,0,63,2,0,6,0,1,30,0,10,0,1,0,11,0,15,4,0,0,0,0,0,0,0,1,0,0,2,0,0,0,0,0,1,0,5,0,0,20,1,0,0,0,0,0,0
1,219,14,11,2,173,0,0,0,6,0,5,0,0,0,0,0,0,91,42,28,122,10,0,169,84,14,0,0,0,1,0,40,0,0,0,1,0,0,0,2,4,12,0,0,6,11,0,6,0,1,0,2,0,1,0,2,15,0,0,1,0,0,0,0,0,10,0,2,0,15,0,1,39,14,0,0,0,1,1,0,0,12,0,0,0,3,0,3,0,0,0,0,0,0,0,0,0,3,39,3,0,4,0,138,0,26,0,0,1,0,25,11,0,12,0,0,0,3,1,0,1,0,2,0,0,0,0,0,21,0,0,0,0,0,0,0,0,0,0,0,0,0,1,0,25,7,272,7,0,0,2,0,1,22,3,0,4,39,241,1,0,0,2,0,0,1,0,0,12,0,0,9
0,1,1,7,0,8,0,0,0,0,0,2,0,0,0,0,0,0,2,0,229,1,135,0,2,2,184,0,0,0,0,0,3,0,0,0,0,0,0,0,0,5,1,0,0,3,0,3,3,0,0,0,6,0,1,0,0,13,0,0,3,0,0,0,0,0,0,0,0,0,0,0,0,1,2,0,0,0,0,0,0,0,0,0,0,0,1,0,1,0,0,0,0,0,0,0,0,0,2,9,3,0,0,0,5,0,5,0,0,0,0,2,0,0,0,0,0,0,0,1,0,0,0,13,0,0,0,0,0,1,0,0,0,0,0,0,0,0,0,0,0,0,0,4,0,8,0,7,0,0,0,0,0,0,0,0,0,0,0,4,0,0,0,0,0,0,0,0,0,0,0,0,0
0,1,2,0,4,2,2,8,0,0,0,1,0,14,13,0,3,0,3,1,0,1,0,0,0,0,0,0,0,0,46,0,0,0,12,0,0,0,0,2,0,0,1,217,0,0,0,0,0,0,0,3,0,0,0,1,0,0,544,0,0,1,2,0,1,1,1,4,0,0,0,3,1,0,0,0,0,0,0,0,1,0,2,2,1,0,1,5,1,0,0,0,4,0,0,0,118,0,0,1,1,10,0,0,2,4,0,0,1,14,0,0,0,0,1,0,0,0,0,0,1,0,0,0,0,45,0,0,0,0,1,0,20,0,4,16,1,53,0,9,0,1,0,1,2,0,2,1,0,0,2,0,39,0,4,0,0,0,0,0,2,0,0,1,742,0,0,1,0,0,0,0,0
599,9,28,9,2,5,2,0,1,5,4,334,0,6,1,7,0,271,7,2,5,1,19,11,21,4,10,0,0,798,2,3,30,1,0,4,3,3,2,1,8,195,8,0,6,17,9,6,8,0,180,0,2,0,60,9,57,323,0,3,114,0,1,3,327,0,97,4,3,0,12,0,78,6,40,0,2,0,9,16,6,57,8,3,2,1,375,0,2,1,5,0,3,123,24,16,0,0,6,16,10,0,4,0,55,0,24,11,0,3,0,20,12,2,43,4,11,7,0,321,12,0,5,10,45,0,0,10,94,12,0,4,0,137,1,175,0,0,1,21,0,0,1,5,0,8,12,6,2,0,1,0,1,203,8,1,0,2,1,1,4,0,0,37,0,4,0,0,0,425,2,0,11
0,0,0,0,0,0,0,824,0,0,0,0,0,0,0,0,0,0,0,0,0,0,0,0,0,0,0,709,0,0,0,0,0,0,4,0,0,0,0,0,0,0,0,0,0,0,0,0,0,0,0,54,0,1184,0,0,0,0,0,0,0,1309,5,0,0,0,0,0,0,0,0,86,0,0,0,0,0,1036,0,0,0,0,0,0,0,0,0,2,0,0,0,0,0,0,0,0,0,0,0,0,0,23,0,0,0,0,0,0,47,4,842,0,0,0,0,0,0,0,0,0,0,0,0,0,0,1,2,0,0,0,7,5,14,0,0,5,0,0,0,0,0,0,0,0,0,0,0,0,0,1159,0,0,0,0,0,0,40,0,0,0,0,104,0,0,0,0,0,4,0,0,0,0,0
0,0,0,0,0,0,0,35,0,0,0,0,0,0,0,0,0,0,0,0,0,0,0,0,0,0,0,43,0,0,0,0,0,0,0,0,0,0,0,0,0,0,0,0,0,0,0,0,0,0,0,984,0,20,0,0,0,0,0,0,0,0,1,0,0,0,0,0,0,0,0,475,0,0,0,0,0,2,0,0,0,0,0,0,0,0,0,280,0,0,0,0,0,0,0,0,0,0,0,0,0,1,0,0,0,0,0,0,4,0,5,0,0,0,0,0,0,0,0,0,0,0,0,0,0,0,0,0,0,0,6,0,1,0,0,0,0,0,0,0,0,0,0,0,0,0,0,0,0,25,0,0,0,0,0,0,354,0,0,0,0,0,0,0,0,0,0,1,0,0,0,0,0
2,0,0,0,1,1,8,39,0,2,0,0,1,26,9,0,7,0,0,1,0,0,0,0,0,0,0,12,0,0,8,0,1,0,123,19,0,0,0,3,0,0,1,47,0,0,1,0,4,0,0,5,0,25,0,0,0,0,47,0,0,15,24,0,0,0,1,1,0,1,0,33,2,0,0,5,0,21,0,0,0,0,1,0,0,0,0,291,0,1,0,0,0,2,0,0,22,0,0,0,0,1041,0,0,0,8,0,1,2,633,3,0,0,0,1,0,0,0,0,0,0,0,0,0,1,67,8,0,0,0,65,1,32,1,3,376,0,85,0,4,0,1,0,0,3,0,2,1,0,2,6,0,28,0,1,0,202,0,0,0,1,1,0,0,30,0,0,116,0,0,0,0,0
0,0,0,0,1,0,2,1,10,0,0,0,1,0,0,0,0,0,0,1,0,0,0,0,0,0,0,6,0,0,0,0,0,18,3,0,0,21,59,7,1,0,0,1,0,0,0,0,0,0,0,0,0,8,0,0,0,0,5,0,0,31,10,0,0,0,0,0,0,0,0,0,0,0,0,0,0,28,0,0,0,0,0,0,0,0,0,3,0,0,0,0,0,0,0,19,1,1,0,0,0,21,0,1,0,2,0,0,219,2,5,0,0,0,0,0,0,0,0,0,0,0,0,0,0,1,1,2,0,0,1,61,80,0,0,15,14,15,0,0,1,19,0,0,0,0,0,0,0,1,0,0,23,0,0,0,7,0,0,0,0,1,0,0,10,0,1,0,0,0,0,0,0
0,25,4,2,3,2,0,0,0,12,1,4,0,0,0,1,2,2,4,14,0,16,29,0,2,8,5,0,0,0,14,0,24,0,0,3,0,1,0,0,5,4,1,1,2,10,29,9,14,0,14,0,7,0,5,2,1,8,0,0,0,0,0,0,5,0,6,0,8,0,8,0,0,1,4,0,0,0,26,9,0,0,1,1,3,0,2,0,1,0,0,0,0,3,0,1,0,0,0,2,6,0,1,0,18,0,1,14,0,0,0,3,2,0,4,2,3,2,4,2,1,1,0,10,0,0,0,0,0,1,0,0,0,1,0,0,0,0,0,2,0,0,0,0,0,5,6,18,1,0,0,7,6,2,6,0,0,0,5,1,6,0,0,0,0,0,0,0,0,9,0,5,6
1,59,0,1,0,8,0,0,0,56,14,0,0,0,0,1,2,16,3,13,14,6,6,2,8,26,2,0,0,4,20,1,29,0,0,91,3,0,0,0,41,0,0,1,12,11,83,5,5,5,17,0,0,0,18,4,26,2,0,1,15,0,3,2,6,0,2,3,33,0,220,0,0,1,2,0,2,0,471,210,0,6,1,37,33,22,4,0,4,23,5,0,35,8,12,3,9,0,0,0,19,0,0,0,4,0,0,238,0,0,0,23,21,0,1,27,32,2,0,9,2,5,2,0,6,0,0,0,5,4,0,0,0,1,1,0,0,0,0,12,0,0,0,0,0,0,8,48,2,0,0,47,5,8,9,1,0,0,15,3,3,0,7,2,0,3,0,0,50,25,0,12,2
3,0,0,0,30,1,1,2,3,1,16,0,0,27,0,0,0,0,1,1,0,1,0,17,0,6,1,1,1,82,0,8,0,8,0,1,2,54,35,1,1,1,0,60,0,0,7,0,12,1,22,0,0,4,1,12,9,0,5,9,0,1,5,4,0,2,0,3,2,0,10,2,44,1,1,0,1,1,4,1,1,0,0,1,0,1,0,1,3,5,18,0,0,0,1,622,16,37,0,0,0,0,5,0,0,1,0,1,187,0,1,8,0,1,5,0,0,2,0,0,0,0,0,0,2,1,6,189,1,0,2,74,75,0,2,1,11,4,5,3,5,6,0,0,0,0,0,1,0,0,0,0,5,1,0,0,1,0,0,1,0,4,0,0,15,51,8,1,0,1,20,0,0
5,25,10,0,1,3,0,0,0,2,420,5,0,0,0,1,1,0,4,0,377,15,102,1,0,22,92,0,0,18,2,0,0,0,0,0,0,0,0,0,5,87,4,0,1,1,14,45,14,0,84,0,16,0,2,0,2,62,0,200,2,0,3,0,20,1,0,35,0,0,56,0,0,0,2,0,1,0,0,0,10,6,0,2,1,0,5,0,343,5,2,0,0,1,0,3,0,0,0,3,1,0,0,0,1,0,1,1,0,0,0,306,10,0,1,0,1,0,1,2,0,0,8,14,0,0,2,9,7,1,0,0,0,1,0,1,0,0,0,4,0,0,0,1,0,7,1,0,0,0,0,0,0,0,17,356,0,0,14,1,0,0,0,0,0,3,0,0,0,6,0,0,1
0,0,0,0,0,2,0,0,0,12,1,0,0,0,2,10,0,124,0,1,0,0,0,1,5,0,0,0,0,0,5,0,0,0,1,75,1,0,0,0,1,0,2,0,2,0,1,22,19,0,0,0,0,0,2,2,3,0,0,1,3,0,0,1,1,0,0,2,3,0,19,0,0,0,1,0,0,0,15,8,1,1,0,25,41,35,0,0,4,15,0,0,66,11,5,0,1,0,0,0,4,0,0,0,0,0,0,10,0,0,0,0,28,441,0,166,27,0,0,7,0,0,1,0,166,0,0,0,1,0,1,0,0,0,1,0,0,0,0,3,1,0,0,7,0,0,0,3,0,0,0,63,0,12,0,0,0,0,2,0,0,0,4,0,0,0,0,0,112,0,0,2,1
1,0,0,0,2,0,0,277,0,1,0,0,0,0,0,0,0,0,0,0,0,0,0,0,0,0,0,385,0,0,2,0,0,0,9,2,0,2,0,1,0,0,0,2,0,0,0,0,0,0,0,24,0,253,0,1,0,0,0,0,0,558,18,0,0,0,0,0,0,0,0,33,0,0,0,0,0,426,0,0,0,0,0,0,0,0,0,6,0,18,0,0,0,0,0,158,1,0,54,0,0,21,2,0,0,1,0,0,13,2,387,0,0,0,0,0,0,2,0,0,0,0,0,0,25,0,0,0,0,0,4,12,10,1,0,3,0,0,0,0,0,0,0,0,0,0,0,0,0,189,1,0,0,0,0,0,54,0,0,0,0,801,0,0,1,0,0,4,0,0,0,0,0
0,0,0,0,0,0,0,9,0,0,0,0,0,0,0,0,0,0,0,0,0,0,0,0,0,0,0,8,0,0,0,0,0,0,0,3,0,0,0,0,0,0,0,0,0,0,0,1,0,0,0,32,0,0,0,1,0,0,0,0,0,0,0,0,0,0,0,0,0,0,0,23,0,0,0,0,1,0,0,0,0,0,0,0,0,0,0,9,0,0,0,0,0,0,0,5,0,0,0,0,0,0,0,0,0,0,0,0,0,0,1,0,0,1,0,0,0,0,0,0,0,0,0,0,1,0,0,0,0,0,4,0,1,0,0,0,0,0,0,0,0,0,0,0,0,0,0,0,0,1,0,0,0,0,0,0,41,0,0,0,0,7,0,0,0,0,0,0,0,0,1,0,0
