0.89314,0.23547,0.38667,0.36005,0.23641,0.27004,0.94793,0.51128,0.82224,0.29366,0.52751,0.44925,0.88928,0.55394,0.40661,0.35359,0.48153,0.39929,0.55116,0.3652,0.44409,0.51636,0.31104,0.47767,0.25228,0.4691,0.22826,0.49536,0.60246,0.82254,0.22432,0.44602,0.20138,0.81228,0.5042,0.32195,0.32925,0.54538,0.78561,0.68435,0.39329,0.27399,0.28541,0.27315,0.41895,0.22514,0.35518,0.46813,0.22887,0.56518,0.24621,0.69638,0.53371,0.75913,0.57245,0.17707,0.20292,0.53133,0.5108,0.25849,0.35145,0.69967,0.21705,0.65399,0.37895,0.55008,0.36042,0.73008,0.27515,0.80569,0.50823,0.38004,0.56564,0.25559,0.67883,0.97241,0.67912,0.58103,0.3815,0.29508,0.34062,0.71779,0.32455,0.67517,0.55066,0.63961,0.44974,0.35109,0.34095,0.36081,0.34591,0.9853,0.62889,0.63232,0.46204,0.45455,0.45513,0.76471,0.4918,0.23319,0.36609,0.69355,0.49469,0.91812,0.17519,0.96561,0.23979,0.23144,0.62441,0.71509,0.6108,0.41725,0.27869,0.43509,0.22119,0.23956,0.52941,0.77108,0.38855,0.59785,0.45428,0.57941,0.62828,0.37393,0.27407,0.74977,0.54217,0.48228,0.38563,0.32722,0.62162,0.34451,0.6788,0.39365,0.51142,0.41008,0.5318,0.48397,0.79222,0.41904,0.34884,0.68341,0.59855,0.49782,0.81894,0.34745,0.33463,0.35619,0.39627,0.80415,0.56358,0.22633,0.48763,0.52466,0.6,0.85714,0.3541,0.61381,0.29012,0.45266,0.32487,0.58407,0.44278,0.53578,0.6826,0.73643,0.70402,0.94866,0.45821,0.16429,0.44611,0.52195,0.4086
0.53488
0,33,261,172,0,37,0,0,0,0,0,63,0,0,0,1,0,3,100,21,2,3,3,0,166,11,11,0,0,0,1,0,7,0,0,0,1,0,0,0,0,8,272,0,0,5,2,0,0,0,0,0,194,0,3,0,0,28,0,0,0,0,0,0,1,1,37,0,0,0,0,0,10,75,465,0,0,0,0,0,0,0,144,0,0,0,25,0,0,0,0,0,0,2,0,0,0,0,66,222,0,0,14,0,37,0,117,1,0,0,0,0,11,0,7,0,0,0,2,17,0,3,0,28,1,0,0,0,2,27,0,0,0,0,0,0,0,0,0,0,0,0,0,0,0,214,18,10,4,0,0,0,0,20,2,0,0,30,12,10,2,0,0,14,0,0,0,0,0,0,0,0,5
0,1,9,57,1,13,0,0,0,19,0,5,0,0,0,6,0,3,0,0,0,0,0,0,19,0,6,0,0,0,122,0,125,0,0,1,2,0,0,0,2,0,94,0,26,91,5,3,1,0,0,0,1,0,1,0,0,0,1,6,4,0,0,0,0,0,11,0,25,0,0,0,0,44,1,0,1,0,2,0,0,2,345,1,0,2,0,0,0,0,1,0,36,1,0,1,0,0,12,6,74,2,373,0,6,0,24,55,0,22,0,0,5,0,0,14,0,0,1,1,28,591,0,19,0,0,0,0,0,232,0,0,0,0,0,0,0,0,0,1,0,0,0,12,0,2,343,14,191,0,0,8,1,0,0,0,0,391,0,0,3,0,18,292,0,0,0,0,6,1,0,0,152
0,27,37,49,26,42,3,1,1,10,2,15,8,3,1,0,2,1,36,124,2,8,47,0,53,13,30,0,1,0,25,0,89,6,1,30,9,12,1,4,3,3,130,1,1,45,55,0,21,1,26,0,31,2,3,10,11,33,15,6,0,1,3,0,3,0,25,1,1,1,2,0,3,65,7,4,0,0,1,0,0,1,126,1,1,1,6,0,1,1,6,0,0,1,1,6,2,3,19,120,2,1,22,0,108,1,135,1,0,5,1,1,16,2,5,9,5,1,27,1,0,14,5,120,3,0,10,0,0,42,1,1,5,18,0,1,0,0,1,2,0,12,2,2,0,56,52,92,24,0,0,16,14,7,1,0,0,40,2,9,25,0,0,24,1,2,0,3,2,26,0,10,38
0,157,123,50,0,87,0,0,0,0,0,15,0,0,0,0,0,0,501,22,61,21,11,0,30,49,36,0,0,3,0,0,1,0,0,0,1,0,0,0,2,165,66,0,0,0,0,0,4,0,2,0,380,0,0,0,1,100,0,0,1,0,0,0,0,0,9,1,3,0,9,0,6,14,79,0,0,0,0,0,0,0,20,0,0,0,25,0,76,0,0,0,0,2,0,0,0,0,21,182,0,0,0,0,46,0,37,0,0,0,0,2,6,0,17,1,0,0,0,3,1,0,0,20,0,0,0,0,2,11,0,0,0,1,0,0,0,0,0,0,0,0,0,0,0,238,1,24,0,0,0,1,0,5,25,4,0,1,141,12,1,0,0,1,0,0,0,0,0,1,0,0,0
0,5,27,67,0,31,0,0,0,0,0,2,0,0,0,0,0,0,6,1,1,2,0,0,24,4,0,0,0,0,4,0,2,0,0,0,1,0,0,0,0,0,64,0,0,1,0,0,0,0,0,0,1,0,1,0,0,1,0,1,0,0,0,0,0,0,7,0,0,0,0,0,0,114,2,0,0,0,0,0,0,0,55,0,0,0,0,0,0,0,0,0,0,3,0,2,0,0,3,46,1,0,16,0,20,0,27,5,0,0,0,0,0,0,1,2,0,0,0,0,1,13,0,2,0,0,0,0,0,70,0,0,0,0,0,0,0,0,0,0,0,0,0,0,0,11,20,17,4,0,0,1,0,1,0,0,0,23,0,1,0,0,0,10,0,0,0,0,1,0,0,0,4
1,132,19,16,111,99,1,0,0,11,15,11,0,1,0,0,12,2,38,233,24,84,148,0,32,120,12,0,0,4,19,5,65,1,0,6,16,5,0,2,16,11,17,7,2,38,316,5,87,3,125,0,8,0,14,29,14,17,42,1,4,0,4,3,8,0,39,4,14,0,68,0,10,11,8,0,1,1,9,0,3,0,12,0,4,2,8,0,7,4,25,0,3,6,0,8,1,10,4,70,1,0,5,0,131,0,43,3,3,1,0,10,20,1,0,5,2,4,129,9,2,2,2,36,4,0,1,1,2,41,0,1,0,14,2,1,0,0,0,6,0,0,0,13,0,37,50,77,3,0,0,28,136,6,7,3,0,4,13,10,35,0,9,7,0,11,1,0,0,46,1,44,15
0,0,98,292,0,4,0,0,0,0,0,20,0,0,0,0,2,0,1,0,1,0,6,0,3,0,210,0,0,0,5,0,27,0,0,0,0,0,0,0,0,1,190,0,14,29,2,5,2,0,4,0,13,0,0,0,0,8,0,0,19,0,0,0,1,0,9,0,1,0,0,0,0,16,3,0,0,0,0,0,0,0,193,2,0,0,3,0,0,0,0,0,0,0,1,0,0,0,270,95,9,0,24,0,2,0,48,0,0,0,0,0,153,0,0,0,0,0,0,0,18,2,0,436,0,0,0,0,0,14,0,0,0,0,0,0,0,0,0,0,0,0,0,14,0,20,28,6,5,0,0,0,2,1,0,0,0,22,0,0,5,0,0,26,0,0,0,0,0,0,0,0,5
0,1,0,1,1,2,1,0,0,0,0,0,0,1,3,0,1,0,3,1,0,2,2,0,0,0,0,0,0,0,5,0,0,0,4,0,0,0,0,0,0,0,3,49,1,0,1,0,0,0,1,1,0,0,0,1,0,0,2,4,0,0,1,0,1,0,0,2,0,0,0,0,0,0,1,0,0,0,0,0,0,0,0,0,2,1,2,1,3,0,0,0,2,1,0,0,0,1,0,0,0,1,0,0,0,0,2,0,0,3,0,0,0,0,14,1,0,0,0,0,0,0,0,2,0,0,0,0,0,0,1,0,0,0,0,4,0,38,0,6,0,0,0,0,0,1,0,0,0,0,1,0,1,0,0,0,0,0,1,0,0,1,0,0,108,0,0,0,0,0,0,0,1
2,0,0,0,19,0,9,3,64,0,47,0,112,9,320,0,0,3,0,9,3,0,0,385,0,0,0,2,12,7,0,11,0,280,1,1,200,383,255,58,0,0,0,6,0,0,1,0,75,8,3,5,0,0,0,18,3,0,0,9,0,1,0,10,0,131,1,0,3,167,9,6,2,0,0,14,30,5,0,1,265,0,0,0,1,3,0,4,0,5,37,17,0,54,1,25,67,715,0,0,32,2,1,114,0,4,0,0,8,0,2,4,0,44,38,0,0,4,0,1,0,0,6,0,7,6,19,381,7,0,22,289,16,2,4,6,392,0,1426,0,180,285,495,0,0,0,0,0,0,0,5,0,1,0,0,0,0,0,0,140,0,2,3,0,1,4,75,1,0,0,298,0,0
0,0,0,0,0,0,0,76,0,0,0,0,0,0,0,0,0,0,0,0,0,0,0,0,0,0,0,13,0,0,0,0,0,0,7,0,0,0,0,0,0,0,0,0,0,0,0,0,0,0,0,159,0,14,0,0,0,0,0,0,0,0,0,0,0,0,0,0,0,0,0,227,0,0,0,0,0,6,0,0,0,0,0,0,0,0,0,25,0,0,0,0,0,0,0,0,0,0,0,0,0,10,0,0,0,0,0,0,0,5,1,0,0,0,0,0,0,0,0,0,0,0,0,0,0,1,0,0,0,0,35,0,0,0,0,6,0,0,0,0,0,0,0,0,0,0,0,0,0,5,0,0,0,0,0,0,230,0,0,0,0,2,0,0,0,0,0,0,0,0,0,0,0
0,0,0,0,5,1,15,6,1,2,1,0,0,6,21,0,13,2,0,0,0,0,0,0,1,0,0,2,0,0,2,0,0,1,55,15,0,0,0,1,0,0,2,150,0,1,1,0,32,0,0,1,0,4,0,0,0,0,17,0,0,5,5,0,0,0,0,4,12,0,0,29,0,0,2,6,0,3,1,0,0,0,2,0,0,0,0,93,0,1,1,1,1,1,0,2,18,1,0,0,0,46,0,0,0,1,0,0,2,101,1,0,1,0,5,3,1,1,0,0,0,0,2,0,0,11,1,0,0,0,50,1,19,0,4,143,2,133,0,2,0,1,0,0,2,0,3,1,1,0,15,1,0,0,0,0,19,0,0,4,0,0,0,0,21,0,0,0,1,0,1,0,0
0,1,1,0,42,0,4,2,121,4,12,0,1,30,3,0,3,0,0,3,1,0,0,1,0,1,0,1,1,0,8,8,3,4,4,3,0,14,24,3,6,0,1,89,2,2,23,3,20,0,6,0,0,4,1,19,3,0,7,7,0,13,5,12,0,8,0,1,15,3,19,1,1,0,0,2,6,7,3,0,28,0,1,2,1,3,0,0,0,16,7,4,3,1,0,113,9,21,1,0,3,7,81,1,0,2,0,0,6,9,2,1,1,1,119,0,2,0,1,0,2,0,4,0,0,0,2,33,3,2,5,15,84,3,2,68,9,483,48,13,7,41,0,0,0,0,15,0,0,0,1,1,8,0,0,0,0,0,0,6,0,0,0,2,22,1,1,0,0,0,38,0,2
0,0,0,0,37,1,0,1,1,3,79,3,1,222,2,1,0,0,0,13,1,0,0,43,0,0,0,2,2,2,0,14,3,1,2,1,1,0,0,0,2,0,0,5,2,2,6,2,26,1,1,0,0,0,5,139,10,0,1,0,1,0,1,54,0,3,8,0,1,0,5,1,79,16,0,0,18,0,6,12,5,0,0,2,0,2,0,5,0,32,1,0,2,6,1,9,69,0,1,0,1,0,12,2,0,0,1,5,2,0,0,3,0,130,2,2,18,2,0,0,0,0,0,1,5,0,0,10,4,2,25,11,0,335,3,1,2,0,18,8,11,0,3,3,0,0,0,0,0,0,2,2,0,7,0,0,0,0,0,1,1,0,3,0,0,6,0,0,1,1,163,0,1
0,2,8,7,4,51,0,0,0,91,0,18,0,0,0,128,1,135,3,25,3,3,16,0,73,1,38,0,1,0,172,0,243,0,0,2,3,0,0,0,5,0,38,1,61,206,58,16,6,1,11,0,4,0,52,1,2,7,9,0,20,0,0,0,10,0,150,2,68,0,1,0,5,44,2,0,0,0,26,2,1,7,97,2,1,0,2,0,0,0,3,0,13,13,3,2,1,0,6,17,94,1,117,0,16,0,26,46,0,9,0,0,19,5,0,41,2,1,16,35,26,265,0,65,3,0,0,0,0,82,0,0,0,2,0,1,0,0,0,4,0,0,0,3,0,3,204,99,117,0,0,74,23,48,0,0,0,97,12,14,23,0,54,54,0,0,0,0,47,19,0,6,73
0,90,5,0,0,45,0,0,0,0,6,2,0,0,0,0,0,0,20,4,10,244,7,0,2,220,8,0,0,0,0,0,0,0,0,0,0,0,0,0,0,4,1,0,0,0,1,0,2,0,1,0,4,0,0,0,0,3,3,0,0,0,0,0,0,0,0,15,0,0,15,0,1,1,1,1,0,0,0,0,0,0,2,0,0,0,1,0,50,1,0,0,0,0,0,0,0,0,0,10,0,0,0,0,35,0,0,0,0,0,0,16,3,0,7,0,0,0,1,0,0,0,0,0,0,0,0,0,0,0,0,0,0,0,1,0,0,0,0,0,0,0,0,0,0,4,0,4,0,0,0,1,0,0,13,3,0,0,77,1,0,0,0,0,0,1,0,0,0,0,0,2,0
0,1,0,1,2,1,0,0,0,0,2,0,0,0,2,0,0,0,0,0,1,0,1,0,0,4,0,0,14,0,2,7,0,0,1,4,4,0,0,1,36,0,0,0,0,1,20,0,1,65,3,0,0,0,2,3,67,1,1,9,1,0,2,29,0,1,2,0,2,0,2,0,1,0,0,0,64,0,4,0,82,0,0,1,1,1,0,0,3,0,129,0,1,0,0,0,0,1,0,0,0,0,0,0,0,1,0,4,1,1,0,0,0,0,3,1,2,3,1,2,2,1,24,0,0,0,1,0,20,3,0,1,0,0,38,0,0,0,0,1,6,0,1,0,0,0,4,0,0,0,0,0,2,0,1,0,0,0,0,0,0,0,0,0,0,0,0,0,0,2,0,4,3
0,0,0,0,0,0,5,1,1,0,8,0,13,0,1,0,0,0,0,2,1,0,0,0,0,7,0,0,0,0,0,0,0,2,3,0,1,7,3,23,3,0,0,1,0,0,1,0,0,0,0,0,0,3,0,0,4,0,3,107,0,0,7,0,0,20,0,1,0,18,2,1,1,0,0,4,6,0,0,0,1,0,0,1,0,0,0,4,0,0,28,1,0,2,0,3,2,1,0,0,0,0,0,2,0,3,0,0,15,0,0,0,0,1,36,0,1,0,0,1,0,0,63,0,0,0,270,2,0,0,0,5,14,0,1,2,22,0,1,0,0,42,0,0,1,0,0,0,0,0,2,0,0,0,2,39,1,0,0,0,0,0,0,0,7,0,1,425,0,0,0,1,0
38,3,12,3,5,6,0,1,0,22,1,130,0,0,0,14,4,448,0,7,2,0,5,1,12,11,4,0,0,36,17,0,58,0,0,17,1,0,0,0,6,69,0,3,9,13,24,8,5,1,12,0,0,0,482,13,20,51,2,0,42,0,1,4,58,0,346,2,14,0,4,0,405,0,14,0,2,0,32,1,0,12,3,0,4,1,419,0,1,0,9,0,1,497,353,2,1,1,0,8,9,0,4,0,6,0,4,10,0,39,0,3,3,1,11,111,7,2,10,611,0,7,0,5,19,0,0,0,9,14,0,0,0,162,0,25,1,0,0,12,0,0,0,1,0,1,23,2,7,0,0,14,30,383,2,0,0,2,2,0,3,0,0,6,0,0,0,0,10,33,1,3,7
0,0,0,16,0,0,0,0,0,30,0,0,0,0,0,8,2,0,0,0,0,0,8,0,0,0,44,0,0,0,62,0,47,0,0,4,4,0,0,0,1,0,1,0,398,79,7,81,1,0,0,0,0,0,5,0,0,0,0,0,63,0,0,0,9,0,1,3,58,0,0,0,0,1,0,0,0,0,26,6,1,38,7,101,9,24,0,0,0,1,0,0,40,0,0,0,0,0,6,0,298,0,23,0,1,0,0,119,0,2,0,0,5,0,0,1,47,0,0,1,308,15,0,96,1,0,0,0,0,3,0,0,0,0,0,0,0,0,0,21,0,0,0,82,0,0,9,3,15,0,0,6,3,0,0,0,0,7,0,0,1,0,9,11,0,0,0,0,1,0,0,0,2
0,0,0,0,1,0,3,0,5,0,0,0,0,0,0,0,2,0,0,0,0,0,0,0,0,0,0,0,0,0,0,0,0,4,1,0,0,5,13,5,0,0,0,4,0,0,0,0,0,0,0,6,0,3,0,0,0,0,0,0,0,4,1,0,0,1,0,0,0,0,0,2,0,0,0,1,0,1,0,0,0,0,0,0,0,0,0,6,0,0,1,1,0,0,0,16,1,0,0,0,0,6,0,3,0,3,0,0,1064,0,1,0,0,0,2,0,0,0,0,0,0,0,1,0,0,1,1,0,0,0,1,27,951,0,0,0,5,6,0,0,0,19,0,0,0,0,0,0,0,0,0,0,0,0,0,0,3,0,0,0,0,2,0,0,16,0,0,2,0,0,0,0,0
9,0,0,0,174,0,0,0,1,1,4,0,0,26,52,0,43,1,0,0,0,2,1,0,0,1,0,0,0,1,16,0,0,0,52,5,0,0,0,0,0,116,0,32,0,2,0,0,1,0,0,1,0,2,0,0,0,0,2,2,0,1,1,0,2,0,0,20,1,0,0,5,2,0,1,0,0,0,0,0,3,0,0,0,0,0,0,5,0,4,0,0,0,0,0,2,1,0,0,0,0,0,0,0,0,0,0,0,1,2,0,0,1,1,3,3,0,0,0,0,0,0,1,0,0,69,0,0,0,0,2,0,0,0,0,5,1,8,0,2,0,0,3,0,101,0,0,2,0,3,359,0,0,2,0,0,2,0,0,0,1,0,0,0,24,0,0,0,1,0,0,0,0
0,0,0,0,3,0,1784,0,8,0,10,0,16,0,0,0,0,0,0,0,0,0,3,0,0,1,0,0,0,0,0,0,0,13,0,1,0,10,7,347,0,0,0,2,0,0,2,0,1,0,0,0,0,0,0,1,3,0,6,7,0,0,28,0,0,8,0,1,1,3,0,1,0,0,0,2326,1,0,0,0,5,0,0,0,0,0,0,0,0,0,64,3620,0,0,1,1,2,10,0,0,0,0,0,3,0,1741,0,0,4,0,0,0,0,2,11,0,1,2,0,0,0,0,2,0,0,0,11,2,0,0,0,3,50,0,2,0,2,0,0,0,1,25,0,0,0,0,0,0,0,0,0,0,0,0,0,1,0,0,0,0,0,0,0,0,1,0,8,10,1,0,0,0,0
0,0,0,3,2,1,18,2,1,3,7,0,0,29,4,1,29,1,1,38,3,1,4,5,0,7,1,0,1,0,8,1,7,0,36,8,0,0,0,0,5,0,5,69,0,3,3,3,4,2,0,4,0,2,2,119,4,0,215,5,2,2,2,4,0,1,3,1,11,0,3,0,3,1,0,1,1,0,1,4,8,0,0,5,1,12,0,4,0,3,4,1,5,11,4,2,355,0,0,5,0,16,0,0,0,6,0,6,8,15,1,2,1,50,2,2,6,384,1,1,0,9,8,0,13,15,13,6,0,4,0,0,7,0,213,5,0,1,0,0,0,0,14,14,17,0,11,0,0,0,12,5,0,0,0,1,2,2,0,0,2,0,9,11,21,5,0,3,0,0,1,7,1
0,5,1,2,8,16,0,0,0,285,1,5,0,0,0,51,46,55,0,4,2,5,76,0,28,8,13,0,5,0,181,0,208,0,0,22,13,0,0,0,40,2,1,36,144,151,218,91,18,2,55,0,0,0,43,8,16,3,4,0,89,0,0,0,47,0,44,5,174,0,7,0,1,7,0,0,1,0,293,37,3,44,14,79,28,41,3,0,11,5,0,0,108,6,280,3,0,0,0,1,145,4,16,0,13,0,6,176,0,16,0,0,15,15,0,86,51,4,29,10,102,58,0,29,23,0,0,0,0,16,0,1,0,22,0,2,0,0,0,146,0,0,0,40,0,2,64,68,75,0,0,133,79,22,0,0,0,6,28,8,8,0,109,8,0,0,0,0,159,23,0,13,9
2,8,1,7,92,15,0,4,2,301,5,14,0,2,4,8,219,14,1,38,2,1,117,0,20,5,25,2,30,1,238,3,262,6,0,264,50,1,0,2,164,3,0,69,135,195,542,192,38,42,260,2,2,0,89,127,61,14,27,2,96,0,3,6,66,0,80,8,186,0,40,1,1,1,1,0,41,2,314,30,9,70,7,85,88,77,11,0,10,64,52,0,151,16,23,13,5,6,0,5,43,1,10,1,12,0,16,150,0,12,0,1,25,34,2,74,126,82,102,17,82,26,0,64,92,0,0,1,1,34,0,4,0,115,13,2,0,0,0,339,1,0,12,105,0,0,124,32,28,0,1,153,335,18,1,0,0,8,34,4,64,0,325,12,0,0,0,0,36,44,4,107,18
0,0,0,0,0,0,2,0,0,37,0,0,0,0,0,124,8,3,0,0,0,0,22,0,0,0,12,0,5,1,17,0,2,0,0,194,13,0,0,0,4,0,0,0,92,5,4,448,0,2,9,0,0,0,1,0,13,3,0,0,291,0,0,0,237,0,0,45,38,0,2,1,1,0,0,0,2,0,51,72,5,585,0,794,250,662,0,0,124,232,1,0,788,0,20,0,0,0,0,0,57,0,0,0,0,0,0,176,0,1,0,0,139,11,0,28,405,2,0,0,75,6,0,2,128,0,0,0,1,0,0,0,0,1,0,0,0,0,0,143,0,0,0,457,0,0,3,3,0,0,0,45,11,0,0,0,0,0,3,0,0,0,9,1,0,0,0,0,21,0,0,0,0
0,0,0,0,0,0,0,33,0,1,0,0,0,0,0,0,0,2,0,0,0,0,0,0,0,0,0,23,0,0,0,0,0,0,19,3,0,0,0,0,0,0,0,3,0,0,0,0,16,0,0,106,0,5,0,0,0,0,0,0,0,0,1,0,0,0,0,0,0,0,0,339,0,0,0,0,0,2,0,0,0,0,0,0,0,0,0,31,0,1,0,0,0,0,0,3,0,0,2,0,0,7,0,0,0,0,0,0,0,5,4,0,0,0,0,1,0,1,0,0,0,0,0,0,0,3,0,0,0,0,437,0,0,0,0,9,0,0,0,0,0,0,0,0,0,0,0,0,0,4,0,0,0,0,0,0,117,0,0,0,0,3,0,0,0,0,0,0,0,0,0,0,0
0,2,0,0,116,0,3,3,38,0,70,0,4,611,134,0,391,0,0,1,0,0,3,0,0,0,0,3,0,0,33,0,0,1,420,4,0,0,0,3,0,18,0,22,0,0,0,0,0,0,2,3,0,15,0,0,0,0,31,0,0,9,8,0,2,0,0,3,0,4,0,19,23,0,0,2,6,0,0,0,1,0,0,0,0,1,0,23,0,0,3,1,0,2,0,1,10,0,0,0,0,138,0,0,0,7,0,0,2,12,7,0,0,1,8,1,0,0,0,0,0,0,5,0,0,815,4,0,0,0,5,0,16,0,2,14,0,12,0,2,0,0,1,0,588,0,0,0,0,59,215,0,0,0,0,1,9,0,1,0,1,0,0,0,42,0,0,0,0,0,0,0,1
0,0,0,0,10,0,9,5,1272,1,20,0,1253,4,82,0,7,0,0,0,0,0,1,123,1,1,0,2,2,6,0,4,1,1601,8,1,29,691,1550,1058,1,0,0,3,0,0,0,0,19,1,2,8,0,5,0,2,2,0,1,39,0,15,28,6,0,357,0,0,0,821,1,15,0,2,0,16,7,12,0,0,22,0,0,0,0,1,0,35,0,4,32,24,0,9,0,12,29,84,0,0,1,3,0,1469,0,13,0,0,32,0,2,5,0,15,25,0,0,1,0,0,0,0,4,0,6,62,153,22,0,0,23,298,36,1,5,29,577,1,250,0,118,993,271,0,3,0,0,0,0,0,1,0,0,0,0,0,3,0,0,7,0,6,0,0,10,4,245,2,0,0,77,0,0
1,158,17,25,7,256,1,0,0,91,31,8,0,4,1,1,0,2,60,11,35,568,386,4,3,592,169,1,1,3,3,10,7,0,0,0,3,15,0,0,13,26,23,0,2,10,29,63,176,4,108,0,22,0,0,22,7,12,1,14,3,0,2,17,3,0,2,449,6,0,525,0,8,8,2,0,7,1,2,26,9,0,7,6,3,18,4,0,67,181,7,0,3,3,0,1,1,4,21,77,2,0,6,0,81,0,9,1,4,0,0,300,26,8,21,0,3,0,3,0,8,1,12,141,9,0,0,11,16,7,0,0,0,3,3,0,0,0,0,12,0,0,0,123,0,40,7,30,0,0,0,4,10,1,141,13,0,1,83,4,11,0,0,4,0,6,7,0,0,10,3,1,1
4,0,0,0,4,4,3,0,0,1,5,0,0,3,11,0,0,0,0,4,2,1,1,188,0,4,1,0,52,10,0,550,2,3,0,0,127,23,2,3,8,0,1,1,2,0,8,0,13,109,17,0,0,0,1,82,130,0,0,175,2,0,1,250,6,11,0,0,7,0,9,1,1,5,0,4,143,0,0,0,193,0,0,0,2,9,0,0,2,3,246,0,2,2,2,15,3,12,0,1,3,0,1,0,3,0,0,1,2,0,0,16,3,0,67,0,1,0,0,0,4,0,551,1,0,0,0,35,30,16,1,5,0,3,56,3,5,2,1,10,18,0,1,1,0,0,0,0,0,0,1,0,1,0,1,0,0,0,0,0,1,0,1,1,0,475,1,0,0,0,2,0,0
0,2,2,2,19,5,1,0,1,10,15,1,0,79,45,0,0,0,1,10,7,8,2,19,0,7,5,0,538,6,4,566,9,2,1,0,242,14,13,19,39,4,3,0,1,1,22,2,55,750,27,1,0,0,7,131,167,2,4,124,4,0,2,860,0,85,9,3,4,0,31,0,2,160,2,4,927,4,7,2,97,0,0,1,0,6,0,0,1,13,376,0,1,1,5,35,18,14,1,3,2,0,2,0,2,1,3,7,15,0,0,29,2,30,59,1,10,1,0,1,1,2,157,3,1,0,1,9,204,3,3,61,0,42,403,0,32,0,36,2,151,0,6,8,0,0,1,8,1,0,0,4,1,4,2,0,0,0,2,2,2,5,165,0,0,106,4,0,2,0,65,0,0
0,1,0,0,0,0,1,0,0,0,2,0,0,1,70,0,0,0,0,10,1,0,0,2,0,0,0,0,226,0,0,60,1,8,0,0,7,0,0,3,4,1,0,0,0,0,2,3,2,331,3,0,0,0,1,14,159,0,0,1,0,0,1,46,0,20,2,0,0,0,6,0,0,0,0,3,89,0,1,3,19,1,0,2,0,2,0,0,0,1,22,0,4,0,0,1,8,2,0,0,0,0,0,1,0,0,0,1,1,0,0,8,0,5,0,1,4,0,0,0,0,0,12,0,1,0,0,0,50,3,0,0,0,2,23,0,13,0,3,0,11,0,17,8,0,0,0,0,0,0,0,0,1,0,0,0,0,0,0,0,0,0,5,0,0,17,0,0,0,0,0,0,0
1,235,14,12,0,168,0,0,0,0,0,5,0,0,0,0,0,0,100,40,27,95,12,0,158,110,8,0,0,0,3,0,35,0,0,0,0,1,0,0,2,3,14,0,0,4,10,1,4,0,0,0,3,0,2,0,1,15,1,0,0,0,0,0,0,0,8,0,1,0,20,0,0,33,13,0,0,0,2,0,0,0,9,0,0,0,3,0,6,0,0,0,0,1,0,6,0,2,1,50,2,0,4,0,137,0,22,0,0,1,0,16,18,0,0,0,0,0,3,1,0,1,0,4,0,0,0,0,1,44,0,0,0,0,0,0,0,0,0,0,0,0,0,1,0,28,6,322,4,0,0,14,0,1,3,2,0,2,30,196,0,0,0,5,0,0,0,0,1,15,0,0,13
0,1,2,8,0,25,0,0,0,0,0,3,0,0,0,0,0,0,2,0,301,1,56,0,3,6,157,0,0,0,0,0,1,0,0,0,0,0,0,0,0,1,0,0,0,1,0,1,4,0,0,0,8,0,0,0,0,18,0,0,2,0,0,0,0,0,0,0,0,0,0,0,0,0,2,0,0,0,1,0,0,0,0,0,0,0,1,0,2,0,0,0,0,0,0,0,0,0,1,14,2,0,0,0,5,0,4,0,0,0,0,2,0,0,0,0,0,0,0,1,0,0,0,32,0,0,0,0,0,3,0,0,0,0,0,0,0,0,0,0,0,0,0,1,0,3,0,7,0,0,0,0,0,0,0,0,0,0,1,1,0,0,0,0,0,0,0,0,0,0,0,0,0
0,2,0,0,8,2,4,10,0,0,1,0,0,16,12,0,9,0,5,1,0,2,1,0,0,0,0,0,0,0,54,0,1,0,16,2,0,0,0,1,0,1,4,233,1,0,0,1,0,0,1,5,0,1,0,1,0,0,473,0,0,0,1,0,1,0,0,7,1,0,0,1,1,0,0,0,0,0,0,0,1,0,1,3,1,0,1,7,0,0,0,0,5,0,0,0,115,0,0,0,0,18,0,0,3,8,0,0,2,24,1,0,0,0,2,0,0,0,0,0,1,0,0,0,0,27,0,0,0,1,1,0,21,0,6,4,1,96,0,5,0,1,0,0,2,1,3,0,0,0,6,0,3,0,0,0,0,0,0,0,1,1,0,1,757,0,0,0,0,0,0,0,1
560,7,34,18,2,5,1,0,1,8,5,270,1,5,1,7,1,307,10,3,5,0,15,10,18,4,16,0,0,737,5,5,42,1,0,4,6,4,0,1,3,197,9,2,31,16,9,5,11,0,154,0,3,0,92,7,67,407,0,91,168,0,0,6,288,0,155,4,1,0,8,0,93,4,70,0,3,0,17,7,2,49,15,2,2,4,434,0,1,2,7,0,1,119,25,2,1,3,3,14,5,0,4,0,89,0,28,8,0,8,0,25,13,3,51,3,4,2,0,297,12,0,3,11,19,0,0,8,163,22,0,3,0,119,1,228,0,0,0,48,0,0,1,6,0,10,15,7,2,0,1,3,0,183,3,1,0,1,5,1,6,0,0,48,0,0,0,0,1,31,1,1,13
0,0,0,0,0,0,0,884,0,0,0,0,0,0,0,0,0,0,0,0,0,0,0,0,0,0,0,206,0,0,0,0,0,0,2,0,0,0,0,0,0,0,0,0,0,0,0,0,0,0,0,77,0,1289,0,0,0,0,0,1,0,1279,0,0,0,0,0,0,0,0,0,30,0,0,0,0,0,925,0,0,0,0,0,0,0,0,0,3,0,0,0,0,0,0,0,0,0,0,0,0,0,26,0,0,0,0,0,0,56,4,860,0,0,0,0,0,0,0,0,0,0,0,0,0,5,1,0,0,0,0,2,1,7,0,0,14,0,0,0,0,0,1,0,0,0,0,0,0,0,1433,0,0,0,0,0,0,26,0,0,0,0,338,0,0,0,0,0,0,0,0,0,0,0
0,0,0,0,0,0,0,365,0,0,0,0,0,0,0,0,0,0,0,0,0,0,0,0,0,0,0,29,0,0,0,0,0,0,0,0,0,0,0,0,0,0,0,0,0,0,0,0,0,0,0,1078,0,19,0,0,0,0,0,0,0,0,0,0,0,0,0,0,0,0,0,43,0,0,0,0,0,2,0,0,0,0,0,0,0,0,0,290,0,0,0,0,0,0,0,0,0,0,0,0,0,1,0,0,0,0,0,0,4,1,4,0,0,0,0,0,0,0,0,0,0,0,0,0,1,0,0,0,0,0,0,0,1,0,1,0,0,0,0,0,0,1,0,0,0,0,0,0,0,30,0,0,0,0,0,0,358,0,0,0,0,9,0,0,0,0,0,0,0,0,0,0,0
0,0,0,0,3,0,13,28,2,3,0,0,0,19,18,0,6,0,1,3,0,0,0,0,0,0,0,15,0,0,8,0,1,0,192,21,0,0,0,4,0,0,4,46,0,0,1,0,0,0,0,6,0,30,0,0,0,0,46,0,0,17,13,0,0,0,1,0,1,2,0,127,5,0,0,4,1,21,0,0,0,0,1,0,0,0,0,269,0,1,0,4,1,1,0,1,32,0,0,0,0,731,0,0,0,9,0,0,3,763,4,0,0,0,1,0,0,0,0,0,0,0,0,0,0,73,8,0,0,1,64,1,29,1,2,415,0,166,0,4,0,4,0,0,4,0,1,0,0,9,12,0,0,0,0,0,205,0,0,0,0,0,0,0,56,0,0,1,0,0,0,0,0
0,0,0,0,0,0,1,0,22,0,1,0,0,0,0,0,1,0,0,0,0,0,0,0,0,0,0,7,0,0,0,0,0,26,3,0,0,14,70,3,1,0,0,1,0,0,0,0,0,0,0,0,0,13,0,0,1,0,5,0,0,28,4,0,0,1,0,0,0,0,0,3,0,0,0,0,0,36,0,0,0,0,0,0,0,0,0,1,0,0,0,0,0,1,0,13,0,1,0,0,0,16,0,3,0,2,0,0,218,3,6,0,0,0,0,0,0,0,0,0,0,0,0,0,0,2,1,1,0,0,0,48,78,0,0,13,7,42,1,0,1,22,0,0,0,0,0,0,0,1,0,0,0,0,0,0,8,0,0,0,0,2,0,0,9,0,0,0,0,0,0,0,0
0,34,3,2,3,6,0,0,0,17,0,2,0,0,0,0,3,1,10,3,4,12,31,0,1,9,8,0,0,0,15,0,26,0,0,2,0,0,0,0,5,3,2,3,2,4,32,5,13,0,19,0,6,0,8,3,0,5,3,0,0,0,0,0,4,0,2,0,4,0,7,0,0,0,4,0,0,0,36,1,0,0,1,0,3,0,4,0,2,0,0,0,0,3,0,1,0,0,0,3,3,0,0,0,22,0,8,9,0,0,0,1,3,1,1,5,1,0,5,3,1,1,0,11,0,0,0,0,0,2,0,0,0,3,0,0,0,0,0,2,0,0,0,0,0,7,7,16,1,0,0,4,16,3,2,0,0,0,4,0,1,0,0,1,0,0,0,0,0,4,0,1,3
1,62,0,1,0,15,0,0,0,48,10,2,0,1,0,2,6,18,5,4,20,7,3,1,8,22,1,0,0,7,25,4,26,0,0,101,1,0,0,0,39,0,0,3,18,8,102,4,4,2,35,0,0,0,22,3,40,1,0,1,13,0,0,0,7,0,8,1,19,0,156,0,1,3,2,0,4,0,528,140,1,4,1,40,29,30,6,0,2,30,6,0,40,7,17,2,7,0,0,0,22,0,1,0,5,0,1,240,0,1,0,9,23,2,0,23,30,1,0,6,3,2,3,1,9,0,0,0,3,10,0,0,0,1,0,1,0,0,0,10,0,0,0,0,0,0,11,56,0,0,0,100,6,11,3,2,0,0,2,1,0,0,10,4,0,2,0,0,22,22,0,4,3
2,0,0,0,30,3,0,2,5,4,30,0,0,30,0,0,0,1,0,1,0,1,0,23,0,7,0,1,2,60,0,20,0,9,0,1,0,65,35,5,0,3,1,9,0,0,7,0,25,1,57,0,0,3,2,28,9,0,4,8,0,1,0,6,0,1,0,1,1,0,16,0,49,0,0,0,1,3,3,0,1,0,0,1,0,0,0,1,2,5,17,0,0,0,1,460,22,43,0,0,0,1,16,1,0,0,0,1,226,0,0,14,0,25,15,0,0,0,0,0,0,0,1,0,3,1,1,262,1,0,4,75,66,0,1,0,14,10,14,1,10,6,0,0,0,0,0,1,0,0,1,0,0,1,0,0,0,0,0,1,0,2,0,1,13,5,5,1,0,1,13,0,0
6,28,1,0,0,7,0,0,0,4,441,7,0,0,0,1,0,0,5,0,417,29,253,1,1,37,105,0,0,12,2,1,0,0,0,0,0,1,0,0,5,80,4,0,4,0,10,3,54,1,108,0,32,0,0,1,4,37,0,57,1,0,0,0,5,0,0,29,2,0,61,0,1,1,3,0,2,0,1,0,11,0,0,5,1,0,7,0,194,2,2,0,0,1,0,4,0,0,1,3,0,0,0,0,2,0,2,1,0,0,0,251,2,0,3,0,0,0,1,1,1,0,10,36,0,0,1,6,9,0,0,0,0,0,1,2,0,0,0,4,0,0,0,1,0,7,2,0,0,0,0,0,3,0,26,420,0,0,31,0,0,0,0,1,0,0,0,0,0,1,0,1,1
0,0,0,0,0,0,0,0,0,18,0,0,0,0,0,9,0,120,0,2,0,0,0,0,2,0,0,0,0,0,4,0,0,0,0,102,0,0,0,0,2,0,3,2,2,2,0,11,28,0,4,0,0,0,2,2,4,0,0,0,2,0,0,1,1,0,1,2,1,0,5,0,0,0,0,0,0,0,17,144,2,2,0,40,22,132,0,0,4,25,0,0,42,13,26,0,0,0,0,0,3,0,0,0,0,0,0,11,0,0,0,0,35,305,0,132,36,0,0,2,0,1,1,1,148,0,0,0,1,0,4,0,0,0,0,0,0,0,0,3,1,0,0,23,0,0,0,3,0,0,0,58,0,6,0,0,0,0,2,0,0,0,5,0,0,0,0,0,34,0,0,0,0
0,0,0,0,1,0,0,281,0,0,5,0,0,1,0,0,1,0,0,0,0,0,0,0,0,0,0,320,0,0,1,0,0,2,5,0,0,2,0,0,0,0,0,0,0,0,2,0,0,0,0,40,0,284,1,1,0,0,0,0,0,452,4,0,0,0,0,0,0,0,0,33,0,0,0,0,0,561,0,0,0,0,0,0,0,0,0,8,0,6,0,0,0,0,0,241,0,0,109,0,0,16,2,0,0,1,0,0,25,2,510,0,0,4,0,0,0,0,0,0,0,0,0,0,39,0,0,0,0,0,5,13,1,1,1,8,0,0,1,0,0,0,0,0,0,0,0,0,0,236,2,0,0,0,0,0,11,0,0,0,0,528,0,0,0,0,0,0,0,0,0,0,0
0,0,0,0,0,0,0,21,0,0,0,0,0,0,0,0,0,0,0,0,0,0,0,0,0,0,0,17,0,0,0,0,0,0,0,1,0,0,0,0,0,0,0,1,0,0,0,1,0,0,0,45,0,0,0,0,0,0,0,0,0,0,0,1,0,0,0,0,0,0,0,6,0,0,0,0,1,0,0,0,0,0,0,0,0,0,0,11,0,0,0,0,0,0,0,4,0,0,1,0,0,0,0,0,0,0,0,0,0,0,1,0,0,4,0,0,0,0,0,0,0,0,0,0,0,0,0,0,0,0,12,1,0,0,0,0,0,0,0,0,0,0,0,0,0,0,0,0,0,2,0,0,0,0,0,0,17,0,0,0,0,3,0,0,0,0,0,0,0,0,0,0,0
