0.86629,0.23589,0.3796,0.3592,0.20672,0.29131,0.95034,0.50965,0.83007,0.29528,0.55657,0.45494,0.87574,0.57361,0.39447,0.34688,0.48857,0.3913,0.54934,0.37573,0.46601,0.507,0.30438,0.47696,0.25038,0.4805,0.22096,0.4955,0.60787,0.81421,0.21279,0.43962,0.20171,0.81416,0.50748,0.31034,0.35773,0.54436,0.78695,0.68401,0.40367,0.26857,0.28859,0.27251,0.45614,0.21069,0.35388,0.4696,0.19141,0.55632,0.2446,0.71267,0.54519,0.76054,0.57555,0.18314,0.20169,0.51818,0.52981,0.28743,0.35086,0.69372,0.22152,0.64638,0.39406,0.53704,0.36245,0.72982,0.30201,0.79871,0.506,0.35094,0.56579,0.22271,0.67552,0.9719,0.67102,0.58927,0.38372,0.29857,0.33071,0.71163,0.32582,0.67798,0.58072,0.63427,0.45134,0.34969,0.37163,0.37383,0.35508,0.98747,0.68178,0.64368,0.4916,0.46295,0.49081,0.78498,0.49742,0.24025,0.35178,0.71613,0.47059,0.92288,0.18356,0.96095,0.25577,0.23184,0.62226,0.70884,0.61544,0.44048,0.29474,0.47151,0.1985,0.22261,0.5441,0.74088,0.36538,0.59078,0.4984,0.54331,0.60908,0.3779,0.26195,0.79096,0.55624,0.51207,0.38961,0.3509,0.62651,0.32738,0.66376,0.39458,0.51088,0.42237,0.52857,0.50212,0.79062,0.42962,0.32544,0.68914,0.60627,0.49778,0.83379,0.32945,0.35259,0.34965,0.38323,0.80669,0.5936,0.24754,0.48498,0.5328,0.60669,0.84679,0.32927,0.61265,0.26186,0.4833,0.34728,0.57372,0.42837,0.54406,0.70408,0.75846,0.70672,0.94619,0.53509,0.15878,0.48083,0.54206,0.46552
0.53759
0,35,268,164,0,37,0,0,0,0,0,68,0,0,0,1,0,2,103,24,1,3,2,0,163,11,10,0,0,0,0,0,7,0,0,0,1,0,0,0,0,10,258,0,0,6,2,0,3,0,1,0,184,0,3,0,0,20,0,0,0,0,0,0,1,1,33,0,0,0,0,0,11,81,483,0,0,0,0,0,0,0,132,0,0,0,20,0,0,0,0,0,0,3,0,0,0,0,70,228,0,0,13,0,33,0,128,1,0,0,0,0,11,0,10,0,0,0,1,17,0,2,0,36,1,0,0,0,1,25,0,0,0,0,0,0,0,0,0,0,0,0,0,0,0,217,17,7,2,0,0,0,0,15,2,0,0,31,12,11,2,0,0,13,0,0,0,0,0,0,0,0,6
0,1,9,60,1,13,0,0,0,14,0,6,0,0,0,9,0,2,0,0,0,0,0,0,17,0,7,0,0,0,105,0,132,0,0,1,1,0,0,0,2,0,83,0,29,106,7,2,1,0,0,0,1,0,2,0,0,0,1,7,3,0,0,0,0,0,11,0,25,0,0,0,0,45,1,0,1,0,2,0,0,2,347,1,0,2,0,0,0,0,1,0,26,1,0,1,0,0,15,5,69,2,360,0,4,0,16,58,0,23,0,0,6,0,0,12,0,0,2,1,29,577,0,23,0,0,0,0,0,253,0,0,0,0,0,0,0,0,0,1,0,0,0,10,0,1,354,14,192,0,0,8,1,0,0,0,0,397,2,0,4,0,19,284,0,0,0,0,4,1,0,0,162
0,29,43,45,27,41,2,0,1,11,3,16,13,2,1,0,1,1,35,124,0,6,47,0,54,13,25,0,1,0,21,0,80,1,0,34,5,12,1,9,4,2,118,1,1,56,56,0,24,1,28,0,31,1,4,12,8,36,14,5,1,1,1,0,3,0,24,2,2,2,1,0,3,81,6,2,1,0,2,0,0,0,124,0,1,1,4,0,0,1,8,0,0,1,1,5,2,2,28,125,3,0,20,0,102,1,144,1,1,4,3,1,18,1,4,8,5,2,29,1,0,15,5,113,3,0,10,0,0,35,1,1,7,22,0,1,0,0,0,2,0,11,1,4,1,62,46,94,24,0,0,15,12,6,1,0,0,38,2,10,22,0,0,25,1,1,0,3,2,31,0,10,29
0,154,126,46,0,86,0,0,0,0,0,15,0,0,0,0,0,0,501,20,61,28,23,0,30,41,36,0,0,3,0,0,1,0,0,0,1,0,0,0,1,165,62,0,0,0,0,0,4,0,2,0,380,0,0,0,1,110,0,0,1,0,0,0,0,0,7,1,3,0,11,0,6,19,87,0,0,0,0,0,0,0,18,0,0,0,27,0,66,0,0,0,0,2,0,0,0,0,20,186,0,0,0,0,44,0,38,0,0,0,0,6,7,0,19,1,0,0,0,3,0,0,0,20,0,0,0,0,2,12,0,0,0,1,0,0,0,0,0,0,0,0,0,0,0,226,1,22,0,0,0,2,0,5,20,3,0,1,138,14,1,0,0,1,0,0,0,0,0,0,0,0,0
0,6,29,78,0,29,0,0,0,0,0,2,0,0,0,0,0,0,7,1,1,2,0,0,24,4,0,0,0,0,4,0,2,0,0,0,1,0,0,0,0,0,53,0,0,1,0,0,0,0,0,0,1,0,1,0,0,0,0,1,0,0,0,0,0,0,6,0,0,0,0,0,0,110,1,0,0,0,0,0,0,0,58,0,0,0,0,0,0,0,0,0,0,2,0,2,0,0,3,51,1,0,17,0,16,0,29,5,0,0,0,0,0,0,1,1,0,0,0,0,1,14,0,2,0,0,0,0,0,69,0,0,0,0,0,0,0,0,0,0,0,0,0,0,0,11,17,16,4,0,0,0,0,2,0,0,0,26,0,1,0,0,0,11,0,0,0,0,0,0,0,0,5
2,140,16,18,113,95,0,0,0,16,16,13,0,0,0,0,13,2,30,257,24,71,136,0,28,138,14,0,0,3,14,5,64,0,0,6,17,3,0,0,25,11,15,8,2,33,311,3,105,8,123,0,10,0,21,26,19,21,39,1,4,0,3,4,5,0,33,5,15,0,38,0,8,18,5,0,3,0,11,2,3,0,15,0,3,1,9,0,6,5,26,0,1,6,0,8,1,3,4,57,1,0,6,0,132,0,42,3,4,1,0,9,36,0,0,4,2,4,118,8,1,5,4,29,3,0,1,3,2,34,0,1,0,19,1,1,0,0,1,6,0,0,0,7,1,39,42,80,4,0,0,27,134,10,10,3,0,3,19,14,49,0,7,5,0,6,1,0,0,47,1,45,14
0,1,96,287,0,4,0,0,0,0,0,21,0,0,0,0,2,0,0,0,1,1,4,0,3,0,194,0,0,0,4,0,23,0,0,0,0,0,0,0,0,1,194,0,11,35,1,8,1,0,4,0,13,0,0,0,0,6,0,0,21,0,0,0,2,0,8,0,0,0,0,0,0,20,6,0,0,0,0,0,0,0,196,1,0,0,2,0,0,0,0,0,0,1,0,0,0,0,289,101,9,0,25,0,2,0,41,0,0,0,0,0,168,0,0,0,1,0,0,0,16,1,0,424,0,0,0,0,0,14,0,0,0,0,0,0,0,0,0,0,0,0,0,16,0,18,24,3,5,0,0,0,2,1,0,0,0,20,0,0,2,0,0,31,0,0,0,0,0,0,0,0,5
0,1,0,1,1,0,1,0,0,0,0,1,0,1,3,0,0,0,4,0,0,3,1,0,0,0,0,0,0,0,5,0,0,0,5,0,0,0,0,0,0,0,3,49,0,0,1,0,0,0,1,0,0,1,0,1,0,0,2,3,0,0,1,0,2,0,0,3,0,0,1,0,0,0,0,0,0,0,0,0,0,0,0,0,2,2,2,1,1,0,0,0,1,0,0,0,0,1,0,0,0,0,0,0,0,0,3,0,0,1,0,2,0,0,15,1,0,0,0,0,0,0,0,3,0,0,0,0,0,0,0,0,0,0,0,6,0,35,0,7,0,0,0,0,0,1,0,0,0,0,1,0,1,0,0,0,1,0,1,0,0,1,0,0,111,0,0,0,0,0,0,0,0
2,0,0,0,33,0,9,3,61,0,29,0,118,6,314,0,1,3,0,7,3,0,0,383,0,2,0,2,11,9,0,12,0,285,2,1,194,374,232,58,0,0,0,7,0,0,1,0,57,7,4,5,0,0,0,16,8,0,0,7,0,1,2,11,0,155,1,0,1,181,8,8,3,0,0,11,20,4,0,1,252,0,0,0,1,0,0,2,0,5,33,17,0,53,0,27,54,763,0,0,29,4,1,105,0,4,0,0,7,0,2,7,0,48,40,0,0,5,0,1,0,0,9,0,9,6,18,403,8,0,14,275,22,2,3,4,388,1,1416,0,159,281,522,0,0,0,0,0,0,0,6,1,1,0,0,0,1,0,0,113,0,3,7,0,2,4,86,1,0,0,326,0,0
0,0,0,0,0,0,0,70,0,0,0,0,0,0,0,0,0,0,0,0,0,0,0,0,0,0,0,12,0,0,0,0,0,0,5,0,0,0,0,0,0,0,0,0,0,0,0,0,0,0,0,155,0,14,0,0,0,0,0,0,0,0,0,0,0,0,0,0,0,0,0,237,0,0,0,0,0,6,0,0,0,0,0,0,0,0,0,20,0,0,0,0,0,0,0,0,0,0,0,0,0,8,0,0,0,0,0,0,0,5,1,0,0,0,0,0,0,0,0,0,0,0,0,0,0,1,0,0,0,0,42,0,0,0,0,5,0,1,0,0,0,0,0,0,0,0,0,0,0,5,0,0,0,0,0,0,233,0,0,0,0,2,0,0,0,0,0,0,0,0,0,0,0
0,0,0,0,7,1,17,9,0,1,1,0,3,4,23,0,19,1,0,1,0,0,0,0,0,2,0,2,0,0,2,0,0,1,59,15,0,0,0,1,0,0,1,143,0,1,2,0,48,0,0,1,0,4,0,0,0,0,19,1,0,3,5,0,0,0,0,1,9,0,0,36,0,0,5,6,0,4,1,0,0,0,2,0,0,0,0,93,0,0,1,1,1,0,0,2,14,1,0,0,0,63,0,0,0,3,0,0,2,85,1,0,1,1,5,3,2,2,0,0,0,0,3,0,0,6,2,0,0,0,32,1,19,0,1,150,0,120,0,1,0,0,0,0,3,0,2,2,1,0,10,3,0,0,0,0,24,0,0,7,1,0,0,0,14,0,0,0,0,0,1,0,1
0,1,1,1,49,0,2,1,112,5,9,0,2,27,4,0,5,0,1,3,0,1,0,1,0,2,0,0,1,0,5,8,3,7,7,4,0,13,23,5,4,0,1,82,2,2,20,3,21,1,6,0,0,4,0,24,3,0,7,9,0,13,7,13,0,5,0,1,12,3,17,2,1,0,0,1,6,5,1,1,25,0,1,2,1,5,0,0,0,14,5,1,3,3,0,120,9,22,2,0,4,11,77,2,1,5,1,0,4,8,2,1,1,1,106,1,2,0,1,0,1,0,4,0,0,0,2,33,1,1,4,15,92,3,5,85,11,473,49,12,9,40,0,1,0,0,17,0,0,0,2,1,13,0,0,0,0,0,0,6,0,1,0,3,20,2,4,0,0,0,26,0,2
2,0,0,0,56,1,0,2,2,4,65,2,1,199,1,1,0,0,0,15,0,0,0,33,0,0,0,1,2,4,0,14,4,0,1,0,1,0,0,0,0,0,0,7,1,3,4,2,31,2,0,0,0,0,5,139,9,0,1,0,2,0,3,58,0,1,7,0,2,0,8,2,84,16,0,0,18,0,9,8,4,0,0,2,0,2,0,4,0,23,2,0,2,5,1,17,63,1,1,0,1,0,14,2,0,0,1,5,2,0,0,3,0,138,2,2,5,4,0,0,0,0,0,1,4,0,0,7,3,2,42,8,0,335,3,0,5,0,19,8,12,0,5,2,0,0,0,0,0,0,1,3,0,2,0,0,0,0,1,1,0,0,6,0,0,4,2,0,1,1,170,0,1
0,5,8,9,3,50,0,0,0,85,0,24,0,0,0,128,0,134,4,26,2,2,11,0,69,2,34,0,1,0,148,0,238,0,0,1,4,0,0,0,4,0,32,1,53,201,57,16,7,1,13,0,4,0,48,1,2,9,6,1,19,0,0,0,8,0,150,2,71,0,1,0,4,54,3,0,0,0,24,1,1,6,100,3,1,0,1,0,0,0,2,0,7,11,6,2,0,0,11,13,100,2,138,0,14,0,16,45,0,12,0,0,17,5,0,52,3,1,19,36,26,286,0,73,4,0,0,0,0,92,0,0,0,2,0,1,0,0,0,5,0,0,0,5,0,2,200,92,128,0,0,66,24,58,0,0,0,102,9,19,27,0,47,55,0,0,0,0,35,22,0,5,60
0,81,6,0,0,45,1,0,0,0,5,2,0,0,0,0,0,0,19,4,8,239,8,0,2,216,7,0,0,0,0,0,0,0,0,0,0,0,0,0,0,4,1,0,0,0,1,0,3,0,1,0,3,0,0,0,0,5,2,0,0,0,1,1,0,0,0,17,1,0,12,0,1,2,2,0,0,0,0,0,0,0,0,0,0,0,1,0,43,1,0,0,0,0,0,0,0,0,0,9,0,0,0,0,32,0,0,0,0,0,0,21,3,0,9,0,0,0,1,0,0,0,0,0,0,0,0,0,0,1,0,0,0,0,0,0,0,0,0,0,0,0,0,0,0,5,0,5,0,0,0,1,0,0,19,4,0,0,91,1,0,0,0,0,0,0,0,0,0,0,0,2,0
1,1,0,1,1,1,0,0,0,0,4,0,0,0,2,0,0,0,0,0,0,0,1,0,0,2,0,0,14,1,2,8,0,0,1,4,3,0,0,1,36,1,0,0,0,1,19,1,1,62,4,0,0,0,2,3,63,1,0,9,1,0,1,31,0,1,1,0,1,0,1,0,0,0,0,1,68,0,5,0,90,0,0,1,0,0,0,0,3,0,122,0,1,0,1,0,0,2,0,0,0,0,0,0,0,0,0,3,1,0,0,1,0,0,4,1,2,3,3,2,2,1,27,0,0,0,1,0,20,3,0,1,0,0,36,1,0,0,0,0,5,0,1,0,0,0,3,0,0,0,0,0,1,0,2,0,0,0,0,0,2,0,0,0,0,0,0,0,0,1,0,5,3
2,0,0,0,0,0,4,0,2,0,8,0,14,0,1,0,3,0,0,2,1,0,0,0,0,3,0,1,0,0,0,0,0,4,2,0,0,7,3,24,4,0,0,1,0,0,1,0,0,0,0,0,0,2,0,0,2,0,4,85,0,1,9,0,0,22,0,3,0,21,2,2,0,0,0,4,5,0,0,1,1,0,0,0,0,0,0,6,1,0,24,1,0,0,0,3,1,1,0,0,0,0,0,2,0,4,0,0,13,0,0,0,0,1,56,0,1,0,0,1,0,0,61,0,0,0,272,3,0,0,0,4,17,0,2,2,20,0,1,0,1,38,0,0,1,0,0,0,0,0,1,0,0,0,2,40,2,0,0,0,0,0,0,0,4,0,3,422,0,0,0,1,0
47,3,11,3,4,5,0,1,0,25,1,161,1,0,0,16,3,441,0,10,3,1,5,1,12,9,5,0,0,39,17,0,64,0,0,16,0,0,1,1,9,72,0,2,4,13,25,7,4,2,7,0,0,0,499,11,16,48,2,1,38,0,2,0,47,0,332,3,15,0,3,0,387,1,11,0,1,0,28,1,0,10,3,0,3,1,406,1,1,0,11,0,0,504,351,2,1,0,0,10,12,0,4,0,8,0,2,10,0,46,0,7,2,0,9,109,6,4,10,602,0,11,0,4,16,0,0,0,10,14,0,0,0,162,0,23,1,0,0,11,0,0,0,2,0,0,21,3,7,0,0,16,28,398,2,0,0,1,1,0,3,0,0,4,0,0,0,0,9,39,1,3,6
0,0,0,14,0,0,0,0,0,32,0,0,0,0,0,9,2,0,0,0,0,0,10,0,0,0,32,0,0,0,63,0,41,0,0,5,6,0,0,0,1,0,2,0,416,98,8,83,1,0,0,0,0,0,4,0,3,0,0,0,66,0,0,0,10,0,1,2,53,0,0,0,0,1,0,0,0,0,26,6,1,38,7,92,10,26,0,0,0,1,0,0,30,0,0,0,0,0,9,0,286,0,26,0,1,0,0,103,0,2,0,0,5,0,0,1,48,0,0,1,311,16,0,90,1,0,0,0,0,3,0,0,0,0,0,0,0,0,0,27,0,0,0,89,0,0,10,4,13,0,0,6,2,0,0,0,0,7,0,0,1,0,7,11,0,0,0,0,1,0,0,0,1
0,0,0,0,1,0,1,1,3,0,0,0,0,0,0,0,2,0,0,0,0,0,0,0,0,0,0,0,0,0,0,0,0,3,2,0,0,6,14,5,0,0,0,4,0,0,0,0,0,0,0,4,0,3,0,0,0,0,0,0,0,5,2,0,0,1,0,0,0,0,0,2,0,0,0,2,0,3,0,0,0,0,0,0,0,0,0,7,0,0,1,1,0,0,0,15,0,0,0,0,0,8,0,2,0,3,0,0,1023,0,1,0,0,0,3,0,0,0,0,0,0,0,2,0,0,1,1,0,0,0,1,27,991,0,0,0,4,7,0,0,0,14,0,0,0,0,0,0,0,0,0,0,0,0,0,0,4,0,0,0,0,2,0,0,17,0,0,2,0,0,0,0,0
20,0,0,0,160,0,1,0,1,2,5,0,0,31,48,0,63,1,0,0,0,1,1,0,0,1,0,1,0,0,18,0,0,0,57,5,0,0,0,0,0,98,0,34,0,1,1,0,4,0,0,1,0,2,1,0,0,0,2,2,0,1,2,0,1,0,0,19,1,0,0,5,1,0,0,0,0,0,0,0,3,0,0,0,0,0,0,2,0,3,0,1,0,0,0,2,1,0,0,0,0,2,0,0,0,0,0,0,0,0,0,0,1,1,1,0,0,0,0,0,0,0,1,0,1,59,0,0,0,0,3,0,1,0,0,8,1,6,0,1,0,0,4,0,92,0,0,3,0,2,371,0,0,1,0,0,2,0,0,0,1,0,0,0,26,0,0,0,0,0,0,0,0
0,0,0,0,4,0,1818,0,6,0,10,0,20,0,0,0,2,0,0,0,0,0,1,0,0,2,0,0,0,0,0,0,0,9,0,1,0,9,7,344,1,0,0,2,0,0,2,0,0,0,0,0,0,0,0,1,3,0,5,4,0,0,30,0,0,11,0,0,1,4,0,0,0,0,0,2283,1,0,0,0,2,0,0,0,0,0,0,0,0,0,61,3625,0,0,1,1,2,11,0,0,0,0,0,3,0,1747,0,0,4,0,0,0,0,2,14,0,1,2,0,0,0,0,2,0,0,0,11,2,0,0,0,2,52,0,1,0,2,0,0,0,1,25,0,0,0,0,0,0,0,0,0,0,0,0,0,2,0,0,0,0,0,0,0,0,0,0,13,9,1,0,0,0,0
1,0,2,1,1,2,17,2,1,3,8,1,0,21,5,1,28,1,1,38,4,0,3,4,0,6,0,0,0,0,5,2,8,0,34,7,0,0,0,0,5,0,4,68,0,2,5,5,1,2,0,4,0,1,3,118,3,0,205,5,0,2,4,4,0,0,2,3,10,0,3,0,3,1,1,2,2,0,1,5,5,0,1,4,2,10,0,7,0,3,3,1,8,5,3,2,374,0,0,4,0,38,1,0,0,7,0,3,9,11,1,4,1,43,2,3,7,386,1,2,0,7,11,0,15,12,12,5,0,4,0,0,7,0,217,3,0,3,0,0,0,0,14,13,17,0,16,0,1,0,8,7,0,1,0,1,3,2,0,0,1,0,9,6,17,4,0,4,0,0,2,4,2
0,6,0,2,9,15,0,0,0,305,1,4,0,0,0,50,34,56,0,5,2,5,75,0,29,7,11,0,8,0,182,0,202,0,0,24,12,0,0,0,42,1,1,36,129,155,192,92,22,1,48,0,0,0,43,4,16,4,3,0,89,0,0,1,51,0,44,5,205,0,9,0,0,9,1,0,2,0,293,41,4,49,13,78,27,43,2,0,9,4,0,0,84,5,251,3,1,0,0,1,147,2,19,0,11,0,6,172,0,19,0,0,13,10,0,99,46,8,34,11,84,69,0,28,29,0,0,0,0,20,0,0,0,21,0,2,0,0,0,157,0,0,0,36,0,2,64,66,77,0,0,134,86,24,0,0,0,5,28,13,8,0,105,6,0,0,0,0,183,23,0,13,5
2,8,0,7,86,14,2,3,1,313,6,11,0,3,6,10,208,14,1,43,4,2,110,2,20,4,20,2,28,0,213,5,259,4,0,252,50,1,0,2,176,3,0,67,123,191,511,181,41,35,249,0,0,0,92,115,79,15,19,1,93,0,3,8,63,0,73,11,225,0,44,1,1,4,1,0,36,0,320,29,10,80,7,89,77,74,12,0,10,64,57,0,117,12,21,13,4,0,1,3,46,2,8,1,11,0,14,161,1,16,0,1,30,19,2,83,119,89,133,19,70,43,0,61,89,0,0,1,0,40,0,4,0,126,11,2,0,0,1,351,2,0,10,110,0,0,115,29,33,0,1,176,339,23,1,0,0,8,66,8,83,2,299,12,0,0,0,0,22,45,3,116,11
0,0,0,0,0,0,2,0,0,37,0,0,0,0,0,125,6,3,0,0,0,1,20,0,0,0,7,0,4,1,26,0,1,0,0,197,13,0,0,0,3,1,0,0,99,6,3,448,0,2,8,0,0,0,2,0,11,3,0,0,287,0,0,1,243,0,1,39,42,0,5,0,1,0,0,0,2,0,47,68,5,612,0,779,259,633,0,0,133,240,1,0,812,0,17,0,0,0,0,0,59,0,0,0,0,0,0,166,0,4,0,0,135,11,0,30,401,3,0,0,62,4,0,1,128,0,0,0,2,0,0,0,0,1,0,0,0,0,0,141,0,0,0,449,0,0,3,1,0,0,0,45,11,0,0,0,0,0,1,0,1,0,7,1,0,0,0,0,27,0,0,0,0
0,0,0,0,0,0,0,33,0,1,0,0,0,0,0,0,0,3,0,0,0,0,0,0,0,0,0,28,0,0,0,0,0,0,18,2,0,0,0,0,0,0,0,2,0,0,0,0,57,0,0,106,0,6,0,0,0,0,0,0,0,0,2,0,0,0,0,0,0,0,0,319,0,0,0,0,0,4,1,0,0,0,0,0,0,0,0,26,0,1,0,0,0,0,0,3,0,0,2,0,0,5,0,0,0,0,0,0,0,4,4,0,0,0,0,1,0,1,0,0,0,0,0,0,0,2,0,0,0,0,416,0,0,0,0,6,0,0,0,0,0,0,0,0,0,0,0,0,0,3,0,0,0,0,0,0,123,0,0,0,0,2,0,0,0,0,0,0,0,0,0,0,0
0,1,0,0,97,0,3,6,34,0,68,0,13,600,147,0,406,0,0,0,0,0,3,0,0,0,1,1,0,0,35,0,0,0,441,8,0,0,0,2,0,18,0,21,0,0,0,0,0,0,0,3,0,14,0,0,0,0,27,0,0,14,11,0,3,0,0,2,0,5,0,17,19,0,0,1,4,0,0,0,1,0,0,0,0,0,1,28,0,0,3,0,0,1,0,0,10,0,0,0,0,92,0,0,0,6,0,0,1,10,5,0,0,1,10,1,0,0,0,0,0,0,4,0,0,840,4,0,0,0,5,0,16,0,3,12,0,14,0,0,0,0,1,0,612,0,1,0,0,50,203,0,0,0,0,1,10,0,0,0,0,0,0,0,45,0,0,0,0,0,0,1,1
0,0,0,0,18,0,7,4,1231,0,16,0,1332,2,74,0,10,0,0,1,0,0,1,122,1,0,0,3,2,7,0,4,1,1564,7,0,26,681,1507,1065,1,0,0,5,0,0,0,0,9,2,2,7,0,4,0,1,1,0,2,33,0,14,35,4,0,377,0,0,0,865,1,22,0,2,0,15,8,6,0,0,19,0,0,0,0,1,0,26,0,3,34,21,0,8,0,13,21,92,0,0,1,10,0,1436,0,18,0,0,38,1,2,4,0,15,31,0,0,1,0,0,0,0,5,0,5,59,145,26,0,0,19,274,45,2,6,21,555,1,252,0,109,971,274,0,0,0,0,0,0,2,1,0,0,0,0,0,9,0,0,6,0,3,1,0,7,3,347,2,0,0,83,0,0
1,143,23,22,7,275,1,0,0,89,24,7,0,5,1,1,0,2,78,11,28,543,382,4,3,616,166,0,0,5,3,12,9,0,1,1,1,8,0,0,17,26,19,1,1,9,25,66,156,5,116,0,22,0,0,16,6,14,1,13,4,0,2,18,4,0,3,443,4,0,506,0,6,8,5,0,6,0,2,41,10,0,5,6,2,16,2,0,60,180,7,0,2,2,0,5,1,2,21,73,2,0,4,0,67,0,12,2,4,0,0,370,28,8,26,0,2,0,3,0,5,0,12,125,6,0,0,11,15,7,0,0,0,3,4,1,0,0,0,9,3,0,0,122,0,45,8,25,0,0,0,3,11,1,145,15,0,3,78,4,13,0,0,3,0,9,7,0,0,9,3,1,1
2,1,0,0,7,3,2,0,0,1,5,1,0,4,13,0,0,0,0,3,2,1,4,183,0,6,1,0,49,8,0,553,2,0,0,0,119,22,3,4,7,0,1,2,2,0,8,0,13,110,12,0,0,0,1,77,125,0,1,192,2,0,0,255,6,9,0,1,6,0,6,1,0,5,0,5,154,0,0,0,195,0,0,0,0,9,1,0,1,2,239,0,2,2,2,12,2,11,0,2,1,0,0,0,3,0,0,0,3,0,0,17,3,0,56,1,1,0,0,0,3,2,550,1,0,0,0,29,37,12,1,3,0,2,58,3,6,2,2,10,14,0,1,1,0,0,0,0,0,0,1,0,2,1,1,0,0,0,0,0,3,0,1,2,0,493,5,0,0,0,0,0,0
0,3,1,2,38,5,2,1,2,10,10,0,0,74,51,0,0,0,1,13,6,6,2,23,0,9,4,0,541,8,5,557,8,3,2,0,259,11,15,17,33,3,2,1,1,2,23,2,71,726,21,1,0,0,5,134,167,2,3,135,5,0,2,839,0,94,15,4,3,1,35,0,4,151,2,5,924,2,7,3,97,0,0,1,0,6,0,0,0,8,381,0,0,3,7,30,18,12,1,5,2,0,3,0,2,0,3,5,12,0,0,28,2,28,52,0,12,4,0,1,2,3,171,3,1,0,1,7,210,3,2,66,1,37,399,0,23,0,34,4,165,0,6,7,0,0,3,7,1,0,1,4,1,1,2,0,0,0,0,1,2,4,168,0,0,95,13,0,2,0,47,0,0
0,1,0,0,0,0,2,0,0,0,4,0,0,1,67,0,0,0,0,12,1,0,0,2,0,0,0,0,226,1,0,54,0,7,0,0,5,0,0,0,4,2,0,0,1,0,1,3,2,332,2,0,0,0,0,13,162,0,0,1,0,0,0,37,0,20,2,0,0,0,7,0,1,0,0,6,107,0,1,3,15,1,0,1,0,2,0,0,0,1,24,0,4,1,0,0,8,1,0,1,0,0,0,0,0,0,0,1,1,0,0,7,0,5,0,1,3,0,0,0,0,0,13,0,0,0,0,1,54,2,0,2,0,1,21,0,13,0,2,0,9,0,21,5,0,0,0,0,0,0,0,0,1,0,0,0,0,0,0,0,0,0,5,0,0,17,0,0,0,0,0,0,0
1,234,22,9,1,170,0,0,0,1,0,5,0,0,0,0,0,0,95,46,26,107,10,0,164,104,8,0,0,0,3,0,31,0,0,0,0,0,0,0,1,3,12,0,0,4,10,1,4,0,0,0,3,0,1,0,1,13,0,0,0,0,0,0,0,0,7,0,2,0,14,0,0,40,16,0,0,0,1,0,0,0,11,0,0,0,2,0,4,0,0,0,0,2,0,6,0,2,3,43,2,0,2,0,134,0,24,1,0,1,0,17,14,0,1,0,0,0,2,1,0,1,0,6,0,0,0,0,1,43,0,0,0,0,0,0,0,0,0,0,0,0,0,1,0,29,6,300,4,0,0,12,0,1,3,2,0,2,34,217,1,0,0,5,0,0,1,0,0,16,0,0,9
0,1,2,8,0,18,0,0,0,0,0,2,0,0,0,0,0,0,3,0,283,1,79,0,3,5,157,0,0,0,0,0,2,0,0,0,0,0,0,0,0,3,0,0,0,2,0,1,4,0,0,0,8,0,1,0,0,15,0,0,2,0,0,0,0,0,0,0,0,0,0,0,0,0,2,0,0,0,1,0,0,0,0,0,0,0,1,0,2,0,0,0,0,0,0,0,0,0,1,13,2,0,0,0,5,0,4,0,0,0,0,3,0,0,0,0,0,0,0,1,0,0,0,30,0,0,0,0,0,3,0,0,0,0,0,0,0,0,0,0,0,0,0,1,0,6,0,7,0,0,0,0,0,0,0,0,0,0,1,1,0,0,0,0,0,0,0,0,0,0,0,0,0
1,1,1,0,6,2,6,10,0,0,1,4,1,13,12,0,7,0,3,1,0,1,0,0,0,0,0,0,0,0,57,0,1,0,22,3,0,0,0,2,0,0,6,230,0,0,0,1,0,0,1,3,0,1,0,1,0,0,471,0,0,1,0,0,2,0,0,6,0,0,0,1,1,0,0,0,0,0,0,0,1,0,2,3,1,0,1,5,0,0,0,0,4,0,0,0,119,0,0,0,0,19,0,0,3,3,0,0,1,20,0,0,0,0,1,0,0,0,0,0,1,0,0,0,0,28,0,0,0,0,1,0,17,0,4,10,1,99,0,5,0,1,0,0,2,1,5,0,0,0,6,0,3,0,0,0,1,0,1,0,1,0,0,2,759,0,0,0,0,0,0,0,1
609,10,37,17,4,7,1,0,2,7,5,313,0,5,1,7,0,315,10,2,7,0,15,22,20,5,14,0,0,745,4,6,46,1,0,2,3,3,0,1,4,188,11,1,20,10,7,3,9,0,153,0,3,0,92,11,64,399,0,86,162,0,0,5,305,0,143,4,2,0,9,0,74,5,69,0,3,0,11,11,3,50,19,2,1,6,422,0,0,2,5,0,1,125,21,2,1,0,4,14,7,0,7,0,74,0,31,6,0,4,0,30,8,2,32,4,6,1,0,295,6,0,2,14,50,0,0,11,161,16,0,3,0,103,1,224,0,0,0,36,0,0,1,4,0,8,13,5,3,0,1,3,2,177,1,1,0,2,4,1,6,0,0,38,0,0,2,0,0,33,2,2,19
0,0,0,0,0,0,0,871,0,0,0,0,1,0,0,0,0,0,0,0,0,0,0,0,0,0,0,217,0,0,0,0,0,0,3,0,0,1,0,0,0,0,0,0,0,0,0,0,0,0,0,63,0,1245,0,0,0,0,0,2,0,1282,0,0,0,0,0,0,0,0,0,28,0,0,0,0,0,967,0,0,0,0,0,0,0,0,0,3,0,0,0,0,0,0,0,0,0,0,0,0,0,22,0,0,0,0,0,0,58,7,861,0,0,0,0,0,0,0,0,0,0,0,0,0,4,0,0,0,0,0,2,1,10,0,0,10,0,0,0,0,0,0,0,0,0,0,0,0,0,1423,0,0,0,0,0,0,28,0,0,0,0,360,0,0,0,0,0,1,0,0,0,0,0
0,0,0,0,0,0,0,375,0,0,0,0,0,0,0,0,0,0,0,0,0,0,0,0,0,0,0,30,0,0,0,0,0,0,0,0,0,0,0,0,0,0,0,0,0,0,0,0,0,0,0,1069,0,18,0,0,0,0,0,0,0,0,0,0,0,0,0,0,0,0,0,51,0,0,0,0,0,3,0,0,0,0,0,0,0,0,0,285,0,0,0,0,0,0,0,0,0,0,0,0,0,1,0,0,0,0,0,0,5,1,4,0,0,0,0,0,0,0,0,0,0,0,0,0,1,0,0,0,0,0,1,0,1,0,0,0,0,0,0,0,0,1,0,0,0,0,0,0,0,31,0,0,0,0,0,0,351,0,0,0,0,9,0,0,0,0,0,0,0,0,0,0,0
0,0,0,0,2,0,11,25,2,1,0,0,2,18,22,0,7,0,0,2,0,0,0,0,0,0,0,14,0,0,9,0,1,0,188,19,0,0,0,6,0,0,4,47,0,0,1,0,3,0,0,5,0,30,0,1,0,0,44,0,0,12,18,0,0,0,3,0,0,1,0,128,5,0,0,4,1,23,0,0,0,0,1,0,0,0,0,281,0,1,0,2,0,0,0,1,24,0,0,0,0,830,0,0,0,12,0,0,3,706,4,0,0,0,1,0,0,0,0,0,0,0,2,0,0,47,6,0,0,1,58,1,29,1,2,438,0,130,0,3,0,3,0,0,5,0,1,1,0,8,10,0,0,0,0,0,231,0,0,0,0,1,0,0,35,0,0,1,0,0,0,0,0
0,0,0,0,0,0,1,1,20,0,0,0,0,0,0,0,0,0,0,0,0,0,0,0,0,0,0,4,0,0,0,0,0,21,2,0,0,16,73,3,0,0,0,1,0,0,0,0,0,0,0,0,0,11,0,0,1,0,3,1,0,29,5,0,0,2,0,0,0,0,0,6,0,0,0,1,0,30,0,0,0,0,0,0,0,0,0,2,0,0,0,0,0,0,0,12,1,1,0,0,0,20,0,3,0,3,0,0,215,2,6,0,0,0,0,0,0,0,0,0,0,0,0,0,0,0,1,1,0,0,0,56,86,0,0,11,7,41,1,0,2,19,0,0,0,0,0,0,0,1,0,0,0,0,0,0,9,0,0,0,0,2,0,0,8,0,0,0,0,0,0,0,0
0,31,3,3,2,3,0,0,0,18,0,2,0,0,0,0,2,1,7,6,3,16,32,0,1,9,8,0,0,0,14,0,27,0,0,2,1,0,0,0,7,5,2,4,1,5,29,4,16,0,20,0,6,0,10,5,0,6,2,0,0,0,0,0,4,0,2,0,5,0,6,0,0,0,4,0,0,0,33,1,0,0,1,1,4,0,3,0,1,0,0,0,0,3,0,1,0,0,0,3,4,0,2,0,23,0,6,8,0,0,0,1,3,2,2,4,0,0,5,3,0,1,0,8,0,0,0,0,0,1,0,0,0,3,0,0,0,0,0,2,0,0,0,0,0,7,5,16,1,0,0,4,16,3,2,0,0,0,5,0,3,0,0,0,0,0,0,0,0,4,0,1,2
0,67,0,1,0,12,0,0,0,49,8,1,0,1,0,2,5,20,5,3,16,9,4,2,9,23,1,0,0,6,27,4,26,0,0,94,1,0,0,0,41,1,0,4,15,9,89,5,3,2,31,0,0,0,22,4,39,2,0,1,14,0,0,0,7,0,7,1,25,0,174,0,1,3,1,0,2,0,528,146,2,4,2,41,29,28,6,0,3,30,7,0,36,7,14,2,9,0,0,0,22,0,0,0,6,0,0,233,0,1,0,11,21,0,0,24,33,1,1,6,3,3,4,0,9,0,0,0,2,11,0,0,0,2,0,1,0,0,0,10,1,0,0,0,0,0,8,53,1,0,0,106,6,10,3,2,0,0,2,1,1,0,7,4,0,2,0,0,20,23,0,4,2
2,0,0,0,35,3,0,3,2,4,27,0,0,27,0,0,1,1,0,1,0,1,0,20,0,7,0,1,2,61,1,22,0,9,0,1,0,80,36,6,0,2,1,11,0,0,6,0,17,2,48,0,0,2,3,23,9,0,3,9,0,2,0,5,0,3,0,1,1,0,15,0,59,1,0,0,0,2,3,0,1,0,0,1,0,1,1,1,2,7,14,0,0,0,1,481,20,44,0,0,0,1,16,0,0,1,0,1,211,0,0,13,0,21,17,0,0,0,0,0,0,0,1,0,2,1,1,238,1,0,5,79,75,0,2,0,13,9,12,1,14,5,0,0,0,0,0,1,0,0,0,0,0,1,0,0,0,0,0,0,0,3,0,0,12,9,7,1,0,1,13,0,0
7,27,2,0,0,7,0,0,0,4,428,6,0,1,0,1,0,0,4,0,425,20,265,1,1,33,116,0,0,14,2,1,1,0,0,0,0,1,0,0,3,80,4,0,0,1,12,4,50,2,111,0,28,0,0,0,3,41,0,52,1,0,0,0,6,0,0,26,0,0,57,0,0,1,3,0,1,0,1,0,10,7,0,1,0,0,9,0,207,2,1,0,0,1,0,4,0,0,1,2,0,0,0,0,2,0,2,2,0,0,0,276,2,0,3,0,0,0,1,2,1,0,9,26,0,0,1,6,8,0,0,0,0,0,1,2,0,0,0,4,0,0,0,0,0,6,2,0,0,0,0,0,2,0,23,409,0,0,31,0,1,0,0,0,0,1,0,0,0,0,0,1,0
1,0,0,0,0,0,0,0,0,22,0,0,0,0,0,8,0,124,0,3,0,0,0,0,2,0,0,0,0,0,5,0,0,0,0,106,0,0,0,0,1,0,4,1,1,1,1,12,22,0,2,0,0,0,2,2,4,0,1,1,3,0,0,2,1,0,0,2,3,0,6,0,0,0,0,0,0,0,17,120,2,1,0,40,22,129,0,0,4,30,0,0,49,14,16,0,0,0,0,0,3,0,0,0,0,0,0,10,0,0,0,0,34,331,0,128,29,0,0,5,0,1,1,1,148,0,0,0,1,0,2,0,0,0,0,0,0,0,0,3,1,0,0,17,0,0,0,2,0,0,0,68,0,6,0,0,0,0,0,0,0,0,3,0,0,0,0,0,35,0,0,0,0
0,0,0,0,1,0,0,267,0,0,2,0,0,1,0,0,1,0,0,0,0,0,0,0,0,0,0,330,0,0,2,0,0,2,9,0,0,3,0,1,0,0,0,0,0,0,2,0,0,0,0,25,0,274,0,0,0,0,0,0,0,467,7,0,0,0,0,0,0,0,0,35,0,0,0,0,0,582,0,0,0,0,0,0,0,0,0,7,0,11,0,0,0,0,0,239,1,0,94,0,0,17,2,0,0,1,0,0,21,2,501,0,0,4,0,0,0,0,0,0,0,0,0,0,36,0,0,0,0,0,3,14,5,1,0,4,0,0,1,0,0,0,0,0,0,0,0,0,0,237,1,0,0,0,0,0,17,0,0,0,0,537,0,0,0,0,0,0,0,0,0,0,0
0,0,0,0,0,0,0,21,0,0,0,0,0,0,0,0,0,0,0,0,0,0,0,0,0,0,0,17,0,0,0,0,0,0,1,1,0,0,0,0,0,0,0,1,0,0,0,1,0,0,0,48,0,0,0,0,0,0,0,0,0,0,0,1,0,0,0,0,0,0,0,6,0,0,0,0,1,0,0,0,0,0,0,0,0,0,0,8,0,0,0,0,0,0,0,3,0,0,1,0,0,0,0,0,0,0,0,0,0,0,1,0,0,4,0,0,0,0,0,0,0,0,0,0,0,0,0,0,0,0,10,2,0,0,0,0,0,0,0,0,0,0,0,0,0,0,0,0,0,2,0,0,0,0,0,0,17,0,0,0,0,4,0,0,0,0,0,0,0,0,0,0,0
