0.92639,0.22233,0.35449,0.32451,0.25859,0.30194,0.95564,0.53935,0.7802,0.27615,0.55714,0.42514,0.87704,0.45741,0.4411,0.43367,0.41214,0.43771,0.54125,0.30128,0.44086,0.53659,0.32898,0.47344,0.27725,0.45337,0.24309,0.43586,0.47257,0.77537,0.18948,0.46319,0.19541,0.81398,0.49502,0.31092,0.29912,0.48345,0.80173,0.72987,0.36458,0.28734,0.29722,0.23214,0.31497,0.23121,0.39185,0.42196,0.20132,0.54364,0.27952,0.68742,0.46849,0.74719,0.55418,0.18528,0.26135,0.4505,0.43385,0.23422,0.35006,0.75014,0.19672,0.67408,0.34848,0.59758,0.37338,0.71264,0.4062,0.77541,0.48827,0.40589,0.57902,0.23493,0.69954,0.95634,0.69493,0.54725,0.31241,0.30716,0.38681,0.71923,0.30939,0.69413,0.44421,0.575,0.45743,0.38792,0.30604,0.41825,0.32324,0.98547,0.5528,0.63517,0.43378,0.38491,0.28962,0.77051,0.42803,0.19524,0.35238,0.47144,0.45344,0.92161,0.21879,0.95308,0.2598,0.20034,0.66348,0.7411,0.54756,0.31692,0.27309,0.31359,0.26027,0.26261,0.5625,0.73828,0.51746,0.60151,0.43286,0.57956,0.59324,0.35399,0.2545,0.60551,0.57256,0.55031,0.45725,0.14104,0.59969,0.40046,0.63025,0.38996,0.54011,0.39825,0.54725,0.43378,0.76123,0.40166,0.37037,0.70118,0.54274,0.55342,0.81866,0.34621,0.2884,0.31417,0.38259,0.77815,0.52067,0.24198,0.49242,0.50691,0.52734,0.90708,0.34219,0.49424,0.31452,0.53403,0.4,0.64429,0.39685,0.53208,0.66753,0.73579,0.45714,0.90476,0.32337,0.15331,0.54774,0.45274,0.28311
0.52196
0,34,229,191,0,35,0,0,0,0,0,63,0,0,1,0,0,4,111,17,3,3,2,0,116,5,18,0,0,0,1,0,5,0,0,0,0,0,0,0,0,3,299,0,0,4,2,0,0,0,0,0,257,0,1,0,0,37,0,0,5,0,0,0,0,1,36,0,0,0,0,0,14,56,454,0,0,0,0,0,0,0,166,0,0,0,19,0,0,0,0,0,0,2,0,0,0,0,44,200,0,0,9,0,35,0,91,1,0,0,0,0,4,0,4,2,0,0,0,18,0,7,0,23,0,0,0,0,1,37,0,0,0,0,0,0,0,0,0,0,0,0,0,0,0,256,20,12,3,0,0,2,0,13,4,0,0,40,17,5,0,0,0,18,0,0,0,0,0,1,0,0,3
0,1,11,68,1,7,0,0,0,22,0,9,0,0,0,4,0,4,1,0,0,1,0,0,13,0,6,0,0,0,173,0,153,0,0,1,2,0,0,0,2,0,91,0,21,72,6,2,1,1,0,0,1,0,1,0,1,0,1,8,9,0,0,0,0,0,7,0,8,0,0,0,0,64,1,0,0,0,5,0,0,1,379,2,0,2,0,0,0,0,0,0,46,1,0,1,1,0,15,4,60,2,336,0,3,0,36,80,0,20,0,0,3,0,0,17,0,0,1,1,19,692,0,35,0,0,0,0,0,111,0,0,0,0,0,0,0,0,0,0,0,0,0,7,0,1,291,12,189,0,0,11,0,0,0,0,0,343,1,0,0,0,10,340,0,0,0,0,20,1,0,0,124
0,25,34,71,26,35,3,2,0,9,1,15,2,3,0,0,3,1,38,71,3,11,48,0,44,8,33,0,0,0,28,0,80,4,1,32,10,16,0,11,3,7,151,1,5,49,43,2,25,1,29,0,48,0,3,9,11,43,25,5,0,1,4,0,1,1,30,1,2,2,8,1,1,24,10,5,2,1,4,0,0,1,152,0,1,0,6,0,0,0,8,1,1,1,0,1,1,5,21,131,1,1,11,0,86,4,159,1,0,4,1,0,11,2,1,16,4,1,27,1,0,17,1,102,4,0,9,0,0,50,1,0,6,13,0,2,0,0,0,2,0,6,2,0,0,59,55,68,30,0,0,22,17,6,1,0,1,48,4,7,0,0,0,38,4,0,0,3,1,26,0,9,54
0,169,82,50,0,82,0,0,0,0,0,13,0,0,0,0,0,0,538,21,101,24,11,0,26,58,26,0,0,3,0,0,0,0,0,0,0,0,0,0,1,119,64,0,0,0,0,1,0,0,3,0,394,0,0,0,1,90,0,0,2,0,0,0,0,0,7,1,3,0,8,0,5,8,76,0,1,0,0,0,0,0,23,0,0,0,38,0,46,0,0,0,0,1,0,0,0,0,17,205,0,0,0,0,25,0,31,0,0,0,0,2,8,0,15,1,0,0,0,3,0,0,0,15,0,0,0,0,1,20,0,0,0,1,0,1,0,0,0,0,0,0,0,0,0,260,1,24,0,0,0,2,0,4,25,15,0,3,156,5,0,0,0,2,0,0,0,0,0,0,0,0,0
0,7,24,75,0,31,0,0,0,0,0,3,0,0,0,0,0,0,6,2,0,2,0,0,21,4,1,0,0,0,4,0,1,0,0,0,1,0,0,0,0,0,67,0,0,0,0,0,0,0,0,0,1,0,1,0,0,1,0,1,0,0,0,0,0,0,4,0,0,0,0,0,0,133,1,0,0,0,0,0,0,0,44,0,0,0,0,0,0,0,0,0,0,0,0,2,0,0,2,40,0,0,12,0,17,0,28,5,0,0,0,0,0,0,0,6,0,0,0,0,1,18,0,1,0,0,0,0,0,67,0,0,0,0,0,0,0,0,0,0,0,0,0,0,0,9,26,21,3,0,0,1,0,2,0,0,0,15,0,1,0,0,0,12,0,0,0,0,1,0,0,0,4
0,109,14,15,92,100,0,0,1,9,10,15,0,1,0,0,11,2,31,188,18,75,137,0,28,105,20,1,0,4,10,3,38,0,0,5,16,4,1,3,23,10,21,7,15,47,294,8,74,6,131,0,12,0,16,38,10,29,61,1,4,0,2,3,4,0,41,4,16,0,151,1,11,3,3,0,7,0,4,0,2,0,14,0,4,1,8,0,8,3,27,0,4,11,1,12,1,7,3,88,4,0,4,0,129,0,50,2,0,1,0,8,32,2,0,5,2,5,163,11,2,2,1,33,4,0,0,3,3,55,0,1,0,17,2,0,0,0,0,4,0,0,0,0,0,31,53,60,4,0,0,40,125,10,5,3,0,7,23,4,2,0,9,22,0,1,0,0,1,44,1,55,24
0,1,81,282,0,4,0,0,0,0,0,22,0,0,0,0,3,0,3,0,1,1,7,0,1,0,255,0,0,0,3,0,27,0,0,0,0,0,0,0,0,1,199,0,13,21,0,7,2,0,5,0,18,0,0,0,0,13,0,0,28,0,0,0,1,0,6,0,2,0,0,0,0,9,3,0,0,0,1,0,0,0,237,2,0,0,4,0,0,0,0,0,0,0,1,0,0,0,226,90,2,0,24,0,1,0,33,0,0,0,0,0,107,0,0,0,0,0,0,0,10,5,0,457,1,0,0,0,0,21,0,0,0,1,0,0,0,0,0,1,0,0,0,4,0,30,37,1,3,0,0,0,1,0,0,0,0,39,0,0,0,0,0,28,0,0,0,0,0,0,0,0,4
0,0,0,0,2,0,1,0,0,0,0,0,0,1,3,0,2,0,2,1,1,2,1,0,0,1,0,0,0,0,4,0,0,0,7,0,0,0,0,0,0,0,5,57,3,0,0,1,0,0,1,0,0,0,0,0,0,0,4,4,0,0,1,0,2,0,1,2,0,0,0,0,0,0,0,1,0,0,0,0,0,0,0,0,2,1,3,1,0,0,0,0,1,0,0,0,0,1,0,0,0,0,0,0,0,0,1,0,0,0,0,0,3,0,20,2,0,0,0,0,0,0,0,2,0,0,0,0,0,0,1,0,1,1,0,0,0,32,0,5,0,0,0,0,0,1,0,1,0,1,2,0,3,0,0,0,1,0,2,0,0,1,0,0,96,0,0,0,0,0,0,0,0
0,1,0,0,46,0,9,5,34,1,45,0,95,20,352,0,1,3,0,7,5,1,0,410,3,0,0,4,14,13,0,13,0,294,1,1,239,386,248,65,0,1,0,2,0,0,0,0,73,7,6,6,0,2,0,28,9,0,2,10,0,1,0,8,0,147,1,1,0,155,8,6,6,3,0,10,22,6,0,0,258,0,0,0,1,1,0,2,1,2,36,16,0,57,2,23,137,742,1,0,28,0,1,118,0,6,0,0,14,0,1,4,0,45,15,0,4,4,1,1,0,0,4,0,3,3,8,350,7,0,4,298,13,2,4,4,354,1,1406,0,174,306,400,2,0,0,0,0,0,0,10,0,1,0,0,0,0,0,0,204,0,1,0,0,0,3,82,5,0,0,218,0,0
0,0,0,0,0,0,0,82,0,0,0,0,0,0,0,0,0,0,0,0,0,0,0,0,0,0,0,11,0,0,0,0,0,0,6,0,0,0,0,0,0,0,0,0,0,0,0,0,0,0,0,179,0,14,0,0,0,0,0,0,0,0,0,0,0,0,0,0,0,0,0,269,0,0,0,0,0,5,0,0,0,0,0,0,0,0,0,15,0,0,0,0,0,0,0,0,0,0,0,0,0,11,0,0,0,0,0,0,0,6,1,0,0,0,0,0,0,0,0,0,0,0,0,0,0,8,0,0,0,0,28,0,0,0,0,7,0,0,0,0,0,0,0,0,0,0,0,0,0,8,0,0,0,0,0,0,169,0,0,0,0,3,0,0,0,0,0,0,0,0,0,0,0
0,0,0,0,10,1,8,12,3,7,1,0,0,1,6,0,10,3,0,2,0,0,0,0,3,0,0,0,0,0,4,0,0,2,40,13,0,0,0,3,0,0,0,156,2,1,2,1,2,0,1,1,0,7,0,0,0,0,26,2,0,5,5,0,0,0,0,1,3,0,0,33,0,0,4,12,0,3,1,0,0,0,1,0,0,0,0,95,0,1,1,2,1,0,0,0,23,0,0,0,0,14,0,0,0,2,1,0,2,83,1,0,1,2,6,5,1,0,3,0,0,0,2,0,0,25,1,0,0,0,88,0,21,0,2,105,2,158,0,2,0,1,0,0,2,0,4,4,0,1,15,2,3,0,0,0,39,0,0,1,0,0,0,0,25,0,0,0,1,0,0,0,0
0,1,0,0,30,0,4,1,140,5,12,0,0,30,2,0,3,1,0,2,1,0,0,1,0,0,0,0,0,1,7,16,2,5,7,3,0,15,18,2,5,0,0,99,7,2,19,4,30,2,6,0,0,2,0,17,5,0,7,22,0,8,1,18,2,8,0,2,2,1,18,1,3,2,0,1,12,15,1,0,12,0,0,4,0,7,0,0,0,4,10,4,1,0,1,76,6,16,2,0,1,1,107,0,0,3,0,0,2,15,4,0,4,10,114,0,4,0,0,0,0,1,7,0,1,2,3,18,2,1,5,25,116,1,3,32,13,452,47,5,12,53,0,0,1,0,30,0,0,2,3,0,15,0,0,0,0,0,1,7,0,0,2,2,18,3,6,0,0,0,27,2,2
0,4,0,0,3,0,0,1,3,8,77,3,1,309,6,1,1,0,0,25,2,2,0,30,1,2,0,3,1,2,0,29,3,1,1,2,3,1,0,0,3,0,0,2,1,0,3,1,29,3,2,0,0,0,6,84,15,0,1,1,1,0,0,81,0,2,5,4,1,0,6,1,42,80,0,0,20,0,12,10,2,0,0,1,0,2,1,4,0,7,2,0,4,5,1,10,42,2,2,2,0,0,22,0,0,0,0,5,1,0,0,2,0,146,3,1,5,3,0,1,0,0,0,1,6,0,0,2,5,5,8,17,0,365,4,1,3,0,26,5,22,0,3,3,0,0,0,1,0,0,2,1,0,4,0,0,1,0,0,1,0,0,2,0,0,5,3,0,3,4,68,0,0
0,5,10,11,3,54,0,0,0,84,0,22,0,0,0,127,1,159,6,16,2,1,14,0,51,3,34,0,0,2,191,1,232,0,0,1,6,0,0,0,3,0,46,1,99,160,46,19,8,0,13,0,3,0,38,2,1,7,9,0,18,0,0,0,3,0,119,1,50,0,1,0,5,41,2,0,0,0,44,2,1,5,94,3,1,2,8,0,0,0,1,0,23,6,6,1,1,0,8,18,95,2,99,0,16,0,56,72,0,7,0,0,13,8,0,43,1,2,7,24,24,315,0,84,4,0,0,0,0,73,0,0,0,2,0,1,0,0,0,3,0,0,0,1,0,3,179,93,103,0,0,89,20,47,0,0,0,123,18,7,0,0,35,66,0,0,0,0,45,13,1,6,95
0,90,4,0,0,50,0,0,0,0,3,2,0,0,0,0,0,0,23,6,14,224,8,0,1,214,5,0,0,0,0,0,0,0,0,0,0,0,0,0,0,3,0,0,0,0,0,0,1,0,0,0,6,0,0,1,0,5,4,0,0,0,0,0,0,0,0,12,0,0,21,0,1,1,0,0,0,0,0,0,0,0,0,0,0,0,1,0,37,4,0,0,0,0,0,0,0,0,0,25,0,0,0,0,40,0,1,0,0,0,0,9,8,0,5,1,0,0,4,0,2,0,0,0,0,0,0,0,0,1,0,0,0,0,0,0,0,0,0,0,0,0,0,0,0,2,0,2,0,0,0,1,0,0,8,4,0,0,93,0,0,0,0,0,0,0,0,0,0,0,0,2,0
0,0,0,0,2,3,0,0,0,0,3,0,0,0,1,0,0,0,0,3,1,0,1,0,0,4,0,1,9,0,2,7,0,0,0,6,2,0,0,1,46,0,1,0,1,1,17,1,1,58,5,0,0,0,1,6,76,1,1,9,0,0,0,18,0,1,1,0,1,1,4,1,1,2,0,0,76,0,2,0,69,0,0,0,0,0,0,0,4,0,127,0,1,0,2,4,0,1,0,1,0,0,0,0,0,1,0,6,0,0,0,0,0,1,0,1,2,5,1,2,1,0,24,0,0,0,0,1,21,1,0,0,0,1,35,0,0,0,0,1,6,1,0,0,0,0,7,0,0,0,0,0,3,0,0,0,0,0,0,0,0,0,1,0,0,0,0,0,0,2,0,3,2
0,0,0,0,0,0,5,2,1,0,9,0,15,2,1,0,0,0,0,2,0,0,0,0,0,9,0,0,0,0,0,0,0,7,2,1,0,14,1,19,4,0,0,0,0,0,1,0,0,0,0,0,0,0,0,0,5,0,2,88,0,0,5,0,0,20,0,2,0,32,1,2,1,0,0,6,3,1,0,0,1,0,0,1,0,0,0,3,11,0,25,2,1,6,0,2,2,1,0,0,0,0,0,2,0,5,0,0,15,0,0,0,0,1,0,0,0,0,0,1,0,0,128,0,0,0,288,1,0,0,0,6,20,0,3,4,23,0,1,0,0,48,0,0,1,0,0,0,0,0,1,0,1,0,1,0,1,0,0,0,0,0,0,0,10,1,2,380,0,0,0,1,0
22,3,31,4,3,7,0,0,0,37,1,97,0,0,0,10,3,527,1,10,2,0,3,2,10,16,3,0,0,52,17,0,56,0,0,18,0,1,0,1,11,73,0,4,16,9,31,13,2,1,12,0,1,0,358,15,17,61,1,3,26,0,1,2,32,0,317,1,0,0,7,0,447,0,17,0,3,0,41,2,0,9,9,0,5,2,443,0,0,0,9,0,2,437,357,2,1,1,0,6,14,0,3,0,8,0,6,11,0,43,0,1,2,1,20,95,6,1,8,637,0,10,0,5,15,0,0,0,8,50,1,0,0,206,0,36,1,0,0,10,0,0,0,0,0,1,27,4,5,0,0,14,30,330,2,0,0,9,2,0,0,0,1,12,0,0,0,0,11,24,1,6,7
0,0,0,13,0,0,0,0,0,28,0,0,0,0,0,4,4,1,0,0,0,0,7,0,0,0,36,0,0,0,52,0,99,0,0,3,2,0,0,0,3,0,0,0,343,35,4,72,2,0,1,0,0,0,4,1,1,0,0,0,91,0,0,0,8,0,1,2,53,0,0,0,0,1,0,0,0,0,49,18,0,27,15,120,9,15,0,0,0,0,0,0,46,0,0,0,0,0,8,0,259,0,19,0,0,0,0,150,0,4,0,0,3,0,0,3,23,0,0,1,303,17,0,135,1,0,0,0,0,4,0,0,0,0,0,0,0,0,0,17,0,0,0,61,0,0,15,4,36,0,0,12,5,0,0,0,0,8,0,0,1,0,5,7,0,0,0,0,7,0,0,0,4
0,0,0,0,0,0,3,2,8,0,0,0,0,0,0,0,3,0,0,0,0,0,0,0,0,0,0,0,0,0,0,0,0,2,2,0,0,8,9,6,0,0,0,4,0,0,0,0,0,0,0,5,0,3,0,1,0,0,0,0,0,6,0,0,0,1,0,0,0,0,0,1,0,0,0,1,0,16,0,0,0,0,0,0,0,0,0,5,0,0,1,2,0,0,0,11,0,0,0,0,0,2,0,3,0,5,0,0,1110,1,1,0,0,0,0,0,0,0,0,0,0,0,1,0,0,2,2,0,0,0,0,20,900,0,0,0,0,5,0,0,0,25,0,0,0,0,0,0,0,0,0,0,0,0,0,0,4,0,0,0,0,2,0,0,17,0,0,1,0,0,0,0,0
7,0,0,0,173,0,0,1,2,2,3,0,1,21,33,0,19,1,0,1,0,2,1,1,0,0,0,0,0,1,19,0,0,1,46,4,0,0,0,0,0,141,1,29,8,0,1,0,0,0,0,1,0,2,0,0,1,0,5,2,0,1,0,0,5,1,0,12,1,0,0,3,2,0,0,0,0,0,1,0,3,0,0,0,0,0,0,4,1,6,0,0,1,0,0,0,2,0,0,0,0,1,0,0,0,0,0,0,0,2,0,0,0,2,5,0,0,0,0,1,0,0,0,0,0,77,1,0,0,0,17,0,0,0,1,7,1,10,1,0,0,0,1,0,113,0,0,1,0,3,340,0,0,1,0,0,0,0,0,0,0,0,0,0,34,0,0,0,0,0,0,0,0
0,0,0,0,4,1,1831,0,9,0,7,0,27,0,0,0,0,0,0,1,0,0,0,0,0,3,0,0,0,0,0,0,0,28,1,0,0,11,6,265,1,0,0,1,0,0,2,0,3,0,0,0,0,0,0,1,2,0,9,7,0,0,6,0,0,6,0,0,1,2,0,2,0,0,0,2015,0,0,0,0,3,0,0,0,0,0,0,0,2,0,84,3867,0,0,1,1,0,12,0,0,0,0,0,2,0,1828,0,0,6,0,0,0,0,5,1,0,1,2,0,0,0,0,2,0,0,0,16,3,0,0,0,2,48,0,1,0,1,0,0,0,1,22,0,0,0,0,0,0,0,0,1,0,0,0,0,0,0,0,0,0,0,0,0,0,0,0,4,11,1,0,0,0,0
0,1,2,3,3,1,17,0,1,4,5,1,2,49,4,0,43,4,2,40,2,0,2,5,0,5,2,1,1,1,7,2,8,0,38,4,1,0,0,0,2,1,1,72,1,1,3,4,4,2,1,4,0,2,3,131,4,0,254,8,1,3,1,5,0,1,2,1,11,0,2,0,5,2,0,1,1,1,0,4,3,0,0,5,2,10,0,2,0,2,3,1,7,12,2,3,212,0,0,3,0,6,0,0,0,6,0,4,6,21,0,3,2,113,2,2,4,378,0,2,1,8,2,0,16,14,14,5,0,3,1,0,10,0,196,3,0,3,0,1,0,0,17,22,16,2,15,2,0,1,8,7,1,1,0,1,2,2,0,0,0,0,8,33,13,4,1,6,0,1,0,2,2
0,6,1,3,4,16,0,0,1,293,1,5,0,0,0,52,68,66,1,1,5,7,64,1,18,8,22,0,0,0,174,0,163,0,0,25,13,0,0,0,35,3,2,37,197,111,247,93,21,3,80,0,1,0,26,17,16,4,5,0,78,0,0,0,39,0,27,5,131,0,6,0,0,6,0,0,1,0,323,54,3,49,15,79,39,52,8,0,11,3,1,0,153,2,325,3,0,0,0,3,133,4,11,0,11,0,22,188,0,13,0,0,13,39,0,63,33,3,12,10,114,53,0,33,17,0,0,0,0,19,0,0,0,16,0,2,0,0,0,117,0,0,1,41,0,1,53,83,71,0,0,142,65,22,0,0,0,10,13,3,0,0,95,6,0,0,0,0,119,18,0,14,27
2,7,2,2,45,11,0,3,9,262,1,15,0,2,5,9,228,9,1,31,5,4,101,2,15,5,47,2,10,2,183,7,247,2,0,282,46,0,0,3,175,6,2,76,229,142,596,175,62,46,303,0,4,0,57,146,61,13,39,3,77,0,4,3,86,0,76,8,262,0,33,2,1,5,0,0,29,0,291,35,5,72,9,95,129,55,23,0,14,47,34,0,195,14,28,20,5,7,1,6,45,3,14,1,11,0,23,149,0,15,0,4,31,51,1,48,76,99,61,16,82,34,0,86,96,2,0,1,0,54,0,3,0,101,9,4,0,0,1,290,1,0,10,99,0,1,130,50,39,0,1,181,325,37,0,0,0,20,10,1,1,0,252,24,1,0,0,0,76,39,2,91,30
0,0,0,0,0,1,2,0,0,35,0,0,0,0,0,170,13,3,0,0,0,0,25,0,0,0,29,0,4,1,12,0,13,0,0,232,11,0,0,0,7,0,0,0,71,5,3,392,1,3,4,0,1,0,1,1,7,3,0,0,286,0,0,1,253,0,1,44,53,0,0,1,1,0,0,0,1,0,70,92,4,520,0,969,207,506,0,0,157,165,2,0,780,0,18,0,1,0,0,0,41,0,1,0,0,0,0,236,0,0,0,0,136,3,0,21,333,1,0,1,103,4,0,4,113,0,0,0,0,1,0,0,0,1,1,0,0,0,0,159,0,0,0,518,0,0,2,5,1,0,0,47,4,1,0,0,0,0,0,0,0,0,6,0,0,0,0,0,25,0,0,0,0
0,0,0,0,0,0,0,40,0,2,0,0,0,0,0,0,0,0,0,0,0,0,0,0,0,0,1,25,0,0,0,0,0,0,20,3,0,0,0,0,0,0,0,2,0,0,0,0,5,0,0,114,0,5,0,1,0,0,0,0,0,0,0,0,0,0,0,0,0,0,0,386,0,0,0,0,0,1,0,0,0,0,0,0,0,0,0,22,0,0,0,0,0,0,0,0,0,0,2,0,0,1,0,0,0,0,0,0,0,3,4,0,0,3,1,1,0,1,0,0,0,0,0,0,0,20,0,0,0,0,385,0,0,0,0,27,0,0,0,0,0,0,0,0,0,0,0,1,0,4,0,0,0,0,0,0,95,0,0,0,0,6,0,0,0,0,0,0,0,0,0,0,0
0,2,0,0,149,1,1,19,47,0,75,0,7,494,116,0,319,0,0,1,0,1,2,0,0,0,1,0,0,0,33,0,0,5,398,4,0,0,0,4,0,18,0,49,5,0,0,0,0,0,0,4,0,18,0,0,1,0,44,5,0,13,4,0,10,0,0,1,1,8,0,16,43,0,0,4,1,1,0,0,0,0,0,1,0,1,0,22,4,0,2,0,0,2,0,0,19,0,0,1,0,454,0,0,0,5,0,0,1,25,1,0,1,2,0,1,0,0,0,0,0,0,4,0,0,571,4,0,0,1,7,0,9,0,4,13,0,14,0,1,0,0,0,0,623,0,1,0,0,14,249,0,0,0,0,0,5,0,1,0,1,0,0,0,29,0,0,0,0,0,0,0,0
0,1,0,0,18,0,8,8,1072,1,18,0,1077,13,99,0,2,0,0,0,4,0,1,125,3,1,0,9,2,7,0,3,0,1689,11,0,41,555,1577,1124,0,0,0,1,0,0,1,0,21,2,1,9,0,3,14,4,4,0,4,26,0,11,10,6,0,395,0,0,0,763,0,16,1,1,0,22,7,27,0,0,27,0,0,0,0,2,0,14,0,1,38,28,0,7,1,15,99,88,0,0,1,1,0,1599,0,26,0,0,37,1,7,3,0,21,1,0,0,2,0,0,0,0,3,0,2,72,148,16,2,0,5,352,30,5,4,42,527,1,327,0,112,1185,292,2,0,0,0,0,0,4,3,0,0,0,0,0,1,0,0,7,0,4,0,0,2,2,96,8,0,0,39,0,0
4,168,15,30,5,295,1,0,2,125,42,8,0,3,0,1,0,2,69,33,72,638,403,3,0,598,238,0,2,4,3,22,6,0,0,0,3,7,2,0,11,21,17,1,4,13,23,84,152,5,60,0,28,0,1,26,5,12,2,37,0,0,1,27,6,1,3,372,3,0,458,0,8,10,5,0,7,1,7,6,3,0,24,10,1,29,7,0,55,220,7,0,5,2,0,1,2,2,21,125,2,0,5,0,87,0,5,1,3,0,0,114,13,12,18,0,3,0,9,1,7,1,13,169,4,0,0,10,10,11,0,0,0,4,1,0,0,0,1,7,1,0,0,41,0,44,6,30,0,0,0,8,7,1,135,14,0,4,79,2,0,0,3,1,0,7,7,0,0,27,2,1,0
3,1,2,0,3,2,7,0,0,2,3,1,0,2,5,0,0,0,0,1,3,2,1,201,0,8,2,0,31,13,0,548,2,0,0,0,151,25,4,3,19,0,0,0,3,0,5,0,15,155,32,0,1,0,1,70,133,1,0,193,1,0,3,190,9,8,0,0,1,0,7,1,1,4,0,4,162,0,1,0,155,0,0,3,1,4,0,0,3,2,270,0,3,1,8,13,2,6,0,0,2,0,1,0,0,0,2,0,3,1,0,31,3,0,71,0,1,0,0,0,8,0,509,0,1,0,0,24,36,22,0,0,0,3,44,1,5,2,2,7,20,0,0,2,0,0,4,0,0,0,1,3,1,0,3,0,0,0,1,0,0,0,36,2,0,440,1,0,0,0,1,0,0
0,18,1,3,9,7,1,1,3,9,18,1,0,58,59,0,0,2,0,61,8,11,3,44,0,17,5,3,267,5,0,648,7,3,0,0,234,18,9,12,57,2,0,1,2,3,13,3,73,791,31,0,0,0,7,100,236,2,5,128,2,0,1,879,0,56,2,6,11,2,25,6,1,152,1,3,918,2,8,3,78,0,1,0,0,2,1,0,3,2,363,0,1,0,14,100,7,16,0,5,1,0,4,2,1,0,3,8,6,0,0,69,2,37,46,0,7,1,0,2,1,2,135,4,7,0,0,4,246,14,0,39,0,32,404,0,11,0,26,1,220,0,2,10,0,0,3,8,0,0,0,4,2,6,2,0,1,1,1,1,0,1,142,0,0,107,5,0,2,3,28,3,0
0,1,0,0,0,0,3,0,1,1,5,1,0,0,84,0,0,0,0,10,1,0,0,3,0,2,0,0,223,0,0,59,1,2,0,0,10,0,0,0,8,1,0,0,0,0,1,2,3,361,3,0,0,0,1,12,149,0,0,0,0,0,0,50,2,11,1,0,6,0,5,0,0,1,0,9,39,0,0,3,24,1,0,2,0,2,0,0,0,1,19,0,5,0,3,3,6,2,0,0,0,0,0,3,0,0,0,0,1,0,0,24,0,6,0,0,10,0,0,0,0,0,5,0,1,0,1,1,33,8,1,3,0,1,20,0,9,0,2,0,15,0,8,10,0,0,0,1,0,0,0,0,0,0,0,0,0,0,0,0,0,0,12,0,0,16,0,0,0,0,0,0,0
1,221,28,20,0,173,0,0,0,0,0,4,0,0,0,0,0,0,126,42,27,109,9,0,145,91,9,0,0,0,7,0,37,0,0,0,1,1,0,0,3,2,17,0,0,2,6,1,4,1,2,0,6,0,1,0,2,15,1,0,1,0,0,0,0,0,12,0,1,0,30,0,0,28,19,0,0,0,1,0,0,0,19,0,0,0,4,0,5,0,0,0,0,0,1,9,0,2,3,61,2,0,2,0,109,0,27,0,0,1,0,8,31,0,0,0,0,0,6,1,0,2,0,5,0,0,0,0,1,63,0,0,0,0,0,0,0,0,0,0,0,0,0,0,0,19,7,317,2,0,0,16,0,1,3,4,0,1,29,121,0,0,0,5,0,0,0,0,1,23,0,0,19
0,1,5,8,0,31,0,0,0,0,0,1,0,0,0,0,0,0,3,1,312,1,43,0,1,9,143,0,0,0,0,0,2,0,0,0,0,0,0,0,0,1,1,0,0,0,1,2,2,0,0,0,10,0,0,0,0,17,0,0,1,0,0,0,0,0,1,0,0,0,0,0,0,0,7,0,0,0,0,0,0,0,2,0,0,0,1,0,0,0,0,0,0,0,0,0,0,0,0,15,0,0,0,0,2,0,6,0,0,0,0,0,0,0,0,0,0,0,0,1,0,0,0,39,0,0,0,0,0,2,0,0,0,0,0,0,0,0,0,0,0,0,0,0,0,3,0,8,0,0,0,0,0,0,0,0,0,0,1,0,0,0,0,0,0,0,0,0,0,0,0,0,0
0,1,1,1,7,0,4,9,0,0,1,0,0,16,5,0,13,0,2,1,0,2,1,0,0,0,1,0,0,0,32,0,1,0,34,1,0,0,1,1,0,2,5,234,3,0,0,1,0,0,0,4,0,2,0,1,1,0,446,0,0,1,0,0,7,0,0,6,0,11,0,3,4,0,0,2,0,0,1,0,0,0,0,1,2,0,0,5,0,0,0,0,4,0,0,0,96,0,0,0,0,15,0,0,3,10,1,0,1,28,0,0,0,1,1,0,0,0,0,1,2,0,0,0,0,29,0,0,0,0,1,0,28,2,5,4,0,107,0,4,0,1,0,0,4,1,4,0,0,0,6,0,2,0,0,0,0,0,0,0,0,0,0,1,773,0,0,0,0,0,0,0,0
516,10,62,14,0,6,1,0,3,7,4,230,0,5,2,5,0,337,10,3,5,1,14,17,9,7,22,0,0,787,6,9,33,0,0,2,3,0,0,0,4,202,8,0,17,3,9,6,5,0,142,0,4,0,76,6,75,314,0,136,170,0,0,4,244,0,133,4,1,0,6,1,126,7,39,0,3,0,21,8,1,32,17,5,6,1,505,0,1,0,10,0,5,98,21,3,2,3,2,12,3,0,7,1,170,0,17,8,0,5,0,23,10,1,71,2,4,1,1,309,11,1,1,13,8,0,0,6,157,72,0,2,0,153,0,215,0,0,2,56,0,0,0,0,0,14,14,11,1,0,1,8,1,140,5,1,0,20,4,2,0,0,0,13,0,1,0,0,0,25,1,3,27
0,0,0,0,0,0,0,1076,0,0,0,0,0,0,0,0,1,0,0,0,0,0,0,1,0,0,0,178,0,0,0,0,0,0,18,0,0,0,0,1,0,0,0,0,0,0,0,0,0,0,0,78,0,1460,0,0,0,0,0,1,0,1354,0,0,0,0,0,0,0,1,0,25,0,0,0,0,0,666,0,0,0,0,0,0,0,0,0,1,0,0,0,0,0,0,0,1,0,0,0,0,0,4,0,0,0,1,0,0,44,7,829,0,0,0,0,0,0,0,0,0,0,0,0,0,8,0,0,0,0,0,1,0,12,0,0,14,0,0,0,0,0,1,0,0,0,0,0,0,0,1389,0,0,0,0,0,0,22,0,0,0,0,274,0,0,1,0,0,1,0,0,0,0,0
0,0,0,0,0,0,0,386,0,0,0,0,0,0,0,0,0,0,0,0,0,0,0,0,0,0,0,69,0,0,0,0,0,0,0,0,0,0,0,0,0,0,0,0,0,0,0,0,0,0,0,1071,0,22,0,0,0,0,1,0,0,0,0,0,0,0,0,0,0,0,0,35,0,0,0,0,0,2,0,0,0,0,0,0,0,0,0,289,0,0,0,0,0,0,0,0,1,0,0,0,0,1,0,0,0,0,0,0,4,0,4,0,0,0,0,0,0,0,0,0,0,0,0,0,0,1,0,0,0,0,2,0,1,0,1,0,0,0,0,0,0,0,0,0,0,0,0,0,0,34,0,0,0,0,0,0,309,0,0,0,0,3,0,0,1,0,0,0,0,0,0,0,0
0,0,0,0,8,0,6,36,5,2,0,0,0,16,13,0,10,0,0,4,0,0,0,0,2,0,0,9,0,0,5,0,1,0,145,8,0,0,0,4,0,1,0,158,2,0,1,0,0,0,0,11,0,36,0,1,0,0,51,2,0,37,12,0,0,0,2,0,0,6,0,122,3,0,0,11,0,25,0,0,0,0,0,0,1,0,0,244,0,0,0,1,1,1,0,0,23,0,0,0,0,432,0,0,0,9,0,0,3,916,3,0,2,0,0,0,0,0,0,0,0,0,0,0,0,112,2,0,0,0,53,0,35,1,3,364,0,207,0,3,0,2,0,0,1,0,9,0,0,10,8,0,0,0,0,0,211,0,0,0,0,2,0,0,123,0,0,1,0,0,0,0,1
0,0,0,0,0,0,1,0,19,0,0,0,0,0,0,0,1,0,0,0,0,0,0,0,0,0,0,5,0,0,1,0,0,24,3,0,0,15,52,4,1,0,0,1,0,0,0,0,0,0,0,1,0,12,1,0,0,0,4,2,0,23,0,0,0,0,0,0,0,0,0,4,0,0,0,0,0,116,0,0,0,0,0,0,0,0,0,0,0,0,1,0,0,1,0,8,2,2,0,0,0,7,0,2,0,4,0,0,167,8,14,0,0,0,0,0,0,0,0,0,0,0,0,0,2,3,1,0,0,0,0,44,90,0,0,10,3,41,0,0,1,30,0,0,0,0,0,0,0,2,0,0,0,0,0,0,4,0,0,0,0,0,0,0,4,0,0,0,0,0,0,0,0
0,28,6,4,1,6,0,0,0,17,2,1,0,0,0,0,3,3,8,4,5,13,32,0,4,6,7,0,0,0,10,0,20,0,0,3,2,0,0,0,6,5,1,3,4,7,34,14,13,0,16,0,6,0,3,2,0,7,5,0,0,0,0,0,0,0,5,0,2,0,5,0,1,1,3,0,0,0,30,1,0,0,2,0,3,0,3,0,0,1,1,0,0,2,0,2,0,1,0,4,3,0,0,0,21,0,4,10,0,0,0,1,5,2,0,2,1,0,7,4,1,0,0,11,1,0,0,0,0,4,0,0,0,2,0,0,0,0,0,2,0,0,0,0,0,6,8,15,2,0,0,4,18,4,3,0,0,0,5,0,0,0,0,0,0,0,0,0,0,4,0,1,3
0,43,1,1,0,9,0,0,0,62,14,2,0,0,0,0,6,12,6,14,18,9,5,2,7,27,1,0,0,11,17,3,26,0,0,101,1,0,0,0,41,0,0,3,11,4,95,5,7,3,73,0,1,0,23,4,42,1,1,2,12,0,0,0,6,0,7,1,12,0,60,0,2,2,1,0,3,0,423,176,3,6,1,42,34,24,6,0,2,21,5,0,67,6,18,3,3,0,0,1,36,0,1,0,1,0,5,226,0,1,0,6,20,1,0,13,32,1,2,5,6,5,5,3,8,0,0,0,2,15,0,0,0,4,0,1,0,0,0,13,0,0,0,6,0,1,6,161,1,0,0,90,9,10,4,0,0,0,5,0,0,0,13,5,0,2,0,0,30,30,0,2,5
0,0,0,0,21,3,0,4,7,2,36,0,1,33,1,0,1,2,2,1,3,2,0,17,0,10,0,0,1,88,0,27,0,5,1,1,0,67,39,7,1,1,1,7,1,0,4,0,19,2,68,0,0,5,0,57,8,0,7,6,1,0,0,7,0,1,1,0,1,0,30,0,35,0,0,0,2,15,2,0,1,0,0,2,0,0,0,1,1,0,27,0,0,0,1,408,32,46,0,1,0,0,45,2,0,1,0,1,225,0,0,7,0,46,11,0,0,0,0,0,1,0,1,0,3,1,4,186,1,1,1,61,77,1,1,0,10,9,5,0,8,9,1,0,0,0,2,0,0,0,1,0,0,2,0,0,1,0,0,3,0,1,0,1,7,6,3,3,0,1,9,0,0
2,35,0,0,1,5,0,0,0,4,507,7,0,0,0,1,0,0,4,1,492,40,279,1,0,92,82,0,0,18,2,1,1,0,0,0,0,3,0,0,4,79,3,0,2,0,6,6,34,2,49,0,38,0,0,1,2,21,0,111,0,0,0,0,5,0,0,26,3,0,37,0,0,0,3,0,1,0,1,0,7,0,1,10,1,0,15,0,138,7,9,0,0,1,0,2,0,0,0,3,0,0,1,0,1,0,3,1,0,0,0,148,1,0,5,0,0,0,2,1,1,0,9,29,0,0,1,5,1,1,0,0,0,0,0,0,0,0,0,2,0,0,0,0,0,6,0,0,0,0,0,0,1,0,55,410,0,0,29,0,0,0,0,1,0,0,0,1,0,1,0,0,1
0,0,0,0,0,0,0,0,0,21,0,0,0,0,0,8,0,58,0,0,0,0,0,0,1,1,0,0,0,0,1,0,0,0,0,150,1,0,0,0,1,0,3,0,3,0,0,8,60,0,4,0,0,0,2,2,2,0,0,1,3,0,0,1,1,0,0,1,3,0,1,0,0,1,0,0,0,0,10,159,2,0,0,39,17,159,0,0,9,27,0,0,53,12,11,0,0,0,0,0,2,0,0,0,0,0,1,13,0,0,0,0,29,270,0,125,35,1,0,3,0,0,1,2,78,0,0,0,1,0,18,0,0,0,0,0,0,0,0,4,1,0,0,107,0,0,0,9,1,0,0,41,0,9,0,0,0,1,1,0,0,0,3,0,0,0,0,0,24,0,0,0,0
0,0,0,0,0,0,0,282,3,0,6,0,0,1,0,0,2,0,0,0,0,0,0,0,0,0,0,265,0,0,0,0,0,1,20,1,0,1,0,1,0,0,0,0,0,0,2,0,1,0,0,33,0,358,0,3,0,0,1,0,0,341,0,0,0,0,0,1,0,0,0,11,1,0,0,0,0,313,0,0,0,0,0,0,0,0,0,6,0,0,0,0,0,0,0,316,2,0,149,0,0,1,2,0,0,2,0,0,22,5,642,0,0,19,1,0,0,1,0,0,0,0,0,0,40,0,0,0,0,0,5,4,11,0,0,14,0,0,0,0,0,0,0,0,0,0,0,0,0,310,1,0,0,0,0,0,19,0,0,0,0,547,0,0,0,0,0,0,0,0,0,0,0
0,0,0,0,0,0,0,23,0,0,0,0,0,0,0,0,0,0,0,0,0,0,0,0,0,0,0,22,0,0,0,1,0,0,2,0,0,0,0,0,0,0,0,0,0,0,0,1,0,0,0,37,0,1,0,0,0,0,0,0,0,0,0,1,0,0,0,0,0,0,0,1,0,0,0,0,0,0,0,0,0,0,0,0,0,0,0,10,0,0,0,0,0,0,0,4,1,0,1,0,0,0,0,0,0,0,0,0,0,0,1,0,0,9,0,0,0,0,0,0,0,0,0,0,0,1,0,0,0,0,9,2,0,0,0,0,0,0,0,0,0,0,0,0,0,0,0,0,0,2,0,0,0,0,0,0,17,0,0,0,0,4,0,0,0,0,0,0,0,0,0,0,0
