0.84978,0.24084,0.40437,0.37403,0.21025,0.26878,0.95573,0.64925,0.86492,0.33079,0.70973,0.46393,0.87252,0.58701,0.51868,0.35052,0.52174,0.39214,0.54512,0.42972,0.48205,0.46718,0.3487,0.49354,0.23743,0.50566,0.24062,0.60844,0.59278,0.8006,0.24841,0.44937,0.21172,0.81917,0.53343,0.3152,0.31607,0.7558,0.76562,0.65432,0.50101,0.27633,0.31102,0.20997,0.46055,0.18234,0.35323,0.4564,0.17278,0.59083,0.23236,0.7198,0.55609,0.75593,0.62222,0.33024,0.24021,0.48536,0.57783,0.28102,0.41299,0.67261,0.40367,0.64797,0.41615,0.4273,0.25499,0.72129,0.30511,0.78253,0.47852,0.46356,0.61192,0.18074,0.65988,0.97491,0.6357,0.66969,0.43172,0.31471,0.26591,0.70732,0.3788,0.67769,0.67939,0.68427,0.46608,0.35238,0.53686,0.3936,0.39311,0.9892,0.72268,0.68493,0.54788,0.51747,0.51348,0.75315,0.58938,0.24396,0.37469,0.76122,0.52957,0.91959,0.18912,0.96057,0.33441,0.24817,0.61372,0.70156,0.6568,0.42594,0.27367,0.70701,0.15417,0.25793,0.49511,0.68635,0.36957,0.60435,0.4622,0.54955,0.59607,0.45522,0.29234,0.78003,0.54338,0.65597,0.52219,0.45307,0.48982,0.30217,0.68766,0.34465,0.4702,0.37513,0.59367,0.45269,0.79639,0.41241,0.41513,0.69252,0.62152,0.45542,0.85476,0.35629,0.35588,0.33539,0.43091,0.80638,0.625,0.32593,0.34004,0.50073,0.43011,0.90123,0.27627,0.57627,0.2268,0.48765,0.34935,0.83913,0.43084,0.5838,0.68727,0.67698,0.70099,0.69104,0.43524,0.57182,0.43067,0.67277,0.46126
0.55141
0,38,296,163,0,40,0,0,0,0,0,66,0,0,0,1,0,4,85,13,1,2,2,0,170,10,8,0,0,0,0,0,6,0,0,0,1,0,0,0,1,10,237,0,0,0,2,1,4,0,0,0,173,0,3,0,0,12,0,0,0,0,0,0,1,1,27,0,0,0,0,0,8,106,454,0,0,0,0,0,0,0,81,0,0,0,33,0,0,0,0,0,0,2,0,0,0,0,89,212,0,0,8,0,40,0,208,0,0,0,0,0,3,0,29,0,0,0,1,18,0,2,0,39,0,0,0,0,0,21,0,0,0,1,0,0,0,0,0,0,0,0,0,0,0,200,14,8,0,0,0,0,0,15,5,0,0,28,17,13,2,0,0,12,0,0,0,0,0,8,0,0,9
0,1,9,70,1,13,0,0,0,12,0,4,0,0,0,7,0,2,0,2,0,0,0,0,21,0,6,0,0,0,56,0,79,0,0,1,5,0,0,0,1,0,51,0,24,99,6,3,0,0,0,0,1,0,1,0,1,0,0,3,2,0,0,0,0,0,12,0,28,0,0,0,0,46,1,0,0,0,2,0,0,2,336,0,1,1,0,0,0,0,2,0,6,1,0,0,0,0,22,4,49,0,394,0,4,0,4,18,0,20,0,0,6,0,0,13,2,0,1,1,33,488,0,29,0,0,0,0,0,391,0,0,0,0,0,0,0,0,0,1,0,0,0,6,0,2,321,13,237,0,0,9,1,0,0,0,0,408,12,0,7,0,15,310,0,0,0,0,0,1,0,0,256
1,36,41,42,24,35,2,1,1,16,6,21,7,1,0,0,1,1,30,107,1,9,50,0,63,8,20,0,0,0,11,0,101,2,0,29,10,2,0,4,7,5,104,0,1,49,43,4,90,1,30,0,28,2,6,14,1,36,0,3,1,2,7,0,3,0,10,1,5,1,0,0,3,105,9,3,1,0,0,0,0,2,114,0,0,1,4,0,0,0,9,0,0,2,0,4,3,18,35,111,2,1,26,0,108,2,126,1,0,5,0,2,10,0,13,8,5,1,31,4,1,9,2,70,1,0,13,2,0,54,1,0,4,20,0,1,0,0,2,2,0,8,1,3,1,54,44,103,31,0,0,7,9,4,11,0,0,39,5,9,41,0,0,19,1,2,0,7,0,20,1,4,43
0,145,158,39,0,98,0,0,0,0,0,21,0,0,0,0,0,0,441,9,54,30,31,0,28,22,78,0,0,3,0,0,0,0,0,0,2,0,0,0,3,173,59,0,0,0,1,0,10,0,1,0,347,0,1,0,1,119,0,1,3,0,1,0,0,0,5,1,3,0,9,0,1,22,86,0,0,0,0,0,0,0,7,0,0,0,28,0,49,0,0,0,0,2,0,0,0,0,22,173,0,0,0,0,50,0,62,0,0,0,0,14,1,0,53,1,0,0,0,3,1,0,0,18,0,0,0,0,2,7,0,0,0,2,0,0,0,0,0,0,0,0,0,2,0,238,1,10,0,0,0,0,0,4,21,3,0,1,132,23,0,0,0,0,0,0,0,0,0,1,0,0,1
0,7,29,73,0,28,0,0,0,1,0,2,0,0,0,0,0,0,4,2,1,2,0,0,27,3,0,0,0,0,1,0,2,0,0,0,0,0,0,0,1,0,37,0,0,1,0,0,0,0,0,0,1,0,0,0,0,0,0,0,0,0,0,0,0,0,4,0,0,0,0,0,0,122,1,0,0,0,0,0,0,0,53,0,0,0,0,0,0,0,0,0,0,1,0,0,0,0,4,44,1,0,17,0,15,0,30,0,0,0,0,1,0,0,4,1,0,0,0,0,1,7,0,1,0,0,0,0,0,73,0,0,0,0,0,0,0,0,0,0,0,0,0,0,0,12,19,19,6,0,0,0,0,3,0,0,0,48,0,1,0,0,0,9,0,0,0,0,0,0,0,0,10
2,102,15,9,93,73,1,0,0,18,10,21,0,0,0,0,9,1,30,321,23,73,117,0,31,104,16,0,2,4,11,8,57,0,0,4,21,5,0,0,35,10,13,5,1,35,275,8,146,4,124,0,6,0,21,29,11,13,4,1,5,0,4,10,5,0,25,12,16,0,24,0,7,26,7,0,9,0,5,6,1,0,15,0,1,0,6,0,5,1,14,0,1,6,2,4,1,3,5,67,1,0,6,0,117,0,39,6,3,1,0,49,25,0,20,5,5,14,107,10,1,1,3,14,2,0,0,4,3,21,0,2,0,18,3,1,0,0,0,5,0,0,0,18,0,36,45,78,2,0,0,8,88,6,45,1,0,5,50,19,164,1,8,7,0,16,3,0,0,42,1,17,25
0,0,85,288,0,3,0,0,0,0,0,20,0,0,0,0,2,0,0,2,0,0,7,0,5,0,91,0,0,0,5,0,33,0,0,0,0,0,0,0,0,1,188,0,12,58,0,7,10,0,4,0,12,0,0,0,0,3,0,0,16,0,0,0,0,0,8,0,0,0,0,0,0,13,4,0,0,0,0,0,0,0,126,0,0,0,3,0,0,0,0,0,0,1,0,0,0,0,455,84,7,0,19,0,3,0,53,0,0,0,0,1,159,0,0,0,2,0,0,1,19,2,0,427,0,0,0,0,0,17,0,0,0,0,0,0,0,0,0,0,0,0,0,21,0,25,23,3,3,0,0,0,1,1,0,0,0,11,0,0,3,0,0,32,0,0,0,0,0,0,0,0,11
0,3,1,1,0,0,0,0,0,1,1,0,0,0,9,0,0,0,4,0,0,2,0,0,0,0,0,0,0,0,3,0,0,0,2,0,0,0,0,1,0,0,1,38,0,0,1,0,0,0,0,1,0,0,0,1,0,0,9,2,0,0,1,0,1,0,0,2,0,0,0,0,0,0,3,0,0,0,0,0,0,0,0,0,0,1,3,1,4,0,0,0,0,1,0,0,0,1,0,0,0,1,0,0,0,1,0,0,0,0,0,0,0,0,12,1,0,0,0,0,0,0,0,2,0,1,0,0,1,0,0,0,0,0,0,12,0,21,0,8,0,0,0,0,0,0,0,0,0,0,2,0,13,0,1,0,1,0,0,0,0,1,0,0,115,0,0,2,0,1,0,0,0
4,0,0,0,42,0,9,3,62,0,11,0,115,4,361,0,1,2,0,6,3,0,0,382,0,0,0,1,10,11,0,10,0,239,4,2,188,169,250,60,0,0,0,16,0,1,0,1,23,4,2,2,0,3,0,14,8,0,1,25,0,2,22,5,0,348,1,4,0,193,5,12,0,0,0,11,7,2,0,0,234,0,0,0,1,0,0,4,2,2,25,14,0,13,1,37,26,836,0,0,16,6,0,121,0,4,0,0,6,0,1,6,0,24,5,2,0,3,0,1,0,0,10,0,6,0,19,736,3,0,75,164,22,3,4,5,300,1,1279,1,156,278,514,0,0,0,0,0,0,0,8,0,0,0,0,0,9,0,0,77,0,7,7,0,3,7,127,1,0,0,351,0,0
0,0,0,0,0,0,0,27,0,0,0,0,0,0,0,0,0,0,0,0,0,0,0,0,0,0,0,10,0,0,0,0,0,0,4,0,0,0,0,0,0,0,0,0,0,0,0,0,0,0,0,138,0,9,0,0,0,0,0,0,0,0,0,0,0,0,0,0,0,0,0,170,0,0,0,0,0,6,0,0,0,0,0,0,0,0,0,29,0,0,0,0,0,0,0,0,0,0,0,0,0,11,0,0,0,0,0,0,0,9,1,0,0,0,0,0,0,0,0,0,0,0,0,0,0,2,0,0,0,0,147,0,0,0,0,2,0,0,0,0,0,0,0,0,0,0,0,0,0,3,0,0,0,0,0,0,251,0,0,0,0,0,0,0,0,0,0,3,0,0,0,0,0
0,0,0,0,6,1,11,6,2,2,1,0,1,8,0,0,11,1,0,0,1,0,0,0,0,0,0,1,0,0,2,0,0,1,36,11,0,0,0,2,0,0,0,138,0,0,1,0,52,0,0,2,0,5,1,0,0,0,27,1,0,5,11,0,0,1,0,0,4,0,0,8,0,0,37,7,0,4,1,0,0,0,3,0,0,0,0,90,0,0,0,2,1,0,0,2,12,1,0,0,0,95,0,0,0,2,2,2,2,51,0,0,3,0,2,2,2,2,0,0,0,0,3,0,4,11,3,0,0,0,28,1,18,0,1,194,0,76,0,5,0,0,0,0,2,0,2,0,1,1,12,0,23,0,1,0,25,0,0,10,1,0,0,0,10,0,0,25,0,0,2,1,1
0,1,0,0,19,0,0,2,83,2,0,0,3,33,5,0,1,0,0,2,0,0,0,0,0,2,0,0,1,0,2,5,2,6,4,1,0,9,15,4,6,0,1,161,1,5,12,2,12,1,5,0,0,1,0,17,0,0,10,26,1,11,9,8,1,10,1,3,3,6,12,0,1,1,1,1,4,6,1,1,24,0,0,4,0,4,0,0,1,14,4,3,3,2,0,171,3,30,2,0,3,16,25,0,1,7,0,1,4,7,2,1,2,0,48,0,4,0,0,0,1,0,7,0,0,3,9,25,2,1,1,14,106,1,4,83,11,244,45,15,6,45,0,1,0,0,8,1,0,0,0,1,290,0,0,0,0,0,0,3,6,1,0,0,25,5,7,2,0,0,51,0,6
1,0,0,0,112,0,0,0,2,3,0,2,3,179,1,0,0,0,0,12,0,1,0,54,0,1,0,1,3,4,0,9,0,0,7,0,1,0,0,0,0,0,0,44,0,4,6,2,21,0,0,0,0,0,8,285,11,0,2,4,2,0,11,40,0,1,7,4,7,0,6,0,48,6,0,0,11,0,6,12,5,1,0,5,0,1,0,2,0,16,1,0,1,2,0,20,113,3,1,0,3,1,0,1,0,0,0,8,2,0,0,2,0,16,0,1,3,5,0,2,0,0,0,0,13,0,0,9,3,0,8,5,1,264,7,1,5,0,15,6,15,0,4,1,0,0,0,1,0,0,1,1,0,0,1,0,1,0,0,1,2,2,6,0,0,6,7,0,0,1,240,1,1
0,2,4,13,1,57,0,0,0,60,0,25,0,0,0,136,0,128,5,21,4,2,16,0,81,1,23,0,2,0,101,0,184,0,0,0,6,0,0,0,2,5,12,1,54,192,44,11,8,0,11,0,2,0,39,0,3,2,0,1,11,0,0,0,6,0,212,0,88,0,5,0,5,62,5,0,0,0,15,16,1,4,95,4,0,3,6,0,0,0,0,0,1,14,4,0,0,0,21,15,114,1,165,0,31,0,14,28,0,7,0,0,13,0,0,67,6,2,23,39,33,241,0,53,3,0,0,0,0,157,0,0,0,1,0,1,0,0,0,11,0,0,0,6,0,2,165,96,146,0,0,93,8,49,0,0,0,106,11,31,45,0,46,61,0,0,0,0,3,14,0,13,93
0,65,3,0,0,28,0,0,0,0,6,2,0,0,0,0,0,0,18,10,7,251,16,0,3,180,12,0,0,1,0,0,0,0,0,0,0,0,0,0,0,6,0,0,0,0,1,0,2,0,1,0,2,0,0,0,0,8,1,1,0,0,2,1,0,0,0,12,1,0,6,0,0,3,2,1,0,0,0,0,0,0,0,0,0,0,0,0,22,1,1,0,0,0,0,0,0,0,0,9,0,0,0,0,28,0,4,0,0,0,0,24,3,0,20,0,0,0,2,0,0,0,0,0,0,0,0,0,1,0,0,0,0,0,0,0,0,0,0,0,0,0,0,0,0,4,0,8,0,0,0,0,0,0,78,2,0,0,87,1,1,0,0,0,0,0,0,0,0,1,0,0,0
2,0,0,0,0,0,0,0,0,1,3,0,0,0,1,0,0,0,0,1,0,0,0,0,1,2,0,0,10,0,3,8,2,0,0,2,6,0,0,2,13,1,0,0,1,1,16,0,3,30,0,0,1,0,2,2,49,0,0,20,1,0,1,50,0,7,0,1,1,0,0,0,0,1,0,1,74,0,2,1,104,0,0,1,1,1,0,0,2,0,97,0,1,0,1,1,0,2,0,1,0,0,0,1,0,0,0,6,0,0,0,0,2,0,1,2,3,1,3,2,0,0,42,0,0,0,2,1,43,0,0,1,0,1,33,0,4,0,1,0,2,1,1,0,0,0,2,0,0,0,0,0,0,0,2,0,0,0,0,0,6,0,0,0,0,1,0,0,0,2,0,15,1
7,0,0,0,0,0,6,1,4,0,14,0,11,0,1,0,0,0,0,2,1,0,0,0,0,2,0,1,0,0,2,1,0,4,2,1,0,4,1,18,4,0,0,0,0,0,1,0,0,1,3,0,0,4,0,0,1,0,7,63,0,2,16,0,0,26,0,2,0,30,0,1,0,0,0,2,1,0,0,1,0,0,0,0,0,0,0,2,23,0,21,1,0,0,0,5,0,4,0,0,0,1,0,2,0,5,0,0,11,1,0,0,0,1,0,0,1,0,0,1,0,0,15,0,0,0,357,3,1,0,0,7,16,0,1,2,17,0,1,0,2,40,0,0,1,0,0,0,0,0,1,0,0,0,0,2,0,0,0,0,0,0,0,0,6,0,1,463,0,0,0,0,0
40,5,4,1,5,4,0,1,0,14,1,146,0,0,0,12,4,409,0,9,7,0,7,1,13,8,2,0,0,47,17,0,41,0,0,10,3,0,1,1,9,74,0,1,3,18,22,4,5,2,14,0,0,0,532,8,19,7,0,0,38,0,1,0,48,0,217,2,29,0,8,0,421,1,8,0,2,0,27,17,0,9,2,0,1,1,426,0,0,0,8,0,0,500,349,1,0,0,2,8,13,0,4,0,11,0,2,16,0,47,0,14,2,2,9,104,7,6,12,695,0,6,0,7,10,0,0,1,5,12,0,1,0,154,0,19,1,0,0,13,0,0,1,2,0,2,19,4,10,0,0,18,21,345,6,0,0,1,1,0,8,0,0,2,0,0,0,0,2,127,0,17,12
0,0,0,13,0,0,0,0,0,16,0,0,0,0,0,9,0,1,0,0,0,0,10,0,3,0,15,0,0,0,68,0,23,0,0,5,3,0,0,0,0,0,3,0,432,120,7,78,0,0,1,0,0,0,2,0,4,0,0,0,52,0,0,0,11,0,3,1,45,0,0,0,0,1,0,0,0,0,21,32,0,29,5,98,16,33,0,0,0,0,0,0,27,0,0,0,1,0,21,0,305,0,30,0,2,0,0,60,0,3,0,0,3,0,0,5,57,0,0,2,324,21,0,62,1,0,0,0,0,3,0,0,0,0,0,0,0,0,0,33,0,0,0,85,0,0,11,4,17,0,0,11,1,0,0,0,0,9,0,0,3,0,7,8,0,0,0,0,1,0,0,2,3
1,0,0,0,0,0,2,0,1,0,0,0,1,0,0,0,1,0,0,0,0,0,0,0,0,0,0,1,0,0,0,0,0,4,0,0,0,9,6,7,0,0,0,1,0,0,0,0,0,0,0,4,0,4,0,0,0,0,0,0,0,5,5,0,0,0,0,0,0,0,0,1,0,0,0,1,0,1,0,0,0,0,0,0,0,0,0,8,0,0,1,1,0,0,0,26,0,0,0,0,0,5,0,1,0,3,0,0,877,0,1,0,0,0,0,0,0,0,0,0,0,0,0,0,0,3,9,2,0,0,0,44,1092,0,0,1,12,4,0,0,0,18,0,0,0,0,0,0,0,1,0,0,4,0,0,0,4,0,0,0,0,0,0,0,27,0,0,2,0,0,0,0,0
10,0,0,0,160,0,1,0,0,1,2,0,1,62,25,0,54,1,0,0,0,1,0,1,0,0,0,2,0,0,17,0,0,0,51,1,0,0,0,0,0,82,1,30,0,1,0,0,4,0,0,1,0,3,0,0,0,0,6,2,0,2,3,0,0,0,1,24,0,0,0,1,0,0,1,0,0,0,0,0,2,1,0,0,0,0,0,5,0,0,0,0,0,0,0,1,1,0,0,0,0,3,0,0,0,0,0,0,0,1,0,0,2,2,2,0,0,0,0,0,0,0,0,0,1,72,0,0,0,0,3,0,2,0,0,12,0,4,0,5,0,0,5,0,88,0,0,3,0,2,380,0,1,1,5,0,1,0,1,1,0,0,0,0,30,0,0,0,2,1,0,0,0
1,0,0,0,2,0,1792,0,4,0,10,0,13,0,0,0,1,0,0,0,0,0,0,0,0,0,0,0,0,1,0,0,0,7,0,1,0,7,6,362,1,0,0,0,0,0,2,0,0,0,0,0,0,0,0,1,1,0,8,5,0,0,60,0,0,7,0,1,1,4,0,0,0,0,0,2293,0,0,0,0,1,0,0,0,0,0,0,0,2,0,74,3572,0,0,0,2,9,40,0,0,0,0,0,5,0,1754,0,0,3,0,0,0,0,1,1,0,2,2,0,0,0,0,5,0,0,0,20,3,0,0,0,2,33,0,2,0,7,0,0,0,1,24,0,0,0,0,0,0,0,0,0,0,2,0,1,0,0,0,0,0,0,0,0,0,0,0,12,8,1,0,0,0,0
11,0,1,2,1,2,19,1,1,9,5,0,0,19,14,0,17,1,1,40,4,0,0,4,0,3,1,0,2,0,11,1,7,0,34,3,1,0,0,1,1,0,1,33,0,0,3,1,3,2,0,4,1,1,3,118,1,0,219,7,0,1,1,1,0,1,5,0,17,0,4,2,4,3,1,1,0,0,0,2,5,0,2,6,2,5,0,6,1,2,1,1,9,3,0,3,419,0,0,3,1,21,1,0,0,6,0,2,2,16,2,0,0,19,3,9,5,372,4,3,0,6,2,0,17,29,14,3,1,3,0,0,9,0,231,2,0,4,0,0,0,0,10,15,16,0,12,1,1,0,10,9,5,1,5,0,1,8,1,0,1,0,6,3,17,7,0,9,2,1,3,2,2
1,3,0,3,8,17,0,0,0,266,0,4,0,1,0,63,27,50,1,10,0,6,70,0,40,7,12,0,5,0,155,0,143,0,0,15,14,0,0,0,52,3,0,25,133,185,159,87,30,1,54,0,1,0,45,0,17,2,0,0,79,0,2,1,41,1,86,4,218,0,25,0,0,5,0,0,0,0,231,119,0,53,13,70,43,48,2,0,5,2,0,0,70,6,194,4,1,0,1,0,128,1,14,0,18,0,2,216,0,19,0,1,18,0,0,118,57,11,38,11,100,57,0,22,18,0,0,0,1,23,0,0,0,9,0,0,0,0,0,168,0,0,0,32,0,2,46,51,55,0,0,220,64,18,1,0,0,18,29,25,26,0,106,5,0,0,0,0,205,13,0,20,17
0,5,0,4,61,14,1,3,1,304,6,13,0,1,4,9,160,11,2,59,4,2,110,2,22,4,18,2,26,0,195,4,224,3,0,197,85,0,1,1,249,6,1,52,142,189,438,169,69,20,214,1,1,0,89,71,44,4,0,0,97,0,7,9,63,2,104,12,245,0,53,1,3,5,1,0,25,0,235,127,7,68,7,74,55,119,10,0,5,64,34,0,103,11,26,10,6,2,10,3,53,1,11,2,11,0,6,214,0,21,0,4,38,13,4,103,150,100,136,15,85,30,0,37,79,0,1,3,29,27,0,5,0,110,12,1,0,0,0,339,2,1,6,103,0,0,119,23,24,0,1,130,338,11,5,0,0,13,53,9,189,2,299,8,0,0,1,0,21,36,3,257,31
0,0,0,0,0,0,2,0,0,14,0,0,0,0,0,129,4,5,0,0,0,1,13,0,1,0,7,0,4,1,32,0,0,0,0,154,16,0,0,0,3,1,0,0,103,18,2,471,2,3,5,0,0,0,2,0,15,3,0,0,318,0,0,0,237,0,2,31,29,0,11,0,0,0,0,0,1,0,36,90,3,580,0,717,445,609,0,0,74,246,0,0,873,0,8,0,1,0,0,0,66,0,0,0,0,0,0,96,0,3,0,0,124,30,0,29,405,3,0,0,78,6,0,0,121,0,0,0,4,0,0,0,0,0,1,0,0,0,0,128,0,0,0,378,0,0,0,2,1,0,0,56,3,0,1,0,0,3,5,0,2,0,7,1,0,0,0,0,74,0,0,1,0
0,0,0,0,0,0,0,20,0,0,1,0,0,0,0,0,0,3,0,0,0,0,0,0,0,0,0,9,0,0,0,0,0,0,37,2,0,0,0,0,0,0,0,3,0,0,0,0,84,0,0,99,0,4,1,0,0,0,0,0,0,0,1,0,0,0,0,0,0,0,0,151,0,0,0,0,0,1,0,1,0,0,0,0,0,0,0,30,0,1,0,0,0,0,0,3,0,0,0,0,0,32,0,0,0,0,0,0,0,11,4,0,3,0,0,1,0,1,0,0,0,0,0,0,3,1,0,0,0,0,409,0,1,0,0,4,0,0,0,1,0,0,0,0,0,0,0,0,0,2,1,0,0,0,0,0,240,0,0,0,0,8,0,0,0,0,0,7,0,0,1,0,0
1,0,0,0,136,0,2,4,16,0,17,0,10,705,90,0,336,1,0,1,0,0,0,0,0,1,0,4,0,0,21,0,0,0,383,2,0,0,0,4,0,14,0,8,0,0,0,0,1,0,2,6,0,12,0,0,0,0,31,1,0,9,10,0,0,2,0,1,0,4,0,4,45,0,0,2,1,1,0,0,0,0,0,0,0,0,0,31,2,1,0,1,0,2,0,7,12,0,0,0,0,23,0,0,0,4,0,0,0,15,8,1,0,0,22,1,0,0,0,0,0,0,5,0,0,961,7,1,0,0,4,0,18,0,2,19,0,22,0,3,0,0,1,0,665,0,0,0,0,52,180,0,3,0,0,0,12,1,0,0,0,0,0,0,43,0,0,0,1,0,0,0,0
6,0,0,0,25,0,4,6,1223,0,5,0,1143,1,58,0,2,0,0,0,1,0,0,93,0,0,0,2,3,3,0,9,1,1350,2,1,23,978,1287,954,0,0,0,2,0,0,0,0,1,1,1,4,0,9,0,6,1,0,7,26,0,12,176,4,0,385,0,2,0,878,0,14,0,0,0,15,4,6,0,0,20,0,0,0,0,1,0,33,0,4,27,16,0,2,0,16,14,115,0,0,1,20,0,1601,0,22,0,0,30,0,2,5,0,4,3,0,0,1,0,0,0,0,3,0,3,5,184,52,0,0,58,223,39,3,9,18,656,3,212,0,101,1000,253,0,0,0,0,0,0,1,1,0,1,0,0,0,15,0,0,10,0,3,0,0,8,3,497,2,0,0,96,0,0
2,139,25,14,3,229,1,0,0,74,27,12,0,6,1,1,0,1,72,12,14,484,401,5,4,536,144,0,0,6,2,6,13,0,0,0,1,10,0,0,20,36,22,17,1,25,18,99,76,3,102,0,14,0,5,18,7,15,1,31,5,0,6,11,10,0,0,471,2,0,490,0,5,10,3,0,3,0,2,3,13,0,3,4,0,3,2,0,72,183,2,0,1,2,0,4,1,0,26,61,6,0,4,0,69,0,9,1,5,0,0,417,74,61,74,2,18,0,2,0,5,0,9,105,30,0,1,16,14,3,0,0,0,2,2,0,0,0,0,9,1,0,1,130,0,40,7,24,0,0,0,0,3,1,200,27,0,3,95,4,7,0,0,0,0,15,10,0,0,1,1,0,5
2,2,0,0,3,1,4,0,0,1,5,0,0,4,11,0,0,0,0,1,2,0,0,169,0,6,1,0,40,10,0,537,4,0,0,0,112,9,2,1,4,0,0,12,2,1,8,2,14,91,13,0,0,0,0,20,123,0,1,231,1,0,7,249,7,5,0,0,1,0,4,0,1,4,1,5,150,0,0,0,210,2,0,0,0,3,0,0,0,9,214,0,1,3,1,23,2,6,0,1,1,0,0,0,2,0,0,0,2,0,0,13,4,0,46,2,1,1,0,0,3,0,546,1,1,0,0,43,44,9,0,5,0,2,50,2,15,1,0,10,16,0,1,1,0,0,1,0,0,0,1,0,2,0,8,0,0,0,1,0,4,0,2,1,0,591,12,0,0,0,3,4,0
0,3,2,1,14,8,1,0,2,3,4,1,0,102,39,0,0,1,1,11,3,3,4,24,0,10,4,0,460,5,3,525,6,3,1,0,238,5,17,20,19,3,1,35,0,2,23,2,77,657,9,1,0,1,5,231,184,1,3,155,5,0,8,797,0,70,1,8,4,4,22,3,4,86,0,3,780,0,6,4,207,0,0,2,2,2,0,0,1,13,388,0,1,2,7,37,17,10,0,5,2,0,3,2,0,0,3,5,10,0,0,31,3,4,35,1,6,2,0,3,1,2,239,3,5,0,0,15,353,3,0,92,0,20,355,1,38,0,40,4,225,0,9,3,0,0,3,6,0,0,0,0,0,0,4,0,0,1,1,1,4,4,164,0,0,137,19,0,2,0,38,3,0
0,1,0,0,0,0,1,0,0,0,3,0,0,0,47,0,0,0,0,14,1,0,0,3,0,0,0,0,205,1,0,59,0,6,0,0,5,1,0,3,0,2,0,0,1,0,2,1,2,286,1,0,0,0,0,7,159,0,0,0,0,0,3,36,0,30,1,1,1,0,7,0,0,0,0,1,149,0,2,2,28,1,0,1,0,3,0,0,0,3,30,0,2,2,0,1,1,2,0,0,0,0,0,4,0,0,0,0,0,1,0,7,0,3,0,4,5,0,0,0,0,0,9,0,1,0,0,1,67,2,0,7,0,2,30,0,11,0,3,0,7,0,17,4,0,0,0,0,0,0,0,1,0,0,2,0,0,0,0,0,1,0,5,0,0,20,2,0,0,0,0,0,0
1,217,14,11,1,168,0,0,0,7,0,5,0,0,0,0,0,0,90,45,27,128,10,0,170,84,15,0,0,0,1,0,40,0,0,0,1,0,0,0,2,2,13,0,0,5,11,0,6,0,1,0,2,0,1,0,1,16,0,0,1,0,0,0,0,0,9,0,2,0,16,0,1,38,14,0,0,0,2,1,0,0,13,0,0,0,3,0,3,0,0,0,0,0,0,0,0,0,3,41,3,0,3,0,139,0,28,0,0,0,0,26,11,0,15,0,0,0,2,2,0,2,0,2,0,0,0,0,0,19,0,0,0,0,0,0,0,0,0,0,0,0,0,1,0,24,6,272,9,0,0,2,0,1,25,3,0,4,36,237,1,0,0,2,0,0,1,0,0,11,0,0,7
0,1,1,8,0,8,0,0,0,0,0,2,0,0,0,0,0,0,2,0,226,1,135,0,2,2,186,0,0,0,0,0,3,0,0,0,0,0,0,0,0,5,1,0,0,2,0,3,4,0,0,0,6,0,1,0,0,15,0,0,3,0,0,0,0,0,0,0,0,0,0,0,0,1,2,0,0,0,0,0,0,0,0,0,0,0,1,0,1,0,0,0,0,0,0,0,0,0,1,9,2,0,0,0,5,0,4,0,0,0,0,2,0,0,0,0,0,0,0,1,0,0,0,14,0,0,0,0,0,1,0,0,0,0,0,0,0,0,0,0,0,0,0,4,0,8,0,7,0,0,0,0,0,0,0,0,0,0,0,4,0,0,0,0,0,0,0,0,0,0,0,0,0
0,2,2,0,6,2,3,9,0,0,0,2,0,13,13,0,3,0,4,1,0,1,0,0,0,0,0,0,0,0,21,0,0,0,9,0,0,0,0,1,0,1,2,198,1,0,0,0,1,0,0,3,0,0,0,1,0,0,542,0,0,1,3,0,0,1,1,5,0,0,0,3,1,0,0,0,0,0,0,0,1,0,2,2,1,0,0,4,1,0,0,0,4,0,0,1,120,0,0,1,1,9,1,0,2,3,0,1,1,16,0,0,0,0,0,0,0,0,0,0,2,0,0,0,0,74,0,0,0,0,0,0,19,0,1,31,1,59,0,9,0,1,0,1,2,0,1,0,0,0,2,0,33,0,0,0,0,0,0,0,1,0,0,1,745,0,0,2,0,0,0,0,0
577,11,31,12,2,6,2,0,0,9,5,328,0,5,0,7,0,271,6,2,6,1,19,12,15,5,8,0,0,799,1,3,32,0,0,2,6,3,2,0,9,202,7,0,8,18,9,5,11,0,178,0,2,0,65,8,58,315,0,3,112,0,1,3,335,0,102,4,5,0,14,0,84,6,39,0,1,0,11,14,2,54,7,3,4,2,372,0,2,2,7,0,2,125,23,18,0,0,6,12,9,0,5,0,53,0,25,9,0,4,0,17,11,2,43,2,6,7,0,318,9,2,6,8,44,0,0,8,86,8,0,5,0,147,1,185,0,0,0,22,0,0,2,4,0,8,13,6,4,0,2,0,1,203,8,1,0,1,1,1,4,0,0,48,0,5,1,0,0,422,2,1,12
0,0,0,0,0,0,0,820,0,0,0,0,0,0,0,0,0,0,0,0,0,0,0,0,0,0,0,721,0,0,0,0,0,0,3,0,0,0,0,0,0,0,0,0,0,0,0,0,0,0,0,57,0,1180,0,0,0,0,0,0,0,1321,3,0,0,0,0,0,0,0,0,88,0,0,0,0,0,1034,0,0,0,0,0,0,0,0,0,2,0,0,0,0,0,0,0,0,0,0,1,0,0,20,0,0,0,0,0,0,47,5,821,0,0,0,0,0,0,0,0,0,0,0,0,0,0,1,2,0,0,0,11,4,16,0,0,7,0,0,0,0,0,0,0,0,0,0,0,0,0,1137,0,0,1,0,0,0,41,0,0,0,0,124,0,0,0,0,0,3,0,0,0,0,0
0,0,0,0,0,0,0,35,0,0,0,0,0,0,0,0,0,0,0,0,0,0,0,0,0,0,0,47,0,0,0,0,0,0,0,0,0,0,0,0,0,0,0,0,0,0,0,0,0,0,0,989,0,18,0,0,0,0,0,0,0,0,0,0,0,0,0,0,0,0,0,477,0,0,0,0,0,2,0,0,0,0,0,0,0,0,0,278,0,0,0,0,0,0,0,0,0,0,0,0,0,1,0,0,0,0,0,0,4,0,4,0,0,0,0,0,0,0,0,0,0,0,0,0,0,0,0,0,0,0,13,0,1,0,0,0,0,0,0,0,0,0,0,0,0,0,0,0,0,20,0,0,0,0,0,0,347,0,0,0,0,0,0,0,0,0,0,1,0,0,0,0,0
2,0,0,0,1,2,8,38,0,1,0,0,1,28,14,0,6,0,0,2,0,0,0,0,0,0,0,11,0,0,3,0,1,0,127,21,0,0,0,3,0,0,0,56,0,0,1,0,3,0,0,5,0,31,0,0,0,0,50,0,0,13,22,0,0,0,1,1,0,1,0,34,2,0,0,5,0,23,0,0,0,0,1,0,0,0,0,296,0,1,0,0,0,2,0,0,26,0,0,0,0,1001,0,0,0,10,0,1,3,630,3,0,0,0,3,0,0,0,0,0,0,0,0,0,0,68,8,0,0,1,62,0,31,1,3,374,0,80,0,3,0,2,0,0,3,0,2,0,0,2,5,0,44,0,0,0,202,0,0,0,1,1,0,0,24,0,0,128,0,0,0,0,0
0,0,0,0,1,0,2,1,9,0,0,0,1,0,0,0,0,0,0,1,0,0,0,0,0,0,0,6,0,0,0,0,0,16,4,0,0,21,61,6,1,0,0,1,0,0,0,0,0,0,0,0,0,10,0,0,0,0,3,0,0,26,10,0,0,0,0,0,1,1,0,0,0,0,0,0,0,30,0,0,0,0,0,0,0,0,0,3,0,0,0,0,0,0,0,18,0,1,0,0,0,22,0,1,0,2,0,0,215,4,5,0,0,0,0,0,0,0,0,0,0,0,0,0,0,0,1,2,0,0,2,66,81,0,0,14,16,16,0,0,1,19,0,0,0,0,0,0,0,1,0,0,19,0,0,0,7,0,0,0,0,1,0,0,11,0,1,0,0,0,0,0,0
0,24,2,2,3,2,0,0,0,13,1,3,0,0,0,1,2,4,4,13,0,15,22,0,2,8,6,0,0,0,14,0,23,0,0,3,0,0,0,0,6,6,1,1,2,12,26,9,19,0,15,0,7,0,4,2,1,9,0,0,0,0,0,0,4,0,4,0,8,0,8,0,0,1,4,0,0,0,24,8,0,0,1,1,4,0,2,0,1,0,0,0,0,3,0,1,0,0,0,3,6,0,1,0,19,0,1,15,0,0,0,3,2,0,4,2,3,2,3,2,1,1,0,9,0,0,0,0,0,2,0,0,0,1,0,0,0,0,0,2,0,0,0,0,0,5,6,19,1,0,0,9,5,2,6,0,0,0,7,1,7,0,0,0,0,0,1,0,0,8,0,6,6
1,64,0,1,0,7,0,0,0,54,13,1,0,0,0,1,2,14,3,13,13,7,6,1,9,26,1,0,0,4,18,1,31,0,0,87,4,0,0,0,42,0,0,1,14,11,82,4,5,4,18,0,0,0,15,4,27,2,0,1,12,0,3,1,6,0,1,2,30,0,216,0,0,0,2,0,1,0,490,214,0,6,1,36,31,18,4,0,5,20,7,0,33,8,13,2,9,0,0,0,18,0,1,0,4,0,0,237,0,0,0,24,21,0,1,29,32,2,2,9,2,5,3,0,7,0,0,0,4,4,0,0,0,2,1,0,0,0,0,11,0,0,0,1,0,0,11,46,2,0,0,44,5,8,8,1,0,0,17,3,4,0,9,2,0,2,0,0,51,19,0,16,2
1,0,0,0,29,1,1,4,3,3,15,0,0,28,0,0,0,0,0,1,0,1,0,21,0,6,1,1,3,80,0,9,0,7,0,1,1,60,32,2,1,1,0,62,0,0,7,0,14,1,26,0,0,3,1,5,12,0,5,10,0,2,4,2,0,2,0,3,1,0,10,3,44,1,1,0,1,1,2,1,1,0,0,2,0,1,0,1,3,5,18,0,0,0,1,622,15,36,0,0,0,1,4,0,0,0,0,1,188,0,0,9,0,1,4,0,0,2,0,0,0,0,1,0,2,1,6,183,1,0,2,74,70,0,1,0,11,4,8,1,6,7,1,0,0,0,0,1,0,0,0,1,5,1,0,0,0,0,0,1,0,1,0,0,18,53,7,1,0,2,21,0,0
4,24,9,0,0,3,0,0,0,1,423,6,0,0,0,2,0,0,6,0,376,13,104,1,0,19,98,0,0,18,2,0,0,0,0,0,0,0,0,0,4,82,4,0,0,1,10,38,14,0,86,0,17,0,1,0,2,67,0,198,1,0,3,0,25,1,1,37,1,0,55,0,0,0,1,0,1,0,1,0,10,7,0,1,1,0,9,0,335,3,2,0,0,1,0,3,0,0,0,2,1,0,0,0,3,0,0,0,0,0,0,305,9,0,4,0,3,0,1,0,1,0,6,15,0,0,1,9,7,1,0,0,0,1,0,2,0,0,0,4,0,0,0,0,0,6,1,0,0,0,0,0,0,0,15,365,0,0,18,1,0,0,0,0,0,3,0,1,0,6,0,0,0
0,0,0,0,0,2,0,0,0,13,1,0,0,0,2,10,0,131,0,2,0,0,0,1,5,0,0,0,0,0,5,0,0,0,1,64,0,0,0,0,1,0,2,1,2,0,0,19,19,0,0,0,0,0,1,1,4,0,0,1,4,0,0,1,1,0,0,1,6,0,14,0,0,0,0,0,0,0,13,8,1,1,0,27,46,30,0,0,3,16,0,0,68,11,7,0,1,0,0,0,2,0,0,0,0,0,0,11,0,0,0,0,29,444,0,179,28,0,0,7,0,0,0,0,164,0,0,0,1,0,1,0,0,0,1,0,0,0,0,3,1,0,0,8,0,0,0,2,0,0,0,55,0,15,0,0,0,0,2,0,0,0,7,0,0,0,0,0,106,0,0,2,1
1,0,0,0,2,0,0,274,0,0,0,0,0,1,0,0,0,0,0,0,0,0,0,0,0,0,0,358,0,0,2,0,0,0,7,2,0,2,0,1,0,0,0,1,0,0,1,0,0,0,0,21,0,260,0,0,0,0,1,0,0,550,12,0,0,0,0,0,1,0,0,31,0,0,0,0,0,427,0,0,0,0,0,0,0,0,0,6,0,16,0,0,0,0,0,150,2,0,45,0,0,22,2,0,0,1,0,0,14,1,395,0,0,0,0,0,0,2,0,0,0,0,0,0,25,0,0,0,0,0,5,16,8,1,0,3,0,0,0,0,0,0,0,0,0,0,0,0,0,187,1,0,0,0,0,0,61,0,0,0,0,845,0,0,1,0,0,3,0,0,0,0,0
0,0,0,0,0,0,0,7,0,0,0,0,0,0,0,0,0,0,0,0,0,0,0,0,0,0,0,7,0,0,0,0,0,0,0,3,0,0,0,0,0,0,0,0,0,0,0,1,0,0,0,36,0,1,0,0,0,0,0,0,0,0,0,1,0,0,0,0,0,0,0,25,0,0,0,0,1,0,0,0,0,0,0,0,0,0,0,9,0,0,0,0,0,0,0,5,0,0,0,0,0,0,0,0,0,0,0,0,0,0,1,0,0,1,0,0,0,0,0,0,0,0,0,0,0,0,0,0,0,0,5,0,1,0,0,0,0,0,0,0,0,0,0,0,0,0,0,0,0,1,0,0,0,0,0,0,38,0,0,0,0,6,0,0,0,0,0,0,0,0,1,0,0
