0.87243,0.23294,0.41061,0.38959,0.1947,0.26637,0.95691,0.51799,0.84699,0.33142,0.66614,0.49794,0.88231,0.56882,0.50644,0.36533,0.52316,0.39114,0.54201,0.40519,0.47323,0.47348,0.30635,0.51248,0.2426,0.4983,0.22008,0.5359,0.59527,0.8002,0.21954,0.45591,0.19895,0.82859,0.5625,0.33147,0.39159,0.71922,0.76794,0.65548,0.45167,0.2493,0.31523,0.25474,0.48655,0.18233,0.35611,0.49014,0.15867,0.59182,0.23386,0.73962,0.57711,0.74255,0.62903,0.26594,0.20423,0.52381,0.58713,0.28588,0.39141,0.66752,0.1845,0.63945,0.40574,0.45789,0.32186,0.72766,0.32825,0.78943,0.5005,0.3253,0.56033,0.15678,0.63435,0.9766,0.6248,0.63863,0.41085,0.34161,0.27158,0.71651,0.37317,0.6791,0.57912,0.63561,0.45464,0.35814,0.51286,0.38424,0.39786,0.98884,0.72322,0.68351,0.54414,0.50764,0.5039,0.76769,0.53479,0.24801,0.35024,0.7473,0.51729,0.91785,0.18435,0.95905,0.33625,0.24299,0.60654,0.73347,0.67058,0.41237,0.29981,0.68621,0.15385,0.22431,0.49872,0.66018,0.38438,0.58415,0.50479,0.55832,0.62909,0.45815,0.2635,0.77768,0.53532,0.62231,0.51074,0.41287,0.60526,0.33197,0.68414,0.41863,0.4604,0.35093,0.55287,0.44025,0.79098,0.44836,0.34759,0.69046,0.61625,0.48276,0.84,0.32468,0.36073,0.32558,0.4509,0.82625,0.61751,0.26236,0.31847,0.51802,0.48253,0.88101,0.32757,0.55858,0.24571,0.49269,0.37277,0.79554,0.4116,0.59192,0.70244,0.7247,0.69326,0.75079,0.4465,0.1738,0.43546,0.66667,0.54565
0.54663
0,35,294,157,0,37,0,0,0,0,0,70,0,0,0,1,0,4,89,9,1,2,3,0,172,11,8,0,0,0,0,0,7,0,0,0,1,0,0,0,1,8,238,0,0,1,1,0,3,0,0,0,172,0,4,0,0,20,0,0,0,0,0,0,1,1,28,0,0,0,0,0,13,90,458,0,0,0,0,0,0,0,89,0,0,0,30,0,0,0,0,0,0,4,0,0,0,0,81,218,0,0,9,0,39,0,192,0,0,0,0,0,2,0,29,0,0,0,1,18,0,2,0,33,2,0,0,0,1,21,0,0,0,0,0,0,0,0,0,0,0,0,0,0,0,225,14,9,3,0,0,0,0,17,4,0,0,27,18,10,2,0,0,11,0,0,0,0,0,3,0,0,10
0,1,9,66,1,14,0,0,0,12,0,4,0,0,0,5,0,2,0,0,0,0,0,0,20,0,6,0,0,0,71,0,91,0,0,1,4,0,0,0,1,0,57,0,21,104,4,3,0,0,0,0,1,0,2,0,1,0,0,4,2,0,0,0,0,0,8,0,20,0,0,0,0,47,1,0,1,0,3,0,0,3,356,0,1,1,0,0,0,0,1,0,7,1,0,0,0,0,27,4,60,0,374,0,5,0,6,20,0,21,0,0,6,0,0,15,2,0,1,1,27,517,0,24,0,0,0,0,0,353,0,0,0,0,0,0,0,0,0,1,0,0,0,8,0,2,316,13,225,0,0,8,1,0,0,0,0,410,10,0,8,0,23,293,0,0,0,0,1,1,0,0,257
1,38,45,37,27,38,2,1,1,10,5,16,6,1,0,0,1,1,27,128,1,9,49,0,61,12,18,0,1,0,15,0,86,0,0,28,7,5,1,7,6,4,96,1,1,63,59,1,55,0,33,0,27,3,4,15,4,35,4,1,0,1,6,0,3,0,16,2,3,1,0,1,3,111,4,4,2,0,3,0,1,3,119,0,0,1,4,0,0,0,9,0,0,3,0,4,2,10,41,110,2,1,25,3,105,2,126,1,0,5,0,3,11,0,12,8,5,1,22,2,1,13,3,77,2,0,13,0,0,58,1,0,4,20,0,1,0,0,1,2,0,11,1,4,1,56,41,101,26,0,0,12,9,3,10,0,0,45,3,12,28,0,1,19,1,0,0,7,0,34,1,7,28
0,150,150,36,0,114,0,0,0,0,0,22,0,0,0,0,0,0,458,8,57,25,27,0,31,32,62,0,0,3,0,0,0,0,0,0,1,0,0,0,3,179,54,0,0,0,0,0,9,0,1,0,363,0,0,0,1,103,0,0,2,0,1,0,0,0,6,1,3,0,8,0,3,21,94,0,0,0,0,0,0,0,7,0,0,0,27,0,56,0,0,0,0,1,0,0,0,0,21,176,0,0,0,0,46,0,62,0,0,0,0,11,3,0,45,2,0,0,0,2,1,0,0,21,0,0,0,0,2,7,0,0,0,3,0,0,0,0,0,0,0,0,0,0,0,225,1,10,0,0,0,1,0,4,22,4,0,0,129,19,0,0,0,0,0,0,0,0,0,1,0,0,1
0,6,32,73,0,24,0,0,0,1,0,2,0,0,0,0,0,0,5,1,1,2,0,0,27,3,0,0,0,0,4,0,2,0,0,0,0,0,0,0,0,0,37,0,0,1,0,0,0,0,0,0,2,0,0,0,0,0,0,0,0,0,0,0,0,0,4,0,0,0,0,0,0,110,1,0,0,0,0,0,0,0,56,0,0,0,0,0,0,0,0,0,0,2,0,0,0,0,5,43,1,0,18,0,15,0,31,0,0,0,0,1,0,0,4,0,0,0,0,0,1,9,0,1,0,0,0,0,0,78,0,0,0,0,0,0,0,0,0,0,0,0,0,0,0,13,19,18,7,0,0,0,0,2,0,0,0,50,0,1,0,0,0,8,0,0,0,0,0,0,0,0,8
2,109,16,12,115,69,0,0,0,18,9,12,0,0,0,0,13,0,32,312,24,78,125,0,32,112,17,0,2,3,12,5,49,0,0,5,18,11,0,0,33,11,11,7,0,32,295,5,129,5,135,0,8,0,18,30,13,24,12,0,2,0,6,5,4,0,32,8,17,0,20,0,13,28,6,0,9,0,6,4,3,0,11,0,2,1,6,0,5,1,14,0,1,6,1,8,1,3,5,66,1,0,5,0,128,0,35,5,4,1,0,39,33,0,16,5,4,17,102,9,1,1,3,15,3,0,0,4,3,30,0,1,0,24,2,0,0,0,0,5,0,0,0,20,0,31,47,71,2,0,0,15,88,6,43,1,0,6,44,21,104,0,8,4,0,5,1,0,0,50,0,28,21
0,1,83,307,0,2,0,0,0,0,0,25,0,0,0,0,3,0,0,0,1,0,8,0,5,0,109,0,0,0,3,0,34,0,0,0,0,0,0,0,0,1,184,0,14,54,1,9,8,0,3,0,10,0,0,0,0,7,0,0,13,0,0,0,0,0,8,0,1,0,0,0,0,18,2,0,0,0,0,0,0,0,132,0,0,0,2,0,0,0,0,0,0,1,0,0,0,0,415,95,8,0,24,0,3,0,40,0,0,0,0,0,158,0,0,0,0,0,0,1,16,3,0,427,0,0,0,0,0,20,0,0,0,0,0,0,0,0,0,0,0,0,0,16,0,32,24,3,2,0,0,0,1,1,0,0,0,13,0,0,4,0,0,27,0,0,0,0,0,1,0,0,7
0,3,0,1,1,0,0,0,0,1,1,0,0,0,4,0,0,0,5,0,0,2,1,0,0,0,0,0,0,0,7,0,0,0,3,0,0,0,0,1,0,0,1,41,0,0,1,0,0,0,0,2,0,2,0,1,0,1,7,2,0,0,1,0,2,0,0,3,0,0,0,0,0,0,4,0,0,0,0,0,0,0,0,0,2,1,3,0,1,0,0,0,1,1,0,0,0,1,0,0,0,0,0,0,0,1,0,0,0,1,0,0,0,0,11,2,0,0,0,0,0,0,1,2,0,0,0,0,0,0,0,0,0,0,0,9,0,18,0,8,0,0,0,0,0,0,0,0,0,0,2,0,17,0,1,0,0,0,1,0,0,1,0,0,110,0,0,2,0,0,0,0,0
2,0,0,0,35,0,9,2,67,0,10,0,107,6,354,0,1,3,0,6,3,0,0,390,0,1,0,3,11,13,0,7,0,239,1,1,201,176,254,66,0,0,0,14,0,0,0,0,32,3,3,3,0,1,1,15,7,0,1,25,0,2,12,6,0,245,0,4,0,200,8,14,2,0,0,9,6,1,0,1,236,0,0,0,1,3,0,4,1,2,25,14,0,28,1,38,34,879,0,0,21,2,0,110,0,4,0,0,9,0,1,7,0,31,9,1,0,4,0,1,0,0,9,0,6,9,20,608,5,0,73,177,20,3,2,6,386,1,1298,0,195,276,493,0,0,0,0,1,0,0,8,0,0,0,0,0,7,0,0,78,0,5,8,0,2,4,140,1,0,0,334,0,0
0,0,0,0,0,0,0,48,0,0,0,0,0,0,0,0,0,0,0,0,0,0,0,0,0,0,0,9,0,0,0,0,0,0,1,1,0,0,0,0,0,0,0,0,0,0,0,0,0,0,0,135,0,14,0,0,0,0,0,0,0,0,0,0,0,0,0,0,0,0,0,244,0,0,0,0,0,4,0,0,0,0,0,0,0,0,0,29,0,0,0,0,0,0,0,0,0,0,0,0,0,13,0,0,0,0,0,0,0,9,1,0,0,0,0,0,0,0,0,0,0,0,0,0,0,1,0,0,0,0,59,0,0,0,0,0,0,0,0,0,0,0,0,0,0,0,0,0,0,4,0,0,0,0,0,0,250,0,0,0,0,0,0,0,0,0,0,0,0,0,0,0,0
0,0,0,0,7,0,12,8,1,4,1,0,0,5,2,0,12,1,0,1,0,0,0,0,0,0,0,1,0,0,1,0,0,1,34,16,0,0,0,5,0,0,0,128,0,1,1,0,50,0,0,3,0,4,1,0,0,0,15,0,0,5,10,0,0,2,0,1,9,0,0,28,0,0,35,5,0,5,1,0,0,0,2,0,0,0,0,97,0,1,0,1,2,0,0,1,15,1,0,0,0,82,0,0,0,3,0,2,2,58,0,0,1,0,3,4,1,0,0,0,0,0,3,0,0,15,3,0,0,0,26,1,19,0,4,198,1,73,0,3,0,1,0,0,2,0,1,0,1,0,15,2,20,0,1,0,20,0,0,6,3,0,0,0,13,1,0,17,0,0,3,2,0
0,1,0,1,16,0,0,1,103,4,0,0,3,37,5,0,4,0,1,1,0,0,0,0,0,3,0,0,1,0,3,8,4,6,6,1,0,11,18,5,9,0,0,146,1,3,15,2,16,1,4,0,0,4,0,19,0,0,5,27,1,13,9,18,0,10,0,5,1,6,10,2,1,1,1,1,4,4,1,1,24,0,0,1,4,7,0,0,1,15,6,4,3,2,0,134,6,25,2,0,4,18,29,1,1,5,0,1,3,8,1,1,1,0,68,1,3,0,0,1,1,0,4,0,0,2,6,30,2,1,3,14,101,1,4,128,15,210,49,16,5,39,0,1,0,0,8,0,0,0,1,0,262,0,0,0,0,0,1,5,4,1,0,0,20,3,8,1,0,0,43,0,6
4,0,0,0,120,0,0,0,2,3,0,1,0,177,0,1,0,0,0,18,0,0,0,47,0,2,0,1,2,5,0,9,2,1,7,0,2,0,0,0,0,0,1,35,0,6,4,1,23,2,1,0,0,0,5,169,12,0,2,2,1,0,20,52,0,2,9,5,4,0,5,0,41,8,0,0,12,0,6,13,7,1,0,5,0,3,1,3,0,23,3,0,1,7,1,13,100,3,2,0,2,1,1,1,0,0,0,5,0,0,0,4,0,32,0,1,4,4,0,2,0,0,0,0,5,0,0,7,3,2,13,5,0,355,5,0,6,0,18,6,21,0,4,1,0,0,0,0,0,0,2,1,0,1,0,0,1,0,0,1,1,0,10,0,0,8,7,0,0,3,227,0,0
0,2,3,11,1,64,0,0,0,76,0,20,0,0,0,137,0,143,5,24,3,6,14,0,74,3,20,0,1,0,115,0,204,0,0,0,6,0,0,0,4,3,16,2,48,196,58,12,7,1,10,0,3,0,45,0,1,4,2,1,13,0,0,0,6,0,175,1,63,0,2,0,3,72,3,0,0,0,19,8,1,7,111,2,2,2,5,0,0,0,0,0,1,15,4,0,0,0,24,8,119,2,152,0,29,0,6,32,0,7,0,0,14,0,0,63,6,3,22,42,29,254,0,55,3,0,0,0,0,144,0,0,0,1,0,0,0,0,0,11,0,0,0,6,0,3,167,90,131,0,0,90,9,56,0,0,0,107,13,27,55,0,53,53,0,0,0,0,7,25,0,7,65
0,73,4,0,0,29,0,0,0,0,8,2,0,0,0,0,0,0,18,9,6,248,13,0,2,197,9,0,1,0,0,0,0,0,0,0,0,0,0,0,0,7,1,0,0,0,1,0,1,0,1,0,2,0,0,0,0,7,1,1,0,0,0,1,0,0,0,12,1,0,8,0,1,2,2,2,0,0,0,0,0,0,0,0,0,0,0,0,29,1,0,0,0,0,0,0,0,0,0,10,0,0,0,0,28,0,0,0,0,0,0,20,4,0,16,0,0,0,1,0,0,0,0,0,0,0,0,0,2,0,0,0,0,0,0,0,0,0,0,0,0,0,0,0,0,3,0,7,0,0,0,0,0,0,81,3,0,0,71,1,0,0,0,0,0,0,0,0,0,0,0,2,0
1,0,0,0,0,0,0,0,0,1,3,0,0,0,2,0,0,0,0,2,0,0,1,0,1,3,0,0,9,0,2,7,1,0,1,2,5,0,0,1,28,1,0,0,0,1,16,0,2,39,1,0,0,0,1,1,34,0,0,26,1,0,1,43,0,5,0,0,3,0,0,0,1,1,0,1,85,0,3,1,110,0,0,1,1,0,0,0,1,0,110,0,1,0,1,0,0,2,0,0,0,0,0,0,0,1,0,4,1,0,0,0,1,0,1,0,2,3,3,2,0,1,38,0,0,0,0,1,32,0,0,1,0,1,29,0,2,0,1,0,3,1,1,0,0,0,2,0,0,0,0,0,0,0,0,0,0,0,0,0,5,0,0,0,0,2,0,0,0,2,0,12,1
6,0,0,0,0,0,7,0,3,0,18,0,10,0,1,0,1,0,0,2,1,0,0,0,0,3,0,1,0,0,0,1,0,3,2,1,0,5,1,23,4,0,0,0,0,0,1,0,0,0,0,0,0,4,0,0,1,0,3,79,0,1,14,0,0,16,0,2,0,24,0,1,0,1,0,1,1,0,0,1,0,0,0,0,0,0,0,4,7,0,24,2,0,0,0,4,1,4,0,0,0,0,0,2,0,4,0,0,12,0,0,1,0,0,3,0,1,0,0,1,0,0,14,0,1,0,341,3,0,0,0,6,20,0,1,8,26,0,1,0,1,37,0,0,1,0,0,0,0,0,1,0,0,0,1,10,1,0,0,0,0,0,0,0,3,0,1,473,0,0,0,0,0
43,5,3,2,7,3,0,1,0,18,1,146,1,0,0,9,3,424,0,8,7,0,6,1,16,8,3,0,0,41,17,0,44,0,0,11,0,3,1,1,8,67,0,1,3,20,20,3,6,1,10,0,0,0,546,13,20,22,0,0,33,0,2,1,47,0,290,3,24,0,4,0,404,2,7,0,3,0,25,4,0,8,3,0,4,1,426,0,0,0,9,0,0,514,339,1,0,1,2,8,14,0,3,0,10,0,0,12,0,38,0,15,2,0,7,109,10,6,10,656,0,7,0,7,16,0,0,0,7,14,0,2,0,148,0,18,1,0,0,9,0,0,0,2,0,1,16,6,8,0,0,16,23,388,6,0,0,2,3,1,5,0,0,2,0,0,0,0,0,69,0,11,10
0,0,0,15,0,0,0,0,0,19,0,0,0,0,0,9,0,1,0,0,0,0,11,0,0,0,17,0,0,0,65,0,40,0,0,3,2,0,0,0,1,0,2,0,416,118,8,84,2,0,1,0,0,0,4,0,6,0,0,0,62,0,0,0,10,0,4,1,41,0,0,0,0,1,0,0,0,0,20,22,0,38,10,89,24,29,0,0,0,0,0,0,28,0,0,0,1,0,22,0,290,0,29,0,2,0,0,70,0,3,0,0,2,0,0,6,57,1,0,2,316,16,0,63,1,0,0,0,0,6,0,0,0,0,0,0,0,0,0,36,0,0,0,85,0,0,9,4,13,0,0,9,1,0,0,0,0,10,1,0,4,0,9,9,0,0,0,0,0,0,0,1,1
0,0,0,0,0,0,2,1,4,0,0,0,1,0,0,0,2,0,0,0,0,0,0,0,0,0,0,1,0,0,0,0,0,4,2,0,0,10,8,7,0,0,0,3,0,0,0,0,0,0,0,5,0,4,0,0,0,0,0,0,0,5,3,0,0,1,0,0,0,0,0,2,0,0,0,1,0,1,0,0,0,0,0,0,0,0,0,9,0,0,1,1,0,0,0,29,0,0,0,0,0,10,0,1,0,2,0,0,891,0,1,0,0,0,0,0,0,0,0,0,0,0,0,0,0,1,7,0,0,0,0,35,1083,0,0,0,7,4,0,0,0,19,0,0,1,0,0,0,0,1,0,0,4,0,0,0,3,0,0,0,0,0,0,0,21,0,0,3,0,0,0,0,0
10,0,0,0,147,0,1,0,1,1,5,0,0,58,27,0,61,3,0,1,0,1,0,0,0,1,0,2,0,0,12,0,0,0,52,5,0,0,0,0,0,79,1,27,0,1,0,0,10,0,1,0,0,3,0,0,0,0,2,4,0,1,2,0,0,0,0,23,1,0,0,2,2,0,1,0,0,0,0,0,2,0,0,0,0,0,0,5,0,0,0,0,0,0,0,2,0,0,0,0,0,4,0,0,0,0,0,1,0,1,0,0,1,1,1,1,1,0,0,0,0,0,0,0,0,66,0,0,0,0,3,0,2,0,0,12,0,4,0,1,0,0,4,0,97,0,0,3,0,0,402,0,3,0,2,0,1,0,1,0,0,0,1,0,21,0,0,0,1,0,0,0,0
0,0,0,0,3,0,1799,0,3,0,12,0,11,0,0,0,3,0,0,0,0,0,0,0,0,0,0,0,0,0,0,0,0,7,0,1,0,6,7,385,1,0,0,1,0,0,2,0,0,0,0,0,0,0,0,1,1,0,8,6,0,0,39,0,0,8,0,1,1,5,0,0,0,0,0,2295,0,0,0,0,1,0,0,0,0,1,0,0,0,0,63,3545,0,0,1,1,11,37,0,0,0,0,0,6,0,1780,0,0,3,0,0,0,0,0,3,0,1,2,0,0,0,0,3,0,0,0,18,2,0,0,0,2,36,0,3,0,3,0,0,0,1,27,0,0,0,0,0,0,0,0,0,0,1,0,0,2,0,0,0,0,0,0,0,0,0,0,10,9,1,0,1,0,0
6,2,2,3,2,1,20,1,1,7,5,0,0,19,12,1,18,2,1,39,3,0,0,5,0,4,1,0,2,0,9,2,7,0,35,4,0,0,0,1,3,2,3,41,0,1,2,2,5,2,0,4,0,1,3,126,1,0,213,8,0,1,3,3,1,1,1,1,12,0,4,1,3,2,0,1,0,0,1,1,8,0,2,5,2,14,0,5,0,1,3,1,8,7,2,4,388,0,1,2,0,21,1,0,1,5,0,2,3,15,2,1,1,22,3,4,9,373,1,3,0,5,2,0,17,15,17,5,1,7,0,0,12,0,238,5,0,4,0,0,0,0,10,12,14,0,11,1,2,0,11,9,3,0,1,1,1,7,1,0,5,0,5,3,17,4,0,9,3,1,4,5,4
1,2,0,4,10,16,0,0,0,314,0,5,0,0,0,54,25,55,0,10,0,5,76,0,35,6,16,0,4,0,154,0,187,0,0,13,12,0,0,0,57,3,0,32,129,184,165,78,27,0,47,0,1,0,46,0,20,2,2,0,84,0,2,1,43,0,61,4,192,0,13,0,0,5,0,0,1,0,248,71,0,58,17,75,45,43,2,0,8,2,0,0,69,7,194,3,1,0,1,0,140,1,14,0,14,0,2,199,0,13,0,2,19,3,0,124,59,13,34,13,86,59,0,19,19,0,0,0,1,21,0,1,0,11,0,0,0,0,0,180,0,0,0,34,0,1,45,55,41,0,0,190,76,23,1,0,0,21,32,25,24,0,107,5,0,0,0,0,217,29,0,14,8
1,6,0,4,73,14,1,3,1,347,3,15,0,2,3,9,173,14,1,59,2,4,110,2,19,4,13,2,30,1,182,5,227,4,0,237,49,0,3,2,243,4,2,68,106,195,469,168,59,25,221,0,0,0,86,78,66,7,21,0,97,0,9,9,58,2,83,11,237,0,40,1,2,8,2,0,35,0,269,52,8,70,11,84,78,124,11,1,10,67,30,0,96,9,19,11,8,1,9,4,50,1,10,1,12,0,7,212,0,18,0,5,35,11,1,104,128,111,128,14,66,24,4,39,70,0,1,1,4,29,1,7,0,119,5,1,0,0,0,382,1,0,3,94,0,0,108,23,24,0,1,191,300,12,4,0,0,24,57,10,167,2,291,6,0,0,0,0,26,60,2,210,19
0,0,0,0,0,0,2,0,0,24,0,0,0,0,0,132,4,4,0,0,0,1,15,0,0,0,6,0,4,1,27,0,3,0,0,158,10,0,0,0,5,1,0,0,89,12,2,497,2,1,7,0,0,0,2,1,16,3,0,0,319,0,0,0,256,1,2,28,39,0,10,0,0,0,0,0,1,0,39,74,2,599,0,728,355,614,0,0,113,239,1,0,844,0,8,0,1,0,0,0,63,0,0,0,0,0,0,123,0,2,0,0,125,24,0,36,390,5,0,0,58,6,0,0,121,0,0,0,1,0,0,0,0,1,0,0,0,0,0,125,0,0,0,420,0,0,0,1,1,0,0,44,9,0,0,0,0,2,5,0,2,0,12,0,0,0,0,0,72,0,0,0,0
0,0,0,0,0,0,0,25,0,1,0,0,0,0,0,0,0,2,0,0,0,0,0,0,0,0,0,14,0,0,0,0,0,0,16,3,0,0,0,0,0,0,0,2,0,0,0,0,55,0,0,92,0,6,1,0,0,0,0,0,0,0,3,0,0,0,0,0,0,0,0,324,0,0,0,0,0,2,0,0,0,0,0,0,0,0,0,30,0,1,0,0,0,0,0,3,0,0,1,0,0,10,0,0,0,0,0,0,0,9,4,0,0,0,0,1,0,1,0,0,0,0,0,0,1,2,0,0,0,0,437,0,1,0,0,2,0,1,0,0,0,0,0,0,0,0,0,0,0,6,1,0,0,0,0,0,112,0,0,0,0,3,0,0,0,0,0,6,0,0,3,0,0
1,1,0,0,90,0,0,6,20,0,60,0,6,653,95,0,384,0,0,2,0,1,0,0,0,0,0,1,0,0,21,0,0,0,423,3,0,0,0,5,0,14,0,19,0,0,0,0,2,0,2,7,0,15,0,0,0,0,26,4,0,6,7,0,0,2,0,2,0,3,0,10,54,0,0,3,0,0,0,0,2,0,0,0,1,0,0,36,0,0,0,0,0,2,0,2,14,0,0,0,0,65,0,0,1,7,0,0,1,14,8,0,0,0,36,1,0,0,0,1,0,0,3,0,0,878,7,1,0,0,8,0,13,0,4,18,0,22,0,0,0,0,1,0,630,0,0,0,0,40,191,0,3,0,0,1,7,1,0,0,0,0,0,0,46,0,0,4,0,0,0,1,0
2,0,0,0,21,0,4,0,1240,0,6,0,1102,1,67,0,3,0,0,0,1,0,0,93,0,0,0,2,3,6,0,11,0,1426,9,0,23,917,1327,1035,0,0,0,3,0,0,0,0,6,0,2,5,0,13,0,2,2,0,4,31,0,11,50,2,0,348,0,1,0,911,0,38,0,0,0,15,3,6,0,0,20,0,0,0,0,1,0,30,0,2,27,17,0,9,0,16,15,108,0,0,1,7,0,1553,0,20,0,0,29,1,1,5,0,6,8,0,0,1,0,0,0,0,3,0,3,50,182,29,1,0,14,243,43,5,7,40,664,1,216,0,121,977,258,0,1,0,0,0,0,1,0,0,0,0,0,0,20,0,0,11,0,4,0,0,7,3,504,1,0,0,92,0,0
1,141,25,21,2,240,2,0,0,82,21,7,0,9,0,1,0,2,75,11,19,500,352,4,4,585,166,1,1,6,3,7,9,0,0,1,1,7,0,0,20,37,25,15,0,23,21,90,99,2,84,0,7,0,2,17,6,15,1,23,6,0,6,14,7,0,1,513,3,0,500,0,6,11,7,0,4,0,1,30,8,0,6,4,2,3,1,0,77,188,2,0,2,2,0,5,1,0,20,59,5,0,3,0,80,0,9,1,5,0,0,400,31,54,53,2,13,1,2,0,5,1,11,85,8,0,1,16,18,4,0,0,0,1,3,1,0,0,0,10,2,0,0,134,0,43,8,20,0,0,0,0,3,0,221,20,0,4,70,3,4,0,0,1,0,15,12,0,0,0,0,0,1
1,0,1,0,3,1,4,0,0,1,4,0,0,3,21,0,0,0,0,4,1,0,1,160,0,6,1,0,46,12,0,548,2,0,0,0,110,21,2,1,7,1,0,4,2,1,6,0,15,88,24,0,0,0,0,77,102,0,1,249,1,0,7,249,8,7,0,0,2,0,9,0,0,4,1,4,134,0,0,0,195,1,0,0,2,8,0,0,0,3,224,0,2,2,2,21,2,10,0,0,3,0,0,0,1,0,0,0,1,0,0,14,4,0,20,0,1,1,0,0,3,0,558,1,0,0,0,40,47,9,0,4,0,2,58,3,12,1,0,9,17,0,1,1,0,0,0,0,1,0,1,0,1,1,6,0,0,0,2,0,5,0,1,1,0,537,8,0,1,1,2,2,1
0,4,2,1,23,9,1,0,0,7,5,0,0,105,34,0,0,0,1,12,3,3,4,16,0,7,3,1,503,4,3,509,8,3,1,0,298,6,15,17,36,4,0,13,1,3,15,2,92,680,20,1,0,1,4,221,145,1,0,189,5,0,10,791,0,72,7,9,5,3,24,0,3,105,0,2,786,0,7,6,204,0,0,2,3,6,0,0,0,10,409,0,0,2,6,34,12,13,0,5,3,0,4,2,0,0,1,6,11,0,0,31,1,5,21,0,7,4,0,3,1,2,203,3,2,0,0,14,333,7,3,88,0,29,343,1,45,0,45,5,172,0,7,7,0,0,1,3,0,0,0,2,0,0,1,0,0,0,1,2,4,3,163,0,0,115,17,0,1,1,34,3,0
0,1,0,0,1,0,1,0,0,0,2,0,0,0,53,0,0,0,0,13,1,0,0,3,0,0,0,0,222,1,0,60,0,6,0,0,6,0,0,0,0,3,0,0,1,1,1,1,1,294,1,0,0,0,0,8,143,0,0,0,0,0,3,28,1,31,1,1,2,0,5,0,0,0,0,0,157,0,1,2,22,1,0,1,0,5,0,0,0,2,30,0,4,1,0,2,1,2,0,0,0,0,0,6,0,0,0,0,1,0,0,10,0,2,0,2,5,0,0,0,0,0,10,0,0,0,0,1,59,2,0,7,0,1,25,0,10,0,2,0,10,0,17,5,0,0,0,0,0,0,0,1,0,0,1,0,0,0,0,0,1,0,4,0,0,24,1,0,0,0,0,0,0
1,215,12,11,2,185,0,0,0,3,0,3,0,0,0,0,0,0,98,48,28,128,10,0,168,92,11,0,0,0,1,0,38,0,0,0,1,0,0,0,3,4,13,0,0,6,12,1,6,0,0,0,2,0,1,0,2,13,0,0,0,0,0,0,0,0,8,0,2,0,14,0,1,47,15,0,0,0,1,0,0,0,10,0,0,0,3,0,4,0,0,0,0,0,0,0,0,1,3,41,3,0,2,0,139,0,24,0,0,1,0,23,11,0,11,0,0,0,1,1,0,2,0,4,0,0,0,0,1,24,0,0,0,0,0,0,0,0,0,0,0,0,0,1,0,25,6,252,7,0,0,6,0,1,17,3,0,4,32,236,1,0,0,3,0,0,1,0,0,19,0,0,7
0,1,1,8,0,10,0,0,0,0,0,3,0,0,0,0,0,0,2,0,240,1,124,0,3,5,171,0,0,0,0,0,3,0,0,0,0,0,0,0,0,6,0,0,0,2,1,2,4,0,0,0,7,0,0,0,0,10,0,0,2,0,0,0,0,0,0,0,0,0,0,0,0,1,3,0,0,0,0,0,0,0,0,0,0,0,1,0,1,0,0,0,0,0,0,0,0,0,2,9,2,0,0,0,5,0,5,0,0,0,0,3,0,0,0,0,0,0,0,1,0,0,0,24,0,0,0,0,0,2,0,0,0,0,0,0,0,0,0,0,0,0,0,2,0,8,0,5,0,0,0,0,0,0,0,0,0,0,0,4,0,0,0,0,0,0,0,0,0,0,0,0,0
0,3,0,0,5,2,2,7,0,0,0,1,0,14,6,0,11,0,4,1,0,1,0,0,0,0,0,0,0,0,53,0,0,0,16,0,0,0,0,1,0,2,0,242,1,0,0,0,1,0,1,3,0,1,0,1,0,0,529,0,0,1,1,0,0,0,2,8,0,0,0,2,1,1,0,1,0,0,0,0,1,0,1,3,1,0,0,4,2,0,0,0,4,0,0,0,110,0,0,0,0,21,1,0,3,6,0,0,1,15,0,0,0,0,3,0,1,0,0,0,1,0,0,0,0,31,0,0,0,0,1,0,19,0,5,28,1,39,0,7,0,1,0,0,1,0,2,0,0,0,9,0,40,0,0,0,0,0,0,0,2,0,0,1,720,0,0,1,0,0,0,0,1
636,12,26,15,2,5,1,0,2,5,8,363,0,6,0,6,0,289,8,2,5,1,18,20,26,4,10,0,0,793,1,7,33,0,0,4,2,2,3,0,3,179,7,2,5,19,9,3,6,1,162,0,2,0,61,13,62,374,0,5,154,0,1,3,325,0,141,5,2,0,11,0,118,7,67,0,4,0,10,8,2,40,8,3,2,3,403,0,0,2,7,0,2,105,24,16,0,0,8,16,8,0,7,0,61,0,21,8,0,3,0,19,10,1,42,4,14,7,0,331,10,0,4,8,122,0,0,10,116,8,0,3,0,119,1,191,0,0,0,13,0,0,0,5,0,8,12,8,4,0,1,1,1,203,8,1,0,1,5,1,4,0,0,47,0,1,2,0,0,58,2,2,9
0,0,0,0,0,0,0,763,0,0,0,0,0,0,0,0,0,0,0,0,0,0,0,0,0,0,0,627,0,0,0,0,0,0,11,0,0,0,0,0,0,0,0,0,0,0,0,0,0,0,0,55,0,1171,0,0,0,0,0,0,0,1311,0,0,0,0,0,0,0,0,0,45,0,0,0,0,0,1025,0,0,0,0,0,0,0,0,0,1,0,0,0,0,0,0,0,0,0,0,0,0,0,30,0,0,0,0,0,0,52,9,857,0,0,0,0,0,0,0,0,0,0,0,0,0,5,0,2,0,0,0,2,2,12,0,0,4,0,0,0,0,0,0,0,0,0,0,0,0,0,1303,0,0,0,0,0,0,42,0,0,0,0,138,0,0,0,0,0,3,0,0,0,0,0
0,0,0,0,0,0,0,330,0,0,0,0,0,0,0,0,0,0,0,0,0,0,0,0,0,0,0,45,0,0,0,0,0,0,0,0,0,0,0,0,0,0,0,0,0,0,0,0,0,0,0,1051,0,22,0,0,0,0,0,0,0,0,0,0,0,0,0,0,0,0,0,113,0,0,0,0,0,2,0,0,0,0,0,0,0,0,0,277,0,0,0,0,0,0,0,0,0,0,0,0,0,1,0,0,0,0,0,0,3,0,4,0,0,0,0,0,0,0,0,0,0,0,0,0,0,0,0,0,0,0,1,0,1,0,0,0,0,0,0,0,0,0,0,0,0,0,0,0,0,26,0,0,0,0,0,0,360,0,0,0,0,0,0,0,0,0,0,1,0,0,0,0,0
1,0,0,0,3,0,8,24,1,2,0,0,1,16,12,0,4,0,0,6,0,0,0,0,0,0,0,10,0,0,5,0,1,0,115,23,0,0,0,8,0,0,0,53,0,0,1,0,5,0,0,3,0,30,0,1,0,0,35,0,0,14,15,0,0,0,3,0,0,1,0,106,2,0,0,5,0,21,0,0,0,0,1,0,1,0,0,308,0,1,0,0,1,1,0,0,26,0,0,0,0,967,0,0,0,11,0,1,3,710,2,0,0,0,2,0,0,0,0,0,0,0,0,0,0,58,9,0,0,1,62,1,28,0,3,379,0,80,0,1,0,1,0,0,2,0,2,0,0,8,4,0,29,0,0,0,188,0,0,0,1,1,0,0,22,0,0,89,0,0,0,0,0
0,0,0,0,1,0,2,0,12,0,0,0,1,0,0,0,0,0,0,1,0,0,0,0,0,0,0,6,0,0,0,0,0,17,6,0,0,25,63,6,0,0,0,2,0,0,0,0,0,0,0,0,0,7,0,0,0,0,3,0,0,30,2,0,0,2,0,0,0,0,0,1,0,0,0,0,0,26,0,0,0,0,0,0,0,0,0,3,0,0,0,0,0,0,0,24,0,1,0,0,0,19,0,5,0,3,0,0,216,3,5,0,0,0,0,0,0,0,0,0,0,0,0,0,0,0,1,1,0,0,1,53,87,0,0,22,9,15,0,0,2,19,0,0,0,0,0,0,0,1,0,0,20,0,0,0,5,0,0,0,0,2,0,0,9,0,2,0,0,0,0,0,0
0,24,3,2,5,3,0,0,0,16,1,2,0,0,0,0,3,1,4,11,2,15,34,0,3,8,8,0,0,0,14,0,29,0,0,3,0,0,0,0,5,5,0,4,1,13,26,8,15,0,13,0,8,0,5,1,1,5,0,0,0,0,0,0,3,0,5,0,8,0,8,0,0,2,4,0,0,0,33,2,0,0,1,0,3,0,3,0,1,0,0,0,0,3,0,1,0,0,0,3,5,0,1,0,21,0,2,11,0,0,0,3,2,0,3,5,1,2,4,3,1,0,0,8,0,0,0,0,0,2,0,0,0,0,0,0,0,0,0,3,0,0,0,0,0,4,5,20,0,0,0,4,8,2,6,0,0,0,6,1,4,0,0,0,0,0,1,0,0,6,0,2,5
1,62,0,1,0,11,0,0,0,52,14,0,0,0,0,0,3,12,4,18,13,7,6,2,7,27,1,0,0,6,20,1,30,0,0,100,1,0,0,0,50,1,0,2,13,11,85,4,4,1,19,0,0,0,19,4,29,1,0,1,12,0,4,1,7,0,6,2,22,0,219,0,1,1,2,0,6,0,500,165,0,5,1,41,42,19,4,0,1,16,4,0,38,5,10,3,10,0,0,0,19,0,1,0,4,0,0,234,0,0,0,24,20,0,0,35,29,2,0,6,1,4,2,0,6,0,0,0,3,4,0,0,0,2,0,0,0,0,0,11,1,0,0,2,0,0,9,47,1,0,0,64,5,9,8,1,0,0,9,3,1,0,7,2,0,2,0,0,47,31,0,6,1
1,0,0,0,29,1,0,1,2,3,11,1,0,35,0,0,1,0,2,1,0,1,0,17,0,5,0,3,2,77,0,15,0,4,0,1,1,68,25,1,1,1,1,41,0,0,4,0,15,1,54,0,0,3,2,15,9,0,4,11,1,3,3,7,0,4,0,4,1,0,12,1,43,1,0,0,2,1,3,1,1,0,0,1,0,1,0,1,2,7,23,0,0,0,1,598,9,41,0,0,0,1,8,1,0,1,0,1,205,0,0,13,0,5,7,0,0,1,0,0,0,0,0,0,1,1,7,197,1,0,4,68,69,0,0,1,13,4,10,1,8,6,0,0,0,0,0,0,0,0,0,0,5,1,0,0,0,0,0,1,0,1,0,0,13,16,11,1,0,1,17,0,0
6,25,5,0,2,5,0,0,0,2,425,9,0,0,0,1,0,0,5,0,380,15,141,1,0,30,101,0,0,19,2,0,0,0,0,0,0,0,0,0,5,91,2,0,1,1,9,19,23,2,83,0,14,0,1,0,2,60,0,171,1,0,3,0,18,0,0,41,0,0,56,0,0,0,2,0,1,0,1,0,9,2,0,1,0,0,5,0,339,2,3,0,0,1,0,3,0,2,0,2,0,0,0,0,1,0,2,2,0,0,0,315,3,0,4,0,1,0,1,3,1,0,8,16,0,0,2,7,8,1,0,0,0,1,2,1,0,0,0,5,0,0,0,1,0,13,2,1,0,0,0,0,0,0,13,348,0,0,9,0,0,0,0,0,0,1,0,0,0,1,0,0,0
0,0,0,0,0,4,0,0,0,13,0,0,0,0,1,9,0,121,0,2,0,0,0,0,3,0,0,0,0,0,5,0,0,0,0,84,0,0,0,0,1,0,3,0,2,2,1,18,18,0,1,0,0,0,4,1,3,0,0,1,3,0,0,2,1,0,0,3,3,0,9,0,0,0,0,0,0,0,16,16,2,0,0,26,35,75,0,0,2,18,0,0,52,11,9,0,0,0,0,0,4,0,0,0,0,0,0,10,0,0,0,0,26,433,0,155,27,0,0,4,0,0,1,0,161,0,0,0,1,0,3,0,0,0,1,0,0,0,0,2,1,0,0,9,0,0,0,2,0,0,0,62,0,19,0,0,0,0,1,0,0,0,4,0,0,0,0,0,109,0,1,0,0
1,0,0,0,1,0,0,238,0,0,0,0,0,1,0,0,1,0,0,0,0,0,0,0,0,0,0,431,0,0,2,0,0,0,10,2,0,2,0,1,0,0,0,1,0,0,1,0,0,0,0,20,0,268,0,1,0,0,0,0,0,559,15,0,0,0,0,0,0,0,0,35,0,0,0,0,0,507,0,0,0,0,0,0,0,0,0,5,0,17,0,0,0,0,0,193,1,0,83,0,0,17,2,0,0,1,0,0,13,3,390,0,0,1,0,0,0,2,0,0,0,0,0,0,36,0,0,0,0,0,3,11,13,1,0,3,0,0,0,0,0,0,0,0,0,0,0,0,0,184,1,0,0,0,0,0,45,0,0,0,0,642,0,0,0,0,1,2,0,0,0,0,0
0,0,0,0,0,0,0,13,0,0,0,0,0,0,0,0,0,0,0,0,0,0,0,0,0,0,0,9,0,0,0,0,0,0,1,3,0,0,0,0,0,0,0,0,0,0,0,1,0,0,0,32,0,0,0,0,0,0,0,0,0,0,1,1,0,0,0,0,0,0,0,25,0,0,0,0,1,0,0,0,0,0,0,0,0,0,0,8,0,1,0,0,0,0,0,4,0,0,1,0,0,0,0,0,0,0,0,0,0,0,1,0,0,0,0,0,0,0,0,0,0,0,0,0,0,0,0,0,0,0,4,0,0,0,0,0,0,0,0,0,0,0,0,0,0,0,0,0,0,3,0,0,0,0,0,0,36,0,0,0,0,4,0,0,0,0,0,0,0,0,1,0,0
