0.87176,0.23549,0.41201,0.39642,0.19256,0.26357,0.95573,0.51764,0.84823,0.33208,0.66771,0.50205,0.88217,0.5619,0.48857,0.3629,0.53492,0.3873,0.54688,0.40182,0.47309,0.4631,0.29789,0.51169,0.24225,0.5,0.22309,0.54084,0.59501,0.80406,0.22103,0.45951,0.20537,0.82417,0.56667,0.32967,0.3874,0.72218,0.77203,0.66496,0.44693,0.25384,0.31226,0.26524,0.48642,0.18498,0.351,0.49597,0.16213,0.59422,0.23579,0.74071,0.56667,0.7484,0.61802,0.27186,0.20388,0.52132,0.5883,0.29201,0.39033,0.66886,0.19188,0.64211,0.40926,0.46419,0.33188,0.72857,0.34417,0.79039,0.4995,0.32624,0.55972,0.16212,0.62551,0.97543,0.61697,0.62772,0.40835,0.34719,0.26381,0.72308,0.36975,0.68109,0.58521,0.6405,0.45514,0.35864,0.5108,0.3746,0.39338,0.99056,0.71854,0.68733,0.54459,0.50384,0.51455,0.77103,0.53506,0.24579,0.34475,0.75293,0.51366,0.91351,0.1885,0.95777,0.33684,0.24814,0.60664,0.72131,0.66848,0.41393,0.29545,0.64885,0.15,0.22091,0.49552,0.67568,0.37425,0.58574,0.50804,0.55675,0.62838,0.45784,0.26316,0.77551,0.53532,0.61663,0.51593,0.41627,0.61043,0.30884,0.68193,0.41444,0.4508,0.3559,0.55666,0.43725,0.78511,0.44965,0.36315,0.69285,0.62375,0.48558,0.84501,0.32662,0.36158,0.323,0.44779,0.82134,0.6155,0.26152,0.31771,0.5249,0.49315,0.88718,0.33303,0.56396,0.25,0.49687,0.36902,0.78825,0.41547,0.59838,0.70254,0.72959,0.69366,0.75,0.45975,0.17848,0.42989,0.67427,0.53863
0.54682
0,36,295,152,0,37,0,0,0,0,0,70,0,0,0,1,0,4,85,11,1,2,2,0,172,10,8,0,0,0,0,0,7,0,0,0,1,0,0,0,1,9,242,0,0,1,2,0,4,0,0,0,172,0,2,0,0,20,0,0,1,0,0,0,1,1,29,0,0,0,0,0,14,94,456,0,0,0,0,0,0,0,90,0,0,0,30,0,0,0,0,0,0,4,0,0,0,0,80,219,0,0,9,0,37,0,192,0,0,0,0,0,2,0,28,0,0,0,1,17,0,2,0,32,2,0,0,0,0,23,0,0,0,0,0,0,0,0,0,0,0,0,0,0,0,227,14,9,2,0,0,0,0,17,4,0,0,27,19,10,2,0,0,11,0,0,0,0,0,3,0,0,8
0,1,9,67,1,14,0,0,0,12,0,4,0,0,0,5,0,2,0,0,0,0,0,0,20,0,6,0,0,0,72,0,91,0,0,1,4,0,0,0,1,0,55,0,21,106,6,3,0,0,0,0,1,0,2,0,1,0,0,4,2,0,0,0,0,0,9,0,21,0,0,0,0,48,1,0,0,0,3,0,0,3,352,0,1,1,0,0,0,0,2,0,7,1,0,0,0,0,27,4,58,0,376,0,5,0,6,22,0,21,0,0,5,0,0,14,2,0,1,1,27,520,0,24,0,0,0,0,0,353,0,0,0,0,0,0,0,0,0,1,0,0,0,8,0,2,320,13,223,0,0,8,1,0,0,0,0,410,9,0,7,0,22,295,0,0,0,0,0,1,0,0,251
1,33,42,35,26,36,2,1,1,13,5,15,7,0,0,0,1,1,27,130,1,10,50,0,58,11,20,0,2,0,14,0,87,0,0,32,6,5,1,7,5,3,101,1,1,61,53,1,56,0,33,0,29,1,4,16,4,35,4,3,0,1,7,0,2,0,17,3,2,1,0,0,3,113,6,3,3,0,2,0,0,1,117,1,0,1,4,0,0,0,9,0,0,3,0,6,2,7,40,117,2,1,24,2,108,2,127,1,0,6,1,2,11,0,11,9,6,2,23,2,0,13,3,78,2,0,13,0,0,56,1,0,4,21,0,1,0,0,1,2,0,10,1,4,1,57,44,102,26,0,0,12,9,4,7,0,0,43,3,11,26,0,1,19,1,0,0,7,0,32,1,6,31
0,149,150,34,0,116,0,0,0,0,0,21,0,0,0,0,0,0,455,8,54,30,27,0,32,32,62,0,0,3,0,0,0,0,0,0,1,0,0,0,3,179,57,0,0,0,0,0,9,0,1,0,357,0,0,0,1,106,0,0,2,0,1,0,0,0,6,1,3,0,8,0,3,21,96,0,0,0,0,0,0,0,7,0,0,0,25,0,57,0,0,0,0,1,0,0,0,0,22,178,0,0,0,0,44,0,62,0,0,0,0,11,3,0,45,2,0,0,0,3,1,0,0,20,0,0,0,0,3,8,0,0,0,2,0,0,0,0,0,0,0,0,0,0,0,226,1,9,0,0,0,1,0,3,20,3,0,0,133,18,0,0,0,0,0,0,0,0,0,1,0,0,1
0,6,32,73,0,23,0,0,0,1,0,2,0,0,0,0,0,0,6,1,1,3,0,0,25,3,0,0,0,0,4,0,2,0,0,0,0,0,0,0,0,0,36,0,0,1,0,0,0,0,0,0,2,0,0,0,0,0,0,0,0,0,0,0,0,0,4,0,0,0,0,0,0,110,1,0,0,0,0,0,0,0,58,0,0,0,0,0,0,0,0,0,0,2,0,0,0,0,5,41,1,0,18,0,14,0,32,0,0,0,0,1,0,0,4,0,0,0,0,0,1,9,0,1,0,0,0,0,0,78,0,0,0,0,0,0,0,0,0,0,0,0,0,0,0,12,20,18,8,0,0,0,0,2,0,0,0,50,0,1,0,0,0,8,0,0,0,0,0,0,0,0,9
1,105,16,10,115,68,1,0,0,17,7,11,0,0,0,0,11,0,33,309,24,80,130,0,36,109,16,0,2,3,12,6,56,0,0,6,18,8,0,0,32,11,15,6,0,30,283,4,131,5,134,0,7,0,18,31,14,21,13,0,3,0,6,7,3,0,35,10,13,0,17,0,14,24,8,0,12,0,6,4,3,0,11,0,2,1,6,0,5,2,14,0,1,6,1,10,1,3,3,63,3,0,6,0,129,0,34,6,4,1,0,42,34,0,17,5,5,14,106,11,1,2,2,15,3,0,0,3,3,30,0,1,0,23,2,0,0,0,0,5,0,0,0,20,0,34,48,74,2,0,0,16,94,6,39,0,0,5,46,20,99,0,7,4,0,4,1,0,0,50,1,32,18
0,1,83,310,0,2,0,0,0,0,0,23,0,0,0,0,3,0,0,0,1,0,7,0,5,0,107,0,0,0,3,0,33,0,0,0,0,0,0,0,0,1,184,0,13,53,1,7,6,0,3,0,10,0,0,0,0,7,0,0,14,0,0,0,0,0,7,0,1,0,0,0,0,18,2,0,0,0,0,0,0,0,135,0,0,0,3,0,0,0,0,0,0,1,0,0,0,0,412,97,7,0,25,0,3,0,41,0,0,0,0,0,156,1,0,0,0,0,0,1,15,2,0,429,0,0,0,0,0,20,0,0,0,0,0,0,0,0,0,0,0,0,0,18,0,34,26,3,2,0,0,0,1,1,0,0,0,14,0,0,4,0,0,26,0,0,0,0,0,1,0,0,7
0,3,0,1,1,0,0,0,0,1,1,0,0,0,3,0,0,0,4,0,0,2,1,0,0,0,0,0,0,0,7,0,0,0,3,0,0,0,0,1,0,0,1,41,0,0,1,0,0,0,0,2,0,1,0,1,0,0,8,2,0,0,1,0,1,0,0,3,0,0,0,0,0,0,4,0,0,0,0,0,0,0,0,0,2,1,3,0,2,0,0,0,2,1,0,0,0,1,0,0,0,1,0,0,0,1,0,0,0,1,0,0,0,0,13,1,0,0,0,0,0,0,1,2,0,0,0,0,0,0,0,0,0,0,0,11,0,21,0,7,0,0,0,0,0,0,0,1,0,0,1,0,16,0,0,0,0,0,1,0,0,1,0,0,108,0,0,2,0,0,0,0,0
1,0,0,0,34,0,10,1,63,0,12,0,109,6,342,0,2,3,0,6,3,0,0,394,0,1,0,4,12,12,0,11,0,241,1,2,197,175,247,61,0,1,0,14,0,0,0,0,34,3,3,4,0,4,1,15,7,0,1,24,0,2,14,6,0,241,0,4,0,200,7,14,2,0,0,11,4,1,0,0,234,0,0,0,1,0,0,3,1,3,26,14,0,30,1,35,33,889,0,0,21,2,0,113,0,4,0,0,9,0,1,6,0,37,7,1,0,5,0,1,0,0,10,0,6,9,18,608,5,0,68,192,18,2,2,6,384,1,1297,0,203,273,499,0,0,0,0,0,0,0,12,0,0,0,0,0,4,0,0,81,0,4,5,0,2,3,142,1,0,0,325,0,0
0,0,0,0,0,0,0,46,0,0,0,0,0,0,0,0,0,0,0,0,0,0,0,0,0,0,0,9,0,0,0,0,0,0,3,1,0,0,0,0,0,0,0,0,0,0,0,0,0,0,0,136,0,14,0,0,0,0,0,0,0,0,0,0,0,0,0,0,0,0,0,244,0,0,0,0,0,4,0,0,0,0,0,0,0,0,0,29,0,0,0,0,0,0,0,0,0,0,0,0,0,12,0,0,0,0,0,0,0,9,1,0,0,0,0,0,0,0,0,0,0,0,0,0,0,1,0,0,0,0,59,0,0,0,0,1,0,0,0,0,0,0,0,0,0,0,0,0,0,4,0,0,0,0,0,0,249,0,0,0,0,0,0,0,0,0,0,0,0,0,0,0,0
0,0,0,0,8,1,11,8,1,4,1,0,0,6,2,0,8,0,0,1,0,0,0,0,0,0,0,1,0,0,1,0,0,1,40,18,0,0,0,3,0,0,0,126,0,0,1,0,46,0,0,2,0,3,2,0,0,0,18,0,0,5,12,0,0,1,0,1,8,0,0,30,0,0,34,4,0,4,1,0,2,0,3,0,0,0,0,95,0,0,0,1,1,0,0,1,18,1,0,0,0,78,0,0,0,2,0,2,2,64,0,0,1,0,6,3,2,1,0,0,0,0,3,0,0,13,2,0,0,0,29,1,17,0,2,199,1,75,0,2,0,1,0,0,1,0,1,0,1,0,17,1,22,0,1,0,21,0,0,5,3,0,0,0,10,0,0,15,1,0,4,2,0
0,1,0,0,16,0,0,1,104,5,0,0,2,37,3,0,3,0,1,2,0,0,0,0,0,3,0,0,1,0,4,5,4,5,6,1,0,11,15,4,7,0,0,143,1,3,16,2,17,1,5,0,0,4,0,16,0,0,4,31,1,12,8,15,0,9,0,5,2,6,10,1,1,1,1,1,3,3,1,1,28,0,0,1,4,5,0,1,1,17,6,3,3,2,0,131,5,27,2,0,5,17,32,1,1,6,0,1,3,9,1,1,1,0,66,1,3,1,0,1,1,0,6,0,0,1,7,31,4,1,3,15,107,1,2,120,15,216,48,16,5,38,0,1,0,0,6,0,0,1,2,0,267,0,0,0,0,0,0,5,6,1,0,0,22,1,7,2,0,0,43,0,7
5,0,0,0,124,2,0,2,2,2,0,1,0,178,0,1,0,1,0,17,0,0,0,49,0,2,0,1,2,6,0,7,2,0,7,0,1,0,0,0,1,0,1,35,0,8,2,1,23,1,1,0,0,0,7,175,10,0,0,2,4,0,19,55,0,3,7,7,5,0,5,1,41,7,0,0,14,0,6,11,7,1,0,4,0,4,1,3,0,19,2,0,1,5,1,14,86,2,1,0,2,1,0,1,0,0,0,4,2,0,0,3,0,52,0,2,3,4,0,0,0,0,0,0,3,0,0,6,3,1,11,4,0,356,4,0,6,0,18,5,17,0,5,1,0,0,0,0,0,0,2,2,0,0,0,0,0,0,0,1,1,0,8,1,0,9,8,0,0,1,226,0,0
0,2,3,11,1,64,0,0,0,79,0,22,0,0,0,135,0,145,4,26,3,6,14,0,75,3,21,0,1,0,117,0,202,0,0,0,8,0,0,0,4,1,16,2,49,197,57,12,8,0,12,0,3,0,48,0,1,6,2,1,12,0,0,0,7,0,170,1,60,0,3,0,3,72,2,0,0,0,19,8,2,6,108,3,2,1,5,0,0,0,0,0,1,13,5,0,0,0,25,6,115,2,155,0,29,0,6,32,0,7,0,0,13,0,0,66,7,2,22,40,29,256,0,53,3,0,0,0,0,141,0,0,0,1,0,0,0,0,0,10,0,0,0,6,0,3,169,90,131,0,0,91,10,54,0,0,0,109,12,27,55,0,51,50,0,0,0,0,7,26,0,7,68
0,65,4,0,0,29,0,0,0,0,8,2,0,0,0,0,0,0,17,10,6,257,12,0,2,196,9,0,1,0,0,0,0,0,0,0,0,0,0,1,0,7,1,0,0,0,1,0,0,0,2,0,2,0,0,0,0,7,2,0,0,0,0,1,0,0,0,12,1,0,7,0,1,2,2,1,0,0,0,0,0,0,0,0,0,0,0,0,30,1,0,0,0,0,0,0,0,0,0,10,0,0,0,0,29,0,0,0,0,0,0,21,3,0,17,0,0,0,1,0,0,0,0,0,0,0,0,0,2,0,0,0,0,0,0,0,0,0,0,0,0,0,0,0,0,3,0,7,0,0,0,0,0,0,78,4,0,0,72,1,0,0,0,0,0,0,0,0,0,0,0,2,0
1,0,1,0,0,0,0,0,0,1,3,0,0,0,2,0,0,0,0,2,0,0,0,0,0,3,0,0,10,0,2,7,1,0,1,2,5,0,0,1,29,1,0,0,0,1,15,0,2,39,1,0,1,0,2,1,36,0,0,25,1,0,1,43,0,5,0,0,3,0,1,0,1,0,0,1,85,0,3,1,109,0,0,1,1,0,0,0,1,0,104,0,1,0,1,0,0,2,0,0,0,0,0,0,0,1,0,5,1,0,0,0,1,0,2,0,2,2,3,2,0,1,39,0,0,0,0,1,33,0,0,1,0,1,32,0,1,0,1,0,3,0,1,1,0,0,2,0,0,0,0,0,0,0,0,0,0,0,0,0,4,0,0,0,0,2,0,0,0,2,0,12,1
7,0,0,0,0,0,6,0,4,0,16,0,10,0,1,0,1,0,0,2,1,0,0,0,0,2,0,1,0,0,0,0,0,3,2,1,0,5,1,21,4,0,0,0,0,0,1,0,0,0,1,0,0,4,0,0,1,0,3,76,0,1,12,1,0,11,0,2,0,21,0,1,0,0,0,3,1,0,0,1,0,0,0,0,0,0,0,4,7,0,25,1,0,0,0,4,1,3,0,0,0,0,0,2,0,6,0,0,14,1,0,1,0,0,3,0,1,0,0,1,0,0,16,0,1,0,341,3,1,0,0,5,19,0,1,8,29,0,1,0,1,43,0,0,1,0,0,0,0,0,1,0,0,0,1,10,1,0,0,0,0,0,0,0,3,0,1,474,0,0,0,0,0
43,5,4,2,9,3,0,1,0,18,1,146,1,0,0,9,3,421,0,9,7,1,6,1,16,8,2,0,0,44,17,0,45,0,0,12,0,2,1,1,8,67,0,1,3,20,22,3,3,0,10,0,0,0,542,11,20,23,0,0,35,0,2,2,47,0,305,3,22,0,4,0,403,2,7,0,2,0,25,4,0,7,3,0,4,1,421,0,0,0,9,0,0,510,342,1,0,1,2,8,11,0,4,0,9,0,1,13,0,39,0,13,2,0,7,107,10,7,10,649,0,8,0,6,17,0,0,0,7,14,0,1,0,154,0,18,1,0,0,10,0,0,0,2,0,1,16,6,9,0,0,16,25,390,6,0,0,2,2,0,6,0,0,2,0,0,0,0,0,68,0,6,10
0,0,0,14,0,0,0,0,0,20,0,0,0,0,0,9,0,1,0,0,0,0,10,0,0,0,17,0,0,0,65,0,40,0,0,3,2,0,0,0,1,0,2,0,412,118,8,84,3,0,1,0,0,0,5,0,6,0,0,0,65,0,0,0,10,0,4,1,40,0,0,0,0,1,0,0,0,0,19,22,0,38,9,86,24,31,0,0,0,0,0,0,28,0,0,0,1,0,22,0,292,0,28,0,2,0,0,70,0,3,0,0,3,0,0,6,58,1,0,2,316,16,0,64,1,0,0,0,0,7,0,0,0,0,0,0,0,0,0,35,0,0,0,87,0,0,9,4,12,0,0,10,2,0,0,0,0,9,1,0,3,0,9,9,0,0,0,0,0,0,0,0,1
0,0,0,0,0,0,2,1,3,0,0,0,1,0,0,0,1,0,0,0,0,0,0,0,0,0,0,1,0,0,0,0,0,5,2,0,0,10,6,7,0,0,0,2,0,0,0,0,0,0,0,5,0,4,0,0,0,0,1,0,0,6,3,0,0,1,0,0,0,0,0,2,0,0,0,1,0,1,0,0,0,0,0,0,0,0,0,9,0,0,1,1,0,0,0,28,0,0,0,0,0,9,0,2,0,2,0,0,896,0,1,0,0,0,0,0,0,0,0,0,0,0,0,0,0,1,7,0,0,0,0,34,1087,0,0,1,6,4,0,0,0,17,0,0,0,0,0,0,0,1,0,0,4,0,0,0,3,0,0,0,0,0,0,0,20,0,0,2,0,0,0,0,0
9,0,0,0,145,0,1,0,2,2,5,0,0,54,25,0,60,2,0,0,0,1,0,0,0,1,0,1,0,0,10,0,0,0,51,3,0,0,0,0,0,80,1,20,0,1,0,0,10,0,1,0,0,4,0,0,0,0,2,3,0,2,3,0,0,1,0,19,1,0,1,3,0,0,1,0,0,0,0,0,2,0,0,0,0,0,0,6,0,1,1,0,1,0,0,2,0,0,0,0,0,6,0,0,0,0,0,0,0,2,0,0,1,1,2,1,0,0,0,0,0,0,0,0,1,68,1,0,0,0,4,0,2,0,0,12,0,4,1,1,0,0,4,0,92,0,0,3,0,1,413,0,1,0,2,0,1,0,1,1,0,0,1,0,26,0,0,0,1,0,0,0,0
0,0,0,0,3,0,1792,0,4,0,11,0,11,0,0,0,3,0,0,0,0,0,0,0,0,0,0,0,0,0,0,0,0,9,0,1,0,6,5,369,1,0,0,1,0,0,2,0,0,0,0,0,0,0,0,1,1,0,9,6,0,0,40,0,0,9,0,1,1,5,0,0,0,0,0,2303,0,0,0,0,1,0,0,0,0,0,0,0,0,0,63,3566,0,0,1,1,9,37,0,0,0,0,0,7,0,1769,0,0,3,0,0,0,0,1,3,0,1,2,0,0,0,0,3,0,0,0,17,2,0,0,0,2,36,0,3,0,4,0,0,0,1,26,0,0,0,0,0,0,0,0,0,0,1,0,1,2,0,0,0,0,0,0,0,0,0,0,12,10,1,0,1,0,0
7,3,1,3,2,1,18,2,1,6,6,0,0,19,11,1,18,2,0,37,4,0,0,5,0,5,2,0,2,0,7,3,6,0,34,3,0,0,0,1,4,0,3,45,0,1,2,2,5,2,0,4,0,2,3,124,1,0,212,7,0,1,3,2,1,1,1,0,14,0,4,1,3,2,0,1,0,0,1,1,9,0,2,5,2,14,0,5,1,1,3,1,8,6,3,2,389,0,0,5,0,21,1,0,1,5,0,3,3,18,2,0,1,19,2,4,10,375,1,1,0,5,1,0,18,16,15,6,1,6,0,0,10,0,248,4,0,4,0,0,0,0,10,10,15,0,12,1,1,0,9,8,2,1,1,0,1,7,2,0,6,0,6,2,16,3,0,9,4,1,3,6,4
1,3,0,4,10,16,0,0,0,315,0,5,0,0,0,54,24,57,0,10,0,5,76,0,33,6,13,0,5,0,164,0,188,0,0,18,10,0,0,0,54,3,0,31,126,180,172,73,28,0,49,0,1,0,46,0,20,2,2,0,81,0,2,1,42,0,60,4,194,0,16,0,0,5,0,0,1,0,251,69,0,58,17,74,45,44,2,0,8,2,0,0,69,6,194,3,1,0,1,0,143,1,14,0,15,0,2,193,0,11,0,1,20,3,0,124,58,11,34,13,85,62,0,17,18,0,0,0,1,22,0,1,0,11,0,0,0,0,0,182,0,0,0,34,0,1,44,55,45,0,0,193,76,23,1,0,0,19,32,26,24,0,104,5,0,0,0,0,217,29,0,10,8
1,7,0,4,72,15,0,4,1,352,3,14,0,2,2,9,170,13,1,57,2,4,119,1,23,5,13,1,30,1,185,4,237,4,0,240,47,0,3,3,240,4,1,67,103,193,457,156,59,26,224,0,0,0,92,80,64,11,21,0,91,0,9,9,58,1,87,11,254,0,45,1,2,5,2,0,44,0,276,48,6,72,10,80,80,116,12,1,11,68,32,0,100,7,18,13,10,1,10,3,63,1,11,2,13,0,5,196,0,20,0,5,38,9,1,102,128,107,125,13,67,24,3,40,70,0,1,2,4,24,1,5,0,121,5,1,0,0,0,384,1,0,3,92,0,0,106,25,23,0,1,190,305,11,3,0,0,21,59,9,162,2,290,7,0,0,0,0,21,58,2,207,16
0,0,0,0,0,0,2,0,0,25,0,0,0,0,0,131,4,3,0,0,0,1,14,0,0,0,7,0,4,1,27,0,2,0,0,161,10,0,0,0,4,1,0,0,88,10,2,492,2,2,6,0,0,0,1,1,16,3,0,0,315,0,0,0,254,0,2,28,38,0,10,0,1,0,0,0,1,0,41,73,3,611,0,724,364,620,0,0,109,236,1,0,845,0,9,0,1,0,0,0,69,0,0,0,0,0,0,125,0,2,0,0,126,21,0,36,387,4,0,0,59,5,0,0,117,0,0,0,2,0,0,0,0,0,0,0,0,0,0,127,0,0,0,421,0,0,0,1,1,0,0,45,9,0,0,0,0,1,4,0,2,0,12,0,0,0,0,0,68,0,0,0,0
0,0,0,0,0,0,0,26,0,1,1,0,0,0,0,0,0,3,0,0,0,0,0,0,0,0,0,16,0,0,0,0,0,0,13,3,0,0,0,0,0,0,0,1,0,0,0,0,50,0,0,91,0,6,1,0,0,0,0,0,0,0,3,0,0,0,0,0,1,0,0,322,0,0,0,0,0,3,0,0,0,0,0,0,0,0,0,31,0,1,0,0,0,0,0,3,0,0,2,0,0,10,0,0,0,0,0,0,0,10,4,0,0,0,0,1,0,1,0,0,0,0,0,0,0,2,0,0,0,0,445,0,1,0,0,3,0,0,0,1,0,0,0,0,0,0,0,0,0,4,1,0,0,0,0,0,109,0,0,0,0,4,0,0,0,0,0,6,0,0,1,0,0
0,1,0,0,84,0,1,5,18,0,58,0,7,649,104,0,383,0,0,3,0,0,0,0,0,0,0,3,0,0,18,0,0,0,425,2,0,0,0,4,0,14,0,16,0,0,0,0,2,0,1,7,0,14,0,0,0,0,27,4,0,9,7,0,0,1,0,3,0,3,0,9,51,0,0,2,0,0,0,0,2,0,0,0,0,0,0,31,0,1,0,0,0,2,0,2,15,0,0,0,0,62,0,0,0,9,0,0,0,15,8,1,0,0,34,1,0,0,0,0,0,0,5,0,0,874,7,1,0,0,8,0,19,0,4,22,0,23,0,0,0,0,1,0,627,0,0,0,0,48,193,0,4,0,0,1,8,1,0,0,0,0,0,0,46,0,0,5,1,0,0,2,0
1,0,0,0,23,0,5,0,1224,0,7,0,1123,1,76,0,4,0,0,0,1,0,0,98,0,0,0,2,3,5,0,11,0,1439,8,1,27,902,1314,1036,0,0,0,2,0,0,1,0,5,0,1,5,0,12,0,2,2,0,2,28,0,11,52,2,0,350,0,2,0,905,0,35,0,0,0,16,5,6,0,0,20,0,0,0,0,1,0,35,0,3,28,13,0,9,0,19,15,106,0,0,1,7,0,1542,0,20,0,0,30,1,3,6,0,10,7,0,0,1,0,0,0,0,2,0,3,51,185,32,1,0,17,227,41,4,7,39,673,1,225,0,113,979,249,0,1,0,0,0,0,1,0,0,0,0,0,0,18,0,0,10,0,3,0,0,7,3,514,1,0,0,91,0,0
1,142,25,21,0,238,1,0,0,83,23,7,0,10,0,1,0,2,75,10,18,502,353,4,4,582,164,1,1,4,3,9,7,0,0,0,1,6,0,0,22,40,29,14,0,20,23,98,104,3,84,0,10,0,2,16,6,15,1,26,6,0,6,12,8,0,1,510,4,0,497,0,7,11,7,0,3,0,1,33,8,0,5,4,1,3,1,0,69,190,4,0,2,2,0,5,1,1,22,60,4,0,3,0,73,0,8,1,5,0,0,404,28,53,52,0,11,0,2,0,5,1,11,92,10,0,1,16,19,3,0,0,0,3,1,1,0,0,0,11,1,0,0,133,0,41,8,21,0,0,0,0,1,1,216,19,0,4,69,3,6,0,0,2,0,12,13,0,0,0,1,0,2
2,1,1,0,3,1,5,0,0,1,5,0,0,4,21,0,0,0,0,3,1,0,1,157,0,6,1,0,44,11,0,539,2,0,0,0,108,18,2,1,8,0,0,4,2,1,6,0,16,87,21,0,0,0,0,76,107,0,1,245,2,0,7,245,7,7,0,1,3,0,9,0,0,4,1,5,136,0,0,0,199,1,0,0,1,7,0,0,0,3,227,0,2,2,2,19,2,9,0,1,4,0,0,0,1,0,0,0,1,0,0,14,4,0,23,1,1,1,0,0,1,1,558,0,1,0,0,42,46,9,0,5,0,2,60,3,12,1,0,9,17,0,1,1,0,0,0,0,1,0,1,1,1,0,6,0,0,0,2,0,3,0,1,1,0,545,10,0,0,0,3,2,1
0,4,2,2,23,11,0,0,0,7,3,0,0,111,36,0,0,1,1,12,2,3,5,15,0,7,1,0,501,4,4,494,7,6,2,0,289,4,14,19,41,3,0,12,1,4,12,2,89,678,17,1,0,0,4,227,141,3,0,180,5,0,6,802,0,76,6,11,4,3,24,0,3,100,0,3,778,0,7,5,214,0,0,4,1,7,1,0,0,10,404,0,1,1,6,36,13,13,0,4,2,0,5,3,0,0,1,4,14,0,0,33,1,7,22,0,7,3,0,2,1,2,200,4,2,0,0,16,340,7,1,92,0,33,339,1,45,0,45,4,172,0,9,6,0,0,1,2,0,0,0,1,0,0,1,0,0,0,0,2,3,3,166,0,0,125,16,0,2,1,34,4,0
0,1,0,0,1,0,3,0,0,0,2,0,0,0,49,0,0,0,0,12,1,0,0,3,0,0,0,0,218,1,0,58,0,7,0,0,6,0,0,0,0,2,0,0,1,0,2,0,1,289,1,0,0,0,0,8,147,0,0,0,0,0,3,34,0,29,1,1,2,0,6,0,0,0,0,1,154,0,2,2,21,2,0,1,0,5,0,0,0,2,30,0,3,1,1,2,0,2,0,0,0,0,0,7,0,0,0,0,1,1,0,10,0,3,0,2,6,0,0,0,0,0,10,0,0,0,0,1,56,2,0,6,0,2,28,0,10,0,2,0,14,0,17,5,0,0,0,0,0,0,0,1,1,0,1,0,0,0,0,0,1,0,5,0,0,23,1,0,0,0,0,0,0
1,215,12,12,2,182,0,0,0,3,0,3,0,0,0,0,0,0,97,49,28,132,10,0,168,91,11,0,0,0,1,0,38,0,0,0,0,0,0,0,3,4,14,0,0,8,11,1,6,0,0,0,2,0,1,0,2,13,0,0,0,0,0,0,0,0,6,0,2,0,13,0,1,46,16,0,0,0,1,0,0,0,12,0,0,0,3,0,4,0,0,0,0,0,0,0,0,2,3,41,3,0,2,0,141,0,23,0,0,1,0,22,11,0,11,0,0,0,0,1,0,1,0,4,0,0,0,0,1,26,0,0,0,0,0,0,0,0,0,0,0,0,0,1,0,24,6,250,6,0,0,7,0,2,16,3,0,4,32,238,1,0,0,3,0,0,1,0,0,18,0,0,7
0,1,1,8,0,10,0,0,0,0,0,4,0,0,0,0,0,0,2,0,242,1,120,0,4,5,172,0,0,0,0,0,3,0,0,0,0,0,0,0,0,6,0,0,0,2,1,2,3,0,0,0,7,0,0,0,0,10,0,0,3,0,0,0,0,0,0,0,0,0,0,0,0,1,3,0,0,0,0,0,0,0,0,0,0,0,1,0,1,0,0,0,0,0,0,0,0,0,1,9,2,0,0,0,5,0,5,0,0,0,0,3,0,0,0,0,0,0,0,1,0,0,0,24,0,0,0,0,0,2,0,0,0,0,0,0,0,0,0,0,0,0,0,2,0,8,0,5,0,0,0,0,0,0,0,0,0,0,0,4,0,0,0,0,0,0,0,0,0,0,0,0,0
0,3,0,0,7,2,2,8,0,1,1,2,0,14,6,0,7,0,4,1,0,1,0,0,0,0,0,0,0,0,53,0,0,0,17,0,0,0,0,1,0,1,0,248,1,0,0,0,1,0,1,3,0,1,0,1,0,0,533,0,0,1,1,0,0,1,1,8,1,0,0,2,1,0,0,0,0,0,0,0,1,0,1,3,1,0,0,4,2,0,0,0,4,0,0,0,107,0,0,1,0,17,0,0,3,5,0,0,1,15,0,0,0,0,2,0,1,0,0,0,1,0,0,0,0,31,0,0,0,0,1,0,20,0,5,26,1,39,0,6,0,1,0,0,1,0,3,0,0,0,8,0,40,0,0,0,0,0,0,0,3,0,0,1,718,0,0,3,0,0,0,0,0
639,13,27,16,2,7,2,0,1,4,8,367,0,6,0,6,0,291,8,3,5,1,17,22,27,5,7,0,0,792,1,5,33,1,0,3,4,2,3,1,3,182,10,2,7,18,8,2,6,1,158,0,2,0,62,11,66,379,0,5,147,0,1,3,327,0,149,6,2,0,11,0,119,6,68,0,4,0,8,12,3,39,9,4,2,4,394,0,0,2,5,0,2,105,23,17,0,0,8,18,10,0,6,0,60,0,21,8,0,3,0,19,9,2,40,5,11,7,0,328,9,0,6,8,121,0,0,9,114,7,0,3,0,119,1,196,0,0,0,11,0,0,0,4,0,7,13,7,4,0,1,1,1,202,6,1,0,1,3,1,6,0,0,45,0,0,2,0,0,50,2,2,9
0,0,0,0,0,0,0,763,0,0,0,0,0,0,0,0,0,0,0,0,0,0,0,0,0,0,0,629,0,0,0,0,0,0,7,0,0,0,0,0,0,0,0,0,0,0,0,0,0,0,0,55,0,1172,0,0,0,0,0,0,0,1319,0,0,0,0,0,0,0,0,0,47,0,0,0,0,0,1010,0,0,0,0,0,0,0,0,0,2,0,0,0,0,0,0,0,0,0,0,0,0,0,28,0,0,0,0,0,0,49,7,859,0,0,0,0,0,0,0,0,0,0,0,0,0,5,0,2,0,0,0,2,2,14,0,0,5,0,0,0,0,0,0,0,0,0,0,0,0,0,1301,0,0,0,0,0,0,40,0,0,0,0,148,0,0,0,0,0,4,0,0,0,0,0
0,0,0,0,0,0,0,329,0,0,0,0,0,0,0,0,0,0,0,0,0,0,0,0,0,0,0,46,0,0,0,0,0,0,0,0,0,0,0,0,0,0,0,0,0,0,0,0,0,0,0,1057,0,22,0,0,0,0,0,0,0,0,0,0,0,0,0,0,0,0,0,109,0,0,0,0,0,2,0,0,0,0,0,0,0,0,0,272,0,0,0,0,0,0,0,0,0,0,0,0,0,1,0,0,0,0,0,0,4,0,4,0,0,0,0,0,0,0,0,0,0,0,0,0,0,0,0,0,0,0,1,0,1,0,0,0,0,0,0,0,0,0,0,0,0,0,0,0,0,26,0,0,0,0,0,0,362,0,0,0,0,0,0,0,0,0,0,1,0,0,0,0,0
1,0,0,0,4,0,8,26,1,1,0,0,1,15,16,0,5,0,0,6,0,0,0,0,0,0,0,11,0,0,4,0,1,0,112,19,0,0,0,8,0,0,0,52,0,0,2,0,5,0,0,3,0,30,0,1,0,0,33,0,0,15,15,0,0,0,2,0,0,1,0,104,2,0,0,5,0,20,0,0,0,0,1,0,1,0,0,307,0,1,0,0,1,0,0,0,27,0,0,0,0,963,0,0,0,10,0,1,3,704,2,0,0,0,2,0,0,0,0,0,0,0,0,0,0,59,11,0,0,1,65,1,27,0,3,389,0,86,0,3,0,1,0,0,3,0,1,0,0,7,8,0,27,0,0,0,185,0,0,0,1,1,0,0,21,0,0,87,0,0,0,0,0
0,0,0,0,1,0,2,0,11,0,0,0,1,0,0,0,0,0,0,1,0,0,0,0,0,0,0,5,0,0,0,0,0,19,5,0,0,22,63,6,0,0,0,2,0,0,0,0,0,0,0,0,0,6,0,0,0,0,3,0,0,31,2,0,0,2,0,0,0,0,0,1,0,0,0,0,0,27,0,0,0,0,0,0,0,0,0,3,0,0,0,0,0,0,0,21,0,1,0,0,0,19,0,5,0,3,0,0,217,3,5,0,0,0,0,0,0,0,0,0,0,0,0,0,0,0,1,1,0,0,1,54,90,0,0,22,9,15,0,0,2,18,0,0,0,0,0,0,0,2,0,0,21,0,0,0,7,0,0,0,0,1,0,0,8,0,2,0,0,0,0,0,0
0,25,4,2,5,3,0,0,0,17,1,2,0,0,0,0,2,1,3,12,2,16,31,0,2,7,7,0,0,0,13,0,29,0,0,3,0,0,0,0,5,5,0,5,1,13,27,6,17,0,14,0,8,0,4,1,1,6,0,0,0,0,0,0,3,0,5,0,9,0,9,0,0,2,5,0,0,0,30,2,0,0,1,1,3,0,2,0,1,0,0,0,0,3,0,1,0,0,0,3,5,0,2,0,20,0,2,11,0,0,0,3,2,0,3,5,1,1,4,3,1,0,0,8,0,0,0,0,0,2,0,0,0,0,0,0,0,0,0,3,0,0,0,0,0,4,5,19,0,0,0,5,9,2,7,0,0,0,7,1,4,0,0,0,0,0,1,0,0,5,0,2,5
1,63,0,1,0,11,0,0,0,51,13,0,0,0,0,0,2,13,4,16,13,8,6,2,6,26,1,0,0,6,21,1,30,0,0,101,1,0,0,0,48,1,0,3,13,12,86,4,4,1,22,0,0,0,20,4,31,1,0,1,11,0,4,1,9,0,5,1,23,0,219,0,1,1,2,0,7,0,499,167,0,5,1,39,43,21,4,0,2,16,4,0,36,6,10,2,10,0,0,0,20,0,1,0,4,0,0,234,0,0,0,24,21,0,0,30,29,2,0,6,1,4,2,0,6,0,0,0,3,4,0,0,0,2,1,0,0,0,0,11,0,0,0,2,0,0,9,47,1,0,0,63,4,9,7,1,0,0,10,3,1,0,7,2,0,2,0,0,45,32,0,5,1
2,1,0,0,29,1,1,1,2,2,11,1,0,42,0,0,1,0,1,1,0,1,0,18,0,4,1,2,3,76,0,13,0,6,0,1,0,71,27,1,1,1,0,36,0,1,5,0,15,1,58,0,0,3,1,13,10,0,4,11,1,3,2,6,0,4,0,3,1,0,9,1,43,1,1,0,2,1,3,1,1,0,0,1,0,1,1,1,2,7,23,0,0,0,1,590,7,43,0,0,0,1,8,1,0,1,0,0,199,0,0,15,0,8,7,0,0,1,0,0,0,0,0,0,2,1,6,199,1,0,4,72,68,0,0,0,12,4,13,1,8,6,0,0,0,0,0,0,0,0,0,0,6,1,0,0,0,0,0,1,0,1,0,0,14,14,9,1,0,1,16,0,1
7,23,4,0,1,6,0,0,0,1,426,9,0,0,0,1,0,0,4,0,378,17,174,1,0,31,103,0,0,16,2,0,1,0,0,0,0,0,0,0,6,90,3,0,2,1,12,18,20,2,85,0,16,0,1,0,2,59,0,153,1,0,3,0,18,0,0,35,0,0,54,0,0,0,3,0,1,0,2,0,10,1,0,1,0,0,6,0,331,2,4,0,0,1,0,2,0,2,0,3,0,0,0,0,2,0,2,2,0,0,0,315,3,0,3,0,2,0,1,3,1,0,6,16,0,0,2,7,8,1,0,0,0,0,1,1,0,0,0,5,0,0,0,0,0,11,1,0,0,0,0,0,0,0,14,346,0,0,13,0,0,0,0,0,0,1,0,0,0,1,0,0,0
0,0,0,0,0,4,0,0,0,15,0,0,0,0,1,9,0,121,0,2,0,0,0,0,2,0,0,0,0,0,4,0,0,0,0,85,0,0,0,0,1,0,3,1,2,1,1,18,18,0,0,0,0,0,6,2,3,0,0,2,4,0,0,2,1,0,0,3,3,0,6,0,0,0,0,0,0,0,15,16,2,0,0,26,37,79,0,0,3,22,0,0,57,12,9,0,1,0,0,0,4,0,0,0,0,0,0,9,0,0,0,0,28,425,0,150,29,0,0,6,0,0,1,0,160,0,0,0,1,0,2,0,0,0,1,0,0,0,0,2,1,0,0,8,0,0,0,2,0,0,0,66,0,14,0,0,0,0,0,0,0,0,3,0,0,0,0,0,104,0,1,0,0
1,0,0,0,1,0,0,236,0,0,0,0,0,1,0,0,0,0,0,0,0,0,0,0,0,0,0,419,0,0,2,0,0,0,10,2,0,2,0,1,0,0,0,1,0,0,1,0,0,0,0,20,0,259,0,1,0,0,0,0,0,553,15,0,0,0,0,0,0,0,0,36,0,0,0,0,0,527,0,0,0,0,0,0,0,0,0,6,0,19,0,0,0,0,0,197,1,0,80,0,0,19,2,0,0,1,0,0,16,2,392,0,0,3,0,0,0,0,0,0,0,0,0,0,36,0,0,0,0,0,2,11,13,1,0,3,0,0,0,0,0,0,0,0,0,0,0,0,0,185,1,0,0,0,0,0,42,0,0,0,0,644,0,0,0,0,1,2,0,0,0,0,0
0,0,0,0,0,0,0,13,0,0,0,0,0,0,0,0,0,0,0,0,0,0,0,0,0,0,0,10,0,0,0,0,0,0,1,3,0,0,0,0,0,0,0,1,0,0,0,1,0,0,0,32,0,0,0,0,0,0,0,0,0,0,1,0,0,0,0,0,0,0,0,23,0,0,0,0,1,0,0,0,0,0,0,0,0,0,0,8,0,1,0,0,0,0,0,4,0,0,2,0,0,0,0,0,0,0,0,0,0,0,1,0,0,0,0,0,0,0,0,0,0,0,0,0,0,0,0,0,0,0,4,0,0,0,0,0,0,0,0,0,0,0,0,0,0,0,0,0,0,3,0,0,0,0,0,0,36,0,0,0,0,4,0,0,0,0,0,0,0,0,1,0,0
