0.90354,0.23232,0.39371,0.36114,0.24077,0.2836,0.95238,0.50688,0.81575,0.29412,0.53209,0.45675,0.88849,0.54842,0.41869,0.35246,0.48412,0.39574,0.55814,0.33548,0.42992,0.50764,0.316,0.48799,0.24345,0.46273,0.23461,0.49919,0.58824,0.82139,0.21698,0.44607,0.20633,0.80919,0.50562,0.32781,0.32896,0.55047,0.78278,0.68896,0.3765,0.27435,0.28467,0.27018,0.39282,0.2357,0.36117,0.4613,0.22208,0.56657,0.23889,0.69857,0.52186,0.75365,0.5613,0.16753,0.21368,0.52542,0.5092,0.26479,0.34499,0.70741,0.20472,0.63727,0.38981,0.56487,0.37014,0.71048,0.27023,0.80915,0.51823,0.38377,0.58213,0.27302,0.67061,0.97197,0.68512,0.5771,0.38216,0.30444,0.34354,0.711,0.32636,0.68013,0.54382,0.63969,0.43724,0.35585,0.32793,0.35331,0.34423,0.98472,0.60863,0.63505,0.45098,0.44303,0.44588,0.76556,0.48142,0.22684,0.3652,0.63124,0.49933,0.91062,0.17738,0.96653,0.24296,0.23202,0.63055,0.71975,0.60687,0.38865,0.25651,0.41176,0.22514,0.24304,0.54545,0.77046,0.39062,0.59884,0.45199,0.61152,0.61752,0.37258,0.27429,0.71663,0.54175,0.48524,0.38225,0.3169,0.61773,0.34199,0.6786,0.41637,0.5249,0.40371,0.54415,0.484,0.79257,0.42574,0.33463,0.68432,0.59074,0.53295,0.81894,0.34712,0.31721,0.34778,0.37931,0.81757,0.56434,0.23695,0.48271,0.53878,0.60173,0.88247,0.35671,0.60802,0.30165,0.44318,0.32323,0.59106,0.43054,0.53832,0.6744,0.74554,0.69024,0.95011,0.44571,0.1637,0.44992,0.52195,0.35468
0.5336
0,32,263,178,0,39,0,0,0,0,0,61,0,0,0,1,0,2,96,25,2,2,3,0,158,13,11,0,0,0,1,0,6,0,0,0,1,0,0,0,0,8,273,0,0,6,2,0,0,0,0,0,198,0,3,0,0,31,0,0,1,0,0,0,1,1,40,0,0,0,0,0,11,69,454,0,0,0,0,0,0,0,149,0,0,0,24,0,0,0,0,0,0,3,0,0,0,0,69,213,0,0,16,0,38,0,109,1,0,0,0,0,9,0,6,0,0,0,0,17,0,3,0,29,0,0,0,0,3,26,0,0,0,1,0,0,0,0,0,0,0,0,0,0,0,219,22,12,4,0,0,0,0,19,2,0,0,29,14,11,2,0,0,16,0,0,0,0,0,0,0,0,6
0,1,9,55,1,13,0,0,0,25,0,5,0,0,0,6,0,3,0,0,0,0,0,0,19,0,7,0,0,0,127,0,130,0,0,1,3,0,0,0,2,0,94,0,30,89,5,3,1,0,0,0,1,0,1,0,0,0,0,7,5,0,0,0,0,0,13,0,28,0,0,0,0,45,1,0,1,0,2,0,0,1,359,1,0,1,0,0,0,0,1,0,38,1,0,1,0,0,15,5,72,2,371,0,6,0,24,56,0,21,0,0,5,0,0,15,0,0,2,1,28,584,0,18,0,0,0,0,0,225,0,0,0,0,0,0,0,0,0,1,0,0,0,10,0,2,328,14,187,0,0,9,1,0,0,0,0,394,0,0,2,0,17,295,0,0,0,0,6,1,0,0,144
0,26,37,59,25,35,2,1,1,9,1,13,7,1,2,0,1,1,35,124,1,7,46,0,55,14,29,0,1,0,26,0,90,9,1,29,8,14,0,5,3,3,139,1,2,47,53,0,21,1,27,0,36,1,4,9,9,35,14,5,2,1,3,0,4,1,23,1,1,1,5,0,3,49,6,6,0,0,0,0,0,2,122,0,1,1,6,0,1,0,8,1,1,1,1,5,2,5,24,118,0,2,21,0,102,1,138,1,0,4,1,1,15,2,2,8,5,1,23,1,0,13,5,124,4,0,11,0,0,36,1,1,6,18,0,2,0,0,0,2,0,9,2,2,0,55,54,94,33,0,0,19,16,7,1,0,0,40,2,10,10,0,0,27,1,1,0,3,2,28,0,10,48
0,152,124,49,0,86,0,0,0,0,0,14,0,0,0,0,0,0,504,22,65,21,11,0,30,54,35,0,0,3,0,0,0,0,0,0,1,0,0,0,3,161,65,0,0,0,0,0,2,0,2,0,382,0,0,0,1,102,0,0,1,0,0,0,0,0,9,1,3,0,9,0,5,15,81,0,0,0,0,0,0,0,21,0,0,0,24,0,73,0,0,0,0,2,0,0,0,0,20,181,0,0,0,0,41,0,34,0,0,0,0,2,7,0,17,2,0,0,0,3,0,0,0,23,0,0,0,0,3,13,0,0,0,2,0,0,0,0,0,0,0,0,0,0,0,235,1,26,0,0,0,2,0,5,25,5,0,1,146,10,0,0,0,1,0,0,0,0,0,0,0,0,0
0,6,25,63,0,33,0,0,0,0,0,2,0,0,0,0,0,0,6,1,1,2,0,0,26,4,1,0,0,0,4,0,1,0,0,0,1,0,0,0,0,0,61,0,0,1,0,0,0,0,0,0,1,0,1,0,0,1,0,1,0,0,0,0,0,0,7,0,0,0,0,0,0,116,2,0,0,0,0,0,0,0,58,0,0,0,0,0,0,0,0,0,0,3,0,2,0,0,3,46,1,0,18,0,22,0,24,5,0,0,0,0,0,0,1,2,0,0,0,0,1,13,0,1,0,0,0,0,0,72,0,0,0,0,0,0,0,0,0,0,0,0,0,0,0,11,20,17,3,0,0,1,0,1,0,0,0,23,0,0,0,0,0,9,0,0,0,0,1,0,0,0,4
0,134,15,19,120,94,2,0,0,10,16,8,0,1,0,0,14,2,39,208,24,87,146,0,32,129,13,0,0,2,16,7,69,1,0,6,17,4,0,2,15,12,14,8,6,38,322,4,84,7,116,0,8,0,16,29,11,20,48,1,5,0,4,2,8,0,30,4,19,0,69,0,9,9,8,0,2,1,7,0,3,0,13,0,3,2,10,0,6,4,26,0,3,8,0,13,2,13,5,71,1,0,5,0,134,0,46,2,2,1,0,8,19,1,1,5,2,5,125,9,2,0,3,39,4,0,1,1,1,40,0,1,0,13,4,1,0,0,0,4,0,0,0,6,0,35,49,87,4,0,0,30,140,7,5,3,0,4,12,10,13,0,8,10,0,11,1,0,1,44,1,47,23
0,1,94,303,0,4,0,0,0,0,0,20,0,0,0,0,3,0,1,0,1,0,6,0,2,0,221,0,0,0,4,0,27,0,0,0,0,0,0,0,0,1,186,0,14,28,2,5,2,0,3,0,13,0,0,0,0,8,0,0,19,0,0,0,1,0,9,0,1,0,0,0,0,14,3,0,0,0,0,0,0,0,202,2,0,0,3,0,0,0,0,0,0,0,1,0,0,0,272,92,9,0,24,0,1,0,48,0,0,0,0,0,134,0,0,0,0,0,0,0,17,2,0,443,0,0,0,0,0,18,0,0,0,0,0,0,0,0,0,0,0,0,0,7,0,18,31,4,5,0,0,0,2,1,0,0,0,22,0,0,3,0,0,27,0,0,0,0,0,0,0,0,6
0,1,0,1,2,1,1,0,0,0,0,0,0,1,3,0,0,0,3,0,0,3,2,0,0,0,0,0,0,0,7,0,0,0,6,0,0,0,0,0,0,0,4,51,1,0,1,0,0,0,1,0,0,0,0,0,0,0,2,4,0,0,1,0,1,0,0,2,0,0,0,0,0,0,0,0,0,0,0,0,0,0,0,0,2,2,2,1,2,0,0,0,0,1,0,0,0,1,0,0,0,2,0,0,0,0,3,0,0,2,0,0,0,0,13,2,0,0,0,0,0,1,0,2,0,0,0,0,0,0,0,0,0,1,0,4,0,36,0,7,0,0,0,0,0,2,0,0,0,0,1,0,0,0,0,0,0,0,2,0,0,1,0,0,104,0,0,0,0,0,0,0,2
2,0,0,0,25,0,7,3,52,0,45,0,114,7,345,0,1,3,0,6,3,0,0,386,0,0,0,3,13,7,0,12,0,289,1,2,211,385,256,61,0,1,0,8,0,0,1,0,86,7,4,8,0,1,0,17,5,0,0,6,0,1,0,10,0,119,1,0,2,160,10,6,3,0,0,15,28,7,0,1,258,0,0,0,1,0,0,5,0,5,39,17,0,59,1,23,72,738,0,0,32,1,1,130,0,5,0,0,8,0,2,4,0,46,34,0,0,4,0,1,0,0,9,0,6,7,16,378,8,0,23,297,14,2,2,7,382,0,1387,0,172,296,472,0,0,0,0,0,0,0,5,0,1,0,0,0,0,0,0,147,0,2,4,0,1,3,67,1,0,0,283,0,0
0,0,0,0,0,0,0,76,0,0,0,0,0,0,0,0,0,0,0,0,0,0,0,0,0,0,0,11,0,0,0,0,0,0,5,0,0,0,0,0,0,0,0,0,0,0,0,0,0,0,0,158,0,12,0,0,0,0,0,0,0,0,0,0,0,0,0,0,0,0,0,222,0,0,0,0,0,6,0,0,0,0,0,0,0,0,0,24,0,0,0,0,0,0,0,0,0,0,0,0,0,11,0,0,0,0,0,0,0,7,1,0,0,0,0,0,0,0,0,0,0,0,0,0,0,2,0,0,0,0,36,0,0,0,0,6,0,0,0,0,0,0,0,0,0,0,0,0,0,5,0,0,0,0,0,0,238,0,0,0,0,2,0,0,0,0,0,0,0,0,0,0,0
0,0,0,0,6,1,15,7,1,1,1,0,0,5,16,0,13,2,0,0,0,0,0,0,3,0,0,2,0,0,4,0,0,1,57,14,0,0,0,1,0,0,0,150,0,2,1,1,22,0,0,1,0,4,0,0,0,0,19,1,0,5,5,0,0,0,0,4,11,0,0,33,0,0,4,6,0,2,2,0,0,0,1,0,0,0,0,84,0,2,0,1,1,0,0,2,20,1,0,0,0,44,0,0,0,1,1,0,2,102,1,0,1,0,6,3,1,1,0,0,0,0,2,0,0,14,2,0,0,0,59,1,21,0,1,138,1,130,0,1,0,1,0,0,2,0,2,1,1,0,15,1,0,0,0,0,23,0,0,5,0,0,1,0,22,0,0,0,1,0,1,0,2
0,1,0,1,38,0,3,2,121,4,12,0,1,31,3,0,3,0,1,2,1,0,0,1,0,1,0,0,1,0,8,7,2,6,4,3,0,15,25,2,5,0,2,81,2,1,21,3,21,1,6,0,0,4,0,22,0,0,6,6,0,12,2,14,0,6,0,1,25,3,20,1,1,0,0,2,8,7,3,0,28,0,0,2,1,5,0,0,0,16,5,5,3,1,0,116,11,19,1,1,3,12,81,1,0,4,0,0,8,10,2,0,1,2,120,0,1,0,2,0,2,0,6,0,0,0,2,29,3,1,5,14,85,2,4,63,6,484,46,7,4,40,0,1,0,0,17,0,0,0,1,1,9,0,0,0,0,0,1,6,0,0,0,1,24,0,2,0,0,0,43,0,4
0,0,0,0,14,0,0,1,1,6,82,4,3,233,2,1,0,0,0,15,3,0,0,40,0,0,0,1,1,3,0,16,4,1,0,1,1,0,0,1,2,0,0,5,1,1,4,2,33,1,0,0,0,0,4,120,12,0,0,0,1,0,2,59,0,3,4,1,2,0,9,1,65,19,0,0,21,0,7,8,5,0,0,4,0,1,0,4,0,26,2,0,3,4,1,12,76,0,1,1,2,0,14,2,0,0,1,5,2,0,0,3,0,133,1,0,15,3,0,1,0,0,0,1,4,0,0,7,5,3,29,15,0,356,3,1,1,0,18,8,10,0,3,2,0,0,0,0,0,0,2,1,0,8,0,0,0,0,0,1,0,0,4,0,0,7,0,0,1,1,154,0,0
0,2,8,8,4,50,0,0,0,90,0,20,0,0,0,127,1,139,3,29,3,2,13,0,72,4,36,0,1,0,170,0,245,0,0,2,4,0,0,0,5,0,42,1,68,206,57,16,5,1,11,0,4,0,49,1,2,8,8,0,20,0,0,0,9,0,147,2,68,0,0,0,5,40,1,0,0,0,31,2,1,7,97,2,1,0,2,0,0,0,1,0,18,14,2,2,1,0,6,14,95,2,108,0,19,0,29,47,0,8,0,0,19,7,0,41,2,1,13,36,30,241,0,73,3,0,0,0,0,79,0,0,0,2,0,1,0,0,0,4,0,0,0,3,0,3,206,98,121,0,0,75,24,50,0,0,0,100,10,14,6,0,58,60,0,0,0,0,49,19,0,4,80
0,89,5,0,0,44,0,0,0,0,5,2,0,0,0,0,0,0,18,4,10,251,8,0,1,224,8,0,0,0,0,0,0,0,0,0,0,0,0,0,0,4,1,0,0,0,1,0,2,0,0,0,5,0,0,0,0,3,2,0,0,0,0,0,0,0,0,14,0,0,17,0,1,1,1,1,0,0,0,0,0,0,1,0,0,0,1,0,46,1,0,0,0,0,0,0,0,0,0,11,0,0,0,0,38,0,0,0,0,0,0,15,5,0,8,0,0,0,2,0,0,0,0,0,0,0,0,0,0,1,0,0,0,0,0,0,0,0,0,0,0,0,0,0,0,3,0,2,0,0,0,1,0,0,14,3,0,0,72,1,0,0,0,0,0,0,0,0,0,0,0,2,0
0,1,0,1,2,0,0,0,0,0,2,0,0,0,2,0,0,0,0,0,2,0,1,0,0,4,0,0,13,0,2,7,1,0,0,4,2,0,0,1,38,0,0,0,1,1,20,0,1,64,3,0,0,0,1,4,70,1,1,8,1,0,2,29,0,2,2,0,1,0,5,0,1,1,0,1,64,0,4,0,75,0,0,1,0,1,0,0,4,0,133,0,1,0,0,0,0,1,0,0,0,0,0,0,0,0,0,4,0,1,0,0,0,0,2,1,2,3,1,2,1,0,26,0,0,0,1,0,20,1,0,1,0,0,38,0,0,0,0,1,6,1,1,0,0,0,4,0,0,0,0,1,2,0,1,0,0,0,0,0,0,0,0,0,0,0,0,0,0,2,0,4,3
0,0,0,0,0,0,4,1,2,0,8,0,11,1,1,0,1,0,0,2,1,0,0,0,0,5,0,0,0,0,0,0,0,4,1,0,0,7,3,23,4,0,0,0,0,0,2,0,0,0,0,0,0,3,0,0,4,0,3,109,0,0,8,0,0,18,0,3,0,17,1,2,1,0,0,6,4,0,0,0,1,0,0,1,0,0,0,5,0,0,28,1,1,1,0,3,2,1,0,0,0,0,0,3,0,3,0,0,14,0,0,0,0,1,36,0,1,0,0,1,0,0,66,0,0,0,266,2,0,0,0,6,13,0,1,3,22,0,1,0,0,43,0,0,1,0,0,0,0,0,0,0,0,0,2,27,1,0,0,0,0,0,0,0,6,0,1,438,0,0,0,1,0
35,3,13,1,5,6,0,1,0,20,2,125,0,0,0,12,3,446,0,7,3,0,5,1,12,14,4,0,0,40,18,0,62,0,0,17,0,0,0,1,9,71,0,3,8,11,24,9,4,1,12,0,0,0,467,14,19,51,2,1,43,0,1,2,56,0,352,3,11,0,5,0,404,1,13,0,1,0,30,1,0,12,3,0,4,1,423,0,1,0,12,0,1,482,345,2,1,1,0,8,13,0,2,0,7,0,5,11,0,40,0,4,3,1,13,108,8,1,11,618,0,6,0,5,16,0,0,0,9,18,0,0,0,164,0,24,1,0,0,10,0,0,0,0,0,1,20,2,7,0,0,15,32,396,3,0,0,2,0,0,8,0,0,6,0,0,0,0,13,35,1,2,6
0,0,0,17,0,0,0,0,0,29,0,0,0,0,0,7,2,0,0,0,0,0,6,0,0,0,45,0,0,0,61,0,51,0,0,4,3,0,0,0,1,0,0,0,394,68,6,80,1,0,0,0,0,0,5,0,1,0,0,0,67,0,0,0,10,0,2,3,60,0,0,0,0,1,0,0,0,0,29,7,1,37,8,104,7,23,0,0,0,0,0,0,45,0,0,0,0,0,6,0,298,0,19,0,1,0,0,124,0,2,0,0,5,0,0,1,44,0,0,1,306,14,0,98,1,0,0,0,0,4,0,0,0,0,0,0,0,0,0,20,0,0,0,79,0,0,10,3,18,0,0,6,3,0,0,0,0,8,1,0,2,0,6,11,0,0,0,0,2,0,0,0,4
0,0,0,0,1,0,2,1,6,0,0,0,0,0,0,0,2,0,0,0,0,0,0,0,0,0,0,0,0,0,0,0,0,3,1,0,0,6,12,6,0,0,0,4,0,0,0,0,0,0,0,5,0,4,0,0,0,0,0,0,0,5,0,0,0,1,0,0,0,0,0,2,0,0,0,1,0,0,0,0,0,0,0,0,0,0,0,6,0,0,1,1,0,0,0,16,1,0,0,0,0,6,0,3,0,3,0,0,1065,0,0,0,0,0,2,0,0,0,0,0,0,0,1,0,0,1,1,0,0,0,1,28,948,0,0,0,5,7,0,0,0,18,0,0,0,0,0,0,0,0,0,0,0,0,0,0,3,0,0,0,0,2,0,0,18,0,0,2,0,0,0,0,0
7,0,0,0,176,0,0,0,2,1,4,0,0,26,49,0,26,1,0,0,0,2,1,0,0,2,0,0,0,2,17,0,0,0,47,4,0,0,0,0,0,115,0,32,0,2,0,0,3,0,1,0,0,2,0,0,0,0,3,2,0,0,3,0,2,0,0,21,1,0,0,6,2,0,0,0,0,0,0,0,3,0,0,0,0,0,0,4,0,2,0,0,0,0,0,3,1,0,0,0,0,1,0,0,0,0,0,0,0,1,0,0,1,1,5,1,0,0,0,0,0,0,0,0,0,69,0,0,0,0,4,0,1,0,0,9,1,7,0,4,0,0,3,0,102,0,0,2,0,2,364,0,0,1,0,0,2,0,0,0,1,0,1,0,33,0,0,0,1,0,0,0,0
0,0,0,0,3,0,1780,0,5,0,10,0,14,0,0,0,0,0,0,0,0,0,2,0,0,0,0,0,0,0,0,0,0,15,0,1,0,10,8,337,0,0,0,2,0,0,2,0,1,0,0,0,0,0,0,1,3,0,9,6,0,0,26,0,0,7,0,1,1,3,0,1,0,0,0,2323,1,0,0,0,5,0,0,0,0,0,0,0,0,0,68,3673,0,0,1,1,3,11,0,0,0,0,0,3,0,1704,0,0,5,0,0,0,0,2,12,0,1,2,0,0,0,0,2,0,0,0,12,2,0,0,0,3,47,0,2,0,2,0,0,0,1,25,0,0,0,0,0,0,0,0,0,0,0,0,0,1,0,0,0,0,0,0,0,0,1,0,8,10,1,0,0,0,0
0,0,1,4,3,1,19,2,1,4,7,0,0,30,4,1,28,1,1,38,4,1,4,5,0,5,1,1,0,0,6,1,8,0,37,7,0,0,0,0,5,0,4,69,0,3,4,3,5,2,0,4,0,2,2,118,1,0,225,5,0,2,2,4,0,1,2,3,9,0,4,0,4,1,0,1,2,0,1,3,9,0,1,6,2,12,0,5,0,3,3,1,4,10,3,2,346,0,1,5,0,15,0,0,0,7,0,4,7,14,1,2,1,52,2,2,5,386,1,1,0,8,9,0,11,14,15,5,0,3,0,0,7,0,212,5,0,3,0,0,0,0,14,17,19,0,11,0,0,0,12,4,0,1,0,1,2,2,0,0,1,0,8,12,19,5,0,3,1,0,1,4,2
0,5,0,2,10,14,0,0,0,288,1,4,0,0,0,54,52,56,0,3,2,6,71,0,26,7,15,0,6,0,181,0,204,0,0,23,12,0,0,0,39,3,1,38,163,135,224,98,18,1,59,0,0,0,45,6,13,3,3,0,89,0,0,0,47,0,44,5,172,0,9,0,0,7,0,0,1,0,292,34,3,45,16,75,28,43,3,0,11,3,0,0,116,6,288,3,0,0,0,2,143,4,11,0,13,0,11,168,0,15,0,0,18,17,0,81,49,4,28,8,106,43,0,28,25,0,0,0,0,16,0,0,0,18,0,2,0,0,0,148,0,0,0,37,0,2,60,72,73,0,0,138,82,22,0,0,0,7,26,6,1,0,112,8,0,0,0,0,156,24,0,14,13
2,8,1,7,98,14,1,4,2,300,6,9,0,3,2,8,222,11,1,31,3,3,113,0,19,3,31,2,32,1,230,4,274,5,0,277,49,0,0,2,157,4,1,74,156,192,558,190,41,38,258,1,3,0,88,130,58,13,30,1,92,0,3,4,67,0,80,11,187,0,34,1,0,1,1,0,36,8,305,29,7,72,8,78,92,74,15,0,10,62,50,0,162,13,24,14,5,7,0,7,43,2,6,1,12,0,17,158,0,13,0,1,28,38,3,69,105,81,102,21,80,18,0,69,89,1,0,1,1,35,0,4,0,98,8,3,0,0,1,344,1,0,12,103,0,0,138,30,27,0,1,168,335,20,1,0,0,10,35,5,32,0,313,16,0,0,0,0,37,46,3,107,23
0,0,0,0,0,0,2,0,0,35,0,0,0,0,0,129,8,3,0,0,0,0,21,0,0,0,14,0,5,1,16,1,2,0,0,210,13,0,0,0,6,0,0,0,96,5,4,447,0,3,10,0,0,0,2,0,13,3,0,0,286,0,0,0,242,0,1,42,38,0,3,1,1,0,0,0,2,0,42,80,5,588,0,808,242,664,0,0,125,224,1,0,776,0,21,0,0,0,0,0,56,0,0,0,0,0,0,172,0,1,0,0,138,9,0,30,396,2,0,0,73,4,0,2,129,0,0,0,1,0,0,0,0,1,0,0,0,0,0,144,0,0,0,461,0,0,3,3,0,0,0,42,10,0,0,0,0,0,3,0,0,0,8,1,0,0,0,0,20,0,0,0,0
0,0,0,0,0,0,0,36,0,0,0,0,0,0,0,0,0,2,0,0,0,0,0,0,0,0,0,20,0,0,0,0,0,0,14,2,0,0,0,0,0,0,0,3,0,0,0,0,11,0,0,99,0,6,0,0,0,0,0,0,0,0,2,0,0,0,0,0,0,0,0,350,0,0,0,0,0,2,0,0,0,0,0,0,0,0,0,33,0,0,0,0,0,0,0,2,0,0,3,0,0,5,0,0,0,0,0,0,0,6,4,0,0,0,0,1,0,1,0,0,0,0,0,0,0,4,0,0,0,0,446,0,0,0,0,10,0,0,0,0,0,0,0,0,0,0,0,0,0,3,0,0,0,0,0,0,113,0,0,0,0,3,0,0,0,0,0,0,0,0,0,0,0
0,2,0,0,130,0,2,2,45,0,70,0,6,606,149,0,381,0,0,0,0,0,3,0,0,0,0,3,0,0,33,0,0,1,405,6,0,0,0,3,0,18,0,21,0,0,0,0,0,0,2,5,0,21,0,0,0,0,34,1,1,7,10,0,2,0,0,2,0,4,0,20,23,0,0,2,5,0,0,0,1,0,0,0,0,0,1,27,0,0,3,1,0,2,0,0,9,0,0,0,0,219,0,0,0,6,0,0,3,14,6,0,0,1,13,1,0,0,0,0,0,0,3,0,0,741,3,0,0,0,4,0,9,0,2,14,0,14,0,3,0,0,0,0,588,0,0,0,0,36,223,0,0,0,0,1,5,0,1,0,1,0,0,0,36,0,0,0,0,0,0,1,1
0,0,0,0,14,0,7,5,1222,1,20,0,1251,3,86,0,4,0,0,0,1,0,1,111,1,1,0,2,3,7,0,3,1,1620,6,0,31,698,1582,1061,1,0,0,5,0,0,0,0,17,2,1,10,0,8,0,2,3,0,3,38,0,14,25,4,0,357,0,0,1,814,2,15,0,2,0,13,7,12,0,0,21,0,0,0,0,1,0,31,0,3,34,27,0,10,0,10,30,87,0,0,1,7,0,1518,0,14,0,0,29,1,1,6,0,16,17,0,0,1,0,0,0,0,4,0,4,63,149,21,0,0,20,303,35,2,6,49,567,1,245,0,118,1008,270,0,1,0,0,0,0,1,0,0,0,0,0,0,4,0,0,7,0,6,1,0,7,6,205,2,0,0,62,0,0
1,164,19,27,4,268,1,0,0,97,33,6,0,5,1,1,0,3,57,15,41,565,389,5,3,596,177,1,0,3,2,13,7,0,0,0,3,12,0,0,14,29,24,0,3,9,25,66,171,4,109,0,26,0,0,23,4,12,2,13,2,0,2,18,4,0,2,427,6,0,540,0,6,7,3,0,8,1,2,23,9,0,10,6,2,19,4,0,73,200,7,0,3,4,0,4,1,4,21,79,1,0,6,0,79,1,8,1,4,0,0,267,21,8,22,0,3,0,3,0,8,0,13,143,11,0,0,12,16,8,0,0,0,5,2,0,0,0,0,12,0,0,0,92,0,37,9,26,0,0,0,5,10,1,139,12,0,2,85,8,5,0,0,4,0,6,5,0,0,10,4,1,1
3,0,0,0,2,3,3,0,0,1,8,1,0,3,11,0,0,0,0,4,2,1,1,183,0,6,1,0,54,6,1,546,2,3,0,0,135,20,2,3,8,0,1,2,2,0,10,1,9,109,22,0,0,0,1,97,122,0,0,179,1,0,1,266,7,10,0,1,7,0,7,1,1,6,0,4,139,1,0,0,186,0,0,0,0,12,1,0,0,2,249,0,3,2,2,11,2,11,0,0,3,0,3,0,3,0,1,1,2,0,0,15,3,0,61,0,1,0,0,0,5,0,557,1,0,0,0,37,32,16,1,3,0,3,54,2,4,2,2,8,16,0,1,1,0,0,1,0,0,0,1,1,1,0,1,0,0,0,0,0,1,0,2,1,0,460,1,0,0,0,2,0,0
0,2,1,2,10,5,1,0,1,7,15,2,0,79,49,0,0,0,1,17,9,9,2,21,0,7,3,0,530,5,4,579,9,4,1,0,251,15,15,15,36,3,2,1,2,2,21,2,64,749,30,1,0,0,7,119,175,2,2,127,6,0,1,831,0,86,9,7,8,0,38,0,2,169,2,3,916,8,6,3,92,0,0,5,0,3,0,0,1,11,379,0,1,1,2,35,21,12,0,5,2,0,2,0,2,0,3,6,15,0,0,29,2,33,58,1,8,2,0,1,1,2,163,3,2,0,1,7,211,8,2,61,0,44,411,0,18,0,34,4,163,0,4,8,0,0,1,6,1,0,0,2,1,3,2,0,0,0,1,0,2,4,162,0,0,98,4,0,2,1,57,0,0
0,1,0,0,0,0,1,0,0,0,2,0,0,1,70,0,0,0,0,10,1,0,0,3,0,0,0,0,238,0,0,64,1,7,0,0,10,0,0,2,3,1,0,0,0,0,2,3,0,326,3,0,0,0,3,11,168,0,0,0,0,0,1,46,0,17,2,0,0,0,7,0,0,1,0,1,80,0,1,2,20,1,0,2,0,2,0,0,0,1,21,0,4,0,0,1,7,4,0,0,0,0,0,3,0,0,0,1,1,0,0,11,0,7,0,1,4,0,0,0,0,0,13,0,1,0,0,1,45,3,0,0,0,2,22,0,12,0,3,0,10,0,15,7,0,0,0,0,0,0,0,0,1,0,0,0,0,0,0,0,0,0,4,0,0,14,0,0,0,0,1,0,0
1,230,16,12,0,167,0,0,0,0,0,6,0,0,0,0,0,0,100,42,29,93,11,0,157,108,7,0,0,0,5,0,34,0,0,0,0,0,0,0,2,2,14,0,0,4,10,1,4,0,0,0,3,0,2,0,1,14,0,0,0,0,0,0,0,0,9,0,1,0,22,0,0,35,16,0,0,0,2,0,0,0,10,0,0,0,3,0,5,0,0,0,0,1,0,6,0,2,1,47,2,0,3,0,138,0,22,0,0,1,0,15,19,0,0,0,0,0,2,1,0,1,0,4,0,0,0,1,1,46,0,0,0,0,0,0,0,0,0,0,0,0,0,1,0,26,7,321,5,0,0,15,0,1,4,2,0,1,31,195,0,0,0,5,0,0,0,0,1,15,0,0,15
0,1,2,9,0,26,0,0,0,0,0,2,0,0,0,0,0,0,3,0,307,1,53,0,2,5,158,0,0,0,0,0,1,0,0,0,0,0,0,0,0,1,0,0,0,1,0,1,4,0,0,0,6,0,0,0,0,18,0,0,2,0,0,0,0,0,0,0,0,0,0,0,0,0,2,0,0,0,1,0,0,0,0,0,0,0,1,0,2,0,0,0,0,0,0,0,0,0,1,13,1,0,0,0,5,0,4,0,0,0,0,3,0,0,0,0,0,0,0,1,0,0,0,31,0,0,0,0,0,2,0,0,0,0,0,0,0,0,0,0,0,0,0,0,0,4,0,8,0,0,0,0,0,0,0,0,0,0,1,1,0,0,0,0,0,0,0,0,0,0,0,0,0
0,0,0,0,9,2,3,9,1,0,1,0,0,15,11,0,7,0,5,1,0,1,2,0,0,0,1,0,0,0,59,0,1,0,20,2,0,0,0,1,0,1,5,231,1,0,0,1,0,0,0,5,0,1,0,1,0,0,498,0,0,1,1,0,1,0,0,5,0,0,0,1,1,0,0,0,0,0,0,0,1,0,0,2,1,0,3,6,0,1,0,0,4,0,0,0,101,0,0,0,0,14,0,0,2,6,1,0,1,24,0,0,0,0,1,0,0,0,0,0,1,0,0,0,0,24,0,0,0,1,1,0,21,0,5,4,0,97,0,7,0,1,0,0,2,1,6,0,0,0,5,0,3,0,0,0,0,0,0,0,0,1,0,1,756,0,0,0,0,0,0,0,2
562,9,31,18,1,10,1,0,2,9,5,264,1,5,1,7,0,318,9,2,4,1,17,10,18,4,20,0,0,745,4,6,43,1,0,3,6,2,0,2,4,200,10,3,28,12,9,4,9,0,161,0,3,0,92,9,69,403,0,89,168,0,0,5,306,0,150,4,1,0,7,0,88,4,70,0,2,0,13,8,3,55,16,3,4,2,425,0,1,2,6,0,1,108,24,2,1,3,3,15,6,0,11,0,89,0,26,9,0,7,0,28,15,5,56,3,7,2,0,295,11,0,3,10,14,0,0,11,181,21,0,3,0,114,1,224,0,0,1,47,0,0,2,1,0,8,15,8,3,0,1,2,0,172,2,1,0,3,3,1,9,0,0,29,0,0,0,0,1,27,0,3,13
0,0,0,0,0,0,0,884,0,0,0,0,0,0,0,0,0,0,0,0,0,0,0,0,0,0,0,199,0,0,0,0,0,0,2,0,0,0,0,0,0,0,0,0,0,0,0,0,0,0,0,79,0,1291,0,0,0,0,0,1,0,1279,0,0,0,0,0,0,0,0,0,31,0,0,0,0,0,902,0,0,0,0,0,0,0,0,0,3,0,0,0,0,0,0,0,0,0,0,0,0,0,23,0,0,0,0,0,0,55,5,866,0,0,0,0,0,0,0,0,0,0,0,0,0,5,1,0,0,0,0,2,1,10,0,0,16,0,0,0,0,0,1,0,0,0,0,0,0,0,1452,0,0,0,0,0,0,25,0,0,0,0,337,0,0,0,0,0,0,0,0,0,0,0
0,0,0,0,0,0,0,371,0,0,0,0,0,0,0,0,0,0,0,0,0,0,0,0,0,0,0,28,0,0,0,0,0,0,0,0,0,0,0,0,0,0,0,0,0,0,0,0,0,0,0,1073,0,18,0,0,0,0,0,0,0,0,0,0,0,0,0,0,0,0,0,43,0,0,0,0,0,2,0,0,0,0,0,0,0,0,0,295,0,0,0,0,0,0,0,0,0,0,0,0,0,1,0,0,0,0,0,0,4,1,4,0,0,0,0,0,0,0,0,0,0,0,0,0,1,0,0,0,0,0,0,0,1,0,1,0,0,0,0,0,0,1,0,0,0,0,0,0,0,29,0,0,0,0,0,0,356,0,0,0,0,8,0,0,0,0,0,0,0,0,0,0,0
0,1,0,0,2,1,11,33,1,2,0,0,0,18,17,0,5,0,0,2,0,0,0,0,1,0,0,13,0,0,9,0,1,0,182,19,0,0,0,3,0,0,4,45,0,0,1,0,0,0,0,4,0,33,0,0,0,0,51,0,0,17,15,0,0,0,1,1,0,3,0,134,5,0,0,4,1,23,0,0,0,0,1,0,0,0,0,272,0,1,0,2,1,0,0,1,29,0,0,0,0,695,0,0,0,5,0,0,4,791,4,0,0,0,2,0,0,0,0,0,0,0,2,0,0,90,7,0,0,0,64,1,25,1,3,413,0,167,0,3,0,4,0,0,3,0,1,0,0,8,11,0,0,0,0,0,192,0,0,0,0,1,0,0,71,0,0,1,0,0,0,0,0
0,0,0,0,0,0,1,0,28,0,0,0,0,0,0,0,1,0,0,0,0,0,0,0,0,0,0,7,0,0,0,0,0,24,3,0,0,12,73,3,1,0,0,1,0,0,0,0,0,0,0,0,0,15,0,1,0,0,5,0,0,28,3,0,0,1,0,0,0,1,0,2,0,0,0,0,0,34,0,0,0,0,0,0,0,0,0,2,0,0,0,0,0,0,0,12,0,1,0,0,0,17,0,2,0,2,0,0,218,3,10,0,0,0,0,0,0,0,0,0,0,0,0,0,0,2,1,1,0,0,1,50,77,0,0,12,6,42,1,0,1,19,0,0,0,0,0,0,0,0,0,0,0,0,0,0,6,0,0,0,0,2,0,0,9,0,0,0,0,0,0,0,0
0,31,3,2,3,5,0,0,0,16,0,2,0,0,0,0,2,2,10,3,4,13,31,0,1,9,8,0,0,0,15,0,26,0,0,2,0,0,0,0,5,4,3,3,1,3,32,6,12,0,20,0,7,0,7,4,0,6,4,0,0,0,0,0,4,0,3,0,6,0,6,0,0,0,4,0,0,0,34,1,0,0,2,1,4,0,4,0,3,1,0,0,0,3,0,0,0,0,0,4,3,0,0,0,20,0,6,10,0,0,0,1,3,2,1,5,1,0,4,3,0,0,0,10,0,0,0,0,0,3,0,0,0,3,0,0,0,0,0,2,0,0,0,0,0,8,7,17,1,0,0,5,16,3,1,0,0,0,4,0,0,0,0,1,0,0,0,0,0,4,0,1,2
1,60,0,1,0,13,0,0,0,47,10,2,0,0,0,2,6,15,5,4,18,8,3,1,7,23,1,0,0,8,22,5,25,0,0,103,1,0,0,0,41,2,0,3,17,5,101,5,3,3,39,0,0,0,25,3,40,1,0,1,14,0,0,0,7,0,8,1,18,0,141,0,1,4,2,0,4,0,514,143,1,5,2,41,28,33,6,0,2,28,6,0,39,7,19,2,7,0,0,0,25,0,0,0,5,0,5,242,0,1,0,10,26,2,0,25,30,1,0,6,3,2,4,0,9,0,0,0,2,11,0,0,0,2,0,1,0,0,0,10,1,0,0,1,0,0,10,67,0,0,0,103,4,10,3,1,0,0,2,1,0,0,12,5,0,2,0,0,20,22,0,3,1
2,0,0,0,22,2,0,2,4,3,31,0,0,29,0,0,0,1,0,1,0,1,0,23,0,7,0,1,3,60,0,26,0,5,0,1,0,65,45,5,1,3,1,8,0,0,6,0,27,1,55,0,0,3,2,33,9,0,4,7,0,1,0,8,0,2,0,2,0,0,13,0,50,0,0,0,2,5,3,0,1,0,0,1,0,0,1,1,2,4,15,0,0,0,1,451,23,42,0,0,0,1,19,1,0,0,0,1,221,0,0,13,0,26,16,0,0,0,0,0,1,0,1,0,2,1,2,256,1,0,4,79,73,0,0,0,14,10,11,1,10,6,0,0,0,0,0,1,0,0,1,1,0,1,0,0,0,0,0,1,0,3,0,1,13,4,3,1,0,1,15,0,0
6,27,1,0,1,8,0,0,0,3,456,6,0,1,0,1,0,0,5,0,411,33,259,1,1,39,95,0,0,14,2,1,1,0,0,0,0,1,0,0,5,81,4,0,5,0,12,6,53,1,119,0,36,0,0,1,3,32,0,57,1,0,0,0,5,0,0,26,1,0,54,0,1,1,3,0,1,0,2,0,10,0,0,3,1,0,10,0,182,2,3,0,0,1,0,4,0,0,2,1,0,0,0,0,1,0,2,1,0,0,0,249,4,0,2,0,0,0,1,1,1,0,9,31,0,0,1,7,8,0,0,0,0,0,1,1,0,0,0,4,0,0,0,0,0,7,1,0,0,0,0,0,1,0,25,428,0,0,31,0,0,0,0,1,0,0,0,0,0,1,0,1,1
0,0,0,0,0,0,0,0,0,12,0,0,0,0,0,9,0,116,0,2,0,0,0,0,3,0,0,0,0,0,5,0,0,0,0,100,0,0,0,0,2,1,4,1,2,2,0,11,33,0,6,0,0,0,4,1,3,0,0,0,2,0,0,1,1,0,1,2,3,0,5,0,0,1,0,0,0,0,12,151,2,2,0,40,21,136,0,0,5,21,0,0,46,11,29,0,0,0,0,0,4,0,0,0,0,0,0,13,0,0,0,0,36,294,0,131,35,0,0,3,0,0,1,1,144,0,0,0,1,0,5,0,0,0,0,0,0,0,0,2,1,0,0,26,0,0,0,2,0,0,0,61,0,6,0,0,0,0,1,0,0,0,6,0,0,0,0,0,34,0,0,0,0
0,0,0,0,0,0,0,281,0,0,4,0,0,1,0,0,1,0,0,0,0,0,0,0,0,0,0,310,0,0,1,0,0,3,7,1,0,2,0,0,0,0,0,0,0,0,2,0,0,0,0,38,0,284,1,0,0,0,0,0,0,435,4,0,0,0,0,1,0,0,0,32,0,0,0,1,0,541,0,0,0,0,0,0,0,0,0,9,0,9,0,0,0,0,0,254,2,0,110,0,0,15,2,0,0,1,0,0,19,3,523,0,0,4,0,0,0,0,0,0,0,0,0,0,40,0,0,0,0,0,4,13,4,1,0,8,0,0,0,0,0,0,0,0,0,0,0,0,0,239,2,0,0,0,0,0,12,0,0,0,0,542,0,0,0,0,0,0,0,0,1,0,0
0,0,0,0,0,0,0,22,0,0,0,0,0,0,0,0,0,0,0,0,0,0,0,0,0,0,0,17,0,0,0,0,0,0,1,1,0,0,0,0,0,0,0,1,0,0,0,1,0,0,0,45,0,0,0,0,0,0,0,0,0,0,0,1,0,0,0,0,0,0,0,7,0,0,0,0,1,1,0,0,0,0,0,0,0,0,0,12,0,0,0,0,0,0,0,3,0,0,1,0,0,0,0,0,0,0,0,0,0,0,1,0,0,4,0,0,0,0,0,0,0,0,0,0,0,0,0,0,0,0,10,1,0,0,0,0,0,0,0,0,0,0,0,0,0,0,0,0,0,1,0,0,0,0,0,0,16,0,0,0,0,3,0,0,0,0,0,0,0,0,0,0,0
