0.85639,0.22668,0.39891,0.3985,0.20026,0.27223,0.95355,0.51982,0.8479,0.31315,0.60058,0.48767,0.90107,0.56895,0.48818,0.3589,0.51492,0.38095,0.53837,0.40379,0.46562,0.47271,0.28438,0.51355,0.25287,0.49076,0.20411,0.45581,0.59767,0.79781,0.22198,0.47276,0.20413,0.81798,0.55181,0.33696,0.36779,0.61351,0.76458,0.66795,0.42116,0.24793,0.3074,0.30024,0.46275,0.18738,0.3646,0.48563,0.15835,0.5859,0.24414,0.7249,0.56006,0.76097,0.63835,0.25309,0.20633,0.52933,0.58043,0.29077,0.3632,0.67505,0.17969,0.64458,0.39829,0.53091,0.34673,0.73932,0.33054,0.78785,0.5178,0.33367,0.58815,0.16346,0.62148,0.9748,0.62755,0.61566,0.40315,0.32292,0.30612,0.71231,0.368,0.67195,0.58244,0.65688,0.4505,0.35421,0.46656,0.38658,0.40462,0.99072,0.71246,0.68683,0.55178,0.49231,0.52129,0.79982,0.50509,0.23913,0.34407,0.72388,0.44707,0.91706,0.18683,0.95769,0.31393,0.25973,0.62417,0.71207,0.66302,0.42994,0.30565,0.60176,0.13702,0.18631,0.51355,0.75734,0.36461,0.57364,0.51329,0.5399,0.60884,0.44108,0.24585,0.7804,0.54754,0.52134,0.49648,0.3933,0.61735,0.30541,0.66351,0.42788,0.44444,0.42598,0.54469,0.47692,0.79976,0.43265,0.36466,0.69209,0.62231,0.46785,0.84079,0.31674,0.36156,0.33763,0.39645,0.81936,0.63547,0.25065,0.31531,0.51875,0.54017,0.87835,0.33659,0.57724,0.27533,0.49574,0.33913,0.6886,0.42098,0.577,0.69942,0.7033,0.71758,0.73744,0.49224,0.1521,0.43899,0.6811,0.57069
0.54346
0,35,292,159,0,37,0,0,0,0,0,76,0,0,0,1,0,3,88,13,1,2,3,0,176,11,8,0,0,0,0,0,8,0,0,0,1,0,0,0,1,12,245,0,0,3,1,0,3,0,0,0,172,0,4,0,0,21,0,0,3,0,0,0,1,1,27,0,0,0,0,0,10,88,463,0,0,0,0,0,0,0,93,0,0,0,19,0,0,0,0,0,0,4,0,0,0,0,75,220,0,0,14,0,35,0,178,0,0,0,0,0,3,0,23,0,0,0,1,21,0,3,0,41,3,0,0,0,0,20,0,0,0,0,0,0,0,0,0,0,0,0,0,0,0,222,19,7,3,0,0,0,0,17,2,0,0,27,20,10,0,0,0,10,0,0,0,0,0,1,0,0,4
0,1,8,66,1,11,0,0,0,12,0,5,0,0,0,7,0,3,0,1,0,1,0,0,26,0,6,0,0,0,76,0,121,0,0,1,4,0,0,0,1,0,61,0,20,109,6,2,0,0,0,0,1,0,1,0,1,0,0,4,3,0,0,0,0,0,6,0,20,0,0,0,0,45,1,0,1,0,3,0,0,3,368,0,1,1,0,0,0,0,1,0,8,1,0,1,0,0,20,4,70,1,359,0,5,0,7,32,0,22,0,0,6,0,0,15,2,0,1,2,26,521,0,22,0,0,0,0,0,317,0,0,0,0,0,0,0,0,0,2,0,0,0,8,0,2,333,12,201,0,0,12,1,0,0,0,0,426,3,0,5,0,22,296,0,0,0,0,0,1,0,0,222
1,32,40,33,29,38,1,1,1,10,3,14,4,0,1,0,1,1,32,129,2,9,51,0,52,12,19,0,1,0,14,0,84,0,0,35,6,10,0,4,4,3,98,1,1,65,55,0,49,0,31,0,28,2,2,14,4,33,7,4,0,1,7,0,1,0,20,1,2,1,0,1,3,119,7,4,1,0,1,0,0,2,122,0,1,1,3,0,0,0,8,0,0,3,0,6,3,8,46,119,3,1,23,0,107,3,141,1,0,5,0,2,14,0,12,8,5,1,30,2,1,15,5,86,3,0,11,0,0,50,1,1,3,19,0,2,0,0,1,2,0,8,2,3,1,62,50,97,28,0,0,15,11,7,3,0,0,42,1,11,5,0,1,20,1,1,0,9,1,26,1,6,23
0,140,153,36,0,113,0,0,0,0,0,20,0,0,0,0,0,0,470,8,60,28,28,0,32,35,51,0,0,4,0,0,0,0,0,0,1,0,0,0,4,173,59,0,0,0,0,0,6,0,2,0,359,0,0,0,1,105,0,0,3,0,1,0,0,0,6,1,3,0,10,0,4,18,99,0,0,0,0,0,0,0,8,0,0,0,25,0,64,0,0,0,0,2,0,0,0,0,22,182,0,0,0,0,41,0,53,0,0,0,0,8,5,0,37,2,0,0,0,2,0,0,0,23,0,0,0,0,3,11,0,0,0,2,0,0,0,0,0,0,0,0,0,0,0,229,1,12,0,0,0,1,0,4,17,4,0,0,125,21,0,0,0,0,0,0,0,0,0,1,0,0,0
0,6,32,73,0,25,0,0,0,0,0,2,0,0,0,0,0,0,6,1,1,2,0,0,26,3,0,0,0,0,4,0,2,0,0,0,1,0,0,0,0,0,38,0,0,1,0,0,0,0,0,0,1,0,0,0,0,0,0,0,0,0,0,0,0,0,5,0,0,0,0,0,0,110,1,0,0,0,0,0,0,0,58,0,0,0,0,0,0,0,0,0,0,2,0,2,0,0,5,40,1,0,18,0,14,0,34,0,0,0,0,1,0,0,2,0,0,0,0,1,1,13,0,2,0,0,0,0,0,74,0,0,0,0,0,0,0,0,0,0,0,0,0,0,0,11,20,18,8,0,0,0,0,3,0,0,0,47,0,1,0,0,0,9,0,0,0,0,0,0,0,0,4
2,117,16,13,121,77,0,0,0,15,15,10,0,0,0,0,13,0,38,298,27,79,139,0,30,124,16,0,2,3,12,7,58,0,0,6,18,6,1,0,26,10,15,9,0,33,277,4,127,5,133,0,6,0,16,27,19,22,18,0,4,0,6,6,4,0,38,8,15,0,18,0,8,36,5,0,6,0,8,3,2,0,15,0,2,1,7,0,6,3,19,0,1,8,2,7,1,7,4,74,3,0,6,0,125,0,35,3,2,1,0,27,34,1,14,4,4,5,126,11,2,2,4,15,4,0,0,3,1,31,0,2,0,26,3,1,0,0,0,6,0,0,0,10,0,41,47,79,4,0,0,24,98,8,22,1,0,6,21,15,70,0,5,6,0,6,2,0,0,44,0,24,18
0,1,91,318,0,3,0,0,0,0,0,22,0,0,0,0,3,0,0,0,1,0,6,0,5,0,134,0,0,0,5,0,29,0,0,0,0,0,0,0,0,1,191,0,11,45,1,8,7,0,3,0,11,0,0,0,0,5,1,0,15,0,0,0,0,0,8,0,1,0,0,0,0,22,4,0,0,0,0,0,0,0,140,0,0,0,2,0,0,0,0,0,0,1,0,0,0,0,347,98,7,0,26,0,2,0,38,0,0,0,0,0,173,0,0,0,0,0,0,1,13,5,0,423,0,0,0,0,0,16,0,0,0,0,0,0,0,0,0,0,0,0,0,22,0,33,30,3,2,0,0,0,2,1,0,0,0,12,0,0,2,0,0,32,0,0,0,0,0,0,0,0,7
0,3,0,1,1,0,1,0,0,1,0,0,0,1,4,0,0,0,7,0,0,1,1,0,0,1,1,0,0,0,6,0,0,0,2,0,0,0,0,0,0,0,0,48,0,0,1,0,0,0,0,2,0,2,0,1,0,1,7,0,0,0,1,0,1,0,0,1,0,0,0,0,0,0,5,0,0,0,0,0,0,0,0,0,1,1,4,0,1,0,0,0,1,1,0,0,0,1,0,0,0,0,0,0,0,0,0,0,0,1,0,0,0,0,12,1,0,0,0,0,0,0,0,2,0,0,0,0,0,0,0,0,0,1,0,11,0,19,0,7,0,0,0,0,0,0,0,0,0,0,1,0,15,0,1,0,0,0,2,0,0,1,0,0,109,0,0,1,0,0,0,0,0
1,0,0,0,49,0,8,2,70,0,23,0,96,7,351,0,1,3,0,3,3,0,0,398,0,2,0,2,10,13,0,8,0,257,1,2,195,306,265,61,0,1,0,14,0,0,0,0,25,5,4,4,0,0,1,20,6,0,1,5,0,3,11,9,0,220,0,2,0,198,8,16,3,1,0,8,9,2,0,1,255,0,0,0,1,2,0,5,1,2,25,13,0,41,1,23,44,867,0,0,25,2,3,116,0,4,0,0,7,0,1,6,0,48,24,0,0,5,0,1,0,0,7,0,9,9,15,452,8,0,65,176,19,2,2,5,377,1,1322,0,194,281,491,0,0,0,0,0,0,0,8,0,1,0,0,0,2,0,0,89,0,3,9,0,1,4,122,1,0,0,313,0,0
0,0,0,0,0,0,0,52,0,0,0,0,0,0,0,0,0,0,0,0,0,0,0,0,0,0,0,11,0,0,0,0,0,0,1,0,0,0,0,0,0,0,0,0,0,0,0,0,0,0,0,146,0,13,0,0,0,0,0,0,0,0,0,0,0,0,0,0,0,0,0,231,0,0,0,0,0,4,0,0,0,0,0,0,0,0,0,28,0,0,0,0,0,0,0,0,0,0,0,0,0,13,0,0,0,0,0,0,0,8,1,0,0,0,0,0,0,0,0,0,0,0,0,0,0,1,0,0,0,0,59,0,0,0,0,1,0,0,0,0,0,0,0,0,0,0,0,0,0,6,0,0,0,0,0,0,246,0,0,0,0,1,0,0,0,0,0,0,0,0,0,0,0
0,0,0,0,6,0,13,8,0,3,1,0,0,7,4,0,15,0,0,0,0,0,0,0,0,1,0,2,0,0,2,0,2,1,37,14,0,0,0,3,0,0,0,113,0,0,1,0,50,0,0,2,0,3,1,0,0,0,15,0,0,4,11,0,0,1,0,2,8,0,0,37,0,0,36,4,0,4,1,0,0,0,2,0,0,0,0,103,0,1,0,1,1,0,0,1,15,1,0,0,0,67,0,0,0,3,0,1,2,68,0,0,1,0,3,2,2,1,0,0,0,0,3,0,0,7,2,0,0,0,26,1,19,0,3,202,0,75,0,3,0,1,0,0,2,0,2,0,1,0,9,2,26,0,0,0,23,0,0,5,6,0,0,0,16,0,0,20,2,0,3,0,0
0,1,0,0,42,0,1,1,95,6,5,0,2,39,4,0,6,0,1,2,1,0,0,1,0,3,0,0,1,0,4,9,2,8,7,1,0,12,21,4,9,0,0,87,1,3,16,3,17,1,10,0,0,5,0,17,0,0,7,12,1,9,9,14,0,9,0,2,1,6,12,3,1,1,1,1,4,5,2,1,29,0,1,3,2,6,0,0,1,14,7,2,3,1,0,128,6,19,2,0,4,13,80,2,1,6,0,0,1,4,1,1,1,0,57,1,3,0,0,0,1,0,8,0,0,0,3,39,4,1,1,13,117,1,2,80,13,279,48,14,5,37,0,1,0,0,10,0,0,0,1,1,254,0,0,0,0,0,0,4,15,1,0,0,18,3,3,2,0,0,27,0,5
5,0,0,0,80,0,0,0,3,1,42,1,0,182,0,1,0,0,0,15,0,0,0,43,0,1,0,1,3,5,0,9,3,0,7,0,1,0,0,0,0,0,1,22,1,8,2,2,25,2,0,0,0,0,7,155,14,0,3,4,3,0,17,61,0,3,6,2,3,0,6,1,41,10,0,0,13,0,7,11,5,1,0,1,0,3,0,3,0,42,1,0,2,5,1,12,74,1,1,0,3,0,5,1,0,0,0,4,1,0,0,4,1,92,0,2,2,4,0,1,0,0,0,0,4,0,0,12,4,1,9,7,0,353,3,0,7,0,13,9,16,0,2,1,0,0,0,1,1,0,2,1,0,1,0,0,0,0,0,1,1,0,8,0,0,7,3,0,0,1,215,0,0
0,4,5,10,2,56,0,0,0,78,0,25,0,0,0,131,0,158,5,26,3,5,16,0,70,3,21,0,2,0,125,0,220,0,0,0,8,0,0,0,3,3,17,2,53,194,57,11,8,1,12,0,3,0,45,0,2,5,5,1,13,0,0,0,7,0,148,2,65,0,1,0,4,72,2,0,0,0,17,4,1,7,116,4,2,1,2,0,0,0,0,0,2,10,5,2,0,0,21,9,115,2,159,0,26,0,8,34,0,7,0,0,14,4,0,63,5,1,20,41,26,269,0,52,3,0,0,0,0,143,0,0,0,1,0,0,0,0,0,10,0,0,0,9,0,3,176,85,134,0,0,88,11,56,0,0,0,107,11,22,39,0,46,61,0,0,0,0,5,22,0,5,55
0,72,6,0,0,36,0,0,0,0,7,3,0,0,0,0,0,0,21,10,8,257,10,0,2,193,8,0,0,0,0,0,0,0,0,0,0,0,0,1,0,7,1,0,0,0,1,0,1,0,2,0,3,0,0,0,0,5,2,0,0,0,1,1,0,0,0,14,1,0,10,0,1,2,2,1,0,0,0,0,0,0,0,0,0,0,0,0,31,1,0,0,0,0,0,0,0,0,0,10,0,0,0,0,31,0,0,0,0,0,0,17,4,0,14,0,0,0,1,0,0,0,0,0,0,0,0,0,0,0,0,0,0,0,0,0,0,0,0,0,0,0,0,0,0,5,0,4,0,0,0,0,0,0,59,5,0,0,75,1,0,0,0,0,0,0,0,0,0,0,0,2,0
2,0,0,0,1,0,0,0,0,1,4,0,0,0,1,0,0,0,0,2,0,0,1,0,1,2,0,0,12,0,2,7,1,0,1,4,6,0,0,1,36,1,0,0,0,1,16,0,2,50,2,0,0,0,1,2,34,0,0,28,1,0,2,46,0,2,1,1,2,0,0,0,1,1,0,0,85,0,4,0,98,0,0,1,0,3,0,0,1,0,110,0,1,0,1,1,0,1,0,1,0,0,0,0,0,1,0,4,1,0,0,0,0,0,2,1,2,2,2,1,1,1,25,0,0,0,0,0,26,0,0,1,0,1,33,0,0,0,0,0,3,1,1,0,0,0,2,1,0,0,0,0,0,0,1,0,0,0,0,0,4,0,0,0,0,0,0,0,0,2,0,11,1
7,0,0,0,0,0,4,1,2,0,12,0,8,0,1,0,1,0,0,2,1,0,0,0,0,2,0,2,0,0,1,0,0,3,2,1,0,8,1,21,3,0,0,1,0,0,1,0,0,0,1,0,0,2,0,0,1,0,3,82,0,0,12,1,0,24,0,2,0,25,0,2,0,0,0,4,2,0,0,0,1,0,0,1,0,0,0,4,8,0,21,1,0,0,0,2,1,2,0,0,0,0,0,2,0,5,0,0,11,1,0,1,0,1,12,0,1,0,0,1,0,0,54,0,0,0,311,2,0,0,0,7,19,0,1,3,19,0,1,0,1,44,0,0,1,0,0,0,0,0,1,0,1,0,2,12,1,0,0,0,0,0,0,0,4,0,2,455,0,0,0,0,0
54,8,6,2,4,5,0,1,0,20,0,159,0,0,0,13,3,424,0,9,8,1,7,3,13,8,4,0,0,45,16,0,53,0,0,12,0,1,1,0,7,68,0,2,4,16,24,3,3,0,9,0,0,0,526,12,20,35,1,0,35,0,1,1,51,0,302,2,23,0,3,0,387,2,10,0,1,0,27,5,0,9,3,0,3,0,394,0,1,0,9,0,0,511,357,1,0,0,0,8,12,0,5,0,10,0,2,10,0,39,0,10,1,0,7,108,6,3,12,631,0,6,0,4,19,0,0,0,6,15,0,0,0,156,0,20,1,0,0,12,0,0,1,1,0,1,19,4,7,0,0,19,30,415,4,0,0,1,0,0,7,0,0,2,0,0,0,0,1,46,0,11,8
0,0,0,16,0,0,0,0,0,26,0,0,0,0,0,9,0,1,0,0,0,0,12,0,0,0,16,0,0,0,65,0,36,0,0,4,4,0,0,0,1,0,3,0,410,111,7,90,3,0,0,0,0,0,4,0,3,0,0,0,68,0,0,0,12,0,2,1,42,0,0,0,0,1,0,0,0,0,23,10,0,38,11,88,16,30,0,0,0,1,0,0,26,0,0,0,1,0,16,0,299,0,32,0,2,0,0,81,0,3,0,0,4,0,0,4,55,0,0,2,309,14,0,63,1,0,0,0,0,6,0,0,0,0,0,0,0,0,0,32,0,0,0,95,0,0,11,4,13,0,0,7,2,0,0,0,0,10,0,0,2,0,10,12,0,0,0,0,0,0,0,0,2
0,0,0,0,0,0,2,1,2,0,0,0,1,0,0,0,2,0,0,0,0,0,0,0,0,0,0,1,0,0,0,0,0,4,1,0,0,10,9,6,0,0,0,3,0,0,0,0,0,0,0,6,0,1,0,0,0,0,1,0,0,6,2,0,0,2,0,0,0,0,0,0,0,0,0,2,0,2,0,0,0,0,0,0,0,0,0,9,0,0,1,1,0,0,0,27,0,0,0,0,0,6,0,1,0,3,0,0,940,0,1,0,0,0,0,0,0,0,0,0,0,0,0,0,0,1,3,0,0,0,0,34,1051,0,0,1,5,4,0,0,0,18,0,0,0,0,0,0,0,0,0,0,4,0,0,0,4,0,0,0,0,1,0,0,20,0,0,2,0,0,0,0,0
8,0,0,0,155,0,0,0,0,1,5,0,0,54,35,0,66,1,0,1,0,1,1,0,0,0,0,0,0,0,15,0,0,0,46,1,0,0,0,0,1,87,1,21,0,1,0,0,9,0,1,1,0,2,0,0,0,0,3,2,0,0,2,0,0,0,0,22,2,0,1,4,1,0,2,0,1,0,0,0,4,0,0,0,0,0,1,5,0,0,0,0,0,0,0,3,1,0,0,0,0,2,0,0,0,0,0,0,0,0,0,0,1,1,0,0,0,0,0,0,0,0,0,0,0,76,0,0,0,0,3,0,2,0,1,14,1,3,0,2,0,0,3,0,93,0,0,2,0,3,387,0,1,0,0,0,1,0,0,0,2,0,0,0,24,0,0,0,2,0,0,0,0
0,0,0,0,3,0,1827,0,4,0,11,0,10,0,0,0,3,0,0,0,0,0,0,0,0,0,0,0,0,0,0,0,0,8,0,1,0,6,5,373,1,0,0,1,0,0,2,0,0,0,0,0,0,0,0,1,1,0,9,7,0,0,36,0,0,11,0,1,1,5,0,0,0,0,0,2282,1,0,0,0,3,0,0,0,0,0,0,0,0,0,61,3524,0,0,1,1,9,15,0,0,0,0,0,7,0,1811,0,0,3,0,0,0,0,2,13,0,2,2,0,0,0,0,2,0,0,0,11,2,0,0,0,2,43,0,2,0,2,0,0,0,0,25,0,0,0,0,0,0,0,0,0,0,1,0,1,2,0,0,0,0,0,0,0,0,0,0,12,10,1,0,0,0,0
9,1,1,2,1,2,21,2,0,6,6,0,0,17,13,1,17,0,1,38,4,0,1,4,0,5,1,0,1,0,6,1,7,0,34,3,0,0,0,0,4,0,2,41,0,1,3,2,6,3,0,4,0,1,4,124,2,0,190,9,0,1,3,2,1,1,2,0,13,0,3,0,3,2,0,1,0,1,0,1,8,0,2,7,3,13,0,7,0,3,1,1,9,4,2,1,404,0,0,4,2,25,2,0,1,6,0,3,3,12,0,1,1,19,5,3,9,387,1,1,0,5,11,0,14,16,14,6,1,4,0,0,10,0,249,3,0,5,0,0,0,0,14,11,18,1,11,1,1,0,8,7,4,1,1,1,1,5,1,0,10,0,4,3,15,3,0,6,5,0,2,2,1
0,3,0,2,10,14,0,0,0,320,0,5,0,0,0,51,27,61,0,8,0,6,87,0,27,8,10,0,7,0,183,0,186,0,0,17,11,0,0,0,46,2,3,37,133,171,173,80,28,0,47,0,0,0,39,1,19,3,3,0,83,0,2,2,46,0,49,4,177,0,10,0,0,7,1,0,1,0,269,57,0,60,14,74,38,34,1,0,8,3,1,0,74,5,197,2,0,0,1,0,151,2,17,0,16,0,3,177,0,20,0,1,19,6,0,115,55,6,36,14,87,67,0,18,20,0,0,0,0,20,0,1,0,11,0,1,0,0,0,176,0,0,0,42,0,1,43,53,64,0,0,191,80,28,1,0,0,24,19,23,10,0,105,6,0,0,0,0,222,24,0,10,9
1,5,0,3,79,13,1,3,4,331,5,9,0,2,2,9,183,15,2,53,3,7,129,4,18,5,17,3,29,1,202,8,247,4,0,248,51,2,2,3,203,3,1,71,116,196,482,172,59,34,250,0,0,1,72,84,68,12,24,0,103,0,6,9,73,1,80,10,237,0,42,1,1,11,2,0,40,0,283,36,7,73,12,88,87,83,9,0,10,69,35,0,98,7,18,10,6,1,4,4,56,2,10,3,11,0,8,183,0,19,0,4,40,15,1,110,131,80,136,17,65,25,0,40,83,0,0,1,0,29,1,8,0,117,9,1,0,0,0,379,1,1,7,106,0,0,101,25,28,0,1,193,309,15,2,0,0,22,47,8,117,1,301,9,0,2,0,2,22,47,3,173,11
0,0,0,0,0,0,2,0,0,33,0,0,0,0,0,123,4,3,0,0,0,1,21,1,0,0,7,0,4,1,31,0,1,0,0,161,10,0,0,0,5,0,0,0,96,9,3,473,2,2,6,0,0,0,2,1,13,4,0,0,300,0,0,0,252,0,1,33,42,0,7,0,1,0,0,0,2,0,50,71,1,619,0,721,325,649,0,0,122,242,1,0,835,0,9,0,1,0,0,0,70,0,0,0,0,0,0,132,0,4,0,0,131,15,0,32,398,2,0,0,53,4,0,0,117,0,0,0,4,0,0,0,0,0,0,0,0,0,0,142,0,0,0,422,0,0,1,1,0,0,0,37,8,0,0,0,0,1,0,0,2,0,13,1,0,0,0,0,57,0,0,0,0
0,0,0,0,0,0,0,34,0,1,0,0,0,0,0,0,0,2,0,0,0,0,0,0,0,0,0,21,0,0,0,0,0,0,18,3,0,0,0,0,0,0,0,3,0,0,0,0,52,0,0,92,0,6,0,0,0,0,0,0,0,0,1,0,0,0,0,0,0,0,0,329,0,0,0,0,0,2,0,0,0,0,0,0,0,0,0,33,0,1,0,0,0,0,0,3,0,0,2,0,0,8,0,0,0,0,0,0,0,7,4,1,0,0,0,1,0,1,0,0,0,0,0,0,0,2,0,0,0,0,434,0,1,0,0,5,0,0,0,0,0,0,0,0,0,0,0,0,0,3,0,0,0,0,0,0,104,0,0,0,0,4,0,0,0,0,0,2,0,0,1,0,0
2,1,0,0,78,0,4,3,20,0,54,0,7,689,111,0,397,0,0,1,0,0,0,0,0,0,0,4,0,0,29,0,0,0,426,2,0,0,0,6,0,15,0,15,0,0,0,0,2,0,2,7,0,16,1,0,0,0,24,1,0,7,9,0,0,0,0,3,0,3,0,11,20,0,0,3,2,0,0,0,0,0,0,0,1,0,1,33,0,1,1,0,0,0,0,1,10,0,0,0,0,82,0,0,1,5,0,0,2,11,7,0,0,0,23,1,0,0,0,0,0,0,7,0,0,860,6,0,0,0,8,0,18,0,5,16,0,18,0,0,0,0,1,0,639,0,0,0,0,44,175,0,2,0,1,2,8,0,0,0,0,0,0,0,46,0,0,6,1,0,0,0,0
0,0,0,0,18,0,5,2,1232,0,16,0,1184,0,76,0,6,0,0,0,0,0,0,105,0,0,0,5,2,5,0,10,0,1474,6,0,25,781,1377,1044,0,0,0,4,0,0,0,0,2,2,2,4,0,1,0,4,2,0,2,34,0,14,46,3,0,438,0,1,0,895,0,29,0,0,0,14,5,6,0,0,19,0,0,0,0,1,0,31,0,3,27,14,0,8,0,18,16,90,0,0,1,9,0,1559,0,20,0,0,25,2,1,5,1,15,13,0,0,1,0,0,0,0,5,0,6,50,177,32,1,0,16,226,50,5,5,28,585,1,213,0,115,989,242,0,2,0,0,0,0,1,1,0,0,0,0,0,16,0,0,11,0,3,0,0,6,3,498,1,0,0,82,0,0
1,144,27,23,5,248,1,0,0,83,19,6,0,10,1,1,0,3,71,10,17,511,366,3,3,584,153,1,1,5,3,7,7,0,0,0,1,5,0,0,21,39,27,8,1,17,23,77,112,3,124,0,17,0,1,19,5,10,4,22,4,0,6,13,7,0,1,502,3,0,509,0,5,11,4,0,4,0,0,71,9,0,4,4,2,2,3,0,62,152,5,0,2,2,0,3,1,2,23,63,3,0,4,0,82,0,8,1,5,0,0,405,32,19,43,1,3,0,2,0,3,1,10,91,7,0,0,17,18,5,0,0,0,2,6,0,0,0,0,13,2,0,0,134,0,53,6,24,0,0,0,5,6,1,195,18,0,2,69,2,8,0,0,1,0,16,11,0,0,1,1,0,1
5,1,1,0,6,2,4,0,0,1,6,2,0,5,15,0,0,0,0,4,1,1,1,156,0,6,1,0,44,15,0,564,2,0,0,0,115,21,2,1,7,1,0,2,2,1,6,0,12,91,21,0,0,0,0,83,107,0,0,230,1,0,7,256,8,4,0,1,2,0,5,0,0,4,1,6,154,0,0,0,203,1,0,0,0,7,0,0,1,2,227,0,1,2,2,18,2,8,0,1,2,0,1,0,0,0,0,2,2,0,0,10,3,0,24,0,1,0,0,0,3,1,537,2,0,0,0,42,37,10,0,5,0,2,65,3,10,1,1,13,12,0,1,1,0,1,0,0,0,0,1,2,2,1,3,0,0,0,1,0,14,0,1,1,0,512,8,1,0,0,3,0,0
0,5,1,1,32,6,2,0,2,7,4,0,0,110,30,0,1,1,1,12,1,3,4,18,0,7,4,1,514,8,3,485,8,3,1,0,274,4,15,18,42,3,0,8,1,3,14,1,85,723,20,1,0,0,5,205,140,2,1,187,8,0,6,856,0,73,7,8,4,2,24,1,2,112,2,2,829,0,7,4,151,1,0,3,3,6,0,0,2,7,420,0,1,1,6,31,14,14,0,4,2,0,4,2,1,0,2,4,11,0,0,30,1,14,20,0,6,7,0,2,1,3,175,3,1,0,0,15,282,4,2,94,0,24,340,1,25,0,44,4,156,0,6,7,0,0,3,7,0,0,1,2,0,2,2,0,0,1,1,2,9,4,174,0,0,126,21,0,2,1,46,2,0
0,1,0,0,1,0,2,0,1,0,1,0,0,0,48,0,0,0,0,13,1,0,0,2,0,0,0,0,224,1,0,55,0,7,0,0,9,0,0,1,0,2,0,0,1,1,2,2,1,306,3,0,0,0,0,7,150,0,0,0,0,0,3,34,0,27,2,0,2,0,6,0,0,0,0,4,147,0,1,2,20,1,0,1,0,6,0,0,0,2,26,0,4,1,1,0,1,2,0,0,0,0,0,4,0,0,0,0,1,0,0,8,0,2,0,2,7,0,0,0,0,0,11,0,1,0,0,1,47,2,0,6,0,2,22,0,12,0,2,0,13,0,17,4,0,0,0,0,0,0,0,1,0,0,2,0,0,0,0,0,2,0,5,0,0,25,0,0,0,0,0,0,0
1,209,14,11,2,180,0,0,0,2,0,3,0,0,0,0,0,0,102,48,28,125,10,0,170,94,8,0,0,0,1,0,38,0,0,0,0,0,0,0,2,4,14,0,0,6,12,2,7,0,0,0,3,0,1,0,2,14,0,0,0,0,0,0,0,0,5,0,2,0,12,0,0,44,20,0,0,0,2,0,0,0,12,0,0,0,3,0,4,0,0,0,0,1,0,1,0,2,3,43,3,0,2,0,139,0,22,0,0,1,0,24,10,0,8,0,0,0,0,1,0,3,0,4,0,0,0,1,1,29,0,0,0,0,0,0,0,0,0,0,0,0,0,1,0,27,6,262,6,0,0,10,0,2,8,3,0,4,33,233,1,0,1,2,0,0,0,0,0,15,0,0,7
0,1,2,8,0,11,0,0,0,0,0,3,0,0,0,0,0,0,2,0,249,1,123,0,5,5,159,0,0,0,0,0,3,0,0,0,0,0,0,0,0,5,0,0,0,3,0,1,3,0,0,0,8,0,0,0,0,13,0,0,3,0,0,0,0,0,0,0,0,0,0,0,0,1,2,0,0,0,0,0,0,0,0,0,0,0,1,0,1,0,0,0,0,0,0,0,0,0,0,12,2,0,0,0,4,0,4,0,0,0,0,3,1,0,0,0,0,0,0,1,0,0,0,25,0,0,0,0,0,3,0,0,0,0,0,0,0,0,0,0,0,0,0,2,0,7,0,4,0,0,0,0,0,0,0,0,0,0,0,3,0,0,0,0,0,0,0,0,0,0,0,0,0
0,4,0,0,5,2,2,10,0,0,0,1,0,17,9,0,10,0,3,1,0,1,0,0,0,0,1,0,0,0,51,0,2,0,18,1,0,0,0,1,0,1,0,251,0,0,0,1,0,0,1,3,0,1,0,1,0,0,516,0,0,0,1,0,0,0,2,5,1,0,0,2,1,0,0,0,0,0,0,0,1,0,2,2,1,0,1,3,2,0,0,0,4,0,0,0,120,0,0,1,0,21,0,0,2,8,0,0,1,11,1,0,1,0,2,0,0,0,0,0,1,0,0,0,0,28,0,0,0,0,0,0,18,0,6,15,1,51,0,8,0,1,0,0,1,0,2,0,0,0,4,0,39,0,2,0,0,0,1,0,2,0,0,0,719,0,0,3,0,0,0,0,0
650,11,32,17,2,8,2,0,2,6,4,356,0,7,0,6,1,298,8,0,6,1,18,21,26,5,11,0,0,801,0,5,35,0,0,3,3,3,2,0,3,180,9,1,17,21,6,4,9,1,148,0,2,0,62,11,67,397,0,26,155,0,1,4,327,0,142,5,3,0,12,0,110,4,64,0,4,0,7,9,2,45,14,4,2,5,405,0,0,2,5,0,2,100,25,6,0,0,5,17,8,0,7,0,64,0,20,10,0,4,0,19,10,1,29,3,10,1,0,334,7,0,5,10,103,0,0,13,111,8,0,4,0,95,1,194,0,0,1,17,0,0,0,8,0,7,12,5,5,0,1,2,2,209,2,1,0,1,1,2,4,0,0,40,0,1,1,0,0,47,2,1,7
0,0,0,0,0,0,0,826,0,0,0,0,0,0,0,0,0,0,0,0,0,0,0,0,0,0,0,459,0,0,0,0,0,0,10,0,0,0,0,0,0,0,0,0,0,0,0,0,0,0,0,58,0,1162,0,0,0,0,0,0,0,1315,1,0,0,0,0,0,0,0,0,38,0,0,0,0,0,1030,0,0,0,0,0,0,0,0,0,2,0,0,0,0,0,0,0,0,0,0,0,0,0,32,0,0,0,0,0,0,52,6,848,0,0,0,0,0,0,0,0,0,0,0,0,0,5,1,2,0,0,0,2,2,12,0,0,5,0,0,0,0,0,0,0,0,0,0,0,0,0,1329,0,0,0,0,0,0,32,0,0,0,0,238,0,0,0,0,0,3,0,0,0,0,0
0,0,0,0,0,0,0,347,0,0,0,0,0,0,0,0,0,0,0,0,0,0,0,0,0,0,0,52,0,0,0,0,0,0,0,0,0,0,0,0,0,0,0,0,0,0,0,0,0,0,0,1054,0,16,0,0,0,0,0,0,0,0,0,0,0,0,0,0,0,0,0,93,0,0,0,0,0,2,0,0,0,0,0,0,0,0,0,282,0,0,0,0,0,0,0,0,0,0,0,0,0,1,0,0,0,0,0,0,4,1,4,0,0,0,0,0,0,0,0,0,0,0,0,0,1,0,0,0,0,0,0,0,1,0,0,0,0,0,0,0,0,0,0,0,0,0,0,0,0,34,0,0,0,0,0,0,344,0,0,0,0,0,0,0,0,0,0,1,0,0,0,0,0
1,0,0,0,1,1,10,26,1,2,0,0,1,20,12,0,5,0,0,1,0,0,0,0,0,0,0,11,0,0,7,0,1,0,129,16,0,0,0,7,0,0,2,36,0,0,1,0,4,0,0,6,0,27,0,0,0,0,35,0,0,14,18,0,0,0,3,0,2,1,0,127,3,0,1,4,0,28,0,0,0,0,1,0,0,0,0,311,0,1,0,0,1,0,0,0,29,0,0,0,0,873,0,0,0,12,0,0,3,643,3,0,1,0,2,0,0,0,0,0,0,0,1,0,0,50,6,0,0,1,62,1,32,1,3,469,0,100,0,3,0,0,1,0,3,0,2,0,0,9,7,0,33,0,0,0,191,0,0,0,1,1,0,0,27,0,0,90,1,0,0,0,0
0,0,0,0,0,0,2,0,10,0,0,0,1,0,0,0,0,0,0,1,0,0,0,0,0,0,0,6,0,0,0,0,0,25,4,0,0,18,70,3,0,0,0,2,0,0,0,0,0,0,0,0,0,9,1,0,0,0,2,0,0,28,1,0,0,2,0,0,0,0,0,2,0,0,0,1,0,28,0,0,0,0,0,0,0,0,0,2,0,0,0,0,0,0,0,22,1,2,0,0,0,22,0,3,0,3,0,0,213,1,5,0,0,0,0,0,0,0,0,0,0,0,1,0,0,0,1,0,0,0,2,58,87,0,0,15,6,23,0,0,3,18,0,0,0,0,0,0,0,1,0,0,16,0,0,0,7,0,0,0,0,2,0,0,9,0,2,0,0,0,0,0,0
0,25,3,3,5,3,0,0,0,14,0,2,0,0,0,0,2,1,5,11,2,16,35,0,4,9,7,0,0,0,14,0,27,0,0,3,0,0,0,0,7,6,2,4,2,10,27,5,19,0,17,0,8,0,5,4,1,5,1,0,0,0,0,0,5,0,3,0,8,0,9,0,1,2,4,0,0,0,30,2,0,0,1,1,4,0,3,0,1,0,0,0,0,3,0,0,0,0,0,4,5,0,1,0,16,0,3,10,0,0,0,2,2,1,2,5,1,0,4,3,1,1,0,9,0,0,0,0,0,1,0,0,0,1,0,0,0,0,0,3,0,0,0,0,0,4,5,14,0,0,0,7,11,2,6,0,0,0,5,1,3,0,0,0,0,0,1,0,0,4,0,1,2
0,67,0,1,1,13,0,0,0,54,10,0,0,0,0,0,3,14,5,14,15,7,5,1,6,25,1,0,0,6,25,3,26,0,0,100,1,0,0,0,39,1,0,4,12,15,89,4,5,1,28,0,0,0,17,4,31,2,0,2,16,0,4,1,9,0,5,2,25,0,211,0,1,1,1,0,4,0,512,155,1,5,1,37,34,19,5,0,3,26,4,0,37,9,9,2,7,0,0,0,19,0,1,0,4,0,0,247,0,1,0,19,16,1,0,27,34,2,0,5,1,4,3,0,6,0,0,0,3,4,0,0,0,2,1,0,0,0,0,11,1,0,0,0,0,0,7,46,1,0,0,72,4,11,6,1,0,0,5,3,2,0,6,2,0,2,0,0,39,24,0,6,1
1,0,0,0,34,1,1,2,3,3,20,0,0,42,0,0,1,0,1,0,0,1,0,14,0,6,0,3,3,75,0,14,0,7,0,1,0,77,30,4,1,1,0,23,0,0,4,0,13,2,58,0,0,2,2,11,8,0,4,17,0,3,3,6,0,6,0,2,2,0,12,1,46,1,1,0,1,1,2,1,2,0,0,2,0,1,1,1,2,8,19,0,0,0,1,544,7,41,0,0,0,1,22,0,0,0,0,1,201,0,0,11,0,11,9,0,0,0,0,0,0,0,1,0,3,1,5,221,1,0,3,77,68,0,1,0,10,5,7,0,9,5,0,0,0,0,0,1,0,0,0,0,5,1,0,0,0,0,0,1,2,2,0,0,13,16,8,1,0,1,12,0,0
7,24,2,0,0,4,0,0,1,3,412,6,0,1,0,2,0,0,4,0,386,14,212,1,0,30,115,0,0,16,2,1,1,0,0,0,0,1,0,0,4,97,4,0,2,1,8,11,27,2,86,0,19,0,0,0,3,56,0,113,1,0,2,1,15,0,0,37,0,0,47,0,0,0,4,0,3,0,1,0,9,4,0,2,0,0,9,0,293,1,3,0,0,1,0,4,1,0,0,2,0,0,0,0,4,0,1,1,0,0,0,322,5,0,3,0,0,0,1,1,0,0,7,23,0,0,1,7,9,1,0,0,0,0,0,1,0,0,0,5,0,0,0,1,0,13,2,0,0,0,0,0,1,0,18,361,0,0,13,1,0,0,0,0,0,1,0,0,0,1,0,0,1
0,0,0,0,0,2,0,0,0,17,1,0,0,0,1,10,0,121,0,3,0,0,0,0,4,0,0,0,0,0,5,0,0,0,0,95,0,0,0,0,1,0,3,1,2,1,0,15,19,0,1,0,0,0,4,2,3,0,0,1,3,0,0,1,1,0,0,2,4,0,5,0,0,0,0,0,0,0,13,36,2,0,0,29,29,113,0,0,3,22,0,0,59,10,9,0,0,0,0,0,3,0,0,0,0,0,0,10,0,0,0,0,30,411,0,117,31,0,0,3,0,2,0,1,148,0,0,0,1,0,3,0,0,0,2,0,0,0,0,3,1,0,0,13,0,0,0,4,0,0,0,71,0,15,0,0,0,0,0,0,0,0,4,0,0,0,0,0,90,0,0,0,0
1,0,0,0,0,0,0,253,0,0,0,0,0,1,0,0,0,0,0,0,0,0,0,0,0,0,0,409,0,0,1,0,0,1,19,0,0,2,0,1,0,0,0,0,0,0,1,0,0,0,0,22,0,255,0,0,0,0,0,0,0,543,16,0,0,0,0,0,1,0,0,34,0,0,0,0,0,558,0,0,0,0,0,0,0,0,0,7,0,16,0,0,0,0,0,218,0,0,88,0,0,21,2,0,0,1,0,0,15,1,401,0,0,3,0,0,0,0,0,0,0,0,0,0,41,0,0,1,0,0,2,14,14,1,0,4,0,0,0,0,0,0,0,0,0,0,0,0,0,189,1,0,0,0,0,0,21,0,0,0,0,586,0,0,0,0,0,1,0,0,1,0,0
0,0,0,0,0,0,0,14,0,0,0,0,0,0,0,0,0,0,0,0,0,0,0,0,0,0,0,13,0,0,0,0,0,0,2,1,0,0,0,0,0,0,0,1,0,0,0,1,0,0,0,42,0,0,0,0,0,0,0,0,0,0,1,1,0,0,0,0,0,0,0,23,0,0,0,0,1,0,0,0,0,0,0,0,0,0,0,9,0,1,0,0,0,0,0,4,0,0,2,0,0,0,0,0,0,0,0,0,0,0,1,0,0,1,0,0,0,0,0,0,0,0,0,0,0,0,0,0,0,0,4,0,0,0,0,0,0,0,0,0,0,0,0,0,0,0,0,0,0,3,0,0,0,0,0,0,21,0,0,0,0,3,0,0,0,0,0,0,0,0,1,0,0
