0.85298,0.23987,0.4104,0.37813,0.20276,0.26941,0.95747,0.6519,0.85835,0.33891,0.6748,0.46888,0.87879,0.58431,0.50941,0.34606,0.52577,0.38731,0.54644,0.41965,0.47475,0.46881,0.34662,0.50327,0.24332,0.50772,0.23028,0.58818,0.60912,0.80424,0.22759,0.46234,0.20764,0.8225,0.56716,0.32106,0.33862,0.75233,0.7612,0.65868,0.49388,0.26271,0.29899,0.22467,0.4594,0.1819,0.34948,0.44675,0.16812,0.59708,0.23784,0.71007,0.56709,0.76215,0.60987,0.27295,0.22016,0.48974,0.58457,0.27711,0.39454,0.6687,0.25145,0.64076,0.41104,0.42875,0.25029,0.71646,0.30933,0.78783,0.49,0.43067,0.60423,0.17126,0.64245,0.97074,0.63859,0.65462,0.40722,0.33444,0.26824,0.71429,0.37904,0.68327,0.65574,0.6757,0.46076,0.35129,0.53115,0.39905,0.39549,0.98925,0.71082,0.68474,0.5351,0.52104,0.5075,0.75308,0.57198,0.24432,0.3615,0.76264,0.51793,0.91804,0.19152,0.95865,0.36219,0.2417,0.61127,0.70692,0.67036,0.43659,0.29314,0.71003,0.15625,0.24528,0.49375,0.67518,0.37026,0.61082,0.49296,0.54688,0.6181,0.45949,0.2807,0.8059,0.54334,0.64599,0.51429,0.43662,0.62042,0.31622,0.68557,0.39763,0.44429,0.36039,0.58158,0.43243,0.7922,0.40964,0.38156,0.69077,0.61071,0.44965,0.83636,0.34557,0.34561,0.33545,0.43738,0.80936,0.61006,0.27206,0.33547,0.50559,0.43886,0.90331,0.29174,0.5737,0.23146,0.50533,0.35853,0.83043,0.41116,0.59725,0.68803,0.68602,0.70749,0.75772,0.44703,0.50439,0.43609,0.69565,0.45583
0.5506
0,36,300,161,0,37,0,0,0,0,0,68,0,0,0,1,0,3,87,13,1,1,2,0,170,9,8,0,0,0,0,0,8,0,0,0,1,0,0,0,1,9,238,0,0,1,2,0,4,0,0,0,171,0,3,0,0,19,0,0,1,0,0,0,1,1,25,0,0,0,0,0,8,105,451,0,0,0,0,0,0,0,87,0,0,0,34,0,0,0,0,0,0,2,0,0,0,0,85,215,0,0,8,0,44,0,205,0,0,0,0,0,3,0,29,0,0,0,1,18,0,2,0,39,0,0,0,0,0,19,0,0,0,0,0,0,0,0,0,0,0,0,0,0,0,206,12,8,1,0,0,0,0,15,4,0,0,27,15,10,2,0,0,11,0,0,0,0,0,8,0,0,8
0,1,9,70,0,12,0,0,0,12,0,5,0,0,0,6,0,2,0,2,0,1,0,0,21,0,7,0,0,0,69,0,85,0,0,1,4,0,0,0,1,0,54,0,25,110,6,3,0,0,1,0,1,0,1,0,2,0,0,4,2,0,0,0,0,0,12,0,24,0,0,0,0,51,1,0,0,0,2,0,0,2,340,0,1,1,0,0,0,0,1,0,6,1,0,0,0,0,25,5,52,0,390,0,4,0,5,23,0,21,0,0,5,0,0,13,4,0,1,1,29,490,0,27,0,0,0,0,0,372,0,0,0,0,0,0,0,0,0,1,0,0,0,7,0,1,319,11,227,0,0,9,1,0,0,0,0,397,12,0,8,0,15,304,0,0,0,0,0,1,0,0,258
1,41,43,38,22,36,1,1,1,15,6,22,6,1,0,0,1,1,30,121,1,9,50,0,60,9,18,0,1,0,12,0,93,2,0,28,9,2,0,4,8,2,105,1,2,59,49,3,80,1,38,0,29,1,6,15,2,39,0,2,0,1,9,0,3,0,6,1,3,1,0,0,4,109,7,3,1,0,2,0,0,0,112,1,0,1,4,0,0,1,8,0,0,3,0,4,4,17,36,114,2,3,24,0,102,3,116,1,0,4,1,2,12,0,12,8,6,1,25,4,0,13,1,71,1,0,13,0,0,59,1,0,3,22,0,1,0,0,0,2,0,8,1,4,1,53,44,99,30,0,0,8,8,6,11,0,0,39,4,9,41,0,0,16,1,1,0,8,0,22,1,3,42
0,150,154,35,0,99,0,0,0,0,0,23,0,0,0,0,0,0,453,9,57,31,32,0,27,25,76,0,0,3,0,0,0,0,0,0,2,0,0,0,3,179,60,0,0,0,1,0,8,0,1,0,355,0,1,0,1,110,0,0,3,0,0,0,0,0,5,1,3,0,9,0,1,24,88,0,0,0,0,0,0,0,7,0,0,0,25,0,52,0,0,0,0,2,0,0,0,0,23,171,0,0,0,0,48,0,62,0,0,0,0,11,0,0,49,0,0,0,0,2,1,0,0,17,0,0,0,0,3,8,0,0,0,2,0,0,0,0,0,0,0,0,0,2,0,226,1,11,0,0,0,0,0,6,24,5,0,0,128,18,0,0,0,0,0,0,0,0,0,4,0,0,1
0,6,27,76,0,29,0,0,0,1,0,2,0,0,0,0,0,0,4,1,1,2,0,0,26,3,0,0,0,0,3,0,2,0,0,0,0,0,0,0,0,0,38,0,0,1,0,0,0,0,0,0,1,0,0,0,0,0,0,0,0,0,0,0,0,0,4,0,0,0,0,0,0,118,1,0,0,0,0,0,0,0,55,0,0,0,0,0,0,0,0,0,0,2,0,0,0,0,4,47,1,0,17,0,14,0,30,0,0,0,0,1,0,0,5,0,0,0,0,0,1,8,0,1,0,0,0,0,0,72,0,0,0,0,0,0,0,0,0,0,0,0,0,0,0,10,20,18,5,0,0,0,0,3,0,0,0,47,0,1,1,0,0,8,0,0,0,0,0,0,0,0,12
4,105,18,11,89,77,1,0,0,16,13,18,0,0,0,0,12,1,30,316,26,74,120,0,31,107,16,0,1,3,13,6,55,0,0,5,19,6,0,0,32,12,15,6,0,33,285,9,135,7,135,0,6,0,20,26,12,17,4,1,6,0,5,4,6,0,33,10,15,0,22,0,6,25,6,0,10,0,5,5,1,0,12,0,2,0,7,0,5,0,15,0,1,5,3,12,1,3,4,66,1,0,7,0,114,0,33,7,3,1,0,35,30,0,18,7,5,16,103,8,1,0,2,14,4,0,0,2,5,26,0,2,0,20,3,0,0,0,0,5,0,0,0,18,0,32,55,77,3,0,0,10,87,6,45,1,0,3,42,19,152,0,7,5,0,16,4,0,0,43,1,19,26
0,0,88,287,0,2,0,0,0,0,0,23,0,0,0,0,2,0,0,2,0,0,7,0,5,0,95,0,0,0,4,0,34,0,0,0,0,0,0,0,0,1,197,0,13,57,0,9,8,0,7,0,12,0,0,0,0,9,0,0,14,0,0,0,1,0,9,0,0,0,0,0,0,14,1,0,0,0,0,0,0,0,125,0,0,0,3,0,0,0,0,0,0,1,0,0,0,0,441,90,8,0,20,0,2,0,35,0,0,0,0,1,158,0,0,0,1,0,0,1,15,3,0,431,0,0,0,0,0,16,0,0,0,0,0,0,0,0,0,0,0,0,0,22,0,28,24,3,3,0,0,0,1,1,0,0,0,12,0,0,3,0,0,31,0,0,0,0,0,0,0,0,10
0,3,1,1,0,0,0,0,0,1,1,0,0,0,6,0,1,1,5,1,0,2,0,0,0,0,1,0,0,0,7,0,0,0,2,1,0,0,0,1,0,0,1,37,0,0,1,0,0,0,0,1,0,0,0,1,0,0,9,3,0,0,0,0,1,0,0,1,0,0,0,0,0,0,4,0,0,0,0,0,0,0,0,0,0,1,2,1,3,0,0,0,1,0,0,0,0,1,0,0,0,2,0,0,1,1,0,0,0,1,0,0,0,0,9,1,0,0,0,0,0,0,1,2,0,0,0,0,1,0,0,0,0,0,0,13,0,21,0,8,0,0,0,0,0,0,0,0,0,0,2,0,15,0,1,0,0,0,1,0,0,1,0,0,108,0,0,1,0,2,0,0,0
5,0,0,0,46,0,9,2,63,0,10,0,112,5,352,0,0,2,0,6,3,0,0,385,0,1,0,2,10,10,0,8,0,233,3,2,186,168,256,62,0,0,0,8,0,0,0,0,28,3,4,3,0,2,0,14,9,0,1,25,0,2,12,7,0,282,0,5,0,200,5,8,2,0,0,8,4,1,0,0,239,0,0,0,1,0,0,3,2,3,24,14,0,31,1,34,29,857,0,0,17,2,0,118,0,5,0,0,8,0,1,7,0,23,7,2,0,2,0,1,0,0,7,0,6,1,19,708,6,0,64,174,19,2,2,5,366,1,1300,0,163,279,502,0,0,0,0,1,0,0,9,0,0,2,0,0,10,0,0,82,0,7,8,0,2,6,119,1,0,0,348,0,0
0,0,0,0,0,0,0,26,0,0,0,0,0,0,0,0,0,0,0,0,0,0,0,0,0,0,0,12,0,0,0,0,0,0,3,0,0,0,0,0,0,0,0,0,0,0,0,0,0,0,0,150,0,10,0,0,0,0,0,0,0,0,0,0,0,0,0,0,0,0,0,212,0,0,0,0,0,5,0,0,0,0,0,0,0,0,0,29,0,0,0,0,0,0,0,0,0,0,0,0,0,15,0,0,0,0,0,0,0,10,1,0,0,0,0,0,0,0,0,0,0,0,0,0,0,2,0,0,0,0,69,0,0,0,0,2,0,0,0,0,0,0,0,0,0,0,0,0,0,2,0,0,0,0,0,0,274,0,0,0,0,0,0,0,0,0,0,0,0,0,0,0,0
0,0,0,0,7,1,9,7,1,2,1,0,0,6,2,0,10,2,0,0,1,0,0,0,1,0,0,1,0,0,1,0,0,1,35,10,0,0,0,3,0,0,0,135,0,0,2,0,49,0,0,1,0,4,0,0,0,0,29,0,0,5,15,0,0,1,2,0,3,0,0,10,0,0,34,8,0,3,1,0,1,0,3,0,0,0,0,96,0,1,0,2,1,0,0,1,10,1,0,0,0,95,0,0,0,2,1,2,2,62,0,0,1,0,2,2,2,1,0,0,0,0,3,0,3,14,2,0,0,0,31,1,17,0,5,188,1,82,0,4,0,1,0,0,3,0,2,0,1,1,14,2,20,0,1,0,25,0,0,7,0,0,0,0,11,0,0,12,0,0,3,1,0
1,1,0,0,19,0,1,1,92,1,0,0,3,30,4,0,2,0,1,1,0,0,0,0,0,3,0,0,1,0,4,3,4,6,4,1,0,6,18,3,3,0,2,144,1,2,14,2,14,1,3,0,0,3,0,21,0,0,9,27,1,10,16,11,0,8,1,2,2,6,9,0,1,1,1,2,3,5,2,1,26,0,0,3,0,4,0,0,1,11,4,4,2,2,0,162,3,30,1,0,2,13,30,0,1,6,0,1,3,9,1,1,1,0,70,0,3,0,0,0,1,0,6,0,0,2,8,33,3,2,1,12,105,1,6,114,11,240,45,16,9,34,0,1,1,0,7,2,0,1,2,1,263,0,0,0,0,0,0,4,4,3,0,0,22,4,6,1,0,0,47,0,9
7,0,0,0,114,2,0,2,2,3,0,1,1,182,1,1,0,0,0,17,0,0,0,56,0,2,0,1,3,5,0,10,1,0,5,0,1,0,1,0,0,0,1,39,0,2,5,2,26,2,0,0,0,0,10,168,12,0,2,3,3,0,14,43,0,1,9,4,6,0,4,0,46,7,0,0,10,0,4,14,10,1,0,5,0,1,1,3,0,20,1,0,0,5,1,17,111,3,1,0,3,1,2,1,0,0,0,7,1,0,0,3,0,21,0,0,5,5,0,2,0,1,0,0,12,1,0,10,6,0,11,5,0,336,7,0,5,0,16,5,18,0,3,3,0,0,0,0,0,0,1,2,0,0,0,0,1,0,0,1,1,0,10,0,0,6,4,0,1,2,233,0,1
0,2,3,13,0,60,0,0,0,62,0,26,0,1,0,136,0,129,5,25,3,5,15,0,74,0,23,0,1,0,107,0,186,0,0,0,6,0,0,0,3,1,17,0,49,191,45,10,7,0,10,0,2,0,45,0,2,6,0,1,14,0,0,0,7,0,215,2,84,0,3,0,5,66,3,0,0,0,17,14,2,4,102,3,1,3,7,0,0,0,0,0,1,13,4,0,0,0,20,14,119,1,169,0,34,0,7,32,0,7,0,0,12,0,0,74,5,2,22,37,31,243,0,55,3,0,0,0,0,149,0,0,0,1,0,0,0,0,0,12,0,0,0,6,0,2,166,94,134,0,0,85,8,52,1,0,0,105,11,22,45,0,45,57,0,0,0,0,4,10,0,13,100
0,69,3,0,0,27,0,0,0,0,7,2,0,0,0,0,0,0,21,12,7,253,16,0,2,177,12,0,0,1,0,0,0,0,0,0,0,0,0,0,0,5,0,0,0,0,1,0,1,0,1,0,2,0,0,0,0,7,1,1,0,0,0,0,0,0,0,14,1,0,6,0,0,3,2,2,0,0,0,0,0,0,0,0,0,0,0,0,26,1,0,0,0,0,0,0,0,0,0,11,0,0,0,0,29,0,0,0,0,0,0,24,3,0,19,0,0,0,2,0,0,0,0,0,0,0,0,0,1,0,0,0,0,0,1,0,0,0,0,0,0,0,0,0,0,3,0,7,0,0,0,0,0,0,78,2,0,0,83,1,1,0,0,0,0,0,0,0,0,1,0,0,0
1,0,0,0,0,0,0,0,0,1,3,0,0,0,2,0,0,0,0,1,0,0,0,0,1,3,0,0,9,0,3,9,2,0,0,2,4,0,0,1,15,1,0,0,1,1,17,0,3,38,0,0,1,0,3,1,42,0,0,21,1,0,1,45,0,7,0,0,0,0,0,0,1,1,0,1,74,0,3,1,112,0,0,1,1,1,0,0,3,0,104,0,2,0,1,2,0,2,0,0,0,0,0,0,0,1,0,6,1,0,0,0,1,0,1,1,3,2,3,2,0,0,37,0,0,0,2,0,42,0,0,1,0,1,28,0,3,0,1,1,4,0,1,0,0,0,2,0,0,0,0,0,0,0,2,0,0,0,0,0,6,0,0,0,0,2,0,0,0,1,0,11,1
7,0,0,0,1,0,5,1,5,0,12,0,9,0,1,0,0,0,0,2,1,0,0,0,0,2,0,1,0,0,0,0,0,4,2,1,0,4,1,18,4,0,0,0,0,0,1,0,0,1,3,0,0,3,0,0,1,0,7,71,0,3,13,0,0,23,0,2,0,24,0,1,0,0,0,3,1,0,0,0,0,0,0,1,0,0,0,4,27,0,23,1,0,0,0,4,0,3,0,0,0,0,0,2,0,5,0,0,12,1,0,0,0,1,2,0,1,0,0,1,0,0,12,0,0,0,351,3,0,0,0,6,16,0,2,7,21,0,1,0,2,41,0,0,1,0,0,0,0,0,2,0,0,0,0,1,0,0,0,0,0,0,0,0,3,0,2,466,0,0,0,0,0
44,6,6,1,7,4,0,1,0,16,1,143,0,0,0,11,3,409,0,8,5,0,8,1,16,7,3,0,0,44,17,0,39,0,0,11,1,0,1,1,8,70,0,1,3,16,24,3,4,0,14,0,0,0,544,10,19,12,0,0,40,0,2,2,49,0,216,2,25,0,6,0,400,0,8,0,1,0,22,13,0,8,1,1,2,1,411,0,0,0,10,0,0,543,343,0,0,1,2,8,15,0,2,0,10,0,2,13,0,35,0,8,2,2,7,106,7,6,13,700,0,7,0,6,11,0,0,0,5,14,0,0,0,150,0,21,1,0,0,13,0,0,0,2,0,2,17,4,8,0,0,14,22,362,6,0,0,1,1,1,8,1,1,3,0,0,0,0,1,134,1,11,13
0,0,0,11,0,0,0,0,0,17,0,1,0,0,0,7,0,1,0,0,0,0,10,0,1,0,14,0,0,0,66,0,26,0,0,3,1,0,0,0,0,0,3,0,430,124,8,81,0,0,0,0,0,0,2,0,6,0,0,0,53,0,0,0,11,0,4,1,47,0,0,0,0,1,0,0,0,0,20,27,0,33,5,91,20,33,0,0,0,0,0,0,28,0,0,0,1,0,21,0,308,0,27,0,2,0,0,65,0,2,0,0,3,0,0,5,53,0,0,2,315,22,0,61,1,0,0,0,0,4,0,0,0,0,0,0,0,0,0,33,0,0,0,92,0,0,11,4,16,0,0,11,1,0,0,0,0,9,0,0,2,0,11,10,0,0,0,0,0,0,0,2,2
0,0,0,0,0,0,2,0,1,0,0,0,1,0,0,0,2,0,0,0,0,0,0,0,0,0,0,1,0,0,0,0,0,4,0,0,0,8,7,7,0,0,0,1,0,0,0,0,0,0,0,5,0,6,0,0,0,0,0,0,0,6,8,0,0,0,0,0,0,0,0,2,0,0,0,2,0,2,0,0,0,0,0,0,0,0,0,9,0,0,1,1,0,0,0,25,0,0,0,0,0,3,0,2,0,2,0,0,879,0,1,0,0,0,0,0,0,0,0,0,0,0,0,0,0,4,8,1,0,0,0,42,1088,0,0,1,14,4,0,0,0,17,0,0,1,0,0,0,0,0,0,0,4,0,0,0,3,0,0,0,0,0,0,0,24,0,0,2,0,0,0,0,0
12,0,0,0,147,0,1,0,1,0,3,0,1,65,28,0,58,2,0,0,0,1,0,0,0,1,0,1,0,0,11,0,0,0,52,1,0,0,0,0,0,80,1,30,0,0,0,0,4,0,1,1,0,4,0,0,0,0,6,3,0,2,3,0,0,0,0,23,0,0,1,1,0,0,2,0,0,0,0,2,2,1,0,0,0,0,0,5,0,0,0,0,0,0,0,1,1,0,0,0,0,5,0,0,0,0,0,0,0,3,0,0,1,2,1,0,0,0,0,0,0,0,0,0,1,67,0,0,0,0,2,0,2,0,0,10,0,4,0,4,0,0,4,0,98,0,0,3,0,1,388,0,1,0,4,0,1,0,0,1,0,0,2,0,27,0,0,0,1,0,0,0,0
0,0,0,0,2,0,1801,0,4,0,11,0,16,0,0,0,2,0,0,0,0,0,0,0,0,0,0,0,0,0,0,0,0,7,0,1,0,10,6,371,1,0,0,0,0,0,2,0,0,0,0,0,0,0,0,1,1,0,8,4,0,0,44,0,1,10,0,1,1,4,0,0,0,0,0,2289,0,0,0,0,1,0,0,0,0,0,0,0,2,0,65,3589,0,0,1,2,11,38,0,0,0,0,0,6,0,1739,0,0,3,0,0,0,0,1,2,0,1,2,0,0,0,0,3,0,0,0,19,2,0,0,0,2,34,0,2,0,8,0,0,0,1,27,0,0,0,0,0,0,0,0,0,0,1,0,0,0,0,0,0,0,0,0,0,0,0,0,10,9,1,0,0,0,0
9,1,1,2,2,1,19,1,1,6,5,0,1,16,12,1,18,0,1,40,4,0,1,3,0,5,2,0,2,0,9,1,5,0,36,4,0,0,0,0,1,0,1,26,0,0,1,1,5,2,0,4,0,1,2,128,1,0,219,4,0,1,3,4,1,0,5,0,15,0,4,0,3,2,0,1,0,0,0,2,7,0,2,6,1,8,0,8,2,1,3,1,9,5,2,3,406,0,0,2,1,30,2,0,0,5,0,2,2,17,2,0,1,21,2,11,7,370,3,2,0,7,2,0,20,15,15,3,1,3,0,0,11,0,237,3,0,4,0,0,0,0,10,11,16,0,15,1,3,0,10,11,3,0,3,0,1,6,1,0,1,0,6,2,17,4,0,8,2,2,4,5,7
1,3,0,3,8,18,0,0,0,288,1,4,0,1,0,68,25,50,1,8,0,5,68,0,40,7,12,0,5,0,158,0,161,0,0,18,13,0,0,0,57,2,0,27,134,178,160,86,27,0,48,0,1,0,48,0,20,2,0,0,80,0,1,2,43,1,87,5,209,0,24,0,0,4,0,0,0,0,254,104,0,51,12,66,39,47,2,0,6,2,0,0,78,7,199,3,1,0,1,0,135,1,16,0,18,0,1,207,0,18,0,1,16,1,0,117,53,13,33,10,91,58,0,21,18,0,0,0,2,26,0,0,0,9,0,0,0,0,0,172,0,0,0,34,0,2,46,53,48,0,0,185,69,20,1,0,0,18,30,26,22,0,103,4,0,0,0,0,211,14,0,22,13
0,7,0,3,54,16,1,3,1,324,5,15,0,1,3,10,167,11,1,56,3,3,109,2,21,4,16,2,26,1,193,4,223,3,0,218,84,0,1,1,242,2,0,60,137,187,440,172,63,20,220,1,0,0,103,73,52,8,0,0,94,0,8,8,63,3,107,11,232,0,45,1,3,6,1,0,25,0,252,100,6,63,9,80,60,121,10,0,5,67,35,0,106,10,24,7,8,2,10,4,58,1,11,2,11,0,6,222,0,20,0,4,27,11,2,100,151,107,127,13,69,24,3,35,76,0,1,2,30,25,0,7,0,120,9,1,0,0,0,340,0,0,6,103,0,0,122,18,26,0,1,165,314,10,3,0,0,17,55,8,185,5,280,9,0,0,1,0,20,37,2,256,29
0,0,0,0,0,1,2,0,0,18,0,0,0,0,0,131,5,5,0,0,0,1,13,0,0,0,5,0,5,1,31,0,0,0,0,164,18,0,0,0,2,0,0,0,110,15,2,474,1,1,6,0,0,0,2,0,19,3,0,0,318,0,0,0,240,1,3,32,29,0,12,0,0,0,0,0,2,0,38,77,3,580,0,727,400,623,0,0,78,251,1,0,880,0,8,0,1,0,0,0,74,0,0,0,0,0,0,96,0,3,0,0,113,33,0,30,395,3,0,0,64,7,0,1,121,0,0,0,3,0,0,0,0,1,1,0,0,0,0,134,0,0,0,384,0,0,0,1,0,0,0,53,5,0,1,0,0,2,5,0,2,0,10,1,0,0,0,0,68,0,0,0,0
0,0,0,0,0,0,0,20,0,0,1,0,0,0,0,0,0,5,0,0,0,0,0,0,0,0,0,12,0,0,0,0,0,0,17,4,0,0,0,0,0,0,0,3,0,0,0,0,64,0,0,104,0,3,1,0,0,0,0,0,0,0,1,0,0,0,0,0,0,0,0,192,0,0,0,0,0,3,0,0,0,0,0,0,0,0,0,26,0,1,0,0,0,0,0,3,1,0,0,0,0,32,0,0,0,0,0,0,0,13,4,0,0,0,1,1,0,1,0,0,0,0,0,0,3,2,0,0,0,0,474,0,1,0,0,2,0,0,0,0,0,0,0,0,0,0,0,0,0,3,1,0,0,0,0,0,168,0,0,0,0,6,0,0,0,0,0,6,1,0,1,0,0
1,0,0,0,113,0,1,8,17,0,44,0,7,700,89,0,357,1,0,1,0,0,0,0,0,1,0,2,0,0,25,0,0,0,418,2,0,0,0,3,0,14,0,7,0,0,0,0,1,0,3,8,0,12,0,0,0,0,34,1,0,8,10,0,0,1,0,2,0,4,0,7,45,0,0,2,2,0,0,0,0,0,0,0,0,0,0,31,2,1,0,1,0,3,0,0,14,0,0,0,0,33,0,0,0,7,0,0,1,14,8,0,0,0,30,1,0,0,0,0,0,0,5,0,0,901,7,0,0,0,12,0,17,0,4,16,0,24,0,1,0,0,0,0,644,0,2,0,0,33,190,0,3,0,1,0,7,0,0,0,0,0,0,0,48,0,0,3,0,1,0,2,0
3,0,0,0,23,0,6,2,1224,0,6,0,1160,1,68,0,1,0,0,0,1,0,0,106,0,0,0,3,3,3,0,11,0,1367,9,1,23,969,1291,990,0,0,0,2,0,0,0,0,2,0,2,5,0,10,0,1,2,0,7,33,0,12,87,4,0,337,0,3,0,906,0,24,0,0,0,19,4,6,0,0,22,0,0,0,0,1,0,34,0,3,26,15,0,7,0,15,16,116,0,0,1,9,0,1557,0,19,0,0,30,0,2,6,0,4,7,0,0,1,0,0,0,0,3,0,3,10,180,47,0,0,11,234,42,5,9,36,720,3,226,0,109,965,266,0,0,0,0,0,0,0,0,0,0,0,0,0,21,0,0,8,0,3,0,0,10,3,491,1,0,2,94,0,0
0,138,26,15,2,236,1,0,0,70,25,12,0,6,1,1,0,1,67,10,17,496,400,4,4,559,157,0,0,5,3,7,14,0,0,1,2,12,0,0,17,34,26,17,3,21,19,109,75,3,100,0,9,0,3,18,5,15,1,28,4,0,4,16,12,0,1,470,1,0,490,0,5,12,5,0,3,0,1,3,11,1,4,4,1,3,2,0,68,185,4,0,2,2,0,3,1,0,25,57,6,0,4,0,70,0,9,1,4,0,0,420,66,55,66,2,13,0,2,0,3,0,9,97,30,0,1,14,14,3,0,0,0,1,3,0,0,0,0,8,1,0,1,133,0,34,11,23,0,0,0,0,3,1,201,24,0,4,91,3,7,0,0,2,0,15,11,0,0,1,0,0,4
1,0,0,0,3,1,3,0,0,1,5,1,0,2,12,0,0,0,0,3,2,0,0,157,0,6,2,0,43,12,0,534,2,0,0,0,116,16,1,1,6,0,0,11,2,2,5,2,13,97,11,0,0,0,0,75,113,0,1,230,1,0,6,259,7,6,0,0,2,0,4,0,0,4,1,6,146,0,0,0,201,2,0,0,0,3,0,0,2,8,211,0,1,2,2,20,2,6,0,2,3,0,0,0,1,0,0,0,2,0,0,13,3,0,18,2,1,0,0,0,4,0,560,3,0,0,0,36,42,10,0,5,0,2,49,2,13,1,0,13,13,0,1,1,0,0,1,0,1,0,1,1,1,0,4,0,0,0,1,0,3,0,1,1,0,579,11,0,1,2,4,4,1
0,4,2,1,16,9,1,0,1,8,4,1,0,103,42,0,0,1,2,11,3,5,4,19,0,9,3,0,494,4,2,491,7,3,1,0,256,5,15,19,24,4,1,34,2,1,16,2,90,695,7,1,0,1,8,223,166,1,2,162,7,0,5,808,0,70,2,8,4,4,22,3,4,90,0,4,781,1,6,3,202,0,0,2,2,3,0,0,0,9,386,0,1,1,7,38,14,12,1,3,2,0,4,1,1,0,3,6,9,0,0,32,2,4,21,1,7,3,0,2,1,2,227,3,6,0,0,16,360,2,1,86,0,29,327,1,34,0,42,5,211,0,9,7,0,0,6,4,0,0,0,0,0,0,3,0,0,0,0,1,4,4,164,0,0,135,19,0,1,0,37,2,1
0,1,0,0,0,0,2,0,0,0,2,0,0,0,52,0,0,0,0,11,1,0,0,3,0,0,0,0,206,1,0,55,0,5,0,0,3,0,1,2,0,2,0,0,2,0,2,1,3,287,1,0,0,0,0,9,162,0,0,0,0,0,3,36,0,32,1,0,1,0,6,0,0,0,0,3,149,0,1,2,27,1,0,0,0,4,0,0,0,2,26,0,1,1,2,1,2,2,0,0,0,0,0,5,0,0,0,0,1,1,0,7,0,3,0,5,6,0,0,0,0,0,10,0,2,0,0,2,61,2,0,6,0,2,27,0,12,0,3,0,13,0,15,4,0,0,0,0,0,0,0,1,0,0,2,0,0,0,0,0,0,0,5,0,0,20,2,0,0,0,0,0,0
1,219,15,11,2,173,0,0,0,4,0,5,0,0,0,0,0,0,96,43,27,126,10,0,173,87,13,0,0,0,1,0,40,0,0,0,1,0,0,0,2,4,13,0,0,5,10,0,6,0,1,0,3,0,1,0,2,16,0,0,1,0,0,0,0,0,9,0,2,0,16,0,1,37,12,0,0,0,1,1,0,0,11,0,0,0,4,0,3,0,0,0,0,0,0,0,0,0,2,41,3,0,4,0,140,0,24,0,0,1,0,23,11,0,12,0,1,0,2,2,0,1,0,2,0,0,0,0,1,24,0,0,0,0,0,0,0,0,0,0,0,0,0,1,0,26,6,264,8,0,0,3,0,1,21,3,0,4,36,237,1,0,0,2,0,0,1,0,0,12,0,0,8
0,1,1,7,0,8,0,0,0,0,0,3,0,0,0,0,0,0,2,0,232,1,136,0,3,2,181,0,0,0,0,0,3,0,0,0,0,0,0,0,0,5,1,0,0,2,0,3,3,0,0,0,6,0,1,0,0,12,0,0,3,0,0,0,0,0,0,0,0,0,0,0,0,1,3,0,0,0,0,0,0,0,0,0,0,0,1,0,1,0,0,0,0,0,0,0,0,0,2,8,3,0,0,0,5,0,5,0,0,0,0,2,0,0,0,0,0,0,0,1,0,0,0,14,0,0,0,0,0,1,0,0,0,0,0,0,0,0,0,0,0,0,0,4,0,7,0,5,0,0,0,0,0,0,0,0,0,0,1,4,0,0,0,0,0,0,0,0,0,0,0,0,0
0,1,1,0,4,2,2,6,0,0,0,0,0,15,5,0,3,0,5,1,0,2,0,0,0,0,0,0,0,0,57,0,0,0,11,1,0,0,0,1,0,2,2,204,1,0,0,0,1,0,0,3,0,0,0,1,0,0,553,0,0,1,3,0,1,1,3,6,0,0,0,3,1,0,0,0,0,0,0,0,1,0,0,2,1,0,1,5,1,0,0,0,4,0,0,0,112,0,0,1,1,11,1,0,3,5,1,0,1,14,0,0,0,0,0,0,0,0,0,0,1,0,0,0,0,32,0,0,0,1,1,0,22,0,5,19,1,62,0,9,0,1,0,1,2,0,2,1,0,0,8,0,40,0,1,0,1,0,0,0,2,0,0,1,730,0,0,1,0,0,0,0,0
615,13,22,10,2,6,2,0,1,5,3,339,1,5,0,7,0,277,5,1,5,1,20,8,21,7,10,0,0,797,0,6,31,1,0,2,1,2,3,0,7,186,10,1,6,18,9,5,7,0,176,0,2,0,59,12,57,334,0,3,141,0,0,4,335,0,95,4,3,0,11,0,79,5,62,0,2,0,12,18,5,51,7,2,1,1,368,0,2,2,4,0,2,121,24,17,0,0,8,17,7,0,6,0,51,0,20,12,0,3,0,18,10,2,43,4,9,6,0,317,9,1,4,9,56,0,0,11,99,10,0,3,0,135,2,190,0,0,0,21,0,0,3,4,0,11,15,7,2,0,1,0,0,204,7,1,0,1,1,2,4,0,0,40,0,5,1,0,0,345,2,1,11
0,0,0,0,0,0,0,839,0,0,0,0,0,0,0,0,0,0,0,0,0,0,0,0,0,0,0,677,0,0,0,0,0,0,6,0,0,0,0,0,0,0,0,0,0,0,0,0,0,0,0,56,0,1208,0,0,0,0,0,0,0,1318,5,0,0,0,0,0,0,0,0,64,0,0,0,0,0,1014,0,0,0,0,0,0,0,0,0,1,0,0,0,0,0,0,0,0,0,0,0,0,0,27,0,0,0,0,0,0,45,3,846,0,0,0,0,0,0,0,0,0,0,0,0,0,0,1,2,0,0,0,1,5,15,0,0,4,0,0,0,0,0,0,0,0,0,0,0,0,0,1176,0,0,0,0,0,0,45,0,0,0,0,109,0,0,0,0,0,3,0,0,0,0,0
0,0,0,0,0,0,0,38,0,0,0,0,0,0,0,0,0,0,0,0,0,0,0,0,0,0,0,45,0,0,0,0,0,0,0,0,0,0,0,0,0,0,0,0,0,0,0,0,0,0,0,987,0,21,0,0,0,0,0,0,0,0,1,0,0,0,0,0,0,0,0,469,0,0,0,0,0,1,0,0,0,0,0,0,0,0,0,280,0,0,0,0,0,0,0,0,0,0,0,0,0,1,0,0,0,0,0,0,4,0,5,0,0,0,0,0,0,0,0,0,0,0,0,0,0,0,0,0,0,0,4,0,1,0,0,0,0,0,0,0,0,0,0,0,0,0,0,0,0,26,0,0,0,0,0,0,353,0,0,0,0,0,0,0,0,0,0,1,0,0,0,0,0
1,0,0,0,1,0,8,35,0,1,0,0,1,29,9,0,5,0,0,3,0,0,0,0,0,0,0,12,0,0,10,0,1,0,122,24,0,0,0,4,0,0,2,47,0,0,1,0,3,0,0,5,0,24,0,1,0,0,45,0,0,15,25,0,0,0,1,0,0,1,0,38,2,0,0,5,0,23,0,0,0,0,1,0,0,0,0,300,0,1,0,0,0,1,0,1,24,0,0,0,0,1041,0,0,0,10,0,1,3,644,3,0,0,0,1,0,0,0,0,0,0,0,0,0,1,64,9,0,0,0,65,1,30,1,3,373,0,89,0,3,0,1,0,0,3,0,1,1,0,3,4,0,31,0,1,0,200,0,0,0,1,2,0,0,30,0,0,87,0,0,0,0,0
0,0,0,0,1,0,2,1,8,0,0,0,1,0,0,0,0,0,0,0,0,0,0,0,0,0,0,6,0,0,0,0,0,17,3,0,0,20,61,7,1,0,0,1,0,0,0,0,0,0,0,0,0,9,1,0,0,0,4,0,0,27,11,0,0,0,0,0,0,0,0,0,0,0,0,0,0,27,0,0,0,0,0,0,0,0,0,3,0,0,0,0,0,0,0,17,0,1,0,0,0,22,0,2,0,2,0,0,219,3,6,0,0,0,0,0,0,0,0,0,0,0,0,0,0,0,1,2,0,0,1,63,83,0,0,20,15,15,0,0,1,17,0,0,0,0,0,0,0,1,1,0,18,0,0,0,6,0,0,0,0,3,0,0,10,0,1,0,0,0,0,0,0
0,26,2,2,4,3,0,0,0,11,1,3,0,0,0,1,3,2,4,11,2,16,27,0,2,8,7,0,0,0,14,0,22,0,0,3,0,0,0,0,5,4,1,2,2,12,28,9,13,0,14,0,7,0,5,1,1,9,0,0,0,0,0,0,4,0,6,0,8,0,8,0,1,1,4,0,0,0,27,8,0,0,1,1,4,0,2,0,1,0,0,0,0,3,0,1,0,0,0,2,6,0,1,0,19,0,1,15,0,0,0,3,2,0,3,2,3,2,5,2,1,1,0,10,0,0,0,0,1,1,0,0,0,1,0,0,0,0,0,1,0,0,0,0,0,4,6,21,1,0,0,6,7,2,7,0,0,0,5,1,7,0,0,0,0,0,1,0,0,6,0,4,5
1,58,0,1,0,8,0,0,0,56,15,0,0,0,0,1,2,16,4,14,13,7,5,2,7,28,1,0,0,4,19,1,30,0,0,95,3,0,0,0,41,2,0,1,10,11,86,4,6,4,15,0,0,0,20,4,31,1,0,1,15,0,3,1,7,0,2,4,26,0,218,0,0,1,4,0,2,0,474,202,0,6,1,36,32,26,4,0,3,21,6,0,41,9,11,2,9,0,0,0,20,0,1,0,4,0,0,233,0,0,0,20,20,0,1,25,31,2,0,9,2,6,2,0,6,0,0,0,6,3,0,0,0,2,1,0,0,0,0,12,0,0,0,1,0,0,8,44,2,0,0,55,4,8,8,1,0,0,15,2,3,0,9,2,0,2,0,0,53,24,0,9,3
2,0,0,0,33,1,1,2,3,1,14,0,0,28,0,0,0,1,1,1,0,1,0,17,0,6,1,2,1,78,0,9,0,8,0,0,2,58,33,3,1,1,1,62,0,0,6,0,13,1,21,0,0,3,1,11,9,0,3,11,0,1,6,6,0,1,0,3,1,0,9,1,44,1,0,0,1,1,3,1,1,0,0,1,0,1,0,1,3,4,14,0,0,0,1,619,16,42,0,0,0,0,5,0,1,1,0,1,190,0,1,9,0,1,6,0,0,1,0,0,0,0,0,0,3,1,6,196,1,0,3,71,67,0,2,2,13,5,7,0,7,6,0,0,0,0,0,0,0,0,0,0,5,1,0,0,0,0,0,1,0,6,0,0,17,42,10,2,0,1,19,0,0
3,21,9,0,1,4,0,0,0,2,415,6,0,0,0,1,0,0,4,0,376,15,101,1,0,23,103,0,0,19,2,0,0,0,0,0,0,0,0,0,4,86,3,0,1,1,9,50,16,1,82,0,18,0,1,0,3,62,0,190,2,0,1,0,21,0,0,37,1,0,53,0,0,0,1,0,1,0,1,0,10,7,0,1,1,0,4,0,341,4,4,0,0,1,0,3,0,1,0,2,1,0,0,0,2,0,0,1,0,0,0,311,10,0,2,0,1,0,1,3,0,0,8,19,0,0,2,8,6,0,0,0,0,1,0,1,0,0,0,4,0,0,0,2,0,7,2,1,0,0,0,0,0,0,17,355,0,0,14,0,0,0,0,0,0,4,0,0,0,9,0,1,0
0,0,0,0,0,3,0,0,0,14,1,0,0,0,2,10,0,133,0,2,0,0,0,1,5,0,0,0,0,0,5,0,0,0,1,70,0,0,0,0,1,0,3,0,2,0,1,20,20,0,0,0,0,0,1,1,2,0,1,1,2,0,0,1,1,0,0,2,2,0,13,0,0,0,0,0,0,0,16,6,1,1,0,30,40,35,0,0,3,14,0,0,71,10,7,0,1,0,0,0,3,0,0,0,0,0,0,10,0,0,0,0,26,453,0,169,26,0,0,6,0,0,1,0,160,1,0,0,1,0,2,0,0,0,1,0,0,0,0,3,1,0,0,7,0,0,0,1,0,0,0,58,0,16,0,0,0,0,1,0,0,0,4,0,0,0,0,0,107,0,0,2,1
1,0,0,0,2,0,0,281,0,0,0,0,0,1,0,0,0,0,0,0,0,0,0,0,0,0,0,364,0,0,2,0,0,1,7,2,0,2,0,1,0,0,0,1,0,0,1,0,0,0,0,22,0,260,0,1,0,0,0,0,0,559,20,0,0,0,0,0,0,0,0,29,0,0,0,0,0,457,0,0,0,0,0,0,0,0,0,7,0,16,0,0,0,0,0,166,1,0,59,0,0,17,2,0,0,1,0,0,15,1,379,0,0,0,0,0,0,2,0,0,0,0,0,0,23,0,0,0,0,0,4,14,13,1,0,3,0,0,0,0,0,0,0,0,0,0,0,0,0,205,1,0,1,0,0,0,54,0,0,0,0,764,0,0,1,0,0,3,0,0,0,0,0
0,0,0,0,0,0,0,10,0,0,0,0,0,0,0,0,0,0,0,0,0,0,0,0,0,0,0,7,0,0,0,0,0,0,0,3,0,0,0,0,0,0,0,0,0,0,0,1,0,0,0,33,0,0,0,1,0,0,0,0,0,0,1,0,0,0,0,0,0,0,0,24,0,0,0,0,1,0,0,0,0,0,0,0,0,0,0,8,0,0,0,0,0,0,0,5,0,0,0,0,0,0,0,0,0,0,0,0,0,0,1,0,0,0,0,0,0,0,0,0,0,0,0,0,0,0,0,0,0,0,6,0,1,0,0,0,0,0,0,0,0,0,0,0,0,0,0,0,0,1,0,0,0,0,0,0,40,0,0,0,0,6,0,0,0,0,0,0,0,0,1,0,0
