0.91812,0.21697,0.38067,0.33374,0.25551,0.28192,0.95147,0.53713,0.79173,0.28289,0.55142,0.45955,0.86741,0.49909,0.42048,0.39572,0.46883,0.40858,0.54292,0.3096,0.44081,0.53384,0.32471,0.47206,0.26486,0.47054,0.25231,0.45394,0.52141,0.78804,0.19593,0.447,0.19477,0.80678,0.49749,0.31898,0.31026,0.53433,0.77822,0.70772,0.3692,0.2621,0.30389,0.24449,0.33515,0.22692,0.38486,0.42668,0.1962,0.55757,0.26112,0.69152,0.46625,0.74458,0.54743,0.18194,0.25146,0.46742,0.47642,0.21638,0.35828,0.7376,0.17284,0.65324,0.36302,0.56647,0.39121,0.7,0.34421,0.80797,0.49709,0.38428,0.58693,0.27435,0.65731,0.9704,0.68707,0.57024,0.34551,0.29068,0.36508,0.70794,0.31012,0.68482,0.52027,0.61273,0.45437,0.37581,0.29175,0.38609,0.32562,0.985,0.56346,0.62878,0.45776,0.40287,0.36314,0.76979,0.4629,0.20423,0.372,0.5378,0.46552,0.91955,0.20493,0.96022,0.26476,0.20814,0.64865,0.74355,0.569,0.36634,0.26769,0.3317,0.25336,0.24046,0.55537,0.73321,0.49511,0.59238,0.45588,0.6079,0.63942,0.36175,0.26115,0.62227,0.55785,0.51657,0.43925,0.19474,0.64264,0.3809,0.63378,0.41073,0.53153,0.40252,0.54826,0.45558,0.77772,0.4386,0.32328,0.6953,0.56208,0.54556,0.8,0.36006,0.2931,0.33943,0.375,0.80807,0.5117,0.23375,0.47988,0.52746,0.62295,0.87921,0.36133,0.55556,0.30452,0.48668,0.25,0.63496,0.45994,0.54577,0.66404,0.71256,0.47727,0.93908,0.36364,0.15182,0.47477,0.48404,0.28406
0.52675
0,36,260,179,1,38,0,0,0,0,0,64,0,0,0,1,0,4,99,18,2,3,2,0,135,9,15,0,0,0,1,0,5,0,0,0,0,0,0,0,0,7,289,0,0,4,1,0,0,0,0,0,231,0,2,0,0,34,0,0,1,0,0,0,1,1,37,0,0,0,0,0,15,54,445,0,0,0,0,0,0,0,171,0,0,0,18,0,0,0,0,0,0,1,0,0,0,0,55,203,0,0,14,0,42,0,95,1,0,0,0,0,4,0,4,1,0,0,0,18,0,7,0,20,0,0,0,0,1,38,0,0,0,0,0,0,0,0,0,0,0,0,0,0,0,236,20,11,5,0,0,2,0,16,3,0,0,38,19,6,0,0,0,17,0,0,0,0,0,0,0,0,4
0,1,10,55,1,13,0,0,0,25,0,7,0,0,0,5,0,3,0,0,0,0,0,0,17,0,7,0,0,0,167,0,149,0,0,1,3,0,0,0,2,0,84,0,27,82,6,2,1,0,0,0,1,0,1,0,0,0,1,7,8,0,0,0,0,0,8,0,21,0,0,0,0,59,1,0,1,0,3,0,0,0,374,3,0,2,0,0,0,0,1,0,44,1,0,1,0,0,17,3,56,2,351,0,4,0,32,66,0,20,0,0,3,0,0,17,0,0,1,1,20,662,0,31,0,0,0,0,0,148,0,0,0,0,0,0,0,0,0,0,0,0,0,9,0,3,306,12,183,0,0,9,1,0,0,0,0,365,0,0,0,0,11,316,0,0,0,0,19,1,0,0,123
0,22,38,60,30,37,2,1,0,10,2,16,7,1,1,0,3,1,43,96,2,11,41,0,51,10,30,0,0,0,33,0,83,5,1,32,8,15,1,2,4,4,136,1,4,53,47,0,25,0,27,0,48,1,4,11,9,37,17,7,0,1,3,0,1,0,26,1,2,3,9,1,1,29,6,6,3,2,1,0,0,1,135,0,1,0,5,0,0,0,5,1,1,0,0,4,1,2,25,120,1,1,22,0,93,2,157,1,0,5,0,0,14,2,1,18,6,1,27,2,0,15,1,114,4,0,8,0,0,44,1,0,6,13,0,2,0,0,1,2,0,10,2,2,0,56,57,75,33,0,0,20,12,5,1,0,0,46,3,7,0,0,1,33,2,0,0,3,1,29,0,9,58
0,154,109,52,0,84,0,0,0,0,0,15,0,0,0,0,0,0,525,20,90,23,8,0,25,50,33,0,0,3,0,0,0,0,0,0,1,0,0,0,1,155,62,0,0,0,0,1,0,0,2,0,373,0,0,0,1,88,0,0,2,0,0,0,0,0,4,1,3,0,8,0,5,9,90,0,0,0,0,0,0,0,27,0,0,0,25,0,56,0,0,0,0,1,0,0,0,0,16,197,0,0,0,0,38,0,26,0,0,0,0,1,6,0,15,1,0,0,0,3,0,0,0,20,0,0,0,0,1,19,0,0,0,1,0,1,0,0,0,0,0,0,0,0,0,256,1,27,0,0,0,2,0,4,21,11,0,2,155,5,0,0,0,2,0,0,0,0,0,0,0,0,1
0,6,26,73,0,37,0,0,0,0,0,2,0,0,0,0,0,0,5,2,0,2,0,0,20,3,1,0,0,0,5,0,1,0,0,0,1,0,0,0,0,0,63,0,0,1,0,0,0,0,0,0,1,0,1,0,0,1,0,1,0,0,0,0,0,0,3,0,0,0,0,0,0,119,1,0,0,0,0,0,0,0,62,0,0,0,0,0,0,0,0,0,0,1,0,2,0,0,2,39,0,0,16,0,19,0,22,5,0,0,0,0,0,0,0,6,0,0,0,0,1,16,0,1,0,0,0,0,0,74,0,0,0,0,0,0,0,0,0,0,0,0,0,0,0,10,20,17,4,0,0,1,0,1,0,0,0,18,0,0,0,0,0,11,0,0,0,0,1,0,0,0,5
0,116,17,17,105,92,0,0,0,7,13,9,0,1,0,0,10,2,34,187,20,79,142,0,37,108,18,0,0,4,17,3,40,0,0,5,21,3,0,2,22,10,16,8,12,41,311,6,79,8,123,0,11,0,15,38,7,26,63,1,4,0,2,2,5,0,46,3,24,0,138,0,11,5,5,0,9,0,6,0,2,0,14,0,5,1,8,0,10,2,26,0,3,7,0,12,0,8,4,79,2,0,3,0,113,0,50,2,0,1,0,8,30,1,0,7,3,6,152,10,2,0,1,37,3,0,1,4,2,48,0,1,0,19,2,1,0,0,0,3,0,0,0,1,0,32,55,70,3,0,0,33,126,11,6,4,0,6,18,8,2,0,10,13,0,1,0,0,2,46,2,48,30
0,0,84,273,0,5,0,0,0,0,0,25,0,0,0,0,3,0,2,0,1,0,4,0,1,0,246,0,0,0,4,0,28,0,0,0,0,0,0,0,0,1,197,0,15,27,1,6,0,0,5,0,20,0,0,0,0,8,0,0,17,0,0,0,0,0,4,0,2,0,0,0,0,14,4,0,0,0,0,0,0,0,227,2,0,0,3,0,0,0,0,0,0,0,1,0,0,0,262,88,3,0,25,0,1,0,42,0,0,0,0,0,109,0,0,0,0,0,0,0,14,4,0,454,1,0,0,0,0,20,0,0,0,1,0,0,0,0,0,2,0,0,0,4,0,25,38,1,2,0,0,0,2,0,0,0,0,31,0,0,1,0,0,26,0,0,0,0,0,0,0,0,4
0,1,0,1,2,0,1,0,0,0,1,0,0,1,3,0,1,0,3,0,0,2,2,0,0,0,0,0,0,0,4,0,0,0,7,0,0,0,0,0,0,0,2,49,3,0,0,1,0,0,1,0,0,0,0,0,0,0,3,3,0,0,1,0,1,0,1,3,0,0,0,0,0,0,1,1,0,0,0,0,0,0,0,0,2,1,2,0,2,0,0,0,2,0,0,0,0,1,0,0,0,0,0,0,0,0,2,0,0,1,0,0,2,0,17,1,0,0,0,0,0,0,0,2,0,0,0,0,0,0,1,0,2,0,0,2,0,34,0,5,0,0,0,0,0,1,0,1,0,0,3,0,3,0,0,0,0,0,1,0,0,1,0,0,107,0,0,0,0,0,0,0,0
1,0,0,0,29,0,10,4,30,1,49,0,109,14,349,0,1,4,0,6,4,2,0,397,2,0,0,2,13,11,0,13,0,302,2,2,227,386,281,66,0,0,0,3,0,0,1,0,88,7,6,7,0,1,0,17,6,0,1,6,0,2,0,10,0,141,0,0,0,152,9,6,2,0,0,9,30,6,0,1,253,0,0,0,1,1,0,2,1,4,42,17,0,53,1,21,110,739,0,0,34,0,2,125,0,7,0,0,11,0,2,3,0,50,18,0,1,4,1,1,0,0,8,0,6,5,17,343,8,0,2,305,11,2,1,6,371,0,1382,0,193,301,421,0,0,0,0,0,0,0,6,0,1,0,0,0,0,0,0,201,0,1,0,0,2,3,87,2,0,0,207,0,0
0,0,0,0,0,0,0,77,0,0,0,0,0,0,0,0,0,0,0,0,0,0,0,0,0,0,0,9,0,0,0,0,0,0,6,0,0,0,0,0,0,0,0,0,0,0,0,0,0,0,0,167,0,12,0,0,0,0,0,0,0,0,0,0,0,0,0,0,0,0,0,248,0,0,0,0,0,6,0,0,0,0,0,0,0,0,0,18,0,0,0,0,0,0,0,0,0,0,0,0,0,10,0,0,0,0,0,0,0,5,1,0,0,0,0,0,0,0,0,0,0,0,0,0,0,9,0,0,0,0,39,0,0,0,0,6,0,0,0,0,0,0,0,0,0,0,0,0,0,5,0,0,0,0,0,0,202,0,0,0,0,2,0,0,0,0,0,0,0,0,0,0,0
0,0,0,0,7,1,11,10,4,2,1,0,0,2,12,0,10,3,0,1,0,0,0,0,3,0,0,2,0,0,3,0,0,3,50,11,0,0,0,2,0,0,0,159,1,0,2,1,10,0,2,1,0,11,0,0,0,0,21,0,0,2,8,0,0,1,0,3,8,0,0,31,0,0,3,7,0,3,1,0,0,0,1,0,0,1,0,87,0,1,1,0,1,0,0,1,16,0,0,0,0,17,0,0,0,2,1,0,2,85,0,0,1,2,7,4,2,1,2,0,0,0,2,0,0,24,2,0,0,0,79,0,23,0,0,124,1,163,0,1,1,1,0,0,3,0,3,4,1,0,14,2,3,0,0,0,18,0,0,1,0,0,0,0,26,0,0,0,0,0,0,0,2
0,1,0,0,31,0,3,1,142,5,11,0,2,29,3,0,2,0,0,2,1,0,0,1,0,1,0,0,0,0,7,10,2,5,8,1,0,14,20,3,8,0,1,64,6,2,22,5,29,1,10,0,0,3,1,24,3,0,8,8,0,9,1,16,2,11,0,2,8,2,15,1,2,2,0,0,11,16,2,0,15,0,1,3,0,6,0,0,0,8,6,5,2,1,1,96,9,18,1,1,2,2,93,1,0,2,0,1,3,12,3,0,3,6,113,0,1,0,2,0,0,0,10,0,0,1,2,20,3,1,5,21,112,4,2,46,9,482,46,5,10,49,0,1,1,0,25,1,0,1,5,0,13,0,0,0,0,0,0,7,0,0,1,2,17,2,5,0,0,0,31,1,1
0,0,0,0,7,0,0,1,2,8,82,2,2,264,6,1,0,0,0,24,2,1,0,43,1,1,0,2,2,1,0,20,2,2,1,1,1,0,0,0,2,0,0,1,2,1,3,2,28,2,1,0,0,0,4,94,16,0,0,0,2,0,1,74,0,4,4,4,0,0,6,2,49,46,0,0,22,1,8,8,1,0,0,4,0,1,0,6,0,28,2,0,4,4,1,11,66,2,1,0,0,0,19,0,0,0,0,5,1,0,0,2,0,163,3,3,4,2,0,0,0,0,1,1,7,0,0,2,5,4,1,18,0,375,4,2,3,0,22,5,15,0,3,4,0,0,0,1,0,0,1,0,0,5,0,0,0,0,0,1,0,0,3,0,0,10,3,0,2,3,87,0,1
0,4,9,7,3,61,0,0,0,86,0,25,0,0,0,126,1,140,5,18,4,1,11,0,57,2,33,0,0,0,184,0,249,0,0,1,4,0,0,0,3,0,41,1,100,177,49,18,6,1,10,0,4,0,49,2,3,10,10,0,16,0,0,0,8,0,131,1,59,0,0,0,4,39,2,0,0,0,37,2,1,8,106,3,1,1,5,0,0,0,0,0,19,10,7,1,1,0,9,17,83,2,114,0,17,0,42,59,0,7,0,0,16,9,0,49,1,2,8,32,21,274,0,76,4,0,0,0,0,70,0,0,0,2,0,1,0,0,0,3,0,0,0,1,0,2,195,104,107,0,0,84,25,45,0,0,0,111,15,9,0,0,43,57,0,0,0,0,50,18,1,4,84
0,84,3,0,0,50,0,0,0,0,5,2,0,0,0,0,0,0,20,3,8,241,6,0,4,228,5,0,0,0,0,0,0,0,0,0,0,0,0,0,0,3,0,0,0,0,0,0,2,0,0,0,6,0,0,0,0,5,4,1,0,0,0,0,0,0,0,11,0,0,22,0,1,1,0,0,0,0,0,0,0,0,1,0,0,0,1,0,43,3,0,0,0,0,0,0,0,0,0,19,0,0,0,0,33,0,0,0,0,0,0,14,7,0,4,1,0,0,2,0,0,0,0,0,0,0,0,0,0,1,0,0,0,0,0,0,0,0,0,0,0,0,0,0,0,3,0,2,0,0,0,1,0,0,9,3,0,0,85,0,0,0,0,0,0,0,0,0,0,0,0,2,0
1,0,0,0,1,2,0,0,0,0,4,0,0,0,1,0,0,0,0,2,2,0,1,0,0,3,0,0,8,0,1,6,0,0,0,5,4,0,0,1,39,0,0,0,1,1,19,1,1,68,3,0,0,0,1,5,70,1,1,10,1,0,0,21,0,2,1,0,2,0,4,0,2,1,0,1,72,0,3,0,70,0,0,0,0,0,0,0,4,0,130,0,2,0,1,3,0,1,0,0,0,0,0,0,0,0,0,6,0,1,0,0,0,1,1,0,2,2,0,3,1,0,31,0,0,0,0,0,21,0,0,1,0,0,37,0,0,0,0,0,6,1,1,0,0,0,7,1,0,0,0,0,3,0,0,0,0,0,0,0,0,0,0,0,0,0,0,0,0,2,0,3,2
0,0,0,0,1,0,7,3,1,0,10,0,17,0,1,0,0,0,0,2,0,0,0,0,0,6,0,0,0,0,1,0,0,5,3,0,0,10,1,24,3,0,0,0,0,0,1,0,1,0,0,0,0,1,0,0,5,0,4,138,0,0,5,0,0,20,0,2,0,14,1,1,1,0,0,6,3,0,0,0,1,0,0,1,0,0,0,5,3,0,25,1,1,3,0,2,5,1,0,0,0,0,0,2,0,3,0,0,15,0,0,0,0,1,0,0,1,0,0,1,0,0,36,0,0,0,270,1,1,0,0,5,22,0,2,3,21,0,1,1,0,50,0,0,1,0,1,0,0,0,1,0,0,0,2,19,1,0,0,0,0,0,0,0,7,1,0,447,0,0,0,1,0
26,4,27,3,3,6,0,0,0,23,2,105,0,0,0,10,3,476,0,10,2,0,3,2,12,19,3,0,0,42,18,0,64,0,0,14,0,0,0,2,10,76,0,2,11,10,28,8,3,1,11,0,1,0,404,15,17,64,1,4,28,0,1,2,49,0,347,1,9,0,7,0,422,0,13,0,2,0,37,1,0,11,5,0,2,2,438,0,0,0,11,0,1,437,363,3,0,0,1,8,8,0,2,0,7,0,5,13,0,42,0,3,2,1,16,99,9,0,8,622,0,8,0,6,17,0,0,0,8,44,0,0,0,175,0,40,1,0,0,12,0,0,0,0,0,1,29,4,5,0,0,15,40,365,3,0,0,4,3,0,0,0,0,10,0,0,0,0,12,32,1,3,7
0,0,0,11,0,0,0,0,0,30,0,0,0,0,0,4,5,0,0,0,0,0,5,0,0,0,35,0,0,0,49,0,87,0,0,3,4,0,0,0,2,0,0,0,369,40,4,78,2,0,0,0,0,0,5,0,1,0,0,0,81,0,0,0,8,0,2,2,59,0,0,0,0,1,0,0,0,0,41,16,0,30,12,124,9,11,0,0,0,0,0,0,48,0,0,0,0,0,10,0,279,0,21,0,1,0,0,136,0,2,0,0,2,0,0,2,24,0,0,1,310,14,0,126,1,0,0,0,0,2,0,0,0,0,0,0,0,0,0,17,0,0,0,68,0,0,13,3,30,0,0,12,3,0,0,0,0,6,1,0,1,0,4,7,0,0,0,0,5,0,0,0,3
0,0,0,0,1,0,2,1,9,0,0,0,1,0,0,0,2,0,0,0,0,0,0,0,0,0,0,0,0,0,0,0,0,2,2,0,0,9,10,5,0,0,0,3,0,0,0,0,0,0,0,6,0,3,0,1,0,0,0,0,0,5,0,0,0,1,0,0,0,0,0,1,0,0,0,2,0,5,0,0,0,0,0,0,0,0,0,7,0,0,1,1,0,0,0,13,0,0,0,0,0,2,0,4,0,3,0,0,1080,1,1,0,0,0,0,0,0,0,0,0,0,0,0,0,0,2,2,0,0,0,0,27,938,0,0,0,2,5,0,0,0,17,0,0,0,0,0,0,0,0,0,0,0,0,0,0,3,0,0,0,0,2,0,0,17,0,0,2,0,0,0,0,0
9,0,0,0,174,0,0,0,3,2,4,0,0,21,32,0,22,1,0,1,0,1,1,1,0,1,0,0,0,1,18,0,0,1,47,1,0,0,0,0,0,136,1,31,4,1,1,0,1,0,1,1,0,1,0,0,0,0,4,1,0,0,0,0,5,3,0,13,1,0,0,5,2,0,0,0,1,0,0,0,3,0,0,1,0,0,0,3,0,3,0,0,0,0,0,2,0,0,0,0,0,1,0,0,0,0,0,0,0,1,0,0,1,2,4,0,0,0,0,0,0,0,0,0,0,80,1,0,0,0,12,0,1,2,0,6,1,9,1,0,0,0,2,0,117,0,0,1,0,3,350,0,0,0,0,0,0,0,1,0,0,0,0,0,30,0,0,0,0,0,0,0,0
0,0,0,0,3,0,1784,0,8,0,11,0,23,0,0,0,0,0,0,1,0,0,0,0,0,2,0,0,0,0,0,0,0,25,1,0,0,12,7,290,1,0,0,2,0,0,2,0,2,0,0,0,0,0,0,1,2,0,8,11,0,0,8,0,0,7,0,0,1,4,0,1,0,0,0,2229,0,0,0,0,4,0,0,0,0,1,0,0,1,0,84,3743,0,0,1,1,2,10,0,0,0,0,0,1,0,1762,0,0,4,0,0,0,0,2,1,0,1,2,0,0,0,0,2,0,0,0,13,2,0,0,0,3,48,0,1,0,3,0,1,0,1,23,0,0,0,0,0,0,0,0,0,0,0,0,0,1,0,0,0,0,0,0,0,0,0,0,6,9,1,0,0,0,0
0,1,1,6,2,3,16,1,1,4,5,0,4,36,3,1,38,4,1,43,2,0,1,5,0,3,3,1,1,1,6,1,5,0,34,5,1,0,0,0,3,1,2,71,0,2,4,4,5,2,1,4,0,2,3,141,1,0,229,7,2,2,3,5,0,0,3,1,9,0,2,0,5,0,0,2,2,0,0,4,4,0,0,7,1,12,0,3,0,2,5,1,4,11,2,3,264,0,0,4,0,9,0,0,0,8,0,4,6,21,1,2,3,83,4,0,7,382,0,3,0,7,4,0,11,15,14,3,0,3,0,0,9,1,209,5,0,2,0,1,0,0,19,21,20,0,17,1,0,0,11,6,0,1,0,0,2,1,0,0,0,0,8,23,15,5,0,5,0,0,1,2,1
0,5,0,3,4,14,0,0,0,286,0,4,0,0,0,53,60,63,1,1,4,5,68,1,20,6,18,0,0,0,172,0,180,0,0,18,13,0,0,0,40,3,1,38,190,118,232,96,18,3,71,0,1,0,39,14,17,4,4,0,85,0,0,1,41,0,38,4,140,0,7,0,0,7,1,0,0,0,313,50,3,48,16,84,30,48,9,0,11,2,1,0,141,3,308,4,0,0,0,2,132,3,9,0,13,0,14,181,0,14,0,0,20,34,0,78,30,3,17,11,106,50,0,34,19,0,0,0,0,18,0,0,0,20,0,2,0,0,0,135,0,0,1,37,0,1,61,79,71,0,0,146,68,23,0,0,0,8,23,5,0,0,95,8,0,0,0,0,128,22,0,15,23
1,7,2,4,61,13,0,2,6,255,3,12,0,3,4,9,233,11,1,28,3,4,95,2,17,6,43,1,8,3,202,6,253,3,0,274,49,0,0,3,175,5,1,83,201,174,600,178,53,44,276,0,3,0,69,140,50,16,44,4,80,0,9,3,71,0,74,9,232,0,34,2,0,2,1,0,30,0,298,35,6,72,9,89,104,53,17,0,13,54,42,0,192,11,25,23,4,5,1,6,50,3,10,1,10,0,19,150,0,11,0,2,37,42,1,57,85,106,66,16,78,18,0,84,87,2,0,1,2,47,0,4,0,94,8,4,0,0,1,350,1,0,9,89,0,0,136,40,37,0,1,169,322,38,1,0,0,11,23,3,1,0,310,18,1,0,0,0,68,45,6,91,30
0,0,0,0,0,0,2,0,0,34,0,0,0,0,0,148,10,3,0,0,0,0,19,0,0,0,21,0,3,1,10,0,10,0,0,226,12,0,0,0,6,0,0,0,97,5,4,419,0,1,9,0,0,0,1,0,10,3,0,0,292,0,0,1,243,0,1,48,52,0,2,1,1,0,0,0,2,0,71,83,5,526,0,943,231,568,0,0,152,179,0,0,768,0,20,0,1,0,0,0,50,0,0,0,0,0,0,203,0,0,0,0,140,2,0,25,341,3,0,0,96,6,0,4,123,0,0,0,0,0,0,0,0,2,0,0,0,0,0,154,0,0,0,479,0,0,1,4,0,0,0,39,7,1,0,0,0,0,0,0,0,0,7,0,0,0,0,0,19,0,0,0,0
0,0,0,0,0,0,0,34,0,1,0,0,0,0,0,0,0,1,0,0,0,0,0,0,0,0,1,26,0,0,0,0,0,0,16,1,0,0,0,0,0,0,0,2,0,0,0,0,5,0,0,109,0,7,0,0,0,0,0,0,0,1,1,0,0,0,0,0,0,0,0,357,0,0,0,0,0,1,0,0,0,0,0,0,0,0,0,23,0,1,0,0,0,0,0,1,0,0,3,0,0,1,0,0,0,0,0,0,0,5,4,0,0,1,0,1,0,1,0,0,0,0,0,0,0,21,0,0,0,0,428,0,0,0,0,18,0,0,0,0,0,0,0,0,0,0,0,0,0,3,0,0,0,0,0,0,100,0,0,0,0,6,0,0,0,0,0,0,0,0,1,0,0
0,3,0,0,141,1,1,13,43,0,66,0,12,546,137,0,376,0,0,1,0,1,2,0,0,0,0,1,0,0,30,0,0,3,396,3,0,0,0,5,0,20,0,39,0,0,0,0,0,0,0,5,0,22,0,0,0,0,36,7,1,12,5,0,6,0,0,1,0,7,0,18,33,0,0,2,3,0,0,0,1,0,0,0,0,1,0,16,2,0,2,0,0,2,0,0,13,0,0,0,0,401,0,0,1,7,0,0,2,11,3,0,0,2,0,1,0,0,0,0,0,0,3,1,0,598,1,0,0,0,6,0,8,1,3,12,0,11,0,1,0,0,0,0,592,0,1,0,0,12,265,0,0,0,0,1,6,0,1,0,2,0,0,0,29,0,0,0,0,0,0,0,1
0,0,0,0,14,0,10,5,1091,1,20,0,1171,10,92,0,1,0,0,1,2,0,1,107,3,0,0,6,2,7,0,3,0,1666,10,1,35,677,1565,1063,0,0,0,1,0,0,1,0,24,2,1,7,0,6,8,3,2,0,5,47,0,13,14,5,0,375,0,0,0,791,1,14,0,1,0,14,7,14,0,0,26,0,0,0,0,0,0,25,0,3,37,29,0,7,0,14,66,92,0,0,1,0,0,1646,0,20,0,0,29,0,3,3,0,24,2,0,0,0,0,0,0,0,4,0,4,60,139,14,1,0,3,347,34,4,6,37,551,1,275,0,128,1109,281,1,2,0,0,0,0,2,5,0,0,0,0,0,3,0,0,8,0,5,0,0,5,5,105,4,0,0,39,1,0
3,159,14,28,8,276,1,0,1,121,42,7,0,4,0,1,0,2,78,22,51,631,389,5,1,615,198,1,1,4,2,19,6,0,0,1,6,15,0,0,13,27,21,1,3,12,22,100,155,3,64,0,39,0,0,31,3,10,2,26,4,0,1,24,5,1,2,371,4,0,513,0,8,9,4,0,9,1,5,18,3,0,9,8,1,22,4,0,61,222,7,0,4,4,0,1,2,2,21,112,1,0,11,0,75,0,8,1,4,0,0,135,13,10,17,0,2,0,7,1,8,1,16,148,2,0,0,10,14,12,0,0,0,5,2,0,0,0,0,7,1,0,0,59,0,35,8,29,0,0,0,9,8,1,152,16,0,4,82,1,0,0,1,4,0,7,7,0,0,21,3,1,1
4,1,1,0,1,3,5,0,0,2,5,1,0,4,8,0,0,0,0,3,2,2,2,195,0,7,0,0,33,12,0,567,2,1,0,0,148,23,3,4,15,0,0,0,6,3,5,1,16,144,28,0,0,0,1,77,122,0,0,177,1,0,2,237,7,11,0,1,5,0,9,1,0,6,0,3,145,0,1,0,172,0,0,1,2,3,0,0,1,2,269,0,2,1,3,15,1,11,0,2,1,0,2,0,1,0,3,1,3,2,0,20,3,0,82,0,2,0,0,0,6,0,532,0,0,0,0,29,33,19,0,2,0,4,48,1,2,2,3,8,19,0,0,1,0,0,1,0,0,0,1,1,1,0,1,0,0,0,0,0,0,0,13,1,0,414,1,0,0,0,0,0,0
0,8,1,2,7,8,2,1,2,10,16,0,0,81,60,0,0,1,0,46,10,9,3,38,0,10,3,2,341,6,2,603,10,5,0,0,251,18,16,14,54,3,0,1,1,3,9,3,59,799,30,2,0,0,8,84,215,3,3,118,2,0,1,876,0,69,2,7,6,1,31,3,3,169,1,3,909,1,9,3,84,0,1,2,0,5,1,0,1,10,366,0,1,0,6,75,8,14,0,5,2,0,3,1,1,0,4,6,8,0,0,51,3,36,58,0,6,3,0,1,1,2,159,3,7,0,1,5,235,12,0,39,0,40,413,0,14,0,30,0,193,0,1,11,0,0,1,8,0,0,1,3,2,7,2,0,0,0,1,1,0,4,143,0,0,109,5,0,1,1,43,0,0
0,2,0,0,0,0,2,0,0,0,4,0,0,1,95,0,0,0,0,9,1,0,0,2,0,0,0,0,240,0,0,64,1,4,0,0,9,0,0,3,7,2,0,0,1,1,2,1,1,337,4,0,0,0,3,8,160,0,0,0,0,0,0,48,0,12,0,0,2,0,8,0,0,1,0,4,54,0,1,3,22,1,0,2,0,1,0,0,0,1,15,0,5,0,1,2,7,1,0,0,0,0,0,2,0,0,0,0,1,0,0,21,0,5,0,0,4,0,0,0,0,0,6,0,1,0,1,0,31,7,1,0,0,3,24,0,11,0,4,1,14,0,8,9,0,0,0,0,0,0,0,1,0,0,0,0,0,0,0,0,0,0,8,0,0,16,0,0,0,0,0,0,0
1,202,22,14,0,179,0,0,0,0,0,5,0,0,0,0,0,0,118,39,24,103,9,0,156,102,8,0,0,0,6,0,35,0,0,0,1,1,0,0,3,2,14,0,0,2,10,1,3,1,0,0,6,0,1,0,2,15,1,0,0,0,0,0,0,0,11,0,1,0,27,0,0,30,17,0,0,0,2,0,0,0,14,0,0,0,2,0,6,0,0,0,0,0,1,8,0,2,2,53,2,0,3,0,112,0,26,1,0,1,0,12,30,0,0,0,0,0,5,1,0,1,0,5,0,0,0,0,1,55,0,0,0,0,0,0,0,0,0,0,0,0,0,1,0,19,7,334,3,0,0,17,0,0,4,4,0,2,33,147,0,0,0,6,0,0,0,0,1,18,0,0,23
0,1,2,9,0,26,0,0,0,0,0,2,0,0,0,0,0,0,3,0,318,1,39,0,1,6,148,0,0,0,0,0,1,0,0,0,0,0,0,0,0,2,0,0,0,0,0,4,2,0,0,0,9,0,0,0,0,19,0,0,2,0,0,0,0,0,1,0,0,0,2,0,0,0,4,0,0,0,0,0,0,0,3,0,0,0,1,0,0,0,0,0,0,0,0,0,0,0,1,15,0,0,0,0,5,0,5,0,0,0,0,0,0,0,0,0,0,0,0,1,0,0,0,37,0,0,0,0,0,2,0,0,0,0,0,0,0,0,0,0,0,0,0,0,0,2,0,9,0,0,0,0,0,0,0,0,0,0,1,0,0,0,0,0,0,0,0,0,0,0,0,0,0
0,1,1,0,9,0,3,10,0,0,1,0,0,16,5,0,7,0,1,0,0,1,1,0,0,0,1,0,0,0,45,0,2,0,25,1,0,0,1,1,0,1,5,222,2,1,0,1,0,0,0,5,0,1,0,1,0,0,485,0,0,1,0,0,6,1,0,7,1,2,0,3,1,0,1,2,0,0,0,0,1,0,0,2,2,0,1,5,0,0,0,0,5,0,0,0,100,0,0,0,0,13,0,0,2,4,1,0,1,29,0,0,4,0,0,0,0,0,0,1,3,0,0,0,0,29,0,0,0,0,1,0,24,0,7,4,0,105,0,4,0,1,0,0,3,0,5,0,0,1,8,0,3,0,0,0,0,0,1,0,1,0,0,1,757,0,0,0,0,0,0,0,2
527,11,52,16,1,8,1,0,3,8,4,267,1,6,1,6,0,336,10,3,5,0,16,18,12,8,18,0,0,751,4,6,42,0,0,2,6,2,1,0,4,195,5,1,18,7,12,5,6,1,159,0,3,0,82,7,77,330,0,124,172,0,0,3,269,0,130,5,0,0,4,3,99,8,70,0,2,0,10,9,1,39,14,7,2,2,468,0,0,1,7,0,3,113,24,2,1,3,4,14,4,0,4,1,158,0,26,9,0,5,0,24,12,2,65,2,8,2,0,309,7,0,1,12,11,0,0,13,163,54,0,3,0,139,1,212,0,0,2,51,1,0,0,1,0,14,14,10,1,0,1,4,2,147,3,1,0,3,3,1,0,0,0,16,0,1,0,0,0,28,0,3,19
0,0,0,0,0,0,0,1027,0,0,0,0,0,0,0,0,1,0,0,0,0,0,0,1,0,0,0,184,0,0,0,0,0,0,11,0,0,0,0,0,0,0,0,0,0,0,0,0,0,0,0,82,0,1408,0,0,0,0,0,2,0,1324,0,0,0,0,0,0,0,0,0,31,0,0,0,0,0,755,0,0,0,0,0,0,0,0,0,2,0,0,0,0,0,0,0,0,0,0,0,0,0,5,0,0,0,1,0,0,50,8,837,0,0,0,0,0,0,0,0,0,0,0,0,0,6,1,0,0,0,0,2,0,14,0,0,14,0,0,0,0,0,0,0,0,0,0,0,0,0,1381,0,0,0,0,0,0,23,0,0,0,0,299,0,0,1,0,0,0,0,0,0,0,0
0,0,0,0,0,0,0,374,0,0,0,0,0,0,0,0,0,0,0,0,0,0,0,0,0,0,0,57,0,0,0,0,0,0,0,0,0,0,0,0,0,0,0,0,0,0,0,0,0,0,0,1076,0,19,0,0,0,0,0,0,0,0,0,0,0,0,0,0,0,0,0,41,0,0,0,0,0,1,0,0,0,0,0,0,0,0,0,289,0,0,0,0,0,0,0,0,1,0,0,0,0,1,0,0,0,0,0,0,4,0,4,0,0,0,0,0,0,0,0,0,0,0,0,0,1,0,0,0,0,0,1,0,1,0,1,0,0,0,0,0,0,0,0,0,0,0,0,0,0,34,0,0,0,0,0,0,327,0,0,0,0,4,0,0,1,0,0,0,0,0,0,0,0
0,0,0,0,8,0,11,34,1,2,0,0,0,17,14,0,4,0,0,2,0,0,0,0,1,0,0,7,0,0,6,0,1,1,164,10,0,0,0,4,0,1,2,114,2,0,1,0,0,0,0,8,0,35,0,1,0,0,48,1,0,25,14,0,0,0,2,0,0,3,0,129,2,0,0,4,0,22,0,0,0,0,0,0,1,0,0,261,0,1,0,1,1,2,1,0,20,0,0,0,0,562,0,0,0,10,0,0,4,864,2,0,2,0,0,0,0,0,0,0,0,0,0,0,0,110,7,0,0,0,59,0,36,1,2,384,0,194,0,4,0,2,0,0,1,0,6,0,0,5,8,0,0,0,0,0,183,0,0,0,0,1,0,0,102,0,0,1,0,0,0,0,0
0,0,0,0,0,0,1,0,22,0,0,0,1,0,0,0,1,0,0,0,0,0,0,0,0,0,0,6,0,0,1,0,0,23,1,0,0,19,61,3,1,0,0,1,0,0,0,0,0,0,0,1,0,16,0,1,0,0,3,1,0,28,0,0,0,1,0,0,0,0,0,4,0,0,0,0,0,68,0,0,0,0,0,0,0,0,0,1,0,0,0,1,0,2,0,9,0,2,0,0,0,6,0,3,0,2,0,0,184,5,9,0,0,0,0,0,0,0,0,0,0,0,0,0,2,3,1,0,0,0,0,58,96,0,0,10,4,42,0,0,1,23,0,0,0,0,0,0,0,1,0,0,0,0,0,0,3,0,0,0,0,0,0,0,9,0,0,0,0,0,0,0,0
0,25,2,4,1,6,0,0,0,19,2,1,0,0,0,0,2,2,8,4,6,12,34,0,4,6,6,0,0,0,10,0,18,0,0,2,2,0,0,0,6,5,2,2,3,5,40,12,11,0,16,0,7,0,6,3,0,6,5,0,0,0,0,0,3,0,1,0,4,0,6,0,1,1,4,0,0,0,32,1,0,0,2,0,3,0,4,0,2,1,1,0,0,2,0,1,0,0,1,3,3,0,0,0,21,0,4,10,0,0,0,1,6,5,0,3,1,0,6,3,1,0,0,10,0,0,0,0,0,5,0,0,0,1,0,0,0,0,0,2,0,0,0,0,0,7,7,15,2,0,0,6,16,3,2,0,0,0,7,0,0,0,0,0,0,0,0,0,0,4,0,0,3
0,46,0,1,0,11,0,0,0,47,12,2,0,0,1,0,5,19,6,8,14,9,5,1,8,21,1,0,1,12,17,3,23,2,0,104,1,0,0,0,43,1,0,2,16,5,99,6,6,3,66,0,0,0,25,2,41,1,0,2,9,0,0,0,5,0,7,1,14,0,104,0,2,2,1,0,3,0,473,159,2,6,2,36,26,33,6,0,3,21,6,0,57,5,15,2,3,0,0,1,34,0,0,0,2,0,5,230,0,1,0,11,19,2,0,22,34,1,1,6,3,4,5,1,9,0,0,0,2,11,0,0,0,2,1,1,0,0,0,15,1,0,0,3,0,1,7,113,0,0,0,96,8,10,3,1,0,0,3,1,0,0,13,6,0,2,0,0,23,31,0,3,4
0,0,0,0,24,2,0,4,6,2,29,0,0,35,1,0,0,1,1,0,1,2,0,21,0,9,0,0,1,76,1,25,0,6,1,1,0,58,44,3,1,1,1,4,2,1,6,0,29,2,69,0,0,2,1,52,8,0,7,5,1,3,0,9,0,1,1,1,1,0,12,0,47,0,0,0,1,5,2,0,1,0,0,2,0,0,0,1,2,3,24,0,0,0,1,421,23,46,0,0,1,0,27,3,0,0,0,1,229,0,0,7,0,39,11,0,0,0,0,0,1,0,1,0,3,1,3,212,1,1,2,69,84,2,3,0,11,8,7,1,11,8,1,0,0,0,1,0,0,0,1,0,0,2,0,0,0,0,0,1,0,2,0,1,12,4,1,3,0,1,13,0,0
1,30,2,0,1,3,0,0,0,3,504,8,0,1,0,1,0,0,3,0,458,36,288,1,0,64,80,0,0,18,2,0,0,0,0,0,0,3,0,0,5,83,2,0,2,0,12,12,39,3,55,0,36,0,0,1,3,25,0,98,2,0,0,0,4,0,0,25,2,0,50,0,0,0,2,0,1,0,0,0,10,0,0,7,1,0,12,0,140,5,8,0,0,1,0,2,0,0,1,3,0,0,0,0,2,0,4,1,0,0,0,185,1,0,2,0,0,0,2,0,1,0,8,26,0,0,1,5,1,1,0,0,0,0,0,1,0,0,0,3,0,0,0,0,0,7,1,1,0,0,0,0,2,0,31,444,0,0,30,0,0,0,0,1,0,0,0,0,0,1,0,1,1
0,0,0,0,0,0,0,0,0,17,0,0,0,0,0,8,0,88,0,1,0,0,0,0,1,1,0,0,0,0,3,0,0,0,0,132,1,0,0,0,1,0,3,0,2,1,0,9,80,0,6,0,0,0,4,1,4,0,0,1,2,0,0,3,1,0,0,2,2,0,1,0,0,1,0,0,0,0,13,154,2,1,0,46,19,151,0,0,7,14,0,0,52,12,10,0,0,0,0,0,1,0,0,0,0,0,0,12,0,0,0,0,30,271,0,126,38,0,0,3,0,0,1,2,101,0,0,0,1,0,9,0,0,0,0,0,0,0,0,5,1,0,0,76,0,0,0,6,1,0,0,45,0,7,0,0,0,1,0,0,0,0,3,0,0,0,0,0,19,0,0,0,0
0,0,0,0,0,0,0,290,3,0,6,0,0,1,1,0,1,0,0,0,0,0,0,0,0,0,0,271,0,0,0,0,0,1,9,1,0,2,0,2,0,0,0,1,0,0,2,0,0,0,0,32,0,338,0,0,0,0,0,0,0,367,1,0,0,0,0,0,0,0,0,20,0,0,0,2,0,417,0,0,0,0,0,0,0,0,0,6,0,4,0,0,0,0,0,285,2,0,128,0,0,4,3,0,0,2,0,0,24,2,600,0,0,11,0,0,0,0,0,0,0,0,0,0,41,0,0,0,0,0,5,6,11,0,0,9,0,0,1,0,0,0,0,0,0,0,0,0,0,260,2,0,0,0,0,0,17,0,0,0,0,574,0,0,0,1,0,0,0,0,1,0,0
0,0,0,0,0,0,0,19,0,0,0,0,0,0,0,0,0,0,0,0,0,0,0,0,0,0,0,19,0,0,0,0,0,0,1,0,0,0,0,0,0,0,0,1,0,0,0,1,0,0,0,43,0,2,0,0,0,0,0,0,0,0,0,1,0,0,0,0,0,0,0,5,0,0,0,0,1,0,0,0,0,0,0,0,0,0,0,9,0,0,0,0,0,0,0,4,1,0,1,0,0,0,0,0,0,0,0,0,0,0,1,0,0,8,0,0,1,0,0,0,0,0,0,0,0,0,0,0,0,0,9,2,0,0,0,0,0,0,0,0,0,0,0,0,0,0,0,0,0,1,0,0,0,0,0,0,17,0,0,0,0,3,0,0,0,0,0,0,0,0,0,0,0
