0.85479,0.23687,0.40054,0.37337,0.21591,0.27251,0.95527,0.64921,0.85724,0.33081,0.701,0.46296,0.87634,0.58992,0.50563,0.35567,0.51956,0.39746,0.55049,0.42404,0.48072,0.46609,0.3438,0.49098,0.23457,0.50658,0.23933,0.60438,0.59773,0.79005,0.24588,0.45586,0.20736,0.81638,0.53557,0.30882,0.32411,0.75523,0.76751,0.6575,0.49395,0.28121,0.3085,0.21384,0.46122,0.18303,0.34814,0.4587,0.16454,0.58995,0.24242,0.71825,0.55556,0.76038,0.6185,0.31333,0.24271,0.49451,0.57821,0.28554,0.41131,0.67656,0.4059,0.6421,0.40699,0.4096,0.25662,0.72524,0.31052,0.78183,0.48673,0.47725,0.62353,0.18485,0.65522,0.97566,0.63717,0.67407,0.43964,0.31259,0.25832,0.71218,0.38133,0.67297,0.69069,0.6734,0.4663,0.34859,0.54054,0.38498,0.38895,0.98981,0.72796,0.66939,0.54588,0.52618,0.51681,0.74775,0.58885,0.24102,0.36957,0.75112,0.53243,0.9183,0.18539,0.95693,0.33814,0.25214,0.60867,0.70419,0.65929,0.41831,0.27289,0.70376,0.14854,0.25884,0.49281,0.68132,0.36517,0.60138,0.46429,0.54897,0.60044,0.47052,0.29009,0.77597,0.55199,0.661,0.51857,0.45559,0.49878,0.29675,0.69163,0.34545,0.4712,0.37652,0.60486,0.47417,0.79811,0.42124,0.40037,0.69033,0.62424,0.45976,0.84942,0.34661,0.35055,0.3313,0.43739,0.80627,0.63238,0.33333,0.33769,0.50651,0.43038,0.89826,0.27323,0.57593,0.22688,0.4938,0.34137,0.83976,0.43286,0.57985,0.69259,0.67543,0.7058,0.69688,0.42979,0.58016,0.43163,0.67647,0.47197
0.55137
0,38,294,165,0,37,0,0,0,0,0,66,0,0,0,1,0,4,85,13,2,2,2,0,171,10,9,0,0,0,0,0,7,0,0,0,1,0,0,0,1,10,236,0,0,0,2,1,6,0,0,0,171,0,2,0,0,12,0,0,0,0,0,0,1,1,26,0,0,0,0,0,9,105,458,0,0,0,0,0,0,0,79,0,0,0,31,0,0,0,0,0,0,2,0,0,0,0,89,208,0,0,8,0,42,0,211,0,0,0,0,0,3,0,29,0,0,0,1,19,0,2,0,39,0,0,0,0,0,23,0,0,0,1,0,0,0,0,0,0,0,0,0,0,0,201,14,8,0,0,0,0,0,15,4,0,0,28,16,13,2,0,0,12,0,0,0,0,0,7,0,0,9
0,1,8,68,1,13,0,0,0,12,0,4,0,0,0,7,0,2,0,2,0,0,0,0,22,0,7,0,0,0,53,0,79,0,0,1,5,0,0,0,1,0,50,0,24,99,6,3,0,0,0,0,1,0,1,0,1,0,0,3,2,0,0,0,0,0,12,0,29,0,0,0,0,47,1,0,0,0,2,0,0,2,339,0,1,1,0,0,0,0,2,0,6,1,0,0,0,0,22,4,54,0,394,0,4,0,4,16,0,20,0,0,6,0,0,13,2,0,1,1,32,482,0,28,0,0,0,0,0,395,0,0,0,0,0,0,0,0,0,1,0,0,0,6,0,2,319,13,248,0,0,9,1,0,0,0,0,402,12,0,7,0,13,305,0,0,0,0,0,1,0,0,261
1,41,41,41,25,32,2,1,1,15,6,21,5,2,0,0,1,1,26,109,1,9,49,0,65,9,19,0,2,0,11,0,99,0,0,30,11,2,0,4,7,4,102,0,2,54,42,3,93,0,33,0,30,0,7,14,1,33,0,4,2,1,7,0,2,0,9,2,5,1,0,0,4,103,8,3,0,0,1,0,0,0,114,1,0,1,3,0,0,0,8,0,0,2,0,4,3,18,39,112,2,1,24,0,111,5,127,1,0,5,0,2,10,0,12,8,5,1,29,4,1,9,1,67,1,0,14,2,0,55,1,1,4,18,0,1,0,0,1,2,0,7,1,4,1,55,44,108,31,0,0,7,7,4,10,0,0,35,4,10,38,0,0,20,1,2,0,9,0,20,1,4,43
0,143,156,39,0,99,0,0,0,0,0,20,0,0,0,0,0,0,447,9,51,29,29,0,28,22,77,0,0,3,0,0,0,0,0,0,2,0,0,0,3,174,57,0,0,0,1,0,12,0,2,0,355,0,1,0,1,117,0,0,3,0,1,0,0,0,5,1,3,0,9,0,1,22,85,0,0,0,0,0,0,0,7,0,0,0,26,0,51,0,0,0,0,2,0,0,0,0,22,174,0,0,0,0,50,0,63,0,0,0,0,16,0,0,52,0,0,0,0,3,1,0,0,18,0,0,0,0,2,7,0,0,0,2,0,0,0,0,0,0,0,0,0,2,0,235,1,10,0,0,0,0,0,4,23,4,0,1,130,23,0,0,0,0,0,0,0,0,0,1,0,0,1
0,7,29,72,0,27,0,0,0,1,0,2,0,0,0,0,0,0,4,2,1,2,0,0,27,3,0,0,0,0,1,0,2,0,0,0,0,0,0,0,1,0,38,0,0,1,0,0,0,0,0,0,1,0,0,0,0,0,0,0,0,0,0,0,0,0,4,0,0,0,0,0,0,122,1,0,0,0,0,0,0,0,52,0,0,0,0,0,0,0,0,0,0,1,0,0,0,0,4,44,1,0,18,0,15,0,30,0,0,0,0,1,0,0,4,1,0,0,0,0,1,8,0,1,0,0,0,0,0,72,0,0,0,0,0,0,0,0,0,0,0,0,0,0,0,12,19,20,7,0,0,0,0,3,0,0,0,47,0,1,0,0,0,9,0,0,0,0,0,0,0,0,10
2,99,19,11,89,70,1,0,0,19,9,19,0,0,0,0,11,1,32,321,24,75,120,1,34,100,15,0,2,3,10,5,56,0,0,5,21,7,0,1,35,11,14,4,1,33,269,8,142,4,128,0,7,0,23,28,12,9,4,1,5,0,5,8,5,0,30,11,13,0,26,0,7,25,6,0,9,0,5,6,3,0,12,0,1,0,8,0,4,2,17,0,0,5,2,6,1,3,6,62,1,0,5,0,119,0,40,5,3,2,0,45,23,0,26,5,6,14,105,9,2,2,3,10,3,0,0,4,4,25,0,3,0,21,3,1,0,0,0,5,0,0,0,17,0,40,42,81,2,0,0,7,89,6,45,2,0,5,50,16,165,0,9,7,0,16,3,0,0,39,1,18,24
0,0,85,286,0,2,0,0,0,0,0,20,0,0,0,0,2,0,0,2,0,0,7,0,5,0,86,0,0,0,4,0,33,0,0,0,0,0,0,0,0,1,189,0,12,55,0,8,12,0,4,0,12,0,0,0,0,1,0,0,16,0,0,0,0,0,8,0,0,0,0,0,0,14,4,0,0,0,0,0,0,0,125,0,0,0,3,0,0,0,0,0,0,1,0,0,0,0,454,84,8,0,20,0,2,0,58,0,0,0,0,1,155,0,0,0,1,0,0,1,20,2,0,431,0,0,0,0,0,17,0,0,0,0,0,0,0,0,0,0,0,0,0,21,0,27,24,3,3,0,0,0,1,1,0,0,0,11,0,0,3,0,0,33,0,0,0,0,0,0,0,0,12
0,3,1,1,1,0,0,0,0,1,1,0,0,0,10,0,0,0,2,1,0,3,0,0,0,0,0,0,0,0,3,0,0,0,2,0,0,0,0,1,0,0,1,35,1,0,2,0,0,0,0,2,0,1,0,1,0,0,7,2,0,0,0,0,1,0,0,2,0,0,0,0,0,0,3,0,0,0,0,0,0,0,0,0,0,1,3,0,4,0,0,0,0,0,0,0,0,0,0,0,0,1,0,0,1,1,0,0,0,1,0,0,0,0,12,2,0,0,0,0,0,0,0,2,0,1,0,1,1,0,0,0,0,0,0,10,0,20,0,8,0,0,0,0,0,0,0,0,0,0,2,0,14,0,1,0,1,0,0,0,0,1,0,0,114,0,0,1,0,2,0,1,1
3,0,0,0,44,0,10,4,67,0,12,0,116,5,359,0,1,2,0,7,3,0,0,381,0,0,0,0,11,13,0,10,0,248,5,2,188,169,244,60,0,0,0,18,0,1,0,1,21,4,2,2,0,0,1,14,10,0,1,24,0,2,22,5,0,361,0,4,0,196,6,12,0,0,0,9,8,3,0,0,225,0,0,0,1,0,0,5,2,4,23,13,0,13,1,40,26,830,0,0,16,7,0,121,0,4,0,0,6,0,1,7,0,24,4,2,0,4,0,1,0,0,9,0,6,0,17,739,2,0,64,168,21,3,1,3,295,1,1269,1,160,280,510,0,0,0,0,1,0,0,7,0,0,0,0,0,7,0,0,78,0,8,8,0,4,4,123,1,0,0,363,0,0
0,0,0,0,0,0,0,27,0,0,0,0,0,0,0,0,0,0,0,0,0,0,0,0,0,0,0,10,0,0,0,0,0,0,4,0,0,0,0,0,0,0,0,0,0,0,0,0,0,0,0,140,0,9,0,0,0,0,0,0,0,0,0,0,0,0,0,0,0,0,0,166,0,0,0,0,0,5,0,0,0,0,0,0,0,0,0,29,0,0,0,0,0,0,0,0,0,0,0,0,0,13,0,0,0,0,0,0,0,9,1,0,0,0,0,0,0,0,0,0,0,0,0,0,0,2,0,0,0,0,142,0,0,0,0,2,0,0,0,0,0,0,0,0,0,0,0,0,0,2,0,0,0,0,0,0,258,0,0,0,0,1,0,0,0,0,0,2,0,0,0,0,0
0,0,0,0,8,2,12,4,2,2,1,0,0,7,1,0,8,1,0,0,1,0,0,0,0,0,0,1,0,0,1,0,0,1,35,11,0,0,0,3,0,0,1,138,0,1,2,0,52,0,0,1,0,5,1,0,0,0,31,1,0,4,14,0,0,0,0,0,2,0,0,10,0,0,38,4,0,4,1,0,0,0,2,0,0,0,0,93,0,0,0,2,1,0,0,2,7,0,0,0,0,96,0,0,0,3,1,2,2,55,0,0,5,0,2,6,2,2,0,0,0,0,3,0,1,12,2,0,0,0,23,1,19,0,1,197,0,75,0,3,0,1,0,0,1,0,3,0,1,1,10,1,20,0,1,0,27,0,0,8,1,0,0,0,11,0,0,24,0,0,3,1,1
0,1,0,0,19,0,0,1,90,2,0,0,2,33,6,0,2,0,1,2,0,0,0,0,0,2,0,0,1,0,0,5,3,6,3,1,0,8,16,5,3,0,1,160,1,2,16,3,13,1,3,0,0,1,0,18,0,0,11,26,1,9,8,9,1,12,1,2,2,7,11,0,1,1,1,1,3,6,1,2,22,0,1,3,0,6,0,0,2,14,4,4,3,2,0,161,3,27,1,0,3,17,24,0,1,5,0,1,4,7,2,1,2,0,46,0,3,0,0,0,1,0,7,0,0,3,8,28,2,0,1,14,101,1,6,78,10,257,43,17,5,40,0,2,1,0,8,1,0,1,0,1,289,0,0,0,0,0,0,3,9,2,0,0,22,6,9,2,0,0,57,1,7
2,0,0,0,121,0,0,2,2,1,1,1,2,172,0,1,0,0,0,16,0,0,0,56,0,2,0,1,3,6,0,6,1,0,8,0,1,0,0,0,0,0,0,45,0,4,7,1,19,1,0,0,0,0,6,282,9,0,2,2,4,0,9,33,0,1,7,4,4,0,4,0,46,4,0,0,12,0,7,13,7,1,0,5,0,0,1,2,0,17,1,0,0,5,0,18,111,3,0,0,4,1,0,1,0,0,0,8,2,0,0,3,0,21,0,2,4,6,0,2,0,0,0,0,12,0,0,10,1,0,8,4,1,266,6,1,4,0,15,7,19,0,3,1,0,0,0,0,0,0,1,2,0,1,1,0,1,0,0,1,1,0,9,0,0,6,6,0,0,1,242,1,1
0,2,4,13,0,60,0,0,0,64,0,27,0,1,0,138,0,129,5,23,3,4,17,0,84,1,24,0,1,0,97,0,179,0,0,0,5,0,0,0,3,5,13,2,52,189,43,11,11,0,11,0,1,0,40,0,3,1,0,1,11,0,0,0,6,0,214,0,90,0,4,0,5,63,5,0,0,0,13,16,1,4,102,4,0,4,6,0,0,0,0,0,1,13,5,0,0,0,19,12,116,1,163,0,30,0,12,28,0,7,0,0,13,0,0,67,6,3,23,40,34,242,0,52,3,0,0,0,0,149,0,0,0,1,0,1,0,0,0,11,0,0,0,6,0,2,165,94,143,0,0,95,8,48,0,0,0,108,12,30,47,0,46,60,0,0,0,0,3,14,0,12,90
0,65,3,0,0,26,0,0,0,0,6,3,0,0,0,0,0,0,18,10,7,252,16,0,2,184,10,0,0,1,0,0,0,0,0,0,0,0,0,0,0,4,0,0,0,0,1,0,2,0,3,0,2,0,0,0,0,8,1,1,0,0,2,1,0,0,0,12,1,0,5,0,0,2,2,1,0,0,0,0,0,0,0,0,0,0,0,0,23,1,1,0,0,0,0,0,0,0,0,10,0,0,0,0,26,0,3,0,0,0,0,24,3,0,22,0,0,0,2,0,0,0,0,0,0,0,0,0,1,0,0,0,0,0,0,0,0,0,0,0,0,0,0,0,0,5,0,9,0,0,0,0,0,0,79,2,0,0,85,1,1,0,0,0,0,0,0,0,0,0,0,0,0
2,0,0,0,0,0,0,0,0,1,3,0,0,0,2,0,0,0,0,2,1,0,0,0,1,1,0,0,10,0,3,10,2,0,0,2,5,0,0,2,12,0,0,0,1,1,16,0,4,27,0,0,0,0,2,2,49,0,0,19,1,0,1,50,0,7,0,1,0,1,0,0,0,1,0,0,79,0,2,1,101,0,0,1,1,1,0,0,2,0,98,0,1,0,1,1,0,2,0,1,0,0,0,0,0,1,0,6,0,0,0,0,2,0,1,2,3,2,3,2,0,0,43,0,0,0,1,1,41,0,0,2,0,1,37,0,3,0,1,0,1,1,1,0,0,0,2,0,0,0,0,0,0,0,2,0,0,0,0,0,6,0,0,0,0,0,0,0,0,2,0,15,1
7,0,0,0,0,0,6,1,4,0,14,0,10,0,1,0,0,0,0,2,1,0,0,0,0,2,0,1,0,0,2,1,0,4,2,1,0,4,1,17,4,0,0,0,0,0,1,0,0,1,3,0,0,3,0,0,1,0,7,68,0,1,17,0,0,22,0,2,0,27,0,1,0,0,0,1,1,0,0,0,0,0,0,1,0,0,0,2,20,0,22,1,0,0,0,3,0,4,0,0,0,1,0,2,0,5,0,0,12,1,0,0,0,1,0,0,1,0,0,1,0,0,11,0,0,0,361,4,0,0,0,6,16,0,2,1,22,0,1,0,2,42,0,0,1,0,0,0,0,0,0,0,1,0,0,1,0,0,0,0,0,0,0,0,4,0,1,469,0,0,0,0,0
39,5,4,1,4,4,0,1,0,13,2,144,0,0,0,13,4,407,0,8,7,0,5,1,13,8,3,0,0,49,16,0,41,0,0,9,3,0,0,1,9,73,0,1,3,16,23,4,4,1,15,0,0,0,535,10,20,6,0,0,40,0,1,1,47,0,223,2,29,0,7,0,424,0,8,0,1,0,22,16,0,9,2,0,1,1,429,0,0,0,8,0,0,492,351,1,0,1,2,8,13,0,4,0,11,0,2,13,0,46,0,14,2,2,9,105,7,6,12,697,0,6,0,7,11,0,0,1,5,13,0,2,0,153,0,22,1,0,0,13,0,0,0,2,0,3,19,3,12,0,0,16,22,350,7,0,0,1,1,0,8,0,0,1,0,0,0,0,2,124,1,16,12
0,0,0,13,0,0,0,0,0,16,0,0,0,0,0,8,0,1,0,0,0,0,12,0,3,0,16,0,0,0,69,0,19,0,0,4,4,0,0,0,0,0,3,0,446,123,7,75,0,0,0,0,0,0,2,0,4,0,0,0,52,0,0,0,11,0,5,1,43,0,0,0,0,1,0,0,0,0,19,28,0,26,5,99,16,36,0,0,0,0,0,0,27,0,0,0,1,0,20,0,306,0,27,0,2,0,0,61,0,3,0,0,2,0,0,5,58,0,0,2,325,19,0,60,1,0,0,0,0,3,0,0,0,0,0,0,0,0,0,32,0,0,0,83,0,0,11,4,17,0,0,11,1,0,0,0,0,9,0,0,3,0,8,8,0,0,0,0,1,0,0,2,3
2,0,0,0,0,0,2,0,1,0,0,0,1,0,0,0,1,0,0,0,0,0,0,0,0,0,0,1,0,0,0,0,0,4,0,0,0,10,6,4,0,0,0,2,0,0,0,0,0,0,0,4,0,4,0,0,0,0,0,0,0,5,5,0,0,0,0,0,0,0,0,1,0,0,0,2,0,1,0,0,0,0,0,0,0,0,0,8,0,0,1,1,0,0,0,26,0,0,0,0,0,6,0,1,0,2,0,0,871,0,1,0,0,0,0,0,0,0,0,0,0,0,0,0,0,3,8,1,0,0,1,45,1099,0,0,1,11,4,0,0,0,17,0,0,0,0,0,0,0,1,0,0,5,0,0,0,4,0,0,0,0,0,0,0,26,0,0,2,0,0,0,0,0
10,0,0,0,171,0,1,0,0,1,4,0,1,59,26,0,53,1,0,0,0,1,0,0,0,1,0,1,0,0,20,0,0,0,50,1,0,0,0,0,0,81,1,33,0,1,0,0,4,0,1,1,0,4,0,0,0,0,5,1,0,2,3,0,0,1,0,17,0,0,1,0,0,0,4,0,0,0,0,1,3,1,0,0,0,0,0,4,0,0,0,0,0,0,0,1,1,0,0,0,0,4,0,0,0,0,0,0,0,1,0,0,2,2,2,0,0,0,0,0,0,0,0,0,1,72,0,0,0,0,4,0,2,0,1,11,0,3,0,6,0,0,4,0,89,0,0,2,0,2,375,0,1,0,4,0,1,0,0,1,0,0,1,0,27,0,0,0,1,1,0,0,0
1,0,0,0,2,0,1794,0,3,0,10,0,13,0,0,0,1,0,0,0,0,0,0,0,0,0,0,0,0,1,0,0,0,7,0,1,0,10,6,361,1,0,0,0,0,0,2,0,0,0,0,0,0,0,0,1,1,0,9,6,0,0,63,0,0,7,0,1,1,5,0,0,0,0,0,2285,0,0,0,0,1,0,0,0,0,0,0,1,2,0,72,3593,0,0,0,2,9,40,0,0,0,0,0,5,0,1733,0,0,3,0,0,0,0,1,1,0,1,2,0,0,0,0,4,0,0,0,19,2,0,0,0,2,34,0,2,0,9,0,0,0,1,26,0,0,0,0,0,0,0,0,0,0,2,0,1,0,0,0,0,0,0,0,0,0,0,0,11,8,1,0,0,0,0
9,0,1,2,2,2,18,1,1,7,5,1,0,20,12,0,18,0,1,41,4,0,1,4,0,3,1,0,1,0,13,2,7,0,33,4,2,0,0,1,1,0,1,33,0,1,3,1,3,2,0,4,0,2,3,116,1,0,218,7,0,1,1,3,0,1,5,0,15,0,3,2,3,2,0,1,0,0,1,2,6,0,2,5,2,6,0,7,1,1,1,1,9,4,1,3,415,0,0,2,1,23,2,0,0,5,0,2,3,18,2,0,0,21,2,9,6,372,3,2,0,6,2,0,19,33,15,3,1,3,0,0,7,0,228,1,0,2,0,0,0,0,10,11,18,0,17,0,2,0,9,9,4,1,6,0,1,8,1,0,1,0,6,3,16,5,0,9,2,1,3,5,2
1,3,0,2,7,18,0,0,0,274,0,5,0,0,0,63,26,51,1,10,0,6,69,0,38,6,12,0,7,1,155,0,143,0,0,14,13,0,0,0,54,3,0,24,136,184,164,85,32,1,53,0,1,0,45,0,19,1,0,0,75,0,2,1,42,1,88,4,217,0,25,0,0,5,0,0,0,0,220,128,0,53,13,68,41,47,3,0,6,2,0,0,69,6,195,3,1,0,2,0,130,1,14,0,19,0,2,203,0,19,0,0,19,0,0,120,60,11,37,11,98,55,0,20,18,0,0,0,1,24,0,1,0,9,0,0,0,0,0,169,0,0,0,32,0,2,48,51,58,0,0,230,69,17,1,0,0,20,27,24,24,0,102,5,0,0,0,0,202,12,0,19,14
0,6,0,4,58,13,1,3,0,306,8,14,0,1,4,9,160,9,2,57,3,2,110,3,24,4,21,2,29,0,194,4,214,3,0,189,86,0,1,1,245,4,1,50,147,192,431,166,66,24,224,1,0,0,90,76,41,2,0,0,100,0,8,13,69,1,104,9,245,0,56,0,3,5,1,0,26,0,226,131,6,67,9,79,50,126,10,0,5,65,33,0,102,10,27,9,6,1,10,3,54,1,11,2,11,0,5,216,0,19,0,4,37,12,5,97,158,100,130,14,83,29,0,34,76,0,1,3,32,29,0,7,0,119,9,1,0,0,0,353,0,1,7,94,0,0,123,23,25,0,1,130,336,12,5,0,0,13,50,9,184,2,303,10,0,1,0,0,22,35,5,253,29
0,0,0,0,0,1,2,0,0,13,0,0,0,0,0,125,4,5,0,0,0,1,13,0,1,0,6,0,4,1,31,0,0,0,0,158,16,0,0,0,2,1,0,0,106,17,2,472,1,3,8,0,0,0,2,0,16,3,0,0,320,0,0,0,235,0,1,33,29,0,12,0,0,0,0,0,1,0,37,89,4,579,0,712,460,600,0,0,72,241,0,0,867,0,9,0,1,0,0,0,66,0,0,0,0,0,0,93,0,3,0,0,127,32,0,29,411,3,0,0,77,5,0,0,122,0,0,0,5,0,0,0,0,1,2,0,0,0,0,126,0,0,0,377,0,0,0,2,1,0,0,57,4,0,1,0,0,3,4,0,1,0,8,1,0,0,0,0,72,0,0,1,0
0,0,0,0,0,0,0,21,0,0,1,0,0,0,0,0,0,2,0,0,0,0,0,0,0,0,0,8,0,0,0,0,0,0,42,2,0,0,0,0,0,0,0,3,0,0,1,0,87,0,0,98,0,3,1,0,0,0,0,0,0,0,1,0,0,0,0,0,0,0,0,138,0,0,0,0,0,1,0,0,0,0,0,0,0,0,0,30,0,1,0,0,0,0,0,2,1,0,0,0,0,37,0,0,0,0,0,0,0,10,4,0,2,0,0,2,0,1,0,0,0,0,0,0,3,2,0,0,0,0,408,0,1,0,0,5,0,0,0,1,0,0,0,0,0,0,0,0,0,2,0,0,0,0,0,0,243,0,0,0,0,10,0,0,0,0,0,7,0,0,0,0,0
1,0,0,0,143,0,3,7,17,0,18,0,10,702,96,0,332,0,0,1,0,0,0,0,0,1,0,4,0,0,26,0,0,0,399,1,0,0,0,2,0,14,0,9,0,0,0,0,1,0,0,4,0,10,0,0,0,0,31,3,0,9,8,0,0,1,0,0,0,3,0,4,43,0,0,1,1,0,0,0,0,0,0,0,0,0,0,33,1,2,0,0,0,2,0,2,12,0,0,0,0,21,0,0,0,6,0,0,1,14,7,0,0,0,24,1,0,0,0,0,0,0,5,0,0,956,7,1,0,0,5,0,17,0,3,20,0,14,0,3,0,0,0,0,660,0,0,0,0,51,180,0,4,0,2,0,12,1,0,0,0,0,0,0,46,0,0,0,0,0,0,0,0
7,0,0,0,24,0,6,7,1213,0,5,0,1148,2,65,0,3,0,0,0,1,0,0,89,0,0,0,1,3,3,0,9,1,1356,6,1,23,975,1271,956,0,0,0,4,0,0,0,0,1,1,0,4,0,6,0,8,1,0,6,26,0,12,179,3,0,367,0,2,0,878,0,14,0,0,0,17,5,5,0,0,19,0,0,0,0,1,0,36,0,4,26,15,0,3,0,17,15,120,0,0,1,25,0,1596,0,22,0,0,30,0,2,4,0,4,4,0,0,1,0,0,0,0,3,0,3,3,184,55,0,0,60,219,41,3,7,20,672,3,210,0,106,992,252,0,1,0,0,0,0,1,1,0,0,0,0,0,16,0,0,9,0,2,0,0,9,3,499,2,0,0,95,0,0
0,138,26,13,3,230,1,0,0,76,27,10,0,6,1,1,0,1,71,11,16,488,394,4,4,539,150,0,0,7,2,6,12,0,0,0,2,10,0,0,21,37,23,18,3,23,21,107,85,3,92,0,18,0,3,18,4,14,0,28,6,0,6,10,12,0,0,454,2,0,495,0,5,10,5,0,3,0,1,3,12,1,2,4,0,2,2,0,72,188,4,0,1,2,0,5,1,0,30,61,7,0,4,0,71,1,9,1,5,0,0,402,66,59,71,2,15,0,2,0,7,0,10,103,32,0,0,15,14,4,0,0,0,2,4,0,0,0,0,9,1,0,0,133,0,41,8,24,0,0,0,0,3,1,204,27,0,1,94,6,8,0,0,2,0,16,10,0,0,2,1,0,3
1,3,0,0,2,1,4,0,0,1,4,0,0,4,12,0,0,0,0,2,2,0,0,176,0,6,2,0,42,11,0,537,4,0,0,0,113,10,2,1,4,0,0,12,2,2,6,3,12,85,10,0,0,0,1,19,119,0,1,239,0,0,7,257,8,5,0,1,2,0,2,0,2,4,1,6,147,0,0,0,210,2,0,0,0,3,0,0,1,6,215,0,1,3,1,22,2,7,0,0,3,0,0,0,1,0,0,1,2,0,0,12,4,0,46,3,1,1,0,0,4,0,541,1,0,0,0,40,42,9,0,5,0,2,52,1,13,1,0,10,13,0,1,1,0,0,0,0,1,0,1,0,2,0,7,0,0,0,2,0,5,0,1,1,0,591,12,0,0,0,4,4,0
0,4,2,2,17,8,1,0,2,4,3,2,0,97,37,0,0,1,1,12,2,3,4,21,0,9,4,1,474,4,2,510,5,3,1,0,246,3,16,17,22,4,2,39,1,2,22,2,78,646,9,2,0,1,8,263,183,1,3,159,5,0,10,784,0,72,2,8,3,3,17,2,2,78,0,3,792,2,6,5,201,0,0,2,2,4,1,0,1,11,380,0,0,1,7,38,13,14,0,5,2,0,3,3,0,0,3,6,11,0,0,29,2,3,30,2,7,3,0,2,1,3,233,2,5,0,0,16,349,4,0,82,0,20,360,1,35,0,42,6,217,0,11,4,0,0,4,7,0,0,0,1,0,0,5,0,0,0,0,1,4,3,167,0,0,144,22,0,2,0,39,2,0
0,1,0,0,0,0,1,0,0,0,3,0,0,0,49,0,0,0,0,12,1,0,0,3,0,0,0,0,201,3,0,62,0,5,0,0,4,0,1,2,0,2,0,0,1,0,2,1,3,287,1,0,0,0,0,7,160,0,0,0,0,0,1,34,0,33,0,1,0,0,5,0,0,0,0,3,148,0,1,2,32,1,0,1,0,4,0,0,0,3,29,0,1,2,0,2,2,2,0,0,0,0,0,6,0,0,0,0,0,1,0,7,0,3,0,5,5,0,0,0,0,0,10,0,1,0,0,1,68,2,0,5,0,1,32,0,8,0,2,0,9,0,15,4,0,0,0,0,0,0,0,1,0,0,2,0,0,0,0,0,1,0,4,0,0,19,2,0,0,0,0,0,1
1,212,14,11,2,169,0,0,0,7,0,5,0,0,0,0,0,0,93,45,27,132,9,0,170,84,15,0,0,0,1,0,41,0,0,0,1,0,0,0,2,2,13,0,0,5,11,0,5,0,1,0,2,0,1,0,1,16,0,0,1,0,0,0,0,0,8,0,2,0,16,0,1,37,14,0,0,0,2,1,0,0,13,0,0,0,3,0,3,0,0,0,0,0,0,0,0,0,2,45,3,0,4,0,137,0,26,0,0,0,0,26,11,0,14,0,0,0,2,2,0,2,0,2,0,0,0,0,0,17,0,0,0,0,0,0,0,0,0,0,0,0,0,1,0,24,6,272,9,0,0,2,0,1,25,3,0,4,36,239,1,0,0,2,0,0,1,0,0,12,0,0,6
0,1,1,8,0,8,0,0,0,0,0,2,0,0,0,0,0,0,2,0,227,1,135,0,2,2,185,0,0,0,0,0,3,0,0,0,0,0,0,0,0,5,1,0,0,2,0,3,4,0,0,0,6,0,1,0,0,15,0,0,2,0,0,0,0,0,0,0,0,0,0,0,0,1,2,0,0,0,0,0,0,0,0,0,0,0,1,0,1,0,0,0,0,0,0,0,0,0,2,9,2,0,0,0,5,0,5,0,0,0,0,2,0,0,0,0,0,0,0,1,0,0,0,14,0,0,0,0,0,1,0,0,0,0,0,0,0,0,0,0,0,0,0,4,0,8,0,6,0,0,0,0,0,0,0,0,0,0,0,4,0,0,0,0,0,0,0,0,0,0,0,0,0
0,2,2,0,5,2,2,8,0,0,0,1,0,16,15,0,4,0,3,1,0,1,0,0,0,0,0,0,0,0,25,0,0,0,9,0,0,0,0,1,0,1,2,204,1,0,0,0,0,0,0,3,0,0,0,0,0,0,536,0,0,1,3,0,0,1,1,5,0,0,0,3,1,0,1,0,0,0,0,0,1,0,0,2,1,0,0,5,1,0,0,0,3,0,0,0,118,0,0,1,1,10,1,0,2,5,1,0,1,14,0,0,0,0,0,1,0,0,0,0,1,0,0,0,0,74,0,0,0,0,0,0,16,0,1,24,1,59,0,7,0,1,0,1,2,0,1,1,0,0,0,0,31,0,1,0,2,0,0,0,1,0,0,1,757,0,0,2,0,0,0,0,0
571,12,33,11,2,5,0,0,0,5,5,325,0,6,0,8,0,268,7,2,6,1,20,12,18,4,8,0,0,794,1,3,31,0,0,2,3,3,2,1,9,205,8,0,7,18,8,4,14,0,181,0,2,0,61,9,56,315,0,3,115,0,1,3,326,0,105,4,5,0,13,0,77,6,42,0,2,0,10,14,5,53,7,4,4,2,376,0,2,2,6,0,3,138,23,20,0,0,5,14,7,0,5,0,55,0,22,11,0,4,0,16,11,2,43,2,4,6,0,325,8,1,6,7,43,0,0,9,90,8,0,4,0,140,1,187,0,0,0,21,0,0,2,4,0,9,13,8,4,0,1,0,1,201,9,1,0,1,3,1,4,0,0,44,0,6,1,0,0,427,3,1,12
0,0,0,0,0,0,0,818,0,0,0,0,0,0,0,0,0,0,0,0,0,0,0,0,0,0,0,718,0,0,0,0,0,0,3,0,0,0,0,0,0,0,0,0,0,0,0,0,0,0,0,56,0,1190,0,0,0,0,0,0,0,1322,3,0,0,0,0,0,0,0,0,79,0,0,0,0,0,1032,0,0,0,0,0,0,0,0,0,2,0,0,0,0,0,0,0,0,0,0,1,0,0,23,0,0,0,0,0,0,47,4,834,0,0,0,0,0,0,0,0,0,0,0,0,0,0,1,2,0,0,0,11,5,15,0,0,6,0,0,0,0,0,0,0,0,0,0,0,0,0,1132,0,0,1,0,0,0,40,0,0,0,0,122,0,0,0,0,0,3,0,0,0,0,0
0,0,0,0,0,0,0,37,0,0,0,0,0,0,0,0,0,0,0,0,0,0,0,0,0,0,0,49,0,0,0,0,0,0,0,0,0,0,0,0,0,0,0,0,0,0,0,0,0,0,0,984,0,18,0,0,0,0,0,0,0,0,0,0,0,0,0,0,0,0,0,472,0,0,0,0,0,2,0,0,0,0,0,0,0,0,0,280,0,0,0,0,0,0,0,0,0,0,0,0,0,1,0,0,0,0,0,0,5,0,6,0,0,0,0,0,0,0,0,0,0,0,0,0,0,0,0,0,0,0,12,0,1,0,0,0,0,0,0,0,0,0,0,0,0,0,0,0,0,21,0,0,0,0,0,0,347,0,0,0,0,1,0,0,0,0,0,1,0,0,0,0,0
2,0,0,0,1,0,8,36,0,2,0,0,1,26,12,0,4,0,0,3,0,0,0,0,0,0,0,11,0,0,3,0,1,0,131,17,0,0,0,3,0,0,2,49,0,0,0,0,3,0,0,6,0,30,0,0,0,0,45,0,0,12,22,1,0,0,2,0,0,1,0,25,2,0,0,5,0,20,0,0,0,0,1,0,1,0,0,297,0,1,0,0,0,2,0,0,26,0,0,0,0,1008,0,0,0,9,0,1,3,638,4,0,0,0,3,0,0,0,0,0,0,0,0,0,0,69,7,0,0,1,64,1,34,1,3,372,0,83,0,4,0,1,0,0,3,0,1,0,0,3,4,0,40,0,1,0,209,0,0,0,1,2,0,0,28,0,0,126,1,0,0,0,0
0,0,0,0,1,0,2,1,8,0,0,0,1,0,0,0,0,0,0,1,0,0,0,0,0,0,0,5,0,0,0,0,0,17,4,0,0,20,61,6,1,0,0,1,0,0,0,0,0,0,0,0,0,6,0,0,0,0,3,0,0,26,9,0,0,0,0,0,0,1,0,0,0,0,0,0,0,32,0,0,0,0,0,0,0,0,0,3,0,0,0,0,0,0,0,18,0,1,0,0,0,21,0,1,0,2,0,0,219,3,5,0,0,0,0,0,0,0,0,0,0,0,0,0,0,0,1,1,0,0,2,66,81,0,0,16,15,16,0,0,1,21,0,0,0,0,0,0,0,1,0,0,21,0,0,0,7,0,0,0,0,1,0,0,11,0,1,0,0,0,0,0,0
0,25,2,2,4,2,0,0,1,16,1,3,0,0,0,1,2,2,4,13,0,14,23,0,2,8,6,0,0,0,14,0,21,0,0,3,0,0,0,0,6,6,1,1,3,11,26,9,18,0,15,0,7,0,6,2,1,9,0,0,0,0,0,0,4,0,5,0,8,0,8,0,0,1,4,0,0,0,25,8,0,0,1,1,3,0,2,0,1,0,0,0,0,3,0,1,0,0,0,2,6,0,1,0,18,0,0,14,0,0,0,3,2,0,4,2,3,2,3,2,1,1,0,9,0,0,0,0,0,2,0,0,0,1,0,0,0,0,0,2,0,0,0,0,0,5,6,20,1,0,0,9,7,1,6,0,0,0,8,1,9,0,0,0,0,0,0,0,0,7,0,4,5
1,62,0,1,0,7,0,0,0,49,14,1,0,0,0,1,2,14,3,14,13,6,6,2,9,26,1,0,0,4,22,1,28,0,0,88,3,0,0,0,42,0,0,1,15,11,81,4,5,4,19,0,0,0,17,4,26,2,0,1,12,0,3,1,7,0,3,2,31,0,216,0,0,0,2,0,1,0,488,216,0,6,1,37,33,18,4,0,4,22,5,0,32,8,11,3,9,0,0,0,18,0,1,0,4,0,0,236,0,0,0,24,18,0,1,31,32,2,2,9,2,4,3,0,5,0,0,0,4,4,0,0,0,2,0,0,0,0,0,13,0,0,0,1,0,0,10,46,2,0,0,45,5,10,8,1,0,0,17,3,4,0,9,2,0,3,0,0,50,20,0,13,4
0,0,0,0,33,1,1,2,3,4,16,0,0,30,0,0,0,0,0,1,0,1,0,21,0,6,0,2,2,83,0,7,0,7,0,1,1,58,29,4,1,1,0,68,0,0,7,0,14,0,24,0,0,3,1,6,9,0,5,9,1,1,4,3,0,2,0,3,2,0,9,3,44,1,1,0,1,1,3,1,1,0,0,1,0,1,0,1,4,5,19,0,0,1,0,633,16,37,0,0,0,0,5,0,0,1,0,0,188,0,0,8,0,1,5,0,0,2,0,0,0,0,1,0,2,1,6,172,0,0,2,76,68,0,1,0,12,4,6,1,6,7,0,0,0,0,0,1,0,0,0,0,6,1,0,0,0,0,0,1,0,1,0,0,16,50,6,1,0,2,22,0,1
5,21,9,0,1,3,0,0,0,2,422,6,0,0,0,2,0,0,4,0,374,14,105,1,0,21,96,0,0,18,2,0,0,0,0,0,0,0,0,0,5,81,3,0,0,1,11,33,15,0,82,0,23,0,1,0,2,72,0,202,1,0,3,0,23,0,0,36,1,0,50,0,0,0,2,0,2,0,1,0,10,7,0,2,1,0,8,0,340,3,2,0,0,1,0,3,0,0,0,2,1,0,0,0,2,0,0,0,0,0,0,310,10,0,4,0,3,0,1,1,1,0,6,9,1,0,1,9,7,0,0,0,0,1,0,2,0,0,0,4,0,0,0,1,0,7,2,0,0,0,0,0,0,0,13,362,0,0,19,1,0,0,0,0,0,3,0,1,0,6,0,0,0
0,0,0,0,0,2,0,0,0,11,1,0,0,0,2,10,0,122,0,2,0,0,0,1,6,0,0,0,0,0,6,0,0,0,1,58,0,0,0,0,1,0,2,0,2,0,1,20,21,0,0,0,0,0,3,1,3,0,0,1,3,0,0,1,1,0,1,2,4,0,17,0,0,0,0,0,0,0,16,8,1,1,0,26,47,26,0,0,4,15,0,0,64,10,9,0,1,0,0,0,2,0,0,0,0,0,0,11,0,0,0,0,31,449,0,183,29,0,0,8,0,0,0,0,161,0,0,0,1,0,0,0,0,0,1,0,0,0,0,3,1,0,0,8,0,0,0,3,0,0,0,57,0,14,0,0,0,0,2,0,0,0,6,0,0,0,0,0,111,0,0,1,0
0,0,0,0,2,0,0,270,0,0,0,0,0,1,0,0,0,0,0,0,0,0,0,0,0,0,0,365,0,0,2,0,0,0,7,3,0,2,0,0,0,0,0,0,0,0,1,0,0,0,0,24,0,268,0,0,0,0,1,0,0,546,12,0,0,0,0,0,1,0,0,32,0,0,0,0,0,417,0,0,0,0,0,0,0,0,0,6,0,16,0,0,0,0,0,152,2,0,41,0,0,23,2,0,0,1,0,0,13,2,395,0,0,0,0,0,1,2,0,0,0,0,0,0,25,0,0,0,0,0,5,19,10,1,1,3,0,0,0,0,0,0,0,0,0,0,0,0,0,185,1,0,0,0,0,0,54,0,0,0,0,849,0,0,1,0,0,3,0,0,0,0,0
0,0,0,0,0,0,0,8,0,0,0,0,0,0,0,0,0,0,0,0,0,0,0,0,0,0,0,7,0,0,0,0,0,0,0,3,0,0,0,0,0,0,0,0,0,0,0,1,0,0,0,34,0,1,0,1,0,0,0,0,0,0,0,0,0,0,0,0,0,0,0,25,0,0,0,0,1,0,0,0,0,0,0,0,0,0,0,8,0,0,0,0,0,0,0,5,0,0,0,0,0,0,0,0,0,0,0,0,0,0,1,0,0,1,0,0,0,0,0,0,0,0,0,0,0,0,0,0,0,0,5,0,1,0,0,0,0,0,0,0,0,0,0,0,0,0,0,0,0,1,0,0,0,0,0,0,40,0,0,0,0,6,0,0,0,0,0,0,0,0,1,0,0
