0.86775,0.23491,0.4044,0.39088,0.19636,0.27273,0.95226,0.51821,0.85528,0.31371,0.61778,0.50275,0.88846,0.56266,0.48996,0.34921,0.50398,0.38566,0.54042,0.40108,0.47138,0.46854,0.3007,0.50975,0.2518,0.49317,0.20615,0.49251,0.5881,0.80629,0.21744,0.45578,0.20684,0.81713,0.57105,0.33378,0.37652,0.6405,0.76802,0.6631,0.41458,0.25068,0.30769,0.28767,0.46667,0.19098,0.35426,0.49051,0.16707,0.58809,0.23694,0.73232,0.56735,0.75322,0.64234,0.2671,0.2025,0.53138,0.58079,0.30351,0.36638,0.67262,0.17293,0.64003,0.39803,0.50886,0.34337,0.74488,0.31978,0.7916,0.49511,0.33098,0.58398,0.16485,0.62367,0.97397,0.62006,0.61371,0.40048,0.33333,0.29231,0.72066,0.36409,0.67241,0.58792,0.65732,0.44835,0.34908,0.46504,0.39194,0.39961,0.99017,0.70588,0.68365,0.55591,0.49451,0.52053,0.79074,0.5107,0.24615,0.34514,0.73989,0.46819,0.9107,0.19009,0.95787,0.31858,0.24438,0.62309,0.70673,0.67217,0.42768,0.30427,0.59742,0.15789,0.18949,0.52381,0.76436,0.37637,0.57699,0.50734,0.55147,0.62081,0.44029,0.23962,0.79102,0.54098,0.54565,0.50799,0.39873,0.62209,0.30634,0.66837,0.42284,0.4549,0.42346,0.55031,0.47455,0.79289,0.43636,0.37905,0.68839,0.63112,0.4644,0.84427,0.31972,0.36026,0.33633,0.45208,0.82147,0.62285,0.26156,0.31055,0.51965,0.57106,0.89078,0.33492,0.57064,0.27273,0.49266,0.35933,0.71957,0.42632,0.57782,0.70367,0.70951,0.72532,0.74959,0.49127,0.15385,0.44,0.65517,0.55206
0.54457
0,35,294,160,0,38,0,0,0,0,0,69,0,0,0,1,0,4,88,13,1,2,3,0,175,10,7,0,0,0,0,0,8,0,0,0,1,0,0,0,1,11,240,0,0,2,1,0,3,0,0,0,167,0,4,0,0,20,0,0,3,0,0,0,1,1,26,0,0,0,0,0,13,92,469,0,0,0,0,0,0,0,94,0,0,0,21,0,0,0,0,0,0,5,0,0,0,0,73,224,0,0,13,0,34,0,180,0,0,0,0,0,5,0,21,0,0,0,1,20,0,3,0,41,2,0,0,0,0,20,0,0,0,0,0,0,0,0,0,0,0,0,0,0,0,223,19,7,2,0,0,0,0,18,2,0,0,27,20,9,1,0,0,10,0,0,0,0,0,1,0,0,5
0,1,8,69,1,12,0,0,0,13,0,4,0,0,0,7,0,3,0,1,0,1,0,0,22,1,6,0,0,0,74,0,106,0,0,1,4,0,0,0,1,0,62,0,21,111,7,1,0,0,0,0,1,0,1,0,1,0,0,4,3,0,0,0,0,0,10,0,22,0,0,0,0,45,1,0,1,0,3,0,0,3,363,0,1,1,0,0,0,0,1,0,8,1,0,1,0,0,21,3,69,1,368,0,5,0,6,25,0,22,0,0,6,0,0,17,2,0,1,2,27,525,0,21,0,0,0,0,0,315,0,0,0,0,0,0,0,0,0,1,0,0,0,8,0,2,330,11,217,0,0,11,1,0,0,0,0,416,4,0,6,0,20,297,0,0,0,0,0,1,0,0,228
1,33,41,34,32,38,1,1,1,11,3,12,4,0,1,0,1,1,31,129,1,9,50,0,56,12,18,0,1,0,14,0,85,0,0,32,6,9,1,6,4,3,91,1,1,63,60,0,52,0,29,0,28,3,4,14,5,33,6,4,0,1,11,0,2,0,21,2,2,1,0,1,4,121,9,3,1,0,1,0,0,2,122,0,0,1,3,0,0,0,8,0,0,2,0,5,3,8,45,115,3,1,26,0,111,2,137,1,0,5,0,2,14,0,12,8,4,1,26,2,1,14,3,88,2,0,12,0,0,50,1,1,4,20,0,1,0,0,1,2,0,11,3,5,1,59,49,96,24,0,0,14,8,5,2,0,0,42,2,10,8,0,1,20,1,1,0,9,1,28,0,5,25
0,135,151,39,0,113,0,0,0,0,0,21,0,0,0,0,0,0,468,8,55,29,28,0,31,36,57,0,0,4,0,0,0,0,0,0,1,0,0,0,4,172,59,0,0,0,0,0,6,0,2,0,358,0,0,0,1,110,0,0,3,0,1,0,0,0,6,1,3,0,10,0,4,18,95,0,0,0,0,0,0,0,7,0,0,0,27,0,62,0,0,0,0,2,0,0,0,0,22,182,0,0,0,0,42,0,53,0,0,0,0,11,6,0,40,2,0,0,0,2,0,0,0,22,0,0,0,0,2,10,0,0,0,2,0,0,0,0,0,0,0,0,0,0,0,227,1,14,0,0,0,1,0,3,18,3,0,0,129,18,0,0,0,0,0,0,0,0,0,1,0,0,0
0,6,33,73,0,25,0,0,0,1,0,2,0,0,0,0,0,0,6,1,1,2,0,0,25,3,0,0,0,0,4,0,2,0,0,0,1,0,0,0,0,0,38,0,0,1,0,0,0,0,0,0,1,0,0,0,0,0,0,0,0,0,0,0,0,0,5,0,0,0,0,0,0,111,1,0,0,0,0,0,0,0,58,0,0,0,0,0,0,0,0,0,0,2,0,2,0,0,5,40,1,0,17,0,15,0,34,0,0,0,0,1,0,0,2,0,0,0,0,0,1,12,0,1,0,0,0,0,0,73,0,0,0,0,0,0,0,0,0,0,0,0,0,0,0,11,21,16,8,0,0,0,0,3,0,0,0,49,0,1,0,0,0,8,0,0,0,0,0,0,0,0,6
2,121,19,13,134,75,0,0,0,17,9,9,0,0,0,0,12,0,36,296,24,74,130,0,32,116,19,0,2,3,11,5,57,0,0,5,19,7,1,1,28,12,12,11,1,30,284,2,137,6,129,0,6,0,15,29,20,22,13,0,3,0,6,5,5,0,40,4,14,0,24,0,7,36,5,0,8,0,8,3,2,0,16,0,2,1,4,0,7,2,20,0,1,7,2,9,1,3,6,69,2,0,7,0,122,0,35,5,1,1,0,32,35,0,13,4,4,5,123,11,1,1,4,16,4,0,0,5,2,29,0,2,0,24,2,1,0,0,0,5,0,0,0,12,0,37,48,77,2,0,0,21,102,7,28,0,0,5,25,19,79,0,4,5,0,2,2,0,0,44,0,26,19
0,1,89,317,0,2,0,0,0,0,0,23,0,0,0,0,3,0,0,0,1,0,5,0,5,0,130,0,0,0,4,0,30,0,0,0,0,0,0,0,0,1,190,0,13,47,1,8,6,0,3,0,10,0,0,0,0,5,0,0,15,0,0,0,0,0,7,0,1,0,0,0,0,21,3,0,0,0,0,0,0,0,141,0,0,0,2,0,0,0,0,0,0,1,0,0,0,0,358,95,8,0,27,0,2,0,38,0,0,0,0,0,171,0,0,0,0,0,0,1,13,3,0,424,0,0,0,0,0,15,0,0,0,0,0,0,0,0,0,0,0,0,0,25,0,32,30,3,2,0,0,0,1,1,0,0,0,14,0,0,3,0,0,31,0,0,0,0,0,1,0,0,7
0,4,0,1,1,0,1,0,0,0,0,0,0,0,5,0,0,0,5,0,0,2,1,0,0,1,0,0,0,0,6,0,0,0,3,0,0,0,0,1,0,0,1,46,0,0,1,0,0,0,0,1,0,0,0,1,0,0,8,1,0,0,1,0,1,0,0,1,0,0,0,0,0,0,4,0,0,0,0,0,0,0,0,0,1,1,4,1,2,0,0,0,0,1,0,0,0,1,0,0,0,2,0,0,1,0,0,0,0,1,0,0,0,0,12,1,0,0,0,0,0,0,0,2,0,0,0,0,0,0,0,0,0,0,0,12,0,18,0,5,0,0,0,0,0,0,0,0,0,0,2,0,17,0,1,0,0,0,1,0,1,1,0,0,109,0,0,1,0,0,0,0,0
1,0,0,0,43,0,9,1,65,0,22,0,110,6,366,0,2,2,0,3,3,0,0,392,0,2,0,3,12,10,0,7,0,268,1,2,187,273,257,67,0,1,0,18,0,0,0,0,30,5,5,4,0,3,1,17,5,0,0,6,0,2,15,10,0,219,0,2,0,199,8,17,2,0,0,9,7,2,0,1,247,0,0,0,1,0,0,6,1,4,22,14,0,39,1,25,41,854,0,0,25,3,0,125,0,4,0,0,7,0,1,8,0,46,9,0,0,6,0,1,0,0,10,0,8,8,18,514,9,0,65,185,16,2,2,5,383,1,1271,0,199,277,503,0,0,0,0,0,0,0,8,0,1,0,0,0,5,0,0,88,0,3,8,0,1,4,118,1,0,0,319,0,0
0,0,0,0,0,0,0,50,0,0,0,0,0,0,0,0,0,0,0,0,0,0,0,0,0,0,0,11,0,0,0,0,0,0,2,0,0,0,0,0,0,0,0,0,0,0,0,0,0,0,0,137,0,13,0,0,0,0,0,0,0,0,0,0,0,0,0,0,0,0,0,240,0,0,0,0,0,4,0,0,0,0,0,0,0,0,0,28,0,0,0,0,0,0,0,0,0,0,0,0,0,14,0,0,0,0,0,0,0,7,1,0,0,0,0,0,0,0,0,0,0,0,0,0,0,1,0,0,0,0,54,0,0,0,0,2,0,0,0,0,0,0,0,0,0,0,0,0,0,6,0,0,0,0,0,0,252,0,0,0,0,0,0,0,0,0,0,0,0,0,0,0,0
0,0,0,0,6,0,16,9,0,4,1,0,1,7,3,0,14,0,0,0,0,0,0,0,0,0,0,1,0,0,1,0,0,2,34,15,0,0,0,4,0,0,0,112,0,1,1,0,51,0,0,2,0,3,1,0,0,0,21,0,0,5,7,0,0,2,0,2,9,0,0,32,0,0,34,4,0,4,1,0,0,0,2,0,0,0,0,100,0,0,0,1,2,0,0,1,16,0,0,0,0,71,0,0,0,2,0,2,2,69,0,0,1,0,5,2,2,1,0,0,0,0,3,0,0,6,2,0,0,0,25,1,18,0,4,204,1,73,0,3,0,0,0,0,2,0,1,0,1,0,8,2,30,0,0,0,25,0,0,5,6,0,0,0,14,0,0,19,1,0,3,0,0
0,1,0,1,43,0,0,1,95,3,4,0,2,38,4,0,4,0,1,3,1,0,0,0,0,3,0,0,1,0,5,10,3,7,6,2,0,14,17,5,8,0,0,94,1,3,20,3,19,1,12,0,0,4,0,14,0,0,4,18,1,11,9,15,1,9,0,2,1,6,9,1,1,1,1,1,4,4,2,1,28,0,1,4,2,2,0,0,0,13,5,2,3,1,0,122,8,22,2,0,6,10,64,2,1,7,0,1,2,6,1,1,1,0,66,1,2,0,0,1,1,0,7,0,0,0,3,39,5,1,1,12,118,1,4,102,17,261,46,15,4,38,0,2,0,0,8,1,0,0,4,0,251,0,0,0,0,0,0,4,11,1,0,0,16,3,4,2,1,0,31,0,3
4,0,0,0,72,0,0,0,3,3,42,1,0,182,0,1,0,1,0,13,0,0,0,48,0,1,0,1,3,3,0,11,3,0,4,0,1,0,0,0,0,0,1,22,1,8,2,1,26,2,1,0,0,0,6,149,11,0,3,4,4,0,19,61,0,3,4,2,5,0,7,0,48,10,0,0,13,0,7,10,5,1,0,5,0,2,0,2,0,37,1,0,1,6,1,8,74,1,1,0,2,1,3,1,0,0,0,6,2,0,0,4,1,104,0,1,4,5,0,2,0,0,0,0,5,0,0,10,6,1,9,4,0,348,3,0,8,0,15,7,15,0,4,1,0,0,0,1,0,0,2,1,0,1,0,0,0,0,0,1,0,0,11,1,0,4,5,0,0,1,215,0,1
0,3,5,10,1,52,0,0,0,75,0,24,0,0,0,132,0,153,5,27,3,5,13,0,72,3,21,0,2,0,123,0,211,0,0,0,9,0,0,0,3,3,18,2,53,199,57,14,8,1,13,0,2,0,43,0,2,4,5,1,12,0,0,0,7,0,161,2,67,0,4,0,3,73,4,0,0,0,16,6,1,5,117,2,2,1,3,0,0,0,0,0,1,11,4,2,0,0,22,8,117,2,162,0,29,0,9,34,0,7,0,0,13,4,0,59,6,1,19,42,27,266,0,53,3,0,0,0,0,134,0,0,0,1,0,0,0,0,0,8,0,0,0,8,0,3,173,88,129,0,0,90,12,56,0,0,0,111,10,26,36,0,47,63,0,0,0,0,6,22,0,6,57
0,70,6,1,0,36,0,0,0,0,6,3,0,0,0,0,0,0,18,7,8,255,13,0,2,189,7,0,0,0,0,0,0,0,0,0,0,0,0,0,0,7,1,0,0,0,1,0,1,0,2,0,3,0,0,0,0,5,1,0,0,0,1,1,0,0,0,15,1,0,10,0,1,2,2,2,0,0,0,0,0,0,0,0,0,0,0,0,32,1,0,0,0,0,0,0,0,0,0,10,0,0,0,0,28,0,1,0,0,0,0,21,5,0,16,0,0,0,1,0,0,0,0,0,0,0,0,0,0,0,0,0,0,0,0,0,0,0,0,0,0,0,0,0,0,5,0,6,0,0,0,0,0,0,65,3,0,0,75,1,0,0,0,0,0,0,0,0,0,0,0,2,0
1,0,0,0,1,0,0,0,0,0,4,0,0,0,2,0,0,0,0,2,0,0,1,0,0,2,0,0,12,1,2,9,1,0,1,2,5,0,0,2,35,1,0,0,0,1,17,0,2,41,2,0,0,0,1,3,34,0,0,28,1,0,2,43,0,4,1,1,2,0,0,0,0,1,0,0,91,0,3,1,97,0,0,1,1,3,0,0,1,0,108,0,0,0,1,0,0,1,0,0,0,0,0,0,0,0,0,3,1,0,0,0,0,0,2,1,3,2,4,2,1,1,26,0,0,0,0,0,30,0,0,1,0,1,33,0,0,0,0,0,2,1,1,0,0,0,2,1,0,0,0,0,0,0,1,0,0,0,0,0,4,0,0,0,0,1,0,0,0,2,1,12,2
6,0,0,0,0,0,5,0,1,0,12,0,8,0,1,0,2,0,0,2,1,0,0,0,0,2,0,1,0,0,1,0,0,4,0,1,0,8,1,22,3,0,0,1,0,0,1,0,0,0,0,0,0,3,0,0,1,0,3,75,0,0,10,1,0,18,0,2,0,24,0,2,0,1,0,4,2,0,0,0,1,0,0,0,1,0,0,6,4,0,21,1,1,0,0,2,1,3,0,0,0,0,0,2,0,5,0,0,10,1,0,1,0,1,6,0,1,0,0,1,0,0,47,0,0,0,330,2,0,0,0,6,21,0,1,4,26,0,1,0,1,43,0,0,1,0,0,0,0,0,1,0,0,0,0,13,1,0,0,0,0,0,0,0,3,0,3,461,0,0,0,0,0
51,8,7,1,5,4,0,1,0,20,0,154,0,0,0,14,3,425,0,10,7,0,7,1,13,7,5,0,0,42,19,0,51,0,0,14,0,1,1,1,7,74,0,2,3,19,24,3,3,1,9,0,0,0,537,9,20,34,1,1,33,0,2,1,48,0,308,3,24,0,4,0,379,1,10,0,2,0,25,5,0,10,3,0,3,0,403,0,1,0,8,0,0,510,353,2,0,0,1,8,12,0,4,0,9,0,2,10,0,40,0,12,1,0,7,102,8,2,10,637,0,6,0,5,18,0,0,0,6,14,0,0,0,158,0,18,1,0,0,12,0,0,0,2,0,1,18,5,7,0,0,18,26,410,4,0,0,1,0,0,6,0,0,2,0,0,0,0,1,48,0,10,9
0,0,0,16,0,0,0,0,0,26,0,0,0,0,0,9,0,1,0,0,0,0,11,0,0,0,14,0,0,0,67,0,38,0,0,3,4,0,0,0,1,0,3,0,413,111,6,93,3,0,0,0,0,0,5,0,5,0,0,0,63,0,0,0,12,0,4,1,41,0,0,0,0,1,0,0,0,0,22,12,0,37,11,85,15,29,0,0,0,0,0,0,30,0,0,0,1,0,16,0,302,0,31,0,2,0,0,76,0,3,0,0,4,0,0,5,54,0,0,2,311,14,0,65,1,0,0,0,0,7,0,0,0,0,0,0,0,0,0,34,0,0,0,91,0,0,10,4,11,0,0,7,2,0,0,0,0,9,0,0,3,0,11,11,0,0,0,0,0,0,0,0,3
0,0,0,0,0,0,2,0,2,0,0,0,1,0,0,0,1,0,0,0,0,0,0,0,0,0,0,1,0,0,0,0,0,4,0,0,0,12,8,7,0,0,0,3,0,0,0,0,0,0,0,5,0,5,0,0,0,0,1,0,0,6,1,0,0,1,0,0,0,0,0,2,0,0,0,2,0,1,0,0,0,0,0,0,0,0,0,9,0,0,1,1,0,0,0,27,0,0,0,0,0,8,0,2,0,4,0,0,939,0,1,0,0,0,0,0,0,0,0,0,0,0,0,0,0,1,4,0,0,0,0,36,1044,0,0,1,6,4,0,0,0,18,0,0,0,0,0,0,0,1,0,0,4,0,0,0,4,0,0,0,0,0,0,0,19,0,0,2,0,0,0,0,0
8,0,0,0,151,0,1,0,0,1,5,0,0,60,31,0,61,1,0,2,0,1,1,0,0,0,0,1,0,0,11,0,0,0,53,2,0,0,0,0,1,84,1,26,0,0,0,0,11,0,1,1,0,4,2,0,0,0,3,1,0,0,2,0,0,0,0,18,1,0,0,4,1,0,3,0,1,0,0,0,3,0,0,0,0,0,0,4,0,1,0,0,1,0,0,3,0,0,0,0,0,3,0,0,0,0,0,0,0,1,0,0,1,1,1,1,0,0,0,0,0,0,0,0,1,64,0,0,0,0,2,0,2,0,0,12,0,4,0,1,0,0,3,0,95,0,0,2,0,1,398,1,1,0,1,0,1,0,0,1,1,0,0,0,24,0,0,0,2,0,0,0,0
0,0,0,0,3,0,1815,0,4,0,10,0,11,0,0,0,3,0,0,0,0,0,0,0,0,0,0,0,0,0,0,0,0,8,0,1,0,6,6,374,1,0,0,1,0,0,2,0,0,0,0,0,0,0,0,1,1,0,11,7,0,0,35,0,0,11,0,1,1,5,0,0,0,0,0,2282,0,0,0,0,2,0,0,0,0,0,0,0,0,0,66,3524,0,0,1,1,8,19,0,0,0,0,0,6,0,1819,0,0,3,0,0,0,0,2,4,0,2,2,0,0,0,0,2,0,0,0,16,2,0,0,0,2,39,0,3,0,3,0,0,0,1,26,0,0,0,0,0,0,0,0,0,0,1,0,0,2,0,0,0,0,0,0,0,0,0,0,13,10,1,0,0,0,0
8,2,1,3,1,1,22,2,0,6,6,1,0,18,12,1,17,2,1,40,4,0,0,3,0,5,2,0,2,0,8,2,5,0,34,3,0,0,0,1,3,1,2,43,0,1,2,3,6,3,0,4,0,1,4,121,4,0,199,9,0,1,3,3,1,1,1,0,15,0,4,0,3,2,0,2,0,0,0,1,8,0,2,7,3,11,0,6,0,3,2,1,8,3,2,1,393,0,0,2,0,25,1,0,1,4,0,2,3,12,1,0,0,18,3,4,9,386,2,3,0,5,9,0,15,17,16,6,1,4,0,0,12,0,248,3,0,5,0,0,0,0,14,11,16,1,11,0,2,0,10,7,5,1,1,1,1,5,0,0,6,0,4,5,16,3,0,5,3,0,3,3,3
1,3,0,2,10,13,0,0,0,317,0,5,0,0,0,54,26,62,0,9,0,6,84,0,27,8,10,0,6,0,170,0,197,0,0,17,10,0,0,0,46,2,1,38,136,166,178,85,28,0,49,0,0,0,39,1,18,3,3,0,86,0,2,2,44,0,52,4,179,0,15,0,0,8,0,0,2,0,262,58,0,56,14,71,39,37,1,0,8,3,1,0,76,5,190,2,1,0,1,0,151,2,16,0,16,0,3,193,0,16,0,1,20,6,0,117,54,4,34,11,93,61,0,18,20,0,0,0,0,23,0,1,0,11,0,1,0,0,0,180,0,0,0,44,0,1,42,52,45,0,0,194,82,23,1,0,0,20,19,25,16,0,103,6,0,0,0,0,225,24,0,12,7
2,7,0,3,86,12,0,5,0,325,2,9,0,2,3,10,191,13,1,53,2,5,125,2,18,8,16,2,34,1,187,5,248,4,0,249,51,1,2,3,199,3,0,76,119,191,474,171,62,28,245,0,0,0,76,80,69,11,24,0,100,0,8,9,68,1,80,9,228,0,55,1,1,9,3,1,44,0,287,33,5,68,12,80,85,89,11,1,10,71,33,0,102,8,17,12,6,1,7,4,53,1,9,2,13,0,6,210,0,18,0,4,35,13,1,108,126,76,137,17,64,27,0,39,83,0,1,2,0,32,1,6,0,120,10,1,0,0,1,384,1,1,8,111,0,0,104,25,20,0,1,198,309,14,2,0,0,21,53,8,129,2,298,9,0,0,0,1,22,46,3,171,14
0,0,0,0,0,0,2,0,0,24,0,0,0,0,0,129,4,3,0,0,0,1,19,0,0,0,7,0,4,1,26,0,2,0,0,166,10,0,0,0,7,1,0,0,88,9,2,491,2,3,7,0,0,0,1,1,14,3,0,0,303,0,0,0,253,0,1,29,38,0,10,0,1,0,0,0,1,0,50,70,1,614,0,702,331,633,0,0,123,243,0,0,840,0,9,0,1,0,0,0,71,0,0,0,0,0,0,130,0,5,0,0,123,17,0,32,407,2,0,0,56,4,0,0,123,0,0,0,4,0,0,0,0,0,0,0,0,0,0,147,0,0,0,424,0,0,1,1,0,0,0,37,10,0,0,0,0,1,1,0,2,0,13,1,0,0,0,0,57,0,0,1,0
0,0,0,0,0,0,0,32,0,1,0,0,0,0,0,0,0,5,0,0,0,0,0,0,0,0,0,19,0,0,0,0,0,0,16,5,0,0,0,0,0,0,0,2,0,0,0,0,47,0,0,92,0,5,1,0,0,0,0,0,0,0,1,0,0,0,0,0,0,0,0,328,0,0,0,0,0,2,0,0,0,0,0,0,0,0,0,35,0,1,0,0,0,0,0,3,0,0,2,0,0,9,0,0,0,0,0,0,0,8,4,0,0,0,0,1,0,1,0,0,0,0,0,0,0,2,0,0,0,0,428,0,1,0,0,4,0,0,0,0,0,0,0,0,0,0,0,0,0,6,1,0,0,0,0,0,111,0,0,0,0,3,0,0,0,0,0,3,0,0,2,0,0
0,1,0,0,74,0,2,3,20,0,58,0,4,669,102,0,380,0,0,0,0,1,0,0,0,0,0,5,0,0,18,0,0,0,434,2,0,0,0,6,0,14,0,16,0,0,0,0,1,0,0,6,0,12,0,0,0,0,24,4,0,5,8,0,0,0,0,2,0,3,0,12,25,0,0,3,1,0,0,0,0,0,0,0,0,0,1,36,0,1,0,0,0,2,0,1,13,0,0,2,0,81,0,0,1,7,0,0,2,11,10,0,0,0,34,1,0,0,0,0,0,0,6,0,0,863,8,0,0,0,9,0,20,0,4,15,0,20,0,0,0,0,1,0,656,0,0,0,0,47,188,0,4,0,1,2,7,0,0,0,0,0,0,0,44,0,0,4,0,0,0,0,1
0,0,0,0,15,0,5,3,1247,0,10,0,1139,0,85,0,7,0,0,0,1,0,0,99,0,0,0,3,3,5,0,10,0,1488,3,0,26,816,1364,1053,0,0,0,3,0,0,0,0,4,0,1,6,0,8,0,5,2,0,2,28,0,12,46,3,0,402,0,2,0,923,0,35,0,0,0,13,5,4,0,0,21,0,0,0,0,1,0,33,0,3,26,15,0,6,0,20,16,94,0,0,1,4,0,1540,0,23,0,0,28,3,0,4,0,15,7,0,0,1,0,0,0,0,5,0,5,51,181,27,2,0,17,227,42,4,7,26,618,1,213,0,113,972,232,0,1,0,0,0,0,0,1,0,0,0,0,0,17,0,0,12,0,2,0,0,7,3,507,1,0,0,89,0,0
1,135,24,27,5,246,1,0,0,82,21,7,0,12,1,1,0,2,72,10,18,499,384,3,3,578,151,1,1,5,3,8,9,0,0,0,1,8,0,0,20,40,28,11,1,17,21,82,112,3,123,0,13,0,1,15,5,11,2,25,4,0,7,14,8,0,0,473,5,0,506,0,5,12,4,0,4,0,0,62,9,0,5,3,3,2,3,0,62,153,5,0,2,3,0,2,1,1,19,68,5,0,6,0,77,0,10,1,5,0,0,411,34,17,49,0,3,0,2,0,3,1,12,97,7,0,0,16,20,3,0,0,0,1,2,0,0,0,0,12,3,0,0,135,0,49,7,25,0,0,0,2,4,1,221,16,0,2,75,2,8,0,0,1,0,15,9,0,0,1,0,0,2
3,1,0,0,5,1,4,0,0,1,4,0,0,4,19,0,0,0,0,3,1,1,1,159,0,6,1,0,45,13,0,536,3,0,0,0,114,16,2,1,8,1,0,3,2,1,6,0,14,91,23,0,0,0,0,71,102,0,0,251,1,0,7,251,8,6,0,0,2,0,4,0,0,4,1,5,149,0,0,0,200,1,0,0,0,13,0,0,0,2,229,0,2,1,2,18,2,8,0,1,2,0,0,0,2,0,0,0,2,0,0,11,3,0,22,0,2,0,0,0,3,0,537,1,1,0,0,46,45,10,0,6,0,2,65,3,5,0,0,12,12,0,1,2,0,0,0,0,0,0,1,0,2,1,2,0,0,0,0,0,9,0,1,1,0,552,8,1,0,0,3,1,0
0,4,2,1,29,7,2,1,1,7,4,0,0,109,36,0,1,0,1,14,3,6,4,19,0,8,3,0,504,6,3,493,9,4,1,0,279,3,12,17,41,3,0,6,1,4,15,1,86,701,24,0,0,0,5,207,138,2,0,184,8,0,7,825,0,79,6,7,4,4,23,1,3,109,1,4,816,1,7,4,179,0,0,3,2,7,0,0,1,5,412,0,1,1,6,32,14,19,0,4,3,0,4,3,0,0,1,4,11,0,0,30,1,16,24,0,7,7,0,2,1,2,169,4,1,0,0,15,318,5,2,92,0,28,353,0,23,0,44,5,150,0,3,7,0,0,5,5,0,0,1,2,0,0,2,0,0,0,0,1,7,3,164,0,0,142,16,0,2,0,43,2,1
0,1,0,0,1,0,1,0,0,0,2,0,0,0,51,0,0,0,0,12,1,0,0,1,0,0,0,0,221,1,0,59,0,7,0,0,8,0,0,0,1,2,0,0,1,0,2,1,1,301,3,0,0,0,0,6,146,0,0,0,0,0,3,34,0,27,2,0,2,0,6,0,0,0,0,4,153,0,1,2,18,1,0,1,0,5,0,0,0,3,28,0,4,1,1,0,1,2,0,0,0,0,0,4,0,0,0,0,1,0,0,8,0,3,0,2,5,0,0,0,0,0,10,0,1,0,0,1,57,1,0,6,0,1,21,0,11,0,2,0,11,0,20,4,0,0,0,0,0,0,0,1,1,0,2,0,0,0,0,0,1,0,4,0,0,27,0,0,0,0,0,0,0
1,214,15,11,2,180,0,0,0,3,0,3,0,0,0,0,0,0,100,46,28,125,10,0,170,91,10,0,0,0,1,0,34,0,0,0,0,0,0,0,2,5,12,0,0,7,11,2,7,0,0,0,3,0,1,0,2,13,0,0,0,0,0,0,0,0,5,0,2,0,13,0,0,46,19,0,0,0,1,0,0,0,12,0,0,0,3,0,4,0,0,0,0,1,0,1,0,2,3,43,3,0,2,0,142,0,22,0,0,1,0,23,10,0,9,0,0,0,0,1,0,2,0,4,0,0,0,0,1,28,0,0,0,0,0,0,0,0,0,0,0,0,0,1,0,27,6,262,6,0,0,10,0,1,7,3,0,4,34,235,1,0,0,3,0,0,1,0,0,16,0,0,7
0,1,2,8,0,10,0,0,0,0,0,4,0,0,0,0,0,0,2,0,248,1,123,0,4,5,161,0,0,0,0,0,3,0,0,0,0,0,0,0,0,5,0,0,0,3,0,1,3,0,0,0,9,0,0,0,0,11,0,0,3,0,0,0,0,0,0,0,0,0,0,0,0,1,3,0,0,0,0,0,0,0,0,0,0,0,1,0,1,0,0,0,0,0,0,0,0,0,1,11,2,0,0,0,5,0,4,0,0,0,0,3,1,0,0,0,0,0,0,1,0,0,0,24,0,0,0,0,0,2,0,0,0,0,0,0,0,0,0,0,0,0,0,2,0,8,0,4,0,0,0,0,0,0,0,0,0,0,0,3,0,0,0,0,0,0,0,0,0,0,0,0,0
0,1,0,0,7,2,2,8,0,0,0,2,0,18,9,0,10,0,3,1,0,1,0,0,0,0,0,0,0,0,49,0,2,0,14,0,0,0,0,1,0,1,0,252,0,0,0,0,1,0,1,3,0,1,0,1,0,0,532,0,0,0,1,0,0,0,1,5,0,0,0,2,1,0,0,0,0,0,0,0,1,0,2,2,1,0,0,4,2,0,0,0,5,0,0,0,110,0,0,1,1,22,0,0,2,6,0,0,1,13,1,0,1,0,1,0,0,0,0,0,1,0,0,0,0,31,0,0,0,0,0,0,20,0,6,12,1,50,0,9,0,1,0,0,1,0,2,0,0,0,5,0,48,0,0,0,0,0,1,0,2,0,0,1,710,0,0,2,0,0,0,0,1
643,11,25,17,3,8,2,0,1,7,5,365,0,6,1,6,0,295,9,2,6,1,19,21,28,5,11,0,0,795,1,5,33,1,0,3,3,2,2,0,3,185,11,2,12,20,6,2,7,0,153,0,3,0,63,10,67,398,0,23,160,0,2,3,324,0,142,5,3,0,12,0,101,4,69,0,4,0,10,11,3,45,11,3,1,5,408,0,0,3,4,0,2,105,25,9,0,0,6,15,9,0,6,0,58,0,21,9,0,3,0,17,10,1,37,3,9,1,0,329,7,0,4,10,123,0,0,12,104,8,0,3,0,94,1,189,0,0,0,14,0,0,2,6,0,7,12,6,3,0,1,1,1,213,2,1,0,2,1,2,4,0,0,38,0,4,2,0,0,46,2,2,8
0,0,0,0,0,0,0,797,0,0,0,0,0,0,0,0,0,0,0,0,0,0,0,0,0,0,0,526,0,0,0,0,0,0,10,0,0,0,0,0,0,0,0,0,0,0,0,0,0,0,0,58,0,1169,0,0,0,0,0,0,0,1319,0,0,0,0,0,0,0,0,0,41,0,0,0,0,0,1012,0,0,0,0,0,0,0,0,0,1,0,0,0,0,0,0,0,0,0,0,0,0,0,27,0,0,0,0,0,0,50,7,855,0,0,0,0,0,0,0,0,0,0,0,0,0,6,1,2,0,0,0,2,3,12,0,0,5,0,0,0,0,0,0,0,0,0,0,0,0,0,1316,0,0,0,0,0,0,36,0,0,0,0,211,0,0,0,0,0,4,0,0,0,0,0
0,0,0,0,0,0,0,340,0,0,0,0,0,0,0,0,0,0,0,0,0,0,0,0,0,0,0,51,0,0,0,0,0,0,0,0,0,0,0,0,0,0,0,0,0,0,0,0,0,0,0,1056,0,19,0,0,0,0,0,0,0,0,0,0,0,0,0,0,0,0,0,100,0,0,0,0,0,2,0,0,0,0,0,0,0,0,0,274,0,0,0,0,0,0,0,0,0,0,0,0,0,1,0,0,0,0,0,0,4,1,4,0,0,0,0,0,0,0,0,0,0,0,0,0,1,0,0,0,0,0,0,0,1,0,0,0,0,0,0,0,0,0,0,0,0,0,0,0,0,31,0,0,0,0,0,0,351,0,0,0,0,0,0,0,0,0,0,1,0,0,0,0,0
1,0,0,0,2,2,10,25,1,0,0,0,1,20,13,0,5,0,0,1,0,0,0,0,0,0,0,11,0,0,6,0,1,0,120,16,0,0,0,8,0,0,2,46,0,0,1,0,5,0,0,6,0,29,0,0,0,0,44,0,0,14,17,0,0,0,3,0,3,1,1,109,3,0,1,4,0,24,0,0,0,0,1,0,0,0,0,303,0,1,0,0,1,0,0,0,24,0,0,0,0,933,0,0,0,11,0,1,3,641,2,0,1,0,2,0,0,0,0,0,0,0,0,0,0,45,9,0,0,0,59,1,27,1,3,473,0,90,0,2,0,2,2,0,4,0,2,0,0,8,6,0,32,0,0,0,182,0,0,0,1,1,0,0,23,0,0,86,0,0,0,0,0
0,0,0,0,0,0,2,0,15,0,0,0,1,0,0,0,0,0,0,1,0,0,0,0,0,0,0,5,0,0,0,0,0,17,4,0,0,20,71,4,0,0,0,2,0,0,0,0,0,0,0,0,0,8,0,0,0,0,2,0,0,29,1,0,0,3,0,0,0,0,0,2,0,0,0,0,0,29,0,0,0,0,0,0,0,0,0,3,0,0,0,0,0,0,0,21,1,1,0,0,0,20,0,4,0,3,0,0,216,2,5,0,0,0,0,0,0,0,0,0,0,0,0,0,0,0,1,1,0,0,1,57,84,0,0,19,8,18,0,0,2,17,0,0,0,0,0,0,0,1,0,0,20,0,0,0,7,0,0,0,0,2,0,0,9,0,2,0,0,0,0,0,0
0,25,3,2,5,4,0,0,0,14,0,2,0,0,0,0,3,1,4,11,2,16,34,0,4,9,7,0,0,0,14,0,28,0,0,3,0,0,0,0,5,6,1,5,1,13,27,5,17,0,15,0,8,0,4,4,1,5,0,0,0,0,0,0,5,0,4,0,7,0,9,0,0,3,4,0,0,0,31,1,0,0,1,1,3,0,3,0,1,0,0,0,0,2,0,0,0,0,0,3,6,0,1,0,21,0,2,11,0,0,0,3,2,1,2,4,0,0,4,3,1,0,0,10,0,0,0,0,0,1,0,0,0,1,0,0,0,0,0,3,0,0,0,0,0,5,5,16,0,0,0,6,10,3,5,0,0,0,5,1,5,0,0,0,0,0,1,0,0,5,0,1,2
0,64,0,1,1,12,0,0,0,54,10,0,0,0,0,0,3,12,5,15,14,7,5,2,6,26,1,0,0,6,23,2,30,0,0,99,1,0,0,0,41,1,0,4,13,12,92,3,5,1,27,0,0,0,15,4,30,2,0,2,16,0,4,1,9,0,7,1,24,0,224,0,1,1,2,0,4,0,505,155,2,5,2,44,37,20,5,0,2,23,4,0,37,8,10,2,9,0,0,0,18,0,0,0,5,0,0,239,0,1,0,21,17,0,0,33,32,2,0,5,1,4,3,0,6,0,0,0,3,4,0,0,0,2,1,0,0,0,0,11,1,0,0,1,0,0,8,47,1,0,0,65,4,9,7,1,0,0,5,3,2,0,6,1,0,2,0,0,36,24,0,6,1
1,0,0,0,29,2,1,1,2,3,18,0,0,37,1,0,0,0,1,0,0,1,0,18,0,5,0,3,3,75,0,14,0,7,0,1,0,76,31,3,1,1,0,28,0,0,3,0,13,2,65,0,0,4,2,10,10,0,4,18,1,3,3,5,0,3,0,2,2,0,11,1,42,1,1,0,1,1,3,1,2,0,0,2,0,0,0,1,2,7,23,0,0,0,1,540,8,39,0,0,0,1,17,0,0,1,0,0,198,0,0,14,0,13,9,0,0,0,0,0,0,0,0,0,3,1,6,234,1,0,4,75,67,0,1,0,12,5,9,1,9,5,0,0,0,0,0,1,0,0,0,0,5,1,0,0,0,0,0,1,0,2,0,0,13,14,8,1,0,1,9,0,1
6,23,2,1,0,6,0,0,0,3,417,6,0,0,0,2,0,0,9,0,387,14,206,1,0,30,117,0,1,15,2,0,0,0,0,0,0,0,0,0,5,98,3,0,2,1,10,11,22,2,90,0,19,0,0,0,4,57,0,133,1,0,3,0,16,0,0,34,1,0,47,0,0,0,3,0,1,0,1,0,9,4,0,1,0,0,7,0,286,1,3,0,0,1,0,4,1,1,1,2,0,0,0,0,3,0,1,1,0,0,0,317,5,0,2,0,0,0,0,1,0,0,8,17,0,0,1,9,9,0,0,0,0,0,0,0,0,0,0,5,0,0,0,1,0,12,1,0,0,0,0,0,1,0,12,367,0,0,13,1,1,0,0,0,0,1,0,0,0,0,0,1,0
0,0,0,0,0,1,0,0,0,15,0,0,0,0,1,11,0,116,0,3,0,0,0,0,2,0,0,0,0,0,5,0,0,0,0,98,0,0,0,0,1,0,3,0,2,1,1,17,19,0,0,0,0,0,4,2,3,0,0,0,3,0,0,1,1,0,0,3,3,0,6,0,0,0,0,0,0,0,15,28,1,0,0,27,29,99,0,0,3,22,0,0,62,11,9,0,0,0,0,0,3,0,0,0,0,0,0,14,0,0,0,1,35,417,0,119,31,0,0,5,0,1,0,1,150,0,0,0,1,0,2,0,0,0,2,0,0,0,0,2,1,0,0,10,0,0,0,3,0,0,0,68,0,18,0,0,0,0,0,0,0,0,4,0,0,0,0,0,100,0,0,0,0
0,0,0,0,1,0,0,244,0,0,0,0,0,1,0,0,1,0,0,0,0,0,0,0,0,0,0,412,0,0,2,0,0,0,18,1,0,2,0,1,0,0,0,0,0,0,2,0,0,0,0,22,0,258,0,0,0,0,0,0,0,553,20,0,0,0,0,0,1,0,0,36,0,0,0,0,0,559,0,0,0,0,0,0,0,0,0,6,0,16,0,0,0,0,0,209,1,0,88,0,0,19,2,0,0,1,0,0,16,2,385,0,0,3,0,0,0,0,0,0,0,0,0,0,37,0,0,1,0,0,2,14,14,1,0,4,0,0,0,0,0,0,0,0,0,0,0,0,0,182,1,0,0,0,0,0,24,0,0,0,0,603,0,0,0,0,0,1,0,0,1,0,0
0,0,0,0,0,0,0,14,0,0,0,0,0,0,0,0,0,0,0,0,0,0,0,0,0,0,0,11,0,0,0,0,0,0,2,3,0,0,0,0,0,0,0,0,0,0,0,1,0,0,0,39,0,0,0,0,0,0,0,0,0,0,1,1,0,0,0,0,0,0,0,24,0,0,0,0,1,0,0,0,0,0,0,0,0,0,0,9,0,1,0,0,0,0,0,5,0,0,1,0,0,0,0,0,0,0,0,0,0,0,1,0,0,0,0,0,0,0,0,0,0,0,0,0,0,0,0,0,0,0,4,0,0,0,0,0,0,0,0,0,0,0,0,0,0,0,0,0,0,3,0,0,0,0,0,0,24,0,0,0,0,4,0,0,0,0,0,0,0,0,1,0,0
