0.86345,0.23542,0.40411,0.39477,0.19191,0.26979,0.94982,0.5201,0.85546,0.31574,0.61538,0.50617,0.89166,0.56276,0.49799,0.35092,0.50594,0.38683,0.54292,0.40431,0.47131,0.46954,0.30047,0.52332,0.25144,0.49571,0.20659,0.48776,0.58568,0.80606,0.2142,0.45439,0.20632,0.81813,0.57087,0.32974,0.375,0.64314,0.77092,0.66226,0.41127,0.25137,0.30879,0.28815,0.47225,0.18942,0.35501,0.49243,0.15752,0.58473,0.23768,0.72696,0.56556,0.74968,0.63986,0.26296,0.2,0.53571,0.57797,0.29319,0.36429,0.67108,0.16479,0.63686,0.39512,0.50828,0.34441,0.73879,0.32725,0.78762,0.50099,0.33401,0.59565,0.16735,0.62252,0.97355,0.61814,0.61548,0.40351,0.32906,0.28966,0.71795,0.3662,0.67498,0.59075,0.6546,0.44751,0.35029,0.46656,0.38782,0.39941,0.99044,0.70252,0.68151,0.55591,0.49452,0.52005,0.79113,0.50855,0.24372,0.34793,0.74443,0.46871,0.91578,0.18933,0.96038,0.32086,0.2436,0.62234,0.70979,0.6727,0.4232,0.3066,0.59914,0.16471,0.19427,0.52224,0.7574,0.36565,0.57832,0.50651,0.54819,0.62168,0.43971,0.23885,0.79178,0.54036,0.54691,0.50159,0.3967,0.61988,0.30717,0.66455,0.42271,0.45935,0.42413,0.54873,0.47818,0.79414,0.42664,0.37058,0.69242,0.62344,0.46916,0.84755,0.32068,0.35761,0.33419,0.44928,0.81925,0.62346,0.26162,0.31437,0.51828,0.56397,0.8913,0.33524,0.57084,0.27119,0.49687,0.35635,0.71497,0.41523,0.58235,0.69802,0.71373,0.72254,0.7399,0.49558,0.15385,0.43654,0.65134,0.55156
0.54429
0,35,295,162,0,38,0,0,0,0,0,68,0,0,0,1,0,4,85,13,1,2,2,0,175,11,8,0,0,0,0,0,8,0,0,0,1,0,0,0,1,10,239,0,0,2,2,0,3,0,0,0,168,0,4,0,0,20,0,0,3,0,0,0,1,1,25,0,0,0,0,0,13,92,470,0,0,0,0,0,0,0,94,0,0,0,21,0,0,0,0,0,0,5,0,0,0,0,73,223,0,0,13,0,34,0,180,0,0,0,0,0,5,0,21,0,0,0,1,20,0,3,0,41,2,0,0,0,1,20,0,0,0,0,0,0,0,0,0,0,0,0,0,0,0,223,19,7,2,0,0,0,0,18,2,0,0,27,20,9,1,0,0,10,0,0,0,0,0,1,0,0,5
0,1,8,67,1,12,0,0,0,13,0,5,0,0,0,7,0,3,0,1,0,1,0,0,22,1,6,0,0,0,75,0,104,0,0,1,4,0,0,0,1,0,62,0,21,111,6,1,0,0,0,0,1,0,1,0,1,0,0,4,3,0,0,0,0,0,10,0,22,0,0,0,0,45,1,0,1,0,3,0,0,3,364,0,1,1,0,0,0,0,1,0,8,1,0,1,0,0,21,4,69,1,367,0,5,0,6,27,0,22,0,0,7,0,0,16,2,0,1,2,27,529,0,22,0,0,0,0,0,313,0,0,0,0,0,0,0,0,0,1,0,0,0,8,0,1,329,11,217,0,0,11,1,0,0,0,0,415,2,0,6,0,20,297,0,0,0,0,0,1,0,0,230
1,31,39,35,33,36,1,1,1,10,2,12,5,0,1,0,2,1,34,131,2,9,50,0,57,11,19,0,1,0,14,0,85,0,0,31,6,9,0,5,4,3,91,1,1,65,59,0,50,0,27,0,29,2,5,15,5,33,6,4,0,1,9,0,2,0,20,2,2,1,0,1,4,122,8,4,1,0,1,0,0,2,123,0,0,1,3,0,0,0,9,0,0,2,0,5,3,8,46,118,2,2,25,0,107,2,138,0,0,4,1,3,14,0,12,8,4,1,27,2,1,15,3,88,2,0,12,0,0,47,1,1,5,20,0,1,0,0,1,2,0,12,3,3,1,59,49,98,24,0,0,14,9,5,2,0,0,42,2,9,7,0,1,20,1,1,0,8,1,28,0,6,26
0,134,150,38,0,114,0,0,0,0,0,20,0,0,0,0,0,0,468,8,55,30,27,0,31,37,55,0,0,4,0,0,0,0,0,0,1,0,0,0,4,174,59,0,0,0,0,0,7,0,2,0,358,0,0,0,1,110,0,0,3,0,1,0,0,0,6,1,3,0,10,0,4,18,95,0,0,0,0,0,0,0,7,0,0,0,27,0,62,0,0,0,0,2,0,0,0,0,22,182,0,0,0,0,42,0,55,0,0,0,0,11,6,0,41,2,0,0,0,2,0,0,0,22,0,0,0,0,2,10,0,0,0,2,0,0,0,0,0,0,0,0,0,0,0,228,1,13,0,0,0,1,0,3,17,3,0,0,128,18,0,0,0,0,0,0,0,0,0,1,0,0,0
0,6,33,72,0,25,0,0,0,1,0,2,0,0,0,0,0,0,6,1,1,2,0,0,25,3,0,0,0,0,4,0,2,0,0,0,1,0,0,0,0,0,38,0,0,1,0,0,0,0,0,0,1,0,0,0,0,0,0,0,0,0,0,0,0,0,5,0,0,0,0,0,0,111,1,0,0,0,0,0,0,0,58,0,0,0,0,0,0,0,0,0,0,2,0,2,0,0,5,40,1,0,17,0,15,0,34,0,0,0,0,1,0,0,2,0,0,0,0,0,1,12,0,1,0,0,0,0,0,73,0,0,0,0,0,0,0,0,0,0,0,0,0,0,0,12,21,16,8,0,0,0,0,3,0,0,0,49,0,1,0,0,0,8,0,0,0,0,0,0,0,0,6
2,121,19,13,133,76,0,0,0,16,10,10,0,0,0,0,12,0,35,300,25,74,132,0,32,111,21,0,2,3,11,5,57,0,0,6,19,7,0,1,28,12,14,10,0,26,283,3,132,5,127,0,5,0,15,32,21,22,13,0,5,0,6,6,5,0,41,6,12,0,22,0,7,37,6,0,10,0,7,3,2,0,17,0,3,1,4,0,5,2,16,0,1,7,1,9,1,3,4,66,3,0,7,0,125,0,35,5,1,1,0,33,34,0,12,4,4,5,127,10,1,1,3,16,4,0,0,5,2,29,0,2,0,24,2,1,0,0,0,5,0,0,0,12,0,38,50,75,2,0,0,21,100,8,28,0,0,4,26,19,81,0,4,5,0,4,2,0,0,43,1,26,20
0,1,90,317,0,2,0,0,0,0,0,23,0,0,0,0,3,0,0,0,1,0,6,0,5,0,131,0,0,0,4,0,31,0,0,0,0,0,0,0,0,1,190,0,13,47,1,8,6,0,3,0,10,0,0,0,0,5,0,0,15,0,0,0,0,0,7,0,1,0,0,0,0,21,3,0,0,0,0,0,0,0,141,0,0,0,2,0,0,0,0,0,0,1,0,0,0,0,357,94,8,0,27,0,2,0,38,0,0,0,0,0,172,0,0,0,0,0,0,1,13,3,0,423,0,0,0,0,0,15,0,0,0,0,0,0,0,0,0,0,0,0,0,24,0,32,29,3,2,0,0,0,1,1,0,0,0,14,0,0,3,0,0,31,0,0,0,0,0,1,0,0,7
0,4,0,1,2,0,1,0,0,1,0,0,0,0,5,0,0,0,5,0,0,2,1,0,0,1,0,0,0,0,6,0,0,0,3,0,0,0,0,1,0,0,1,45,0,0,1,0,0,0,0,1,0,1,0,1,0,0,9,3,0,0,1,0,1,0,0,0,0,0,0,0,0,0,4,0,0,0,0,0,0,0,0,0,1,1,4,0,2,0,0,0,1,1,0,0,0,1,0,0,0,1,0,0,0,0,0,0,0,1,0,0,0,0,11,2,0,0,0,0,0,0,0,2,0,1,0,0,0,0,0,0,0,1,0,12,0,19,0,5,0,0,0,0,0,0,0,0,0,0,2,0,16,0,1,0,0,0,1,0,0,1,0,0,106,0,0,1,0,0,0,0,0
1,0,0,0,41,0,10,2,67,0,23,0,104,7,372,0,2,2,0,3,3,0,0,404,0,2,0,3,11,9,0,5,0,264,1,2,186,270,258,64,0,0,0,18,0,1,2,0,31,4,4,3,0,2,1,17,6,0,0,6,0,2,14,10,0,216,0,2,0,201,8,16,2,0,0,9,8,2,0,1,241,0,0,0,1,0,0,6,1,4,23,14,0,39,0,26,37,856,0,0,26,3,0,118,0,6,0,0,8,0,1,8,0,50,10,0,0,5,0,1,0,0,10,0,9,7,19,513,7,0,63,182,22,2,2,4,393,1,1273,0,199,277,500,0,0,0,0,0,0,0,8,1,1,0,0,0,4,0,0,87,0,3,8,0,1,4,124,1,0,0,313,0,0
0,0,0,0,0,0,0,51,0,0,0,0,0,0,0,0,0,0,0,0,0,0,0,0,0,0,0,11,0,0,0,0,0,0,2,0,0,0,0,0,0,0,0,0,0,0,0,0,0,0,0,139,0,13,0,0,0,0,0,0,0,0,0,0,0,0,0,0,0,0,0,235,0,0,0,0,0,4,0,0,0,0,0,0,0,0,0,28,0,0,0,0,0,0,0,0,0,0,0,0,0,13,0,0,0,0,0,0,0,8,1,0,0,0,0,0,0,0,0,0,0,0,0,0,0,1,0,0,0,0,58,0,0,0,0,1,0,0,0,0,0,0,0,0,0,0,0,0,0,6,0,0,0,0,0,0,251,0,0,0,0,0,0,0,0,0,0,0,0,0,0,0,0
0,0,0,0,6,0,17,9,0,4,1,0,0,8,3,0,14,0,0,0,0,0,0,0,0,0,0,1,0,0,1,0,0,1,32,16,0,0,0,3,0,0,0,113,0,0,1,0,53,0,0,2,0,3,1,0,0,0,19,0,0,6,7,0,0,2,0,2,8,0,0,32,0,0,36,4,0,4,1,0,0,0,2,0,0,0,0,99,0,0,1,1,2,0,0,1,17,0,0,0,0,67,0,0,0,2,0,2,2,68,0,0,1,0,5,1,1,1,0,0,0,0,3,0,0,9,2,0,0,0,22,1,16,0,4,210,1,72,0,4,0,1,0,0,2,0,1,0,1,0,9,2,26,0,0,0,25,0,0,6,6,0,0,0,13,0,0,23,1,0,3,0,0
0,1,0,0,45,0,1,1,96,3,4,0,3,39,5,0,4,0,1,2,1,0,0,0,0,3,0,0,1,0,4,10,3,7,6,2,0,13,17,5,8,0,0,95,1,3,21,3,17,1,12,0,0,5,1,14,0,0,5,18,1,12,9,15,0,8,0,2,2,7,10,2,1,1,1,1,4,4,1,1,27,0,0,3,2,2,0,0,1,14,5,2,3,1,0,120,8,24,2,0,3,13,64,2,1,6,0,1,2,5,1,1,1,0,70,0,2,0,0,1,1,0,8,0,0,0,3,40,4,2,1,12,116,1,2,97,16,263,46,17,4,36,0,1,0,0,9,1,0,0,3,0,243,0,0,0,0,0,0,4,14,1,0,0,20,2,4,2,1,0,31,0,4
6,0,0,0,74,0,0,0,3,2,42,1,0,180,0,1,0,0,0,13,0,0,0,47,0,1,0,1,3,5,0,11,3,0,5,0,1,0,0,0,0,1,1,22,1,8,3,2,28,2,2,0,0,0,8,149,13,0,2,3,4,0,21,64,0,2,4,2,7,0,7,0,47,10,0,0,11,0,7,11,3,1,0,3,0,3,0,2,0,36,2,0,0,5,1,12,74,1,1,0,2,1,3,1,0,0,0,4,2,0,0,4,1,98,0,2,3,6,0,1,0,0,0,0,5,0,0,9,5,1,9,4,0,350,4,0,7,0,15,5,15,0,4,1,0,0,0,1,0,0,2,2,0,1,0,0,0,0,0,1,0,0,12,0,0,4,3,0,0,1,213,0,1
0,3,6,10,2,52,0,0,0,76,0,24,0,0,0,133,0,151,5,27,3,5,13,0,72,3,21,0,2,0,126,0,214,0,0,0,9,0,0,0,3,3,18,2,54,197,56,14,10,1,13,0,2,0,47,0,2,4,5,1,12,0,0,0,7,0,161,2,66,0,4,0,3,74,3,0,0,0,16,6,1,5,116,3,2,1,3,0,0,0,0,0,1,11,5,2,0,0,23,8,115,2,158,0,28,0,8,33,0,7,0,0,13,4,0,61,5,1,19,42,27,268,0,52,3,0,0,0,0,135,0,0,0,1,0,0,0,0,0,11,0,0,0,7,0,3,172,88,127,0,0,88,12,57,0,0,0,108,10,26,35,0,48,61,0,0,0,0,6,22,0,6,57
0,69,6,1,0,38,0,0,0,0,6,3,0,0,0,0,0,0,20,8,8,255,13,0,2,190,8,0,0,0,0,0,0,0,0,0,0,0,0,0,0,7,1,0,0,0,1,0,1,0,2,0,3,0,0,0,0,3,1,0,0,0,1,1,0,0,0,13,1,0,10,0,1,2,2,2,0,0,0,0,0,0,0,0,0,0,0,0,32,1,0,0,0,0,0,0,0,0,0,10,0,0,0,0,28,0,1,0,0,0,0,20,5,0,16,0,0,0,1,0,0,0,0,0,0,0,0,0,0,0,0,0,0,0,0,0,0,0,0,0,0,0,0,0,0,5,0,6,0,0,0,0,0,0,65,3,0,0,74,1,0,0,0,0,0,0,0,0,0,0,0,2,0
1,0,0,0,1,0,0,0,0,0,4,0,0,0,2,0,0,0,0,2,0,0,1,0,0,2,0,0,12,1,2,9,1,0,1,2,5,0,0,1,34,1,0,0,0,1,16,0,2,41,2,0,0,0,1,3,35,0,0,26,1,0,2,43,0,4,1,1,2,0,0,0,0,1,0,1,92,0,3,0,98,0,0,1,1,3,0,0,1,0,108,0,0,0,1,0,0,1,0,0,0,0,0,0,0,0,0,4,1,0,0,0,0,0,2,1,3,3,4,2,1,1,26,0,0,0,0,0,30,0,0,1,0,1,33,0,0,0,0,0,2,1,1,0,0,0,1,1,0,0,0,0,0,0,1,0,0,0,0,0,4,0,0,0,0,1,0,0,0,2,1,13,2
7,0,0,0,0,0,4,0,1,0,13,0,8,0,1,0,2,0,0,2,1,0,0,0,0,2,0,1,0,0,1,0,0,4,0,1,0,8,1,22,3,0,0,1,0,0,1,0,0,0,1,0,0,4,0,0,1,0,4,74,0,0,10,1,0,16,0,4,0,26,0,2,0,0,0,5,2,0,0,0,1,0,0,0,1,0,0,5,4,0,23,1,1,0,0,2,1,3,0,0,0,0,0,2,0,5,0,0,12,1,0,1,0,1,6,0,1,0,0,1,0,0,47,0,0,0,328,2,0,0,0,6,22,0,1,4,23,0,1,0,1,42,0,0,1,0,0,0,0,0,1,0,0,0,0,13,1,0,0,0,0,0,0,0,3,0,3,458,0,0,0,0,0
51,6,7,1,5,3,0,1,0,20,0,155,0,0,0,14,3,429,0,10,7,1,7,1,13,7,5,0,0,42,19,0,52,0,0,13,0,1,1,1,7,71,0,2,3,18,23,3,4,1,9,0,0,0,533,10,20,36,1,1,32,0,2,1,48,0,311,3,23,0,5,0,383,1,10,0,2,0,25,5,0,11,3,0,3,0,400,0,1,0,9,0,0,505,353,2,0,0,1,7,12,0,4,0,9,0,1,11,0,40,0,12,2,0,7,101,9,3,9,635,0,6,0,5,19,0,0,0,6,14,0,0,0,161,0,18,1,0,0,12,0,0,1,2,0,1,18,5,7,0,0,17,26,411,4,0,0,1,0,0,5,0,0,2,0,0,0,0,1,48,0,10,9
0,0,0,14,0,0,0,0,0,26,0,0,0,0,0,9,0,1,0,0,0,0,11,0,0,0,14,0,0,0,67,0,38,0,0,3,4,0,0,0,1,0,3,0,417,112,6,92,3,0,0,0,0,0,5,0,5,0,0,0,64,0,0,0,12,0,4,1,40,0,0,0,0,1,0,0,0,0,21,12,0,37,10,86,15,30,0,0,0,0,0,0,29,0,0,0,1,0,16,0,302,0,31,0,2,0,0,75,0,3,0,0,4,0,0,5,54,0,0,2,311,14,0,65,1,0,0,0,0,7,0,0,0,0,0,0,0,0,0,34,0,0,0,91,0,0,10,4,11,0,0,7,2,0,0,0,0,9,0,0,3,0,11,11,0,0,0,0,0,0,0,0,3
0,0,0,0,0,0,2,0,2,0,0,0,1,0,0,0,1,0,0,0,0,0,0,0,0,0,0,1,0,0,0,0,0,4,0,0,0,11,9,9,0,0,0,3,0,0,0,0,0,0,0,5,0,5,0,0,0,0,1,0,0,6,2,0,0,1,0,0,0,0,0,1,0,0,0,2,0,1,0,0,0,0,0,0,0,0,0,9,0,0,1,1,0,0,0,28,0,0,0,0,0,8,0,1,0,3,0,0,936,0,1,0,0,0,0,0,0,0,0,0,0,0,0,0,0,1,4,0,0,0,0,35,1046,0,0,1,6,4,0,0,0,18,0,0,0,0,0,0,0,1,0,0,4,0,0,0,4,0,0,0,0,0,0,0,20,0,0,2,0,0,0,0,0
8,0,0,0,147,0,1,0,0,1,5,0,0,60,30,0,60,1,0,2,0,1,1,0,0,0,0,1,0,0,10,0,0,0,51,2,0,0,0,0,1,83,1,27,0,1,0,0,11,0,1,1,0,3,1,0,0,0,3,1,0,0,2,0,0,0,0,21,1,0,0,4,1,0,2,0,1,0,0,0,3,0,0,0,0,0,0,5,0,1,0,0,0,0,0,2,0,0,0,0,0,3,0,0,0,0,0,0,0,1,0,0,1,1,1,1,0,0,0,0,0,0,0,0,1,67,0,0,0,0,2,0,2,0,0,12,0,5,0,1,0,0,3,0,91,0,0,2,0,1,404,1,1,0,2,0,1,0,0,1,1,0,0,0,26,0,0,0,2,0,0,0,0
0,0,0,0,3,0,1817,0,4,0,10,0,11,0,0,0,3,0,0,0,0,0,0,0,0,0,0,0,0,0,0,0,0,8,0,1,0,6,6,374,1,0,0,1,0,0,2,0,0,0,0,0,0,0,0,1,1,0,11,7,0,0,35,0,0,12,0,1,1,5,0,0,0,0,0,2282,0,0,0,0,2,0,0,0,0,0,0,0,0,0,64,3523,0,0,1,1,8,19,0,0,0,0,0,6,0,1818,0,0,3,0,0,0,0,2,3,0,2,2,0,0,0,0,2,0,0,0,18,2,0,0,0,2,39,0,3,0,3,0,0,0,1,26,0,0,0,0,0,0,0,0,0,0,1,0,0,2,0,0,0,0,0,0,0,0,0,0,13,10,1,0,0,0,0
8,3,1,2,1,2,23,2,0,6,6,1,0,17,12,1,16,2,1,38,4,0,1,2,0,6,2,0,2,0,7,2,7,0,34,3,0,0,0,1,5,0,2,44,0,1,2,2,6,4,0,4,0,1,3,123,3,0,200,10,0,1,3,3,1,1,1,0,15,0,4,0,3,2,0,2,0,0,0,1,8,0,2,6,3,11,0,7,0,3,2,1,8,4,2,1,389,0,0,3,1,26,1,0,1,3,0,2,3,12,1,0,0,18,3,4,11,384,2,2,0,6,8,0,15,17,15,6,1,4,0,0,11,0,247,3,0,3,0,0,0,0,14,10,18,1,12,1,2,0,13,8,3,1,1,1,1,5,0,0,7,0,4,3,16,3,0,6,3,0,3,2,2
1,3,0,2,10,14,0,0,0,322,0,5,0,0,0,54,25,61,0,8,0,5,84,0,29,7,11,0,6,0,172,0,195,0,0,17,10,0,0,0,45,2,0,38,134,166,176,84,28,0,48,0,0,0,38,1,19,3,3,0,85,0,2,2,45,0,51,4,178,0,14,0,0,7,0,0,2,0,262,60,0,55,13,71,39,38,1,0,8,3,1,0,75,5,191,2,1,0,1,0,151,2,16,0,16,0,3,193,0,16,0,1,20,6,0,117,54,4,33,11,94,62,0,18,20,0,0,0,0,24,0,1,0,11,0,1,0,0,0,181,0,0,0,45,0,1,42,54,47,0,0,192,80,25,1,0,0,21,19,24,16,0,104,7,0,0,0,0,224,25,0,11,7
1,7,0,3,83,13,1,3,0,329,3,9,0,2,3,12,192,15,1,54,2,4,123,2,19,6,16,3,34,1,184,7,248,4,0,245,48,1,2,4,197,3,0,76,113,191,475,169,67,30,246,0,0,1,71,86,70,11,24,0,103,0,9,9,73,1,80,11,233,0,48,1,1,9,3,0,43,0,283,35,6,70,10,81,84,91,11,0,10,71,34,0,106,10,17,11,6,1,6,4,52,1,9,2,14,0,6,211,0,17,0,4,35,15,1,108,133,78,132,16,65,29,0,38,84,0,1,2,1,34,1,6,0,122,9,1,0,0,1,378,1,1,9,108,0,0,104,27,20,0,1,197,304,15,2,0,0,22,53,9,129,2,289,9,0,0,0,0,21,45,3,170,13
0,0,0,0,0,0,2,0,0,24,0,0,0,0,0,127,4,3,0,0,0,1,18,0,0,0,7,0,4,1,26,0,2,0,0,165,10,0,0,0,7,1,0,0,90,9,2,488,2,2,7,0,0,0,1,1,15,3,0,0,302,0,0,0,255,0,1,29,36,0,11,0,1,0,0,0,2,0,51,71,1,616,0,704,332,633,0,0,124,242,0,0,836,0,9,0,1,0,0,0,71,0,0,0,0,0,0,131,0,4,0,0,122,16,0,33,411,2,0,0,55,5,0,0,122,0,0,0,4,0,0,0,0,0,0,0,0,0,0,147,0,0,0,426,0,0,1,1,0,0,0,37,10,0,0,0,0,1,1,0,2,0,11,1,0,0,0,0,56,0,0,1,0
0,0,0,0,0,0,0,31,0,1,0,0,0,0,0,0,0,5,0,0,0,0,0,0,0,0,0,19,0,0,0,0,0,0,18,5,0,0,0,0,0,0,0,2,0,0,0,0,49,0,0,94,0,6,1,0,0,0,0,0,0,0,2,0,0,0,0,0,0,0,0,327,0,0,0,0,0,2,0,0,0,0,0,0,0,0,0,34,0,1,0,0,0,0,0,3,0,0,2,0,0,8,0,0,0,0,0,0,0,8,4,0,0,0,0,1,0,1,0,0,0,0,0,0,0,2,0,0,0,0,424,0,1,0,0,6,0,0,0,0,0,0,0,0,0,0,0,0,0,6,1,0,0,0,0,0,109,0,0,0,0,3,0,0,0,0,0,3,0,0,2,0,0
0,2,0,0,72,0,4,2,19,0,57,0,5,668,101,0,383,0,0,0,0,1,0,0,0,0,0,4,0,0,19,0,0,0,435,2,0,0,0,6,0,14,0,15,0,0,0,0,1,0,0,7,0,15,0,0,0,0,24,4,0,6,8,0,0,1,0,1,0,3,0,11,24,0,0,3,1,0,0,0,1,0,0,0,0,0,1,37,0,1,0,0,1,2,0,1,11,0,0,2,0,75,0,0,1,5,0,0,2,11,9,0,0,0,34,1,0,0,0,0,0,0,4,0,0,867,8,0,0,0,10,0,20,0,4,17,0,21,0,0,0,0,1,0,656,0,0,0,0,46,187,0,3,0,1,2,8,0,0,0,0,0,0,0,44,0,0,4,1,0,0,0,1
0,0,0,0,15,0,5,2,1237,0,10,0,1144,0,86,0,7,0,0,0,1,0,0,97,0,0,0,2,2,5,0,10,0,1480,4,0,26,820,1373,1053,0,0,0,3,0,0,0,0,4,0,1,6,0,8,0,5,2,0,2,31,0,13,44,3,0,399,0,1,0,916,0,36,0,0,0,14,6,6,0,0,19,0,0,0,0,1,0,33,0,3,26,14,0,6,0,20,15,93,0,0,1,6,0,1544,0,20,0,0,28,1,0,4,0,15,7,0,0,1,0,0,0,0,5,0,5,47,178,28,2,0,17,227,45,4,8,26,625,1,209,0,115,986,235,0,2,0,0,0,0,1,1,0,0,0,0,0,18,0,0,11,0,2,0,0,6,3,500,1,0,0,86,0,0
1,134,27,25,5,242,1,0,0,82,21,5,0,11,1,1,0,2,68,11,19,501,384,4,3,578,155,1,1,5,2,8,9,0,0,0,1,7,0,0,20,38,25,10,1,17,21,77,117,3,121,0,13,0,1,16,5,10,2,24,4,0,7,13,8,0,1,478,5,0,508,0,5,12,6,0,4,0,0,64,9,0,5,3,2,2,3,0,61,156,5,0,2,3,0,2,1,1,20,70,4,0,5,0,80,0,9,0,5,0,0,405,35,17,48,0,3,0,2,0,3,1,11,99,8,0,0,17,21,4,0,0,0,1,1,0,0,0,0,14,3,0,0,136,0,50,9,24,0,0,0,2,3,1,216,16,0,3,76,2,8,0,0,1,0,16,8,0,0,1,0,0,2
3,2,0,0,6,1,4,0,0,1,5,1,0,4,18,0,0,0,0,2,1,1,1,156,0,5,1,0,46,13,0,533,3,0,0,0,119,18,2,1,8,0,0,3,2,1,6,0,15,95,23,0,0,0,0,70,104,0,0,241,0,0,7,251,7,6,0,0,2,0,4,0,0,4,1,6,147,0,0,0,203,1,0,0,0,13,0,0,0,3,223,0,2,1,2,19,2,8,0,0,2,0,1,0,2,0,0,0,2,0,0,13,3,0,22,0,1,0,0,0,3,0,539,1,2,0,0,43,46,10,0,7,0,2,63,3,5,1,0,13,12,0,1,2,0,0,0,0,0,0,1,2,2,0,2,0,0,0,1,0,11,0,1,1,0,551,7,1,0,1,3,1,0
0,4,1,1,31,7,2,0,1,6,4,0,0,110,31,0,1,0,1,13,3,5,5,19,0,8,3,0,499,6,3,496,10,3,1,0,279,5,12,21,42,3,0,6,1,4,14,1,87,697,27,1,0,1,4,208,137,2,0,187,9,0,7,819,0,79,7,8,4,3,22,1,2,106,1,1,811,1,7,4,173,0,0,2,3,8,0,0,0,5,409,0,1,1,6,35,15,16,0,4,2,0,6,1,1,0,1,4,10,0,0,30,1,16,26,0,6,7,0,3,1,2,171,3,3,0,0,16,316,3,3,92,0,28,356,0,27,0,44,5,163,0,6,7,0,0,4,5,0,0,1,2,0,1,2,0,0,0,0,2,6,3,168,0,0,136,14,0,2,1,44,2,1
0,1,0,0,1,0,1,0,0,0,2,0,0,0,51,0,0,0,0,11,1,0,0,1,0,0,0,0,222,1,0,60,0,6,0,0,9,0,0,0,1,2,0,0,1,0,2,1,1,301,3,0,0,0,0,7,147,0,0,0,0,0,3,33,0,28,2,0,2,0,5,0,0,0,0,3,151,0,1,2,17,1,0,0,0,6,0,0,0,3,29,0,4,1,1,0,1,2,0,0,0,0,0,5,0,0,0,0,1,0,0,8,0,2,0,2,5,1,0,0,0,0,10,0,1,0,0,0,58,1,0,6,0,1,22,0,11,0,4,0,8,0,20,4,0,0,0,0,0,0,0,1,1,0,2,0,0,0,0,0,1,0,5,0,0,26,0,0,0,0,0,0,0
1,214,15,11,2,177,0,0,0,3,0,3,0,0,0,0,0,0,100,47,28,125,10,0,170,93,10,0,0,0,1,0,34,0,0,0,1,0,0,0,2,7,12,0,0,7,11,2,7,0,0,0,3,0,1,0,2,12,0,0,0,0,0,0,0,0,5,0,2,0,12,0,0,44,18,0,0,0,1,0,0,0,12,0,0,0,3,0,4,0,0,0,0,1,0,1,0,2,3,44,3,0,2,0,142,0,21,0,0,1,0,24,10,0,9,0,0,0,0,1,0,2,0,4,0,0,0,0,1,29,0,0,0,0,0,0,0,0,0,0,0,0,0,1,0,27,6,260,6,0,0,9,0,1,7,3,0,4,33,238,1,0,0,3,0,0,1,0,0,16,0,0,8
0,1,2,8,0,10,0,0,0,0,0,4,0,0,0,0,0,0,2,0,246,1,123,0,4,5,163,0,0,0,0,0,3,0,0,0,0,0,0,0,0,5,0,0,0,2,0,1,3,0,0,0,9,0,0,0,0,11,0,0,3,0,0,0,0,0,0,0,0,0,0,0,0,1,2,0,0,0,0,0,0,0,0,0,0,0,1,0,1,0,0,0,0,0,0,0,0,0,1,11,2,0,0,0,4,0,4,0,0,0,0,3,1,0,0,0,0,0,0,1,0,0,0,26,0,0,0,0,0,2,0,0,0,0,0,0,0,0,0,0,0,0,0,2,0,8,0,5,0,0,0,0,0,0,0,0,0,0,0,3,0,0,0,0,0,0,0,0,0,0,0,0,0
0,3,0,0,7,2,2,9,0,0,0,2,0,16,10,0,9,0,3,1,0,1,0,0,0,0,0,0,0,0,48,0,1,0,15,0,0,0,0,1,0,0,0,253,0,0,0,1,1,0,1,3,0,1,0,1,0,0,530,0,0,0,1,0,0,0,0,4,0,0,0,3,1,0,0,0,0,0,0,0,1,0,2,2,1,0,1,5,2,0,0,0,5,0,0,0,114,0,0,1,0,20,0,0,2,7,0,0,1,13,1,0,0,0,2,0,0,0,0,0,1,0,0,0,0,31,0,0,0,0,0,0,20,0,6,15,1,53,0,7,0,1,0,0,1,0,2,0,0,0,6,0,46,0,0,0,0,0,1,0,2,0,0,1,705,0,0,2,0,0,0,0,1
645,11,25,17,2,8,2,0,1,5,4,369,0,6,1,6,0,296,10,2,5,1,18,18,26,4,10,0,0,798,2,5,33,1,0,3,3,2,2,0,3,183,9,2,13,22,7,3,7,1,151,0,2,0,66,10,70,405,0,25,159,0,2,4,324,0,145,5,4,0,13,0,94,3,71,0,4,0,8,8,2,47,11,3,1,4,405,0,0,3,4,0,3,103,25,8,0,1,5,17,9,0,6,0,59,0,18,8,0,3,0,17,10,1,37,3,9,0,0,328,7,1,4,10,119,0,0,12,109,7,0,4,0,91,1,188,0,0,0,16,0,0,2,6,0,7,14,5,6,0,1,1,1,211,1,1,0,2,1,2,5,0,0,38,0,3,2,0,0,45,2,3,8
0,0,0,0,0,0,0,802,0,0,0,0,0,0,0,0,0,0,0,0,0,0,0,0,0,0,0,518,0,0,0,0,0,0,10,0,0,0,0,0,0,0,0,0,0,0,0,0,0,0,0,58,0,1168,0,0,0,0,0,0,0,1318,2,0,0,0,0,0,0,0,0,40,0,0,0,0,0,1010,0,0,0,0,0,0,0,0,0,1,0,0,0,0,0,0,0,0,0,0,0,0,0,30,0,0,0,0,0,0,47,5,855,0,0,0,0,0,0,0,0,0,0,0,0,0,6,1,2,0,0,0,2,3,15,0,0,5,0,0,0,0,0,0,0,0,0,0,0,0,0,1319,0,0,0,0,0,0,35,0,0,0,0,214,0,0,0,0,0,4,0,0,0,0,0
0,0,0,0,0,0,0,337,0,0,0,0,0,0,0,0,0,0,0,0,0,0,0,0,0,0,0,51,0,0,0,0,0,0,0,0,0,0,0,0,0,0,0,0,0,0,0,0,0,0,0,1057,0,18,0,0,0,0,0,0,0,0,0,0,0,0,0,0,0,0,0,102,0,0,0,0,0,2,0,0,0,0,0,0,0,0,0,274,0,0,0,0,0,0,0,0,0,0,0,0,0,1,0,0,0,0,0,0,4,1,4,0,0,0,0,0,0,0,0,0,0,0,0,0,1,0,0,0,0,0,0,0,1,0,0,0,0,0,0,0,0,0,0,0,0,0,0,0,0,31,0,0,0,0,0,0,352,0,0,0,0,0,0,0,0,0,0,1,0,0,0,0,0
1,0,0,0,3,2,10,24,0,0,0,0,1,21,12,0,7,0,0,1,0,0,0,0,0,0,0,11,0,0,6,0,1,0,120,17,0,0,0,8,0,0,1,46,0,0,2,0,5,0,0,7,0,31,0,0,0,0,44,0,0,14,16,0,0,0,3,0,2,1,1,100,3,0,1,5,0,25,0,0,0,0,1,0,0,0,0,303,0,1,0,0,1,0,0,0,23,0,0,0,0,935,0,0,0,11,0,1,2,631,2,0,1,0,4,0,0,0,0,0,0,0,0,0,0,43,9,0,0,0,59,2,27,1,3,478,0,85,0,4,0,0,2,0,2,0,2,0,0,9,6,0,32,0,0,0,189,0,0,0,1,1,0,0,26,0,0,90,0,0,0,0,0
0,0,0,0,0,0,1,0,12,0,0,0,1,0,0,0,0,0,0,1,0,0,0,0,0,0,0,5,0,0,0,0,0,21,4,0,0,20,67,5,0,0,0,2,0,0,0,0,0,0,0,1,0,8,0,0,0,0,4,0,0,29,1,0,0,3,0,0,0,0,0,2,0,0,0,0,0,29,0,0,0,0,0,0,0,0,0,3,0,0,0,0,0,0,0,21,1,1,0,0,0,19,0,4,0,3,0,0,216,2,5,0,0,0,0,0,0,0,0,0,0,0,0,0,0,0,1,1,0,0,1,58,84,0,0,19,8,18,0,0,2,18,0,0,0,0,0,0,0,1,0,0,18,0,0,0,7,0,0,0,0,2,0,0,10,0,2,0,0,0,0,0,0
0,24,3,2,5,4,0,0,0,14,0,2,0,0,0,0,3,1,3,12,2,16,33,0,4,9,7,0,0,0,14,0,28,0,0,3,0,0,0,0,5,6,1,5,1,13,29,5,18,0,17,0,8,0,4,4,1,5,0,0,0,0,0,0,5,0,5,1,7,0,9,0,0,3,4,0,0,0,31,1,0,0,1,1,3,0,3,0,1,0,0,0,0,2,0,0,0,0,0,4,6,0,1,0,22,0,2,11,0,0,0,3,2,1,2,4,0,0,3,3,1,0,0,9,0,0,0,0,0,1,0,0,0,1,0,0,0,0,0,3,0,0,0,0,0,5,5,14,0,0,0,5,10,3,4,0,0,0,5,1,4,0,0,0,0,0,1,0,0,5,0,1,2
1,65,1,1,1,12,0,0,0,55,10,0,0,0,0,1,3,12,5,15,13,7,5,2,6,25,1,0,0,6,22,1,30,0,0,100,1,0,0,0,42,1,0,4,13,12,92,4,5,1,27,0,0,0,15,4,30,2,0,2,16,0,4,0,9,0,7,1,25,0,224,0,1,1,2,0,5,0,506,154,2,5,2,43,35,20,5,0,2,22,4,0,39,9,10,2,9,0,0,0,18,0,0,0,5,0,0,238,0,1,0,22,17,0,0,29,32,2,0,5,1,4,3,0,6,0,0,0,3,4,0,0,0,2,1,0,0,0,0,13,1,0,0,1,0,0,8,46,1,0,0,64,4,9,7,1,0,0,5,3,2,0,6,1,0,2,0,0,36,24,0,6,1
2,0,0,0,28,2,1,1,2,3,18,0,0,37,1,0,0,1,0,0,0,1,0,18,0,5,0,3,3,74,0,11,0,6,0,1,0,75,31,3,1,1,0,28,0,0,3,0,13,1,66,0,0,3,1,11,11,0,4,20,1,3,3,6,0,5,0,2,1,0,10,1,42,1,1,0,2,1,4,1,2,0,0,1,0,0,0,1,2,8,22,0,0,0,1,541,7,40,0,0,0,1,18,0,0,1,0,0,200,0,0,13,0,13,9,0,0,0,0,0,0,0,0,0,3,1,6,233,1,0,4,72,68,0,1,0,12,4,9,1,9,5,0,0,0,0,0,1,0,0,0,0,6,1,0,0,0,0,0,1,0,2,0,0,13,15,8,1,0,1,10,0,1
6,23,2,0,0,4,0,0,0,3,416,5,0,0,0,1,0,0,9,0,386,15,209,1,0,30,115,0,1,16,2,0,0,0,0,0,0,0,0,0,4,96,3,0,1,1,9,9,24,2,91,0,21,0,0,0,4,59,0,129,1,0,3,0,16,0,0,36,1,0,48,0,0,0,3,0,1,0,1,0,9,4,0,2,0,0,7,0,286,1,3,0,0,1,0,3,0,1,2,3,0,0,0,0,3,0,1,2,0,0,0,315,4,0,2,0,1,0,0,0,0,0,10,16,0,0,1,8,9,0,0,0,0,0,0,0,0,0,0,5,0,0,0,1,0,10,2,1,0,0,0,0,1,0,15,369,0,0,14,1,1,0,0,0,0,1,0,0,0,0,0,1,0
0,0,0,0,0,1,0,0,0,15,0,0,0,0,1,11,0,119,0,3,0,0,0,0,1,0,0,0,0,0,5,0,0,0,0,98,0,0,0,0,1,0,3,0,2,1,1,17,20,0,1,0,0,0,4,2,4,0,0,1,3,0,0,1,1,0,0,3,3,0,5,0,0,0,0,0,0,0,14,28,1,0,0,28,29,97,0,0,3,23,0,0,61,10,9,0,0,0,0,0,3,0,0,0,0,0,0,14,0,0,0,1,34,417,0,122,31,0,0,6,0,1,0,1,150,0,0,0,1,0,1,0,0,0,2,0,0,0,0,2,1,0,0,10,0,0,0,3,0,0,0,68,0,18,0,0,0,0,0,0,0,0,4,0,0,0,0,0,96,0,0,0,0
0,0,0,0,1,0,0,250,0,0,0,0,0,1,0,0,1,0,0,0,0,0,0,0,0,0,0,415,0,0,2,0,0,0,18,1,0,2,0,1,0,0,0,1,0,0,2,0,0,0,0,22,0,259,0,0,0,0,0,0,0,553,20,0,0,0,0,0,1,0,0,38,0,0,0,0,0,550,0,0,0,0,0,0,0,0,0,5,0,16,0,0,0,0,0,206,2,0,90,0,0,18,2,0,0,1,0,0,16,2,384,0,0,3,0,0,0,0,0,0,0,0,0,0,37,0,0,1,0,0,2,15,14,1,0,4,0,0,0,0,0,0,0,0,0,0,0,0,0,186,1,0,0,0,0,0,24,0,0,0,0,597,0,0,0,0,0,1,0,0,1,0,0
0,0,0,0,0,0,0,14,0,0,0,0,0,0,0,0,0,0,0,0,0,0,0,0,0,0,0,11,0,0,0,0,0,0,2,3,0,0,0,0,0,0,0,0,0,0,0,1,0,0,0,43,0,0,0,0,0,0,0,0,0,0,1,1,0,0,0,0,0,0,0,24,0,0,0,0,1,0,0,0,0,0,0,0,0,0,0,8,0,1,0,0,0,0,0,5,0,0,1,0,0,0,0,0,0,0,0,0,0,0,1,0,0,0,0,0,0,0,0,0,0,0,0,0,0,0,0,0,0,0,4,0,0,0,0,0,0,0,0,0,0,0,0,0,0,0,0,0,0,3,0,0,0,0,0,0,21,0,0,0,0,4,0,0,0,0,0,0,0,0,1,0,0
