0.87989,0.22923,0.39065,0.35945,0.20051,0.29276,0.94676,0.51747,0.83598,0.30806,0.55978,0.45773,0.87968,0.57023,0.4141,0.37027,0.49059,0.39264,0.54436,0.38764,0.46607,0.48537,0.29457,0.4968,0.2511,0.48629,0.21132,0.48693,0.59647,0.79894,0.21569,0.44663,0.19606,0.81263,0.5255,0.3074,0.36289,0.57375,0.77748,0.67463,0.41355,0.25581,0.29953,0.2875,0.44624,0.20497,0.3544,0.46122,0.1878,0.55341,0.24898,0.70932,0.53515,0.7556,0.59107,0.19079,0.20702,0.52107,0.5434,0.2899,0.35222,0.69401,0.225,0.64286,0.3798,0.53812,0.35866,0.73432,0.32241,0.79852,0.4985,0.34994,0.55865,0.20679,0.65295,0.97078,0.671,0.60061,0.39537,0.30498,0.3202,0.71462,0.33431,0.66841,0.59091,0.63971,0.44124,0.34356,0.38287,0.36738,0.35413,0.98874,0.68943,0.65195,0.51227,0.47094,0.50336,0.79005,0.49175,0.23745,0.36044,0.71331,0.45499,0.91777,0.18732,0.95725,0.2625,0.23385,0.61779,0.69709,0.61461,0.45838,0.30743,0.48378,0.18975,0.22523,0.53469,0.74468,0.36533,0.58292,0.5016,0.53979,0.59845,0.40336,0.24538,0.77976,0.54526,0.50436,0.41021,0.36612,0.61331,0.32861,0.66645,0.39252,0.50133,0.41959,0.54237,0.50939,0.78645,0.43253,0.33464,0.69292,0.59181,0.49731,0.84511,0.3196,0.35678,0.35575,0.39122,0.81239,0.60222,0.24648,0.50946,0.53134,0.59426,0.84501,0.33855,0.60928,0.25194,0.48678,0.32353,0.57553,0.43038,0.53308,0.69674,0.71676,0.69134,0.94643,0.57759,0.16287,0.48402,0.53182,0.50733
0.53868
0,37,284,162,0,37,0,0,0,0,0,65,0,0,0,1,0,2,99,22,1,3,2,0,171,10,8,0,0,0,0,0,7,0,0,0,1,0,0,0,0,11,254,0,0,5,2,0,3,0,1,0,183,0,3,0,0,21,0,0,0,0,0,0,1,1,27,0,0,0,0,0,10,78,476,0,0,0,0,0,0,0,115,0,0,0,21,0,0,0,0,0,0,5,0,0,0,0,74,227,0,0,15,0,31,0,147,1,0,0,0,0,6,0,10,0,0,0,1,17,0,2,0,36,2,0,0,0,1,27,0,0,0,0,0,0,0,0,0,0,0,0,0,0,0,223,18,7,2,0,0,0,0,16,2,0,0,29,9,10,2,0,0,16,0,0,0,0,0,1,0,0,3
0,1,9,59,1,12,0,0,0,11,0,4,0,0,0,5,0,3,0,0,0,1,0,0,17,0,6,0,0,0,95,0,136,0,0,1,1,0,0,0,2,0,71,0,30,110,6,2,1,0,0,0,1,0,1,0,0,0,0,7,3,0,0,0,0,0,8,0,24,0,0,0,0,47,1,0,1,0,3,0,0,2,341,0,1,1,0,0,0,0,1,0,17,1,0,1,0,0,20,5,71,2,369,0,4,0,13,61,0,23,0,0,8,0,0,12,0,0,2,1,27,563,0,21,0,0,0,0,0,268,0,0,0,0,0,0,0,0,0,1,0,0,0,9,0,2,355,15,196,0,0,8,1,0,0,0,0,407,5,0,4,0,17,282,0,0,0,0,4,2,0,1,173
0,33,41,44,26,37,2,1,0,11,4,16,11,2,1,0,2,1,34,130,1,8,51,0,54,13,24,0,1,0,17,0,81,1,0,34,7,15,1,8,4,2,107,1,1,58,55,0,28,1,28,0,34,2,4,10,8,36,12,6,1,1,0,0,3,0,23,2,1,1,1,1,3,89,4,5,1,0,2,0,0,0,133,0,1,1,5,0,0,1,7,0,0,1,0,5,2,1,29,120,3,1,27,0,106,2,138,0,0,3,3,1,16,1,7,8,5,1,29,1,0,13,4,102,2,0,10,0,0,42,1,1,5,21,0,1,0,0,0,2,0,10,1,4,1,62,44,94,28,0,0,15,10,6,1,0,0,41,2,8,17,0,0,27,1,1,0,3,1,30,0,10,29
0,150,133,47,0,92,0,0,0,0,0,16,0,0,0,0,0,0,497,18,61,31,24,0,33,37,39,0,0,3,0,0,1,0,0,0,1,0,0,0,2,169,60,0,0,0,0,0,5,0,2,0,373,0,0,0,1,117,0,0,1,0,0,0,0,0,7,1,3,0,13,0,6,18,84,0,0,0,0,0,0,0,11,0,0,0,28,0,66,0,0,0,0,2,0,0,0,0,21,187,0,0,0,0,42,0,40,0,0,0,0,5,6,0,24,1,0,0,0,2,0,0,0,19,0,0,0,0,2,13,0,0,0,2,0,0,0,0,0,0,0,0,0,0,0,225,1,19,0,0,0,1,0,5,19,4,0,1,130,16,0,0,0,1,0,0,0,0,0,0,0,0,0
0,6,29,79,0,29,0,0,0,0,0,2,0,0,0,0,0,0,8,1,1,2,0,0,21,4,1,0,0,0,4,0,3,0,0,0,1,0,0,0,0,0,47,0,0,1,0,0,0,0,0,0,1,0,1,0,0,0,0,1,0,0,0,0,0,0,4,0,0,0,0,0,0,109,1,0,0,0,0,0,0,0,60,0,0,0,0,0,0,0,0,0,0,2,0,2,0,0,4,51,1,0,18,0,15,0,31,5,0,0,0,0,0,0,1,0,0,0,0,0,1,13,0,1,0,0,0,0,0,72,0,0,0,0,0,0,0,0,0,0,0,0,0,0,0,11,17,16,5,0,0,0,0,2,0,0,0,28,0,1,0,0,0,10,0,0,0,0,0,0,0,0,6
1,136,22,16,110,95,0,0,0,17,14,15,0,1,0,0,14,2,33,276,25,79,143,0,31,133,13,0,3,2,10,8,62,0,0,6,17,3,0,2,22,15,14,8,1,33,307,3,101,7,120,0,10,0,21,25,19,22,30,0,4,0,2,7,6,0,34,5,9,0,39,0,9,20,4,0,3,0,8,1,3,0,13,0,3,1,8,0,8,4,24,0,1,5,0,11,2,3,4,57,1,0,6,0,133,0,40,3,3,1,0,11,41,0,2,4,2,4,121,11,1,6,4,24,3,0,1,3,1,32,0,1,0,18,1,1,0,0,1,5,0,0,0,7,0,43,44,67,4,0,0,25,124,8,11,3,0,2,20,12,61,0,6,6,0,6,2,0,0,46,1,45,13
0,2,91,289,0,4,0,0,0,0,0,20,0,0,0,0,2,0,0,0,1,0,4,0,4,0,183,0,0,0,4,0,27,0,0,0,0,0,0,0,0,1,192,0,12,36,1,9,1,0,3,0,14,0,0,0,0,6,0,0,19,0,0,0,2,0,9,0,0,0,0,0,0,18,4,0,0,0,0,0,0,0,175,1,0,0,2,0,0,0,0,0,0,1,0,0,0,0,298,104,9,0,23,0,2,0,39,0,0,0,0,0,178,0,0,0,0,0,0,0,17,3,0,432,0,0,0,0,0,15,0,0,0,0,0,0,0,0,0,0,0,0,0,16,0,22,24,3,5,0,0,0,2,1,0,0,0,19,0,0,2,0,0,33,0,0,0,0,0,0,0,0,6
0,2,0,0,3,1,1,0,0,0,0,0,0,1,4,0,0,0,4,1,0,2,1,0,0,0,0,0,0,0,5,0,0,0,3,0,0,0,0,0,0,0,3,45,0,0,1,0,0,0,1,1,0,0,0,1,0,0,3,2,0,0,1,0,2,0,0,3,0,0,1,0,0,0,4,0,0,0,0,0,0,0,0,0,1,2,4,1,2,0,0,0,1,0,0,0,0,1,0,0,0,2,0,0,0,0,1,0,0,1,0,2,0,0,14,1,0,0,0,0,0,0,0,2,0,1,0,0,0,0,0,0,0,0,0,6,0,39,0,9,0,0,0,0,0,1,0,0,0,0,1,0,0,0,0,0,0,0,0,0,0,1,0,0,106,0,0,0,0,0,0,0,0
2,0,0,0,37,0,10,2,55,0,30,0,118,7,323,0,1,3,0,5,3,0,0,388,0,2,0,3,14,11,0,6,0,294,1,1,193,358,242,62,0,1,0,7,0,0,0,0,49,7,3,7,0,0,0,15,5,0,0,9,0,2,4,12,0,158,1,0,0,180,9,8,2,0,0,8,16,3,0,0,252,0,0,0,1,1,0,3,2,5,35,14,1,54,0,24,56,794,0,0,27,2,1,109,0,4,0,0,8,0,2,7,0,45,41,0,0,3,0,1,0,0,8,0,9,9,15,405,9,0,13,278,19,2,2,5,382,0,1381,0,171,279,506,0,0,0,0,0,0,0,7,1,1,0,0,0,0,0,0,107,0,3,7,0,3,5,109,1,0,0,318,0,0
0,0,0,0,0,0,0,68,0,0,0,0,0,0,0,0,0,0,0,0,0,0,0,0,0,0,0,14,0,0,0,0,0,0,3,0,0,0,0,0,0,0,0,0,0,0,0,0,0,0,0,160,0,15,0,0,0,0,0,0,0,0,0,0,0,0,0,0,0,0,0,225,0,0,0,0,0,6,0,0,0,0,0,0,0,0,0,20,0,0,0,0,0,0,0,0,0,0,0,0,0,9,0,0,0,0,0,0,0,7,1,0,0,0,0,0,0,0,0,0,0,0,0,0,0,1,0,0,0,0,62,0,0,0,0,3,0,1,0,0,0,0,0,0,0,0,0,0,0,5,0,0,0,0,0,0,220,0,0,0,0,2,0,0,0,0,0,0,0,0,0,0,0
0,0,0,0,5,3,20,8,0,1,1,0,2,4,22,0,12,0,0,1,0,0,0,0,0,0,0,1,0,0,2,0,0,1,57,14,0,0,0,1,0,0,0,129,0,2,1,0,49,0,0,1,0,4,1,0,0,0,20,1,0,3,10,0,0,0,0,3,9,0,0,36,0,0,36,4,0,4,1,0,1,0,0,0,0,0,0,89,0,0,1,1,3,0,0,2,10,1,0,0,0,66,0,0,0,4,0,0,2,88,0,0,1,0,4,2,2,2,0,0,0,0,2,0,0,5,2,0,0,0,30,1,19,0,2,159,0,103,0,2,0,0,0,0,1,0,1,0,1,0,13,2,0,0,0,0,26,0,0,8,4,0,0,0,15,0,0,0,0,0,2,0,0
0,1,1,1,50,0,2,2,114,5,7,0,3,28,5,0,4,0,0,2,0,1,0,1,0,1,0,1,1,0,5,9,3,7,5,1,0,13,25,4,4,0,1,78,2,5,24,3,21,1,4,0,0,5,0,23,2,0,4,13,0,13,5,13,0,7,0,1,11,4,20,2,1,1,1,2,6,3,1,1,21,0,1,3,1,5,0,0,0,17,4,2,3,3,0,114,9,21,2,0,2,9,75,2,0,5,0,0,5,10,2,1,2,1,100,1,2,0,1,0,1,0,5,0,0,0,1,33,1,1,4,17,95,2,5,105,13,461,49,13,8,34,0,1,0,0,20,0,0,0,3,0,8,1,0,0,0,0,0,6,4,0,0,1,24,3,5,0,0,0,25,0,2
3,0,0,0,64,0,0,1,1,3,63,2,1,202,1,1,0,0,0,13,0,0,0,31,0,0,0,1,2,6,1,13,3,0,0,0,2,0,0,1,0,0,0,8,2,3,4,5,31,2,1,0,0,0,6,145,9,0,0,0,3,0,4,54,0,1,7,1,4,0,9,2,83,13,0,0,13,0,5,9,4,0,0,4,0,1,0,5,0,26,2,0,1,7,1,13,61,0,1,0,1,0,14,1,0,0,1,5,3,0,0,3,0,138,1,1,6,3,0,0,0,0,0,0,3,0,0,7,4,1,38,10,0,336,4,0,5,0,17,7,13,0,7,2,0,0,0,0,0,0,1,2,0,2,0,0,0,0,1,1,0,0,7,0,0,6,3,0,1,1,167,0,0
0,4,6,11,2,52,0,0,0,82,0,23,0,0,0,137,0,155,3,27,2,6,15,0,71,2,31,0,1,0,141,0,227,0,0,0,4,0,0,0,4,1,27,1,55,198,59,16,5,1,12,0,4,0,46,1,1,5,4,1,17,0,0,0,9,0,147,2,73,0,1,0,4,62,4,0,0,0,19,2,1,6,103,3,2,1,2,0,0,0,2,0,7,9,4,2,0,0,14,14,111,2,160,0,17,0,12,44,0,15,0,0,17,5,0,47,4,1,20,32,27,289,0,65,3,0,0,0,0,91,0,0,0,2,0,1,0,0,0,4,0,0,0,5,0,3,193,90,125,0,0,75,21,54,0,0,0,105,11,18,28,0,45,55,0,0,0,0,20,22,0,4,54
0,76,6,0,0,46,0,0,0,0,5,3,0,0,0,0,0,0,20,6,8,242,11,0,2,216,8,0,0,0,0,0,0,0,0,0,0,0,0,0,0,5,1,0,0,0,1,0,4,0,1,0,3,0,0,0,0,5,2,0,0,0,1,1,0,0,0,15,1,0,12,0,1,2,2,1,0,0,0,0,0,0,0,0,0,0,0,0,41,2,0,0,0,0,0,0,0,0,0,10,0,0,0,0,30,0,0,0,0,0,0,21,3,0,10,0,0,0,1,0,0,0,0,0,0,0,0,0,0,1,0,0,0,0,0,0,0,0,0,0,0,0,0,0,0,5,0,3,0,0,0,1,0,0,23,3,0,0,85,1,0,0,0,0,0,0,0,0,0,0,0,2,0
1,1,0,1,1,1,0,0,0,0,4,1,0,0,2,0,0,0,0,0,0,0,0,0,0,2,0,0,15,1,2,8,1,0,1,5,3,0,0,1,33,1,0,0,0,1,17,1,1,59,2,0,1,0,2,2,60,1,0,10,1,0,1,35,0,1,2,0,0,0,0,0,0,0,0,1,73,0,4,0,95,0,0,1,0,0,0,0,2,0,125,0,1,0,1,0,0,2,0,0,0,0,0,0,0,0,0,4,1,0,0,1,0,0,3,1,1,3,2,2,1,1,26,0,0,0,0,0,21,2,0,1,0,0,34,1,0,0,0,0,5,0,1,0,0,0,3,0,0,0,0,0,1,0,2,0,0,0,0,0,2,0,0,0,0,0,0,0,0,2,0,6,3
2,0,0,0,0,0,3,1,2,0,8,0,12,0,1,0,2,0,0,2,1,0,0,0,0,2,0,1,0,0,0,0,0,4,1,0,0,6,3,24,4,0,0,0,0,0,1,0,0,0,0,0,0,3,0,0,4,0,4,85,0,1,9,0,0,21,0,1,0,24,1,1,0,0,0,5,6,0,0,1,1,0,0,0,0,0,0,6,4,0,24,1,1,0,0,2,1,1,0,0,0,0,0,2,0,5,0,0,15,0,0,0,0,1,70,0,1,0,0,1,0,0,70,0,0,0,253,3,0,0,0,3,16,0,1,2,21,0,1,0,1,34,0,0,1,0,0,0,0,0,1,0,0,0,2,38,1,0,0,0,0,0,0,0,5,1,2,424,0,0,0,1,0
46,4,11,2,4,4,0,1,1,26,1,164,1,0,0,18,2,448,0,12,4,1,5,1,13,10,5,0,0,38,16,0,64,0,0,16,1,0,1,0,9,79,0,2,7,13,24,6,5,2,8,0,0,0,503,13,16,37,1,1,39,0,2,1,51,0,321,4,15,0,3,0,381,2,10,0,2,0,25,3,0,10,3,0,3,0,410,1,1,0,12,0,0,517,355,0,1,0,0,10,10,0,5,0,6,0,3,10,0,45,0,4,2,0,7,107,7,4,12,587,0,8,0,4,20,0,0,0,8,13,0,0,0,165,0,22,1,0,0,11,0,0,0,0,0,0,23,3,6,0,0,17,30,390,3,0,0,1,0,0,4,1,0,3,0,0,0,0,6,39,1,5,7
0,0,0,15,0,0,0,0,0,27,0,0,0,0,0,8,2,1,0,0,0,0,10,0,0,0,27,0,0,0,63,0,43,0,0,5,4,0,0,0,1,0,2,0,415,98,8,81,1,0,0,0,0,0,5,0,4,0,0,0,67,0,0,0,10,0,3,2,48,0,0,0,0,1,0,0,0,0,24,6,1,37,8,96,11,26,0,0,0,1,0,0,28,0,0,0,0,0,9,0,297,0,26,0,1,0,0,102,0,1,0,0,5,0,0,1,51,0,0,1,313,15,0,83,1,0,0,0,0,3,0,0,0,0,0,0,0,0,0,27,0,0,0,92,0,0,10,4,12,0,0,6,3,0,0,0,0,7,0,0,1,0,8,12,0,0,0,0,1,0,0,0,1
0,0,0,0,1,0,2,0,3,0,1,0,0,0,0,0,2,0,0,0,0,0,0,0,0,0,0,1,0,0,0,0,0,4,1,0,0,8,11,5,0,0,0,3,0,0,0,0,0,0,0,6,0,3,0,0,0,0,0,0,0,5,1,0,0,1,0,0,0,0,0,1,0,0,0,2,0,2,0,0,0,0,0,0,0,0,0,8,0,0,1,1,0,0,0,14,0,0,0,0,0,7,0,1,0,3,0,0,1007,0,1,0,0,0,4,0,0,0,0,0,0,0,2,0,0,1,1,0,0,0,1,28,1007,0,0,1,5,5,0,0,0,15,0,0,0,0,0,0,0,0,0,0,0,0,0,0,4,0,0,0,0,1,0,0,18,0,0,2,0,0,0,0,0
14,0,0,0,156,0,0,0,1,1,5,0,0,32,47,0,66,1,0,1,0,1,1,0,0,0,0,2,0,0,14,0,0,0,55,6,0,0,0,0,1,96,0,21,0,2,0,0,11,0,0,1,0,2,0,0,0,0,1,2,0,1,3,0,1,0,0,19,2,0,0,5,1,0,1,0,0,0,0,0,5,0,0,0,0,0,0,2,0,3,0,1,0,0,0,2,1,0,0,0,0,4,0,0,0,0,0,0,0,0,0,0,1,1,1,0,0,0,0,0,0,0,1,0,1,65,0,0,0,0,2,0,0,0,0,9,1,7,0,2,0,0,3,0,91,0,0,2,0,1,380,0,0,2,0,0,2,0,0,0,2,0,0,0,27,0,0,0,0,0,0,0,0
0,0,0,0,3,0,1814,0,5,0,10,0,19,0,0,0,2,0,0,0,0,0,0,0,0,1,0,0,0,0,0,0,0,8,0,1,0,8,6,352,1,0,0,2,0,0,2,0,0,0,0,0,0,0,0,1,2,0,6,4,0,0,30,0,0,10,0,1,1,3,0,0,0,0,0,2292,1,0,0,0,2,0,0,0,0,0,0,0,0,0,58,3601,0,0,1,1,2,12,0,0,0,0,0,5,0,1769,0,0,5,0,0,0,0,3,15,0,1,2,0,0,0,0,2,0,0,0,11,2,0,0,0,2,50,0,1,0,2,0,0,0,1,26,0,0,0,0,0,0,0,0,0,0,0,0,0,1,0,0,0,0,0,0,0,0,0,0,9,10,1,0,0,0,0
3,0,2,2,2,2,20,2,0,4,7,1,0,22,6,1,23,1,1,37,4,0,4,3,0,7,0,0,2,0,5,2,10,0,34,5,0,0,0,1,5,0,3,60,0,2,3,5,2,2,0,5,0,1,1,119,4,0,203,4,2,2,3,3,1,0,3,1,9,0,3,0,3,1,0,2,1,0,1,5,8,0,0,5,2,11,0,8,0,2,3,1,9,4,4,2,374,0,0,5,0,35,1,0,0,7,0,3,6,14,1,1,1,44,3,3,4,385,1,3,0,7,12,0,14,14,11,6,0,5,0,0,12,0,221,4,0,3,0,0,0,0,13,14,15,0,16,0,1,0,9,6,0,1,0,1,2,4,0,0,4,0,6,5,17,4,0,3,1,0,2,3,2
0,5,1,2,8,14,0,0,0,303,1,4,0,0,0,48,33,55,0,4,2,6,77,0,31,7,10,0,9,0,183,0,195,0,0,21,11,0,0,0,45,2,1,36,128,161,191,95,21,2,45,0,0,0,44,6,19,4,4,0,88,0,0,1,52,0,49,6,208,0,6,0,0,8,1,0,1,0,285,47,2,47,12,71,33,39,3,0,8,5,1,0,81,5,237,3,0,0,0,1,144,3,22,0,12,0,4,174,0,18,0,0,15,8,0,98,47,7,35,13,84,65,0,27,28,0,0,0,0,19,0,0,0,18,0,2,0,0,0,160,0,0,0,40,0,3,60,62,74,0,0,142,87,27,0,0,0,7,27,16,8,0,107,6,0,0,0,0,201,22,0,13,3
2,7,0,6,88,11,1,3,0,325,6,9,0,4,5,9,198,13,1,45,4,6,122,3,20,3,21,3,30,1,209,4,249,3,0,245,47,2,1,2,177,4,3,69,121,183,499,189,43,42,245,0,0,0,82,119,67,16,28,1,93,0,2,7,70,1,75,11,246,0,42,1,1,4,0,0,34,0,306,28,6,79,10,93,72,81,12,0,10,68,53,0,108,13,19,9,3,0,1,4,45,2,16,1,11,0,10,152,1,17,0,2,27,15,2,83,126,91,137,17,67,42,0,51,84,0,0,1,2,33,1,5,0,121,9,2,0,0,0,359,1,0,15,116,0,0,116,24,33,0,1,175,350,24,1,0,0,11,74,7,88,2,306,13,0,0,0,0,19,50,3,117,9
0,0,0,0,0,0,2,0,0,34,0,0,0,0,0,123,5,3,0,0,0,1,19,0,0,0,7,0,4,1,27,0,1,0,0,196,11,0,0,0,2,0,0,0,105,7,2,446,0,3,9,0,0,0,2,1,10,3,0,0,286,0,0,1,244,0,1,35,45,0,6,0,1,0,0,0,2,0,48,64,4,616,0,768,286,625,0,0,128,241,1,0,828,0,15,0,0,0,0,0,57,0,0,0,0,0,0,149,0,3,0,0,137,11,0,26,393,2,0,0,62,4,0,0,126,0,0,0,2,0,0,0,0,1,0,0,0,0,0,141,0,0,0,462,0,0,2,1,0,0,0,45,13,0,0,0,0,0,2,0,2,0,6,1,0,0,0,0,33,0,0,0,0
0,0,0,0,0,0,0,34,0,1,0,0,0,0,0,0,0,2,0,0,0,0,0,0,0,0,0,29,0,0,0,0,0,0,14,2,0,0,0,0,0,0,0,3,0,0,0,0,57,0,0,108,0,6,0,0,0,0,0,0,0,0,1,0,0,0,0,0,0,0,0,316,0,0,0,0,0,4,0,0,0,0,0,0,0,0,0,30,0,1,0,0,0,0,0,3,0,0,2,0,0,5,0,0,0,0,0,0,0,4,4,0,0,0,0,1,0,1,0,0,0,0,0,0,0,2,0,0,0,0,433,0,1,0,0,6,0,0,0,0,0,0,0,0,0,0,0,1,0,4,0,0,0,0,0,0,103,0,0,0,0,3,0,0,0,0,0,0,0,0,0,0,0
0,1,0,0,92,0,3,4,31,0,67,0,11,613,145,0,391,0,0,1,0,0,0,0,0,0,0,2,0,0,35,0,0,0,443,5,0,0,0,1,0,17,0,21,0,0,0,0,1,0,2,5,0,15,0,0,0,0,26,0,0,10,11,0,3,0,0,2,1,4,0,15,19,0,0,3,5,0,0,0,1,0,0,0,0,1,1,28,0,0,3,0,1,1,0,0,10,0,0,1,0,98,0,0,0,8,0,0,1,14,9,0,0,0,10,1,0,0,0,0,0,0,3,0,0,832,6,0,0,0,9,0,18,0,2,17,0,16,0,1,0,0,1,0,622,0,0,0,0,41,199,0,0,0,0,2,8,0,0,0,0,0,0,0,46,0,0,0,0,0,0,1,1
0,0,0,0,15,0,7,4,1213,0,15,0,1316,4,76,0,9,0,0,1,0,0,1,121,0,0,0,4,3,6,0,8,1,1583,3,0,29,743,1450,1045,0,0,0,4,0,0,0,0,6,3,1,6,0,2,0,2,2,0,1,36,0,15,36,4,0,367,0,1,0,864,0,22,0,1,0,15,6,7,0,0,21,0,0,0,0,1,0,27,0,2,31,20,0,8,0,12,18,88,0,0,1,10,0,1451,0,20,0,0,35,0,3,6,0,15,26,0,0,1,0,0,0,0,5,0,5,60,144,25,0,0,15,274,40,2,7,25,576,1,246,0,107,959,277,0,1,0,0,0,0,0,1,0,0,0,0,0,12,0,0,10,0,3,1,0,8,3,383,3,0,0,83,0,0
1,130,23,23,7,279,1,0,0,87,18,7,0,5,1,1,0,3,78,14,29,531,385,2,3,603,174,1,1,6,2,15,8,0,0,1,3,8,0,0,14,31,21,1,1,10,22,65,154,5,113,0,23,0,0,16,6,14,2,14,6,0,2,20,6,0,3,445,6,0,499,0,6,8,4,0,4,0,2,42,8,0,5,6,2,15,2,0,61,185,9,0,3,2,0,5,1,2,21,73,1,0,2,0,62,0,13,1,4,0,0,402,28,9,29,0,1,0,3,0,5,1,8,122,6,0,0,12,18,7,0,0,0,3,3,1,0,0,0,11,4,0,0,122,0,43,6,22,0,0,0,3,9,1,145,16,0,3,75,4,12,0,0,3,0,10,11,0,0,8,1,1,0
2,0,0,0,9,4,4,0,0,1,5,2,0,4,14,0,1,0,0,3,1,1,5,172,0,6,1,0,53,14,1,544,2,0,0,0,117,24,2,2,5,1,1,1,2,0,6,0,17,108,14,0,0,0,1,74,128,0,0,198,2,0,0,252,5,10,0,1,2,0,6,1,0,4,0,4,168,0,0,0,207,1,0,0,0,8,0,0,3,2,247,0,1,1,2,15,2,10,0,2,1,0,0,0,3,0,0,1,2,0,0,14,3,1,44,0,1,0,0,0,4,1,541,1,1,0,0,28,37,12,0,3,0,3,55,3,3,2,1,11,12,0,1,2,0,0,0,0,0,0,1,0,1,1,1,0,0,0,0,0,5,0,2,1,0,496,5,0,0,0,1,0,0
0,4,2,2,42,5,2,0,0,9,10,0,0,77,42,0,1,1,1,12,3,5,3,20,1,8,4,3,541,7,3,521,8,3,0,0,266,11,12,19,34,4,2,2,2,2,18,4,73,746,20,1,0,0,6,136,171,1,2,137,6,0,3,828,0,81,12,4,3,1,29,0,5,140,2,6,930,1,5,4,111,0,0,1,1,4,0,0,1,10,386,0,1,2,6,36,16,17,0,5,1,0,3,1,1,0,3,5,11,0,0,33,2,32,41,0,5,5,0,1,1,3,180,3,1,0,1,12,217,5,1,59,1,38,378,0,21,0,43,6,164,0,7,7,0,0,4,8,0,0,1,4,1,1,2,0,0,0,0,1,5,3,174,0,0,122,12,0,2,0,38,1,0
0,1,0,0,0,0,2,0,0,0,5,0,0,0,56,0,0,0,0,12,2,0,0,2,0,0,0,0,225,1,0,49,0,6,0,0,7,0,0,0,3,2,0,0,1,1,1,3,2,353,2,0,0,0,0,11,155,0,0,0,0,0,0,34,0,19,1,0,0,0,8,0,1,0,0,6,105,0,1,3,17,1,0,2,0,3,0,0,0,1,25,0,4,0,0,0,5,2,0,0,0,0,0,3,0,0,0,1,1,0,0,6,0,4,0,2,4,0,0,0,0,0,13,0,0,0,0,1,56,2,0,2,0,1,21,0,14,0,5,0,9,0,21,5,0,0,0,0,0,0,0,0,1,0,0,0,0,0,0,0,0,0,5,0,0,17,0,0,0,0,0,0,0
1,218,22,11,1,172,0,0,0,1,0,5,0,0,0,0,0,0,100,46,27,121,9,0,168,100,8,0,0,0,2,0,33,0,0,0,0,0,0,0,1,3,13,0,0,5,10,1,4,0,0,0,2,0,1,0,1,18,0,0,0,0,0,0,0,0,6,0,2,0,13,0,0,41,16,0,0,0,1,0,0,0,9,0,0,0,2,0,4,0,0,0,0,2,0,6,0,2,2,44,2,0,2,0,130,0,24,1,0,1,0,19,13,0,3,0,0,0,2,1,0,1,0,6,0,0,0,0,1,42,0,0,0,0,0,0,0,0,0,0,0,0,0,1,0,30,6,291,4,0,0,11,0,1,3,2,0,2,33,221,1,0,0,5,0,0,1,0,0,14,0,0,8
0,1,2,8,0,15,0,0,0,0,0,2,0,0,0,0,0,0,3,0,271,1,92,0,3,5,156,0,0,0,0,0,2,0,0,0,0,0,0,0,0,4,0,0,0,2,0,1,4,0,0,0,10,0,1,0,0,15,0,0,2,0,0,0,0,0,0,0,0,0,0,0,0,0,2,0,0,0,1,0,0,0,0,0,0,0,1,0,2,0,0,0,0,0,0,0,0,0,1,13,2,0,0,0,6,0,5,0,0,0,0,2,0,0,0,0,0,0,0,1,0,0,0,29,0,0,0,0,0,3,0,0,0,0,0,0,0,0,0,0,0,0,0,1,0,6,0,7,0,0,0,0,0,0,0,0,0,0,1,1,0,0,0,0,0,0,0,0,0,0,0,0,0
0,1,1,0,5,2,6,9,0,0,0,3,0,14,10,0,9,0,4,1,0,2,0,0,0,0,1,0,0,0,57,0,1,0,22,2,0,0,1,2,0,0,3,230,1,0,0,1,0,0,0,3,0,2,0,1,0,0,482,0,0,1,0,0,2,0,0,6,1,0,0,1,1,0,1,0,0,0,0,0,1,0,1,2,1,0,1,6,2,0,0,0,4,0,0,0,119,0,0,0,0,22,0,0,2,5,0,0,1,19,0,0,0,0,0,0,0,0,0,0,1,0,0,0,0,28,0,0,0,0,0,0,19,0,4,11,0,97,0,7,0,1,0,0,1,1,4,0,0,2,5,0,2,0,0,0,1,0,0,0,1,0,0,2,749,0,0,0,0,0,0,0,1
630,9,38,19,4,10,0,0,1,9,3,314,0,5,1,8,0,305,10,2,10,0,17,20,22,3,15,0,0,755,4,5,47,1,0,1,7,2,1,0,4,187,9,1,25,9,6,5,10,0,143,0,3,0,86,11,69,408,0,84,153,0,0,5,297,0,142,5,2,0,12,0,83,4,63,0,3,0,12,8,2,49,16,3,2,6,413,0,0,2,7,0,1,123,22,1,1,0,4,16,8,0,6,0,65,0,28,3,0,5,0,24,9,3,33,4,8,1,0,301,9,1,3,13,87,0,0,17,134,12,0,3,0,113,0,211,0,0,0,25,0,0,2,4,0,10,12,5,3,0,1,1,1,170,1,1,0,1,3,1,8,0,0,42,0,0,1,0,0,40,2,3,17
0,0,0,0,0,0,0,859,0,0,0,0,0,0,0,0,0,0,0,0,0,0,0,0,0,0,0,238,0,0,0,0,0,0,3,0,0,0,0,0,0,0,0,0,0,0,0,0,0,0,0,63,0,1215,0,0,2,0,0,0,0,1286,0,0,0,0,0,0,0,0,0,31,0,0,0,0,0,991,0,0,0,0,0,0,0,0,0,3,0,0,0,0,0,0,0,0,0,0,0,0,0,21,0,0,0,0,0,0,53,7,858,0,0,0,0,0,0,0,0,0,0,0,0,0,4,0,0,0,0,0,2,1,12,0,0,8,0,0,0,0,0,0,0,0,0,0,0,0,0,1429,0,0,0,0,0,0,27,0,0,0,0,357,0,0,0,0,0,0,0,0,0,0,0
0,0,0,0,0,0,0,373,1,0,0,0,0,0,0,0,0,0,0,0,0,0,0,0,0,0,0,32,0,0,0,0,0,0,0,0,0,0,0,0,0,0,0,0,0,0,0,0,0,0,0,1081,0,20,0,0,0,0,0,0,0,0,0,0,0,0,0,0,0,0,0,51,0,0,0,0,0,3,0,0,0,0,0,0,0,0,0,280,0,0,0,0,0,0,0,0,0,0,0,0,0,1,0,0,0,0,0,0,4,1,4,0,0,0,0,0,0,0,0,0,0,0,0,0,1,0,0,0,0,0,1,0,1,0,0,0,0,0,0,0,0,0,0,0,0,0,0,0,0,27,0,0,0,0,0,0,346,0,0,0,0,10,0,0,0,0,0,0,0,0,0,0,0
1,0,0,0,1,0,12,23,2,2,0,0,2,21,18,0,6,0,0,2,0,0,0,0,0,0,0,13,0,0,9,0,1,0,184,17,0,0,0,6,0,0,4,44,0,2,2,0,3,0,0,5,0,31,0,1,0,0,46,0,0,11,17,0,0,0,1,0,0,1,0,134,4,0,0,4,1,21,0,0,0,0,1,0,0,0,0,277,0,1,0,0,1,0,0,0,23,0,0,0,0,836,0,0,0,11,0,0,3,695,4,0,0,0,3,0,0,0,0,0,0,0,2,0,0,48,5,0,0,0,73,1,31,1,2,454,0,122,0,5,0,2,0,0,3,0,1,0,0,10,6,0,0,0,0,0,227,0,0,0,1,2,0,0,35,0,0,1,0,0,0,0,0
0,0,0,0,0,0,2,0,19,0,0,0,0,0,0,0,0,0,0,0,0,0,0,0,0,0,0,6,0,0,0,0,0,21,2,0,0,15,74,3,0,0,0,1,0,0,0,0,0,0,0,0,0,12,0,0,1,0,2,0,0,26,5,0,0,2,0,0,0,0,0,3,0,0,0,1,0,26,0,0,0,0,0,0,0,0,0,2,0,0,0,0,0,0,0,11,0,2,0,0,0,18,0,5,0,3,0,0,224,3,4,0,0,0,0,0,0,0,0,0,0,0,0,0,0,0,1,1,0,0,1,54,88,0,0,15,6,38,0,0,2,19,0,0,0,0,0,0,0,1,0,0,0,0,0,0,9,0,0,0,0,4,0,0,9,0,0,0,0,0,0,0,0
0,28,2,4,2,3,0,0,0,18,0,2,0,0,0,0,2,1,7,7,2,14,34,0,3,9,7,0,0,0,15,0,26,0,0,2,0,0,0,0,7,6,2,3,1,5,29,4,15,0,19,0,6,0,8,5,0,7,1,0,0,0,0,0,4,0,2,0,4,0,7,0,0,1,4,0,0,0,35,1,0,0,1,0,3,0,3,0,0,0,0,0,0,3,0,0,0,0,0,3,4,0,2,0,24,0,6,9,0,0,0,2,4,2,2,4,1,0,6,3,0,1,0,8,0,0,0,0,0,1,0,0,0,3,0,0,0,0,0,2,0,0,0,0,0,7,6,16,1,0,0,4,14,3,3,0,0,0,4,0,4,0,0,0,0,0,0,0,0,5,0,2,2
0,65,0,1,0,12,0,0,0,53,7,1,0,0,0,2,5,17,5,4,15,8,5,2,9,21,1,0,0,5,28,4,27,0,0,95,0,0,0,0,39,2,0,4,16,8,87,5,3,2,30,0,0,0,22,5,40,2,0,1,15,0,0,0,6,0,7,1,29,0,182,0,1,3,0,0,1,0,529,147,2,5,2,41,34,23,6,0,2,30,7,0,43,7,11,2,7,0,0,0,22,0,0,0,5,0,0,228,0,1,0,16,20,0,0,22,33,1,1,6,2,3,4,0,9,0,0,0,2,10,0,0,0,3,0,1,0,0,0,11,1,0,0,0,0,0,8,55,1,0,0,98,6,10,3,2,0,0,4,3,1,0,7,4,0,2,0,0,18,24,0,4,1
1,0,0,0,38,3,0,2,2,3,25,0,0,28,0,0,1,1,0,1,2,2,0,14,0,6,0,2,2,73,1,21,0,10,0,1,0,75,35,7,1,2,1,11,0,1,5,0,17,1,47,0,0,3,2,16,9,0,3,11,0,1,0,7,0,2,0,1,2,0,12,0,56,1,0,0,1,1,2,0,1,0,0,2,0,1,1,2,2,9,18,0,0,0,1,478,18,46,0,1,0,1,16,0,0,1,0,1,213,0,0,7,0,20,15,0,0,0,0,0,0,0,1,0,3,1,1,240,1,0,4,86,71,0,2,0,12,9,12,1,11,5,0,0,0,0,0,1,0,0,0,0,0,1,0,0,0,0,0,1,0,3,0,0,12,14,11,1,0,1,12,0,0
5,28,1,0,0,8,0,0,0,4,412,5,0,1,0,1,0,0,5,0,419,19,267,1,1,29,116,0,0,15,2,1,1,0,0,0,0,1,0,0,3,85,3,0,0,1,11,4,49,1,107,0,29,0,0,0,7,45,0,54,1,0,0,0,6,0,0,24,0,0,61,0,0,1,4,0,1,0,1,0,8,8,0,1,1,0,11,0,219,2,3,0,0,1,0,4,0,0,1,3,1,0,0,0,2,0,2,1,0,0,0,287,3,0,2,0,0,0,1,2,1,0,8,21,0,0,1,7,11,0,0,0,0,0,0,2,0,0,0,4,0,0,0,0,0,7,1,0,0,0,0,0,1,0,22,398,0,0,30,1,1,0,0,1,0,2,0,0,0,0,0,1,0
1,0,0,0,0,0,0,0,0,17,0,0,0,0,0,7,1,123,0,3,0,0,0,0,3,0,0,0,0,0,6,0,0,0,0,113,0,0,0,0,1,0,3,2,2,2,1,12,23,0,1,0,0,0,2,1,4,0,0,1,3,0,0,2,1,0,0,2,2,0,6,0,0,0,0,0,0,0,17,110,2,1,0,46,23,120,0,0,4,26,0,0,52,14,14,0,0,0,0,0,2,0,0,0,0,0,0,11,0,0,0,0,31,343,0,125,30,0,0,3,0,1,0,1,146,0,0,0,1,0,1,0,0,0,0,0,0,0,0,3,1,0,0,19,0,0,0,2,0,0,0,68,0,7,0,0,0,0,0,0,0,0,7,0,0,0,0,0,40,0,0,0,0
0,0,0,0,1,0,0,247,0,0,2,0,0,0,0,0,1,0,0,0,0,0,0,0,0,0,0,354,0,0,1,0,0,2,10,0,0,3,0,1,0,0,0,1,0,0,2,0,0,0,0,25,0,267,0,0,0,0,0,0,0,475,7,0,0,0,0,1,0,0,0,36,0,0,0,0,0,578,0,0,0,0,0,0,0,0,0,8,0,10,0,0,0,0,0,232,1,0,97,0,0,16,2,0,0,1,0,0,22,1,498,0,0,3,0,0,0,0,0,0,0,0,0,0,36,0,0,0,0,0,5,14,6,1,0,4,0,1,0,0,0,0,0,0,0,0,0,0,0,237,1,0,0,0,0,0,16,0,0,0,0,541,0,0,0,0,0,0,0,0,0,0,0
0,0,0,0,0,0,0,16,0,0,0,0,0,0,0,0,0,0,0,0,0,0,0,0,0,0,0,16,0,0,0,0,0,0,1,1,0,0,0,0,0,0,0,1,0,0,0,1,0,0,0,46,0,0,0,0,0,0,0,0,0,0,0,1,0,0,0,0,0,0,0,11,0,0,0,0,1,0,0,0,0,0,0,0,0,0,0,9,0,0,0,0,0,0,0,3,0,0,1,0,0,0,0,0,0,0,0,0,0,0,2,0,0,4,0,0,0,0,0,0,0,0,0,0,0,0,0,0,0,0,9,2,0,0,0,0,0,0,0,0,0,0,0,0,0,0,0,0,0,2,0,0,0,0,0,0,18,0,0,0,0,4,0,0,0,0,0,0,0,0,1,0,0
