0.60352,0.39619,0.1334,0.94367,0.35895,0.46524,0.22291,0.39943,0.30265,0.75277,0.45568,0.50212,0.37663,0.45608,0.65593,0.31125,0.63231,0.18275,0.42125,0.41214,0.6237,0.31619,0.40769,0.48276,0.32383,0.30459,0.43682,0.27766,0.79612,0.2638,0.44422,0.16452,0.32421,0.29069,0.29128,0.90802,0.26437,0.48084,0.28895,0.29793,0.17954,0.59401,0.30899,0.28792,0.30554,0.2097,0.34064,0.29341,0.52677,0.60285,0.20909,0.2863,0.30569,0.30789,0.33349,0.58446,0.20529,0.29734,0.31757,0.42423,0.24851
0.40881
0,102,52,0,0,0,16,0,536,0,0,147,0,0,0,56,0,0,73,0,0,79,0,0,20,0,0,0,0,0,11,0,0,21,389,0,1,0,433,45,0,0,0,1,139,15,8,0,0,75,3,0,693,1,22,0,0,25,97,2,2
0,914,9,0,0,0,2,0,3,0,4,40,0,1,0,4,0,1,2,0,0,24,5,0,829,0,0,35,0,1,8,0,0,14,84,0,31,0,66,718,1,0,0,2,1,0,1,0,1,5,259,0,90,10,1,0,0,826,0,0,5
0,148,120,0,0,0,8,0,24,0,0,52,0,0,0,10,0,9,40,6,0,189,1,0,135,0,0,15,0,0,29,3,7,180,253,1,12,0,245,121,0,0,1,17,55,30,4,0,0,8,15,0,303,69,3,0,2,86,49,16,38
0,3,128,0,0,0,3,0,109,0,0,50,0,0,0,7,0,3,28,0,0,159,0,3,1,0,0,3,0,0,23,0,20,8,146,0,0,0,303,4,0,0,1,0,733,125,0,0,0,153,0,0,233,11,121,0,0,0,544,0,16
0,113,20,0,0,0,2,0,7,0,0,26,0,0,0,1,0,0,2,0,0,88,0,0,15,0,0,1,0,0,22,0,0,16,113,0,0,0,18,108,0,0,0,0,3,0,1,0,0,0,6,0,127,0,1,0,0,33,6,0,0
0,21,264,0,3,0,25,7,36,0,1,53,1,12,2,19,2,35,64,43,1,301,2,13,85,0,19,39,2,2,132,103,15,409,96,3,34,0,74,93,7,24,42,72,85,197,16,2,17,6,20,2,104,84,26,0,32,86,68,99,386
3,0,1,4,2,0,1,6,0,1,0,0,3,3,1,0,9,2,0,4,7,0,3,14,0,0,4,2,8,4,0,34,1,3,0,4,3,4,0,2,38,2,5,2,0,7,0,4,2,0,0,5,0,0,1,3,2,0,1,14,32
0,8,10,0,4,0,173,2,26,0,1,6,3,4,0,445,1,3,457,4,1,10,20,32,14,2,2,82,0,15,7,5,172,16,3,6,30,0,7,26,17,9,5,65,8,15,870,1,8,0,9,0,7,7,697,1,8,21,1,0,36
0,43,6,0,1,0,2,0,4,0,0,192,0,1,0,7,0,37,26,0,0,4,2,0,109,0,0,1,0,0,0,2,0,5,651,0,42,0,714,60,0,0,1,2,14,10,0,0,0,9,9,0,373,33,4,0,0,25,1,0,0
0,0,14,0,0,1,0,105,0,1,3,1,0,4,0,0,0,0,3,0,0,2,12,2,1,0,0,1,1,10,0,43,6,42,0,3,0,2,4,0,0,3,0,1,1,3,0,6,0,0,3,0,1,2,1,0,1,1,6,2,3
0,0,5,11,32,1,0,0,0,0,0,12,62,5,0,0,108,5,1,33,2,0,0,10,0,8,10,0,4,2,8,12,3,0,0,2,0,0,0,0,127,13,52,0,2,1,0,0,3,0,0,213,0,0,0,1,20,0,0,1061,1
0,0,0,0,0,18,0,0,0,14,0,0,0,0,36,0,0,0,0,0,0,0,0,0,0,155,0,0,0,0,0,22,0,0,0,0,0,444,0,0,0,4,0,0,0,0,0,0,0,0,0,0,0,0,0,129,0,0,0,0,0
4,2,10,2,1,2,2,9,2,7,66,1,3,0,13,0,1,0,0,0,18,4,29,25,1,5,0,6,8,92,1,232,2,164,0,15,1,34,0,8,16,17,2,0,1,11,4,76,1,0,1,1,0,0,1,231,1,4,9,0,0
99,0,6,8,162,7,0,8,0,3,3,3,15,164,0,2,2184,33,1,299,30,1,0,4,0,18,14,0,11,28,22,31,2,0,0,15,1,29,0,0,361,1,140,0,2,1,0,9,19,1,0,220,0,1,0,72,32,0,2,282,3
11,3,73,3,6,4,0,33,1,7,13,1,4,6,2,2,64,37,0,19,46,2,23,3,11,1,21,2,10,688,3,43,22,111,1,3,10,1,0,34,35,7,355,5,2,8,1,14,14,2,3,18,0,3,0,25,73,1,4,53,12
2,0,2,0,1,2,9,4,1,0,20,0,28,8,0,3,96,380,3,3,4,1,5,1,3,9,28,20,0,4,7,8,4,0,0,1,6,0,0,0,14,1,232,22,2,1,2,280,35,2,0,2,0,3,227,11,261,1,0,25,4
0,433,57,0,0,0,138,0,5,0,11,12,2,1,0,85,0,7,35,0,0,189,22,1,508,0,1,149,0,23,33,0,5,97,92,0,100,0,102,386,0,2,1,70,12,17,210,1,2,5,306,0,40,47,13,0,0,606,3,1,20
0,0,79,0,0,0,0,2,12,0,0,15,0,0,0,0,0,3,1,0,0,60,0,0,0,0,0,1,0,0,225,0,3,11,11,1,0,0,3,0,0,0,0,0,67,72,0,0,4,0,0,1,6,14,6,0,0,0,43,0,309
0,0,3,0,4,0,0,0,1,0,1,0,1,0,0,1,0,0,0,0,0,1,1,0,1,0,56,0,2,0,0,1,5,0,0,1,0,0,1,1,4,0,6,0,0,0,0,0,21,0,0,0,0,0,0,0,7,0,0,0,5
0,0,6,1,16,0,5,2,10,0,1,2,3,0,0,10,7,1,1,0,0,1,0,1,3,0,279,15,1,6,0,3,25,5,1,0,2,0,0,7,17,1,15,5,2,9,0,0,199,1,4,0,2,0,1,1,6,4,1,6,29
0,0,0,0,0,0,0,0,0,0,1,0,1,0,0,0,0,0,0,0,0,0,0,0,0,0,12,0,0,0,0,0,0,0,0,0,3,0,0,0,1,0,0,0,1,1,0,0,17,0,1,0,0,0,0,0,0,0,0,0,0
1,0,1,6,26,0,0,16,0,1,1,4,2,4,3,1,1,0,0,2,37,0,0,467,0,0,5,1,12,26,2,448,29,1,0,8,0,1,0,0,52,4,8,0,0,9,0,8,17,0,0,46,0,0,0,1,0,0,1,10,1
0,14,7,0,0,0,160,0,8,0,0,1,0,1,0,406,0,1,424,0,0,5,7,7,21,0,0,32,0,12,1,0,57,5,5,1,10,0,10,22,1,0,0,26,0,5,456,0,0,1,7,0,2,3,293,1,0,31,1,0,2
0,25,2,0,1,0,3,0,2,0,193,6,20,6,0,2,0,39,1,0,0,7,86,0,213,0,1,159,0,39,0,0,0,0,43,0,416,0,25,15,0,0,0,74,0,2,0,1,0,94,429,0,5,297,1,0,0,74,0,0,1
5,0,0,1,11,3,0,13,0,3,0,0,0,7,0,0,1,0,0,5,2032,0,0,2,0,1,1,0,4,32,0,16,0,1,0,3,0,6,0,0,4,5,15,4,0,0,0,3,0,0,0,15,0,0,0,8,0,0,0,0,0
2,0,181,0,0,3,2,7,0,1,13,0,2,1,5,0,1,5,1,0,1,1,47,6,1,4,1,1,0,4,2,104,4,101,0,1,0,1,0,0,6,79,54,2,1,264,2,7,0,0,2,5,1,2,0,14,1,0,246,0,3
1,0,3,2,37,0,1,5,0,0,5,0,14,423,0,0,349,17,0,62,1,0,2,2,0,124,15,0,1,0,119,22,2,0,0,5,27,0,0,0,417,6,27,0,0,1,2,0,7,0,0,109,0,0,2,1,20,0,3,123,88
0,0,0,4322,243,0,0,1,0,0,0,1,0,0,0,0,0,0,0,0,1,0,0,0,0,0,2,0,1722,0,0,0,0,0,0,2932,0,0,0,0,1,0,0,0,0,0,0,0,0,0,0,0,0,0,0,0,0,0,0,3,0
2,1,3,5,0,0,2,6,3,2,17,1,5,1,4,0,1,7,0,0,19,5,38,10,3,9,1,3,16,12,0,38,5,17,0,12,1,3,0,12,4,94,3,1,0,7,1,503,2,0,3,0,2,1,3,5,1,1,23,0,1
0,11,3,0,0,0,3,0,7,0,307,0,52,0,120,4,0,23,0,0,0,2,6,3,7,0,5,20,5,2,7,2,2,2,5,1,8,0,1,29,4,3,7,3,4,8,2,363,6,16,20,0,5,2,8,0,30,16,6,0,1
0,78,90,0,0,0,99,0,21,0,186,1,63,56,0,31,0,77,37,3,0,115,180,0,217,0,2,574,0,262,28,14,8,61,12,1,295,0,26,181,6,34,5,505,7,34,343,2,123,106,515,1,1,177,4,0,28,292,4,19,118
1,91,230,0,7,4,207,11,24,0,392,7,106,259,0,51,4,333,123,47,2,81,240,6,234,11,108,778,1,245,28,141,32,139,26,1,435,0,43,292,173,94,40,727,8,94,59,7,110,154,441,3,10,189,32,2,217,465,3,53,624
0,1,0,0,0,0,383,0,124,0,1388,0,780,27,0,3,0,426,2,0,0,4,976,1,10,0,6,191,1,79,0,4,16,0,1,2,644,0,1,9,11,1,0,73,0,10,13,0,17,1310,154,1,0,181,5,0,68,18,0,0,9
0,0,0,0,0,14,0,0,0,8,87,0,1,0,18,3,0,0,0,0,1,0,2,8,0,106,0,0,0,0,0,32,0,0,0,0,0,497,0,0,1,6,0,0,0,0,2,0,0,0,0,0,0,0,0,395,0,0,0,0,0
11,0,28,2,1,1,0,14,0,19,2,1,0,1,142,0,0,2,1,0,18,1,144,4,1,9,1,0,13,24,1,312,12,852,0,6,0,15,0,1,5,1210,73,4,2,148,1,112,1,0,1,0,0,2,1,60,0,0,759,0,0
0,0,0,3,431,0,0,54,0,0,0,0,1,1646,0,0,61,2,1,1501,30,0,0,5,0,5,1,0,17,1,347,321,7,0,0,5,0,2,0,0,255,4,8,0,2,0,0,7,1,0,0,846,0,0,0,9,1,0,25,24,14
0,7,255,0,3,0,2,8,36,0,5,201,12,1,0,9,1,421,9,2,0,201,1,23,13,0,28,10,3,4,1334,2,33,32,103,0,80,0,170,4,1,0,58,17,222,510,3,3,22,9,2,153,62,718,45,0,341,2,142,11,332
0,0,30,0,48,3,0,14,41,0,9,10,2,0,0,27,7,15,1,3,3,2,3,25,3,0,1443,10,5,1,11,0,595,4,1,5,8,0,1,6,108,4,140,3,6,24,0,10,377,3,8,7,0,9,3,1,551,1,0,94,2
0,0,37,0,121,6,5,294,191,1,10,10,18,8,0,132,85,112,4,28,7,8,3,13,2,5,2140,11,3,4,29,3,207,2,1,10,8,0,6,12,411,1,305,13,11,14,4,118,1771,3,7,9,1,11,6,6,353,6,1,57,21
0,0,1,0,8,0,0,19,15,0,8,5,6,29,0,75,10,14,0,1,1,1,4,2,0,8,487,2,3,1,7,0,0,1,0,5,2,0,0,0,104,0,20,3,0,5,2,1,393,6,3,0,0,0,5,0,27,0,0,6,6
0,0,1,0,1,0,6,0,8,0,4,1,6,0,0,7,3,81,4,0,0,6,1,1,2,0,105,6,0,0,5,0,1,0,1,0,6,0,1,3,2,0,19,14,3,4,1,146,88,2,0,2,2,6,8,0,107,6,0,0,2
0,107,111,0,0,0,3,1,43,0,0,21,0,0,0,2,0,0,8,0,0,830,0,0,13,0,0,16,0,0,166,0,2,136,68,0,3,0,34,34,0,0,2,6,122,41,2,0,0,1,0,0,57,7,2,0,1,20,164,1,112
0,1,1,0,0,0,0,0,4,0,0,5,0,0,0,3,0,6,7,0,0,12,0,0,1,0,0,2,0,0,5,0,0,1,34,0,6,0,48,1,0,0,0,1,341,93,0,0,0,3,0,0,14,91,1,0,0,0,3,0,0
1,1,4,0,0,0,0,394,0,2,3,1,0,1,10,0,0,1,0,0,26,0,36,6,1,4,1,0,4,42,0,36,1,166,1,6,2,2,1,7,2,59,1,303,0,15,0,801,0,1,5,0,2,4,2,32,0,3,18,0,4
0,0,1,166,176,0,0,68,0,0,0,5,2,4,0,1,0,0,0,1,10,0,1,12,0,0,3,0,251,1,1,26,7,1,0,119,1,0,0,0,15,0,5,0,0,1,0,12,4,0,1,34,0,0,1,0,0,0,3,18,1
0,0,0,15,298,0,0,15,0,0,0,0,3,182,0,0,15,0,0,512,17,0,0,0,0,0,5,0,7,6,4,13,0,0,0,0,0,1,0,0,283,0,5,0,0,0,0,1,0,0,0,1027,0,0,0,1,1,0,0,197,1
0,42,42,5,106,1,12,840,156,0,60,80,88,28,2,11,26,36,28,14,3,29,50,18,26,0,29,85,9,9,89,16,16,51,43,6,50,0,22,111,177,9,49,27,152,30,4,69,20,41,137,23,53,15,20,2,53,80,109,21,26
0,127,20,0,4,51,397,2,278,0,10,26,4,2,0,733,0,19,1035,11,0,26,67,924,31,0,9,33,0,20,9,2,794,10,35,2,41,0,41,24,3,72,38,51,17,41,358,1,2,22,4,0,52,34,294,137,294,18,11,6,8
1612,0,0,0,0,1291,0,0,0,2244,0,0,0,0,1466,0,0,0,0,0,95,0,0,7,0,655,0,0,2,4,0,2,0,0,0,0,0,38,0,0,0,1,0,0,0,0,0,0,0,0,0,0,0,0,0,53,0,0,0,0,0
2,0,0,0,0,25,0,0,0,26,0,0,0,0,43,0,0,0,0,0,8,0,0,1,0,703,0,0,0,0,0,2,0,0,0,0,0,1418,0,0,0,1,0,0,0,0,0,1,0,0,0,0,0,0,0,7,0,0,0,0,0
22,1,0,3,2,19,0,22,0,35,11,0,0,1,37,0,0,0,0,0,35,1,43,101,1,24,0,2,5,207,0,433,0,181,0,13,0,206,0,2,31,80,3,4,0,7,0,131,0,0,3,0,3,0,1,1865,0,1,0,0,3
19,0,1,20,1009,10,0,93,1,9,0,8,10,670,5,0,391,21,0,961,56,0,0,8,0,9,18,0,25,108,144,163,0,0,0,15,0,120,0,0,609,1,68,0,1,1,0,14,13,1,0,1122,0,0,1,42,15,0,2,99,1
38,0,0,1,28,17,0,7,0,20,0,0,0,13,3,0,1,0,0,42,370,0,0,1,0,2,0,0,3,81,0,4,0,6,0,1,0,6,0,1,12,2,16,1,0,0,0,5,0,0,0,31,0,0,0,28,0,0,0,1,0
0,5,26,0,0,0,4,1,8,0,2,7,0,0,0,4,0,2,2,3,0,33,2,0,15,0,0,37,0,21,7,0,3,34,10,0,23,0,20,7,3,2,1,48,21,38,4,0,0,2,8,0,7,37,12,0,2,5,12,5,49
0,0,13,0,2,0,2,1,5,0,0,23,1,0,0,2,0,3,11,1,0,111,3,8,0,0,3,33,0,18,25,0,4,11,1,0,1,0,1,5,0,2,4,16,21,51,3,0,4,0,0,2,0,5,66,0,2,2,13,0,75
0,4,3,0,1,1,32,0,5,0,92,2,62,13,0,7,0,15,16,1,0,21,67,3,7,0,10,366,0,432,3,0,2,1,1,1,63,0,0,12,39,0,5,316,4,6,34,0,18,41,33,0,0,6,59,0,10,14,0,0,71
3,1,6,0,14,8,1,13,2,2,5,19,6,14,1,0,23,41,0,31,321,0,1,70,0,3,11,1,2,14,15,16,2,9,0,0,2,1,0,1,12,174,842,2,6,4,3,8,9,0,1,18,0,1,7,4,85,0,0,102,6
0,0,14,0,0,0,0,1,11,0,0,1068,1,1,0,5,0,22,5,0,1,5,5,59,1,0,9,3,0,2,80,2,311,4,4,0,8,0,50,3,0,4,14,2,318,439,1,0,7,2,2,2,8,245,58,2,26,0,6,89,23
0,0,0,0,0,0,71,0,1,0,109,0,676,1,1,23,0,30,0,0,0,3,254,0,1,0,2,54,0,15,3,0,5,0,0,13,19,0,0,3,2,1,1,14,0,2,137,0,7,88,38,0,1,4,25,3,3,4,0,0,2
832,0,0,0,1,1305,0,5,0,573,1,0,2,0,316,156,1,3,0,0,54,0,0,2,0,383,0,0,2,5,0,5,0,0,0,0,1,44,0,0,0,0,31,1,0,1,0,3,0,0,0,1,0,0,0,34,1,0,0,1,3
0,0,0,0,0,8,0,0,0,2,1,0,0,0,5,5,1,1,0,0,0,0,0,0,0,45,1,0,0,0,0,2,0,0,0,0,0,74,0,0,0,0,0,0,0,0,0,0,0,0,0,0,0,0,0,4,1,0,0,0,0
