0.60755,0.37937,0.13578,0.94435,0.3706,0.47207,0.22507,0.38711,0.29921,0.75217,0.48622,0.52661,0.35,0.44338,0.64918,0.30577,0.61952,0.30694,0.41218,0.46896,0.60513,0.31392,0.37568,0.49079,0.34972,0.32434,0.43467,0.28984,0.79133,0.21107,0.47218,0.14324,0.31399,0.36415,0.28515,0.88586,0.26133,0.46796,0.30127,0.29599,0.17091,0.57359,0.30649,0.29806,0.30406,0.30187,0.36933,0.26258,0.49754,0.5625,0.21252,0.28839,0.2956,0.30256,0.33317,0.55348,0.20739,0.28819,0.3224,0.40563,0.25878
0.41119
0,90,58,0,0,0,23,0,529,0,0,157,0,0,0,70,0,0,71,0,0,77,0,0,15,0,0,2,0,0,7,0,0,23,404,0,0,0,455,47,0,0,0,1,132,16,13,0,0,75,2,0,645,2,22,0,0,28,98,1,1
0,879,10,0,0,0,3,0,2,0,2,56,1,0,0,5,0,1,3,0,0,23,7,0,875,0,0,31,0,1,4,1,0,16,86,0,43,0,75,724,0,0,0,11,1,1,2,0,0,7,285,0,92,10,1,0,0,732,0,0,7
0,137,123,0,0,0,8,1,23,0,0,60,0,0,0,14,0,4,49,0,0,178,4,0,112,0,0,29,0,0,16,12,3,177,247,1,11,0,235,140,0,1,0,23,53,56,4,0,0,8,17,0,304,75,3,0,3,81,42,16,34
0,5,134,0,0,0,3,1,97,0,0,47,0,0,0,12,0,0,36,0,0,166,0,3,0,0,1,4,0,0,32,0,17,18,151,0,0,0,306,6,0,0,1,0,727,117,0,0,0,156,0,0,197,12,121,0,0,0,547,1,20
0,102,20,0,0,0,3,0,7,0,0,31,0,0,0,1,0,0,1,0,0,77,0,0,16,0,0,4,0,0,11,0,0,29,119,0,0,0,21,118,0,0,0,0,2,0,1,0,0,0,6,0,123,0,2,0,1,28,6,0,0
0,15,266,0,4,1,33,7,44,0,0,48,1,7,1,24,3,9,69,1,0,307,3,7,56,0,22,51,0,5,170,210,13,264,95,4,30,0,55,168,8,19,34,101,99,207,14,1,20,7,25,0,90,84,24,0,36,71,56,96,401
3,0,1,5,3,0,1,3,0,1,0,0,6,3,2,0,12,2,0,0,7,0,4,17,0,0,3,2,13,1,0,34,1,3,0,4,2,2,0,3,33,3,7,1,1,1,0,6,3,0,0,5,0,0,1,3,1,0,1,13,34
0,9,8,0,2,0,199,3,24,0,1,6,4,2,0,397,1,2,421,0,1,11,17,32,10,2,4,89,0,17,5,8,169,14,3,7,26,0,5,35,19,12,4,78,11,10,920,1,3,2,30,0,3,6,684,1,7,14,6,0,37
0,60,9,0,0,0,4,0,5,0,0,180,0,0,0,7,0,17,28,0,0,4,1,0,104,0,0,0,0,0,0,4,0,2,653,0,43,0,736,64,1,0,0,6,15,28,0,0,0,5,1,0,359,31,3,0,0,19,1,0,0
0,0,12,0,0,2,0,107,0,0,1,3,0,10,1,0,0,3,6,0,0,1,15,1,1,0,0,1,1,33,0,46,6,11,0,2,0,1,4,0,0,4,0,1,0,3,0,3,0,0,3,0,2,2,1,1,0,2,1,1,3
0,0,4,7,36,1,0,1,0,0,0,13,58,5,0,0,116,3,1,38,3,0,0,9,0,9,10,0,3,2,7,9,4,0,0,2,0,0,0,1,128,11,48,0,2,1,0,2,3,0,0,233,0,0,0,2,19,0,0,1038,1
0,0,0,0,0,16,0,0,0,12,0,0,0,0,40,0,0,0,0,0,0,0,0,0,0,144,0,0,0,0,0,19,0,1,0,0,0,458,0,0,0,3,0,0,0,0,0,0,0,0,0,0,0,0,0,129,0,0,0,0,0
3,1,9,3,2,1,1,6,2,3,62,1,3,2,13,0,0,4,0,0,20,5,26,11,2,6,0,7,11,213,0,234,2,81,0,15,0,37,0,7,5,19,7,1,1,10,4,57,1,0,1,1,1,0,1,232,0,3,7,2,0
106,0,5,7,173,7,0,7,0,2,3,5,13,173,1,0,2146,35,1,290,38,0,0,3,0,18,12,0,8,21,21,26,2,0,0,14,2,31,0,0,379,1,123,0,3,1,1,8,12,0,0,228,0,1,0,93,18,0,2,306,3
9,4,84,7,7,3,0,30,1,7,10,0,5,5,3,1,66,24,0,16,106,1,21,2,10,0,20,6,17,637,4,43,21,16,0,2,14,1,0,35,35,7,425,4,2,8,0,31,11,3,4,42,0,2,0,34,52,2,4,45,10
2,0,2,0,0,2,14,6,2,0,14,0,54,6,0,1,100,363,4,11,6,2,4,0,1,13,25,20,1,7,8,12,5,0,0,0,6,0,1,0,26,1,208,11,3,2,10,233,30,4,1,4,0,2,255,7,204,2,0,85,8
0,406,64,0,0,0,129,0,5,0,9,17,4,1,0,61,0,13,45,0,0,179,31,2,497,0,2,170,0,21,13,1,2,90,92,0,118,0,97,341,0,5,2,98,6,19,225,0,0,3,369,0,49,51,15,0,0,571,3,1,23
0,0,59,0,0,0,0,1,13,0,0,13,0,0,0,0,0,1,1,0,0,57,0,0,0,0,0,2,0,0,333,0,2,14,21,1,0,0,4,0,0,0,0,0,66,53,0,0,1,0,0,1,5,13,4,0,1,0,51,2,230
0,0,2,0,3,0,0,0,3,0,1,1,1,0,0,1,0,0,0,0,0,1,0,0,0,0,56,0,2,1,0,1,6,0,0,0,0,0,1,2,4,0,5,0,0,0,0,1,19,0,0,0,0,0,0,0,7,0,0,2,4
0,0,5,2,9,0,4,7,10,0,1,4,3,0,0,8,7,3,2,0,0,0,1,2,2,0,268,14,1,4,0,3,26,0,0,2,3,0,0,15,16,2,14,8,2,3,0,2,198,2,3,0,1,0,0,1,9,3,1,6,40
0,0,0,0,0,0,0,0,0,0,1,0,1,0,0,1,0,0,0,0,0,0,1,0,0,0,10,0,0,0,0,0,0,0,0,0,3,0,0,0,1,0,1,0,1,0,0,0,16,0,1,0,0,0,0,0,1,0,0,0,0
1,0,1,8,26,0,0,15,0,1,1,7,2,4,2,1,2,0,0,1,48,0,0,508,0,0,8,0,9,10,3,300,33,1,0,7,0,1,0,0,51,3,7,0,1,2,0,118,9,0,0,57,0,0,3,1,0,0,1,9,1
0,15,8,0,0,0,164,0,8,0,0,2,0,1,0,394,0,0,403,0,0,6,6,6,18,0,0,29,0,10,1,1,66,3,5,1,11,0,10,24,1,0,0,40,0,6,480,0,0,1,15,0,3,3,278,1,0,23,1,0,2
0,102,2,0,0,0,4,0,1,0,161,5,19,6,0,3,0,91,0,0,0,7,89,0,220,0,1,106,0,43,0,1,0,0,50,0,424,0,25,8,0,0,0,88,0,5,0,1,0,110,283,0,4,340,1,0,1,78,0,0,3
6,0,0,2,10,5,0,11,0,3,0,0,0,6,0,0,1,0,0,4,2052,0,0,3,0,1,0,0,5,13,0,14,0,0,0,2,0,5,0,0,5,5,18,5,0,0,0,2,1,0,0,13,0,0,0,8,0,0,0,1,0
2,0,178,0,0,3,4,9,0,1,11,0,2,0,4,0,1,0,1,0,2,3,46,4,0,1,2,1,0,10,2,109,4,107,0,0,1,3,0,1,5,84,49,3,2,269,3,4,0,1,1,2,1,0,0,14,1,1,239,0,1
1,0,2,2,38,0,0,2,0,0,2,1,17,418,0,0,363,13,0,85,1,0,1,2,0,113,16,0,2,0,99,24,4,0,0,3,28,0,0,0,447,2,30,0,0,1,4,2,7,0,0,100,0,0,2,0,19,0,5,104,85
0,0,0,4446,259,0,0,1,0,0,0,0,0,0,0,0,0,0,0,0,1,0,0,0,0,0,2,0,1752,0,0,0,0,0,0,2763,0,0,0,0,1,0,0,0,0,0,0,0,0,0,0,0,0,0,0,0,0,0,0,3,0
3,1,4,3,0,0,2,3,3,1,13,1,7,1,3,2,0,9,0,0,19,4,47,15,3,10,1,3,23,14,0,27,6,28,0,15,0,5,0,11,4,138,2,4,0,3,2,418,0,0,4,0,4,0,5,13,1,2,22,3,7
0,13,4,0,0,0,2,0,8,0,302,2,54,0,117,2,0,22,0,0,1,4,9,3,4,0,5,23,6,2,3,0,1,1,6,1,10,0,2,32,7,7,5,1,6,3,3,353,6,18,25,0,7,2,9,0,31,10,5,0,4
0,128,89,0,0,0,104,0,16,0,190,1,68,63,0,24,0,128,42,0,0,111,228,0,237,0,2,553,0,274,15,17,7,33,7,0,298,0,20,102,8,37,2,487,7,51,151,2,263,98,499,1,5,196,4,0,34,268,4,18,150
1,103,240,1,4,3,229,17,23,0,324,9,108,272,1,50,3,352,129,3,0,80,296,5,211,9,113,782,0,273,20,161,31,55,27,3,417,2,34,289,208,87,26,769,9,129,58,5,126,135,443,3,7,206,32,2,236,403,3,44,634
0,15,1,0,0,0,387,0,143,0,1482,0,679,45,0,5,0,686,4,0,0,4,961,1,11,0,6,136,1,64,2,11,14,0,3,1,646,0,1,3,10,1,0,67,0,10,6,0,18,1134,85,1,0,207,4,0,72,15,0,0,8
2,0,0,0,0,10,0,0,0,6,87,0,1,0,20,3,0,0,0,0,0,0,0,3,0,96,0,0,0,0,0,38,0,4,0,0,0,498,0,0,0,5,0,1,0,0,2,0,0,0,0,0,0,0,1,404,0,0,0,0,0
13,0,23,2,0,2,0,15,0,16,2,1,0,1,148,0,0,2,1,1,23,2,138,8,1,8,2,0,11,33,0,302,10,906,0,1,1,13,0,1,1,1212,85,3,1,144,1,68,1,0,2,0,1,1,1,60,0,1,747,1,1
0,0,0,3,449,0,0,39,0,0,0,0,1,1625,0,0,60,1,2,1730,26,0,0,6,0,6,1,0,11,2,324,327,6,0,0,3,0,3,0,0,233,4,9,0,2,0,0,40,1,0,0,640,0,0,0,12,0,0,31,28,12
0,6,229,0,2,0,1,8,31,0,6,150,24,1,0,9,1,89,9,0,0,184,3,20,10,0,24,12,1,3,1553,2,24,28,123,0,91,0,160,8,2,1,54,6,197,825,4,27,21,8,2,153,61,698,35,1,373,2,97,39,248
0,1,32,0,50,3,0,14,40,0,7,7,3,0,0,25,6,8,1,1,4,4,3,23,3,0,1453,4,6,4,11,1,606,0,2,4,8,0,0,11,128,2,145,2,10,15,0,21,357,5,3,9,1,7,3,0,550,2,1,74,7
1,0,35,0,120,3,6,312,211,0,10,13,22,11,1,171,88,80,2,19,5,10,4,13,1,6,2129,14,2,7,33,1,220,0,3,6,10,1,5,20,403,2,353,7,11,12,3,179,1619,7,8,8,2,7,5,6,353,7,1,56,21
0,0,1,0,11,0,0,19,28,0,11,8,3,29,0,113,13,10,0,1,1,0,6,4,0,8,489,2,4,1,4,1,0,0,0,1,1,0,0,2,100,0,15,1,0,1,3,2,340,7,1,0,0,0,3,0,42,0,0,5,5
0,0,1,0,2,0,7,1,8,0,6,1,13,0,0,9,4,55,4,0,0,6,0,1,1,0,106,9,0,0,7,0,1,0,1,0,11,0,1,3,4,0,25,8,2,7,1,194,73,2,0,1,2,3,8,0,74,5,0,3,2
0,109,104,0,0,0,1,0,37,0,0,16,0,0,0,1,0,0,10,0,0,803,0,0,11,0,0,24,0,1,172,0,2,153,75,0,3,0,31,47,0,0,0,13,122,52,1,0,0,2,2,0,64,6,3,0,3,11,138,1,118
0,0,1,0,0,0,0,0,3,0,0,5,0,0,0,4,0,2,6,0,0,12,0,0,1,0,0,1,0,0,3,0,0,1,31,0,7,0,42,2,0,0,0,1,349,90,0,0,0,4,0,0,17,98,1,0,0,0,3,0,0
1,1,10,0,0,0,0,407,0,1,3,1,0,3,8,1,0,4,0,0,25,0,56,11,3,5,1,0,6,161,0,39,1,67,2,2,3,3,1,8,1,65,1,312,0,13,1,715,0,2,6,1,1,4,0,35,0,4,15,0,2
0,0,0,165,163,0,0,70,0,0,1,9,2,3,0,1,1,0,0,3,12,0,0,16,0,0,4,0,260,2,1,15,7,1,0,117,1,1,0,0,14,0,4,0,1,0,1,20,3,0,1,35,0,0,0,0,0,0,2,14,2
0,0,0,17,315,0,0,20,0,0,0,0,3,189,0,0,17,0,0,459,18,0,0,0,0,0,4,0,7,2,4,15,0,0,0,2,0,1,0,0,254,0,7,0,0,0,0,1,0,0,0,1109,0,0,0,2,0,0,0,162,1
0,34,32,4,104,1,10,811,144,0,60,63,78,32,2,11,27,45,27,16,3,24,89,23,23,0,26,96,14,20,92,22,12,30,41,7,64,0,20,97,175,12,44,24,167,39,6,56,19,53,125,24,44,11,18,1,53,97,137,27,20
0,74,20,0,1,67,422,2,267,0,10,34,14,3,0,721,0,9,988,12,0,34,61,959,27,0,9,37,0,20,7,2,763,10,30,4,37,0,36,34,3,68,39,57,20,37,398,4,4,20,3,0,62,37,288,160,288,19,12,6,11
1723,0,0,0,0,1197,0,0,0,2255,0,0,0,0,1460,0,0,0,0,0,94,0,0,5,0,630,0,0,1,3,0,1,0,0,0,0,0,46,0,0,0,1,1,0,0,0,0,1,0,0,0,0,0,0,0,52,0,0,0,0,0
2,0,0,0,0,25,0,0,0,26,0,0,0,0,44,0,0,0,0,1,7,0,0,1,0,721,0,0,0,0,0,3,0,0,0,0,0,1395,0,0,0,2,0,0,0,0,0,1,0,0,0,0,0,0,0,9,0,0,0,0,0
23,1,1,1,3,16,0,23,0,36,9,0,0,3,38,1,0,2,0,0,45,0,41,66,0,16,0,2,9,349,0,379,1,252,0,10,0,217,0,3,4,86,5,4,0,2,1,101,0,0,0,0,5,0,1,1775,0,5,1,0,2
24,0,3,22,1084,9,0,90,0,5,0,9,7,692,5,0,398,26,1,927,77,0,0,8,0,7,22,0,21,70,140,144,1,0,0,15,0,128,0,0,577,1,63,0,3,0,0,14,13,1,0,1110,0,0,2,65,15,2,1,80,2
40,0,0,1,29,15,1,6,0,21,0,0,0,13,3,0,1,0,0,37,378,0,0,1,0,0,0,0,3,60,1,3,0,1,0,2,0,5,0,1,14,3,23,1,0,0,0,4,0,0,0,41,0,0,1,31,0,0,0,1,0
0,3,23,0,0,0,5,0,8,0,0,8,0,1,0,3,0,1,3,1,0,32,5,2,13,0,0,36,0,21,13,3,3,28,7,0,18,0,11,4,3,4,0,47,22,49,4,0,0,3,14,0,8,42,10,0,4,6,7,7,50
0,0,12,0,2,0,2,0,6,0,0,19,1,0,0,2,0,2,8,0,0,106,9,11,0,0,4,28,0,20,35,0,4,9,3,0,2,0,3,8,1,3,1,20,26,30,3,0,4,0,0,0,0,9,60,0,2,2,10,1,86
0,2,3,0,1,1,28,2,3,0,92,3,66,13,0,6,0,30,13,0,0,24,87,4,3,0,11,313,0,529,2,0,2,0,1,0,49,0,0,15,38,1,3,250,6,2,29,0,29,33,46,0,1,9,53,0,13,14,0,0,69
2,1,3,0,11,7,1,12,1,3,4,14,6,12,0,0,22,34,0,31,317,0,1,62,0,2,7,2,1,14,16,14,4,5,0,1,3,1,0,1,16,184,860,1,7,3,4,21,10,0,1,25,0,1,3,7,97,2,0,80,6
0,0,21,0,0,0,0,1,12,0,0,1148,1,2,0,1,0,4,5,0,1,3,5,69,0,0,14,3,0,2,94,2,313,6,2,0,6,0,46,3,1,3,12,2,292,396,2,1,8,1,0,1,10,124,61,2,28,1,8,177,29
0,0,0,0,0,0,70,0,0,0,147,1,584,2,1,28,1,41,0,0,0,6,232,0,0,0,2,50,0,15,1,0,5,0,0,93,21,0,0,2,2,1,0,11,1,0,126,0,5,99,31,0,1,5,21,3,2,4,0,0,2
868,0,1,0,2,1259,0,5,0,596,1,0,1,0,327,159,3,3,0,1,48,0,0,2,0,351,0,0,2,3,0,2,0,0,0,1,0,49,0,0,0,1,37,1,0,1,0,3,0,0,0,1,0,0,0,35,1,0,0,0,3
0,0,0,0,0,8,0,0,0,2,1,0,0,0,4,5,1,2,0,0,2,0,0,0,0,41,1,0,0,0,0,2,0,0,0,0,0,74,0,0,0,0,2,0,0,0,0,0,0,0,0,0,0,0,0,5,0,0,0,0,0
