0.60205,0.38918,0.13758,0.94406,0.36959,0.46269,0.22568,0.39143,0.29422,0.75424,0.48181,0.52324,0.36058,0.44719,0.65134,0.31434,0.62653,0.24774,0.41906,0.46641,0.61224,0.31628,0.38137,0.48123,0.32849,0.313,0.43485,0.27899,0.79042,0.25192,0.4593,0.15625,0.31351,0.32152,0.27787,0.8999,0.26942,0.478,0.30086,0.30442,0.17992,0.57495,0.28388,0.29157,0.30096,0.28118,0.37676,0.27712,0.50147,0.59341,0.21741,0.29395,0.30217,0.29607,0.33876,0.57322,0.20704,0.30155,0.32429,0.40765,0.24867
0.41157
0,89,55,0,0,0,18,0,519,0,0,155,0,0,0,69,0,0,72,0,0,82,0,0,13,0,0,1,0,0,5,0,0,21,408,0,0,0,460,46,0,0,0,1,134,15,8,0,0,73,2,0,669,3,23,0,0,28,93,1,1
0,878,9,0,0,0,3,0,2,0,2,50,0,1,0,5,0,2,3,0,0,25,7,0,837,0,0,29,0,1,5,0,0,18,84,0,34,0,70,751,1,0,0,9,1,1,2,0,0,8,275,0,93,8,1,0,0,778,0,0,4
0,132,120,0,0,0,7,0,22,0,0,51,0,0,0,14,0,6,42,10,0,184,1,0,115,0,0,21,0,0,19,5,5,183,257,1,6,0,236,128,0,1,1,21,53,46,4,0,0,9,16,0,319,86,4,0,4,82,40,16,37
0,5,132,0,0,0,3,0,97,0,0,51,0,0,0,10,0,2,37,0,0,170,0,3,0,0,0,3,0,0,31,0,18,11,152,0,0,0,306,5,0,0,1,0,722,128,0,0,0,153,0,0,201,15,120,0,0,0,540,1,21
0,100,22,0,0,0,2,0,7,0,0,25,0,0,0,1,0,0,1,0,0,87,0,0,14,0,0,2,0,0,12,0,0,15,126,0,0,0,21,119,0,0,0,0,2,0,1,0,0,0,6,0,125,0,2,0,1,32,6,0,0
0,25,272,0,3,1,24,7,39,0,0,52,1,7,1,19,2,17,64,25,1,309,3,8,63,0,23,47,0,4,158,177,13,346,104,4,24,0,60,128,11,25,32,78,105,167,16,1,22,6,21,1,89,89,28,0,36,65,50,99,414
3,1,2,3,1,0,1,1,0,1,0,0,5,4,2,0,9,1,0,3,8,0,4,22,0,0,4,1,11,2,0,32,1,3,0,5,3,3,0,2,36,2,4,3,2,2,0,7,1,0,0,4,0,0,1,3,1,0,1,12,34
0,9,10,0,1,0,188,2,27,0,1,6,4,3,0,403,0,2,434,5,1,12,14,30,12,1,4,91,0,17,5,5,166,15,4,8,20,0,5,29,18,10,5,74,9,9,934,0,4,2,22,0,3,7,687,2,6,18,3,2,33
0,57,6,0,0,0,3,0,4,0,0,188,1,0,0,6,0,21,28,0,0,4,1,0,103,0,0,0,0,0,0,5,0,4,648,0,44,0,738,63,1,0,0,5,13,17,0,0,0,7,1,0,364,33,3,0,0,21,1,0,0
0,0,17,0,0,2,0,108,0,0,3,3,0,2,0,0,0,0,4,0,1,2,17,1,1,0,0,1,0,22,0,46,7,23,0,3,0,2,4,0,0,3,0,1,0,2,0,4,0,0,3,0,2,2,1,0,0,2,2,1,3
0,0,3,12,33,0,0,1,0,0,0,13,60,5,0,0,117,5,1,28,3,0,0,12,0,8,8,0,4,3,7,12,3,0,0,2,0,0,0,0,139,13,47,0,2,2,0,1,3,0,0,219,0,0,0,2,17,0,0,1044,1
0,0,0,0,0,17,0,0,0,14,0,0,0,0,36,0,0,0,0,0,0,0,0,1,0,152,0,0,0,0,0,21,0,0,0,0,0,448,0,0,0,3,0,0,0,0,0,0,0,0,0,0,0,0,0,130,0,0,0,0,0
4,1,8,3,1,2,1,6,3,5,63,1,3,2,13,0,0,1,0,0,21,3,20,16,1,7,0,7,11,106,0,234,3,154,0,13,1,38,0,7,16,23,6,0,1,11,2,69,1,0,2,1,1,0,1,240,1,3,8,1,0
105,0,5,8,170,8,0,8,1,0,2,4,12,169,1,1,2154,27,1,263,42,0,0,4,0,18,15,0,7,25,19,24,2,1,0,12,2,28,0,0,368,1,159,0,3,0,1,11,16,1,0,227,0,2,0,82,21,0,3,312,4
9,3,79,5,5,6,0,32,2,6,9,1,2,6,2,1,63,26,0,14,74,1,30,5,11,1,22,3,9,690,4,48,23,50,1,3,13,1,0,33,32,8,396,5,2,11,0,14,14,4,2,22,0,2,0,28,60,0,4,51,11
2,0,3,0,1,1,9,5,2,0,22,0,27,9,1,2,91,364,4,5,6,1,6,1,1,3,29,24,0,10,8,15,4,0,0,0,6,0,0,3,17,1,259,17,2,2,3,288,33,2,1,3,1,3,227,8,199,1,0,52,4
0,395,65,0,0,0,125,0,7,0,7,15,1,1,0,64,0,10,45,0,0,178,25,1,512,0,1,166,0,23,25,2,2,98,93,0,106,0,98,371,0,0,1,86,7,21,228,2,1,2,353,0,49,57,8,0,0,573,2,1,23
0,0,67,0,0,0,0,0,12,0,0,11,0,0,0,0,0,1,1,0,0,57,0,0,0,0,0,1,0,0,309,1,2,12,21,1,0,0,5,0,0,0,0,0,67,53,0,0,1,0,0,1,4,18,5,0,0,0,50,2,247
0,0,2,0,4,0,0,0,2,0,1,0,1,0,0,1,0,0,0,0,0,1,1,0,0,0,54,0,2,1,0,0,5,0,0,0,0,0,1,1,4,0,5,0,0,0,0,0,21,0,0,0,0,0,0,0,9,0,0,2,6
0,0,6,1,13,0,4,6,7,0,1,5,3,0,0,8,6,3,1,0,0,2,2,1,2,0,271,13,0,5,0,2,29,4,0,2,3,0,0,13,15,1,18,6,2,3,0,0,197,1,4,0,0,0,0,1,6,4,1,6,39
0,0,0,0,0,0,0,0,1,0,1,0,1,0,0,0,0,0,0,0,0,0,0,0,0,0,11,0,0,0,0,0,0,0,0,0,3,0,0,0,1,0,1,0,1,0,0,0,17,0,1,0,0,0,0,0,0,0,0,0,0
4,0,1,6,24,0,0,15,0,0,1,8,2,5,2,1,2,0,0,2,39,0,0,496,0,0,7,0,11,23,2,330,36,1,0,7,0,1,0,0,55,5,6,0,1,4,0,98,11,0,0,44,0,0,2,0,0,0,1,8,2
0,20,8,0,0,0,166,0,7,0,0,2,0,1,0,391,0,2,408,0,0,5,6,7,20,0,0,32,0,10,2,0,60,2,6,1,9,0,11,26,1,0,0,35,0,4,477,0,0,0,15,0,2,2,282,1,1,21,1,0,2
0,62,2,0,0,0,4,0,1,0,168,6,13,6,0,2,0,74,0,0,0,7,88,0,227,0,1,113,0,35,0,0,0,0,55,0,428,0,23,12,0,0,0,83,0,3,0,1,0,106,328,0,6,346,1,0,0,79,0,0,2
5,0,0,1,12,4,0,12,0,2,0,0,0,5,0,0,1,0,0,4,2051,0,1,2,0,1,1,0,5,24,0,9,0,0,0,3,0,6,0,0,7,4,14,3,0,0,0,2,0,0,0,10,0,0,0,11,0,0,0,1,0
2,0,179,0,0,4,4,7,0,0,12,0,2,1,4,0,1,0,2,0,1,1,43,4,0,2,1,1,0,4,2,98,2,110,0,1,1,3,0,1,6,86,52,2,2,277,2,6,0,0,2,3,1,0,0,14,1,1,242,0,2
1,0,3,2,32,0,0,3,0,0,4,0,14,422,0,0,348,19,0,76,1,0,1,1,0,127,16,0,1,0,112,24,4,0,0,3,30,0,0,0,417,2,35,0,0,1,4,1,9,0,0,96,0,0,2,0,21,0,6,113,94
0,0,0,4455,261,0,0,1,0,0,0,0,0,0,0,0,0,0,0,0,1,0,0,0,0,0,2,0,1716,0,0,0,0,0,0,2787,0,0,0,0,2,0,0,0,0,0,0,0,0,0,0,0,0,0,0,0,0,0,0,3,0
2,2,4,3,0,0,2,3,3,2,17,1,6,1,3,1,0,7,0,0,21,4,51,15,2,9,1,3,23,12,0,32,5,27,1,12,0,4,0,11,5,138,4,1,0,5,1,414,2,1,1,0,2,0,3,10,2,1,28,1,10
0,11,3,0,0,0,3,0,7,0,304,0,53,0,117,1,0,25,0,0,0,2,8,3,7,0,6,22,7,2,4,1,1,3,6,2,10,0,1,32,4,7,6,2,5,7,3,351,8,18,22,0,6,2,9,0,32,9,6,1,2
0,98,95,0,0,0,105,0,21,0,185,2,60,64,0,28,0,118,43,2,0,115,212,0,251,0,2,564,0,255,22,21,8,56,9,1,296,0,23,141,6,34,3,485,6,35,151,1,260,97,512,1,3,192,2,0,27,266,4,21,139
2,78,246,0,4,3,219,14,28,0,346,8,104,254,1,53,3,366,129,18,1,74,294,7,243,10,112,770,0,262,25,166,22,123,27,1,400,1,36,295,210,93,34,747,10,100,57,5,127,134,429,2,10,216,30,1,224,411,4,47,609
0,3,1,0,0,0,373,0,145,0,1457,0,697,42,0,4,0,576,4,0,0,4,966,1,11,0,6,173,1,63,1,5,14,0,1,2,652,0,1,6,11,1,0,82,0,6,7,0,19,1242,82,2,0,189,6,0,73,12,0,0,9
1,0,0,0,0,13,0,0,0,6,91,0,1,0,21,3,0,0,0,0,0,0,0,4,0,103,0,0,0,0,1,42,0,0,0,0,0,496,0,0,1,5,0,0,0,0,3,0,0,0,0,0,0,0,0,390,0,0,0,0,0
15,0,25,1,1,0,0,13,0,17,2,1,0,1,147,0,0,0,1,1,19,2,120,5,1,9,2,0,13,27,0,320,8,880,0,1,0,14,0,1,3,1235,78,4,1,149,1,74,1,0,1,0,0,1,1,67,0,1,753,1,0
0,0,0,5,451,0,0,40,0,0,0,0,1,1630,0,0,66,1,2,1666,29,0,0,7,0,5,1,0,15,4,327,335,7,1,0,4,0,4,0,0,253,6,7,0,2,0,0,34,0,0,0,649,0,0,0,13,0,0,34,22,16
0,8,217,0,1,0,1,2,35,0,7,158,18,1,0,8,1,237,8,4,0,196,2,18,11,0,26,11,3,4,1501,1,25,27,124,0,88,0,155,8,1,1,60,6,207,717,4,6,20,7,3,165,56,686,36,1,369,2,113,31,269
0,0,37,0,50,1,1,16,38,0,8,7,4,0,0,24,6,7,1,2,3,3,3,25,2,0,1448,5,6,2,15,1,610,1,2,3,10,0,0,10,121,3,150,2,8,17,0,11,363,4,4,8,0,7,3,0,547,2,1,79,6
1,0,36,0,116,3,6,312,205,0,9,10,12,8,0,138,85,107,3,22,8,9,4,11,2,3,2146,13,2,5,33,3,218,1,2,10,11,1,5,15,360,1,386,11,10,8,3,142,1706,5,8,12,0,11,6,6,335,9,1,52,18
0,0,1,0,9,0,0,18,24,0,10,8,3,31,0,82,9,12,0,1,1,1,3,2,0,10,498,3,3,1,5,1,0,1,0,0,2,0,0,1,104,0,18,2,0,1,2,2,371,6,2,0,0,0,4,0,33,0,0,5,6
0,0,1,0,1,0,6,0,7,0,4,2,8,0,0,5,3,75,4,0,0,5,0,0,2,0,113,8,0,0,5,0,2,0,2,0,8,0,1,3,2,0,24,13,3,5,1,157,79,1,0,4,2,3,10,0,97,4,0,0,2
0,112,104,0,0,0,1,0,38,0,0,15,0,0,0,2,0,0,10,1,0,822,0,0,10,0,0,19,0,2,183,0,2,149,82,0,3,0,30,41,0,1,0,11,122,43,1,0,0,1,0,0,56,8,2,0,1,12,138,1,113
0,0,1,0,0,0,0,0,3,0,0,5,0,0,0,4,0,9,6,0,0,12,0,0,1,0,0,2,0,0,4,0,0,1,28,0,6,0,41,2,0,0,0,1,348,92,0,0,0,2,0,0,16,96,1,0,0,0,3,0,0
1,1,6,0,0,1,0,400,0,1,2,1,0,1,10,1,0,1,0,0,25,0,79,9,1,4,1,0,4,68,0,44,1,116,2,5,2,4,1,6,1,64,1,312,0,16,0,746,0,1,4,0,3,6,2,32,0,1,21,0,4
0,0,0,167,159,0,0,68,0,0,1,8,2,3,0,1,1,0,0,2,12,0,0,15,0,0,3,0,258,2,1,22,6,1,0,121,1,0,0,0,19,0,4,0,1,0,1,18,4,0,1,32,0,0,0,0,1,0,4,11,2
0,0,0,17,288,0,0,18,0,0,0,0,1,192,0,0,18,0,0,427,20,0,0,0,0,0,4,0,5,4,5,13,0,0,0,2,0,1,0,0,284,0,8,0,0,0,0,2,0,0,0,1132,0,0,0,1,1,0,0,165,1
0,33,37,6,99,1,11,813,152,0,48,67,74,28,1,11,25,38,25,18,3,23,90,20,23,0,28,93,11,12,104,19,14,36,42,5,67,0,21,97,187,12,49,26,165,29,7,62,22,46,136,23,44,14,16,1,64,97,118,25,18
0,125,22,0,2,49,406,2,263,0,12,35,15,3,0,717,1,17,1020,13,0,24,49,936,28,0,10,35,0,18,7,2,754,11,33,4,34,0,40,29,2,71,44,63,21,44,381,2,4,18,3,0,60,38,281,163,293,20,12,5,9
1646,0,0,0,0,1295,0,0,0,2268,0,0,0,0,1431,0,0,0,0,2,83,0,0,6,0,639,0,0,2,4,0,1,0,0,0,0,0,41,0,0,0,1,0,0,0,0,0,1,0,0,0,0,0,0,0,50,0,0,0,0,0
2,0,0,0,0,27,0,0,0,26,0,0,0,0,39,0,0,0,0,1,7,0,0,1,0,708,0,0,0,0,0,3,0,0,0,0,0,1412,0,0,0,2,0,0,0,0,0,1,0,0,0,0,0,0,0,8,0,0,0,0,0
21,1,2,3,1,22,0,25,0,37,10,0,0,1,40,0,0,0,0,0,38,1,34,96,0,22,0,3,6,229,0,425,0,167,0,11,0,200,0,2,32,84,4,4,0,4,0,119,0,0,5,0,5,0,1,1879,0,1,2,0,2
21,0,2,20,1050,11,0,90,0,6,1,10,8,688,6,0,398,19,1,889,68,0,0,8,0,7,20,0,28,101,133,143,1,0,0,18,0,114,0,0,620,0,68,0,2,0,0,18,15,1,0,1132,0,0,2,58,13,1,2,90,1
38,0,0,1,32,16,1,6,0,21,0,0,0,14,4,0,1,0,0,37,367,0,0,1,0,1,0,0,4,75,0,6,0,4,0,1,0,5,0,1,16,2,18,1,0,0,0,8,0,0,0,30,0,0,0,29,0,0,0,1,0
0,4,24,0,0,0,4,1,7,0,1,7,0,1,0,2,0,1,3,3,0,33,4,2,14,0,0,40,0,22,12,2,3,34,8,0,18,0,13,5,2,2,1,45,21,42,4,0,1,3,11,0,8,41,12,0,3,6,7,6,49
0,0,13,0,2,0,2,0,6,0,0,22,1,0,0,2,0,2,8,0,0,111,7,9,0,0,4,29,0,21,36,0,4,14,1,0,1,0,2,5,1,3,0,16,26,34,3,0,3,0,0,0,1,8,59,0,3,1,10,1,83
0,2,3,0,1,1,27,1,4,0,84,3,58,14,0,7,0,27,13,0,0,20,92,3,4,0,12,348,0,499,4,0,2,1,1,0,49,0,0,13,38,2,3,285,6,1,28,0,22,31,39,0,1,9,55,0,10,14,0,0,62
3,1,4,0,11,9,1,14,1,1,5,19,6,16,1,0,24,38,0,27,346,0,2,61,0,2,11,2,1,15,15,16,3,5,0,0,2,1,0,0,14,187,817,1,7,1,4,10,11,0,1,26,0,1,6,3,98,0,0,86,7
0,0,17,0,0,0,0,1,15,0,1,1137,1,1,0,1,0,25,5,0,1,3,4,63,1,0,8,2,0,2,98,2,306,7,2,0,4,0,45,3,0,4,12,3,296,414,2,0,7,1,1,1,11,111,60,2,29,0,7,182,25
0,0,0,0,0,0,68,0,0,0,120,0,648,2,1,28,1,30,0,0,0,4,238,0,2,0,2,59,0,20,2,0,4,0,0,37,22,0,0,2,2,1,0,10,1,0,133,0,6,100,36,0,1,5,23,3,2,2,0,0,1
846,0,0,0,2,1296,0,6,0,592,1,0,0,0,308,156,1,3,0,1,47,0,1,2,0,369,0,0,2,3,0,2,0,0,0,1,1,51,0,0,0,0,34,0,0,1,0,3,0,0,0,1,0,0,0,34,1,0,0,0,2
0,0,0,0,0,8,0,0,0,2,1,0,0,0,5,4,1,1,0,0,1,0,0,0,0,41,1,0,0,0,0,2,0,0,0,0,0,75,0,0,0,0,3,0,0,0,0,0,0,0,0,0,0,0,0,5,0,0,0,0,0
