0.60166,0.38724,0.14112,0.94437,0.36585,0.46223,0.22625,0.37902,0.3037,0.75092,0.48295,0.52436,0.36782,0.45145,0.65183,0.30779,0.6233,0.29688,0.41524,0.46374,0.60406,0.31379,0.37323,0.49074,0.34525,0.32655,0.43639,0.28366,0.79321,0.21618,0.46719,0.14005,0.30935,0.35424,0.27905,0.88339,0.2627,0.4672,0.30304,0.29844,0.16769,0.57959,0.29749,0.29471,0.30377,0.30703,0.36981,0.2613,0.4979,0.56713,0.21386,0.29024,0.29776,0.30379,0.3376,0.56017,0.21431,0.29419,0.32799,0.40413,0.25883
0.41132
0,91,60,0,0,0,23,0,533,0,0,155,0,0,0,71,0,0,69,0,0,77,0,0,16,0,0,2,0,0,4,0,0,23,410,0,0,0,454,44,0,0,0,1,135,13,9,0,0,74,2,0,650,2,22,0,0,28,93,1,2
0,886,10,0,0,0,3,0,2,0,2,57,0,0,0,3,0,1,4,0,0,23,8,0,869,0,0,31,0,1,4,1,0,18,83,0,42,0,74,727,1,0,0,12,1,1,2,0,0,7,280,0,91,8,1,0,0,739,0,0,5
0,132,128,0,0,0,8,0,24,0,0,60,0,0,0,15,0,4,45,0,0,182,2,0,107,0,0,28,0,0,16,10,3,181,251,1,9,0,232,142,0,2,0,22,55,52,4,0,0,8,16,0,308,80,2,0,4,83,38,15,35
0,5,129,0,0,0,3,1,102,0,0,49,0,0,0,12,0,0,34,0,0,167,0,3,0,0,1,3,0,0,34,0,18,12,154,0,0,0,300,5,0,0,1,0,733,117,0,0,0,155,0,0,192,13,120,0,0,0,554,1,20
0,104,21,0,0,0,3,0,7,0,0,26,0,0,0,1,0,0,1,0,0,74,0,0,18,0,0,2,0,0,12,0,0,25,123,0,0,0,21,122,0,0,0,0,2,0,1,0,0,0,7,0,123,0,2,0,1,27,6,0,0
0,16,278,0,5,1,36,8,39,0,0,53,1,7,1,21,3,8,66,2,1,307,3,6,53,0,23,55,0,5,161,201,12,287,99,5,28,0,61,163,11,13,25,99,98,196,17,1,17,7,22,0,91,82,24,0,39,63,53,97,416
4,0,2,5,2,0,1,4,0,2,0,0,6,4,1,0,9,1,0,0,6,0,4,20,0,0,5,1,12,2,0,31,1,3,0,5,2,2,0,3,37,2,6,1,1,2,0,8,0,0,0,4,0,0,1,3,1,0,1,12,34
0,8,11,0,1,0,205,4,22,0,1,4,5,2,0,396,1,2,419,0,0,12,14,32,10,1,4,90,0,15,4,7,170,15,3,7,23,0,8,34,20,13,5,76,11,11,926,1,3,1,26,0,3,6,686,2,7,15,4,1,35
0,59,8,0,0,0,3,0,4,0,0,186,0,0,0,6,0,19,29,0,0,5,2,0,97,0,0,0,0,0,0,5,0,3,646,0,44,0,747,66,1,0,0,6,13,21,0,0,0,6,1,0,357,32,3,0,0,20,1,0,0
0,0,11,0,0,2,0,110,0,1,3,3,0,7,1,0,0,1,5,0,0,2,18,0,0,0,0,1,0,29,0,46,7,11,0,3,0,1,5,0,0,4,0,1,1,3,0,4,0,0,3,0,2,2,1,1,0,2,1,1,2
0,0,3,7,36,1,0,1,0,0,0,14,60,5,0,0,116,3,1,36,1,0,0,12,0,9,9,0,5,3,6,10,3,0,0,2,0,0,0,0,131,15,49,0,2,2,0,2,2,0,0,229,0,0,0,2,15,0,0,1037,1
0,0,0,0,0,17,0,0,0,14,0,0,0,0,38,0,0,0,0,0,0,0,0,0,0,141,0,0,0,0,0,22,0,1,0,0,0,455,0,0,0,3,0,0,0,0,0,0,0,0,0,0,0,0,0,131,0,0,0,0,0
3,1,10,3,1,3,0,8,1,5,62,1,3,1,14,0,0,4,0,0,21,5,23,11,2,5,0,9,12,195,0,224,2,86,0,14,1,36,0,8,13,23,6,1,2,10,4,57,1,0,1,1,1,0,1,239,0,3,8,1,0
106,0,4,8,180,10,0,8,0,1,3,3,14,161,2,0,2151,37,1,283,37,0,0,3,0,19,15,0,9,19,21,24,2,0,0,11,2,30,0,0,363,1,130,0,3,1,1,12,16,0,0,231,0,1,0,94,17,0,2,310,3
9,3,79,5,9,3,0,35,2,5,10,0,3,7,3,1,65,25,0,14,103,0,26,1,10,0,20,3,15,644,4,43,19,16,1,2,18,1,0,33,38,5,422,7,1,9,1,23,13,4,3,41,0,2,0,30,60,0,5,43,15
3,0,2,0,2,1,11,4,1,0,19,0,41,9,1,3,94,377,3,8,5,2,7,0,0,12,28,21,0,10,8,10,3,0,0,0,6,0,1,0,22,1,231,16,3,1,4,289,38,2,1,4,0,3,243,7,139,3,1,84,4
0,403,66,0,0,0,129,0,4,0,8,16,3,1,0,60,0,14,49,0,0,180,31,1,504,0,2,169,0,22,16,1,2,90,90,0,116,0,99,345,0,4,2,95,6,17,232,2,0,2,363,0,46,53,12,0,0,569,3,1,22
0,0,65,0,0,0,0,1,12,0,0,12,0,0,0,0,0,1,1,0,0,56,0,0,0,0,0,2,0,0,325,0,2,13,22,1,0,0,4,0,0,0,0,0,66,53,0,0,1,0,0,1,4,16,5,0,0,0,52,2,232
0,0,2,0,4,0,0,0,2,0,1,1,1,0,0,1,0,0,0,0,0,1,0,0,0,0,56,0,2,1,0,1,5,0,0,0,0,0,1,2,4,0,5,0,0,0,0,1,21,0,0,0,0,0,0,0,8,0,0,0,4
0,0,6,2,9,0,4,6,9,0,0,5,4,0,0,7,7,3,1,0,0,2,1,1,2,0,272,12,1,4,0,4,26,3,0,2,3,0,0,15,19,1,15,8,2,3,0,1,199,2,3,0,1,0,0,0,7,3,1,6,35
0,0,0,0,0,0,0,0,0,0,1,0,1,0,0,1,0,0,0,0,0,0,1,0,0,0,10,0,0,0,0,0,0,0,0,0,3,0,0,0,1,0,1,0,1,0,0,0,17,0,1,0,0,0,0,0,0,0,0,0,0
3,0,1,6,25,0,0,15,0,0,1,7,2,4,1,1,3,0,0,1,44,0,0,500,0,0,6,1,13,11,3,304,36,1,0,8,0,1,0,0,48,3,9,0,1,2,0,118,13,0,0,57,0,0,2,0,0,0,1,9,2
0,16,8,0,0,0,166,0,8,0,0,2,0,1,0,393,0,0,402,0,0,6,6,6,19,0,0,30,0,10,1,1,67,3,5,1,10,0,9,24,1,0,0,40,0,6,480,0,0,1,14,0,3,3,277,1,0,23,1,0,2
0,84,2,0,0,0,3,0,1,0,164,6,17,7,0,3,0,89,0,0,0,7,90,0,222,0,1,108,0,42,0,0,0,0,53,0,416,0,25,7,0,0,0,93,0,5,0,1,0,112,291,0,5,345,1,0,1,79,0,0,2
5,0,0,2,12,4,0,12,0,3,0,0,0,5,0,0,1,0,0,5,2052,0,0,4,0,2,1,0,5,17,0,12,0,0,0,2,0,6,0,0,6,4,16,3,0,0,0,2,0,0,0,10,0,0,0,10,0,0,0,0,0
2,0,173,0,0,3,3,9,0,1,13,0,2,0,4,0,1,0,1,0,1,1,48,4,0,1,1,1,0,9,2,106,3,116,0,0,1,2,0,1,7,80,55,3,2,258,3,6,0,0,1,4,1,0,0,15,2,0,244,0,2
1,0,3,2,36,0,1,3,0,0,3,1,19,405,0,1,361,12,0,81,1,0,1,4,0,116,14,0,2,0,99,23,4,0,0,4,27,0,0,0,447,3,33,0,0,1,3,2,8,0,0,98,0,0,2,0,16,0,5,108,95
0,0,0,4448,254,0,0,1,0,0,0,0,0,0,0,0,0,0,0,0,1,0,0,0,0,0,2,0,1753,0,0,0,0,0,0,2765,0,0,0,0,1,0,0,0,0,0,0,0,0,0,0,0,0,0,0,0,0,0,0,3,0
3,1,3,3,0,0,2,2,3,1,16,1,5,1,3,2,0,7,0,0,19,3,47,15,3,10,2,2,24,12,0,29,3,30,0,15,0,5,0,12,3,133,4,3,0,3,3,421,0,0,6,0,6,0,4,14,1,1,22,3,8
0,9,3,0,0,0,3,0,8,0,306,1,55,0,117,2,0,22,1,0,1,2,7,4,5,0,7,23,6,2,3,1,1,1,6,1,9,0,2,33,6,7,7,3,6,3,3,356,9,19,24,0,6,1,8,0,24,9,5,1,3
0,116,88,0,0,0,106,0,15,0,186,3,61,65,0,24,0,127,45,0,0,110,225,0,243,0,2,550,0,266,18,19,8,46,10,0,294,0,23,109,6,38,3,489,6,46,154,2,264,100,500,1,4,198,4,0,32,271,4,17,144
2,106,231,1,4,3,229,15,26,0,324,10,96,260,1,54,3,354,122,4,0,81,306,4,226,9,107,771,0,280,22,176,34,67,28,2,411,1,35,279,224,86,26,763,11,123,62,3,115,134,437,2,8,210,31,1,227,403,3,47,645
0,8,1,0,0,0,382,0,139,0,1473,0,704,45,0,4,0,665,4,0,0,6,951,1,13,0,7,145,1,64,1,11,14,0,2,1,641,0,1,3,14,1,0,69,0,9,6,0,20,1149,88,1,0,206,5,0,75,11,0,0,9
1,0,0,0,0,12,0,0,0,6,81,0,1,0,19,3,0,0,0,0,1,0,1,3,0,91,0,0,0,0,0,37,0,5,0,0,0,514,0,0,0,5,0,0,0,0,2,0,0,0,0,0,0,0,0,399,0,0,0,0,0
15,0,27,1,1,2,0,14,0,17,2,1,0,1,151,0,0,2,2,0,24,2,126,5,1,7,1,1,12,36,0,311,10,881,1,4,1,14,0,1,4,1227,78,2,1,137,1,72,0,0,1,0,0,0,1,61,0,1,757,1,0
0,0,0,6,463,0,0,37,0,0,0,0,1,1646,0,0,62,1,2,1688,28,0,0,6,0,5,1,0,11,2,332,342,6,0,0,3,0,4,0,0,229,4,9,0,2,1,0,34,2,0,0,632,0,0,0,11,0,0,29,26,12
0,6,221,0,1,0,2,4,32,0,6,147,24,1,0,10,1,98,11,2,0,181,3,19,8,0,24,11,2,4,1538,2,28,29,128,0,92,0,158,10,3,1,53,11,203,821,3,16,22,8,2,150,59,706,34,1,381,2,95,33,259
0,0,27,0,48,3,1,16,35,0,7,6,5,0,0,26,5,11,1,4,3,4,3,25,2,0,1439,4,5,3,15,0,612,0,2,4,8,0,0,13,133,3,148,2,9,19,0,19,357,4,2,8,1,9,3,0,554,2,0,70,7
1,0,34,0,114,3,7,316,206,1,8,14,17,12,0,160,84,93,2,25,8,11,6,13,2,8,2137,14,2,5,30,1,213,0,2,6,11,1,4,18,392,1,359,7,12,13,3,164,1661,6,8,8,2,6,4,5,341,8,1,55,20
0,1,1,0,9,0,0,20,25,0,10,7,3,29,0,104,8,6,0,1,1,0,6,5,0,11,481,3,4,1,7,2,0,0,0,0,1,0,0,2,103,0,15,1,0,0,3,2,370,7,1,0,0,0,3,0,34,0,0,4,5
0,0,1,0,0,0,7,1,7,0,4,1,10,0,0,8,3,66,4,1,0,6,0,0,3,0,115,11,0,0,7,0,1,0,2,1,9,0,1,4,1,0,27,10,4,7,1,173,74,2,0,3,1,4,9,0,75,4,0,2,2
0,111,107,0,0,0,1,0,37,0,0,16,0,0,0,2,0,0,10,0,0,803,0,0,12,0,0,21,0,1,179,0,2,150,78,0,3,0,31,42,0,1,0,14,117,49,2,0,0,2,1,0,61,6,2,0,3,13,136,1,122
0,0,1,0,0,0,0,0,3,0,0,5,0,0,0,4,0,2,6,0,0,12,0,0,1,0,0,1,0,0,3,0,0,1,31,0,7,0,44,2,0,0,0,1,352,89,0,0,0,2,0,0,16,98,1,0,0,0,2,0,0
1,3,8,0,0,1,0,417,0,1,3,1,0,2,11,0,0,2,0,0,24,0,63,14,2,5,1,0,5,147,0,36,1,73,1,4,2,4,1,5,2,64,1,312,0,14,0,717,0,1,4,0,5,4,0,35,0,1,11,0,3
0,0,0,167,162,0,0,72,0,0,1,9,2,3,0,1,1,0,0,4,12,0,0,16,0,0,4,0,255,2,1,19,6,1,0,118,1,0,0,0,13,0,4,0,1,0,1,22,3,0,1,33,0,0,0,0,0,0,2,13,2
0,0,0,16,318,0,0,20,0,0,0,0,2,192,0,0,16,0,0,450,21,0,0,0,0,0,5,0,6,2,5,15,0,0,0,3,0,1,0,0,253,0,7,0,0,0,0,1,0,0,0,1106,0,0,0,1,1,0,0,167,1
0,33,41,6,102,1,11,802,148,0,63,65,72,29,2,10,26,40,26,14,3,25,86,20,21,0,28,107,11,18,95,19,15,34,39,5,65,0,20,102,183,13,49,23,169,34,7,59,24,52,129,23,47,12,16,1,55,85,125,27,19
0,79,25,0,1,60,424,3,269,0,13,32,17,3,0,719,0,9,992,14,0,30,55,954,24,0,10,36,0,20,7,1,748,10,33,5,32,0,40,29,2,69,42,62,20,41,391,3,3,23,3,0,66,37,290,164,296,17,12,5,10
1672,0,0,0,0,1270,0,0,0,2240,0,0,0,0,1479,0,0,0,0,2,89,0,0,6,0,612,0,0,1,3,0,0,0,0,0,0,0,44,0,0,0,1,0,0,0,0,0,1,0,0,0,0,0,0,0,50,0,0,0,0,0
2,0,0,0,0,27,0,0,0,26,0,0,0,0,41,0,0,0,0,1,8,0,0,1,0,722,0,0,0,0,0,2,0,0,0,0,0,1396,0,0,0,2,0,0,0,0,0,1,0,0,0,0,0,0,0,8,0,0,0,0,0
23,1,0,1,3,19,0,24,0,37,8,0,0,1,41,0,0,2,0,0,43,0,36,67,0,19,0,4,9,327,0,371,1,204,0,11,0,214,0,3,32,85,6,4,0,5,1,107,0,0,0,0,4,0,0,1820,0,2,2,0,2
26,0,2,20,1069,11,0,94,0,4,0,10,7,690,5,0,404,23,1,933,78,0,0,9,0,6,20,0,22,73,142,141,1,0,0,18,0,124,0,0,574,1,66,0,2,0,0,17,11,1,0,1109,0,0,2,68,11,1,2,84,2
35,0,0,1,35,16,0,7,0,23,0,0,0,11,4,0,1,0,0,34,380,0,0,1,0,1,0,0,2,66,1,3,0,0,0,2,0,6,0,1,15,3,19,1,0,0,0,7,0,0,0,35,0,0,1,29,0,0,0,1,0
0,3,26,0,0,0,4,0,7,0,0,8,0,2,0,4,0,1,3,1,0,32,5,2,16,0,0,34,0,20,14,3,3,29,7,0,18,0,11,2,3,4,0,47,21,48,4,0,0,3,15,0,8,40,11,0,4,6,7,7,49
0,0,13,0,2,0,2,0,5,0,0,19,1,0,0,2,0,2,8,0,0,109,8,11,0,0,5,25,0,17,36,0,3,9,2,0,2,0,2,8,0,3,0,20,26,31,3,0,4,0,1,0,0,9,60,0,3,1,11,1,90
0,2,3,0,1,1,26,2,4,0,99,3,58,11,0,7,0,26,14,1,0,24,88,3,4,0,9,325,0,530,2,0,2,0,1,0,54,0,0,12,40,0,4,246,7,1,31,0,24,33,43,0,1,7,52,0,15,15,0,0,68
3,1,4,0,11,8,1,15,2,2,3,15,6,13,0,0,21,35,0,30,334,0,1,61,0,1,8,2,1,16,16,16,2,3,0,1,2,1,0,0,14,182,841,2,7,4,3,13,11,0,1,28,0,1,5,4,100,0,0,84,8
0,0,21,0,0,0,0,1,11,0,0,1141,1,2,0,1,0,7,4,0,1,4,5,69,1,0,9,3,0,1,97,2,315,7,2,0,5,0,51,3,0,3,12,3,297,391,2,0,7,1,1,1,9,116,61,0,33,0,8,185,29
0,0,0,0,0,0,64,0,0,0,144,0,583,1,1,27,1,34,0,0,0,5,235,0,1,0,4,56,0,18,1,0,4,0,0,93,20,1,0,2,3,2,0,9,1,0,131,0,6,98,35,0,1,6,20,3,2,2,0,0,2
859,0,0,0,2,1279,0,4,0,591,1,0,1,0,323,161,2,3,0,1,46,0,0,2,0,353,0,0,2,4,0,2,0,0,0,0,1,50,0,0,0,1,34,1,0,1,0,4,0,0,0,1,0,0,0,34,1,0,0,0,3
0,0,0,0,0,6,0,0,0,2,1,0,0,0,5,5,1,1,0,0,0,0,0,0,0,45,1,0,0,0,0,2,0,0,0,0,0,74,0,0,0,0,2,0,0,0,0,0,0,0,0,0,0,0,0,5,0,0,0,0,0
