0.61932,0.33843,0.13704,0.94165,0.3694,0.5285,0.278,0.3566,0.28998,0.7381,0.52894,0.53096,0.29645,0.42763,0.66402,0.28908,0.62726,0.33388,0.37377,0.54326,0.64643,0.3228,0.20967,0.4879,0.42403,0.34595,0.42806,0.26424,0.71926,0.1993,0.4785,0.16349,0.32106,0.33123,0.33205,0.87936,0.28654,0.49813,0.32476,0.22401,0.17867,0.57211,0.31792,0.31331,0.31755,0.23641,0.36075,0.21763,0.47797,0.53185,0.20585,0.29522,0.3135,0.30455,0.30153,0.51058,0.13927,0.27787,0.35735,0.37868,0.27838
0.40938
0,125,49,0,0,0,43,0,524,0,0,159,0,0,0,61,0,0,64,0,0,78,0,0,16,0,0,2,0,0,3,0,0,79,335,0,1,0,369,48,0,0,0,3,140,7,12,0,0,98,2,0,706,0,24,0,0,22,92,1,1
0,775,9,0,0,0,0,0,2,0,3,59,2,0,0,4,0,0,4,0,0,34,8,0,1147,0,0,28,0,3,0,0,0,5,81,0,37,0,78,543,0,0,0,13,1,1,6,1,1,9,380,0,108,8,1,0,1,643,0,0,2
0,126,129,0,0,0,18,0,25,0,0,56,0,0,0,12,0,2,54,0,0,184,1,0,104,0,0,31,0,1,13,13,1,140,198,1,6,0,236,168,0,1,1,42,52,113,4,0,0,8,28,0,307,63,3,0,3,68,35,17,40
0,8,100,0,0,0,5,0,93,0,0,70,0,0,0,9,0,0,33,0,0,166,2,3,0,0,0,10,0,0,35,0,15,89,134,0,0,0,254,5,0,0,1,1,758,44,0,0,0,147,0,0,200,23,182,0,0,0,535,0,16
0,123,13,0,0,0,4,0,5,0,0,80,0,0,0,1,0,0,0,0,0,86,0,0,29,0,0,5,0,0,5,0,0,37,56,0,0,0,18,93,0,0,0,0,2,0,1,0,0,0,13,0,126,0,4,0,0,25,3,0,0
0,9,259,0,4,1,34,10,42,0,0,32,1,7,1,21,3,5,76,2,0,299,8,10,41,0,32,55,0,4,199,210,9,146,62,3,19,0,39,222,10,26,16,149,83,373,14,2,17,7,25,1,87,65,54,0,34,49,53,93,363
2,1,0,7,4,2,1,5,0,2,0,0,6,3,1,0,14,2,0,0,6,0,2,16,0,0,4,2,6,0,1,29,1,3,0,4,2,2,0,2,36,2,8,2,0,8,0,7,2,0,0,5,0,0,3,2,1,0,1,14,30
0,4,16,0,2,0,208,3,18,0,1,1,11,4,0,400,2,2,375,0,1,11,17,28,8,1,3,93,1,17,2,6,205,3,4,6,22,0,7,46,14,24,1,75,6,17,965,0,9,1,58,0,5,10,610,6,6,14,2,2,29
0,63,8,0,1,0,4,1,4,0,0,152,0,0,0,7,0,20,30,0,0,5,1,0,90,0,0,0,0,0,0,0,0,1,689,0,42,0,770,56,1,0,0,6,15,26,0,0,0,7,0,0,344,28,3,0,0,14,1,1,0
0,0,10,0,0,1,0,106,0,1,1,3,0,6,0,0,0,1,3,0,0,2,19,0,0,0,0,1,1,35,1,51,8,5,0,1,0,3,3,3,1,3,1,1,2,4,0,2,0,0,2,0,1,3,1,0,1,0,3,2,3
0,0,5,14,43,1,0,1,0,0,0,15,63,5,0,0,142,3,2,20,1,0,0,10,0,9,11,0,4,2,8,10,6,0,0,2,0,0,0,0,129,15,35,0,3,0,0,2,3,0,0,227,0,0,0,1,35,0,0,1002,1
0,0,0,0,0,11,0,0,0,16,0,0,0,0,40,0,0,0,0,0,0,0,0,0,0,142,0,0,0,1,0,21,0,0,0,0,0,412,0,0,0,2,0,0,0,0,0,0,0,0,0,0,0,0,0,177,0,0,0,0,0
3,2,8,2,1,3,0,8,2,8,54,1,1,1,13,0,0,1,0,0,21,5,23,10,0,6,0,6,23,217,1,240,2,89,0,15,1,33,0,6,12,20,17,1,1,10,2,40,0,0,2,1,0,0,0,221,0,3,9,1,0
106,0,8,8,187,4,0,8,1,1,1,3,17,181,0,2,2255,38,1,175,35,0,0,3,0,27,20,0,13,5,18,20,3,0,0,10,0,19,0,1,362,1,119,0,2,1,0,12,20,0,0,248,0,2,2,42,38,42,2,284,2
7,3,61,5,11,4,0,27,2,10,8,1,4,4,3,2,68,25,0,10,63,1,21,1,6,2,26,2,6,567,4,50,24,18,0,1,8,1,0,43,33,10,531,8,3,8,0,58,9,4,2,55,0,2,1,21,59,1,4,36,15
2,0,2,0,1,2,13,8,3,0,14,0,70,11,0,5,112,395,3,5,1,2,14,4,1,11,37,12,1,8,7,1,3,0,0,0,8,2,0,2,62,1,107,15,6,3,66,399,22,3,2,5,0,0,97,12,151,2,0,69,6
0,355,59,0,0,0,102,0,4,0,8,13,6,3,0,66,0,16,71,0,0,190,40,2,563,0,1,167,0,29,6,1,2,34,78,0,103,0,117,306,0,7,1,117,6,35,261,1,3,3,417,0,52,44,7,0,0,520,2,1,31
0,1,48,0,0,0,0,2,12,0,0,10,0,0,0,0,0,1,1,0,0,56,0,0,0,0,1,3,1,0,369,0,1,30,12,0,0,0,2,5,0,0,0,0,63,32,0,0,0,0,0,4,4,15,8,0,1,0,52,2,213
0,0,2,0,3,0,1,0,2,0,1,0,1,0,0,1,0,0,0,0,0,0,1,0,0,0,59,0,2,0,1,1,4,0,0,0,0,0,1,2,3,0,1,0,0,0,0,1,21,0,0,0,0,0,0,0,7,0,0,3,6
0,0,7,0,15,0,3,6,9,0,2,6,0,0,0,6,6,1,2,0,0,0,5,2,1,0,275,12,1,3,0,7,30,0,0,0,5,0,0,17,17,1,9,10,3,4,0,1,205,2,3,0,1,1,1,1,6,2,1,4,24
0,0,0,0,0,0,0,0,0,0,1,0,0,0,0,1,0,0,0,0,0,1,2,0,0,0,12,0,0,0,0,1,0,0,0,0,4,0,0,0,0,0,0,0,0,0,0,0,14,0,1,0,0,0,0,0,1,0,0,0,0
3,0,1,7,29,0,0,16,0,0,1,6,2,4,2,1,2,0,0,4,36,0,0,510,0,0,6,1,11,0,1,289,54,1,0,6,0,1,0,0,46,2,15,0,5,1,0,99,11,0,0,75,0,0,3,1,1,0,0,9,1
0,13,8,0,0,0,237,0,6,0,0,1,2,1,0,369,0,0,304,0,0,4,7,7,17,0,0,33,0,12,1,0,61,0,5,1,11,0,13,28,1,5,0,39,0,5,533,0,0,1,29,0,3,4,251,1,0,30,1,0,2
0,173,1,0,0,0,3,0,2,0,153,3,42,8,0,1,0,128,5,0,0,7,79,0,228,0,1,94,0,48,0,0,0,0,43,0,416,0,49,14,0,0,0,62,0,6,2,0,1,112,171,0,6,343,0,0,3,75,0,0,3
6,0,0,2,10,7,0,12,0,2,0,0,0,5,0,0,0,0,0,5,1991,0,0,3,0,3,1,0,4,12,1,11,0,1,0,3,0,3,0,0,4,4,68,3,0,0,0,1,0,0,0,28,0,0,0,10,0,1,0,0,0
2,0,183,0,0,3,0,8,0,0,14,0,2,1,4,1,1,1,1,0,0,4,48,2,0,0,2,0,0,11,2,75,7,89,0,0,0,3,0,1,7,71,25,1,3,290,1,6,3,0,1,8,1,1,1,26,2,0,278,0,2
1,0,2,2,37,0,1,3,0,0,2,0,22,412,0,7,311,7,0,82,1,0,4,7,1,138,18,0,3,0,71,17,4,0,0,2,30,0,0,0,482,3,24,0,0,2,2,2,6,0,0,105,0,0,3,0,15,2,4,111,99
0,0,0,4906,246,0,0,1,0,0,0,1,1,0,0,0,0,0,0,0,0,0,0,0,0,0,2,0,1445,0,0,0,0,0,0,2624,0,0,0,0,1,0,0,0,0,0,0,0,0,0,0,0,0,0,0,0,0,0,0,1,0
4,0,4,5,0,0,2,7,3,1,16,0,9,1,2,0,1,4,0,0,21,6,47,15,0,19,1,4,45,15,0,24,8,49,3,14,0,3,0,41,6,124,11,3,0,9,3,340,0,1,2,0,2,1,2,12,1,0,23,1,4
0,6,2,0,0,0,0,0,8,0,303,0,47,0,118,3,0,14,1,0,0,3,31,4,4,0,7,16,10,1,4,0,2,2,3,1,11,0,2,45,11,6,4,1,8,1,5,352,6,22,24,0,8,1,9,1,16,10,5,1,2
0,133,87,0,0,0,73,0,13,0,145,0,100,78,0,24,0,150,58,0,0,108,295,2,198,0,2,544,0,271,10,16,7,9,13,0,267,0,27,74,9,33,3,484,5,92,116,2,291,112,500,0,9,187,6,4,40,242,2,19,182
2,65,248,0,4,3,199,14,28,1,249,4,136,257,3,53,4,382,182,12,0,77,436,5,172,6,97,696,4,255,15,129,25,11,26,2,396,0,48,285,229,94,16,824,7,205,49,4,140,112,468,3,10,166,42,20,240,344,4,48,689
0,120,2,0,0,0,389,0,147,0,1599,0,560,63,0,3,0,821,7,0,0,4,529,1,13,0,6,112,2,68,0,18,13,0,3,1,696,0,0,2,11,1,0,57,0,17,9,0,15,1027,71,1,0,226,2,8,304,13,0,0,9
2,0,1,0,0,12,0,0,0,6,76,0,1,0,22,3,0,0,0,0,1,0,1,3,0,100,0,0,0,0,0,46,0,3,0,0,0,443,0,0,0,5,1,1,0,0,2,0,0,0,0,0,0,0,0,452,0,0,0,0,0
15,0,23,1,0,0,0,17,0,17,3,1,0,1,131,0,0,1,0,2,17,2,143,6,0,6,3,0,15,38,4,177,22,893,0,3,0,20,0,1,4,1194,110,4,2,166,1,46,0,0,2,0,1,0,1,73,0,1,848,3,0
0,0,0,11,349,0,0,52,0,0,0,0,1,1560,0,1,59,1,1,1909,19,0,0,8,0,8,1,0,25,0,289,296,8,1,0,5,0,4,0,0,243,4,24,0,0,0,0,30,0,0,0,631,0,0,0,10,0,2,34,33,18
0,8,191,0,5,2,2,4,43,0,7,137,18,2,0,5,1,82,12,4,3,192,7,32,5,0,31,51,1,3,1580,0,27,103,113,0,94,1,172,15,1,1,23,9,146,635,3,43,27,8,3,177,60,709,79,0,361,1,98,62,267
0,0,43,0,49,3,0,31,49,0,4,9,8,3,0,33,10,7,1,3,2,5,3,41,1,1,1689,9,7,4,13,0,594,1,1,2,4,0,0,12,29,10,80,4,8,11,0,51,347,5,2,4,0,7,3,1,342,1,3,133,4
0,0,75,0,122,9,4,341,236,0,10,11,26,15,0,214,89,91,3,12,3,11,5,20,0,5,2285,11,5,6,36,2,231,3,2,6,12,1,3,18,178,1,256,8,14,8,3,232,1573,4,5,5,0,8,11,5,316,4,2,89,20
0,0,1,0,10,0,0,25,25,0,9,6,4,31,0,147,4,6,0,2,1,0,9,10,0,5,457,1,15,1,9,0,0,0,0,2,1,0,0,1,69,0,7,1,0,0,3,7,372,6,3,0,0,0,1,0,33,0,0,7,5
0,0,0,0,1,0,3,3,9,0,4,2,9,0,0,5,4,49,2,0,0,8,6,3,2,0,119,5,0,1,7,0,1,1,1,1,12,0,1,5,3,0,7,5,7,6,1,257,55,3,0,1,0,0,2,0,52,4,1,1,3
0,98,93,0,0,0,1,0,44,0,0,24,0,0,0,1,0,0,12,0,0,848,3,0,4,0,0,64,0,1,174,1,2,140,37,0,3,0,28,75,0,0,0,16,86,67,3,0,1,1,1,0,61,4,6,0,3,14,119,1,100
0,0,3,0,0,0,0,0,4,0,0,2,0,0,0,3,0,2,10,0,0,13,0,1,0,0,0,2,0,0,1,0,0,0,74,0,7,0,41,3,0,0,0,0,368,46,0,0,0,4,0,0,14,82,2,0,0,0,2,0,0
1,2,4,0,0,1,0,403,0,0,3,1,0,1,8,0,0,5,0,1,28,0,56,13,1,7,1,0,10,175,0,32,4,146,3,0,2,5,1,14,0,64,7,302,0,29,1,622,0,2,4,1,3,6,3,25,0,0,11,0,4
0,0,0,188,148,0,0,72,0,0,1,8,2,6,0,0,4,0,0,4,11,0,0,19,0,0,3,0,271,0,3,16,11,0,0,106,2,1,0,2,16,0,7,0,0,0,0,8,3,0,0,33,0,0,0,0,1,0,0,5,1
0,0,0,20,336,0,0,18,0,0,0,0,4,202,0,0,17,0,0,278,13,0,0,0,0,0,4,0,6,1,4,14,1,0,0,3,0,0,0,0,229,0,13,0,0,0,0,1,0,0,0,1234,0,0,0,2,3,0,0,205,1
0,41,36,7,99,3,3,751,148,0,60,50,81,41,2,10,27,43,41,28,2,22,129,29,28,0,29,84,19,17,83,22,18,42,40,7,65,0,18,125,229,11,29,26,154,33,9,58,20,52,119,13,57,12,28,2,49,69,103,22,11
0,30,22,0,3,87,556,5,260,0,10,25,10,5,0,675,1,14,835,17,0,30,25,1028,20,0,12,38,0,21,10,1,820,15,26,4,36,0,27,45,1,57,18,42,18,34,452,7,4,17,5,0,54,45,287,122,318,23,11,11,11
1814,0,0,0,0,919,0,0,0,2342,0,0,0,0,1587,0,0,0,0,0,105,0,0,3,0,596,0,0,2,1,0,1,0,0,0,0,0,41,0,0,0,0,2,0,0,0,0,0,0,0,0,0,0,0,0,57,0,0,0,0,0
2,0,0,0,0,23,0,0,0,29,0,0,0,0,60,0,0,0,0,1,7,0,0,1,0,768,0,0,0,0,0,1,0,0,0,0,0,1329,0,0,0,1,0,0,0,0,0,1,0,0,0,0,0,0,0,14,0,0,0,0,0
23,1,3,1,1,9,0,25,0,56,8,0,1,2,47,0,0,2,0,0,47,1,37,66,0,22,0,1,23,354,1,394,2,489,0,7,0,177,1,4,13,77,12,4,0,7,1,84,0,0,1,0,5,0,1,1520,0,1,7,0,1
24,0,3,24,1038,15,0,80,0,11,0,7,14,682,10,0,428,28,1,898,56,0,0,12,0,20,25,0,20,10,141,140,0,0,0,18,0,37,0,0,558,2,115,0,2,0,0,18,13,1,0,1229,0,1,0,48,10,39,0,105,1
35,0,0,0,33,10,0,8,0,24,0,0,0,12,6,0,1,0,0,23,308,0,0,1,0,0,0,0,3,51,1,4,0,1,0,2,0,2,0,0,10,0,111,1,0,0,0,5,0,0,0,59,0,0,0,29,0,0,0,1,0
0,2,23,0,0,0,4,0,7,0,0,7,0,2,0,6,0,1,4,1,0,35,10,1,4,0,0,31,0,23,13,2,2,12,6,0,14,0,16,8,3,4,0,51,18,64,5,0,0,2,14,0,8,29,13,0,4,7,7,12,57
0,0,11,0,1,0,4,0,6,0,0,15,1,0,0,2,0,1,7,0,0,102,28,12,0,0,5,25,0,14,35,1,1,4,0,0,2,0,2,16,0,2,1,13,12,36,2,0,6,0,2,1,1,2,85,0,2,2,9,5,78
0,1,4,0,1,1,24,0,4,0,99,3,67,12,0,7,0,38,16,0,0,17,152,5,0,0,12,287,0,510,2,0,2,0,0,0,62,0,0,17,31,3,1,209,3,3,23,0,42,37,36,0,1,7,44,0,15,15,0,0,86
2,1,4,0,16,13,1,14,2,3,3,16,9,11,2,1,27,35,2,15,235,0,4,74,0,1,20,1,1,9,17,14,5,1,0,0,2,1,0,2,14,192,887,2,5,3,4,52,9,1,0,21,0,1,5,3,89,2,0,82,7
0,0,19,0,0,1,0,1,14,0,0,1132,0,4,0,5,0,4,10,0,0,5,1,73,1,0,13,2,0,2,100,3,304,0,27,0,6,0,28,3,0,3,5,4,370,223,1,2,10,3,1,2,5,219,116,2,27,0,6,147,19
0,1,0,0,0,0,58,2,1,0,149,0,526,1,0,14,0,26,0,0,0,3,264,0,0,0,4,93,0,17,1,0,4,0,0,120,20,0,0,0,2,0,0,10,0,0,110,0,10,109,30,2,2,3,16,7,1,7,0,0,3
873,0,0,0,0,1298,0,8,0,639,0,0,0,0,323,138,1,3,0,1,45,0,0,1,0,276,0,0,3,1,0,2,0,0,0,1,0,52,0,0,3,0,58,1,0,1,0,2,0,0,0,1,0,0,0,33,0,0,0,0,3
0,0,0,0,0,8,0,0,0,4,1,0,2,0,5,5,1,1,0,0,0,0,0,0,0,41,1,0,0,0,0,1,0,0,0,0,0,72,0,0,0,0,2,0,0,0,0,0,0,0,0,0,0,0,0,6,0,0,0,0,0
