0.61536,0.3674,0.1419,0.93837,0.3689,0.5006,0.263,0.37494,0.29515,0.74616,0.50776,0.54392,0.30455,0.4343,0.65802,0.28749,0.62743,0.32368,0.39113,0.51049,0.62979,0.31475,0.3568,0.49375,0.39461,0.33197,0.42185,0.27056,0.72951,0.19523,0.47184,0.15691,0.30226,0.36293,0.31524,0.88136,0.26598,0.4866,0.32533,0.25123,0.17433,0.56894,0.32935,0.29985,0.31457,0.2717,0.37003,0.24,0.48569,0.54007,0.20665,0.29452,0.31276,0.31967,0.31034,0.50962,0.14591,0.28303,0.3479,0.40345,0.27691
0.41086
0,111,54,0,0,0,38,0,523,0,0,148,0,0,0,71,0,0,65,0,0,81,0,0,20,0,0,3,0,0,4,0,0,65,344,0,0,0,405,56,0,0,0,2,132,11,9,0,0,95,2,0,689,0,24,0,0,24,85,1,2
0,852,14,0,0,0,1,0,2,0,2,55,2,0,0,6,0,0,5,0,0,30,8,0,1039,0,0,36,0,1,2,0,0,9,83,0,47,0,76,612,1,0,0,12,1,1,5,0,1,8,320,0,89,11,1,0,1,662,0,0,2
0,132,129,0,0,0,15,0,26,0,0,56,0,0,0,14,0,2,53,0,0,186,1,0,119,0,0,30,0,1,12,14,3,134,220,1,13,0,229,161,0,1,0,44,51,95,3,0,0,9,20,0,295,65,4,0,3,76,34,16,37
0,6,112,0,0,0,3,0,92,0,0,51,0,0,0,16,0,0,37,0,0,174,0,3,0,0,0,10,0,0,38,0,15,59,141,0,0,0,267,8,0,0,1,0,760,73,0,0,0,150,0,0,207,25,133,0,0,0,532,0,25
0,123,17,0,0,0,4,0,6,0,0,60,0,0,0,1,0,0,0,0,0,83,0,0,21,0,0,5,0,0,7,0,0,38,69,0,0,0,17,112,0,0,0,0,2,0,1,0,0,0,6,0,123,0,2,0,1,26,5,0,0
0,9,276,0,4,1,35,9,39,0,0,35,0,8,0,24,3,6,78,0,0,291,4,9,51,0,28,59,0,5,181,246,11,167,77,2,28,0,42,222,12,28,22,132,96,318,15,2,21,5,26,1,74,70,27,0,31,53,47,87,369
3,1,2,7,2,1,1,4,0,1,0,0,8,3,1,0,14,2,0,0,8,0,4,17,0,0,5,1,9,1,1,27,1,3,0,6,1,0,0,2,33,2,8,1,1,5,0,7,1,0,0,6,0,0,1,4,1,0,1,15,29
0,5,12,0,0,0,198,4,24,0,1,2,10,3,0,388,0,2,370,0,1,12,16,30,10,1,3,93,1,13,5,8,174,3,3,7,25,0,8,44,16,20,1,71,10,19,978,1,8,2,53,0,2,5,657,2,9,17,2,3,30
0,62,10,0,0,0,2,0,3,0,0,146,0,0,0,9,0,18,29,0,0,5,1,0,95,0,0,0,0,0,0,0,0,1,668,0,49,0,759,64,1,0,0,7,14,25,1,0,0,7,1,0,364,32,2,0,0,13,1,1,0
0,0,10,0,0,1,0,107,0,1,3,2,0,4,0,0,0,3,4,0,0,1,7,0,0,0,0,1,2,44,1,51,9,6,0,2,0,2,3,1,1,4,0,1,1,3,0,4,0,0,3,0,2,2,1,0,0,2,3,1,2
0,0,3,14,48,1,0,1,0,0,0,16,65,6,0,0,115,3,1,27,1,0,0,8,0,8,10,0,4,0,7,9,6,0,0,2,0,0,0,1,130,9,37,0,2,0,0,3,2,0,0,226,0,0,0,1,36,0,0,1028,0
0,0,0,0,0,11,0,0,0,16,0,0,0,0,39,0,0,0,0,0,0,0,0,0,0,123,0,0,0,1,0,21,0,0,0,0,0,438,0,0,0,2,0,0,0,0,0,0,0,0,0,0,0,0,0,171,0,0,0,0,0
3,2,5,3,2,0,1,8,1,7,61,1,2,0,12,0,0,2,0,0,20,6,27,10,2,6,1,7,25,219,1,247,2,74,0,12,1,34,0,5,7,24,10,2,1,8,3,56,0,0,2,1,0,0,1,208,1,3,8,2,0
102,0,9,9,215,5,0,9,0,0,0,4,12,172,2,3,2191,37,1,210,41,0,0,3,0,23,11,0,10,15,20,20,2,0,0,13,0,26,0,0,368,1,100,1,1,0,0,7,17,0,0,229,0,1,1,62,34,52,4,302,4
9,4,66,7,12,3,0,29,2,8,12,1,3,5,3,1,63,26,0,11,82,1,14,2,8,0,26,2,9,589,2,51,25,12,0,1,11,1,0,38,36,12,476,10,2,7,0,47,11,3,2,49,2,1,0,25,74,0,4,42,17
2,0,2,0,3,3,19,6,2,0,14,0,62,8,1,3,107,408,3,8,4,2,7,1,1,11,36,15,0,8,5,0,5,0,0,0,8,0,0,1,46,1,139,19,3,3,10,232,25,2,0,4,0,0,250,17,210,3,1,61,7
0,382,67,0,0,0,113,0,4,0,5,13,5,2,0,66,0,12,62,0,0,181,35,1,557,0,1,197,0,26,7,1,2,50,86,0,122,0,109,310,0,6,1,110,7,30,253,1,2,4,389,0,49,51,9,0,0,497,2,1,22
0,0,53,0,0,0,0,1,14,0,0,11,0,0,0,0,0,1,1,0,0,54,0,0,0,0,1,3,1,0,364,0,3,32,16,1,0,0,1,2,0,0,0,0,62,39,0,0,2,0,0,2,3,15,4,0,0,0,38,2,223
0,0,1,1,4,0,1,0,2,0,1,1,1,0,0,3,0,0,0,0,0,0,2,0,0,0,58,0,1,1,1,1,4,0,0,0,0,0,1,3,4,0,1,0,0,0,0,1,22,0,0,0,0,0,0,0,5,0,0,1,3
0,0,8,0,9,0,6,5,12,0,1,4,3,0,0,8,8,3,2,0,0,0,1,2,0,0,274,14,1,3,0,4,29,0,0,2,4,0,0,15,15,1,13,7,2,6,0,3,203,2,3,1,1,0,0,1,4,2,1,7,27
0,0,0,0,0,0,0,0,1,0,2,0,0,0,0,1,0,0,0,0,0,1,0,0,0,0,10,0,0,0,0,1,0,0,0,0,4,0,0,0,1,0,0,0,0,0,0,0,15,0,1,0,0,0,0,0,1,0,0,0,0
3,0,1,8,28,0,0,18,0,1,1,6,2,4,3,1,1,0,0,2,40,0,0,516,0,0,8,0,15,7,2,293,35,1,0,7,0,0,0,0,48,3,8,0,1,2,0,109,11,0,0,64,0,0,2,1,0,0,1,9,1
0,16,9,0,0,0,214,0,6,0,0,1,2,1,0,386,0,0,325,0,0,5,6,5,19,0,0,31,0,9,1,0,55,0,5,1,9,0,8,22,1,2,0,39,0,7,517,0,0,1,25,0,2,2,286,1,1,23,1,0,2
0,141,1,0,0,0,4,0,1,0,153,2,45,9,0,1,0,128,6,0,0,6,91,0,218,0,1,105,0,45,0,1,0,0,45,0,392,0,29,13,0,0,0,74,0,4,2,0,0,111,207,0,5,367,0,0,1,73,0,0,1
5,0,0,2,13,4,0,12,0,3,0,0,0,6,0,0,0,0,0,4,2021,0,0,3,0,1,1,0,6,13,0,10,0,1,0,2,0,5,0,0,6,4,37,3,0,0,0,1,0,0,0,27,0,0,0,10,0,1,0,0,0
2,0,166,0,0,2,4,7,0,1,14,0,3,0,3,1,1,1,1,0,1,3,53,4,1,1,3,1,0,14,1,84,4,91,0,0,0,1,0,1,7,65,45,3,3,281,1,8,0,1,1,2,1,0,1,25,2,0,274,1,2
1,0,1,2,45,0,1,2,0,0,1,0,18,421,0,4,338,9,0,77,1,0,1,3,0,123,16,0,3,0,92,17,4,0,0,4,28,0,0,1,464,4,22,0,0,1,3,1,7,0,0,103,0,0,3,0,20,1,14,106,83
0,0,0,4766,249,0,0,0,0,0,0,0,1,0,0,0,1,0,0,0,0,0,0,0,0,0,2,0,1451,0,0,0,0,0,0,2756,0,0,0,0,1,0,0,0,0,0,0,0,0,0,0,0,0,0,0,0,0,0,0,1,0
4,0,5,6,0,0,3,4,3,1,16,0,8,1,3,0,1,4,0,0,23,2,44,13,2,19,1,2,40,16,0,23,8,30,2,12,1,3,0,15,4,126,12,5,1,4,3,391,0,0,3,0,7,0,3,10,2,1,25,1,6
0,9,3,0,0,0,1,0,8,0,307,0,49,0,116,3,0,18,0,0,0,3,12,4,4,1,5,23,9,2,4,1,1,0,5,1,10,0,2,34,8,6,3,3,8,1,5,359,6,19,32,0,7,1,7,0,25,9,6,0,1
0,125,87,0,0,0,83,0,13,0,167,0,111,79,0,26,0,143,49,0,0,114,235,0,211,0,4,574,0,270,8,22,8,12,13,0,283,0,23,86,8,33,5,462,7,82,153,2,285,100,497,0,4,190,5,0,33,237,3,20,170
2,78,254,0,5,1,213,14,26,0,287,5,162,274,1,57,5,385,172,5,0,76,306,5,173,8,115,750,2,264,18,143,29,16,28,2,406,0,39,273,204,94,17,797,10,191,53,7,125,119,467,3,7,187,34,1,244,348,3,43,692
0,51,3,0,0,0,386,0,146,0,1571,0,603,46,0,3,0,782,5,0,0,3,902,1,11,0,5,118,2,58,1,16,11,0,3,0,645,0,1,1,11,1,0,71,0,15,9,0,21,1031,89,1,0,197,2,0,107,12,0,0,9
2,0,1,0,0,10,0,1,0,6,87,0,0,0,20,4,0,0,0,0,1,0,1,3,0,99,0,0,0,0,0,44,0,2,0,0,0,458,0,0,0,4,2,1,0,0,2,1,0,0,0,0,0,0,0,432,0,0,0,0,0
15,0,22,4,0,1,0,16,1,15,3,1,0,1,142,0,0,1,0,0,16,2,134,7,1,8,2,0,16,34,1,216,19,936,0,6,0,14,0,2,2,1176,120,4,2,137,1,51,0,0,1,0,0,0,1,71,0,1,812,2,1
0,0,0,6,435,0,0,39,0,0,0,0,1,1580,0,0,57,1,1,1825,25,0,0,4,0,7,1,0,21,0,317,286,10,1,0,6,0,5,0,1,222,4,12,0,0,0,0,36,0,0,0,630,0,0,0,4,0,2,58,26,14
0,10,202,1,4,0,2,5,35,0,6,150,27,2,0,7,1,79,11,1,1,188,3,20,7,0,28,31,1,2,1550,1,27,74,118,0,100,1,152,9,2,0,32,13,170,742,4,45,26,5,4,154,66,764,41,3,368,2,64,20,285
0,0,40,0,51,3,0,16,44,0,8,9,6,0,0,37,7,10,2,2,3,4,2,35,1,0,1618,8,5,3,12,1,604,0,2,5,10,0,1,18,88,3,100,2,6,8,0,42,360,3,3,7,0,5,3,2,375,1,1,105,6
0,1,63,0,111,3,8,313,211,1,8,14,22,12,0,230,91,66,4,6,4,9,5,14,0,5,2162,11,3,4,30,2,251,2,2,9,10,0,5,21,299,1,273,9,13,11,3,215,1629,8,7,5,1,6,9,7,358,9,0,67,22
0,1,1,0,10,0,0,20,25,0,10,6,3,29,0,135,5,5,0,0,1,1,5,4,0,7,458,2,14,1,7,0,0,0,0,2,1,0,0,1,93,0,9,1,0,0,2,6,379,8,3,0,0,0,3,0,29,0,0,4,5
0,0,0,0,2,0,7,1,5,0,5,3,12,0,0,5,4,54,2,0,0,7,0,1,2,0,110,7,0,0,7,0,1,1,0,1,10,0,1,1,4,0,13,4,6,6,1,233,68,1,0,2,0,5,8,0,64,4,0,1,3
0,105,96,0,0,0,1,0,40,0,0,23,0,0,0,1,0,0,11,0,0,813,1,0,9,0,0,54,0,2,173,1,2,157,51,0,3,0,24,64,0,0,0,19,109,60,2,0,0,1,2,0,62,7,2,0,2,13,114,1,111
0,0,2,0,0,0,0,0,3,0,0,3,0,0,0,4,0,2,8,0,0,12,0,0,0,0,0,2,0,0,3,0,0,1,52,0,9,0,42,3,0,0,0,0,353,66,0,0,0,4,0,0,16,96,1,0,0,0,2,0,0
1,3,6,0,0,0,0,394,1,1,3,1,0,1,8,0,0,5,0,1,27,0,34,14,0,4,1,0,7,202,0,31,3,82,3,0,3,2,1,9,0,81,6,321,0,12,1,678,0,2,2,1,6,4,1,26,0,0,19,0,4
0,0,0,194,150,0,0,69,0,0,2,8,2,3,0,0,2,0,0,2,12,0,0,15,0,0,4,0,265,1,1,16,8,0,0,104,2,0,0,1,14,0,5,1,1,0,0,14,4,0,0,38,0,0,0,0,1,0,3,9,1
0,0,0,18,323,0,0,19,0,0,0,0,3,197,0,0,18,0,0,419,18,0,0,0,0,0,4,0,4,1,7,14,1,0,0,4,0,0,0,0,238,0,7,0,0,0,0,0,0,0,0,1140,0,0,0,2,1,1,0,169,1
0,34,33,6,112,1,7,769,144,0,64,53,81,33,1,11,25,49,44,18,2,30,92,27,19,0,31,99,12,17,79,19,16,30,34,6,66,0,19,125,209,12,35,21,169,31,7,72,22,51,127,14,50,14,18,1,56,82,123,22,12
0,50,24,0,1,84,521,5,276,0,9,31,16,3,0,694,0,15,891,8,0,29,68,988,22,0,10,36,0,21,7,1,749,13,34,3,33,0,26,38,2,53,25,48,18,36,434,6,3,18,5,0,48,33,316,159,287,23,13,7,10
1771,0,0,0,0,1041,0,0,0,2334,0,0,0,0,1497,0,0,0,0,0,102,0,0,3,0,616,0,0,2,5,0,0,0,0,0,0,0,42,0,0,0,0,1,0,0,0,0,1,0,0,0,0,0,0,0,55,0,0,0,0,0
2,0,0,0,0,23,0,0,0,29,0,0,0,0,47,0,0,0,0,1,6,0,0,1,0,731,0,0,0,0,0,2,0,0,0,0,0,1380,0,0,0,2,0,0,0,0,0,1,0,0,0,0,0,0,0,12,0,0,0,0,0
21,1,3,1,2,14,0,25,0,51,8,0,1,2,39,1,0,2,0,0,46,1,38,63,0,19,1,2,19,380,1,386,1,453,0,7,0,197,0,2,6,90,11,5,0,5,0,116,0,0,0,0,4,0,1,1510,0,0,3,0,1
23,0,2,24,1103,11,0,87,0,8,0,9,8,682,5,1,401,23,1,902,67,0,0,7,0,8,20,0,20,77,141,100,0,0,0,19,0,102,0,0,565,2,61,0,2,0,0,15,16,1,0,1166,0,0,2,56,13,38,1,94,1
37,0,0,0,30,14,0,8,0,24,0,0,0,13,3,0,1,0,0,29,341,0,0,1,0,1,0,0,4,58,1,4,0,1,0,2,0,4,0,0,12,1,56,1,0,0,0,5,0,0,0,55,0,0,0,34,0,0,0,1,0
0,2,25,0,0,0,5,1,8,0,0,6,1,2,0,7,0,1,2,0,0,31,4,1,9,0,0,36,0,21,13,4,3,13,10,0,17,0,8,6,3,4,0,50,21,60,4,0,0,1,14,0,8,38,14,0,4,6,7,4,58
0,0,14,0,1,0,4,0,5,0,0,15,1,0,0,2,0,1,8,0,0,106,9,10,0,0,5,29,0,20,33,1,1,4,0,0,2,0,2,15,0,2,1,22,28,37,4,0,6,0,0,1,0,5,66,0,2,1,9,2,80
0,2,4,0,1,1,27,1,3,0,96,3,74,13,0,6,0,35,14,1,0,20,99,4,1,0,12,295,0,508,2,0,2,0,0,0,50,0,0,12,33,2,3,244,6,3,31,0,34,33,46,0,1,9,62,0,13,14,0,0,79
3,1,3,0,15,9,1,14,1,1,4,16,6,10,2,1,29,34,1,16,247,0,2,69,0,1,14,1,2,12,13,15,4,3,0,0,1,1,0,1,11,178,881,1,6,6,3,40,8,0,0,24,0,1,8,3,122,1,0,90,7
0,0,23,0,0,1,0,1,14,0,0,1158,1,1,0,2,0,5,9,0,0,4,6,68,0,0,15,2,0,1,101,1,326,2,5,0,7,0,33,3,0,3,6,5,327,279,1,2,8,2,2,3,7,175,75,1,27,2,8,173,28
0,0,1,0,0,0,52,2,0,0,161,0,534,2,1,16,0,28,0,0,0,6,248,0,0,0,3,77,0,19,1,1,4,0,0,119,14,0,0,1,3,0,0,9,1,0,119,0,6,102,40,0,1,6,26,6,2,4,0,0,1
867,0,0,0,0,1262,0,5,0,617,0,0,0,0,321,149,2,4,0,0,47,0,0,2,0,332,0,0,3,3,0,2,0,0,0,0,0,47,0,0,2,0,58,1,0,1,0,3,0,0,0,0,0,0,0,35,0,0,1,0,3
0,0,0,0,0,10,0,0,0,2,1,0,4,0,5,5,1,1,0,0,0,0,0,0,0,39,1,0,0,0,0,1,0,0,0,0,0,73,0,0,0,0,0,0,0,0,0,1,0,0,0,0,0,0,0,5,0,0,1,0,0
