0.6006,0.40396,0.13075,0.94455,0.36084,0.46936,0.2206,0.39699,0.29736,0.7546,0.46547,0.5075,0.36909,0.45849,0.65376,0.31347,0.6295,0.19131,0.42717,0.41318,0.62168,0.3137,0.40182,0.48678,0.3188,0.30048,0.43764,0.28014,0.79062,0.2549,0.45301,0.15501,0.32141,0.30031,0.28076,0.9028,0.26898,0.48133,0.29561,0.29867,0.18084,0.597,0.30083,0.28118,0.30608,0.2016,0.37794,0.28262,0.50903,0.61057,0.21375,0.28553,0.30728,0.30947,0.3322,0.58474,0.20449,0.30306,0.3283,0.42068,0.26429
0.40951
0,100,61,0,0,0,13,0,529,0,0,151,0,0,0,65,0,0,70,0,0,81,0,0,17,0,0,0,0,0,5,0,0,19,404,0,0,0,437,43,0,0,0,1,140,15,10,0,0,75,3,0,680,1,21,0,0,27,94,2,0
0,917,9,0,0,0,2,1,2,0,2,44,0,1,0,5,0,1,3,0,0,25,6,0,819,0,0,26,0,2,7,0,0,16,75,0,32,0,71,718,1,0,0,7,1,0,1,0,0,6,260,0,92,9,1,0,0,831,0,0,4
0,148,119,0,0,0,8,0,20,0,0,54,0,0,0,13,0,5,39,7,0,191,1,0,129,0,0,17,0,0,24,4,6,171,259,1,6,0,243,124,0,1,1,21,52,37,5,0,0,7,15,0,304,87,2,0,3,86,45,14,35
0,3,141,0,0,0,3,0,98,0,0,55,0,0,0,9,0,3,33,0,0,168,0,3,0,0,0,2,0,0,23,0,18,8,160,0,0,0,302,4,0,0,1,0,730,138,0,0,0,148,0,0,208,12,124,0,0,1,528,0,15
0,116,20,0,0,0,2,0,7,0,0,25,0,0,0,1,0,0,1,0,0,89,0,0,16,0,0,1,0,0,17,0,0,15,116,0,0,0,19,111,0,0,0,0,3,0,1,0,0,0,6,0,124,0,2,0,0,31,6,0,0
0,24,256,0,3,0,25,7,41,0,1,53,0,10,1,22,2,31,63,40,1,307,2,10,78,0,19,42,0,6,142,122,14,370,103,3,30,0,70,103,8,21,45,76,87,188,17,3,16,5,21,1,91,93,29,0,36,80,68,102,398
2,1,0,5,1,0,1,3,0,2,0,1,5,4,1,0,8,2,0,4,7,0,3,18,0,0,4,2,9,3,0,29,1,5,0,4,3,1,0,1,36,2,4,2,0,6,0,4,1,0,0,7,0,0,1,5,2,0,1,16,34
0,9,8,0,0,0,171,3,28,0,1,8,1,4,0,410,1,3,441,6,0,12,19,30,14,2,4,96,0,17,7,5,153,16,4,6,29,0,6,27,16,10,6,65,7,14,949,1,4,0,9,0,4,4,685,1,5,21,2,0,38
0,49,6,0,0,0,2,0,4,0,0,193,0,1,0,7,0,37,27,0,0,4,2,0,105,0,0,1,0,0,0,2,0,4,648,0,40,0,721,61,0,0,0,3,14,13,0,0,0,8,8,0,368,34,3,0,0,23,2,0,0
0,0,15,0,0,2,0,105,0,1,2,1,0,4,0,0,0,0,4,0,0,1,17,1,1,0,0,1,1,8,0,50,7,38,0,3,0,1,4,0,0,2,0,1,1,4,0,2,0,0,4,0,2,2,1,1,1,1,2,1,3
0,0,3,10,35,0,0,0,0,0,0,15,59,5,0,0,114,7,2,30,4,0,0,10,0,9,8,0,3,2,7,13,3,0,0,2,0,0,0,0,128,13,45,0,1,1,0,0,2,0,0,213,0,0,0,1,18,0,0,1066,1
0,0,0,0,0,16,0,0,0,14,0,0,0,0,36,0,0,0,0,0,0,0,0,0,0,156,0,0,0,0,0,22,0,0,0,0,0,447,0,0,0,3,0,0,0,0,0,0,0,0,0,0,0,0,0,128,0,0,0,0,0
3,1,12,2,1,2,1,7,3,7,66,1,3,1,12,0,1,1,0,0,18,4,19,16,1,7,0,6,10,83,1,235,2,169,0,18,1,38,0,8,18,24,2,0,0,12,3,65,1,0,2,1,1,0,1,239,1,6,9,1,0
105,0,4,10,166,8,0,9,0,2,2,5,15,171,2,0,2168,30,1,307,35,0,0,4,0,15,10,0,8,29,20,30,2,1,0,14,2,31,0,0,367,1,143,0,2,0,1,8,13,1,0,221,0,1,0,69,30,0,2,281,3
12,2,65,3,6,4,0,32,1,7,10,1,3,4,3,1,66,36,0,19,48,1,34,2,10,1,15,4,10,676,4,52,25,107,1,5,13,1,0,31,37,7,370,5,2,9,0,11,13,2,5,19,0,3,0,21,65,1,4,53,17
2,0,1,0,2,2,10,4,1,0,23,1,31,9,1,1,87,372,4,7,4,1,4,1,1,9,24,20,0,8,8,8,4,0,0,1,5,0,0,0,12,2,241,21,2,1,4,295,31,2,1,4,0,4,216,12,248,2,0,29,5
0,412,61,0,0,0,135,0,8,0,10,14,2,1,0,78,0,7,40,0,0,186,25,1,509,0,2,151,0,23,24,0,2,91,101,0,99,0,97,384,0,0,1,83,11,18,214,2,0,4,330,0,48,49,12,0,0,590,3,1,21
0,0,73,0,0,0,0,0,14,0,0,18,0,0,0,0,0,4,1,0,0,61,0,0,0,0,0,1,0,0,277,1,2,15,16,1,0,0,5,0,0,0,0,0,59,67,0,0,3,0,0,1,2,16,5,0,0,0,43,2,262
0,0,2,0,2,0,0,0,2,0,1,0,1,0,0,1,0,0,0,0,0,1,0,0,0,0,57,0,2,0,0,1,6,0,0,1,0,0,1,1,4,0,7,0,0,0,0,0,20,0,0,0,0,0,0,0,7,0,0,1,6
0,0,6,1,15,0,4,3,10,0,1,4,3,0,0,9,6,2,1,1,0,0,1,2,3,0,269,14,0,5,0,4,31,6,0,3,4,0,0,11,19,1,16,6,1,5,0,0,193,1,3,0,1,0,0,1,6,4,1,5,35
0,0,0,0,0,0,0,0,0,0,1,0,1,0,0,0,0,0,0,0,0,0,0,0,0,0,14,0,0,0,0,0,0,0,0,0,3,0,0,1,1,0,0,0,1,0,0,0,15,0,1,0,0,0,0,0,0,0,0,0,0
1,0,1,6,24,0,0,15,0,1,1,5,2,4,2,1,1,0,0,3,39,0,0,482,0,0,7,1,9,26,1,432,31,1,0,7,0,1,0,0,53,3,6,0,0,10,0,15,13,0,0,42,0,0,1,1,0,0,1,13,1
0,18,7,0,0,0,158,0,8,0,0,1,0,1,0,394,0,1,419,0,0,4,7,6,19,0,0,33,0,14,2,0,55,3,5,1,9,0,10,24,1,0,0,33,0,3,481,0,0,1,7,0,4,3,282,1,0,28,1,0,2
0,25,2,0,0,0,4,1,2,0,188,6,20,4,0,3,0,42,1,0,0,7,88,0,213,0,1,140,0,36,0,0,0,0,43,0,421,0,26,14,0,0,0,78,0,2,1,1,0,100,419,0,3,310,0,0,0,79,0,0,2
5,0,0,1,12,3,0,11,0,2,0,0,0,7,0,0,1,0,0,5,2036,0,0,2,0,1,1,0,5,33,0,13,0,1,0,2,0,5,0,0,8,3,17,3,0,0,0,3,0,0,0,9,0,0,0,11,0,0,0,1,0
2,0,183,0,0,3,4,9,0,0,12,0,2,1,5,0,1,4,2,0,1,2,36,4,0,3,1,2,0,3,1,103,3,105,0,1,1,1,0,0,7,89,54,2,2,264,1,5,0,0,2,4,1,3,1,13,2,0,244,0,3
1,0,3,2,34,0,1,4,0,0,3,1,15,430,0,0,355,17,1,57,1,0,1,1,0,119,15,0,3,0,117,20,3,0,0,4,28,0,0,0,419,4,31,0,0,1,3,1,10,0,0,108,0,0,2,1,19,0,3,117,90
0,0,0,4395,257,0,0,1,0,0,0,1,0,0,0,0,0,0,0,0,1,0,0,0,0,0,2,0,1669,0,0,0,0,0,0,2898,0,0,0,0,1,0,0,0,0,0,0,0,0,0,0,0,0,0,0,0,0,0,0,3,0
2,1,3,4,0,0,2,5,3,2,13,2,5,1,3,1,1,8,0,0,20,3,49,13,4,13,1,2,22,12,0,42,4,22,2,10,0,4,0,9,4,101,2,3,0,6,1,472,1,0,4,0,2,0,2,5,2,1,21,1,3
0,11,3,0,0,0,4,0,8,0,305,1,56,0,118,1,0,23,0,0,0,1,6,3,7,0,4,18,5,2,7,1,1,2,7,1,9,0,2,30,3,3,9,2,5,3,2,371,8,13,23,0,5,2,8,0,26,15,6,0,1
0,68,90,0,0,0,102,0,20,0,183,2,71,52,0,28,0,82,40,3,0,114,192,0,238,0,2,584,0,297,24,16,8,58,11,1,283,0,24,162,6,34,4,497,7,35,171,1,232,109,544,0,1,182,3,0,29,283,4,19,126
2,69,222,0,6,3,208,12,26,0,372,9,104,244,1,54,3,341,121,37,1,76,257,5,262,9,119,790,1,256,24,150,28,129,30,2,414,0,35,295,176,88,29,717,9,104,59,7,110,156,457,3,10,203,35,2,219,441,4,47,652
0,1,0,0,0,0,385,0,125,0,1402,0,750,25,0,2,0,449,3,0,0,5,974,1,11,0,5,182,1,69,0,3,16,0,1,2,652,0,1,6,13,1,0,82,0,9,5,0,25,1328,141,2,0,177,7,0,67,13,0,0,9
0,0,0,0,0,12,0,0,0,7,91,0,1,0,22,3,0,0,0,0,0,0,0,5,0,105,0,0,0,0,1,36,0,0,0,0,0,500,0,0,1,4,0,0,0,0,3,0,0,0,0,0,0,0,0,390,0,0,0,0,0
12,0,26,1,1,0,0,15,0,18,2,1,0,1,150,0,0,2,1,0,17,1,119,5,1,9,2,0,11,24,0,309,10,873,0,6,0,14,0,2,4,1234,76,4,2,152,1,75,1,0,1,0,0,3,1,69,0,1,761,0,0
0,0,0,5,452,0,0,48,0,0,0,0,1,1657,0,0,62,2,1,1480,26,0,0,5,0,4,1,0,15,0,338,337,6,0,0,7,1,4,0,0,250,2,11,0,2,1,0,5,2,0,0,840,0,0,0,9,1,0,25,25,12
0,10,249,0,2,0,1,3,36,0,6,181,12,1,0,8,1,389,8,2,0,185,1,25,14,1,25,10,3,3,1422,2,32,28,120,0,86,0,165,7,1,1,59,16,221,480,3,3,23,9,4,177,60,735,47,0,346,4,138,22,279
0,0,27,0,45,2,0,16,44,0,8,10,3,0,0,30,6,17,1,2,3,4,3,26,2,0,1436,10,5,1,15,0,606,2,1,9,11,0,0,5,118,3,141,5,5,18,0,11,368,3,6,6,0,10,3,2,546,1,0,87,4
0,0,36,0,110,3,6,307,200,1,10,13,13,7,0,142,88,107,2,26,7,11,2,13,2,6,2144,12,2,5,37,4,213,2,2,16,9,0,3,12,409,1,325,14,12,10,4,140,1692,4,8,10,1,8,6,6,361,7,0,55,19
0,0,1,0,8,0,0,19,19,0,11,7,3,29,0,78,10,12,0,1,1,0,3,3,0,9,502,3,3,1,5,0,0,1,0,6,2,0,0,0,102,0,21,3,0,4,2,2,366,6,3,0,0,0,5,0,34,0,0,5,6
0,0,1,0,1,0,7,0,9,0,4,1,4,0,0,7,3,79,3,0,0,7,1,1,2,0,102,4,0,0,3,0,1,0,2,0,8,0,2,2,1,0,28,16,4,5,1,161,74,2,0,1,0,7,8,0,105,3,0,0,2
0,115,109,0,0,0,1,0,47,0,0,18,0,0,0,2,0,0,7,1,0,820,0,0,13,0,0,17,0,1,182,0,2,134,76,0,3,0,30,36,0,1,1,10,119,53,2,0,0,1,0,0,57,9,2,0,0,19,142,1,105
0,1,1,0,0,0,0,0,3,0,0,5,0,0,0,4,0,8,7,0,0,12,0,0,1,0,0,2,0,0,5,0,0,1,32,0,7,0,42,2,0,0,0,0,341,94,0,0,0,3,0,0,14,95,1,0,0,0,3,0,0
1,2,6,0,0,1,0,398,1,1,1,1,0,1,8,1,0,1,0,0,23,0,70,6,1,4,1,1,3,34,0,45,1,176,1,6,3,5,3,7,2,60,1,313,0,15,0,743,0,0,4,0,2,5,0,37,0,2,10,0,5
0,0,1,166,161,0,0,72,0,0,0,8,2,4,0,1,0,0,0,1,9,0,1,15,0,0,4,0,261,1,1,26,5,0,0,116,1,0,0,0,16,0,5,0,0,1,1,13,2,0,1,36,0,0,0,0,1,0,3,15,2
0,0,0,15,292,0,0,17,0,0,0,0,3,180,0,0,17,0,0,510,19,0,0,0,0,0,4,0,4,5,5,13,1,0,0,0,0,1,0,0,278,0,5,0,0,0,0,1,0,0,0,1033,0,0,0,1,0,0,0,204,1
0,35,43,5,102,1,13,844,153,0,51,75,85,28,2,11,26,36,26,13,3,29,74,22,21,0,28,80,10,7,96,24,14,41,42,5,63,0,23,96,177,12,49,28,161,31,4,60,22,37,148,23,46,13,22,1,52,92,103,24,24
0,123,15,0,2,48,392,3,272,0,10,33,4,2,0,726,0,18,1047,12,0,27,67,939,34,0,9,37,0,18,7,2,773,9,33,2,39,0,35,28,4,66,40,54,17,36,383,2,3,19,3,0,59,35,288,131,297,22,12,4,9
1615,0,0,0,0,1280,0,0,0,2257,0,0,0,0,1452,0,0,0,0,0,91,0,0,5,0,670,0,0,2,5,0,2,0,0,0,0,0,39,0,0,0,0,0,0,0,0,0,2,0,0,0,0,0,0,0,50,0,0,0,0,0
2,0,0,0,0,26,0,0,0,27,0,0,0,0,38,0,0,0,0,0,5,0,0,1,0,695,0,0,0,0,0,3,0,0,0,0,0,1431,0,0,0,2,0,0,0,0,0,1,0,0,0,0,0,0,0,6,0,0,0,0,0
23,1,1,1,3,18,0,25,0,35,9,0,0,1,37,0,0,0,0,0,36,1,33,97,0,23,0,4,4,205,0,430,0,197,0,15,0,201,0,3,36,84,4,4,0,6,1,110,0,0,4,0,3,0,2,1877,0,1,2,0,2
22,0,1,20,1010,8,0,101,0,7,0,9,8,672,5,0,392,21,1,933,63,0,0,7,0,10,19,0,24,105,139,165,1,0,0,14,0,121,0,0,619,1,71,0,2,0,0,14,13,1,0,1125,0,0,1,43,13,0,2,100,1
39,0,0,1,28,17,0,7,0,22,0,0,0,16,3,0,1,0,0,40,362,0,1,1,0,1,0,0,3,73,0,6,0,10,0,1,0,5,0,1,13,2,19,1,0,0,0,6,0,0,0,31,0,0,0,30,0,0,0,1,0
0,3,25,0,0,0,4,1,9,0,2,7,0,2,0,3,0,3,2,3,0,33,2,1,15,0,0,37,0,21,8,0,3,34,9,0,19,0,15,7,2,2,0,46,23,41,4,0,0,2,11,0,7,41,11,0,2,7,10,5,50
0,0,13,0,2,0,2,0,6,0,0,21,1,0,0,2,0,3,9,1,0,113,3,8,0,0,3,33,0,20,30,0,3,10,1,0,1,0,1,6,1,2,2,16,23,48,3,0,4,0,0,3,1,5,64,0,2,2,7,0,79
0,4,3,0,1,1,32,1,5,0,87,2,60,12,0,7,0,17,13,0,0,21,58,3,5,0,13,369,0,472,3,0,2,2,1,1,61,0,0,12,39,0,4,295,4,5,27,0,21,37,38,0,1,7,63,0,9,15,0,0,66
3,1,6,0,14,4,1,11,2,3,4,20,6,16,3,0,21,41,0,30,342,0,1,64,0,2,11,2,1,14,16,17,2,9,0,1,1,1,0,2,11,173,836,1,6,5,3,11,9,0,1,17,0,1,5,3,82,0,0,102,5
0,0,18,0,0,0,0,1,12,0,0,1117,1,0,0,2,0,47,6,0,1,3,7,60,1,0,8,4,0,1,83,1,299,6,2,0,4,0,46,3,0,3,11,3,306,409,2,0,7,2,2,1,10,202,64,2,28,0,6,108,24
0,0,0,0,0,0,73,0,1,0,115,0,675,1,1,21,0,32,0,0,0,3,235,0,0,0,2,59,0,21,1,0,6,0,0,14,21,1,0,5,1,1,1,12,0,1,138,0,6,83,46,0,1,4,25,3,3,2,0,0,2
835,0,0,0,1,1302,0,5,0,573,1,0,1,0,311,158,1,3,0,1,50,0,0,2,0,388,0,0,2,5,0,5,0,0,0,0,0,44,0,0,0,0,33,1,0,1,0,2,0,0,0,2,0,0,0,34,1,0,0,1,4
0,0,0,0,0,8,0,0,0,2,1,0,0,0,4,4,1,1,0,0,1,0,0,0,0,42,1,0,0,0,0,2,0,0,0,0,0,76,0,0,0,0,2,0,0,0,0,0,0,0,0,0,0,0,0,4,1,0,0,0,0
