0.60089,0.40291,0.12952,0.94284,0.36665,0.46626,0.21944,0.39489,0.30085,0.75309,0.47045,0.51782,0.36346,0.4553,0.65775,0.3118,0.62886,0.19874,0.42504,0.41776,0.6215,0.31293,0.39787,0.48567,0.3231,0.3047,0.43355,0.28386,0.79441,0.24841,0.45463,0.16028,0.3214,0.30157,0.27811,0.90544,0.27027,0.47907,0.29934,0.30545,0.17889,0.58703,0.30267,0.28464,0.30895,0.24713,0.38167,0.27554,0.50281,0.608,0.21326,0.28872,0.30504,0.30789,0.33172,0.58566,0.20714,0.29654,0.33057,0.4086,0.25444
0.41023
0,97,62,0,0,0,15,0,528,0,0,154,0,0,0,66,0,0,73,0,0,82,0,0,16,0,0,0,0,0,5,0,0,23,403,0,0,0,436,44,0,0,0,1,136,18,10,0,0,75,3,0,672,2,22,0,0,27,92,1,1
0,913,9,0,0,0,2,0,2,0,3,47,0,1,0,6,0,1,3,0,0,25,6,0,821,0,0,26,0,1,7,1,0,15,79,0,34,0,70,734,0,0,0,8,1,0,2,0,0,7,258,0,95,8,1,0,0,806,0,0,5
0,147,118,0,0,0,8,0,23,0,0,53,0,0,0,13,0,6,37,8,0,187,2,0,122,0,0,16,0,0,24,3,6,180,260,1,5,0,243,123,0,1,1,20,52,42,4,0,0,7,15,0,310,83,5,0,3,82,42,15,37
0,5,139,0,0,0,3,0,101,0,0,54,0,0,0,10,0,3,33,0,0,163,0,3,0,0,0,2,0,0,26,0,18,9,160,0,0,0,298,4,0,0,1,0,735,130,0,0,0,147,0,0,210,13,121,0,0,1,533,0,16
0,114,21,0,0,0,2,0,8,0,0,25,0,0,0,1,0,0,1,0,0,91,0,0,15,0,0,1,0,0,13,0,0,15,117,0,0,0,20,112,0,0,0,0,3,0,1,0,0,0,6,0,121,0,2,0,0,35,5,0,0
0,24,258,0,4,1,24,7,37,0,1,49,0,9,1,22,3,30,65,48,0,311,1,8,71,0,23,43,0,5,150,125,15,371,103,3,27,0,65,105,6,20,44,78,90,156,17,2,20,5,18,2,93,98,26,0,33,76,62,103,428
2,1,2,6,1,0,1,6,0,2,0,0,5,3,1,0,9,2,0,4,8,0,2,20,0,0,3,1,8,3,0,30,0,4,0,4,2,2,0,2,37,2,6,1,1,3,0,7,1,0,0,4,0,0,1,5,1,0,1,14,33
0,9,12,0,0,0,177,1,26,0,1,7,2,4,0,402,1,3,439,6,0,13,18,31,11,1,5,92,1,16,4,5,158,16,5,5,26,0,5,27,16,10,5,67,9,10,958,1,5,0,10,0,2,6,686,1,6,21,2,0,38
0,47,7,0,0,0,2,0,5,0,0,196,0,1,0,8,0,36,28,0,0,4,2,0,102,0,0,0,0,0,0,2,0,4,648,0,41,0,722,62,0,0,0,4,14,10,0,0,0,8,9,0,361,37,4,0,0,24,2,0,0
0,0,16,0,0,2,0,103,0,1,1,1,0,2,0,0,0,0,4,0,0,1,17,1,1,0,0,1,0,11,0,49,6,37,0,3,0,2,4,0,0,4,0,1,1,4,1,2,0,0,3,0,2,2,1,0,1,2,5,1,2
0,0,7,13,36,0,0,0,0,0,0,14,64,5,0,0,112,6,1,32,5,0,0,11,0,8,10,0,3,1,7,14,3,0,0,2,0,0,0,0,128,14,45,0,2,1,0,1,3,0,0,210,0,0,0,1,15,0,0,1055,1
0,0,0,0,0,16,0,0,0,10,0,0,0,0,38,0,0,0,0,0,0,0,0,0,0,153,0,0,0,0,0,20,0,0,0,0,0,451,0,0,0,3,0,0,0,0,0,0,0,0,0,0,0,0,0,131,0,0,0,0,0
3,1,11,2,1,4,2,7,2,6,64,1,3,0,9,0,0,0,0,0,16,4,17,21,1,9,0,6,10,84,1,240,3,169,0,15,1,34,0,9,20,23,4,2,1,13,3,67,1,0,3,1,1,0,1,240,1,2,7,0,0
102,0,5,9,159,7,0,9,0,2,3,5,13,170,1,0,2179,30,1,292,35,0,0,4,0,17,11,0,10,28,19,32,3,0,0,13,2,27,0,0,362,1,144,0,2,1,1,9,13,1,0,224,0,1,1,76,30,0,2,287,6
11,3,83,2,7,3,0,30,1,6,13,1,2,6,3,2,63,33,0,19,57,1,34,5,10,1,19,1,10,665,4,47,20,97,1,3,14,1,0,31,37,6,366,5,2,8,0,16,13,2,3,21,0,2,0,25,67,3,5,57,12
2,0,1,0,2,2,10,6,1,0,20,0,26,8,0,1,88,389,3,8,5,1,5,1,0,8,28,22,2,9,10,8,4,0,0,1,5,0,0,0,14,1,232,22,2,2,1,300,30,2,1,4,0,3,220,11,234,1,0,29,3
0,402,65,0,0,0,137,0,5,0,10,13,2,1,0,75,0,10,40,0,0,184,23,2,510,0,3,151,0,25,21,0,2,93,104,0,99,0,98,377,0,0,1,79,11,18,218,1,0,4,338,0,45,51,13,0,0,594,3,1,21
0,0,71,0,0,0,0,0,12,0,0,14,0,0,0,0,0,3,1,0,0,57,0,0,0,0,0,1,0,0,288,1,2,12,21,1,0,0,3,0,0,0,0,0,64,61,0,0,2,0,1,1,2,17,6,0,0,0,42,2,264
0,0,2,0,4,0,0,0,2,0,1,0,1,0,0,1,0,0,0,0,0,1,1,0,0,0,56,0,2,1,0,0,5,0,0,0,0,0,1,0,4,0,7,0,0,0,0,0,21,0,0,0,0,0,0,0,6,0,0,1,7
0,0,6,1,15,0,5,4,10,0,1,3,3,0,0,9,6,1,1,1,0,0,1,1,3,0,267,14,0,5,0,3,27,5,0,0,5,0,0,11,18,2,16,5,2,6,0,0,199,1,4,0,2,0,0,0,7,4,1,6,36
0,0,0,0,0,0,0,0,0,0,1,0,1,0,0,0,0,0,0,0,0,0,0,0,0,0,13,0,0,0,0,0,0,0,0,0,3,0,0,1,1,0,0,0,1,0,0,0,16,0,1,0,0,0,0,0,0,0,0,0,0
4,0,1,8,24,0,0,16,0,1,1,6,2,4,2,1,1,0,0,1,36,0,0,480,0,0,8,0,11,24,2,366,44,1,0,7,0,1,0,0,55,2,9,0,0,6,0,71,14,0,0,39,0,0,1,0,0,0,1,10,3
0,18,8,0,0,0,159,0,7,0,0,1,0,1,0,392,0,1,420,0,0,4,6,6,19,0,0,32,0,12,2,0,57,3,5,1,9,0,10,25,1,0,0,35,0,3,480,0,0,1,7,0,4,3,282,1,0,28,1,0,2
0,28,2,0,0,0,4,1,2,0,188,6,16,6,0,2,0,50,0,0,0,7,89,0,213,0,1,132,0,36,0,0,0,0,41,0,422,0,25,12,0,0,0,81,0,1,1,1,0,96,415,0,4,318,0,0,0,80,0,0,2
5,0,0,1,13,3,0,12,0,3,0,0,0,7,0,0,1,0,0,5,2041,0,1,3,0,1,1,0,5,29,0,12,0,1,0,3,0,5,0,0,5,4,16,3,0,0,0,4,0,0,0,9,0,0,0,8,0,0,0,0,0
2,0,176,0,0,2,4,7,0,1,14,0,2,1,4,0,1,3,1,0,1,1,34,4,0,4,1,1,0,3,3,107,4,110,0,1,1,1,0,1,6,86,54,4,2,265,1,4,0,0,2,3,1,0,1,15,2,0,250,0,1
1,0,3,2,35,0,0,3,1,0,5,1,15,423,0,0,354,18,0,55,1,0,2,1,0,126,17,0,1,0,120,23,3,0,0,3,27,0,0,0,416,5,27,0,0,1,4,0,8,0,0,107,0,0,2,1,20,0,5,117,92
0,0,0,4404,249,0,0,1,0,0,0,0,0,0,0,0,0,0,0,0,1,0,0,0,0,0,2,0,1704,0,0,0,0,0,0,2863,0,0,0,0,1,0,0,0,0,0,0,0,0,0,0,0,0,0,0,0,0,0,0,3,0
3,1,2,3,0,0,2,5,3,2,12,1,7,1,2,1,1,7,1,0,20,3,50,13,2,10,1,2,21,14,0,31,5,32,2,13,1,3,0,12,3,135,2,2,0,5,1,439,2,0,5,0,1,0,2,4,1,1,23,1,3
0,12,4,0,0,0,3,1,7,0,303,0,56,0,118,1,0,25,0,0,0,2,7,3,7,0,4,17,7,2,5,1,2,2,6,1,10,0,1,27,4,4,6,2,5,6,3,367,9,15,21,0,4,2,8,0,28,16,6,0,1
0,66,94,0,0,0,107,0,23,0,188,2,72,56,0,31,0,85,41,3,0,114,189,0,248,0,1,584,0,280,20,16,8,56,13,1,281,0,24,164,6,36,4,489,6,34,151,1,258,110,534,1,2,184,4,0,26,282,4,23,120
2,70,229,0,3,4,218,13,27,0,358,11,105,252,0,55,3,342,115,41,1,75,262,7,251,10,121,788,1,280,27,145,27,125,31,2,409,0,36,285,175,82,34,721,10,97,59,5,116,160,456,2,12,214,32,2,210,441,5,50,631
0,2,0,0,0,0,380,0,127,0,1425,0,732,36,0,3,0,474,2,0,0,6,972,1,10,0,6,177,1,64,0,3,16,0,1,1,650,0,1,6,11,0,0,83,0,6,5,0,22,1323,128,2,0,179,6,0,69,12,0,0,8
0,0,0,0,0,14,0,0,0,7,84,0,1,0,22,3,0,0,0,0,0,0,0,5,0,101,0,0,0,0,1,35,0,0,0,0,0,505,0,0,2,5,0,0,0,0,3,0,0,0,0,0,0,0,0,393,0,0,0,0,0
11,0,26,2,1,1,0,15,1,22,2,1,0,1,145,0,0,2,1,0,19,1,122,4,1,8,2,0,11,19,0,324,9,883,0,5,0,14,0,0,3,1231,76,1,1,149,1,70,0,0,1,0,0,2,1,70,0,0,758,1,0
0,0,0,6,433,0,0,47,0,0,0,0,1,1645,0,0,60,1,1,1496,30,0,0,6,0,7,1,0,15,1,343,337,7,1,0,6,1,4,0,0,249,3,11,0,2,0,0,26,2,0,0,821,0,0,0,6,1,0,27,26,14
0,7,240,0,1,0,1,4,34,0,6,155,12,1,0,9,1,359,6,3,0,185,1,20,13,1,30,13,3,3,1458,1,34,26,126,0,85,0,153,4,1,2,55,15,206,603,3,3,24,8,3,147,63,722,48,0,349,3,104,30,282
0,0,31,0,47,1,0,18,38,0,10,8,4,0,0,29,6,14,1,2,4,2,4,27,2,0,1437,8,5,1,15,0,605,4,2,7,8,0,1,7,118,2,146,3,7,16,0,12,367,4,5,7,0,8,3,2,551,2,0,84,2
1,0,35,0,122,3,5,313,200,0,11,13,13,7,0,142,89,114,3,26,6,10,2,14,1,5,2127,12,1,5,36,3,214,2,2,12,11,1,5,12,400,1,311,12,12,9,4,140,1699,3,6,9,2,8,6,6,373,10,0,56,20
0,0,1,0,9,0,0,19,22,0,11,6,3,25,0,78,10,12,0,2,1,0,2,3,0,7,497,3,4,1,6,0,0,1,0,8,2,0,0,0,106,0,22,3,0,2,2,2,369,6,3,0,0,0,5,0,32,0,0,5,6
0,0,0,0,2,0,4,0,7,0,5,1,5,0,0,8,3,84,3,0,0,6,1,0,2,0,110,5,0,0,6,0,1,0,2,0,6,0,2,2,2,0,27,14,2,4,1,156,76,1,0,1,1,8,8,0,101,3,0,0,2
0,119,112,0,0,0,1,0,41,0,0,17,0,0,0,2,0,0,7,1,0,813,0,0,12,0,0,16,0,1,181,0,2,137,81,0,3,0,28,37,0,1,1,9,122,48,2,0,0,1,0,0,57,9,2,0,1,19,136,1,116
0,1,1,0,0,0,0,0,3,0,0,4,0,0,0,4,0,10,7,0,0,12,0,0,1,0,0,2,0,0,4,0,0,1,29,0,6,0,42,2,0,0,0,1,344,95,0,0,0,3,0,0,12,97,1,0,0,0,2,0,0
1,2,5,0,0,0,0,398,0,2,2,1,0,1,11,0,0,1,0,0,21,0,80,7,1,4,1,0,4,40,0,44,1,174,0,4,2,4,1,6,1,57,1,307,0,18,0,739,0,2,6,0,2,5,0,36,0,2,14,0,4
0,0,1,167,159,0,0,74,0,0,0,8,2,3,0,1,0,0,0,1,10,0,1,14,0,0,3,0,259,2,1,22,6,0,0,116,1,0,0,0,17,0,5,0,0,1,1,16,4,0,1,35,0,0,0,0,0,0,4,15,2
0,0,0,15,296,0,0,16,0,0,0,0,3,183,0,0,16,0,0,495,21,0,0,0,0,0,4,0,4,5,5,14,1,0,0,3,0,1,0,0,287,0,5,0,0,0,0,1,0,0,0,1043,0,0,0,0,1,0,0,189,1
0,36,41,8,100,1,12,834,150,0,54,68,82,27,2,8,27,42,26,14,3,27,81,21,23,0,26,77,11,8,104,23,16,43,47,6,61,0,21,92,179,11,47,27,156,29,7,60,23,36,137,24,46,15,21,1,59,93,116,25,22
0,133,19,0,3,49,395,3,268,0,11,33,5,2,0,719,1,20,1032,11,0,27,68,932,30,0,9,38,0,21,6,1,781,11,28,2,40,0,39,31,3,68,39,54,18,42,390,2,1,20,4,1,52,36,290,129,288,22,10,4,9
1617,0,0,0,0,1290,0,0,0,2257,0,0,0,0,1451,0,0,0,0,0,94,0,0,5,0,656,0,0,1,4,0,3,0,0,0,0,0,40,0,0,0,0,0,0,0,0,0,1,0,0,0,0,0,0,0,51,0,0,0,0,0
2,0,0,0,0,23,0,0,0,23,0,0,0,0,42,0,0,0,0,0,9,0,0,1,0,706,0,0,0,0,0,3,0,0,0,0,0,1419,0,0,0,2,0,0,0,0,0,1,0,0,0,0,0,0,0,6,0,0,0,0,0
22,1,3,1,3,18,0,19,0,33,10,0,1,0,34,0,0,0,0,0,39,1,32,96,0,24,0,2,3,204,0,435,0,196,0,14,0,202,0,3,32,86,4,4,0,6,0,112,0,0,3,0,4,0,1,1887,0,1,1,0,2
20,0,2,20,1027,9,0,94,0,10,0,10,9,675,5,0,407,21,1,930,58,0,0,7,0,10,18,0,22,105,133,156,0,1,0,15,0,121,0,0,610,1,70,0,2,0,0,20,14,1,0,1126,0,0,1,36,15,0,2,99,1
41,0,0,1,28,17,0,6,0,20,0,0,0,14,4,0,1,0,0,42,360,0,0,1,0,1,0,0,2,78,0,5,0,8,0,2,0,5,0,1,14,3,16,1,0,0,0,8,0,0,0,32,0,0,0,29,0,0,0,1,0
0,3,26,0,0,0,4,1,7,0,2,7,0,2,0,3,0,3,2,3,0,33,2,1,15,0,0,38,0,23,10,0,3,34,9,0,17,0,12,6,3,2,1,45,24,41,4,0,0,3,11,0,8,42,11,0,2,6,7,6,50
0,0,12,0,2,0,2,0,5,0,0,23,1,0,0,2,0,3,9,0,0,113,4,8,0,0,4,32,0,23,29,0,4,10,1,0,1,0,2,6,1,2,2,18,21,43,3,0,3,0,0,2,2,7,63,0,4,2,8,0,77
0,3,3,0,1,1,35,0,5,0,83,3,57,12,0,8,0,17,13,1,0,22,59,3,6,0,11,359,0,494,3,0,2,1,1,1,59,0,0,13,42,0,4,291,4,2,28,0,21,39,39,0,1,7,63,0,8,14,0,0,60
4,1,5,0,13,9,1,13,2,2,5,19,6,15,2,0,20,39,0,30,334,0,1,55,0,2,12,1,1,14,17,15,2,6,0,0,2,1,0,2,12,174,829,1,7,5,4,11,9,0,1,20,0,1,7,4,86,0,0,113,8
0,0,15,0,0,0,0,1,11,0,0,1119,1,1,0,1,0,50,6,0,1,4,6,61,1,0,9,4,0,1,90,2,300,9,2,0,5,0,44,3,0,4,10,2,299,417,2,0,7,2,2,1,8,151,63,3,25,0,5,151,24
0,0,0,0,0,0,75,0,1,0,119,0,677,2,1,25,0,31,0,0,0,5,235,0,0,0,3,56,0,22,1,0,4,0,0,14,20,0,0,2,2,1,1,12,0,2,134,0,7,83,41,0,1,4,26,3,2,3,0,0,1
835,0,0,0,1,1299,0,5,0,585,1,0,1,0,303,158,1,3,0,1,47,0,1,2,0,394,0,0,2,4,0,5,0,0,0,0,1,43,0,0,0,0,30,0,0,1,0,4,0,0,0,1,0,0,0,34,1,0,0,0,4
0,0,0,0,0,7,0,0,0,2,0,0,1,0,5,4,1,1,0,0,0,0,0,0,0,43,1,0,0,0,0,2,0,0,0,0,0,75,0,0,0,0,2,0,0,0,0,0,0,0,0,0,0,0,0,5,1,0,0,0,0
