0.60164,0.40724,0.1346,0.94193,0.36098,0.46946,0.21444,0.39594,0.29619,0.75459,0.45425,0.49467,0.37007,0.45727,0.65432,0.29958,0.6292,0.18127,0.43037,0.41049,0.61305,0.30781,0.43222,0.47751,0.31367,0.29828,0.44811,0.27798,0.7967,0.26231,0.44021,0.16278,0.34402,0.32101,0.29268,0.90108,0.25631,0.48921,0.29134,0.29639,0.18101,0.59037,0.3118,0.29593,0.30294,0.23401,0.33145,0.28798,0.51981,0.61929,0.21215,0.28731,0.3045,0.29309,0.34163,0.58429,0.23386,0.31727,0.31339,0.42672,0.24922
0.40993
0,98,54,0,0,0,14,0,529,0,0,155,0,0,0,52,0,0,83,0,0,79,0,0,21,0,0,0,0,0,13,0,1,23,396,0,1,0,421,45,0,0,0,1,140,9,5,0,0,68,3,0,704,1,20,0,0,27,98,2,1
0,889,9,0,0,0,3,0,2,0,3,39,0,1,0,3,0,1,2,0,0,26,4,0,803,0,0,27,0,0,8,1,0,15,82,1,37,0,68,722,1,0,0,4,1,0,1,0,0,3,248,0,88,9,2,0,0,889,0,0,5
0,143,117,0,0,0,7,0,21,0,0,52,0,0,0,13,0,10,34,6,0,196,1,0,135,0,0,15,1,0,32,3,6,185,254,0,14,0,215,111,0,0,0,18,55,29,3,0,0,7,15,0,323,82,6,0,3,91,50,16,35
0,3,122,0,0,0,3,0,111,0,0,56,0,0,0,6,0,3,30,0,0,157,0,3,1,0,0,3,0,0,25,0,17,9,146,0,0,0,300,4,0,0,1,0,731,112,0,0,0,146,0,0,251,13,112,0,1,0,554,1,17
0,103,20,0,0,0,2,0,7,0,0,28,0,0,0,1,0,0,3,0,0,92,0,0,15,0,0,1,0,0,29,0,0,14,123,0,0,0,21,106,0,0,0,0,3,0,1,0,0,0,6,0,112,0,2,0,0,33,7,0,0
0,19,263,0,3,0,23,6,37,0,1,45,0,11,1,21,2,37,58,46,1,299,2,9,89,0,17,39,1,3,127,117,18,400,98,5,31,0,68,92,6,21,42,68,87,203,12,0,18,5,21,4,112,90,26,0,39,75,71,108,389
2,1,0,6,3,0,1,3,0,2,0,0,4,4,1,0,9,2,0,2,8,0,3,12,0,0,4,2,4,2,0,36,1,6,0,6,3,2,0,2,39,2,8,3,0,9,0,4,0,0,0,6,0,0,1,5,2,0,1,11,29
0,7,8,0,2,0,193,1,28,0,1,8,3,4,0,450,1,4,454,4,1,10,21,30,13,2,4,90,0,14,6,5,179,16,2,7,30,0,7,25,14,15,5,69,11,12,821,1,9,0,6,0,8,8,700,1,9,24,1,0,38
0,35,6,0,0,0,2,0,6,0,0,206,0,1,0,7,0,37,23,0,0,5,2,0,112,0,0,1,0,0,0,2,1,4,660,0,47,0,696,66,0,0,0,2,12,10,0,0,0,9,10,0,357,37,4,0,0,28,1,1,0
0,0,6,0,0,1,0,104,1,1,4,1,0,1,1,0,0,0,4,0,0,2,0,2,1,0,0,1,1,25,0,45,10,41,0,4,0,1,4,1,0,4,0,1,1,4,0,7,0,0,2,0,0,2,1,0,1,1,6,2,1
0,0,2,9,31,1,0,0,0,0,0,12,62,5,0,0,112,6,1,38,3,0,0,10,0,8,11,0,5,4,7,13,5,0,0,2,0,0,0,0,124,13,58,0,3,1,0,0,3,0,0,213,0,0,0,1,15,0,0,1051,1
0,0,0,0,0,16,0,0,0,10,0,0,0,0,38,0,0,0,0,0,0,0,0,0,0,131,0,0,0,1,0,21,0,0,0,0,0,480,0,0,0,2,0,0,0,0,0,0,0,0,0,0,0,0,0,123,0,0,0,0,0
3,1,10,2,1,3,2,6,1,5,66,1,3,0,13,0,1,0,0,0,20,6,13,28,2,8,0,6,10,133,1,234,3,113,0,18,1,36,0,7,18,20,3,0,0,12,3,76,0,0,0,1,0,0,1,242,1,5,7,0,0
104,0,7,9,162,8,0,9,2,2,2,4,16,166,1,4,2172,42,2,295,35,0,0,3,0,19,11,0,8,28,22,36,1,1,0,19,0,22,0,0,362,0,137,0,2,1,0,6,19,1,0,225,0,1,0,73,32,0,2,273,3
11,2,42,6,2,2,1,31,1,7,13,1,3,6,2,2,61,34,0,18,75,2,7,3,13,1,21,2,7,714,4,50,36,56,1,2,10,1,0,38,33,10,394,4,2,9,1,16,14,2,4,18,0,2,0,29,64,1,3,50,15
2,0,1,0,2,2,8,7,1,0,17,0,29,7,0,2,90,388,2,4,7,1,3,2,1,8,23,23,1,5,6,10,4,0,0,0,6,1,0,0,11,2,220,23,2,1,1,280,37,1,1,3,1,3,225,14,273,2,0,20,5
0,402,61,0,0,0,140,0,7,0,11,15,1,1,0,89,0,7,32,0,0,191,22,2,511,0,3,145,0,23,41,0,4,94,94,0,107,0,92,400,0,4,1,71,10,16,198,1,2,5,295,0,34,49,16,0,0,628,3,1,21
0,0,84,0,0,0,0,2,12,0,0,11,0,0,0,0,0,3,1,0,0,61,0,0,0,0,0,1,1,0,193,0,1,13,11,0,0,0,4,0,0,0,1,0,73,74,0,0,3,0,0,4,7,14,6,0,0,0,51,2,316
0,0,2,0,3,0,0,0,2,0,1,0,1,0,0,1,0,0,0,0,0,1,1,0,1,0,53,0,2,0,0,1,4,0,0,1,0,0,1,1,5,0,4,0,0,2,0,0,21,0,0,0,1,0,0,0,9,0,0,1,5
0,0,10,1,15,0,5,2,8,0,1,1,3,0,0,15,6,2,1,1,0,0,0,4,3,0,283,12,0,6,0,5,13,7,0,2,4,0,0,8,18,1,11,4,2,9,0,0,198,2,4,0,1,0,1,1,4,3,1,7,32
0,0,0,0,0,0,0,0,0,0,1,0,1,0,0,0,0,0,0,0,0,0,0,0,0,0,13,0,0,0,0,0,0,0,0,0,3,0,0,0,1,0,0,0,1,0,0,0,17,0,1,0,0,0,0,0,0,0,0,0,0
0,0,3,6,23,0,0,17,0,1,1,3,2,3,2,1,1,0,0,1,35,0,0,438,0,0,5,0,10,30,1,454,53,1,0,8,0,0,0,0,54,2,12,0,0,12,0,7,14,0,0,46,0,1,1,1,0,0,1,11,2
0,16,7,0,0,0,177,0,9,0,0,1,0,1,0,400,0,0,446,0,0,5,6,2,18,0,0,33,0,8,2,0,67,5,6,3,12,0,10,24,1,2,0,28,0,3,410,0,0,1,5,0,3,4,293,1,0,34,1,0,2
0,24,3,0,0,0,3,1,2,0,192,4,20,5,0,2,0,41,1,0,0,7,85,0,216,0,1,158,0,35,0,0,0,1,36,0,426,0,26,18,0,0,0,72,0,0,0,1,0,95,437,0,3,288,1,0,0,77,0,0,1
6,0,0,1,10,3,0,12,0,1,0,0,0,7,0,0,1,0,0,5,2039,0,0,3,0,1,1,0,4,29,0,16,0,1,0,3,0,6,0,0,5,3,17,3,0,0,0,3,0,0,0,14,0,0,0,7,0,0,0,0,0
2,0,175,0,0,2,3,5,1,0,13,0,2,1,6,0,1,2,2,0,1,3,49,1,0,3,2,1,0,3,0,107,1,115,0,1,0,1,0,0,5,76,60,1,3,274,1,13,0,0,1,4,1,2,0,13,3,0,230,0,2
1,0,5,2,35,0,1,5,0,0,5,0,15,416,0,0,364,17,0,59,1,0,2,1,0,123,16,0,1,0,116,21,2,0,0,2,28,0,0,0,417,8,27,0,0,1,3,1,6,0,0,109,0,0,2,1,20,0,3,122,87
0,0,0,4331,251,0,0,1,0,0,0,0,0,0,0,0,0,0,0,0,1,0,0,0,0,0,1,0,1642,0,0,0,0,0,0,2997,0,0,0,0,1,0,0,0,0,0,0,0,0,0,0,0,0,0,0,0,0,0,0,3,0
2,0,3,5,0,0,2,5,3,2,16,0,4,1,3,0,1,7,1,0,18,2,23,10,4,17,1,6,19,11,0,38,1,18,0,12,0,4,0,12,4,81,3,1,0,10,1,527,2,1,2,0,2,1,1,5,1,1,21,0,4
0,13,3,0,0,0,3,0,8,0,306,1,56,0,121,4,0,24,0,0,0,1,7,2,6,0,5,17,5,1,6,1,3,2,4,1,7,0,1,26,4,2,7,2,5,7,2,373,7,13,20,0,5,2,8,0,27,15,6,0,2
0,75,96,0,0,0,97,0,22,0,183,1,64,63,0,34,0,76,28,4,0,114,182,0,227,0,2,570,0,224,32,16,9,67,13,0,305,0,21,187,5,29,2,497,7,30,374,1,113,92,517,2,3,191,7,0,29,277,4,19,131
1,81,236,0,6,3,221,13,22,0,399,8,108,254,0,57,6,340,102,53,1,78,245,6,241,13,117,770,0,226,32,150,31,140,29,3,428,0,36,282,175,92,26,757,7,98,70,7,111,153,436,3,11,203,34,2,207,421,5,54,635
0,1,0,0,0,0,392,0,123,0,1375,0,769,31,0,6,0,424,1,0,0,6,982,1,10,0,7,196,1,75,0,4,16,0,1,1,630,0,1,6,14,1,0,73,0,4,21,0,21,1329,157,1,0,187,8,0,57,11,0,0,7
0,0,0,0,0,10,0,0,0,8,86,0,0,0,22,3,0,0,0,0,1,0,2,5,0,97,0,0,0,0,0,33,0,0,0,0,0,513,0,0,1,5,1,0,0,0,2,0,0,0,0,0,0,0,1,391,0,0,0,0,0
11,0,26,2,1,0,0,10,0,17,4,0,0,1,150,1,0,2,2,0,20,2,128,5,1,9,1,0,11,24,0,299,4,912,0,3,0,16,0,1,4,1189,77,2,1,147,1,116,1,0,1,0,0,1,1,65,0,0,749,0,0
0,0,1,4,440,0,0,56,0,0,0,0,1,1648,0,0,60,1,1,1495,32,0,0,5,0,7,1,1,13,3,351,332,0,0,0,5,0,1,0,0,251,2,8,0,1,1,0,7,2,0,0,836,0,0,0,12,1,0,20,25,13
0,6,237,0,2,0,3,9,40,0,6,174,13,2,0,8,1,408,8,2,0,189,1,23,13,0,23,7,3,3,1329,1,29,31,109,0,91,0,174,8,1,0,74,12,222,578,2,2,36,9,3,174,46,704,34,1,334,2,144,21,314
0,0,38,0,47,4,0,17,54,0,7,10,4,0,0,32,6,12,1,4,3,2,4,21,3,0,1376,5,2,1,14,1,527,3,1,8,6,0,2,9,123,3,136,2,6,23,0,9,400,1,6,9,1,12,3,1,634,4,1,85,4
0,0,46,0,120,4,6,302,183,0,9,13,16,7,0,158,81,105,3,26,11,10,3,13,2,5,2228,11,2,4,24,6,163,2,2,22,8,0,4,15,396,1,286,15,12,16,6,124,1771,2,8,10,3,6,3,4,311,6,1,50,20
0,0,0,0,9,0,0,16,15,0,9,8,5,26,0,33,9,12,0,1,1,1,4,3,0,10,536,4,3,1,5,0,0,1,0,10,1,0,0,0,105,0,20,3,0,5,2,2,391,6,2,0,0,0,4,0,22,0,0,4,7
0,0,1,0,2,0,7,0,12,0,5,1,4,0,0,9,2,74,3,0,0,8,1,1,3,0,105,5,0,0,4,0,1,0,1,1,9,0,1,2,2,0,23,16,4,3,0,146,82,1,0,1,1,2,10,0,113,4,0,0,2
0,69,111,0,0,0,3,1,41,0,0,21,0,0,0,3,0,0,6,0,0,800,0,0,13,0,1,16,0,0,216,0,3,136,67,0,3,0,32,33,0,0,0,8,120,42,0,0,0,1,0,0,66,7,3,0,1,20,170,1,122
0,1,1,0,0,0,0,0,4,0,0,5,0,0,0,2,0,15,7,0,0,12,0,0,1,0,0,2,0,0,10,0,0,1,30,0,6,0,51,1,0,0,0,1,335,82,0,0,0,4,0,0,15,94,1,0,0,0,3,0,0
1,0,5,0,0,1,0,404,0,1,3,0,0,1,7,0,0,1,1,0,24,0,15,6,1,5,1,0,4,79,0,36,1,141,1,7,1,3,2,5,2,62,2,307,0,10,0,800,0,0,6,0,5,4,1,34,0,3,14,1,4
1,0,1,170,159,0,0,73,0,0,0,5,2,3,0,1,0,0,0,1,10,0,1,15,0,0,4,0,242,3,1,25,3,1,0,128,0,0,0,0,19,0,5,0,0,1,0,13,3,0,1,35,0,1,1,0,1,0,3,19,1
0,0,0,18,296,0,0,16,0,0,0,0,3,186,0,0,17,0,0,532,20,0,0,0,0,0,4,0,4,7,5,13,0,0,0,1,0,0,0,0,280,0,7,0,0,0,0,1,0,0,0,1014,0,0,0,1,1,0,0,182,1
0,41,44,5,98,1,12,839,155,0,63,64,88,28,2,11,26,43,29,14,4,32,44,23,28,0,27,85,11,11,84,20,11,61,41,5,42,0,20,116,173,8,51,28,158,33,4,73,25,39,135,24,66,18,16,1,53,73,107,19,24
0,143,22,0,1,53,389,3,279,0,11,33,6,3,0,707,0,19,1060,12,0,28,67,881,26,0,8,31,0,17,9,1,826,9,34,2,39,0,46,24,4,90,28,54,18,34,357,1,4,19,6,0,55,39,271,130,298,21,12,7,13
1619,0,0,0,0,1276,0,0,0,2180,0,0,0,0,1501,0,0,0,0,0,97,0,0,5,0,695,0,0,2,4,0,3,0,0,0,0,0,40,0,0,0,0,0,0,0,0,0,0,0,0,0,0,0,0,0,48,0,0,0,0,0
2,0,0,0,0,21,0,0,0,23,0,0,0,0,41,0,0,0,0,0,4,0,0,1,0,660,0,0,0,0,0,2,0,0,0,0,0,1474,0,0,0,1,0,0,0,0,0,1,0,0,0,0,0,0,0,7,0,0,0,0,0
23,0,2,1,2,20,0,23,0,36,9,0,0,0,36,0,0,0,1,0,35,0,33,106,1,25,0,5,7,255,0,423,0,134,0,15,0,204,0,3,27,76,3,4,0,8,0,128,1,0,1,0,4,0,1,1882,0,2,2,0,1
20,0,3,19,1001,11,0,93,0,8,0,8,11,673,5,1,397,21,0,937,57,0,0,6,0,12,20,0,26,124,142,177,1,2,0,20,0,79,0,0,614,0,61,0,2,0,0,14,11,1,0,1134,0,1,1,50,17,0,2,101,1
40,0,0,1,28,13,0,6,0,22,0,0,0,12,3,0,1,0,0,43,372,0,0,2,0,1,0,0,4,80,0,5,0,1,0,1,0,6,0,1,12,2,15,1,0,0,0,7,0,0,0,31,0,0,0,30,0,0,0,1,0
0,5,28,0,0,0,4,1,7,0,2,6,0,0,0,2,0,3,3,4,0,33,2,1,15,0,0,36,0,18,7,0,3,36,10,0,23,0,19,7,3,2,1,49,24,34,4,0,0,2,9,0,8,39,9,0,2,6,11,5,49
0,0,12,0,2,0,2,1,5,0,0,23,1,0,0,2,0,3,8,1,0,110,4,11,0,0,4,28,0,18,26,0,5,11,1,0,1,0,1,5,0,2,2,18,19,56,3,0,4,0,0,1,3,5,60,0,2,2,14,0,78
0,4,3,0,1,1,33,0,5,0,90,5,62,9,0,9,0,15,15,1,0,21,55,3,8,0,9,360,0,435,6,0,1,1,0,0,69,0,0,16,41,2,3,317,2,9,39,0,16,38,33,0,0,6,63,0,10,12,0,0,71
3,1,2,0,14,8,1,14,2,2,4,14,6,14,2,0,22,42,0,31,333,0,1,65,0,2,9,1,2,14,14,18,3,7,0,0,2,1,0,1,14,176,859,2,5,3,3,8,9,0,1,21,0,1,5,3,81,0,1,88,8
0,0,15,0,0,0,0,1,17,0,1,1021,0,1,0,6,0,26,4,1,1,4,5,69,1,0,11,4,0,2,64,1,329,4,2,0,5,0,45,3,0,3,13,3,326,430,1,0,7,3,1,3,11,267,50,1,29,0,9,99,24
0,0,1,0,0,0,65,0,1,0,105,0,689,1,1,37,0,26,0,0,0,3,242,0,1,0,2,50,0,16,5,0,4,0,0,0,21,0,0,3,3,0,1,13,0,2,125,0,29,87,33,0,1,5,33,3,2,4,0,0,2
837,0,0,0,1,1248,0,4,0,559,1,0,1,0,330,160,1,3,0,1,52,0,0,3,0,426,0,0,2,3,0,5,0,0,0,0,1,46,0,0,0,0,40,1,0,1,0,2,0,0,0,1,0,0,0,34,1,0,0,0,3
0,0,0,0,0,6,0,0,0,2,1,0,0,0,5,5,1,1,0,0,3,0,0,0,0,42,1,0,0,0,0,2,0,0,0,0,0,76,0,0,0,0,0,0,0,0,0,0,0,0,0,0,0,0,0,4,1,0,0,0,0
