0.60828,0.37708,0.13468,0.94461,0.36943,0.47412,0.22445,0.38299,0.30188,0.75217,0.48796,0.52933,0.34899,0.44383,0.65088,0.30297,0.6222,0.31162,0.41282,0.475,0.60737,0.31358,0.37003,0.49281,0.35714,0.32677,0.43066,0.27943,0.78539,0.20332,0.47155,0.14291,0.31268,0.36258,0.28704,0.88181,0.25722,0.46801,0.30264,0.29725,0.17247,0.58025,0.30517,0.29407,0.30295,0.30186,0.37259,0.26081,0.49954,0.55048,0.21019,0.28907,0.29576,0.30343,0.33284,0.54898,0.19948,0.28965,0.32458,0.40319,0.26554
0.41076
0,88,60,0,0,0,22,0,531,0,0,156,0,0,0,68,0,0,73,0,0,78,0,0,16,0,0,2,0,0,4,0,0,24,406,0,0,0,453,42,0,0,0,1,135,13,12,0,0,77,2,0,648,2,22,0,0,27,100,1,1
0,882,10,0,0,0,3,1,2,0,2,57,1,0,0,4,0,1,4,0,0,25,8,0,900,0,0,34,0,1,4,1,0,16,84,0,40,0,73,725,1,0,0,12,1,1,2,0,0,7,285,0,89,10,1,0,0,705,0,0,5
0,136,123,0,0,0,8,0,23,0,0,60,0,0,0,15,0,3,55,0,0,174,3,0,109,0,0,29,0,0,14,12,3,174,240,1,11,0,240,145,0,1,0,27,55,57,5,0,0,9,19,0,305,74,2,0,3,80,40,17,32
0,5,133,0,0,0,3,1,99,0,0,49,0,0,0,12,0,0,40,0,0,168,0,3,0,0,0,5,0,0,30,0,14,17,150,0,0,0,303,5,0,0,1,0,728,119,0,0,0,158,0,0,193,13,121,0,0,0,548,1,19
0,102,21,0,0,0,3,0,7,0,0,31,0,0,0,1,0,0,2,0,0,79,0,0,16,0,0,5,0,0,11,0,0,28,116,0,0,0,20,117,0,0,0,0,2,0,1,0,0,0,6,0,123,0,2,0,1,29,6,0,0
0,16,266,0,4,1,40,8,34,0,0,44,1,8,1,23,4,8,70,0,1,302,4,4,58,0,25,59,0,4,167,218,14,259,97,3,27,0,59,173,9,19,31,103,98,216,14,1,18,7,22,0,93,81,25,0,37,61,58,96,395
3,1,1,6,2,0,1,2,0,2,0,0,6,3,2,0,14,2,0,0,7,0,4,16,0,0,4,2,13,0,0,29,2,4,0,4,2,2,0,2,36,2,6,1,1,3,0,6,1,0,0,5,0,0,1,3,1,0,1,13,35
0,8,8,0,1,0,205,4,23,0,1,6,5,3,0,392,1,2,413,0,1,11,16,32,8,2,4,92,0,18,4,8,173,13,2,9,28,0,7,35,15,11,3,76,11,12,927,1,5,1,29,0,3,5,680,1,6,16,7,2,36
0,61,9,0,0,0,4,0,4,0,0,175,0,0,0,6,0,17,27,0,0,4,1,0,101,0,0,0,0,0,0,5,0,2,651,0,45,0,746,64,1,0,0,6,15,25,0,0,0,5,1,0,360,31,3,0,0,20,1,0,0
0,0,14,0,0,2,0,108,1,0,3,3,0,4,1,0,0,2,2,0,0,1,16,1,1,0,0,1,0,35,0,48,8,9,0,3,0,1,5,0,0,3,0,1,1,2,0,3,0,0,3,0,2,2,1,1,1,2,1,1,2
0,0,3,7,41,1,0,2,0,0,0,14,58,5,0,0,118,2,1,33,2,0,0,10,0,9,9,0,3,2,7,9,4,0,0,2,0,0,0,0,129,11,48,0,2,0,0,3,4,0,0,233,0,0,0,2,18,0,0,1037,1
0,0,0,0,0,16,0,0,0,14,0,0,0,0,40,0,0,0,0,0,0,0,0,0,0,140,0,0,0,1,0,20,0,1,0,0,0,458,0,0,0,4,0,0,0,0,0,0,0,0,0,0,0,0,0,128,0,0,0,0,0
2,1,10,3,2,4,1,7,1,3,64,1,3,1,10,0,0,2,0,0,22,3,27,12,2,7,0,8,12,212,0,232,2,84,0,11,1,35,0,9,4,19,7,1,1,8,2,58,1,0,2,1,1,0,1,230,2,3,9,2,0
105,0,4,8,182,7,0,8,0,0,3,3,14,160,1,1,2141,36,1,280,42,0,0,3,0,20,13,0,10,19,20,26,3,0,0,13,2,29,0,0,367,1,123,0,3,1,1,9,15,1,0,233,0,1,0,105,19,0,2,312,2
8,2,97,6,11,4,0,36,1,7,10,0,3,5,3,1,66,23,0,13,101,1,23,2,10,0,21,7,17,601,4,43,15,16,0,2,15,1,0,38,32,9,440,5,2,9,1,36,13,4,2,50,0,3,0,26,55,0,5,46,8
3,0,3,0,3,1,18,3,2,0,17,0,54,8,1,3,99,365,3,10,3,3,7,1,1,14,23,18,0,9,8,11,4,0,0,0,10,0,0,0,21,1,196,11,3,1,6,219,33,5,0,5,0,2,253,7,220,2,1,88,9
0,409,60,0,0,0,129,0,5,0,9,18,4,1,0,60,0,16,47,0,0,179,34,1,505,0,1,188,0,23,13,1,2,89,83,0,116,0,98,333,0,6,1,102,6,19,225,1,1,3,371,0,54,50,15,0,0,548,3,1,20
0,0,59,0,0,0,0,1,13,0,0,12,0,0,0,0,0,1,1,0,0,58,0,0,0,0,0,3,0,0,333,0,3,15,20,1,0,0,5,0,0,0,0,0,64,52,0,0,1,0,0,1,5,14,5,0,1,0,52,2,227
0,0,2,0,4,0,0,0,2,0,1,0,1,0,0,1,0,0,0,0,0,1,1,0,0,0,59,0,2,1,0,0,5,0,0,0,0,0,1,2,4,0,3,0,0,0,0,1,20,0,0,0,0,0,0,0,7,0,0,1,5
0,0,3,2,9,0,4,6,10,0,0,5,3,0,0,7,6,3,2,0,0,0,2,2,2,0,274,12,2,3,0,3,27,0,0,2,3,0,0,16,18,1,16,6,2,3,0,2,197,2,3,0,0,0,0,0,9,3,1,5,41
0,0,0,0,0,0,0,0,0,0,2,0,1,0,0,1,0,0,0,0,0,0,1,0,0,0,11,0,0,0,0,0,0,0,0,0,3,0,0,0,0,0,0,0,1,0,0,0,16,0,1,0,0,0,0,0,1,0,0,0,0
2,0,1,7,26,0,0,16,0,1,1,7,2,4,2,1,1,0,0,2,46,0,0,506,0,0,7,0,11,8,3,305,38,1,0,9,0,1,0,0,48,4,7,0,1,2,0,106,11,0,0,60,0,0,1,1,0,0,2,10,2
0,17,8,0,0,0,163,0,7,0,0,2,0,1,0,389,0,0,397,0,0,6,6,6,18,0,0,31,0,9,1,1,62,3,6,1,10,0,10,24,2,0,0,41,0,6,485,0,0,1,16,0,3,3,283,1,0,24,1,0,2
0,120,2,0,0,0,4,0,1,0,163,5,23,8,0,3,0,88,0,0,0,7,88,0,221,0,1,108,0,44,0,1,0,0,47,0,408,0,25,8,0,0,0,89,0,5,0,1,0,107,273,0,6,347,1,0,1,74,0,0,3
6,0,0,1,12,4,0,12,0,2,0,0,0,4,0,0,1,0,0,3,2045,0,0,2,0,1,1,0,6,13,0,13,0,1,0,2,0,6,0,0,5,4,21,3,0,0,0,2,0,0,0,20,0,0,0,10,0,0,0,1,0
2,0,172,0,0,2,4,8,0,1,14,0,2,0,3,0,1,0,2,0,1,1,48,4,0,1,1,1,0,10,2,106,5,107,0,0,0,4,0,1,6,79,53,2,2,275,1,5,0,1,1,3,1,0,1,14,1,0,241,1,2
1,0,1,2,33,0,0,3,0,0,2,1,17,416,0,1,352,16,0,87,1,0,1,1,0,113,18,0,2,0,103,23,3,0,0,4,28,0,0,0,451,1,34,0,0,1,4,1,6,0,0,102,0,0,2,1,18,0,5,103,87
0,0,0,4451,248,0,0,1,0,0,0,0,0,0,0,0,0,0,0,0,1,0,0,0,0,0,2,0,1753,0,0,0,0,0,0,2768,0,0,0,0,1,0,0,0,0,0,0,0,0,0,0,0,0,0,0,0,0,0,0,3,0
3,0,4,3,0,0,2,3,3,0,15,1,7,1,4,1,0,8,0,0,20,3,49,14,3,8,3,4,25,13,0,25,5,26,1,14,1,5,0,10,2,137,4,4,0,4,3,419,0,0,3,0,2,0,2,16,1,1,25,3,9
0,12,4,0,0,0,1,0,8,0,306,2,55,0,117,1,0,24,0,0,1,3,9,2,5,0,5,24,6,2,3,1,1,0,7,1,10,0,2,28,5,8,6,3,6,3,4,350,6,19,25,0,8,2,10,0,29,8,6,0,3
0,129,88,0,1,0,102,0,15,0,188,2,75,69,0,28,0,132,45,0,0,113,224,0,234,0,2,564,0,276,15,18,8,31,8,0,305,0,22,98,7,35,3,477,6,50,148,2,268,101,491,1,5,194,3,0,28,259,4,16,152
2,100,245,1,5,3,230,19,26,0,327,8,106,269,1,53,4,354,128,3,1,82,318,5,212,10,109,762,1,270,21,163,32,44,26,2,419,0,34,283,210,89,21,759,11,137,54,7,111,139,443,2,7,210,30,1,230,401,3,44,658
0,33,2,0,0,0,391,0,143,0,1499,0,676,46,0,5,0,708,3,0,0,4,958,1,11,0,7,128,1,63,1,11,12,0,3,1,632,0,1,3,11,1,0,69,0,10,5,0,18,1096,90,2,0,209,3,0,73,12,0,0,8
2,0,0,0,0,12,0,0,0,6,74,0,1,0,21,3,0,0,0,0,0,0,1,3,0,95,0,0,0,0,0,39,0,5,0,0,0,508,0,0,0,5,0,0,0,0,2,0,0,0,0,0,0,0,0,404,0,0,0,0,0
13,0,23,2,0,0,0,16,0,15,2,1,0,1,148,0,0,1,2,2,21,1,132,7,1,7,3,1,11,25,0,300,8,909,0,4,1,16,0,1,1,1222,95,3,3,137,1,68,1,0,1,0,1,0,1,54,0,0,754,1,1
0,0,0,5,447,0,0,42,0,0,0,0,1,1608,0,0,57,1,1,1729,27,0,0,8,0,6,1,0,11,0,332,331,7,0,0,6,1,3,0,0,235,6,10,0,2,0,0,37,1,0,0,636,0,0,0,13,0,0,35,26,12
0,5,232,0,1,0,1,7,35,0,6,149,25,2,0,8,1,85,11,0,1,182,3,23,7,0,23,13,2,3,1558,1,27,30,118,0,90,0,157,9,1,1,48,9,200,828,4,29,23,10,3,143,63,707,36,1,362,3,92,34,254
0,0,26,0,50,3,1,13,41,0,8,7,4,0,0,31,7,13,1,1,3,3,3,25,2,0,1473,7,5,3,11,0,611,0,2,5,11,0,0,15,126,2,140,2,12,10,0,22,347,4,2,6,1,6,3,0,532,2,1,76,8
1,0,37,0,115,3,6,317,208,1,8,14,21,10,0,187,80,81,2,14,7,10,5,10,1,6,2121,17,3,5,36,1,213,0,2,4,10,1,5,19,400,1,350,10,11,11,4,181,1620,6,8,7,1,9,4,6,371,7,0,57,20
0,1,1,0,11,0,0,19,29,0,9,8,2,29,0,114,11,9,0,1,1,0,7,4,0,11,490,4,5,2,8,1,0,0,0,1,1,0,0,2,96,0,14,1,0,0,3,3,339,7,1,0,0,0,3,0,38,0,0,4,6
0,0,1,0,2,0,7,2,7,0,3,0,12,0,0,6,3,57,1,0,0,7,0,1,1,0,102,8,0,0,7,0,1,0,1,1,9,0,1,2,4,0,21,8,2,7,1,205,70,2,0,1,2,5,8,0,85,3,0,3,3
0,99,102,0,0,0,2,0,37,0,0,20,0,0,0,1,0,0,10,0,0,799,0,0,10,0,0,33,0,1,173,0,2,155,75,0,3,0,33,46,0,0,0,14,121,49,2,0,0,2,2,0,62,7,2,0,3,13,134,2,122
0,0,1,0,0,0,0,0,3,0,0,5,0,0,0,4,0,2,6,0,0,12,0,0,1,0,0,1,0,0,3,0,0,1,31,0,7,0,43,2,0,0,0,1,351,89,0,0,0,4,0,0,16,98,1,0,0,0,2,0,0
1,2,10,0,0,1,0,397,0,1,2,1,0,3,8,1,0,4,0,0,22,0,55,16,2,5,1,0,6,163,0,41,1,78,2,3,3,3,1,7,1,65,1,318,0,12,0,712,0,3,4,0,2,5,0,35,0,2,9,0,3
0,0,0,163,157,0,0,71,0,0,1,9,2,3,0,1,1,0,0,3,11,0,0,15,0,0,5,0,266,1,1,17,8,0,0,115,1,1,0,0,12,0,5,0,1,0,1,19,3,0,1,37,0,0,0,0,0,0,3,15,3
0,0,0,17,315,0,0,20,0,0,0,0,2,190,0,0,18,0,0,460,16,0,0,0,0,0,6,0,6,1,4,14,0,0,0,3,0,1,0,0,251,0,8,0,0,0,0,2,0,0,0,1118,0,0,0,1,0,0,0,155,1
0,33,33,5,103,1,12,815,144,0,61,65,79,31,2,8,24,49,28,15,2,26,87,23,22,0,27,101,10,13,95,24,16,32,44,7,64,0,20,102,173,8,46,23,166,36,6,56,21,48,131,22,46,12,18,1,57,86,133,26,18
0,70,22,0,1,65,426,5,263,0,13,31,16,3,0,715,0,9,992,10,0,33,60,959,22,0,11,35,0,19,5,1,762,11,35,3,39,0,43,34,2,69,38,60,20,45,400,4,2,21,3,0,67,37,282,152,290,18,11,6,10
1733,0,0,0,0,1172,0,0,0,2258,0,0,0,0,1471,0,0,0,0,0,97,0,0,5,0,624,0,0,1,2,0,1,0,0,0,0,0,47,0,0,0,0,1,0,0,0,0,1,0,0,0,0,0,0,0,57,0,0,0,0,0
2,0,0,0,0,24,0,0,0,27,0,0,0,0,40,0,0,0,0,1,8,0,0,1,0,730,0,0,0,0,0,3,0,0,0,0,0,1390,0,0,0,2,0,0,0,0,0,1,0,0,0,0,0,0,0,8,0,0,0,0,0
24,1,1,2,2,14,0,27,0,39,10,0,0,3,38,1,0,3,0,0,42,0,44,68,1,21,1,2,10,349,0,380,1,273,0,10,2,206,0,2,5,82,6,4,0,4,0,109,0,0,0,0,4,0,1,1743,0,1,1,0,2
25,0,3,20,1078,10,0,97,0,4,0,10,6,683,5,0,404,26,1,910,77,0,0,8,0,9,23,0,26,66,139,147,1,0,0,17,0,120,0,0,575,1,62,0,2,0,0,14,11,1,0,1121,0,0,2,71,15,1,2,89,2
39,0,0,1,34,15,1,7,0,19,0,0,0,12,3,0,1,0,0,35,373,0,0,1,0,0,0,0,3,59,1,4,0,1,0,2,0,5,0,1,13,2,26,1,0,0,0,4,0,0,0,43,0,0,0,34,0,0,0,1,0
0,3,26,0,0,0,4,1,8,0,0,8,0,2,0,3,0,1,3,0,0,32,5,2,14,0,1,34,0,22,13,3,3,29,7,0,15,0,11,4,3,3,0,46,22,51,4,0,0,3,14,0,9,41,10,0,4,7,7,5,49
0,0,12,0,2,0,2,0,6,0,0,19,1,0,0,2,0,2,9,0,0,107,8,11,0,0,5,29,0,19,37,0,3,10,1,0,2,0,3,10,0,3,1,20,28,28,3,0,4,0,0,0,0,7,61,0,2,2,9,1,85
0,2,3,0,1,1,30,1,3,0,96,3,67,14,0,6,0,31,13,0,0,23,88,3,3,0,10,301,0,529,2,0,2,0,1,0,51,0,0,15,35,1,4,248,7,2,30,0,34,36,44,0,1,9,52,0,14,11,0,0,72
3,1,7,0,14,8,1,16,1,3,3,15,6,9,0,0,22,32,0,27,311,0,1,59,0,2,8,2,1,14,16,11,4,4,0,0,2,1,0,1,14,182,856,1,7,2,3,24,9,0,1,25,0,1,7,5,101,0,0,92,8
0,0,20,0,0,0,0,2,13,0,1,1155,0,2,0,1,0,7,7,0,1,2,4,64,0,0,11,3,0,1,94,2,317,5,2,0,7,0,44,4,0,3,11,3,290,397,2,2,8,2,1,0,7,128,62,0,28,0,8,172,30
0,0,0,0,0,0,67,0,0,0,147,0,574,2,1,27,1,42,0,0,0,5,238,0,0,0,2,49,0,18,1,0,5,0,0,104,21,1,0,2,2,1,0,9,1,0,122,0,5,99,32,0,1,5,22,3,2,3,0,0,2
869,0,2,0,1,1246,0,4,0,597,0,0,1,0,332,159,2,3,0,1,51,0,0,2,0,351,0,0,2,4,0,3,0,0,0,1,1,50,0,0,0,1,37,1,0,1,0,4,0,0,0,1,0,0,0,35,1,0,0,1,3
0,0,0,0,0,8,0,0,0,2,1,0,0,0,5,5,1,1,0,0,1,0,0,0,0,42,1,0,0,0,0,2,0,0,0,0,0,75,0,0,0,0,1,0,0,0,0,0,0,0,0,0,0,0,0,5,0,0,0,0,0
