0.62051,0.29634,0.14129,0.93821,0.35301,0.51946,0.32333,0.34092,0.27478,0.73567,0.50364,0.50874,0.23897,0.40697,0.66033,0.26175,0.61132,0.35515,0.29434,0.54466,0.66828,0.33578,0.16607,0.50112,0.42791,0.37843,0.41819,0.24972,0.71136,0.19561,0.49969,0.20691,0.32293,0.31464,0.34126,0.85099,0.34911,0.52067,0.31749,0.23398,0.18666,0.5577,0.30959,0.30537,0.3183,0.20388,0.34126,0.21489,0.45402,0.50925,0.19878,0.30043,0.30783,0.27289,0.29362,0.48009,0.14485,0.27885,0.37057,0.35434,0.29523
0.40461
0,149,42,0,0,0,53,0,524,0,0,189,0,0,0,67,0,0,40,0,0,77,0,0,18,0,0,6,0,0,3,0,0,104,333,0,1,0,288,51,0,0,0,2,160,7,23,0,0,93,6,0,700,1,17,0,0,16,93,1,0
0,689,13,0,0,0,1,0,2,0,11,64,4,0,0,8,0,3,7,0,0,32,8,0,1196,0,1,24,0,4,0,0,0,3,73,0,20,0,100,544,0,0,0,9,0,5,5,0,1,6,444,0,101,6,1,0,1,609,0,0,2
0,129,139,0,0,0,13,1,27,0,0,65,0,0,0,15,0,1,71,0,0,171,3,0,103,0,0,29,0,1,5,10,4,129,141,1,4,1,295,164,0,2,1,47,53,117,4,0,0,7,39,0,318,52,6,0,3,54,34,15,30
0,12,102,0,0,0,9,1,106,0,0,76,0,0,0,9,0,0,21,0,0,162,2,4,0,0,0,11,0,0,41,0,18,109,140,0,0,0,187,7,0,0,1,0,748,42,3,0,0,136,0,0,213,17,209,0,0,0,539,0,13
0,127,9,0,0,0,4,0,5,0,0,90,0,0,0,1,0,0,0,0,0,91,0,0,31,0,0,6,0,0,6,0,0,36,40,0,0,0,16,93,0,0,0,0,0,0,0,0,0,0,19,0,126,0,4,0,0,21,4,0,0
0,14,271,0,3,1,10,10,40,0,0,31,7,6,1,20,4,4,124,4,0,273,13,6,34,0,31,62,1,4,176,213,13,143,29,4,14,2,71,190,11,24,20,159,71,385,18,0,25,10,24,3,110,53,67,0,34,38,70,91,344
3,1,1,5,4,1,0,5,0,1,0,0,4,3,2,0,25,2,0,4,5,0,4,12,0,0,4,2,7,1,0,30,1,3,0,4,7,1,0,2,24,2,13,1,0,6,0,7,2,0,0,4,0,0,5,3,1,0,1,13,25
0,4,10,0,2,2,203,4,22,0,2,2,11,2,0,361,1,1,350,0,1,10,19,35,7,1,2,91,1,25,3,6,224,4,3,6,25,0,9,39,10,46,1,87,6,17,961,0,27,1,79,0,7,6,589,3,11,15,1,3,24
0,79,9,0,0,0,4,1,4,0,0,156,1,1,0,9,0,7,41,1,0,4,1,0,84,0,0,0,0,0,0,1,0,1,703,0,30,0,775,57,0,0,0,3,18,34,1,0,0,8,3,0,315,28,1,0,0,8,1,1,0
0,0,12,0,0,1,0,85,0,1,0,0,0,4,0,0,0,0,1,0,0,2,22,5,1,0,0,2,2,41,0,39,7,1,0,2,0,0,3,1,0,4,0,27,3,5,0,4,0,0,2,0,1,5,1,2,0,1,1,2,5
0,0,6,16,48,0,0,0,0,0,0,14,79,8,0,0,155,4,2,17,1,0,0,13,0,8,15,0,4,1,7,9,5,0,0,2,0,0,0,0,114,19,28,0,4,0,0,3,3,0,0,226,0,0,0,1,33,0,0,984,1
0,0,0,0,0,8,0,0,0,15,0,0,0,0,38,0,0,0,0,0,0,0,0,0,0,148,0,0,0,1,0,28,0,0,0,0,0,360,0,0,0,3,0,0,0,0,0,0,0,0,0,0,0,0,0,221,0,0,0,0,0
5,0,13,3,0,1,0,16,3,10,55,1,3,1,10,0,0,2,1,0,19,7,16,8,1,5,0,8,17,241,1,239,3,93,0,20,0,18,0,5,13,18,11,0,0,10,1,39,0,0,2,1,0,1,1,215,1,1,7,0,0
122,0,5,7,174,7,0,19,3,1,0,4,26,202,0,1,2268,54,1,171,24,0,2,4,0,22,28,0,16,4,18,19,4,1,0,7,0,17,0,0,330,1,116,0,1,1,0,14,17,1,0,250,0,2,2,51,47,27,1,253,4
7,3,57,5,8,3,0,29,1,10,8,0,8,6,3,3,70,33,2,16,35,2,23,6,8,2,35,4,8,570,3,33,22,14,0,1,6,1,0,36,37,9,547,9,5,6,0,71,8,4,1,39,0,2,0,20,70,0,2,33,15
2,0,1,0,0,4,6,42,1,0,11,0,42,8,0,6,117,422,11,7,0,1,66,3,1,11,27,14,1,10,10,3,4,0,0,0,9,2,0,2,46,3,73,14,9,1,133,471,17,5,2,5,1,2,47,10,71,2,0,22,10
0,340,63,0,0,0,75,0,3,0,11,16,20,2,0,56,0,5,103,0,0,185,58,1,580,0,1,170,0,31,5,1,1,34,78,0,65,0,128,284,0,7,0,124,9,41,256,1,3,4,435,0,67,46,7,0,0,499,1,1,33
0,0,54,0,0,0,0,2,15,0,0,10,0,0,0,0,0,1,0,0,0,55,0,1,0,0,0,8,4,0,354,0,3,47,8,0,0,3,0,5,0,0,0,0,54,19,0,0,1,0,0,4,7,15,14,0,1,0,56,3,205
0,0,2,1,3,0,0,0,3,0,1,0,3,0,0,2,0,0,0,0,0,0,1,1,0,0,62,0,2,0,1,1,4,0,0,0,0,0,1,1,2,0,0,1,0,1,0,1,20,0,0,0,0,0,0,0,5,0,0,3,2
0,0,10,0,20,0,1,6,7,0,1,5,3,0,0,13,11,1,3,0,0,0,1,3,1,0,244,12,1,2,0,3,30,0,0,0,9,0,0,14,6,1,7,12,2,4,0,3,223,3,3,0,1,1,4,1,7,1,1,6,30
0,0,0,0,0,0,0,0,0,0,1,0,1,0,0,3,0,0,0,0,0,0,1,0,0,0,10,0,0,0,1,0,0,0,0,0,3,0,0,0,1,0,0,0,0,0,0,0,15,0,1,0,0,0,0,0,1,0,0,0,0
1,0,1,5,25,0,0,19,0,0,2,6,1,4,1,1,2,0,0,4,29,0,0,515,0,0,4,0,21,0,1,274,56,0,0,6,0,0,0,0,51,0,33,0,3,1,0,99,13,0,0,64,0,0,7,3,0,1,0,9,1
0,10,5,0,0,0,290,0,8,0,0,2,3,1,0,359,0,0,219,0,0,4,7,6,14,0,0,31,0,16,1,0,69,0,5,1,3,0,9,28,1,9,0,31,0,5,588,0,1,1,36,0,1,4,239,1,1,32,1,0,4
0,218,1,0,0,0,1,0,2,0,153,2,35,11,0,1,0,82,9,0,0,7,58,0,266,0,1,95,0,55,0,1,0,0,65,0,381,0,60,13,0,0,0,42,0,8,4,0,1,133,117,0,2,360,0,1,7,87,0,0,3
5,0,0,2,6,3,0,5,0,3,0,0,0,5,0,0,1,0,0,3,1936,0,1,4,0,2,1,0,7,10,1,14,0,0,0,3,0,6,0,0,3,3,144,11,0,0,0,0,0,0,0,12,0,0,0,9,0,1,0,0,0
2,0,195,0,0,4,0,10,0,0,12,0,5,1,4,1,1,0,1,1,0,4,36,4,2,2,2,0,0,17,1,80,5,71,0,0,0,1,0,1,7,69,18,2,1,290,0,6,7,1,1,7,1,2,3,25,3,0,282,0,4
1,0,4,2,36,0,0,6,0,0,1,0,18,423,0,6,284,12,2,166,1,0,3,6,0,144,19,0,3,0,48,16,4,0,0,4,33,0,0,0,438,4,16,0,2,3,3,2,9,0,0,91,0,0,2,0,17,2,0,121,93
0,0,0,5011,260,0,0,0,0,0,0,0,1,0,0,0,0,0,0,0,0,0,0,0,0,0,2,0,1422,0,0,0,0,0,0,2530,0,0,0,0,1,0,1,0,0,0,0,0,0,0,0,0,0,0,0,0,0,0,0,0,0
1,1,3,2,0,0,1,12,3,2,16,0,17,1,5,0,1,1,0,0,23,3,73,13,1,20,1,3,48,11,1,26,8,35,4,15,0,3,0,52,3,112,9,5,0,16,1,303,2,1,4,0,7,0,8,11,2,0,21,1,7
0,4,4,0,0,0,0,0,6,0,304,1,42,0,129,3,1,9,1,0,1,2,70,6,5,0,8,9,15,1,3,1,2,3,3,2,14,0,0,55,9,5,2,4,13,3,5,286,7,31,23,1,5,1,11,3,11,10,4,1,2
0,134,80,0,0,0,41,0,15,0,178,1,121,78,0,18,0,145,109,0,0,105,288,1,195,0,2,553,0,272,10,16,7,9,20,0,231,1,38,65,7,38,3,474,5,97,112,2,262,119,488,0,7,190,6,1,43,252,2,17,184
2,69,228,0,7,2,111,16,31,1,264,5,145,257,1,58,7,354,331,5,1,65,416,5,169,8,81,662,3,245,18,104,25,12,32,3,422,2,76,218,196,109,12,848,3,246,45,3,189,110,462,3,7,189,45,11,226,329,3,48,700
0,151,2,0,0,0,383,0,156,0,1520,0,417,73,0,5,0,879,22,0,0,6,419,1,14,0,5,100,1,57,0,17,11,0,12,1,878,0,1,4,13,1,0,47,0,21,7,0,12,1019,50,1,0,256,1,20,352,12,0,0,3
2,0,2,0,0,13,0,0,0,5,76,0,1,0,24,3,0,0,0,0,1,0,1,1,0,103,0,0,0,0,0,51,0,2,0,0,0,398,0,0,3,3,0,2,0,0,2,0,0,0,0,0,0,0,0,488,0,0,0,0,0
13,0,30,2,1,4,0,25,1,11,3,1,1,1,131,0,0,0,0,6,16,1,118,4,0,7,3,0,24,37,1,137,23,864,0,2,0,11,0,2,3,1213,75,0,0,202,1,38,9,0,2,0,1,2,2,75,0,1,909,4,1
0,0,0,15,215,0,0,46,0,0,0,0,2,1413,0,1,56,1,1,2110,18,0,0,7,0,10,1,0,24,0,236,258,11,1,0,3,0,2,0,0,240,4,24,0,0,0,0,33,0,0,0,635,0,0,0,7,0,3,17,219,24
0,7,193,0,3,2,2,6,44,0,6,133,17,1,0,5,1,32,24,4,6,199,13,49,1,0,37,83,2,3,1602,0,27,142,130,1,87,11,194,16,0,2,15,9,156,546,8,34,22,18,2,222,61,629,75,0,364,2,131,88,199
0,1,46,0,51,4,0,31,52,0,4,8,35,0,0,36,11,14,8,7,2,4,4,42,1,0,1748,11,10,3,13,0,577,0,2,1,5,0,1,16,20,19,41,2,5,12,0,52,334,4,1,3,0,6,5,1,295,1,3,128,7
0,3,83,0,134,6,1,386,259,0,9,10,63,15,0,298,128,138,4,12,5,10,8,23,1,5,2157,7,5,4,40,1,228,2,2,4,15,0,4,21,121,0,158,12,26,11,2,271,1481,8,8,8,2,12,12,5,331,9,3,68,26
0,0,2,0,15,1,0,22,27,0,9,6,12,34,0,222,3,5,0,3,1,1,6,9,0,3,364,2,14,3,8,0,0,0,0,1,1,0,0,1,60,0,7,1,3,0,2,2,396,8,2,0,0,3,2,0,28,0,0,2,5
0,0,0,0,1,0,2,4,10,0,5,3,0,0,0,2,4,54,10,0,0,8,10,3,2,0,124,3,0,1,8,0,1,1,1,2,15,0,3,2,4,1,4,3,15,5,2,269,36,2,1,1,2,1,2,1,34,5,0,0,5
0,101,91,0,0,0,1,0,51,0,0,27,0,0,0,1,0,0,14,0,0,869,4,0,5,0,1,68,0,3,157,1,2,148,21,0,2,1,39,75,0,0,0,13,67,46,3,0,0,2,2,0,63,6,19,0,3,12,129,1,88
0,0,2,0,0,0,0,0,4,0,0,3,0,0,0,3,0,0,12,0,0,14,0,1,0,0,0,2,0,0,4,0,0,1,87,0,4,0,34,2,0,0,0,0,355,39,0,0,0,3,0,0,11,93,8,0,0,0,2,0,0
1,3,5,0,0,0,0,243,1,0,2,1,1,1,7,0,0,5,0,1,37,0,113,15,1,4,1,0,7,173,0,42,3,116,0,1,2,4,1,18,0,56,12,451,1,22,0,609,0,2,1,3,2,6,0,25,0,0,11,0,2
0,0,0,195,158,0,0,62,0,0,1,6,1,4,0,0,4,0,0,8,10,0,3,17,0,0,2,0,255,0,3,13,10,0,0,116,1,0,0,0,23,0,10,1,1,1,1,8,3,0,0,28,0,0,0,0,1,0,0,5,1
0,0,1,25,346,0,0,15,0,0,0,0,6,188,0,1,26,0,0,236,14,0,0,0,0,0,5,0,9,0,3,12,0,0,0,3,0,0,0,0,223,0,25,0,0,0,0,0,0,0,0,1262,0,0,0,4,0,0,0,204,1
0,43,36,9,91,1,5,644,147,0,73,54,88,33,2,12,25,42,56,81,1,28,111,33,25,0,31,89,14,16,83,32,16,27,42,8,65,0,14,146,316,10,17,23,134,68,8,49,20,53,110,14,57,13,24,1,32,60,87,21,16
0,25,15,0,4,99,625,4,285,0,12,32,12,4,0,635,1,10,697,14,0,28,13,1116,20,0,11,31,0,20,8,1,828,10,32,3,27,0,36,48,0,94,10,45,13,34,489,5,5,23,6,0,58,41,249,89,337,13,11,10,12
1864,0,0,0,0,937,0,0,0,2310,0,0,0,0,1598,0,0,0,0,0,102,0,0,3,0,557,0,0,1,1,0,0,0,0,0,0,0,33,0,0,0,0,4,0,0,0,0,1,0,0,0,0,0,0,0,59,0,0,0,0,0
2,0,0,0,0,24,0,1,0,32,0,0,0,0,55,0,0,0,0,0,8,0,0,1,0,842,0,0,0,0,0,4,0,0,0,0,0,1247,0,0,0,1,0,0,0,0,0,1,0,0,0,0,0,0,0,19,0,0,0,0,0
26,1,3,0,2,11,0,21,0,53,6,0,2,2,59,0,0,2,0,0,51,1,24,58,0,18,0,2,16,374,1,497,1,557,0,12,0,116,1,2,19,70,15,6,0,9,1,62,1,0,0,0,5,0,2,1423,0,0,5,0,2
17,1,2,35,903,11,0,60,0,4,0,6,11,649,10,0,461,26,2,953,44,0,2,12,0,25,26,0,26,3,127,148,3,2,0,16,1,18,0,0,554,0,185,0,2,1,0,16,15,1,0,1266,0,1,0,70,8,26,0,134,1
27,0,0,1,27,10,0,4,0,29,0,0,0,5,4,0,1,0,0,29,252,0,0,0,0,0,0,0,2,48,1,4,0,2,0,2,0,4,0,0,9,0,201,1,0,0,0,5,0,0,0,40,0,0,0,31,0,0,0,2,0
0,2,26,0,1,0,2,0,8,0,1,5,2,2,0,5,0,1,15,1,0,33,5,1,5,0,0,34,0,21,12,4,2,13,4,0,12,2,22,7,2,4,0,48,20,66,4,0,0,2,14,0,8,25,13,0,3,7,6,14,48
0,0,11,0,1,0,3,2,9,0,0,12,1,0,0,2,0,1,13,0,0,103,34,12,0,0,5,24,0,15,41,1,0,4,0,0,1,2,2,15,0,2,0,10,11,29,2,0,6,0,2,1,0,2,90,0,2,3,7,6,67
0,2,3,0,1,2,23,1,4,0,96,3,50,8,0,7,1,39,26,0,0,13,151,5,3,0,10,300,0,535,3,0,2,0,0,0,83,0,0,15,33,2,1,171,1,3,18,0,37,39,35,0,1,7,40,0,16,16,0,0,93
2,1,4,0,8,11,1,14,2,3,3,18,13,11,1,0,38,52,1,7,209,1,2,82,0,1,29,1,3,15,20,8,7,1,0,0,1,0,0,2,12,201,865,5,4,3,3,57,13,0,0,16,0,1,4,3,83,3,1,90,7
0,0,21,0,0,4,1,1,16,0,2,1106,1,2,0,3,0,4,13,0,0,2,1,69,0,0,12,2,0,0,117,1,289,1,50,0,7,0,33,5,1,4,5,3,366,189,3,0,13,3,1,3,5,213,145,0,27,1,6,153,19
0,1,0,0,0,0,61,2,0,0,159,0,406,2,1,17,0,23,0,0,0,5,289,0,0,0,4,90,0,19,0,1,4,0,0,186,30,0,0,1,1,0,0,11,0,0,97,1,6,140,27,0,1,5,17,4,1,4,0,0,0
899,0,0,0,0,1281,0,6,0,645,0,0,1,0,329,142,2,3,0,3,44,0,0,1,0,236,0,0,3,0,0,1,0,0,0,0,0,56,0,0,1,0,63,1,0,1,0,5,0,0,0,1,0,0,0,40,0,0,0,0,3
0,0,0,0,0,8,0,0,0,4,0,0,2,0,5,5,0,1,0,0,0,0,0,0,0,41,1,0,0,0,0,1,0,0,0,0,1,72,0,0,0,0,1,0,0,0,0,1,0,0,0,0,0,0,0,7,0,0,0,0,0
