0.61548,0.27317,0.12528,0.93583,0.33815,0.52524,0.35189,0.33608,0.25027,0.7397,0.48167,0.50813,0.19585,0.38042,0.67137,0.25781,0.60022,0.39281,0.24896,0.54381,0.66887,0.34748,0.15658,0.49209,0.42908,0.39239,0.42295,0.25139,0.72496,0.20089,0.49676,0.20039,0.31536,0.28209,0.34028,0.82413,0.38254,0.52321,0.32545,0.2364,0.19235,0.55556,0.29094,0.30321,0.3413,0.16731,0.33973,0.19783,0.44903,0.4553,0.20083,0.30304,0.32341,0.27489,0.27612,0.50034,0.15666,0.24967,0.36477,0.35238,0.30415
0.40143
0,155,34,0,0,0,70,0,457,0,0,191,0,0,0,87,0,0,36,0,0,71,0,0,18,0,0,6,0,0,2,0,0,108,330,0,0,0,222,79,0,0,0,2,207,6,24,0,0,81,10,0,739,2,28,0,0,5,93,1,0
0,616,25,0,0,0,1,0,2,0,23,56,5,0,0,11,0,4,10,0,0,34,8,0,1213,0,1,17,0,3,0,0,0,2,68,0,22,0,126,552,0,0,0,16,0,7,4,0,1,7,486,0,98,4,1,0,2,568,0,0,4
0,115,133,0,0,0,12,1,26,0,0,70,1,0,0,16,0,0,73,0,0,167,4,0,95,0,1,28,0,1,7,9,2,120,121,1,2,1,330,176,0,0,1,65,48,112,7,0,0,14,43,0,323,55,4,0,2,44,32,14,28
0,12,84,0,0,0,16,1,94,0,0,87,1,0,0,11,0,0,11,0,0,161,3,4,0,0,0,8,0,0,48,0,7,133,144,0,0,0,128,10,0,0,1,0,800,26,3,0,0,116,1,0,220,21,231,0,0,1,545,0,10
0,124,4,0,0,0,3,0,5,0,0,101,0,0,0,2,0,0,0,0,0,94,0,0,36,0,0,3,0,0,8,0,0,34,26,0,0,0,15,116,0,0,0,0,0,0,0,0,0,0,23,0,116,0,4,0,0,12,3,0,0
0,14,226,0,5,0,8,12,40,0,0,35,11,5,0,24,6,4,134,3,0,257,15,7,25,0,24,55,0,4,177,211,14,158,29,3,12,2,91,163,10,26,17,188,60,403,17,2,24,11,35,4,110,66,66,0,33,34,80,93,333
1,1,1,6,3,0,0,6,0,2,0,0,3,5,2,0,32,0,0,6,7,0,6,5,0,0,2,2,3,0,0,31,3,5,0,3,7,2,0,1,20,1,13,4,0,6,0,6,1,0,0,3,0,0,9,1,1,0,1,14,26
0,6,8,0,1,0,214,5,15,0,1,1,8,3,0,328,3,1,299,0,1,9,11,37,7,1,2,83,1,27,4,5,253,2,3,6,26,0,7,37,7,48,1,89,3,23,973,1,49,1,92,0,10,7,584,4,21,20,2,2,30
0,80,10,0,0,0,6,1,3,0,1,122,0,0,0,10,0,3,39,1,0,3,4,0,93,0,0,0,0,0,0,1,0,1,718,0,23,0,812,66,0,0,0,4,21,35,0,0,0,10,5,0,297,15,2,0,0,3,1,0,0
0,0,11,0,0,1,0,89,1,1,1,2,0,4,0,0,0,0,2,0,1,1,21,2,0,0,0,3,1,40,0,27,7,6,0,3,0,0,3,0,0,6,0,31,1,4,0,2,0,0,1,0,2,4,1,4,1,1,5,2,3
0,0,4,16,63,1,0,2,0,0,0,14,131,9,0,0,168,4,2,18,1,0,0,12,0,8,17,0,4,1,8,10,5,0,0,2,0,0,0,0,109,19,20,0,1,0,0,3,3,0,0,216,0,0,0,0,34,0,0,925,0
0,0,0,0,0,9,0,0,0,16,0,0,0,0,49,0,0,0,0,0,0,0,0,0,0,142,0,0,0,0,0,27,0,1,0,0,0,351,0,0,0,2,0,0,0,0,0,0,0,0,0,0,0,0,0,225,0,0,0,0,0
5,3,14,2,0,1,0,21,4,11,54,1,6,2,8,0,0,2,1,2,23,4,23,7,4,3,1,2,12,215,1,221,2,105,0,20,1,18,0,4,16,20,7,9,0,10,1,34,0,0,3,0,0,1,1,229,0,1,10,1,0
154,0,7,9,201,8,0,22,3,1,0,3,68,217,0,0,2228,47,1,190,25,0,4,3,0,21,32,0,13,7,18,26,4,0,0,8,0,18,0,0,325,1,104,1,0,2,0,20,16,0,0,234,0,1,3,10,57,38,2,177,20
7,1,44,11,10,4,0,36,0,9,6,0,16,4,3,3,86,34,5,13,32,2,19,9,7,1,30,6,5,561,2,14,28,18,0,1,5,1,0,44,30,12,484,8,1,15,0,138,9,5,2,34,0,1,0,23,77,1,2,29,11
2,0,6,0,0,1,4,47,2,0,13,1,69,14,0,7,124,377,30,4,0,1,51,2,1,8,28,11,1,14,10,7,3,0,0,1,6,3,0,2,38,2,42,32,3,4,133,502,11,9,0,7,0,1,41,6,71,7,0,11,18
0,295,86,0,0,0,62,1,4,0,17,10,33,1,0,65,0,6,125,0,0,184,55,1,573,0,1,169,0,29,3,1,1,33,77,0,52,0,145,274,0,4,1,158,12,45,245,1,2,7,435,0,63,37,9,0,1,489,1,1,36
0,0,48,0,0,0,0,2,16,0,0,13,0,0,0,0,0,1,0,0,0,53,1,2,0,0,0,8,4,0,339,0,1,59,6,0,0,4,0,5,0,0,0,0,43,15,0,0,4,0,0,5,7,16,18,0,0,0,77,3,199
0,0,1,0,2,0,0,0,3,0,1,0,1,0,0,2,0,0,0,0,0,0,1,0,0,0,62,0,2,0,1,1,4,0,0,1,0,0,1,1,1,0,0,0,0,0,0,1,21,0,0,0,0,0,0,0,4,0,0,7,6
0,0,13,0,18,0,1,4,8,0,1,5,4,0,0,9,9,2,5,0,0,1,1,2,0,0,224,10,0,3,0,4,30,0,0,0,9,0,0,12,4,0,8,11,1,3,0,6,247,2,3,0,1,1,2,1,8,2,1,7,34
0,0,0,0,0,0,0,0,0,0,1,0,0,0,0,2,0,1,1,0,0,0,1,0,0,0,11,0,0,0,1,0,0,0,0,0,3,0,0,0,1,0,0,0,0,0,0,0,14,0,1,0,0,1,0,0,0,0,0,0,0
1,0,1,8,25,0,0,15,0,1,1,6,1,4,1,1,2,0,0,5,30,1,0,484,0,0,6,0,15,0,1,334,32,1,0,6,1,1,0,0,49,1,41,0,8,1,0,91,16,0,0,53,0,0,6,2,0,0,2,8,1
0,8,4,0,0,0,315,0,8,0,0,2,3,1,0,341,0,0,135,0,0,3,5,11,18,0,0,28,0,17,1,0,66,0,5,1,3,0,8,25,1,11,0,32,0,5,649,0,3,1,41,0,2,4,251,1,4,29,0,0,4
0,242,1,0,0,0,0,0,2,0,170,2,33,9,0,4,0,67,21,0,0,7,46,0,296,0,1,87,0,46,0,1,0,0,81,0,363,0,72,11,0,0,0,20,0,12,3,0,1,135,96,0,1,322,0,1,17,108,0,0,4
7,0,0,1,7,5,0,3,0,2,0,0,0,4,0,0,0,0,0,5,1925,0,0,2,0,1,0,0,6,7,1,17,0,0,0,4,0,5,0,0,2,3,165,13,0,0,0,0,1,0,0,5,0,0,0,7,0,1,1,1,0
2,0,210,0,0,4,0,11,1,0,10,0,5,1,3,1,1,0,3,1,1,3,45,2,1,3,2,0,0,14,2,86,10,63,0,0,0,2,0,1,8,76,11,2,0,268,0,5,5,1,0,9,1,2,3,29,5,0,279,0,0
1,0,3,2,42,0,0,6,1,0,2,0,19,436,0,6,272,11,2,186,1,0,4,6,0,148,22,0,2,0,55,18,4,0,0,7,44,0,0,1,419,4,6,0,5,2,2,4,8,1,0,83,0,0,2,0,20,2,0,117,69
0,0,0,5148,275,0,0,0,0,0,0,0,0,0,0,0,0,0,0,0,0,0,0,0,0,0,2,0,1397,0,0,0,0,0,0,2404,0,0,0,0,1,0,1,0,0,0,0,0,0,0,0,0,0,0,0,0,0,0,0,0,0
3,0,5,2,0,0,1,11,3,2,14,0,18,1,10,0,1,1,0,0,28,8,115,9,1,19,1,2,55,7,0,35,7,44,3,22,0,3,0,49,4,99,8,3,0,14,1,252,1,1,3,0,4,0,6,10,1,1,22,1,8
0,2,6,0,0,0,0,0,4,0,316,0,42,0,120,1,1,7,0,0,2,3,97,6,5,2,6,6,13,1,2,3,0,2,4,4,10,0,0,75,5,4,3,3,6,7,5,254,7,40,22,1,6,2,8,0,10,13,4,0,1
1,142,81,0,0,0,33,0,22,0,194,1,127,77,0,18,0,135,161,0,0,103,267,0,194,0,2,531,0,285,11,5,8,10,28,0,225,1,51,52,5,22,2,419,4,105,101,2,258,123,453,0,6,196,6,1,51,292,1,21,209
1,72,223,1,7,3,96,16,34,0,288,6,104,279,1,51,12,304,421,8,0,52,409,6,150,7,62,633,0,265,17,93,22,12,39,3,410,1,89,184,183,93,11,832,4,285,40,2,184,113,464,3,9,191,63,7,233,364,2,48,733
0,187,4,0,0,0,390,0,165,0,1498,0,349,73,0,3,0,962,47,0,0,3,336,1,14,0,3,90,1,72,0,22,10,0,22,1,964,0,1,5,25,1,0,26,0,23,5,0,12,927,34,0,0,213,2,24,407,23,0,0,5
2,0,1,0,0,12,0,0,0,6,81,0,4,0,27,3,0,0,0,0,1,0,2,1,0,101,0,0,0,2,0,52,0,1,0,0,0,370,0,0,2,3,0,2,0,0,2,0,0,0,0,0,0,0,0,506,0,0,0,0,0
16,0,33,1,0,3,1,25,1,16,1,1,0,1,125,0,0,0,2,4,16,2,177,1,0,9,1,1,22,32,1,198,30,756,0,1,0,10,0,0,4,1215,70,2,1,174,1,32,7,0,1,0,1,2,2,85,0,0,932,2,0
0,0,0,11,220,0,0,42,0,0,0,0,2,1333,0,0,58,1,2,2135,16,0,1,7,0,9,1,0,29,0,238,286,10,0,0,3,1,4,0,1,233,3,28,0,0,0,0,28,1,0,0,619,0,0,0,2,2,1,18,265,27
0,5,131,0,3,2,1,7,55,0,7,151,17,1,0,4,1,18,36,4,7,192,18,90,1,0,36,123,2,0,1608,0,19,152,145,2,77,11,202,21,1,1,11,4,131,432,5,28,24,41,3,261,57,624,68,0,374,2,146,129,175
0,0,51,0,57,2,0,22,59,0,4,10,89,2,0,30,9,11,8,6,1,2,7,58,0,0,1731,8,8,6,16,0,590,1,1,2,3,0,3,17,10,31,20,2,1,12,0,58,340,5,2,1,1,5,5,0,268,4,6,97,5
0,0,88,0,139,4,0,412,245,0,9,8,150,18,0,272,107,151,8,17,6,9,19,31,1,6,2138,5,3,7,39,1,230,2,3,7,9,0,3,19,80,3,125,4,4,12,1,326,1480,11,9,9,1,12,13,0,315,20,4,39,31
0,0,3,0,19,1,0,24,24,0,7,8,14,40,0,247,2,4,2,1,1,1,11,4,0,3,323,2,14,2,5,0,0,0,1,2,4,0,1,1,55,1,1,1,0,0,1,4,410,13,0,0,0,1,3,0,28,0,0,3,4
0,0,7,0,1,1,1,4,8,0,4,3,0,0,0,2,4,67,19,0,0,9,9,6,1,0,134,4,0,1,6,0,1,1,1,3,12,0,1,1,3,1,3,4,2,4,3,247,34,3,0,1,2,3,3,1,32,6,0,0,9
0,115,78,0,0,0,3,0,49,0,0,29,0,0,0,2,0,0,13,0,0,884,5,0,8,0,1,57,0,3,157,1,2,149,18,0,2,1,37,78,0,1,0,21,59,37,3,0,0,3,3,0,62,7,24,0,3,7,136,0,78
0,0,0,0,0,0,0,0,2,0,0,2,0,0,0,1,0,0,13,0,0,13,0,1,0,0,0,1,0,0,5,0,0,2,90,0,3,0,35,2,0,0,0,0,340,33,2,0,0,3,0,0,13,112,8,0,0,0,3,0,0
1,0,4,0,0,1,0,250,0,1,2,1,3,1,5,0,0,2,0,0,33,0,141,10,2,5,1,3,7,156,0,45,4,89,1,2,3,5,1,16,0,62,11,498,0,29,0,565,0,2,1,1,1,6,2,26,0,0,10,1,2
0,0,0,210,164,0,0,60,0,0,2,6,0,3,0,0,4,0,0,12,9,0,4,15,0,0,5,0,241,0,4,14,9,0,0,109,0,0,0,0,20,0,10,1,1,1,1,10,1,0,0,26,0,0,0,0,1,0,2,6,1
0,0,0,27,349,0,0,12,0,0,0,0,6,194,0,1,29,0,0,232,13,0,0,0,0,0,4,0,7,0,5,12,0,0,0,2,0,0,0,0,216,0,37,0,0,0,0,1,0,0,0,1240,0,0,0,5,1,0,0,215,1
0,26,41,9,84,1,5,653,141,0,83,59,78,33,2,11,26,36,57,85,1,21,149,38,24,0,30,83,12,16,86,30,19,26,47,8,50,0,11,153,313,11,15,13,107,81,5,53,18,66,84,15,56,15,33,1,26,82,90,18,20
0,26,8,0,4,112,727,4,266,0,8,31,8,4,0,611,1,11,598,12,0,24,11,1120,29,0,13,24,0,23,9,1,766,8,39,2,18,0,41,45,1,91,11,40,14,36,521,6,6,26,6,0,57,44,287,90,356,14,17,9,14
1892,0,0,0,0,913,0,0,0,2299,0,0,0,0,1618,0,0,0,0,0,101,0,0,5,0,543,0,0,2,1,0,1,0,1,0,0,0,32,0,0,0,0,8,0,0,0,0,0,0,0,0,0,0,0,0,54,0,0,0,0,0
2,0,0,0,0,23,0,0,0,30,0,0,0,0,67,0,0,0,0,0,9,0,0,1,0,877,0,0,0,0,0,3,0,0,0,0,0,1206,0,0,0,1,0,0,0,0,0,0,0,0,0,0,0,0,0,18,0,0,0,0,0
32,2,3,3,1,19,0,28,0,45,5,0,2,2,43,0,1,2,0,0,46,2,30,56,1,21,0,0,11,337,0,512,2,546,0,11,0,100,1,0,27,79,16,8,0,9,1,43,1,0,0,0,4,1,2,1477,0,0,5,0,2
17,0,4,32,889,12,0,57,0,9,0,6,28,670,8,0,477,21,2,935,40,0,2,12,0,23,31,0,23,16,127,167,3,1,0,11,0,20,0,0,543,1,216,0,1,1,0,20,14,1,0,1254,0,1,0,34,10,26,0,117,2
33,0,0,2,22,13,0,3,0,22,0,0,0,5,3,0,3,0,0,30,240,0,0,0,0,0,0,0,3,43,1,7,0,2,0,1,0,2,0,0,5,0,235,1,0,0,0,4,0,0,0,35,0,0,0,25,0,0,0,1,0
0,2,22,0,0,0,2,0,9,0,0,8,2,3,0,5,0,1,21,1,0,31,5,1,5,0,0,32,0,19,13,3,2,14,4,0,9,2,27,7,2,3,0,48,19,67,3,0,0,2,12,0,8,28,15,0,4,6,5,13,47
0,1,8,0,2,1,5,1,10,0,0,13,1,0,0,2,0,2,13,0,0,105,35,11,0,0,5,20,0,19,47,1,0,10,0,0,1,2,2,8,0,2,1,5,9,22,3,0,7,0,2,1,1,2,93,0,2,3,7,6,63
0,1,3,0,1,3,22,0,4,0,100,3,38,24,0,7,1,46,29,0,0,13,141,8,4,0,10,289,0,589,4,0,1,1,0,0,95,0,0,14,27,0,0,105,1,4,14,0,30,34,27,0,1,16,42,0,10,35,0,1,101
3,1,3,0,14,10,3,16,2,1,3,20,21,16,3,1,42,57,2,5,213,2,2,111,0,2,32,0,6,17,19,4,6,0,0,1,0,0,0,1,12,218,755,4,4,5,3,96,10,0,0,14,0,1,4,1,77,3,1,87,9
0,0,18,0,1,5,2,1,28,0,0,1125,0,3,0,3,0,5,13,0,0,4,2,68,0,0,11,1,0,2,128,2,208,1,56,1,6,0,28,5,2,5,4,1,421,184,2,0,10,4,2,2,5,225,137,0,28,1,7,133,23
0,1,1,0,0,0,62,2,0,0,181,1,254,2,1,13,0,40,0,0,0,5,287,0,0,0,4,77,0,20,0,4,4,0,0,248,38,0,1,1,3,0,0,10,1,0,80,1,5,217,15,2,0,2,23,2,1,6,0,0,1
891,0,0,0,0,1311,0,8,0,631,1,0,3,0,305,148,2,1,0,4,48,0,2,1,0,231,0,0,2,2,0,1,0,0,0,0,0,55,0,0,1,0,69,2,0,1,0,6,0,0,0,0,0,0,0,38,0,0,0,0,3
0,0,0,0,0,10,0,0,0,3,0,0,4,0,6,4,0,0,0,1,0,0,0,0,0,41,1,0,0,0,0,1,0,0,0,0,1,72,0,0,0,0,2,0,0,0,0,2,0,0,0,0,0,0,0,2,0,0,0,0,0
