0.61872,0.36235,0.14099,0.9408,0.37116,0.51503,0.26758,0.36337,0.29148,0.74361,0.51779,0.53412,0.29564,0.43691,0.66224,0.29311,0.63276,0.3276,0.38852,0.51757,0.64104,0.31479,0.32757,0.49439,0.40359,0.33689,0.42072,0.26961,0.72231,0.19905,0.47066,0.16041,0.2998,0.36279,0.32258,0.88066,0.27652,0.48989,0.31943,0.24721,0.17746,0.57108,0.33222,0.29955,0.31599,0.26721,0.36765,0.23876,0.48108,0.53064,0.20366,0.29146,0.31478,0.31079,0.3047,0.51371,0.14524,0.28094,0.34882,0.40245,0.27729
0.41135
0,117,52,0,0,0,40,0,520,0,0,148,0,0,0,58,0,0,63,0,0,81,0,0,18,0,0,3,0,0,3,0,0,74,352,0,0,0,387,46,0,0,0,3,137,10,14,0,0,96,3,0,707,0,24,0,0,20,86,1,1
0,820,11,0,0,0,1,0,2,0,2,53,2,0,0,5,0,0,4,0,0,29,10,0,1080,0,0,37,0,2,2,0,0,8,78,0,39,0,81,599,0,0,0,16,1,1,4,0,2,8,338,0,102,9,1,0,1,647,0,0,2
0,134,123,0,0,0,16,0,26,0,0,67,0,0,0,12,0,2,55,0,0,193,1,0,113,0,0,30,0,1,10,14,2,144,207,1,9,0,235,155,0,1,0,44,52,98,4,0,0,9,25,0,294,58,4,0,3,71,33,17,41
0,6,107,0,0,0,4,0,98,0,0,54,0,0,0,9,0,0,36,0,0,174,1,3,0,0,0,10,0,0,36,0,14,65,139,0,0,0,266,6,0,0,1,1,759,59,0,0,0,150,0,0,208,24,151,0,0,0,535,0,22
0,126,15,0,0,0,4,0,5,0,0,67,0,0,0,1,0,0,1,0,0,83,0,0,22,0,0,3,0,0,6,0,0,41,62,0,0,0,19,109,0,0,0,0,2,0,1,0,0,0,7,0,124,0,2,0,1,25,3,0,0
0,13,269,0,5,1,36,11,42,0,0,36,0,7,2,21,3,9,80,0,0,298,5,10,49,0,27,54,0,4,192,242,11,142,75,2,24,0,45,229,12,27,18,140,86,330,17,2,16,7,23,0,72,65,32,0,32,53,49,87,374
2,0,1,4,2,1,0,5,0,1,0,0,7,3,3,0,14,2,0,0,8,0,4,14,0,0,6,1,13,0,1,29,1,3,0,4,1,1,0,2,34,2,9,1,1,6,0,7,2,0,1,7,0,0,1,3,1,0,1,13,29
0,4,11,0,0,1,197,3,21,0,1,2,10,2,0,395,0,3,381,0,1,12,17,29,10,1,4,94,1,15,4,6,181,3,3,7,22,0,7,46,16,22,1,74,7,21,975,0,8,2,52,0,3,6,642,2,7,15,1,3,31
0,61,8,0,0,0,3,0,4,0,0,148,0,0,0,7,0,20,30,0,0,5,2,0,88,0,0,0,0,0,0,0,0,2,680,0,44,0,758,65,1,0,0,7,14,25,1,0,0,8,1,0,357,34,2,0,0,13,1,1,0
0,0,10,0,0,1,0,109,0,1,2,4,0,5,0,0,0,4,4,0,0,2,12,0,0,0,0,1,1,35,1,51,8,6,0,3,0,1,3,3,1,3,0,1,0,2,0,5,0,0,2,0,1,3,1,1,0,1,3,1,3
0,0,2,14,45,1,0,1,0,0,0,15,63,5,0,0,126,3,1,25,1,0,0,9,0,9,12,0,4,0,7,9,6,0,0,2,0,0,0,1,129,11,38,0,2,0,0,3,4,0,0,225,0,0,0,1,35,1,0,1019,1
0,0,0,0,0,11,0,0,0,16,0,0,0,0,37,0,0,0,0,0,0,0,0,0,0,123,0,0,0,1,0,20,0,0,0,0,0,441,0,0,0,2,0,0,0,0,0,0,0,0,0,0,0,0,0,171,0,0,0,0,0
3,2,8,2,2,3,0,9,2,9,60,1,3,0,11,0,0,1,0,0,20,4,27,10,1,6,1,6,24,226,1,238,2,75,0,15,1,36,0,9,8,21,12,1,2,9,2,52,0,0,1,1,0,0,0,209,0,2,8,0,0
105,0,6,8,219,4,0,9,1,0,0,4,17,166,1,5,2233,36,1,180,37,0,0,3,0,24,18,0,11,11,21,18,2,1,0,12,1,22,0,0,358,1,110,0,3,1,0,8,19,0,0,240,0,1,0,52,35,52,5,286,2
9,3,56,5,8,4,0,29,2,9,11,0,4,3,2,2,64,23,0,14,80,1,21,1,7,0,29,3,11,589,3,47,26,13,0,1,12,1,0,37,39,9,492,8,2,8,0,52,10,2,3,51,2,1,0,27,68,0,3,39,13
2,1,1,0,5,2,16,6,2,0,14,0,74,9,0,5,112,397,3,5,2,2,7,1,1,12,42,12,0,7,6,0,6,0,0,0,6,2,0,1,59,1,132,12,5,4,13,265,21,3,1,4,1,1,242,12,184,2,3,56,6
0,364,65,0,0,0,105,0,4,0,6,12,5,2,0,58,0,15,62,0,0,184,38,2,564,0,1,192,0,28,6,1,2,46,76,0,113,0,113,309,0,6,2,114,8,32,259,1,3,3,413,0,48,52,9,0,0,498,2,1,26
0,0,57,0,0,0,0,1,14,0,0,11,0,0,0,0,0,1,1,0,0,56,0,0,0,0,1,3,1,0,366,0,2,30,15,0,0,0,2,3,0,0,0,0,60,34,0,0,2,0,0,4,4,12,5,0,0,0,39,3,222
0,0,2,1,3,0,1,0,2,0,1,1,1,0,0,3,0,0,0,0,0,0,0,0,0,0,61,0,1,1,0,1,5,0,0,1,0,0,1,2,4,0,0,0,0,0,0,1,19,0,0,0,0,0,0,0,5,0,0,3,4
0,0,8,0,8,0,5,5,9,0,1,5,1,0,0,8,6,3,2,0,0,0,3,1,0,0,281,13,1,4,0,5,27,0,0,2,5,0,1,15,17,1,11,8,2,8,0,3,200,2,3,1,2,0,0,1,6,1,1,6,25
0,0,0,0,0,0,0,0,1,0,1,0,0,0,0,1,0,0,0,0,0,1,1,0,0,0,12,0,0,0,0,1,0,0,0,0,3,0,0,0,0,0,0,0,0,0,0,0,16,0,1,0,0,0,0,0,0,0,0,0,0
3,0,1,8,30,0,0,17,0,0,1,5,2,3,2,1,1,0,0,2,41,0,0,512,0,0,6,0,11,6,2,295,42,1,0,7,0,0,0,0,47,3,9,0,1,5,0,107,9,0,0,69,0,0,1,1,0,0,1,10,1
0,16,10,0,0,0,223,0,5,0,0,1,1,1,0,369,0,0,316,0,0,5,7,5,18,0,0,34,0,10,1,0,57,0,5,1,7,0,11,27,1,4,0,39,0,7,533,0,0,1,25,0,3,2,269,1,0,28,1,0,2
0,144,1,0,0,0,2,0,1,0,144,2,46,9,0,1,0,132,6,0,0,7,88,0,236,0,1,108,0,48,0,1,0,0,47,0,387,0,27,10,0,0,0,73,0,5,3,0,0,103,198,0,5,371,0,0,1,73,0,0,2
5,0,0,2,10,5,0,12,0,1,0,0,0,4,0,0,0,0,0,5,2018,0,0,3,0,1,1,0,6,12,0,11,0,0,0,1,0,5,0,0,6,5,41,3,0,0,0,1,0,0,0,33,0,0,0,9,0,1,0,0,0
2,0,173,0,0,3,3,7,0,1,13,0,2,0,5,1,1,2,1,0,0,3,49,3,0,1,2,1,0,10,1,89,4,96,0,0,0,1,0,1,6,67,28,1,3,277,1,7,0,0,0,3,1,1,0,28,2,0,290,0,2
1,0,2,2,42,0,0,2,0,0,3,1,17,422,0,7,324,6,0,73,1,0,3,4,0,125,18,0,4,0,95,18,4,0,0,2,30,0,0,1,468,3,24,0,1,1,3,1,7,0,0,104,0,0,2,1,21,1,14,101,86
0,0,0,4815,242,0,0,1,0,0,0,0,1,0,0,0,1,0,0,0,0,0,0,0,0,0,2,0,1441,0,0,0,0,0,0,2723,0,0,0,0,1,0,0,0,0,0,0,0,0,0,0,0,0,0,0,0,0,0,0,1,0
4,1,4,4,0,0,2,3,3,1,18,0,7,1,2,0,1,5,0,0,21,5,46,11,2,18,2,2,41,13,0,25,3,38,3,13,1,3,0,14,7,125,7,5,0,7,2,389,1,0,1,0,5,1,2,11,1,2,27,1,8
0,7,3,0,0,1,2,0,8,0,306,0,48,0,118,3,1,16,0,0,0,3,17,3,6,1,6,21,9,2,4,0,2,0,7,1,11,0,1,35,11,6,6,3,7,1,5,349,6,22,26,0,7,2,8,0,22,9,7,0,2
0,124,91,0,0,0,77,0,15,0,157,0,103,78,0,19,0,146,50,0,0,112,256,1,216,0,3,569,0,277,7,19,7,9,10,0,288,0,24,82,7,33,3,471,7,87,134,2,296,105,490,0,8,185,6,0,33,238,3,20,174
2,70,250,0,5,2,215,15,25,0,270,7,157,268,1,52,7,385,180,6,1,77,362,5,172,8,108,739,3,265,15,131,26,13,30,1,405,1,45,282,211,95,17,792,9,196,54,6,125,114,459,3,8,176,37,1,239,346,3,47,701
0,46,3,0,0,0,383,0,146,0,1586,0,570,48,0,3,0,800,4,0,0,3,871,1,12,0,6,119,1,57,0,19,11,0,2,1,662,0,0,0,9,1,0,69,0,16,9,0,15,1013,87,1,0,195,3,0,154,15,0,0,9
2,0,1,0,0,11,0,0,0,6,94,0,1,0,20,3,0,0,0,0,1,0,0,2,0,94,0,0,0,1,0,43,0,3,0,0,0,461,0,0,0,4,1,1,0,0,2,0,0,0,0,0,0,0,0,430,0,0,0,0,0
15,0,20,1,0,1,0,17,0,18,3,1,0,1,139,0,0,1,0,0,17,1,145,8,1,7,2,0,17,29,2,206,15,940,0,4,0,16,0,2,2,1177,117,4,2,137,1,50,0,0,1,0,1,0,1,68,0,0,826,2,0
0,0,0,8,440,0,0,45,0,0,0,0,1,1579,0,0,53,1,1,1812,19,0,0,8,0,6,1,0,24,0,319,291,9,1,0,4,0,5,0,0,231,4,16,0,0,1,0,30,1,0,0,631,0,0,0,5,0,2,51,24,14
0,10,202,0,5,0,3,5,41,0,7,146,15,1,0,7,1,80,11,1,1,184,2,23,4,0,26,33,1,3,1556,0,31,77,130,0,90,1,171,10,4,0,28,12,155,726,4,48,25,4,5,164,71,726,53,3,365,2,67,33,293
0,0,38,0,45,3,0,25,46,0,5,10,10,0,0,31,8,9,3,1,2,4,1,38,1,0,1649,9,6,5,14,1,615,0,1,4,4,0,0,16,65,3,88,3,9,10,0,47,348,4,2,6,0,6,2,4,362,1,1,117,5
0,0,64,0,113,6,5,327,224,0,9,12,24,13,0,230,89,81,6,8,5,9,4,19,0,4,2205,11,5,4,32,2,253,2,2,8,12,0,4,19,268,1,256,10,15,9,3,223,1589,6,8,4,2,10,6,7,332,7,1,75,22
0,1,1,0,9,0,0,20,23,0,10,6,2,29,0,126,5,6,0,1,1,1,7,6,0,6,465,1,13,1,7,0,0,0,0,0,2,0,0,1,87,0,9,1,0,0,1,5,393,7,3,0,0,0,3,0,28,0,0,4,5
0,0,0,0,1,0,5,2,5,0,5,2,12,0,0,5,3,55,1,0,0,8,3,2,1,0,117,5,0,0,8,0,1,1,0,3,10,0,1,4,3,0,16,3,7,5,1,232,61,1,0,2,2,2,7,0,62,4,1,0,3
0,102,101,0,0,0,1,1,43,0,0,25,0,0,0,1,0,0,10,0,0,815,1,0,6,0,0,59,0,2,175,1,2,147,39,0,3,0,31,63,0,0,0,19,108,63,2,0,0,1,2,0,64,5,2,0,3,13,115,0,111
0,0,3,0,0,0,0,0,4,0,0,2,0,0,0,3,0,2,8,0,0,13,0,0,0,0,0,2,0,0,2,0,0,1,56,0,9,0,42,3,0,0,0,0,360,58,0,0,0,4,0,0,14,95,1,0,0,0,2,0,0
1,2,4,0,0,0,0,405,1,1,2,1,0,2,9,0,0,5,0,0,24,0,52,11,0,5,1,0,8,184,0,30,1,92,4,0,2,2,1,7,1,79,6,312,0,12,1,680,0,3,1,1,2,4,2,27,0,0,20,0,4
0,0,0,192,148,0,0,68,0,0,1,8,2,4,0,0,3,0,0,3,11,0,1,17,0,0,3,0,270,0,1,16,9,0,0,106,1,0,0,1,14,0,7,1,1,0,0,12,4,0,0,35,0,0,0,0,1,0,3,8,1
0,0,0,19,309,0,0,19,0,0,0,0,3,196,0,0,17,0,0,394,13,0,0,0,0,0,4,0,6,1,5,16,1,0,0,3,0,0,0,0,243,0,10,0,0,0,0,0,0,0,0,1169,0,0,0,4,1,1,0,174,1
0,39,37,5,111,2,7,758,143,0,61,55,82,32,1,10,22,49,42,20,2,24,102,28,21,0,27,85,16,19,80,15,15,34,36,8,63,0,21,125,229,12,35,18,167,33,8,70,13,57,126,15,55,17,19,1,55,78,120,18,13
0,41,23,0,1,87,529,6,265,0,5,29,11,3,0,685,0,15,887,14,0,30,66,1014,19,0,13,33,0,18,7,1,757,15,30,4,32,0,28,39,1,52,22,48,20,35,442,6,4,20,4,0,51,42,297,162,290,17,11,8,11
1772,0,0,0,0,975,0,0,0,2355,0,0,0,0,1545,0,0,0,0,0,101,0,0,3,0,615,0,0,2,3,0,0,0,0,0,0,0,42,0,0,0,0,1,0,0,0,0,1,0,0,0,0,0,0,0,55,0,0,0,0,0
2,0,0,0,0,23,0,0,0,29,0,0,0,0,49,0,0,0,0,1,6,0,0,1,0,726,0,0,0,0,0,3,0,0,0,0,0,1381,0,0,0,1,0,0,0,0,0,1,0,0,0,0,0,0,0,14,0,0,0,0,0
18,1,1,1,2,12,0,22,0,50,7,0,1,1,43,1,0,2,0,0,47,1,43,66,0,17,1,2,18,368,1,393,1,445,0,7,0,189,0,2,12,81,11,4,0,6,1,114,0,0,0,0,4,0,1,1536,0,0,5,0,1
21,0,1,27,1099,11,0,89,0,9,0,6,9,675,9,1,408,23,1,895,64,0,0,9,0,7,23,0,19,52,148,114,0,1,0,16,0,86,0,0,578,1,71,0,3,0,0,17,13,1,0,1181,0,1,1,50,13,38,3,89,1
36,0,0,0,29,16,0,8,0,24,0,0,0,12,3,0,1,0,0,23,322,0,0,1,0,1,0,0,3,55,1,5,0,1,0,2,0,3,0,0,10,0,74,1,0,0,0,4,0,0,0,67,0,0,0,38,0,0,0,1,0
0,4,24,0,0,0,5,0,8,0,0,7,1,3,0,7,0,1,3,1,0,33,4,2,7,0,0,36,0,21,11,4,2,13,6,0,17,0,12,7,3,4,0,51,20,62,3,0,0,1,12,0,9,34,13,0,4,6,7,7,57
0,0,11,0,1,0,3,0,5,0,0,15,1,0,0,2,0,1,7,0,0,98,12,10,0,0,5,29,0,19,32,1,2,4,0,0,2,0,2,17,0,2,1,22,20,38,3,0,6,0,1,1,1,3,81,0,2,2,8,3,81
0,2,4,0,1,1,24,0,3,0,95,3,72,12,0,6,0,34,14,1,0,19,111,5,1,0,13,296,0,513,2,0,2,0,0,0,51,0,0,13,36,3,3,232,5,3,27,0,38,38,41,0,1,9,63,0,13,12,0,0,77
3,1,2,0,19,10,2,14,1,2,5,17,8,12,1,1,23,33,1,16,234,0,3,73,0,1,17,1,1,13,14,13,6,2,0,0,2,0,0,2,12,185,894,2,7,5,2,41,7,1,0,27,0,1,8,3,104,1,0,82,8
0,0,20,0,0,2,0,1,14,0,0,1135,0,1,0,4,0,4,7,0,0,5,3,72,0,0,15,2,0,2,98,0,348,2,13,0,6,0,34,2,0,3,6,5,331,263,1,2,11,2,2,2,6,176,89,5,24,1,8,171,25
0,1,1,0,0,0,58,2,0,0,156,1,528,2,1,12,0,25,0,0,0,4,251,0,0,0,3,82,0,18,1,1,4,0,0,123,17,0,0,1,4,0,0,8,1,0,116,0,9,111,38,1,1,6,14,6,2,4,0,0,3
856,0,0,0,2,1285,0,7,0,631,0,0,1,0,324,151,1,3,0,0,47,0,0,2,0,297,0,0,2,4,0,2,0,0,0,0,0,49,0,0,2,0,56,1,0,1,0,4,0,0,0,0,0,0,0,35,1,0,0,0,3
0,0,0,0,0,10,0,0,0,3,1,0,3,0,5,5,1,1,0,0,0,0,0,0,0,40,1,0,0,0,0,2,0,0,0,0,0,70,0,0,0,0,2,0,0,0,0,0,0,0,0,0,0,0,0,6,0,0,0,0,0
