0.60416,0.39535,0.13588,0.94363,0.3613,0.46426,0.22328,0.39362,0.30137,0.75042,0.4719,0.51382,0.36418,0.45622,0.65475,0.31432,0.63028,0.20487,0.42752,0.42326,0.62188,0.3141,0.39245,0.48951,0.32205,0.30327,0.43183,0.2814,0.79936,0.25482,0.45335,0.16007,0.31417,0.30595,0.27821,0.90564,0.26846,0.48444,0.29785,0.30086,0.1777,0.58102,0.2964,0.28689,0.30811,0.26179,0.37967,0.275,0.50868,0.60569,0.21288,0.29187,0.30468,0.3067,0.3384,0.58186,0.20486,0.30015,0.33245,0.41206,0.25726
0.41073
0,94,62,0,0,0,15,0,528,0,0,153,0,0,0,68,0,0,73,0,0,85,0,0,16,0,0,0,0,0,5,0,0,21,405,0,0,0,444,45,0,0,0,1,135,16,9,0,0,74,3,0,670,2,21,0,0,26,91,1,1
0,901,9,0,0,0,2,0,2,0,2,47,0,1,0,6,0,1,3,0,0,25,7,0,828,0,0,24,0,1,6,0,0,16,81,0,32,0,71,732,1,0,0,7,1,0,2,0,0,7,268,0,94,11,1,0,0,802,0,0,6
0,147,118,0,0,0,8,0,22,0,0,51,0,0,0,13,0,7,39,7,0,190,1,0,122,0,0,18,0,0,23,5,6,175,260,1,5,0,242,124,0,1,1,20,53,45,5,0,0,7,14,0,311,83,2,0,3,82,40,15,38
0,5,141,0,0,0,3,0,100,0,0,54,0,0,0,10,0,3,34,0,0,163,0,3,0,0,0,2,0,0,26,0,18,10,162,0,0,0,302,4,0,0,1,0,729,129,0,0,0,148,0,0,211,15,122,0,0,1,525,0,17
0,114,23,0,0,0,2,0,7,0,0,26,0,0,0,1,0,0,1,0,0,88,0,0,15,0,0,2,0,0,12,0,0,16,116,0,0,0,20,113,0,0,0,0,2,0,1,0,0,0,5,0,125,0,2,0,0,33,5,0,0
0,22,267,0,3,1,22,7,36,0,1,53,0,9,2,20,1,27,66,42,1,314,2,7,71,0,25,43,1,6,159,132,16,376,110,4,22,0,63,112,8,20,40,78,83,157,18,1,18,7,21,1,88,93,25,0,32,68,55,104,426
2,1,1,3,1,0,1,3,0,2,0,0,6,3,1,0,6,2,0,4,8,0,2,19,0,0,4,2,11,2,0,31,2,3,0,5,2,2,0,2,40,2,10,1,2,1,0,7,2,0,0,5,0,0,1,4,1,0,1,9,34
0,10,11,0,1,0,173,2,24,0,1,6,4,4,0,410,1,2,436,6,0,13,19,30,11,1,4,91,1,15,3,5,162,16,4,8,24,0,5,31,16,11,4,69,9,12,945,1,4,1,13,0,4,7,690,1,5,20,1,1,34
0,48,6,0,0,0,2,0,4,0,0,197,0,0,0,6,0,37,28,0,0,4,2,0,104,0,0,0,0,0,0,2,0,4,651,0,43,0,722,61,0,0,0,4,14,12,0,0,0,8,7,0,361,37,3,0,0,21,2,0,0
0,0,16,0,0,2,0,105,1,1,4,2,0,2,0,0,0,0,4,0,0,2,16,0,1,0,0,1,0,12,0,48,7,33,0,3,0,2,6,0,0,2,0,1,0,4,0,3,0,0,3,0,2,2,1,1,1,2,1,1,3
0,0,3,12,37,0,0,0,0,0,0,16,63,5,0,0,112,6,1,33,2,0,0,9,0,9,8,0,3,2,7,14,4,0,0,2,0,0,0,0,130,13,46,1,2,1,0,0,2,0,0,214,0,0,0,1,19,0,0,1052,1
0,0,0,0,0,16,0,0,0,14,0,0,0,0,33,0,0,0,0,0,0,0,0,0,0,150,0,0,0,0,0,21,0,0,0,0,0,451,0,0,0,4,0,0,0,0,0,0,0,0,0,0,0,0,0,133,0,0,0,0,0
3,1,8,2,1,2,0,7,2,5,65,1,3,1,14,0,0,1,0,0,19,8,18,18,1,5,1,6,11,90,0,241,2,169,0,15,1,36,0,8,16,20,5,1,1,13,3,70,1,0,2,1,1,0,1,236,1,3,6,0,0
106,0,5,9,171,8,0,9,0,3,2,5,11,172,2,0,2165,32,1,283,35,0,0,4,0,19,12,0,9,26,20,30,3,1,0,9,3,27,0,0,370,1,144,0,2,1,1,9,15,1,0,226,0,1,1,79,30,0,2,281,3
11,3,81,2,8,5,0,32,1,7,11,1,2,5,2,2,64,29,0,21,58,1,35,5,11,1,18,2,9,687,4,45,22,84,1,3,15,1,0,28,33,7,368,5,2,10,1,15,12,2,2,21,0,3,0,23,67,2,5,53,11
2,0,1,0,2,1,8,5,1,0,19,0,27,8,0,1,91,377,3,6,3,1,5,1,0,6,27,20,0,9,10,10,3,0,0,0,6,0,1,1,15,2,247,18,3,2,4,299,29,2,1,3,0,4,222,10,242,1,0,25,4
0,411,61,0,0,0,135,0,8,0,10,14,2,1,0,73,0,7,41,0,0,180,24,1,512,0,1,149,0,25,21,0,2,94,97,0,97,0,100,380,0,0,1,80,10,19,220,1,1,3,341,0,49,52,11,0,0,593,3,1,19
0,0,68,0,0,0,0,0,11,0,0,13,0,0,0,0,0,3,1,0,0,63,0,0,0,0,0,1,0,0,298,1,3,14,22,1,0,0,5,0,0,0,0,0,60,61,0,0,2,0,1,1,2,17,5,0,0,0,41,2,253
0,0,2,0,4,0,0,0,2,0,1,0,1,0,0,1,0,0,0,0,0,1,1,0,0,0,55,0,2,1,0,0,6,0,0,0,0,0,1,1,4,0,7,0,0,0,0,0,21,0,0,0,0,0,0,0,6,0,0,1,6
0,0,6,1,14,0,4,5,8,0,0,3,3,0,0,8,5,1,1,1,0,1,1,1,2,0,272,13,0,5,0,2,33,6,0,2,4,0,0,12,20,1,17,5,2,4,0,0,196,1,4,0,1,0,0,0,7,4,1,5,35
0,0,0,0,0,0,0,0,0,0,1,0,1,0,0,0,0,0,0,0,0,0,0,0,0,0,14,0,0,0,0,0,0,0,0,0,3,0,0,0,1,0,0,0,1,0,0,0,16,0,1,0,0,0,0,0,0,0,0,0,0
3,0,1,7,24,0,0,16,0,1,1,7,2,3,0,1,1,0,0,2,42,0,0,475,0,0,9,0,10,24,2,358,41,1,0,8,0,1,0,0,51,4,9,0,1,9,0,82,11,0,0,43,0,0,0,0,0,0,1,9,3
0,19,7,0,0,0,164,0,8,0,0,1,0,1,0,393,0,2,415,0,0,4,6,6,18,0,0,32,0,13,2,0,58,3,5,1,9,0,10,25,1,0,0,33,0,4,479,0,0,0,8,0,3,3,280,1,0,29,1,0,2
0,28,2,0,0,0,4,1,2,0,183,6,17,5,0,3,0,57,0,0,0,7,86,0,209,0,1,133,0,35,0,0,0,0,43,0,427,0,25,13,0,0,0,81,0,3,1,1,0,94,408,0,4,319,0,0,0,82,0,0,2
4,0,0,1,11,3,0,12,0,3,0,0,0,6,0,0,1,0,0,6,2046,0,1,2,0,1,1,0,5,27,0,12,0,0,0,2,0,6,0,0,6,4,15,3,0,0,0,4,0,0,0,11,0,0,0,8,0,0,0,0,0
2,0,183,0,0,2,3,9,0,1,14,0,2,1,4,0,1,2,0,0,1,1,36,4,0,4,1,1,0,3,2,107,2,111,0,1,0,1,0,0,7,90,53,3,2,271,3,4,0,0,2,3,1,0,0,14,3,0,236,0,1
1,0,3,2,36,0,1,2,0,0,3,0,18,419,0,0,349,20,0,61,1,0,1,1,0,126,15,0,3,0,121,22,4,0,0,3,28,0,0,0,402,3,32,0,0,1,3,2,9,0,0,109,0,0,2,1,22,0,6,120,93
0,0,0,4403,256,0,0,1,0,0,0,0,0,0,0,0,0,0,0,0,1,0,0,0,0,0,2,0,1749,0,0,0,0,0,0,2812,0,0,0,0,1,0,0,0,0,0,0,0,0,0,0,0,0,0,0,0,0,0,0,3,0
2,2,2,3,0,0,2,4,3,1,15,2,6,1,3,0,1,7,0,0,19,2,53,13,5,11,1,3,20,12,0,35,5,28,1,14,1,4,0,12,4,139,2,3,0,6,1,429,1,1,2,0,3,0,1,4,2,1,25,1,1
0,12,3,0,0,0,3,0,8,0,302,1,60,0,118,1,0,24,1,0,0,1,7,3,6,0,5,15,7,1,4,1,1,3,6,2,10,0,1,28,3,7,7,2,5,6,4,357,8,15,21,0,6,2,9,0,29,17,7,0,2
0,76,92,0,0,0,104,0,20,0,176,1,72,58,0,29,0,92,41,3,0,113,197,0,252,0,2,579,0,276,21,18,8,55,12,1,288,0,23,161,6,35,3,488,6,33,146,1,257,112,529,1,2,187,4,0,27,286,4,21,124
1,69,226,0,5,2,217,14,27,0,358,13,106,251,1,51,4,346,119,40,0,75,258,6,268,8,118,773,0,272,27,152,30,118,31,2,412,1,40,305,191,87,34,733,10,95,56,6,110,154,452,2,9,209,32,3,210,416,6,55,629
0,2,0,0,0,0,380,0,125,0,1419,0,736,33,0,3,0,480,3,0,0,4,967,1,11,0,6,181,1,68,2,3,16,0,1,1,647,0,1,7,13,1,0,81,0,7,5,0,22,1321,118,2,0,185,7,0,69,13,0,0,8
0,0,0,0,0,13,0,0,0,8,89,0,1,0,19,3,0,0,0,0,0,0,0,5,0,105,0,0,0,0,1,36,0,0,0,0,0,490,0,0,2,5,0,0,0,0,3,0,0,0,0,0,0,0,0,401,0,0,0,0,0
14,2,22,1,1,0,0,14,1,17,3,1,0,1,149,0,0,3,1,0,18,2,117,3,1,10,1,0,11,21,0,317,10,890,0,3,0,15,0,1,3,1237,76,3,1,149,1,71,0,0,1,0,1,1,1,66,0,1,755,1,0
0,0,0,4,425,0,0,51,0,0,0,0,1,1662,0,0,62,1,1,1536,23,0,0,6,0,7,1,0,14,1,339,332,8,0,0,4,1,3,0,0,251,4,11,0,2,1,0,31,2,0,0,775,0,0,0,7,1,0,29,28,13
0,10,220,0,2,0,1,3,35,0,6,163,13,1,0,8,1,331,7,2,0,182,1,23,15,0,27,11,3,3,1477,1,31,24,128,0,82,0,149,6,1,2,58,13,201,655,4,5,26,7,4,148,58,714,45,0,348,2,108,30,271
0,0,37,0,51,1,0,14,42,0,8,8,3,0,0,26,6,9,1,4,4,4,4,25,2,0,1467,5,6,1,15,0,609,2,2,2,10,0,1,6,115,2,146,4,7,18,0,11,353,4,5,9,0,9,3,2,540,1,0,80,3
0,0,36,0,121,3,5,316,198,1,9,9,13,7,0,141,88,112,2,21,9,12,3,12,1,5,2138,12,2,6,39,2,232,1,2,9,11,1,4,10,387,1,342,12,14,8,4,138,1699,6,5,12,1,10,6,6,343,8,0,52,18
0,0,1,0,10,0,0,19,24,0,10,7,3,27,0,79,8,11,0,1,1,0,4,3,0,8,499,3,4,1,6,0,0,1,0,5,1,0,0,0,106,0,24,3,0,3,2,1,364,7,3,0,0,0,4,0,32,0,0,6,5
0,0,0,0,1,0,5,1,7,0,5,1,5,0,0,6,3,83,4,0,0,6,1,0,0,0,112,4,0,0,6,0,1,0,2,0,4,0,2,2,1,0,26,16,2,6,1,156,75,1,0,2,1,9,8,0,103,3,0,0,1
0,120,113,0,0,0,1,0,41,0,0,18,0,0,0,2,0,0,7,1,0,822,0,0,12,0,0,17,0,2,182,0,2,141,84,0,3,0,28,38,0,1,0,10,115,44,2,0,0,1,0,0,55,9,2,0,0,16,133,1,113
0,1,1,0,0,0,0,0,3,0,0,4,0,0,0,4,0,10,7,0,0,12,0,0,1,0,0,2,0,0,4,0,0,1,29,0,6,0,42,2,0,0,0,1,343,94,0,0,0,3,0,0,12,99,1,0,0,0,2,0,0
1,3,5,0,0,0,0,387,0,2,2,1,0,1,9,0,0,1,0,0,25,0,78,9,1,4,1,1,4,42,1,38,1,172,0,3,3,3,1,7,1,66,1,315,0,14,0,737,0,1,5,0,3,3,1,35,0,2,18,0,4
0,0,1,170,158,0,0,74,0,0,0,7,2,3,0,0,0,0,0,1,11,0,1,15,0,0,4,0,256,2,1,17,7,0,0,118,1,0,0,0,17,0,5,0,0,2,1,18,2,0,1,36,0,0,0,0,0,0,4,15,2
0,0,0,18,303,0,0,15,0,0,0,0,3,187,0,0,16,0,0,503,20,0,0,0,0,0,4,0,3,7,4,13,1,0,0,3,0,1,0,0,283,0,5,0,0,0,0,1,0,0,0,1034,0,0,0,0,1,0,0,183,1
0,40,42,6,98,1,12,827,157,0,58,67,77,27,2,11,29,42,25,16,3,26,84,21,22,0,28,72,9,10,109,19,17,49,41,5,62,0,21,94,186,10,50,28,155,27,5,62,21,41,135,28,44,13,17,1,55,89,118,21,21
0,130,18,0,3,48,399,2,259,0,11,35,8,3,0,722,0,21,1041,12,0,26,65,933,31,0,8,38,0,22,5,2,776,11,30,2,39,0,37,27,2,73,39,55,22,42,383,2,3,22,2,0,55,32,281,134,289,21,12,6,11
1627,0,0,0,0,1299,0,0,0,2243,0,0,0,0,1447,0,0,0,0,0,86,0,0,6,0,661,0,0,2,4,0,1,0,0,0,0,0,39,0,0,0,0,0,0,0,0,0,2,0,0,0,0,0,0,0,53,0,0,0,0,0
2,0,0,0,0,24,0,0,0,24,0,0,0,0,40,0,0,0,0,0,6,0,0,1,0,696,0,0,0,0,0,3,0,0,0,0,0,1432,0,0,0,1,0,0,0,0,0,1,0,0,0,0,0,0,0,7,0,0,0,0,0
21,1,0,2,1,21,0,20,0,35,9,0,0,1,38,0,0,0,0,0,38,0,37,94,0,22,0,4,6,211,0,433,0,196,0,14,0,200,0,4,31,83,4,4,0,2,0,114,0,0,3,0,4,0,1,1880,0,1,2,0,2
18,0,2,19,1012,11,0,99,0,9,0,10,9,691,3,1,396,19,1,941,59,0,0,7,0,8,20,0,22,98,139,164,0,1,0,17,0,114,0,0,604,1,67,0,2,0,0,20,14,1,0,1131,0,0,1,42,14,0,2,94,1
39,0,0,1,26,17,1,6,0,23,0,0,0,15,3,0,1,0,0,42,367,0,0,1,0,1,0,0,2,76,0,6,0,6,0,2,0,5,0,1,12,3,16,1,0,0,0,6,0,0,0,32,0,0,0,28,0,0,0,2,0
0,3,25,0,0,0,4,0,8,0,2,7,0,1,0,3,0,3,2,3,0,34,2,1,15,0,0,38,0,22,11,1,3,33,10,0,19,0,14,5,3,2,1,45,21,41,4,0,0,3,11,0,6,43,10,0,3,6,8,6,50
0,0,11,0,2,0,2,0,5,0,0,22,1,0,0,2,0,2,7,1,0,118,5,8,0,0,4,32,0,22,32,0,4,10,1,0,1,0,2,6,0,2,3,18,21,41,3,0,3,0,0,2,1,8,62,0,2,2,9,0,77
0,3,3,0,1,1,31,0,6,0,82,3,62,11,0,8,0,16,13,1,0,20,67,2,6,0,11,352,0,490,4,0,2,1,1,1,56,0,0,13,42,1,4,294,5,2,29,0,20,41,39,0,1,6,65,0,8,15,0,0,60
4,1,5,0,11,9,1,12,2,2,5,19,6,14,1,0,21,39,0,29,334,0,3,61,0,2,12,1,1,15,15,19,3,6,0,0,4,1,0,1,11,176,832,1,7,4,4,9,8,0,1,20,0,1,5,5,91,0,0,104,5
0,0,15,0,0,0,0,1,13,0,1,1115,1,0,0,2,0,41,5,0,1,2,5,59,1,0,8,4,0,1,91,2,302,7,2,0,5,0,41,3,0,4,11,3,313,424,2,0,7,3,1,2,9,133,59,3,26,0,6,163,26
0,0,0,0,0,0,72,0,1,0,117,0,669,2,1,21,0,30,0,0,0,5,241,0,0,0,3,60,0,23,2,0,7,0,0,16,22,0,0,2,2,1,1,11,0,2,134,0,6,82,43,0,1,6,24,3,2,3,0,0,1
830,0,0,0,1,1299,0,6,0,585,1,0,1,0,314,154,1,3,0,0,49,0,1,2,0,384,0,0,1,4,0,2,0,0,0,1,1,44,0,0,0,0,37,0,0,1,0,3,0,0,0,1,0,0,0,35,1,0,0,1,4
0,0,0,0,0,9,0,0,0,2,1,0,1,0,4,4,1,1,0,0,0,0,0,0,0,41,1,0,0,0,0,2,0,0,0,0,0,76,0,0,0,0,2,0,0,0,0,0,0,0,0,0,0,0,0,4,1,0,0,0,0
