0.60531,0.40537,0.13035,0.94261,0.35903,0.4686,0.22012,0.40124,0.29736,0.75656,0.4584,0.50116,0.37616,0.4546,0.65105,0.31276,0.62847,0.18633,0.43019,0.41273,0.62263,0.31358,0.41112,0.48731,0.32575,0.30542,0.43675,0.27679,0.79767,0.25733,0.44531,0.16186,0.31245,0.29597,0.2871,0.9063,0.27002,0.47888,0.28948,0.29925,0.17994,0.59816,0.30458,0.28839,0.306,0.19683,0.34994,0.28734,0.51958,0.60302,0.21108,0.2846,0.30835,0.30682,0.33832,0.58297,0.20624,0.29283,0.32057,0.42587,0.25248
0.40878
0,97,55,0,0,0,13,0,529,0,0,154,0,0,0,64,0,0,72,0,0,80,0,0,19,0,0,0,0,0,12,0,0,19,395,0,1,0,434,48,0,0,0,1,141,17,6,0,0,75,3,0,687,1,22,0,0,24,91,2,2
0,921,10,0,0,0,2,0,3,0,3,41,0,1,0,4,0,1,3,0,0,25,6,0,830,0,0,30,0,3,8,1,0,15,80,0,27,0,67,723,1,0,0,4,1,0,1,0,1,5,255,0,93,10,1,0,0,817,0,0,4
0,151,123,0,0,0,8,0,25,0,0,55,0,0,0,12,0,8,33,9,0,184,2,0,132,0,0,16,0,0,27,3,7,178,251,1,8,0,245,119,0,1,1,19,55,33,4,0,0,9,15,0,303,72,3,0,2,89,49,15,37
0,3,131,0,0,0,3,1,108,0,0,53,0,0,0,9,0,3,32,0,0,161,0,3,1,0,0,3,0,0,24,0,18,7,151,0,0,0,307,4,0,0,1,0,724,130,0,0,0,152,0,0,221,10,120,0,0,0,543,0,15
0,116,21,0,0,0,2,0,7,0,0,26,0,0,0,1,0,0,1,0,0,90,0,0,13,0,0,1,0,0,23,0,0,16,113,0,0,0,17,111,0,0,0,0,3,0,1,0,0,0,6,0,121,0,1,0,0,33,6,0,0
0,22,259,0,5,0,27,7,41,0,1,52,0,10,1,22,2,35,63,41,1,309,3,10,90,0,18,42,0,3,134,120,15,382,96,3,26,0,71,97,8,23,40,71,82,197,15,3,17,6,19,5,92,92,25,0,33,88,69,101,392
2,0,0,4,2,1,1,5,0,2,0,0,3,4,1,0,7,2,0,4,7,0,2,14,0,1,5,2,11,2,0,36,1,6,0,4,2,3,0,2,39,2,6,2,0,7,0,4,1,0,1,3,0,0,1,4,2,0,1,12,30
0,8,9,0,1,0,176,3,23,0,1,8,3,4,0,429,1,4,451,6,1,10,21,33,15,2,4,90,0,14,8,5,157,18,3,6,28,0,5,26,15,10,3,67,8,15,892,1,6,0,9,0,6,6,701,2,6,22,1,1,38
0,46,6,0,1,0,2,0,4,0,0,191,0,1,0,8,0,38,25,0,0,4,2,0,110,0,0,1,0,0,0,2,0,4,650,0,42,0,713,60,0,0,0,2,15,10,0,0,0,9,8,0,373,34,4,0,0,24,1,0,0
0,0,14,0,0,2,0,105,0,1,4,1,0,4,1,0,0,0,4,0,0,2,11,2,1,0,0,1,0,9,0,43,8,39,0,5,0,1,4,0,0,3,0,1,1,4,0,6,0,0,4,0,1,2,1,0,1,1,3,2,3
0,0,3,12,34,0,0,0,0,0,0,12,61,5,0,0,106,5,1,35,4,0,0,11,0,8,9,0,3,1,8,12,4,0,0,2,0,0,0,0,130,14,54,0,1,1,0,0,4,0,0,211,0,0,0,1,17,0,0,1060,1
0,0,0,0,0,15,0,0,0,14,0,0,0,0,37,0,0,0,0,0,0,0,0,0,0,153,0,0,0,0,0,21,0,0,0,0,0,451,0,0,0,2,0,0,0,0,0,0,0,0,0,0,0,0,0,129,0,0,0,0,0
4,1,10,3,1,2,1,8,2,6,61,1,3,0,13,0,1,1,0,0,17,6,26,19,1,7,0,6,11,82,1,233,1,166,0,15,1,34,0,8,20,16,4,0,1,12,3,76,1,0,2,1,1,0,1,239,1,6,9,1,0
101,0,4,9,166,9,0,8,0,3,2,3,16,165,3,1,2172,33,1,303,31,0,0,4,0,16,11,0,10,27,23,34,2,0,0,14,2,28,0,0,367,1,140,0,1,1,0,8,16,1,0,221,0,1,1,72,29,0,3,283,3
12,2,72,3,8,4,0,31,1,7,11,1,4,4,2,2,66,33,0,19,49,1,27,4,10,1,21,2,8,676,2,49,24,106,1,4,10,1,0,28,34,7,366,3,2,8,1,16,12,2,6,20,0,2,0,26,70,2,5,56,15
1,0,1,0,3,2,8,4,1,0,19,1,30,6,0,3,94,382,3,6,4,1,4,1,0,9,24,20,0,7,6,8,4,0,0,2,9,0,0,0,13,2,240,22,2,1,2,275,32,3,1,4,1,3,224,12,254,1,0,29,4
0,421,63,0,0,0,140,0,5,0,12,12,1,1,0,81,0,7,35,0,0,186,22,1,513,0,2,154,0,22,33,0,3,91,96,0,99,0,98,394,0,0,1,73,10,17,216,1,1,6,306,0,40,50,10,0,0,603,3,1,20
0,0,77,0,0,0,0,2,13,0,0,17,0,0,0,0,0,3,1,0,0,58,0,0,0,0,0,1,0,0,245,0,4,11,12,1,0,0,3,0,0,0,0,0,61,76,0,0,4,0,0,1,6,16,6,0,0,0,43,1,287
0,0,2,0,4,0,0,0,3,0,1,0,1,0,0,1,0,0,0,0,0,1,1,0,1,0,52,0,2,0,0,2,5,0,0,0,0,0,1,1,4,0,7,0,0,1,0,0,22,0,0,0,0,0,0,0,6,0,0,1,5
0,0,6,1,17,0,4,2,7,0,2,2,3,0,0,9,6,2,1,1,0,1,0,1,4,0,274,12,0,6,0,3,28,7,0,1,3,0,0,8,16,1,13,6,2,8,0,0,206,1,4,0,1,0,1,0,8,4,1,5,29
0,0,0,0,0,0,0,0,0,0,1,0,1,0,0,0,0,0,0,0,0,0,0,0,0,0,11,0,0,0,0,0,0,0,0,0,3,0,0,0,1,0,0,0,2,1,0,0,17,0,1,0,0,0,0,0,0,0,0,0,0
1,0,1,9,22,0,0,16,0,1,1,6,2,4,1,1,1,0,0,1,36,0,0,469,0,0,7,0,12,26,2,443,32,1,0,6,0,1,0,0,56,3,9,0,0,9,0,7,14,0,0,51,0,0,1,1,0,0,1,8,1
0,16,8,0,0,0,170,0,8,0,0,1,0,1,0,406,0,1,424,0,0,4,7,6,19,0,0,30,0,12,1,0,56,5,6,1,9,0,10,22,1,0,0,27,0,4,459,0,0,1,8,0,2,3,286,1,0,28,1,0,2
0,28,2,0,0,0,3,1,2,0,189,6,20,6,0,2,0,39,1,0,0,7,87,0,214,0,1,145,0,42,0,0,0,0,45,0,415,0,25,15,0,0,0,77,0,2,0,1,0,100,417,0,4,307,1,0,0,77,0,0,1
5,0,0,2,11,3,0,13,0,2,0,0,0,7,0,0,1,0,0,6,2036,0,0,2,0,1,1,0,4,33,0,13,0,1,0,3,0,8,0,0,5,5,14,3,0,0,0,3,0,0,0,13,0,0,0,6,0,0,0,0,0
2,0,182,0,0,3,3,8,0,0,12,0,2,1,5,0,1,3,1,0,1,1,42,4,0,4,0,2,1,4,3,99,3,105,0,1,0,2,0,0,7,85,53,1,3,266,1,11,0,0,2,5,0,1,0,14,1,0,244,0,3
1,0,3,2,38,0,0,4,0,0,4,1,16,423,0,0,348,17,0,62,1,0,3,1,0,129,18,0,2,0,118,21,4,0,0,3,28,0,0,0,416,5,29,0,0,1,3,0,8,0,0,109,0,0,2,1,20,0,4,110,90
0,0,0,4336,252,0,0,1,0,0,0,0,0,0,0,0,0,0,0,0,1,0,0,0,0,0,2,0,1711,0,0,0,0,0,0,2921,0,0,0,0,1,0,0,0,0,0,0,0,0,0,0,0,0,0,0,0,0,0,0,3,0
3,1,2,2,0,0,2,6,3,0,15,2,7,1,3,0,1,8,0,0,17,4,29,12,4,8,1,6,18,11,0,38,5,15,0,13,1,4,0,12,3,98,1,1,0,7,1,514,1,0,0,0,2,1,2,6,1,1,22,0,4
0,14,4,0,0,0,3,0,7,0,305,0,53,0,120,1,0,25,0,0,0,3,6,3,7,0,5,19,5,2,7,1,1,1,5,2,9,0,1,30,3,4,9,2,5,6,3,359,7,13,19,0,5,2,8,0,31,17,7,0,2
0,73,94,0,0,0,100,0,20,0,187,1,64,52,0,30,0,76,40,3,0,115,187,1,216,1,2,573,0,294,30,13,6,59,13,1,282,0,25,184,6,36,3,491,6,33,295,1,138,108,518,1,1,185,6,0,26,294,4,20,128
2,82,234,0,4,2,206,14,30,0,387,7,100,268,1,54,3,336,124,41,1,77,247,5,234,9,109,775,1,261,29,142,30,133,31,2,421,0,44,284,169,91,36,723,7,100,64,6,118,157,436,3,11,201,31,2,212,457,3,52,636
0,1,0,0,0,0,388,0,125,0,1383,0,773,28,0,3,0,439,2,0,0,5,969,1,8,0,5,189,1,81,1,3,16,0,1,2,644,0,1,8,14,1,0,78,0,7,10,0,20,1320,147,1,0,179,4,0,66,17,0,0,9
0,0,0,0,0,12,0,0,0,8,85,0,1,0,18,3,0,0,0,0,0,0,1,6,0,109,0,0,0,0,0,32,0,0,0,0,0,498,0,0,2,6,0,0,0,0,2,0,0,0,0,0,0,0,0,398,0,0,0,0,0
10,0,28,3,1,0,0,16,1,16,3,1,0,1,149,0,0,2,1,0,17,1,113,3,1,10,1,0,9,24,1,296,12,866,0,4,0,13,0,1,5,1237,75,3,1,145,1,117,1,0,2,0,0,1,1,62,0,0,762,0,1
0,0,0,3,445,0,0,50,0,0,0,0,1,1647,0,0,64,2,1,1478,27,0,0,4,0,6,1,0,15,1,345,323,8,0,0,5,0,3,0,0,252,7,10,0,2,0,0,7,2,0,0,855,0,0,0,10,1,0,26,22,14
0,7,250,0,3,0,2,5,37,0,5,191,11,1,0,8,1,432,6,2,0,195,1,22,14,1,24,8,2,4,1368,2,32,31,105,0,80,0,179,9,1,3,56,11,224,472,2,2,22,9,3,165,58,729,43,0,342,2,142,17,325
0,0,30,0,47,1,0,14,35,0,7,10,4,0,0,29,6,14,1,3,3,1,2,30,0,0,1428,7,3,3,13,0,599,2,1,9,8,0,0,6,111,2,151,3,5,23,0,11,376,4,7,8,0,12,3,3,555,3,1,90,3
0,0,35,0,122,4,5,293,207,0,10,12,16,7,0,141,94,119,2,21,8,11,2,16,2,5,2113,16,2,4,27,3,216,1,2,11,7,1,5,9,401,1,312,12,11,13,6,118,1738,2,8,10,1,11,5,5,376,6,1,60,19
0,0,1,0,8,0,0,16,13,0,12,5,1,28,0,78,10,13,0,2,1,1,3,3,0,8,485,3,3,1,6,0,0,1,0,5,2,0,0,0,99,0,22,3,0,5,2,2,399,6,3,0,0,0,4,0,31,0,0,5,6
0,0,1,0,1,0,7,0,6,0,4,1,6,0,0,9,3,79,5,0,0,5,1,1,1,0,102,5,0,0,4,0,1,0,2,0,6,0,1,3,2,0,27,14,4,6,1,142,84,2,0,1,1,6,8,0,111,7,0,0,2
0,103,112,0,0,0,2,0,45,0,0,20,0,0,0,3,0,0,7,1,0,820,0,0,13,0,0,16,0,1,176,0,2,137,74,0,3,0,37,34,0,1,2,8,122,41,1,0,0,1,0,0,59,6,2,0,1,20,159,1,106
0,1,1,0,0,0,0,0,3,0,0,5,0,0,0,4,0,5,7,0,0,12,0,0,1,0,0,2,0,0,5,0,0,1,38,0,6,0,48,1,0,0,0,1,340,90,0,0,0,2,0,0,14,94,1,0,0,0,2,0,0
1,1,3,0,0,0,0,392,0,2,3,1,0,1,7,0,0,1,0,0,27,0,41,11,1,6,1,1,4,35,0,39,2,177,1,5,2,4,1,5,2,57,1,305,0,15,0,785,0,0,4,0,3,5,1,35,0,2,18,0,4
0,0,1,169,171,0,0,72,0,0,0,7,2,4,0,1,0,0,0,1,8,0,1,13,0,0,3,0,253,2,1,24,6,0,0,119,1,0,0,0,14,0,6,0,1,0,0,13,3,0,1,34,0,1,1,0,1,0,3,13,2
0,0,0,15,299,0,0,16,0,0,0,0,4,187,0,0,16,0,0,502,17,0,0,0,0,0,4,0,6,6,5,10,0,0,0,0,0,1,0,0,281,0,6,0,0,0,0,1,0,0,0,1040,0,0,0,1,0,0,0,191,1
0,37,44,5,102,0,13,843,160,0,55,81,91,31,2,8,28,34,27,16,3,28,52,22,21,0,28,85,9,10,92,21,16,50,43,5,52,0,19,107,172,8,45,25,157,30,5,73,20,41,140,23,45,14,20,2,53,94,105,20,24
0,110,23,0,3,50,396,3,272,0,10,29,6,2,0,740,1,15,1060,11,0,29,68,941,29,0,9,40,0,23,6,2,758,10,34,2,37,0,34,22,3,67,37,56,14,44,367,2,2,19,4,0,54,36,295,137,286,24,12,8,8
1618,0,0,0,0,1283,0,0,0,2250,0,0,0,0,1459,0,0,0,0,0,100,0,0,6,0,654,0,0,2,5,0,2,0,0,0,0,0,38,0,0,0,1,0,0,0,0,0,1,0,0,0,0,0,0,0,51,0,0,0,0,0
2,0,0,0,0,25,0,0,0,24,0,0,0,0,45,0,0,0,0,0,7,0,0,1,0,704,0,0,0,0,0,3,0,0,0,0,0,1417,0,0,0,2,0,0,0,0,0,1,0,0,0,0,0,0,0,6,0,0,0,0,0
17,1,2,2,2,18,0,21,0,36,10,0,0,1,36,0,0,0,0,0,36,1,34,90,1,22,0,2,6,200,0,434,0,192,0,13,0,204,0,3,34,82,3,4,0,8,0,136,0,0,5,0,3,0,1,1876,0,1,0,0,2
19,0,1,19,1020,12,0,94,0,9,0,8,10,674,6,0,399,22,0,932,54,0,0,9,0,8,20,0,25,102,142,172,1,1,0,16,0,119,0,0,610,1,73,0,1,1,0,13,12,1,0,1129,0,0,1,40,13,0,2,92,1
36,0,0,1,28,17,0,7,0,21,0,0,0,16,3,0,1,0,0,40,367,0,0,1,0,2,0,0,3,79,0,4,0,8,0,1,0,7,0,1,14,3,17,1,0,0,0,5,0,0,0,30,0,0,0,27,0,0,0,1,0
0,5,24,0,0,0,4,0,8,0,2,7,0,0,0,2,0,3,1,4,0,32,2,1,13,0,0,37,0,20,7,0,3,34,10,0,21,0,19,8,3,2,1,48,24,40,4,0,0,2,10,0,6,37,11,0,3,6,11,5,52
0,0,12,0,2,0,2,0,6,0,0,25,1,0,0,2,0,3,10,0,0,113,3,8,0,0,4,32,0,18,26,0,4,12,1,0,1,0,1,5,0,2,3,16,20,50,3,0,3,0,0,2,0,5,66,0,3,2,11,0,77
0,3,3,0,1,1,34,1,5,0,95,3,60,12,0,6,0,14,15,1,0,22,68,2,7,0,10,372,0,432,3,0,3,1,1,1,63,0,0,12,40,0,7,306,3,6,34,0,17,41,34,0,0,7,58,0,9,14,0,0,72
4,1,5,0,16,7,1,12,1,2,5,19,6,14,0,0,22,38,0,30,331,2,2,69,0,1,11,1,1,14,16,17,3,7,0,0,1,1,0,0,12,171,844,1,6,4,3,9,8,0,1,18,0,2,5,5,86,0,0,103,5
0,0,15,0,0,0,0,1,12,0,2,1084,1,0,0,2,0,26,3,0,1,4,5,63,1,0,8,3,0,1,80,2,320,10,3,0,3,0,48,3,0,4,13,2,298,428,1,0,7,2,2,2,12,228,59,3,28,1,8,97,27
0,0,0,0,0,0,71,1,1,0,106,0,669,1,1,21,0,29,0,0,0,3,254,0,1,0,3,50,0,20,4,0,6,0,0,14,21,0,0,3,2,1,1,13,0,2,140,0,5,89,43,0,1,4,24,3,4,3,0,0,2
832,0,0,0,1,1306,0,5,0,568,1,0,2,0,322,161,0,3,0,0,55,0,0,2,0,378,0,0,2,4,0,5,0,0,0,0,1,44,0,0,1,0,28,1,0,1,0,2,0,0,0,1,0,0,0,34,1,0,0,1,5
0,0,0,0,0,8,0,0,0,2,1,0,0,0,5,5,1,1,0,0,1,0,0,0,0,42,1,0,0,0,0,1,0,0,0,0,0,76,0,0,0,0,1,0,0,0,0,0,0,0,0,0,0,0,0,4,1,0,0,0,0
