0.60527,0.39471,0.13048,0.94222,0.35965,0.46724,0.22462,0.40114,0.30511,0.75042,0.458,0.49952,0.37755,0.45651,0.65675,0.30409,0.63127,0.1864,0.43164,0.41185,0.62049,0.31463,0.42273,0.48588,0.32052,0.30565,0.43507,0.27661,0.79568,0.26479,0.44263,0.16284,0.325,0.28767,0.29109,0.90319,0.2623,0.47855,0.29344,0.2993,0.17985,0.58607,0.3033,0.29203,0.30262,0.2122,0.33189,0.29209,0.53073,0.60572,0.20852,0.28691,0.30515,0.3088,0.33301,0.58261,0.21602,0.30123,0.31733,0.42742,0.24338
0.40882
0,101,58,0,0,0,13,0,537,0,0,149,0,0,0,54,0,0,76,0,0,84,0,0,19,0,0,0,0,0,10,0,0,21,390,0,1,0,430,45,0,0,0,1,138,11,7,0,0,73,3,0,693,2,22,0,0,25,97,2,2
0,911,8,0,0,0,2,0,3,0,4,39,0,1,0,4,0,1,2,0,0,24,5,0,817,0,0,32,0,1,8,0,0,16,87,0,33,0,65,724,1,0,0,3,1,0,1,0,0,5,260,0,90,8,1,0,0,835,0,0,5
0,149,121,0,0,0,8,0,23,0,0,53,0,0,0,10,0,7,35,7,0,189,1,0,131,0,0,17,0,0,28,2,8,185,253,1,13,0,244,119,0,0,1,17,56,31,4,0,0,8,15,0,309,69,2,0,2,85,47,16,38
0,5,131,0,0,0,3,0,110,0,0,51,0,0,0,6,0,3,29,0,0,159,0,2,1,0,1,3,0,0,20,0,19,7,146,0,0,0,298,4,0,0,1,0,729,126,0,0,0,154,0,0,235,9,122,0,1,0,546,0,17
0,116,20,0,0,0,2,0,7,0,0,26,0,0,0,1,0,0,2,0,0,91,0,0,15,0,0,1,0,0,21,0,0,17,113,0,0,0,17,107,0,0,0,0,3,0,1,0,0,0,6,0,121,0,2,0,0,33,7,0,0
0,20,256,0,3,0,23,6,34,0,1,47,0,11,2,21,2,35,56,43,1,312,2,10,92,0,20,40,0,3,134,106,18,420,103,5,33,0,68,96,6,23,43,70,87,200,14,2,20,7,19,3,102,86,26,0,32,77,62,100,384
2,1,1,5,6,1,1,6,0,0,0,0,4,4,2,0,5,2,0,2,6,0,2,15,0,1,4,1,6,4,0,32,1,5,0,5,3,3,0,2,40,2,5,2,1,7,0,5,1,0,0,6,0,0,1,4,2,0,1,13,29
0,9,8,0,2,0,167,3,27,0,1,10,1,4,0,473,1,3,460,3,1,8,17,30,13,2,4,86,1,12,7,5,175,17,3,7,32,0,6,26,18,13,5,65,8,13,846,1,7,0,7,0,9,7,691,1,7,19,1,1,39
0,43,7,0,0,0,2,0,5,0,0,192,0,1,0,7,0,36,26,0,0,4,2,0,108,0,0,1,0,0,0,2,0,4,657,0,42,0,716,61,0,0,1,2,13,9,0,0,0,8,11,0,367,32,4,0,0,25,2,0,0
0,0,14,0,0,2,0,103,1,1,5,1,0,4,0,0,0,0,4,0,0,2,4,2,1,0,0,1,0,11,0,47,8,44,0,3,0,2,4,1,0,3,0,1,1,4,0,6,0,0,3,0,1,2,1,0,1,0,3,1,3
0,0,4,11,34,0,0,0,0,0,0,9,64,5,0,0,108,5,1,34,3,0,0,13,0,8,10,0,3,1,8,12,3,0,0,2,0,0,0,0,130,13,53,0,2,1,0,0,2,0,0,215,0,0,0,1,16,0,0,1057,2
0,0,0,0,0,16,0,0,0,14,0,0,0,0,35,0,0,0,0,0,0,0,0,0,0,151,0,0,0,0,0,22,0,0,0,0,0,448,0,0,0,5,0,0,0,0,0,0,0,0,0,0,0,0,0,131,0,0,0,0,0
4,1,10,3,2,2,1,6,4,7,62,1,3,0,13,0,0,1,0,0,22,4,22,18,1,7,1,6,9,95,1,231,3,161,0,13,1,38,0,7,15,16,4,1,1,10,3,80,1,0,1,1,1,0,1,236,1,4,9,1,0
102,0,6,8,174,7,0,8,0,1,1,3,16,162,1,1,2176,30,1,298,35,0,0,3,0,19,11,0,11,30,21,33,2,0,0,18,2,27,0,0,366,1,132,0,2,1,0,5,17,0,0,228,0,1,0,71,34,0,3,278,3
12,2,63,5,5,4,0,33,1,7,14,1,2,4,2,2,69,35,0,18,46,2,14,1,12,1,20,4,9,685,3,49,27,116,1,5,10,1,0,33,35,9,359,4,2,9,1,13,12,1,5,19,0,3,0,26,71,1,4,57,10
2,0,1,0,2,1,7,4,2,0,19,1,27,6,1,2,96,383,3,8,4,1,5,1,2,9,24,27,0,5,6,9,4,0,0,0,9,0,0,0,11,1,243,23,3,2,1,275,30,1,0,4,0,3,223,14,257,1,0,22,3
0,429,56,0,0,0,138,0,6,0,12,13,2,1,0,82,0,8,34,0,0,185,22,2,506,0,2,150,0,19,35,0,4,94,94,0,105,0,96,393,0,2,1,66,12,17,217,1,1,7,304,0,40,47,15,0,0,608,4,1,19
0,0,78,0,0,0,0,2,12,0,0,14,0,0,0,0,0,3,1,0,0,61,0,0,0,0,0,1,0,0,223,0,1,10,11,1,0,0,3,0,0,0,0,0,67,72,0,0,4,0,0,1,5,14,8,0,0,0,45,0,312
0,0,3,0,3,0,0,0,1,0,1,0,1,0,0,1,0,0,0,0,0,1,1,0,1,0,55,0,2,0,0,1,4,0,0,1,0,0,1,1,4,0,8,0,0,0,0,0,23,0,0,0,0,0,0,0,6,0,0,1,4
0,0,6,2,15,0,4,2,11,0,1,1,3,0,0,10,6,2,1,1,0,1,0,2,3,0,278,14,1,6,0,3,18,7,0,1,4,0,0,9,19,1,14,5,2,9,0,0,203,1,4,0,2,0,0,1,6,4,1,5,28
0,0,0,0,0,0,0,0,0,0,1,0,1,0,0,0,0,0,0,0,0,0,0,0,0,0,11,0,0,0,0,0,0,0,0,0,3,0,0,0,2,0,0,0,1,1,0,0,17,0,1,0,0,0,0,0,0,0,0,0,0
1,0,1,6,25,0,0,16,0,1,1,4,2,4,1,1,1,0,0,1,38,0,0,469,0,0,7,0,12,26,1,447,24,1,0,8,0,1,0,0,53,4,9,0,0,9,0,7,15,0,0,49,0,0,1,1,0,0,1,14,1
0,18,7,0,0,0,159,0,8,0,0,1,0,1,0,415,0,0,426,0,0,5,7,5,20,0,0,31,0,9,1,0,60,4,5,3,10,0,10,23,1,1,0,27,0,4,445,0,0,1,7,0,3,3,291,1,0,31,1,0,2
0,25,2,0,1,0,3,0,2,0,189,6,20,8,0,2,0,39,1,0,0,7,87,0,215,0,1,153,0,42,0,0,0,0,42,0,413,0,25,14,0,0,0,77,0,2,0,1,0,95,434,0,4,295,1,0,0,75,0,0,1
6,0,0,1,15,4,0,12,0,2,0,0,0,7,0,0,1,0,0,5,2029,0,0,3,0,1,1,0,4,34,0,14,0,1,0,3,0,7,0,0,5,5,16,3,0,0,0,3,0,0,0,12,0,0,0,7,0,0,0,0,0
2,0,175,0,0,2,4,9,1,1,13,0,2,1,5,0,1,5,1,0,1,2,47,1,0,3,1,1,0,4,3,102,3,106,0,1,1,1,0,0,6,77,52,3,3,268,2,10,0,0,2,6,0,2,0,15,2,0,243,0,2
1,0,3,2,41,0,0,4,0,0,4,0,17,423,0,0,347,16,0,65,1,0,2,2,0,120,17,0,2,0,122,21,3,0,0,3,27,0,0,0,411,6,30,0,0,1,4,0,8,0,0,107,0,0,2,1,19,0,3,121,89
0,0,0,4338,241,0,0,1,0,0,0,0,0,0,0,0,0,0,0,0,1,0,0,0,0,0,1,0,1694,0,0,0,0,0,0,2948,0,0,0,0,1,0,0,0,0,0,0,0,0,0,0,0,0,0,0,0,0,0,0,3,0
3,0,2,6,0,0,2,6,3,2,16,0,4,1,3,0,1,7,0,0,20,4,35,9,3,9,1,3,18,11,0,40,4,16,0,12,0,4,0,13,4,97,4,1,0,9,1,501,3,1,3,0,3,1,2,5,1,1,22,0,2
0,15,4,0,0,0,4,0,7,0,306,0,52,0,118,3,0,26,0,0,0,2,6,3,6,0,5,20,5,2,7,1,1,2,5,2,8,0,1,29,3,3,10,2,6,6,2,367,7,13,17,0,5,2,8,0,27,16,6,0,1
1,70,94,0,0,0,97,0,21,0,182,1,61,56,0,30,0,71,35,3,0,113,181,0,221,0,2,574,0,242,30,14,9,66,13,0,304,0,25,183,7,32,3,510,7,34,367,1,115,102,514,1,2,180,5,0,28,295,4,21,115
1,88,233,0,6,4,207,13,25,0,391,8,103,261,1,57,3,327,113,50,1,80,241,6,243,10,113,777,0,243,33,143,33,153,31,4,436,0,43,288,167,92,36,747,7,93,68,6,111,158,435,2,9,186,32,2,205,457,3,53,607
0,1,0,0,0,0,384,0,121,0,1374,0,777,26,0,3,0,433,2,0,0,4,982,1,8,0,5,195,1,80,0,4,16,0,1,1,645,0,1,7,12,1,0,79,0,8,16,0,20,1312,155,1,0,181,7,0,62,16,0,0,8
0,0,0,0,0,14,0,0,0,8,79,0,1,0,19,3,0,0,0,0,0,0,1,4,0,114,0,0,0,0,0,34,0,0,0,0,0,500,0,0,1,5,0,0,0,0,2,0,0,0,0,0,0,0,0,396,0,0,0,0,0
13,0,26,1,1,0,0,15,0,21,4,0,0,1,147,0,0,3,1,0,15,2,141,3,1,10,1,0,15,18,0,316,12,863,0,4,0,14,0,1,3,1195,82,4,1,151,1,119,1,0,1,0,0,1,1,62,0,0,747,0,0
0,0,0,4,436,0,0,56,0,0,0,0,1,1648,0,0,60,2,1,1495,27,0,0,5,0,7,1,0,16,0,345,325,6,0,0,5,0,2,0,0,259,3,8,0,0,1,0,7,2,0,0,848,0,0,0,8,1,0,23,22,13
0,6,255,0,2,0,2,6,35,0,5,190,11,1,0,6,1,415,9,3,0,200,1,21,13,0,29,7,3,4,1327,2,26,31,102,0,82,0,170,8,1,0,69,14,238,522,2,3,23,9,3,149,62,726,41,0,343,1,137,16,334
0,0,32,0,48,3,0,12,39,0,7,6,2,0,0,23,6,15,1,5,3,3,3,22,2,0,1437,9,3,1,12,0,562,5,1,7,6,0,1,5,124,2,150,2,6,20,0,9,391,3,6,10,0,10,3,2,577,1,1,87,2
0,0,33,0,113,3,7,279,187,1,7,12,16,8,0,122,88,119,3,28,9,10,2,13,2,6,2134,9,3,4,27,3,197,3,2,21,11,0,4,11,413,1,316,12,11,15,3,125,1805,3,8,11,1,10,7,5,349,6,1,47,19
0,0,1,0,8,0,0,17,12,0,10,8,3,27,0,61,10,12,0,0,1,1,4,4,0,7,508,3,3,1,5,0,0,1,0,11,1,0,0,0,98,0,22,3,0,3,1,2,399,6,3,0,0,0,3,0,27,0,0,4,6
0,0,1,0,3,0,5,0,9,0,5,1,4,0,0,6,3,82,4,0,0,7,1,1,1,0,104,7,0,0,4,0,2,0,2,0,7,0,1,3,2,0,24,14,3,4,0,148,80,1,0,1,2,7,10,0,108,4,0,0,1
0,100,112,0,0,0,2,1,43,0,0,23,0,0,0,3,0,0,7,0,0,830,0,0,13,0,0,18,0,0,170,0,2,133,71,0,3,0,35,34,0,0,2,6,120,42,1,0,0,1,0,0,56,6,3,0,1,19,162,1,116
0,1,1,0,0,0,0,0,4,0,0,5,0,0,0,2,0,6,7,0,0,12,0,0,1,0,0,2,0,0,5,0,0,1,35,0,6,0,51,1,0,0,0,1,338,92,1,0,0,3,0,0,14,91,1,0,0,0,3,0,0
1,2,4,0,0,0,0,406,0,2,3,0,0,1,9,0,0,1,0,0,28,0,21,7,1,5,1,1,3,38,0,39,3,170,1,7,2,3,1,5,4,59,1,298,0,15,0,805,0,0,6,0,2,4,1,31,0,2,15,1,3
0,0,1,169,168,0,0,69,0,0,0,5,2,4,0,1,0,0,0,1,10,0,1,13,0,0,3,0,249,3,1,26,5,1,0,121,1,0,0,0,17,0,7,0,0,1,0,12,4,0,1,34,0,0,1,0,0,0,3,17,1
0,0,0,17,295,0,0,16,0,0,0,0,3,184,0,0,16,0,0,510,17,0,0,0,0,0,4,0,3,4,5,15,0,0,0,1,0,1,0,0,282,0,6,0,0,0,0,1,0,0,0,1029,0,0,0,1,1,0,0,197,1
0,40,43,4,106,1,12,842,157,0,61,72,85,28,2,10,27,37,28,14,4,29,49,20,23,0,28,84,9,8,90,20,13,54,40,6,49,0,18,108,181,6,51,31,151,35,6,73,21,38,142,21,57,18,23,1,50,78,106,21,25
0,147,18,0,2,49,396,2,274,0,9,28,4,3,0,714,1,16,1064,12,0,28,65,912,28,0,9,32,0,21,7,2,780,11,33,2,38,0,38,21,3,89,38,59,14,45,351,1,2,20,5,0,54,38,275,137,299,25,11,7,11
1630,0,0,0,0,1286,0,0,0,2228,0,0,0,0,1479,0,0,0,0,0,97,0,0,4,0,647,0,0,2,7,0,4,0,0,0,0,0,37,0,0,0,0,0,0,0,0,0,0,0,0,0,0,0,0,0,49,0,0,0,0,0
2,0,0,0,0,24,0,0,0,27,0,0,0,0,43,0,0,0,0,0,7,0,0,1,0,703,0,0,0,0,0,3,0,0,0,0,0,1417,0,0,0,2,0,0,0,0,0,1,0,0,0,0,0,0,0,7,0,0,0,0,0
22,0,1,2,4,21,0,22,0,35,9,0,0,1,35,0,0,1,0,0,39,1,29,97,1,23,0,4,6,216,0,425,0,191,0,14,0,213,0,3,29,71,4,4,0,6,0,132,0,0,2,0,3,0,2,1869,0,2,0,0,0
18,0,1,19,1016,9,0,95,0,7,0,8,9,669,5,1,396,20,0,946,59,0,0,8,0,9,18,0,27,111,144,161,1,1,0,16,0,116,0,0,614,2,61,0,1,0,0,14,14,1,0,1133,0,0,1,45,14,0,2,91,1
36,0,0,1,29,16,0,6,0,21,0,0,0,13,3,0,1,0,0,39,369,0,0,2,0,2,0,0,4,78,0,3,0,7,0,1,0,6,0,1,14,2,15,1,0,0,0,5,0,0,0,32,0,0,1,32,0,0,0,1,0
0,4,27,0,0,0,4,1,8,0,2,7,0,0,0,5,0,2,2,3,0,32,2,0,15,0,0,37,0,18,7,0,3,32,9,0,21,0,19,8,2,2,1,48,24,38,4,0,0,2,10,0,8,37,12,0,2,7,11,6,50
0,0,12,0,2,0,2,1,5,0,0,23,1,0,0,2,0,3,9,1,0,109,3,9,0,0,3,32,0,18,27,0,5,12,1,0,1,0,1,5,0,2,4,16,21,51,3,0,4,0,0,2,0,5,65,0,2,2,11,0,79
0,3,3,0,1,1,33,0,5,0,89,3,62,15,0,8,0,15,15,1,0,22,59,3,8,0,10,367,0,435,3,0,2,2,1,0,66,0,0,14,35,1,4,320,3,8,36,0,17,40,33,0,0,6,57,0,9,13,0,0,71
3,1,3,0,15,10,1,13,1,2,3,18,6,15,0,0,19,42,0,34,322,0,2,66,0,2,10,1,3,14,16,20,3,6,0,0,2,1,0,1,13,184,845,3,6,3,2,11,8,0,1,21,0,2,8,4,78,0,0,93,6
0,0,15,0,0,0,0,1,8,0,2,1038,1,0,0,4,0,21,5,0,1,5,4,62,1,0,6,4,0,2,78,2,325,3,4,0,5,0,48,2,0,5,14,2,320,448,1,0,6,2,1,2,10,251,63,3,24,0,6,94,24
0,0,0,0,0,0,68,0,1,0,106,0,685,1,1,31,0,29,0,0,0,2,249,0,1,0,3,54,0,16,3,0,5,0,0,1,22,0,0,3,2,1,1,11,0,2,135,0,7,90,37,0,1,6,29,3,4,4,0,0,2
831,0,1,0,1,1305,0,5,0,579,1,0,0,0,321,156,1,3,0,0,51,0,1,2,0,382,0,0,2,5,0,3,0,0,0,0,1,43,0,0,0,0,31,0,0,1,0,4,0,0,0,1,0,0,0,31,1,0,0,1,3
0,0,0,0,0,8,0,0,0,2,0,0,0,0,4,5,1,1,0,0,2,0,0,0,0,42,1,0,0,0,0,2,0,0,0,0,0,76,0,0,0,0,0,0,0,0,0,0,0,0,0,0,0,0,0,5,1,0,0,0,0
