0.60882,0.37611,0.14182,0.94409,0.37623,0.48415,0.25554,0.37926,0.29657,0.75567,0.49755,0.52627,0.32552,0.44274,0.65286,0.29278,0.61799,0.31197,0.40485,0.49702,0.61527,0.31282,0.37751,0.49006,0.37603,0.32037,0.41834,0.28635,0.74827,0.20188,0.46504,0.14004,0.32025,0.36317,0.29198,0.88739,0.2574,0.46682,0.31383,0.28073,0.17416,0.57334,0.31933,0.28837,0.31517,0.31149,0.37097,0.2523,0.48881,0.55096,0.21598,0.2917,0.3005,0.31017,0.32699,0.54408,0.15464,0.28224,0.33131,0.40653,0.26741
0.41099
0,93,59,0,0,0,20,0,527,0,0,154,0,0,0,67,0,0,74,0,0,79,0,0,18,0,0,3,0,0,6,0,0,32,395,0,0,0,436,43,0,0,0,2,134,11,15,0,0,81,2,0,665,2,23,0,0,26,94,1,2
0,888,9,0,0,0,2,0,2,0,2,56,1,0,0,4,0,1,4,0,0,26,8,0,957,0,0,36,0,1,4,1,0,14,83,0,47,0,69,676,1,0,0,14,1,1,2,0,0,8,283,0,95,11,1,0,0,685,0,0,4
0,136,128,0,0,0,11,0,24,0,0,62,0,0,0,15,0,3,57,0,0,175,3,0,113,0,0,27,0,1,15,11,3,170,240,1,13,0,236,140,0,0,0,29,51,68,3,1,0,8,18,0,294,69,3,0,3,80,39,19,35
0,4,124,0,0,0,3,1,101,0,0,51,0,0,0,13,0,0,36,0,0,177,0,3,1,0,0,6,0,0,28,0,14,26,151,0,0,0,293,7,0,0,1,0,746,101,0,0,0,152,0,0,197,10,132,0,0,0,534,1,25
0,112,20,0,0,0,3,0,7,0,0,33,0,0,0,1,0,0,1,0,0,86,0,0,17,0,0,2,0,0,9,0,0,27,104,0,0,0,19,113,0,0,0,0,2,0,1,0,0,0,6,0,130,0,2,0,1,27,6,0,0
0,14,273,0,5,1,34,9,39,0,1,48,1,7,1,25,4,8,67,0,0,294,4,7,56,0,26,62,0,4,177,233,11,208,107,2,33,0,50,178,9,21,22,114,99,220,17,1,21,7,21,0,87,79,23,0,36,70,55,99,396
3,1,1,6,3,1,0,2,0,1,0,0,6,3,3,1,11,2,0,0,6,0,5,17,0,0,4,2,12,0,1,31,1,3,0,5,1,2,0,2,35,1,8,1,0,2,0,7,3,0,0,6,0,0,1,3,1,0,1,13,33
0,5,9,0,1,0,180,1,21,0,1,6,7,3,0,402,1,2,401,1,1,15,16,32,8,2,5,91,1,17,6,10,179,10,3,9,27,0,6,36,15,11,3,76,11,8,943,1,6,2,34,0,4,4,687,1,8,14,4,0,35
0,61,11,0,0,0,2,0,4,0,0,167,0,0,0,6,0,18,29,0,0,4,1,0,102,0,0,0,0,0,0,5,0,1,659,0,47,0,735,64,1,0,0,7,14,27,0,0,0,4,1,0,367,32,3,0,0,15,2,1,0
0,0,11,0,0,1,0,105,0,1,3,3,0,3,0,0,0,2,5,0,0,2,13,0,1,0,0,1,1,38,0,48,7,10,0,2,0,2,3,0,0,6,0,1,0,6,0,4,0,0,3,0,1,2,2,0,0,2,3,1,2
0,0,2,11,43,1,0,1,0,0,0,15,60,5,0,0,120,3,1,30,2,0,0,10,0,5,10,0,4,0,6,8,3,0,0,2,0,0,0,0,132,9,37,1,2,1,0,3,2,0,0,233,0,0,0,1,34,0,0,1033,0
0,0,0,0,0,16,0,0,0,13,0,0,0,0,39,0,0,0,0,0,0,0,0,0,0,142,0,0,0,1,0,18,0,1,0,0,0,459,0,0,0,3,0,0,0,0,0,0,0,0,0,0,0,0,0,130,0,0,0,0,0
4,0,8,3,2,0,1,7,1,5,57,1,3,0,10,0,0,3,0,0,19,3,20,9,3,8,0,7,19,224,0,228,2,92,0,8,1,38,0,9,3,24,9,2,1,9,1,60,1,0,6,1,1,0,1,222,1,3,5,1,0
100,0,4,9,194,4,0,7,1,2,1,3,14,170,1,3,2137,34,1,250,46,0,0,3,0,21,13,0,10,18,20,23,3,0,0,11,2,26,0,0,370,1,129,0,1,0,0,8,16,0,0,236,0,1,0,99,29,12,2,311,3
9,2,79,7,8,3,0,29,2,7,12,0,2,5,3,1,61,22,0,11,93,1,16,1,10,0,22,7,14,602,3,42,24,14,0,2,13,1,0,37,35,8,458,6,2,7,0,41,13,3,4,50,0,1,0,28,79,3,5,39,12
4,0,1,0,1,0,21,7,3,0,17,0,50,8,0,2,95,371,3,9,6,2,4,1,1,16,27,16,0,10,5,9,6,0,0,0,6,0,0,0,28,1,184,13,3,1,9,217,36,2,1,4,0,2,246,11,236,1,0,81,11
0,405,63,0,0,0,127,0,6,0,9,18,5,1,0,64,0,15,51,0,0,176,36,2,514,0,1,181,0,21,8,1,2,81,82,0,124,0,103,323,0,6,1,110,7,22,241,1,1,2,372,0,55,52,13,0,0,526,3,1,18
0,0,63,0,0,0,0,1,11,0,0,12,0,0,0,0,0,1,1,0,0,52,0,0,0,0,0,3,1,0,352,0,3,17,21,0,0,0,3,0,0,0,0,0,60,47,0,0,4,0,0,1,5,14,5,0,0,0,40,2,230
0,0,2,0,3,0,0,0,3,0,1,1,1,0,0,1,0,0,0,0,0,1,1,0,0,0,56,0,2,1,0,1,5,0,0,0,0,0,1,2,4,0,1,0,0,0,0,1,24,0,0,0,0,0,0,0,6,0,0,1,5
0,0,7,0,9,0,5,7,10,0,1,5,2,0,0,8,7,3,0,0,0,1,1,1,2,0,274,12,1,4,0,6,19,0,0,2,3,0,0,16,16,1,13,8,2,3,0,2,207,2,3,0,1,0,0,1,7,4,1,6,34
0,0,0,0,0,0,0,0,0,0,2,0,0,0,0,1,0,0,0,0,0,0,1,0,0,0,11,0,0,0,0,1,0,0,0,0,3,0,0,0,0,0,0,0,1,0,0,0,16,0,1,0,0,0,0,0,1,0,0,0,0
2,0,1,7,28,0,0,17,0,1,1,6,2,4,1,1,1,0,0,1,46,0,0,508,0,0,7,0,13,7,3,311,35,1,0,6,0,1,0,0,48,2,10,0,1,1,0,103,11,0,0,62,0,0,2,1,0,0,2,8,1
0,16,8,0,0,1,173,0,7,0,0,2,1,1,0,388,0,0,379,0,0,5,7,5,16,0,0,29,0,10,1,1,57,0,7,1,10,0,11,25,2,0,0,42,0,6,496,0,0,1,19,0,2,3,287,1,0,23,1,0,2
0,134,1,0,0,0,3,0,1,0,162,5,39,9,0,2,0,92,1,0,0,6,89,0,219,0,1,112,0,37,0,0,0,0,48,0,400,0,26,11,0,0,0,82,0,5,1,1,0,110,249,0,4,352,1,0,1,75,0,0,3
5,0,0,2,11,4,0,11,0,3,0,0,0,6,0,0,1,0,0,3,2039,0,0,3,0,1,1,0,6,12,0,12,0,0,0,2,0,6,0,0,5,3,30,3,0,0,0,2,0,0,0,22,0,0,0,8,0,0,0,0,0
2,0,164,0,0,2,2,7,1,1,11,0,2,0,5,0,1,1,1,0,2,1,50,5,0,2,3,1,0,12,1,114,3,103,0,0,0,3,0,1,5,73,51,3,3,289,2,7,0,0,0,2,1,0,0,15,2,0,236,1,1
1,0,1,2,42,0,0,1,0,0,2,1,19,404,0,4,365,13,0,77,1,0,1,1,0,120,14,0,3,0,97,21,3,0,0,4,28,0,0,0,445,3,25,0,0,1,4,2,7,0,0,104,0,0,2,1,23,1,5,107,90
0,0,0,4610,231,0,0,1,0,0,0,0,1,0,0,0,0,0,0,0,1,0,0,0,0,0,2,0,1620,0,0,0,0,0,0,2758,0,0,0,0,1,0,0,0,0,0,0,0,0,0,0,0,0,0,0,0,0,0,0,3,0
5,0,4,5,0,0,2,3,3,1,17,0,7,1,3,0,0,8,0,0,21,6,42,13,3,18,2,4,25,14,0,25,6,29,1,15,1,4,0,9,4,142,7,4,0,3,3,402,0,0,2,0,5,0,5,7,2,1,29,2,4
0,10,3,0,0,1,0,0,7,0,307,2,52,0,119,1,1,21,1,0,1,3,8,2,6,0,7,26,6,2,5,1,2,0,5,1,10,0,2,32,7,7,3,1,7,1,5,358,7,17,24,0,7,2,7,0,26,10,5,0,3
0,127,82,0,1,0,99,0,16,0,177,2,93,68,0,26,0,137,43,0,0,110,232,0,215,0,3,551,0,260,10,19,8,26,12,0,299,0,21,100,8,30,3,481,7,57,147,2,275,102,511,1,3,198,4,0,34,262,4,22,154
2,99,231,1,5,3,208,13,28,0,305,7,135,255,0,59,4,365,137,4,0,79,318,5,195,12,115,778,1,272,19,169,31,33,26,2,419,1,37,295,213,83,17,744,11,142,59,5,122,125,455,3,6,200,37,2,234,395,3,49,672
0,40,2,0,0,0,382,0,148,0,1526,0,639,46,0,5,0,730,5,0,0,4,957,1,12,0,7,127,1,59,1,17,12,0,3,1,635,0,1,3,10,1,0,66,0,11,8,0,20,1065,100,2,0,204,5,0,72,13,0,0,9
2,0,0,0,0,13,0,0,0,7,73,0,1,0,19,3,0,0,0,0,0,0,1,3,0,97,0,0,0,0,0,41,0,6,0,0,0,516,0,0,0,5,1,1,0,0,2,0,0,0,0,0,0,0,0,390,0,0,0,0,0
15,0,15,0,0,0,0,14,0,16,4,1,0,1,147,0,0,3,1,1,23,1,131,6,0,9,2,0,15,33,1,287,11,917,0,4,0,16,0,2,1,1200,109,4,2,142,1,56,1,0,1,0,1,0,1,57,0,0,763,2,1
0,0,0,4,447,0,0,37,0,0,0,0,1,1589,0,0,57,1,1,1752,27,0,0,3,0,6,1,0,19,0,339,342,8,1,0,9,0,3,0,1,232,2,11,0,2,1,0,36,0,0,0,622,0,0,0,14,0,0,32,24,13
0,6,223,0,1,0,2,6,32,0,6,162,28,3,0,11,1,85,11,0,0,186,2,21,7,0,25,30,2,3,1543,1,27,35,113,0,91,0,122,7,2,1,37,9,161,851,3,36,28,8,3,143,68,732,37,1,383,3,77,25,266
0,0,33,0,48,3,2,15,39,0,7,10,4,0,0,41,7,10,1,1,4,4,3,31,3,0,1610,6,7,4,10,0,583,0,1,5,10,0,1,16,116,2,105,3,8,9,0,26,374,5,4,7,0,7,3,0,405,4,1,80,9
0,0,44,0,107,6,7,319,219,0,9,15,21,10,0,221,87,94,2,11,6,10,6,13,1,6,2103,11,7,5,33,2,207,1,2,5,13,1,3,18,362,1,307,8,9,8,4,187,1660,7,9,9,1,9,7,5,347,18,0,60,22
0,0,1,0,11,0,0,21,33,0,10,6,3,28,0,142,8,8,0,1,1,0,5,5,0,8,459,3,9,1,7,1,0,0,0,1,2,0,0,2,94,0,9,0,0,0,2,3,355,7,2,0,0,0,3,0,33,0,0,7,5
0,0,1,0,2,0,6,2,7,0,6,2,13,0,0,7,2,61,2,0,0,4,0,2,1,0,103,8,0,1,6,0,1,0,1,0,11,0,1,3,4,0,17,5,5,8,1,207,75,2,0,3,2,1,8,0,75,3,0,1,2
0,104,99,0,0,0,1,0,37,0,0,20,0,0,0,1,0,0,11,0,0,798,0,0,11,0,0,43,0,1,178,1,2,158,72,0,3,0,28,48,0,0,0,15,119,49,2,0,0,2,2,0,63,6,2,0,3,12,123,1,121
0,0,1,0,0,0,0,0,3,0,0,5,0,0,0,4,0,2,7,0,0,12,0,0,1,0,0,2,0,0,2,0,0,1,32,0,7,0,41,2,0,0,0,1,352,94,0,0,0,4,0,0,17,91,1,0,0,0,2,0,0
1,2,7,0,0,0,0,407,0,1,3,1,0,2,9,1,0,6,0,0,23,1,28,15,0,5,1,0,7,176,0,34,3,77,3,1,4,2,0,10,1,95,3,311,0,15,0,685,0,1,3,1,3,3,0,34,0,2,23,0,2
0,0,0,172,154,0,0,70,0,0,1,10,2,3,0,1,3,0,0,3,12,0,0,15,0,0,3,0,280,1,1,20,6,1,0,101,1,0,0,1,10,0,6,1,1,0,1,15,4,0,1,34,0,0,0,0,0,0,4,12,2
0,0,0,18,327,0,0,19,0,0,0,0,2,199,0,0,16,0,0,417,14,0,0,0,0,0,4,0,6,2,6,14,0,0,0,3,0,1,0,0,248,0,7,0,0,0,0,1,0,0,0,1146,0,0,0,2,1,0,0,155,1
0,38,33,6,99,1,11,790,140,0,61,65,80,33,2,10,30,50,32,17,2,27,78,26,18,0,26,97,15,16,98,21,14,33,42,6,68,0,15,103,177,13,42,24,164,28,4,60,23,48,121,20,53,15,20,1,56,84,155,26,19
0,57,22,0,2,72,484,5,264,0,10,34,15,4,0,722,0,9,951,6,0,28,54,961,24,0,11,34,0,21,6,1,775,13,36,3,40,0,33,35,2,57,27,55,19,35,399,4,5,21,3,0,53,40,302,159,285,19,16,6,11
1740,0,0,0,0,1117,0,0,0,2298,0,0,0,0,1482,0,0,0,0,0,100,0,0,5,0,629,0,0,2,2,0,1,0,0,0,0,0,44,0,0,0,0,1,0,0,0,0,1,0,0,0,0,0,0,0,48,0,0,0,0,0
2,0,0,0,0,25,0,0,0,27,0,0,0,0,42,0,0,0,0,1,7,0,0,1,0,725,0,0,0,0,0,3,0,0,0,0,0,1393,0,0,0,1,0,0,0,0,0,1,0,0,0,0,0,0,0,9,0,0,0,0,0
24,1,1,0,2,14,0,24,0,37,9,0,0,2,38,1,0,2,0,0,46,0,39,66,0,22,1,2,19,364,0,369,1,342,0,6,0,214,0,2,6,93,8,4,0,4,1,105,0,0,0,0,4,0,1,1660,0,2,1,0,2
24,0,2,20,1111,10,0,94,0,6,0,10,7,673,7,1,407,26,1,888,75,0,0,8,0,9,20,0,29,70,144,106,1,1,0,19,0,121,0,0,573,0,67,0,1,0,0,15,11,1,0,1149,0,0,2,68,14,7,1,84,1
33,0,0,0,37,15,0,6,0,22,0,0,0,12,3,0,1,0,0,29,371,0,0,1,0,0,0,0,3,59,1,4,0,1,0,2,0,6,0,1,13,1,34,1,0,0,0,5,0,0,0,48,0,0,0,31,0,0,0,1,0
0,3,26,0,0,0,6,1,9,0,0,7,2,2,0,3,0,1,2,0,0,34,4,2,8,0,0,36,0,22,14,3,3,25,6,0,15,0,13,4,3,3,0,46,22,52,5,0,2,3,14,0,9,41,11,0,3,6,6,5,50
0,0,14,0,2,0,2,0,6,0,0,18,1,0,0,2,0,2,9,0,0,109,8,10,0,0,4,28,0,20,40,0,4,8,0,0,2,0,2,11,1,3,1,19,24,26,3,0,6,0,0,2,0,6,63,0,2,2,10,1,83
0,2,4,0,1,1,27,0,3,0,99,3,67,14,0,7,0,42,14,0,0,21,91,3,2,0,11,286,0,515,2,0,2,0,0,0,50,0,0,15,35,1,4,244,6,2,30,0,36,32,52,0,1,9,57,0,16,12,0,0,80
2,1,4,0,14,9,2,14,1,2,1,17,6,11,1,1,26,35,0,12,265,0,3,63,0,1,14,2,2,17,15,12,3,3,0,0,2,1,0,1,11,176,874,2,5,4,3,36,9,0,1,25,0,1,7,5,127,1,0,85,8
0,0,24,0,0,1,0,2,11,0,1,1162,0,2,0,1,0,5,6,0,0,4,5,70,0,0,14,3,0,1,94,2,326,4,2,0,6,0,31,2,0,3,8,5,300,353,2,3,10,2,1,1,7,156,63,0,29,1,10,164,26
0,0,0,0,0,0,66,2,0,0,150,0,567,2,1,30,1,38,0,0,0,4,244,0,0,0,3,42,0,17,1,0,4,0,0,109,20,1,0,2,2,0,0,11,1,0,122,0,5,99,34,0,1,5,21,3,3,3,0,0,2
878,0,0,0,1,1252,0,5,0,588,1,0,1,0,329,151,2,3,0,0,51,0,0,2,0,360,0,0,3,4,0,2,0,0,0,0,0,47,0,0,0,0,46,1,0,1,0,4,0,0,0,2,0,0,0,29,1,0,0,0,3
0,0,0,0,0,9,0,0,0,2,1,0,0,0,5,5,1,2,0,0,3,0,0,0,0,39,1,0,0,0,0,2,0,0,0,0,0,75,0,0,0,0,1,0,0,0,0,0,0,0,0,0,0,0,0,4,0,0,0,0,0
