0.60667,0.39223,0.1289,0.94284,0.35681,0.46966,0.22061,0.40067,0.29305,0.75195,0.4508,0.4904,0.38091,0.45046,0.65383,0.29679,0.63309,0.1863,0.43106,0.40972,0.61905,0.31202,0.43313,0.49127,0.32056,0.29781,0.43934,0.27981,0.79469,0.27231,0.44437,0.16089,0.32907,0.29084,0.28923,0.90432,0.26187,0.48131,0.29419,0.30174,0.18238,0.58995,0.30366,0.29329,0.297,0.20937,0.32429,0.2837,0.53341,0.60811,0.20838,0.28846,0.30263,0.30647,0.33818,0.5796,0.23487,0.30589,0.31464,0.4208,0.24911
0.40868
0,100,61,0,0,0,15,0,531,0,0,156,0,0,0,53,0,0,76,0,0,83,0,0,19,0,0,0,0,0,10,0,0,20,399,0,0,0,429,46,0,0,0,1,139,13,7,0,0,71,3,0,690,1,20,0,0,25,92,2,2
0,899,10,0,0,0,2,1,3,0,4,38,0,1,0,3,0,1,2,0,0,26,5,0,820,0,0,32,0,1,8,0,0,15,83,1,32,0,66,729,1,0,0,2,1,0,2,0,0,4,255,0,89,9,1,0,0,847,0,0,4
0,150,120,0,0,0,8,0,21,0,0,50,0,0,0,13,0,8,36,6,0,191,1,0,135,0,0,16,0,0,29,2,7,187,254,1,13,0,227,119,0,0,1,19,55,31,4,0,0,8,15,0,319,72,4,0,3,85,44,15,35
0,3,132,0,0,0,3,0,110,0,0,48,0,0,0,6,0,3,30,0,0,157,0,3,1,0,0,3,0,0,20,0,19,9,145,0,0,0,302,4,0,0,1,0,722,128,0,0,0,157,0,0,241,12,113,0,2,0,548,0,16
0,112,20,0,0,0,1,0,8,0,0,26,0,0,0,0,0,0,2,0,0,93,0,0,16,0,0,1,0,0,21,0,0,16,118,0,0,0,19,110,0,0,0,0,3,0,1,0,0,0,6,0,117,0,1,0,0,31,7,0,0
0,21,252,0,4,0,24,8,36,0,1,47,0,11,2,18,1,33,54,48,1,301,2,8,88,0,22,41,2,3,126,110,20,411,100,4,33,0,71,94,6,26,42,68,91,199,15,1,21,7,18,3,101,85,25,0,33,78,74,105,391
2,1,1,4,4,1,1,4,0,2,0,0,5,3,1,0,7,2,0,2,8,0,2,15,0,0,3,1,7,4,0,35,0,4,0,6,2,4,0,2,40,3,4,1,1,6,0,4,2,1,0,5,0,0,1,4,2,0,1,12,31
0,7,9,0,2,0,177,2,26,0,1,8,1,5,0,481,1,3,456,3,1,12,20,31,12,2,4,89,0,13,7,5,173,17,4,9,31,0,4,26,19,13,4,65,11,11,813,1,7,0,6,0,8,7,698,1,9,28,1,0,38
0,41,6,0,1,0,4,0,5,0,0,196,0,1,0,7,0,36,24,0,0,4,2,0,109,0,0,1,0,0,0,2,0,4,658,0,43,0,709,62,0,0,1,2,13,11,0,0,0,9,11,0,363,35,4,0,0,25,1,0,0
0,0,5,0,0,1,0,104,1,0,4,1,0,3,0,0,0,0,4,0,1,2,2,2,1,0,0,1,0,12,0,51,11,43,0,4,0,2,4,0,0,4,0,1,2,3,0,9,0,0,3,0,0,2,1,0,1,1,5,2,2
0,0,4,10,35,0,0,0,0,0,0,9,61,5,0,0,104,6,1,36,2,0,0,16,0,8,10,0,3,2,8,13,3,0,0,2,0,0,0,0,124,12,60,0,3,1,0,0,3,0,0,211,0,0,0,2,15,0,0,1060,1
0,0,0,0,0,17,0,0,0,13,0,0,0,0,35,0,0,0,0,0,0,0,0,0,0,153,0,0,0,1,0,19,0,0,0,0,0,453,0,0,0,3,0,0,0,0,0,0,0,0,0,0,0,0,0,128,0,0,0,0,0
3,2,8,3,1,1,0,8,1,6,64,1,3,0,12,0,0,1,0,0,24,8,11,23,2,8,0,6,9,104,1,231,3,157,0,15,1,36,0,9,16,16,4,1,1,11,3,70,0,0,1,1,1,0,1,244,1,3,9,1,0
100,0,7,8,161,7,0,8,1,2,2,3,15,171,2,4,2162,36,1,309,31,0,0,3,0,16,11,0,10,31,23,33,1,0,0,16,2,28,0,0,356,0,141,0,2,0,0,7,21,1,0,225,0,1,0,74,30,0,3,281,3
11,3,39,3,6,3,0,33,2,6,13,1,2,4,3,2,66,31,0,19,48,1,10,2,14,1,21,4,7,720,3,51,33,102,1,3,10,1,0,29,34,8,370,4,2,8,1,18,14,1,5,17,0,3,0,30,63,1,4,56,12
1,0,1,0,3,1,8,5,2,0,16,0,27,8,0,2,87,385,2,5,5,1,5,1,0,8,27,24,1,6,6,9,4,0,0,0,7,0,0,0,10,1,245,24,3,1,1,283,35,1,1,4,0,3,221,12,258,1,0,22,5
0,433,59,0,0,0,138,0,6,0,13,13,1,1,0,91,0,7,34,0,0,187,22,2,513,0,1,147,0,21,34,0,4,95,92,0,109,0,92,390,0,2,1,64,11,16,209,1,2,5,289,0,43,47,16,0,0,615,3,1,20
0,0,79,0,0,0,0,2,14,0,0,16,0,0,0,0,0,3,1,0,0,63,0,0,0,0,0,1,0,0,208,0,3,12,10,1,0,0,3,0,0,0,0,0,64,78,0,0,3,0,0,1,5,17,6,0,0,0,48,0,311
0,0,2,0,3,0,0,0,1,0,1,0,1,0,0,1,0,0,0,0,0,1,1,0,1,0,52,0,2,0,0,1,5,0,0,1,0,0,1,1,4,0,8,0,0,0,0,0,23,0,0,0,0,0,0,0,8,0,0,2,4
0,0,8,0,15,0,4,2,10,0,1,1,3,0,0,9,5,2,1,1,0,1,0,2,3,0,285,13,0,6,0,4,13,7,0,2,3,0,0,8,16,1,14,4,2,10,0,1,203,2,4,0,2,0,1,1,5,4,1,7,30
0,0,0,0,0,0,0,0,0,0,1,0,1,0,0,0,0,0,0,0,0,0,0,0,0,0,11,0,0,0,0,0,0,0,0,0,3,0,0,0,1,0,0,0,2,1,0,0,17,0,1,0,0,0,0,0,0,0,0,0,0
0,0,2,8,23,0,0,15,0,1,1,3,2,5,2,1,2,0,0,2,35,0,0,439,0,0,7,1,10,27,1,450,52,1,0,7,0,1,0,0,53,3,7,0,0,14,0,10,15,0,0,50,0,0,0,1,0,0,1,10,1
0,20,7,0,0,0,163,0,8,0,0,1,0,1,0,410,0,0,435,0,0,5,8,3,20,0,0,30,0,9,1,0,62,4,5,3,11,0,10,23,1,1,0,26,0,4,424,0,0,1,8,0,2,3,299,1,0,33,1,0,3
0,26,3,0,1,0,4,0,2,0,198,5,20,4,0,2,0,39,1,0,0,7,86,0,212,0,1,150,0,39,0,0,0,1,45,0,422,0,25,15,0,0,0,75,0,1,0,1,0,94,429,0,4,291,1,0,0,77,0,0,1
5,0,0,2,13,3,0,13,0,2,0,0,0,6,0,0,1,0,0,6,2028,0,0,3,0,1,1,0,4,35,0,16,0,1,0,3,0,7,0,0,5,4,15,3,0,0,0,3,0,0,0,13,0,0,0,8,0,0,0,0,0
2,0,183,0,0,3,4,9,0,0,15,0,2,1,6,1,1,4,1,0,1,2,49,2,0,2,2,1,0,3,2,106,1,106,0,1,1,1,0,0,5,76,51,1,4,272,2,9,0,0,1,5,1,1,0,13,2,0,234,0,3
1,0,4,2,40,0,1,5,0,0,3,0,17,420,0,0,352,19,0,62,1,0,2,0,0,121,17,0,1,0,115,23,1,0,0,3,30,0,0,0,413,7,25,0,0,1,3,1,7,0,0,105,0,0,2,1,20,0,6,125,89
0,0,0,4355,241,0,0,1,0,0,0,0,0,0,0,0,0,0,0,0,1,0,0,0,0,0,1,0,1676,0,0,0,0,0,0,2949,0,0,0,0,1,0,0,0,0,0,0,0,0,0,0,0,0,0,0,0,0,0,0,3,0
3,0,3,3,0,0,2,5,3,1,13,0,5,1,4,1,1,7,0,0,19,5,21,10,3,15,1,5,18,13,0,39,1,16,0,12,0,4,0,10,4,85,5,2,0,8,1,526,1,0,2,0,2,1,2,7,2,1,23,0,3
0,13,3,0,0,0,2,0,7,0,311,0,52,0,120,3,0,23,0,0,0,2,4,2,7,0,5,19,6,1,6,2,2,3,6,2,10,0,1,29,3,2,10,3,4,6,4,359,7,13,21,0,5,2,9,0,28,15,7,0,2
0,76,95,0,0,0,97,0,18,0,190,1,57,62,0,28,0,74,32,3,0,115,180,1,219,0,2,580,0,241,33,16,8,68,12,0,298,0,23,187,6,33,3,504,7,33,369,1,112,101,512,1,2,187,6,0,28,278,4,20,119
1,87,234,0,6,2,216,12,24,0,390,8,104,276,1,47,3,330,115,51,1,79,241,5,238,10,118,786,0,236,34,146,32,141,28,2,425,0,38,272,167,95,36,747,8,96,65,7,106,149,439,3,12,197,35,2,209,443,4,54,632
0,1,0,0,0,0,386,0,123,0,1356,0,790,29,0,5,0,435,1,0,0,5,991,1,10,0,7,196,1,77,0,4,16,0,1,1,640,0,1,8,14,1,0,73,0,4,16,0,18,1305,163,1,0,184,7,0,58,14,0,0,7
0,0,0,0,0,12,0,0,0,8,85,0,1,0,20,3,0,0,0,0,1,0,2,7,0,110,0,0,0,0,0,34,0,0,0,0,0,499,0,0,1,5,0,0,0,0,3,0,0,0,0,0,0,0,0,390,0,0,0,0,0
12,0,26,3,1,0,0,16,1,19,4,0,0,1,150,0,0,1,1,0,18,1,144,5,1,8,3,0,10,22,0,328,4,860,0,7,0,17,0,1,4,1197,78,4,4,143,1,112,1,0,0,0,0,2,1,61,0,0,746,0,0
0,0,0,4,460,0,0,52,0,0,0,0,1,1632,0,0,62,2,1,1484,27,0,0,4,0,7,1,0,16,1,344,329,0,0,0,6,0,1,0,0,259,3,9,0,2,0,0,8,2,0,0,850,0,0,0,9,1,0,26,22,12
0,6,245,0,3,0,2,7,37,0,6,201,13,2,0,7,1,422,7,2,0,203,1,20,14,0,24,8,3,2,1314,1,28,32,108,0,82,0,173,7,1,1,72,13,240,505,2,4,27,7,2,155,54,734,39,0,330,1,142,20,336
0,2,35,0,45,3,0,11,52,0,7,9,4,0,0,24,5,15,1,3,3,2,3,19,3,0,1404,5,4,1,12,1,530,3,1,6,7,0,1,6,117,3,144,2,7,22,0,9,400,3,5,11,1,11,3,2,621,0,0,95,4
0,0,44,0,122,3,6,279,204,1,9,12,14,7,0,126,83,109,3,28,9,9,3,12,2,5,2169,9,3,4,26,5,169,3,1,18,9,0,3,11,398,1,307,16,12,11,4,137,1828,2,7,8,2,12,7,6,300,5,2,60,20
0,0,1,0,9,0,0,15,14,0,10,8,3,25,0,54,11,15,0,1,1,1,4,3,0,9,521,3,3,1,5,0,0,1,0,9,1,0,0,0,100,0,20,3,0,5,3,2,389,5,4,0,0,0,3,0,24,0,0,4,6
0,0,2,0,2,0,7,0,10,0,4,1,5,0,0,5,2,78,3,0,0,5,1,1,1,0,108,6,0,0,5,0,1,0,1,0,6,0,1,3,1,0,29,15,4,3,0,146,85,2,0,1,1,8,9,0,103,4,0,0,3
0,86,112,0,0,0,3,0,45,0,0,24,0,0,0,3,0,0,7,0,0,820,0,0,13,0,0,17,0,0,180,0,2,139,71,0,3,0,30,37,0,0,2,6,120,43,0,0,0,1,0,0,64,8,4,0,2,18,162,1,113
0,1,1,0,0,0,0,0,4,0,0,5,0,0,0,2,0,7,7,0,0,12,0,0,1,0,0,2,0,0,7,0,0,1,38,0,7,0,48,1,0,0,0,0,336,87,0,0,0,3,0,0,15,96,1,0,0,0,2,0,0
1,4,4,0,0,0,0,408,0,2,3,0,0,1,9,0,0,1,0,0,26,0,16,8,1,6,1,1,5,45,0,36,1,175,2,5,1,2,1,5,2,64,1,306,0,14,0,785,0,1,5,0,2,4,1,35,0,2,15,1,4
0,0,1,169,165,0,0,69,0,0,0,5,2,4,0,1,0,0,0,1,9,0,1,14,0,0,4,0,251,1,1,28,3,1,0,120,1,0,0,0,18,0,6,0,1,0,1,14,3,0,1,32,0,1,0,0,0,0,3,20,1
0,0,0,17,298,0,0,16,0,0,0,0,3,183,0,0,15,0,0,507,16,0,0,0,0,0,4,0,5,6,6,13,0,0,0,1,0,1,0,0,285,1,7,0,0,0,0,1,0,0,0,1032,0,0,0,1,1,0,0,189,1
0,41,47,5,101,2,12,835,156,0,58,81,89,30,2,12,26,38,30,13,4,29,42,20,24,0,27,80,10,11,88,20,11,56,45,6,51,0,20,111,178,10,49,30,154,29,4,77,18,37,144,23,54,15,17,2,54,80,104,18,26
0,147,20,0,2,52,396,2,291,0,12,27,2,3,0,693,0,19,1063,14,0,28,64,928,29,0,8,34,0,18,4,2,772,10,33,2,38,0,44,21,2,80,32,59,16,41,359,1,5,20,4,0,55,36,277,132,297,25,11,10,10
1618,0,0,0,0,1285,0,0,0,2219,0,0,0,0,1494,0,0,0,0,0,97,0,0,5,0,650,0,0,2,3,0,3,0,0,0,0,0,39,0,0,0,0,0,0,0,0,0,0,0,0,0,0,0,0,0,55,0,0,0,0,0
2,0,0,0,0,23,0,0,0,25,0,0,0,0,45,0,0,0,0,0,7,0,0,1,0,693,0,0,0,0,0,3,0,0,0,0,0,1429,0,0,0,1,0,0,0,0,0,1,0,0,0,0,0,0,0,7,0,0,0,0,0
19,0,1,1,3,19,0,21,0,35,11,0,0,0,38,1,0,1,0,0,37,1,28,105,0,24,0,3,5,223,0,432,0,174,1,14,0,198,0,3,31,78,3,4,0,7,1,127,0,0,3,0,3,0,2,1875,0,1,3,0,3
18,0,2,21,1008,10,0,90,0,7,0,8,10,669,4,1,396,20,0,939,61,0,0,5,0,12,19,0,28,107,145,159,0,0,0,18,0,117,0,0,617,0,62,0,2,0,0,13,10,1,0,1140,0,1,1,49,17,0,3,93,1
37,0,0,1,28,15,0,6,0,24,0,0,0,14,3,0,1,0,0,41,368,0,0,2,0,1,0,0,3,81,0,5,0,5,0,1,0,6,0,1,13,2,15,1,0,0,0,5,0,0,0,31,0,0,0,30,0,0,0,1,0
0,5,27,0,0,0,4,1,7,0,2,6,0,0,0,4,0,3,4,3,0,32,2,1,16,0,0,37,0,18,7,0,2,36,10,0,23,0,18,7,2,2,1,48,22,39,4,0,0,2,8,0,8,37,11,0,2,8,10,5,48
0,0,12,0,2,0,2,1,6,0,0,23,1,0,0,2,0,3,10,1,0,107,3,9,0,0,3,32,0,18,25,0,4,10,0,0,1,0,1,5,1,2,3,17,22,54,3,0,4,0,0,2,2,5,64,0,3,2,13,0,76
0,3,3,0,1,1,33,0,5,0,90,3,61,13,0,8,0,15,16,2,0,20,58,2,8,0,10,367,0,439,2,0,1,1,1,0,62,0,0,16,39,1,3,317,3,8,36,0,16,38,37,0,0,6,61,0,8,13,0,0,72
2,2,2,0,15,9,1,12,2,1,5,17,6,17,0,0,19,41,0,30,329,0,1,71,0,2,10,1,2,15,16,22,3,5,0,0,1,1,0,1,12,179,846,2,5,2,2,10,10,0,1,20,0,2,6,6,72,0,1,99,7
0,0,13,0,0,0,0,1,14,0,1,1022,1,2,0,5,0,26,4,0,1,4,3,71,1,0,8,3,0,2,70,1,337,4,2,0,5,0,45,3,0,3,13,3,330,429,1,0,7,3,1,1,11,252,56,3,27,1,7,102,24
0,0,0,0,0,0,69,0,1,0,102,0,687,2,1,31,0,27,0,0,0,3,247,0,1,0,3,53,0,16,4,0,4,0,0,0,19,0,0,4,2,0,1,11,0,2,143,0,5,91,42,0,1,5,27,3,3,4,0,0,2
829,0,0,0,1,1257,0,5,0,575,1,0,2,0,326,160,0,3,0,0,54,0,0,2,0,412,0,0,2,5,0,5,0,1,0,0,1,45,0,0,1,0,35,0,0,1,0,3,0,0,0,1,0,0,0,35,1,0,0,1,3
0,0,0,0,0,6,0,0,0,2,0,0,0,0,5,5,1,1,0,0,1,0,0,0,0,43,1,0,0,0,0,2,0,0,0,0,0,77,0,0,0,0,0,0,0,0,0,0,0,0,0,0,0,0,0,5,1,0,0,0,0
