0.60254,0.39809,0.13145,0.9436,0.35888,0.46856,0.22359,0.39905,0.2982,0.75588,0.46333,0.49884,0.37378,0.45593,0.65308,0.30982,0.63026,0.18761,0.42463,0.41062,0.62038,0.30976,0.4108,0.48402,0.3233,0.3048,0.43505,0.27612,0.80362,0.26348,0.44626,0.16453,0.31959,0.29192,0.29267,0.90507,0.26432,0.48229,0.28974,0.30033,0.18158,0.59122,0.31108,0.28803,0.30377,0.20594,0.34191,0.29171,0.52575,0.60809,0.20796,0.28459,0.31314,0.30475,0.33624,0.58583,0.20186,0.29953,0.32042,0.4295,0.2503
0.40903
0,101,58,0,0,0,15,0,529,0,0,149,0,0,0,58,0,0,72,0,0,81,0,0,19,0,0,0,0,0,11,0,1,22,383,0,1,0,433,48,0,0,0,1,139,13,7,0,0,71,3,0,703,1,21,0,0,24,95,2,3
0,916,9,0,0,0,2,1,3,0,3,41,0,1,0,4,0,1,2,0,0,25,4,0,827,0,0,34,0,1,8,0,0,16,82,1,30,0,69,722,1,0,0,3,1,0,1,0,0,4,259,0,88,11,2,0,0,821,0,0,4
0,149,119,0,0,0,8,0,25,0,0,52,0,0,0,10,0,8,40,6,0,190,0,0,130,0,0,15,0,0,34,3,7,180,251,1,13,0,243,119,0,0,1,19,56,31,4,0,0,8,15,0,308,71,2,0,2,85,49,15,35
0,5,127,0,0,0,3,0,106,0,0,51,0,0,0,8,0,3,31,0,0,165,0,3,1,0,1,3,0,0,23,0,19,8,146,0,0,0,301,4,0,0,1,0,733,126,0,0,0,149,0,0,227,10,120,0,0,0,548,0,16
0,116,20,0,0,0,1,0,7,0,0,26,0,0,0,1,0,0,2,0,0,86,0,0,14,0,0,1,0,0,22,0,0,17,114,0,0,0,17,108,0,0,0,0,3,0,1,0,0,0,6,0,128,0,1,0,0,31,7,0,0
0,21,260,0,3,0,28,9,37,0,1,55,0,10,1,23,2,30,64,41,1,302,2,12,84,0,22,42,1,3,143,105,13,406,99,4,30,0,76,93,6,23,39,75,87,196,15,2,17,6,20,4,93,82,23,0,33,82,70,101,389
2,1,2,5,3,0,1,6,0,3,0,0,3,3,1,0,8,2,0,4,8,0,2,14,0,1,4,2,7,3,0,34,2,4,0,3,2,2,0,2,40,2,6,1,0,6,0,3,2,0,0,6,0,0,1,5,2,0,1,11,31
0,8,9,0,1,0,177,2,26,0,1,8,2,4,0,440,1,2,466,6,0,13,19,32,15,2,3,91,0,12,6,5,156,17,4,6,33,0,5,25,18,10,7,61,8,13,877,1,8,1,9,0,6,6,693,1,6,24,1,0,35
0,44,7,0,0,0,2,0,4,0,0,197,0,1,0,7,0,37,27,0,0,4,2,0,110,0,0,1,0,0,0,2,0,4,655,0,42,0,709,61,0,0,1,2,14,11,0,0,0,9,7,0,365,36,4,0,0,24,1,0,0
0,0,14,0,0,2,0,105,1,1,2,1,0,4,0,0,0,0,4,0,0,2,13,1,1,0,0,1,1,9,0,41,7,42,0,3,0,2,4,0,0,3,0,1,1,3,0,7,0,0,4,0,1,3,1,0,1,1,3,2,3
0,0,5,11,38,1,0,0,0,0,0,13,60,5,0,0,107,4,1,32,3,0,0,10,0,7,8,0,4,1,8,14,4,0,0,2,0,0,0,1,129,13,51,0,1,1,0,0,3,0,0,211,0,0,0,1,20,0,0,1060,1
0,0,0,0,0,17,0,0,0,13,0,0,0,0,37,0,0,0,0,0,0,0,0,0,0,150,0,0,0,0,0,22,0,0,0,0,0,444,0,0,0,4,0,0,0,0,0,0,0,0,0,0,0,0,0,135,0,0,0,0,0
4,1,10,3,2,4,1,8,2,6,65,2,3,0,12,0,0,1,0,0,18,7,27,22,1,9,1,6,10,89,1,232,2,158,0,13,1,35,0,8,15,17,3,1,1,12,3,76,1,0,2,1,1,0,1,233,0,4,10,1,0
101,0,5,10,170,8,0,7,1,1,3,3,14,164,2,1,2170,33,1,311,32,0,0,4,0,19,13,0,7,29,18,31,2,0,0,14,1,28,0,0,358,1,145,0,1,1,0,6,16,1,0,222,0,1,1,69,32,0,3,286,3
11,3,75,3,8,4,0,34,1,6,12,1,3,5,3,2,63,33,0,19,47,1,28,4,11,1,17,2,9,684,3,42,25,109,1,5,8,1,0,29,35,9,362,5,2,8,2,16,14,2,5,18,0,3,0,21,70,1,6,54,13
1,0,2,0,3,2,9,4,1,0,18,0,29,6,1,3,97,391,4,6,4,1,5,1,2,9,25,24,0,5,8,9,4,0,0,1,6,0,0,0,14,1,229,25,2,1,2,277,34,1,1,4,0,3,215,12,253,0,0,30,3
0,431,61,0,0,0,143,0,6,0,13,14,2,1,0,80,0,7,36,0,0,190,23,1,514,0,1,153,0,20,35,0,3,90,91,0,101,0,99,394,0,2,1,73,10,17,210,2,2,5,301,0,39,47,12,0,0,596,3,1,20
0,0,77,0,0,0,0,2,12,0,0,16,0,0,0,0,0,2,1,0,0,60,0,0,0,0,0,1,0,0,232,0,2,10,11,1,0,0,3,0,0,0,0,0,65,79,0,0,3,0,0,1,6,17,6,0,0,0,41,0,301
0,0,2,0,3,0,0,0,2,0,1,0,1,0,0,1,0,0,0,0,0,1,1,0,1,0,54,0,2,0,0,2,5,0,0,1,0,0,1,1,4,0,8,0,0,0,0,0,22,0,0,0,0,0,0,0,6,0,0,1,4
0,0,6,2,17,0,4,1,8,0,1,2,3,0,0,9,6,1,1,1,0,1,1,1,3,0,275,14,0,6,0,3,27,7,0,1,3,0,0,9,19,1,17,6,1,9,0,0,200,2,4,0,2,0,0,0,7,4,1,5,26
0,0,0,0,0,0,0,0,0,0,1,0,1,0,0,0,0,0,0,0,0,0,0,0,0,0,12,0,0,0,0,0,0,0,0,0,3,0,0,0,1,0,0,0,1,1,0,0,17,0,1,0,0,0,0,0,0,0,0,0,0
1,0,1,7,24,0,0,15,0,1,1,4,2,4,2,1,1,0,0,2,32,0,0,469,0,0,8,1,12,30,2,449,31,1,0,8,0,1,0,0,52,4,7,0,0,8,0,10,15,0,0,46,0,0,0,1,0,0,1,8,1
0,16,7,0,0,0,165,0,8,0,0,1,0,1,0,406,0,0,425,0,0,5,6,6,19,0,0,32,0,11,1,0,58,5,5,1,10,0,10,25,1,0,0,25,0,6,457,0,0,1,7,0,2,3,291,1,0,26,1,0,2
0,28,2,0,1,0,3,0,2,0,191,6,21,6,0,2,0,39,1,0,0,7,87,0,219,0,1,152,0,39,0,0,0,0,46,0,411,0,26,16,0,0,0,74,0,2,0,1,0,95,418,0,4,303,1,0,0,77,0,0,1
5,0,0,1,12,2,0,13,0,2,0,0,0,7,0,0,1,0,0,6,2033,0,0,2,0,2,1,0,4,33,0,15,0,1,0,3,0,6,0,0,6,5,15,3,0,0,0,2,0,0,0,13,0,0,0,8,0,0,0,0,0
2,0,176,0,0,2,4,10,1,0,9,0,2,1,6,0,1,4,1,0,1,3,44,4,0,3,1,1,0,3,2,103,4,104,0,1,1,2,0,0,7,83,52,2,3,269,1,10,0,0,2,6,1,2,1,13,1,0,241,0,2
1,0,2,2,36,0,0,4,0,0,4,0,16,421,0,0,349,19,0,62,1,0,3,1,0,124,15,0,1,0,120,20,3,0,0,3,27,0,0,0,416,5,27,0,0,1,4,1,8,0,0,108,0,0,2,1,21,0,6,124,87
0,0,0,4333,247,0,0,1,0,0,0,1,0,0,0,0,0,0,0,0,1,0,0,0,0,0,2,0,1731,0,0,0,0,0,0,2908,0,0,0,0,1,0,0,0,0,0,0,0,0,0,0,0,0,0,0,0,0,0,0,3,0
3,0,3,4,0,0,2,7,3,2,13,1,6,1,3,0,1,7,0,0,17,5,35,10,4,10,1,5,19,11,0,41,5,16,0,11,0,3,0,11,5,101,2,2,0,8,1,500,1,0,0,0,0,1,2,6,2,1,23,0,4
0,13,3,0,0,0,3,0,7,0,306,0,53,0,120,2,0,26,0,0,0,1,5,2,7,0,5,19,5,2,7,1,1,2,6,2,9,0,1,31,3,3,9,2,5,6,3,358,6,14,19,0,5,2,9,0,32,17,7,0,2
0,76,92,0,0,0,97,0,21,0,184,1,67,55,0,26,0,76,38,3,0,118,178,0,213,1,2,582,0,266,28,14,7,60,13,1,290,0,25,182,5,35,3,511,6,35,337,1,130,103,512,1,1,180,5,0,29,286,4,20,122
2,88,235,0,5,2,206,13,26,0,376,7,102,275,1,53,3,332,129,43,1,79,237,4,242,10,114,777,1,244,30,144,29,140,30,2,449,0,39,274,165,89,38,727,10,94,62,5,112,154,445,3,10,198,33,2,214,457,3,51,629
0,1,0,0,0,0,381,0,123,0,1390,0,764,27,0,3,0,439,3,0,0,4,981,1,10,0,5,188,1,80,0,4,16,0,1,2,646,0,1,9,14,1,0,74,0,8,13,0,19,1308,151,1,0,179,7,0,67,18,1,0,9
0,0,0,0,0,14,0,0,0,8,84,0,1,0,19,3,0,0,0,0,0,0,1,6,0,111,0,0,0,0,0,35,0,0,0,0,0,492,0,0,1,6,0,0,0,0,2,0,0,0,0,0,0,0,0,398,0,0,0,0,0
14,0,28,2,0,1,0,14,1,17,2,1,0,1,147,0,0,2,1,2,17,0,131,5,1,8,2,0,8,20,0,315,11,853,0,7,0,15,0,1,5,1225,74,3,3,142,1,107,1,0,1,0,0,3,1,56,0,0,769,0,0
0,0,0,2,436,0,0,48,0,0,0,0,1,1650,0,0,58,2,1,1500,31,0,0,5,0,6,1,0,15,0,344,331,8,0,0,6,0,2,0,0,253,8,8,0,2,1,0,6,2,0,0,843,0,0,0,6,1,0,23,24,13
0,6,243,0,3,0,2,6,36,0,7,192,11,1,0,8,1,415,8,2,1,203,1,21,14,0,31,8,3,3,1362,1,26,29,104,0,85,0,173,5,1,2,59,8,237,499,3,3,22,8,4,162,61,718,40,0,346,1,138,11,332
0,0,33,0,49,2,0,14,37,0,7,10,3,0,0,27,6,14,1,4,3,2,3,29,1,0,1441,8,3,3,13,0,599,2,2,7,9,0,1,5,123,3,141,2,6,23,0,9,380,2,7,9,0,10,3,1,542,2,0,82,4
0,0,36,0,124,3,6,290,206,1,9,12,17,7,0,135,96,112,3,27,8,10,2,14,3,3,2120,13,1,4,29,3,214,1,1,12,9,0,4,10,406,1,297,13,11,12,5,120,1776,3,8,10,1,9,6,6,356,5,1,54,20
0,0,1,0,9,0,0,20,13,0,9,7,3,26,0,78,10,15,0,1,1,0,3,2,0,8,485,3,3,1,5,0,0,1,0,7,2,0,0,0,105,0,21,3,0,5,2,1,395,6,3,0,0,0,4,0,27,0,0,4,7
0,0,2,0,1,0,6,0,9,0,5,1,4,0,0,7,2,81,6,0,0,9,1,1,2,0,105,7,0,0,5,0,1,0,1,1,6,0,1,2,1,0,21,13,4,4,1,151,79,1,0,1,1,5,7,0,110,4,0,0,3
0,105,114,0,0,0,2,1,45,0,0,21,0,0,0,3,0,0,7,0,0,819,0,0,13,0,0,16,0,1,169,0,2,138,68,0,3,0,35,35,0,0,2,6,126,42,1,0,0,1,0,0,59,7,3,0,1,19,161,1,110
0,1,1,0,0,0,0,0,3,0,0,5,0,0,0,4,0,8,7,0,0,12,0,0,1,0,0,2,0,0,5,0,0,1,33,0,6,0,48,1,0,0,0,1,340,92,0,0,0,2,0,0,14,93,1,0,0,0,3,0,0
1,2,5,0,0,0,0,406,0,2,3,1,0,1,8,0,0,1,0,0,32,0,40,6,1,4,1,0,4,40,0,35,2,159,0,5,1,2,2,4,2,63,1,302,0,14,0,792,0,0,6,0,1,4,0,34,0,2,18,0,5
0,0,1,165,174,0,0,69,0,0,0,7,2,4,0,1,0,0,0,1,10,0,1,12,0,0,3,0,252,2,1,26,7,1,0,119,1,0,0,0,15,0,6,0,1,0,0,11,4,0,1,33,0,1,1,0,0,0,3,16,1
0,0,0,16,290,0,0,16,0,0,0,0,3,183,0,0,15,0,0,514,17,0,0,0,0,0,5,0,5,8,5,13,0,0,0,0,0,1,0,0,285,0,4,0,0,0,0,0,0,0,0,1039,0,0,0,1,0,0,0,188,1
0,42,40,5,104,0,13,842,157,0,55,80,89,29,2,12,29,36,26,14,4,32,49,22,24,0,24,82,7,8,92,18,15,51,42,6,49,0,17,111,173,8,50,30,153,31,4,70,24,40,147,21,44,13,20,1,56,83,115,21,24
0,118,18,0,3,49,400,2,269,0,10,28,4,2,0,729,0,21,1062,10,0,28,64,924,29,0,10,37,0,20,6,2,775,10,34,3,39,0,38,25,2,73,35,54,16,41,368,2,3,20,4,0,54,37,284,134,303,21,11,7,12
1616,0,0,0,0,1281,0,0,0,2251,0,0,0,0,1474,0,0,0,0,0,93,0,0,5,0,654,0,0,2,5,0,2,0,0,0,0,0,35,0,0,0,1,0,0,0,0,0,0,0,0,0,0,0,0,0,51,0,0,0,0,0
2,0,0,0,0,23,0,0,0,25,0,0,0,0,45,0,0,0,0,0,6,0,0,1,0,705,0,0,0,0,0,4,0,0,0,0,0,1416,0,0,0,2,0,0,0,0,0,1,0,0,0,0,0,0,0,7,0,0,0,0,0
20,0,5,2,3,20,0,21,0,36,9,0,0,1,38,0,0,0,0,0,37,1,51,100,1,26,0,2,6,201,0,423,0,189,1,13,0,199,0,3,30,86,3,4,0,7,0,130,1,0,3,0,3,0,2,1860,0,0,0,0,2
19,0,2,18,1016,10,0,92,0,7,0,9,10,666,5,1,392,20,0,957,66,0,0,8,0,14,21,0,24,106,141,157,0,1,0,14,0,126,0,0,619,1,63,0,1,0,0,14,13,1,0,1121,0,0,1,37,15,0,2,93,1
37,0,0,1,28,17,0,7,0,20,0,0,0,14,3,0,1,0,0,41,370,0,0,1,0,1,0,0,3,80,0,5,0,7,0,1,0,5,0,1,13,2,16,1,0,0,0,5,0,0,0,32,0,0,0,28,0,0,0,1,0
0,5,26,0,0,0,4,1,8,0,2,7,0,0,0,5,0,2,2,3,0,34,2,0,15,0,0,36,0,21,7,1,3,35,10,0,23,0,19,6,2,2,1,47,24,37,4,0,0,2,9,0,7,38,11,0,2,5,11,5,48
0,0,12,0,2,0,2,1,6,0,0,24,1,0,0,2,0,3,9,1,0,112,3,8,0,0,3,33,0,18,26,0,4,10,1,0,1,0,1,5,1,2,3,17,19,49,3,0,4,0,0,2,0,5,66,0,2,2,12,0,79
0,3,3,0,1,1,32,0,5,0,89,3,63,13,0,7,0,15,15,1,0,22,66,3,5,0,10,363,0,436,3,0,1,2,1,1,64,0,0,12,40,0,4,309,4,6,34,0,22,42,35,0,1,6,61,0,9,14,0,0,72
4,1,3,0,14,8,1,12,2,2,5,19,6,17,2,0,22,40,0,33,323,1,1,70,0,2,11,2,1,15,16,16,4,6,0,0,2,1,0,0,13,170,848,2,6,2,2,13,7,0,1,19,0,2,8,4,82,0,0,97,5
0,0,16,0,0,0,0,1,14,0,0,1074,1,0,0,3,0,22,4,0,1,5,6,59,1,0,6,3,0,2,78,1,313,7,2,0,4,0,46,3,0,4,13,3,310,448,1,0,7,2,2,1,8,242,59,2,30,1,7,88,23
0,0,0,0,0,0,66,0,1,0,107,0,670,2,1,24,0,30,0,0,0,3,259,0,0,0,2,52,0,17,3,0,7,0,0,13,22,0,0,3,3,1,1,13,0,2,134,0,8,87,40,0,1,4,29,3,3,3,0,0,2
836,0,0,0,1,1304,0,5,0,572,1,0,1,0,318,159,0,3,0,0,56,0,1,3,0,378,0,0,2,4,0,4,0,0,0,0,1,43,0,0,1,0,31,0,0,1,0,2,0,0,0,1,0,0,0,34,1,0,0,1,3
0,0,0,0,0,6,0,0,0,2,1,0,0,0,6,5,1,1,0,0,2,0,0,0,0,45,1,0,0,0,0,1,0,0,0,0,0,75,0,0,0,0,0,0,0,0,0,0,0,0,0,0,0,0,0,3,1,0,0,0,0
