0.60396,0.39781,0.13205,0.94363,0.36348,0.46573,0.22278,0.40077,0.30045,0.75067,0.45262,0.49472,0.3778,0.45543,0.65385,0.30144,0.63116,0.18342,0.42811,0.41086,0.62439,0.3135,0.42987,0.48038,0.31969,0.30503,0.43788,0.27873,0.79876,0.2691,0.44537,0.16151,0.33516,0.29003,0.28824,0.90502,0.26218,0.48035,0.29345,0.30153,0.18115,0.58643,0.30825,0.29276,0.30178,0.20772,0.32806,0.28831,0.53171,0.60404,0.20709,0.28767,0.30416,0.30307,0.33699,0.58507,0.22456,0.30126,0.31953,0.42508,0.24439
0.40899
0,102,61,0,0,0,15,0,530,0,0,158,0,0,0,55,0,0,75,1,0,80,0,0,18,0,0,0,0,0,10,0,1,21,392,0,1,0,427,45,0,0,0,1,138,14,7,0,0,71,3,0,695,1,23,0,0,23,93,2,1
0,909,11,0,0,0,2,0,3,0,3,39,0,1,0,4,0,1,2,0,0,24,6,0,812,0,0,32,0,0,8,0,0,14,86,1,34,0,65,730,1,0,0,3,1,0,2,0,1,4,259,0,91,7,1,0,0,836,0,0,4
0,148,120,0,0,0,8,0,18,0,0,53,0,0,0,12,0,9,37,6,0,186,1,0,135,0,0,16,0,0,28,3,8,178,256,1,13,0,241,119,0,0,1,17,59,32,4,0,0,8,15,0,315,65,3,0,2,89,44,17,37
0,4,135,0,0,0,3,0,110,0,0,49,0,0,0,6,0,3,29,0,0,161,0,2,0,0,0,3,0,0,21,0,20,8,144,0,0,0,300,4,0,0,1,0,727,125,0,0,0,155,0,0,237,12,118,0,0,0,543,0,18
0,115,20,0,0,0,2,0,7,0,0,27,0,0,0,1,0,0,1,0,0,92,0,0,14,0,0,1,0,0,20,0,0,15,115,0,0,0,20,110,0,0,0,0,3,0,1,0,0,0,6,0,120,0,1,0,0,31,7,0,0
0,22,260,0,3,0,24,8,35,0,1,49,0,10,2,19,1,33,56,42,1,312,2,8,84,0,20,39,1,2,134,110,18,407,99,5,33,0,74,99,8,23,36,71,86,199,16,1,19,8,19,3,112,85,27,0,34,76,60,101,389
2,0,0,4,3,0,1,5,0,2,0,0,4,4,1,0,6,2,0,3,7,0,3,17,0,0,3,2,7,3,0,37,0,4,0,6,2,4,0,2,39,3,5,2,1,6,0,3,3,0,1,6,0,0,1,4,2,0,1,11,29
0,8,8,0,2,0,168,2,26,0,1,9,1,4,0,480,1,3,457,4,1,10,20,32,12,1,4,85,0,12,7,5,174,17,5,8,31,0,3,25,17,11,4,69,7,12,830,1,6,0,8,0,8,8,706,1,7,23,1,1,36
0,42,6,0,1,0,2,0,6,0,0,194,0,1,0,7,0,36,25,0,0,4,2,0,109,0,0,1,0,0,0,2,0,4,652,0,42,0,721,61,0,0,1,2,13,9,0,0,0,8,11,0,366,32,4,0,0,24,2,0,0
0,0,8,0,0,2,0,101,1,1,7,1,0,3,1,0,0,0,5,0,0,2,2,2,1,0,0,1,0,9,0,49,8,46,0,3,0,1,4,0,0,5,0,1,1,4,0,7,0,0,4,0,0,2,1,0,1,1,5,2,3
0,0,3,10,37,1,0,0,0,0,0,10,61,5,0,0,108,6,1,35,2,0,0,15,0,9,9,0,3,3,8,14,3,0,0,2,0,0,0,0,122,12,54,0,2,2,0,0,3,0,0,210,0,0,0,1,16,0,0,1061,2
0,0,0,0,0,16,0,0,0,14,0,0,0,0,35,0,0,0,0,0,0,0,0,0,0,154,0,0,0,0,0,22,0,0,0,0,0,450,0,0,0,3,0,0,0,0,0,0,0,0,0,0,0,0,0,128,0,0,0,0,0
3,1,7,3,2,2,1,7,2,7,65,1,3,0,13,0,1,0,0,0,20,5,11,21,2,6,0,6,9,92,1,242,3,163,0,17,1,37,0,7,16,20,3,0,1,10,3,73,1,0,2,1,1,0,2,237,1,5,8,1,0
97,0,8,8,165,7,0,7,1,3,3,3,15,165,2,4,2163,33,1,309,34,1,0,3,0,14,12,0,9,30,22,34,1,0,0,15,2,30,0,0,360,1,135,0,2,0,0,8,18,1,0,225,0,1,0,76,33,0,2,283,3
12,2,46,3,7,4,0,31,2,6,13,1,2,6,3,2,64,31,0,19,46,1,14,1,14,1,18,3,7,708,3,55,29,101,1,3,12,1,0,29,38,8,369,4,2,10,1,16,12,1,6,19,0,3,0,28,70,2,4,53,12
2,0,1,0,2,2,6,5,1,0,18,0,26,8,0,2,91,390,2,8,7,1,5,2,1,10,27,24,0,5,6,11,5,0,0,0,5,0,0,0,12,1,231,24,2,1,1,280,31,2,1,4,1,3,218,13,265,0,0,24,1
0,429,60,0,0,0,137,0,6,0,12,12,1,1,0,89,0,7,32,0,0,189,21,2,504,0,1,147,0,20,33,0,4,93,97,0,107,0,98,389,0,2,1,70,12,17,211,1,1,6,299,0,38,46,15,0,0,616,3,1,20
0,0,81,0,0,0,0,2,13,0,0,13,0,0,0,0,0,3,1,0,0,63,0,0,0,0,0,1,0,0,215,0,1,13,10,1,0,0,3,0,0,0,0,0,67,73,0,0,3,0,0,1,5,17,6,0,0,0,48,0,309
0,0,3,0,2,0,0,0,1,0,1,0,1,0,0,1,0,0,0,0,0,1,1,0,1,0,54,0,2,0,0,1,6,0,0,1,0,0,1,1,3,0,8,1,0,0,0,0,20,0,0,0,0,0,0,0,8,0,0,2,4
0,0,7,1,15,0,4,2,9,0,1,1,3,0,0,9,6,2,1,1,0,0,0,4,3,0,283,12,0,6,0,5,14,7,0,2,4,0,0,7,19,1,14,5,2,10,0,0,206,2,4,0,2,0,1,1,6,4,1,5,25
0,0,0,0,0,0,0,0,0,0,1,0,1,0,0,0,0,0,0,0,0,0,0,0,0,0,12,0,0,0,0,0,0,0,0,0,3,0,0,0,1,0,0,0,1,1,0,0,17,0,1,0,0,0,0,0,0,0,0,0,0
1,0,2,8,24,0,0,15,0,2,1,3,2,4,3,1,2,0,0,2,35,0,0,465,0,0,6,0,11,27,1,454,28,1,0,7,0,1,0,0,49,4,9,0,0,8,0,10,15,0,0,46,0,0,1,1,0,0,1,11,2
0,20,7,0,0,0,161,0,7,0,0,1,0,1,0,418,0,0,431,0,0,5,7,5,21,0,0,30,0,9,1,0,61,4,7,3,10,0,9,23,1,1,0,24,0,4,426,0,0,1,6,0,1,4,300,1,0,33,1,0,2
0,26,2,0,1,0,3,0,2,0,192,5,18,5,0,2,0,39,1,0,0,7,86,0,215,0,1,156,0,40,0,0,0,0,44,0,423,0,25,13,0,0,0,73,0,2,0,1,0,96,431,0,5,291,1,0,0,75,0,0,1
5,0,0,3,12,2,0,12,0,2,0,0,0,7,0,0,1,0,0,5,2033,0,0,3,0,1,1,0,3,34,0,16,0,1,0,3,0,5,0,0,5,5,15,3,0,0,0,2,0,0,0,13,0,0,0,9,0,0,0,0,0
2,0,180,0,0,2,4,7,0,2,14,0,2,1,6,0,1,5,1,0,1,1,50,1,0,2,1,1,0,6,2,102,0,107,0,1,0,1,0,0,6,78,53,3,2,263,2,9,0,0,1,6,1,2,0,13,3,0,245,0,2
1,0,3,2,39,0,1,3,0,0,4,0,16,420,0,0,351,19,0,61,1,0,3,2,0,114,15,0,1,0,119,22,3,0,0,3,29,0,0,0,419,7,27,0,0,1,3,0,7,0,0,109,0,0,2,1,20,0,4,123,90
0,0,0,4352,240,0,0,1,0,0,0,0,0,0,0,0,0,0,0,0,1,0,0,0,0,0,1,0,1675,0,0,0,0,0,0,2954,0,0,0,0,1,0,0,0,0,0,0,0,0,0,0,0,0,0,0,0,0,0,0,3,0
2,1,3,6,0,0,1,5,3,2,15,0,4,1,4,0,1,7,0,0,20,4,36,11,3,15,1,3,20,14,0,39,2,19,0,12,1,4,0,14,5,91,3,1,0,7,1,496,2,0,1,0,2,1,2,5,2,1,24,0,2
0,13,4,0,0,0,2,0,9,0,309,0,52,0,119,3,0,23,0,0,0,2,5,3,6,0,6,19,5,2,8,1,1,3,5,2,9,0,1,29,3,2,7,2,4,7,3,367,7,13,18,0,5,2,9,0,26,18,6,0,1
0,71,92,0,0,0,95,0,19,0,189,1,60,54,0,33,0,72,38,3,0,114,174,0,218,0,2,583,0,249,33,14,10,65,15,0,298,0,25,185,7,35,5,505,7,31,373,1,112,105,508,1,1,184,6,0,28,283,4,20,114
1,84,232,0,5,2,213,13,26,0,397,9,102,263,1,49,3,333,112,54,2,78,242,5,245,10,115,781,0,246,30,139,33,144,31,2,428,0,43,284,178,95,33,748,9,95,66,7,111,155,430,3,11,188,31,2,208,456,3,49,610
0,1,0,0,0,0,387,0,121,0,1366,0,776,27,0,5,0,427,2,0,0,4,990,1,10,0,6,191,1,78,0,4,16,0,1,1,646,0,1,7,14,1,0,76,0,7,15,0,19,1315,158,1,0,187,7,0,58,15,0,0,8
0,0,0,0,0,13,0,0,0,7,81,0,0,0,20,3,0,0,0,0,0,0,2,7,0,110,0,0,0,0,0,33,0,0,0,0,0,504,0,0,0,5,1,0,0,0,2,0,0,0,0,0,0,0,0,393,0,0,0,0,0
13,0,26,2,1,2,0,15,2,18,4,0,0,1,145,0,0,3,1,0,19,2,137,5,1,9,3,0,9,22,0,311,8,855,0,5,0,14,0,1,3,1201,77,3,2,153,1,118,1,0,1,0,0,3,1,64,0,0,756,0,0
0,0,0,4,432,0,0,55,0,0,0,0,1,1645,0,0,62,2,1,1491,27,0,0,4,0,6,1,0,14,0,350,343,3,0,0,6,0,3,0,0,256,3,8,0,2,1,0,10,2,0,0,838,0,0,0,9,0,0,23,22,13
0,5,254,0,2,0,2,8,36,0,7,191,11,1,0,7,1,425,8,3,0,202,1,22,14,0,26,8,3,4,1337,2,28,31,106,0,86,0,178,5,1,0,65,12,229,506,3,3,25,8,4,154,50,711,45,0,340,1,140,19,336
0,1,34,0,49,3,0,11,46,0,7,8,3,0,0,26,7,14,1,3,3,2,3,23,1,0,1405,6,3,2,14,0,551,3,1,6,10,0,2,5,115,4,138,3,6,22,0,9,397,4,6,11,1,10,3,2,609,1,0,91,2
0,0,45,0,118,3,7,281,188,1,8,12,14,7,0,122,85,111,4,27,6,9,2,13,2,6,2143,10,3,5,27,6,178,2,1,18,7,0,4,11,409,1,316,15,9,16,3,126,1811,3,7,11,3,11,5,4,348,7,2,54,18
0,0,1,0,8,0,0,16,14,0,10,6,6,27,0,54,9,14,0,2,1,1,4,3,0,9,512,3,2,1,5,0,0,1,0,9,1,0,0,0,98,0,19,3,0,4,2,2,397,6,3,0,0,0,3,0,29,0,0,5,6
0,0,1,0,1,0,5,0,11,0,4,1,4,0,0,5,3,78,4,0,0,6,1,2,1,0,106,9,0,1,4,0,1,0,3,0,7,0,1,2,3,0,22,15,4,4,0,145,76,1,0,3,1,6,10,0,115,3,0,0,3
0,93,111,0,0,0,2,1,46,0,0,23,0,0,0,3,0,0,8,0,0,827,0,0,14,0,0,17,0,0,177,0,2,133,67,0,3,0,34,35,0,0,2,6,121,43,1,0,0,1,0,0,61,6,3,0,2,19,160,1,114
0,1,1,0,0,0,0,0,4,0,0,5,0,0,0,2,0,6,7,0,0,12,0,0,1,0,0,2,0,0,6,0,0,1,36,0,5,0,52,1,0,0,0,1,335,92,1,0,0,3,0,0,14,92,1,0,0,0,3,0,0
1,1,5,0,0,0,0,397,0,2,2,0,0,1,9,0,0,1,0,0,26,0,17,10,1,4,1,0,4,44,1,40,1,173,1,6,2,2,1,5,5,66,1,309,0,15,0,792,0,1,7,0,3,4,0,32,0,2,12,1,4
0,0,1,165,175,0,0,67,0,0,0,5,2,4,0,1,0,0,0,1,8,0,1,14,0,0,3,0,250,2,1,28,3,1,0,121,1,0,0,0,15,0,5,0,1,0,0,15,4,0,1,34,0,0,1,0,1,0,3,17,1
0,0,0,17,292,0,0,15,0,0,0,0,3,181,0,0,16,0,0,519,16,0,0,0,0,0,4,0,4,8,5,11,0,0,0,0,0,1,0,0,280,1,7,0,0,0,0,1,0,0,0,1035,0,0,0,0,1,0,0,191,1
0,40,41,5,105,1,14,828,151,0,59,71,87,29,2,10,28,36,30,14,4,34,40,21,22,0,27,89,11,9,89,20,10,53,38,5,55,0,20,112,179,8,52,29,156,32,5,79,20,38,141,21,62,14,20,1,50,79,114,21,25
0,138,17,0,2,53,397,1,279,0,11,33,4,2,0,712,0,21,1054,13,0,26,70,918,30,0,9,31,0,20,5,2,794,10,32,2,37,0,40,23,2,82,33,49,14,40,363,1,4,22,5,0,54,40,287,132,284,24,11,6,11
1618,0,0,0,0,1289,0,0,0,2228,0,0,0,0,1479,0,0,0,0,0,99,0,0,5,0,653,0,0,2,5,0,4,0,0,0,0,0,37,0,0,0,0,0,0,0,0,0,0,0,0,0,0,0,0,0,51,0,0,0,0,0
2,0,0,0,0,25,0,0,0,24,0,0,0,0,45,0,0,0,0,0,6,0,0,1,0,704,0,0,0,0,0,3,0,0,0,0,0,1418,0,0,0,1,0,0,0,0,0,1,0,0,0,0,0,0,0,7,0,0,0,0,0
25,0,3,1,3,18,0,22,0,36,10,0,0,0,37,1,0,0,0,0,35,1,30,99,1,25,0,3,4,212,0,435,0,186,0,14,0,198,0,3,31,73,3,4,0,7,0,129,0,0,2,0,3,0,2,1881,0,2,0,0,0
19,0,1,17,1025,9,0,93,0,8,0,7,10,680,6,1,392,19,0,926,50,0,0,6,0,12,19,0,27,113,144,162,0,0,0,18,0,116,0,0,617,1,61,0,2,1,0,14,12,1,0,1136,0,0,1,41,16,0,2,98,1
35,0,0,1,29,16,0,7,0,22,0,0,0,13,3,0,1,0,0,41,369,0,0,1,0,2,0,0,3,80,0,3,0,6,0,1,0,6,0,1,13,1,16,1,0,0,0,6,0,0,0,32,0,0,1,30,0,0,0,1,0
0,4,28,0,0,0,4,1,7,0,2,6,0,0,0,5,0,3,4,3,0,33,2,0,15,0,0,37,0,18,7,0,3,36,11,0,23,0,17,7,2,2,1,48,24,37,4,0,0,2,8,0,7,36,11,0,2,7,11,5,49
0,0,13,0,2,0,2,1,5,0,0,23,1,0,0,2,0,3,10,1,0,108,3,9,0,0,3,32,0,19,28,0,4,8,2,0,1,0,1,5,0,2,4,19,20,51,3,0,4,0,0,2,0,5,64,0,1,2,13,0,78
0,3,3,0,1,1,38,0,5,0,93,3,60,16,0,8,0,14,15,1,0,21,57,2,7,0,10,366,0,434,3,0,2,1,1,0,64,0,0,15,38,0,3,314,4,7,38,0,17,41,34,0,1,6,60,0,9,13,0,0,70
4,1,2,0,14,8,1,13,1,2,3,19,6,12,1,0,21,40,0,31,322,1,1,71,0,3,11,1,2,15,14,20,3,6,0,0,1,1,0,2,13,183,844,3,5,3,2,9,7,0,1,20,0,2,6,3,81,0,0,101,7
0,0,12,0,0,0,0,1,10,0,1,1030,1,1,0,5,0,22,5,0,1,4,4,68,1,0,8,2,0,2,71,2,324,6,3,0,6,0,46,2,0,5,13,2,326,449,1,0,7,2,2,2,7,254,58,3,28,0,6,93,27
0,0,0,0,0,0,70,1,1,0,102,0,689,1,1,31,0,28,0,0,0,2,247,0,1,0,4,49,0,16,4,0,5,0,0,0,20,0,0,3,2,0,1,14,0,2,136,0,8,93,39,0,1,5,27,3,4,4,0,0,2
834,0,0,0,1,1298,0,6,0,577,1,0,2,0,320,157,1,3,0,0,49,0,0,2,0,387,0,0,2,4,0,3,0,1,0,0,1,43,0,0,0,0,31,0,0,1,0,4,0,0,0,2,0,0,0,33,1,0,0,0,3
0,0,0,0,0,8,0,0,0,2,0,0,0,0,4,5,1,1,0,0,4,0,0,0,0,41,1,0,0,0,0,2,0,0,0,0,0,75,0,0,0,0,0,0,0,0,0,0,0,0,0,0,0,0,0,5,1,0,0,0,0
