0.62343,0.33421,0.13582,0.93886,0.37277,0.52691,0.28831,0.34603,0.2833,0.73851,0.529,0.52604,0.28758,0.42771,0.66033,0.28908,0.62514,0.33186,0.36073,0.55064,0.6497,0.32373,0.1938,0.49001,0.43016,0.35766,0.42564,0.25113,0.71689,0.19979,0.48275,0.17554,0.32405,0.32327,0.33674,0.8731,0.29922,0.50979,0.32018,0.21567,0.18123,0.56746,0.31719,0.32105,0.31704,0.22222,0.35092,0.20849,0.46815,0.52826,0.20605,0.29835,0.31033,0.29595,0.30426,0.50503,0.13702,0.28056,0.37019,0.37779,0.28277
0.40862
0,129,48,0,0,0,42,0,519,0,0,169,0,0,0,63,0,0,61,0,0,74,0,0,14,0,0,3,0,0,3,0,0,89,330,0,0,0,360,55,0,0,0,3,143,6,14,0,0,101,2,0,697,0,25,0,0,22,90,1,1
0,759,10,0,0,0,0,0,2,0,4,61,2,0,0,4,0,1,5,0,0,34,6,0,1164,0,0,26,0,3,0,0,0,3,79,0,33,0,85,523,0,0,0,10,1,2,6,0,2,9,400,0,114,7,1,0,1,638,0,0,2
0,128,130,0,0,0,14,1,24,0,0,65,0,0,0,12,0,2,54,0,0,180,2,0,98,0,0,33,0,1,9,13,2,139,180,1,5,0,252,169,0,1,1,39,51,123,4,0,0,7,30,0,305,60,4,0,4,73,34,16,38
0,9,103,0,0,0,6,1,97,0,0,69,0,0,0,10,0,0,30,0,0,170,2,2,0,0,0,11,0,0,37,0,15,89,137,0,0,0,239,5,0,0,1,1,746,46,0,0,0,145,0,0,194,21,193,0,1,0,544,0,14
0,124,13,0,0,0,4,0,5,0,0,82,0,0,0,1,0,0,0,0,0,86,0,0,28,0,0,3,0,0,5,0,0,34,54,0,0,0,17,91,0,0,0,0,2,0,1,0,0,0,15,0,130,0,4,0,0,27,3,0,0
0,13,262,0,3,1,29,13,33,0,0,30,1,6,1,22,3,6,80,3,0,293,10,7,44,0,32,62,0,3,182,209,11,152,51,3,20,0,48,216,11,26,19,149,83,387,17,2,15,8,24,1,82,64,58,0,34,40,57,89,371
2,1,1,6,4,2,1,8,0,2,0,0,7,4,2,0,12,2,0,0,6,0,2,18,0,0,5,2,5,0,1,27,3,3,0,5,3,1,0,1,33,2,8,2,0,8,0,7,2,0,0,5,0,0,3,3,1,0,1,13,27
0,4,15,0,2,0,201,4,19,0,1,1,9,2,0,392,0,2,385,0,1,12,13,27,8,1,3,93,1,20,4,5,207,3,5,6,26,0,8,48,15,30,1,82,6,18,958,0,12,1,58,0,5,9,600,4,7,14,2,3,29
0,64,9,0,0,0,4,1,4,0,0,153,1,0,0,7,0,18,30,0,0,5,1,0,85,0,0,0,0,0,0,0,0,0,691,0,37,0,771,61,1,0,0,5,16,31,1,0,0,7,1,0,339,28,2,0,0,15,1,1,0
0,0,13,0,0,1,0,112,1,1,1,1,0,7,0,0,0,1,4,0,0,2,16,1,1,0,0,1,1,33,0,44,8,7,0,2,0,2,3,2,1,3,0,1,3,3,0,4,0,0,3,0,1,3,1,0,1,0,3,1,2
0,0,6,14,45,1,0,1,0,0,0,13,63,5,0,0,142,3,1,22,1,0,0,9,0,8,11,0,5,1,7,11,4,0,0,2,0,0,0,1,133,16,35,0,2,0,0,2,3,0,0,225,0,0,1,1,38,0,0,997,1
0,0,0,0,0,10,0,0,0,16,0,0,0,0,39,0,0,0,0,0,0,0,0,0,0,143,0,0,0,1,0,21,0,0,0,0,0,401,0,0,0,2,0,0,0,0,0,0,0,0,0,0,0,0,0,189,0,0,0,0,0
3,1,8,2,0,2,0,7,2,8,52,1,2,0,9,0,0,1,0,1,18,6,23,11,1,8,0,6,26,219,1,249,3,95,0,20,0,31,0,6,13,19,12,0,1,11,3,35,0,0,3,1,0,1,0,213,0,2,9,1,0
106,0,7,8,191,8,0,11,1,1,1,3,19,182,1,2,2253,46,1,167,35,0,0,4,0,24,21,0,14,5,19,22,2,0,0,7,1,17,0,1,344,1,122,0,2,0,0,11,20,0,0,247,0,1,2,51,42,38,2,281,5
8,3,60,5,8,3,0,25,2,10,5,0,2,6,3,2,66,26,0,12,54,1,25,5,7,2,29,3,7,572,4,49,23,21,1,1,4,1,0,44,36,9,534,6,2,8,0,61,12,3,2,54,0,2,0,18,62,0,3,36,12
2,0,4,0,1,3,10,3,2,0,17,0,62,11,1,2,108,407,6,6,1,2,14,5,1,12,34,15,1,8,7,5,4,0,0,0,8,3,0,1,51,1,103,14,6,1,119,431,21,2,2,5,1,1,49,13,122,3,0,69,8
0,351,64,0,0,0,99,0,4,0,8,13,7,2,0,65,0,16,70,0,0,192,52,2,557,0,2,179,0,33,3,1,2,36,74,0,94,0,116,298,0,7,2,113,7,39,257,1,2,4,428,0,58,45,7,0,0,505,1,1,33
0,1,50,0,0,0,0,2,14,0,0,10,0,0,0,0,0,1,1,0,0,58,0,0,0,0,0,3,3,0,369,0,1,37,9,1,0,0,2,6,0,0,0,0,56,24,0,0,1,0,0,4,5,15,14,0,1,0,49,3,209
0,0,2,0,2,0,0,0,1,0,1,0,1,0,0,1,0,0,0,0,0,0,1,0,0,0,63,0,2,0,0,1,6,0,0,0,0,0,1,4,4,0,1,0,0,0,0,1,19,0,0,0,0,0,0,0,6,0,0,2,5
0,0,8,0,14,0,2,7,10,0,3,5,2,0,0,6,6,1,2,0,0,1,2,3,1,0,264,12,1,3,0,5,29,0,1,0,4,0,0,19,14,1,10,10,3,4,0,3,209,2,3,0,1,1,3,1,6,2,1,5,27
0,0,0,0,0,0,0,0,0,0,1,0,0,0,0,2,0,0,0,0,0,1,1,0,0,0,12,0,0,0,0,1,0,0,0,0,3,0,0,1,0,0,0,1,0,0,0,0,14,0,0,0,0,0,0,0,1,0,0,0,0
3,0,1,8,31,0,0,17,0,0,1,6,2,4,0,1,3,0,0,4,36,0,0,518,0,0,5,1,12,0,1,270,52,1,0,5,0,0,0,1,47,2,20,0,4,0,0,106,15,0,0,68,0,0,8,0,1,0,0,8,1
0,14,8,0,0,0,241,0,6,0,0,2,2,1,0,366,0,0,294,0,0,4,7,7,16,0,0,37,0,13,1,0,64,0,5,1,8,0,13,29,1,6,0,35,0,5,547,0,0,1,29,0,3,4,243,1,0,29,1,0,2
0,186,1,0,0,0,3,0,1,0,156,2,39,9,0,1,0,117,5,0,0,7,72,0,238,0,1,94,0,49,0,0,0,0,44,0,415,0,47,14,0,0,0,54,0,8,2,0,1,123,159,0,5,343,0,0,4,79,0,0,3
5,0,0,2,10,5,0,12,0,3,0,0,0,5,1,0,0,0,0,6,1979,0,1,3,0,2,1,0,4,12,1,10,0,0,0,3,0,4,0,0,3,4,86,4,0,0,0,1,0,0,0,26,0,0,0,7,0,1,0,0,0
2,0,190,0,0,3,2,9,0,0,12,0,3,1,4,1,0,1,1,0,0,3,49,4,0,1,2,2,0,16,2,68,6,81,0,0,0,1,0,1,9,72,25,1,2,287,0,6,4,0,1,7,1,1,1,23,2,0,283,0,2
1,0,4,2,36,0,1,5,0,0,2,0,22,415,0,10,304,9,0,90,1,0,3,3,1,136,17,0,3,0,73,17,5,0,0,2,31,0,0,0,470,5,23,0,1,2,2,0,9,0,0,104,0,0,2,1,17,2,3,111,100
0,0,0,4929,249,0,0,1,0,0,0,1,1,0,0,0,0,0,0,0,0,0,0,0,0,0,2,0,1456,0,0,0,0,0,0,2587,0,0,0,0,1,0,0,0,0,0,0,0,0,0,0,0,0,0,0,0,0,0,0,1,0
4,0,6,6,0,0,3,7,3,1,16,0,8,1,2,0,0,3,0,0,24,6,56,13,1,18,2,3,44,16,1,19,6,47,2,14,0,3,0,54,4,122,6,4,0,12,2,327,1,1,1,0,3,0,4,12,1,0,25,2,3
0,5,2,0,0,0,1,0,8,0,303,0,52,0,123,2,1,8,1,0,0,2,27,5,3,0,8,16,10,1,3,0,2,2,7,2,11,0,0,51,11,6,3,2,8,1,5,350,6,20,21,0,7,1,7,1,17,11,5,1,2
0,123,82,0,0,0,70,0,13,0,148,0,103,75,0,23,0,152,62,0,0,110,305,2,192,0,2,540,0,272,10,14,9,9,12,0,268,1,33,73,8,35,2,477,6,93,116,2,281,112,504,0,9,189,5,3,45,245,2,19,186
2,56,236,0,3,4,186,13,25,0,245,4,134,249,2,54,4,390,203,9,0,78,433,5,174,6,97,667,2,254,18,114,27,14,23,1,393,0,62,271,234,96,16,845,5,222,41,5,152,121,466,3,9,184,47,12,251,342,4,46,686
0,117,2,0,0,0,387,0,144,0,1605,0,528,64,0,4,0,826,10,0,0,3,481,1,13,0,5,115,1,63,1,21,13,0,3,2,728,1,1,2,14,1,0,59,0,16,9,0,16,1028,62,1,0,237,1,17,326,14,0,0,8
2,0,2,0,0,12,0,0,0,6,80,0,1,0,26,3,0,0,0,0,1,0,1,3,0,96,0,0,0,0,0,48,0,2,0,0,0,417,0,0,1,3,1,1,0,0,2,0,0,0,0,0,0,0,0,473,0,0,0,0,0
17,0,24,3,0,2,0,19,0,15,3,1,0,1,138,0,0,1,0,3,14,1,149,7,0,5,2,1,19,39,3,126,21,889,0,3,0,18,0,2,2,1186,105,3,1,170,1,46,0,0,2,0,0,0,2,73,0,1,894,4,2
0,0,0,11,278,1,0,45,0,0,0,0,1,1556,0,1,56,1,1,1979,19,0,0,9,0,8,1,0,26,0,295,286,10,1,0,7,0,3,0,1,243,4,23,0,0,0,0,31,0,0,0,641,0,0,0,7,0,4,32,41,15
0,8,206,0,4,1,2,4,37,0,6,127,19,3,0,4,1,80,13,4,4,209,7,36,3,0,30,63,1,2,1609,0,29,117,114,0,84,1,182,14,2,1,22,8,150,594,4,47,26,7,3,180,63,694,82,0,362,1,90,69,237
0,0,48,0,46,3,0,30,48,0,5,8,12,2,0,37,10,8,2,4,3,4,3,41,1,0,1698,10,8,3,12,1,586,0,0,3,5,0,1,14,29,14,71,3,9,12,0,47,347,4,3,3,0,7,3,1,341,0,1,132,4
0,0,81,0,120,6,6,367,271,0,11,12,20,18,0,217,94,100,4,17,4,10,5,23,0,3,2258,12,4,4,35,2,222,3,3,5,13,0,3,22,156,1,243,8,13,10,3,245,1536,4,5,5,1,8,9,3,320,6,2,90,22
0,0,1,0,9,0,0,22,25,0,7,6,4,32,0,155,4,5,0,3,1,1,9,9,0,6,446,1,15,1,9,0,0,0,0,1,1,0,0,1,71,0,6,1,1,0,3,8,380,5,3,0,0,0,1,0,33,0,0,5,5
0,0,0,0,1,0,5,2,8,0,4,3,6,0,0,4,4,53,4,0,0,11,5,4,2,0,122,4,0,1,8,0,1,1,0,1,15,0,1,1,4,0,7,6,6,5,3,259,48,2,0,1,1,1,0,1,49,4,0,1,3
0,96,96,0,0,0,1,0,44,0,0,25,0,0,0,1,0,0,12,0,0,865,3,0,4,0,0,71,0,2,170,1,2,138,34,0,3,0,29,70,0,0,0,13,78,67,2,0,0,1,1,0,64,5,9,0,3,14,120,1,91
0,0,3,0,0,0,0,0,4,0,0,2,0,0,0,3,0,2,10,0,0,16,0,1,0,0,0,2,0,0,2,0,0,0,81,0,7,0,37,3,0,0,0,0,365,42,0,0,0,4,0,0,13,84,1,0,0,0,2,0,0
1,2,3,0,1,1,0,413,0,0,2,1,0,3,8,0,0,5,0,1,32,0,66,11,1,6,1,0,12,163,0,29,2,156,2,0,2,2,1,12,0,65,7,315,0,26,1,599,0,1,3,1,3,7,1,26,0,0,13,0,5
0,0,0,192,149,0,0,69,0,0,1,7,2,5,0,0,4,0,0,6,11,0,0,17,0,0,2,0,267,0,3,15,10,0,0,110,1,1,0,1,13,0,9,1,1,1,1,8,5,0,1,31,0,0,0,0,1,0,1,5,1
0,0,0,25,341,0,0,21,0,0,0,0,4,205,0,0,17,0,0,264,13,0,0,0,0,0,4,0,8,0,6,17,1,0,0,3,0,0,0,0,232,0,14,0,0,0,0,2,0,0,0,1228,0,0,0,3,2,0,0,198,1
0,41,30,7,89,2,3,736,154,0,61,54,81,43,2,12,27,48,48,37,2,24,121,29,22,0,28,89,17,21,81,23,18,41,43,8,66,0,19,138,237,11,29,28,141,39,7,61,22,53,116,13,51,13,22,2,48,63,100,23,12
0,30,18,0,3,86,572,3,265,0,10,25,10,6,0,675,2,10,812,13,0,32,16,1055,21,0,14,35,0,24,8,1,826,14,36,3,31,0,32,49,1,58,15,42,14,30,459,6,3,18,6,0,58,49,265,108,333,15,11,11,11
1836,0,0,0,0,933,0,0,0,2313,0,0,0,0,1598,0,0,0,0,0,106,0,0,3,0,582,0,0,2,1,0,0,0,0,0,0,0,38,0,0,0,0,2,0,0,0,0,1,0,0,0,0,0,0,0,55,0,0,0,0,0
2,0,0,0,0,22,0,0,0,29,0,0,0,0,57,0,0,0,0,1,8,0,0,1,0,794,0,0,0,0,0,1,0,0,0,0,0,1302,0,0,0,1,0,0,0,0,0,1,0,0,0,0,0,0,0,18,0,0,0,0,0
21,1,1,1,2,11,0,24,0,53,8,0,1,2,48,0,0,2,0,0,53,1,45,73,0,20,0,1,22,356,1,409,2,507,0,8,0,158,1,3,12,72,11,4,0,7,1,78,0,0,1,0,5,0,2,1507,0,0,3,0,1
22,0,2,29,1005,12,0,77,0,7,0,7,11,669,11,0,455,29,1,900,54,0,0,11,0,21,25,0,24,13,146,149,4,1,0,16,0,23,0,0,558,2,124,0,2,0,0,18,13,1,0,1248,0,1,0,52,9,30,0,101,1
34,0,0,0,31,11,0,7,0,24,0,0,0,13,6,0,1,0,0,26,288,0,0,1,0,0,0,0,3,48,0,5,0,1,0,2,0,4,0,0,10,0,136,1,0,0,0,5,0,0,0,54,0,0,0,29,0,0,0,1,0
0,2,25,0,1,0,3,0,8,0,0,7,1,1,0,5,0,0,3,1,0,34,8,1,4,0,0,34,0,24,14,4,2,11,4,0,18,0,15,8,3,3,0,49,21,67,4,0,0,2,14,0,9,27,11,0,4,7,7,12,54
0,0,12,0,1,0,5,1,8,0,0,15,1,0,0,2,0,1,8,0,0,107,28,12,0,0,5,25,0,16,38,1,1,4,0,0,1,0,2,15,0,2,0,14,9,32,2,0,6,0,2,1,1,2,86,0,2,2,8,5,71
0,0,4,0,1,1,26,1,4,0,103,3,57,10,0,8,0,36,18,0,0,17,150,5,1,0,13,282,0,516,3,0,2,0,0,0,65,0,0,16,32,4,1,200,1,3,24,0,42,39,38,0,1,8,44,0,19,17,0,0,84
2,1,6,0,14,14,1,15,2,4,2,15,7,12,1,1,25,35,1,12,231,1,4,74,0,1,21,1,2,11,16,11,7,2,0,0,1,0,0,2,12,193,891,2,5,3,2,50,9,0,0,22,0,1,5,2,96,2,0,87,6
0,1,22,0,0,1,0,1,13,0,1,1121,0,6,0,5,0,4,8,0,0,5,1,71,0,0,13,2,0,1,111,1,296,0,27,0,8,0,27,4,0,3,6,4,380,207,1,2,11,3,1,2,5,217,127,0,29,1,8,146,20
0,1,0,0,0,0,54,2,1,0,147,1,524,2,1,13,0,26,0,0,0,4,257,0,0,0,3,96,0,18,1,1,3,0,0,127,20,0,0,1,2,0,0,11,0,0,106,0,16,107,33,2,2,4,17,7,0,5,0,0,1
870,0,0,0,1,1302,0,8,0,636,0,0,0,0,329,131,1,3,0,3,46,0,0,1,0,275,0,0,3,1,0,2,0,0,0,1,0,50,0,0,1,0,55,1,0,1,0,3,0,0,0,0,0,0,0,41,0,0,0,0,2
0,0,0,0,0,7,0,0,0,3,1,0,2,0,7,5,1,1,0,0,0,0,0,0,0,42,1,0,0,0,0,1,0,0,0,0,0,71,0,0,0,0,1,0,0,0,0,1,0,0,0,0,0,0,0,6,0,0,0,0,0
