0.60145,0.38818,0.14155,0.94435,0.36471,0.46492,0.2271,0.3837,0.30485,0.75091,0.48618,0.52971,0.36675,0.44818,0.65167,0.31067,0.62522,0.28848,0.41795,0.46293,0.60135,0.31565,0.36903,0.48848,0.34155,0.32484,0.43502,0.28325,0.79106,0.21898,0.4651,0.14676,0.31315,0.35231,0.2784,0.887,0.26069,0.46784,0.30118,0.29792,0.17077,0.57109,0.29889,0.28146,0.30438,0.30829,0.37219,0.26393,0.50074,0.57199,0.21202,0.29266,0.30279,0.30653,0.34175,0.56701,0.21221,0.29635,0.32684,0.40597,0.2521
0.41159
0,90,54,0,0,0,21,0,528,0,0,152,0,0,0,69,0,0,69,0,0,81,0,0,14,0,0,2,0,0,4,0,0,23,408,0,0,0,460,44,0,0,0,1,132,15,10,0,0,74,2,0,661,2,23,0,0,28,94,1,2
0,887,10,0,0,0,3,0,2,0,2,54,0,0,0,4,0,1,3,0,0,24,7,0,859,0,0,28,0,1,4,1,0,21,86,0,42,0,71,732,1,0,0,12,1,1,2,0,0,7,279,0,90,8,1,0,0,748,0,0,5
0,136,125,0,0,0,8,1,21,0,0,57,0,0,0,13,0,6,45,0,0,187,2,0,102,0,0,25,0,0,20,7,3,177,253,1,9,0,237,138,0,1,1,21,56,52,6,0,0,7,16,0,312,76,3,0,3,84,40,16,37
0,3,131,0,0,0,3,0,100,0,0,50,0,0,0,11,0,0,38,0,0,170,0,3,0,0,1,3,0,0,30,0,16,13,152,0,0,0,305,5,0,0,1,0,736,113,0,0,0,149,0,0,192,13,123,0,0,0,556,1,20
0,105,22,0,0,0,3,0,7,0,0,27,0,0,0,1,0,0,1,0,0,79,0,0,15,0,0,2,0,0,10,0,0,21,120,0,0,0,20,122,0,0,0,0,2,0,1,0,0,0,7,0,128,0,2,0,1,27,6,0,0
0,17,278,0,4,1,30,9,41,0,0,47,3,7,1,22,3,11,66,2,1,305,3,5,51,0,22,50,0,4,163,191,12,304,99,4,26,0,61,160,11,13,32,96,101,196,15,1,19,7,23,0,90,82,27,0,35,66,52,98,419
4,0,2,6,4,0,1,3,0,1,0,0,6,2,2,0,11,1,0,0,7,0,4,20,0,0,3,1,10,1,0,30,0,3,0,5,2,2,0,3,36,2,6,1,2,1,0,7,1,0,0,5,0,0,0,4,1,0,1,14,36
0,9,10,0,2,0,200,3,24,0,1,6,6,3,0,399,0,2,426,0,1,9,12,33,11,3,3,92,0,17,5,7,168,16,4,7,22,0,7,30,15,13,5,74,10,11,926,0,4,0,23,0,3,7,690,1,7,16,3,2,34
0,62,8,0,0,0,3,0,5,0,0,188,0,0,0,6,0,18,29,0,0,5,2,0,100,0,0,0,0,0,0,6,0,3,642,0,42,0,743,63,0,0,0,6,13,24,0,0,0,6,1,0,360,30,3,0,0,21,1,0,0
0,0,15,0,0,2,0,108,0,1,3,3,0,5,0,0,0,0,3,0,0,2,21,1,0,0,0,1,1,29,0,47,7,9,0,3,0,2,4,1,1,2,0,1,0,3,0,4,0,0,3,0,1,3,1,0,0,1,3,1,3
0,0,3,9,38,0,0,1,0,0,0,14,58,5,0,0,123,5,1,38,2,0,0,9,0,9,10,0,3,2,7,10,3,0,0,2,0,0,0,1,129,13,46,0,2,2,0,1,3,0,0,227,0,0,0,2,17,0,0,1034,1
0,0,0,0,0,18,0,0,0,12,0,0,0,0,38,0,0,0,0,0,0,0,0,0,0,142,0,0,0,1,0,19,0,1,0,0,0,456,0,0,0,4,0,0,0,0,0,0,0,0,0,0,0,0,0,131,0,0,0,0,0
3,1,8,3,1,1,1,6,1,6,62,1,2,2,15,0,0,2,0,0,22,3,30,14,3,4,0,7,13,182,0,226,3,104,0,13,1,39,0,9,17,22,7,0,0,9,2,56,1,0,1,1,1,0,1,228,0,2,9,1,0
105,0,4,7,175,7,0,9,1,0,3,3,12,172,1,0,2152,35,1,284,44,0,0,3,0,20,13,0,9,21,21,24,1,0,0,11,1,35,0,0,373,1,131,0,3,0,1,9,15,0,0,233,0,2,0,78,16,0,2,308,3
11,2,76,5,7,3,0,31,2,6,9,0,4,5,3,1,65,26,0,15,103,1,31,2,10,0,19,5,14,646,4,47,19,16,2,3,14,1,0,40,38,6,416,6,2,10,0,16,14,3,3,38,0,1,0,31,61,0,6,44,16
2,0,3,0,3,2,10,5,3,0,22,0,33,8,0,1,94,375,4,10,4,1,5,0,1,8,28,18,0,9,6,13,4,0,0,0,6,0,0,1,20,2,240,15,2,2,5,316,37,3,1,3,0,2,223,7,142,0,0,84,5
0,400,64,0,0,0,127,0,5,0,8,15,2,1,0,62,0,15,46,0,0,181,31,1,497,0,3,173,0,21,15,1,2,92,91,0,116,0,100,356,0,3,1,93,7,19,227,0,0,2,363,0,49,53,9,0,0,573,3,1,22
0,0,65,0,0,0,0,1,11,0,0,11,0,0,0,0,0,1,1,0,0,52,0,0,0,0,0,2,0,0,328,0,1,13,20,1,0,0,4,0,0,0,0,0,66,55,0,0,1,0,0,1,6,17,5,0,0,0,51,2,234
0,0,2,0,4,0,0,0,2,0,1,0,1,0,0,1,0,0,0,0,0,1,0,0,0,0,53,0,2,1,1,1,5,0,0,0,0,0,1,2,4,0,5,0,0,0,0,0,20,0,0,0,0,0,0,0,10,0,0,2,5
0,0,6,1,13,0,3,6,8,0,0,5,3,0,0,7,6,3,1,0,0,2,2,1,2,0,270,13,0,4,0,4,26,4,0,2,4,0,0,14,19,1,13,8,2,3,0,0,201,2,3,0,0,0,0,0,7,3,1,6,38
0,0,0,0,0,0,0,0,0,0,1,0,1,0,0,1,0,0,0,0,0,0,1,0,0,0,10,0,0,0,0,0,0,0,0,0,3,0,0,0,1,0,1,0,1,0,0,0,17,0,1,0,0,0,0,0,0,0,0,0,0
2,0,1,7,24,0,0,16,0,1,1,7,2,3,3,1,2,0,0,1,43,0,0,504,0,0,5,0,12,11,4,304,35,1,0,8,0,1,0,0,49,4,8,0,0,2,0,115,11,0,0,59,0,0,3,1,0,0,2,8,2
0,17,8,0,0,0,167,0,7,0,0,2,0,1,0,392,0,0,403,0,0,6,6,6,19,0,0,30,0,10,1,0,65,3,5,1,10,0,11,25,1,0,0,38,0,6,481,0,0,1,14,0,2,2,278,1,0,24,1,0,2
0,77,2,0,0,0,5,0,1,0,163,6,15,7,0,3,0,91,0,0,0,7,90,0,228,0,1,108,0,42,0,0,0,0,53,0,426,0,24,8,0,0,0,90,0,5,0,1,0,105,301,0,4,339,1,0,1,76,0,0,2
5,0,0,1,11,4,0,12,0,4,0,0,0,6,0,0,1,0,0,4,2056,0,1,3,0,1,1,0,5,15,0,12,0,0,0,2,0,5,0,0,6,4,16,3,0,0,0,2,0,0,0,12,0,0,0,8,0,0,0,1,0
2,0,174,0,0,3,3,10,0,0,14,0,2,0,5,0,1,1,1,0,1,1,47,3,0,1,1,1,0,8,2,104,3,114,0,0,1,2,0,1,7,84,51,2,2,261,3,6,0,0,2,3,1,0,0,16,1,0,245,0,2
1,0,1,2,32,0,0,4,0,0,4,1,18,411,0,1,349,15,0,90,1,0,1,2,0,120,13,0,2,0,103,26,4,0,0,4,28,0,0,0,450,3,31,0,0,1,4,1,9,0,0,99,0,0,2,0,20,0,4,97,91
0,0,0,4463,252,0,0,1,0,0,0,0,0,0,0,0,0,0,0,0,1,0,0,0,0,0,2,0,1734,0,0,0,0,0,0,2771,0,0,0,0,1,0,0,0,0,0,0,0,0,0,0,0,0,0,0,0,0,0,0,3,0
3,1,3,3,0,0,2,2,3,2,15,1,6,1,3,1,0,7,0,0,22,4,52,13,3,8,1,3,21,13,0,30,4,31,1,13,1,5,0,11,4,142,4,2,0,3,2,409,2,0,4,0,4,0,4,10,1,1,27,3,8
0,12,3,0,0,0,3,0,7,0,302,1,51,0,117,1,0,23,0,1,0,1,10,3,6,0,7,25,7,2,3,1,1,0,8,1,10,0,2,32,6,8,7,2,5,3,4,353,9,17,24,0,6,2,8,0,27,10,6,1,3
0,110,88,0,0,0,100,0,18,0,187,2,63,66,0,25,0,122,42,0,0,106,224,0,252,0,2,557,0,259,19,22,7,46,8,0,306,0,21,109,6,39,3,490,7,49,154,2,265,97,501,1,5,197,4,0,31,264,4,20,142
2,92,231,1,4,2,229,15,25,0,325,10,108,268,1,52,2,349,121,4,1,79,306,5,230,9,119,771,0,277,24,182,32,92,27,3,408,1,37,286,218,92,26,718,10,117,63,4,115,129,448,2,8,214,30,2,232,410,4,44,629
0,6,1,0,0,0,378,0,144,0,1478,0,706,45,0,4,0,656,4,0,0,6,951,1,13,0,6,156,1,67,0,10,14,0,2,1,634,0,1,3,12,1,0,71,0,7,7,0,19,1156,85,2,0,205,5,0,73,11,0,0,8
1,0,0,0,0,9,0,0,0,7,83,0,1,0,19,3,0,0,0,0,0,0,1,3,0,93,0,0,0,0,0,40,0,5,0,0,0,515,0,0,0,5,0,0,0,0,2,0,0,0,0,0,0,0,0,394,0,0,0,0,0
14,0,23,3,1,1,1,15,0,15,3,1,0,1,148,0,0,1,1,0,24,1,137,3,1,8,1,0,11,35,0,312,9,891,0,4,1,15,0,2,3,1213,77,2,1,142,1,69,0,0,2,0,0,2,1,64,0,2,755,1,0
0,0,0,5,449,0,0,42,0,0,0,0,1,1652,0,0,60,1,2,1686,29,0,0,6,0,5,1,0,14,2,338,337,6,0,0,3,0,3,0,0,228,7,8,0,2,0,0,36,1,0,0,637,0,0,0,15,0,0,26,25,10
0,6,216,0,1,0,2,4,27,0,6,146,22,1,0,10,1,119,9,2,0,181,3,22,11,0,26,11,3,4,1526,2,28,27,123,0,83,0,148,9,2,1,54,8,208,829,4,6,22,10,4,147,61,709,35,1,382,2,97,38,267
0,0,29,0,50,2,0,12,31,0,8,6,5,0,0,25,7,18,1,3,3,4,3,25,1,0,1433,4,6,3,14,0,614,0,1,3,9,0,0,14,135,3,143,2,8,18,0,17,367,6,2,8,0,8,3,0,549,0,1,75,8
1,0,36,0,118,4,7,320,202,1,8,12,15,9,0,157,83,100,3,21,7,9,5,15,2,6,2129,17,2,5,29,2,216,0,2,8,9,1,5,18,392,1,352,9,12,11,3,166,1682,7,9,9,1,8,5,7,324,8,1,52,22
0,1,1,0,9,0,0,19,25,0,9,8,3,30,0,102,9,7,0,0,2,0,6,4,0,9,485,4,6,2,7,1,0,0,0,0,1,0,0,1,102,0,16,1,0,1,3,3,361,7,1,0,0,0,3,0,35,0,0,5,7
0,0,0,0,0,0,5,1,6,0,7,1,5,0,0,7,3,71,5,1,0,8,1,2,1,0,116,9,0,1,5,0,1,0,2,1,6,0,1,2,2,0,26,14,3,6,1,171,73,1,0,3,1,6,7,0,82,5,0,1,2
0,110,107,0,0,0,1,0,35,0,0,16,0,0,0,2,0,0,10,0,0,809,0,0,11,0,0,21,0,2,179,0,2,148,80,0,3,0,33,42,0,1,0,13,122,46,1,0,0,2,0,0,59,7,2,0,3,11,137,1,120
0,0,1,0,0,0,0,0,3,0,0,5,0,0,0,4,0,2,6,0,0,12,0,0,1,0,0,1,0,0,4,0,0,1,29,0,7,0,44,2,0,0,0,1,353,89,0,0,0,3,0,0,16,97,1,0,0,0,2,0,0
1,3,9,0,0,1,0,408,0,1,3,1,0,2,10,1,0,0,1,0,26,0,64,14,2,4,1,0,4,148,0,46,1,66,1,3,2,4,1,4,2,63,1,313,0,14,0,720,0,3,6,0,2,4,2,37,0,1,10,0,2
0,0,1,167,161,0,0,70,0,0,1,10,2,3,0,1,1,0,0,5,10,0,0,15,0,0,4,0,257,2,1,16,5,0,0,119,1,0,0,0,16,0,4,0,1,0,1,22,2,0,1,35,0,0,0,0,0,0,3,12,3
0,0,0,16,314,0,0,19,0,0,0,0,2,197,0,0,16,0,0,434,19,0,0,0,0,0,4,0,6,2,5,12,0,0,0,2,0,1,0,0,259,1,8,0,0,0,0,1,0,0,0,1132,0,0,0,1,1,0,0,156,1
0,31,47,5,101,1,10,805,147,0,53,65,77,32,2,9,20,40,26,15,3,23,80,19,22,1,28,102,10,16,97,20,14,35,40,6,69,0,25,105,180,14,48,30,168,31,7,58,24,53,130,23,46,12,20,1,57,89,118,28,18
0,99,25,0,2,55,419,4,261,0,11,32,16,3,0,722,0,12,1006,14,0,31,51,954,28,0,11,33,0,20,6,2,755,12,35,3,34,0,40,30,2,71,39,65,18,42,379,2,3,23,3,0,51,35,283,165,299,16,12,5,11
1660,0,0,0,0,1270,0,0,0,2264,0,0,0,0,1463,0,0,0,0,1,93,0,0,6,0,606,0,0,1,2,0,0,0,0,0,0,0,48,0,0,0,0,0,0,0,0,0,1,0,0,0,0,0,0,0,55,0,0,0,0,0
2,0,0,0,0,26,0,0,0,27,0,0,0,0,40,0,0,0,0,1,7,0,0,1,0,714,0,0,0,0,0,3,0,0,0,0,0,1404,0,0,0,2,0,0,0,0,0,1,0,0,0,0,0,0,0,9,0,0,0,0,0
23,1,1,2,2,18,0,22,0,37,9,0,0,2,36,0,0,1,0,0,40,1,40,76,0,18,0,4,8,320,0,392,1,182,0,10,1,202,0,3,35,84,4,4,0,5,1,110,0,0,2,0,4,0,1,1832,0,1,2,0,2
24,0,2,19,1054,9,0,89,0,7,0,10,9,691,6,0,405,23,1,948,82,0,0,6,0,9,23,0,24,77,131,137,0,0,0,19,0,124,0,0,589,1,59,0,2,0,0,21,12,1,0,1122,0,0,1,53,9,1,1,81,2
37,0,0,1,37,16,0,5,0,22,0,0,0,13,3,0,1,0,0,29,383,0,0,1,0,1,0,0,3,65,0,3,0,0,0,2,0,6,0,1,16,3,17,1,0,0,0,6,0,0,0,35,0,0,1,32,0,0,0,1,0
0,3,25,0,0,0,4,0,8,0,0,7,0,2,0,3,0,1,3,1,0,32,5,2,14,0,1,35,0,20,12,2,3,31,6,0,17,0,12,4,3,5,0,46,23,48,4,0,0,3,15,0,8,39,11,0,4,5,7,6,52
0,0,14,0,2,0,3,0,5,0,0,18,1,0,0,2,0,2,9,0,0,106,8,11,0,0,5,26,0,20,36,0,4,12,3,0,2,0,3,6,0,3,0,18,27,31,3,0,3,0,0,1,0,8,59,0,3,1,10,1,88
0,2,3,0,1,1,26,2,4,0,94,3,57,12,0,7,0,26,14,0,0,25,92,4,3,0,8,325,0,520,2,0,2,2,1,0,49,0,0,13,41,2,2,258,6,1,30,0,25,30,44,0,1,8,53,0,15,15,0,0,70
5,2,6,0,13,7,1,13,2,2,3,16,6,14,3,0,24,37,0,31,333,0,1,62,0,2,9,2,1,17,16,13,3,5,0,0,2,1,0,0,15,179,833,1,7,2,4,11,10,0,1,28,0,1,3,2,106,0,0,82,6
0,0,20,0,0,0,0,1,10,0,1,1150,2,2,0,1,0,14,5,0,1,3,4,68,1,0,12,3,0,1,98,2,307,5,2,0,4,0,46,3,0,3,10,2,294,402,2,0,6,2,1,1,9,110,61,1,30,0,7,185,31
0,0,0,0,0,0,66,0,0,0,138,1,597,2,0,26,1,30,0,0,0,5,237,0,1,0,3,52,0,19,1,0,5,0,0,85,19,0,0,2,2,2,0,12,1,0,129,0,5,105,37,0,1,4,21,3,1,2,0,0,1
852,0,0,0,1,1279,0,4,0,597,1,0,2,0,322,159,1,3,0,1,47,0,0,2,0,358,0,0,2,4,0,3,0,0,0,0,1,49,0,0,0,0,33,1,0,1,0,4,0,0,0,1,0,0,0,35,1,0,0,0,3
0,0,0,0,0,9,0,0,0,2,1,0,0,0,4,5,1,1,0,0,1,0,0,0,0,39,1,0,0,0,0,1,0,0,0,0,0,79,0,0,0,0,2,0,0,0,0,0,0,0,0,0,0,0,0,4,0,0,0,0,0
