0.61168,0.37687,0.14726,0.94537,0.37305,0.48226,0.25289,0.38332,0.29848,0.75385,0.49642,0.5292,0.33162,0.44549,0.65529,0.29426,0.6217,0.31266,0.40512,0.48846,0.61765,0.31034,0.37731,0.48858,0.37338,0.32289,0.42284,0.28577,0.75663,0.20175,0.46665,0.1384,0.3141,0.36567,0.29383,0.88389,0.25737,0.46001,0.30814,0.28595,0.17545,0.57346,0.31712,0.28942,0.31263,0.3044,0.37283,0.25276,0.49075,0.55273,0.21395,0.29242,0.29954,0.31327,0.32627,0.5493,0.16029,0.28355,0.32825,0.40661,0.26656
0.41119
0,92,60,0,0,0,16,0,531,0,0,154,0,0,0,71,0,0,77,0,0,79,0,0,17,0,0,3,0,0,7,0,0,30,392,0,0,0,438,48,0,0,0,2,136,11,14,0,0,79,2,0,656,2,22,0,0,27,95,1,2
0,880,10,0,0,0,2,0,2,0,2,57,1,0,0,4,0,1,5,0,0,26,7,0,948,0,0,39,0,1,4,1,0,12,83,0,45,0,68,686,1,0,0,14,1,1,2,0,0,8,283,0,95,11,1,0,0,691,0,0,5
0,129,128,0,0,0,8,0,26,0,0,59,0,0,0,14,0,3,57,0,0,173,3,0,113,0,0,30,0,1,15,11,4,164,238,1,12,0,239,141,0,1,0,29,53,69,5,0,0,9,18,0,298,72,2,0,3,83,39,20,34
0,5,128,0,0,0,3,1,100,0,0,51,0,0,0,13,0,0,39,0,0,176,0,3,0,0,1,6,0,0,30,0,15,27,151,0,0,0,293,6,0,0,1,0,745,99,0,0,0,150,0,0,200,11,129,0,0,0,530,1,24
0,111,20,0,0,0,3,0,7,0,0,34,0,0,0,1,0,0,1,0,0,84,0,0,18,0,0,2,0,0,10,0,0,27,102,0,0,0,20,113,0,0,0,0,2,0,1,0,0,0,6,0,129,0,2,0,1,28,7,0,0
0,16,287,0,5,1,31,7,43,0,1,48,1,8,1,22,4,11,70,0,1,293,5,6,51,0,26,56,0,4,173,238,11,213,104,2,29,0,51,166,10,23,20,126,101,219,14,1,19,7,21,0,83,75,25,0,33,73,56,99,396
2,0,1,4,2,1,1,3,0,1,0,0,5,3,1,0,15,1,0,0,7,0,4,15,0,1,5,2,11,1,1,30,1,3,0,6,1,2,0,3,36,2,10,1,0,3,0,8,1,1,0,4,0,0,1,3,1,0,1,13,33
0,3,7,0,0,0,184,1,20,0,1,5,7,4,0,397,1,2,405,1,1,15,20,30,7,2,4,88,1,17,6,9,177,10,3,7,30,0,5,37,18,12,1,79,11,10,944,1,5,2,36,0,5,4,677,1,7,17,5,2,38
0,58,11,0,0,0,2,0,4,0,0,164,0,0,0,6,0,18,30,0,0,4,1,0,102,0,0,0,0,0,0,5,0,1,662,0,45,0,734,66,1,0,0,7,14,25,0,0,0,5,1,0,365,36,3,0,0,18,1,1,0
0,0,11,0,0,1,0,105,0,1,3,5,0,4,0,0,0,2,3,0,0,2,12,1,1,0,0,1,1,39,0,52,8,6,0,2,0,1,9,1,0,4,0,1,0,1,0,6,0,0,2,0,0,2,1,0,0,2,2,1,2
0,0,3,11,41,1,0,1,0,0,0,19,60,5,0,0,117,3,1,29,2,0,0,10,0,8,12,0,4,1,5,8,5,0,0,2,0,0,0,0,130,9,36,1,2,0,0,2,3,0,0,233,0,0,0,1,31,0,0,1034,0
0,0,0,0,0,16,0,0,0,14,0,0,0,0,38,0,0,0,0,0,0,0,0,0,0,145,0,0,0,1,0,17,0,1,0,0,0,462,0,0,0,3,0,0,0,0,0,0,0,0,0,0,0,0,0,125,0,0,0,0,0
3,1,9,3,2,2,2,10,0,7,59,1,3,1,11,0,0,4,0,0,19,5,21,11,2,6,1,9,17,208,0,227,2,98,0,12,1,41,0,8,2,19,10,2,1,9,2,53,1,0,2,1,1,0,1,223,1,3,8,1,0
99,0,5,9,193,5,0,9,1,1,3,3,15,168,1,2,2143,34,1,265,40,0,0,3,0,21,13,0,10,15,21,24,3,0,0,11,1,29,0,0,370,1,127,0,1,0,1,10,14,0,0,240,0,1,1,96,29,0,2,305,3
10,4,79,5,12,4,0,30,1,7,12,0,3,4,3,1,63,21,0,11,99,1,15,4,9,0,18,5,16,599,3,41,19,15,0,1,15,1,3,38,34,8,449,6,1,7,0,41,12,3,4,51,0,1,0,32,85,1,2,39,11
3,0,2,0,1,0,18,5,2,0,20,0,50,7,0,4,95,367,3,9,4,2,4,1,0,17,26,19,1,12,5,9,4,0,0,0,6,0,0,1,21,1,197,12,2,2,9,223,33,4,1,3,0,2,250,11,224,3,0,84,9
0,405,59,0,0,0,128,0,7,0,7,18,5,1,0,62,0,13,53,0,0,178,33,2,516,0,1,184,0,21,11,1,2,83,84,0,123,0,95,328,0,6,1,102,7,23,235,1,1,2,377,0,53,51,13,0,0,533,3,1,21
0,0,63,0,0,0,0,1,13,0,0,12,0,0,0,0,0,1,1,0,0,53,0,0,0,0,0,3,0,0,348,0,1,14,19,1,0,0,5,0,0,0,0,0,64,49,0,0,3,0,0,1,5,14,5,0,0,0,42,2,229
0,0,2,0,4,0,0,0,3,0,1,1,1,0,0,1,0,0,0,0,0,1,0,0,0,0,57,0,2,1,0,1,5,0,0,0,0,0,1,1,4,0,1,0,0,0,0,1,22,0,0,0,0,0,0,0,7,0,0,2,5
0,0,6,1,9,0,4,7,11,0,0,4,3,0,0,9,6,3,1,0,0,0,2,1,2,0,273,12,0,3,0,6,22,0,0,3,3,0,0,15,18,1,11,7,2,2,0,1,207,2,3,1,1,0,0,1,7,4,1,6,36
0,0,0,0,0,0,0,0,0,0,2,0,0,0,0,1,0,0,0,0,0,0,1,0,0,0,11,0,0,0,0,1,0,0,0,0,3,0,0,0,0,0,0,0,1,0,0,0,16,0,1,0,0,0,0,0,1,0,0,0,0
2,0,1,7,27,0,0,16,0,0,1,7,2,5,2,1,1,0,0,1,47,0,0,508,0,0,8,0,15,6,3,309,31,1,0,6,0,1,0,0,49,1,7,0,1,1,0,111,10,0,0,59,0,0,3,1,0,0,2,8,2
0,14,8,0,0,1,170,0,6,0,0,2,1,1,0,388,0,0,383,0,0,6,7,4,17,0,0,28,0,10,1,0,60,3,9,1,11,0,9,24,2,0,0,42,0,6,494,0,0,1,20,0,1,3,285,1,0,24,1,0,2
0,137,1,0,0,0,4,0,1,0,157,4,34,8,0,2,0,91,1,0,0,6,87,0,219,0,1,107,0,40,0,1,0,0,48,0,404,0,24,11,0,0,0,84,0,5,1,1,0,111,248,0,5,356,1,0,1,78,0,0,3
5,0,0,1,12,4,0,11,0,3,0,0,0,5,0,0,1,0,0,3,2037,0,0,5,0,1,1,0,7,14,0,12,0,0,0,2,0,5,0,0,5,4,28,3,0,0,0,1,0,0,0,21,0,0,0,10,0,0,0,0,0
2,0,176,0,0,2,3,6,1,2,14,0,2,0,5,0,1,1,1,0,1,2,52,5,0,2,3,1,0,10,2,108,4,101,0,0,0,3,0,1,5,74,55,1,2,272,2,4,0,0,0,2,1,0,0,14,4,0,243,1,1
1,0,2,2,42,0,1,3,0,0,2,1,17,393,0,4,372,14,0,77,1,0,1,2,0,121,16,0,2,0,93,21,4,0,0,4,29,0,0,0,445,3,29,0,0,1,3,1,8,0,0,105,0,0,2,2,25,0,5,99,92
0,0,0,4586,230,0,0,1,0,0,0,0,1,0,0,0,0,0,0,0,1,0,0,0,0,0,2,0,1654,0,0,0,0,0,0,2748,0,0,0,0,2,0,0,0,0,0,0,0,0,0,0,0,0,0,0,0,0,0,0,3,0
3,1,3,3,0,0,2,3,3,2,14,1,7,1,3,1,0,9,0,0,22,4,39,13,3,18,2,4,27,16,0,27,4,28,0,16,1,4,0,12,4,141,7,4,0,3,3,402,0,0,1,0,3,0,4,8,2,1,31,2,7
0,9,3,0,0,1,0,0,8,0,309,2,53,0,119,1,0,21,1,0,1,3,8,2,7,0,6,25,6,2,5,1,1,0,7,1,10,0,2,32,6,7,2,2,7,1,3,356,7,18,23,0,6,2,9,0,28,9,6,0,3
0,124,81,0,0,0,107,0,16,0,176,1,86,70,0,23,0,137,42,0,0,115,233,0,221,0,2,560,0,266,13,18,9,28,10,0,290,0,22,89,8,33,3,474,7,59,148,2,278,100,506,0,2,198,4,0,31,266,4,21,159
2,94,234,0,5,5,220,14,29,0,314,7,129,259,0,60,4,368,133,1,0,82,316,5,196,13,115,779,2,266,19,166,31,32,29,2,433,0,38,284,211,84,22,747,11,147,51,5,114,118,462,3,7,194,32,1,229,396,3,46,676
0,38,2,0,0,0,380,0,146,0,1527,0,644,48,0,4,0,726,5,0,0,5,958,1,12,0,8,126,1,63,1,16,12,0,3,1,637,0,1,3,9,1,0,64,0,12,8,0,20,1064,103,2,0,203,4,0,69,14,0,0,9
2,0,0,0,0,14,0,0,0,6,75,0,1,0,19,3,0,0,0,0,0,0,2,3,0,101,0,0,0,0,0,37,0,7,0,0,0,525,0,0,0,6,0,0,0,0,2,0,0,0,0,0,0,0,0,378,0,0,0,0,0
14,0,18,1,0,0,0,15,0,17,2,1,0,1,148,0,0,0,1,1,21,2,141,7,0,9,1,0,15,31,0,285,11,916,0,3,1,15,0,2,1,1210,110,2,2,139,1,53,1,0,1,0,1,0,1,60,0,0,754,2,1
0,0,0,4,451,0,0,34,0,0,0,0,1,1602,0,0,60,1,1,1736,26,0,0,3,0,5,1,0,19,0,330,343,8,0,0,11,0,3,0,1,235,4,11,0,2,0,0,32,1,0,0,629,0,0,0,15,0,0,32,23,13
0,6,225,0,1,0,2,6,29,0,6,154,26,2,0,8,1,85,13,1,1,186,3,25,6,0,26,27,2,3,1539,1,26,35,108,0,93,0,138,10,2,1,36,12,178,817,3,33,27,9,3,151,67,739,35,1,392,1,77,22,266
0,0,28,0,44,3,0,12,47,0,7,10,5,0,0,41,6,10,1,1,2,3,3,31,3,0,1591,6,6,3,12,0,598,0,2,4,8,0,10,15,116,4,107,2,7,7,0,25,365,4,3,9,1,6,3,0,423,3,1,81,8
0,0,44,0,115,6,8,319,219,0,7,12,22,11,0,224,79,85,2,14,6,10,6,14,0,7,2129,11,7,5,31,1,213,1,2,7,13,1,5,21,366,1,306,7,11,7,4,183,1644,7,8,7,1,8,6,5,349,10,0,60,18
0,0,1,0,12,0,0,18,32,0,11,8,3,27,0,142,10,11,0,1,1,0,6,4,0,8,455,4,6,2,4,2,0,0,0,1,2,0,0,2,102,0,11,1,0,0,2,3,352,7,1,0,0,0,3,0,30,0,0,6,5
0,0,1,0,2,0,8,1,6,0,4,1,10,0,0,6,3,57,2,0,0,6,0,3,1,0,101,8,0,0,5,0,1,0,1,1,9,0,1,3,4,0,20,9,3,9,2,214,74,3,0,1,0,3,8,0,74,4,0,1,2
0,99,98,0,0,0,1,0,37,0,0,20,0,0,0,2,0,0,13,0,0,792,0,0,12,0,0,41,0,1,178,1,2,159,75,0,3,0,28,48,0,0,0,15,117,52,3,0,0,2,2,0,61,6,2,0,3,10,126,1,126
0,0,1,0,0,0,0,0,3,0,0,4,0,0,0,4,0,2,7,0,0,12,0,0,1,0,0,1,0,0,3,0,0,1,32,0,7,0,40,2,0,0,0,1,355,93,0,0,0,4,0,0,18,90,1,0,0,0,2,0,0
1,2,6,0,0,0,0,398,0,1,3,1,0,2,6,1,0,5,0,0,24,0,30,17,2,7,1,0,8,174,0,39,2,79,2,0,4,2,1,7,1,94,4,314,0,15,0,688,0,2,3,1,1,4,1,35,0,2,20,0,2
0,0,0,170,156,0,0,69,0,0,1,10,2,3,0,1,3,0,0,2,12,0,0,15,0,0,5,0,282,1,1,19,4,1,0,103,1,0,0,0,11,0,5,0,1,0,1,18,3,0,0,34,0,0,0,0,0,0,4,11,3
0,0,0,18,321,0,0,21,0,0,0,0,2,193,0,0,18,0,0,435,18,0,0,0,0,0,4,0,5,1,4,15,0,0,0,3,0,1,0,0,245,0,7,0,0,0,0,1,0,0,0,1134,0,0,0,2,1,0,0,159,1
0,39,32,4,104,1,11,795,142,0,64,66,77,34,2,9,23,51,32,16,2,27,87,23,18,1,29,99,13,14,98,20,15,35,41,6,70,0,21,101,175,11,36,24,167,29,6,65,25,48,113,22,43,13,18,1,58,87,148,26,19
0,61,23,0,3,71,482,6,254,0,9,32,14,3,0,723,0,9,965,7,0,30,52,963,23,0,10,37,0,20,8,2,762,10,37,3,41,0,32,35,2,62,27,58,16,34,402,4,4,22,3,0,59,35,295,152,290,22,15,8,13
1739,0,0,0,0,1127,0,0,0,2300,0,0,0,0,1479,0,0,0,0,0,100,0,0,5,0,617,0,0,2,2,0,0,0,0,0,0,0,49,0,0,0,0,0,0,0,0,0,1,0,0,0,0,0,0,0,49,0,0,0,0,0
2,0,0,0,0,25,0,0,0,29,0,0,0,0,40,0,0,0,0,1,7,0,0,2,0,732,0,0,0,0,0,3,0,0,0,0,0,1386,0,0,0,1,0,0,0,0,0,1,0,0,0,0,0,0,0,8,0,0,0,0,0
24,1,1,1,1,18,0,25,0,43,10,0,0,3,35,2,0,3,0,0,38,0,36,63,0,22,1,3,11,363,0,364,1,323,0,9,0,222,0,2,4,87,6,4,0,4,1,108,0,0,0,0,3,0,3,1688,0,2,1,0,3
23,0,2,20,1102,12,0,92,0,4,0,9,7,676,6,0,391,24,1,898,66,0,0,7,0,10,21,0,27,67,142,114,0,1,0,18,0,127,0,0,579,1,72,0,3,0,0,16,11,1,0,1153,0,0,2,73,13,1,1,89,2
35,0,0,1,37,15,0,5,0,21,0,0,0,11,3,0,1,0,0,29,371,0,0,1,0,0,0,0,2,59,1,4,0,1,0,2,0,7,0,1,13,1,32,1,0,0,0,5,0,0,0,48,0,0,0,33,0,0,0,1,0
0,3,25,0,0,0,5,1,8,0,0,8,2,3,0,3,0,0,2,0,0,33,4,2,9,0,1,36,0,22,14,3,3,25,7,0,15,0,11,4,3,3,0,47,21,54,5,0,1,3,14,0,9,40,11,0,4,7,6,5,50
0,0,13,0,2,0,3,0,5,0,0,17,1,0,0,2,0,2,9,0,0,109,8,10,0,0,5,28,0,17,41,0,4,7,0,0,2,0,2,11,0,3,1,21,25,25,3,0,6,0,0,2,1,5,64,0,2,2,10,1,85
0,2,3,0,1,1,28,0,4,0,99,3,67,13,0,7,0,39,13,1,0,21,89,3,2,0,12,290,0,531,2,0,2,0,0,0,49,0,0,16,37,1,3,236,6,2,30,0,36,31,50,0,1,10,55,0,16,11,0,0,76
1,1,4,0,16,9,1,15,1,2,3,15,6,12,1,1,25,34,0,14,267,0,2,67,0,2,12,2,1,14,13,12,4,3,0,0,2,1,0,0,10,179,867,2,6,5,3,35,9,0,1,23,0,1,6,5,134,0,1,86,7
0,0,22,0,0,2,0,2,11,0,0,1160,0,3,0,3,0,5,7,0,0,3,5,69,1,0,14,3,0,1,95,1,331,4,2,0,5,0,36,2,1,3,8,3,290,354,1,3,10,2,2,1,7,155,61,0,28,1,10,169,27
0,0,0,0,0,0,68,1,0,0,148,1,564,2,1,28,1,43,0,0,0,3,236,0,0,0,3,41,0,17,1,0,4,0,0,109,21,0,0,2,2,0,0,11,1,0,123,0,7,96,41,0,1,6,23,3,2,3,0,0,3
870,0,0,0,1,1264,0,5,0,588,1,0,2,0,328,150,2,3,0,0,51,0,0,2,0,352,0,0,3,4,0,2,0,0,0,0,0,49,0,0,0,0,47,1,0,1,0,3,0,0,0,2,0,0,0,31,1,0,0,0,4
0,0,0,0,0,9,0,0,0,2,1,0,0,0,5,5,1,2,0,0,2,0,0,0,0,39,1,0,0,0,0,2,0,0,0,0,0,76,0,0,0,0,1,0,0,0,0,0,0,0,0,0,0,0,0,4,0,0,0,0,0
