0.60432,0.40219,0.13293,0.94332,0.35595,0.46863,0.2276,0.39829,0.29615,0.75595,0.45806,0.5028,0.37748,0.45579,0.65188,0.31181,0.63133,0.1871,0.42771,0.40868,0.62415,0.31797,0.41174,0.48793,0.31931,0.30655,0.43677,0.27748,0.80404,0.2615,0.44295,0.16444,0.31885,0.2908,0.29283,0.90482,0.26379,0.48054,0.28784,0.30079,0.18294,0.59737,0.30837,0.29081,0.30129,0.20116,0.34812,0.29204,0.52286,0.6045,0.20892,0.28735,0.31357,0.30949,0.33736,0.58307,0.20659,0.29803,0.3211,0.42303,0.2508
0.40915
0,97,54,0,0,0,17,0,523,0,0,148,0,0,0,66,0,0,71,0,0,81,0,0,19,0,0,0,0,0,12,0,0,23,388,0,1,0,434,44,0,0,0,1,139,15,6,0,0,75,3,0,698,1,22,0,0,25,97,2,2
0,919,10,0,0,0,2,0,3,0,3,41,0,1,0,5,0,1,2,0,0,24,5,0,827,0,0,34,0,3,8,0,0,16,77,0,28,0,68,727,1,0,0,2,1,0,1,0,1,5,259,0,89,12,1,0,0,816,0,0,5
0,150,122,0,0,0,8,0,27,0,0,55,0,0,0,11,0,7,34,7,0,190,2,0,136,0,0,14,0,0,28,4,6,181,247,1,11,0,248,119,0,0,1,20,56,31,4,0,0,9,15,0,300,72,3,0,2,84,49,15,35
0,3,128,0,0,0,3,0,104,0,0,51,0,0,0,10,0,3,29,0,0,161,0,3,1,0,0,3,0,0,24,0,20,7,148,0,0,0,306,4,0,0,1,0,724,133,0,0,0,152,0,0,227,9,122,0,0,0,547,0,15
0,116,22,0,0,0,2,0,7,0,0,26,0,0,0,1,0,0,2,0,0,90,0,0,15,0,0,1,0,0,22,0,0,17,113,0,0,0,18,110,0,0,0,0,3,0,1,0,0,0,6,0,119,0,1,0,0,31,6,0,0
0,21,266,0,4,0,27,7,37,0,1,57,0,11,1,21,2,33,67,43,1,295,3,8,91,0,20,42,0,3,135,120,13,395,97,3,29,0,71,89,8,24,38,70,87,197,14,3,19,7,20,2,93,84,26,0,33,84,64,106,394
2,1,0,6,3,1,1,4,0,2,0,1,4,2,1,0,9,2,0,4,5,0,2,13,0,1,5,2,7,3,0,38,2,5,0,3,2,2,0,1,40,2,4,1,0,7,0,3,1,0,0,7,0,0,1,5,2,0,1,13,30
0,9,11,0,2,0,173,2,23,0,1,8,1,4,0,432,1,4,460,6,1,11,21,31,17,2,3,92,0,13,8,5,155,18,4,5,33,0,5,23,18,9,4,63,9,12,887,1,7,0,9,0,7,5,699,1,7,22,1,0,37
0,42,7,0,0,0,2,0,4,0,0,192,0,1,0,8,0,39,25,0,0,4,2,0,108,0,0,1,0,0,0,2,0,4,653,0,43,0,715,60,0,0,1,2,15,9,0,0,0,9,9,0,370,35,4,0,0,23,1,0,0
0,0,15,0,0,2,0,106,1,1,4,1,0,4,0,0,0,0,3,0,0,2,11,2,0,0,0,1,0,11,0,48,9,37,0,3,0,1,4,0,0,3,0,1,1,3,1,3,0,0,4,0,0,2,0,1,1,1,4,1,3
0,0,3,12,36,0,0,1,0,0,0,13,62,5,0,0,108,5,1,35,3,0,0,12,0,7,9,0,4,1,7,14,3,0,0,2,0,0,0,0,128,14,51,0,2,1,0,0,3,0,0,212,0,0,0,1,16,0,0,1058,1
0,0,0,0,0,18,0,0,0,13,0,0,0,0,37,0,0,0,0,0,0,0,0,0,0,151,0,0,0,0,0,21,0,0,0,0,0,452,0,0,0,2,0,0,0,0,0,0,0,0,0,0,0,0,0,128,0,0,0,0,0
4,1,10,2,2,2,0,8,2,6,66,1,3,0,14,1,1,1,0,0,22,4,21,20,1,7,0,5,9,89,1,233,3,163,0,15,1,33,0,9,17,18,2,1,1,10,3,74,1,0,2,1,1,0,1,238,1,4,10,1,0
100,0,5,9,167,9,0,7,1,2,3,3,14,167,1,1,2168,32,1,300,34,0,0,3,0,21,12,0,10,30,24,33,2,0,0,13,2,30,0,0,365,1,136,0,2,0,0,7,15,0,0,221,0,1,0,72,34,0,3,284,4
12,2,74,3,8,4,0,32,1,7,11,1,4,4,3,2,65,35,0,20,44,1,28,5,10,1,20,2,8,688,3,47,22,104,1,4,9,1,0,30,35,6,361,6,2,10,1,12,11,2,4,17,0,3,0,24,73,1,5,58,12
2,0,1,0,2,2,9,4,1,0,18,3,31,7,0,3,90,386,4,10,5,1,6,1,2,9,24,17,0,7,6,8,4,1,0,1,6,0,0,0,12,2,241,22,2,2,4,268,29,2,0,4,0,4,221,11,262,2,0,26,3
0,425,61,0,0,0,138,0,7,0,13,13,1,1,0,79,0,7,36,0,0,185,23,1,519,0,2,151,0,23,32,0,3,94,91,0,97,0,102,407,0,2,1,70,10,17,216,1,2,5,306,0,36,46,11,0,0,594,3,1,18
0,0,78,0,0,0,0,2,13,0,0,17,0,0,0,0,0,2,1,0,0,59,0,0,0,0,0,1,0,0,242,0,2,12,12,1,0,0,3,0,0,0,0,0,61,73,0,0,4,0,0,1,6,16,7,0,0,0,42,1,293
0,0,3,0,4,0,0,0,3,0,1,0,1,0,0,1,0,0,0,0,0,1,1,0,0,0,55,0,2,0,0,1,5,0,0,1,0,0,1,1,4,0,8,0,0,0,0,0,21,0,0,0,0,0,0,0,5,0,0,1,4
0,0,6,1,18,0,4,2,9,0,1,2,3,0,0,9,6,1,1,0,0,1,0,1,2,0,268,15,0,6,0,3,28,6,0,1,3,0,0,10,19,1,16,7,1,8,0,0,203,1,3,0,1,0,0,1,7,4,1,4,33
0,0,0,0,0,0,0,0,0,0,1,0,1,0,0,0,0,0,0,0,0,0,0,0,0,0,11,0,0,0,0,0,0,0,0,0,3,0,0,0,1,0,0,0,2,1,0,0,17,0,1,0,0,0,0,0,0,0,0,0,0
3,0,1,7,24,0,0,15,0,2,1,5,2,4,2,1,1,0,0,1,35,0,0,466,0,0,6,0,11,28,2,456,30,1,0,8,0,1,0,0,50,4,9,0,0,11,0,9,12,0,0,44,0,0,0,1,0,0,1,8,1
0,17,7,0,0,0,163,0,8,0,0,1,0,1,0,408,0,0,427,0,0,4,7,7,19,0,0,32,0,11,1,0,56,5,5,1,10,0,10,23,1,1,0,24,0,4,461,0,0,1,6,0,2,3,288,1,0,28,1,0,2
0,28,2,0,1,0,4,0,2,0,187,6,20,5,0,2,0,41,1,0,0,7,88,0,216,0,1,147,0,41,0,0,0,0,44,0,422,0,26,15,0,0,0,74,0,0,0,1,0,95,421,0,4,302,1,0,0,77,0,0,1
6,0,0,2,12,3,0,12,0,3,0,0,0,7,0,0,1,0,0,7,2031,0,0,2,0,1,1,0,4,33,0,15,0,1,0,3,0,4,0,0,5,6,15,3,0,0,0,3,0,0,0,14,0,0,0,7,0,0,0,0,0
2,0,185,0,0,3,4,9,0,1,10,0,1,1,7,0,1,7,1,0,1,1,47,3,0,3,1,1,0,4,1,100,3,107,0,1,1,1,0,0,7,81,47,3,3,263,2,10,0,0,2,6,1,1,0,12,2,0,243,0,2
1,0,3,2,33,0,1,4,0,0,3,0,17,431,0,0,357,16,0,62,1,0,2,1,0,129,15,0,1,0,115,21,4,0,0,3,27,0,0,0,405,4,29,0,0,1,3,0,8,0,0,110,0,0,2,1,23,0,3,116,91
0,0,0,4327,254,0,0,1,0,0,0,0,0,0,0,0,0,0,0,0,1,0,0,0,0,0,2,0,1711,0,0,0,0,0,0,2928,0,0,0,0,1,0,0,0,0,0,0,0,0,0,0,0,0,0,0,0,0,0,0,3,0
2,0,2,4,0,0,1,6,3,2,13,1,6,1,3,1,1,7,0,0,17,2,32,11,5,9,1,3,19,12,1,36,4,19,0,13,1,3,0,13,4,104,3,1,0,7,1,505,2,1,3,0,0,1,2,5,1,1,22,0,2
0,13,3,0,0,0,3,0,7,0,308,0,54,0,119,2,0,25,0,0,0,2,5,2,7,0,5,18,5,2,6,1,2,2,5,2,10,0,1,27,3,3,7,3,4,8,4,364,6,13,18,0,5,2,10,0,31,17,6,0,1
0,74,92,0,0,0,103,0,20,0,186,1,70,56,0,23,0,74,42,3,0,114,182,0,220,0,2,586,0,272,29,15,7,61,11,1,295,0,24,188,7,34,3,499,7,33,312,1,134,105,515,1,1,179,4,0,27,283,4,20,122
1,82,230,0,5,3,206,11,21,0,382,6,97,261,1,53,2,334,125,41,1,81,244,6,247,11,112,785,2,253,31,142,30,139,30,2,433,0,44,274,173,96,38,734,8,95,63,7,109,157,447,3,10,192,34,2,211,458,4,50,626
0,1,0,0,0,0,382,0,119,0,1376,0,781,26,0,2,0,441,2,0,0,3,975,1,10,0,5,195,1,78,0,3,16,0,1,2,641,0,1,8,13,1,0,77,0,8,11,0,21,1316,151,2,0,184,5,0,67,17,0,0,7
0,0,0,0,0,12,0,0,0,7,88,0,1,0,19,3,0,0,0,0,0,0,0,7,0,105,0,0,0,0,0,33,0,0,0,0,0,494,0,0,2,5,0,0,0,0,3,0,0,0,0,0,0,0,0,402,0,0,0,0,0
10,0,25,2,1,1,0,15,1,19,2,1,0,1,151,0,0,2,1,1,14,2,124,4,1,9,1,0,11,23,0,310,14,850,0,6,0,14,0,2,5,1227,77,3,2,147,1,110,1,0,1,0,0,1,1,62,0,1,761,0,0
0,0,0,5,435,0,0,49,0,0,0,0,1,1660,0,0,58,2,1,1488,30,0,0,5,0,5,1,0,13,1,339,333,7,0,0,5,0,4,0,0,258,8,10,0,2,1,0,6,2,0,0,840,0,0,0,7,1,0,22,24,14
0,6,252,0,2,0,2,9,32,0,6,190,12,1,0,9,1,432,6,2,0,195,1,22,15,0,28,9,3,3,1347,2,30,30,106,0,83,0,181,7,1,1,62,12,242,484,3,3,22,8,3,153,55,727,41,0,347,2,143,15,318
0,0,31,0,48,2,0,14,39,0,8,8,3,0,0,26,8,16,1,2,3,1,4,28,2,0,1448,10,4,2,13,0,603,1,1,6,8,0,1,4,114,3,134,3,6,22,0,10,366,3,6,9,0,10,3,2,558,1,1,86,5
0,0,35,0,122,4,5,292,210,1,10,12,14,6,0,134,88,110,3,25,8,8,3,13,3,5,2131,15,2,4,29,3,221,1,3,14,7,0,6,8,410,1,315,14,11,15,4,125,1727,3,9,8,2,11,7,5,356,5,1,62,19
0,0,1,0,10,0,0,19,12,0,10,6,3,27,0,78,10,12,0,1,1,1,4,3,0,8,483,3,5,1,6,0,0,1,0,6,1,0,0,0,99,0,23,3,0,4,2,2,395,5,5,0,0,0,4,0,30,0,0,5,7
0,0,0,0,1,0,7,0,9,0,5,1,8,0,0,6,2,78,2,0,0,7,1,2,3,0,110,5,0,0,5,0,2,0,1,0,6,0,1,2,1,0,26,12,3,5,1,146,78,1,0,1,2,6,8,0,111,5,0,0,2
0,103,113,0,0,0,2,0,45,0,0,20,0,0,0,3,0,0,7,1,0,828,0,0,12,0,0,16,0,1,172,0,2,138,70,0,3,0,33,33,0,1,2,7,120,48,0,0,0,1,0,0,59,7,3,0,1,19,158,1,107
0,1,1,0,0,0,0,0,3,0,0,5,0,0,0,4,0,6,7,0,0,12,0,0,1,0,0,2,0,0,5,0,0,1,34,0,6,0,51,1,0,0,0,1,336,94,0,0,0,2,0,0,13,94,2,0,0,0,2,0,0
1,2,5,0,0,0,0,406,0,2,3,1,0,1,9,0,0,1,0,0,24,0,41,4,1,4,1,1,3,38,0,38,3,171,1,6,2,2,1,5,2,55,1,302,0,14,0,792,0,0,4,0,3,6,1,34,0,1,15,0,5
0,0,1,164,178,0,0,70,0,0,0,6,2,4,0,1,0,0,0,1,9,0,1,12,0,0,3,0,248,1,1,24,8,1,0,124,1,0,0,0,15,0,5,0,1,0,0,11,3,0,1,34,0,1,1,0,0,0,3,16,1
0,0,0,16,289,0,0,16,0,0,0,0,4,189,0,0,16,0,0,511,16,0,0,0,0,0,4,0,3,5,5,13,1,0,0,0,0,1,0,0,281,0,6,0,0,0,0,1,0,0,0,1035,0,0,0,1,2,0,0,193,1
0,39,47,5,102,1,13,840,160,0,55,75,91,30,1,12,30,35,30,14,4,27,49,20,24,0,25,88,8,8,96,19,17,48,40,6,50,0,23,116,173,8,46,29,153,32,4,74,20,42,136,23,47,15,18,1,54,84,106,21,22
0,122,19,0,3,48,409,1,276,0,12,28,2,2,0,734,0,16,1062,14,0,26,68,930,32,0,9,35,0,21,7,2,778,11,30,2,38,0,41,24,2,66,35,54,18,39,353,1,2,21,5,0,56,32,289,137,287,22,11,9,9
1622,0,0,0,0,1277,0,0,0,2255,0,0,0,0,1470,0,0,0,0,0,94,0,0,6,0,645,0,0,2,5,0,4,0,0,0,0,0,38,0,0,0,1,0,0,0,0,0,0,0,0,0,0,0,0,0,51,0,0,0,0,0
2,0,0,0,0,23,0,0,0,26,0,0,0,0,44,0,0,0,0,0,7,0,0,1,0,702,0,0,0,0,0,2,0,0,0,0,0,1420,0,0,0,2,0,0,0,0,0,1,0,0,0,0,0,0,0,7,0,0,0,0,0
22,0,2,1,3,19,0,25,0,31,9,0,1,1,36,0,0,0,0,0,37,1,39,99,1,25,0,3,4,213,0,432,0,186,1,13,0,204,0,3,34,75,3,5,0,4,0,128,1,0,2,0,3,0,2,1867,0,1,1,0,2
18,0,3,18,1002,11,0,91,0,9,0,8,10,677,6,0,384,23,0,965,54,0,0,8,0,9,20,0,22,100,145,167,0,0,0,15,0,121,0,0,624,1,64,0,1,1,0,13,13,1,0,1131,0,0,1,38,13,0,2,94,1
34,0,0,1,28,17,0,6,0,23,0,0,0,13,3,0,1,0,0,42,370,0,0,2,0,1,0,0,3,79,0,3,0,7,0,1,0,7,0,1,13,2,17,1,0,0,0,5,0,0,0,31,0,0,0,29,0,0,0,1,0
0,6,27,0,0,0,4,1,7,0,2,6,0,0,0,3,0,2,2,3,0,33,2,0,15,0,0,38,0,20,7,0,3,36,11,0,23,0,17,6,3,2,0,46,24,37,4,0,2,2,8,0,6,37,12,0,2,6,11,6,50
0,0,13,0,2,0,2,1,7,0,0,24,1,0,0,2,0,3,8,1,0,110,3,8,0,0,3,35,0,17,26,0,3,10,1,0,1,0,1,3,1,2,3,17,20,53,3,0,3,0,0,2,0,5,66,0,3,2,9,0,80
0,4,3,0,1,1,32,1,5,0,94,2,60,13,0,6,0,15,14,1,0,20,66,3,6,0,10,363,0,439,3,0,2,1,1,1,64,0,0,13,39,0,5,312,3,6,32,0,19,41,35,0,0,7,59,0,9,14,0,0,74
4,1,5,0,12,9,1,13,1,2,6,20,7,15,0,0,21,40,0,30,324,0,2,68,0,2,11,1,1,14,18,15,2,6,0,0,2,1,0,1,15,171,844,2,5,3,1,10,8,0,1,21,0,1,7,5,87,0,0,100,7
0,0,17,0,0,0,0,1,12,0,0,1078,1,0,0,3,0,26,4,0,1,5,6,59,1,0,7,3,0,2,76,2,309,6,3,0,5,0,47,3,0,4,14,3,316,436,1,0,8,2,2,2,9,231,58,2,30,0,6,99,23
0,0,0,0,0,0,67,1,1,0,104,0,673,2,1,23,0,30,0,0,0,4,247,0,1,0,3,54,0,19,3,0,6,0,0,14,21,0,0,3,2,1,1,13,0,1,141,0,7,90,43,0,1,4,24,3,3,3,0,0,2
836,0,0,0,1,1307,0,5,0,567,1,0,2,0,321,160,1,4,0,0,55,0,0,3,0,376,0,0,2,4,0,4,0,0,0,0,1,46,0,0,0,0,28,1,0,1,0,2,0,0,0,1,0,0,0,33,1,0,0,1,3
0,0,0,0,0,10,0,0,0,2,0,0,0,0,5,5,1,1,0,0,1,0,0,0,0,42,1,0,0,0,0,1,0,0,0,0,0,75,0,0,0,0,0,0,0,0,0,0,0,0,0,0,0,0,0,5,1,0,0,0,0
