0.60436,0.38301,0.13885,0.94464,0.36554,0.46333,0.22853,0.38363,0.30182,0.74884,0.48378,0.5253,0.36543,0.45053,0.65134,0.30835,0.62384,0.29081,0.4209,0.46391,0.601,0.31077,0.36856,0.49324,0.34409,0.32553,0.43237,0.28335,0.79317,0.21879,0.46711,0.14127,0.3098,0.35076,0.28151,0.88615,0.2604,0.46562,0.30288,0.29669,0.16982,0.5729,0.29779,0.28949,0.30525,0.30989,0.37379,0.25982,0.49493,0.56946,0.21438,0.2916,0.30179,0.30321,0.33626,0.55963,0.21032,0.2947,0.32503,0.40242,0.25081
0.41083
0,89,59,0,0,0,23,0,530,0,0,153,0,0,0,69,0,0,70,0,0,81,0,0,14,0,0,2,0,0,4,0,0,24,406,0,0,0,450,46,0,0,0,1,133,15,10,0,0,77,2,0,657,2,22,0,0,28,94,1,2
0,879,10,0,0,0,3,0,2,0,2,56,1,0,0,4,0,1,3,0,0,25,8,0,864,0,0,35,0,1,4,1,0,18,85,0,40,0,74,726,1,0,0,12,1,1,2,0,1,7,283,0,93,9,1,0,0,740,0,0,4
0,137,125,0,0,0,9,0,24,0,0,59,0,0,0,15,0,5,44,0,0,183,2,0,108,0,0,30,0,0,17,10,3,191,244,1,9,0,237,137,0,0,1,21,52,55,4,0,0,7,18,0,301,76,3,0,4,82,38,15,37
0,5,132,0,0,0,3,1,100,0,0,50,0,0,0,12,0,0,34,0,0,175,0,3,0,0,1,3,0,0,33,0,19,13,152,0,0,0,300,5,0,0,1,0,732,114,0,0,0,154,0,0,193,13,121,0,0,0,548,1,20
0,106,21,0,0,0,3,0,7,0,0,27,0,0,0,1,0,0,1,0,0,75,0,0,18,0,0,2,0,0,10,0,0,27,122,0,0,0,20,121,0,0,0,0,2,0,1,0,0,0,7,0,123,0,2,0,1,26,6,0,0
0,18,272,0,4,0,32,8,43,0,0,48,2,7,1,22,4,9,64,2,2,304,3,6,53,0,24,53,0,4,170,209,13,292,88,4,28,0,61,162,12,15,28,96,102,195,15,1,22,7,22,0,93,85,25,0,33,68,51,97,407
4,1,1,5,3,0,1,4,0,1,0,0,5,3,2,0,10,1,0,0,8,0,5,19,0,0,3,2,10,1,0,33,1,3,0,5,2,2,0,2,35,2,6,1,1,1,0,7,1,0,0,5,0,0,1,4,1,0,1,13,35
0,9,9,0,1,0,201,3,24,0,1,6,6,4,0,400,1,2,418,0,1,11,16,31,10,1,4,95,0,14,4,6,168,16,4,7,25,0,6,33,14,12,3,78,10,12,924,1,4,1,26,0,3,6,689,2,7,13,4,2,34
0,61,7,0,0,0,3,0,4,0,0,189,0,0,0,7,0,19,29,0,0,5,1,0,101,0,0,0,0,0,0,6,0,3,641,0,44,0,746,65,1,0,0,6,13,22,0,0,0,6,1,0,356,29,3,0,0,21,1,0,0
0,0,14,0,0,2,0,108,1,2,2,2,0,5,1,0,0,1,4,0,0,2,18,0,1,0,0,1,0,30,0,46,6,13,0,4,0,1,5,0,1,4,0,1,0,3,0,3,0,0,3,0,1,2,1,0,0,2,1,1,3
0,0,2,7,40,1,0,1,0,0,0,14,61,5,0,0,117,5,1,39,2,0,0,10,0,9,9,0,4,4,6,10,3,0,0,2,0,0,0,0,129,15,47,0,2,2,0,0,3,0,0,230,0,0,0,2,16,0,0,1031,1
0,0,0,0,0,17,0,0,0,14,0,0,0,0,37,0,0,0,0,0,0,0,0,0,0,145,0,0,0,1,0,21,0,1,0,0,0,455,0,0,0,3,0,0,0,0,0,0,0,0,0,0,0,0,0,128,0,0,0,0,0
3,1,8,2,2,1,1,9,1,6,64,1,3,2,11,0,0,4,0,0,20,3,27,11,3,5,0,7,11,193,0,223,1,89,0,15,1,39,0,8,18,19,5,2,2,12,2,61,1,0,0,1,1,0,1,234,0,2,9,1,0
104,0,5,8,177,7,0,8,1,0,3,3,14,167,1,0,2151,35,1,279,42,0,0,3,0,18,13,0,11,19,21,24,2,0,0,10,3,30,0,0,364,1,131,0,2,1,1,10,17,0,0,232,0,1,0,94,16,0,2,314,3
9,3,82,7,7,2,0,32,2,6,9,1,3,8,3,1,64,28,0,17,101,0,27,3,8,0,20,3,15,652,4,45,20,16,0,3,14,1,0,39,36,7,420,4,2,5,0,19,16,5,1,37,0,2,0,27,57,0,5,43,18
2,0,1,0,2,1,11,4,2,0,24,0,37,7,2,2,93,375,3,11,4,2,5,0,1,8,30,16,0,8,8,10,4,0,0,0,6,0,0,1,25,1,240,14,2,3,5,310,33,2,0,4,0,3,236,5,132,1,0,83,9
0,401,68,0,0,0,125,0,6,0,8,16,4,1,0,66,0,15,48,0,0,180,31,2,503,0,1,174,0,21,15,1,2,92,91,0,116,0,100,349,0,3,1,97,6,17,228,0,1,2,361,0,50,51,12,0,0,559,3,1,22
0,0,63,0,0,0,0,1,11,0,0,10,0,0,0,0,0,1,1,0,0,54,0,0,0,0,0,2,0,0,333,0,2,12,22,1,0,0,4,0,0,0,0,0,66,53,0,0,2,0,0,1,4,16,5,0,0,0,48,2,235
0,0,2,0,3,0,0,0,2,0,1,0,1,0,0,1,0,0,0,0,0,1,0,0,0,0,57,0,2,1,0,1,6,0,0,0,0,0,1,1,4,0,5,0,0,0,0,0,20,0,0,0,0,0,0,0,8,0,0,1,6
0,0,6,2,12,0,4,5,7,0,0,5,3,0,0,7,7,3,1,0,0,2,2,1,2,0,266,13,0,5,0,3,29,3,0,2,3,0,0,13,18,1,15,8,2,3,0,2,200,2,3,0,0,0,0,0,7,3,1,6,40
0,0,0,0,0,0,0,0,0,0,1,0,1,0,0,1,0,0,0,0,0,0,1,0,0,0,10,0,0,0,0,0,0,0,0,0,3,0,0,0,1,0,1,0,1,0,0,0,17,0,1,0,0,0,0,0,0,0,0,0,0
2,0,1,7,24,0,0,17,0,0,1,6,2,5,1,1,2,0,0,1,47,0,0,504,0,0,5,0,12,11,3,305,37,1,0,8,0,1,0,0,50,5,6,0,1,1,0,112,11,0,0,58,0,0,2,1,0,0,2,9,1
0,16,8,0,0,0,163,0,8,0,0,2,0,1,0,394,0,0,400,0,0,6,7,6,19,0,0,27,0,10,2,0,64,3,5,1,10,0,10,25,1,0,0,40,0,6,482,0,0,1,15,0,3,3,281,1,0,23,1,0,2
0,82,2,0,0,0,4,0,1,0,163,6,17,8,0,3,0,90,0,0,0,7,90,0,224,0,1,107,0,39,0,0,0,0,53,0,422,0,25,8,0,0,0,90,0,5,0,1,0,108,295,0,5,342,1,0,1,80,0,0,2
5,0,0,2,11,3,0,11,0,3,0,0,0,5,0,0,1,0,0,5,2053,0,0,3,0,1,1,0,5,19,0,11,0,0,0,2,0,5,0,0,6,4,15,3,0,0,0,2,0,0,0,16,0,0,0,9,0,0,0,0,0
2,0,178,0,0,2,3,10,0,1,12,0,2,0,5,0,1,0,1,0,2,1,50,5,0,1,1,1,0,8,2,105,3,111,0,0,1,2,0,0,7,84,52,2,1,260,3,4,0,0,1,2,1,0,0,15,2,0,246,0,2
1,0,1,2,36,0,0,3,0,0,3,1,20,404,0,0,353,15,0,87,1,0,1,1,0,119,16,0,2,0,101,26,4,0,0,2,26,0,0,0,454,4,30,0,0,1,4,1,8,0,0,100,0,0,2,0,18,0,5,101,92
0,0,0,4454,253,0,0,1,0,0,0,0,0,0,0,0,0,0,0,0,1,0,0,0,0,0,2,0,1741,0,0,0,0,0,0,2771,0,0,0,0,2,0,0,0,0,0,0,0,0,0,0,0,0,0,0,0,0,0,0,3,0
2,1,3,3,0,0,2,3,3,3,15,1,6,1,2,1,0,7,0,0,21,2,50,14,3,8,1,2,21,13,0,28,4,31,1,14,0,5,0,11,3,138,6,2,0,3,3,419,1,0,5,0,7,0,4,12,0,1,23,2,8
0,14,3,0,0,0,3,0,8,0,306,2,51,0,118,1,0,23,0,0,1,4,9,2,4,0,6,25,6,2,3,1,1,0,7,1,9,0,2,29,6,8,7,1,5,3,4,354,9,17,22,0,6,2,9,0,26,11,6,1,3
0,111,87,0,0,0,104,0,16,0,185,1,62,65,0,25,0,126,41,0,0,113,227,0,240,0,3,551,0,264,17,21,7,43,10,0,300,0,22,110,7,40,2,488,7,49,157,2,262,101,498,1,5,201,4,0,31,273,4,18,141
2,96,237,1,5,4,227,16,23,0,335,10,108,262,2,50,5,356,127,4,0,81,316,5,228,9,113,769,0,277,20,182,33,77,25,2,407,1,38,285,216,91,24,744,10,118,59,4,123,127,431,2,10,212,30,1,228,408,3,47,619
0,7,1,0,0,0,376,0,141,0,1476,0,702,46,0,4,0,661,4,0,0,6,959,1,12,0,6,146,1,69,0,11,14,0,2,1,632,0,1,3,10,1,0,70,0,7,5,0,19,1160,84,2,0,208,4,0,76,13,0,0,9
1,0,0,0,0,11,0,0,0,7,80,0,1,0,19,3,0,0,0,0,0,0,1,3,0,96,0,0,0,0,0,39,0,5,0,0,0,512,0,0,0,5,0,0,0,0,2,0,0,0,0,0,0,0,0,396,0,0,0,0,0
14,0,27,2,1,2,0,15,2,16,2,1,0,1,150,0,0,1,1,0,25,1,134,3,1,6,3,0,12,35,0,321,8,879,0,3,0,17,0,1,3,1226,80,3,1,141,1,67,1,0,2,0,0,0,1,61,0,2,744,1,0
0,0,0,3,455,0,0,41,0,0,0,0,1,1662,0,0,59,1,2,1684,28,0,0,6,0,5,1,0,13,2,324,346,6,0,0,3,0,5,0,0,233,3,8,0,2,0,0,35,1,0,0,626,0,0,0,15,0,0,29,27,11
0,7,213,0,1,0,1,5,32,0,6,151,22,1,0,8,1,103,12,1,0,183,3,17,8,0,27,9,3,4,1534,1,27,28,121,0,91,0,154,12,2,3,56,8,197,837,4,9,23,9,4,149,57,708,35,1,387,1,97,33,260
0,0,28,0,47,3,0,15,37,0,7,6,4,0,0,27,5,12,1,3,4,5,3,23,2,0,1453,3,6,3,14,0,612,0,1,3,8,0,0,13,127,1,149,3,8,20,0,18,360,4,3,7,0,9,3,0,542,1,0,77,7
1,1,34,0,119,3,7,312,206,1,9,12,16,8,1,161,89,100,3,23,5,10,5,14,1,6,2116,15,3,6,30,2,211,1,3,4,10,0,4,18,406,1,352,7,11,13,3,164,1659,8,7,10,3,10,5,6,345,9,0,55,21
0,1,1,0,11,0,0,19,26,0,10,8,3,30,0,102,10,9,0,0,1,0,5,5,0,11,479,4,5,2,5,2,0,0,0,1,1,0,0,1,98,0,13,1,0,2,2,2,368,6,1,0,0,0,3,0,36,0,0,6,6
0,0,1,0,1,0,6,1,6,0,5,1,7,0,0,6,3,71,3,0,0,7,0,0,1,0,111,9,0,0,6,0,1,0,2,1,7,0,1,3,2,0,29,13,2,6,1,178,75,1,0,2,2,5,9,0,78,5,0,2,2
0,110,107,0,0,0,1,0,35,0,0,17,0,0,0,1,0,0,9,0,0,799,0,0,11,0,0,21,0,2,179,0,2,152,80,0,3,0,32,44,0,1,0,14,119,51,1,0,0,2,0,0,58,6,2,0,2,12,138,1,124
0,0,1,0,0,0,0,0,3,0,0,5,0,0,0,4,0,2,6,0,0,12,0,0,1,0,0,1,0,0,4,0,0,1,30,0,7,0,45,2,0,0,0,1,352,90,0,0,0,3,0,0,16,95,1,0,0,0,2,0,0
1,2,7,0,0,0,0,408,0,1,2,1,0,1,6,0,0,2,0,1,22,0,69,13,2,6,1,0,5,149,0,44,1,72,2,3,4,5,1,8,1,66,1,317,0,13,0,708,0,2,5,0,1,5,0,35,0,1,15,0,3
0,0,0,166,164,0,0,71,0,0,1,10,2,3,0,1,1,0,0,4,11,0,0,15,0,0,4,0,253,2,1,17,5,0,0,121,1,0,0,0,14,0,4,0,1,0,1,22,3,0,1,35,0,0,0,0,0,0,3,12,3
0,0,0,16,316,0,0,20,0,0,0,0,3,199,0,0,15,0,0,449,20,0,0,0,0,0,4,0,6,2,5,13,0,0,0,3,0,1,0,0,256,0,6,0,0,0,0,2,0,0,0,1108,0,0,0,1,1,0,0,162,1
0,36,41,5,103,1,10,806,150,0,59,66,72,30,2,9,27,43,27,13,2,25,87,21,24,1,27,108,11,16,93,22,13,32,38,8,66,0,22,102,184,15,47,24,170,32,7,55,23,57,123,22,46,11,20,1,54,81,120,27,19
0,93,23,0,1,58,423,3,260,0,10,32,17,3,0,720,0,10,1011,12,0,32,60,948,24,0,13,34,0,21,7,2,746,9,30,4,33,0,38,34,2,71,41,57,21,39,380,2,3,22,3,0,57,38,292,170,297,20,11,5,8
1662,0,0,0,0,1270,0,0,0,2263,0,0,0,0,1459,0,0,0,0,1,94,0,0,5,0,611,0,0,1,2,0,1,0,0,0,0,0,47,0,0,0,0,0,0,0,0,0,1,0,0,0,0,0,0,0,53,0,0,0,0,0
1,0,0,0,0,27,0,0,0,27,0,0,0,0,40,0,0,0,0,1,8,0,0,1,0,723,0,0,0,0,0,3,0,0,0,0,0,1395,0,0,0,2,0,0,0,0,0,1,0,0,0,0,0,0,0,8,0,0,0,0,0
22,1,2,2,3,19,0,23,0,38,9,0,0,2,41,1,0,2,0,0,43,1,38,70,1,18,0,4,5,324,0,381,1,191,0,11,0,218,0,3,31,87,5,4,0,6,0,107,0,0,0,0,4,0,1,1816,0,1,1,0,2
19,0,2,20,1067,9,0,89,0,7,0,9,7,697,6,0,401,21,1,929,83,0,0,7,0,6,23,0,24,74,139,137,1,0,0,14,0,124,0,0,584,1,60,0,3,0,0,17,15,1,0,1118,0,0,2,69,12,1,2,81,2
37,0,0,1,33,16,0,7,0,20,0,0,0,14,4,0,1,0,0,31,379,0,0,1,0,1,0,0,3,65,1,4,0,0,0,2,0,6,0,1,16,3,18,1,0,0,0,6,0,0,0,37,0,0,1,31,0,0,0,1,0
0,3,24,0,0,0,4,0,8,0,0,7,0,2,0,4,0,2,3,1,0,32,5,2,15,0,1,35,0,20,13,3,3,32,8,0,16,0,12,3,3,5,0,47,20,44,4,0,0,3,15,0,9,42,12,0,4,5,7,6,48
0,0,12,0,2,0,3,0,6,0,0,17,1,0,0,2,0,2,9,0,0,108,8,10,0,0,5,25,0,18,37,0,3,10,2,0,2,0,3,8,0,3,0,20,27,32,3,0,4,0,0,0,0,9,61,0,3,1,10,1,87
0,2,3,0,1,1,25,2,4,0,93,3,60,12,0,7,0,26,14,1,0,25,87,3,2,0,10,320,0,528,2,0,3,1,1,0,52,0,0,12,40,1,3,253,6,1,28,0,26,34,44,0,1,8,54,0,16,15,0,0,69
3,1,4,0,12,9,1,14,2,2,4,16,6,13,0,0,23,35,0,30,334,0,2,60,0,2,10,2,2,14,16,14,3,5,0,0,1,1,0,0,15,183,835,1,7,2,4,14,7,0,1,26,0,1,4,3,100,0,1,91,7
0,1,20,0,0,0,0,1,12,0,0,1142,1,2,0,1,0,9,5,0,1,3,4,63,1,0,10,2,0,2,96,2,310,9,1,0,4,0,49,1,0,3,12,3,295,404,2,0,7,1,1,2,10,119,62,0,33,0,7,181,29
0,0,0,0,0,0,69,0,0,0,141,1,586,3,1,26,1,36,0,0,0,5,236,0,1,0,2,56,0,20,1,0,6,0,0,90,20,1,0,2,1,2,0,11,1,0,120,0,6,100,34,0,1,6,22,3,2,2,0,0,1
853,0,1,0,2,1265,0,4,0,602,1,0,1,0,320,160,2,3,0,1,48,0,0,2,0,362,0,0,2,3,0,2,0,0,0,0,0,49,0,0,0,0,37,1,0,1,0,4,0,0,0,1,0,0,0,36,1,0,0,0,3
0,0,0,0,0,7,0,0,0,2,1,0,0,0,5,5,1,1,0,0,2,0,0,0,0,43,1,0,0,0,0,2,0,0,0,0,0,73,0,0,0,0,2,0,0,0,0,0,0,0,0,0,0,0,0,5,0,0,0,0,0
