0.60059,0.39783,0.13081,0.94419,0.3625,0.46573,0.21997,0.39086,0.29786,0.75377,0.46448,0.505,0.36894,0.45631,0.65414,0.31155,0.63146,0.19488,0.4298,0.41581,0.6224,0.31597,0.39885,0.49107,0.32388,0.30646,0.43511,0.28386,0.79676,0.25328,0.45242,0.15763,0.32146,0.29853,0.28141,0.90548,0.2668,0.47876,0.29479,0.29585,0.18166,0.60727,0.29922,0.28633,0.30872,0.19891,0.37204,0.28381,0.51041,0.61015,0.21586,0.28593,0.30538,0.31316,0.33642,0.58424,0.20475,0.30175,0.32444,0.41966,0.26061
0.40954
0,98,61,0,0,0,14,0,529,0,0,151,0,0,0,71,0,0,71,0,0,85,0,0,18,0,0,0,0,0,7,0,0,18,404,0,0,0,439,44,0,0,0,1,140,14,10,0,0,73,3,0,670,1,23,0,0,25,92,2,0
0,915,10,0,0,0,2,0,2,0,3,42,0,1,0,5,0,1,3,0,0,25,5,0,822,0,0,28,0,1,8,0,0,15,79,0,35,0,67,713,1,0,0,5,1,0,2,0,0,7,260,0,94,10,1,0,0,828,0,0,6
0,150,116,0,0,0,8,0,23,0,0,57,0,0,0,12,0,8,37,8,0,190,1,0,123,0,0,17,0,0,22,3,7,176,255,1,6,0,243,127,0,1,1,20,54,38,5,0,0,7,15,0,303,82,2,0,2,87,46,13,38
0,3,137,0,0,0,3,0,102,0,0,54,0,0,0,10,0,3,34,0,0,159,0,3,1,0,0,2,0,0,26,0,20,8,159,0,0,0,303,4,0,0,1,0,736,137,0,0,0,146,0,0,209,14,118,0,0,1,530,0,15
0,117,22,0,0,0,2,0,7,0,0,25,0,0,0,1,0,0,1,0,0,92,0,0,14,0,0,1,0,0,18,0,0,15,111,0,0,0,18,110,0,0,0,0,3,0,1,0,0,0,6,0,125,0,2,0,0,32,6,0,0
0,24,259,0,4,0,25,7,39,0,1,53,0,10,1,21,2,31,63,39,1,310,1,8,77,0,23,41,1,5,136,126,16,379,108,3,31,0,61,104,7,20,34,68,85,193,15,2,17,6,22,1,87,92,24,0,32,84,74,107,406
2,1,0,4,3,1,1,4,0,2,0,1,4,4,1,0,9,2,0,3,6,0,3,17,0,0,3,2,10,3,0,35,2,4,0,4,2,1,0,2,37,2,4,1,0,7,0,3,1,0,0,5,0,0,1,5,1,0,1,15,32
0,9,8,0,0,0,170,2,28,0,1,9,3,4,0,408,1,4,439,5,1,11,19,30,13,1,4,95,0,17,7,5,154,17,3,5,29,0,5,27,16,10,6,68,7,13,942,1,5,0,9,0,6,5,690,1,7,20,2,0,40
0,48,7,0,0,0,2,0,4,0,0,192,0,1,0,7,0,36,27,0,0,4,2,0,105,0,0,1,0,0,0,2,0,4,645,0,42,0,724,62,0,0,0,3,13,12,0,0,0,9,8,0,368,34,3,0,0,24,1,0,0
0,0,15,0,0,2,0,110,2,1,1,1,0,4,0,0,0,0,3,0,0,1,16,0,0,0,0,1,0,8,0,43,8,39,0,3,0,1,4,0,0,3,0,1,1,3,0,6,0,0,4,0,1,2,1,1,1,1,4,1,2
0,0,5,11,33,0,0,0,0,0,0,16,62,5,0,0,107,5,1,30,3,0,0,11,0,8,8,0,3,2,8,15,3,0,0,2,0,0,0,0,128,13,51,0,1,1,0,0,2,0,0,210,0,0,0,1,21,0,0,1063,1
0,0,0,0,0,16,0,0,0,11,0,0,0,0,39,0,0,0,0,0,0,0,0,0,0,151,0,0,0,0,0,22,0,0,0,0,0,449,0,0,0,3,0,0,0,0,0,0,0,0,0,0,0,0,0,131,0,0,0,0,0
3,2,10,3,2,4,1,6,2,7,66,1,3,0,10,0,1,1,0,0,17,5,21,16,1,4,0,7,10,87,1,233,2,173,0,15,1,36,0,9,20,18,4,0,1,11,3,68,1,0,2,1,0,0,1,240,1,5,9,1,0
104,0,4,9,163,5,0,10,0,2,3,5,14,170,2,1,2176,30,1,294,39,0,0,4,0,16,12,0,6,29,24,35,2,0,0,17,2,29,0,0,357,1,146,0,1,0,0,6,17,0,0,220,0,1,1,70,29,0,2,287,3
11,3,74,3,7,4,0,34,1,6,12,2,4,3,4,2,65,32,0,19,53,1,32,1,11,1,18,3,10,675,3,47,23,100,1,3,12,1,0,32,35,7,367,4,2,6,1,14,16,2,5,19,0,3,0,23,68,1,5,53,15
1,0,1,0,2,1,8,5,1,0,22,1,28,8,0,4,92,372,3,8,5,1,5,1,2,9,26,17,0,6,7,9,4,0,0,1,9,0,0,0,10,2,244,17,2,1,3,292,30,2,1,3,0,4,223,13,246,2,0,29,5
0,418,59,0,0,0,137,0,7,0,10,13,3,1,0,81,0,9,38,0,0,176,24,2,508,0,3,147,0,23,28,0,3,94,95,0,101,0,100,385,0,0,1,81,11,18,215,2,1,4,327,0,47,48,10,0,0,591,4,1,24
0,0,76,0,0,0,0,0,13,0,0,16,0,0,0,0,0,3,1,0,0,59,0,0,0,0,0,1,0,0,272,1,4,11,15,1,0,0,4,0,0,0,0,0,64,71,0,0,3,0,0,1,3,18,6,0,0,0,46,1,259
0,0,3,0,2,0,0,0,2,0,1,0,1,0,0,1,0,0,0,0,0,1,1,0,0,0,56,0,2,0,0,1,5,0,0,1,0,0,1,0,4,0,7,0,0,1,0,0,21,0,0,0,0,0,0,0,6,0,0,1,6
0,0,6,2,13,0,4,3,9,0,1,2,3,0,0,9,5,2,1,0,0,1,0,1,3,0,270,13,0,6,0,3,29,7,0,2,4,0,0,12,19,1,19,6,1,9,0,0,197,1,3,0,1,0,0,1,6,4,1,5,32
0,0,0,0,0,0,0,0,0,0,1,0,1,0,0,0,0,0,0,0,0,0,0,0,0,0,12,0,0,0,0,0,0,0,0,0,3,0,0,1,2,0,1,0,1,0,0,0,15,0,1,0,0,0,0,0,0,0,0,0,0
2,0,1,6,22,0,0,15,0,2,1,6,2,4,1,1,1,0,0,2,37,0,0,478,0,0,6,0,11,24,2,439,30,1,0,8,0,1,0,0,52,1,8,0,0,10,0,12,14,0,0,47,0,0,0,1,0,0,1,12,2
0,17,7,0,0,0,158,0,7,0,0,1,0,1,0,400,0,1,416,0,0,4,6,8,19,0,0,32,0,16,1,0,57,3,4,1,8,0,10,24,1,0,0,34,0,4,480,0,0,1,8,0,2,3,282,1,0,26,1,0,2
0,29,2,0,0,0,4,0,2,0,190,6,18,4,0,2,0,41,0,0,0,7,88,0,210,0,1,134,0,40,0,0,0,0,45,0,428,0,25,12,0,0,0,75,0,2,0,1,0,103,417,0,5,311,1,0,0,78,0,0,1
6,0,0,1,12,4,0,14,0,3,0,0,0,6,0,0,1,0,0,6,2034,0,1,2,0,1,1,0,5,29,0,15,0,0,0,2,0,8,0,0,4,4,15,3,0,0,0,3,0,0,0,14,0,0,0,7,0,0,0,0,0
2,0,183,0,0,3,4,9,1,0,12,0,2,1,4,0,1,5,0,0,1,1,39,4,0,2,1,1,0,2,3,103,1,108,0,1,0,2,0,0,6,88,53,2,1,257,2,8,0,0,2,5,0,2,0,15,3,0,249,0,3
1,0,3,2,37,0,0,4,0,0,4,1,17,422,0,0,355,18,0,57,1,0,3,1,0,123,16,0,3,0,117,19,3,0,0,3,27,0,0,0,415,5,26,0,0,0,4,0,9,0,0,108,0,0,2,1,20,0,4,122,92
0,0,0,4399,253,0,0,1,0,0,0,1,0,0,0,0,0,0,0,0,1,0,0,0,0,0,2,0,1674,0,0,0,0,0,0,2893,0,0,0,0,1,0,0,0,0,0,0,0,0,0,0,0,0,0,0,0,0,0,0,3,0
2,1,3,4,0,0,2,5,3,3,14,2,5,1,2,0,1,7,0,0,17,6,48,13,3,14,1,3,18,14,0,42,3,24,0,12,0,4,0,9,4,89,4,3,0,7,1,483,3,0,3,0,1,0,1,5,1,1,23,1,3
0,12,3,0,0,0,3,1,7,0,304,2,52,0,120,2,0,26,1,0,0,2,6,2,7,0,4,18,5,3,6,0,1,2,7,1,10,0,2,27,5,3,9,2,5,3,3,368,8,14,23,0,6,2,7,0,24,14,7,0,2
0,73,90,0,0,0,104,0,20,0,185,2,71,51,0,27,0,78,40,2,0,112,191,0,238,0,2,570,0,303,25,12,7,56,12,1,280,0,23,173,4,34,4,497,7,34,193,1,209,109,550,0,1,180,2,0,28,290,4,20,127
2,72,221,0,4,3,210,13,27,0,366,9,105,252,1,50,2,336,117,40,1,74,256,6,243,8,122,788,0,259,28,145,31,130,30,2,417,0,46,285,180,86,33,729,9,98,64,5,110,158,467,2,10,198,34,2,212,443,3,50,651
0,1,0,0,0,0,383,0,124,0,1399,0,753,25,0,2,0,457,3,0,0,6,970,1,10,0,4,182,1,74,0,3,16,0,1,2,647,0,1,6,13,1,0,77,0,8,7,0,23,1335,141,2,0,177,5,0,67,14,0,0,9
0,0,0,0,0,15,0,0,0,7,84,0,1,0,19,3,0,0,0,0,0,0,1,6,0,103,0,0,0,0,1,38,0,0,0,0,0,500,0,0,2,4,0,0,0,0,2,0,0,0,0,0,0,0,0,395,0,0,0,0,0
13,1,24,1,1,0,0,15,1,18,3,1,0,1,148,0,0,2,1,1,14,2,119,5,1,11,1,0,11,25,0,305,10,872,0,5,0,13,0,1,3,1237,80,4,2,148,1,82,1,0,1,0,0,2,1,63,0,0,766,0,1
0,0,0,5,444,0,0,49,0,0,0,0,1,1645,0,0,68,1,1,1494,28,0,0,5,0,5,1,1,13,0,337,335,7,0,0,5,1,2,0,0,249,3,9,0,2,1,0,7,2,0,0,839,0,0,0,12,1,0,26,25,13
0,8,246,0,1,0,1,5,35,0,7,188,11,1,0,8,1,402,6,2,0,176,1,24,13,0,28,9,3,4,1412,2,29,27,114,0,79,0,174,6,1,0,60,16,224,476,3,2,24,9,3,184,54,740,43,0,347,4,137,20,296
0,0,32,0,48,1,0,14,39,0,7,10,4,0,0,31,6,14,1,4,3,2,2,27,1,0,1439,9,5,1,15,0,600,3,1,9,10,0,1,9,109,1,151,4,5,18,0,10,366,5,6,10,0,10,3,2,543,1,0,91,4
0,0,38,0,114,4,6,312,188,1,9,12,18,10,0,142,85,115,2,27,9,10,2,14,3,4,2149,12,3,3,31,3,213,1,3,14,10,2,5,12,401,1,334,12,10,10,4,126,1691,3,7,8,3,10,5,5,365,6,0,57,21
0,0,1,0,9,0,0,18,17,0,9,7,3,28,0,71,8,13,0,1,1,0,3,3,0,9,511,4,3,1,6,0,0,1,0,5,3,0,0,0,110,0,25,3,0,4,2,2,366,6,2,0,0,0,5,0,27,0,0,4,5
0,0,0,0,1,0,6,1,9,0,5,1,4,0,0,7,3,81,5,0,0,5,1,0,1,0,110,6,0,0,4,0,1,0,2,0,8,0,1,2,2,0,24,16,4,3,2,150,78,1,0,2,2,7,8,0,104,3,0,0,2
0,118,110,0,0,0,1,0,47,0,0,17,0,0,0,2,0,0,7,1,0,819,0,0,12,0,0,17,0,1,177,0,2,135,74,0,3,0,31,35,0,0,1,11,118,54,2,0,0,1,0,0,55,10,2,0,0,19,150,2,102
0,1,1,0,0,0,0,0,3,0,0,5,0,0,0,4,0,7,7,0,0,12,0,0,1,0,0,2,0,0,5,0,0,1,32,0,7,0,44,2,0,0,0,0,343,94,0,0,0,3,0,0,13,93,1,0,0,0,3,0,0
1,4,5,0,0,0,0,410,0,2,2,1,0,1,10,0,0,1,0,0,26,0,74,9,1,3,1,0,3,37,0,39,1,166,1,4,3,5,1,6,1,50,1,310,0,15,0,745,0,0,7,0,4,4,1,37,0,2,12,0,6
0,0,1,168,162,0,0,73,0,0,0,7,2,4,0,0,0,0,0,1,9,0,1,15,0,0,3,0,257,2,1,24,6,1,0,116,1,0,0,0,17,0,5,0,1,1,1,14,3,0,1,35,0,0,0,0,1,0,2,16,1
0,0,0,16,295,0,0,16,0,0,0,0,3,186,0,0,16,0,0,508,20,0,0,0,0,0,4,0,3,4,5,14,1,0,0,0,0,1,0,0,282,0,6,0,0,0,0,1,0,0,0,1033,0,0,0,0,0,0,0,194,1
0,40,44,4,99,1,12,838,160,0,53,79,86,30,2,10,27,32,27,15,3,27,74,22,22,0,29,80,8,10,94,23,10,44,44,6,58,0,25,102,180,9,49,29,156,30,4,58,22,43,139,23,47,10,25,1,55,88,104,21,23
0,125,21,0,1,48,390,1,279,0,11,31,5,2,0,720,0,16,1047,13,0,29,66,935,31,0,10,36,0,20,7,1,776,11,32,2,34,0,38,26,4,64,39,61,17,41,387,2,2,17,3,0,58,36,282,126,296,22,13,4,12
1624,0,0,0,0,1295,0,0,0,2247,0,0,0,0,1445,0,0,0,0,0,89,0,0,6,0,661,0,0,2,5,0,3,0,0,0,0,0,41,0,0,0,0,0,0,0,0,0,1,0,0,0,0,0,0,0,51,0,0,0,0,0
2,0,0,0,0,23,0,0,0,26,0,0,0,0,39,0,0,0,0,0,5,0,0,2,0,707,0,0,0,0,0,3,0,0,0,0,0,1420,0,0,0,2,0,0,0,0,0,1,0,0,0,0,0,0,0,7,0,0,0,0,0
22,0,2,1,3,18,0,23,0,36,9,0,0,0,34,0,0,1,0,0,38,1,30,85,1,22,0,4,4,200,0,433,0,206,1,14,0,204,0,4,33,88,4,4,0,6,0,118,0,0,4,0,3,0,2,1876,0,1,2,0,2
20,0,2,19,1011,9,0,98,0,8,0,9,9,675,4,0,388,24,0,937,59,0,0,7,0,7,19,0,21,104,141,174,0,0,0,16,0,120,0,0,618,0,71,0,2,0,0,13,11,1,0,1132,0,0,1,43,12,0,2,96,1
42,0,0,1,28,17,0,7,0,22,0,0,0,13,3,0,1,0,0,43,361,0,0,1,0,1,0,0,3,77,0,6,0,9,0,1,0,5,0,1,13,2,16,1,0,0,0,6,0,0,0,31,0,0,0,29,0,0,0,1,0
0,4,28,0,0,0,4,0,8,0,1,7,0,1,0,3,0,4,2,3,0,35,2,1,15,0,0,37,0,21,8,0,3,32,10,0,22,0,14,8,2,2,1,46,25,40,4,0,0,1,9,0,7,38,11,0,3,7,11,5,47
0,0,12,0,2,0,2,0,5,0,0,21,1,0,0,2,0,3,10,0,0,110,3,8,0,0,4,33,0,19,28,0,4,10,1,0,1,0,1,6,0,2,2,17,23,51,3,0,3,0,0,2,1,5,65,0,3,2,10,0,79
0,4,3,0,1,1,30,1,5,0,92,3,59,12,0,6,0,16,14,0,0,23,62,2,6,0,11,361,0,461,2,0,2,3,1,1,61,0,0,12,40,0,3,299,3,7,30,0,20,39,41,0,1,6,61,0,9,15,0,0,70
4,1,5,0,11,7,1,12,2,2,4,20,6,15,1,0,22,38,0,29,336,1,3,58,0,5,12,1,1,15,17,17,2,8,0,0,3,1,0,2,12,176,839,1,7,3,2,10,10,0,1,19,0,1,8,4,80,0,0,102,6
0,1,19,0,0,0,0,1,15,0,0,1112,0,1,0,2,0,33,6,0,1,3,7,58,1,0,8,3,0,1,79,2,310,7,2,0,5,0,45,4,0,3,12,3,296,431,2,0,7,2,2,1,6,200,62,2,28,1,8,107,24
0,0,0,0,0,0,75,1,1,0,117,0,675,2,1,22,0,30,0,0,0,4,243,0,1,0,3,57,0,22,2,0,6,0,0,13,21,0,0,4,2,1,1,11,0,1,132,0,5,80,45,0,1,4,25,3,1,2,0,0,2
840,0,0,0,1,1298,0,6,0,573,1,0,2,0,313,157,1,3,0,1,48,0,0,2,0,387,0,0,2,6,0,3,0,0,0,0,1,46,0,0,0,0,31,1,0,1,0,2,0,0,0,2,0,0,0,33,1,0,0,1,4
0,0,0,0,0,7,0,0,0,2,1,0,0,0,5,4,1,1,0,0,1,0,0,0,0,44,1,0,0,0,0,2,0,0,0,0,0,74,0,0,0,0,2,0,0,0,0,0,0,0,0,0,0,0,0,4,1,0,0,0,0
