0.60179,0.40307,0.13606,0.94356,0.36131,0.46748,0.22391,0.39496,0.29355,0.75553,0.46113,0.50438,0.37488,0.45853,0.64873,0.31324,0.63187,0.18664,0.42676,0.41091,0.61819,0.31511,0.40755,0.48874,0.32604,0.30576,0.43416,0.27906,0.80057,0.2501,0.44683,0.16121,0.31596,0.29798,0.28805,0.90694,0.26923,0.47935,0.29112,0.29119,0.17977,0.60223,0.30497,0.28521,0.30644,0.20271,0.35375,0.28473,0.5225,0.60772,0.21108,0.28557,0.30759,0.30868,0.33573,0.58626,0.20953,0.30062,0.32604,0.41972,0.25709
0.40925
0,98,57,0,0,0,18,0,519,0,0,149,0,0,0,67,0,0,76,0,0,82,0,0,18,0,0,0,0,0,9,0,0,19,394,0,1,0,439,45,0,0,0,1,142,16,8,0,0,75,3,0,685,1,22,0,0,27,91,2,0
0,919,10,0,0,0,2,0,3,0,3,42,0,1,0,5,0,1,3,0,0,25,5,0,834,0,0,31,0,2,8,1,0,15,79,0,27,0,66,714,1,0,0,6,1,0,2,0,0,5,257,0,90,12,1,0,0,821,0,0,5
0,149,117,0,0,0,8,0,23,0,0,55,0,0,0,13,0,5,36,7,0,195,2,0,127,0,0,15,0,0,32,3,6,171,255,1,8,0,249,122,0,1,1,20,55,32,5,0,0,9,15,0,303,73,4,0,2,88,45,14,38
0,4,133,0,0,0,2,0,103,0,0,52,0,0,0,9,0,3,33,0,0,167,0,3,1,0,0,3,0,0,24,0,19,8,152,0,0,0,298,4,0,0,1,0,733,131,0,0,0,152,0,0,215,12,120,0,0,0,542,0,14
0,114,20,0,0,0,2,0,7,0,0,26,0,0,0,1,0,0,2,0,0,89,0,0,15,0,0,1,0,0,23,0,0,15,115,0,0,0,19,110,0,0,0,0,3,0,1,0,0,0,6,0,121,0,1,0,0,32,6,0,0
0,22,266,0,3,0,23,8,40,0,1,52,0,9,2,20,3,31,60,40,1,301,3,9,85,0,20,39,1,3,139,113,14,378,101,2,30,0,77,102,6,21,36,71,86,201,14,4,18,6,21,3,93,91,28,0,36,84,69,101,399
2,1,1,6,2,0,1,5,0,2,0,0,3,4,1,0,7,2,0,3,7,0,2,16,0,1,4,1,8,3,0,34,1,4,0,5,2,2,0,2,41,2,7,1,0,6,0,3,2,0,0,6,0,0,1,5,1,0,1,12,31
0,7,10,0,1,0,173,2,28,0,1,7,1,3,0,428,1,3,449,5,1,10,20,32,15,2,3,92,0,16,7,5,150,17,4,6,31,0,5,25,17,11,4,66,8,15,901,1,6,0,9,0,7,7,699,3,7,20,1,1,39
0,45,6,0,1,0,2,0,5,0,0,192,0,1,0,8,0,37,25,0,0,4,2,0,109,0,0,1,0,0,0,2,0,4,651,0,41,0,715,60,0,0,0,5,15,9,0,0,0,8,10,0,372,33,3,0,0,22,2,0,0
0,0,13,0,0,2,0,106,0,1,4,1,0,2,0,0,0,0,4,0,0,2,13,1,1,0,0,1,1,10,0,48,8,36,0,3,0,2,4,0,0,3,0,1,1,3,0,7,0,0,3,0,1,2,1,0,1,1,3,2,3
0,0,3,10,33,0,0,1,0,0,0,12,61,5,0,0,110,6,1,32,3,0,0,11,0,7,8,0,3,2,8,13,3,0,0,2,0,0,0,1,135,13,48,0,2,1,0,0,2,0,0,211,0,0,0,1,17,0,0,1064,1
0,0,0,0,0,16,0,0,0,13,0,0,0,0,37,0,0,0,0,0,0,0,0,0,0,153,0,0,0,0,0,20,0,0,0,0,0,448,0,0,0,3,0,0,0,0,0,0,0,0,0,0,0,0,0,132,0,0,0,0,0
5,1,9,3,1,3,0,8,1,6,67,1,3,0,14,0,0,1,0,0,18,5,23,19,1,6,0,6,9,83,1,235,1,170,0,13,1,37,0,9,18,17,4,0,1,10,3,74,1,0,2,1,1,0,1,235,1,5,11,1,0
105,0,4,9,158,7,0,9,1,2,2,5,16,165,2,0,2173,31,1,312,43,0,0,3,0,18,12,0,7,28,22,31,2,1,0,12,1,27,0,0,365,1,136,0,2,0,1,9,18,1,0,222,0,1,0,63,29,0,3,286,3
11,3,68,3,8,4,0,33,1,6,12,1,3,5,3,2,66,36,0,18,51,1,28,3,9,1,20,2,7,655,3,49,23,123,1,3,14,1,0,31,35,7,362,4,2,8,1,16,13,1,8,23,0,2,0,25,67,1,4,55,17
2,0,1,0,3,2,8,5,1,0,20,0,26,7,2,3,90,381,4,10,6,1,4,1,4,11,27,22,0,6,8,9,3,0,0,1,6,0,0,0,11,3,241,20,3,1,3,288,25,1,0,4,0,4,219,13,243,0,1,30,4
0,418,60,0,0,0,141,0,7,0,11,14,2,1,0,82,0,9,35,0,0,184,24,1,511,0,2,149,0,24,33,0,4,91,91,0,100,0,98,406,0,0,1,73,12,17,214,1,1,6,315,0,40,49,11,0,0,586,3,1,22
0,0,80,0,0,0,0,2,11,0,0,15,0,0,0,0,0,2,1,0,0,60,0,0,0,0,0,1,0,0,263,0,3,11,12,1,0,0,2,0,0,0,0,0,64,66,0,0,3,0,0,1,6,15,7,0,0,0,43,1,279
0,0,3,0,3,0,0,0,1,0,1,0,1,0,0,1,0,0,0,0,0,1,0,0,1,0,56,0,2,0,0,1,5,0,0,2,0,0,1,1,4,0,7,0,0,1,0,0,19,0,0,0,0,0,0,0,6,0,0,2,5
0,0,6,1,17,0,4,3,9,0,1,2,3,0,0,9,5,1,1,0,0,1,0,0,2,0,270,14,1,6,0,3,27,6,0,1,4,0,0,12,17,0,16,6,2,8,0,0,204,1,4,0,1,0,0,1,6,4,1,5,32
0,0,0,0,0,0,0,0,0,0,1,0,1,0,0,0,0,0,0,0,0,0,0,0,0,0,13,0,0,0,0,0,0,0,0,0,3,0,0,0,1,0,0,0,1,1,0,0,16,0,1,0,0,0,0,0,0,0,0,0,0
1,0,1,8,23,0,0,17,0,1,1,5,2,4,2,1,1,0,0,1,38,0,0,474,0,0,7,1,12,26,2,438,29,1,0,8,0,1,0,0,54,4,7,0,0,9,0,9,12,0,0,48,0,0,1,1,0,0,1,11,1
0,16,7,0,0,0,163,0,8,0,0,1,0,1,0,411,0,1,426,0,0,4,6,6,18,0,0,30,0,13,1,0,55,3,5,1,9,0,10,24,1,0,0,31,0,4,463,0,0,1,8,0,3,3,282,1,0,27,1,0,2
0,27,2,0,0,0,3,1,2,0,187,6,20,3,0,3,0,41,0,0,0,7,86,0,214,0,1,143,0,39,0,0,0,0,45,0,423,0,25,12,0,0,0,81,0,1,0,1,0,97,423,0,4,305,1,0,0,78,0,0,1
6,0,0,1,13,3,0,12,0,1,0,0,0,7,0,0,1,0,0,5,2032,0,0,3,0,1,1,0,4,33,0,16,0,1,0,4,0,7,0,0,5,6,16,3,0,0,0,3,0,0,0,10,0,0,0,6,0,0,0,1,0
1,0,181,0,0,3,4,9,0,1,10,0,2,1,7,0,1,5,1,0,1,1,37,3,0,3,1,1,0,2,2,101,4,109,0,1,0,0,0,0,7,87,52,3,3,268,2,11,0,0,2,5,1,3,0,14,3,0,236,0,3
1,0,3,2,37,0,0,5,0,0,4,0,16,428,0,0,354,17,0,59,1,0,2,1,0,123,14,0,1,0,117,20,4,0,0,3,29,0,0,0,411,6,30,0,0,1,4,0,8,0,0,109,0,0,2,1,20,0,4,118,90
0,0,0,4363,248,0,0,1,0,0,0,1,0,0,0,0,0,0,0,0,1,0,0,0,0,0,2,0,1694,0,0,0,0,0,0,2914,0,0,0,0,1,0,0,0,0,0,0,0,0,0,0,0,0,0,0,0,0,0,0,3,0
2,1,2,3,0,0,1,5,3,2,13,2,4,1,3,1,1,8,0,0,20,3,34,12,3,8,1,4,18,13,0,38,4,19,0,11,1,3,0,11,4,91,3,2,0,7,1,515,2,0,1,0,1,1,2,6,2,1,23,0,2
0,13,3,0,0,0,3,0,7,0,304,1,53,0,122,2,0,25,0,0,0,2,5,2,6,0,4,19,5,3,7,0,1,1,6,2,9,0,1,28,4,3,10,2,4,7,3,369,6,14,18,0,6,2,9,0,25,16,7,0,2
0,71,92,0,0,0,102,0,22,0,191,3,67,49,0,30,0,75,41,3,0,115,187,0,216,1,2,578,0,298,26,14,7,58,11,1,278,0,23,185,7,34,2,502,7,31,273,1,158,106,526,1,1,183,6,0,28,283,4,19,124
2,71,231,0,5,2,204,12,29,0,384,9,95,259,1,53,4,333,108,37,1,77,256,5,245,12,115,785,1,250,27,147,29,125,32,1,416,0,42,307,166,90,34,721,8,96,63,7,113,156,460,3,11,192,36,2,213,454,4,51,653
0,2,0,0,0,0,387,0,123,0,1388,0,761,28,0,3,0,436,3,0,0,5,972,1,10,0,6,194,1,79,0,3,16,0,1,2,651,0,1,7,14,1,0,78,0,9,8,0,23,1323,143,1,0,176,6,0,67,13,0,0,8
0,0,0,0,0,12,0,0,0,7,85,0,1,0,19,3,0,0,0,0,0,0,0,7,0,115,0,0,0,0,0,34,0,0,0,0,0,494,0,0,1,6,0,0,0,0,2,0,0,0,0,0,0,0,0,395,0,0,0,0,0
11,0,24,1,0,0,0,12,1,17,3,1,0,1,151,0,0,3,1,1,17,1,110,3,1,10,2,0,10,23,0,291,12,871,0,6,0,13,0,2,5,1243,78,3,2,148,1,103,1,0,1,0,0,2,1,56,0,0,775,0,0
0,0,0,5,446,0,0,47,0,0,0,0,1,1664,0,0,61,2,1,1476,24,0,0,6,0,4,1,0,15,0,342,323,9,0,0,4,0,3,0,0,253,8,8,0,1,0,0,5,2,0,0,852,0,0,0,7,1,0,26,26,14
0,7,239,0,3,0,1,4,35,0,6,191,11,1,0,8,1,422,8,2,0,198,1,23,16,1,27,8,3,3,1395,2,31,26,103,0,85,0,167,9,1,2,55,13,224,493,3,3,22,6,3,157,60,718,46,0,342,2,140,13,326
0,1,26,0,48,1,0,15,36,0,7,12,3,0,0,28,7,14,1,2,4,0,2,27,3,0,1442,9,4,2,14,0,603,2,2,7,11,0,1,7,116,2,143,2,7,23,0,11,369,4,7,6,0,7,3,2,554,1,0,84,5
0,0,35,0,115,4,6,300,206,1,9,11,15,8,0,138,89,117,2,27,6,8,2,13,2,6,2130,14,1,4,30,3,221,1,2,13,9,0,5,10,399,1,324,13,12,15,4,128,1730,3,7,8,2,13,6,4,351,5,1,57,19
0,0,1,0,8,0,0,18,16,0,10,6,3,27,0,74,9,15,0,2,1,0,3,3,0,8,506,3,4,1,6,0,0,1,0,7,2,0,0,0,101,0,20,3,0,3,2,1,376,6,3,0,0,0,4,0,31,0,0,5,7
0,0,0,0,2,0,5,0,7,0,4,1,4,0,0,9,3,79,4,0,0,6,1,0,1,0,107,6,0,0,6,0,1,0,2,1,8,0,2,2,2,0,24,14,3,5,1,149,80,1,0,2,1,5,9,0,109,3,0,0,3
0,111,110,0,0,0,2,0,42,0,0,20,0,0,0,2,0,0,7,1,0,824,0,0,12,0,0,17,0,1,175,0,2,137,73,0,3,0,31,35,0,1,1,9,119,50,1,0,0,1,0,0,59,7,2,0,1,19,155,1,105
0,1,1,0,0,0,0,0,3,0,0,5,0,0,0,4,0,7,7,0,0,12,0,0,1,0,0,2,0,0,5,0,0,1,33,0,6,0,50,2,0,0,0,1,338,92,0,0,0,2,0,0,14,93,1,0,0,0,3,0,0
1,2,4,0,0,0,0,401,0,2,2,1,0,0,8,0,0,1,0,1,24,0,46,9,1,5,1,0,3,38,0,38,2,177,1,5,1,4,1,3,1,51,1,305,0,14,0,785,0,0,6,0,3,5,0,36,0,2,17,0,4
0,0,1,169,169,0,0,72,0,0,0,7,2,4,0,0,0,0,0,1,9,0,1,14,0,0,3,0,250,3,1,24,6,1,0,117,1,0,0,0,18,0,5,0,1,1,0,13,3,0,1,35,0,0,1,0,0,0,3,15,1
0,0,0,15,297,0,0,15,0,0,0,0,3,184,0,0,15,0,0,509,18,0,0,0,0,0,4,0,4,5,5,12,2,0,0,0,0,1,0,0,285,0,6,0,0,0,0,1,0,0,0,1024,0,0,0,1,0,0,0,202,1
0,42,42,5,103,1,12,831,161,0,53,75,87,28,2,12,29,36,29,14,3,29,67,20,23,0,26,83,7,9,94,18,16,42,41,6,55,0,22,106,181,8,47,27,160,29,4,75,22,41,134,24,50,15,23,1,50,87,107,20,22
0,125,19,0,2,49,399,2,269,0,11,27,5,2,0,743,2,15,1043,10,0,28,73,933,31,0,11,37,0,20,7,2,764,9,33,2,36,0,37,23,2,68,37,54,16,40,373,2,3,19,4,0,57,35,292,136,294,20,13,7,9
1611,0,0,0,0,1293,0,0,0,2256,0,0,0,0,1459,0,0,0,0,0,96,0,0,6,0,650,0,0,2,5,0,2,0,0,0,0,0,38,0,0,0,1,0,0,0,0,0,1,0,0,0,0,0,0,0,50,0,0,0,0,0
2,0,0,0,0,23,0,0,0,26,0,0,0,0,44,0,0,0,0,0,7,0,0,1,0,706,0,0,0,0,0,2,0,0,0,0,0,1416,0,0,0,2,0,0,0,0,0,1,0,0,0,0,0,0,0,7,0,0,0,0,0
21,1,0,1,2,20,0,21,0,31,9,0,0,0,37,0,0,0,0,0,40,1,39,98,1,21,0,3,6,200,0,425,0,198,0,15,1,211,0,3,35,79,4,4,0,7,0,128,0,0,2,0,2,0,1,1869,0,1,0,0,2
18,0,1,18,1016,11,0,97,0,7,0,9,10,687,5,1,381,21,0,936,60,0,0,9,0,11,20,0,25,104,149,165,0,1,0,14,0,118,0,0,613,1,65,0,1,0,0,13,12,1,0,1124,0,0,1,42,12,0,2,102,1
39,0,0,1,27,17,0,7,0,22,0,0,0,13,3,0,1,0,0,41,369,0,0,1,0,1,0,0,3,76,0,4,0,9,0,1,0,6,0,1,12,3,17,1,0,0,0,6,0,0,0,32,0,0,0,27,0,0,0,1,0
0,4,26,0,0,0,4,0,8,0,2,7,0,0,0,2,0,2,2,3,0,32,2,0,14,0,0,38,0,20,7,0,3,36,10,0,22,0,18,6,3,2,1,46,24,37,5,0,0,2,9,0,6,41,12,0,3,6,11,5,51
0,0,13,0,2,0,2,0,5,0,0,25,1,0,0,2,0,3,10,1,0,106,3,8,0,0,3,33,0,20,25,0,4,10,1,0,1,0,1,6,1,2,2,16,20,48,3,0,3,0,0,2,0,5,67,0,3,2,12,0,83
0,3,4,0,1,1,32,0,5,0,90,3,57,11,0,7,0,13,14,1,0,21,72,2,5,0,11,369,0,447,1,0,2,1,1,1,63,0,0,14,41,0,5,304,3,6,30,0,18,41,35,0,1,7,59,0,9,14,0,0,74
4,1,4,0,14,8,1,11,2,2,5,19,6,14,1,0,22,40,0,32,335,0,2,63,0,1,12,1,2,14,17,20,3,7,0,0,2,1,0,0,13,176,835,2,6,3,3,8,7,0,1,19,0,1,6,4,81,0,0,105,7
0,0,16,0,0,0,0,1,17,0,0,1093,1,0,0,2,0,22,5,0,1,4,6,55,1,0,8,3,0,2,78,2,314,7,3,0,4,0,46,3,0,4,12,3,300,456,1,0,7,2,2,2,9,202,60,2,25,2,6,111,23
0,0,0,0,0,0,67,1,1,0,106,0,679,1,1,23,0,30,0,0,0,3,243,0,1,0,2,54,0,24,3,0,5,0,0,14,22,1,0,2,2,0,1,11,0,2,144,0,6,86,42,0,1,3,25,3,2,4,0,0,1
832,0,0,0,1,1308,0,5,0,578,1,0,1,0,318,157,1,3,0,0,49,0,1,2,0,381,0,0,2,4,0,4,0,0,0,0,1,43,0,0,0,0,29,0,0,1,0,5,0,0,0,1,0,0,0,33,1,0,0,1,4
0,0,0,0,0,8,0,0,0,2,1,0,0,0,5,5,1,1,0,0,0,0,0,0,0,42,1,0,0,0,0,2,0,0,0,0,0,77,0,0,0,0,0,0,0,0,0,0,0,0,0,0,0,0,0,4,1,0,0,0,0
