0.60164,0.39775,0.13313,0.94292,0.35868,0.46817,0.2251,0.39924,0.30231,0.75201,0.45725,0.5014,0.37736,0.45865,0.6535,0.30994,0.62905,0.18431,0.42105,0.41065,0.62224,0.31575,0.40953,0.48509,0.32383,0.30599,0.43779,0.27713,0.79777,0.26372,0.44566,0.16454,0.32418,0.29398,0.29446,0.90966,0.26363,0.47985,0.28998,0.29696,0.1804,0.59664,0.31004,0.29178,0.30753,0.21063,0.34142,0.29234,0.52904,0.60673,0.20928,0.28725,0.30637,0.30627,0.33253,0.58459,0.20852,0.29964,0.31605,0.42526,0.24593
0.40931
0,102,56,0,0,0,15,0,536,0,0,149,0,0,0,56,0,0,73,0,0,79,0,0,20,0,0,0,0,0,12,0,0,22,382,0,1,0,434,44,0,0,0,1,139,14,8,0,0,76,3,0,693,1,23,0,0,25,96,2,2
0,920,9,0,0,0,2,0,3,0,3,41,0,1,0,4,0,1,2,0,0,23,5,0,829,0,0,35,0,1,8,0,0,16,80,0,31,0,67,713,1,0,0,2,1,0,1,0,1,5,258,0,91,10,1,0,0,827,0,0,5
0,149,119,0,0,0,8,0,23,0,0,52,0,0,0,10,0,8,38,6,0,192,1,0,137,0,0,14,0,0,28,4,6,178,253,1,12,0,248,121,0,0,1,18,54,30,4,0,0,8,15,0,305,70,5,0,2,81,50,16,37
0,3,126,0,0,0,3,0,111,0,0,50,0,0,0,6,0,3,28,0,0,160,0,3,1,0,0,3,0,0,22,0,20,7,147,0,0,0,301,4,0,0,1,0,735,125,0,0,0,154,0,0,235,10,121,0,0,0,543,0,16
0,113,20,0,0,0,2,0,7,0,0,26,0,0,0,1,0,0,2,0,0,87,0,0,16,0,0,1,0,0,22,0,0,17,113,0,0,0,18,108,0,0,0,0,3,0,1,0,0,0,6,0,127,0,1,0,0,32,6,0,0
0,22,266,0,3,0,24,7,38,0,1,50,1,12,2,22,2,34,61,42,1,296,2,10,87,0,21,42,2,3,136,106,15,410,98,3,32,0,74,91,6,24,41,68,88,199,15,2,21,7,18,3,93,85,27,0,32,82,68,97,394
2,1,1,5,2,0,1,6,0,2,0,0,4,2,2,0,9,2,0,2,6,0,2,14,0,0,4,2,9,3,1,37,1,4,0,4,4,4,0,1,39,2,6,2,0,7,0,3,2,0,0,3,0,0,1,4,2,0,1,13,29
0,8,9,0,3,0,174,3,26,0,1,7,3,4,0,448,1,3,458,4,1,11,16,31,15,1,2,85,0,16,7,5,172,18,3,6,30,0,5,25,17,9,5,65,10,15,873,1,8,0,8,0,7,7,691,1,6,20,1,0,37
0,42,6,0,1,0,2,0,4,0,0,193,0,1,0,7,0,37,26,0,0,4,2,0,110,0,0,1,0,0,0,2,0,4,654,0,40,0,718,60,0,0,1,2,14,10,0,0,0,9,9,0,370,31,4,0,0,25,1,0,0
0,0,14,0,0,2,0,106,0,1,3,1,0,4,0,1,0,0,3,0,0,2,13,2,1,0,0,1,0,9,0,41,6,43,0,3,0,1,4,0,0,3,0,1,1,4,0,6,0,0,4,0,0,2,1,1,1,1,4,2,3
0,0,4,11,32,1,0,0,0,0,0,11,60,5,0,0,105,7,1,32,2,0,0,11,0,8,9,0,3,1,8,15,2,0,0,2,0,0,0,0,129,15,51,0,2,1,0,0,4,0,0,213,0,0,0,1,19,0,0,1064,1
0,0,0,0,0,16,0,0,0,14,0,0,0,0,36,0,0,0,0,0,0,0,0,0,0,152,0,0,0,0,0,22,0,0,0,0,0,449,0,0,0,4,0,0,0,0,0,0,0,0,0,0,0,0,0,129,0,0,0,0,0
2,1,10,2,1,2,1,7,1,8,66,1,3,0,13,0,1,0,0,0,21,6,25,25,1,7,0,5,10,93,1,230,1,165,0,11,1,35,0,9,18,15,3,0,1,10,3,80,1,0,1,1,1,0,1,231,1,4,10,0,0
101,0,7,8,168,8,0,7,1,2,2,4,16,165,1,1,2174,32,1,301,36,1,0,3,0,20,13,0,8,27,21,33,2,0,0,13,2,31,0,0,354,1,139,0,2,0,0,7,17,1,0,217,0,1,0,73,34,0,2,289,3
12,3,72,3,6,4,0,33,1,7,13,1,2,5,2,2,65,39,0,20,47,1,24,2,11,1,20,3,11,692,3,42,23,104,1,3,11,1,0,30,37,6,355,4,1,6,1,17,14,2,3,18,0,4,0,26,72,2,5,53,13
2,0,1,0,2,1,8,3,1,0,18,1,27,6,0,2,95,385,3,7,5,1,5,1,2,11,29,20,0,5,7,8,3,0,0,1,5,1,0,0,13,1,237,21,3,1,2,275,31,1,2,3,0,3,223,11,264,0,0,28,3
0,429,60,0,0,0,137,0,5,0,11,12,2,1,0,87,0,8,34,0,0,188,24,1,506,0,2,152,0,23,33,0,4,94,91,0,102,0,98,393,0,2,1,67,12,17,213,1,1,5,303,0,40,46,14,0,0,605,3,1,22
0,0,80,0,0,0,0,2,12,0,0,16,0,0,0,0,0,2,1,0,0,62,0,0,0,0,0,1,0,0,227,0,3,10,11,1,0,0,3,0,0,0,0,0,65,69,0,0,4,0,0,1,5,15,6,0,0,0,43,0,310
0,0,3,0,4,0,0,0,1,0,1,0,1,0,0,1,0,0,0,0,0,1,1,0,1,0,55,0,2,0,0,1,6,0,0,2,0,0,1,1,4,0,7,0,0,0,0,0,21,0,0,0,0,0,0,0,6,0,0,0,4
0,0,6,1,17,0,4,2,9,0,1,2,3,0,0,10,5,1,1,1,0,1,0,2,3,0,275,14,0,6,0,3,23,6,0,1,3,0,0,9,18,1,17,6,2,9,0,0,203,1,4,0,1,0,0,1,5,4,1,5,30
0,0,0,0,0,0,0,0,0,0,1,0,1,0,0,0,0,0,0,0,0,0,0,0,0,0,12,0,0,0,0,0,0,0,0,0,3,0,0,0,1,0,0,0,1,1,0,0,17,0,1,0,0,0,0,0,0,0,0,0,0
3,0,1,7,24,0,0,17,0,1,1,4,2,4,3,1,1,0,0,1,33,0,0,466,0,0,7,1,13,26,2,451,28,1,0,8,0,1,0,0,53,4,5,0,1,9,0,9,13,0,0,49,0,0,0,1,0,0,1,10,1
0,14,7,0,0,0,158,0,8,0,0,1,0,1,0,407,0,1,429,0,0,5,7,7,21,0,0,32,0,11,1,0,56,4,5,1,10,0,10,23,1,0,0,24,0,5,459,0,0,1,7,0,2,3,291,1,0,30,1,0,2
0,26,2,0,1,0,3,0,2,0,192,6,20,6,0,2,0,39,1,0,0,7,86,0,212,0,1,153,0,39,0,0,0,0,42,0,420,0,25,16,0,0,0,76,0,2,0,1,0,94,430,0,5,296,1,0,0,75,0,0,1
6,0,0,1,12,3,0,13,0,3,0,0,0,7,0,0,1,0,0,6,2031,0,0,2,0,1,1,0,4,33,0,14,0,1,0,3,0,5,0,0,4,5,17,4,0,0,0,2,0,0,0,13,0,0,0,9,0,0,0,0,0
2,0,181,0,0,2,2,8,1,2,11,0,2,1,5,0,1,5,1,0,1,1,53,5,0,3,1,1,0,6,2,104,4,98,0,1,0,2,0,0,7,75,50,1,3,262,1,9,0,0,2,6,1,1,1,15,1,0,249,0,2
1,0,4,2,38,0,0,3,0,0,4,0,16,424,0,0,359,14,0,59,1,0,2,2,0,126,16,0,3,0,119,22,3,0,0,4,27,0,0,0,408,5,28,0,0,1,4,0,8,0,0,107,0,0,2,1,21,0,2,121,88
0,0,0,4328,241,0,0,1,0,0,0,1,0,0,0,0,0,0,0,0,1,0,0,0,0,0,2,0,1720,0,0,0,0,0,0,2930,0,0,0,0,1,0,0,0,0,0,0,0,0,0,0,0,0,0,0,0,0,0,0,3,0
3,1,3,5,0,0,2,5,3,1,14,0,4,1,4,0,1,7,0,0,20,4,36,10,4,9,1,4,19,11,0,39,5,18,0,12,1,3,0,10,4,97,3,2,0,8,2,500,2,0,2,0,1,1,2,5,2,1,23,0,4
0,12,4,0,0,0,3,0,7,0,309,0,54,0,119,4,0,23,0,0,0,2,5,2,8,0,6,21,5,2,7,1,1,3,6,1,7,0,1,27,4,3,7,3,5,8,2,366,6,11,20,0,4,2,8,0,29,16,6,0,1
1,77,92,0,0,0,100,0,21,0,185,1,64,54,0,30,0,77,39,3,0,115,181,0,215,0,2,573,0,260,28,13,8,58,11,1,295,0,26,183,6,34,3,515,7,34,346,1,122,104,514,1,1,176,3,0,28,293,4,19,118
1,93,238,0,9,3,208,13,23,0,385,8,106,266,1,52,5,326,128,45,0,76,238,7,236,10,103,779,1,250,29,137,32,141,27,1,432,0,43,285,174,91,43,742,8,98,59,7,109,155,445,3,12,188,31,2,213,454,3,52,619
0,1,0,0,0,0,380,0,124,0,1385,0,780,28,0,3,0,430,2,0,0,4,980,1,11,0,5,193,1,78,0,4,16,0,1,2,643,0,1,8,13,1,0,74,0,10,14,0,17,1316,148,1,0,180,5,0,65,16,0,0,9
0,0,0,0,0,14,0,0,0,7,89,0,1,0,19,3,0,0,0,0,1,0,1,8,0,105,0,0,0,0,0,32,0,0,0,0,0,493,0,0,1,5,0,0,0,0,3,0,0,0,0,0,0,0,0,399,0,0,0,0,0
13,0,26,3,0,0,0,16,2,19,2,1,0,1,147,0,0,3,1,1,16,2,142,5,1,9,1,0,10,24,0,307,12,859,0,4,0,15,0,2,5,1207,74,4,1,148,1,114,1,0,0,0,0,2,1,60,0,0,756,0,0
0,0,0,3,435,0,0,57,0,0,0,0,1,1664,0,0,57,1,1,1489,30,0,0,4,0,7,1,1,15,1,345,331,7,0,0,5,0,2,0,0,254,4,8,0,1,0,0,8,3,0,0,834,0,0,0,7,1,0,24,24,12
0,7,253,0,2,0,2,10,35,0,6,198,11,1,0,8,1,420,9,3,0,200,1,22,12,0,27,9,3,4,1345,2,31,30,103,0,87,0,173,6,1,0,61,14,226,511,3,2,22,9,3,153,59,713,45,0,334,2,144,12,331
0,0,32,0,50,3,0,14,43,0,8,9,4,0,0,27,6,16,1,3,3,2,3,27,5,0,1441,11,4,1,10,0,591,3,1,6,8,0,2,5,108,3,138,3,5,27,0,10,374,2,5,8,0,10,3,1,558,1,1,89,2
0,0,38,0,123,4,4,290,184,1,10,13,17,8,0,132,93,117,4,27,8,9,1,12,3,4,2143,11,2,4,27,3,208,2,1,10,7,2,5,12,407,1,300,14,11,12,4,117,1776,4,7,10,1,12,7,4,353,6,1,58,21
0,0,1,0,10,0,0,17,15,0,9,6,3,27,0,75,9,12,0,1,1,1,5,1,0,8,485,3,3,1,5,0,0,1,0,6,2,0,0,0,105,0,22,3,0,4,2,2,400,5,4,0,0,0,5,0,27,0,0,4,6
0,0,1,0,1,0,8,1,9,0,3,1,4,0,0,6,3,81,5,0,0,6,1,2,1,0,110,6,0,0,6,0,1,0,1,0,8,0,1,3,2,0,20,16,2,3,1,148,80,1,0,2,2,4,7,0,108,5,0,0,2
0,106,112,0,0,0,3,1,44,0,0,21,0,0,0,2,0,0,8,0,0,826,0,0,13,0,0,16,0,0,170,0,2,136,67,0,3,0,35,34,0,0,2,6,121,42,1,0,0,1,0,0,56,7,3,0,1,20,164,1,112
0,1,1,0,0,0,0,0,3,0,0,5,0,0,0,4,0,6,7,0,0,12,0,0,1,0,0,2,0,0,5,0,0,1,34,0,6,0,47,1,0,0,0,1,341,93,0,0,0,3,0,0,15,91,1,0,0,0,3,0,0
1,3,5,0,1,0,0,393,0,2,3,1,0,1,10,0,0,1,0,1,27,0,39,5,1,4,1,0,5,45,0,42,2,160,2,5,2,3,2,5,1,59,1,298,0,15,0,801,0,1,4,0,4,5,0,31,0,2,14,0,4
0,0,1,169,172,0,0,68,0,0,0,5,2,4,0,0,0,0,0,1,11,0,1,12,0,0,3,0,250,1,2,25,7,1,0,118,1,0,0,0,16,0,6,0,0,2,0,13,4,0,1,34,0,0,1,0,0,0,3,17,1
0,0,0,18,296,0,0,16,0,0,0,0,4,182,0,0,17,0,0,509,18,0,0,0,0,0,5,0,4,5,5,12,0,0,0,0,0,1,0,0,282,0,5,0,0,0,0,1,0,0,0,1027,0,0,0,1,2,0,0,198,1
0,40,39,4,110,1,13,838,156,0,57,78,90,30,2,11,26,34,27,15,3,28,45,20,23,0,26,88,9,8,91,17,16,53,40,6,51,0,24,113,176,9,48,28,152,29,4,75,21,42,138,24,54,14,18,1,50,82,113,21,25
0,128,21,0,3,50,400,1,280,0,11,28,4,2,0,733,0,18,1040,12,0,26,67,927,29,0,9,33,0,19,9,2,791,11,31,2,39,0,39,24,3,73,34,55,16,42,355,1,3,20,4,0,56,35,291,132,292,21,11,6,11
1613,0,0,0,0,1288,0,0,0,2244,0,0,0,0,1473,0,0,0,0,0,94,0,0,6,0,651,0,0,2,5,0,3,0,0,0,0,0,39,0,0,0,0,0,0,0,0,0,0,0,0,0,0,0,0,0,52,0,0,0,0,0
2,0,0,0,0,23,0,0,0,25,0,0,0,0,44,0,0,0,0,0,8,0,0,1,0,705,0,0,0,0,0,2,0,0,0,0,0,1417,0,0,0,2,0,0,0,0,0,1,0,0,0,0,0,0,0,7,0,0,0,0,0
24,1,1,1,2,19,0,20,0,33,10,0,0,0,39,0,0,0,0,0,38,1,39,98,1,25,0,3,6,209,0,434,0,182,0,14,0,208,0,3,35,78,3,4,0,10,0,129,0,0,2,0,3,0,1,1859,0,1,3,0,0
20,0,1,18,1014,9,0,94,1,8,0,8,10,669,6,1,394,20,0,957,55,0,0,8,0,10,19,0,26,113,141,167,0,0,0,15,0,115,0,0,611,1,62,0,1,0,0,14,11,1,0,1122,0,1,1,43,15,0,2,99,1
39,0,0,1,28,17,0,6,0,21,0,0,0,14,3,0,1,0,0,41,366,0,0,1,0,2,0,0,3,83,0,6,0,6,0,1,0,5,0,1,11,3,16,1,0,0,0,5,0,0,0,32,0,0,0,27,0,0,0,1,0
0,5,26,0,0,0,4,1,8,0,3,7,0,0,0,4,0,3,3,3,0,33,2,0,14,0,0,37,0,20,7,0,3,35,10,0,22,0,22,7,3,2,1,47,22,35,4,0,0,2,8,0,8,37,12,0,2,5,11,5,49
0,0,13,0,2,0,2,1,5,0,0,24,1,0,0,2,0,3,10,1,0,112,3,8,0,0,3,32,0,18,24,0,4,10,2,0,2,0,1,4,0,2,4,16,20,53,3,0,3,0,0,2,0,5,67,0,2,2,12,0,76
0,4,3,0,1,1,32,1,5,0,96,3,62,11,0,7,0,15,16,1,0,21,64,2,7,0,10,366,0,430,2,0,2,1,1,1,61,0,0,12,40,0,5,317,4,6,34,0,18,40,34,0,0,6,61,0,11,15,0,0,70
3,1,7,0,12,8,1,12,2,2,5,20,6,15,1,0,22,43,1,31,325,0,2,72,0,3,11,1,1,15,15,17,2,5,0,0,1,1,0,1,12,172,843,2,6,4,2,9,7,0,1,17,0,2,8,2,84,1,0,101,6
0,0,16,0,0,0,0,1,12,0,1,1072,1,0,0,4,0,23,5,0,1,6,5,61,1,0,9,4,0,2,82,1,316,4,3,0,6,0,48,3,0,4,13,3,303,432,1,0,6,2,2,1,9,248,56,2,28,0,7,90,29
0,0,0,0,0,0,71,0,1,0,107,0,673,1,1,26,0,29,0,0,0,2,264,0,1,0,3,52,0,17,3,0,5,0,0,13,20,0,0,4,2,0,1,12,0,2,131,0,6,86,40,0,1,4,27,3,3,4,0,0,1
830,0,0,0,1,1309,0,5,0,579,1,0,2,0,316,158,1,3,0,1,53,0,0,2,0,377,0,0,2,4,0,3,0,0,0,0,1,44,0,0,0,0,31,1,0,1,0,3,0,0,0,1,0,0,0,33,1,0,0,1,3
0,0,0,0,0,8,0,0,0,2,1,0,0,0,5,5,1,1,0,0,0,0,0,0,0,45,1,0,0,0,0,1,0,0,0,0,0,75,0,0,0,0,0,0,0,0,0,0,0,0,0,0,0,0,0,4,1,0,0,0,0
