0.60462,0.40831,0.12848,0.94259,0.36066,0.46811,0.21668,0.39503,0.30339,0.75318,0.45403,0.49732,0.37025,0.45742,0.65363,0.31253,0.63319,0.18244,0.42635,0.4142,0.6158,0.30849,0.43119,0.46825,0.31703,0.29688,0.4491,0.2841,0.8003,0.25674,0.4357,0.16408,0.34441,0.32067,0.28905,0.90118,0.25634,0.48785,0.29318,0.29771,0.17981,0.58641,0.31692,0.28833,0.30885,0.25636,0.32838,0.29008,0.5211,0.61546,0.20852,0.28735,0.30321,0.28061,0.33463,0.58341,0.24854,0.31585,0.30963,0.42933,0.25688
0.41043
0,95,55,0,0,0,14,0,537,0,0,151,0,0,0,54,0,0,79,0,0,75,0,0,20,0,0,0,0,0,13,0,0,21,402,0,1,0,421,46,0,0,0,1,141,6,5,0,0,70,3,0,708,1,18,0,0,29,96,2,0
0,884,10,0,0,0,3,0,2,0,3,37,0,1,0,3,0,1,3,0,0,26,6,0,804,0,0,27,0,0,8,0,0,17,81,0,32,0,66,727,1,0,0,5,1,0,1,0,1,4,248,0,90,9,1,0,0,891,0,0,4
0,140,116,0,0,0,8,0,22,0,0,54,0,0,0,14,0,9,35,6,0,190,1,0,136,0,0,14,1,0,30,3,6,185,259,0,12,0,219,115,0,0,0,19,55,28,3,0,0,7,15,0,321,78,5,0,3,91,54,17,33
0,3,123,0,0,0,3,0,109,0,0,54,0,0,0,6,0,3,28,0,0,154,0,2,0,0,0,3,0,0,25,0,18,9,142,0,0,0,299,4,0,0,1,0,736,110,0,0,0,143,0,0,260,13,118,0,1,0,554,1,16
0,101,20,0,0,0,1,0,7,0,0,27,0,0,0,2,0,0,3,0,0,91,0,0,17,0,0,1,0,0,28,0,0,14,124,0,0,0,20,106,0,0,0,0,3,0,1,0,0,0,6,0,116,0,1,0,0,33,7,0,0
0,16,249,0,3,0,21,6,36,0,1,50,0,11,2,19,2,34,55,45,1,314,2,9,87,0,20,38,1,3,133,118,18,409,104,5,36,0,66,94,6,21,40,65,82,194,15,1,17,6,20,0,111,90,26,0,37,78,74,104,391
2,1,1,8,2,0,1,6,0,3,1,0,4,3,1,0,8,2,0,2,6,0,3,12,0,0,4,1,4,2,0,41,1,5,0,5,3,2,0,2,36,2,6,2,0,9,0,4,1,0,0,5,0,0,1,3,2,0,1,11,32
0,8,8,0,1,0,189,1,28,0,1,6,3,4,0,467,1,3,457,4,1,11,23,31,10,1,3,88,0,15,7,5,179,14,4,6,29,0,4,24,15,14,5,75,11,11,817,1,9,0,7,0,11,8,689,1,9,22,1,0,40
0,36,6,0,0,0,2,0,5,0,0,207,0,1,0,8,0,37,23,0,0,4,2,0,115,0,0,1,0,0,0,2,1,5,657,0,46,0,696,66,0,0,0,4,13,9,0,0,0,9,11,0,354,38,4,0,0,27,1,0,0
0,0,7,0,0,1,0,107,0,1,3,1,1,2,0,0,0,0,4,0,0,2,1,2,0,0,0,1,0,24,0,46,10,37,0,4,0,1,5,0,1,5,0,1,1,3,0,7,0,0,3,0,1,2,1,1,1,1,2,2,3
0,0,3,10,33,0,0,0,0,0,0,10,59,5,0,0,110,6,1,37,1,0,0,13,0,9,9,0,4,6,6,14,3,0,0,2,0,0,0,0,125,12,60,0,3,2,0,0,3,0,0,210,0,0,0,1,15,0,0,1057,1
0,0,0,0,0,17,0,0,0,12,0,0,0,0,33,0,0,0,0,0,0,0,0,0,0,128,0,0,0,1,0,21,0,0,0,0,0,484,0,0,0,3,0,0,0,0,0,0,0,0,0,0,0,0,0,123,0,0,0,0,0
3,1,8,2,1,2,2,6,3,7,63,1,3,0,12,0,1,0,0,0,20,5,11,29,2,7,0,5,9,136,1,230,3,121,0,16,1,35,0,7,16,24,4,0,1,14,3,76,0,0,2,1,0,0,1,237,1,6,7,0,0
98,0,8,8,166,8,0,8,0,2,2,3,15,166,1,2,2175,32,2,294,35,0,0,3,0,21,12,0,7,28,22,33,1,0,0,17,0,20,0,0,361,0,146,0,3,2,1,6,20,1,0,228,0,1,0,77,31,0,3,277,3
10,1,43,5,2,3,0,27,1,7,10,1,3,4,2,4,63,37,0,19,69,2,6,4,15,1,21,3,6,714,4,55,34,47,1,4,13,1,0,32,33,12,399,6,2,10,1,14,14,2,5,18,0,2,0,30,70,1,5,49,12
1,0,1,0,2,2,8,4,1,0,24,0,29,8,0,4,95,386,3,8,6,1,3,2,1,9,27,21,1,5,5,9,4,0,0,0,8,0,0,0,10,1,215,23,3,3,1,276,31,1,1,3,1,3,227,13,273,1,0,22,2
0,401,62,0,0,0,137,1,7,0,13,15,1,0,0,91,0,7,32,0,0,191,25,2,508,0,2,143,0,21,43,0,4,93,90,0,108,0,89,395,0,4,1,76,11,16,206,2,3,5,295,0,34,48,15,0,0,627,3,1,22
0,0,81,0,0,0,0,2,11,0,0,10,0,0,0,0,0,3,1,0,0,62,0,1,0,0,0,1,0,0,199,0,3,12,11,1,0,0,5,0,0,0,0,0,66,83,0,0,3,0,0,3,6,13,7,0,0,0,50,1,314
0,0,3,0,4,0,0,0,1,0,1,0,0,0,0,1,0,0,0,0,0,1,1,0,1,0,55,0,2,0,0,1,4,0,0,0,1,0,1,1,4,0,4,0,0,1,0,0,21,0,0,0,1,0,0,0,9,0,0,1,5
0,0,10,0,14,0,6,2,7,0,0,0,3,0,0,8,6,1,1,0,0,0,0,5,3,0,295,14,0,6,0,4,14,6,0,4,4,0,0,9,17,1,9,5,2,9,0,0,198,2,3,0,2,0,1,1,4,3,1,7,30
0,0,0,0,0,0,0,0,0,0,1,0,1,0,0,0,0,0,0,0,0,0,0,0,0,0,13,0,0,0,0,0,0,0,0,0,3,0,0,0,1,0,0,0,1,1,0,0,16,0,1,0,0,0,0,0,0,0,0,0,0
1,0,2,7,23,0,0,16,0,1,1,3,2,4,2,1,1,0,0,1,34,0,0,445,0,0,5,2,10,28,1,455,52,1,0,7,0,0,0,0,53,2,9,0,0,12,0,7,13,0,0,46,0,0,1,1,0,0,1,12,1
0,17,8,0,0,0,173,0,9,0,0,1,0,1,0,415,0,0,440,0,0,5,7,2,18,0,0,30,0,9,2,0,66,5,8,1,12,0,9,24,1,2,0,29,0,3,410,0,0,1,6,0,2,3,291,1,0,32,1,0,2
0,24,3,0,0,0,3,1,2,0,187,4,21,5,0,2,0,40,1,0,0,7,85,0,215,0,1,153,0,37,0,0,0,1,39,0,421,0,25,16,0,0,0,77,0,0,1,1,0,94,438,0,3,293,0,0,0,81,0,0,1
5,0,0,2,11,3,0,12,0,1,0,0,0,7,0,0,1,0,0,6,2034,0,0,3,0,1,1,0,4,25,0,18,0,1,0,4,0,6,0,0,4,4,18,3,0,0,0,3,0,0,0,16,0,0,0,8,0,0,0,0,0
2,0,177,0,0,1,4,6,0,1,13,0,2,1,7,0,1,3,1,0,1,2,49,0,1,3,2,1,0,3,0,100,1,125,0,0,1,2,0,0,7,77,58,2,2,266,1,15,0,0,1,3,1,2,0,12,3,0,232,0,0
1,0,3,2,34,0,1,6,0,0,5,0,16,435,0,0,344,18,0,61,1,0,1,2,0,125,17,0,0,2,120,23,2,0,0,3,29,0,0,0,412,6,26,0,0,1,3,2,7,0,0,102,0,0,2,1,22,0,3,120,87
0,0,0,4351,251,0,0,1,0,0,0,0,0,0,0,0,0,0,0,0,1,0,0,0,0,0,2,0,1627,0,0,0,0,0,0,2991,0,0,0,0,1,0,0,0,0,0,0,0,0,0,0,0,0,0,0,0,0,0,0,3,0
2,1,3,3,0,0,2,5,3,2,15,0,5,1,3,0,1,8,1,0,19,5,24,10,1,16,1,4,18,11,0,36,2,24,0,12,1,4,0,11,5,85,5,2,0,7,1,516,2,0,2,0,3,1,3,6,1,1,23,0,2
0,13,3,0,0,0,4,0,8,0,304,1,56,0,119,3,0,24,0,0,0,2,6,2,6,0,6,18,5,2,5,0,2,2,5,1,9,0,1,31,3,2,8,3,5,6,2,369,7,15,19,0,5,2,9,0,26,15,6,0,1
0,75,97,0,0,0,99,0,22,0,184,1,65,67,0,34,0,73,30,3,0,114,182,0,220,0,2,562,0,229,33,17,12,71,11,0,297,0,19,188,5,32,3,499,7,30,370,0,116,95,509,2,4,194,8,0,27,276,4,20,134
1,78,241,1,5,3,217,16,23,0,413,9,110,232,1,54,5,329,106,62,0,81,246,6,232,12,122,777,0,227,32,144,31,141,30,2,425,0,34,286,191,87,22,739,9,96,70,7,108,157,439,3,11,202,29,2,200,426,4,56,653
0,1,0,0,0,0,391,0,122,0,1373,0,769,29,0,5,0,426,2,0,0,5,987,1,12,0,8,195,1,72,0,4,16,0,1,1,627,0,1,7,13,1,0,79,0,4,18,0,20,1330,158,1,0,186,9,0,57,10,0,0,8
0,0,0,0,0,10,0,0,0,8,75,0,1,0,21,3,0,0,0,0,1,0,3,6,0,105,0,0,0,0,0,38,0,0,0,0,0,511,0,0,1,4,0,0,0,0,2,0,0,0,0,0,0,0,0,391,0,0,1,0,0
12,0,23,3,1,1,0,12,1,16,4,0,0,1,149,0,0,3,2,0,18,1,133,6,1,8,2,0,8,29,0,282,5,920,0,4,0,15,0,1,3,1191,81,3,1,148,1,113,1,0,0,0,0,1,1,64,0,0,749,0,0
0,0,0,3,429,0,0,53,0,0,0,0,1,1665,0,0,61,1,1,1499,30,0,0,5,0,5,1,1,14,3,346,339,1,0,0,4,0,2,0,0,255,3,7,0,2,1,0,7,2,0,0,829,0,0,0,8,1,0,23,24,11
0,6,240,0,2,0,3,11,43,0,5,170,12,2,0,8,1,416,10,1,0,192,1,24,10,0,28,8,3,3,1301,1,26,34,111,0,87,0,177,7,1,1,67,11,210,645,1,3,32,11,3,165,53,667,30,1,334,1,151,20,316
0,1,38,0,47,2,0,14,45,0,7,8,3,0,0,21,6,10,1,3,4,3,4,27,3,0,1366,5,2,2,13,1,521,3,2,15,7,0,1,7,111,3,124,2,6,21,0,9,403,4,6,7,1,12,3,1,682,3,1,93,3
0,0,45,0,124,4,6,302,175,1,8,14,17,8,0,87,81,109,3,22,7,9,3,16,2,4,2263,9,3,3,24,8,172,2,2,18,10,1,3,13,423,0,299,16,14,17,6,119,1766,3,8,11,2,3,6,5,310,7,1,51,20
0,0,1,0,8,0,0,17,15,0,7,8,5,26,0,24,9,14,0,0,1,1,4,6,0,8,548,2,4,1,5,0,0,1,0,7,2,0,0,0,110,0,17,3,0,3,2,1,387,7,3,0,0,0,4,0,24,0,0,4,7
0,0,2,0,3,0,9,1,10,0,5,1,4,0,0,10,3,85,3,0,0,8,2,1,3,0,98,4,0,1,4,0,0,0,1,0,8,0,1,3,3,0,15,15,3,2,0,140,83,3,0,2,2,2,10,0,116,4,0,0,2
0,68,106,0,0,0,3,1,43,0,0,19,0,0,0,3,0,0,6,0,0,807,0,0,11,0,1,17,0,0,214,0,3,142,68,0,3,0,30,36,0,0,0,9,121,32,0,0,0,1,0,0,66,7,3,0,1,20,178,1,116
0,1,1,0,0,0,0,0,4,0,0,5,0,0,0,2,0,15,7,0,0,12,0,0,1,0,0,2,0,0,10,0,0,1,30,0,7,0,50,2,0,0,0,0,333,83,1,0,0,4,0,0,14,95,1,0,0,0,3,0,0
1,0,4,0,0,0,0,406,0,1,2,0,0,2,7,0,0,1,1,0,27,0,14,5,1,6,1,0,3,94,0,34,1,127,1,6,2,3,1,5,1,59,1,307,0,14,0,798,0,2,5,0,6,3,0,35,0,4,16,1,4
0,0,1,169,165,0,0,72,0,0,0,4,2,4,0,0,0,0,0,1,9,0,1,15,0,0,4,0,239,2,1,27,2,1,0,132,1,0,0,0,17,0,5,0,0,3,0,15,3,0,1,35,0,0,1,0,0,0,2,17,1
0,0,0,15,297,0,0,17,0,0,0,0,3,186,0,0,15,0,0,514,18,0,0,0,0,0,4,0,5,6,5,11,0,0,0,4,0,0,0,0,280,1,8,0,0,0,0,0,0,0,0,1032,0,0,0,1,3,0,0,183,1
0,38,41,6,98,2,12,843,154,0,60,70,88,29,2,12,27,39,29,12,4,31,47,23,25,0,25,77,11,10,85,17,11,60,41,5,49,0,18,111,184,10,42,27,159,34,5,70,24,38,138,23,65,18,18,1,57,83,106,21,21
0,144,21,0,3,54,395,3,280,0,12,28,6,3,0,721,1,21,1042,12,0,32,71,870,29,0,11,30,0,19,6,2,829,10,34,2,35,0,44,25,3,91,23,56,16,33,361,1,3,24,5,0,55,39,292,124,275,21,15,6,12
1624,0,0,0,0,1255,0,0,0,2191,0,0,0,0,1504,0,0,0,0,0,95,0,0,5,0,695,0,0,2,4,0,4,0,0,0,0,0,43,0,0,0,0,0,0,0,0,0,0,0,0,0,0,0,0,0,48,0,0,0,0,0
2,0,0,0,0,23,0,0,0,21,0,0,0,0,43,0,0,0,0,0,6,0,0,1,0,663,0,0,0,0,0,3,0,0,0,0,0,1466,0,0,0,1,0,0,0,0,0,1,0,0,0,0,0,0,0,7,0,0,0,0,0
23,0,3,1,2,18,0,22,0,38,10,0,0,1,38,0,0,0,0,0,39,0,26,103,2,22,0,3,4,265,0,427,0,135,0,16,0,206,0,2,35,80,4,4,0,5,0,135,0,0,3,0,4,0,2,1857,0,2,1,0,1
18,0,3,19,1003,8,0,101,0,7,0,8,10,689,7,0,395,18,0,933,64,0,0,7,0,14,22,0,28,131,142,169,0,2,0,18,0,75,0,0,618,1,63,0,2,0,0,14,9,1,0,1129,0,1,1,42,16,0,2,93,1
37,0,0,1,29,15,0,6,0,21,0,0,0,13,3,0,1,0,0,40,375,0,0,1,0,1,0,0,3,80,0,4,0,2,0,1,0,6,0,1,13,2,18,1,0,0,0,6,0,0,0,31,0,0,0,29,0,0,0,1,0
0,4,27,0,0,0,4,1,7,0,2,6,0,0,0,5,0,4,2,3,0,32,2,1,15,0,0,36,0,20,7,1,4,38,10,0,22,0,18,8,3,2,1,43,23,34,4,0,0,2,8,0,8,39,10,0,2,8,12,6,48
0,0,11,0,2,0,2,1,5,0,0,24,1,0,0,2,0,3,8,0,0,109,4,10,0,0,4,31,0,18,23,0,5,12,1,0,1,0,2,6,0,2,2,17,21,54,3,0,4,0,0,1,3,5,62,0,1,1,17,0,76
0,4,3,0,1,1,34,0,5,0,91,4,63,9,0,8,0,14,15,1,0,22,55,3,8,0,11,355,0,447,6,0,1,1,0,0,65,0,0,16,41,1,4,314,2,9,34,0,18,38,34,0,0,6,62,0,9,13,0,0,71
4,1,1,0,14,8,1,13,1,2,4,18,5,14,2,0,19,42,0,29,322,0,1,63,0,2,10,1,2,15,14,20,4,6,0,1,1,1,0,1,12,180,869,3,5,4,3,10,7,0,1,19,0,1,5,3,88,0,0,84,7
0,2,16,0,0,1,0,1,15,0,1,1022,1,0,0,5,0,24,6,1,1,4,5,72,0,0,8,4,0,2,59,1,331,6,3,0,6,0,49,3,0,2,15,2,307,435,0,0,6,2,2,3,10,284,51,3,27,0,8,94,23
0,0,0,0,0,0,65,0,1,0,112,0,686,1,1,34,0,28,0,0,0,3,241,0,1,0,3,47,0,17,4,0,4,0,0,0,21,1,0,4,2,0,1,15,0,2,135,0,31,79,32,0,1,5,30,3,2,3,0,0,1
839,0,0,0,1,1231,0,4,0,564,1,0,1,0,337,160,1,5,0,0,50,0,1,2,0,432,0,0,2,3,0,3,0,0,0,0,0,46,0,0,0,0,37,0,0,1,0,2,0,0,0,1,0,0,0,37,3,0,0,0,3
0,0,0,0,0,8,0,0,0,2,0,0,0,0,4,5,1,1,0,0,3,0,0,0,0,43,1,0,0,0,0,2,0,0,0,0,0,74,0,0,0,0,0,0,0,0,0,0,0,0,0,0,0,0,0,5,1,0,0,0,0
