0.60398,0.39805,0.13354,0.94483,0.35991,0.46945,0.22166,0.39857,0.29405,0.75118,0.45106,0.49205,0.38015,0.45212,0.65189,0.30124,0.62989,0.18565,0.43104,0.41126,0.61766,0.31271,0.43057,0.48876,0.32048,0.29517,0.44166,0.27947,0.80135,0.27006,0.44247,0.16316,0.33547,0.29392,0.28777,0.89325,0.25929,0.48144,0.29475,0.30029,0.18214,0.58959,0.30683,0.29159,0.30321,0.21297,0.32464,0.28852,0.53483,0.60831,0.20827,0.28901,0.30144,0.30472,0.33737,0.58461,0.23222,0.30775,0.31951,0.41967,0.24792
0.40917
0,100,61,0,0,0,11,0,529,0,0,158,0,0,0,54,0,0,79,0,0,79,0,0,20,0,0,0,0,0,12,0,0,20,399,0,1,0,429,45,0,0,0,1,136,12,7,0,0,73,3,0,690,1,20,0,0,25,96,2,1
0,898,10,0,0,0,3,0,3,0,3,37,0,1,0,3,0,1,3,0,0,25,5,0,806,0,0,31,0,0,6,0,0,15,85,1,35,0,64,736,1,0,0,3,1,0,2,0,0,4,257,0,89,8,2,0,0,854,0,0,5
0,147,117,0,0,0,8,0,19,0,0,51,0,0,0,13,0,9,35,6,0,192,0,0,136,0,0,14,0,0,27,3,8,185,257,1,14,0,227,122,0,0,1,19,55,32,3,0,0,7,15,0,323,68,5,0,3,85,48,17,32
0,3,129,0,0,0,3,0,112,0,0,49,0,0,0,6,0,3,31,0,0,159,0,3,1,0,0,3,0,0,23,0,19,8,146,0,0,0,306,4,0,0,1,0,728,123,0,0,0,152,0,0,243,11,113,0,1,0,542,0,16
0,108,21,0,0,0,1,0,7,0,0,29,0,0,0,2,0,0,2,0,0,93,0,0,16,0,0,1,0,0,23,0,0,16,122,0,0,0,19,106,0,0,0,0,3,0,1,0,0,0,6,0,116,0,2,0,0,29,6,0,0
0,19,260,0,3,0,22,8,32,0,1,41,0,10,2,19,1,35,55,43,2,304,2,9,87,0,19,36,2,3,134,111,18,407,101,5,36,0,66,95,7,26,39,68,87,205,15,1,16,9,20,2,108,84,25,0,37,73,70,104,402
2,1,1,7,4,1,1,5,0,2,0,0,3,4,1,0,7,2,0,2,7,0,3,15,0,0,4,1,5,3,0,33,1,6,0,5,2,2,0,2,40,3,5,1,0,8,0,3,2,0,0,6,0,0,1,5,2,0,1,12,30
0,8,7,0,2,0,177,2,30,0,1,8,2,5,0,478,1,3,467,3,1,10,21,31,13,2,3,88,1,15,7,5,166,16,4,7,30,0,6,25,18,12,5,67,9,12,809,1,8,0,7,0,8,8,696,1,9,28,1,0,38
0,44,6,0,1,0,3,0,6,0,0,195,0,1,0,6,0,39,23,0,0,4,2,0,109,0,0,1,0,0,0,2,0,4,661,0,46,0,713,66,0,0,1,3,13,10,0,0,0,9,10,0,353,30,3,0,0,25,1,0,0
0,0,4,0,0,1,0,104,0,1,5,1,0,1,0,0,0,0,4,0,0,2,0,2,1,0,0,1,0,13,0,48,10,48,0,4,0,1,4,0,0,4,0,1,1,4,0,9,0,0,4,0,0,2,1,1,1,1,5,3,3
0,0,2,11,40,1,0,0,0,0,0,11,61,5,0,0,108,6,1,35,4,0,0,13,0,8,9,0,2,1,8,13,3,0,0,2,0,0,0,0,122,12,56,0,2,2,0,0,4,0,0,214,0,0,0,1,13,0,0,1058,2
0,0,0,0,0,17,0,0,0,11,0,0,0,0,39,0,0,0,0,0,0,0,0,0,0,146,0,0,0,0,0,22,0,0,0,0,0,457,0,0,0,4,0,0,0,0,0,0,0,0,0,0,0,0,0,126,0,0,0,0,0
3,2,8,2,1,2,0,9,2,6,60,1,3,0,13,0,1,0,0,0,20,4,12,30,2,6,0,5,9,104,1,234,3,156,0,20,1,33,0,10,20,19,4,0,1,11,3,73,0,0,1,1,0,0,2,232,1,4,10,1,0
101,0,7,10,165,7,0,9,1,3,3,3,15,169,2,3,2158,36,1,306,31,0,0,3,0,22,9,0,8,30,23,32,1,0,0,18,2,27,0,0,358,1,130,0,1,0,0,9,18,1,0,227,0,1,1,74,31,0,3,285,4
11,2,37,3,6,4,0,33,1,6,14,1,2,5,2,2,65,30,0,18,56,0,8,2,12,1,20,3,7,717,3,53,36,93,1,3,9,1,0,33,35,10,371,6,2,8,2,12,13,2,7,19,0,4,0,29,63,1,4,57,14
1,0,0,0,2,2,8,5,1,0,19,0,28,8,1,3,86,379,2,7,6,1,5,2,1,10,25,26,0,5,5,9,4,0,0,0,7,0,0,0,9,1,227,25,3,2,1,285,31,1,0,2,0,3,226,13,270,1,0,26,4
0,420,59,0,0,0,137,0,8,0,14,13,1,1,0,88,0,7,32,0,0,189,23,2,501,0,3,154,0,22,37,0,4,90,98,0,109,0,95,403,0,2,1,70,10,16,208,1,1,6,288,0,40,46,14,0,0,614,2,1,20
0,0,78,0,0,0,0,2,13,0,0,14,0,0,0,0,0,4,1,0,0,62,0,0,0,0,0,1,0,0,207,0,2,13,11,1,0,0,3,0,0,0,1,0,67,80,0,0,2,0,0,1,6,16,6,0,0,0,45,0,313
0,0,3,0,4,0,0,0,2,0,1,0,0,0,0,1,0,0,0,0,0,1,1,0,1,0,52,0,2,0,0,1,5,0,0,1,1,0,1,1,4,0,7,0,0,0,0,0,21,0,0,0,0,0,0,0,8,0,0,1,5
0,0,9,1,15,0,6,2,8,0,1,1,3,0,0,10,6,1,1,0,0,0,1,2,3,0,286,14,0,6,0,5,12,6,0,2,3,0,0,8,17,1,14,5,2,11,0,1,201,2,4,0,2,0,1,0,3,4,1,7,29
0,0,0,0,0,0,0,0,0,0,1,0,1,0,0,0,0,0,0,0,0,0,0,0,0,0,12,0,0,0,0,0,0,0,0,0,3,0,0,0,1,0,0,0,1,1,0,0,17,0,1,0,0,0,0,0,0,0,0,0,0
2,0,3,4,25,0,0,16,0,2,1,3,2,5,3,1,2,0,0,1,32,0,0,434,0,0,9,0,10,25,1,457,52,1,0,10,0,1,0,0,52,2,9,0,0,12,0,9,17,0,0,45,0,0,0,1,0,0,1,12,1
0,20,7,0,0,0,168,0,8,0,0,1,0,1,0,408,0,0,446,0,0,5,7,2,21,0,0,30,0,10,1,0,64,5,6,3,11,0,9,24,1,1,0,26,0,4,412,0,0,1,6,0,1,4,293,1,0,36,1,0,2
0,23,2,0,1,0,4,0,2,0,194,5,18,7,0,2,0,39,1,0,0,7,85,0,215,0,1,152,0,38,0,0,0,1,44,0,422,0,26,16,0,0,0,71,0,1,0,1,0,95,437,0,3,285,1,0,0,82,0,0,1
5,0,0,3,12,3,0,12,0,2,0,0,0,7,0,0,1,0,0,5,2042,0,0,2,0,1,1,0,3,30,0,16,0,1,0,3,0,5,0,0,5,4,13,3,0,0,0,2,0,0,0,12,0,0,0,8,0,0,0,0,0
1,0,174,0,0,2,4,9,1,2,16,0,2,1,6,0,1,3,0,0,1,2,46,2,0,3,1,1,0,4,1,105,1,113,0,1,0,1,0,0,6,76,54,1,2,274,1,12,0,0,1,4,1,2,0,12,2,0,237,0,3
1,0,3,2,32,0,2,4,0,0,5,0,15,427,0,0,349,18,0,59,1,0,2,1,0,125,18,0,0,0,120,24,2,0,0,5,29,0,0,0,406,6,26,0,0,1,2,0,7,0,0,109,0,0,2,1,22,0,4,130,85
0,0,0,4333,246,0,0,1,0,0,0,0,0,0,0,0,0,0,0,0,1,0,0,0,0,0,1,0,1662,0,0,0,0,0,0,2979,0,0,0,0,1,0,0,0,0,0,0,0,0,0,0,1,0,0,0,0,0,0,0,3,0
2,0,2,4,0,0,2,5,3,2,14,0,6,1,3,0,1,7,1,0,19,2,20,10,4,16,1,4,18,10,0,42,2,19,0,13,0,4,0,10,4,84,4,1,0,9,1,525,2,1,3,0,3,1,1,5,2,1,22,0,3
0,13,3,0,0,0,3,1,8,0,311,0,52,0,121,2,0,24,0,0,0,2,6,1,6,0,5,21,5,2,6,1,2,3,5,2,9,0,1,29,2,2,10,3,5,4,4,366,7,13,20,0,6,2,9,0,23,13,7,0,1
0,74,93,0,0,0,96,0,22,0,192,1,62,66,0,31,0,73,31,4,0,114,181,0,211,0,2,576,0,239,32,16,10,65,12,0,302,0,22,188,9,35,5,501,6,33,368,1,109,99,514,1,2,183,7,0,29,278,5,20,122
2,87,237,0,9,2,210,14,24,0,403,7,99,259,0,48,3,337,107,55,2,78,246,7,226,12,121,780,1,238,33,145,32,142,28,2,438,0,40,278,174,94,33,745,8,95,69,7,100,148,437,3,13,197,36,2,210,437,4,54,627
0,1,0,0,0,0,383,0,121,0,1364,0,785,27,0,6,0,432,2,0,0,4,983,1,10,0,6,194,1,81,0,4,16,0,2,1,642,0,1,9,14,1,0,76,0,4,16,0,18,1317,155,1,0,183,10,0,59,13,0,0,7
0,0,0,0,0,11,0,0,0,7,81,0,1,0,23,3,0,0,0,0,1,0,2,6,0,105,0,0,0,0,0,37,0,0,0,0,0,504,0,0,1,4,0,0,0,0,3,0,0,0,0,0,0,0,0,392,0,0,0,0,0
11,0,28,2,1,1,1,12,1,23,4,0,0,1,141,0,0,2,1,0,18,2,140,5,1,10,1,0,13,22,0,314,4,865,0,5,0,16,0,2,3,1201,78,3,1,143,1,117,1,0,1,0,0,2,1,64,0,0,755,0,0
0,0,1,3,450,0,0,50,0,0,0,0,1,1643,0,0,66,2,1,1490,31,0,0,3,0,8,1,0,16,2,343,342,0,0,0,6,0,3,0,0,255,4,8,0,2,1,0,7,2,0,0,831,0,0,0,9,1,0,19,24,12
0,6,241,0,2,0,3,6,39,0,5,199,12,2,0,8,1,426,8,3,0,199,1,20,16,1,24,8,3,3,1323,1,26,29,113,0,81,0,174,8,1,0,67,13,234,522,2,3,32,8,3,160,51,717,35,0,333,2,144,17,331
0,1,38,0,47,3,0,15,50,0,9,11,3,0,0,25,5,12,1,4,3,2,3,20,1,0,1396,3,3,2,12,1,529,4,1,9,9,0,1,5,125,4,145,3,6,22,0,11,398,1,7,9,1,12,3,2,617,1,1,89,2
0,0,46,0,116,5,7,294,196,0,10,13,14,8,0,129,81,102,3,28,9,10,3,13,2,6,2184,8,4,3,26,7,160,2,3,22,8,1,5,13,390,1,322,14,13,13,5,135,1812,3,8,9,1,10,6,5,295,8,2,55,17
0,0,1,0,8,0,0,16,15,0,9,7,4,26,0,45,9,13,0,0,2,1,4,4,0,9,531,2,4,1,5,0,0,1,0,8,1,0,0,0,99,0,20,3,0,5,3,2,391,6,3,0,0,0,4,0,21,0,0,6,7
0,0,1,0,1,0,6,0,9,0,5,1,4,0,0,8,2,79,3,0,0,8,1,1,1,0,105,6,0,0,6,0,0,0,2,1,6,0,2,2,1,0,24,14,2,3,0,146,80,2,0,1,1,6,8,0,117,5,0,0,2
0,83,113,0,0,0,2,1,45,0,0,23,0,0,0,3,0,0,7,0,0,819,0,0,14,0,0,16,0,0,185,0,2,135,72,0,3,0,29,37,0,0,2,7,119,48,1,0,0,1,0,0,65,7,3,0,1,20,160,1,112
0,1,1,0,0,0,0,0,4,0,0,5,0,0,0,2,0,10,7,0,0,13,0,0,1,0,0,2,0,0,9,0,0,1,36,0,6,0,51,1,0,0,0,1,331,86,0,0,0,3,0,0,14,95,1,0,0,0,3,0,0
1,0,5,0,0,0,0,395,0,2,3,0,0,0,11,0,0,1,0,1,25,0,15,8,1,4,1,1,4,53,0,32,1,178,2,5,1,2,1,5,1,60,0,308,0,10,0,807,0,1,6,0,4,3,0,32,0,2,15,1,4
0,0,1,161,161,0,0,70,0,0,0,5,2,4,0,1,0,0,0,1,10,0,1,14,0,0,3,0,233,1,1,29,3,0,0,146,1,0,0,0,20,0,6,0,0,1,1,13,3,0,1,34,0,1,0,0,0,0,3,19,2
0,0,0,16,290,0,0,17,0,0,0,0,4,183,0,0,17,0,0,511,18,0,0,0,0,0,4,0,4,6,5,11,0,0,0,1,0,1,0,0,283,1,5,0,0,0,0,1,0,0,0,1039,0,0,0,1,1,0,0,189,1
0,40,41,5,100,2,12,837,158,0,53,72,88,31,0,10,30,39,27,13,4,28,45,23,23,0,27,84,9,8,98,23,11,55,41,8,50,0,18,112,178,7,49,28,148,31,6,74,21,43,146,23,63,13,15,1,53,83,104,20,25
0,143,22,0,2,53,395,2,283,0,10,31,5,3,0,704,0,18,1072,13,0,30,68,913,27,0,7,33,0,18,6,2,784,9,33,2,38,0,41,20,3,81,31,55,16,38,356,1,5,21,5,0,55,38,284,135,288,23,10,9,9
1609,0,0,0,0,1283,0,0,0,2225,0,0,0,0,1485,0,0,0,0,0,99,0,0,4,0,664,0,0,2,6,0,3,0,0,0,0,0,38,0,0,0,0,0,0,0,0,0,0,0,0,0,0,0,0,0,52,0,0,0,0,0
2,0,0,0,0,24,0,0,0,23,0,0,0,0,47,0,0,0,0,0,6,0,0,1,0,696,0,0,0,0,0,2,0,0,0,0,0,1427,0,0,0,1,0,0,0,0,0,1,0,0,0,0,0,0,0,7,0,0,0,0,0
24,0,3,1,2,17,0,20,0,34,9,0,0,0,37,0,0,1,0,0,35,1,25,104,1,24,0,3,6,220,0,435,0,170,0,15,0,203,0,3,31,82,4,6,0,5,0,129,0,0,4,0,4,0,1,1876,0,2,1,0,1
18,0,3,17,1011,8,0,97,0,9,0,8,10,683,4,1,401,19,0,933,56,0,0,6,0,11,17,0,29,118,142,151,0,0,0,17,0,111,0,0,616,1,58,0,2,0,0,14,10,1,0,1141,0,1,1,45,17,0,2,94,1
37,0,0,1,29,14,0,6,0,22,0,0,0,13,3,0,1,0,0,41,371,0,0,1,0,2,0,0,4,81,0,5,0,5,0,1,0,6,0,1,13,2,16,1,0,0,0,5,0,0,0,29,0,0,0,30,0,0,0,1,0
0,5,26,0,0,0,4,0,8,0,3,6,0,0,0,3,0,3,4,4,0,33,2,1,15,0,0,38,0,18,6,0,3,36,10,0,24,0,17,7,2,2,0,48,23,38,4,0,1,2,9,0,8,37,9,0,2,7,12,5,47
0,0,12,0,2,0,2,1,6,0,0,23,1,0,0,2,0,3,9,2,0,106,3,9,0,0,3,35,0,18,25,0,4,9,0,0,1,0,1,4,0,2,5,19,21,55,3,0,4,0,0,2,2,5,63,0,3,2,9,0,78
0,4,3,0,1,1,31,0,5,0,89,4,61,11,0,8,0,16,15,1,0,22,59,2,8,0,10,361,0,439,3,0,1,1,0,0,64,0,0,16,40,1,3,318,3,8,40,0,15,39,36,0,0,6,63,0,9,12,0,0,70
4,2,2,0,17,7,1,13,2,2,4,16,7,13,2,0,21,39,0,33,333,1,2,67,0,2,10,1,2,15,13,20,3,6,0,0,2,1,0,0,12,180,845,2,5,2,3,10,8,0,1,19,0,2,5,3,77,0,1,98,7
0,1,15,0,0,0,0,1,14,0,1,1021,0,1,0,4,0,25,4,1,1,4,4,68,1,0,9,3,0,2,68,0,328,4,2,0,6,0,47,2,0,3,13,3,332,442,1,0,6,2,1,2,11,254,53,2,30,0,6,99,26
0,0,1,0,0,0,66,0,1,0,105,0,687,1,1,33,0,25,0,0,0,1,246,0,1,0,3,50,0,18,4,0,5,0,0,0,22,0,0,3,2,0,1,12,0,3,139,0,5,92,41,0,2,5,31,3,1,4,0,0,2
827,0,0,0,1,1256,0,6,0,576,1,0,1,0,325,157,1,3,0,0,57,0,0,1,0,421,0,0,2,5,0,3,0,0,0,0,1,44,0,0,0,0,35,1,0,1,0,3,0,0,0,1,0,0,0,33,1,0,0,1,3
0,0,0,0,0,6,0,0,0,2,0,0,0,0,6,5,1,1,0,0,2,0,0,0,0,43,1,0,0,0,0,2,0,0,0,0,0,75,0,0,0,0,0,0,0,0,0,0,0,0,0,0,0,0,0,5,1,0,0,0,0
