0.60119,0.3993,0.1335,0.94305,0.36775,0.46614,0.22066,0.39677,0.29994,0.75676,0.47065,0.51814,0.36643,0.45908,0.65027,0.31456,0.62958,0.20043,0.42587,0.41697,0.61996,0.31553,0.39835,0.48424,0.32072,0.30004,0.43315,0.28401,0.796,0.25579,0.45249,0.16051,0.31794,0.30414,0.2801,0.90262,0.26861,0.48129,0.30221,0.30596,0.17918,0.5886,0.30317,0.28532,0.30747,0.25324,0.37786,0.27259,0.50618,0.60935,0.21477,0.28922,0.30476,0.30675,0.33609,0.58289,0.2075,0.29578,0.33377,0.41215,0.25697
0.41086
0,96,62,0,0,0,15,0,530,0,0,154,0,0,0,70,0,0,72,0,0,80,0,0,15,0,0,0,0,0,5,0,0,21,404,0,0,0,438,45,0,0,0,1,137,17,9,0,0,74,3,0,672,2,22,0,0,26,92,1,1
0,908,9,0,0,0,2,0,2,0,2,47,0,1,0,6,0,1,3,0,0,25,6,0,822,0,0,27,0,1,7,0,0,17,80,0,33,0,72,734,0,0,0,8,1,0,2,0,0,7,260,0,92,10,1,0,0,806,0,0,5
0,148,121,0,0,0,8,0,24,0,0,52,0,0,0,14,0,6,36,7,0,183,2,0,125,0,0,20,0,0,22,5,5,176,255,1,5,0,235,126,0,1,1,20,55,44,5,0,0,7,14,0,313,85,2,0,3,82,43,15,38
0,5,143,0,0,0,3,0,99,0,0,52,0,0,0,9,0,2,34,0,0,164,0,3,1,0,0,3,0,0,25,0,18,9,158,0,0,0,302,4,0,0,1,0,733,133,0,0,0,147,0,0,207,14,121,0,0,0,531,0,17
0,114,21,0,0,0,2,0,7,0,0,25,0,0,0,1,0,0,1,0,0,89,0,0,15,0,0,1,0,0,13,0,0,16,116,0,0,0,20,112,0,0,0,0,3,0,1,0,0,0,6,0,125,0,2,0,0,34,5,0,0
0,23,261,0,4,0,23,7,40,0,1,48,0,9,2,22,2,30,68,43,1,314,2,8,67,0,24,42,0,6,161,126,15,372,107,3,25,0,63,104,8,20,43,78,92,149,17,2,16,6,20,1,94,99,26,0,30,75,57,108,422
2,0,2,4,1,1,1,3,0,3,0,0,4,3,1,0,9,2,0,4,7,0,3,18,0,0,4,1,10,3,0,28,1,5,0,6,3,2,0,4,38,2,8,1,1,2,0,7,1,0,0,3,0,0,1,5,1,0,1,13,32
0,9,9,0,2,0,177,3,27,0,1,7,3,4,0,405,1,1,442,5,0,11,19,31,13,1,6,92,0,12,4,5,152,16,5,7,26,0,4,27,18,9,6,72,9,12,942,2,5,1,10,0,3,7,691,1,6,21,2,0,38
0,50,6,0,0,0,2,0,5,0,0,194,0,0,0,7,0,35,28,0,0,4,2,0,103,0,0,0,0,0,0,2,0,4,649,0,41,0,725,62,0,0,0,3,14,14,0,0,0,9,9,0,362,34,3,0,0,22,1,0,0
0,0,13,0,0,2,0,107,0,1,4,1,0,2,1,0,0,0,2,0,0,2,16,2,1,0,0,1,0,10,0,48,8,37,0,4,0,1,4,0,0,2,0,1,1,3,0,4,0,0,3,0,1,2,1,0,0,2,4,1,3
0,0,3,12,37,0,0,1,0,0,0,12,64,4,0,0,111,5,1,35,3,0,0,11,0,8,8,0,3,1,7,14,4,0,0,2,0,0,0,0,127,14,47,0,2,2,0,1,3,0,0,211,0,0,0,1,17,0,0,1058,1
0,0,0,0,0,16,0,0,0,11,0,0,0,0,38,0,0,0,0,0,0,0,0,1,0,151,0,0,0,0,0,19,0,0,0,0,0,452,0,0,0,3,0,0,0,0,0,0,0,0,0,0,0,0,0,131,0,0,0,0,0
4,1,9,3,1,3,1,7,3,4,66,1,3,0,11,0,1,1,0,0,20,3,18,18,1,7,1,6,12,88,1,245,3,169,0,13,1,34,0,9,15,21,4,1,1,10,2,68,1,0,2,1,1,0,1,238,1,3,8,0,0
108,0,5,8,167,7,0,7,1,2,3,4,14,168,1,1,2167,32,1,289,41,0,0,5,0,21,10,0,6,28,20,30,4,1,0,12,1,26,0,0,366,1,146,0,2,1,1,10,16,1,0,227,0,1,1,73,27,0,2,281,3
11,3,76,2,7,4,0,31,1,6,12,1,2,4,3,2,68,30,0,20,54,1,32,2,13,1,17,2,10,685,4,44,24,91,1,3,12,1,0,26,37,6,371,6,2,10,0,16,13,2,3,18,0,3,0,27,65,2,5,52,15
2,0,1,0,2,1,7,4,1,0,19,0,25,7,0,3,91,374,4,9,4,1,4,1,2,8,27,21,0,8,9,10,4,0,0,1,7,0,0,0,16,1,242,19,3,1,3,293,32,2,2,3,0,4,217,11,247,2,0,27,6
0,403,62,0,0,0,137,0,8,0,10,13,1,1,0,70,0,9,40,0,0,187,25,1,516,0,2,159,0,25,22,0,2,91,100,0,100,0,95,374,0,0,1,80,10,19,222,2,0,3,342,0,45,54,11,0,0,586,2,1,19
0,0,72,0,0,0,0,0,13,0,0,14,0,0,0,0,0,3,1,0,0,59,0,0,0,0,0,1,0,0,293,1,2,13,21,1,0,0,4,0,0,0,0,0,62,62,0,0,2,0,1,1,2,16,6,0,0,0,42,2,255
0,0,2,0,4,0,0,0,2,0,1,0,1,0,0,1,0,0,0,0,0,1,1,0,0,0,55,0,2,1,0,0,5,0,0,0,0,0,1,0,4,0,7,0,0,0,0,0,21,0,0,0,0,0,0,0,6,0,0,2,7
0,0,6,1,13,0,4,4,10,0,1,3,3,0,0,9,6,1,1,1,0,1,1,1,2,0,269,13,1,5,0,2,32,5,1,1,3,0,0,13,19,1,17,6,2,4,0,0,194,1,4,0,2,0,0,0,8,5,1,5,35
0,0,0,0,0,0,0,0,0,0,1,0,1,0,0,0,0,0,0,0,0,0,0,0,0,0,12,0,0,0,0,0,0,0,0,0,3,0,0,1,1,0,1,0,1,0,0,0,16,0,1,0,0,0,0,0,0,0,0,0,0
2,0,1,7,25,0,0,18,0,2,1,8,2,3,1,1,1,0,0,1,39,0,0,477,0,0,9,0,12,28,2,361,41,1,0,8,0,1,0,0,53,3,8,0,0,9,0,76,10,0,0,38,0,0,0,0,0,0,1,10,3
0,18,7,0,0,0,156,0,9,0,0,1,0,1,0,392,0,1,417,0,0,4,7,6,19,0,0,32,0,12,2,0,60,3,5,1,9,0,10,25,1,0,0,37,0,3,482,0,0,1,7,0,3,3,281,1,0,27,1,0,2
0,28,2,0,0,0,4,1,2,0,184,6,18,6,0,2,0,50,0,0,0,7,88,0,210,0,1,131,0,36,0,0,0,0,40,0,426,0,25,12,0,0,0,81,0,3,1,1,0,97,412,0,4,319,0,0,0,83,0,0,2
5,0,0,1,11,3,0,12,0,2,0,0,0,6,0,0,1,0,0,5,2044,0,0,2,0,2,1,0,5,29,0,12,0,1,0,2,0,6,0,0,6,4,15,3,0,0,0,4,0,0,0,10,0,0,0,9,0,0,0,0,0
2,0,175,0,0,2,2,6,1,1,14,0,2,1,4,0,1,2,2,0,1,1,36,3,0,4,1,1,0,2,3,105,3,112,0,1,1,1,0,0,6,87,55,1,2,274,1,7,0,0,2,3,1,0,1,13,2,1,245,0,1
1,0,3,2,36,0,1,3,1,0,5,0,15,420,0,0,349,18,0,61,1,0,2,1,0,126,17,0,1,0,121,22,3,0,0,3,27,0,0,0,413,4,29,0,0,1,3,1,9,0,0,107,0,0,2,1,21,0,5,118,92
0,0,0,4405,247,0,0,0,0,0,0,0,0,0,0,0,0,0,0,0,1,0,0,0,0,0,2,0,1713,0,0,0,0,0,0,2855,0,0,0,0,1,0,0,0,0,0,0,0,0,0,0,0,0,0,0,0,0,0,0,4,0
2,2,2,3,0,0,3,5,3,1,15,1,6,1,2,0,1,7,0,0,19,5,53,13,3,13,1,3,21,11,0,28,5,31,1,13,0,5,0,11,5,134,2,1,0,7,2,435,1,0,4,0,2,0,2,4,1,1,23,1,4
0,8,3,0,0,0,3,0,7,0,303,0,55,0,120,1,0,25,1,0,0,2,8,3,8,0,5,19,7,2,5,2,1,2,7,1,10,0,1,26,4,5,4,2,5,6,3,362,8,14,24,0,4,2,7,0,31,16,7,0,2
0,68,92,0,0,0,105,0,22,0,187,2,70,56,0,30,0,82,38,3,0,116,192,0,252,0,1,575,0,281,20,18,7,54,10,1,290,0,21,160,6,35,3,488,7,34,150,1,258,116,538,1,1,187,3,0,27,286,4,22,122
1,72,218,0,4,4,211,13,29,0,359,11,101,255,1,53,4,346,116,41,0,77,251,6,253,11,119,787,0,266,30,146,27,127,33,3,422,0,35,290,180,85,30,727,10,98,54,6,119,152,448,2,12,215,33,2,207,449,5,53,636
0,2,0,0,0,0,381,0,125,0,1419,0,738,32,0,2,0,467,2,0,0,4,968,1,11,0,6,177,1,64,2,3,16,0,1,1,653,0,1,6,11,1,0,79,0,8,7,0,24,1329,126,2,0,185,6,0,69,12,0,0,8
0,0,0,0,0,15,0,0,0,7,81,0,2,0,20,3,0,0,0,0,0,0,0,5,0,109,0,0,0,0,1,37,0,0,0,0,0,498,0,0,1,5,0,0,0,0,2,0,0,0,0,0,0,0,0,395,0,0,0,0,0
11,0,23,2,1,2,0,13,0,17,3,1,0,1,153,0,0,1,2,0,13,2,114,7,1,8,1,0,11,21,1,317,8,896,0,7,0,14,0,1,3,1239,75,2,1,143,1,68,0,0,1,0,0,2,1,66,0,0,763,0,1
0,0,0,3,434,0,0,53,0,0,0,0,1,1666,0,0,62,1,1,1504,30,0,0,5,0,5,1,0,12,1,331,331,9,1,0,5,0,3,0,0,255,4,9,0,2,1,0,31,2,0,0,802,0,0,0,9,1,0,25,24,13
0,7,231,0,1,0,1,4,36,0,6,161,12,1,0,6,1,348,7,2,0,181,1,19,11,1,29,11,3,3,1462,1,33,28,128,0,84,0,148,3,1,2,56,13,209,626,3,4,23,6,3,152,56,723,47,0,354,4,104,27,283
0,0,36,0,49,1,0,16,37,0,8,7,5,0,0,28,7,10,1,2,3,0,3,26,2,0,1439,7,4,1,16,0,604,4,1,8,10,0,0,7,114,3,148,3,7,21,0,11,365,4,6,9,0,8,3,2,553,1,1,83,3
0,0,37,0,121,4,5,311,200,1,9,11,11,8,0,144,85,114,2,22,6,10,2,13,4,2,2122,11,2,4,39,2,219,2,2,11,9,1,4,12,397,1,318,12,11,11,4,138,1720,4,6,10,3,11,6,6,359,7,0,59,20
0,0,1,0,9,0,0,15,25,0,12,6,4,30,0,79,7,12,0,1,1,0,2,3,0,6,492,3,3,1,7,0,0,1,0,10,3,0,0,0,106,0,21,3,0,2,2,1,370,6,4,0,0,0,5,0,33,0,0,5,5
0,0,1,0,0,0,5,0,6,0,4,1,3,0,0,5,2,81,4,0,0,4,1,1,4,0,112,5,0,0,5,0,1,0,2,0,6,0,2,3,2,0,23,13,3,4,1,157,81,1,0,3,1,9,6,0,103,4,0,0,3
0,121,108,0,0,0,2,0,42,0,0,18,0,0,0,2,0,0,7,1,0,821,0,0,10,0,0,17,0,1,179,0,2,139,81,0,3,0,29,36,0,1,0,10,120,46,1,0,0,1,0,0,55,9,3,0,0,19,137,1,114
0,1,1,0,0,0,0,0,3,0,0,4,0,0,0,4,0,9,7,0,0,12,0,0,1,0,0,2,0,0,4,0,0,1,30,0,6,0,41,2,0,0,0,1,342,95,0,0,0,3,0,0,14,98,1,0,0,0,2,0,0
1,2,6,0,0,0,0,396,0,2,2,1,0,1,10,0,0,1,0,0,24,0,84,9,1,4,1,0,4,40,0,43,1,174,0,5,2,3,1,6,1,60,1,315,0,16,0,727,0,1,6,0,2,4,0,35,0,2,14,0,4
0,0,1,169,157,0,0,76,0,0,0,8,2,3,0,1,0,0,0,1,9,0,1,14,0,0,3,0,262,2,1,17,6,0,0,116,1,0,0,0,16,0,5,0,0,1,1,18,4,0,1,35,0,0,0,0,0,0,4,15,2
0,0,0,16,300,0,0,16,0,0,0,0,3,186,0,0,16,0,0,510,18,0,0,0,0,0,5,0,5,5,4,12,1,0,0,2,0,1,0,0,280,0,4,0,0,0,0,1,0,0,0,1040,0,0,0,1,2,0,0,180,1
0,41,39,8,95,1,12,836,152,0,52,71,82,28,2,12,26,39,27,15,3,24,79,20,24,0,29,80,9,7,104,19,16,51,41,6,63,0,21,91,182,10,52,27,156,30,6,60,22,39,133,22,50,14,20,1,58,96,109,23,21
0,135,20,0,2,49,393,3,262,0,10,30,6,3,0,726,0,18,1037,11,0,29,66,922,30,0,9,34,0,20,5,2,778,11,25,2,38,0,39,29,2,71,38,57,17,41,387,2,4,22,2,1,55,36,292,136,295,23,12,5,8
1622,0,0,0,0,1284,0,0,0,2268,0,0,0,0,1428,0,0,0,0,0,92,0,0,6,0,670,0,0,2,3,0,1,0,0,0,0,0,42,0,0,0,0,0,0,0,0,0,1,0,0,0,0,0,0,0,51,0,0,0,0,0
2,0,0,0,0,25,0,0,0,26,0,0,0,0,39,0,0,0,0,0,6,0,0,1,0,697,0,0,0,0,0,2,0,0,0,0,0,1428,0,0,0,2,0,0,0,0,0,1,0,0,0,0,0,0,0,8,0,0,0,0,0
23,1,2,2,2,22,0,18,0,34,9,0,0,0,35,0,0,0,0,0,38,1,35,100,0,23,0,3,6,210,0,430,0,197,0,13,1,205,0,3,32,83,4,4,0,7,0,108,0,0,3,0,4,0,1,1874,0,1,3,0,2
21,0,2,21,1033,10,0,92,0,6,0,10,9,676,5,1,402,20,1,938,63,0,0,7,0,11,18,0,19,105,138,158,0,0,0,18,0,115,0,0,611,1,68,0,1,0,0,20,14,1,0,1121,0,0,1,38,13,0,2,93,1
41,0,0,1,27,17,0,6,0,21,0,0,0,14,3,0,1,0,0,42,363,0,0,1,0,1,0,0,2,76,0,7,0,8,0,2,0,5,0,1,13,3,18,1,0,0,0,8,0,0,0,31,0,0,0,27,0,0,0,1,0
0,3,25,0,0,0,4,1,7,0,1,7,0,1,0,3,0,3,2,3,0,34,2,1,15,0,0,37,0,23,11,0,3,33,9,0,21,0,13,7,3,2,1,47,25,39,4,0,0,3,11,0,7,43,10,0,2,6,7,5,48
0,0,13,0,2,0,2,0,5,0,0,22,1,0,0,2,0,2,7,1,0,114,4,8,0,0,4,32,0,22,32,0,4,10,1,0,1,0,2,6,1,2,2,17,22,39,3,0,3,0,0,2,1,8,64,0,3,2,9,0,79
0,4,3,0,1,1,32,0,5,0,88,3,61,11,0,7,0,17,13,0,0,22,56,2,6,0,11,353,0,490,4,0,2,2,1,1,55,0,0,14,42,1,4,293,5,2,31,0,21,38,41,0,1,7,63,0,8,15,0,0,62
4,1,4,0,13,8,1,13,2,1,3,18,6,14,1,0,18,39,0,29,342,0,1,58,0,2,11,1,2,14,16,18,3,6,0,0,2,1,0,1,12,171,841,2,7,4,4,11,9,0,1,18,0,1,5,4,84,0,1,108,7
0,0,16,1,0,0,0,1,12,0,0,1114,1,0,0,2,0,48,7,0,1,3,7,60,1,0,10,3,0,0,91,1,309,8,2,0,5,0,43,4,0,4,11,2,301,415,2,0,6,2,1,1,9,138,61,3,24,1,6,163,23
0,0,0,0,0,0,76,0,1,0,118,0,674,2,1,21,0,33,0,0,0,4,235,0,1,0,3,58,0,20,2,0,6,0,0,14,23,0,0,2,1,1,1,11,0,2,134,0,5,81,45,0,1,4,26,3,2,3,0,0,2
833,0,0,0,1,1301,0,5,0,579,1,0,2,0,310,156,1,3,0,1,50,0,1,2,0,389,0,0,2,5,0,3,0,0,0,0,0,46,0,0,0,0,32,0,0,1,0,2,0,0,0,1,0,0,0,34,1,0,0,1,4
0,0,0,0,0,8,0,0,0,2,0,0,1,0,4,5,1,1,0,0,0,0,0,0,0,42,1,0,0,0,0,2,0,0,0,0,0,76,0,0,0,0,1,0,0,0,0,0,0,0,0,0,0,0,0,5,1,0,0,0,0
