0.60915,0.37692,0.13643,0.94434,0.36815,0.47608,0.22679,0.38389,0.29887,0.75058,0.48702,0.52871,0.35093,0.44441,0.64996,0.30293,0.62351,0.31294,0.41059,0.47724,0.6051,0.31238,0.36879,0.49461,0.35644,0.32582,0.42906,0.28718,0.78706,0.20054,0.47372,0.14426,0.31097,0.36349,0.28805,0.88144,0.25796,0.46816,0.30315,0.29506,0.17139,0.57718,0.30303,0.29368,0.30312,0.30255,0.37248,0.26239,0.49526,0.55169,0.21151,0.29041,0.29643,0.30291,0.3356,0.54823,0.1997,0.29136,0.32429,0.40686,0.26686
0.41094
0,88,62,0,0,0,21,0,529,0,0,155,0,0,0,70,0,0,72,0,0,80,0,0,15,0,0,2,0,0,4,0,0,24,402,0,0,0,453,43,0,0,0,1,134,13,13,0,0,78,2,0,648,2,23,0,0,27,100,1,2
0,882,10,0,0,0,3,0,2,0,2,57,1,0,0,4,0,1,4,0,0,25,8,0,900,0,0,36,0,1,4,1,0,15,83,0,40,0,72,722,1,0,0,12,1,1,2,0,0,7,284,0,92,10,1,0,0,708,0,0,5
0,136,122,0,0,0,8,0,23,0,0,61,0,0,0,17,0,3,56,0,0,180,3,0,110,0,0,27,0,0,13,11,3,173,242,1,12,0,239,141,0,1,0,25,53,57,5,0,0,9,18,0,300,76,1,0,3,85,40,17,33
0,5,133,0,0,0,3,1,100,0,0,49,0,0,0,12,0,0,40,0,0,166,0,3,0,0,0,5,0,0,32,0,14,17,150,0,0,0,303,6,0,0,1,0,729,118,0,0,0,157,0,0,193,14,121,0,0,0,547,1,18
0,102,21,0,0,0,3,0,7,0,0,31,0,0,0,1,0,0,2,0,0,79,0,0,16,0,0,5,0,0,11,0,0,28,116,0,0,0,21,116,0,0,0,0,2,0,1,0,0,0,6,0,123,0,2,0,1,29,6,0,0
0,16,267,0,5,1,40,7,37,0,0,44,1,8,1,23,3,11,70,0,1,303,4,5,58,0,27,59,0,4,164,217,12,252,99,4,28,0,53,170,9,19,28,107,100,215,15,1,20,8,23,0,90,85,24,0,36,61,56,96,399
2,1,1,4,3,0,1,2,0,1,0,0,6,2,2,0,12,2,0,0,8,0,4,18,0,0,4,2,14,0,0,31,1,4,0,6,3,2,0,2,36,2,6,1,1,3,0,6,0,0,0,5,0,0,1,3,1,0,1,13,34
0,8,9,0,1,0,201,4,23,0,1,6,4,4,0,392,0,2,414,0,1,12,19,33,8,2,4,94,0,15,4,7,170,13,3,8,29,0,6,36,15,12,4,77,10,11,923,1,4,1,28,0,3,5,690,1,6,14,6,1,37
0,60,9,0,0,0,4,0,4,0,0,176,0,0,0,7,0,17,28,0,0,4,1,0,101,0,0,0,0,0,0,5,0,2,653,0,45,0,740,64,1,0,0,4,14,27,0,0,0,5,1,0,363,31,3,0,0,20,1,0,0
0,0,14,0,0,2,0,109,1,0,4,3,0,5,0,0,0,1,3,0,0,1,18,1,0,0,0,1,1,33,0,43,8,8,0,2,0,1,5,1,0,4,0,1,0,4,0,5,0,0,3,0,3,2,1,1,0,2,2,1,1
0,0,2,7,41,1,0,1,0,0,0,14,57,5,0,0,121,2,1,33,2,0,0,9,0,9,9,0,3,2,6,9,5,0,0,2,0,0,0,1,125,11,46,0,2,0,0,3,5,0,0,233,0,0,0,2,16,0,0,1044,1
0,0,0,0,0,16,0,0,0,13,0,0,0,0,41,0,0,0,0,0,0,0,0,0,0,139,0,0,0,1,0,20,0,1,0,0,0,457,0,0,0,4,0,0,0,0,0,0,0,0,0,0,0,0,0,130,0,0,0,0,0
2,1,11,3,1,4,1,10,1,1,60,1,3,1,11,0,0,5,0,0,20,1,28,12,2,7,0,7,14,208,0,232,2,88,0,9,1,36,0,9,5,19,8,1,1,8,1,64,1,0,2,1,1,0,1,227,0,3,8,2,1
102,0,5,8,186,7,0,7,1,0,3,3,13,160,2,1,2143,37,1,278,42,0,0,3,0,21,11,0,11,16,20,26,3,0,0,13,1,29,0,0,368,1,116,0,3,1,1,9,15,1,0,237,0,1,1,105,18,0,2,315,2
9,4,94,10,9,4,0,34,2,6,10,1,2,7,4,1,64,21,0,12,101,1,26,2,10,0,21,4,17,591,4,42,18,14,1,3,12,1,0,38,36,9,452,4,2,8,1,36,13,4,3,48,0,2,0,29,55,0,4,43,10
3,0,2,0,1,2,20,4,3,0,16,0,55,5,0,3,99,367,3,11,3,2,4,0,1,15,23,17,0,9,6,11,4,0,0,0,8,0,1,0,20,1,200,12,5,1,5,221,37,3,1,4,0,1,249,9,222,2,2,88,7
0,410,59,0,0,0,130,0,4,0,8,19,4,1,0,61,0,14,46,0,0,178,34,1,498,0,2,186,0,23,13,1,2,91,83,0,119,0,95,338,0,4,2,105,7,19,226,0,0,3,374,0,53,53,12,0,0,547,3,1,21
0,0,60,0,0,0,0,1,12,0,0,12,0,0,0,0,0,1,1,0,0,55,0,0,0,0,0,3,0,0,333,0,3,15,20,1,0,0,5,0,0,0,0,0,64,51,0,0,1,0,0,1,4,15,5,0,1,0,53,2,230
0,0,2,0,4,0,0,0,2,0,1,0,1,0,0,1,0,0,0,0,0,1,0,0,0,0,59,0,2,1,0,1,5,0,0,0,0,0,1,2,4,0,3,0,0,0,0,1,21,0,0,0,0,0,0,0,7,0,0,1,4
0,0,4,1,10,0,4,7,10,0,1,5,3,0,0,7,7,3,2,0,0,1,2,1,2,0,275,12,1,3,0,2,29,0,0,3,3,0,0,15,14,1,16,7,2,4,0,2,196,2,3,0,0,0,0,1,7,3,1,6,39
0,0,0,0,0,0,1,0,0,0,2,0,1,0,0,1,0,0,0,0,0,0,1,0,0,0,11,0,0,0,0,0,0,0,0,0,3,0,0,0,0,0,0,0,1,0,0,0,16,0,0,0,0,0,0,0,1,0,0,0,0
1,0,1,7,29,0,0,15,0,1,1,7,2,5,1,1,1,0,0,2,49,0,0,504,0,0,6,0,9,5,2,306,47,1,0,9,0,1,0,0,49,4,7,0,1,2,0,105,11,0,0,59,0,0,1,1,0,0,1,6,3
0,17,8,0,0,0,162,0,7,0,0,2,0,1,0,388,0,0,398,0,0,6,6,6,20,0,0,31,0,9,1,1,62,3,5,1,10,0,10,24,2,0,0,39,0,6,486,0,0,1,18,0,3,3,282,1,0,24,1,0,2
0,121,2,0,0,0,4,0,1,0,163,5,21,9,0,3,0,87,0,0,0,7,88,0,221,0,1,108,0,45,0,1,0,0,47,0,410,0,25,8,0,0,0,92,0,5,0,1,0,108,272,0,6,345,1,0,1,71,0,0,3
6,0,0,2,11,5,0,12,0,2,0,0,0,6,1,0,1,0,0,3,2041,0,0,2,0,2,1,0,5,13,0,13,0,0,0,2,0,6,0,0,5,5,20,4,0,0,0,2,0,0,0,20,0,0,0,10,0,0,0,1,0
2,0,174,0,0,2,4,9,0,1,13,0,2,0,4,0,1,0,1,0,1,2,51,4,0,1,1,1,0,11,2,107,4,101,0,0,1,2,0,1,6,81,50,3,3,279,3,5,0,0,1,4,1,0,0,14,1,0,236,1,1
1,0,1,2,36,0,0,3,0,0,2,1,18,409,0,1,349,15,0,86,1,0,1,1,0,113,15,0,2,0,103,24,4,0,0,4,29,0,0,0,457,2,32,0,0,1,4,1,6,0,0,100,0,0,2,1,21,0,6,102,89
0,0,0,4445,250,0,0,1,0,0,0,0,0,0,0,0,0,0,0,0,1,0,0,0,0,0,2,0,1752,0,0,0,0,0,0,2773,0,0,0,0,1,0,0,0,0,0,0,0,0,0,0,0,0,0,0,0,0,0,0,3,0
3,1,3,3,0,0,2,4,3,2,15,1,7,1,4,2,0,8,0,0,20,4,51,13,4,9,2,4,23,14,0,26,6,27,0,15,0,5,0,11,2,133,3,4,0,3,2,421,0,0,4,0,5,0,3,14,0,1,23,3,5
0,12,3,0,0,0,1,0,8,0,307,2,56,0,117,1,0,23,0,0,1,1,10,2,6,0,5,21,6,2,3,1,1,0,6,1,10,0,2,29,5,8,5,2,6,3,3,354,7,19,25,0,7,2,10,0,29,10,6,0,3
0,131,88,0,0,0,106,0,14,0,187,1,71,68,0,26,0,132,46,0,0,111,225,0,239,0,2,562,0,272,15,18,8,32,9,0,300,0,21,101,7,35,3,477,7,53,148,2,270,99,496,1,4,197,3,0,29,255,4,16,151
2,96,241,1,4,4,227,17,24,0,327,7,105,271,2,51,3,348,130,3,0,82,313,5,212,9,118,786,1,274,20,165,35,47,26,2,415,1,39,280,210,91,22,758,10,133,52,4,116,136,436,3,7,205,32,2,225,404,3,42,661
0,30,2,0,0,0,388,0,144,0,1501,0,678,47,0,5,0,706,4,0,0,5,957,1,11,0,7,129,1,63,1,11,12,0,3,1,632,0,1,4,11,1,0,67,0,11,5,0,18,1094,90,1,0,209,3,0,75,13,0,0,8
2,0,0,0,0,9,0,0,0,6,82,0,1,0,21,3,0,0,0,0,0,0,1,3,0,95,0,0,0,0,0,37,0,5,0,0,0,508,0,0,0,5,0,0,0,0,2,0,0,0,0,0,0,0,0,401,0,0,0,0,0
14,0,22,1,0,0,0,16,2,16,2,1,0,1,152,0,0,1,1,2,21,2,137,7,1,7,2,0,12,26,0,303,9,904,0,4,0,15,0,1,1,1219,90,4,2,136,1,66,1,0,1,0,3,0,1,57,0,0,753,1,0
0,0,0,5,453,0,0,45,0,0,0,0,1,1611,0,0,58,1,1,1730,25,0,0,6,0,6,1,0,12,0,326,333,7,0,0,5,0,3,0,0,230,4,8,0,2,1,0,39,2,0,0,635,0,0,0,12,0,0,34,29,12
0,6,225,0,1,0,2,7,34,0,6,149,24,1,0,8,1,84,11,0,0,184,3,19,9,0,22,14,2,3,1559,1,27,30,119,0,93,0,149,10,1,1,52,8,202,832,4,28,22,10,3,145,61,707,35,1,371,1,94,32,253
0,0,28,0,48,3,1,15,43,0,8,7,4,0,0,32,7,11,1,1,4,4,3,22,2,1,1476,6,5,4,12,0,603,0,2,5,7,0,0,16,133,1,143,2,9,13,0,22,350,4,2,7,0,8,3,0,527,1,0,73,8
1,0,35,0,118,3,7,320,216,1,6,13,20,13,0,186,80,81,2,15,7,10,5,12,1,7,2114,16,4,5,32,1,217,0,2,3,9,1,5,19,399,1,341,9,11,9,3,178,1619,6,9,8,1,9,6,6,370,8,0,64,21
0,1,1,0,11,0,0,19,29,0,8,7,2,30,0,116,11,8,0,1,1,1,7,4,0,10,487,3,5,1,6,1,0,0,0,0,1,0,0,2,100,0,17,1,0,0,2,3,347,7,2,0,0,0,3,0,32,0,0,4,5
0,0,1,0,2,0,9,1,7,0,5,1,11,0,0,7,3,59,1,0,0,7,0,1,1,0,105,8,0,0,7,0,1,1,1,1,10,0,1,3,3,1,20,7,3,7,1,204,75,3,0,1,0,3,8,0,75,3,0,1,3
0,100,102,0,0,0,0,0,37,0,0,20,0,0,0,0,0,0,10,0,0,800,0,0,11,0,0,34,0,1,174,0,2,155,75,0,3,0,33,45,0,0,0,14,120,49,2,0,0,2,2,0,63,6,2,0,3,14,135,2,120
0,0,1,0,0,0,0,0,3,0,0,5,0,0,0,4,0,2,6,0,0,12,0,0,1,0,0,1,0,0,4,0,0,1,30,0,7,0,43,2,0,0,0,1,350,89,0,0,0,4,0,0,17,98,1,0,0,0,2,0,0
1,2,10,0,0,0,0,396,0,2,2,1,0,3,10,1,0,3,0,0,23,0,56,14,2,3,1,0,6,162,0,34,2,75,1,2,4,5,1,8,1,62,1,318,0,14,0,720,0,2,4,1,1,5,0,36,0,1,13,0,3
0,0,0,163,158,0,0,70,0,0,1,9,2,3,0,1,1,0,0,2,11,0,0,15,0,0,5,0,265,1,1,18,7,0,0,116,1,1,0,0,12,0,5,0,1,0,1,19,3,0,1,37,0,0,0,0,0,0,4,15,3
0,0,0,17,317,0,0,20,0,0,0,0,2,191,0,0,17,0,0,452,17,0,0,0,0,0,6,0,6,1,4,14,0,0,0,4,0,1,0,0,256,0,8,0,0,0,0,1,0,0,0,1118,0,0,0,1,0,0,0,155,1
0,34,29,5,99,1,9,815,146,0,64,65,79,31,2,10,28,47,27,15,2,28,84,22,20,0,29,95,10,15,97,25,15,30,44,8,66,0,20,106,175,10,47,24,162,39,6,56,25,52,131,22,47,10,18,1,54,82,131,24,18
0,69,22,0,1,64,430,2,261,0,13,31,18,3,0,714,0,10,985,10,0,35,62,964,23,0,11,34,0,19,6,1,760,10,34,3,39,0,41,34,2,70,40,61,19,42,398,4,2,22,3,0,65,39,289,157,285,17,13,4,9
1730,0,0,0,0,1173,0,0,0,2254,0,0,0,0,1478,0,0,0,0,0,100,0,0,4,0,621,0,0,1,3,0,1,0,0,0,0,0,50,0,0,0,0,1,0,0,0,0,1,0,0,0,0,0,0,0,53,0,0,0,0,0
2,0,0,0,0,25,0,0,0,28,0,0,0,0,40,0,0,0,0,1,8,0,0,1,0,723,0,0,0,0,0,2,0,0,0,0,0,1397,0,0,0,1,0,0,0,0,0,1,0,0,0,0,0,0,0,8,0,0,0,0,0
23,1,1,2,3,12,0,25,0,37,9,0,1,2,38,0,0,2,0,0,44,1,37,68,0,18,1,2,8,355,0,383,1,271,0,9,1,212,0,2,5,92,7,4,0,2,1,111,0,0,0,0,4,0,1,1739,0,1,1,0,2
26,0,2,20,1082,9,0,97,0,6,0,10,6,678,5,0,399,25,1,911,73,0,0,8,0,8,20,0,22,69,144,141,1,0,0,18,0,121,0,0,574,1,68,0,2,0,0,14,11,1,0,1130,0,0,2,68,15,1,2,91,2
39,0,0,1,34,16,1,5,0,19,0,0,0,11,3,0,1,0,0,33,374,0,0,1,0,1,0,0,3,59,1,5,0,1,0,2,0,5,0,1,13,3,26,1,0,0,0,4,0,0,0,44,0,0,0,33,0,0,0,1,0
0,3,26,0,0,0,4,0,7,0,0,8,0,2,0,2,0,1,3,0,0,32,5,2,15,0,1,35,0,21,11,3,3,29,7,0,15,0,11,5,3,4,0,45,21,52,4,0,0,3,15,0,9,42,10,0,4,6,9,5,49
0,0,12,0,2,0,2,0,5,0,0,19,1,0,0,2,0,2,10,0,0,106,7,11,0,0,5,29,0,19,34,0,4,10,1,0,2,0,3,9,0,3,1,20,28,29,3,0,4,0,0,0,0,7,61,0,2,2,10,1,88
0,2,3,0,1,1,29,2,3,0,98,3,66,14,0,6,0,30,13,0,0,24,91,3,3,0,11,303,0,529,2,0,3,0,1,0,50,0,0,16,36,1,3,244,6,2,27,0,30,34,46,0,1,9,54,0,16,11,0,0,72
4,1,6,0,16,7,1,14,1,3,1,14,6,11,1,0,23,33,0,23,317,0,2,61,0,1,9,2,1,17,15,13,4,4,0,0,2,1,0,1,14,181,850,2,7,2,4,24,9,0,1,25,0,1,4,5,102,0,1,89,7
0,0,21,0,0,0,0,2,14,0,0,1151,0,2,0,1,0,6,5,0,1,3,6,73,1,0,12,3,0,1,94,2,315,5,2,0,6,0,42,3,0,3,11,3,301,394,2,2,7,1,1,0,7,128,63,0,26,0,8,169,26
0,0,0,0,0,0,67,0,0,0,151,0,576,3,1,24,1,40,0,0,0,5,235,0,1,0,2,50,0,17,1,0,5,0,0,105,23,0,0,2,2,0,0,9,1,0,121,0,5,97,34,0,1,4,23,3,2,3,0,0,2
865,0,0,0,2,1254,0,4,0,602,1,0,1,0,329,156,2,3,0,1,52,0,0,2,0,349,0,0,2,4,0,3,0,0,0,1,0,49,0,0,0,1,40,1,0,1,0,3,0,0,0,1,0,0,0,35,0,0,0,0,3
0,0,0,0,0,9,0,0,0,2,1,0,0,0,4,5,1,1,0,0,1,0,0,0,0,42,1,0,0,0,0,2,0,0,0,0,0,74,0,0,0,0,2,0,0,0,0,0,0,0,0,0,0,0,0,5,0,0,0,0,0
