0.60456,0.40722,0.13525,0.94235,0.36006,0.46833,0.2144,0.39552,0.29799,0.75214,0.4552,0.49587,0.36888,0.45644,0.6545,0.30335,0.63476,0.18414,0.43098,0.41401,0.61312,0.30622,0.43188,0.47408,0.31515,0.29744,0.44424,0.27884,0.80311,0.26387,0.43877,0.16235,0.34667,0.32453,0.29246,0.8994,0.25284,0.48867,0.29326,0.29421,0.18254,0.58551,0.31166,0.28827,0.305,0.24659,0.33117,0.28979,0.52479,0.61874,0.21144,0.28764,0.30333,0.2883,0.33849,0.58763,0.24599,0.31658,0.30983,0.42736,0.25265
0.41035
0,97,55,0,0,0,16,0,534,0,0,152,0,0,0,54,0,0,80,0,0,76,0,0,21,0,0,0,0,0,13,0,0,21,402,0,1,0,421,47,0,0,0,1,139,6,5,0,0,70,3,0,701,1,20,0,0,28,98,2,0
0,891,8,0,0,0,3,0,3,0,3,39,0,1,0,3,0,1,2,0,0,26,5,0,803,0,0,31,0,0,8,0,0,14,83,1,34,0,68,727,1,0,0,6,1,0,1,0,1,4,245,0,87,9,2,0,0,882,0,0,4
0,146,116,0,0,0,8,0,20,0,0,50,0,0,0,13,0,9,31,6,0,197,1,0,142,0,0,15,1,0,29,4,6,183,254,0,12,0,220,118,0,0,0,19,53,26,3,0,0,7,15,0,320,78,7,0,3,90,53,17,32
0,3,125,0,0,0,3,0,114,0,0,54,0,0,0,6,0,3,29,0,0,152,0,2,1,0,0,3,0,0,25,0,16,9,144,0,0,0,300,4,0,0,1,0,732,111,0,0,0,145,0,0,257,16,115,0,1,0,549,1,17
0,99,19,0,0,0,1,0,7,0,0,27,0,0,0,1,0,0,3,0,0,93,0,0,16,0,0,1,0,0,29,0,0,13,122,0,0,0,23,108,0,0,0,0,3,0,1,0,0,0,6,0,115,0,1,0,0,34,7,0,0
0,20,264,0,2,0,25,7,36,0,1,47,0,11,1,20,2,31,50,47,1,307,2,8,86,0,15,37,0,2,130,121,19,402,98,5,35,0,67,90,8,21,37,74,89,197,14,1,18,6,19,0,108,89,28,0,36,79,75,105,393
2,1,0,4,3,1,1,4,0,2,0,0,4,3,1,0,9,2,0,2,6,0,3,12,0,0,4,2,4,2,0,38,0,5,0,7,4,2,0,2,38,2,9,2,0,7,0,5,3,0,0,7,0,0,1,4,2,0,1,10,30
0,7,8,0,2,0,191,1,29,0,1,7,2,4,0,457,1,4,463,4,1,11,21,29,12,2,3,91,0,14,6,5,174,17,4,7,30,0,5,24,14,13,3,75,12,12,818,1,10,0,7,0,8,7,700,1,7,20,1,1,35
0,35,6,0,0,0,2,0,5,0,0,204,0,1,0,7,0,35,23,0,0,5,2,0,112,0,0,1,0,0,0,2,1,5,663,0,48,0,700,67,0,0,0,4,13,10,0,0,0,8,11,0,355,34,3,0,0,26,1,1,0
0,0,6,0,0,1,0,107,1,1,3,1,0,1,1,0,0,0,4,0,0,2,0,2,1,0,0,1,1,22,0,47,11,39,0,4,0,1,4,1,0,4,0,1,1,4,0,6,0,0,3,0,1,2,1,0,1,1,3,2,3
0,0,2,10,33,1,0,1,0,0,0,10,60,4,0,0,109,5,1,38,2,0,0,12,0,8,11,0,3,5,7,12,4,0,0,2,0,0,0,0,127,13,61,0,3,2,0,0,5,0,0,211,0,0,0,1,10,0,0,1056,1
0,0,0,0,0,17,0,0,0,10,0,0,0,0,38,0,0,0,0,0,0,0,0,0,0,132,0,0,0,0,0,22,0,0,0,0,0,482,0,0,0,2,0,0,0,0,0,0,0,0,0,0,0,0,0,119,0,0,0,0,0
4,1,8,2,1,3,1,7,2,5,65,1,3,0,14,0,1,1,0,0,21,4,12,26,3,5,1,6,9,127,1,236,3,120,0,15,1,36,0,9,17,22,4,0,1,12,3,76,1,0,0,1,0,0,1,240,1,6,7,0,0
100,0,8,9,162,9,0,10,1,1,2,4,16,166,1,3,2162,38,2,300,34,0,0,3,0,19,14,0,8,27,20,36,1,0,0,18,1,22,0,0,361,1,142,0,2,1,0,7,19,1,0,226,0,1,0,71,33,0,2,282,3
9,2,47,5,3,4,0,25,1,7,14,2,2,5,4,2,60,33,0,18,70,1,7,5,14,1,29,3,6,723,3,50,30,53,1,4,12,1,0,36,32,7,391,5,2,8,1,15,12,2,4,18,0,1,0,28,71,0,4,53,13
2,0,1,0,2,2,6,5,1,0,17,0,29,7,0,2,86,397,2,7,5,1,5,3,2,8,25,24,0,6,5,12,5,0,0,0,7,0,1,0,9,1,224,23,3,2,1,274,34,1,0,3,1,3,223,13,273,1,0,22,2
0,405,60,0,0,0,140,0,8,0,13,13,2,0,0,87,0,7,30,0,0,190,22,2,515,0,3,150,0,22,44,0,4,91,94,1,104,0,91,404,0,4,1,72,10,16,197,2,2,6,293,0,34,48,17,0,0,622,3,1,20
0,0,81,0,0,0,0,2,13,0,0,12,0,0,0,0,0,3,1,0,0,62,0,0,0,0,0,1,0,0,198,0,1,12,12,1,0,0,3,0,0,0,1,0,69,80,0,0,2,0,0,5,5,12,7,0,0,0,51,1,314
0,0,3,0,4,0,0,0,1,0,1,0,1,0,0,1,0,0,0,0,0,1,1,0,1,0,52,0,2,0,0,1,5,0,0,0,0,0,1,1,4,0,4,0,0,1,0,0,21,0,0,0,1,0,0,0,11,0,0,1,5
0,0,9,1,17,0,5,2,8,0,0,1,3,0,0,9,6,2,1,1,0,0,0,3,3,0,282,13,1,6,0,5,13,6,0,2,4,0,0,10,19,1,9,4,2,11,0,0,204,2,4,0,3,0,1,1,4,3,1,6,29
0,0,0,0,0,0,0,0,0,0,1,0,1,0,0,0,0,0,0,0,0,0,0,0,0,0,11,0,0,0,0,0,0,0,0,1,3,0,0,0,1,0,0,0,2,0,0,0,17,0,1,0,0,0,0,0,0,0,0,0,0
1,0,2,7,22,0,0,16,0,1,1,3,2,3,1,1,1,0,0,1,36,0,0,444,0,0,6,0,10,29,1,451,51,1,0,8,0,0,0,0,53,2,12,0,0,11,0,9,15,0,0,46,0,1,1,2,0,0,1,10,1
0,16,8,0,0,0,178,0,8,0,0,1,0,1,0,401,0,0,446,0,0,5,6,2,19,0,0,33,0,8,2,0,66,5,8,3,14,0,9,23,1,2,0,28,0,3,409,0,0,1,5,0,1,4,291,1,0,34,1,0,3
0,25,2,0,0,0,3,1,2,0,188,4,20,6,0,1,0,39,1,0,0,8,85,0,215,0,1,155,0,39,0,0,0,1,37,0,422,0,24,15,0,0,0,75,0,1,1,1,0,95,440,0,3,295,0,0,0,76,0,0,1
5,0,0,3,13,3,0,13,0,1,0,0,0,7,0,0,1,0,0,5,2038,0,0,2,0,1,1,0,3,25,0,18,0,1,0,2,0,7,0,0,5,4,16,3,0,0,0,3,0,0,0,14,0,0,0,7,0,0,0,0,0
2,0,174,0,0,1,3,8,1,2,11,0,2,1,6,0,1,4,1,0,1,3,50,2,0,3,2,1,0,3,1,98,1,117,0,1,1,1,0,0,6,74,58,1,2,277,2,12,0,0,1,3,0,1,0,15,3,0,233,0,2
1,0,4,2,35,0,1,6,0,0,4,0,17,439,0,0,343,18,0,57,1,0,1,2,0,123,19,0,1,1,118,23,2,0,0,2,28,0,0,0,406,7,27,0,0,1,3,1,7,0,0,107,0,0,2,1,19,0,3,123,90
0,0,0,4332,249,0,0,1,0,0,0,0,0,0,0,0,0,0,0,0,1,0,0,0,0,0,1,0,1652,0,0,0,0,0,0,2986,0,0,0,0,1,0,0,0,0,0,0,0,0,0,0,1,0,0,0,0,0,0,0,4,0
2,1,3,4,0,0,2,5,3,2,15,0,6,1,2,1,1,7,1,0,18,2,23,10,3,17,1,3,17,10,0,35,2,21,0,12,1,4,0,13,3,83,3,1,0,9,1,524,2,1,2,0,2,2,2,6,1,1,26,0,2
0,11,3,0,0,0,4,0,8,0,304,1,56,0,119,4,0,25,0,0,0,3,7,2,4,0,5,21,5,3,5,0,2,2,5,1,8,0,1,30,3,2,9,2,5,6,2,365,7,15,20,0,4,2,8,0,30,14,7,0,1
0,77,95,0,0,0,98,0,22,0,193,0,63,64,0,35,0,76,27,4,0,113,181,0,221,0,2,563,0,222,32,17,9,67,13,0,295,0,28,192,5,30,2,496,7,31,371,1,117,96,514,2,2,189,9,0,28,275,4,20,134
1,84,241,0,7,3,221,16,25,0,400,7,108,239,0,61,4,338,95,57,2,82,256,6,230,13,114,771,0,228,31,154,28,137,29,2,436,0,38,285,191,90,26,740,7,98,67,7,104,152,441,2,11,191,36,2,211,417,4,56,643
0,1,0,0,0,0,390,0,125,0,1382,0,761,26,0,5,0,432,1,0,0,6,989,1,10,0,7,195,1,73,0,4,16,0,2,1,623,0,1,5,16,1,0,73,0,3,21,0,22,1334,151,1,0,188,6,0,58,11,0,0,8
0,0,0,0,0,10,0,0,0,8,88,0,0,0,21,3,0,0,0,0,1,0,2,7,0,99,0,0,0,0,0,34,0,0,0,0,0,511,0,0,1,6,1,0,0,0,4,0,0,0,0,0,0,0,0,385,0,0,0,0,0
11,0,27,2,1,0,0,11,1,17,3,0,0,1,151,0,0,2,2,0,21,2,123,5,2,9,2,0,10,28,0,273,5,922,0,4,0,15,0,1,3,1188,78,3,2,150,1,121,1,0,1,0,0,2,1,69,0,0,747,0,0
0,0,0,3,436,0,0,53,0,0,0,0,1,1645,0,0,60,2,1,1507,30,0,0,5,0,7,1,0,13,2,338,342,0,0,0,5,0,2,0,0,261,3,10,0,2,0,0,6,2,0,0,825,0,0,0,12,1,0,24,23,15
0,7,236,0,2,0,3,7,40,0,5,182,12,2,0,9,1,404,9,2,0,193,1,19,11,0,26,8,3,3,1315,1,29,33,107,0,92,0,166,7,1,0,72,13,218,614,2,3,33,8,2,172,58,685,33,1,333,1,138,21,323
0,1,39,0,47,3,0,16,49,0,7,7,3,0,0,32,6,12,1,4,3,2,4,23,1,0,1352,5,3,2,13,1,525,3,2,9,7,0,3,7,128,6,129,2,7,21,0,9,399,2,6,8,2,9,3,1,675,3,0,81,4
0,0,47,0,121,4,6,307,175,0,9,12,19,8,0,150,82,108,3,25,7,10,3,13,2,5,2195,8,2,4,28,7,166,2,1,21,9,1,4,13,403,1,304,15,12,18,6,118,1789,4,7,10,2,5,5,5,301,7,1,56,19
0,0,1,0,8,0,0,18,14,0,7,7,3,25,0,30,10,13,0,1,1,1,5,4,0,8,555,3,3,1,6,0,0,1,0,11,2,0,0,0,104,0,17,3,0,3,2,2,380,7,3,0,0,0,4,0,22,0,0,5,6
0,0,1,0,2,0,6,1,11,0,5,1,5,0,0,7,3,78,4,0,0,7,1,3,2,0,100,5,0,2,4,0,0,0,1,0,9,0,1,3,2,0,17,15,3,4,0,145,77,1,0,3,3,1,10,0,121,5,0,0,3
0,69,111,0,0,0,1,1,43,0,0,17,0,0,0,3,0,0,6,0,0,798,0,0,12,0,1,15,0,0,219,0,3,137,67,0,3,0,29,37,0,0,0,11,121,36,1,0,0,1,0,0,65,8,4,0,0,18,181,1,117
0,1,1,0,0,0,0,0,4,0,0,5,0,0,0,3,0,14,7,0,0,12,0,0,1,0,0,2,0,0,10,0,0,1,32,0,7,0,49,2,0,0,0,0,336,80,0,0,0,4,0,0,15,94,1,0,0,0,3,0,0
1,0,5,0,0,1,0,405,0,1,3,0,0,1,9,0,0,1,1,0,26,0,13,8,1,5,1,0,3,82,0,31,1,132,0,5,3,2,2,6,1,69,1,305,0,12,0,803,0,0,6,0,5,4,0,32,0,4,16,1,4
0,0,1,166,167,0,0,70,0,0,0,5,2,3,0,1,0,0,0,1,10,0,1,15,0,0,2,0,240,2,1,27,3,1,0,132,1,0,0,0,17,0,5,0,0,1,0,14,4,0,1,34,0,1,1,0,1,0,3,18,1
0,0,0,19,300,0,0,15,0,0,0,0,3,187,0,0,16,0,0,521,18,0,0,0,0,0,4,0,5,7,5,13,0,0,0,4,0,0,0,0,277,1,7,0,0,0,0,0,0,0,0,1020,0,0,0,1,1,0,0,184,1
0,38,41,5,100,1,12,848,157,0,60,69,91,29,2,12,29,39,28,14,3,30,43,22,24,0,26,81,11,11,83,17,10,63,41,4,49,0,19,120,169,9,44,29,161,29,5,75,24,36,139,23,62,13,18,1,54,79,111,20,23
0,138,21,0,2,54,381,3,281,0,12,32,3,3,0,715,1,19,1049,11,0,32,74,878,31,0,10,32,0,18,7,2,832,9,34,3,43,0,42,23,3,91,24,59,18,38,355,1,1,22,4,0,54,39,278,129,284,22,14,7,12
1616,0,0,0,0,1257,0,0,0,2194,0,0,0,0,1506,0,0,0,0,0,96,0,0,7,0,696,0,0,2,2,0,4,0,0,0,0,0,42,0,0,0,0,0,0,0,0,0,0,0,0,0,0,0,0,0,48,0,0,0,0,0
2,0,0,0,0,24,0,0,0,22,0,0,0,0,42,0,0,0,0,0,6,0,0,1,0,663,0,0,0,0,0,2,0,0,0,0,0,1466,0,0,0,1,0,0,0,0,0,1,0,0,0,0,0,0,0,7,0,0,0,0,0
20,0,4,1,2,19,0,25,0,33,9,0,0,1,35,0,0,0,0,0,38,0,29,105,2,24,0,2,5,250,0,430,0,135,0,16,1,195,0,3,27,81,4,5,0,6,0,131,0,0,2,0,3,0,1,1891,0,2,1,0,1
19,0,3,21,1006,9,0,99,0,7,0,9,9,670,4,0,388,21,0,932,61,0,0,8,0,12,18,0,27,132,143,170,0,2,0,19,0,83,0,0,623,1,67,0,2,0,0,14,9,1,0,1129,0,1,2,54,14,0,1,93,1
37,0,0,1,28,13,0,6,0,24,0,0,0,12,3,0,1,0,0,41,377,0,0,2,0,1,0,0,2,80,0,5,0,0,0,1,0,6,0,1,13,2,17,1,0,0,0,6,0,0,0,32,0,0,0,28,0,0,0,1,0
0,5,26,0,0,0,4,1,7,0,3,6,0,0,0,3,0,3,2,3,0,33,2,1,15,0,0,39,0,18,6,1,3,36,9,0,22,0,18,8,3,2,1,46,23,36,4,0,0,2,9,0,8,43,9,0,1,7,12,6,46
0,0,12,0,2,0,2,1,5,0,0,24,1,0,0,2,0,3,8,0,0,109,4,10,0,0,4,29,0,18,25,0,5,12,1,0,1,0,1,5,0,2,2,17,21,54,3,0,4,0,0,1,3,5,60,0,1,2,17,0,78
0,4,3,0,1,1,34,1,5,0,89,5,60,9,0,10,0,14,15,1,0,21,58,3,8,0,10,360,0,446,5,0,1,1,0,0,65,0,0,17,41,1,3,318,2,9,34,0,16,36,34,0,0,5,64,0,8,13,0,0,68
1,2,2,0,13,10,2,13,2,2,5,17,6,14,1,0,20,43,0,30,333,0,2,65,0,2,10,1,2,13,16,20,3,5,0,0,1,1,0,1,13,175,858,3,5,4,3,10,8,0,1,17,0,1,5,2,90,0,0,84,6
0,1,13,0,0,0,0,1,19,0,1,1021,1,3,0,5,0,26,4,0,1,4,3,68,1,0,11,3,0,2,61,1,339,4,1,0,4,0,48,3,0,4,14,3,308,426,1,0,8,2,1,3,11,281,52,2,29,0,7,96,26
0,0,0,0,0,0,66,1,1,0,110,0,686,1,1,30,0,29,0,0,0,2,243,0,1,0,3,51,0,17,4,0,5,0,0,0,20,0,0,3,2,0,1,13,1,2,128,0,31,84,30,0,1,5,35,3,2,3,0,0,1
837,0,0,0,1,1226,0,4,0,575,1,0,0,0,334,163,1,3,0,0,52,0,0,2,0,435,0,0,2,3,0,4,0,0,0,0,1,45,0,0,0,0,37,1,0,1,0,2,0,0,0,1,0,0,0,30,2,0,0,0,4
0,0,0,0,0,7,0,0,0,2,0,0,0,0,4,5,1,2,0,0,3,0,0,0,0,42,1,0,0,0,0,2,0,0,0,0,0,75,0,0,0,0,0,0,0,0,0,0,0,0,0,0,0,0,0,5,1,0,0,0,0
