0.60313,0.39743,0.13121,0.94497,0.36283,0.47239,0.21269,0.39235,0.2995,0.75119,0.45229,0.49296,0.38052,0.45839,0.64961,0.30295,0.62827,0.18599,0.43632,0.41176,0.61861,0.31541,0.43282,0.48802,0.31535,0.29838,0.44449,0.27754,0.79845,0.27321,0.44108,0.16522,0.33938,0.29935,0.28766,0.89766,0.25646,0.47806,0.29522,0.30259,0.17937,0.59147,0.31391,0.29074,0.30161,0.22492,0.32984,0.28867,0.52953,0.60713,0.20881,0.28514,0.30035,0.30659,0.33655,0.5806,0.23578,0.30651,0.31732,0.42401,0.2482
0.40963
0,101,59,0,0,0,11,0,534,0,0,149,0,0,0,53,0,0,78,0,0,80,0,0,20,0,0,0,0,0,11,0,0,21,398,0,1,0,434,46,0,0,0,1,138,12,6,0,0,70,3,0,695,1,21,0,0,26,92,2,1
0,897,10,0,0,0,3,0,2,0,4,39,0,1,0,3,0,1,2,0,0,23,6,0,801,0,0,35,0,0,8,1,0,16,82,1,34,0,64,735,1,0,0,4,1,0,1,0,0,4,250,0,92,8,2,0,0,861,0,0,5
0,146,122,0,0,0,7,0,19,0,0,53,0,0,0,13,0,9,36,6,0,188,1,0,135,0,0,15,0,0,26,3,5,182,255,1,15,0,228,119,0,0,1,19,57,27,3,0,0,7,15,0,326,68,6,0,3,88,49,18,33
0,5,131,0,0,0,3,0,111,0,0,50,0,0,0,6,0,3,28,0,0,159,0,3,1,0,0,3,0,0,23,0,19,9,146,0,0,0,303,4,0,0,1,0,729,125,0,0,0,149,0,0,246,11,112,0,1,0,540,0,17
0,105,20,0,0,0,1,0,7,0,0,28,0,0,0,1,0,0,1,0,0,97,0,0,15,0,0,1,0,0,22,0,0,14,122,0,0,0,21,108,0,0,0,0,3,0,1,0,0,0,6,0,116,0,2,0,0,32,6,0,0
0,21,256,0,2,0,19,8,34,0,1,50,0,11,2,21,3,33,56,45,1,296,3,8,84,0,21,40,1,3,128,117,16,400,98,4,39,0,63,88,9,31,37,72,92,204,14,1,18,6,20,3,117,89,26,0,35,79,69,105,387
2,0,0,5,3,1,1,3,0,3,0,0,4,3,1,0,11,2,0,2,7,0,3,14,0,0,5,2,5,3,0,37,1,5,0,5,2,4,0,2,38,3,4,1,0,6,0,4,1,0,0,6,0,0,1,4,2,1,1,13,30
0,8,9,0,3,0,193,2,28,0,1,9,3,5,0,461,1,3,461,4,1,11,22,31,11,2,4,90,0,12,7,5,168,16,4,8,25,0,4,25,19,10,3,68,11,10,818,1,8,0,8,0,8,7,698,1,10,25,1,1,38
0,43,7,0,0,0,2,0,5,0,0,200,0,1,0,7,0,41,23,0,0,4,2,0,112,0,0,1,0,0,0,2,0,5,655,0,46,0,710,65,0,0,0,2,13,10,0,0,0,9,11,0,348,35,3,0,0,26,1,1,0
0,0,6,0,0,1,0,104,1,0,4,1,0,1,1,0,0,0,4,0,1,2,0,2,1,0,0,1,0,19,0,44,11,47,1,4,0,1,4,0,0,3,0,1,1,3,0,8,0,0,4,0,1,2,1,0,1,1,3,2,3
0,0,3,10,34,0,0,1,0,0,0,9,59,5,0,0,107,5,1,37,2,0,0,14,0,9,10,0,4,1,8,15,3,0,0,2,0,0,0,0,126,11,56,0,3,1,0,0,3,0,0,213,0,0,0,1,13,0,0,1063,1
0,0,0,0,0,17,0,0,0,12,0,0,0,0,39,0,0,0,0,0,0,0,0,0,0,151,0,0,0,0,0,21,0,0,0,0,0,454,0,0,0,3,0,0,0,0,0,0,0,0,0,0,0,0,0,125,0,0,0,0,0
4,1,7,2,1,2,1,7,3,6,63,1,3,0,11,0,1,1,0,0,18,5,8,26,1,9,0,6,11,108,1,234,3,153,0,16,1,35,0,8,18,18,3,0,1,8,3,76,1,0,1,1,1,0,1,242,1,4,9,1,0
106,0,6,9,161,8,0,7,1,2,3,3,15,168,1,4,2160,34,2,306,35,0,0,3,0,19,10,0,9,30,20,29,1,0,0,13,2,29,0,0,366,1,135,0,2,1,0,9,17,1,0,225,0,2,0,73,31,0,2,284,4
11,2,41,3,7,3,0,29,1,6,15,1,2,5,2,3,64,31,0,19,56,1,8,4,15,1,19,4,8,724,3,47,35,85,1,4,11,1,0,31,32,12,369,5,2,6,1,14,14,2,8,19,0,3,0,31,60,1,4,58,15
2,0,1,0,2,2,8,6,1,0,21,0,28,7,0,6,88,385,2,6,6,1,4,2,2,7,25,22,0,5,6,8,4,0,0,0,7,0,0,0,13,1,235,23,3,1,1,283,31,1,1,4,1,3,221,12,257,2,0,28,3
0,418,59,0,0,0,137,1,9,0,14,13,1,0,0,92,0,7,32,0,0,186,24,1,511,0,1,152,0,21,38,0,4,90,94,0,109,0,93,399,0,2,1,65,11,16,205,0,2,5,296,0,41,46,15,0,0,616,3,1,19
0,0,79,0,0,0,0,2,11,0,0,15,0,0,0,0,0,3,1,0,0,63,0,0,0,0,0,1,0,0,202,0,3,13,13,1,0,0,3,0,0,0,1,0,60,82,0,0,3,0,0,1,6,18,6,0,0,0,48,1,313
0,0,3,0,3,0,0,0,2,0,1,0,0,0,0,1,0,0,0,0,0,1,1,0,1,0,53,0,2,0,0,1,5,0,0,1,1,0,1,1,4,0,6,0,0,1,0,0,20,0,0,0,0,0,0,0,9,0,0,1,5
0,0,8,1,14,0,4,2,7,0,1,1,3,0,0,10,6,2,1,0,0,0,0,2,3,0,286,13,1,6,0,5,13,7,0,1,4,0,0,8,18,1,13,4,2,11,0,1,203,2,4,0,2,0,1,1,3,4,1,7,30
0,0,0,0,0,0,0,0,0,0,1,0,1,0,0,0,0,0,0,0,0,0,0,0,0,0,12,0,0,0,0,0,0,0,0,0,3,0,0,0,1,0,0,0,1,1,0,0,17,0,1,0,0,0,0,0,0,0,0,0,0
1,0,2,6,23,0,0,16,0,1,1,3,2,4,1,1,1,0,0,2,36,0,0,433,0,0,7,0,12,27,1,457,56,1,0,9,0,1,0,0,53,3,11,0,0,12,0,8,15,0,0,43,0,1,0,0,0,0,1,11,1
0,17,8,0,0,0,174,0,8,0,0,1,0,1,0,405,0,0,445,0,0,6,7,3,20,0,0,32,0,9,1,0,61,5,7,3,12,0,10,24,1,1,0,25,0,4,409,0,0,1,6,0,1,4,294,1,0,37,1,0,2
0,24,2,0,1,0,4,0,2,0,188,5,19,6,0,1,0,39,1,0,0,8,86,0,215,0,1,158,0,40,0,0,0,1,42,0,420,0,26,16,0,0,0,74,0,1,1,1,0,95,432,0,4,285,0,0,0,83,0,0,1
5,0,0,2,12,3,0,12,0,1,0,0,0,7,0,0,1,0,0,5,2034,0,0,3,0,1,1,0,5,31,0,16,0,1,0,3,0,6,0,0,5,4,15,3,0,0,0,2,0,0,0,13,0,0,0,10,0,0,0,0,0
1,0,174,0,0,3,3,10,1,1,16,0,2,1,5,0,1,3,0,0,1,3,48,1,0,4,1,1,0,3,0,103,2,113,0,1,0,1,0,1,6,73,55,2,2,267,1,15,0,0,1,4,1,3,0,13,2,0,239,0,4
1,0,3,2,36,0,2,6,0,0,5,0,15,425,0,0,353,18,0,61,1,0,2,2,0,118,17,0,0,0,118,22,2,0,0,3,26,0,0,0,420,7,24,0,0,1,2,1,7,0,0,109,0,0,2,1,20,0,4,123,86
0,0,0,4327,249,0,0,1,0,0,0,0,0,0,0,0,0,0,0,0,1,0,0,0,0,0,1,0,1652,0,0,0,0,0,0,2991,0,0,0,0,1,0,0,0,0,1,0,0,0,0,0,1,0,0,0,0,0,0,0,3,0
2,1,2,4,0,0,2,5,3,2,14,0,4,1,4,0,0,7,2,0,19,4,23,8,3,15,1,3,18,12,0,38,2,20,0,14,1,4,0,10,4,88,4,2,0,9,1,520,1,0,1,0,2,2,2,7,2,1,22,0,3
0,13,3,0,0,0,4,0,8,0,308,0,53,0,119,4,0,24,0,0,0,2,4,2,7,0,5,21,4,2,7,1,2,2,5,2,9,0,1,26,3,2,12,3,5,6,3,367,6,14,18,0,5,2,8,0,25,16,7,0,1
0,73,95,0,0,0,96,0,22,0,189,1,65,60,0,31,0,77,30,3,0,113,180,0,216,1,2,588,0,232,33,17,8,61,13,0,308,0,25,181,8,29,3,500,7,31,374,1,107,95,512,2,3,187,6,0,30,278,4,19,126
2,85,230,0,5,2,221,15,25,1,402,7,105,248,1,46,2,326,98,51,0,76,249,7,235,12,124,786,0,228,33,146,28,143,28,3,432,0,39,282,178,95,27,744,8,97,74,7,109,157,444,3,13,193,35,2,217,440,4,53,622
0,1,0,0,0,0,382,0,121,0,1365,0,793,25,0,6,0,430,1,0,0,5,989,1,10,0,7,198,1,79,0,4,16,0,1,1,635,0,1,8,14,1,0,71,0,4,19,0,18,1312,158,1,0,185,8,0,58,13,0,0,8
0,0,0,0,0,11,0,0,0,8,79,0,1,0,23,3,0,0,0,0,0,0,2,6,0,106,0,0,0,0,0,31,0,0,0,0,0,503,0,0,2,4,0,0,0,0,3,0,0,0,0,0,0,0,0,399,0,0,0,0,0
12,0,26,1,1,1,0,16,1,18,3,0,0,1,146,0,0,3,2,0,17,2,133,5,1,9,2,0,10,22,0,317,5,878,0,6,0,17,0,1,4,1193,80,3,2,144,1,112,1,0,1,0,0,1,1,66,0,0,753,0,0
0,0,1,2,438,0,0,53,0,0,0,0,1,1658,0,0,63,2,1,1484,27,0,0,5,0,5,1,0,16,1,351,330,1,0,0,6,0,2,0,0,253,4,8,0,2,1,0,8,2,0,0,848,0,0,0,6,1,0,25,20,11
0,6,248,0,2,0,3,7,41,0,6,187,12,2,0,8,1,413,10,2,0,194,1,23,13,0,24,8,3,3,1310,1,27,30,113,0,93,0,170,8,1,0,71,13,225,556,2,3,31,6,3,153,53,726,39,0,328,1,149,17,320
0,0,38,0,49,4,0,16,46,0,7,8,3,0,0,31,5,12,1,3,3,3,3,19,3,0,1378,5,3,1,10,0,532,4,1,7,7,0,0,7,126,4,150,3,8,23,0,10,402,4,6,11,1,10,3,1,622,2,1,89,2
0,0,47,0,116,4,8,301,187,1,10,10,15,8,0,143,91,101,3,29,7,9,3,11,2,5,2206,10,2,3,29,7,170,3,2,18,7,0,3,11,401,1,289,15,11,16,6,134,1793,3,7,10,3,10,5,6,293,8,3,49,20
0,0,0,0,8,0,0,18,14,0,8,7,5,29,0,33,10,15,0,1,1,1,4,3,0,12,537,3,3,1,5,0,0,1,0,9,1,0,0,0,103,0,17,3,0,5,2,2,391,5,4,0,0,0,4,0,20,0,0,5,6
0,0,2,0,2,0,7,0,10,0,5,1,4,0,0,7,3,79,3,0,0,5,1,2,4,0,102,6,0,0,7,0,1,0,1,0,6,0,1,2,2,0,21,17,2,3,0,148,84,2,0,1,0,7,10,0,108,3,0,0,3
0,81,111,0,0,0,2,1,45,0,0,22,0,0,0,2,0,0,7,0,0,821,0,0,12,0,1,17,0,0,189,0,2,139,70,0,3,0,29,35,0,0,1,10,121,43,0,0,0,1,0,0,66,6,4,0,1,20,161,1,112
0,1,1,0,0,0,0,0,4,0,0,5,0,0,0,2,0,12,7,0,0,12,0,0,1,0,0,2,0,0,9,0,0,1,32,0,7,0,50,1,0,0,0,0,338,87,0,0,0,3,0,0,13,92,2,0,0,0,2,0,0
1,3,4,0,0,0,0,409,0,1,2,0,0,0,11,0,0,1,0,0,25,0,15,4,1,2,1,0,3,47,0,33,1,165,3,8,1,4,2,4,1,64,1,307,0,13,0,808,0,2,5,0,3,4,0,31,0,2,15,1,4
0,0,2,164,162,0,0,69,0,0,0,5,2,4,0,0,0,0,0,1,8,0,1,13,0,0,3,0,237,2,1,30,3,1,0,146,1,0,0,0,15,0,6,0,0,2,0,11,3,0,1,34,0,1,1,0,0,0,2,20,1
0,0,0,16,295,0,0,15,0,0,0,0,3,182,0,0,16,0,0,509,17,0,0,0,0,0,4,0,5,5,6,11,0,0,0,1,0,1,0,0,282,1,5,0,0,0,0,1,0,0,0,1048,0,0,0,1,2,0,0,182,1
0,41,44,5,103,2,12,831,158,0,55,73,89,29,2,10,28,36,32,14,4,29,46,21,26,0,28,88,8,8,82,19,11,51,40,7,52,0,18,109,177,9,49,29,158,31,6,77,21,44,136,24,65,15,18,1,54,84,103,19,25
0,152,20,0,3,54,381,2,276,0,10,30,5,3,0,708,1,17,1086,12,0,30,64,896,30,0,10,38,0,19,6,2,804,11,35,2,37,0,41,22,2,79,34,56,15,37,345,1,3,21,3,0,54,37,278,130,293,25,10,9,11
1620,0,0,0,0,1292,0,0,0,2210,0,0,0,0,1485,0,0,0,0,0,104,0,0,3,0,659,0,0,2,3,0,3,0,0,0,0,0,36,0,0,0,0,0,0,0,0,0,0,0,0,0,0,0,0,0,53,0,0,0,0,0
2,0,0,0,0,22,0,0,0,23,0,0,0,0,45,0,0,0,0,0,5,0,0,1,0,700,0,0,0,0,0,3,0,0,0,0,0,1427,0,0,0,1,0,0,0,0,0,1,0,0,0,0,0,0,0,7,0,0,0,0,0
23,0,1,1,2,15,0,21,0,35,10,0,0,0,43,0,0,0,0,0,43,0,27,103,1,22,0,3,5,225,0,424,0,173,0,13,0,210,0,4,32,73,3,4,0,6,0,131,0,0,2,0,4,0,1,1873,0,2,3,0,1
20,0,1,18,1017,11,0,93,0,7,0,8,9,677,5,1,395,20,0,926,61,0,0,7,0,11,18,0,32,117,146,154,0,1,0,17,0,122,0,0,614,0,61,0,2,0,0,14,9,1,0,1130,0,1,1,47,16,0,2,91,1
37,0,0,1,28,16,0,7,0,21,0,0,0,12,3,0,1,0,0,41,370,0,0,1,0,2,0,0,3,81,0,3,0,4,0,1,0,7,0,1,13,1,16,1,0,0,0,5,0,0,0,31,0,0,0,33,0,0,0,1,0
0,5,27,0,0,0,4,1,7,0,2,6,0,0,0,4,0,3,4,3,0,32,2,1,15,0,0,38,0,18,7,1,2,35,10,0,24,0,16,7,2,2,1,50,24,37,4,0,0,2,8,0,8,37,11,0,1,8,11,6,46
0,0,11,0,2,0,2,1,5,0,0,24,1,0,0,2,0,3,8,1,0,104,4,9,1,0,4,31,0,17,26,0,5,12,1,0,1,0,1,6,0,2,2,20,21,50,3,0,4,0,0,2,3,5,67,0,2,2,13,0,76
0,4,3,0,1,1,34,0,5,0,92,3,59,12,0,8,0,14,15,1,0,19,58,2,9,0,10,356,0,443,6,0,1,1,1,0,63,0,0,16,40,1,3,319,3,8,36,0,16,43,35,0,0,6,62,0,9,13,0,0,68
3,2,3,0,17,10,2,13,2,1,5,16,6,14,1,0,23,39,0,29,319,1,1,65,0,2,10,2,2,15,14,18,3,8,0,0,1,1,0,2,13,176,862,2,5,2,2,10,9,0,1,19,0,2,5,4,74,0,1,99,7
0,1,14,0,0,0,0,1,15,0,1,1015,0,0,0,4,0,26,5,1,1,5,5,64,1,0,8,4,0,2,66,1,329,4,3,0,6,0,44,3,0,3,15,3,328,447,1,0,7,3,1,2,11,248,56,2,30,0,8,102,27
0,0,1,0,0,0,63,1,1,0,105,0,691,1,1,31,0,28,0,0,0,2,245,0,1,0,2,48,0,17,4,0,4,0,0,0,22,0,0,3,2,0,1,15,0,2,132,0,9,91,39,0,1,5,35,3,2,5,0,0,3
831,0,0,0,1,1244,0,5,0,580,1,0,1,0,328,160,1,3,0,0,54,0,0,2,0,419,0,0,2,5,0,4,0,1,0,0,1,44,0,0,0,0,34,0,0,1,0,4,0,0,0,2,0,0,0,34,1,0,0,1,3
0,0,0,0,0,6,0,0,0,2,0,0,0,0,6,5,1,1,0,0,3,0,0,0,0,43,1,0,0,0,0,1,0,0,0,0,0,75,0,0,0,0,0,0,0,0,0,0,0,0,0,0,0,0,0,5,1,0,0,0,0
