0.60268,0.40132,0.12997,0.94466,0.36066,0.4654,0.22458,0.39476,0.29356,0.75427,0.46817,0.50023,0.37114,0.45859,0.6543,0.31089,0.63187,0.18942,0.42654,0.41352,0.61983,0.31178,0.40166,0.48224,0.32388,0.30472,0.43473,0.28105,0.7933,0.25076,0.45194,0.15837,0.31884,0.29577,0.28396,0.90781,0.26456,0.48192,0.29013,0.29854,0.18354,0.60338,0.30202,0.28378,0.30702,0.19562,0.36765,0.28702,0.51111,0.6104,0.21431,0.28579,0.30901,0.31043,0.33462,0.58372,0.20692,0.30014,0.32269,0.42443,0.26026
0.40917
0,100,57,0,0,0,15,0,524,0,0,152,0,0,0,64,0,0,75,0,0,79,0,0,18,0,0,0,0,0,8,0,0,18,400,0,0,0,439,44,0,0,0,1,143,15,9,0,0,74,3,0,686,2,21,0,0,24,91,2,0
0,913,10,0,0,0,2,0,3,0,2,43,0,1,0,5,0,1,3,0,0,24,6,0,822,0,0,28,0,2,8,0,0,15,80,0,32,0,68,715,1,0,0,6,1,0,1,0,0,5,259,0,94,11,1,0,0,829,0,0,6
0,148,117,0,0,0,8,0,24,0,0,54,0,0,0,14,0,6,38,6,0,192,1,0,126,0,0,16,0,0,27,3,6,171,261,1,9,0,241,124,0,0,1,20,59,36,5,0,0,9,14,0,302,78,1,0,2,85,48,13,38
0,5,135,0,0,0,3,1,99,0,0,54,0,0,0,9,0,3,32,0,0,160,0,3,0,0,1,3,0,0,26,0,19,8,158,0,0,0,306,4,0,0,1,0,735,140,0,0,0,147,0,0,210,11,119,0,0,0,531,0,15
0,112,22,0,0,0,2,0,7,0,0,27,0,0,0,1,0,0,1,0,0,91,0,0,14,0,0,1,0,0,22,0,0,15,109,0,0,0,19,109,0,0,0,0,3,0,1,0,0,0,6,0,127,0,1,0,0,33,6,0,0
0,22,258,0,4,0,22,8,39,0,1,53,0,10,2,22,2,35,65,39,1,307,2,10,82,0,22,42,1,4,133,123,12,382,103,3,28,0,66,97,8,22,40,69,83,196,16,2,18,6,21,3,87,91,29,0,33,82,74,101,405
3,0,0,4,3,0,1,5,0,2,0,0,4,4,2,0,6,2,0,3,6,0,3,18,0,0,4,2,10,2,0,35,1,4,0,3,2,2,0,3,40,2,8,1,0,6,0,3,1,0,1,3,0,0,1,5,2,0,1,13,30
0,8,11,0,1,0,176,2,28,0,1,8,2,4,0,419,1,2,451,6,1,10,19,29,11,1,3,91,1,16,7,5,146,17,3,5,31,0,4,26,17,10,4,67,7,13,925,1,5,1,9,0,7,6,694,1,9,21,1,0,38
0,48,7,0,0,0,2,0,4,0,0,190,0,1,0,8,0,37,27,0,0,4,2,0,108,0,0,1,0,0,0,2,0,4,646,0,43,0,714,62,0,0,1,3,14,10,0,0,0,9,8,0,375,31,4,0,0,24,1,0,0
0,0,16,0,0,2,0,107,0,1,3,1,1,2,1,0,0,0,5,0,0,2,14,1,1,0,0,1,1,7,0,46,6,39,0,3,0,1,4,0,0,3,0,1,1,3,0,5,0,0,3,0,0,2,1,0,1,1,5,1,3
0,0,4,11,35,0,0,0,0,0,0,18,60,5,0,0,107,7,1,28,4,0,0,11,0,8,10,0,3,1,8,14,4,0,0,2,0,0,0,0,123,14,48,0,1,1,0,0,2,0,0,211,0,0,0,1,17,0,0,1070,1
0,0,0,0,0,18,0,0,0,12,0,0,0,0,36,0,0,0,0,0,0,0,0,1,0,147,0,0,0,0,0,21,0,0,0,0,0,449,0,0,0,3,0,0,0,0,0,0,0,0,0,0,0,0,0,135,0,0,0,0,0
4,1,11,3,0,4,1,7,2,5,62,1,3,1,11,0,0,1,0,0,17,4,24,16,1,5,0,6,9,83,1,235,1,174,0,15,1,37,0,10,15,25,3,1,1,12,3,72,1,0,2,1,1,0,1,239,1,4,7,1,0
103,0,6,8,166,7,0,9,0,2,3,6,15,162,1,1,2173,29,1,300,31,0,0,5,0,20,10,0,6,28,21,34,2,0,0,14,2,31,0,0,364,1,144,0,1,1,0,6,16,0,0,223,0,1,1,68,32,0,2,290,3
12,2,69,2,6,3,0,36,1,7,11,2,4,4,2,1,61,33,0,18,57,2,36,4,10,1,17,2,12,663,4,47,26,104,1,3,13,1,0,29,38,5,369,6,2,5,0,12,15,2,5,19,0,3,0,25,67,2,6,58,14
2,0,0,0,2,2,8,5,1,0,23,1,28,6,1,3,96,381,2,7,5,1,5,1,1,8,26,23,0,6,8,8,3,0,0,1,6,0,0,0,13,2,233,20,3,1,4,280,36,2,0,3,1,4,223,12,247,2,0,28,4
0,416,60,0,0,0,138,0,7,0,10,12,2,1,0,81,0,8,37,0,0,187,24,1,511,0,2,147,0,27,28,0,3,93,96,0,99,0,100,392,0,0,1,74,11,18,214,1,1,4,318,0,45,49,11,0,0,594,3,1,23
0,0,79,0,0,0,0,1,13,0,0,16,0,0,0,0,0,3,1,0,0,60,0,0,0,0,0,1,0,0,269,1,4,10,13,1,0,0,3,0,0,0,0,0,64,68,0,0,3,0,0,1,4,16,6,0,0,0,45,1,266
0,0,3,0,2,0,0,0,2,0,1,0,0,0,0,1,0,0,0,0,0,1,1,0,1,0,56,0,2,0,0,1,5,0,0,2,1,0,1,0,4,0,7,0,0,0,0,0,21,0,0,0,0,0,0,0,5,0,0,1,6
0,0,6,2,14,0,5,3,8,0,1,2,3,0,0,9,6,1,1,1,0,1,1,1,3,0,269,15,0,5,0,3,32,7,0,1,3,0,0,12,19,0,16,6,1,8,0,0,195,1,4,0,2,0,0,1,7,4,1,5,32
0,0,0,0,0,0,0,0,0,0,1,0,1,0,0,0,0,0,0,0,0,0,0,0,0,0,13,0,0,0,0,0,0,0,0,0,3,0,0,1,1,0,0,0,2,0,0,0,15,0,1,0,0,0,0,0,0,0,0,0,0
3,0,1,7,24,0,0,15,0,1,1,5,2,3,2,1,1,0,0,2,38,0,0,484,0,0,7,1,11,28,2,431,30,1,0,7,0,1,0,0,51,0,9,0,0,9,0,9,14,0,1,48,0,0,1,1,0,0,1,9,1
0,17,7,0,0,0,160,0,8,0,0,1,0,1,0,404,0,1,421,0,0,5,6,7,19,0,0,31,0,15,1,0,57,3,5,1,8,0,10,24,1,0,0,32,0,4,471,0,0,1,8,0,2,3,281,1,0,27,1,0,2
0,26,2,0,0,0,4,1,2,0,185,6,20,4,0,3,0,38,0,0,0,7,87,0,211,0,1,143,0,37,0,0,0,0,44,0,425,0,25,12,0,0,0,78,0,2,0,1,0,100,422,0,4,312,1,0,0,78,0,0,1
4,0,0,1,12,2,0,11,0,3,0,0,0,5,0,0,1,0,0,6,2038,0,1,3,0,1,1,0,5,31,0,14,0,0,0,3,0,7,0,0,5,5,16,3,0,0,0,3,0,0,0,13,0,0,0,7,0,0,0,0,0
2,0,180,0,0,3,4,9,0,1,10,0,2,1,3,0,1,3,1,0,2,1,37,4,0,2,1,1,0,1,2,98,4,107,0,1,0,1,0,0,5,92,54,4,1,268,1,14,0,0,2,4,1,3,1,14,2,0,241,0,3
1,0,4,2,36,0,2,5,0,0,4,0,16,429,0,0,354,19,0,61,1,0,1,1,0,125,16,0,3,0,116,21,4,0,0,3,27,0,0,0,408,5,29,0,0,1,2,1,9,0,0,106,0,0,2,1,20,0,3,120,87
0,0,0,4387,246,0,0,1,0,0,0,1,0,0,0,0,0,0,0,0,1,0,0,0,0,0,2,0,1681,0,0,0,0,0,0,2905,0,0,0,0,1,0,0,0,0,0,0,0,0,0,0,0,0,0,0,0,0,0,0,3,0
2,1,2,3,0,0,2,5,3,2,16,2,4,1,3,1,1,8,0,0,17,5,37,14,2,10,1,4,17,11,0,36,5,22,0,12,0,3,0,8,4,89,2,3,0,6,2,514,1,0,2,0,0,1,2,5,1,1,21,0,5
0,11,3,0,0,0,3,1,8,0,306,1,50,0,120,3,0,26,0,0,0,3,6,4,6,0,5,18,5,2,7,1,2,1,7,2,10,0,1,27,3,3,9,3,5,5,4,362,8,13,22,0,4,2,9,0,26,17,5,0,2
0,69,94,0,0,0,100,0,22,0,179,1,65,48,0,28,0,76,40,3,0,114,195,0,230,1,2,570,0,308,25,14,6,59,11,1,286,0,24,175,6,33,3,494,7,32,221,1,188,106,539,1,2,185,3,0,28,292,4,18,133
2,76,225,0,7,1,207,13,29,0,371,9,101,245,0,55,4,344,118,36,1,80,257,5,243,10,113,783,1,261,28,146,29,133,28,2,429,1,44,289,175,86,38,714,8,95,59,6,116,152,450,3,12,197,33,1,212,455,5,49,653
0,2,0,0,0,0,383,0,124,0,1412,0,746,23,0,3,0,444,3,0,0,5,968,1,12,0,8,187,1,75,0,3,16,0,1,2,645,0,1,6,13,1,0,79,0,8,8,0,25,1327,141,2,0,182,6,0,65,14,0,0,8
0,0,0,0,0,13,0,0,0,7,85,0,1,0,18,3,0,0,0,0,0,0,1,6,0,105,0,0,0,1,1,33,0,0,0,0,0,495,0,0,1,6,0,0,0,0,2,0,0,0,0,0,0,0,0,403,0,0,0,0,0
13,0,26,2,0,1,0,15,0,19,3,1,0,0,145,0,0,3,1,1,17,2,108,5,1,8,1,0,8,26,0,315,13,861,0,4,0,13,0,1,4,1249,72,4,3,146,1,100,1,0,1,0,0,2,1,62,0,1,758,0,0
0,0,0,3,443,0,0,50,0,0,0,0,1,1639,0,0,63,1,1,1499,26,0,0,6,0,6,1,1,15,0,343,338,6,0,0,6,0,2,0,0,255,7,10,0,2,0,0,9,2,0,0,831,0,0,0,8,1,0,25,23,14
0,7,249,0,1,0,2,8,36,0,6,192,13,1,0,9,1,405,6,2,0,192,1,26,12,0,29,9,3,4,1406,2,30,26,108,0,85,0,173,6,1,2,58,14,222,464,3,3,21,9,3,177,56,741,42,0,340,2,146,14,298
0,0,31,0,51,1,0,15,42,0,9,13,4,0,0,27,6,14,1,2,3,2,3,28,2,0,1440,9,5,1,12,0,600,2,1,6,7,0,2,9,109,2,143,2,7,19,0,9,369,5,7,8,0,11,3,2,550,1,0,86,6
0,0,39,0,115,4,6,306,205,1,10,11,18,7,0,140,86,121,2,23,8,10,2,16,1,4,2138,13,2,5,31,3,216,1,2,12,9,0,5,12,398,1,326,11,11,13,5,132,1702,1,8,8,4,10,7,6,361,4,2,54,17
0,0,1,0,10,0,0,17,16,0,8,6,2,29,0,73,9,13,0,0,1,1,3,2,0,10,513,3,4,1,5,0,0,1,0,7,2,0,0,0,98,0,23,3,0,3,2,1,373,6,3,0,0,0,4,0,32,0,0,4,7
0,0,1,0,2,0,8,1,11,0,5,2,3,0,0,6,3,75,3,0,0,7,1,1,2,0,108,5,0,1,4,0,0,0,2,0,6,0,2,2,2,0,26,14,5,4,1,151,78,2,0,1,0,8,5,0,108,3,0,0,3
0,112,113,0,0,0,2,0,48,0,0,18,0,0,0,2,0,0,7,1,0,815,0,0,12,0,0,17,0,1,171,0,2,136,75,0,3,0,31,35,0,1,1,11,119,50,2,0,0,1,0,0,58,8,2,0,1,19,158,1,103
0,1,1,0,0,0,0,0,3,0,0,5,0,0,0,4,0,8,7,0,0,12,0,0,1,0,0,2,0,0,5,0,0,1,32,0,7,0,48,2,0,0,0,0,340,91,0,0,0,3,0,0,14,93,1,0,0,0,3,0,0
1,1,4,0,0,0,0,402,0,2,2,1,0,0,8,0,0,1,0,0,24,0,55,11,1,6,1,0,5,30,0,45,1,177,0,5,2,3,1,5,1,49,1,305,0,12,0,783,0,1,6,0,3,6,0,33,0,2,12,0,4
0,0,1,168,166,0,0,73,0,0,0,7,2,5,0,0,0,0,0,1,8,0,1,15,0,0,3,0,256,2,1,25,6,0,0,114,1,0,0,0,16,0,5,0,1,1,1,14,3,0,1,35,0,0,0,0,0,0,2,16,2
0,0,0,15,303,0,0,16,0,0,0,0,3,182,0,0,18,0,0,516,19,0,0,0,0,0,4,0,4,5,5,13,0,0,0,1,0,1,0,0,274,0,5,0,0,0,0,1,0,0,0,1020,0,0,0,2,1,0,0,200,1
0,36,41,4,99,1,13,844,152,0,55,81,84,28,2,10,26,39,29,14,3,27,68,22,22,0,27,80,9,8,94,17,16,46,43,5,58,0,26,95,180,9,49,29,158,28,4,71,22,41,145,24,43,12,21,1,55,96,99,22,23
0,130,20,0,1,48,402,2,277,0,11,30,3,2,0,725,1,15,1048,10,0,27,74,937,29,0,8,31,0,21,7,2,770,9,31,2,43,0,38,22,3,65,38,59,18,37,374,2,3,23,3,0,55,33,300,125,291,19,13,5,8
1620,0,0,0,0,1298,0,0,0,2250,0,0,0,0,1446,0,0,0,0,0,91,0,0,5,0,656,0,0,2,5,0,2,0,0,0,0,0,40,0,0,0,1,0,0,0,0,0,1,0,0,0,0,0,0,0,53,0,0,0,0,0
2,0,0,0,0,24,0,0,0,25,0,0,0,0,39,0,0,0,0,0,5,0,0,1,0,703,0,0,0,0,0,3,0,0,0,0,0,1426,0,0,0,2,0,0,0,0,0,1,0,0,0,0,0,0,0,6,0,0,0,0,0
25,1,2,1,3,18,0,21,0,33,10,0,0,1,37,0,0,1,0,0,35,2,31,95,1,25,0,2,6,200,0,439,0,194,0,14,0,199,0,2,32,92,3,4,0,6,0,129,0,0,4,0,1,0,1,1865,0,1,1,0,2
18,0,2,20,1012,10,0,94,0,8,0,9,9,676,6,0,387,21,0,962,62,0,0,9,0,8,19,0,25,102,142,162,0,0,0,14,0,118,0,0,620,1,68,0,1,0,0,13,14,1,0,1120,0,0,1,39,12,0,2,96,1
38,0,0,1,26,18,0,8,0,22,0,0,0,14,3,0,1,0,0,43,367,0,0,1,0,1,0,0,3,77,0,4,0,9,0,1,0,6,0,1,14,2,15,1,0,0,0,6,0,0,0,31,0,0,0,27,0,0,0,1,0
0,5,26,0,0,0,4,0,9,0,1,7,0,2,0,3,0,2,2,3,0,33,2,1,13,0,0,38,0,20,7,0,3,35,10,0,20,0,17,7,2,2,1,47,26,38,4,0,0,1,9,0,7,37,12,0,3,7,10,5,51
0,0,13,0,2,0,2,0,7,0,0,23,1,0,0,2,0,3,9,1,0,111,3,8,0,0,3,33,0,18,26,0,4,10,1,0,1,0,1,5,1,2,2,15,21,50,3,0,4,0,0,2,1,5,66,0,2,2,9,0,82
0,4,3,0,1,1,32,1,5,0,90,2,57,12,0,7,0,13,14,1,0,21,63,3,7,0,11,368,0,459,1,0,2,2,1,1,61,0,0,14,39,0,4,299,4,6,28,0,22,41,37,0,0,7,59,0,9,14,0,0,73
4,1,5,0,12,7,1,12,1,2,4,20,6,14,0,0,22,38,0,29,342,0,1,60,0,2,11,2,1,15,16,20,2,7,0,1,2,1,0,3,11,173,836,1,6,3,2,8,12,0,1,19,0,1,6,4,84,0,0,105,7
0,0,18,0,0,0,0,1,14,0,0,1095,1,0,0,3,0,28,4,0,1,4,7,59,1,0,8,2,0,1,80,2,314,7,3,0,5,0,47,3,0,3,12,2,297,436,1,0,7,2,2,1,11,219,61,2,27,0,6,105,21
0,0,0,0,0,0,70,1,1,0,112,0,671,1,1,20,0,31,0,0,0,3,252,0,1,0,2,54,0,24,3,0,7,0,0,14,22,0,0,2,2,0,1,10,0,1,137,0,7,78,44,0,1,4,29,3,2,2,0,0,3
829,0,0,0,1,1295,0,6,0,576,1,0,2,0,317,158,1,3,0,1,54,0,1,2,0,392,0,0,2,4,0,3,0,0,0,0,1,45,0,0,0,0,32,0,0,1,0,1,0,0,0,1,0,0,0,33,1,0,0,0,4
0,0,0,0,0,8,0,0,0,2,1,0,0,0,4,4,1,1,0,0,2,0,0,0,0,42,1,0,0,0,0,2,0,0,0,0,0,76,0,0,0,0,1,0,0,0,0,0,0,0,0,0,0,0,0,4,1,0,0,0,0
