0.59787,0.39955,0.13795,0.94196,0.37068,0.46342,0.22296,0.39375,0.29801,0.75637,0.47411,0.51898,0.37362,0.45776,0.65336,0.30682,0.63315,0.22261,0.42157,0.43507,0.61664,0.31816,0.38523,0.48532,0.32521,0.30827,0.43343,0.28412,0.79538,0.2543,0.45835,0.15972,0.31939,0.31859,0.27828,0.89936,0.26907,0.47908,0.30016,0.2972,0.17878,0.5794,0.28676,0.28657,0.30457,0.27855,0.37586,0.27817,0.50341,0.60196,0.21358,0.2859,0.30678,0.30104,0.33725,0.58338,0.20274,0.29989,0.32629,0.40169,0.25315
0.4111
0,93,61,0,0,0,14,0,523,0,0,151,0,0,0,72,0,0,71,0,0,84,0,0,13,0,0,0,0,0,4,0,0,21,404,0,0,0,449,45,0,0,0,1,136,15,9,0,0,74,3,0,674,2,23,0,0,27,93,1,1
0,895,9,0,0,0,3,0,2,0,2,50,0,1,0,5,0,1,3,0,0,24,6,0,841,0,0,24,0,1,5,1,0,17,84,0,34,0,69,732,1,0,0,10,1,1,2,0,0,8,270,0,95,8,1,0,0,786,0,0,5
0,147,118,0,0,0,8,0,22,0,0,54,0,0,0,14,0,6,41,7,0,187,2,0,119,0,0,19,0,0,21,5,5,179,255,1,6,0,241,126,0,1,1,20,55,43,4,0,0,7,13,0,312,84,5,0,3,81,39,14,39
0,5,135,0,0,0,3,0,98,0,0,50,0,0,0,11,0,3,34,0,0,163,0,3,0,0,0,3,0,0,29,0,17,11,156,0,0,0,304,5,0,0,1,0,727,132,0,0,0,152,0,0,199,15,124,0,0,0,540,1,17
0,109,23,0,0,0,2,0,7,0,0,25,0,0,0,1,0,0,1,0,0,90,0,0,15,0,0,2,0,0,12,0,0,16,118,0,0,0,20,117,0,0,0,0,2,0,1,0,0,0,6,0,124,0,2,0,0,30,6,0,0
0,20,269,0,3,0,26,7,41,0,0,50,1,7,1,20,3,26,66,37,1,310,2,7,71,0,25,45,0,4,164,155,14,351,110,4,23,0,60,119,10,20,33,74,90,158,16,1,19,8,23,0,90,95,25,0,33,65,53,107,424
2,1,1,3,3,0,1,2,0,2,0,0,6,3,1,0,7,2,0,4,6,0,3,20,0,0,4,2,11,3,0,30,2,2,0,5,2,2,0,2,37,2,5,2,2,2,0,7,0,0,0,5,0,0,1,4,1,0,1,14,36
0,10,9,0,1,0,177,3,25,0,1,7,3,4,0,408,1,1,432,6,1,12,19,30,13,1,4,92,0,15,4,5,166,16,3,8,28,0,6,31,17,12,4,70,10,13,934,0,4,0,19,0,4,6,689,1,6,18,1,1,31
0,52,6,0,0,0,2,0,4,0,0,195,1,0,0,6,0,33,27,0,0,4,2,0,104,0,0,0,0,0,0,2,0,4,647,0,42,0,730,61,0,0,0,4,16,12,0,0,0,9,7,0,358,37,3,0,0,21,1,0,0
0,0,15,0,0,2,0,106,0,1,2,2,0,2,0,0,0,0,4,0,0,1,19,1,1,0,0,1,0,16,0,48,8,27,0,3,0,2,4,0,0,3,0,1,1,2,0,5,0,0,4,0,2,2,1,0,0,2,4,1,2
0,0,3,15,33,0,0,0,0,0,0,16,61,5,0,0,114,6,1,32,3,0,0,11,0,8,9,0,3,2,7,14,3,0,0,2,0,0,0,0,134,13,46,0,2,1,0,1,2,0,0,213,0,0,0,1,20,0,0,1048,1
0,0,0,0,0,17,0,0,0,13,0,0,0,0,34,0,0,0,0,0,0,0,0,0,0,153,0,0,0,0,0,23,0,0,0,0,0,448,0,0,0,3,0,0,0,0,0,0,0,0,0,0,0,0,0,131,0,0,0,0,0
4,1,9,3,1,2,0,7,3,4,63,1,3,1,14,0,0,1,0,0,19,3,16,20,1,5,1,7,9,101,0,241,3,154,0,16,1,37,0,9,15,20,5,1,1,11,2,62,1,0,1,1,1,0,1,250,1,2,10,1,0
107,0,4,9,166,9,0,9,0,0,3,4,13,172,1,0,2166,30,1,277,36,0,0,4,0,16,12,0,7,24,18,31,2,0,0,10,2,26,0,0,364,1,155,0,3,1,1,9,14,1,0,230,0,1,0,75,29,0,2,301,3
9,3,81,2,5,4,0,30,2,7,10,3,4,5,3,2,62,30,0,22,60,1,32,4,12,1,23,1,9,695,3,43,24,73,1,3,13,1,0,30,32,6,377,5,2,8,1,14,14,2,3,18,0,2,0,25,59,1,5,58,14
2,0,1,0,1,1,6,4,1,0,23,0,27,8,1,3,92,371,3,4,6,1,3,0,1,6,25,22,1,10,8,12,4,0,0,0,7,0,0,1,15,1,253,18,2,2,4,298,33,3,1,3,0,3,220,9,222,1,0,37,8
0,402,62,0,0,0,132,0,7,0,9,16,2,1,0,70,0,14,43,0,0,179,23,1,520,0,2,154,0,25,24,0,2,94,95,0,99,0,94,377,0,0,1,78,8,19,225,2,0,2,351,0,48,56,11,0,0,581,2,1,18
0,0,67,0,0,0,0,0,12,0,0,11,0,0,0,0,0,1,1,0,0,59,0,0,0,0,0,2,0,0,305,1,2,14,21,1,0,0,5,0,0,0,0,0,62,56,0,0,1,0,1,1,3,19,5,0,0,0,50,2,247
0,0,2,0,4,0,0,0,2,0,1,0,1,0,0,1,0,0,0,0,0,1,1,0,0,0,54,0,2,1,0,0,6,0,0,0,0,0,1,1,4,0,8,0,0,0,0,0,20,0,0,0,0,0,0,0,6,0,0,2,6
0,0,6,1,13,0,4,5,9,0,1,4,2,0,0,7,5,2,1,1,0,0,2,1,2,0,270,13,0,5,0,3,30,5,0,1,3,0,0,14,18,2,19,5,2,4,0,0,195,1,4,0,1,0,0,1,7,4,1,6,37
0,0,0,0,0,0,0,0,1,0,1,0,1,0,0,0,0,0,0,0,0,0,0,0,0,0,12,0,0,0,0,0,0,0,0,0,3,0,0,1,1,0,1,0,1,0,0,0,15,0,1,0,0,0,0,0,0,0,0,0,0
2,0,1,8,22,0,0,16,0,2,1,8,2,4,1,1,2,0,0,3,40,0,0,484,0,0,8,0,13,24,2,338,36,1,0,9,0,1,0,0,50,5,9,0,0,7,0,94,13,0,0,43,0,0,1,0,0,0,2,8,2
0,20,8,0,0,0,161,0,8,0,0,1,0,1,0,394,0,1,415,0,0,5,6,6,19,0,0,33,0,12,2,0,58,3,8,1,9,0,10,23,1,0,0,34,0,4,476,0,0,1,11,0,2,3,284,1,0,22,1,0,2
0,28,2,0,0,0,4,1,2,0,180,6,16,6,0,2,0,62,0,0,0,7,85,0,215,0,1,122,0,36,0,0,0,0,46,0,428,0,23,14,0,0,0,81,0,2,1,1,0,92,395,0,5,331,0,0,0,86,0,0,2
5,0,0,1,13,5,0,11,0,2,0,0,0,6,0,0,1,0,0,5,2046,0,1,3,0,1,1,0,5,25,0,12,0,0,0,3,0,5,0,0,6,4,15,3,0,0,0,3,0,0,0,9,0,0,0,10,0,0,0,0,0
2,0,172,0,0,3,4,6,0,0,12,0,2,1,5,0,1,0,2,0,2,1,41,4,0,2,1,1,0,4,3,104,3,113,0,0,1,3,0,1,6,83,49,2,2,272,1,3,0,0,1,3,1,0,1,15,1,1,254,1,2
1,0,3,2,36,0,1,3,0,0,3,1,17,413,0,0,345,16,0,70,1,0,1,1,0,132,15,0,3,0,117,23,4,0,0,3,29,0,0,0,412,4,38,0,0,0,3,1,9,0,0,103,0,0,2,0,19,0,6,117,91
0,0,0,4431,260,0,0,1,0,0,0,0,0,0,0,0,0,0,0,0,1,0,0,0,0,0,2,0,1722,0,0,0,0,0,0,2806,0,0,0,0,1,0,0,0,0,0,0,0,0,0,0,1,0,0,0,0,0,0,0,3,0
3,2,4,3,0,0,2,3,3,2,14,2,6,1,3,1,0,7,0,0,19,3,47,13,3,12,1,3,20,12,0,34,4,29,1,13,1,4,0,10,4,143,4,2,0,5,2,423,2,0,5,0,2,0,1,4,3,1,30,1,2
0,10,3,0,0,0,3,0,7,0,304,0,52,0,120,1,0,24,1,0,0,2,8,3,7,0,4,15,7,3,4,1,1,2,5,2,10,0,2,31,3,7,11,1,5,5,4,362,8,15,20,0,6,2,8,0,28,15,7,0,2
1,79,91,0,0,0,109,0,19,0,174,2,70,56,0,28,0,102,43,3,0,111,203,0,258,0,2,585,0,264,20,16,8,52,10,1,293,0,21,149,8,32,2,486,6,35,155,1,261,108,538,1,3,183,3,0,27,271,4,20,128
1,63,232,1,4,2,225,13,23,0,356,10,102,243,1,55,3,342,127,36,0,76,263,6,257,9,115,787,0,265,27,161,29,113,28,2,416,1,36,313,200,83,33,721,10,91,58,8,114,150,467,2,9,207,35,2,216,419,4,50,623
0,1,0,0,0,0,379,0,128,0,1419,0,742,35,0,3,0,510,4,0,0,4,960,1,12,0,6,179,1,63,1,3,17,0,1,1,656,0,1,6,9,1,0,79,0,6,6,0,23,1290,112,2,0,192,6,0,72,11,0,0,8
1,0,0,0,0,12,0,0,0,7,86,0,1,0,18,3,0,0,0,0,0,0,1,6,0,104,0,0,0,0,1,42,0,0,0,0,0,500,0,0,2,5,0,0,0,0,2,0,0,0,0,0,0,0,0,390,0,0,0,0,0
16,0,28,1,1,0,0,14,1,19,4,1,0,1,147,0,0,1,1,1,18,1,123,4,1,8,2,0,13,25,0,311,12,879,0,4,0,16,0,1,2,1226,73,3,1,148,1,75,1,0,1,0,0,0,1,74,0,0,757,1,0
0,0,0,6,423,0,0,48,0,0,0,0,1,1669,0,0,61,1,1,1558,27,0,0,6,0,6,1,0,14,1,335,321,7,0,0,4,0,4,0,0,252,5,10,0,2,1,0,38,2,0,0,756,0,0,0,8,1,0,31,23,14
0,8,219,0,1,0,1,4,31,0,6,167,19,1,0,9,1,275,7,2,1,180,1,20,12,0,28,13,3,2,1491,1,29,27,127,0,82,0,155,6,1,1,60,10,210,700,3,7,23,7,4,159,53,696,37,0,355,2,102,29,278
0,0,32,0,51,2,0,17,38,0,8,8,3,0,0,25,6,8,1,2,3,3,4,25,3,0,1467,6,6,2,13,0,606,2,1,3,11,0,2,8,107,1,153,3,7,19,0,11,360,4,6,9,0,8,3,1,532,2,0,89,6
0,0,35,0,110,3,7,311,205,1,10,9,13,8,0,144,83,102,3,21,8,9,3,13,3,3,2139,12,4,5,34,1,216,2,3,9,11,2,5,14,371,1,376,10,11,7,4,136,1696,4,7,12,1,9,6,5,351,10,1,65,21
0,0,1,0,9,0,0,19,22,0,10,8,3,30,0,80,8,14,0,2,1,1,2,3,0,8,495,2,4,1,3,1,0,1,0,1,2,0,0,0,102,0,23,3,0,3,2,1,374,6,2,0,0,0,4,0,33,0,0,5,7
0,0,1,0,0,0,7,1,7,0,5,1,3,0,0,6,3,78,4,0,0,8,1,1,0,0,106,5,0,0,5,0,1,0,2,0,7,0,2,2,3,0,25,14,3,4,1,155,80,2,0,3,2,9,7,0,102,3,0,0,3
0,115,109,0,0,0,1,0,43,0,0,17,0,0,0,2,0,1,7,1,0,825,0,0,10,0,0,18,0,2,182,0,2,146,83,0,3,0,29,39,0,1,0,11,117,42,1,0,0,1,0,0,56,8,2,0,0,14,134,1,113
0,1,1,0,0,0,0,0,3,0,0,4,0,0,0,4,0,10,6,0,0,12,0,0,1,0,0,2,0,0,4,0,0,1,29,0,6,0,42,2,0,0,0,1,343,97,0,0,0,2,0,0,13,96,1,0,0,0,3,0,0
1,1,5,0,0,0,0,392,1,1,1,1,0,1,9,0,0,1,0,0,25,0,80,11,1,5,1,1,4,59,0,46,1,135,2,4,2,4,1,6,1,59,1,311,0,15,0,753,0,0,5,0,2,5,1,37,0,1,16,0,3
0,0,1,169,159,0,0,73,0,0,1,8,2,3,0,1,0,0,0,3,11,0,0,14,0,0,3,0,257,2,1,18,6,0,0,117,1,0,0,0,20,0,4,0,1,0,1,20,3,0,0,33,0,0,0,0,1,0,4,12,3
0,0,0,19,285,0,0,17,0,0,0,0,2,188,0,0,15,0,0,450,21,0,0,0,0,0,4,0,4,5,4,12,0,0,0,3,0,1,0,0,291,0,5,0,0,0,0,1,0,0,0,1101,0,0,0,1,1,0,0,178,1
0,34,37,7,97,1,13,819,153,0,56,68,68,28,1,11,25,41,24,17,3,28,86,20,23,0,27,75,11,13,102,23,16,37,41,5,65,0,20,96,198,9,52,26,163,29,6,63,18,41,141,24,49,13,19,1,54,99,117,22,21
0,134,21,0,1,49,404,3,266,0,10,30,13,2,0,706,0,23,1024,13,0,30,74,942,27,0,7,34,0,20,6,1,779,11,31,3,38,0,37,31,3,72,42,56,17,43,387,2,4,21,3,0,58,33,277,130,289,18,10,5,10
1628,0,0,0,0,1305,0,0,0,2257,0,0,0,0,1440,0,0,0,0,0,91,0,0,6,0,644,0,0,1,4,0,1,0,0,0,0,0,42,0,0,0,0,0,0,0,0,0,1,0,0,0,0,0,0,0,50,0,0,0,0,0
1,0,0,0,0,28,0,0,0,26,0,0,0,0,40,0,0,0,0,0,6,0,0,1,0,701,0,0,0,0,0,3,0,0,0,0,0,1420,0,0,0,2,0,0,0,0,0,1,0,0,0,0,0,0,0,8,0,0,0,0,0
26,0,3,1,1,24,0,19,0,33,8,0,1,0,38,1,0,0,0,0,37,1,36,103,0,21,0,6,5,226,0,433,0,159,1,14,0,197,0,4,30,88,4,4,0,5,0,109,0,0,1,0,4,0,1,1889,0,1,2,0,3
24,0,1,21,1029,12,0,92,0,6,0,10,9,698,5,0,393,21,1,927,63,0,0,7,0,4,18,0,21,103,134,157,0,0,0,19,0,119,0,0,610,1,69,0,2,0,0,20,13,1,0,1115,0,0,1,39,14,1,2,101,1
40,0,0,1,28,17,1,4,0,22,0,0,0,15,4,0,1,0,0,42,368,0,0,1,0,1,0,0,2,76,0,7,0,5,0,2,0,5,0,1,16,3,17,1,0,0,0,6,0,0,0,26,0,0,0,28,0,0,0,1,0
0,3,24,0,0,0,4,0,9,0,1,7,0,1,0,2,0,3,2,3,0,32,2,1,15,0,1,39,0,22,12,1,3,31,8,0,17,0,14,8,3,2,1,46,24,39,5,0,0,3,11,0,8,41,11,0,3,6,8,6,50
0,0,12,0,2,0,2,0,6,0,0,22,1,0,0,2,0,1,8,0,0,105,5,8,0,0,4,31,0,22,35,0,4,12,1,0,1,0,2,6,2,2,1,18,23,39,3,0,3,0,0,1,1,9,64,0,2,1,11,1,81
0,2,3,0,1,1,33,0,5,0,87,3,58,10,0,8,0,17,14,1,0,21,77,3,5,0,11,352,0,491,4,0,2,2,1,1,56,0,0,13,34,1,4,287,6,1,28,0,21,39,39,0,1,8,63,0,10,15,0,0,60
3,1,4,0,12,8,1,13,2,2,4,19,6,14,0,0,21,38,0,31,343,0,1,58,0,3,10,1,1,17,15,17,3,5,0,0,1,1,0,2,13,186,819,1,6,3,4,10,9,0,1,23,0,1,7,4,90,0,0,103,6
0,0,16,0,0,0,0,1,13,0,0,1135,1,0,0,1,0,34,5,0,1,4,7,63,1,0,10,4,0,1,91,2,299,7,2,0,5,0,47,3,0,4,11,3,304,409,2,0,6,2,1,2,9,122,59,2,30,0,6,172,26
0,0,0,0,0,0,72,0,1,0,115,0,648,2,1,29,0,27,0,0,0,5,243,0,0,0,3,57,0,20,1,0,5,0,0,36,23,0,0,3,3,1,2,10,1,1,130,0,8,87,41,0,1,6,27,3,1,3,0,0,0
844,0,0,0,1,1301,0,6,0,575,1,0,0,0,311,157,1,3,0,0,49,0,1,2,0,379,0,0,2,4,0,5,0,0,0,0,1,47,0,0,0,0,33,0,0,1,0,3,0,0,0,1,0,0,0,35,1,0,0,0,3
0,0,0,0,0,8,0,0,0,2,1,0,0,0,5,5,1,1,0,0,1,0,0,0,0,41,1,0,0,0,0,2,0,0,0,0,0,76,0,0,0,0,1,0,0,0,0,0,0,0,0,0,0,0,0,4,1,0,0,0,0
