0.60178,0.22165,0.12283,0.93144,0.29018,0.44885,0.32735,0.3727,0.21026,0.67002,0.30307,0.49704,0.20674,0.34183,0.57804,0.222,0.53874,0.3716,0.31322,0.54997,0.61704,0.31749,0.17017,0.37203,0.36476,0.28064,0.42401,0.22838,0.6598,0.13585,0.42287,0.14413,0.45937,0.21635,0.29732,0.62848,0.37409,0.5446,0.31168,0.1597,0.18056,0.51765,0.22788,0.30373,0.30877,0.15094,0.29019,0.18533,0.44789,0.40182,0.19465,0.31708,0.25812,0.22544,0.17785,0.46975,0.1718,0.20905,0.30597,0.27909,0.29602
0.37328
0,264,10,0,0,0,48,0,381,0,0,190,1,0,0,71,0,0,7,0,0,115,0,2,27,0,0,4,0,0,1,0,4,164,142,0,0,0,168,164,0,0,0,2,344,6,57,0,1,79,50,0,644,2,38,0,0,7,70,1,0
0,645,69,0,0,0,2,1,3,0,27,103,7,0,0,2,0,0,7,0,0,66,8,0,1451,0,0,26,0,1,0,0,0,4,80,0,2,0,179,321,0,0,0,18,2,6,10,1,1,16,322,0,34,6,0,0,1,568,2,0,6
0,140,124,0,0,0,22,0,24,0,0,86,0,0,0,15,0,0,33,0,0,229,5,2,86,0,1,19,0,0,8,7,3,74,110,1,1,2,377,174,0,1,0,50,78,64,17,0,0,12,47,4,313,47,11,0,2,46,24,22,23
0,51,47,0,0,0,16,0,140,0,0,87,0,0,0,9,0,0,11,0,0,153,8,8,1,0,0,5,0,0,13,0,47,168,46,0,0,0,53,27,0,1,0,0,859,6,12,0,3,85,4,0,290,32,207,0,0,1,542,0,6
0,163,2,0,0,0,1,0,1,0,0,87,1,0,0,0,0,0,0,0,0,167,1,1,33,0,0,4,0,0,1,0,0,33,8,0,0,0,14,80,0,0,0,1,2,1,6,0,0,0,31,0,61,0,5,0,0,21,4,0,0
0,23,129,0,7,3,19,5,50,0,8,45,2,3,0,20,21,4,105,0,9,196,23,22,35,1,10,81,4,1,117,261,16,96,35,6,20,23,164,142,9,25,1,246,72,268,31,2,15,12,36,4,300,88,95,0,27,46,81,110,212
2,0,0,8,13,1,1,6,0,5,0,0,1,2,2,0,16,1,3,4,6,1,4,6,1,0,1,1,5,2,0,31,0,10,0,4,22,1,0,2,5,1,0,9,1,5,0,3,2,0,0,9,0,0,5,5,1,0,1,23,19
0,7,7,0,4,2,169,0,20,0,4,2,4,1,0,174,3,1,124,0,1,10,11,82,22,1,1,45,0,17,1,9,344,2,6,2,31,1,13,48,10,55,0,176,5,31,899,2,302,0,101,0,12,13,371,2,140,61,1,2,30
0,100,3,0,0,0,11,0,1,0,0,107,0,0,0,4,0,0,72,0,0,5,1,0,111,0,0,1,0,0,0,0,1,6,677,0,0,0,883,79,0,0,0,2,55,23,17,0,0,16,14,0,183,12,2,0,1,3,0,0,0
1,0,2,0,1,2,0,27,2,0,0,0,0,4,1,0,0,4,1,0,0,0,8,0,0,0,0,6,1,22,23,31,11,3,8,2,10,2,1,2,4,11,42,9,2,12,0,0,0,0,1,1,7,5,0,3,0,0,10,8,5
0,0,2,17,77,2,1,1,0,0,0,15,356,12,0,0,127,5,1,20,2,0,0,10,0,12,28,0,2,2,10,4,0,0,0,0,0,0,0,0,75,35,12,1,1,0,0,37,2,0,0,237,0,0,2,0,33,0,0,686,3
3,0,0,0,0,15,0,0,0,8,17,0,0,0,95,0,0,0,0,0,0,0,0,0,0,95,0,0,1,0,0,15,0,0,0,0,0,351,0,0,0,0,0,0,0,0,0,0,0,0,0,0,0,0,0,222,0,0,0,0,0
11,1,14,5,3,2,0,19,1,5,51,1,1,1,14,0,0,6,1,0,18,6,24,0,0,10,1,9,34,187,2,178,3,47,14,13,7,19,0,24,27,29,26,11,0,11,1,5,0,0,0,1,10,4,2,271,0,0,16,0,0
266,0,3,14,180,9,0,22,2,3,0,4,211,370,4,2,1815,61,0,126,19,0,0,4,0,63,53,0,20,11,52,21,1,0,0,9,2,9,0,7,277,4,62,4,1,7,0,109,13,1,0,255,0,4,2,6,54,16,3,132,36
9,0,28,9,22,9,0,90,1,6,11,0,22,10,2,21,60,39,7,7,55,1,13,21,10,4,58,6,8,232,8,21,7,5,46,7,25,1,2,31,25,14,546,7,1,23,2,136,9,5,10,35,5,8,3,36,30,5,6,131,8
2,1,4,0,2,4,6,8,6,1,95,2,20,35,1,20,64,289,15,4,3,4,19,4,2,7,53,2,0,30,8,14,5,1,0,3,2,0,1,8,18,0,13,56,0,26,208,437,14,13,2,0,1,3,19,3,186,7,1,8,28
0,265,145,0,0,0,28,0,2,0,52,20,106,2,0,35,0,0,116,0,0,222,52,3,730,0,1,142,0,9,0,1,3,7,99,0,10,0,201,101,2,2,0,168,22,52,206,0,24,6,400,0,38,44,5,0,5,477,1,1,45
0,2,16,0,0,0,0,0,32,0,0,27,1,0,0,0,1,1,0,0,0,36,10,11,0,0,1,55,3,0,148,2,4,50,8,2,0,6,1,7,0,0,0,1,38,5,1,0,0,3,0,11,30,22,28,0,4,0,169,2,211
0,0,0,0,8,0,0,5,2,0,1,0,1,0,0,4,0,0,0,1,0,0,0,0,0,0,58,0,2,0,1,2,6,1,0,5,0,0,0,2,0,1,0,1,0,2,0,1,11,0,0,0,0,0,0,0,2,0,0,1,6
0,0,10,0,88,0,2,19,16,0,1,1,2,2,0,15,2,11,4,0,1,1,4,2,1,2,168,11,2,9,0,10,9,8,1,9,9,0,0,11,4,1,0,9,5,3,1,7,136,8,3,0,3,9,4,0,19,3,0,3,68
0,0,0,0,1,0,0,1,1,0,1,0,0,0,0,4,0,0,1,0,0,0,2,0,0,0,5,1,1,1,1,0,1,0,1,2,1,0,0,0,0,0,0,0,0,0,0,0,8,1,1,0,0,1,0,1,0,1,0,0,0
4,0,1,9,46,0,0,13,2,2,0,6,2,6,1,2,6,2,0,10,34,0,0,489,0,2,14,0,15,5,3,295,3,0,0,7,1,0,0,0,21,2,19,3,4,0,0,142,3,1,0,69,1,0,2,1,1,2,5,6,1
0,22,7,0,0,1,222,0,3,0,3,0,13,0,0,210,0,0,41,0,0,3,4,34,41,0,0,22,0,7,0,0,108,0,7,1,2,0,18,17,1,14,0,54,4,5,776,0,87,0,70,0,5,3,151,0,40,44,0,1,5
0,299,3,0,0,0,14,1,2,0,114,2,33,11,0,0,0,25,26,0,0,7,33,0,510,0,0,124,1,56,0,2,0,0,161,0,107,0,102,1,2,0,0,13,1,25,5,0,0,103,39,0,1,295,0,1,33,124,0,0,6
12,0,0,1,8,5,0,1,0,8,0,0,0,5,2,0,0,0,0,3,1861,0,0,2,0,5,0,0,13,3,3,14,0,0,1,1,0,12,0,1,0,5,214,3,0,0,0,0,0,0,0,10,0,0,0,6,0,0,1,1,0
3,0,198,0,0,1,0,2,1,5,3,0,4,1,2,1,0,1,1,4,1,2,52,1,0,2,1,1,1,24,14,47,10,9,0,3,9,2,0,3,27,58,0,3,2,352,0,0,24,2,0,1,4,2,3,51,1,0,253,0,0
3,0,2,2,38,2,0,4,0,1,6,5,71,496,0,19,190,25,1,194,1,0,1,9,0,148,34,0,3,7,89,13,2,0,0,6,60,0,0,7,330,8,1,1,18,3,2,24,4,3,0,91,1,0,1,0,15,1,3,62,38
0,0,0,6576,155,0,0,0,0,0,0,0,1,1,0,0,1,0,0,3,0,0,0,0,0,0,0,0,1313,16,0,0,0,0,0,1152,0,0,0,7,0,0,3,0,0,0,0,0,0,0,0,0,0,0,0,0,0,0,0,0,0
3,0,2,2,1,0,1,9,2,3,17,1,2,3,18,0,1,16,0,0,20,2,43,9,10,34,1,1,92,29,2,36,4,48,9,36,14,1,0,85,9,84,3,7,1,17,0,152,4,3,1,0,7,0,2,8,1,5,55,0,3
0,6,7,0,1,0,0,0,3,0,333,2,10,2,95,3,0,15,0,0,4,4,29,2,4,4,12,2,15,14,2,1,2,6,12,25,9,0,1,194,0,8,2,5,4,20,3,67,1,85,53,0,3,2,5,0,25,22,14,0,3
0,156,115,0,0,1,95,1,16,0,439,5,126,55,0,6,0,78,201,0,0,102,218,9,317,2,2,482,0,124,8,4,9,4,75,0,188,1,98,12,36,2,0,312,4,85,70,0,78,153,314,1,21,204,12,17,61,385,1,29,308
0,102,189,0,26,3,208,19,44,6,347,9,59,193,4,38,53,220,571,2,1,51,389,10,226,2,16,560,2,119,5,114,25,7,118,7,558,3,132,83,210,30,1,797,7,266,41,7,130,107,336,0,43,182,70,34,201,435,2,66,759
0,379,2,0,1,0,406,1,132,0,1065,0,280,34,0,5,0,848,55,0,0,3,327,1,180,0,2,139,1,94,0,52,3,0,82,1,875,0,1,0,61,0,0,14,0,20,4,0,5,972,23,0,0,259,12,123,457,25,0,0,6
2,0,0,0,0,14,0,0,0,9,186,0,0,0,38,3,0,0,0,0,1,0,12,0,0,115,0,0,1,2,0,32,0,0,0,0,0,242,0,0,3,3,2,12,0,0,0,0,0,0,0,0,0,0,0,503,0,0,1,0,0
41,1,16,6,1,0,0,8,3,13,7,0,1,4,73,0,0,1,1,81,20,0,332,0,0,18,2,1,18,58,9,148,5,479,1,4,10,17,0,4,23,1129,4,46,0,319,0,22,69,1,0,0,1,2,0,104,1,0,913,1,0
1,0,1,17,81,0,0,49,0,2,0,0,11,1274,0,2,242,4,1,2157,11,0,0,6,0,35,2,0,21,4,338,264,2,0,0,4,5,2,0,1,181,1,51,0,1,1,0,40,2,1,0,631,0,0,0,0,5,2,21,153,10
0,12,130,0,3,5,0,7,79,0,5,136,8,1,0,82,1,46,29,1,6,293,9,356,3,1,50,248,10,5,1176,6,24,210,244,6,27,10,169,24,2,4,1,3,260,151,18,34,12,71,4,218,126,576,111,0,207,3,212,84,147
0,0,40,0,62,9,4,67,87,1,2,6,36,0,0,121,11,35,5,4,2,3,6,27,1,3,1967,10,7,25,42,2,290,12,0,105,1,0,9,13,6,34,2,2,2,15,1,67,220,11,3,4,2,55,6,0,140,5,6,80,11
0,1,30,0,192,5,2,647,367,4,16,13,53,35,0,503,69,203,4,12,30,9,7,30,2,9,1559,18,12,42,39,4,25,17,1,145,3,1,4,26,55,2,28,11,5,62,6,338,1388,23,4,4,3,106,14,0,312,10,6,82,67
0,0,1,4,25,0,0,37,25,1,15,2,9,52,0,357,2,15,5,4,1,0,9,5,0,6,160,2,28,8,7,0,1,0,1,29,1,0,0,4,57,0,0,0,3,1,1,8,333,14,1,0,0,1,2,0,55,1,0,1,2
0,0,0,0,0,7,1,5,19,0,10,1,2,0,0,26,1,58,2,0,0,5,8,4,6,0,156,1,0,7,4,0,2,7,0,5,2,0,4,6,1,0,0,6,3,61,16,86,46,2,1,0,0,6,7,0,60,9,0,1,18
0,165,48,0,0,0,10,0,74,0,0,38,0,0,0,3,0,0,2,0,0,882,8,1,15,0,0,37,0,1,84,4,2,132,14,0,1,2,41,33,0,1,0,8,45,14,7,0,0,6,10,1,112,15,52,0,0,36,177,2,53
0,3,1,0,0,0,5,0,1,0,0,8,0,0,0,1,0,0,8,0,0,14,0,1,2,0,0,0,0,0,0,0,0,0,91,0,0,0,29,1,0,0,0,0,360,10,1,0,0,2,0,0,15,112,16,0,0,1,2,0,0
1,0,13,2,0,1,1,61,7,1,0,2,0,1,9,0,0,7,3,0,59,0,139,1,1,11,1,4,21,71,29,30,8,78,42,1,11,3,0,15,2,121,311,340,2,35,0,389,0,0,1,0,8,5,0,27,0,1,134,0,2
0,0,0,291,110,0,0,35,0,0,2,7,2,11,0,0,4,1,1,53,8,0,0,15,0,0,0,0,212,6,4,19,2,0,0,61,0,0,0,5,19,1,9,0,1,3,1,12,1,1,0,43,0,1,0,0,1,0,4,4,2
0,0,0,24,203,0,0,3,0,0,0,0,12,226,0,0,48,0,0,328,13,0,0,0,0,3,7,0,13,0,24,10,0,0,0,1,0,0,0,3,166,0,115,0,0,0,0,3,0,0,0,1184,0,0,0,6,5,0,1,210,1
0,30,55,13,67,2,9,452,58,0,120,91,30,72,0,20,26,59,56,72,5,29,96,41,42,0,33,77,18,69,85,25,13,27,55,19,28,0,16,157,327,14,27,16,54,132,14,45,12,92,67,13,60,26,80,2,46,72,162,10,18
0,55,15,0,4,120,748,2,94,0,12,30,22,2,0,563,12,13,258,4,0,25,11,891,67,0,60,11,1,27,9,2,995,14,29,6,21,1,83,50,0,91,3,38,23,48,632,13,54,8,44,0,77,101,360,22,389,51,12,7,20
2297,0,0,0,0,1110,0,0,0,2000,0,0,0,0,1448,0,0,0,0,0,93,0,0,0,0,412,0,0,4,0,0,2,0,1,0,0,0,43,0,0,0,0,13,0,0,0,0,0,0,0,0,1,0,0,0,46,0,0,0,0,0
1,0,0,0,0,26,0,0,0,22,0,0,0,0,284,0,0,0,0,0,7,0,0,0,0,593,0,0,0,0,0,2,0,0,0,0,0,1276,0,0,0,2,0,0,0,0,0,0,0,0,0,0,0,0,0,24,0,0,0,0,0
84,1,6,6,1,7,0,33,1,39,35,0,0,2,83,0,0,4,2,2,56,2,37,2,0,47,0,6,25,242,4,323,2,430,12,7,6,184,1,3,24,178,80,54,0,6,0,27,1,0,0,1,5,1,0,1444,0,0,21,0,2
36,0,2,49,612,12,0,39,2,25,2,6,40,744,8,4,556,23,2,798,34,0,0,11,0,59,36,0,33,36,228,137,1,1,0,12,1,20,0,3,457,1,271,0,0,4,0,53,6,5,0,1353,0,1,1,28,14,29,0,83,6
54,0,0,3,11,13,0,4,0,19,1,0,0,10,4,0,2,2,0,21,231,0,0,0,0,1,0,1,9,18,4,2,0,2,0,0,1,6,0,2,6,2,259,2,0,0,1,1,0,0,0,23,0,0,0,22,0,1,0,3,0
0,4,18,0,1,0,8,0,11,0,1,3,1,1,0,3,0,0,20,1,0,19,6,2,8,0,0,25,0,11,5,5,2,15,11,0,9,3,30,4,2,0,0,26,22,44,3,0,1,1,17,2,26,35,17,0,2,21,17,14,55
0,5,6,0,0,2,7,0,15,0,0,17,2,0,0,4,1,1,3,0,0,83,21,22,2,0,3,3,0,3,23,4,3,21,2,3,3,2,4,5,0,1,0,5,7,19,7,0,3,5,2,4,17,4,118,0,6,9,14,1,62
0,4,2,0,1,5,128,0,6,0,202,2,25,10,0,10,0,30,15,0,0,16,109,11,29,0,2,153,0,266,0,0,5,8,1,1,169,1,0,4,23,0,0,35,0,8,13,1,31,64,13,0,3,36,65,10,19,149,1,1,212
3,0,4,0,48,26,20,14,2,11,6,19,11,29,2,16,32,81,0,3,355,1,2,121,0,7,61,1,14,24,31,4,6,1,1,21,1,0,0,4,13,199,244,3,4,11,1,79,8,0,1,16,4,2,14,4,37,2,3,301,15
0,0,82,2,3,8,6,1,68,0,1,1174,3,1,0,10,1,1,2,0,0,6,1,99,0,0,15,0,0,4,115,11,135,5,26,1,3,1,32,2,2,6,0,3,456,43,1,2,4,5,3,38,19,218,133,1,6,3,12,125,24
0,3,1,0,0,0,64,1,3,0,293,0,116,2,0,2,0,41,0,0,0,5,183,4,2,0,3,105,0,3,1,17,12,0,0,98,67,0,2,0,8,0,0,29,1,0,6,0,31,421,26,0,0,5,33,6,14,7,0,0,1
978,0,0,0,2,1033,0,16,0,780,3,0,1,0,301,122,0,4,0,2,48,0,1,1,0,352,1,0,4,4,0,2,0,1,0,0,4,33,0,1,1,0,28,2,0,1,0,4,0,0,0,2,0,0,0,33,1,0,0,0,1
0,0,0,0,0,6,0,0,0,5,0,0,0,1,14,4,1,1,0,1,0,0,0,0,0,47,0,0,0,0,0,1,0,0,0,0,0,62,0,0,0,0,3,0,0,0,0,2,0,0,0,0,0,0,0,2,0,0,0,0,0
