0.61001,0.38073,0.13737,0.94591,0.37475,0.47941,0.24289,0.38068,0.29893,0.75355,0.49297,0.52843,0.34064,0.44738,0.65288,0.29349,0.61833,0.31567,0.40724,0.48893,0.61149,0.3124,0.37359,0.49206,0.36268,0.32329,0.42458,0.28545,0.75968,0.20087,0.46969,0.13903,0.31316,0.36519,0.29234,0.88339,0.25424,0.46589,0.30131,0.28548,0.1733,0.57468,0.30989,0.28969,0.30843,0.29812,0.37097,0.25998,0.49081,0.55255,0.21663,0.28948,0.30342,0.30527,0.32712,0.55124,0.16125,0.28398,0.32673,0.40764,0.26343
0.41038
0,91,60,0,0,0,15,0,533,0,0,153,0,0,0,72,0,0,72,0,0,83,0,0,17,0,0,3,0,0,3,0,0,27,401,0,0,0,440,46,0,0,0,1,135,12,14,0,0,77,2,0,656,2,22,0,0,27,98,1,1
0,881,9,0,0,0,3,0,2,0,2,55,1,0,0,4,0,1,4,0,0,25,8,0,927,0,0,38,0,1,4,1,0,15,88,0,44,0,70,698,1,0,0,13,1,1,2,0,1,8,285,0,88,9,1,0,0,702,0,0,4
0,133,127,0,0,0,8,0,23,0,0,62,0,0,0,15,0,3,56,0,0,179,3,0,116,0,0,27,0,1,14,12,3,172,232,1,11,0,245,141,0,1,1,29,51,67,4,1,0,9,17,0,286,69,3,0,3,82,41,19,37
0,4,128,0,0,0,3,1,103,0,0,48,0,0,0,12,0,0,38,0,0,172,0,3,1,0,0,6,0,0,30,0,13,20,144,0,0,0,309,6,0,0,1,0,735,116,0,0,0,153,0,0,196,12,124,0,0,0,539,1,20
0,110,20,0,0,0,3,0,7,0,0,31,0,0,0,1,0,0,1,0,0,83,0,0,18,0,0,2,0,0,9,0,0,28,104,0,0,0,20,115,0,0,0,0,2,0,1,0,0,0,6,0,128,0,2,0,1,30,7,0,0
0,17,272,0,5,1,34,8,38,0,0,47,1,7,2,24,3,7,68,0,0,304,4,5,59,0,24,59,0,4,165,223,11,230,101,3,33,0,55,171,8,21,23,108,99,216,15,1,22,8,21,1,80,79,24,0,35,72,56,99,413
3,1,2,5,5,1,1,3,0,2,0,0,6,3,2,0,12,2,0,0,5,0,4,16,0,0,3,1,13,0,1,29,1,4,0,6,1,1,0,2,37,2,5,1,1,2,0,7,2,0,0,4,0,0,1,4,1,0,1,14,34
0,4,10,0,1,0,195,4,23,0,1,6,5,3,0,395,1,2,418,0,1,13,16,30,9,2,4,92,1,18,5,9,178,12,3,7,27,0,6,38,18,12,1,78,11,10,933,1,4,2,30,0,4,8,667,1,7,16,5,2,33
0,59,10,0,0,0,1,0,4,0,0,171,0,0,0,7,0,17,27,0,0,4,1,0,105,0,0,0,0,0,0,5,0,1,656,0,46,0,734,64,1,0,0,6,15,30,0,0,0,5,1,0,363,34,3,0,0,19,1,0,0
0,0,12,0,0,2,0,105,0,1,3,3,0,5,0,0,0,2,5,0,0,2,13,0,1,0,0,1,1,37,0,51,7,8,0,2,0,2,4,0,1,4,0,1,1,4,0,3,0,0,3,0,1,2,1,0,0,2,2,1,2
0,0,3,8,43,1,0,1,0,0,0,17,59,5,0,0,116,3,1,30,1,0,0,10,0,8,11,0,3,1,6,10,5,0,0,2,0,0,0,1,131,9,39,0,2,0,0,2,3,0,0,235,0,0,0,1,27,0,0,1035,1
0,0,0,0,0,16,0,0,0,14,0,0,0,0,38,0,0,0,0,0,0,0,0,1,0,140,0,0,0,1,0,20,0,1,0,0,0,468,0,0,0,4,0,0,0,0,0,0,0,0,0,0,0,0,0,119,0,0,0,0,0
3,0,9,3,1,4,0,8,1,4,61,1,3,1,10,0,0,6,0,0,20,6,29,10,4,8,1,7,14,218,0,231,2,83,0,12,1,35,0,8,3,19,10,2,1,8,3,50,1,0,2,1,1,0,1,228,1,2,7,2,0
99,0,5,7,193,7,0,7,1,3,3,3,16,161,1,3,2145,33,1,273,38,0,0,3,0,17,14,0,11,18,24,29,3,0,0,12,1,26,0,0,373,1,118,0,1,0,1,10,17,1,0,234,0,1,0,97,28,0,2,305,3
9,3,94,8,14,3,0,31,2,6,11,0,5,5,4,1,66,21,0,10,105,1,16,3,9,0,21,4,16,603,3,42,19,15,0,3,11,1,0,40,33,10,426,6,2,8,0,39,11,2,3,48,0,2,0,26,76,1,5,44,12
2,0,3,0,2,1,17,3,2,0,16,0,48,6,0,3,96,360,3,11,3,2,4,1,1,16,25,19,2,9,5,11,5,0,0,1,5,1,0,1,23,2,214,12,3,2,7,229,36,3,1,4,0,1,249,8,219,2,2,79,8
0,406,60,0,0,0,129,0,6,0,9,17,5,1,0,63,0,15,48,0,0,180,36,1,511,0,2,191,0,21,11,1,2,92,81,0,125,0,96,337,0,6,1,91,6,22,229,1,0,2,370,0,46,51,12,0,0,540,3,1,23
0,0,61,0,0,0,0,1,12,0,0,14,0,0,0,0,0,1,1,0,0,54,0,0,0,0,0,3,0,0,347,0,2,13,20,1,0,0,4,0,0,0,0,0,61,51,0,0,2,0,0,2,4,11,5,0,0,0,49,2,228
0,0,2,0,3,0,0,0,3,0,1,1,1,0,0,1,0,0,0,0,0,1,1,0,0,0,57,0,2,1,0,1,6,0,0,1,0,0,1,3,4,0,2,0,0,0,0,1,19,0,0,0,0,0,0,0,6,0,0,2,4
0,0,5,0,9,0,4,7,11,0,1,4,3,0,0,8,6,3,0,0,0,2,2,1,2,0,272,13,1,3,0,4,28,0,0,3,3,0,0,15,15,1,13,9,2,2,0,2,204,1,3,0,1,0,0,1,6,3,1,7,36
0,0,0,0,0,0,0,0,0,0,2,0,1,0,0,1,0,0,0,0,0,0,1,0,0,0,11,0,0,0,0,0,0,0,0,0,3,0,0,0,0,0,0,0,1,0,0,0,16,0,1,0,0,0,0,0,1,0,0,0,0
1,0,1,8,28,0,0,17,0,1,0,7,2,4,2,1,1,0,0,1,47,0,0,505,0,0,6,0,17,7,3,305,40,1,0,7,0,1,0,0,47,4,7,0,1,1,0,104,12,0,0,60,0,0,3,1,0,0,1,8,1
0,15,8,0,0,1,168,0,7,0,0,2,0,1,0,386,0,0,395,0,0,5,7,5,18,0,0,30,0,10,1,0,60,3,7,1,10,0,9,24,2,0,0,39,0,6,494,0,0,1,17,0,3,3,280,1,0,24,1,0,2
0,132,2,0,0,0,4,0,1,0,160,5,28,7,0,3,0,91,0,0,0,6,87,0,217,0,1,113,0,42,0,0,0,0,47,0,410,0,26,11,0,0,0,89,0,5,0,1,0,111,247,0,5,355,1,0,1,72,0,0,2
5,0,0,2,13,4,0,12,0,3,0,0,0,5,0,0,1,0,0,1,2043,0,0,3,0,1,1,0,6,12,0,11,0,0,0,2,0,6,0,0,5,5,27,3,0,0,0,1,0,0,0,20,0,0,0,9,0,0,0,0,0
2,0,183,0,0,2,3,7,0,1,10,0,2,0,5,0,1,0,1,0,2,2,47,3,0,2,3,1,0,10,1,106,4,101,0,0,0,2,0,1,5,84,53,2,2,273,3,5,0,0,1,2,1,0,0,14,2,1,239,2,1
1,0,1,2,36,0,0,3,0,0,2,1,18,405,0,3,378,12,0,82,1,0,1,0,0,114,14,0,2,0,98,23,4,0,0,4,30,0,0,0,451,3,26,0,0,3,4,0,7,0,0,100,0,0,2,2,24,0,4,100,84
0,0,0,4547,234,0,0,1,0,0,0,0,1,0,0,0,0,0,0,0,1,0,0,0,0,0,2,0,1688,0,0,0,0,0,0,2750,0,0,0,0,1,0,0,0,0,0,0,0,0,0,0,0,0,0,0,0,0,0,0,3,0
4,1,4,3,0,0,2,3,3,1,16,1,8,1,4,1,0,7,0,0,21,3,47,12,2,11,1,3,32,16,0,27,6,30,1,13,0,4,0,11,3,128,5,3,0,3,3,415,2,0,3,0,6,0,4,8,1,1,28,2,5
0,11,4,0,0,1,1,0,8,0,307,2,52,0,120,2,0,20,1,0,1,3,8,2,7,0,5,24,6,2,4,1,1,0,7,1,10,0,2,29,6,7,4,1,7,2,5,350,8,19,24,0,7,2,7,0,29,13,6,0,2
0,122,81,0,0,0,103,0,18,0,177,3,77,69,0,25,0,132,43,0,0,111,231,0,228,0,2,558,0,274,14,18,8,28,10,0,297,0,20,97,8,35,3,475,7,56,141,2,278,103,508,0,2,202,4,0,33,266,4,18,151
3,86,239,0,6,3,224,17,31,0,317,8,113,261,0,62,4,350,124,1,0,83,321,5,206,12,110,777,1,267,18,167,30,39,26,3,431,1,36,295,215,84,26,739,10,137,55,5,119,128,447,3,5,199,31,1,237,411,3,46,667
0,32,2,0,0,0,385,0,149,0,1508,0,653,47,0,5,0,715,3,0,0,5,959,1,11,0,6,128,1,64,0,11,11,0,3,1,630,0,1,2,12,1,0,72,0,11,6,0,18,1083,98,2,0,212,6,0,74,13,0,0,9
2,0,0,0,0,13,0,0,0,6,81,0,1,0,19,3,0,0,0,0,0,0,0,3,0,96,0,0,0,0,0,38,0,4,0,0,0,522,0,0,0,4,1,1,0,0,2,0,0,0,0,0,0,0,0,385,0,0,0,0,0
14,0,26,0,0,1,0,15,1,15,3,1,0,1,145,0,0,1,1,1,19,1,133,6,1,8,3,0,14,29,0,291,11,917,1,2,0,14,0,2,1,1212,102,4,1,137,1,60,1,0,1,0,1,0,1,58,0,0,759,2,0
0,0,0,3,450,0,0,40,0,0,0,0,1,1611,0,0,57,1,1,1723,22,0,0,6,0,6,1,0,18,0,328,336,8,0,0,10,1,3,0,0,237,9,9,0,2,1,0,36,0,0,0,631,0,0,0,15,0,0,32,26,13
0,7,234,0,2,0,2,6,32,0,7,155,25,1,0,10,1,84,10,0,0,177,3,23,7,0,29,16,2,3,1534,1,27,30,113,0,92,0,164,10,3,0,41,8,192,793,6,32,24,10,3,154,66,718,38,1,393,1,81,27,268
0,0,27,0,51,2,1,15,43,0,7,9,6,0,0,34,7,10,1,1,3,3,2,32,3,0,1584,6,6,4,12,0,603,0,2,4,9,0,1,15,114,4,122,2,10,9,0,23,358,3,3,8,1,6,3,0,427,4,2,75,10
1,0,35,0,111,4,8,316,209,1,9,14,20,12,0,221,89,82,2,14,5,8,4,12,1,7,2145,12,5,5,30,1,222,1,2,6,11,1,4,19,360,1,326,9,11,7,5,182,1629,6,9,8,1,6,7,6,354,8,0,52,29
0,0,1,0,11,0,0,20,29,0,8,8,3,30,0,139,10,10,0,1,1,0,4,4,0,9,473,4,6,2,5,1,0,0,0,1,1,0,0,1,89,0,13,1,0,0,3,3,349,7,2,0,0,0,4,0,34,0,0,4,5
0,0,1,0,2,0,8,1,4,0,5,1,12,0,0,7,3,52,1,0,0,6,0,1,1,0,103,9,0,0,6,0,1,1,1,1,9,0,1,3,4,0,23,6,4,8,1,209,79,1,0,1,1,3,7,0,75,5,0,2,3
0,99,98,0,0,0,1,0,38,0,0,21,0,0,0,2,0,0,10,0,0,801,0,0,12,0,0,40,0,1,175,0,2,153,76,0,3,0,28,46,0,0,0,14,121,49,2,0,0,2,2,0,61,5,2,0,3,15,129,2,123
0,0,1,0,0,0,0,0,3,0,0,5,0,0,0,4,0,2,7,0,0,12,0,0,1,0,0,1,0,0,3,0,0,1,31,0,7,0,43,2,0,0,0,1,351,95,0,0,0,4,0,0,16,91,1,0,0,0,2,0,0
1,3,8,0,0,0,0,405,0,1,3,1,0,3,9,1,0,4,0,0,23,0,40,12,2,5,1,0,6,163,1,38,1,83,2,0,4,2,1,9,1,73,3,310,0,10,0,710,0,1,4,1,2,4,0,37,0,1,21,0,2
0,0,0,164,154,0,0,66,0,0,1,10,2,3,0,1,2,0,0,3,12,0,0,15,0,0,5,0,281,2,1,19,5,0,0,107,3,1,0,0,10,0,4,0,1,0,1,18,3,0,1,35,0,0,0,0,0,0,5,14,3
0,0,0,17,329,0,0,20,0,0,0,0,2,192,0,0,18,0,0,424,18,0,0,0,0,0,4,0,6,1,5,15,0,0,0,2,0,1,0,0,250,0,6,0,0,0,0,2,0,0,0,1129,0,0,0,2,1,0,0,164,1
0,33,36,6,101,1,10,796,138,0,60,68,79,31,2,9,25,50,33,15,2,29,86,22,24,0,28,99,10,14,92,21,14,37,42,6,70,0,19,106,175,11,41,27,165,32,6,57,21,53,119,22,50,13,18,2,53,88,142,26,21
0,57,22,0,2,67,461,7,269,0,10,33,14,3,0,717,0,10,968,6,0,27,56,960,22,0,10,36,0,21,7,2,771,11,35,4,40,0,37,38,2,67,29,58,18,40,401,4,4,21,3,0,58,40,288,145,293,25,14,6,11
1730,0,0,0,0,1145,0,0,0,2284,0,0,0,0,1484,0,0,0,0,0,101,0,0,5,0,613,0,0,2,3,0,1,0,0,0,0,0,48,0,0,0,2,0,0,0,0,0,1,0,0,0,0,0,0,0,51,0,0,0,0,0
2,0,0,0,0,27,0,0,0,26,0,0,0,0,40,0,0,0,0,1,8,0,0,1,0,719,0,0,0,0,0,2,0,0,0,0,0,1400,0,0,0,2,0,0,0,0,0,1,0,0,0,0,0,0,0,8,0,0,0,0,0
26,1,1,1,3,15,0,29,0,36,9,0,0,3,38,1,0,3,0,0,45,0,39,68,0,21,1,2,12,371,1,368,1,308,0,7,2,216,0,2,4,85,7,4,0,3,1,108,0,0,0,0,4,0,0,1689,0,1,1,0,2
22,0,2,22,1122,10,0,89,0,6,0,10,7,672,6,0,399,25,1,881,73,0,0,8,0,8,22,0,30,70,146,140,1,0,0,17,0,120,0,0,570,2,70,0,2,0,0,14,11,1,0,1131,0,0,2,67,17,1,1,84,2
35,0,0,1,43,15,0,5,0,24,0,0,0,11,3,0,1,0,0,27,376,0,0,1,0,1,0,0,3,56,1,4,0,1,0,2,0,6,0,1,12,4,27,1,0,0,0,5,0,0,0,44,0,0,0,30,0,0,0,1,0
0,3,25,0,0,0,5,1,8,0,0,8,1,2,0,3,0,0,2,0,0,31,5,2,11,0,1,38,0,21,14,3,3,26,6,0,18,0,11,4,3,4,0,45,23,50,5,0,0,3,13,0,9,39,10,0,4,7,7,6,52
0,0,13,0,2,0,2,0,5,0,0,18,1,0,0,2,0,2,10,0,0,109,7,10,0,0,5,29,0,20,36,0,4,9,0,0,2,0,2,11,0,3,0,20,26,27,3,0,5,0,0,2,1,5,61,0,2,2,10,1,87
0,2,4,0,1,1,29,0,4,0,98,3,63,13,0,7,0,40,14,1,0,22,91,3,2,0,13,286,0,538,1,0,2,0,0,0,48,0,0,15,37,1,2,241,6,2,31,0,31,33,53,0,1,9,52,0,15,11,0,0,73
2,1,7,0,16,7,1,15,1,2,3,17,6,11,2,1,23,36,0,17,287,0,1,63,0,1,11,2,2,14,14,12,4,3,0,0,2,1,0,1,12,179,846,1,6,3,4,32,8,0,1,24,0,1,5,5,133,0,2,87,8
0,0,21,0,0,1,0,1,11,0,0,1171,0,2,0,2,0,5,6,0,0,4,5,72,0,0,14,3,0,2,87,2,328,3,2,0,6,0,47,2,0,3,11,4,286,345,2,2,11,2,1,0,6,152,64,1,29,1,10,167,29
0,0,0,0,0,0,67,0,0,0,146,1,565,3,1,26,1,41,0,0,0,5,245,0,0,0,2,39,0,19,1,0,5,0,0,108,21,0,0,2,2,0,0,13,1,0,121,0,3,97,40,0,1,6,23,3,2,3,0,0,3
869,0,1,0,1,1257,0,5,0,592,1,0,1,0,332,150,2,3,0,0,54,0,0,2,0,358,0,0,2,3,0,2,0,0,0,0,0,48,0,0,0,0,41,1,0,1,0,2,0,0,0,1,0,0,0,33,1,0,0,0,4
0,0,0,0,0,9,0,0,0,2,1,0,0,0,4,5,1,1,0,0,3,0,0,0,0,41,1,0,0,0,0,2,0,0,0,0,0,74,0,0,0,0,1,0,0,0,0,0,0,0,0,0,0,0,0,5,0,0,0,0,0
