0.6062,0.40018,0.13195,0.94476,0.36351,0.47078,0.21299,0.39535,0.29486,0.75144,0.45264,0.49367,0.38075,0.45467,0.64626,0.30483,0.63013,0.18583,0.43201,0.41121,0.6196,0.31135,0.43057,0.48069,0.31845,0.29638,0.4442,0.27833,0.79508,0.27372,0.44107,0.166,0.34292,0.30126,0.28835,0.89709,0.25719,0.48034,0.29826,0.29857,0.17931,0.58954,0.31336,0.29212,0.3027,0.22799,0.32985,0.28951,0.5292,0.60723,0.21087,0.28553,0.30087,0.30578,0.33511,0.58323,0.23402,0.30868,0.31632,0.42553,0.24851
0.40966
0,101,60,0,0,0,12,0,534,0,0,151,0,0,0,54,0,0,80,1,0,77,0,0,21,0,0,0,0,0,12,0,0,22,395,0,1,0,433,47,0,0,0,1,139,11,5,0,0,69,3,0,695,1,19,0,0,24,94,2,0
0,896,10,0,0,0,3,0,2,0,4,39,0,1,0,4,0,1,2,0,0,23,5,0,806,0,0,33,0,0,8,0,0,16,83,1,33,0,62,733,1,0,0,4,1,0,1,0,1,4,250,0,91,9,2,0,0,864,0,0,4
0,143,120,0,0,0,7,0,20,0,0,53,0,0,0,12,0,8,36,6,0,186,1,0,136,0,0,17,0,0,26,3,6,184,255,1,15,0,228,120,0,0,1,19,58,27,3,0,0,7,15,0,323,70,4,0,3,88,54,18,31
0,4,130,0,0,0,3,0,114,0,0,49,0,0,0,6,0,3,30,0,0,157,0,3,1,0,0,3,0,0,25,0,17,9,145,0,0,0,302,4,0,0,1,0,728,123,0,0,0,148,0,0,245,12,112,0,1,0,545,0,18
0,105,20,0,0,0,1,0,7,0,0,28,0,0,0,2,0,0,1,0,0,97,0,0,14,0,0,1,0,0,21,0,0,14,123,0,0,0,20,108,0,0,0,0,3,0,1,0,0,0,6,0,118,0,2,0,0,31,6,0,0
0,19,261,0,3,0,22,7,36,0,1,46,0,12,2,20,3,30,57,46,1,302,3,10,84,0,21,43,2,3,125,120,16,388,103,5,38,0,68,94,8,29,40,72,85,202,14,1,20,7,21,3,111,89,26,0,35,73,72,105,382
2,1,0,6,3,1,1,5,0,3,0,0,4,4,1,0,9,2,0,2,8,0,3,14,0,0,4,2,5,5,0,34,1,6,0,5,2,3,0,2,38,3,4,2,0,7,0,4,2,0,0,3,0,0,1,4,2,0,1,13,29
0,8,8,0,3,0,196,2,29,0,1,8,2,5,0,458,1,3,463,4,1,10,22,30,12,2,4,92,0,11,7,5,170,16,4,8,26,0,6,27,18,9,4,71,10,11,820,1,8,0,7,0,9,6,691,1,9,23,1,0,39
0,43,8,0,0,0,2,0,5,0,0,196,0,1,0,8,0,39,23,0,0,4,2,0,112,0,0,1,0,0,0,2,0,5,656,0,46,0,720,65,0,0,0,2,13,9,0,0,0,9,10,0,349,30,3,0,0,25,1,1,0
0,0,6,0,0,1,0,105,0,1,5,1,0,1,0,0,0,0,4,0,0,2,0,2,1,0,0,1,0,17,0,46,10,45,1,4,0,2,4,0,0,4,0,1,1,5,0,6,0,0,3,0,1,2,1,0,1,1,4,3,3
0,0,2,10,35,0,0,1,0,0,0,11,59,5,0,0,108,5,1,38,1,0,0,15,0,8,11,0,3,2,8,13,3,0,0,2,0,0,0,0,126,11,57,0,2,2,0,0,4,0,0,211,0,0,0,1,13,0,0,1060,2
0,0,0,0,0,16,0,0,0,12,0,0,0,0,39,0,0,0,0,0,0,0,0,1,0,147,0,0,0,0,0,21,0,0,0,0,0,456,0,0,0,2,0,0,0,0,0,0,0,0,0,0,0,0,0,128,0,0,0,0,0
3,1,8,3,1,2,2,7,1,7,65,1,3,0,11,0,0,0,0,0,20,5,12,28,1,6,0,5,9,108,1,225,3,159,0,15,2,36,0,7,15,22,4,1,1,8,3,76,1,0,0,1,1,0,2,236,1,6,10,1,0
106,0,7,8,164,9,0,7,1,2,2,3,16,165,3,3,2150,37,2,305,33,1,0,3,0,17,10,0,10,31,21,29,1,0,0,17,2,31,0,0,358,0,137,0,2,0,0,7,18,1,0,224,0,1,0,78,33,0,2,288,4
10,3,44,3,8,4,0,27,1,5,13,1,2,6,3,2,61,32,0,18,56,1,7,3,11,1,22,3,9,727,3,44,29,84,1,5,12,1,0,32,37,13,366,5,2,7,1,14,15,3,6,17,1,3,0,30,64,2,5,59,15
2,0,1,0,1,2,10,6,1,0,24,0,28,8,0,3,83,385,2,9,5,1,4,1,2,9,25,22,0,5,7,9,4,0,0,0,6,0,0,0,11,1,235,23,2,2,1,288,31,1,1,3,0,3,225,13,257,2,0,22,2
0,415,60,0,0,0,136,0,9,0,15,13,1,0,0,87,0,7,33,0,0,185,23,2,507,0,2,150,0,21,38,0,4,91,97,0,107,0,93,404,0,2,1,65,11,16,206,1,1,6,293,0,41,46,15,0,0,622,2,1,21
0,0,80,0,0,0,0,2,12,0,0,13,0,0,0,0,0,3,1,0,0,65,0,0,0,0,0,1,0,0,200,0,2,12,12,1,0,0,2,0,0,0,1,0,60,80,0,0,2,0,0,2,5,18,6,0,0,0,49,1,319
0,0,3,0,3,0,0,0,2,0,1,0,0,0,0,1,0,0,0,0,0,1,1,0,1,0,56,0,2,0,0,1,4,0,0,1,1,0,1,1,4,0,5,0,0,1,0,0,19,0,0,0,0,0,0,0,9,0,0,1,5
0,0,9,0,15,0,5,2,8,0,2,1,3,0,0,10,6,2,1,0,0,1,1,2,3,0,283,13,1,6,0,5,13,6,1,1,3,0,0,9,18,1,11,4,2,11,0,1,207,2,4,0,1,0,0,0,3,4,1,6,29
0,0,0,0,0,0,0,0,0,0,1,0,1,0,0,0,0,0,0,0,0,0,0,0,0,0,10,1,0,0,0,0,0,0,0,0,3,0,0,0,2,0,0,0,2,1,0,0,16,0,1,0,0,0,0,0,0,0,0,0,0
1,0,2,5,25,0,0,16,0,1,1,3,2,4,1,1,1,0,0,1,36,0,0,439,0,0,8,0,12,28,1,457,53,1,0,8,0,1,0,0,53,3,10,0,0,10,0,8,13,0,0,42,0,0,1,1,0,0,1,11,2
0,17,9,0,0,0,171,0,8,0,0,1,0,1,0,406,0,0,447,0,0,6,7,2,21,0,0,30,0,9,1,0,66,5,6,3,12,0,10,25,1,1,0,25,0,4,412,0,0,1,6,0,1,4,288,1,0,36,1,0,2
0,25,2,0,1,0,4,0,2,0,187,5,18,6,0,1,0,38,1,0,0,7,86,0,216,0,1,156,0,40,0,0,0,0,44,0,423,0,27,15,0,0,0,72,0,0,0,1,0,96,431,0,3,290,1,0,0,82,0,0,1
5,0,0,2,12,3,0,12,0,1,0,0,0,7,0,0,1,0,0,5,2036,0,0,3,0,1,1,0,4,30,0,16,0,1,0,3,0,6,0,0,5,4,16,4,0,0,0,2,0,0,0,14,0,0,0,7,0,0,0,0,0
2,0,181,0,0,1,4,8,1,0,16,0,2,1,7,0,1,4,0,0,1,2,46,2,0,3,1,1,0,1,0,102,0,115,0,1,1,1,0,0,6,74,54,1,3,265,2,15,0,0,1,4,1,2,0,14,2,0,240,0,3
1,0,3,2,34,0,1,5,0,0,5,0,16,425,0,0,347,18,0,61,1,0,1,2,0,120,18,0,0,0,119,22,2,0,0,3,27,0,0,0,422,7,27,0,0,1,3,0,7,0,0,110,0,0,2,1,21,0,4,120,87
0,0,0,4327,253,0,0,1,0,0,0,0,0,0,0,0,0,0,0,0,1,0,0,0,0,0,1,0,1649,0,0,0,0,0,0,2990,0,0,0,0,1,0,0,0,0,1,0,0,0,0,0,1,0,0,0,0,0,0,0,3,0
2,1,2,5,0,0,2,5,3,2,16,0,4,1,3,0,1,7,1,0,18,4,23,10,3,17,1,4,19,10,0,37,1,20,0,13,1,4,0,12,4,87,5,2,0,9,1,514,1,1,2,0,2,1,2,8,2,1,22,0,3
0,13,4,0,0,0,3,1,8,0,305,0,56,0,121,3,0,25,0,0,0,2,5,1,6,0,6,19,5,2,6,0,2,3,5,2,9,0,1,26,2,2,12,2,5,6,2,366,6,15,19,0,5,2,10,0,24,16,6,0,2
0,73,95,0,0,0,97,0,23,0,186,1,63,64,0,30,0,72,27,4,0,113,185,0,211,0,1,579,0,231,31,14,8,60,12,0,305,0,24,191,8,28,4,500,7,30,374,1,109,101,516,2,3,188,6,0,30,282,4,20,129
2,84,235,0,6,3,222,13,22,0,397,7,103,253,1,48,5,335,104,53,1,81,247,6,229,13,114,781,0,232,32,144,26,141,29,4,435,0,40,281,182,94,28,749,10,94,71,8,104,152,439,3,14,189,34,1,218,442,4,53,627
0,1,0,0,0,0,387,0,123,0,1362,0,795,27,0,6,0,430,1,0,0,5,986,1,11,0,5,195,1,80,0,4,16,0,1,1,635,0,1,7,13,1,0,73,0,4,20,0,18,1311,155,1,0,186,7,0,59,13,0,0,8
0,0,1,0,0,11,0,0,0,8,76,0,1,0,22,3,0,0,0,0,1,0,3,7,0,105,0,0,0,0,0,32,0,0,0,0,0,504,0,0,1,6,1,0,0,0,2,0,0,0,0,0,0,0,0,397,0,0,0,0,0
11,0,29,1,1,0,0,13,1,18,4,0,0,1,147,1,0,3,3,0,18,1,135,5,1,8,2,0,9,21,0,311,4,886,0,6,0,14,0,1,3,1195,85,3,1,142,1,111,1,0,1,0,0,1,1,62,0,0,756,0,0
0,0,0,2,437,0,0,50,0,0,0,0,1,1640,0,0,62,2,1,1496,30,0,0,6,0,6,1,0,18,0,347,336,1,0,0,7,0,2,0,0,256,4,9,0,1,0,0,7,2,0,0,845,0,0,0,5,1,0,26,22,14
0,7,244,0,2,0,4,9,40,0,5,194,11,2,0,7,1,413,8,2,0,201,1,22,14,1,24,7,3,3,1306,1,26,31,112,0,88,0,169,5,1,0,72,15,221,562,1,2,31,9,3,156,52,725,39,0,329,2,146,17,320
0,0,38,0,47,2,0,17,50,0,8,8,2,0,0,31,5,13,1,4,3,5,3,20,2,0,1398,6,2,2,12,0,523,3,1,9,6,0,2,6,122,5,146,3,7,22,0,12,395,3,6,12,1,10,3,1,615,2,0,90,3
0,0,47,0,117,3,6,303,190,0,9,11,18,9,0,142,91,99,3,31,8,11,3,12,4,7,2209,11,3,5,27,7,164,2,1,18,8,0,4,14,396,1,293,14,14,13,6,131,1794,2,9,9,2,9,6,5,285,4,2,51,22
0,0,2,0,9,0,0,18,14,0,9,7,4,26,0,36,11,15,0,0,1,1,3,4,0,10,529,3,3,1,4,0,0,1,0,11,1,0,0,0,105,0,18,3,0,5,2,2,394,7,3,0,0,0,3,0,20,0,0,4,7
0,0,2,0,1,0,7,0,10,0,5,1,5,0,0,9,2,72,4,0,0,6,1,2,2,0,102,6,0,0,4,0,0,0,1,0,6,0,1,3,1,0,25,15,3,3,0,146,87,0,0,1,2,7,11,0,113,3,0,0,3
0,79,113,0,0,0,2,1,45,0,0,22,0,0,0,2,0,0,7,0,0,812,0,0,13,0,1,17,0,0,192,0,2,140,69,0,3,0,29,36,0,0,1,10,118,43,0,0,0,1,0,0,66,8,4,0,1,21,164,1,113
0,1,1,0,0,0,0,0,4,0,0,5,0,0,0,2,0,13,7,0,0,12,0,0,1,0,0,2,0,0,9,0,0,1,32,0,7,0,49,1,0,0,0,0,335,86,0,0,0,3,0,0,14,95,1,0,0,0,3,0,0
1,1,5,0,0,0,0,404,0,2,3,0,0,1,10,0,0,1,0,0,27,0,15,5,1,5,1,0,4,49,0,35,1,165,2,4,1,2,1,4,2,64,0,306,0,12,0,806,0,1,6,0,4,5,0,35,0,3,13,1,4
0,0,2,164,164,0,0,66,0,0,0,5,2,4,0,0,0,0,0,1,8,0,1,13,0,0,4,0,237,3,1,31,3,1,0,145,1,0,0,0,16,0,5,0,0,2,0,10,3,0,1,33,0,1,1,0,1,0,2,20,1
0,0,0,17,295,0,0,16,0,0,0,0,3,184,0,0,15,0,0,512,17,0,0,0,0,0,4,0,5,7,6,10,0,0,0,1,0,1,0,0,284,1,7,0,0,0,0,1,0,0,0,1045,0,0,0,1,1,0,0,175,1
0,40,42,5,102,2,12,833,161,0,61,72,90,30,2,10,30,41,32,12,4,27,41,22,27,0,29,86,8,8,83,21,10,54,38,6,50,0,16,113,174,9,47,30,158,33,6,75,21,44,141,23,67,15,17,1,53,75,102,20,25
0,146,20,0,2,53,387,3,288,0,9,28,5,3,0,713,1,18,1077,12,0,30,66,896,30,0,9,36,0,17,7,2,799,10,32,2,37,0,39,22,3,81,33,57,14,38,347,1,3,20,4,0,55,37,282,130,291,24,10,9,12
1624,0,0,0,0,1289,0,0,0,2219,0,0,0,0,1478,0,0,0,0,0,98,0,0,5,0,664,0,0,2,2,0,2,0,0,0,0,0,37,0,0,0,0,0,0,0,0,0,0,0,0,0,0,0,0,0,50,0,0,0,0,0
2,0,0,0,0,23,0,0,0,23,0,0,0,0,48,0,0,0,0,0,5,0,0,1,0,695,0,0,0,0,0,3,0,0,0,0,0,1429,0,0,0,1,0,0,0,0,0,1,0,0,0,0,0,0,0,6,0,0,0,0,0
22,1,1,2,2,16,0,20,0,34,9,0,0,0,43,0,0,0,1,0,39,0,26,107,1,22,0,2,9,223,0,423,0,180,0,13,0,203,0,3,35,73,3,5,0,6,0,132,0,0,2,0,4,0,1,1871,0,2,3,0,0
17,0,2,17,1024,11,0,93,0,6,0,7,10,672,5,1,393,20,0,938,59,0,0,6,0,13,19,0,31,118,151,156,0,1,0,16,0,117,0,0,612,1,62,0,2,0,0,14,12,1,0,1127,0,1,1,47,14,0,2,84,1
37,0,0,1,28,16,0,7,0,21,0,0,0,13,3,0,1,0,0,42,370,0,0,1,0,2,0,0,4,81,0,5,0,4,0,1,0,6,0,1,11,2,16,1,0,0,0,5,0,0,0,30,0,0,0,31,0,0,0,1,0
0,6,26,0,0,0,4,1,7,0,3,6,0,1,0,4,0,3,4,3,0,33,2,1,15,0,0,37,0,18,6,1,3,35,10,0,23,0,17,7,2,2,0,48,24,38,4,0,1,2,8,0,8,37,10,0,2,7,12,6,45
0,0,12,0,2,0,2,1,5,0,0,24,1,0,0,2,0,3,8,2,0,103,4,9,1,0,3,31,0,17,26,0,4,12,1,0,1,0,1,5,1,2,2,19,21,50,3,0,4,0,0,2,3,5,66,0,2,2,13,0,79
0,4,3,0,1,1,34,0,5,0,90,3,61,9,0,8,0,15,15,1,0,22,58,2,8,0,10,359,0,445,4,0,1,1,1,0,65,0,0,16,40,0,4,317,3,8,35,0,15,39,35,0,0,6,62,0,10,13,0,0,70
3,1,1,0,15,8,2,14,2,1,5,16,6,14,1,0,21,37,0,28,323,0,2,66,0,3,11,1,3,14,14,17,4,8,0,0,1,1,0,1,12,180,868,2,5,3,3,10,8,0,1,20,0,2,6,3,72,0,0,96,8
0,0,16,0,0,0,0,1,16,0,1,1014,0,0,0,5,0,28,5,1,1,4,6,70,1,0,8,4,0,2,66,1,324,3,2,0,5,0,44,3,0,2,15,3,331,448,1,0,7,2,1,1,11,249,56,2,28,0,7,105,23
0,0,1,0,0,0,66,0,1,0,102,0,689,1,1,35,0,28,0,0,0,2,250,0,1,0,3,45,0,17,4,0,4,0,0,0,20,0,0,4,3,0,1,14,0,3,135,0,9,91,37,0,1,6,32,3,1,4,0,0,2
826,0,0,0,1,1255,0,5,0,585,1,0,1,0,329,158,1,3,0,0,52,0,0,2,0,416,0,0,2,4,0,4,0,0,0,0,1,45,0,0,0,0,34,1,0,1,0,4,0,0,0,2,0,0,0,29,1,0,0,1,3
0,0,0,0,0,6,0,0,0,2,0,0,0,0,6,5,1,1,0,0,3,0,0,0,0,44,1,0,0,0,0,2,0,0,0,0,0,73,0,0,0,0,0,0,0,0,0,0,0,0,0,0,0,0,0,5,1,0,0,0,0
