0.60499,0.3946,0.13068,0.94282,0.35936,0.46327,0.22346,0.40038,0.30096,0.75424,0.45554,0.49567,0.37773,0.45427,0.65265,0.29696,0.63281,0.18812,0.42973,0.40987,0.62129,0.31359,0.42328,0.48097,0.32184,0.30522,0.43764,0.27939,0.79829,0.26947,0.44304,0.1621,0.32589,0.28962,0.28879,0.90786,0.26168,0.48119,0.29306,0.30058,0.18055,0.58611,0.30168,0.294,0.29975,0.21522,0.3289,0.29091,0.52991,0.60723,0.20786,0.28796,0.30579,0.30644,0.33542,0.58331,0.22345,0.30458,0.31539,0.42626,0.24533
0.40868
0,100,57,0,0,0,15,0,533,0,0,151,0,0,0,53,0,0,74,0,0,80,0,0,18,0,0,0,0,0,11,0,0,21,395,0,1,0,426,48,0,0,0,1,138,12,7,0,0,72,3,0,703,1,22,0,0,25,93,2,2
0,906,9,0,0,0,2,0,3,0,3,40,0,1,0,4,0,1,3,0,0,24,5,0,812,0,0,33,0,0,8,0,0,14,85,0,33,0,63,728,1,0,0,4,1,0,1,0,1,5,258,0,92,8,1,0,0,844,0,0,4
0,153,117,0,0,0,8,0,23,0,0,51,0,0,0,11,0,8,34,7,0,188,1,0,130,0,0,14,1,0,26,3,8,183,253,0,12,0,240,124,0,0,1,19,56,33,4,0,0,8,15,0,317,71,4,0,2,79,48,17,35
0,3,131,0,0,0,3,0,109,0,0,50,0,0,0,6,0,3,29,0,0,160,0,2,1,0,0,3,0,0,19,0,18,8,145,0,0,0,308,4,0,0,1,0,723,125,0,0,0,159,0,0,237,11,118,0,0,0,545,0,17
0,114,20,0,0,0,1,0,7,0,0,27,0,0,0,1,0,0,2,0,0,90,0,0,13,0,0,1,0,0,21,0,0,15,119,0,0,0,21,109,0,0,0,0,3,0,1,0,0,0,6,0,120,0,1,0,0,30,7,0,0
0,19,256,0,3,1,27,10,35,0,1,50,0,10,2,22,1,32,59,40,1,305,2,11,87,0,22,40,1,2,131,104,16,409,99,4,37,0,74,94,7,21,40,70,88,196,15,1,19,8,18,4,105,82,26,0,32,80,71,104,392
2,1,0,2,5,0,1,6,0,2,0,0,4,3,2,0,7,2,0,2,7,0,3,16,0,0,3,2,4,2,0,39,0,5,0,6,2,4,0,2,38,2,5,1,0,6,0,4,2,0,0,6,0,0,1,4,2,0,1,12,33
0,8,8,0,2,0,168,2,29,0,1,10,1,4,0,479,0,3,457,4,1,10,20,30,12,1,4,83,0,13,7,5,177,17,3,8,27,0,5,28,20,11,5,65,9,13,840,1,6,0,7,0,9,7,695,1,7,22,1,0,36
0,43,7,0,0,0,2,0,6,0,0,192,0,1,0,6,0,36,25,0,0,4,2,0,110,0,0,1,0,0,0,2,0,3,657,0,43,0,718,61,0,0,1,3,13,11,0,0,0,8,11,0,364,31,4,0,0,23,2,0,0
0,0,10,0,0,1,0,104,0,1,5,1,0,4,0,0,0,0,4,0,0,2,5,2,1,0,0,1,0,10,0,51,8,41,0,2,0,1,4,0,0,4,0,1,1,4,0,8,0,0,4,0,1,2,1,0,1,1,4,2,3
0,0,3,11,33,0,0,0,0,0,0,12,61,5,0,0,109,5,1,34,4,0,0,14,0,8,9,0,4,1,10,12,4,0,0,2,0,0,0,0,132,13,53,0,1,1,0,0,4,0,0,212,0,0,0,1,14,0,0,1055,2
0,0,0,0,0,18,0,0,0,12,0,0,0,0,37,0,0,0,0,0,0,0,0,0,0,156,0,0,0,0,0,22,0,0,0,0,0,448,0,0,0,4,0,0,0,0,0,0,0,0,0,0,0,0,0,125,0,0,0,0,0
5,1,10,2,2,3,1,8,2,5,63,2,3,0,13,0,1,0,0,0,21,5,14,22,3,6,0,5,9,94,1,237,3,159,0,13,1,37,0,7,18,18,2,0,1,12,3,77,1,0,0,1,1,0,2,236,0,6,10,0,0
101,0,7,8,166,8,0,9,1,2,2,3,14,170,1,2,2156,32,1,313,28,1,0,4,0,20,10,0,9,31,21,32,2,0,0,15,1,28,0,0,372,1,141,0,2,0,0,7,17,1,0,223,0,1,0,73,31,0,2,277,3
11,2,47,4,6,5,1,35,1,6,14,1,2,5,2,2,65,33,0,19,49,1,11,1,10,1,19,4,9,699,3,49,29,113,2,4,10,1,0,30,37,8,370,4,2,9,1,14,14,0,4,16,1,3,0,30,69,0,5,54,12
2,0,1,0,3,1,8,4,1,0,19,0,27,6,0,2,94,381,2,8,6,1,7,2,1,8,28,26,0,5,8,9,5,0,0,0,5,0,0,1,11,1,244,23,2,1,2,278,27,1,0,5,0,3,224,11,259,0,0,22,3
0,420,61,0,0,0,135,0,7,0,12,13,1,2,0,89,0,7,34,0,0,188,22,2,506,0,1,142,0,19,35,0,4,94,98,0,105,0,95,392,0,2,2,69,10,17,211,2,2,6,306,0,40,48,15,0,0,615,2,1,18
0,0,79,0,0,0,0,2,12,0,0,14,0,0,0,0,0,3,1,0,0,61,0,0,0,0,0,1,0,0,218,0,2,11,11,1,0,0,3,0,0,0,0,0,63,71,0,0,4,0,0,1,5,16,7,0,0,0,47,0,316
0,0,3,0,2,0,0,0,1,0,1,0,0,0,0,1,0,0,0,0,0,1,1,0,1,0,56,0,2,0,0,1,5,0,0,1,1,0,1,1,5,0,8,0,0,0,0,0,21,0,0,0,0,0,0,0,6,0,0,1,4
0,0,7,1,15,0,5,2,10,0,1,1,3,0,0,9,6,1,1,1,0,0,0,2,3,0,277,14,0,6,0,4,18,7,0,2,3,0,0,10,18,0,13,5,2,10,0,0,207,2,4,0,3,0,0,1,6,4,1,5,27
0,0,0,0,0,0,0,0,0,0,1,0,1,0,0,0,0,0,0,0,0,0,0,0,0,0,12,0,0,0,0,0,0,0,0,0,3,0,0,0,1,0,0,0,1,1,0,0,17,0,1,0,0,0,0,0,0,0,0,0,0
0,0,1,8,23,0,0,16,0,1,1,3,2,5,1,1,1,0,0,2,36,0,0,467,0,0,8,0,12,30,1,450,28,1,0,6,0,1,0,0,54,4,10,0,0,7,0,6,16,0,0,47,0,0,1,1,0,0,1,9,2
0,18,7,0,0,0,158,0,8,0,0,1,0,1,0,416,0,0,429,0,0,5,7,5,21,0,0,30,0,9,1,0,61,4,6,3,10,0,9,22,1,1,0,25,0,4,437,0,0,1,6,0,2,4,295,1,0,34,1,0,3
0,24,1,0,1,0,3,0,2,0,191,6,21,5,0,2,0,38,1,0,0,7,85,0,213,0,1,153,0,39,0,0,0,0,44,0,420,0,25,13,0,0,0,77,0,2,0,1,0,95,432,0,6,298,1,0,0,74,0,0,1
6,0,0,1,12,2,0,14,0,1,0,0,0,7,0,0,1,0,0,6,2031,0,0,3,0,1,1,0,5,34,0,15,0,1,0,2,0,5,0,0,5,5,15,3,0,0,0,3,0,0,0,14,0,0,0,8,0,0,0,0,0
2,0,180,0,0,4,2,7,1,0,15,0,2,1,6,0,1,4,2,0,1,2,51,4,0,3,1,1,0,2,2,100,1,110,0,1,1,1,0,0,7,74,49,1,2,262,2,11,0,0,2,5,0,2,0,11,2,0,250,0,4
1,0,3,2,36,0,1,4,0,0,4,0,17,426,0,1,352,18,0,58,1,0,3,0,0,121,15,0,1,0,119,21,3,0,0,3,27,0,0,0,414,6,28,0,0,1,3,0,7,0,0,110,0,0,2,1,22,0,3,119,92
0,0,0,4353,243,0,0,1,0,0,0,0,0,0,0,0,0,0,0,0,1,0,0,0,0,0,1,0,1678,0,0,0,0,0,0,2946,0,0,0,0,1,0,0,0,0,0,0,0,0,0,0,1,0,0,0,0,0,0,0,3,0
2,1,2,4,0,0,2,7,3,2,13,0,5,1,4,0,1,7,0,0,19,5,35,11,2,12,1,3,19,13,0,41,2,20,0,13,1,4,0,10,4,97,5,2,0,8,1,492,1,0,4,0,2,1,2,7,1,1,23,0,3
0,12,4,0,0,0,2,0,8,0,308,0,53,0,120,4,0,25,0,0,1,1,5,3,6,0,5,20,5,2,6,1,1,4,5,1,8,0,1,30,4,3,8,3,5,5,4,363,7,12,19,0,5,2,9,0,27,17,6,0,1
0,74,94,0,0,0,98,0,20,0,184,2,64,53,0,28,0,69,36,3,0,113,180,1,215,0,2,575,0,242,33,15,8,69,14,0,307,0,22,179,6,36,5,507,7,30,375,1,113,102,513,1,1,184,6,0,28,289,4,19,115
1,88,245,0,7,3,214,13,24,0,391,8,97,261,0,52,3,327,116,52,1,80,242,4,237,10,105,782,0,239,31,144,31,146,33,3,440,0,39,284,167,96,33,750,8,97,64,7,114,153,440,3,14,192,33,2,199,446,4,53,617
0,1,0,0,0,0,395,0,122,0,1373,0,777,27,0,5,0,434,2,0,0,5,982,1,9,0,5,192,1,78,1,4,16,0,1,1,644,0,1,8,13,1,0,71,0,8,16,0,19,1311,156,1,0,180,4,0,61,15,0,0,9
0,0,0,0,0,15,0,0,0,7,88,0,1,0,21,3,0,0,0,0,0,0,2,5,0,108,0,0,0,0,0,32,0,0,0,0,0,495,0,0,2,5,0,0,0,0,2,0,0,0,0,0,0,0,0,395,0,0,0,0,0
11,0,24,2,1,0,0,14,0,19,3,0,0,1,148,0,0,2,1,0,18,2,143,4,1,8,2,0,11,24,0,316,8,859,0,5,0,15,0,1,4,1198,76,3,2,150,1,115,1,0,1,0,1,2,1,64,0,0,756,0,0
0,0,0,5,453,0,0,53,0,0,0,0,1,1644,0,0,56,1,1,1487,28,0,0,4,0,6,1,1,14,1,353,327,5,0,0,6,0,4,0,0,255,5,9,0,2,1,0,8,1,0,0,839,0,0,0,8,1,0,22,23,12
0,6,247,0,2,0,2,9,30,0,5,188,12,1,0,8,1,418,7,2,0,202,1,22,14,0,26,8,3,4,1330,2,28,28,106,0,83,0,173,4,1,0,67,13,237,526,3,3,25,8,3,152,56,718,40,0,347,1,143,16,335
0,0,31,0,47,3,0,9,42,0,8,8,3,0,0,25,7,14,1,2,3,3,3,26,1,0,1406,8,4,2,11,0,556,4,2,7,8,0,1,7,120,1,148,2,6,22,0,9,398,2,6,10,0,9,3,1,606,2,0,87,3
0,1,38,0,115,4,7,277,189,1,8,12,17,7,0,115,85,116,3,28,9,10,2,11,1,4,2130,10,3,3,26,6,185,2,1,15,8,1,5,12,416,1,321,12,12,14,3,128,1807,2,7,9,1,10,7,4,364,6,2,52,20
0,0,1,0,8,0,0,15,14,0,8,8,3,26,0,62,8,12,0,2,1,1,4,3,0,7,512,3,3,1,5,0,0,1,0,10,1,0,0,0,96,0,21,3,0,5,2,1,397,5,4,0,0,0,3,0,29,0,0,4,7
0,0,2,0,1,0,5,0,10,0,3,1,5,0,0,5,2,81,4,0,0,7,1,2,1,0,106,5,0,1,5,0,2,0,1,1,6,0,1,2,2,0,25,13,3,3,0,156,78,2,0,1,2,4,9,0,107,5,0,0,2
0,96,112,0,0,0,1,1,44,0,0,24,0,0,0,3,0,0,8,0,0,826,0,0,14,0,0,17,0,1,178,0,2,133,70,0,3,0,35,32,0,0,2,6,119,41,2,0,0,1,0,0,55,7,3,0,2,19,165,1,113
0,1,1,0,0,0,0,0,4,0,0,5,0,0,0,2,0,6,7,0,0,12,0,0,1,0,0,2,0,0,7,0,0,1,36,0,6,0,50,1,0,0,0,1,338,91,1,0,0,3,0,0,14,90,1,0,0,0,3,0,0
1,1,7,0,0,0,0,394,0,2,4,0,0,1,10,0,0,1,0,0,27,0,18,9,1,4,1,0,4,40,1,37,1,173,2,6,1,2,2,4,4,63,1,304,0,15,0,800,0,1,6,0,4,4,0,33,0,2,16,1,4
0,0,1,171,170,0,0,68,0,0,0,5,2,3,0,1,0,0,0,1,11,0,1,14,0,0,3,0,243,3,1,26,5,0,0,119,1,0,0,0,18,0,6,0,0,1,0,13,4,0,1,37,0,0,1,0,0,0,3,17,2
0,0,0,17,296,0,0,17,0,0,0,0,3,188,0,0,15,0,0,511,16,0,0,0,0,0,4,0,5,5,5,14,0,0,0,0,0,1,0,0,281,1,8,0,0,0,0,0,0,0,0,1028,0,0,0,1,1,0,0,191,1
0,42,42,4,111,2,13,834,157,0,55,72,89,26,2,11,25,38,30,14,4,33,46,23,22,0,25,90,9,11,89,22,12,48,42,5,49,0,21,114,176,6,53,30,157,34,4,70,18,38,139,21,55,16,16,1,53,80,110,23,24
0,151,19,0,2,47,402,2,281,0,10,29,6,3,0,694,0,16,1058,11,0,28,69,910,32,0,7,34,0,17,6,2,774,10,32,2,35,0,39,27,3,87,39,55,17,42,360,1,4,20,5,0,58,37,287,141,291,23,10,7,8
1625,0,0,0,0,1293,0,0,0,2225,0,0,0,0,1475,0,0,0,0,0,95,0,0,5,0,650,0,0,2,5,0,3,0,0,0,0,0,38,0,0,0,0,0,0,0,0,0,0,0,0,0,0,0,0,0,54,0,0,0,0,0
2,0,0,0,0,26,0,0,0,23,0,0,0,0,45,0,0,0,0,0,7,0,0,1,0,702,0,0,0,0,0,2,0,0,0,0,0,1420,0,0,0,2,0,0,0,0,0,1,0,0,0,0,0,0,0,6,0,0,0,0,0
21,0,3,2,3,20,0,21,0,33,9,0,0,1,36,0,0,1,0,0,40,1,28,93,1,21,0,3,5,209,0,432,0,192,0,13,0,203,0,3,29,73,4,5,0,6,0,136,0,0,2,0,4,0,1,1880,0,2,2,0,1
18,0,2,19,1017,9,0,95,0,8,0,7,8,675,5,1,386,17,0,943,52,0,0,8,0,8,20,0,28,105,145,164,0,0,0,18,0,117,0,0,620,2,59,0,1,0,0,15,13,1,0,1134,0,0,1,47,18,0,2,95,1
38,0,0,1,26,16,0,8,0,23,0,0,0,13,3,0,1,0,0,41,367,0,0,1,0,1,0,0,4,81,0,4,0,6,0,1,0,6,0,1,14,1,16,1,0,0,0,5,0,0,0,31,0,0,0,30,0,0,0,1,0
0,5,27,0,0,0,4,0,8,0,2,7,0,0,0,5,0,3,2,4,0,33,2,0,14,0,0,37,0,19,7,1,2,35,11,0,23,0,18,5,3,2,0,47,24,36,4,0,0,2,9,0,7,36,12,0,2,7,11,6,50
0,0,13,0,2,0,2,1,5,0,0,23,1,0,0,2,0,3,9,1,0,109,3,9,0,0,3,33,0,18,27,0,4,9,0,0,1,0,1,4,0,2,4,18,21,53,3,0,4,0,0,2,0,5,64,0,2,2,14,0,77
0,3,3,0,1,1,36,1,5,0,93,4,59,14,0,8,0,14,15,1,0,22,58,2,7,0,11,361,0,436,3,0,2,1,1,0,65,0,0,13,38,1,4,318,2,7,39,0,19,39,35,0,1,6,59,0,8,13,0,0,70
5,2,3,0,15,8,1,13,2,2,5,18,6,16,1,0,22,40,0,30,325,0,1,69,0,2,11,1,2,15,16,19,3,5,0,0,2,1,0,1,13,182,842,3,5,3,3,8,9,0,1,20,0,2,5,3,78,0,0,97,7
0,0,13,0,0,0,0,1,11,0,1,1031,1,1,0,5,0,26,3,0,1,4,4,62,1,0,8,3,0,2,71,2,331,4,1,0,6,0,49,3,0,4,14,3,328,445,1,0,6,2,2,2,12,244,59,2,28,0,7,98,21
0,0,0,0,0,0,74,0,1,0,108,0,684,1,2,28,0,24,0,0,0,2,250,0,1,0,4,57,0,17,3,0,5,0,0,0,20,0,0,3,2,0,1,10,0,2,139,0,7,89,38,0,1,6,26,3,4,4,0,0,0
832,0,0,0,1,1293,0,6,0,573,1,0,1,0,319,158,0,3,0,1,55,0,1,2,0,390,0,0,2,4,0,2,0,0,0,0,1,44,0,0,1,0,32,0,0,1,0,5,0,0,0,2,0,0,0,32,1,0,0,1,3
0,0,0,0,0,8,0,0,0,2,0,0,0,0,5,5,1,2,0,0,2,0,0,0,0,42,1,0,0,0,0,2,0,0,0,0,0,74,0,0,0,0,0,0,0,0,0,0,0,0,0,0,0,0,0,5,1,0,0,0,0
