0.62118,0.30726,0.14127,0.93694,0.36095,0.5197,0.32136,0.34055,0.27455,0.73333,0.5061,0.50971,0.27334,0.41738,0.66292,0.27322,0.61793,0.34509,0.31322,0.55103,0.65616,0.33499,0.17707,0.5048,0.42682,0.3674,0.41652,0.24924,0.714,0.19635,0.49191,0.18618,0.32591,0.31766,0.34685,0.86511,0.32841,0.511,0.31895,0.22157,0.18071,0.55829,0.31715,0.31023,0.31659,0.21891,0.35335,0.20547,0.4614,0.52203,0.20065,0.30244,0.31384,0.27636,0.2994,0.49745,0.1379,0.28701,0.37397,0.36928,0.2938
0.40657
0,149,46,0,0,0,56,0,520,0,0,179,0,0,0,63,0,0,48,0,0,79,0,0,16,0,0,5,0,0,3,0,0,86,326,0,1,0,317,55,0,0,0,2,150,5,18,0,0,96,5,0,703,1,20,0,0,19,94,1,1
0,715,11,0,0,0,0,0,2,0,10,63,4,0,0,10,0,1,6,0,0,31,9,0,1181,0,1,22,0,4,0,0,0,4,75,0,22,0,93,530,0,0,0,12,0,4,5,0,1,9,431,0,96,7,1,0,1,632,2,0,2
0,132,130,0,0,0,13,1,24,0,0,63,0,0,0,13,0,1,69,0,0,180,2,0,103,0,0,34,0,1,9,11,3,135,144,1,3,1,276,171,0,2,1,44,52,125,4,0,0,8,37,0,308,55,3,0,3,63,31,16,32
0,10,103,0,0,0,9,1,103,0,0,73,0,0,0,9,0,0,23,0,0,170,2,2,0,0,0,11,0,0,44,0,18,98,138,0,0,0,208,7,0,0,1,0,731,41,1,0,0,140,0,0,211,28,200,0,0,0,543,0,13
0,127,10,0,0,0,4,0,5,0,0,91,0,0,0,1,0,0,0,0,0,89,0,0,27,0,0,4,0,0,6,0,0,35,45,0,0,0,16,92,0,0,0,0,0,0,0,0,0,0,19,0,129,0,4,0,0,22,3,0,0
0,17,267,0,6,1,14,12,35,0,0,30,1,6,0,21,2,4,113,3,0,275,13,9,37,0,31,57,2,4,179,209,8,145,37,5,18,3,61,206,10,24,24,152,83,395,21,1,19,10,26,2,90,52,64,0,38,39,67,88,350
2,0,1,6,5,2,0,6,0,2,0,0,6,3,2,0,11,2,0,4,6,0,3,14,0,0,5,2,3,0,0,28,1,3,0,4,5,2,0,2,33,2,12,2,0,7,0,7,3,0,1,5,0,0,5,2,1,0,1,12,28
0,4,11,0,1,1,196,5,20,0,3,2,11,3,0,371,1,1,368,0,1,13,21,29,6,1,2,90,1,17,3,6,208,4,2,7,23,0,8,45,12,37,1,83,7,19,977,0,13,2,77,0,5,8,597,3,11,15,2,3,25
0,73,8,0,0,0,4,2,4,0,0,162,1,0,0,8,0,9,38,0,0,4,1,0,87,0,0,0,0,0,0,0,0,1,693,0,31,0,769,60,1,0,0,4,16,31,2,0,0,7,2,0,327,28,1,0,0,14,1,1,0
0,0,12,0,0,1,0,91,0,1,0,1,0,6,0,0,0,0,2,0,0,2,19,2,1,0,0,1,2,40,1,48,7,1,0,2,0,0,3,2,0,3,0,20,3,4,0,4,0,0,2,0,2,3,1,1,1,0,1,1,4
0,0,4,16,46,0,0,1,0,0,0,16,69,7,0,0,146,4,2,19,1,0,0,10,0,8,17,0,4,2,8,9,6,0,0,2,0,0,0,0,127,16,29,0,3,0,0,2,2,0,0,226,0,0,0,1,33,0,0,993,1
0,0,0,0,0,10,0,0,0,17,0,0,0,0,36,0,0,0,0,0,0,0,0,0,0,144,0,0,0,0,0,26,0,0,0,0,0,381,0,0,0,2,0,0,0,0,0,0,0,0,0,0,0,0,0,206,0,0,0,0,0
5,0,12,2,0,1,0,12,2,9,54,1,3,0,11,0,0,2,0,0,16,4,18,8,2,5,0,9,22,233,1,258,2,96,0,17,0,23,0,6,7,18,12,1,2,12,1,41,0,0,2,1,0,1,1,205,0,1,7,0,0
117,0,6,8,176,9,0,22,2,1,0,2,18,194,0,2,2274,50,1,173,29,0,0,3,0,23,20,0,15,4,17,24,3,0,0,10,0,17,0,1,335,1,114,0,1,1,0,12,18,1,0,249,0,2,2,47,43,32,1,264,5
8,3,63,6,7,4,0,33,1,11,6,0,3,4,4,2,74,29,2,15,49,1,18,4,8,1,31,3,8,571,4,44,24,13,0,1,7,1,0,43,33,8,528,8,3,6,1,67,9,4,2,45,0,1,0,20,63,0,4,34,17
2,0,1,0,0,4,10,21,4,0,13,0,29,8,0,5,117,411,11,6,0,1,47,4,1,12,31,16,2,10,10,3,5,0,0,1,9,1,0,1,67,3,84,13,7,2,113,488,19,5,1,3,0,1,51,9,87,0,0,31,8
0,350,65,0,0,0,87,0,3,0,9,15,16,2,0,59,0,7,95,0,0,191,55,2,568,0,1,173,0,33,3,1,1,35,75,0,76,0,124,298,0,9,1,121,6,39,250,1,1,4,430,0,60,47,5,0,0,497,2,1,32
0,0,53,0,0,0,0,2,14,0,0,10,0,0,0,0,0,1,0,0,0,55,0,1,0,0,0,7,4,0,359,0,2,44,8,0,0,2,0,4,0,0,0,0,56,19,0,0,3,0,0,5,8,14,17,0,1,0,47,2,211
0,0,2,0,3,0,0,0,3,0,1,0,1,0,0,1,0,0,0,0,0,0,2,0,0,0,66,0,2,0,1,1,4,0,0,0,0,0,1,2,3,0,0,1,0,0,0,1,18,0,0,0,0,0,0,0,6,0,0,3,2
0,0,8,0,19,0,1,7,10,0,1,5,3,0,0,11,9,1,3,0,0,0,0,3,1,0,256,12,1,3,1,4,30,0,0,0,7,0,0,18,9,1,8,9,3,4,0,2,215,2,3,0,2,1,3,1,6,1,1,5,27
0,0,0,0,0,0,0,0,0,0,0,0,1,0,0,3,0,0,0,0,0,0,1,0,0,0,11,0,0,1,1,0,0,0,0,0,4,0,0,0,0,0,0,0,0,0,0,0,14,0,1,0,0,0,0,0,1,0,0,0,0
2,0,1,7,26,0,0,18,0,0,1,6,2,3,2,1,4,0,0,5,31,0,0,514,0,0,6,0,20,0,1,277,44,0,0,6,0,0,0,0,48,2,32,0,7,0,0,105,11,0,0,62,0,0,8,2,0,0,0,8,1
0,10,6,0,0,0,259,0,8,0,0,2,3,1,0,368,0,0,268,0,0,3,7,6,19,0,0,33,0,11,1,0,68,0,5,1,5,0,9,28,1,10,0,31,0,5,559,0,0,1,35,0,1,3,242,1,0,33,1,0,2
0,201,1,0,0,0,2,0,2,0,149,2,40,10,0,2,0,102,9,0,0,7,64,0,247,0,1,96,0,47,0,1,0,0,55,0,395,0,56,14,0,0,0,48,0,8,3,0,1,125,138,0,3,363,0,0,6,81,0,0,3
5,0,0,1,7,5,0,6,0,2,0,0,0,5,0,0,1,0,0,4,1956,0,1,3,0,2,1,0,7,10,1,16,0,0,0,3,0,6,0,0,4,3,116,8,0,0,0,0,0,0,0,18,0,0,0,9,0,1,0,0,0
3,0,192,0,0,4,0,12,0,0,9,0,4,1,3,1,0,0,1,1,0,4,45,5,0,1,2,1,0,17,3,76,8,72,0,0,0,1,0,1,10,74,18,3,1,289,1,5,5,1,2,5,1,2,2,24,3,0,276,0,3
1,0,4,2,33,0,1,5,0,0,1,0,15,416,0,5,294,11,2,146,1,0,3,6,0,143,21,0,4,0,54,15,4,0,0,4,30,0,0,0,458,3,18,0,1,2,2,2,9,0,0,93,0,0,2,0,17,2,0,121,94
0,0,0,4977,264,0,0,0,0,0,0,0,1,0,0,0,0,0,0,0,0,0,0,0,0,0,2,0,1423,0,0,0,0,0,0,2559,0,0,0,0,1,0,1,0,0,0,0,0,0,0,0,0,0,0,0,0,0,0,0,0,0
3,1,4,4,0,0,2,11,3,1,13,0,11,1,3,0,1,3,0,0,25,6,76,11,2,17,1,3,39,14,0,23,10,39,4,12,1,3,0,48,4,121,11,3,0,12,1,313,2,1,2,0,2,0,7,12,1,0,26,1,5
0,7,2,0,0,0,0,0,6,0,306,1,44,0,129,2,1,9,3,0,0,1,57,4,5,0,8,12,12,1,3,1,2,3,4,2,12,0,0,62,11,5,3,3,8,2,5,303,7,26,19,1,7,1,9,3,11,11,5,1,1
1,135,83,0,0,0,48,0,15,0,173,1,127,84,0,21,0,150,79,0,0,106,294,1,198,0,2,548,0,275,10,15,6,10,17,0,238,1,37,68,7,37,3,460,5,95,114,2,269,115,494,0,8,193,5,1,45,243,2,18,183
2,75,223,0,8,2,126,16,28,0,263,5,159,256,1,51,5,388,280,10,0,67,428,5,181,7,87,657,4,244,17,101,26,14,26,1,388,2,69,238,224,106,16,846,4,223,44,3,169,111,459,3,8,186,45,12,243,325,3,49,706
0,127,2,0,0,0,385,0,149,0,1536,0,483,64,0,5,0,861,18,0,0,3,454,1,12,0,8,109,2,61,1,18,13,0,4,0,801,1,0,2,8,1,0,53,0,19,9,0,13,1019,60,1,0,265,1,20,345,12,0,0,4
2,0,1,0,0,12,0,0,0,7,85,0,1,0,24,3,0,0,0,0,1,0,0,1,0,104,0,0,0,0,0,48,0,2,0,0,0,413,0,0,1,4,0,1,0,0,2,0,0,0,0,0,0,0,0,469,0,0,0,0,0
18,0,25,1,0,4,0,22,0,13,3,1,0,1,133,0,0,0,0,5,23,2,140,4,0,6,2,0,20,46,4,115,26,865,0,1,0,14,0,2,3,1202,83,0,1,194,1,44,6,0,2,0,1,1,2,69,0,0,908,2,3
0,0,0,12,218,0,0,40,0,0,0,0,3,1460,0,1,54,1,1,2138,18,0,0,5,0,8,1,0,25,0,255,273,10,1,0,3,0,3,0,1,255,4,25,0,0,0,0,33,0,0,0,617,0,0,0,8,0,3,21,119,21
0,8,189,0,3,2,2,9,45,0,6,134,23,1,0,6,1,55,22,4,3,203,11,34,3,0,37,72,1,3,1612,0,28,137,116,0,89,11,191,16,3,1,16,9,137,588,5,40,28,10,2,198,58,650,83,0,350,1,113,86,211
0,1,44,0,48,4,0,35,48,0,7,10,9,0,0,34,11,10,8,5,3,4,4,42,1,1,1743,8,9,3,15,1,580,0,0,2,5,0,0,12,29,14,52,3,6,12,0,48,344,3,1,2,0,7,4,0,315,0,2,131,7
0,0,74,0,131,8,1,392,269,0,8,11,14,15,0,276,115,110,4,16,4,8,8,22,0,5,2173,12,8,4,40,2,232,3,2,6,11,2,4,25,150,2,192,10,13,12,3,258,1524,8,5,5,0,11,11,4,333,6,2,79,22
0,0,2,0,14,2,0,24,26,0,9,7,3,30,0,195,4,5,0,3,1,1,8,9,0,4,397,1,14,2,7,0,0,0,0,2,1,0,0,2,60,0,7,1,0,0,3,5,400,5,2,0,0,3,2,0,26,0,0,4,5
0,0,0,0,1,0,1,3,10,0,5,4,2,0,0,2,3,50,5,0,0,9,11,4,2,0,119,4,0,0,7,0,2,1,1,1,15,0,3,0,4,1,5,3,8,4,3,268,47,3,1,1,2,2,2,0,43,5,0,0,5
0,101,96,0,0,0,1,0,45,0,0,25,0,0,0,1,0,0,14,0,0,875,4,0,5,0,1,65,0,2,163,1,2,152,22,0,2,0,32,75,0,1,0,11,70,56,3,0,0,2,1,0,59,5,14,0,3,13,126,0,88
0,0,3,0,0,0,0,0,4,0,0,2,0,0,0,3,0,2,10,0,0,14,0,1,0,0,0,2,0,0,3,0,0,0,85,0,4,0,33,3,0,0,0,0,351,44,0,0,0,4,0,0,12,93,9,0,0,0,2,0,0
1,2,4,0,0,1,0,272,0,0,2,1,1,0,7,0,0,5,3,1,38,0,94,15,1,4,1,0,8,175,0,35,3,140,0,1,2,4,1,15,0,62,12,433,1,19,0,594,0,1,4,2,2,5,1,22,0,0,12,0,5
0,0,0,200,153,0,0,61,0,0,2,7,1,4,0,0,4,0,0,7,11,0,2,18,0,0,2,0,257,0,3,14,9,0,0,112,1,0,0,0,23,0,7,1,1,1,0,9,3,0,0,31,0,0,0,0,1,0,1,5,1
0,0,0,27,339,0,0,19,0,0,0,0,3,188,0,0,20,0,0,241,14,0,0,0,0,0,4,0,9,0,4,16,0,0,0,2,0,0,0,0,224,0,20,0,0,0,0,2,0,0,0,1263,0,0,0,4,1,0,0,208,1
0,44,32,8,89,3,6,661,156,0,76,54,81,37,2,12,25,49,50,66,1,21,133,34,26,0,30,86,17,17,83,24,15,30,32,7,76,0,21,141,309,11,20,23,133,52,8,60,22,53,109,15,57,15,23,1,30,49,87,18,16
0,27,18,0,3,89,626,3,289,0,12,30,13,8,0,656,1,13,737,12,0,25,13,1105,19,0,12,31,0,20,11,1,820,12,32,3,29,0,33,51,1,75,13,45,14,32,467,9,6,21,5,0,54,40,246,94,326,17,10,9,12
1848,0,0,0,0,926,0,0,0,2332,0,0,0,0,1593,0,0,0,0,0,101,0,0,3,0,568,0,0,2,1,0,1,0,0,0,0,0,35,0,0,0,0,3,0,0,0,0,1,0,0,0,0,0,0,0,56,0,0,0,0,0
2,0,0,0,0,21,0,1,0,31,0,0,0,0,56,0,0,0,0,0,9,0,0,1,0,816,0,0,0,0,0,2,0,0,0,0,0,1277,0,0,0,1,0,0,0,0,0,1,0,0,0,0,0,0,0,19,0,0,0,0,0
24,1,2,1,1,11,0,20,0,48,7,0,2,2,47,1,0,1,1,0,56,1,34,66,0,22,0,2,14,383,1,442,1,523,0,11,0,139,1,1,17,80,10,3,0,7,1,74,1,0,1,0,5,0,3,1464,0,0,5,0,2
19,0,2,33,928,8,0,64,0,7,0,6,12,652,8,0,460,25,2,952,51,0,1,11,0,25,22,0,24,6,131,158,2,0,0,16,0,17,0,0,564,0,150,0,2,1,0,19,15,1,0,1262,0,1,0,67,8,30,0,121,1
31,0,0,1,32,10,0,4,0,26,0,0,0,5,4,0,3,0,0,31,268,0,0,0,0,0,0,0,2,48,1,4,0,2,0,2,0,3,0,0,8,1,178,1,0,0,0,5,0,0,0,39,0,0,0,31,0,0,0,1,0
0,2,25,0,0,0,3,0,9,0,1,5,2,0,0,4,0,0,7,1,0,35,6,1,6,0,0,34,0,23,14,4,2,12,4,0,14,2,16,8,3,5,1,48,22,69,3,0,0,2,14,0,8,25,12,0,3,7,6,12,52
0,0,11,0,1,0,4,2,7,0,0,13,1,0,0,2,0,1,13,0,0,100,35,10,0,0,5,24,0,18,45,1,0,4,0,0,1,1,2,16,1,2,1,10,10,26,2,0,7,0,2,1,1,2,83,0,1,4,7,5,72
0,2,4,0,0,2,26,1,4,0,100,3,54,8,0,7,0,43,20,0,0,13,151,5,2,0,10,289,0,523,3,0,2,0,0,0,79,0,0,17,37,4,1,181,1,3,23,0,44,38,33,0,1,7,38,0,18,16,0,0,86
3,1,4,0,9,12,1,13,2,2,2,17,8,9,2,0,36,44,2,9,220,1,4,83,0,1,28,1,4,13,20,12,6,1,0,0,1,1,0,1,12,192,882,4,5,2,2,56,10,0,0,18,0,1,4,4,85,3,0,83,7
0,1,23,0,0,4,0,1,16,0,3,1102,1,2,0,3,0,5,13,0,0,3,1,67,0,0,15,2,0,0,114,1,269,0,46,0,8,0,27,2,1,3,5,2,385,195,3,0,12,3,2,2,7,217,145,0,28,1,6,153,24
0,1,0,0,0,0,60,2,1,0,158,0,477,2,1,15,0,25,0,0,0,5,264,0,0,0,3,98,0,17,0,1,4,0,0,150,25,0,0,0,2,0,0,10,0,0,105,1,13,111,30,1,2,5,16,6,1,4,0,0,0
876,0,0,0,0,1266,0,8,0,666,0,0,0,0,329,140,2,3,0,3,44,0,0,1,0,253,0,0,2,1,0,2,0,0,0,1,0,59,0,0,1,0,64,1,0,0,0,4,0,0,0,0,0,0,0,39,0,0,0,0,2
0,0,0,0,0,7,0,0,0,4,1,0,1,0,6,5,1,1,0,0,0,0,0,0,0,40,1,0,0,0,0,1,0,0,0,0,0,73,0,0,0,0,1,0,0,0,0,1,0,0,0,0,0,0,0,7,0,0,0,0,0
