0.61312,0.37313,0.14131,0.94333,0.3668,0.48949,0.26619,0.37718,0.29465,0.75146,0.49627,0.54101,0.32271,0.44857,0.65614,0.29031,0.62496,0.31751,0.40166,0.49871,0.62589,0.31552,0.36638,0.48457,0.37124,0.33184,0.41724,0.27928,0.72291,0.19814,0.4759,0.14326,0.31067,0.36709,0.29425,0.88471,0.25588,0.46893,0.31617,0.2801,0.1774,0.57707,0.32305,0.29124,0.30779,0.29942,0.36948,0.24756,0.48709,0.54606,0.21721,0.29229,0.30502,0.31266,0.32121,0.52498,0.14697,0.28442,0.346,0.40406,0.25494
0.41043
0,97,63,0,0,0,30,0,523,0,0,143,0,0,0,68,0,0,66,0,0,81,0,0,19,0,0,3,0,0,5,0,0,31,394,0,0,0,438,47,0,0,0,2,131,11,11,0,0,93,2,0,668,0,24,0,0,24,86,1,3
0,875,9,0,0,0,1,0,2,0,2,54,1,0,0,4,0,1,4,0,0,30,8,0,963,0,0,39,0,1,3,1,0,9,89,0,49,0,70,670,1,0,0,14,1,1,4,0,0,8,284,0,92,11,1,0,0,692,0,0,3
0,137,128,0,0,0,15,0,25,0,0,59,0,0,0,17,0,2,53,0,0,176,3,0,124,0,0,31,0,1,16,13,3,145,231,1,13,0,229,150,0,1,0,32,51,83,5,0,0,9,19,0,291,66,2,0,3,80,35,18,37
0,5,129,0,0,0,4,1,102,0,0,48,0,0,0,12,0,0,38,0,0,171,0,3,0,0,0,7,0,0,34,0,15,38,157,0,0,0,292,6,0,0,1,1,727,100,0,0,0,157,0,0,195,13,130,0,0,0,526,1,25
0,118,20,0,0,0,4,0,6,0,0,41,0,0,0,1,0,0,1,0,0,90,0,0,16,0,0,3,0,0,7,0,0,27,90,0,0,0,18,112,0,0,0,0,2,0,1,0,0,0,6,0,129,0,2,0,1,29,5,0,0
0,14,274,0,4,1,36,7,38,0,0,40,1,7,0,24,3,6,71,0,0,293,3,8,63,0,27,54,0,5,187,232,10,182,108,3,31,0,50,184,13,29,22,123,104,239,14,1,18,7,23,0,86,76,27,0,32,66,44,96,400
2,0,1,5,4,1,1,2,0,1,0,0,6,3,0,0,13,2,0,0,7,0,4,16,0,0,5,2,14,1,1,29,1,2,0,4,1,2,0,2,36,2,9,1,1,4,0,7,1,0,1,5,0,0,1,3,1,0,2,13,32
0,4,11,0,0,0,180,4,23,0,1,4,10,3,0,400,0,2,401,0,1,14,15,34,7,1,3,87,1,17,5,6,172,8,3,8,30,0,7,39,17,12,2,75,10,12,954,0,6,2,36,0,7,5,680,1,6,17,3,3,33
0,62,9,0,0,0,2,0,4,0,0,151,0,0,0,7,0,15,30,0,0,5,1,0,104,0,0,0,0,0,0,6,0,1,670,0,48,0,743,65,1,0,0,8,13,27,0,0,0,6,1,0,365,30,3,0,0,12,1,0,0
0,0,10,0,0,1,0,106,0,1,4,4,0,1,0,0,0,2,4,0,0,2,10,1,1,0,0,1,1,43,0,51,8,6,0,2,0,1,3,1,0,4,0,1,0,3,0,7,0,0,3,0,0,2,1,0,1,1,4,1,3
0,0,3,12,48,1,0,0,0,0,0,15,56,5,0,0,112,3,1,27,1,0,0,8,0,7,11,0,4,2,5,8,4,0,0,2,0,0,0,1,130,9,41,0,2,0,0,2,3,0,0,233,0,0,0,1,38,1,0,1034,0
0,0,0,0,0,11,0,0,0,17,0,0,0,0,39,0,0,0,0,0,0,0,0,0,0,134,0,0,0,0,0,19,0,1,0,0,0,449,0,0,0,2,0,0,0,0,0,0,0,0,0,0,0,0,0,150,0,0,0,0,0
3,1,5,2,3,3,1,10,1,5,58,1,2,0,11,0,0,2,0,0,21,3,29,11,4,5,0,7,28,216,1,237,2,90,0,12,1,39,0,6,3,22,11,4,1,11,3,50,1,0,1,1,0,0,1,205,1,2,8,1,0
103,0,7,8,204,6,0,8,1,0,2,4,14,161,1,4,2138,38,1,215,39,0,0,3,0,14,11,0,11,17,21,22,3,0,0,14,3,28,0,0,367,1,118,2,2,0,1,11,14,1,0,234,0,1,0,95,33,49,2,315,2
9,3,71,6,9,3,1,31,3,8,12,0,3,4,3,1,61,25,0,10,90,1,16,4,8,0,23,3,17,595,4,44,24,10,0,1,15,1,0,39,36,12,459,6,2,8,0,45,10,3,1,51,0,2,0,24,79,2,6,42,13
3,0,1,0,1,0,19,5,1,0,21,0,46,7,0,5,90,388,2,8,5,2,5,2,1,11,32,17,1,8,6,6,5,0,0,0,6,0,0,0,26,1,161,19,2,2,8,228,31,3,1,5,0,2,248,22,239,3,0,74,9
0,405,60,0,0,0,117,0,7,0,7,14,4,2,0,66,0,14,51,0,0,177,35,2,532,0,1,189,0,22,9,1,2,61,92,0,122,0,102,321,0,6,1,119,6,26,252,1,2,2,376,0,48,49,12,0,1,514,3,1,16
0,0,60,0,0,0,0,1,12,0,0,12,0,0,0,0,0,1,1,0,0,51,0,0,0,0,0,3,0,0,356,0,3,23,18,1,0,0,3,0,0,0,0,0,63,46,0,0,1,0,0,2,4,12,5,0,1,0,37,2,231
0,0,2,0,4,0,1,0,3,0,1,1,1,0,0,1,0,0,0,0,0,1,1,0,0,0,58,0,2,1,0,1,4,0,0,0,0,0,1,0,4,0,1,0,0,0,0,1,22,0,0,0,0,0,0,0,6,0,0,1,6
0,0,8,0,9,0,4,7,11,0,2,6,2,0,0,9,6,3,1,0,0,1,0,1,2,0,272,12,1,4,0,3,26,0,0,2,3,0,0,13,16,1,13,8,2,3,0,3,206,2,3,0,1,0,0,0,8,4,1,5,33
0,0,0,0,0,0,0,0,0,0,2,0,0,0,0,1,0,0,0,0,0,0,1,0,0,0,11,0,0,0,0,1,0,0,0,0,3,0,0,0,0,0,0,0,1,0,0,0,16,0,1,0,0,0,0,0,1,0,0,0,0
2,0,1,8,27,0,0,18,0,0,1,8,2,5,1,1,1,0,0,1,43,0,0,510,0,0,9,0,14,8,2,299,35,1,0,8,0,1,0,0,48,3,10,0,1,1,0,102,14,0,0,66,0,0,3,1,0,0,1,6,1
0,14,9,0,0,1,197,0,6,0,0,1,1,1,0,388,0,0,350,0,0,5,7,5,19,0,0,30,0,11,1,1,55,0,8,1,9,0,10,23,2,1,0,42,0,6,504,0,0,1,21,0,2,2,286,1,0,22,1,0,2
0,140,2,0,0,0,3,0,1,0,155,4,42,8,0,2,0,107,1,0,0,6,88,0,218,0,1,107,0,40,0,1,0,0,46,0,408,0,25,8,0,0,0,85,0,5,0,1,0,108,230,0,5,354,1,0,1,78,0,0,1
5,0,0,2,12,4,0,10,0,3,0,0,0,6,0,0,0,0,0,3,2031,0,0,4,0,1,1,0,7,12,0,13,0,0,0,2,0,6,0,0,5,3,35,3,0,0,0,1,0,0,0,22,0,0,0,9,0,1,0,0,0
2,0,172,0,0,2,2,8,1,2,14,0,2,0,4,0,1,0,1,0,1,2,53,3,0,2,3,1,1,11,1,86,5,99,0,0,0,3,0,1,5,68,52,1,3,274,1,7,0,0,1,2,1,0,0,19,3,0,270,1,1
1,0,2,2,46,0,0,2,0,0,2,2,17,402,0,4,359,15,0,79,1,0,3,2,0,120,15,0,2,0,89,20,4,0,0,2,28,0,0,0,444,3,27,0,0,0,4,0,7,0,0,105,0,0,2,1,25,2,7,106,93
0,0,0,4711,247,0,0,0,0,0,0,0,1,0,0,0,0,0,0,0,1,0,0,0,0,0,2,0,1508,0,0,0,0,0,0,2755,0,0,0,0,1,0,0,0,0,0,0,0,0,0,0,0,0,0,0,0,0,0,0,2,0
2,1,4,5,0,0,2,3,3,2,19,1,7,1,3,0,0,5,0,0,21,5,48,15,3,18,2,3,42,16,0,26,5,30,2,14,1,4,0,11,5,121,8,5,0,5,2,396,0,0,1,0,6,0,4,11,1,2,23,2,3
0,10,3,0,0,1,1,0,8,0,315,1,52,0,118,3,0,20,0,0,0,3,9,2,5,0,5,22,7,2,4,1,1,1,6,1,10,0,2,33,6,6,4,2,7,2,3,352,8,18,25,0,6,2,9,0,29,9,6,0,1
0,123,83,0,0,0,92,0,14,0,170,1,99,74,0,26,0,138,43,0,0,111,232,0,207,0,2,559,0,261,13,19,8,21,15,0,296,0,21,89,7,33,3,481,7,73,156,2,275,100,510,0,4,196,3,0,31,255,4,23,162
2,86,238,0,4,3,211,15,28,0,298,6,147,255,1,63,6,364,142,5,0,82,328,5,200,11,117,756,2,266,20,171,29,15,32,1,423,0,39,271,215,93,17,775,11,166,56,5,128,122,459,3,8,194,34,1,248,370,3,50,645
0,40,2,0,0,0,380,0,141,0,1528,0,628,45,0,6,0,756,5,0,0,5,946,1,11,0,5,128,1,57,0,17,12,0,3,1,631,0,0,2,13,1,0,69,0,16,9,0,19,1061,94,2,0,204,6,0,83,12,0,0,10
1,0,0,0,0,12,0,0,0,6,78,0,1,0,21,4,0,0,0,0,0,0,3,3,0,95,0,0,0,0,0,40,0,1,0,0,0,509,0,0,0,4,1,1,0,0,2,0,0,0,0,0,0,0,0,399,0,0,0,0,0
14,0,23,2,0,1,0,13,1,16,3,1,0,1,144,1,0,3,1,1,16,1,140,6,1,7,2,0,17,30,1,228,15,928,1,6,1,15,0,2,1,1183,112,4,2,144,1,54,1,0,1,0,0,0,1,69,0,0,801,2,0
0,0,0,7,455,0,0,43,0,0,0,0,1,1618,0,0,56,1,1,1746,23,0,0,5,0,5,1,0,18,0,310,312,10,1,0,6,0,4,0,1,238,4,15,0,2,0,0,31,0,0,0,632,0,0,0,15,0,3,35,23,15
0,7,208,0,1,0,4,4,30,0,5,155,25,1,0,6,1,85,14,0,1,178,4,20,7,0,29,28,1,4,1570,2,28,44,110,1,86,0,134,10,2,0,36,12,163,833,3,42,25,6,5,146,71,726,39,1,364,2,66,23,298
0,0,37,0,48,3,0,14,44,0,7,11,6,0,0,41,7,10,1,1,2,4,1,33,3,0,1623,6,5,3,13,0,598,0,1,5,10,0,0,12,93,1,100,4,8,8,0,34,374,4,3,7,0,6,2,0,388,0,2,99,5
0,0,47,0,108,5,4,325,215,0,9,13,22,11,1,224,89,85,3,10,5,10,5,17,2,5,2120,13,6,6,34,2,211,1,2,8,9,0,4,22,349,1,284,12,11,10,5,208,1641,7,8,6,1,6,5,5,367,5,0,59,22
0,1,1,0,11,0,0,19,30,0,10,8,3,32,0,137,8,7,0,1,1,1,5,5,0,8,460,3,12,2,5,1,0,0,0,1,2,0,0,1,90,0,8,1,0,0,3,4,362,7,2,0,0,0,3,0,31,0,0,5,5
0,0,0,0,2,0,6,1,5,0,5,1,8,0,0,7,2,60,3,0,0,7,0,0,1,0,109,7,0,0,7,0,1,0,1,1,8,0,1,3,3,0,12,7,3,6,1,219,74,1,0,1,1,2,8,0,79,4,0,2,3
0,100,97,0,0,0,1,0,39,0,0,20,0,0,0,2,0,0,10,0,0,809,0,0,13,0,0,46,0,1,170,0,2,168,65,0,3,0,27,58,0,0,0,18,116,50,1,0,0,1,2,0,59,6,2,0,3,12,111,1,123
0,0,1,0,0,0,0,0,3,0,0,3,0,0,0,4,0,2,7,0,0,12,0,0,1,0,0,2,0,0,2,0,0,1,39,0,7,0,41,3,0,0,0,0,352,85,0,0,0,4,0,0,17,94,2,0,0,0,2,0,0
1,3,7,0,0,0,0,399,0,2,3,1,0,2,10,1,0,6,0,1,27,0,33,13,1,4,1,0,8,199,0,27,5,73,3,1,4,2,1,10,0,78,4,318,0,16,1,685,0,0,2,1,2,3,1,29,0,1,19,0,4
0,0,0,179,159,0,0,69,0,0,1,9,2,3,0,1,1,1,0,2,10,0,0,15,0,0,3,0,278,2,1,17,8,1,0,97,2,0,0,1,13,0,4,1,1,0,0,13,4,0,0,37,0,0,1,0,0,0,4,11,1
0,0,0,18,313,0,0,19,0,0,0,0,2,197,0,0,18,0,0,432,15,0,0,0,0,0,4,0,6,2,5,14,1,0,0,3,0,1,0,0,247,0,9,0,0,0,0,1,0,0,0,1141,0,0,0,1,1,1,0,157,1
0,40,30,4,107,1,6,780,140,0,66,61,79,32,2,12,25,52,32,16,2,30,82,27,22,0,27,103,17,19,84,14,14,31,42,6,69,0,18,106,184,13,38,26,168,26,8,73,25,51,115,23,48,13,19,1,51,82,155,25,14
0,52,28,0,1,71,518,4,272,0,10,31,18,4,0,722,0,12,921,7,0,27,55,958,25,0,13,37,0,21,7,1,754,10,37,4,37,0,28,35,1,57,24,54,17,36,401,5,4,20,3,0,52,38,317,160,289,21,14,7,10
1729,0,0,0,0,1096,0,0,0,2319,0,0,0,0,1496,0,0,0,0,0,100,0,0,6,0,624,0,0,2,3,0,0,0,0,0,0,0,43,0,0,0,0,1,0,0,0,0,1,0,0,0,0,0,0,0,50,0,0,0,0,0
2,0,0,0,0,25,0,0,0,28,0,0,0,0,41,0,0,0,0,0,8,0,0,1,0,739,0,0,0,0,0,1,0,0,0,0,0,1381,0,0,0,1,0,0,0,0,0,1,0,0,0,0,0,0,0,9,0,0,0,0,0
19,1,1,1,3,15,0,20,0,44,9,0,0,2,34,2,0,2,0,0,46,0,40,68,0,18,1,1,22,369,0,355,1,431,0,6,1,213,0,2,7,86,10,6,0,4,1,108,0,0,0,1,4,0,1,1576,0,2,4,0,2
21,0,2,22,1096,10,0,87,0,7,0,10,7,673,8,1,395,25,0,893,67,0,0,7,0,10,23,0,24,77,133,104,0,0,0,18,0,115,0,0,581,2,73,0,2,0,0,16,12,1,0,1156,0,0,2,68,15,28,1,91,1
35,0,0,0,40,14,0,6,0,22,0,0,0,12,3,0,1,0,0,30,353,0,0,1,0,1,0,0,2,60,1,5,0,1,0,2,0,6,0,0,11,1,52,1,0,0,0,5,0,0,0,45,0,0,0,30,0,0,0,1,0
0,3,27,0,0,0,5,1,8,0,1,6,2,2,0,4,0,0,2,0,0,32,4,1,8,0,0,36,0,21,14,3,2,23,8,0,18,0,8,4,3,3,0,45,22,57,4,0,2,1,14,0,9,37,13,0,4,6,5,6,58
0,0,14,0,2,0,4,0,6,0,0,16,1,0,0,2,0,2,8,0,0,108,8,10,0,0,5,28,0,21,34,0,2,6,0,0,2,0,2,12,1,2,1,22,30,34,3,0,5,0,0,1,0,6,63,0,1,2,8,1,81
0,2,4,0,1,1,29,1,3,0,100,3,70,11,0,7,0,37,14,0,0,19,100,5,3,0,13,292,0,510,2,0,4,0,0,0,51,0,0,13,37,1,1,235,6,3,30,0,34,32,52,0,1,9,57,0,14,11,0,0,81
1,1,3,0,18,9,1,15,1,3,2,15,6,12,2,1,25,35,1,13,254,0,2,65,0,1,13,1,1,15,14,13,4,3,0,0,2,1,0,0,11,176,880,1,7,5,3,38,10,0,1,24,0,1,8,5,130,0,1,82,7
0,0,22,0,0,1,0,2,14,0,0,1161,0,2,0,3,0,5,8,0,1,4,6,69,0,0,14,2,0,1,101,2,326,4,4,0,5,0,33,2,0,3,8,4,301,340,2,2,10,2,1,2,6,150,68,0,27,2,9,166,28
0,0,0,0,0,0,64,3,0,0,154,0,547,2,1,30,1,38,0,0,0,5,249,0,0,0,3,38,0,17,1,0,5,0,0,114,18,1,0,1,2,0,0,10,1,0,125,0,4,103,40,0,1,4,20,4,3,4,0,0,3
863,0,0,0,1,1257,0,5,0,598,1,0,1,0,331,157,1,3,0,0,49,0,0,2,0,348,0,0,3,3,0,1,0,0,0,0,0,46,0,0,0,0,56,1,0,1,0,4,0,0,0,1,0,0,0,30,1,0,0,0,3
0,0,0,0,0,9,0,0,0,2,1,0,1,0,5,5,1,1,0,0,3,0,0,0,0,38,1,0,0,0,0,2,0,0,0,0,0,74,0,0,0,0,0,0,0,0,0,1,0,0,0,0,0,0,0,6,0,0,0,0,0
