0.60255,0.38741,0.1305,0.94476,0.36774,0.4639,0.22417,0.38995,0.30045,0.75494,0.48104,0.52164,0.36042,0.44643,0.65025,0.3086,0.62634,0.26132,0.42333,0.46708,0.61221,0.31605,0.37745,0.48338,0.32901,0.31743,0.43032,0.27782,0.7901,0.24964,0.4609,0.15422,0.30543,0.32038,0.28041,0.89948,0.27047,0.47298,0.30086,0.30241,0.17635,0.57443,0.28281,0.28616,0.30271,0.28611,0.37662,0.27333,0.50384,0.58617,0.21453,0.29659,0.30322,0.29879,0.34058,0.57191,0.20634,0.3031,0.32861,0.40516,0.24837
0.41131
0,91,55,0,0,0,20,0,530,0,0,152,0,0,0,69,0,0,69,0,0,81,0,0,14,0,0,1,0,0,4,0,0,23,405,0,0,0,458,45,0,0,0,1,135,14,7,0,0,73,2,0,668,2,21,0,0,28,95,1,0
0,874,9,0,0,0,3,0,2,0,2,54,0,1,0,4,0,1,3,0,0,28,8,0,837,0,0,29,0,1,4,0,0,18,85,0,35,0,69,740,1,0,0,10,1,1,2,0,1,8,278,0,93,8,1,0,0,782,0,0,4
0,136,121,0,0,0,7,0,20,0,0,54,0,0,0,14,0,7,43,5,0,188,1,0,115,0,0,23,0,0,19,6,5,186,252,1,6,0,235,127,0,1,1,21,53,47,6,0,0,8,15,0,319,82,3,0,4,82,37,16,38
0,5,128,0,0,0,3,1,98,0,0,50,0,0,0,10,0,2,40,0,0,170,0,3,0,0,1,3,0,0,31,0,18,12,150,0,0,0,303,5,0,0,0,0,725,126,0,0,0,155,0,0,201,13,119,0,0,0,545,1,20
0,102,21,0,0,0,2,0,7,0,0,25,0,0,0,1,0,0,1,0,0,86,0,0,16,0,0,2,0,0,12,0,0,18,121,0,0,0,19,122,0,0,0,0,2,0,1,0,0,0,7,0,124,0,2,0,1,31,6,0,0
0,20,255,0,3,1,27,8,41,0,0,50,2,7,1,22,2,18,70,19,2,309,3,8,57,0,25,51,0,3,164,175,15,353,100,4,24,0,61,136,9,23,27,76,101,170,15,1,20,6,23,0,97,85,29,0,39,63,47,102,417
3,0,1,4,2,0,1,1,0,2,0,0,6,2,1,0,10,1,0,2,7,0,4,21,0,0,3,2,11,2,0,33,1,5,0,4,2,3,0,3,35,2,4,2,2,2,0,6,1,0,0,3,0,0,1,5,1,0,1,15,34
0,10,9,0,1,0,199,2,24,0,1,6,4,2,0,404,0,2,425,3,1,9,15,32,11,1,3,95,0,17,5,6,167,17,5,7,23,0,3,28,17,11,4,73,10,10,931,0,3,1,21,0,3,8,689,2,6,17,3,2,34
0,61,6,0,0,0,3,0,4,0,0,192,1,0,0,7,0,19,28,0,0,4,0,0,105,0,0,0,0,0,0,5,0,4,650,0,42,0,732,65,1,0,0,5,14,17,0,0,0,6,1,0,358,35,3,0,0,21,1,0,0
0,0,14,0,0,2,0,106,0,1,2,3,0,3,0,1,0,0,3,0,0,2,18,2,1,0,0,1,0,21,0,48,8,22,0,3,0,2,5,0,0,3,0,2,0,3,0,4,0,0,3,0,0,2,1,0,0,2,3,1,3
0,0,4,11,31,0,0,0,0,0,0,14,56,5,0,0,124,6,1,34,2,0,0,9,0,10,9,0,3,6,8,12,3,0,0,2,0,0,0,0,132,15,46,0,2,2,0,0,4,0,0,222,0,0,0,1,19,0,0,1036,1
0,0,0,0,0,17,0,0,0,14,0,0,0,0,36,0,0,0,0,0,0,0,0,0,0,152,0,0,0,1,0,20,0,0,0,0,0,452,0,0,0,3,0,0,0,0,0,0,0,0,0,0,0,0,0,127,0,0,0,0,0
3,0,10,3,1,2,1,6,2,6,61,1,3,1,12,0,0,1,0,0,23,1,19,15,1,6,0,6,13,112,1,234,1,155,0,14,2,37,0,5,14,22,5,1,1,9,2,66,1,0,6,1,1,1,1,243,0,3,9,2,0
102,0,6,7,177,7,0,7,1,0,2,3,13,171,1,1,2159,30,1,253,43,0,0,4,0,14,14,0,8,27,21,23,2,0,0,13,2,34,0,0,369,1,151,0,2,0,1,8,16,0,0,228,0,2,0,83,21,0,2,315,4
10,3,78,4,5,3,0,34,1,6,9,1,3,5,3,2,68,28,0,16,76,1,29,5,11,0,22,5,10,692,4,49,22,43,1,4,12,1,0,29,31,7,390,5,2,8,0,19,12,2,4,21,0,3,0,29,64,1,4,48,14
2,0,2,0,1,1,10,4,3,0,15,0,29,10,1,1,92,361,3,5,4,1,5,1,1,3,29,26,0,10,9,16,4,0,0,1,7,0,0,1,13,1,268,13,2,1,4,289,37,2,0,3,0,3,225,9,197,1,0,55,7
0,395,65,0,0,0,128,0,7,0,9,18,2,1,0,65,0,11,44,0,0,179,22,1,511,0,2,169,0,22,20,2,2,98,92,0,107,0,96,369,0,0,1,86,7,23,229,0,0,2,354,0,44,56,8,0,0,576,2,1,24
0,0,67,0,0,0,0,1,12,0,0,12,0,0,0,0,0,1,1,0,0,57,0,0,0,0,0,1,0,0,312,0,2,14,21,1,0,0,4,0,0,0,0,0,63,54,0,0,2,0,0,1,4,17,5,0,0,0,48,2,247
0,0,2,0,4,0,0,0,2,0,1,0,1,0,0,1,0,0,0,0,0,1,1,0,0,0,56,0,2,1,0,1,5,0,0,0,0,0,1,1,4,0,5,0,0,0,0,0,20,0,0,0,0,0,0,0,8,0,0,2,5
0,0,6,1,13,0,5,7,8,0,1,5,2,0,0,8,5,3,1,0,0,2,2,1,2,0,270,13,0,5,0,2,31,4,0,2,3,0,0,13,16,1,16,6,2,3,0,1,198,1,4,0,0,0,0,1,5,3,1,6,38
0,0,0,0,0,0,0,0,0,0,1,0,1,0,0,0,0,0,0,0,0,0,0,0,0,0,12,0,0,0,0,0,0,0,0,0,3,0,0,0,1,0,1,0,1,0,0,0,17,0,1,0,0,0,0,0,0,0,0,0,0
2,0,1,7,23,0,0,15,0,1,1,7,2,5,2,1,1,0,0,1,41,0,0,496,0,0,8,0,11,21,3,319,44,1,0,8,0,1,0,0,52,5,8,0,0,4,0,101,12,0,0,45,0,0,2,0,0,0,1,7,4
0,19,9,0,0,0,168,0,7,0,0,2,0,1,0,387,0,2,405,0,0,4,6,7,19,0,0,31,0,11,2,0,61,2,5,1,11,0,11,25,1,0,0,37,0,5,478,0,0,0,14,0,2,3,282,1,1,23,1,0,2
0,63,2,0,0,0,5,0,1,0,170,5,13,8,0,2,0,77,0,0,0,7,89,0,226,0,1,110,0,37,0,0,0,0,55,0,426,0,24,13,0,0,0,88,0,3,0,1,0,108,323,0,5,339,1,0,0,78,0,0,2
6,0,0,2,12,3,0,12,0,3,0,0,0,6,0,0,1,0,0,4,2046,0,1,2,0,1,1,0,5,25,0,10,0,0,0,3,0,8,0,0,5,4,15,3,0,0,0,2,0,0,0,10,0,0,0,11,0,0,0,0,0
2,0,178,0,0,2,4,8,0,1,11,0,2,1,4,0,1,1,2,0,2,1,43,3,0,2,1,1,0,3,2,96,5,109,0,0,0,2,0,1,6,84,53,2,2,269,2,7,0,1,2,2,1,0,0,14,2,1,254,0,2
1,0,3,2,32,0,1,3,0,0,3,0,18,429,0,0,356,16,0,74,1,0,1,2,0,125,14,0,1,0,112,22,4,0,0,2,27,0,0,0,418,3,36,0,0,1,3,1,9,0,0,99,0,0,2,1,20,0,6,109,88
0,0,0,4447,256,0,0,1,0,0,0,0,0,0,0,0,0,0,0,0,1,0,0,0,0,0,2,0,1724,0,0,0,0,0,0,2792,0,0,0,0,1,0,0,0,0,0,0,0,0,0,0,1,0,0,0,0,0,0,0,3,0
2,2,3,3,0,0,2,4,3,3,15,1,7,1,3,0,0,7,0,0,19,4,53,14,2,8,2,3,21,14,0,31,6,21,1,11,1,4,0,12,3,138,1,2,0,4,1,430,0,1,3,0,6,0,3,6,3,1,24,2,8
0,9,3,0,0,0,3,0,7,0,304,2,51,0,119,1,0,24,1,0,0,1,8,2,6,0,7,22,7,2,3,1,2,3,5,2,9,0,1,31,3,7,5,2,5,5,4,353,8,18,24,0,7,2,8,0,31,14,5,1,3
0,99,96,0,0,0,104,0,20,0,191,2,62,67,0,25,0,118,43,2,0,109,217,0,250,0,2,564,0,261,19,23,8,56,10,1,294,0,21,133,7,33,4,483,8,41,152,0,261,97,508,1,3,197,2,0,28,266,4,20,130
2,80,238,0,4,2,219,14,27,0,348,10,97,249,1,54,3,362,126,18,0,72,296,4,242,10,127,769,1,268,27,159,25,130,28,2,414,1,37,294,216,93,36,726,11,96,57,4,112,131,432,3,9,214,32,3,237,413,4,47,609
0,2,1,0,0,0,372,0,147,0,1459,0,692,44,0,4,0,612,4,0,0,4,964,1,11,0,6,161,1,61,1,7,14,0,2,2,654,0,1,5,13,1,0,84,0,6,7,0,18,1204,89,2,0,198,6,0,70,11,0,0,9
1,0,0,0,0,13,0,0,0,7,87,0,1,0,21,3,0,0,0,0,0,0,0,4,0,103,0,0,0,0,1,38,0,0,0,0,0,499,0,0,1,6,0,0,0,0,3,0,0,0,0,0,0,0,0,393,0,0,0,0,0
14,1,27,2,1,0,0,15,1,17,4,1,0,1,148,1,0,0,1,1,19,2,129,5,1,9,1,0,14,21,0,311,8,882,0,2,0,14,0,2,4,1231,78,4,1,144,1,67,1,0,1,0,1,0,1,61,0,1,766,1,0
0,0,0,4,442,0,0,42,0,0,0,0,1,1650,0,0,64,1,2,1660,29,0,0,8,0,5,1,0,17,2,329,342,8,1,0,4,0,4,0,0,246,4,8,0,2,1,0,35,2,0,0,643,0,0,0,13,0,0,30,23,14
0,6,219,0,1,0,2,4,32,0,6,164,18,1,0,10,1,217,8,4,0,191,2,19,13,0,28,10,3,5,1509,1,31,26,126,0,79,0,154,7,1,1,60,8,208,731,3,4,20,8,4,158,52,692,39,1,370,3,104,36,266
0,0,36,0,49,1,0,16,36,0,8,6,4,0,0,26,6,9,1,3,3,2,4,26,3,0,1458,5,6,2,15,1,609,1,2,3,7,0,0,10,124,2,146,3,7,18,0,14,368,5,3,7,0,7,3,0,540,1,1,75,5
1,0,34,0,116,5,7,309,206,0,9,12,13,8,0,141,83,104,3,23,8,10,4,11,2,3,2140,15,2,5,29,3,218,1,2,6,9,1,5,14,374,2,386,12,11,12,3,151,1705,6,8,10,0,8,6,5,323,8,2,52,19
0,0,1,0,9,0,0,18,24,0,9,8,2,28,0,83,6,10,0,2,1,0,3,3,0,11,498,3,4,1,6,1,0,1,0,1,2,0,0,0,101,0,18,2,0,2,2,4,374,7,2,0,0,0,3,0,33,0,0,6,7
0,0,1,0,1,0,7,0,6,0,4,1,4,0,0,5,3,78,2,0,0,6,1,1,2,0,121,8,0,0,8,0,0,0,2,1,7,0,2,4,1,0,25,13,3,6,1,164,74,2,0,4,1,5,7,0,84,4,0,1,2
0,110,107,0,0,0,1,0,37,0,0,16,0,0,0,1,0,0,10,0,0,817,0,0,10,0,0,19,0,2,179,0,2,148,83,0,3,0,29,42,0,1,0,11,126,42,1,0,0,1,0,0,60,8,2,0,1,10,137,1,119
0,0,1,0,0,0,0,0,3,0,0,5,0,0,0,4,0,7,6,0,0,12,0,0,1,0,0,1,0,0,4,0,0,1,29,0,7,0,43,2,0,0,0,1,350,90,0,0,0,3,0,0,14,96,1,0,0,0,3,0,0
1,2,6,0,0,1,0,408,0,1,3,1,0,1,10,1,0,1,0,0,25,0,75,12,1,3,1,0,4,76,0,44,1,108,2,5,2,5,1,5,1,63,1,310,0,17,0,738,0,1,6,0,3,5,1,36,0,1,19,0,4
0,0,1,163,156,0,0,67,0,0,1,9,2,3,0,1,1,0,0,3,12,0,0,15,0,0,3,0,261,2,1,20,6,0,0,122,1,0,0,0,18,0,5,0,1,0,1,20,3,0,1,33,0,0,0,0,0,0,4,13,3
0,0,0,16,295,0,0,19,0,0,0,0,2,192,0,0,18,0,0,429,17,0,0,0,0,0,4,0,5,4,4,12,0,0,0,2,0,1,0,0,278,0,6,0,0,0,0,1,0,0,0,1141,0,0,0,1,2,0,0,159,1
0,32,33,6,104,1,10,815,149,0,57,67,70,31,2,13,23,41,23,15,3,26,88,18,22,0,30,103,10,14,105,20,14,40,39,5,69,0,19,97,192,11,47,25,163,29,6,57,22,44,136,21,44,14,15,1,60,91,121,23,20
0,127,24,0,1,49,410,3,265,0,10,35,17,3,0,707,0,12,1027,12,0,30,57,945,29,0,10,34,0,19,5,2,737,12,33,4,33,0,35,27,2,74,50,57,18,43,385,2,1,21,3,0,58,38,284,168,286,18,13,5,10
1657,0,0,0,0,1296,0,0,0,2255,0,0,0,0,1439,0,0,0,0,1,88,0,0,6,0,626,0,0,2,2,0,0,0,0,0,0,0,43,0,0,0,1,0,0,0,0,0,2,0,0,0,0,0,0,0,52,0,0,0,0,0
2,0,0,0,0,27,0,0,0,26,0,0,0,0,39,0,0,0,0,1,6,0,0,2,0,712,0,0,0,0,0,3,0,0,0,0,0,1409,0,0,0,2,0,0,0,0,0,1,0,0,0,0,0,0,0,7,0,0,0,0,0
22,1,4,3,0,25,0,23,0,38,9,0,0,1,37,1,0,0,0,0,40,1,35,101,0,20,0,5,5,223,0,413,0,177,0,13,0,209,0,3,32,81,4,4,0,3,0,108,0,0,3,0,3,0,1,1885,0,1,2,0,3
22,0,2,21,1044,9,0,88,0,8,0,10,8,711,5,0,396,20,1,900,63,0,0,8,0,4,21,0,25,111,131,139,0,0,0,16,0,119,0,0,604,1,69,0,1,0,0,20,13,1,0,1129,0,0,1,60,11,1,2,88,1
37,0,0,1,35,17,0,6,0,21,0,0,0,15,4,0,1,0,0,32,369,0,0,1,0,2,0,0,3,76,0,5,0,2,0,2,0,5,0,1,17,2,17,1,0,0,0,6,0,0,0,32,0,0,0,30,0,0,0,1,0
0,4,25,0,0,0,5,0,7,0,1,7,0,2,0,4,0,1,2,2,0,33,5,2,16,0,1,38,0,21,11,2,3,33,8,0,13,0,13,7,3,2,1,43,23,43,4,0,0,3,11,0,8,41,11,0,4,6,8,6,49
0,0,12,0,2,0,2,0,7,0,0,20,1,0,0,2,0,2,9,0,0,110,8,10,0,0,4,28,0,20,37,0,4,13,1,0,1,0,2,6,1,3,0,17,26,35,3,0,3,0,0,0,1,8,59,0,3,1,8,1,84
0,1,4,0,1,1,27,1,4,0,88,3,56,12,0,7,0,26,13,0,0,19,91,3,4,0,11,347,0,503,3,0,2,2,1,0,50,0,0,13,38,1,3,283,6,1,28,0,22,30,41,0,1,8,56,0,11,14,0,0,63
4,1,4,0,15,8,1,15,1,2,4,16,6,16,2,0,20,44,0,29,342,0,2,56,0,3,10,2,1,14,17,15,4,5,0,0,3,1,0,0,17,191,808,1,7,1,5,11,12,0,1,26,0,1,5,3,98,0,1,87,5
0,0,20,0,0,0,0,1,12,0,1,1145,1,1,0,2,0,25,4,0,1,2,5,64,1,0,11,2,0,0,95,2,307,6,2,0,5,0,49,2,0,4,12,2,290,412,2,0,6,1,1,0,10,110,57,3,30,0,7,184,26
0,0,0,0,0,0,70,0,0,0,124,0,646,1,1,29,1,30,0,0,0,3,240,0,1,0,2,60,0,23,2,0,4,0,0,37,23,0,0,2,2,2,0,11,1,0,122,0,6,97,33,0,2,5,25,3,3,3,0,0,2
854,0,0,0,2,1298,0,6,0,573,1,0,0,0,316,162,1,3,0,1,48,0,0,2,0,369,0,0,2,3,0,2,0,0,0,1,0,48,0,0,0,0,33,1,0,1,0,2,0,0,0,1,0,0,0,33,1,0,0,1,2
0,0,0,0,0,7,0,0,0,2,1,0,1,0,5,4,1,1,0,0,0,0,0,0,0,41,1,0,0,0,0,2,0,0,0,0,0,76,0,0,0,0,3,0,0,0,0,0,0,0,0,0,0,0,0,5,0,0,0,0,0
