0.61622,0.36835,0.14512,0.93951,0.36631,0.50139,0.26127,0.36919,0.29244,0.74729,0.49968,0.53703,0.30835,0.43752,0.657,0.28536,0.63214,0.32687,0.3949,0.50434,0.63278,0.31491,0.35854,0.49072,0.39033,0.33031,0.42417,0.27421,0.7238,0.1936,0.47377,0.15287,0.30384,0.35983,0.30727,0.88505,0.26478,0.48242,0.31892,0.25915,0.17123,0.57835,0.33358,0.29236,0.31066,0.27401,0.36665,0.24179,0.488,0.53566,0.21333,0.29528,0.30686,0.32395,0.31973,0.5102,0.14707,0.29029,0.34726,0.40274,0.26478
0.4104
0,104,58,0,0,0,38,0,522,0,0,148,0,0,0,74,0,0,61,0,0,80,0,0,18,0,0,3,0,0,4,0,0,63,354,0,0,0,418,50,0,0,0,2,132,11,9,0,0,95,2,0,680,0,23,0,1,23,88,1,2
0,859,14,0,0,0,0,0,2,0,2,58,2,0,0,7,0,0,4,0,0,30,9,0,1009,0,1,39,0,1,2,1,0,8,85,0,45,0,75,623,1,0,0,16,1,1,5,0,0,8,308,0,88,10,1,0,1,679,0,0,2
0,130,126,0,0,0,12,0,28,0,0,56,0,0,0,15,0,2,51,0,0,185,1,0,119,0,0,30,0,1,13,12,3,141,226,1,14,0,229,159,0,0,0,44,46,99,4,0,0,9,19,0,296,66,4,0,3,74,33,16,37
0,5,108,0,0,0,4,1,94,0,0,51,0,0,0,16,0,0,36,0,0,169,0,3,0,0,0,10,0,0,35,0,13,56,142,0,0,0,280,8,0,0,1,0,749,80,0,0,0,157,0,0,204,23,132,0,0,0,535,1,25
0,122,19,0,0,0,4,0,6,0,0,53,0,0,0,1,0,0,0,0,0,86,0,0,20,0,0,5,0,0,7,0,0,38,73,0,0,0,18,112,0,0,0,0,2,0,1,0,0,0,6,0,121,0,2,0,1,27,5,0,0
0,12,284,0,4,1,40,10,43,0,1,38,2,8,1,24,3,7,81,0,0,289,3,9,53,0,31,54,0,4,173,250,10,171,81,2,28,0,41,211,10,25,17,138,101,302,13,2,17,5,23,0,73,68,23,0,40,56,46,88,370
2,1,1,6,2,1,1,5,0,0,0,0,6,3,2,0,10,2,0,0,7,0,3,15,0,0,5,2,10,1,1,27,0,3,0,4,1,1,0,2,40,2,8,1,2,5,0,8,1,0,0,6,0,0,1,3,1,0,1,17,31
0,5,11,0,0,1,188,3,24,0,1,3,11,3,0,391,0,2,388,0,1,11,16,31,8,1,4,94,1,18,5,9,168,3,4,7,26,0,7,41,15,15,1,76,11,17,961,1,8,2,52,0,5,5,666,1,10,15,2,3,30
0,60,10,0,0,0,3,0,3,0,0,151,0,0,0,7,0,17,30,0,0,6,1,0,103,0,0,0,0,0,0,0,0,1,668,0,49,0,745,59,1,0,0,8,13,24,0,0,0,6,0,0,375,32,3,0,0,13,1,1,0
0,0,9,0,0,1,0,110,1,1,5,3,0,2,0,0,0,4,4,0,0,2,8,0,0,0,0,1,2,42,0,50,8,5,0,2,0,1,3,2,0,3,0,1,1,4,0,3,0,0,3,0,2,3,1,0,0,1,4,1,2
0,0,3,13,46,1,0,1,0,0,0,14,62,6,0,0,116,3,2,31,1,0,0,8,0,8,10,0,4,1,7,10,4,0,0,2,0,0,0,0,125,9,39,0,2,0,0,2,3,0,0,229,0,0,0,1,37,0,0,1029,1
0,0,0,0,0,11,0,0,0,18,0,0,0,0,37,0,0,0,0,0,0,0,0,0,0,120,0,0,0,1,0,21,0,0,0,0,0,439,0,0,0,2,0,0,0,0,0,0,0,0,0,0,0,0,0,173,0,0,0,0,0
3,1,5,3,2,2,1,9,3,7,59,1,2,0,11,0,0,2,0,0,20,4,26,10,3,6,0,8,26,223,0,246,2,72,0,11,1,34,0,7,6,24,11,1,1,9,2,57,0,0,1,1,0,0,1,206,1,5,8,2,0
100,0,6,10,213,4,0,7,1,1,1,4,13,169,3,5,2179,39,1,203,40,0,0,3,0,17,14,0,8,19,20,17,3,0,0,13,0,29,0,0,372,1,103,2,2,1,0,8,13,0,0,230,0,1,1,72,36,52,3,307,3
8,3,68,6,8,4,0,29,3,9,11,0,4,4,2,2,66,26,0,10,87,0,17,4,7,0,22,5,12,587,3,48,23,16,0,2,9,1,0,37,37,11,472,11,2,11,0,45,10,4,1,48,2,1,0,26,72,0,5,42,16
3,0,2,0,1,2,21,5,1,0,21,0,52,10,1,2,99,397,2,7,5,2,6,1,1,17,34,17,0,7,6,1,4,0,0,0,7,0,0,0,34,1,130,28,4,3,11,240,22,3,1,5,0,1,239,23,227,1,1,73,7
0,400,63,0,0,0,110,0,7,0,7,13,5,2,0,69,0,12,54,0,0,180,36,2,536,0,1,196,0,25,8,1,2,46,89,0,126,0,109,314,0,6,2,118,7,29,255,1,1,2,384,0,48,56,8,0,0,495,2,1,22
0,0,54,0,0,0,0,1,13,0,0,11,0,0,0,0,0,1,1,0,0,51,0,0,0,0,1,3,0,0,354,0,3,35,17,1,0,0,1,0,0,0,0,0,64,41,0,0,3,0,0,1,4,14,5,0,0,0,37,2,231
0,0,2,0,4,0,1,0,2,0,1,1,1,0,0,2,0,0,0,0,0,0,1,0,0,0,59,0,2,1,0,1,4,0,0,0,0,0,1,1,4,0,1,0,0,0,0,1,23,0,0,0,0,0,0,0,5,0,0,1,5
0,0,9,0,10,0,5,5,12,0,2,5,2,0,0,8,7,3,2,0,0,0,0,1,0,0,269,14,1,4,0,4,31,0,0,2,4,0,0,14,17,1,12,10,2,6,0,3,202,2,3,1,1,0,0,1,6,2,1,7,26
0,0,0,0,0,0,0,0,1,0,2,0,0,0,0,1,0,0,0,0,0,0,0,0,0,0,10,0,0,0,0,1,0,0,0,0,4,0,0,0,1,0,0,0,1,0,0,0,15,0,1,0,0,0,0,0,1,0,0,0,0
2,0,1,7,28,0,0,19,0,0,1,6,2,5,2,1,1,0,0,1,44,0,0,511,0,0,9,1,13,7,3,287,41,1,0,7,0,0,0,0,48,4,8,0,2,3,0,106,11,0,0,68,0,0,2,1,0,0,1,8,1
0,14,9,0,0,0,214,0,6,0,0,1,2,1,0,388,0,0,325,0,0,5,6,7,18,0,0,31,0,11,1,1,54,0,6,1,9,0,9,22,1,1,0,37,0,7,515,0,0,1,26,0,2,3,285,1,1,22,1,0,2
0,142,1,0,0,0,4,0,2,0,156,3,45,9,0,2,0,119,6,0,0,6,85,0,218,0,1,109,0,45,0,1,0,0,48,0,395,0,27,12,0,0,0,77,0,4,1,1,0,113,208,0,5,357,1,0,2,76,0,0,1
5,0,0,1,12,5,0,12,0,2,0,0,0,6,0,0,0,0,0,4,2023,0,0,3,0,2,1,0,7,12,0,10,0,1,0,2,0,5,0,0,5,5,36,3,0,0,0,1,0,0,0,26,0,0,0,11,0,1,0,0,0
2,0,173,0,0,3,3,6,0,1,12,0,3,0,5,0,1,1,1,0,0,3,57,5,0,1,3,1,0,12,1,90,4,95,0,0,0,3,0,1,7,62,44,1,4,280,1,7,0,0,1,2,1,0,1,21,1,0,268,1,3
1,0,1,2,48,0,1,3,0,0,1,2,18,400,0,4,338,7,0,79,2,0,1,3,0,122,16,0,3,0,95,18,4,0,0,2,31,0,0,0,463,3,23,0,1,1,3,2,7,0,0,104,0,0,2,1,23,2,10,108,90
0,0,0,4753,248,0,0,0,0,0,0,0,1,0,0,0,1,0,0,0,0,0,0,0,0,0,2,0,1457,0,0,0,0,0,0,2764,0,0,0,0,1,0,0,0,0,0,0,0,0,0,0,0,0,0,0,0,0,0,0,1,0
3,0,4,5,0,0,2,5,3,1,17,0,8,1,3,0,0,4,0,0,18,3,48,13,2,21,2,3,42,15,0,25,5,34,2,14,1,3,0,11,3,121,8,6,0,5,2,397,1,0,3,0,5,0,3,11,2,1,25,2,6
0,8,3,0,0,0,2,0,7,0,310,0,50,0,117,3,0,17,0,0,0,3,11,3,4,0,5,21,9,2,4,1,1,0,6,1,10,0,2,37,8,5,4,2,8,2,6,349,7,20,32,0,7,1,8,1,27,8,7,0,2
0,126,83,0,1,0,83,0,14,0,174,0,111,82,0,27,0,138,46,0,0,114,232,0,207,0,2,561,0,268,11,24,7,13,13,0,285,0,21,90,7,33,4,476,7,82,151,2,275,106,512,0,5,189,5,0,33,231,2,20,169
2,82,252,0,5,3,211,13,27,0,296,4,151,268,2,60,3,383,159,6,0,77,320,5,177,7,113,759,3,280,16,156,27,12,33,0,421,1,36,269,218,90,17,792,10,188,52,6,131,116,461,3,9,177,32,1,242,354,3,41,663
0,49,3,0,0,0,389,0,145,0,1555,0,609,46,0,3,0,776,4,0,0,3,915,1,11,1,5,123,2,60,1,16,11,0,3,0,645,0,0,0,12,1,0,74,0,17,9,0,19,1029,93,1,0,200,2,0,98,11,0,0,8
1,0,0,0,0,12,0,0,0,6,88,0,1,0,21,4,0,0,0,0,1,0,0,3,0,94,0,0,0,0,0,42,0,3,0,0,0,472,0,0,0,4,2,0,0,0,3,0,0,0,0,0,0,0,0,424,0,0,0,0,0
15,0,25,2,0,2,0,16,0,16,3,1,0,1,141,0,0,1,0,0,18,2,151,7,1,7,1,0,18,32,1,216,16,937,0,4,1,17,0,2,2,1170,119,3,2,133,1,53,1,0,1,0,0,0,1,69,0,0,806,2,1
0,0,0,8,453,0,0,38,0,0,0,0,1,1579,0,0,56,1,1,1801,25,0,0,4,0,6,1,0,23,0,314,289,11,1,0,8,0,4,0,0,228,4,14,0,1,0,0,32,0,0,0,632,0,0,0,5,0,4,55,24,14
0,9,208,0,4,0,2,6,36,0,4,158,26,2,0,7,1,73,13,1,0,190,4,18,7,0,30,29,2,4,1535,1,28,75,120,0,88,0,144,14,2,0,35,12,163,756,3,45,23,6,5,146,69,771,38,1,367,1,69,18,297
0,0,39,0,50,3,0,15,41,0,8,9,8,0,0,40,7,9,2,3,3,4,2,34,1,0,1595,7,6,3,10,1,611,0,1,6,8,0,1,17,91,2,99,4,8,10,0,40,375,3,3,7,0,5,3,1,384,1,1,101,5
0,0,65,0,117,4,6,315,209,1,11,15,22,11,0,233,92,69,3,9,6,9,5,15,0,5,2162,12,4,6,29,2,243,3,2,7,9,1,3,20,313,1,264,11,12,10,3,214,1626,7,7,5,1,9,6,8,351,5,0,66,21
0,1,1,0,13,0,0,18,24,0,10,6,5,28,0,134,7,6,0,1,1,0,7,4,0,7,451,2,13,1,8,0,0,0,0,1,0,0,0,1,98,0,9,1,0,0,2,7,376,7,1,0,0,0,3,0,33,0,0,4,5
0,0,0,0,1,0,7,1,6,0,6,3,8,0,0,6,4,53,3,0,0,7,1,2,1,0,110,7,0,0,6,0,1,1,0,1,9,0,1,2,3,0,15,8,6,5,1,225,58,2,0,1,2,6,7,0,77,4,0,2,3
0,106,95,0,0,0,1,1,41,0,0,22,0,0,0,1,0,0,11,0,0,809,1,0,10,0,0,51,0,1,174,1,2,161,56,0,3,0,26,62,0,0,0,22,110,57,2,0,0,1,2,0,62,7,2,0,2,11,108,0,115
0,0,2,0,0,0,0,0,3,0,0,3,0,0,0,4,0,2,7,0,0,13,0,0,0,0,0,2,0,0,2,0,0,1,51,0,8,0,42,3,0,0,0,0,356,70,0,0,0,4,0,0,16,91,2,0,0,0,2,0,0
1,2,7,0,0,0,0,407,0,1,3,1,0,0,9,0,0,7,0,0,26,0,32,13,1,5,1,0,7,200,0,28,4,86,3,0,3,2,1,7,1,82,5,313,0,15,1,677,0,1,3,1,4,5,1,26,0,0,16,0,4
0,0,0,190,154,0,0,70,0,0,1,9,2,3,0,1,1,0,0,2,10,0,0,14,0,0,4,0,269,1,1,15,8,0,0,101,2,1,0,1,14,0,6,1,1,0,0,13,4,0,0,37,0,0,1,0,1,0,3,10,1
0,0,0,19,318,0,0,18,0,0,0,0,3,196,0,0,16,0,0,439,15,0,0,0,0,0,4,0,6,1,5,13,1,0,0,3,0,1,0,0,236,0,8,0,0,0,0,0,0,0,0,1135,0,0,0,3,1,1,0,166,1
0,38,36,6,114,1,6,762,142,0,64,57,81,32,1,12,24,46,42,18,2,27,90,22,19,0,30,101,12,17,81,19,16,38,40,6,62,0,19,118,199,11,36,29,170,33,7,65,21,51,126,17,57,14,21,1,50,81,132,22,12
0,46,22,0,2,82,516,5,278,0,10,34,17,3,0,698,0,11,898,8,0,29,70,978,22,0,13,31,0,21,7,1,752,14,39,3,37,0,29,35,1,50,26,54,19,36,434,7,3,19,5,0,49,36,315,157,282,16,13,7,10
1763,0,0,0,0,1039,0,0,0,2342,0,0,0,0,1496,0,0,0,0,0,100,0,0,4,0,625,0,0,2,3,0,0,0,0,0,0,0,40,0,0,0,0,1,0,0,0,0,1,0,0,0,0,0,0,0,54,0,0,0,0,0
2,0,0,0,0,21,0,0,0,30,0,0,0,0,45,0,0,0,0,1,6,0,0,1,0,729,0,0,0,0,0,2,0,0,0,0,0,1386,0,0,0,1,0,0,0,0,0,1,0,0,0,0,0,0,0,12,0,0,0,0,0
23,1,4,1,2,16,0,23,0,47,8,0,2,2,42,0,0,3,0,0,47,1,39,69,0,19,2,1,18,373,0,375,1,444,0,8,1,200,0,1,5,83,12,4,0,4,1,119,0,0,0,0,5,0,1,1526,0,1,4,0,1
22,0,3,27,1107,10,0,91,0,6,0,10,8,680,6,1,386,25,1,902,58,0,0,9,0,9,22,0,22,79,137,94,1,0,0,18,0,108,0,0,557,1,65,0,2,0,0,14,14,1,0,1169,0,0,2,65,12,39,1,99,1
35,0,0,0,34,11,0,9,0,27,0,0,0,14,4,0,1,0,0,26,340,0,0,1,0,1,0,0,4,55,1,4,0,1,0,2,0,4,0,0,11,0,55,1,0,0,0,5,0,0,0,57,0,0,0,37,0,0,0,1,0
0,3,26,0,0,0,5,1,8,0,0,6,1,2,0,4,0,0,3,0,0,34,5,0,8,0,0,35,0,22,13,3,3,15,8,0,17,0,8,8,3,3,0,50,22,58,4,0,1,2,15,0,8,36,13,0,4,6,7,4,58
0,0,14,0,2,0,5,0,5,0,0,16,1,0,0,2,0,1,8,0,0,105,9,11,0,0,5,29,0,20,34,1,1,4,0,0,2,0,1,15,1,2,1,21,30,37,4,0,5,0,0,1,0,5,61,0,1,1,8,2,83
0,2,4,0,1,1,25,1,3,0,100,3,75,14,0,6,0,34,14,1,0,22,94,3,1,0,12,297,0,512,3,0,2,0,0,0,54,0,0,13,36,1,3,235,6,3,30,0,33,32,50,0,1,9,56,0,16,12,0,0,79
2,1,4,0,17,8,2,14,1,1,3,15,6,12,2,1,26,32,1,18,244,0,2,65,0,2,15,1,2,13,12,14,4,3,0,0,1,1,0,0,11,180,891,2,7,5,2,35,9,0,0,24,0,1,8,4,127,1,0,84,7
0,0,20,0,0,1,0,2,18,0,0,1153,1,3,0,3,0,5,9,0,0,4,5,76,0,0,15,2,0,1,96,1,334,3,4,0,5,0,39,2,0,3,6,4,320,294,1,2,9,2,1,1,7,173,65,1,30,1,7,170,24
0,0,0,0,0,0,63,2,0,0,156,0,542,2,1,20,0,29,0,0,0,4,233,0,0,0,3,71,0,16,1,1,4,0,0,117,15,0,0,1,3,0,0,9,1,0,121,0,5,105,41,0,2,5,26,6,1,5,0,0,5
866,0,0,0,1,1267,0,5,0,615,1,0,0,0,318,152,1,4,0,0,47,0,0,2,0,335,0,0,3,4,0,1,0,0,0,0,0,46,0,0,2,0,56,1,0,1,0,3,0,0,0,1,0,0,0,32,1,0,0,0,2
0,0,0,0,0,10,0,0,0,2,1,0,3,0,5,5,1,1,0,0,0,0,0,0,0,40,1,0,0,0,0,1,0,0,0,0,0,73,0,0,0,0,2,0,0,0,0,0,0,0,0,0,0,0,0,5,0,0,0,0,0
