0.60517,0.38613,0.13788,0.94522,0.36598,0.46371,0.22698,0.38608,0.30365,0.74646,0.4844,0.52849,0.36406,0.45022,0.65293,0.30858,0.62344,0.29022,0.42341,0.46053,0.60371,0.31177,0.37402,0.49219,0.34499,0.32448,0.43047,0.28287,0.79238,0.21697,0.46552,0.14046,0.30977,0.35128,0.27942,0.88583,0.2595,0.46522,0.30218,0.29571,0.16968,0.57089,0.29649,0.29271,0.30582,0.30627,0.37177,0.26257,0.49551,0.56827,0.21484,0.29135,0.30101,0.30198,0.33758,0.56536,0.21071,0.29506,0.32512,0.40233,0.25305
0.4109
0,91,58,0,0,0,22,0,532,0,0,150,0,0,0,69,0,0,70,0,0,80,0,0,14,0,0,2,0,0,4,0,0,24,406,0,0,0,456,46,0,0,0,1,130,11,10,0,0,77,2,0,655,2,22,0,0,28,99,1,2
0,880,10,0,0,0,3,0,2,0,2,55,1,0,0,4,0,1,3,0,0,24,8,0,868,0,0,35,0,1,4,1,0,19,85,0,41,0,75,723,1,0,0,12,1,1,2,0,0,7,283,0,95,9,1,0,0,735,0,0,5
0,136,124,0,0,0,9,0,23,0,0,54,0,0,0,13,0,5,47,0,0,183,2,0,108,0,0,29,0,0,15,10,3,187,247,1,11,0,235,140,0,0,1,22,53,56,4,0,0,9,18,0,305,76,2,0,3,81,39,17,36
0,4,128,0,0,0,3,1,101,0,0,51,0,0,0,12,0,0,34,0,0,175,0,3,0,0,1,3,0,0,34,0,19,13,154,0,0,0,304,5,0,0,1,0,730,114,0,0,0,155,0,0,191,13,121,0,0,0,548,1,19
0,109,22,0,0,0,3,0,7,0,0,26,0,0,0,1,0,0,1,0,0,73,0,0,18,0,0,2,0,0,10,0,0,27,120,0,0,0,20,121,0,0,0,0,2,0,1,0,0,0,7,0,124,0,2,0,1,26,6,0,0
0,17,273,0,4,0,32,8,42,0,0,51,2,7,1,24,4,8,69,2,2,300,3,6,52,0,25,54,0,5,169,202,13,294,93,3,30,0,61,165,10,15,27,98,99,193,15,1,19,7,22,0,90,84,27,0,36,61,54,98,409
3,0,1,5,3,0,1,4,0,2,0,0,6,3,1,0,11,1,0,0,7,0,4,20,0,0,3,2,12,2,0,32,1,3,0,5,2,1,0,3,36,2,4,1,1,1,0,7,1,0,0,5,0,0,0,4,1,0,1,13,36
0,8,9,0,1,0,203,2,22,0,1,5,6,3,0,403,0,2,413,0,1,11,16,31,10,1,5,92,0,16,4,7,169,17,3,6,24,0,7,31,17,13,4,80,12,13,922,1,5,1,26,0,3,6,689,2,7,15,4,1,32
0,61,8,0,0,0,3,0,4,0,0,187,0,0,0,6,0,18,29,0,0,5,2,0,103,0,0,0,0,0,0,6,0,2,641,0,43,0,747,65,1,0,0,6,13,21,0,0,0,6,1,0,359,29,3,0,0,20,1,0,0
0,0,14,0,0,2,0,110,1,1,3,3,0,4,0,0,0,1,4,0,0,2,18,0,0,0,0,1,0,31,0,47,6,9,0,4,0,2,4,0,1,4,0,1,0,3,0,3,0,0,3,0,1,3,1,0,0,2,2,1,3
0,0,3,8,41,0,0,1,0,0,0,14,61,5,0,0,118,5,1,41,1,0,0,10,0,9,10,0,3,2,7,10,3,0,0,2,0,0,0,1,126,15,43,0,2,2,0,1,2,0,0,231,0,0,0,2,15,0,0,1034,1
0,0,0,0,0,17,0,0,0,14,0,0,0,0,38,0,0,0,0,0,0,0,0,0,0,143,0,0,0,1,0,21,0,1,0,0,0,453,0,0,0,3,0,0,0,0,0,0,0,0,0,0,0,0,0,131,0,0,0,0,0
3,1,10,2,1,1,1,7,1,5,61,1,3,2,13,0,0,5,0,0,23,3,24,11,3,7,0,6,14,190,1,227,1,94,0,14,1,41,0,8,16,22,7,2,2,8,1,53,1,0,1,1,1,1,1,232,0,1,10,1,0
102,0,4,7,175,8,0,9,1,1,3,3,14,172,2,0,2144,34,1,285,38,0,0,3,0,15,13,0,10,21,19,25,2,0,0,11,3,31,0,0,371,1,136,0,2,1,1,8,15,0,0,232,0,1,0,91,14,0,2,313,5
8,4,85,7,7,3,0,30,2,6,10,1,3,8,4,1,64,26,0,18,102,1,29,2,12,0,21,4,15,647,4,41,19,16,0,3,15,1,0,38,34,8,421,4,2,7,1,20,14,4,1,37,0,2,0,26,58,0,5,45,13
2,0,0,0,2,1,9,3,2,0,21,0,38,7,0,2,97,373,3,10,4,2,5,0,0,9,31,17,0,9,6,11,3,0,0,0,7,0,0,1,22,1,245,17,3,2,4,308,34,2,2,3,0,3,234,6,140,0,1,84,2
0,402,66,0,0,0,133,0,5,0,8,16,3,1,0,61,0,15,49,0,0,177,32,1,499,0,2,173,0,23,16,2,2,90,92,0,120,0,99,348,0,3,2,96,6,18,225,0,0,2,362,0,52,52,13,0,0,557,3,1,23
0,0,64,0,0,0,0,1,11,0,0,10,0,0,0,0,0,1,1,0,0,55,0,0,0,0,0,2,0,0,329,0,2,13,21,1,0,0,4,0,0,0,0,0,66,52,0,0,2,0,0,1,3,16,5,0,0,0,52,2,235
0,0,2,0,3,0,0,0,2,0,1,0,1,0,0,1,0,0,0,0,0,1,0,0,0,0,55,0,2,1,0,1,6,0,0,0,0,0,1,2,4,0,5,0,0,0,0,0,20,0,0,0,0,0,0,0,9,0,0,2,5
0,0,6,1,12,0,4,5,7,0,1,5,4,0,0,7,7,3,1,0,0,2,2,1,2,0,269,12,0,4,0,2,29,3,0,2,3,0,0,14,19,1,13,8,2,3,0,1,202,2,3,0,0,0,0,0,7,3,1,6,38
0,0,0,0,0,0,0,0,0,0,1,0,1,0,0,1,0,0,0,0,0,0,1,0,0,0,10,0,0,0,0,0,0,0,0,0,3,0,0,0,1,0,1,0,1,0,0,0,17,0,1,0,0,0,0,0,0,0,0,0,0
2,0,1,8,25,0,0,17,0,1,1,7,2,5,2,1,2,0,0,1,46,0,0,503,0,0,5,0,12,11,3,306,35,1,0,8,0,1,0,0,47,4,8,0,0,2,0,115,12,0,0,55,0,0,2,1,0,0,2,7,2
0,16,8,0,0,0,164,0,7,0,0,2,0,1,0,391,0,0,401,0,0,6,7,5,19,0,0,28,0,10,2,1,65,3,5,1,10,0,10,26,1,0,0,40,0,6,482,0,0,1,15,0,3,3,280,1,0,23,1,0,2
0,81,2,0,0,0,5,0,1,0,164,6,17,7,0,3,0,90,0,0,0,7,90,0,223,0,1,107,0,40,0,0,0,0,53,0,422,0,25,8,0,0,0,89,0,5,0,1,0,108,294,0,5,344,1,0,1,80,0,0,2
5,0,0,2,11,4,0,11,0,2,0,0,0,5,0,0,1,0,0,6,2052,0,1,3,0,2,1,0,5,18,0,11,0,0,0,2,0,5,0,0,6,4,16,3,0,0,0,2,0,0,0,15,0,0,0,8,0,0,0,0,0
2,0,177,0,0,3,3,9,0,0,11,0,2,0,6,0,1,0,1,0,2,2,47,4,0,1,1,1,0,10,2,109,3,108,0,0,0,3,0,1,7,84,54,1,2,261,3,5,0,0,1,3,1,0,0,15,2,0,242,0,2
1,0,2,2,37,0,0,3,0,0,3,1,19,410,0,0,353,14,0,87,1,0,1,2,0,116,16,0,2,0,101,25,3,0,0,2,26,0,0,0,448,4,32,0,0,1,4,1,9,0,0,99,0,0,2,1,17,0,5,103,92
0,0,0,4452,249,0,0,1,0,0,0,0,0,0,0,0,0,0,0,0,1,0,0,0,0,0,2,0,1748,0,0,0,0,0,0,2770,0,0,0,0,2,0,0,0,0,0,0,0,0,0,0,0,0,0,0,0,0,0,0,3,0
3,0,3,3,0,0,2,3,3,3,15,1,5,0,2,0,0,7,0,0,20,6,50,13,2,9,1,2,18,14,0,28,4,30,0,16,1,5,0,11,3,141,6,3,0,4,3,416,0,0,4,0,7,0,3,10,1,2,24,4,8
0,11,3,0,0,0,3,0,8,0,303,1,52,0,118,1,0,22,0,1,1,3,9,3,4,0,6,28,6,1,4,2,1,0,7,1,9,0,1,32,6,8,8,1,5,3,4,351,9,17,24,0,7,2,10,0,25,10,6,1,3
0,110,88,0,0,0,105,0,16,0,186,1,65,65,0,25,0,125,44,0,0,112,223,0,242,0,2,563,0,264,17,20,7,43,10,0,299,0,22,108,7,38,3,486,6,50,155,2,263,100,501,1,4,198,3,0,31,270,4,17,141
2,90,237,1,4,3,232,18,23,0,327,10,111,264,0,51,4,361,121,4,0,78,303,5,225,10,115,768,0,281,23,180,31,79,27,1,415,1,34,285,213,90,24,759,11,124,63,3,120,130,428,2,9,213,29,1,224,405,3,47,623
0,7,1,0,0,0,374,0,142,0,1475,0,703,45,0,4,0,662,4,0,0,6,959,1,14,0,6,147,1,62,0,10,14,0,2,1,635,0,1,3,11,1,0,70,0,7,7,0,19,1157,83,2,0,210,5,0,76,14,0,0,9
1,0,0,0,0,10,0,0,0,7,79,0,1,0,21,3,0,0,0,0,0,0,0,3,0,94,0,0,0,0,0,40,0,4,0,0,0,514,0,0,0,5,0,1,0,0,2,0,0,0,0,0,0,0,0,396,0,0,0,0,0
11,0,26,3,1,1,0,14,2,20,3,1,0,1,146,0,0,1,1,0,22,2,133,5,1,8,1,0,13,38,0,319,8,881,0,3,1,17,0,0,4,1220,79,4,1,142,1,65,1,0,2,0,1,0,1,60,0,1,752,1,0
0,0,0,3,453,0,0,39,0,0,0,0,1,1664,0,0,60,1,2,1692,27,0,0,5,0,5,1,0,13,2,321,344,6,0,0,3,0,4,0,0,230,5,8,0,2,1,0,35,2,0,0,630,0,0,0,13,0,0,29,25,11
0,6,222,0,1,0,1,6,30,0,8,148,23,1,0,10,1,103,11,2,0,187,3,22,7,0,26,9,3,3,1519,2,29,28,125,0,90,0,164,9,2,3,60,8,198,826,4,8,22,10,4,147,56,703,35,1,387,1,96,29,267
0,0,29,0,48,3,0,12,35,0,8,8,4,0,0,27,6,16,1,4,4,4,3,23,2,0,1458,4,6,3,12,0,607,0,1,3,10,0,0,13,130,1,143,2,8,18,0,19,360,4,2,6,0,9,3,0,543,3,0,75,7
1,0,36,0,124,4,7,313,211,1,9,15,18,9,0,162,83,103,2,23,8,10,5,12,2,8,2102,15,3,7,33,1,212,0,3,5,10,1,4,17,404,2,354,7,10,10,3,165,1654,8,8,10,1,7,5,7,343,9,1,57,21
0,1,1,0,9,0,0,20,26,0,9,8,2,31,0,101,9,9,0,2,1,0,5,4,0,11,476,3,5,2,4,2,0,0,0,1,1,0,0,1,100,0,14,1,0,3,3,1,366,6,2,0,0,0,4,0,40,0,0,6,6
0,0,0,0,1,0,6,0,7,0,4,2,7,0,0,7,3,75,3,0,0,9,0,1,1,0,113,8,0,1,7,0,1,0,2,1,8,0,1,2,1,0,25,11,3,6,1,174,73,2,0,2,1,7,8,0,80,4,0,3,1
0,111,107,0,0,0,1,0,37,0,0,17,0,0,0,1,0,0,9,0,0,800,0,0,11,0,0,21,0,2,179,0,2,150,77,0,3,0,31,44,0,1,0,14,120,49,1,0,0,2,0,0,60,6,2,0,2,13,140,1,122
0,0,1,0,0,0,0,0,3,0,0,5,0,0,0,4,0,2,6,0,0,12,0,0,1,0,0,1,0,0,4,0,0,1,30,0,7,0,44,2,0,0,0,1,352,90,0,0,0,3,0,0,16,96,1,0,0,0,2,0,0
1,4,9,0,0,0,0,410,0,1,2,1,0,1,8,0,0,1,0,1,24,0,64,13,3,6,1,1,3,151,1,40,2,74,1,4,3,4,1,8,1,62,1,315,0,14,0,710,0,2,3,0,2,5,1,37,0,1,13,0,2
0,0,0,164,164,0,0,71,0,0,1,10,2,3,0,0,1,0,0,4,12,0,0,15,0,0,4,0,255,2,1,18,6,1,0,122,1,0,0,0,14,0,4,0,1,0,1,20,3,0,1,34,0,0,0,0,0,0,3,12,2
0,0,0,16,315,0,0,19,0,0,0,0,2,196,0,0,14,0,0,456,18,0,0,0,0,0,4,0,7,2,5,14,0,0,0,3,0,1,0,0,255,0,7,0,0,0,0,2,0,0,0,1108,0,0,0,1,1,0,0,162,1
0,32,41,5,100,1,10,810,145,0,57,64,71,31,2,9,27,44,27,16,2,24,84,22,21,0,27,104,12,16,95,22,14,33,41,6,64,0,21,102,183,15,50,27,168,37,7,56,23,54,128,23,44,10,17,1,57,85,123,28,18
0,90,24,0,1,57,424,3,260,0,10,32,17,3,0,719,0,9,1020,12,0,30,59,945,29,0,11,32,0,21,7,2,745,11,37,3,33,0,40,32,3,71,43,62,19,39,384,2,4,22,3,0,56,37,287,164,296,16,11,5,8
1663,0,0,0,0,1263,0,0,0,2270,0,0,0,0,1458,0,0,0,0,1,90,0,0,5,0,611,0,0,1,2,0,1,0,0,0,0,0,48,0,0,0,0,0,0,0,0,0,2,0,0,0,0,0,0,0,55,0,0,0,0,0
2,0,0,0,0,26,0,0,0,26,0,0,0,0,40,0,0,0,0,1,8,0,0,1,0,721,0,0,0,0,0,3,0,0,0,0,0,1398,0,0,0,2,0,0,0,0,0,1,0,0,0,0,0,0,0,8,0,0,0,0,0
24,1,3,1,3,17,0,22,0,40,11,0,1,1,38,0,0,2,0,0,40,2,36,69,0,19,0,2,6,315,1,377,1,193,0,11,0,217,0,3,33,85,4,4,0,5,1,103,0,0,0,0,4,0,1,1838,0,2,1,0,2
20,0,2,19,1065,8,0,89,0,9,0,10,9,693,5,0,403,21,1,939,79,0,0,7,0,7,21,0,23,74,140,139,2,0,0,16,0,126,0,0,581,1,65,0,2,0,0,18,13,1,0,1115,0,0,2,64,8,1,2,82,2
37,0,0,1,35,16,0,6,0,22,0,0,0,15,4,0,1,0,0,30,381,0,0,1,0,0,0,0,3,67,1,3,0,0,0,2,0,6,0,1,14,3,18,1,0,0,0,6,0,0,0,34,0,0,1,31,0,0,0,1,0
0,3,27,0,0,0,4,0,8,0,0,7,0,2,0,4,0,1,3,1,0,31,5,2,15,0,1,35,0,20,12,2,3,33,6,0,15,0,12,3,3,4,0,47,21,47,4,0,0,3,15,0,9,43,11,0,4,5,7,5,49
0,0,12,0,2,0,3,0,6,0,0,17,1,0,0,2,0,2,8,0,0,108,9,11,0,0,5,24,0,18,36,0,3,10,2,0,2,0,3,8,0,3,0,20,28,32,3,0,4,0,0,1,0,8,61,0,3,1,10,1,87
0,2,3,0,1,1,26,2,4,0,93,3,60,12,0,7,0,26,14,1,0,25,86,3,3,0,9,320,0,531,2,0,2,1,1,0,50,0,0,11,40,2,3,251,6,1,29,0,28,33,45,0,1,8,53,0,16,14,0,0,70
3,1,5,0,11,8,1,14,2,3,5,16,6,14,0,0,21,36,0,33,329,0,2,59,0,1,8,2,2,16,16,12,3,4,0,0,3,1,0,0,15,186,837,1,7,3,3,15,9,0,1,27,0,1,5,4,94,0,0,91,7
0,0,22,0,0,0,0,1,11,0,1,1150,1,2,0,1,0,8,4,0,1,4,4,63,1,0,11,3,0,1,92,2,313,8,2,0,5,0,45,2,0,3,11,3,289,404,2,0,7,2,1,2,9,116,65,0,32,0,8,184,27
0,0,0,0,0,0,71,0,0,0,146,1,585,3,1,26,1,38,0,0,0,4,230,0,1,0,2,53,0,21,1,0,5,0,0,89,21,1,0,2,1,1,0,12,1,0,124,0,5,99,35,0,1,5,22,3,2,2,0,0,1
852,0,1,0,1,1265,0,4,0,605,1,0,1,0,318,161,2,3,0,1,50,0,0,2,0,366,0,0,3,3,0,2,0,0,0,1,0,49,0,0,0,0,34,1,0,1,0,3,0,0,0,1,0,0,0,32,1,0,0,0,3
0,0,0,0,0,6,0,0,0,2,1,0,0,0,5,5,1,1,0,0,2,0,0,0,0,43,1,0,0,0,0,2,0,0,0,0,0,74,0,0,0,0,2,0,0,0,0,0,0,0,0,0,0,0,0,5,0,0,0,0,0
