0.60485,0.40926,0.13476,0.94383,0.36042,0.46635,0.21628,0.40131,0.30568,0.75292,0.45168,0.49779,0.37404,0.4575,0.65481,0.31174,0.63594,0.1809,0.4233,0.4117,0.61893,0.30822,0.43112,0.47125,0.31614,0.29594,0.45056,0.28277,0.79509,0.25974,0.43139,0.16267,0.34983,0.31762,0.28603,0.90493,0.25236,0.49475,0.29097,0.29766,0.17883,0.58737,0.31594,0.28599,0.30657,0.26683,0.32994,0.29221,0.52134,0.61833,0.20962,0.28531,0.30143,0.27565,0.33415,0.58594,0.2537,0.31483,0.30876,0.43084,0.25622
0.41071
0,80,56,0,0,0,14,0,538,0,0,154,0,0,0,58,0,0,81,0,0,76,0,0,22,0,0,0,0,0,12,0,0,20,412,0,1,0,429,45,0,0,0,1,140,6,5,0,0,68,3,0,696,2,20,0,0,29,94,2,0
0,884,9,0,0,0,3,0,3,0,3,39,0,1,0,4,0,1,3,0,0,25,5,0,809,0,0,25,0,0,8,0,0,15,86,1,33,0,67,726,1,0,0,5,1,0,1,0,1,4,247,0,89,7,2,0,0,885,0,0,4
0,137,120,0,0,0,8,0,20,0,0,52,0,0,0,15,0,8,35,6,0,188,0,0,140,0,0,15,1,0,29,3,7,185,260,0,12,0,218,113,0,0,0,18,56,26,2,0,0,7,15,0,320,84,6,0,3,90,54,18,33
0,4,124,0,0,0,3,0,110,0,0,54,0,0,0,6,0,3,28,0,0,155,0,2,1,0,0,3,0,0,24,0,16,9,142,0,0,0,302,4,0,0,1,0,733,109,0,0,0,142,0,0,260,14,119,0,1,0,551,1,17
0,98,19,0,0,0,1,0,7,0,0,28,0,0,0,2,0,0,2,0,0,90,0,0,16,0,0,1,0,0,28,0,0,14,124,0,0,0,21,109,0,0,0,0,3,0,1,0,0,0,6,0,116,0,1,0,0,34,8,0,0
0,21,264,0,3,0,21,7,38,0,1,44,0,12,2,24,3,37,57,40,1,304,3,11,87,0,20,38,1,2,138,110,19,411,96,4,33,0,67,92,5,21,38,66,82,187,14,1,16,6,19,0,108,94,25,0,41,79,76,107,390
2,1,2,8,5,0,1,5,0,2,0,0,3,3,2,0,9,2,0,2,5,0,3,15,0,0,4,1,2,1,0,38,1,5,0,3,3,1,0,2,39,3,8,1,0,9,0,4,1,0,0,4,0,0,1,5,2,0,1,11,31
0,7,10,0,3,0,190,1,27,0,1,6,3,4,0,475,1,2,465,3,1,11,22,30,11,1,4,85,0,14,7,6,182,15,3,6,29,0,5,23,17,12,5,70,11,11,811,1,9,1,7,0,10,8,685,1,7,23,1,0,39
0,35,6,0,0,0,2,0,5,0,0,206,0,1,0,9,0,37,23,0,0,4,2,0,113,0,0,1,0,0,0,2,1,5,653,0,47,0,696,67,0,0,0,4,13,11,0,0,0,9,10,0,354,41,3,0,0,29,1,0,0
0,0,9,0,0,1,0,105,1,1,3,1,0,1,0,0,0,0,4,0,0,2,2,2,1,0,0,1,0,27,0,47,8,34,0,3,0,2,4,0,0,5,0,2,1,5,0,6,0,0,3,0,0,2,1,0,1,1,5,2,2
0,0,3,9,35,1,0,1,0,0,0,11,59,5,0,1,106,7,2,34,2,0,0,11,0,7,10,0,5,5,7,12,2,0,0,2,0,0,0,0,127,14,61,0,3,2,0,0,4,0,0,211,0,0,0,1,13,0,0,1056,1
0,0,0,0,0,17,0,0,0,10,0,0,0,0,38,0,0,0,0,0,0,0,0,0,0,137,0,0,0,1,0,21,0,0,0,0,0,480,0,0,0,2,0,0,0,0,0,0,0,0,0,0,0,0,0,116,0,0,0,0,0
4,1,7,2,1,2,1,7,2,6,61,1,3,0,14,0,0,1,0,0,21,4,14,24,3,8,0,6,12,133,1,230,3,116,0,18,1,38,0,8,14,23,5,1,1,12,4,68,1,0,1,1,0,0,1,247,0,6,8,0,0
99,0,7,8,166,7,0,10,0,2,3,3,15,170,1,1,2166,39,2,307,34,0,0,4,0,19,16,0,11,31,22,42,0,0,0,16,0,17,0,0,357,0,147,0,2,1,1,6,17,1,0,222,0,1,1,78,30,0,2,262,3
8,3,54,3,6,4,0,25,1,8,13,1,2,6,2,2,63,35,0,17,71,1,10,4,15,1,22,1,7,720,4,54,30,41,1,3,11,1,0,39,37,8,397,6,2,9,0,17,15,2,3,17,0,1,0,28,65,1,3,47,12
2,0,0,0,2,1,9,7,1,0,20,0,29,8,0,5,87,399,2,7,5,1,7,3,0,8,27,23,0,7,5,10,5,0,0,0,8,0,0,0,13,1,219,21,3,5,1,278,35,1,1,4,0,2,226,12,253,1,0,20,4
0,404,57,0,0,0,143,0,7,0,12,15,1,0,0,92,0,8,32,0,0,187,24,2,509,0,2,148,0,21,43,0,4,94,92,0,107,0,90,396,0,3,1,75,10,15,199,2,3,5,292,0,34,49,15,0,0,630,5,1,21
0,0,81,0,0,0,0,1,12,0,0,10,0,0,0,0,0,3,1,0,0,65,0,0,0,0,0,1,0,0,198,0,1,11,12,2,0,0,6,0,0,0,1,0,73,83,0,0,3,0,0,3,5,10,7,0,0,0,50,1,309
0,0,3,0,4,0,0,0,1,0,1,0,1,0,0,1,0,0,0,0,0,1,1,1,1,0,51,0,2,0,0,1,4,0,0,1,0,0,1,1,6,0,4,0,0,1,0,0,22,0,0,0,1,0,0,0,8,0,0,1,5
0,0,8,0,14,0,4,2,8,0,2,1,3,0,0,7,6,2,1,1,0,0,0,3,3,0,292,12,1,6,0,5,13,7,0,3,4,0,0,9,16,1,10,4,2,8,1,0,202,2,4,0,3,1,1,1,3,3,1,8,29
0,0,0,0,0,0,0,0,0,0,1,0,1,0,0,0,0,0,0,0,0,0,0,0,0,0,12,1,0,0,0,0,0,0,0,0,3,0,0,0,2,0,0,0,2,0,0,0,15,0,1,0,0,0,0,0,0,0,0,0,0
1,0,1,6,21,0,0,16,0,1,1,3,2,3,3,1,2,0,0,2,35,0,0,441,0,0,6,1,10,26,1,455,52,1,0,9,0,0,0,0,52,2,9,0,0,10,0,9,13,0,0,51,0,0,1,1,0,0,1,12,2
0,16,8,0,0,0,172,0,8,0,0,1,0,1,0,419,0,0,440,0,0,4,6,2,19,0,0,33,0,9,2,0,66,5,9,1,12,0,8,23,1,2,0,27,0,2,413,0,0,1,6,0,1,4,290,1,0,31,1,0,2
0,23,3,0,0,0,3,1,2,0,192,4,21,6,0,3,0,40,1,0,0,7,85,0,215,0,1,152,0,36,0,0,0,1,40,0,410,0,22,18,0,0,0,76,0,0,0,1,1,96,436,0,3,298,1,0,0,83,0,0,1
6,0,0,2,11,3,0,11,0,2,0,0,0,6,0,0,1,0,0,6,2040,0,0,2,0,1,1,0,4,24,0,16,0,1,0,2,0,6,0,0,5,4,16,3,0,0,0,3,0,0,0,16,0,0,0,9,0,0,0,0,0
2,0,170,0,0,1,4,7,1,1,14,0,2,1,6,0,1,3,0,0,1,2,47,2,0,2,2,2,0,2,1,99,1,130,0,1,1,3,0,0,7,77,61,1,2,274,2,12,0,0,1,3,1,2,0,14,3,0,223,0,0
1,0,4,2,35,0,1,6,0,0,5,0,17,430,0,0,345,21,0,61,1,0,2,2,0,120,17,0,1,1,123,20,2,0,0,4,30,0,0,0,410,6,23,0,0,1,3,0,8,0,0,104,0,0,2,2,21,0,5,121,88
0,0,0,4352,240,0,0,1,0,0,0,0,0,0,0,0,0,0,0,0,1,0,0,0,0,0,2,0,1618,0,0,0,0,0,0,3008,0,0,0,0,1,0,0,0,0,0,0,0,0,0,0,1,0,0,0,0,0,0,0,4,0
2,0,3,5,0,0,2,6,3,3,15,0,5,1,3,0,1,7,1,0,17,3,21,10,2,17,1,4,18,10,0,41,1,21,0,12,1,4,0,14,5,85,4,2,0,8,1,511,1,1,3,0,5,1,2,6,2,1,24,0,3
0,13,2,0,0,0,3,0,8,0,304,0,59,0,120,3,0,24,1,0,0,2,7,3,6,0,5,18,5,1,7,1,3,3,5,1,8,0,1,27,3,2,8,3,5,5,2,369,7,13,20,0,5,2,8,0,29,13,6,0,1
0,77,96,0,0,0,99,0,25,0,191,1,62,63,0,33,0,72,26,3,0,114,182,0,224,0,2,567,0,231,33,16,10,70,11,0,300,0,23,184,6,30,2,500,7,29,369,1,115,95,514,2,4,187,8,0,26,278,4,18,132
0,83,240,0,5,4,225,15,24,0,406,8,105,236,1,57,2,341,108,50,2,87,250,9,229,8,127,781,1,224,31,147,33,150,28,4,434,0,33,281,187,89,19,731,7,91,66,7,108,150,442,2,11,202,29,1,201,425,4,55,649
0,1,0,0,0,0,396,0,125,0,1360,0,781,27,0,4,0,428,1,0,0,6,989,1,9,0,6,199,1,71,0,4,16,0,1,1,615,0,1,7,17,1,0,79,0,4,17,0,22,1322,156,1,0,195,7,0,59,11,1,0,8
0,0,0,0,0,10,1,0,0,7,78,0,1,0,21,3,0,0,0,0,1,0,2,6,0,102,0,0,0,0,0,36,0,0,0,0,0,511,0,0,2,5,1,0,0,0,2,0,0,0,0,0,0,0,1,391,0,0,0,0,0
11,0,28,2,1,1,0,13,1,19,4,0,0,1,147,1,0,3,2,0,15,1,133,5,0,10,4,0,13,32,0,279,4,903,0,2,0,15,0,1,3,1200,86,3,2,144,1,121,1,0,1,0,0,1,1,66,0,0,737,0,0
0,0,0,5,444,0,0,51,0,0,0,0,1,1663,0,0,61,2,1,1485,27,0,0,6,0,6,1,0,15,3,350,334,1,0,0,4,0,1,0,0,247,4,8,0,2,0,0,7,1,0,0,833,0,0,0,11,2,0,24,24,13
0,6,237,0,3,0,2,9,43,0,6,171,14,2,0,10,1,417,7,2,0,197,1,24,16,0,27,7,3,2,1292,1,29,30,111,0,89,0,169,9,1,1,66,12,215,666,2,1,33,13,3,156,51,661,33,1,339,1,144,13,317
0,0,41,0,44,3,0,17,39,0,8,7,4,0,0,19,7,12,1,3,3,3,4,27,3,0,1361,5,4,2,11,1,517,3,1,9,8,0,2,5,111,5,121,3,5,22,0,7,402,3,6,10,1,9,3,2,703,1,1,94,4
0,0,47,0,127,5,6,302,171,0,8,13,16,7,0,69,77,105,3,25,8,10,3,15,4,5,2283,10,2,4,24,7,160,3,1,14,11,1,5,13,428,1,294,16,14,14,4,119,1771,3,8,10,2,4,5,4,321,5,1,60,17
0,0,1,0,9,0,0,15,14,0,6,7,5,26,0,19,10,13,0,2,2,1,4,4,0,9,549,4,4,1,5,0,0,1,0,6,2,0,0,1,115,0,12,3,0,3,2,2,391,5,3,0,0,0,3,0,26,0,0,4,7
0,0,1,0,3,0,7,1,8,0,5,1,4,0,0,11,2,81,5,0,0,8,1,2,2,0,101,6,0,1,4,0,0,0,1,0,9,0,1,3,2,0,20,16,4,2,0,143,76,2,0,3,2,1,10,0,118,3,0,0,2
0,68,108,0,0,0,4,0,44,0,0,20,0,0,0,3,0,0,6,0,0,806,0,0,12,0,1,15,0,0,211,0,3,143,71,0,3,0,29,33,0,0,0,9,121,32,0,0,0,1,0,0,66,8,3,0,0,20,180,2,114
0,1,1,0,0,0,0,0,4,0,0,5,0,0,0,3,0,15,7,0,0,12,0,0,1,0,0,2,0,0,10,0,0,1,28,0,7,0,49,2,0,0,0,0,336,86,0,0,0,4,0,0,15,92,1,0,0,0,2,0,0
1,0,6,0,0,1,0,399,0,1,3,0,0,2,8,1,0,1,0,0,25,0,16,6,1,4,1,0,3,90,0,36,1,129,3,7,1,3,2,5,2,60,1,307,0,10,0,803,0,1,7,0,5,3,0,35,0,4,12,1,5
0,0,1,166,168,0,0,70,0,0,0,4,2,4,0,0,2,0,0,1,9,0,1,15,0,0,5,0,240,3,1,27,3,1,0,131,1,0,0,0,15,0,6,0,0,3,0,16,2,0,1,32,0,0,1,0,1,0,2,17,1
0,0,0,15,301,0,0,17,0,0,0,0,4,187,0,0,17,0,0,515,17,0,0,0,0,0,4,0,5,6,6,11,0,0,0,3,0,0,0,0,277,1,8,0,0,0,0,0,0,0,0,1031,0,0,0,0,2,0,0,181,1
0,33,41,5,103,1,12,856,153,0,58,69,95,28,1,13,25,40,28,13,4,32,42,23,26,0,27,79,11,12,84,16,11,53,45,5,51,0,22,114,166,12,45,29,156,33,5,71,25,36,147,23,66,15,16,1,57,75,106,19,22
0,154,20,0,2,52,381,3,270,0,13,27,4,3,0,722,0,18,1032,13,0,33,66,885,33,0,10,32,0,16,7,2,841,8,36,3,36,0,42,23,3,92,23,63,16,35,353,1,4,22,5,0,49,43,284,126,293,21,11,8,11
1621,0,0,0,0,1268,0,0,0,2188,0,0,0,0,1510,0,0,0,0,0,95,0,0,4,0,686,0,0,1,4,0,3,0,0,0,0,0,41,0,0,0,0,0,0,0,0,0,0,0,0,0,0,0,0,0,49,0,0,0,0,0
2,0,0,0,0,25,0,0,0,21,0,0,0,0,43,0,0,0,0,0,5,0,0,1,0,666,0,0,0,0,0,4,0,0,0,0,0,1462,0,0,0,1,0,0,0,0,0,0,0,0,0,0,0,0,0,7,0,0,0,0,0
21,0,3,1,2,17,0,26,0,34,10,0,0,1,36,0,0,0,0,0,38,0,29,102,2,23,0,3,4,251,0,425,0,142,0,16,0,193,0,2,31,77,7,4,0,7,0,130,0,0,2,0,4,0,1,1892,0,2,0,0,1
17,0,1,19,1020,8,0,94,0,11,0,7,11,690,5,1,390,20,0,927,57,0,0,8,0,14,23,0,22,144,145,202,0,1,0,17,0,52,0,0,610,1,66,0,1,2,0,13,8,1,0,1115,0,1,1,47,15,0,2,94,1
38,0,0,1,31,16,0,7,0,23,0,0,0,13,3,0,1,0,0,42,374,0,0,1,0,1,0,0,4,78,0,4,0,1,0,1,0,6,0,1,13,2,15,1,0,0,0,6,0,0,0,30,0,0,0,27,0,0,0,1,0
0,4,26,0,0,0,4,0,8,0,2,6,0,0,0,4,0,3,4,4,0,34,2,1,13,0,0,37,0,19,7,1,3,37,8,0,22,0,19,8,2,2,1,47,24,34,5,0,0,1,9,0,8,42,9,0,2,7,11,5,47
0,0,11,0,2,0,2,0,5,0,0,23,1,0,0,2,0,3,9,0,0,110,4,10,1,0,4,30,0,19,26,0,5,12,1,0,1,0,1,5,0,2,2,15,20,54,3,0,4,0,0,0,3,5,63,0,1,2,15,0,78
0,4,3,0,1,1,35,1,5,0,88,4,64,8,0,8,0,13,14,1,0,22,57,3,8,0,11,358,0,444,6,0,1,1,1,0,65,0,0,17,40,2,3,316,3,8,35,0,17,36,34,0,0,6,61,0,9,13,0,0,72
4,2,2,0,17,8,2,12,2,1,6,14,6,14,1,0,18,40,0,35,327,0,2,68,0,2,10,1,3,14,14,20,3,6,0,0,2,1,0,1,13,180,866,2,5,2,4,8,7,0,1,19,0,1,5,2,80,0,1,82,7
0,0,15,0,0,1,0,1,15,0,2,1012,1,0,0,7,0,25,3,0,1,4,4,75,1,0,12,3,0,2,64,1,338,3,1,0,5,0,57,3,0,4,13,2,308,412,0,0,7,2,1,3,10,293,51,3,29,0,9,98,22
0,0,0,0,0,0,70,0,1,0,104,0,680,1,1,34,0,29,0,0,0,3,241,0,1,0,2,51,0,19,4,0,4,0,0,0,20,1,0,5,2,0,1,12,0,2,129,0,29,82,34,0,1,6,36,3,2,4,0,0,2
838,0,0,0,1,1253,0,5,0,563,1,0,1,0,334,159,1,4,0,0,49,0,0,3,0,418,0,0,1,3,0,5,0,1,0,1,1,42,0,0,0,0,37,0,0,1,0,4,0,0,0,1,0,0,0,34,2,0,0,1,3
0,0,0,0,0,8,0,0,0,2,0,0,0,0,4,5,1,2,0,0,2,0,0,0,0,43,1,0,0,0,0,2,0,0,0,0,0,74,0,0,0,0,0,0,0,0,0,0,0,0,0,0,0,0,0,5,1,0,0,0,0
