0.60052,0.39695,0.13781,0.94232,0.3646,0.46307,0.23107,0.39485,0.29768,0.75501,0.47711,0.51901,0.37228,0.45164,0.65473,0.31158,0.62657,0.23429,0.41866,0.45307,0.61724,0.31974,0.38707,0.48399,0.32569,0.31294,0.43293,0.28127,0.79488,0.25818,0.458,0.15902,0.31436,0.31456,0.27778,0.89668,0.26824,0.47851,0.30163,0.29874,0.18049,0.57607,0.28867,0.2848,0.30586,0.27853,0.37726,0.26773,0.50368,0.59697,0.2146,0.29392,0.30502,0.30156,0.33988,0.57464,0.20524,0.30247,0.32297,0.40735,0.25257
0.41157
0,88,58,0,0,0,15,0,526,0,0,155,0,0,0,70,0,0,73,0,0,82,0,0,14,0,0,1,0,0,4,0,0,21,405,0,1,0,453,45,0,0,0,1,133,15,8,0,0,73,2,0,675,2,22,0,0,27,92,1,2
0,884,9,0,0,0,3,0,2,0,2,47,0,1,0,5,0,1,3,0,0,26,6,0,838,0,0,28,0,1,5,0,0,17,81,1,36,0,71,734,1,0,0,8,1,1,2,0,0,8,282,0,95,8,1,0,0,784,0,0,5
0,140,118,0,0,0,8,0,20,0,0,53,0,0,0,14,0,6,43,9,0,183,0,0,116,0,0,22,0,0,21,6,5,182,254,1,7,0,237,130,0,1,1,19,55,45,5,0,0,8,14,0,317,84,3,0,3,82,39,16,37
0,5,131,0,0,0,3,0,103,0,0,53,0,0,0,10,0,2,35,0,0,162,0,3,0,0,1,3,0,0,31,0,18,11,153,0,0,0,298,5,0,0,1,0,731,133,0,0,0,152,0,0,194,14,120,0,0,0,545,1,20
0,101,23,0,0,0,2,0,7,0,0,25,0,0,0,1,0,0,1,0,0,90,0,0,14,0,0,2,0,0,12,0,0,17,123,0,0,0,20,117,0,0,0,0,2,0,1,0,0,0,7,0,126,0,2,0,1,29,6,0,0
0,20,273,0,3,0,24,7,42,0,0,53,2,8,1,24,3,22,63,31,1,309,3,9,68,0,22,45,1,4,172,169,11,355,105,4,23,0,55,118,10,22,32,77,98,151,15,1,22,7,23,1,94,95,26,0,34,67,52,100,409
3,1,1,4,1,1,1,2,0,2,0,0,4,3,1,0,9,2,0,3,6,0,4,20,0,0,4,2,9,1,0,29,1,5,0,6,3,4,0,2,37,2,4,2,2,4,0,8,0,0,0,5,0,0,1,3,1,0,1,14,33
0,12,9,0,1,0,181,1,25,0,1,5,4,4,0,402,1,1,430,7,1,11,16,31,12,1,5,93,0,14,4,6,163,16,4,8,25,0,5,29,18,11,3,70,9,10,939,0,3,2,22,0,4,7,692,2,5,19,2,2,34
0,49,7,0,0,0,3,0,4,0,0,191,1,0,0,7,0,26,28,0,0,4,1,0,103,0,0,0,0,0,0,3,0,4,645,0,45,0,739,62,1,0,0,4,13,14,0,0,0,9,5,0,362,35,3,0,0,21,1,0,0
0,0,17,0,0,2,0,105,0,1,3,3,0,3,0,0,0,0,6,0,0,2,17,1,1,0,0,1,0,17,0,47,5,28,0,4,0,2,5,0,0,3,0,1,0,3,0,3,0,0,3,0,0,3,1,0,0,2,2,1,3
0,0,3,14,37,0,0,0,0,0,0,14,60,5,0,0,111,5,1,29,2,0,0,11,0,8,8,0,3,4,7,13,3,0,0,2,0,0,0,0,135,15,45,0,2,2,0,1,4,0,0,214,0,0,0,1,17,0,0,1053,1
0,0,0,0,0,17,0,0,0,13,0,0,0,0,36,0,0,0,0,0,0,0,0,0,0,151,0,0,0,0,0,22,0,0,0,0,0,448,0,0,0,3,0,0,0,0,0,0,0,0,0,0,0,0,0,132,0,0,0,0,0
3,1,10,3,1,2,1,6,3,4,61,1,3,2,11,0,0,1,0,1,19,2,18,18,1,6,0,7,10,103,1,249,1,152,0,14,1,38,0,8,15,21,5,1,2,10,2,63,1,0,1,1,1,0,1,244,0,3,12,1,0
105,0,6,8,172,7,0,7,1,1,3,3,13,164,1,1,2151,28,1,269,39,0,0,4,0,15,10,0,10,25,18,30,2,1,0,13,3,28,0,0,370,1,156,0,3,1,1,10,16,1,0,233,0,1,0,86,23,0,3,302,3
9,2,82,3,4,4,0,33,2,7,10,1,3,5,2,2,64,27,0,19,66,1,34,3,10,0,18,3,9,710,4,42,24,63,1,3,12,1,0,32,34,7,377,4,2,10,1,13,15,3,3,18,0,2,0,26,60,1,5,52,11
3,0,2,0,0,2,7,4,2,0,21,0,26,5,1,2,91,357,3,7,7,1,4,1,0,4,27,18,0,10,9,11,3,0,0,0,7,0,0,1,18,2,255,21,3,3,4,305,38,3,1,3,0,2,220,7,212,0,0,50,5
0,397,63,0,1,0,127,0,7,0,8,16,1,1,0,70,0,11,43,0,0,176,23,1,514,0,3,157,0,24,24,1,3,95,95,0,105,0,102,380,0,0,1,84,9,21,225,2,0,2,352,0,48,57,13,0,0,566,2,1,19
0,0,66,0,0,0,0,0,12,0,0,12,0,0,0,0,0,1,1,0,0,59,0,0,0,0,0,2,0,0,309,1,2,14,21,1,0,0,4,0,0,0,0,0,62,53,0,0,2,0,1,1,3,17,5,0,0,0,49,2,249
0,0,2,0,4,0,0,0,2,0,1,0,1,0,0,1,0,0,0,0,0,1,1,0,0,0,56,0,2,1,0,0,6,0,0,0,0,0,1,1,4,0,6,0,0,0,0,0,19,0,0,0,0,0,0,0,7,0,0,2,6
0,0,6,1,14,0,4,7,9,0,1,5,3,0,0,8,6,2,1,0,0,2,2,1,2,0,274,13,0,5,0,2,31,5,0,1,3,0,0,13,16,2,18,7,2,3,0,0,190,1,4,0,0,0,0,1,7,3,1,6,35
0,0,0,0,0,0,0,0,1,0,1,0,1,0,0,0,0,0,0,0,0,0,0,0,0,0,11,0,0,0,0,0,0,0,0,0,3,0,0,0,1,0,1,0,1,0,0,0,17,0,1,0,0,0,0,0,0,0,0,0,0
3,0,1,7,23,0,0,16,0,2,1,8,2,4,1,1,1,0,0,1,40,0,0,487,0,0,8,1,10,22,2,333,37,1,0,8,0,1,0,0,50,3,7,0,1,6,0,101,12,0,0,48,0,0,1,1,0,0,1,9,2
0,18,8,0,0,0,161,0,7,0,0,1,0,1,0,393,0,1,414,0,0,4,6,7,21,0,0,32,0,10,2,0,60,3,7,1,9,0,11,24,1,0,0,32,0,4,480,0,0,1,14,0,2,3,281,1,0,23,1,0,2
0,32,2,0,0,0,4,0,1,0,167,6,15,7,0,3,0,65,0,0,0,7,88,0,220,0,1,112,0,38,0,0,0,0,55,0,425,0,24,15,0,0,0,80,0,3,0,1,0,94,383,0,4,340,1,0,0,87,0,0,2
5,0,0,1,12,3,0,11,0,3,0,0,0,6,0,0,1,0,0,6,2048,0,0,3,0,1,1,0,5,26,0,10,0,1,0,2,0,7,0,0,6,4,15,3,0,0,0,2,0,0,0,11,0,0,0,8,0,0,0,0,0
2,0,177,0,0,2,4,7,0,1,13,0,2,1,5,0,1,0,2,0,1,1,39,3,0,3,2,1,0,4,2,104,3,110,0,1,1,0,0,1,5,87,51,2,3,273,1,6,0,0,2,3,1,0,1,14,1,1,246,0,2
1,0,2,2,36,0,0,3,0,0,2,0,18,416,0,0,355,16,0,72,1,0,1,1,0,128,16,0,4,0,118,22,5,0,0,3,28,0,0,0,411,3,29,0,0,1,4,2,6,0,0,100,0,0,2,1,22,0,8,117,89
0,0,0,4444,255,0,0,1,0,0,0,0,0,0,0,0,0,0,0,0,1,0,0,0,0,0,2,0,1709,0,0,0,0,0,0,2812,0,0,0,0,1,0,0,0,0,0,0,0,0,0,0,0,0,0,0,0,0,0,0,3,0
2,2,3,3,0,0,2,3,3,2,14,1,6,1,3,0,0,7,0,0,17,4,52,13,2,9,1,2,17,14,0,37,6,27,1,15,0,4,0,10,3,139,2,2,0,5,1,433,2,1,4,0,2,0,1,7,3,1,24,1,5
0,11,3,0,0,0,3,0,7,0,305,1,50,0,117,1,0,26,0,0,0,3,8,3,6,0,6,20,7,1,4,1,2,2,7,1,10,0,2,31,5,6,6,2,5,4,4,358,8,18,19,0,5,2,10,0,30,12,6,0,3
0,89,96,0,0,0,104,0,22,0,176,2,69,62,0,28,0,118,43,2,0,110,202,0,260,0,2,564,0,256,21,18,9,55,8,1,295,0,23,148,7,33,3,481,7,35,156,1,261,98,532,1,4,190,2,0,24,269,4,19,132
2,69,242,0,4,2,212,12,30,0,350,11,105,259,1,52,3,363,127,28,2,70,273,6,263,9,121,769,1,262,28,154,27,126,27,2,400,0,45,307,211,90,34,712,10,96,57,8,121,146,442,3,13,208,33,1,216,414,4,47,615
0,4,0,0,0,0,379,0,139,0,1428,0,736,42,0,3,0,537,4,0,0,4,970,1,12,0,6,174,1,63,1,3,16,0,1,2,647,0,1,7,8,1,0,79,0,7,7,0,20,1262,104,2,0,183,5,0,70,12,0,0,9
1,0,0,0,0,15,0,0,0,7,86,0,1,0,19,3,0,0,0,0,0,0,0,5,0,96,0,0,0,0,1,40,0,0,0,0,0,498,0,0,1,5,0,0,0,0,3,0,0,0,0,0,0,0,0,400,0,0,0,0,0
13,0,26,1,1,0,0,13,1,17,2,1,0,1,149,0,0,1,1,2,17,2,123,4,1,8,1,0,11,26,0,320,9,877,0,4,0,13,0,2,5,1242,73,3,1,151,1,76,0,0,1,0,0,0,1,67,0,1,748,1,0
0,0,0,5,459,0,0,43,0,0,0,0,1,1653,0,0,64,1,2,1622,25,0,0,7,0,6,1,0,15,2,331,333,5,0,0,4,0,4,0,0,253,4,7,0,2,0,0,37,2,0,0,678,0,0,0,8,0,0,31,19,13
0,8,226,0,1,0,1,2,30,0,6,162,19,1,0,8,1,261,7,5,0,183,2,19,10,0,29,11,3,2,1505,1,27,28,124,0,83,0,152,7,1,3,62,8,203,703,3,8,24,6,3,160,53,696,38,0,361,3,107,29,271
0,0,34,0,51,2,0,16,36,0,8,7,2,0,0,30,7,9,1,3,2,3,4,26,2,0,1449,4,5,3,14,0,611,1,2,4,7,0,0,8,115,6,154,2,7,19,0,11,361,5,5,9,0,8,3,1,541,3,0,80,6
0,0,34,0,119,3,6,310,198,1,10,13,13,8,0,144,88,98,2,19,8,10,3,13,2,3,2143,13,3,5,30,3,218,1,3,12,8,2,5,13,363,1,372,10,15,8,4,140,1710,4,9,10,1,9,5,7,343,10,2,60,18
0,0,1,0,10,0,0,16,25,0,12,8,2,25,0,78,11,14,0,2,1,1,3,3,0,9,500,2,4,1,4,1,0,1,0,1,2,0,0,0,103,0,20,2,0,1,2,2,369,6,2,0,0,0,4,0,34,0,0,7,7
0,0,1,0,1,0,7,1,5,0,6,1,4,0,0,8,3,72,3,0,0,6,1,1,2,0,111,5,0,1,4,0,1,0,2,0,9,0,2,2,2,0,26,14,4,5,1,151,81,1,0,3,1,4,8,0,108,3,0,0,1
0,113,107,0,0,0,1,0,42,0,0,16,0,0,0,2,0,0,9,1,0,823,0,0,10,0,1,19,0,2,187,0,2,141,84,0,3,0,29,40,0,1,0,11,119,42,1,0,0,1,0,0,56,8,2,0,0,11,135,1,116
0,0,1,0,0,0,0,0,3,0,0,4,0,0,0,4,0,10,6,0,0,12,0,0,1,0,0,2,0,0,4,0,0,1,29,0,6,0,41,2,0,0,0,1,342,97,0,0,0,3,0,0,15,97,1,0,0,0,2,0,0
1,2,6,0,0,1,0,393,0,1,2,1,0,1,10,1,0,2,0,0,25,0,82,12,1,5,1,1,5,64,0,41,1,146,1,4,2,4,1,5,2,62,1,308,0,17,0,725,0,1,3,0,2,6,1,36,0,1,21,0,4
0,0,1,174,157,0,0,70,0,0,1,9,2,3,0,1,0,0,0,3,11,0,0,15,0,0,3,0,253,2,1,20,6,0,0,117,1,0,0,0,17,0,4,0,1,0,1,21,3,0,1,33,0,0,0,0,1,0,4,13,3
0,0,0,19,288,0,0,19,0,0,0,0,1,190,0,0,19,0,0,446,17,0,0,0,0,0,4,0,3,5,5,11,0,0,0,3,0,1,0,0,288,0,5,0,0,0,0,1,0,0,0,1107,0,0,0,1,1,0,0,174,1
0,37,37,6,101,3,12,813,152,0,55,67,70,29,2,11,26,38,25,15,3,26,90,20,20,0,29,85,9,10,97,24,15,42,39,6,68,0,21,95,193,12,43,27,161,30,7,58,23,47,133,22,50,14,17,1,61,91,121,25,22
0,135,23,0,2,49,415,1,264,0,11,35,16,3,0,721,0,16,1014,13,0,27,58,937,26,0,9,34,0,20,7,2,762,10,31,2,33,0,40,30,1,72,41,61,18,40,375,3,4,19,4,0,59,34,286,149,293,20,11,6,8
1631,0,0,0,0,1301,0,0,0,2259,0,0,0,0,1445,0,0,0,0,1,83,0,0,5,0,644,0,0,2,3,0,1,0,0,0,0,0,43,0,0,0,1,0,0,0,0,0,1,0,0,0,0,0,0,0,50,0,0,0,0,0
2,0,0,0,0,27,0,0,0,25,0,0,0,0,40,0,0,0,0,1,8,0,0,1,0,706,0,0,0,0,0,3,0,0,0,0,0,1414,0,0,0,2,0,0,0,0,0,1,0,0,0,0,0,0,0,7,0,0,0,0,0
24,1,2,1,2,23,0,18,0,34,10,0,0,0,39,1,0,0,0,1,40,1,34,97,0,23,0,3,5,222,0,433,0,165,0,14,1,199,0,3,31,83,4,4,0,4,0,113,0,0,3,0,4,0,1,1890,0,1,2,0,3
24,0,1,19,1034,12,0,94,0,8,0,10,8,699,5,0,392,18,1,885,66,0,0,6,0,6,22,0,27,107,129,144,2,1,0,18,0,110,0,0,620,1,69,0,2,0,0,20,15,1,0,1136,0,0,1,61,15,1,2,91,1
39,0,0,1,27,17,0,8,0,21,0,0,0,15,4,0,1,0,0,41,367,0,0,1,0,0,0,0,3,77,0,6,0,4,0,2,0,6,0,1,16,3,16,1,0,0,0,7,0,0,0,29,0,0,0,27,0,0,0,1,0
0,3,24,0,0,0,4,0,7,0,0,7,0,2,0,3,0,3,3,2,0,32,5,2,15,0,1,40,0,21,13,2,3,33,9,0,17,0,14,5,3,2,1,43,21,40,4,0,0,3,10,0,9,43,11,0,4,6,8,7,47
0,0,13,0,2,0,2,0,6,0,0,21,1,0,0,2,0,1,8,1,0,108,6,10,0,0,5,31,0,21,34,0,4,13,1,0,1,0,2,6,1,3,1,16,26,35,3,0,3,0,0,1,1,8,59,0,3,1,10,0,84
0,2,3,0,1,1,30,0,5,0,85,3,61,13,0,7,0,21,13,0,0,20,82,3,5,0,12,351,0,501,4,0,2,2,1,0,51,0,0,13,38,1,3,282,6,1,31,0,20,35,41,0,1,8,57,0,9,14,0,0,60
4,1,5,0,11,6,1,11,1,2,5,18,6,13,2,0,22,38,0,32,341,0,1,57,0,2,12,1,2,15,19,18,2,6,0,0,3,1,0,1,12,190,810,1,5,3,4,10,11,0,1,29,0,1,6,5,94,0,0,95,7
0,0,16,0,0,0,0,1,15,0,0,1133,1,2,0,2,0,32,4,0,1,2,5,63,1,0,9,2,0,1,97,2,307,5,2,0,5,0,47,2,0,4,11,3,300,413,2,0,7,1,1,1,10,113,61,2,29,0,6,175,27
0,0,0,0,0,0,69,0,0,0,124,0,643,2,1,26,0,28,1,0,0,4,238,0,0,0,2,58,0,20,1,0,4,0,1,39,22,0,0,2,2,2,1,11,1,1,134,0,5,92,41,0,1,6,27,3,1,3,0,0,0
839,0,0,0,1,1304,0,5,0,579,1,0,1,0,307,159,1,3,0,1,51,0,1,2,0,374,0,0,2,4,0,4,0,0,0,0,1,49,0,0,0,0,30,0,0,1,0,5,0,0,0,3,0,0,0,34,1,0,0,1,3
0,0,0,0,0,10,0,0,0,2,1,0,0,0,4,5,1,1,0,0,1,0,0,0,0,39,1,0,0,0,0,1,0,0,0,0,0,78,0,0,0,0,0,0,0,0,0,0,0,0,0,0,0,0,0,5,1,0,0,0,0
