0.60393,0.41231,0.12923,0.94312,0.36413,0.46768,0.21782,0.39044,0.29724,0.75112,0.45232,0.49393,0.37184,0.45591,0.6549,0.31145,0.63516,0.18546,0.4291,0.40746,0.61522,0.31016,0.43145,0.46999,0.31761,0.29983,0.4491,0.27978,0.80108,0.26067,0.4388,0.16379,0.34486,0.32313,0.28865,0.9006,0.256,0.49027,0.29541,0.29709,0.18099,0.59064,0.31619,0.28928,0.30544,0.25359,0.33212,0.29338,0.52085,0.62347,0.21179,0.28666,0.30153,0.2841,0.34033,0.58476,0.24789,0.31645,0.30983,0.4265,0.25789
0.41081
0,95,54,0,0,0,14,0,527,0,0,153,0,0,0,53,0,0,81,0,0,77,0,0,20,0,0,0,0,0,14,0,0,22,410,0,1,0,419,44,0,0,0,1,138,6,5,0,0,70,3,0,708,1,21,0,0,27,98,2,0
0,891,9,0,0,0,3,0,3,0,3,39,0,1,0,3,0,1,2,0,0,26,6,0,808,0,0,31,0,0,8,0,0,15,85,1,33,0,65,724,1,0,0,6,1,0,1,0,0,4,245,0,86,9,1,0,0,881,0,0,5
0,143,120,0,0,0,8,0,23,0,0,51,0,0,0,14,0,10,37,6,0,191,1,0,135,0,0,15,0,0,30,3,6,184,256,1,10,0,221,114,0,0,0,18,53,30,2,0,0,7,15,0,322,78,5,0,2,88,51,17,37
0,2,123,0,0,0,3,0,113,0,0,56,0,0,0,7,0,3,28,0,0,153,0,2,1,0,0,3,0,0,25,0,18,10,145,0,0,0,301,4,0,0,1,0,730,114,0,0,0,142,0,0,257,14,115,0,1,0,550,1,16
0,101,19,0,0,0,2,0,7,0,0,27,0,0,0,1,0,0,3,0,0,90,0,0,16,0,0,1,0,0,30,0,0,13,125,0,0,0,20,107,0,0,0,0,3,0,1,0,0,0,6,0,114,0,1,0,0,34,8,0,0
0,16,252,0,3,0,24,8,36,0,1,44,0,12,1,19,2,32,56,43,1,299,2,11,86,0,20,38,0,3,134,122,17,410,101,5,35,0,67,91,8,23,38,66,93,194,12,2,17,8,22,0,116,86,27,0,40,78,71,105,389
2,1,1,6,3,1,1,5,0,3,1,0,5,2,1,0,8,2,0,2,8,0,3,14,0,0,4,1,4,3,0,37,1,5,0,6,1,2,0,2,38,3,8,1,0,9,0,5,2,0,0,3,0,0,1,3,2,0,1,10,30
0,7,9,0,4,0,189,1,26,0,1,7,3,4,0,466,1,4,448,4,1,13,22,28,11,2,4,88,0,15,6,5,177,15,3,6,28,0,4,24,17,12,4,70,11,12,823,1,9,0,7,0,10,9,697,1,9,23,1,0,40
0,35,6,0,0,0,2,0,4,0,0,204,0,1,0,8,0,37,22,0,0,5,2,0,108,0,0,2,0,0,0,2,1,4,661,0,47,0,701,67,0,0,0,4,13,8,0,0,0,9,11,0,360,32,3,0,0,29,1,1,0
0,0,8,0,0,2,0,107,0,1,3,1,0,2,1,0,0,0,4,0,0,2,2,2,1,0,0,1,0,25,0,44,11,37,0,3,0,1,4,0,0,4,0,1,1,5,0,6,0,0,3,0,1,2,1,0,1,1,3,2,2
0,0,3,10,33,1,0,0,0,0,0,10,59,5,0,0,107,5,1,37,3,0,0,12,0,9,9,0,4,4,9,14,4,0,0,2,0,0,0,0,125,12,61,0,3,2,0,0,4,0,0,209,0,0,0,1,12,0,0,1059,1
0,0,0,0,0,16,0,0,0,10,0,0,0,0,39,0,0,0,0,0,0,0,0,0,0,130,0,0,0,0,0,22,0,0,0,0,0,482,0,0,0,3,0,0,0,0,0,0,0,0,0,0,0,0,0,120,0,0,0,0,0
4,1,11,2,1,2,1,8,2,7,63,1,3,0,13,0,0,1,0,0,21,6,12,24,5,8,0,5,10,134,1,229,3,112,0,17,1,35,0,7,18,21,6,0,1,8,3,75,0,0,0,1,0,1,1,246,1,5,9,0,0
99,0,7,8,156,6,0,9,2,2,3,4,15,173,1,2,2164,35,2,299,35,0,0,4,0,21,10,0,9,31,22,36,1,0,0,16,1,20,0,0,361,1,144,0,2,1,0,8,22,0,0,225,0,1,0,72,33,0,2,281,3
10,1,38,4,3,3,0,29,1,8,12,1,2,4,2,2,63,36,0,19,72,1,7,6,14,1,21,5,6,721,5,52,33,51,1,4,13,1,0,34,38,9,389,5,2,7,1,14,15,2,4,16,0,1,0,29,70,1,5,53,12
2,0,1,0,1,1,7,4,2,0,27,0,29,7,0,3,86,388,2,8,4,1,5,3,3,6,30,26,0,6,4,11,5,0,0,0,8,0,0,0,7,1,224,20,3,3,2,280,36,1,0,3,1,3,220,14,259,1,1,23,6
0,397,62,0,0,0,145,1,8,0,12,15,2,0,0,95,0,7,31,0,0,189,25,2,510,0,1,141,0,21,44,0,4,92,90,1,106,0,92,396,0,4,2,77,11,16,196,1,3,5,297,0,37,47,16,0,0,625,3,1,20
0,0,81,0,0,0,0,2,11,0,0,15,0,0,0,0,0,3,1,0,0,64,0,0,0,0,0,1,0,0,197,0,1,13,10,1,0,0,5,0,0,0,1,0,72,80,0,0,2,0,0,5,6,12,6,0,0,0,51,1,308
0,0,3,0,5,0,0,0,1,0,1,0,1,0,0,1,0,0,0,0,0,1,1,0,1,0,55,0,2,0,0,1,4,0,0,0,0,0,1,1,4,0,4,0,0,1,0,0,21,0,0,0,1,0,0,0,10,0,0,0,4
0,0,10,0,16,0,4,2,9,0,0,0,3,0,0,9,5,1,1,2,0,1,0,4,3,0,288,13,1,6,0,5,14,7,0,2,4,0,0,9,15,1,12,5,1,11,0,0,199,1,4,0,1,0,1,1,5,3,1,8,29
0,0,0,0,0,0,0,0,0,0,1,0,1,0,0,0,0,0,0,0,0,0,0,0,0,0,14,0,0,0,0,0,0,0,0,0,3,0,0,0,1,0,0,0,1,0,0,0,16,0,1,0,0,0,0,0,0,0,0,0,0
1,0,2,7,23,0,0,17,0,1,1,3,2,4,2,1,2,0,0,1,39,0,0,441,0,0,7,0,11,26,1,455,51,1,0,8,0,0,0,0,50,2,10,0,0,13,0,8,14,0,0,46,0,0,0,1,0,0,1,10,1
0,17,7,0,0,0,173,0,8,0,0,1,0,1,0,415,0,0,445,0,0,5,8,2,18,0,0,30,0,8,2,0,65,5,8,2,12,0,8,24,1,2,0,28,0,3,408,0,0,1,5,0,2,4,291,1,0,33,1,0,2
0,23,3,0,0,0,3,1,2,0,185,4,20,5,0,2,0,40,1,0,0,7,85,0,215,0,1,155,0,38,0,0,0,1,40,0,428,0,24,16,0,0,0,78,0,0,0,1,0,94,437,0,3,290,1,0,0,78,0,0,1
6,0,0,2,11,3,0,12,0,0,0,0,0,7,0,0,1,0,0,5,2037,0,0,3,0,1,1,0,4,26,0,14,0,1,0,4,0,5,0,0,5,4,18,3,0,0,0,3,0,0,0,17,0,0,0,8,0,0,0,0,0
2,0,177,0,0,1,3,6,0,1,15,0,2,1,7,1,1,4,1,0,1,1,47,1,1,2,2,1,0,3,0,93,1,130,0,0,1,1,0,0,6,77,61,3,3,269,2,12,0,0,1,3,1,2,0,15,3,0,225,0,2
1,0,4,2,33,0,1,5,0,0,3,0,18,435,0,0,342,17,0,61,1,0,2,1,0,119,18,0,0,0,118,22,2,0,0,1,30,0,0,1,414,7,25,0,0,1,3,1,7,0,0,107,0,0,2,1,20,0,3,128,89
0,0,0,4344,251,0,0,1,0,0,0,0,0,0,0,0,0,0,0,0,1,0,0,0,0,0,2,0,1635,0,0,0,0,0,0,2990,0,0,0,0,1,0,0,0,0,0,0,0,0,0,0,0,0,0,0,0,0,0,0,3,0
2,1,3,4,0,0,2,6,3,2,16,0,4,1,3,0,1,7,1,0,20,2,23,10,2,16,1,3,19,11,0,34,1,22,0,13,0,4,0,12,4,85,5,2,0,9,1,519,2,1,2,0,5,1,2,6,2,1,20,0,3
0,11,3,0,0,0,4,1,8,0,307,1,54,0,120,4,0,28,0,0,0,2,6,2,5,0,5,20,5,2,5,0,2,2,6,1,9,0,1,27,3,2,10,3,5,5,3,363,7,13,21,0,5,2,7,0,28,13,7,0,3
0,71,96,0,0,0,102,0,22,0,188,0,63,64,0,35,0,69,27,4,0,114,182,0,219,0,1,571,0,217,32,17,10,69,11,0,301,0,20,191,7,31,3,497,7,30,370,1,118,87,521,2,4,193,8,0,28,278,4,20,137
2,80,236,0,5,2,217,16,25,0,406,6,110,238,0,60,2,328,102,62,0,85,243,10,231,15,113,775,0,221,30,153,31,139,28,4,429,0,35,284,190,94,23,742,9,96,67,7,109,152,451,3,12,199,31,2,201,421,4,55,654
0,1,0,0,0,0,396,0,122,0,1366,0,766,29,0,5,0,431,1,0,0,6,985,1,12,0,7,199,1,76,0,4,16,0,1,1,629,0,1,6,12,1,0,79,0,5,19,0,24,1328,152,1,0,187,7,0,56,9,0,0,8
0,0,0,0,0,9,0,0,0,8,78,0,1,0,21,3,0,0,0,0,1,0,3,6,0,103,0,0,0,0,0,35,0,0,0,0,0,511,0,0,1,4,0,0,0,0,3,0,0,0,0,0,0,0,0,394,0,0,0,0,0
10,0,26,1,0,0,0,13,0,21,3,0,0,1,142,0,0,3,1,0,21,1,128,5,1,9,3,0,12,30,0,270,4,918,0,2,0,15,0,1,4,1199,86,3,2,145,1,113,1,0,1,0,1,2,1,71,0,0,747,0,0
0,0,0,4,442,0,0,55,0,0,0,0,1,1665,0,0,62,2,1,1475,29,0,0,5,0,5,1,0,14,4,339,340,0,0,0,5,0,2,0,0,255,4,8,0,2,1,0,7,2,0,0,835,0,0,0,10,2,0,25,21,14
0,6,241,0,2,0,3,9,41,0,5,181,13,2,0,7,1,405,8,2,0,182,1,21,13,0,27,8,3,3,1312,1,28,31,108,0,88,0,169,8,1,1,71,12,213,636,2,3,33,8,3,171,59,677,33,1,333,1,158,15,306
0,0,40,0,47,3,0,16,49,0,7,8,1,0,0,26,6,11,1,5,3,2,4,26,3,0,1358,3,2,3,14,0,530,3,1,13,9,0,1,6,112,4,117,3,5,22,0,9,408,3,5,9,1,9,3,1,677,1,1,93,3
1,0,50,0,117,4,5,309,179,0,12,14,15,7,0,94,85,108,3,24,6,11,2,14,2,6,2250,8,2,4,24,6,165,4,2,19,10,2,5,12,421,1,292,15,12,16,6,125,1786,2,8,10,1,3,6,5,297,4,1,55,18
0,0,0,0,8,0,0,20,15,0,6,8,6,28,0,27,9,11,0,2,1,1,4,4,0,7,559,3,3,1,6,0,0,1,0,8,3,0,0,0,101,0,15,3,0,4,2,2,379,6,3,0,0,0,3,1,26,0,0,4,6
0,0,1,0,0,0,7,1,11,0,4,1,7,0,0,6,2,82,4,0,0,7,1,2,2,0,102,7,0,1,4,0,0,0,2,0,8,0,1,2,2,0,18,15,3,1,0,140,83,0,0,2,2,3,11,0,121,4,0,0,2
0,68,108,0,0,0,2,1,44,0,0,19,0,0,0,3,0,0,6,0,0,803,0,0,12,0,1,16,0,0,214,0,3,141,70,0,3,0,28,38,0,0,0,9,122,35,1,0,0,1,0,0,65,9,3,0,0,19,178,1,113
0,1,1,0,0,0,0,0,4,0,0,5,0,0,0,3,0,15,7,0,0,12,0,0,1,0,0,2,0,0,10,0,0,1,30,0,6,0,50,2,0,0,0,1,333,83,0,0,0,3,0,0,15,96,1,0,0,0,2,0,0
1,1,4,0,0,0,0,413,0,1,3,0,0,2,6,0,0,1,0,0,24,0,15,9,2,4,1,1,3,89,0,37,1,121,2,5,1,3,1,5,1,58,1,298,0,10,0,815,0,0,6,0,6,4,0,34,0,2,16,1,4
0,0,2,169,166,0,0,69,0,0,0,5,2,4,0,1,0,0,0,1,9,0,1,15,0,0,4,0,239,1,1,28,3,1,0,131,1,0,0,0,17,0,5,0,0,1,0,15,3,0,1,34,0,1,1,0,0,0,3,17,1
0,0,0,18,291,0,0,17,0,0,0,0,2,185,0,0,17,0,0,517,19,0,0,1,0,0,4,0,3,8,5,11,0,0,0,4,0,0,0,0,278,1,8,0,0,0,0,0,0,0,0,1025,0,0,0,1,3,0,0,190,1
0,36,46,5,97,2,12,841,154,0,60,72,82,29,2,12,27,36,29,13,4,31,48,24,25,0,25,87,10,13,79,17,13,59,42,5,48,0,14,116,178,9,44,29,160,36,5,73,24,39,139,23,67,17,16,1,58,74,108,20,21
0,143,21,0,2,54,378,2,274,0,11,28,5,3,0,726,0,20,1044,12,0,30,68,877,33,0,11,32,0,17,7,1,828,10,38,2,36,0,44,22,3,86,28,62,19,38,357,1,3,20,5,0,53,37,289,128,290,21,15,7,9
1630,0,0,0,0,1259,0,0,0,2176,0,0,0,0,1503,0,0,0,0,0,98,0,0,4,0,701,0,0,2,5,0,4,0,0,0,0,0,41,0,0,0,0,0,0,0,0,0,0,0,0,0,0,0,0,0,47,0,0,0,0,0
2,0,0,0,0,24,0,0,0,21,0,0,0,0,43,0,0,0,0,0,6,0,0,1,0,665,0,0,0,0,0,4,0,0,0,0,0,1462,0,0,0,1,0,0,0,0,0,1,0,0,0,0,0,0,0,7,0,0,0,0,0
24,0,1,1,3,17,0,21,0,39,8,0,0,2,41,0,0,0,0,0,36,0,28,104,2,24,0,3,4,255,0,436,0,131,0,16,0,193,0,3,29,75,7,5,0,5,0,133,0,0,2,0,4,1,1,1880,0,2,1,0,2
17,0,1,18,1013,10,0,98,0,7,0,8,9,687,6,1,391,19,0,937,62,0,0,9,0,10,18,0,27,132,140,178,0,1,0,19,0,76,0,0,619,0,64,0,1,1,0,14,10,1,0,1126,0,1,1,41,15,0,1,94,1
40,0,0,1,27,13,0,7,0,20,0,0,0,12,3,0,1,0,0,42,377,0,0,1,0,1,0,0,2,84,0,5,0,0,0,1,0,6,0,1,13,2,17,1,0,0,0,5,0,0,0,30,0,0,0,28,0,0,0,1,0
0,6,26,0,0,0,4,1,7,0,1,6,0,0,0,4,0,3,3,3,0,32,2,1,14,0,0,37,0,18,6,2,3,37,11,0,23,0,18,7,3,2,1,46,22,35,4,0,0,2,9,0,7,42,9,0,2,8,11,5,49
0,0,11,0,2,0,2,1,5,0,0,24,1,0,0,2,0,3,9,0,0,108,4,11,0,0,3,29,0,18,26,0,4,12,1,0,1,0,1,5,1,2,2,17,21,56,3,0,4,0,0,1,3,5,60,0,1,2,16,0,77
0,4,3,0,1,1,32,0,5,0,92,4,63,10,0,8,0,14,15,2,0,21,57,3,8,0,9,357,0,444,6,0,1,1,0,0,63,0,0,17,39,2,4,318,4,9,35,0,15,36,34,0,0,6,62,0,9,14,0,0,71
4,1,2,0,15,8,1,14,1,2,4,17,6,14,1,0,19,43,0,31,319,0,2,65,0,2,10,1,3,16,15,20,3,5,0,0,2,1,0,1,13,176,873,1,5,4,3,10,8,0,1,17,0,1,5,3,81,0,0,88,6
0,1,17,0,0,0,0,1,18,0,0,1018,0,4,0,3,0,26,5,0,1,5,5,73,1,0,6,4,0,2,62,1,333,4,2,0,5,0,52,3,0,4,14,3,303,429,1,0,8,2,2,3,11,290,49,1,28,0,7,91,25
0,0,1,0,0,0,68,0,1,0,108,0,683,1,1,36,0,27,0,0,0,2,241,0,0,0,3,47,0,18,3,0,3,0,0,0,19,0,0,3,3,0,1,14,0,2,136,0,35,82,33,0,1,5,29,3,2,3,0,0,2
839,0,0,0,1,1242,0,4,0,565,2,0,1,0,332,158,1,4,0,1,48,0,0,2,0,430,0,0,1,3,0,5,0,0,0,1,1,44,0,0,0,0,36,1,0,1,0,5,0,0,0,1,0,0,0,33,2,0,0,0,3
0,0,0,0,0,8,0,0,0,2,1,0,0,0,4,5,1,2,0,0,3,0,0,0,0,41,1,0,0,0,0,2,0,0,0,0,0,75,0,0,0,0,0,0,0,0,0,0,0,0,0,0,0,0,0,4,1,0,0,0,0
