0.59852,0.3992,0.13289,0.94065,0.36663,0.46576,0.22541,0.39475,0.29854,0.7555,0.47082,0.51235,0.37407,0.45924,0.65221,0.3097,0.6314,0.20638,0.42232,0.42539,0.61627,0.31257,0.39245,0.4896,0.32467,0.30806,0.43371,0.28386,0.79705,0.25886,0.45294,0.16009,0.31431,0.30756,0.27821,0.90467,0.26838,0.48205,0.30237,0.2973,0.17841,0.58207,0.29657,0.28182,0.30393,0.26589,0.37817,0.27455,0.50766,0.60619,0.21389,0.29074,0.30208,0.30833,0.3376,0.58482,0.2022,0.3,0.33142,0.40502,0.25727
0.41082
0,92,63,0,0,0,14,0,532,0,0,156,0,0,0,69,0,0,72,0,0,82,0,0,15,0,0,0,0,0,5,0,0,21,409,0,0,0,443,45,0,0,0,1,133,14,9,0,0,73,3,0,667,4,22,0,0,26,91,1,2
0,901,9,0,0,0,3,0,2,0,2,48,0,1,0,4,0,1,2,0,0,24,6,0,837,0,0,27,0,1,6,0,0,17,81,0,31,0,70,726,1,0,0,7,1,0,2,0,0,7,266,0,99,11,1,0,0,798,0,0,5
0,142,116,0,0,0,8,0,24,0,0,56,0,0,0,13,0,7,40,7,0,194,1,0,122,0,0,19,0,0,22,5,6,182,257,1,5,0,233,123,0,1,1,20,54,44,5,0,0,8,15,0,308,83,2,0,3,81,40,16,40
0,4,144,0,0,0,3,0,99,0,0,52,0,0,0,9,0,3,34,0,0,160,0,3,1,0,0,2,0,0,28,0,18,11,158,0,0,0,304,5,0,0,1,0,727,128,0,0,0,153,0,0,207,15,122,0,0,1,526,1,19
0,112,23,0,0,0,2,0,7,0,0,26,0,0,0,1,0,0,1,0,0,85,0,0,14,0,0,1,0,0,13,0,0,16,117,0,0,0,20,115,0,0,0,0,2,0,1,0,0,0,6,0,127,0,2,0,0,33,5,0,0
0,24,261,0,3,0,27,7,43,0,0,51,0,9,2,22,3,29,67,43,1,325,2,9,69,0,24,44,0,4,154,120,12,378,109,4,25,0,57,120,10,18,39,76,99,150,15,1,17,8,20,1,93,98,24,0,31,66,49,106,417
3,1,1,5,1,0,1,3,0,1,0,1,6,2,3,0,8,2,0,4,6,0,3,20,0,0,3,2,10,1,0,32,1,4,0,5,1,2,0,2,39,2,6,1,2,2,0,6,1,0,0,6,0,0,1,3,2,0,1,10,35
0,10,9,0,0,0,175,1,27,0,1,7,3,3,0,407,0,2,438,5,1,13,17,30,12,1,4,92,0,20,6,5,165,15,4,8,24,0,4,31,18,9,6,69,8,12,939,0,5,1,17,0,3,7,686,1,6,18,1,0,36
0,49,6,0,0,0,2,0,3,0,0,196,0,0,0,8,0,36,28,0,0,4,2,0,105,0,0,0,0,0,0,2,0,4,646,0,41,0,726,62,0,0,0,3,14,13,0,0,0,9,7,0,361,36,3,0,0,23,1,0,0
0,0,14,0,0,1,0,105,1,1,3,2,0,2,1,0,0,0,3,0,0,2,19,2,1,0,0,1,0,12,0,51,8,31,0,3,0,1,4,0,0,2,0,1,1,3,0,5,0,0,3,0,1,2,1,0,0,2,2,1,3
0,0,3,14,34,0,0,0,0,0,0,15,64,5,0,0,116,5,1,31,3,0,0,12,0,8,8,0,3,2,8,13,3,0,0,2,0,0,0,0,130,13,50,0,2,2,0,1,2,0,0,210,0,0,0,1,19,0,0,1049,1
0,0,0,0,0,17,0,0,0,13,0,0,0,0,36,0,0,0,0,0,0,0,0,0,0,152,0,0,0,0,0,23,0,0,0,0,0,449,0,0,0,3,0,0,0,0,0,0,0,0,0,0,0,0,0,129,0,0,0,0,0
2,1,9,3,1,3,1,8,2,8,59,1,3,0,12,0,0,1,0,0,17,6,17,17,1,4,1,6,13,94,1,242,3,161,0,13,1,36,0,8,20,22,4,1,2,10,3,71,1,0,2,1,1,0,1,238,0,3,10,1,0
108,0,5,9,163,8,0,10,1,2,3,5,12,162,1,0,2172,28,1,293,43,0,0,3,0,18,12,0,9,26,18,34,2,0,0,10,2,26,0,0,377,1,147,0,1,1,1,9,13,1,0,220,0,2,1,71,31,0,3,281,3
11,3,80,3,6,4,0,29,1,6,10,1,3,5,3,2,62,29,0,19,55,2,33,3,11,1,19,2,9,701,4,46,24,82,1,3,14,1,0,31,35,7,365,6,2,10,0,13,14,3,3,17,0,2,0,23,65,4,4,55,12
1,0,2,0,3,1,8,5,1,0,23,1,27,5,0,1,92,382,4,6,7,1,5,0,2,6,26,17,0,6,9,8,4,0,0,0,8,0,0,1,16,2,237,21,2,1,3,291,34,3,1,3,0,3,221,11,243,1,0,28,5
0,411,60,0,0,0,136,1,7,0,11,16,1,1,0,73,0,10,44,0,0,181,23,1,511,0,2,156,0,23,21,0,2,98,96,0,102,0,96,378,0,0,1,79,10,20,222,1,0,4,341,0,49,52,9,0,0,578,2,1,20
0,0,67,0,0,0,0,0,11,0,0,13,0,0,0,0,0,3,1,0,0,61,0,0,0,0,0,1,0,0,309,1,2,11,21,1,0,0,3,0,0,0,0,0,60,57,0,0,2,0,1,1,2,16,5,0,0,0,44,2,254
0,0,2,0,4,0,0,0,2,0,1,0,1,0,0,1,0,0,0,0,0,1,1,0,0,0,55,0,2,1,0,1,5,0,0,0,0,0,1,1,4,0,7,0,0,0,0,0,22,0,0,0,0,0,0,0,6,0,0,1,5
0,0,5,1,14,0,5,5,9,0,1,3,3,0,0,8,6,1,1,1,0,1,1,1,3,0,267,14,0,5,0,4,29,5,0,1,5,0,0,11,18,2,17,6,2,4,0,1,195,1,4,0,2,0,0,1,8,5,1,6,34
0,0,0,0,0,0,0,0,1,0,1,0,1,0,0,0,0,0,0,0,0,0,0,0,0,0,12,0,0,0,0,0,0,0,0,0,3,0,0,0,1,0,0,0,1,0,0,0,17,0,1,0,0,0,0,0,0,0,0,0,0
3,0,1,7,24,0,0,17,0,1,1,7,2,4,1,1,1,0,0,2,35,0,0,483,0,0,10,0,12,26,2,347,33,1,0,7,0,1,0,0,51,3,8,0,0,9,0,93,11,0,0,44,0,0,1,1,0,0,1,10,2
0,18,7,0,0,0,164,0,7,0,0,1,0,1,0,396,0,2,422,0,0,4,5,6,19,0,0,34,0,12,2,0,57,3,6,1,9,0,10,23,1,0,0,32,0,4,474,0,0,0,8,0,3,3,281,1,0,27,1,0,2
0,28,2,0,0,0,4,1,2,0,182,6,14,6,0,2,0,56,0,0,0,7,87,0,210,0,1,127,0,35,0,0,0,0,43,0,430,0,24,12,0,0,0,83,0,3,0,1,0,95,407,0,4,323,1,0,0,84,0,0,2
5,0,0,1,12,2,0,11,0,3,0,0,0,6,0,0,1,0,0,6,2046,0,0,3,0,1,1,0,5,25,0,12,0,1,0,2,0,6,0,0,6,4,15,3,0,0,0,4,0,0,0,11,0,0,0,9,0,0,0,0,0
1,0,179,0,0,3,3,8,0,0,12,0,2,1,5,0,1,2,2,0,1,1,38,3,0,3,1,1,0,2,3,112,5,109,0,1,1,1,0,0,7,85,52,1,3,273,2,4,0,0,2,3,1,0,0,14,2,0,240,0,2
1,0,2,2,37,0,1,3,0,0,3,1,18,422,0,0,347,18,0,63,1,0,2,1,0,128,15,0,2,0,119,21,4,0,0,4,28,0,0,0,406,3,32,0,0,0,3,1,7,0,0,109,0,0,2,1,22,0,5,120,91
0,0,0,4406,253,0,0,1,0,0,0,0,0,0,0,0,0,0,0,0,1,0,0,0,0,0,2,0,1732,0,0,0,0,0,0,2828,0,0,0,0,1,0,0,0,0,0,0,0,0,0,0,1,0,0,0,0,0,0,0,3,0
2,2,2,3,0,0,2,4,3,2,14,2,6,1,3,0,1,7,0,0,21,3,53,13,4,12,3,3,19,14,0,30,5,26,1,13,0,3,0,9,4,138,2,1,0,7,2,432,1,0,4,0,3,0,2,4,1,1,24,1,6
0,11,3,0,0,0,3,0,7,0,305,0,57,0,119,1,0,25,0,0,0,1,7,3,7,0,4,15,7,2,5,1,2,2,5,2,10,0,1,30,3,6,8,2,5,7,4,358,9,16,21,0,4,2,8,0,32,15,5,0,1
0,74,93,0,0,0,103,0,19,0,177,1,72,57,0,29,0,94,40,3,0,112,197,0,257,0,2,577,0,271,19,15,7,55,9,1,289,0,24,162,6,35,3,488,7,35,157,1,256,108,539,1,3,178,4,0,28,278,5,23,128
1,68,231,0,5,2,223,16,24,0,360,11,102,246,1,50,3,340,124,37,0,78,258,5,261,8,121,786,1,262,27,141,29,129,28,2,405,1,36,310,194,87,36,713,11,97,63,7,113,155,462,2,11,201,32,2,209,423,5,53,637
0,2,0,0,0,0,379,0,120,0,1404,0,753,36,0,3,0,479,4,0,0,6,967,1,8,0,6,182,1,64,1,3,16,0,1,1,646,0,1,6,11,1,0,85,0,9,5,0,24,1313,121,2,0,192,6,0,71,12,0,0,8
1,0,0,0,0,14,0,0,0,7,86,0,1,0,20,3,0,0,0,0,0,0,0,5,0,103,0,0,0,0,1,40,0,0,0,0,0,498,0,0,1,5,0,0,0,0,2,0,0,0,0,0,0,0,0,394,0,0,0,0,0
16,1,22,1,1,1,0,16,1,16,3,1,0,1,150,0,0,3,1,1,19,1,117,3,1,8,2,0,11,22,1,329,11,883,0,4,0,13,0,1,4,1227,76,2,2,153,1,66,1,0,1,0,0,2,1,69,0,1,749,1,1
0,0,0,5,431,0,0,44,0,0,0,0,1,1662,0,0,65,1,1,1545,28,0,0,5,0,6,1,0,17,1,329,327,7,1,0,5,1,3,0,0,251,4,10,0,2,0,0,30,1,0,0,770,0,0,0,11,1,0,31,26,14
0,8,229,0,2,0,1,3,35,0,6,164,14,1,0,6,1,309,6,2,0,185,1,22,13,0,26,12,3,2,1458,1,33,28,125,0,85,0,149,4,2,1,58,14,216,665,3,5,24,6,4,148,53,711,46,0,351,3,106,34,282
0,0,31,0,49,1,0,13,40,0,7,8,5,0,0,27,6,9,1,2,4,3,2,27,3,0,1468,9,4,2,15,0,616,1,1,2,9,0,0,7,110,2,151,3,5,20,0,12,358,3,6,10,0,7,3,2,533,1,0,86,3
1,0,35,0,117,4,6,309,206,1,10,11,11,8,0,140,84,108,3,22,8,9,3,13,1,2,2146,13,3,5,34,2,219,1,2,8,10,2,5,9,370,1,350,12,13,10,4,137,1723,5,5,11,1,11,5,5,347,8,0,60,16
0,0,1,0,10,0,0,15,24,0,9,8,3,29,0,84,8,11,0,2,1,0,2,2,0,8,491,3,3,1,4,0,0,1,0,0,2,0,0,0,109,0,25,3,0,3,2,2,374,7,2,0,0,0,5,0,32,0,0,5,5
0,0,1,0,2,0,5,1,6,0,4,0,5,0,0,8,3,81,2,0,0,8,1,1,0,0,112,4,0,0,5,0,1,2,1,0,7,0,2,2,2,0,24,15,2,4,1,157,78,1,0,2,2,5,6,0,103,4,0,0,2
0,117,113,0,0,0,1,0,44,0,0,18,0,0,0,2,0,0,7,1,0,818,0,0,10,0,0,18,0,2,183,0,2,139,84,0,3,0,27,40,0,1,1,11,115,45,1,0,0,1,0,0,55,9,2,0,0,16,134,1,115
0,1,1,0,0,0,0,0,3,0,0,4,0,0,0,4,0,10,6,0,0,12,0,0,1,0,0,2,0,0,4,0,0,1,29,0,6,0,43,2,0,0,0,1,344,94,0,0,0,2,0,0,13,98,1,0,0,0,2,0,0
1,3,5,0,0,1,0,400,1,1,1,2,0,1,10,0,0,1,0,0,27,0,84,8,2,5,1,1,3,50,0,43,2,149,1,5,2,4,1,7,1,61,1,311,0,14,0,738,0,0,6,0,3,4,1,33,0,2,12,0,3
1,0,1,175,152,0,0,72,0,0,0,8,2,3,0,1,0,0,0,3,11,0,1,14,0,0,4,0,257,2,1,18,6,0,0,115,1,0,0,0,18,0,5,0,0,1,1,19,3,0,1,35,0,0,0,0,0,0,4,15,2
0,0,0,18,297,0,0,17,0,0,0,0,2,187,0,0,16,0,0,483,20,0,0,0,0,0,4,0,3,4,4,12,0,0,0,2,0,1,0,0,285,0,4,0,0,0,0,2,0,0,0,1058,0,0,0,2,3,0,0,184,1
0,38,40,7,103,1,12,827,155,0,51,71,78,28,2,10,26,43,26,17,3,25,86,18,21,0,28,77,9,10,102,19,17,41,42,5,58,0,21,99,190,7,48,27,161,27,6,62,21,39,137,24,51,15,18,1,55,93,115,22,21
0,128,20,0,1,48,408,2,275,0,10,33,9,2,0,712,1,19,1033,11,0,24,66,942,33,0,9,35,0,21,7,2,771,12,30,2,35,0,41,29,2,73,41,57,18,42,379,2,4,19,3,0,58,34,278,131,290,23,11,5,9
1622,0,0,0,0,1292,0,0,0,2268,0,0,0,0,1444,0,0,0,0,0,90,0,0,6,0,647,0,0,2,5,0,1,0,0,0,0,0,44,0,0,0,0,0,0,0,0,0,1,0,0,0,0,0,0,0,48,0,0,0,0,0
2,0,0,0,0,25,0,0,0,25,0,0,0,0,38,0,0,0,0,0,7,0,0,1,0,703,0,0,0,0,0,3,0,0,0,0,0,1423,0,0,0,2,0,0,0,0,0,1,0,0,0,0,0,0,0,7,0,0,0,0,0
24,1,4,2,2,17,0,22,0,35,8,0,0,0,37,0,0,0,0,0,42,1,32,97,0,22,0,4,5,217,0,430,0,181,0,14,1,203,0,2,34,87,4,4,0,5,0,113,0,0,5,0,4,0,1,1872,0,1,3,0,3
21,0,1,20,1024,11,0,93,0,6,0,10,8,679,5,0,396,21,1,941,67,0,0,6,0,9,18,0,23,106,134,162,1,0,0,18,0,107,0,0,610,1,69,0,2,0,0,20,14,1,0,1124,0,0,1,41,14,1,2,95,1
40,0,0,1,25,17,0,4,0,22,0,0,0,14,3,0,1,0,0,46,367,0,0,1,0,2,0,0,3,78,0,4,0,7,0,2,0,5,0,1,13,4,17,1,0,0,0,7,0,0,0,28,0,0,0,27,0,0,0,1,0
0,3,25,0,0,0,4,1,7,0,2,7,0,1,0,2,0,3,4,3,0,35,2,1,15,0,0,38,0,22,11,1,2,35,11,0,17,0,12,5,3,2,0,45,23,39,4,0,0,3,11,0,7,42,11,0,2,6,8,6,51
0,0,11,0,2,0,2,0,6,0,0,21,1,0,0,2,0,1,7,1,0,116,5,8,0,0,4,33,0,20,33,0,4,11,1,0,1,0,2,6,1,2,2,18,22,39,3,0,3,0,0,2,1,8,62,0,2,2,11,0,78
0,3,3,0,1,1,30,0,5,0,83,3,61,12,0,7,0,18,13,1,0,20,70,3,6,0,11,352,0,489,4,0,2,2,1,1,59,0,0,12,39,2,4,292,6,2,25,0,21,40,37,0,1,6,66,0,9,16,0,0,60
4,1,6,0,13,8,1,13,2,2,5,18,7,14,1,0,18,39,0,31,337,0,2,59,0,1,12,1,1,15,16,17,2,4,0,0,1,1,0,1,13,178,831,1,5,6,4,11,10,0,1,19,0,1,6,3,88,0,0,106,7
0,0,16,1,0,0,0,1,16,0,1,1120,1,0,0,3,0,47,6,0,1,2,6,61,1,0,8,3,0,1,89,1,310,9,2,0,5,0,41,2,0,3,11,3,307,414,2,0,7,2,1,1,9,118,58,4,24,0,6,174,25
0,0,0,0,0,0,73,1,1,0,121,0,652,2,1,26,0,31,0,0,0,4,240,0,1,0,3,55,0,20,2,0,5,0,0,29,23,0,0,2,2,1,1,11,0,2,135,0,8,79,46,0,1,5,23,3,1,4,0,0,2
839,0,0,0,1,1299,0,6,0,580,1,0,1,0,311,157,1,3,0,0,50,0,0,2,0,384,0,0,1,4,0,3,0,1,0,1,1,44,0,0,0,0,31,0,0,1,0,3,0,0,0,2,0,0,0,34,1,0,0,0,5
0,0,0,0,0,8,0,0,0,2,1,0,1,0,5,5,1,1,0,0,0,0,0,0,0,40,1,0,0,0,0,2,0,0,0,0,0,77,0,0,0,0,1,0,0,0,0,0,0,0,0,0,0,0,0,4,1,0,0,0,0
