0.6068,0.40874,0.128,0.94299,0.36009,0.46932,0.21464,0.39641,0.29545,0.75266,0.45365,0.4949,0.36733,0.4574,0.65219,0.30401,0.63471,0.18526,0.43044,0.41018,0.61079,0.30793,0.43501,0.47709,0.31824,0.29712,0.44732,0.28159,0.80381,0.26391,0.43721,0.1642,0.34806,0.32,0.29222,0.89696,0.2549,0.48684,0.29387,0.29611,0.18272,0.58876,0.31188,0.28616,0.30372,0.2521,0.32919,0.29457,0.52241,0.6184,0.21224,0.28713,0.30499,0.28529,0.3335,0.58683,0.24524,0.31564,0.31083,0.42996,0.25804
0.41049
0,97,55,0,0,0,16,0,533,0,0,150,0,0,0,53,0,0,80,0,0,77,0,0,20,0,0,0,0,0,13,0,0,23,401,0,1,0,421,48,0,0,0,1,139,7,5,0,0,69,3,0,703,1,19,0,0,28,99,2,0
0,889,10,0,0,0,3,0,3,0,3,39,0,1,0,3,0,1,3,0,0,25,5,0,808,0,0,30,0,0,8,0,0,16,82,1,33,0,68,724,1,0,0,5,1,0,1,0,1,4,247,0,87,9,2,0,0,880,0,0,4
0,144,118,0,0,0,7,0,22,0,0,50,0,0,0,12,0,9,31,6,0,192,1,0,139,0,0,15,0,0,30,4,7,188,254,1,12,0,225,115,0,0,0,19,54,28,4,0,0,7,15,0,315,81,6,0,3,88,51,17,34
0,4,122,0,0,0,3,0,116,0,0,56,0,0,0,6,0,3,27,0,0,154,0,2,1,0,0,3,0,0,24,0,15,9,143,0,0,0,299,4,0,0,1,0,735,111,0,0,0,145,0,0,257,11,116,0,1,0,552,1,17
0,99,19,0,0,0,1,0,7,0,0,27,0,0,0,1,0,0,3,0,0,92,0,0,16,0,0,1,0,0,29,0,0,13,124,0,0,0,22,108,0,0,0,0,3,0,1,0,0,0,6,0,115,0,1,0,0,33,8,0,0
0,18,251,0,3,0,24,9,37,0,1,46,0,11,1,20,2,32,55,45,1,305,2,8,89,0,18,36,1,2,132,123,18,410,91,5,32,0,71,96,7,22,35,72,88,199,13,1,21,8,21,0,114,89,28,0,37,74,72,107,383
2,1,0,5,2,0,1,4,0,1,1,0,5,3,1,0,11,2,0,2,8,0,3,13,0,0,4,2,4,2,0,36,1,6,0,7,1,3,0,2,37,2,9,1,0,8,0,4,2,0,0,6,0,0,1,3,2,0,1,10,32
0,7,9,0,4,0,195,1,31,0,1,8,3,4,0,463,1,3,461,3,0,12,20,30,11,2,3,91,0,13,6,5,178,16,4,6,28,0,5,23,14,13,4,72,11,11,821,2,9,0,7,0,9,7,684,1,7,24,1,0,38
0,35,6,0,0,0,2,0,5,0,0,203,0,1,0,7,0,38,22,0,0,5,2,0,113,0,0,2,0,0,0,2,1,5,661,0,46,0,700,66,0,0,0,2,12,10,0,0,0,9,11,0,355,38,4,0,0,25,1,1,0
0,0,6,0,0,1,0,107,1,1,3,1,0,1,0,0,0,0,4,0,0,2,1,3,0,0,0,1,0,24,0,46,11,39,1,5,0,2,4,0,0,3,0,1,1,4,0,6,0,0,4,0,1,2,1,0,1,1,3,1,2
0,0,2,10,32,0,0,1,0,0,0,11,58,5,0,0,104,6,1,36,1,0,0,12,0,8,11,0,4,4,7,14,3,0,0,2,0,0,0,0,129,12,59,0,3,2,0,0,3,0,0,212,0,0,0,1,14,0,0,1062,1
0,0,0,0,0,17,0,0,0,11,0,0,0,0,38,0,0,0,0,0,0,0,0,0,0,130,0,0,0,0,0,22,0,0,0,0,0,483,0,0,0,2,0,0,0,0,0,0,0,0,0,0,0,0,0,119,0,0,0,0,0
3,1,8,2,2,2,1,7,2,6,66,1,3,0,13,0,1,1,0,0,24,7,14,26,3,8,0,5,7,125,1,232,3,118,0,17,1,37,0,10,16,23,4,1,1,10,4,70,1,0,0,1,0,0,1,244,1,5,7,0,0
98,0,8,9,165,7,0,10,0,2,1,4,16,164,2,3,2158,41,2,298,38,0,0,3,0,18,9,0,7,29,20,35,1,1,0,18,1,22,0,0,355,1,145,0,2,1,0,6,18,1,0,226,0,1,1,80,32,0,3,284,3
11,2,48,6,2,4,0,26,1,8,12,1,3,6,2,2,61,36,0,17,70,1,9,5,13,1,22,3,6,721,4,50,33,51,1,4,13,1,0,37,34,7,383,5,2,10,2,15,14,2,5,16,0,1,0,28,71,1,3,53,14
2,0,1,0,2,2,7,5,1,0,23,0,27,7,0,2,85,394,2,7,7,1,4,3,1,9,27,24,0,5,5,9,4,0,0,0,7,0,0,0,11,1,223,24,4,3,2,274,33,1,0,3,1,3,222,13,268,1,0,24,4
0,400,61,0,0,0,135,1,8,0,13,13,2,0,0,89,0,6,34,0,0,191,23,2,513,0,2,150,0,22,42,0,3,93,96,1,107,0,92,393,0,5,2,77,10,17,201,2,2,6,292,0,33,49,17,0,0,621,3,1,20
0,0,81,0,0,0,0,2,11,0,0,12,0,0,0,0,0,3,1,0,0,64,0,0,0,0,0,1,0,0,199,0,1,12,12,1,0,0,4,0,0,0,2,0,71,79,0,0,3,0,0,5,5,12,7,0,0,0,50,1,310
0,0,3,0,4,0,0,0,2,0,1,0,1,0,0,1,0,0,0,0,0,1,1,0,1,0,52,0,2,0,0,1,4,0,0,0,0,0,1,1,4,0,4,0,0,1,0,0,23,0,0,0,1,0,0,0,9,0,0,1,5
0,0,10,1,17,0,6,3,9,0,1,1,3,0,0,9,7,2,1,1,0,0,0,1,3,0,283,13,0,6,0,4,13,7,0,2,4,0,0,9,19,1,8,4,2,11,0,0,204,2,4,0,2,0,1,1,3,3,1,6,29
0,0,0,0,0,0,0,0,0,0,1,0,1,0,0,0,0,0,0,0,0,0,0,0,0,0,12,0,0,0,0,0,0,0,0,0,3,0,0,0,1,0,0,0,2,0,0,0,17,0,1,0,0,0,0,0,0,0,0,0,0
1,0,2,7,23,0,0,15,0,1,1,3,2,5,1,1,1,0,0,2,34,0,0,446,0,0,6,0,10,27,1,454,51,1,0,8,0,0,0,0,53,2,11,0,0,11,0,10,13,0,0,45,0,0,0,1,0,0,1,12,1
0,16,9,0,0,0,174,0,8,0,0,1,0,1,0,402,0,0,447,0,0,6,6,2,18,0,0,31,0,8,2,0,65,5,8,3,14,0,9,23,1,2,0,27,0,3,413,0,0,1,5,0,2,4,291,1,0,34,1,0,3
0,25,2,0,0,0,3,1,2,0,190,4,20,6,0,2,0,39,1,0,0,8,85,0,216,0,1,158,0,37,0,0,0,1,37,0,420,0,24,15,0,0,0,73,0,0,1,1,1,96,438,0,3,295,0,0,0,76,0,0,1
5,0,0,2,11,4,0,12,0,1,0,0,0,7,0,0,1,0,0,6,2037,0,0,3,0,1,1,0,4,25,0,16,0,1,0,3,0,7,0,0,5,4,15,3,0,0,0,3,0,0,0,15,0,0,0,8,0,0,0,1,0
2,0,179,0,0,0,3,7,1,3,15,0,2,1,7,0,1,2,1,0,2,2,46,1,0,3,2,1,0,3,0,99,1,124,0,0,1,1,0,0,5,77,61,1,3,269,2,13,0,0,1,3,1,2,0,14,2,0,226,0,2
1,0,4,2,36,0,1,6,0,0,3,0,18,437,0,0,343,19,0,60,1,0,1,1,0,119,17,0,0,0,117,23,2,0,0,3,29,0,0,0,415,6,29,0,0,1,3,0,5,0,0,108,0,0,2,1,20,0,3,119,90
0,0,0,4350,246,0,0,1,0,0,0,0,0,0,0,0,0,0,0,0,1,0,0,0,0,0,1,0,1647,0,0,0,0,0,0,2977,0,0,0,0,1,0,0,0,0,0,0,0,0,0,0,1,0,0,0,0,0,0,0,3,0
2,1,2,6,0,0,2,4,3,2,14,0,6,1,2,0,1,7,1,0,20,3,22,9,3,17,1,3,19,10,0,35,2,26,0,12,1,4,0,11,4,90,4,2,0,9,1,511,1,0,2,0,4,1,2,7,2,1,22,0,4
0,11,3,0,0,0,3,0,8,0,304,1,59,0,119,3,0,25,0,0,0,1,7,2,7,0,5,19,5,2,5,0,2,3,6,2,8,0,1,28,3,2,8,3,5,7,3,365,6,13,20,0,4,2,9,0,30,14,7,0,1
0,74,98,0,0,0,98,0,22,0,195,0,62,62,0,33,0,78,26,4,0,113,180,0,217,0,3,561,0,224,32,17,8,71,13,0,297,0,25,191,6,29,2,506,7,31,370,1,116,90,520,2,2,192,9,0,28,273,4,19,131
1,84,240,0,5,3,220,15,24,0,401,9,110,245,2,59,4,339,99,60,1,84,247,7,229,11,115,780,0,225,31,149,30,140,26,4,427,0,37,279,180,92,22,736,8,94,69,7,103,153,441,2,12,192,36,2,211,426,4,55,658
0,1,0,0,0,0,390,0,124,0,1380,0,760,24,0,6,0,440,1,0,0,6,984,1,10,0,7,197,1,74,0,4,16,0,1,1,624,0,1,4,13,1,0,76,0,4,19,0,23,1324,156,1,0,191,7,0,59,11,0,0,8
0,0,0,0,0,10,0,0,0,8,87,0,1,0,21,3,0,0,0,0,1,0,3,8,0,98,0,0,0,0,0,35,0,0,0,0,0,512,0,0,2,4,0,0,0,0,3,0,0,0,0,0,0,0,1,383,0,0,1,0,0
12,0,25,1,1,0,0,11,1,18,4,0,0,1,147,0,0,3,2,0,18,2,126,5,1,10,2,0,11,29,0,278,4,920,0,3,0,14,0,1,4,1194,79,3,2,150,1,120,1,0,1,0,0,1,1,64,0,0,746,0,1
0,0,1,5,438,0,0,53,0,0,0,0,1,1659,0,0,61,1,1,1491,30,0,0,5,0,7,1,1,11,5,344,339,0,0,0,6,0,2,0,0,255,3,7,0,2,1,0,7,2,0,0,828,0,0,0,10,1,0,23,23,13
0,7,242,0,3,0,2,7,38,0,5,184,14,2,0,9,1,409,10,2,0,186,1,20,14,0,23,8,3,3,1309,1,29,33,108,0,92,0,163,7,1,0,71,13,218,629,3,3,34,8,3,171,48,677,35,1,340,1,141,19,315
0,0,37,0,47,3,0,16,50,0,8,8,3,0,0,29,6,11,1,5,3,4,3,23,2,0,1362,3,2,2,12,0,533,5,2,11,8,0,2,6,125,4,126,2,7,18,0,9,397,2,6,9,1,7,3,2,670,4,0,84,4
0,0,50,0,122,4,6,305,183,1,10,13,15,8,0,134,81,108,3,22,9,9,3,15,2,4,2216,11,2,5,26,7,163,2,1,24,9,1,3,15,408,1,298,14,13,16,6,118,1783,3,7,11,2,4,5,4,299,7,2,52,20
0,0,1,0,7,0,0,17,15,0,7,8,4,27,0,28,10,12,0,1,1,1,4,3,0,9,549,4,3,1,3,0,0,1,0,10,2,0,0,0,110,0,16,3,0,5,2,2,384,6,2,0,0,0,4,0,23,0,0,4,7
0,0,2,0,3,0,8,0,12,0,5,1,5,0,0,8,2,79,3,0,0,5,1,1,0,0,99,4,0,0,3,0,0,0,1,0,7,0,1,2,2,0,18,18,3,3,0,144,84,1,0,2,3,1,12,0,119,7,1,0,2
0,68,112,0,0,0,2,1,41,0,0,18,0,0,0,3,0,0,6,0,0,800,0,0,12,0,1,15,0,0,218,0,3,138,67,0,3,0,28,36,0,0,0,10,124,36,1,0,0,1,0,0,65,8,4,0,0,20,180,1,114
0,1,1,0,0,0,0,0,4,0,0,5,0,0,0,3,0,14,7,0,0,12,0,0,1,0,0,2,0,0,10,0,0,1,31,0,6,0,48,2,0,0,0,1,336,81,0,0,0,4,0,0,15,95,1,0,0,0,3,0,0
1,1,5,0,0,1,0,397,1,1,3,0,0,2,9,0,0,1,0,0,29,0,14,7,0,3,1,0,5,84,0,32,1,129,4,5,1,3,1,6,2,61,2,304,0,11,0,813,0,1,7,0,6,3,0,33,0,3,15,1,3
0,0,1,167,166,0,0,72,0,0,0,5,2,3,0,1,0,0,0,1,10,0,1,15,0,0,2,0,240,2,1,26,3,1,0,132,1,0,0,0,16,0,5,0,0,1,0,15,4,0,1,36,0,0,1,0,0,0,3,16,2
0,0,0,16,298,0,0,16,0,0,0,0,2,186,0,0,15,0,0,523,19,0,0,0,0,0,4,0,5,7,6,11,0,0,0,1,0,0,0,0,279,1,9,0,0,0,0,1,0,0,0,1022,0,0,0,0,2,0,0,185,1
0,36,43,4,97,1,11,840,158,0,64,66,91,31,1,12,28,39,28,13,4,29,43,22,23,0,25,82,10,12,86,16,12,60,41,5,50,0,21,120,168,10,48,28,164,30,5,74,24,37,140,24,60,15,19,1,53,78,110,21,23
0,142,21,0,1,53,383,4,281,0,12,32,5,3,0,712,1,19,1055,14,0,29,68,885,28,0,11,32,0,18,7,1,843,9,33,2,39,0,42,24,3,92,27,55,17,35,359,1,1,22,4,0,53,40,272,129,277,23,12,7,12
1625,0,0,0,0,1262,0,0,0,2191,0,0,0,0,1502,0,0,0,0,0,95,0,0,4,0,692,0,0,2,3,0,4,0,0,0,0,0,41,0,0,0,0,0,0,0,0,0,0,0,0,0,0,0,0,0,49,0,0,0,0,0
2,0,0,0,0,24,0,0,0,20,0,0,0,0,44,0,0,0,0,0,6,0,0,1,0,667,0,0,0,0,0,3,0,0,0,0,0,1461,0,0,0,1,0,0,0,0,0,1,0,0,0,0,0,0,0,7,0,0,0,0,0
20,1,2,1,3,20,0,23,0,36,9,0,0,1,37,1,0,0,1,0,36,0,30,103,1,22,0,3,5,243,0,431,0,137,0,16,1,198,0,3,30,75,6,3,0,7,0,132,1,0,2,0,4,0,1,1889,0,2,1,0,2
18,0,2,18,1005,10,0,94,0,5,0,8,10,670,6,0,391,24,0,941,65,0,0,5,0,11,18,0,27,134,144,170,0,1,0,19,0,79,0,0,624,1,66,0,2,0,0,13,10,1,0,1129,0,1,1,50,16,0,2,92,1
35,0,0,1,28,14,0,6,0,24,0,0,0,13,3,0,1,0,0,41,377,0,0,2,0,1,0,0,3,80,0,4,0,1,0,1,0,6,0,1,13,2,17,1,0,0,0,6,0,0,0,30,0,0,0,29,0,0,0,1,0
0,4,26,0,0,0,4,1,8,0,2,6,0,1,0,3,0,3,3,3,0,32,2,1,15,0,0,38,0,18,6,0,3,37,10,0,23,0,17,7,2,2,1,48,24,36,5,0,0,2,9,0,8,41,8,0,1,7,11,6,48
0,0,12,0,2,0,2,1,5,0,0,23,1,0,0,2,0,3,9,0,0,109,4,10,0,0,4,29,0,19,25,0,4,12,1,0,1,0,1,5,0,2,2,16,20,56,3,0,4,0,0,1,3,5,59,0,2,2,17,0,78
0,4,3,0,1,1,31,1,5,0,90,4,59,9,0,10,0,15,15,1,0,21,55,3,8,0,10,360,0,442,5,0,1,1,0,0,66,0,0,16,41,1,3,322,4,9,35,0,16,37,34,0,0,6,65,0,8,12,0,0,69
2,1,2,0,14,9,2,12,2,2,4,17,6,14,1,0,20,45,0,30,332,0,2,67,0,2,10,1,2,14,15,21,3,5,0,0,2,1,0,1,14,173,853,3,5,3,3,9,9,0,1,19,0,1,6,3,87,0,1,85,7
0,1,15,0,0,0,0,1,18,0,0,1018,1,4,0,4,0,28,4,0,1,4,4,67,1,0,10,4,0,2,62,0,342,3,2,0,4,0,46,3,0,4,13,3,315,425,2,0,7,2,2,3,10,280,51,2,28,0,8,93,26
0,0,1,0,0,0,71,0,1,0,102,0,687,1,2,34,0,30,0,0,0,3,235,0,0,0,3,46,0,18,4,0,5,0,0,0,22,0,0,3,2,0,1,13,0,1,131,0,33,83,32,0,1,5,35,3,2,3,0,0,3
835,0,0,0,1,1230,0,4,0,567,0,0,1,0,338,164,1,4,0,0,51,0,0,3,0,434,0,0,1,3,0,4,0,0,0,1,1,47,0,0,0,0,36,1,0,1,0,1,0,0,0,1,0,0,0,31,2,0,0,0,4
0,0,0,0,0,7,0,0,0,2,0,0,0,0,4,5,1,1,0,0,3,0,0,0,0,42,1,0,0,0,0,2,0,0,0,0,0,76,0,0,0,0,0,0,0,0,0,0,0,0,0,0,0,0,0,5,1,0,0,0,0
