0.62357,0.3106,0.14046,0.93731,0.36025,0.51878,0.31916,0.34821,0.27105,0.73281,0.50663,0.5069,0.26966,0.41728,0.66431,0.28059,0.61457,0.34136,0.32026,0.55102,0.65359,0.33181,0.17998,0.50138,0.42466,0.37007,0.41692,0.24658,0.72046,0.20159,0.49161,0.1868,0.32973,0.31552,0.34985,0.86739,0.33416,0.51185,0.31734,0.22086,0.18229,0.56013,0.31926,0.30846,0.31577,0.21728,0.3548,0.20813,0.46177,0.52425,0.2046,0.3032,0.31219,0.2787,0.29838,0.49155,0.13978,0.28727,0.37345,0.3704,0.29194
0.40688
0,147,45,0,0,0,57,0,515,0,0,180,0,0,0,60,0,0,51,0,0,80,0,0,16,0,0,5,0,0,3,0,0,86,328,0,1,0,322,55,0,0,0,2,152,6,18,0,0,97,5,0,694,0,22,0,0,20,96,1,0
0,724,10,0,0,0,0,0,2,0,11,65,4,0,0,7,0,1,5,0,0,33,9,0,1178,0,1,23,0,4,0,0,0,3,71,0,24,0,90,523,0,0,0,12,0,3,6,0,1,9,428,0,103,7,1,0,1,634,2,0,2
0,132,132,0,0,0,12,1,22,0,0,64,0,0,0,13,0,1,63,0,0,180,2,0,99,0,0,35,0,1,8,10,4,134,147,1,4,1,273,173,0,2,1,44,50,126,4,0,0,9,36,0,312,55,3,0,3,66,31,16,34
0,10,104,0,0,0,8,1,104,0,0,70,0,0,0,8,0,0,23,0,0,171,2,2,0,0,0,11,0,0,40,0,18,99,135,0,0,0,215,6,0,0,1,0,731,44,1,0,0,144,0,0,206,25,201,0,0,0,543,0,15
0,126,10,0,0,0,4,0,5,0,0,91,0,0,0,1,0,0,0,0,0,87,0,0,27,0,0,4,0,0,6,0,0,35,46,0,0,0,16,92,0,0,0,0,0,0,0,0,0,0,18,0,129,0,4,0,0,25,3,0,0
0,14,268,0,4,2,16,11,38,0,0,30,3,6,1,19,2,4,105,3,0,274,12,7,40,0,28,56,1,3,191,206,8,159,37,4,18,3,60,205,11,23,21,149,82,386,20,0,18,10,27,2,88,50,63,0,40,41,68,91,358
2,0,2,8,3,2,0,5,0,2,0,0,5,3,2,0,14,2,0,2,8,0,2,13,0,0,4,1,4,0,1,31,1,4,0,5,4,1,0,2,35,1,8,2,0,6,0,7,2,0,1,4,0,0,5,2,1,0,1,13,30
0,4,11,0,2,0,195,5,19,0,2,2,11,3,0,370,1,2,373,0,1,12,21,31,7,1,4,89,1,18,4,5,208,2,2,7,23,0,9,48,11,33,1,78,8,21,986,0,11,1,74,0,5,8,589,3,9,17,2,3,29
0,70,8,0,0,0,4,2,4,0,0,161,1,0,0,9,0,11,34,0,0,4,1,0,88,0,0,0,0,0,0,0,0,1,699,0,33,0,767,57,1,0,0,4,16,31,2,0,0,8,2,0,327,29,0,0,0,14,1,1,0
0,0,12,0,0,1,0,92,1,1,0,0,0,5,0,0,0,0,3,0,0,1,17,1,1,0,0,1,2,42,1,45,6,2,0,1,0,0,3,1,0,3,0,23,3,3,0,2,0,0,2,0,3,4,1,2,1,1,2,1,5
0,0,4,15,46,0,0,1,0,0,0,16,69,7,0,0,145,4,2,19,1,0,0,8,0,8,15,0,3,2,8,10,6,0,0,2,0,0,0,0,120,16,31,0,2,0,0,2,4,0,0,228,0,0,1,1,37,0,0,996,1
0,0,0,0,0,10,0,0,0,17,0,0,0,0,37,0,0,0,0,0,0,0,0,0,0,146,0,0,0,1,0,24,0,0,0,0,0,379,0,0,0,2,0,0,0,0,0,0,0,0,0,0,0,0,0,206,0,0,0,0,0
5,0,9,2,0,2,0,11,2,6,54,1,3,0,11,0,0,1,0,0,15,4,22,9,2,5,0,8,21,230,1,254,2,95,0,20,0,24,0,8,9,21,11,3,2,14,2,38,0,0,3,1,1,1,1,202,0,1,8,0,1
118,0,6,8,182,8,0,18,2,1,1,2,19,190,0,3,2261,47,1,169,32,0,0,5,0,24,22,0,14,3,17,21,3,0,0,6,0,15,0,1,348,1,121,0,2,3,0,15,19,0,0,250,0,2,1,49,48,30,0,257,4
7,3,58,9,8,4,0,31,1,11,7,0,5,4,3,2,70,27,2,15,47,2,17,2,11,1,31,3,5,583,2,47,23,12,1,1,6,1,0,33,33,6,543,8,4,6,0,66,9,3,2,45,0,2,0,19,63,1,4,34,16
2,0,2,0,0,4,10,14,2,0,12,0,33,11,0,4,118,408,12,7,1,2,44,3,1,12,36,13,2,10,9,3,5,0,0,0,8,1,0,2,63,2,87,12,6,2,112,486,20,4,2,3,0,1,52,14,88,3,0,34,6
0,351,64,0,0,0,84,0,4,0,9,15,18,2,0,58,0,8,97,0,0,192,53,2,570,0,1,172,0,33,3,1,1,37,72,0,76,0,125,292,0,10,2,120,7,39,254,1,1,5,427,0,55,47,6,0,0,499,2,1,34
0,0,51,0,0,0,0,2,15,0,0,12,0,0,0,0,0,1,0,0,0,53,0,1,0,0,0,7,3,0,357,1,2,42,8,0,0,2,0,6,0,0,0,0,58,20,0,0,2,0,0,5,7,15,16,0,1,0,48,3,211
0,0,2,1,2,0,0,0,2,0,1,0,1,0,0,1,0,0,0,0,0,0,1,1,0,0,67,0,1,0,1,1,3,0,0,0,0,0,1,2,3,0,1,1,0,0,0,1,18,0,0,0,0,0,0,0,7,0,0,2,3
0,0,7,0,19,0,1,7,10,0,1,5,3,0,0,11,9,1,3,0,0,0,0,3,1,0,258,12,0,3,0,4,28,0,0,1,8,0,0,18,8,1,8,9,3,4,0,2,216,1,3,0,1,1,3,0,7,2,1,6,28
0,0,0,0,0,0,0,0,0,0,0,0,0,0,0,3,0,0,0,0,0,1,1,0,0,0,10,0,0,1,0,1,0,0,0,0,4,0,0,0,0,0,0,0,0,0,0,0,15,0,1,0,0,0,0,0,1,0,0,0,0
1,0,1,7,28,0,0,19,0,1,1,7,2,3,1,1,2,0,0,4,32,0,0,514,0,0,6,0,18,0,1,280,43,0,0,5,0,0,0,0,48,3,31,0,6,0,0,104,12,0,0,60,0,0,9,2,0,1,0,9,1
0,12,6,0,0,0,256,0,8,0,0,2,3,1,0,362,0,0,268,0,0,4,7,7,18,0,0,34,0,11,1,0,69,0,5,1,6,0,9,30,1,9,0,33,0,5,557,0,0,1,36,0,1,4,241,1,0,34,1,0,2
0,207,1,0,0,0,2,0,2,0,151,2,38,10,0,1,0,106,9,0,0,7,65,0,251,0,1,94,0,47,0,1,0,0,52,0,395,0,55,14,0,0,0,49,0,8,3,0,1,124,136,0,2,357,0,0,6,82,0,0,3
5,0,0,2,7,4,0,7,0,2,0,0,0,5,0,0,0,0,0,4,1966,0,1,3,0,1,1,0,6,10,1,14,0,0,0,4,0,5,0,0,3,3,112,7,0,0,0,0,0,0,0,19,0,0,0,8,0,1,0,0,0
1,0,189,0,0,4,0,10,0,0,11,0,5,1,3,1,0,0,2,1,0,2,42,4,2,1,2,1,0,17,3,73,6,79,0,0,0,1,0,1,8,76,19,2,2,293,0,5,5,0,1,6,1,2,2,26,3,0,275,0,4
1,0,2,2,35,0,1,6,0,0,2,0,17,412,0,8,297,12,1,144,1,0,3,6,0,138,20,0,4,0,54,17,4,0,0,3,28,0,0,0,459,3,20,0,1,2,2,2,10,0,0,91,0,0,2,1,17,2,0,118,97
0,0,0,4979,260,0,0,0,0,0,0,0,1,0,0,0,0,0,0,0,0,0,0,0,0,0,2,0,1433,0,0,0,0,0,0,2551,0,0,0,0,1,0,1,0,0,0,0,0,0,0,0,0,0,0,0,0,0,0,0,0,0
2,1,4,4,0,0,2,9,3,2,14,0,12,1,2,0,1,3,0,0,28,5,73,12,2,17,1,2,38,11,1,26,8,39,3,12,0,3,0,50,4,122,10,4,0,14,2,318,1,1,3,0,2,0,4,11,1,0,25,1,5
0,4,2,0,0,0,0,0,6,0,308,1,43,0,127,2,1,9,1,0,1,2,54,5,4,0,7,9,10,1,3,1,2,3,4,2,13,0,0,62,9,6,4,4,7,2,5,315,7,26,22,1,6,1,10,2,11,10,4,1,1
0,134,81,0,0,0,51,0,13,0,170,1,132,82,0,18,0,147,76,0,0,104,291,1,199,1,4,545,0,270,11,15,7,9,17,0,242,1,37,70,7,39,2,465,5,94,113,2,268,118,507,0,8,199,5,1,45,233,2,18,182
2,71,237,0,5,2,137,13,29,0,263,5,162,259,1,46,5,386,272,11,0,72,431,5,175,8,89,648,3,236,18,107,23,12,26,1,384,3,74,236,222,104,16,839,5,229,51,4,165,107,468,3,6,186,41,8,247,323,4,50,710
0,125,3,0,0,0,387,0,147,0,1528,0,487,70,0,4,0,851,18,0,0,3,462,1,12,0,7,112,2,60,0,19,12,0,3,0,810,1,1,2,9,1,0,52,0,18,9,0,14,1027,61,1,0,252,1,19,343,12,0,0,4
2,0,1,0,0,12,0,0,0,7,83,0,1,0,24,3,0,0,0,0,1,1,0,1,0,100,0,0,0,0,0,47,0,2,0,0,0,411,0,0,1,3,0,1,0,0,2,0,0,0,0,0,0,0,0,478,0,0,0,0,0
13,0,25,1,0,3,0,23,0,13,3,1,0,1,125,0,0,0,0,6,24,1,145,6,0,6,2,1,18,43,2,125,29,862,0,4,0,15,0,0,2,1197,81,0,1,199,1,43,4,0,2,0,1,1,3,75,0,0,906,3,2
0,0,0,11,224,0,0,39,0,0,0,0,1,1463,0,1,56,1,1,2144,20,0,0,7,0,10,1,0,29,0,259,277,9,1,0,2,0,3,0,1,250,4,25,0,0,0,0,31,0,0,0,610,0,0,0,9,0,2,19,105,22
0,10,197,0,3,1,2,9,43,0,6,137,23,2,0,4,0,60,22,3,2,210,11,38,4,0,34,71,1,2,1611,0,30,136,114,0,80,11,187,13,2,1,19,9,134,586,5,42,25,12,3,195,58,653,78,1,357,2,107,84,216
0,1,48,0,47,3,0,34,52,0,5,8,9,2,0,34,11,10,10,6,3,3,4,42,1,1,1727,10,10,4,16,1,568,0,0,1,5,0,0,15,27,13,56,3,6,14,0,51,345,4,1,2,0,6,3,1,317,1,4,135,7
0,0,76,0,133,10,1,389,284,0,7,11,16,14,0,273,115,117,4,18,4,10,9,22,0,6,2178,13,8,3,39,2,228,3,2,3,13,1,3,24,143,1,196,10,14,10,3,253,1510,5,6,6,1,10,12,4,331,7,2,80,22
0,0,1,0,13,2,0,23,27,0,9,7,4,30,0,189,5,5,0,2,1,0,8,8,0,4,405,1,14,2,7,0,0,0,0,2,1,0,0,2,63,0,6,1,0,0,3,5,393,6,3,0,0,3,3,0,28,0,0,4,6
0,0,1,0,1,0,2,3,9,0,5,4,3,0,0,2,3,55,5,0,0,7,10,5,2,0,125,3,0,0,7,0,2,1,1,1,13,0,1,0,3,0,6,4,8,5,2,269,41,3,1,1,2,1,3,0,42,5,0,0,5
0,99,99,0,0,0,1,0,45,0,0,26,0,0,0,1,0,0,12,0,0,871,3,0,5,0,1,69,0,2,161,2,2,150,21,0,2,0,32,74,0,1,0,11,71,57,3,0,0,3,1,0,61,4,16,0,3,13,127,0,87
0,0,3,0,0,0,0,0,4,0,0,2,0,0,0,3,0,2,11,0,0,15,0,1,0,0,0,2,0,0,3,0,0,0,87,0,4,0,33,3,0,0,0,0,352,42,0,0,0,4,0,0,13,92,6,0,0,0,2,0,0
1,2,6,0,1,0,0,277,0,0,1,1,1,1,8,0,0,5,1,1,37,0,96,17,2,5,1,0,7,174,0,37,4,129,0,2,2,3,1,13,0,57,11,427,1,21,0,604,0,1,2,3,1,6,1,27,0,0,9,0,5
0,0,0,197,156,0,0,62,0,0,2,7,1,4,0,0,4,0,0,6,11,0,2,18,0,0,3,0,263,0,3,14,9,0,0,109,0,0,0,0,21,0,7,1,1,1,0,9,3,0,0,30,0,0,0,0,1,0,1,5,1
0,0,0,24,332,0,0,17,0,0,0,0,4,187,0,1,23,0,0,251,15,0,0,0,0,0,4,0,8,0,4,15,1,0,0,3,0,0,0,0,227,0,18,0,0,0,0,2,0,0,0,1253,0,0,0,2,1,0,0,216,1
0,40,33,7,91,2,5,671,159,0,73,57,84,36,2,10,25,49,50,65,1,24,136,32,26,0,31,87,18,18,83,27,14,28,33,7,70,0,19,139,302,12,18,27,135,52,8,58,22,51,108,14,53,16,21,1,32,50,91,20,13
0,36,18,0,4,90,623,2,281,0,10,32,13,7,0,665,1,14,751,15,0,25,13,1091,20,0,14,35,0,20,9,1,824,12,34,3,26,0,33,49,1,71,12,41,16,29,469,6,7,20,4,0,55,39,247,99,317,14,10,10,12
1847,0,0,0,0,938,0,0,0,2323,0,0,0,0,1599,0,0,0,0,0,100,0,0,3,0,560,0,0,2,2,0,1,0,0,0,0,0,38,0,0,0,0,2,0,0,0,0,1,0,0,0,0,0,0,0,54,0,0,0,0,0
2,0,0,0,0,21,0,0,0,31,0,0,0,0,57,0,0,0,0,1,9,0,0,1,0,816,0,0,0,0,0,3,0,0,0,0,0,1274,0,0,0,1,0,0,0,0,0,1,0,0,0,0,0,0,0,20,0,0,0,0,0
23,1,2,1,1,12,0,22,0,51,7,0,3,1,51,0,0,2,0,0,55,1,34,59,0,19,0,1,13,380,1,450,1,535,0,12,0,136,1,3,17,79,10,4,0,8,1,72,1,0,1,0,5,0,2,1454,0,0,5,0,2
18,0,1,33,928,10,0,61,0,8,0,7,11,653,8,0,470,27,2,951,58,0,0,12,0,21,23,0,19,6,130,164,2,0,0,14,0,17,0,0,566,0,149,0,2,1,0,19,16,1,0,1261,0,1,0,62,8,28,0,115,1
31,0,0,1,32,9,0,4,0,26,0,0,0,6,4,0,2,0,0,32,271,0,0,0,0,0,0,0,2,46,1,5,0,1,0,2,0,6,0,0,9,1,170,1,0,0,0,5,0,0,0,42,0,0,0,31,0,0,0,1,0
0,2,25,0,0,0,3,0,9,0,1,5,2,1,0,4,0,0,7,1,0,35,6,1,8,0,0,34,0,23,14,4,2,14,4,0,14,1,18,7,3,5,1,47,22,66,3,0,0,2,13,0,8,26,12,0,4,7,6,12,50
0,0,11,0,1,0,4,2,8,0,0,13,1,0,0,2,0,1,12,0,0,103,35,10,0,0,5,24,0,17,44,1,0,3,0,0,1,1,2,16,0,2,1,10,10,26,2,0,7,0,2,1,1,2,82,0,2,4,7,5,73
0,2,4,0,0,2,27,0,4,0,98,3,55,9,0,7,0,40,21,0,0,14,145,5,2,0,10,292,0,523,3,0,2,0,0,0,75,0,0,17,37,5,1,184,1,3,23,0,44,39,35,0,1,8,39,0,17,15,0,0,87
2,1,5,0,8,12,1,13,2,2,2,18,8,9,2,0,36,40,2,8,220,1,4,81,0,1,25,1,4,12,21,11,5,2,0,0,1,1,0,1,13,193,892,5,4,3,1,55,10,0,0,19,0,1,4,4,84,2,1,84,6
0,1,21,0,0,3,0,1,16,0,2,1102,1,2,0,3,0,5,13,0,0,4,1,69,0,0,14,2,0,0,114,1,271,0,46,0,6,0,30,1,1,4,4,2,385,194,3,0,12,3,1,2,4,222,143,0,28,1,6,154,25
0,1,0,0,0,0,56,2,1,0,155,1,486,3,1,14,0,24,0,0,0,5,272,0,0,0,3,97,0,17,0,1,4,0,0,148,24,0,0,1,2,0,0,9,0,0,103,1,11,110,30,1,2,4,15,6,2,4,0,0,0
877,0,0,0,0,1271,0,8,0,662,0,0,0,0,332,137,1,3,0,2,43,0,0,1,0,251,0,0,2,1,0,2,0,0,0,1,0,59,0,0,2,0,57,1,0,1,0,4,0,0,0,0,0,0,0,46,0,0,0,0,3
0,0,0,0,0,6,0,0,0,4,1,0,2,0,6,5,1,1,0,0,0,0,0,0,0,42,1,0,0,0,0,1,0,0,0,0,0,71,0,0,0,0,1,0,0,0,0,1,0,0,0,0,0,0,0,7,0,0,0,0,0
