0.6051,0.39595,0.13634,0.94204,0.3628,0.46635,0.22204,0.40142,0.30279,0.75233,0.45775,0.49883,0.37573,0.45573,0.65196,0.3052,0.63281,0.18742,0.42752,0.40557,0.618,0.31743,0.41201,0.48287,0.32136,0.30779,0.43364,0.27862,0.79963,0.26878,0.44371,0.16411,0.32622,0.29016,0.29139,0.90475,0.26163,0.47688,0.28824,0.30179,0.18133,0.58884,0.30342,0.29611,0.30538,0.20979,0.33579,0.28879,0.53256,0.60997,0.20738,0.28546,0.30637,0.30789,0.33382,0.58575,0.20486,0.29906,0.32013,0.42944,0.24403
0.40879
0,101,58,0,0,0,14,0,542,0,0,150,0,0,0,54,0,0,73,1,0,78,0,0,19,0,0,0,0,0,12,0,1,20,392,0,1,0,434,43,0,0,0,1,138,12,7,0,0,74,3,0,693,1,22,0,0,24,92,2,2
0,919,9,0,0,0,2,0,3,0,3,41,0,1,0,4,0,1,2,0,0,24,4,0,823,0,0,37,0,1,8,0,0,16,81,0,31,0,68,724,1,0,0,2,1,0,1,0,1,5,258,0,89,9,1,0,0,823,0,0,4
0,152,118,0,0,0,8,0,23,0,0,54,0,0,0,12,0,8,37,7,0,186,1,0,137,0,0,14,0,0,26,3,7,176,252,1,13,0,250,118,0,0,1,19,56,27,4,0,0,8,15,0,303,71,5,0,2,84,53,16,37
0,4,132,0,0,0,3,1,108,0,0,50,0,0,0,6,0,3,28,0,0,154,0,3,1,0,0,3,0,0,24,0,19,8,148,0,0,0,304,4,0,0,1,0,732,127,0,0,0,153,0,0,233,10,120,0,0,0,543,0,16
0,115,20,0,0,0,1,0,7,0,0,27,0,0,0,2,0,0,2,0,0,88,0,0,15,0,0,1,0,0,21,0,0,17,112,0,0,0,18,108,0,0,0,0,3,0,1,0,0,0,6,0,128,0,1,0,0,30,6,0,0
0,21,272,0,3,0,25,8,36,0,1,49,0,9,1,19,1,33,59,41,1,300,2,8,88,0,17,41,0,3,132,114,18,404,101,3,33,0,74,90,8,23,41,69,85,196,15,3,18,6,19,3,99,86,24,0,35,87,67,102,393
2,0,1,4,5,1,1,6,0,2,0,0,4,2,1,0,7,2,0,2,7,0,3,12,0,0,4,2,9,3,0,35,2,6,0,4,2,4,0,3,38,2,6,3,0,6,0,3,2,0,0,5,0,0,1,4,2,0,1,14,28
0,7,9,0,4,0,181,1,25,0,1,9,1,4,0,452,1,3,461,4,2,9,16,33,15,1,2,85,0,12,7,5,180,17,5,6,30,0,5,23,18,8,5,64,9,12,865,1,6,0,9,0,6,7,690,1,7,20,1,0,37
0,42,7,0,0,0,3,0,4,0,0,193,0,1,0,7,0,36,26,0,0,4,2,0,108,0,0,1,0,0,0,2,0,4,653,0,42,0,716,62,0,0,1,2,14,11,0,0,0,9,10,0,369,32,4,0,0,24,1,0,0
0,0,14,0,0,2,0,105,0,1,3,1,1,4,0,0,0,0,4,0,0,2,12,2,1,0,0,1,0,11,0,45,7,38,0,3,0,1,4,0,0,2,0,1,1,5,0,7,0,0,3,0,1,2,1,1,1,1,3,2,2
0,0,4,10,31,1,0,0,0,0,0,11,62,6,0,0,107,6,1,31,4,0,0,11,0,7,9,0,4,2,8,13,3,0,0,2,0,0,0,0,123,14,55,0,2,1,0,0,4,0,0,215,0,0,0,1,16,0,0,1065,1
0,0,0,0,0,16,0,0,0,14,0,0,0,0,36,0,0,0,0,0,0,0,0,0,0,158,0,0,0,0,0,21,0,0,0,0,0,447,0,0,0,4,0,0,0,0,0,0,0,0,0,0,0,0,0,126,0,0,0,0,0
3,1,9,3,1,1,1,7,2,6,64,1,3,0,16,0,1,1,0,0,20,4,21,25,1,6,1,6,10,89,1,237,1,161,0,13,1,36,0,9,19,17,3,0,1,12,4,74,1,0,1,1,1,0,1,235,1,4,8,1,0
101,0,7,9,167,10,0,7,1,1,3,3,14,160,1,1,2168,30,1,321,33,1,0,3,0,19,11,0,8,26,23,35,2,1,0,14,0,29,0,0,356,1,143,0,2,0,0,5,18,1,0,225,0,1,0,65,36,0,3,279,4
11,3,68,4,7,4,0,30,2,7,13,1,2,5,2,2,69,36,0,17,52,1,25,3,11,1,21,3,9,694,3,46,25,101,1,4,10,1,0,30,34,8,360,5,2,7,1,13,12,2,4,18,0,2,0,23,74,1,5,50,14
1,0,1,0,4,2,6,4,1,0,22,0,25,7,1,2,92,378,2,5,9,1,4,1,1,8,30,21,0,5,8,8,5,0,0,1,4,0,0,0,13,2,247,25,2,1,3,276,27,1,0,3,0,3,221,12,264,0,0,25,4
0,432,59,0,0,0,139,0,5,0,12,13,1,1,0,81,0,7,33,0,0,187,23,1,508,0,2,151,0,22,35,0,4,93,92,0,103,0,101,396,0,2,1,64,12,17,217,1,2,5,303,0,38,47,11,0,0,603,3,1,22
0,0,81,0,0,0,0,2,12,0,0,17,0,0,0,0,0,2,1,0,0,61,0,0,0,0,0,1,0,0,221,0,2,13,11,1,0,0,4,0,0,0,0,0,65,70,0,0,3,0,0,1,5,15,6,0,0,0,45,0,310
0,0,3,0,2,0,0,0,1,0,1,0,1,0,0,1,0,0,0,0,0,1,1,0,0,0,57,0,2,0,0,1,5,0,0,1,0,0,1,1,4,0,8,1,0,0,0,0,20,0,0,0,0,0,0,0,6,0,0,2,4
0,0,6,1,17,0,4,2,10,0,2,2,3,0,0,9,6,2,1,1,0,0,1,1,3,0,269,13,0,5,0,3,25,7,0,1,4,0,0,9,18,1,16,7,2,8,0,0,205,1,4,0,3,0,1,1,6,4,1,3,29
0,0,0,0,0,0,0,0,0,0,1,0,1,0,0,0,0,0,0,0,0,0,0,0,0,0,11,0,0,0,0,0,0,0,0,0,3,0,0,0,1,0,0,0,2,1,0,0,17,0,1,0,0,0,0,0,0,0,0,0,0
1,0,1,8,25,0,0,16,0,1,1,3,2,4,2,1,1,0,0,2,36,0,0,469,0,0,7,0,10,28,2,450,26,1,0,7,0,1,0,0,53,4,7,0,0,9,0,8,17,0,0,45,0,0,1,0,0,0,1,11,2
0,16,8,0,0,0,160,0,8,0,0,1,0,1,0,414,0,0,422,0,0,5,7,8,20,0,0,30,0,10,1,0,58,5,5,1,10,0,10,24,1,1,0,26,0,5,452,0,0,1,7,0,2,3,292,1,0,28,1,0,2
0,26,2,0,1,0,3,0,2,0,189,6,21,6,0,2,0,40,1,0,0,7,85,0,214,0,1,155,0,40,0,0,0,0,43,0,419,0,25,13,0,0,0,78,0,2,0,1,0,91,430,0,4,297,1,0,0,76,0,0,1
5,0,0,2,13,2,0,12,0,3,0,0,0,7,0,0,1,0,0,4,2032,0,0,2,0,2,1,0,4,33,0,15,0,2,0,3,0,7,0,0,4,5,15,4,0,0,0,2,0,0,0,12,0,0,0,9,0,0,0,0,0
2,0,170,0,0,3,3,7,1,0,12,0,2,1,5,0,1,5,2,0,1,1,49,4,0,4,1,1,1,4,2,104,4,104,0,1,0,1,0,0,7,78,56,1,3,275,2,10,0,0,1,5,1,2,0,15,2,0,236,0,2
1,0,3,2,34,0,1,4,0,0,3,0,16,421,0,0,345,16,0,61,1,0,2,2,0,122,17,0,1,0,120,21,5,0,0,2,30,0,0,0,416,5,29,0,0,1,3,0,8,0,0,110,0,0,2,1,22,0,3,122,93
0,0,0,4340,243,0,0,1,0,0,0,0,0,0,0,0,0,0,0,0,1,0,0,0,0,0,2,0,1720,0,0,0,0,0,0,2916,0,0,0,0,1,0,0,0,0,0,0,0,0,0,0,1,0,0,0,0,0,0,0,3,0
2,1,3,5,0,0,2,6,3,1,13,0,6,1,4,0,1,7,0,0,20,3,39,9,5,9,1,3,19,12,0,37,3,17,0,12,1,5,0,12,4,98,4,1,0,7,1,503,1,0,1,0,2,1,4,5,2,1,21,0,1
0,12,3,0,0,0,4,0,7,0,307,0,55,0,119,4,0,27,1,0,0,1,5,2,7,0,5,21,5,1,7,1,2,2,7,1,9,0,1,27,4,3,8,3,5,7,2,358,7,12,19,0,4,2,8,0,31,17,6,0,2
0,79,93,0,0,0,99,0,22,0,180,1,67,55,0,31,0,78,37,3,0,114,175,0,222,0,2,578,0,253,29,14,9,61,9,1,299,0,25,184,6,33,3,510,7,34,356,1,116,97,506,1,1,181,4,0,28,296,4,19,119
1,92,243,0,5,2,216,11,25,0,393,9,106,269,1,50,2,328,116,52,1,77,233,6,236,10,107,786,1,233,32,140,36,138,30,2,445,0,46,275,171,96,40,761,8,96,62,6,109,156,429,3,10,185,31,2,208,449,3,52,613
0,1,0,0,0,0,389,0,123,0,1376,0,774,27,0,3,0,435,2,0,0,4,981,1,11,0,5,192,1,76,0,4,16,0,1,2,647,0,1,9,14,1,0,71,0,7,14,0,20,1309,155,1,0,179,5,0,66,18,0,0,9
0,0,0,0,0,14,0,0,0,7,83,0,1,0,20,3,0,0,0,0,1,0,1,6,0,110,0,0,0,0,0,33,0,0,0,0,0,498,0,0,1,5,0,0,0,0,2,0,0,0,0,0,0,0,0,396,0,0,0,0,0
12,0,28,2,0,1,0,15,1,20,2,1,0,1,145,0,0,3,1,1,21,2,151,4,1,8,1,0,13,20,0,298,13,849,0,4,0,15,0,1,4,1203,73,4,1,149,1,119,1,0,1,0,0,3,1,63,0,1,760,0,0
0,0,0,4,438,0,0,52,0,0,0,0,1,1647,0,0,60,2,1,1486,30,0,0,4,0,6,1,0,17,1,344,335,6,0,0,6,0,3,0,0,250,6,10,0,2,1,0,7,1,0,0,846,0,0,0,10,1,0,23,22,14
0,7,252,0,4,0,2,10,33,0,5,196,11,1,0,8,1,420,7,2,0,200,1,21,13,0,27,9,2,4,1340,2,28,33,100,0,86,0,175,6,2,0,62,15,233,510,2,2,23,8,3,153,63,718,44,0,337,1,143,12,329
0,0,31,0,48,3,0,14,44,0,7,10,4,0,0,27,6,14,1,4,3,1,3,27,3,0,1477,8,3,4,11,0,564,3,2,7,9,0,1,6,112,1,135,3,5,26,0,11,370,3,7,7,0,11,3,2,548,1,2,91,4
0,0,36,0,113,4,6,291,201,1,11,10,13,8,0,130,94,109,3,30,8,9,2,12,2,4,2137,15,2,4,33,3,203,2,1,15,9,0,7,10,400,1,309,13,12,14,4,118,1783,2,8,9,1,10,8,5,354,4,1,53,18
0,0,1,0,8,0,0,18,13,0,8,7,2,27,0,76,11,14,0,1,1,1,3,1,0,8,490,3,4,1,6,0,0,1,0,7,2,0,0,0,100,0,20,3,0,6,2,2,396,7,2,0,0,0,5,0,28,0,0,5,6
0,0,1,0,1,0,6,0,9,0,5,1,6,0,0,7,3,79,3,0,0,7,1,2,1,0,111,8,0,0,5,0,1,0,2,0,6,0,2,2,2,0,24,15,3,3,1,145,81,2,0,1,1,6,7,0,106,4,0,0,2
0,104,111,0,0,0,2,0,46,0,0,22,0,0,0,3,0,0,8,0,0,825,0,0,12,0,0,17,0,1,168,0,2,134,68,0,3,0,35,32,0,1,2,6,126,39,1,0,0,1,0,0,57,6,3,0,2,20,166,1,112
0,1,1,0,0,0,0,0,4,0,0,5,0,0,0,2,0,6,7,0,0,12,0,0,1,0,0,2,0,0,5,0,0,1,35,0,6,0,48,1,0,0,0,1,342,91,1,0,0,3,0,0,15,90,1,0,0,0,3,0,0
1,2,5,0,0,0,0,402,0,1,3,1,0,1,10,0,0,1,0,0,26,0,42,7,1,4,1,0,4,44,1,38,1,167,1,7,2,3,1,5,2,59,1,307,0,14,0,778,0,0,5,0,3,4,0,33,0,3,17,0,4
0,0,1,169,170,0,0,72,0,0,0,6,2,5,0,1,0,0,0,1,9,0,1,12,0,0,2,0,247,2,1,25,7,1,0,123,1,0,0,0,15,0,6,0,0,1,0,12,4,0,1,34,0,1,1,0,0,0,2,16,1
0,0,0,16,291,0,0,17,0,0,0,0,4,183,0,0,15,0,0,511,16,0,0,0,0,0,5,0,4,4,5,13,1,0,0,0,0,1,0,0,283,0,5,0,0,0,0,1,0,0,0,1043,0,0,0,1,1,0,0,188,1
0,42,40,5,107,1,12,847,163,0,57,79,93,30,2,9,26,35,30,15,4,32,48,20,26,0,27,90,9,9,94,22,15,49,41,6,51,0,23,115,173,8,48,27,146,29,5,67,20,37,137,23,49,13,18,1,50,81,106,21,23
0,132,19,0,3,50,401,2,273,0,9,27,5,3,0,716,0,18,1050,13,0,28,62,916,31,0,9,34,0,19,7,2,795,10,31,2,42,0,41,22,3,78,36,56,17,44,364,1,3,19,5,0,59,32,285,133,293,22,11,7,10
1615,0,0,0,0,1286,0,0,0,2257,0,0,0,0,1463,0,0,0,0,0,97,0,0,5,0,649,0,0,2,4,0,4,0,0,0,0,0,36,0,0,0,0,0,0,0,0,0,0,0,0,0,0,0,0,0,52,0,0,0,0,0
2,0,0,0,0,23,0,0,0,23,0,0,0,0,45,0,0,0,0,0,7,0,0,1,0,711,0,0,0,0,0,3,0,0,0,0,0,1413,0,0,0,2,0,0,0,0,0,1,0,0,0,0,0,0,0,6,0,0,0,0,0
21,0,1,1,2,18,0,20,0,34,10,0,0,1,33,0,0,0,0,0,35,0,40,105,0,27,0,2,6,210,0,424,1,194,1,14,0,213,0,3,33,78,3,6,0,7,1,129,0,0,2,0,4,0,1,1858,0,1,0,0,0
17,0,1,21,1022,9,0,91,0,10,0,9,9,672,5,1,382,20,0,970,55,0,0,8,0,10,20,0,27,107,142,159,0,0,0,15,0,122,0,0,612,1,64,0,1,0,0,15,12,1,0,1127,0,0,1,36,14,0,2,93,1
36,0,0,1,29,15,0,7,0,23,0,0,0,14,3,0,1,0,0,42,368,0,1,1,0,1,0,0,3,81,0,3,0,6,0,1,0,7,0,1,11,2,15,1,0,0,0,5,0,0,0,33,0,0,1,28,0,0,0,1,0
0,5,27,0,0,0,4,1,8,0,2,7,0,0,0,4,0,3,2,3,0,32,2,1,15,0,0,35,0,19,7,0,3,37,10,0,22,0,19,6,3,2,1,48,24,38,4,0,0,2,8,0,7,37,11,0,3,5,11,5,49
0,0,15,0,2,0,2,1,5,0,0,24,1,0,0,2,0,3,10,1,0,108,3,8,0,0,3,31,0,18,26,0,4,11,2,0,1,0,1,4,0,2,4,16,19,51,3,0,4,0,0,2,0,6,66,0,2,2,13,0,78
0,3,3,0,1,1,34,0,5,0,91,3,62,13,0,8,0,14,15,1,0,21,66,2,7,0,10,364,0,431,2,0,2,2,1,1,66,0,0,13,39,1,4,315,4,6,33,0,16,41,35,0,0,6,61,0,10,14,0,0,72
2,1,4,0,15,6,1,13,2,2,4,20,6,14,2,0,22,40,0,30,334,1,1,64,0,3,11,1,2,13,17,17,2,9,0,0,2,1,0,2,14,180,835,2,6,2,2,7,8,0,1,18,0,1,7,2,84,0,0,104,6
0,0,14,0,0,0,0,1,9,0,1,1065,1,1,0,4,0,23,6,1,1,4,4,61,1,0,10,2,0,2,81,1,317,4,3,0,6,0,44,3,0,4,13,3,304,441,1,0,7,2,2,2,10,248,61,2,27,0,7,92,27
0,0,0,0,0,0,71,1,1,0,106,0,672,1,1,24,0,29,0,0,0,3,258,0,1,0,2,54,0,17,3,0,7,0,0,13,21,0,0,3,2,1,1,11,0,2,139,0,5,87,39,0,1,4,25,3,4,3,0,0,1
833,0,0,0,1,1296,0,5,0,584,1,0,0,0,322,159,1,3,0,0,50,0,0,3,0,378,0,0,2,4,0,5,0,1,0,0,1,44,0,0,0,0,31,0,0,1,0,2,0,0,0,1,0,0,0,35,1,0,0,0,3
0,0,0,0,0,8,0,0,0,2,1,0,0,0,4,5,1,1,0,0,2,0,0,0,0,44,1,0,0,0,0,1,0,0,0,0,0,75,0,0,0,0,0,0,0,0,0,0,0,0,0,0,0,0,0,4,1,0,0,0,0
