0.60005,0.21433,0.12571,0.92655,0.28228,0.46057,0.32307,0.37659,0.20746,0.65806,0.2941,0.48346,0.21515,0.33548,0.56807,0.21858,0.53168,0.37362,0.31678,0.54933,0.61751,0.31292,0.16884,0.34943,0.35339,0.24575,0.42339,0.21953,0.64635,0.13629,0.40766,0.13467,0.47199,0.21534,0.28708,0.58526,0.36475,0.55463,0.30313,0.14465,0.16992,0.50869,0.21862,0.30684,0.30873,0.15324,0.29063,0.1817,0.44642,0.38605,0.19179,0.32078,0.24548,0.21984,0.17042,0.46032,0.173,0.21362,0.30728,0.26871,0.30035
0.36913
0,279,10,0,0,0,42,0,378,0,0,199,1,0,0,67,0,0,6,0,0,120,0,3,30,0,0,4,0,0,1,0,4,157,132,0,0,0,179,157,0,0,0,2,351,5,59,0,1,82,64,0,611,1,39,0,0,7,72,1,0
0,649,59,0,0,0,3,0,3,0,28,114,7,0,0,2,0,0,6,0,0,68,8,0,1480,0,0,29,0,1,0,0,0,2,80,0,2,0,180,276,0,0,0,14,1,8,11,1,1,16,310,0,28,9,0,0,1,593,1,0,6
0,153,124,0,0,0,22,0,25,0,1,97,0,0,0,15,0,0,31,0,0,218,7,1,86,0,1,19,1,0,7,8,3,72,105,0,1,2,392,164,0,1,0,50,81,56,22,0,0,12,45,5,306,45,12,0,2,51,23,18,20
0,54,43,0,0,0,11,0,150,0,0,92,0,0,0,8,0,0,12,0,0,150,7,6,1,0,0,5,0,0,9,0,50,162,38,0,0,0,52,27,0,1,0,0,870,6,14,0,3,86,5,2,301,31,199,0,1,1,535,1,5
0,167,2,0,0,0,1,0,1,0,0,89,1,0,0,0,0,0,0,0,0,174,1,1,33,0,0,4,0,0,1,0,0,32,8,0,0,0,12,75,0,0,0,1,3,1,6,0,0,0,29,0,57,0,5,0,0,22,3,0,0
0,24,130,0,7,3,21,5,53,0,12,45,2,3,0,20,19,3,100,0,9,193,19,24,41,1,7,78,6,1,109,259,16,87,33,5,23,26,168,134,9,27,1,256,79,242,34,0,13,15,33,4,327,87,105,0,31,41,75,106,215
3,0,1,7,15,1,0,5,0,6,0,0,1,5,2,0,20,1,3,1,6,1,5,7,0,0,1,1,5,2,0,32,1,10,0,3,21,1,0,3,4,2,0,7,1,3,0,2,1,1,0,11,0,0,5,5,1,0,1,17,20
0,7,6,0,5,4,181,0,22,0,4,2,3,1,0,166,3,1,116,0,1,9,10,78,26,1,1,43,0,16,0,9,341,2,6,4,32,1,13,48,10,54,0,186,6,34,903,1,306,0,88,0,11,11,342,2,164,67,2,2,31
0,106,3,0,0,0,10,0,2,0,0,115,0,0,0,4,0,0,75,0,0,5,0,0,118,0,0,1,0,0,0,0,1,7,662,0,0,0,880,77,0,0,0,2,55,27,18,0,0,16,14,0,173,13,2,0,1,3,0,0,0
1,0,2,0,1,1,0,25,3,1,0,0,0,4,0,0,0,4,1,0,0,0,10,0,0,0,0,10,1,18,21,33,9,3,9,1,11,2,2,2,3,9,44,9,2,16,0,0,0,0,0,0,6,4,0,4,0,0,11,8,4
0,0,2,20,72,2,1,2,0,0,0,15,372,10,0,0,122,7,0,18,2,0,0,13,0,8,36,0,2,1,12,3,0,0,0,2,0,0,0,0,66,39,11,1,1,0,0,43,2,0,0,234,0,0,1,0,31,0,0,675,4
3,0,0,0,0,15,0,0,0,6,19,0,0,0,101,0,0,0,0,0,0,0,0,0,0,89,0,0,1,0,0,15,0,0,0,0,0,350,0,0,0,1,0,0,0,0,0,0,0,0,0,0,0,0,0,222,0,0,0,0,0
9,2,15,6,3,2,0,19,1,5,53,1,1,1,13,0,0,6,1,0,20,6,28,1,0,11,1,11,34,165,2,169,2,49,15,13,7,21,0,23,35,29,29,15,0,10,2,6,0,0,0,1,9,2,1,274,0,0,17,0,0
288,0,2,15,162,9,0,23,2,5,1,7,230,373,3,3,1737,59,0,123,24,0,0,7,0,70,61,0,21,12,58,18,1,0,0,8,2,5,0,6,272,5,60,5,1,5,0,136,12,1,0,258,0,4,2,8,54,15,2,141,33
9,0,31,12,19,6,0,92,1,7,14,1,24,14,2,22,62,38,2,3,54,3,15,17,12,4,59,9,9,224,9,21,4,8,43,10,22,1,1,27,28,14,540,10,3,25,2,141,6,4,8,33,5,9,3,32,27,3,5,142,8
3,1,4,0,2,4,6,13,6,2,113,1,18,41,0,19,52,256,14,4,4,4,20,6,1,9,54,1,0,20,9,13,4,3,0,5,2,0,1,7,24,1,14,48,1,41,205,419,13,17,4,0,1,2,21,2,201,8,0,8,36
0,260,155,0,0,0,32,0,4,0,44,21,102,2,0,32,0,1,117,0,0,225,50,7,740,0,1,144,0,8,0,2,4,5,101,0,10,0,203,90,2,2,0,163,20,46,199,0,29,6,383,0,37,51,7,0,6,495,1,1,42
0,2,18,0,0,0,0,0,34,0,0,30,1,0,0,0,1,1,0,0,0,38,13,13,0,0,1,60,4,0,142,2,4,49,3,2,0,6,1,6,0,0,0,1,44,5,1,0,0,3,0,10,28,21,39,0,4,0,160,2,200
0,0,0,0,7,0,0,4,2,0,1,0,1,0,0,3,0,0,0,1,0,0,0,1,0,0,54,0,2,0,1,3,7,1,0,9,0,0,0,2,0,1,0,0,0,2,0,1,12,0,0,0,0,0,0,0,2,0,0,1,6
0,0,12,0,88,1,3,17,14,0,1,1,2,1,0,20,1,14,3,0,0,1,5,4,3,2,140,10,2,11,0,8,10,10,1,21,8,0,1,10,3,1,0,11,3,3,1,8,136,8,3,0,2,10,4,0,20,5,0,4,70
0,0,0,0,0,0,0,1,1,0,1,0,0,0,0,4,0,1,1,0,0,0,3,0,0,0,6,0,1,1,1,0,1,0,1,1,1,0,0,0,0,0,0,0,0,0,0,0,8,1,2,0,0,1,0,0,0,1,0,0,0
4,0,1,10,47,1,0,17,2,1,0,6,2,6,0,3,6,3,0,9,36,0,0,487,0,2,14,0,15,5,1,294,5,0,0,5,1,0,0,0,19,1,22,2,3,1,0,142,3,1,0,64,1,0,2,1,1,2,7,7,1
0,26,6,0,0,1,231,0,3,0,2,1,14,0,0,198,0,0,34,0,0,4,5,38,43,0,0,19,0,4,0,0,116,0,7,0,2,0,18,16,1,13,0,55,4,5,770,0,91,0,75,0,6,4,133,0,52,44,0,0,5
0,296,3,0,0,0,16,1,2,0,103,3,32,13,0,0,0,24,23,0,0,7,31,0,557,0,0,128,1,51,0,3,0,0,172,0,81,0,96,1,2,0,0,14,1,24,6,0,0,103,31,0,1,290,0,0,34,127,0,0,5
9,0,0,2,9,3,0,2,0,9,0,0,0,5,3,0,0,0,0,2,1855,0,0,2,0,5,0,0,14,3,3,14,0,0,1,1,0,12,0,0,1,5,222,2,0,0,0,0,0,0,0,9,0,0,0,6,0,0,1,1,0
3,0,200,0,0,1,0,4,2,4,2,0,3,1,3,2,0,2,0,3,1,3,55,4,0,2,2,2,1,24,11,47,10,8,1,2,8,1,1,3,37,49,0,3,1,350,0,0,22,1,0,0,3,2,2,51,2,0,253,0,0
2,0,1,2,38,1,0,6,0,1,5,4,82,500,0,17,177,27,1,181,1,0,1,12,0,118,44,0,2,7,106,14,2,0,0,6,67,0,0,8,334,12,1,1,18,5,3,25,4,3,0,90,0,0,1,0,17,1,2,57,38
0,0,0,6736,143,0,0,0,0,0,0,0,1,1,0,0,1,0,0,4,0,0,0,0,0,0,0,0,1241,23,0,0,0,0,0,1040,0,0,0,34,0,0,3,0,0,0,0,1,0,0,0,0,0,0,0,0,0,0,0,0,0
3,0,3,3,1,0,1,9,1,3,15,1,0,3,14,0,1,17,1,1,19,1,42,9,10,52,1,1,87,34,3,37,3,47,13,34,16,1,0,88,10,72,4,8,1,14,1,140,5,5,1,0,6,0,2,9,1,4,58,0,3
0,7,4,0,1,0,0,1,3,0,336,2,11,2,86,4,0,13,0,0,4,2,32,1,5,9,11,1,17,12,2,2,1,5,19,23,9,0,1,181,1,8,2,4,3,22,4,58,2,102,52,0,5,2,8,0,23,22,14,0,2
0,149,126,0,0,1,105,1,13,0,441,5,117,56,0,6,0,84,183,0,0,105,201,13,339,2,1,486,0,119,7,5,7,8,82,1,176,1,110,14,39,1,0,301,4,77,69,0,79,154,297,1,22,215,13,16,68,384,1,27,310
0,111,196,0,25,5,227,26,49,9,340,9,58,185,4,39,46,212,536,1,1,55,375,12,250,3,19,535,1,105,6,112,29,9,130,8,569,3,137,80,203,29,1,807,5,254,45,6,128,116,315,0,48,205,66,36,196,429,2,66,771
0,431,2,0,1,0,414,1,104,1,1042,0,267,36,0,5,0,847,51,0,0,3,331,1,206,0,3,129,1,101,0,51,3,0,113,1,832,0,2,0,55,0,0,12,0,15,4,0,5,952,26,0,0,271,14,123,460,29,0,0,5
2,0,0,0,0,15,0,0,0,7,195,0,0,0,39,3,0,0,0,0,0,1,7,0,0,116,0,0,1,3,0,30,0,0,0,0,0,234,0,0,2,3,3,15,0,0,0,0,0,0,1,0,0,0,0,503,0,0,1,0,0
38,1,23,6,2,0,0,8,3,10,6,0,1,5,67,0,0,1,1,78,19,0,332,0,0,32,2,0,20,59,10,153,6,469,1,2,14,17,0,5,27,1112,7,53,0,314,0,19,80,0,0,0,1,2,1,97,1,0,912,1,0
0,0,0,16,77,0,0,51,1,2,0,0,9,1249,1,2,248,5,1,2116,14,0,0,10,0,29,4,0,26,3,358,249,2,0,0,5,6,3,0,1,188,1,65,0,0,1,0,42,2,1,0,655,0,0,0,1,5,3,22,154,9
0,13,116,0,5,9,0,9,77,0,3,154,7,1,0,95,1,50,28,1,4,307,8,420,3,1,53,246,10,7,1128,7,25,204,227,6,26,13,167,23,2,5,2,2,291,156,20,32,11,74,2,189,134,574,120,0,170,3,194,81,150
0,0,26,0,64,8,4,60,93,1,3,5,33,0,0,134,10,34,3,2,3,3,6,28,2,0,1937,19,7,35,44,3,261,12,1,121,1,0,11,12,10,28,2,2,2,16,1,72,216,12,11,3,2,64,7,1,143,6,6,86,11
0,1,23,0,196,5,1,650,376,4,15,10,53,37,1,521,68,214,4,11,22,11,11,32,4,10,1489,21,13,43,45,4,20,19,2,168,2,1,5,22,56,3,22,8,6,63,5,320,1383,26,7,4,4,112,13,0,318,10,5,94,72
0,0,0,3,20,0,1,35,25,2,16,3,10,53,0,372,2,23,4,3,2,0,7,5,0,2,162,2,29,8,7,0,1,0,1,35,1,0,0,3,55,0,0,0,3,1,2,5,319,11,1,0,0,1,2,0,54,1,0,2,2
0,0,0,0,1,3,2,7,17,0,16,0,0,0,0,32,1,50,3,0,0,8,12,5,5,1,162,0,0,4,4,0,2,5,0,5,1,0,5,6,2,0,0,3,0,71,13,75,42,4,0,0,0,8,6,0,61,10,0,0,20
0,167,43,0,0,0,10,0,77,0,0,42,0,0,0,4,0,0,2,0,0,879,8,2,14,0,0,40,0,1,76,4,1,124,14,0,1,2,39,30,0,1,0,7,52,15,12,0,0,9,10,3,111,13,57,0,0,37,175,2,52
0,3,0,0,0,0,5,0,1,0,0,10,0,0,0,1,0,0,5,0,0,16,0,1,2,0,0,0,0,0,0,0,0,0,90,0,0,0,38,2,0,0,0,0,348,7,1,0,0,2,0,0,16,111,22,0,0,1,2,0,0
1,1,12,3,0,1,1,50,5,0,0,1,0,1,11,0,0,9,2,1,64,0,130,1,0,20,1,2,17,63,29,31,8,82,51,2,9,3,0,20,2,120,340,311,1,37,0,348,0,0,1,0,12,4,0,30,0,0,172,0,2
0,0,0,307,110,0,0,32,0,0,2,7,2,10,0,0,4,0,1,47,9,0,0,17,0,0,0,0,196,9,4,20,1,0,0,63,0,0,0,6,18,1,8,0,1,3,1,12,0,1,0,49,0,0,0,0,1,0,5,3,2
0,0,0,28,207,0,0,3,0,0,0,0,11,228,0,0,51,1,0,336,11,0,0,0,0,4,9,0,13,0,36,7,0,0,0,0,0,0,0,5,157,1,143,0,0,0,0,5,0,0,0,1105,0,0,0,5,3,0,1,238,1
0,34,54,15,58,3,9,438,54,0,117,96,29,73,0,26,25,60,52,72,6,36,102,40,49,0,35,79,16,67,81,26,18,37,58,21,34,0,17,142,320,15,32,14,43,122,15,45,11,98,65,14,63,27,95,2,41,71,154,12,18
0,66,18,0,1,121,766,3,97,0,11,28,16,1,0,560,12,13,233,5,0,19,14,861,74,0,68,10,0,27,8,0,1028,12,30,5,23,1,106,48,0,86,3,40,24,51,621,15,62,10,54,0,68,99,356,19,365,49,12,9,22
2339,0,0,0,0,1174,0,0,0,1936,0,0,0,0,1427,0,0,0,0,0,95,0,0,0,0,383,0,0,5,0,0,2,0,0,0,0,0,47,0,0,0,1,11,2,0,0,0,0,0,0,0,0,0,0,0,48,0,0,0,0,0
2,0,0,0,0,27,0,0,0,23,0,0,0,0,333,0,0,0,0,0,7,0,0,0,0,492,0,0,0,0,0,3,0,0,0,0,0,1325,0,0,0,2,0,0,0,0,0,0,0,0,0,0,0,0,0,23,0,0,0,0,0
96,1,3,11,1,7,0,27,1,32,40,0,0,2,83,0,0,5,3,2,57,3,41,1,1,56,0,8,26,221,2,296,1,422,11,7,8,184,1,2,29,225,94,70,0,7,1,28,1,0,0,1,5,1,0,1392,0,0,22,0,1
38,0,1,61,575,14,0,38,2,26,3,6,43,751,9,4,555,26,2,797,40,0,0,11,0,68,46,0,45,36,236,134,1,1,0,12,0,15,0,2,426,2,271,1,0,5,0,65,5,5,0,1337,0,1,1,30,14,27,0,88,8
53,0,0,3,9,12,0,4,0,24,1,0,0,10,3,0,2,1,0,22,229,0,0,0,0,2,0,1,10,17,4,2,0,2,0,0,1,6,0,1,6,2,259,2,0,0,1,1,0,0,0,21,0,0,0,22,0,1,1,6,0
0,4,18,0,1,0,10,0,13,0,2,3,2,1,0,3,1,0,16,1,0,17,5,2,11,0,0,24,0,8,5,8,3,15,11,0,11,3,30,4,1,0,0,25,26,42,4,0,1,1,15,2,26,36,15,0,2,21,14,12,57
0,5,6,0,0,2,9,0,13,0,0,18,2,0,0,5,1,1,3,0,0,84,19,26,2,0,4,3,0,2,21,4,2,19,2,3,2,2,3,5,0,0,0,4,6,16,11,0,2,6,2,4,26,5,123,0,6,10,11,1,53
0,5,3,0,1,6,136,0,6,0,213,2,23,8,0,7,1,30,11,0,0,19,98,10,37,0,3,145,0,255,0,0,5,9,2,2,160,1,0,3,24,0,0,38,0,8,12,1,32,64,15,0,4,36,64,10,18,162,1,1,208
5,0,2,0,55,26,22,16,3,13,10,19,10,27,2,15,34,67,0,4,333,2,2,112,0,7,68,1,14,22,31,7,6,1,2,29,1,0,0,5,14,196,231,3,6,11,1,83,10,2,0,14,3,2,13,4,35,2,1,322,17
0,0,81,4,3,11,8,2,74,0,1,1184,2,0,0,9,1,2,1,0,0,4,0,108,0,0,11,0,0,3,116,10,133,7,28,1,6,2,28,1,2,5,0,1,446,33,3,3,4,5,2,44,20,221,137,1,6,3,11,114,21
0,3,1,0,0,0,60,1,3,0,307,0,122,2,0,1,0,50,0,0,0,5,144,4,3,0,2,106,0,6,1,20,16,1,0,85,68,0,3,1,7,0,0,35,1,1,4,0,35,430,26,0,0,4,29,7,16,5,0,0,1
987,0,0,0,5,1039,0,18,0,796,3,0,1,0,289,105,1,3,0,2,52,0,1,0,0,347,1,0,3,4,0,3,0,1,0,0,3,33,0,0,1,0,22,4,0,2,0,3,0,0,0,1,0,0,0,36,0,0,0,1,0
0,0,0,0,0,5,0,0,0,6,1,0,0,1,16,4,1,1,0,1,0,0,0,0,0,44,0,0,0,0,0,1,0,0,0,0,0,64,0,0,0,0,1,0,0,0,0,2,0,0,0,0,0,0,0,2,0,0,0,0,0
