0.61524,0.26574,0.13463,0.93576,0.33782,0.52869,0.36522,0.32512,0.21891,0.73671,0.46656,0.50542,0.18788,0.37043,0.66561,0.25267,0.59466,0.39253,0.20949,0.55589,0.66995,0.35771,0.15119,0.50373,0.42803,0.398,0.41775,0.25081,0.73149,0.1957,0.50048,0.19646,0.3289,0.27083,0.33896,0.80746,0.38725,0.52104,0.32766,0.23632,0.18782,0.54751,0.27519,0.28614,0.33361,0.15914,0.33057,0.18553,0.46122,0.44882,0.20854,0.31024,0.32463,0.28205,0.25752,0.50247,0.16006,0.21376,0.35722,0.34971,0.31453
0.39905
0,170,31,0,0,0,79,0,389,0,0,194,0,0,0,93,0,0,29,0,0,76,0,1,22,0,0,5,0,0,2,0,0,125,298,0,0,0,200,93,0,0,0,5,243,6,32,0,0,79,10,0,746,4,42,0,0,3,86,1,0
0,612,41,0,0,0,1,0,1,0,25,60,6,0,0,9,0,2,10,0,0,40,10,0,1246,0,0,22,0,1,0,0,0,0,75,0,20,0,139,553,0,0,0,28,1,9,3,0,2,9,493,0,69,5,1,0,1,494,1,0,8
0,112,145,0,0,0,17,0,22,0,0,68,0,0,0,15,0,0,70,0,0,155,6,0,91,0,0,18,0,0,6,6,2,112,121,1,0,1,325,184,0,0,1,73,48,110,8,0,0,13,45,0,340,68,9,0,3,39,33,15,22
0,16,78,0,0,0,21,1,88,0,0,88,0,0,0,10,0,0,12,0,0,151,3,4,0,0,0,6,0,0,44,0,7,138,125,0,0,0,106,12,0,0,1,0,814,17,3,0,0,119,1,0,238,30,237,0,1,1,554,0,12
0,124,7,0,0,0,3,0,2,0,0,97,0,0,0,2,0,0,1,0,0,95,0,0,32,0,0,3,0,0,4,0,0,36,19,0,0,0,16,126,0,0,0,1,0,2,0,0,0,0,29,0,110,0,6,0,0,10,4,0,0
0,14,186,0,7,1,14,10,44,0,0,30,5,3,0,21,8,4,146,3,2,245,20,7,30,0,29,50,2,7,168,200,15,163,22,4,10,3,93,162,8,35,14,197,51,409,17,5,28,12,43,5,126,88,60,0,42,28,84,103,303
2,0,0,5,2,1,0,6,0,3,0,1,0,5,2,0,45,0,0,5,7,0,7,3,0,0,2,2,3,0,0,30,1,4,0,4,10,1,0,1,10,4,7,4,0,6,0,5,3,0,1,3,0,0,12,3,1,0,1,16,23
0,4,6,0,2,0,192,5,13,0,2,2,9,4,0,327,3,1,238,0,1,8,13,44,8,1,1,76,0,24,3,6,315,4,2,6,27,0,8,33,5,45,0,90,5,26,996,1,57,1,104,0,9,5,565,2,24,23,4,2,30
0,74,8,0,0,0,8,0,3,0,1,111,0,0,0,9,0,4,42,2,0,3,4,0,87,0,0,0,0,0,0,1,0,3,723,0,14,0,828,58,0,0,0,5,25,35,1,0,0,10,7,0,301,14,4,0,0,4,1,0,0
0,0,4,0,0,1,1,89,3,0,1,3,0,4,0,0,0,0,0,0,1,1,22,4,0,0,0,3,2,51,0,19,9,4,0,2,0,0,3,0,0,5,0,34,3,2,0,3,0,0,0,0,0,4,1,4,1,1,5,2,3
0,0,5,17,70,2,0,1,0,0,0,14,138,10,0,0,160,5,2,22,2,0,0,12,0,9,16,0,3,0,9,9,4,0,0,1,0,0,0,0,109,20,21,0,2,0,0,6,2,0,0,213,0,0,0,0,35,0,0,911,0
0,0,0,0,0,8,0,0,0,14,0,0,0,0,54,0,0,0,0,0,0,0,0,0,0,144,0,0,0,0,0,27,0,0,0,0,0,358,0,0,0,1,0,0,0,0,0,0,0,0,0,0,0,0,0,216,0,0,0,0,0
6,3,13,1,0,0,0,16,12,11,54,1,9,2,10,0,0,2,1,2,23,3,22,0,3,2,0,3,12,237,0,207,3,94,0,21,2,22,0,7,21,26,8,7,0,10,1,27,0,0,3,1,1,1,0,224,1,0,10,1,0
161,0,3,9,204,8,0,23,3,1,0,3,102,258,0,0,2161,49,1,181,26,0,4,4,0,26,25,0,12,6,20,24,4,0,0,10,0,20,0,2,315,1,108,2,0,5,0,25,18,1,0,240,0,3,3,4,56,38,1,159,20
9,0,29,8,13,3,0,39,0,8,8,1,20,2,4,3,83,32,2,14,20,1,20,10,7,0,29,6,5,528,2,15,29,18,0,1,4,1,0,43,37,24,507,9,1,19,0,162,8,4,2,26,0,1,0,23,74,3,1,27,14
1,0,4,0,0,2,1,41,1,0,16,0,66,20,0,6,123,372,27,5,1,1,37,5,1,13,29,11,1,21,8,7,2,1,0,3,10,1,0,4,35,1,31,53,1,3,149,520,6,7,0,3,0,1,35,3,65,7,0,8,19
0,279,92,0,0,0,57,0,3,0,20,10,42,1,0,65,0,2,143,0,0,189,60,0,593,0,1,160,0,31,5,1,2,17,81,0,47,0,155,242,0,2,1,179,11,57,251,1,3,7,441,0,57,32,8,0,0,466,1,1,34
0,0,36,0,0,0,0,1,21,0,0,13,0,0,0,0,0,1,0,0,0,51,1,3,0,0,1,9,4,0,312,0,1,71,10,0,0,4,0,5,0,0,0,0,37,15,0,0,1,0,0,4,7,17,21,0,0,0,92,4,207
0,0,1,0,2,0,0,1,2,0,1,0,2,0,0,2,0,0,0,0,0,0,1,0,0,0,64,0,2,0,1,1,4,1,0,1,0,0,0,1,1,0,0,1,0,0,0,1,21,0,0,0,0,0,0,0,4,0,0,4,5
0,0,13,0,21,0,1,4,11,0,0,5,3,0,0,8,7,1,5,0,1,2,2,2,0,0,221,12,1,3,0,4,25,1,0,0,9,0,0,13,4,0,6,11,1,4,0,7,244,0,3,0,1,5,2,1,9,2,1,10,31
0,0,0,0,0,0,0,0,0,0,1,0,0,0,0,2,0,1,2,0,0,0,1,0,0,0,10,0,0,0,1,0,0,0,0,0,1,0,0,0,1,0,0,0,0,0,0,0,17,0,0,0,0,1,0,0,0,0,0,0,0
2,0,2,9,25,0,0,14,0,1,1,6,1,4,2,1,1,0,0,6,33,0,0,474,0,0,3,0,16,0,1,356,17,1,0,5,1,0,0,0,47,2,39,0,11,1,0,96,17,1,0,48,0,0,7,1,0,0,2,8,1
0,10,4,0,0,0,292,0,6,0,0,1,3,1,0,329,0,0,108,0,0,4,7,15,23,0,0,28,0,16,0,0,78,1,4,1,1,0,10,22,0,10,0,30,0,7,700,0,4,1,42,0,4,4,243,1,3,27,0,0,6
0,260,1,0,0,0,0,0,4,0,170,2,28,7,0,3,0,62,27,0,0,6,43,0,317,0,1,98,0,47,0,1,0,0,93,0,363,0,85,7,0,0,0,17,0,17,2,0,1,127,83,0,0,258,0,1,24,122,0,0,5
6,0,0,1,6,5,0,4,0,3,0,0,0,5,0,0,0,0,0,3,1902,0,0,2,0,1,0,0,6,6,1,15,1,0,0,3,0,4,0,0,2,3,202,7,0,0,0,0,1,0,0,4,0,0,0,5,0,1,1,1,0
3,0,222,0,0,1,0,9,1,4,9,0,4,1,3,1,1,0,3,1,1,2,35,1,1,4,2,1,0,17,2,80,15,56,0,0,0,1,0,2,7,86,10,2,0,263,1,5,10,1,0,8,1,2,2,31,3,0,277,0,0
2,0,3,2,43,0,0,6,1,0,1,1,28,440,1,5,275,10,1,184,1,0,4,6,0,153,22,0,0,1,61,21,2,0,0,6,50,0,0,5,419,4,5,0,10,1,2,6,5,0,0,80,0,0,2,1,19,2,0,97,57
0,0,0,5317,273,0,0,0,0,0,0,0,0,0,0,0,0,0,0,1,0,0,0,0,0,0,1,0,1403,0,0,0,0,0,0,2231,0,0,0,0,1,0,1,0,0,0,0,0,0,0,0,0,0,0,0,0,0,0,0,0,0
2,0,4,4,0,0,2,12,3,3,14,1,13,1,8,0,1,2,0,0,27,3,124,7,2,18,1,1,63,5,0,36,5,53,3,22,1,2,0,51,4,94,12,4,0,12,2,237,2,1,3,0,7,0,5,11,1,3,20,1,6
0,3,4,0,0,0,0,0,4,0,315,0,45,0,122,1,1,6,0,0,2,2,81,2,7,2,9,3,15,1,2,4,0,2,4,4,8,0,1,110,3,7,2,4,4,10,4,215,5,45,27,1,4,2,9,0,11,20,5,1,2
1,138,74,0,0,0,29,0,26,0,227,0,114,67,0,20,0,114,201,0,0,105,264,2,191,0,2,526,0,299,10,4,3,8,35,0,243,1,62,44,6,7,1,405,4,118,94,1,221,143,412,0,4,177,9,1,61,341,1,21,205
1,75,187,0,11,3,92,18,33,1,291,5,99,279,2,58,18,277,499,8,0,45,394,6,149,6,49,621,0,273,21,88,25,6,52,4,432,1,98,160,180,68,12,772,3,325,42,5,184,120,433,2,8,167,81,9,246,402,4,48,747
0,221,3,0,1,0,391,0,172,0,1458,0,344,73,0,4,0,946,63,0,0,2,305,1,16,1,3,102,1,79,0,26,1,0,28,1,1008,0,1,4,32,0,0,21,0,20,5,0,6,934,31,0,0,165,2,32,416,24,0,0,7
2,0,1,0,0,12,0,0,0,7,96,0,3,0,28,3,0,0,0,0,1,0,6,0,0,102,0,0,0,2,0,41,0,1,0,0,0,339,0,0,3,5,2,2,0,0,2,0,0,0,0,0,0,0,0,522,0,0,1,0,0
14,1,30,2,1,3,0,23,1,19,2,2,1,1,122,0,0,0,1,4,14,2,204,0,0,9,3,0,15,33,1,198,22,725,0,3,0,10,0,1,6,1187,67,2,1,183,1,28,27,0,1,0,0,1,3,104,0,0,937,3,0
0,0,0,10,185,0,0,39,0,0,0,0,3,1308,0,0,68,1,2,2193,21,0,2,6,0,11,1,0,25,0,243,309,5,0,0,2,2,4,0,1,231,2,25,0,0,1,0,29,0,0,0,606,0,0,0,1,2,1,17,260,21
0,6,123,0,3,2,2,5,76,0,5,150,18,2,0,3,2,19,35,4,8,187,15,125,0,0,40,141,3,0,1573,0,12,158,181,3,71,10,204,17,0,3,7,6,129,356,8,43,19,53,3,252,55,605,76,0,357,2,171,153,165
0,0,22,0,56,4,1,26,54,0,5,8,104,1,0,32,6,16,4,6,2,4,4,58,0,0,1758,10,7,9,15,0,588,2,0,2,2,0,3,25,9,30,18,2,1,14,0,63,329,6,1,1,1,8,5,0,261,5,4,90,5
1,1,73,0,138,5,0,431,248,0,8,10,180,17,0,256,82,161,16,15,9,9,15,30,1,8,2057,4,5,11,37,1,218,2,2,11,10,1,3,25,67,4,106,4,6,16,3,349,1564,10,5,5,0,18,14,0,298,16,5,46,28
0,0,2,0,27,1,0,21,24,0,5,7,14,34,0,257,2,6,4,2,2,1,10,7,0,5,266,1,7,1,4,0,0,0,1,3,3,0,1,1,52,0,0,0,1,0,2,7,460,12,0,0,0,1,5,0,28,1,0,3,5
0,0,5,0,1,1,0,5,9,0,3,3,1,0,0,5,2,75,31,0,0,8,7,5,1,0,116,3,0,1,6,0,2,1,0,3,9,0,2,1,3,1,0,4,2,6,5,256,33,2,2,0,1,3,4,0,29,6,0,0,9
0,121,72,0,0,0,5,0,47,0,0,34,0,0,0,3,0,0,11,0,0,895,10,1,9,0,1,45,0,3,140,0,1,159,13,0,1,1,39,79,0,0,0,22,49,34,2,0,0,3,5,0,58,10,38,0,3,9,141,0,72
0,2,1,0,0,0,1,0,0,0,0,2,0,0,0,1,0,0,14,0,0,14,0,1,0,0,0,0,0,0,6,0,0,3,104,0,1,0,28,2,0,0,0,0,335,22,2,0,0,3,0,0,12,116,10,0,0,1,3,0,0
1,0,6,1,0,1,1,254,5,2,0,3,3,2,3,0,0,2,0,0,33,1,148,2,3,7,1,2,4,152,0,44,7,107,1,4,2,4,0,18,1,71,14,484,0,25,0,541,0,1,1,0,2,5,0,30,0,0,12,0,1
0,0,0,225,158,0,0,53,0,0,2,6,2,3,0,0,3,0,0,15,9,0,4,17,0,0,3,0,240,0,4,19,6,0,0,100,0,0,0,0,20,0,11,1,1,2,0,10,3,0,0,26,0,0,0,0,1,0,1,6,1
0,0,0,24,343,0,0,8,0,0,0,0,5,184,0,1,33,0,0,239,13,0,0,0,0,0,6,0,7,0,4,12,0,0,0,4,0,0,0,1,203,0,37,0,0,0,0,1,0,0,0,1255,0,0,0,5,1,0,0,222,1
0,24,43,11,86,2,6,620,123,0,84,71,75,37,3,9,28,38,60,78,2,20,161,41,32,0,31,86,13,21,88,25,18,27,40,9,55,0,14,145,320,14,10,15,103,98,6,56,18,59,77,14,56,13,38,1,26,74,95,17,20
0,26,9,0,3,110,756,6,248,0,7,33,6,4,0,592,2,11,492,14,0,22,11,1148,26,0,15,20,0,21,8,0,791,10,36,1,17,0,42,41,0,92,10,37,12,31,572,10,7,25,8,0,58,39,297,103,357,23,17,9,15
1938,0,0,0,0,882,0,0,0,2286,0,0,0,0,1672,0,0,0,0,0,99,0,0,0,0,490,0,0,2,1,0,2,0,0,0,0,0,32,0,0,0,0,10,0,0,0,0,0,0,0,0,1,0,0,0,55,0,0,0,0,0
2,0,0,0,0,21,0,0,0,28,0,0,0,0,78,0,0,0,0,0,9,0,0,0,0,876,0,0,0,0,0,2,0,1,0,0,0,1201,0,0,0,1,0,0,0,0,0,0,0,0,0,0,0,0,0,18,0,0,0,0,0
35,1,2,2,2,18,0,25,1,46,7,0,3,1,49,0,1,2,1,0,41,1,33,3,1,20,0,0,10,321,1,499,1,524,0,15,0,124,1,1,26,85,34,11,0,6,1,44,2,0,0,0,5,1,2,1524,0,0,6,0,0
19,0,3,33,879,12,0,60,0,9,0,6,36,684,11,0,474,25,2,902,39,0,1,14,0,28,28,0,18,15,130,172,5,0,0,13,0,23,0,0,518,1,216,1,1,3,0,22,15,2,0,1281,0,1,1,27,9,31,0,110,4
36,0,0,1,22,12,0,3,0,22,0,0,0,7,3,0,3,1,0,27,227,0,0,0,0,1,0,0,3,35,1,7,1,2,0,1,0,3,0,0,7,0,250,1,0,0,0,4,0,0,0,35,0,0,0,25,0,0,0,1,0
0,1,18,0,0,0,3,1,12,0,0,7,2,2,0,4,0,0,21,1,0,31,4,2,8,0,0,34,0,20,13,3,1,16,3,0,13,2,24,9,2,2,0,45,18,69,3,0,1,2,11,0,8,28,15,0,1,9,5,12,46
0,1,8,0,2,1,6,0,19,0,0,13,1,0,0,2,0,2,8,0,0,96,38,11,1,0,7,16,0,17,43,1,0,16,1,0,1,2,3,8,0,2,0,3,6,25,4,0,4,0,2,1,1,4,90,0,4,2,11,5,66
0,2,3,0,1,5,28,0,4,0,109,3,36,31,0,7,1,42,31,0,0,14,135,9,3,0,10,272,0,573,4,0,1,1,0,0,96,0,1,12,21,0,1,79,1,5,11,1,21,43,22,0,1,19,50,2,14,59,0,0,115
3,0,2,0,14,13,2,16,2,2,4,20,28,22,1,0,40,65,2,5,210,1,3,119,0,1,39,0,6,15,18,3,5,1,0,1,0,2,0,3,12,218,710,4,4,6,1,112,8,1,0,13,0,1,4,1,81,4,1,84,10
0,0,18,0,1,9,3,1,36,0,0,1119,1,2,0,1,0,2,14,0,1,4,2,65,0,0,16,0,0,2,121,2,149,2,56,1,5,1,32,5,3,5,2,2,494,158,1,0,9,2,2,1,6,217,154,0,25,1,7,143,20
0,2,2,0,0,0,55,2,0,0,173,0,221,2,1,20,0,47,0,0,0,2,301,0,0,0,5,76,0,20,0,10,2,0,0,256,53,0,0,1,4,0,0,10,1,0,76,1,5,222,11,0,1,1,22,2,1,6,0,0,2
903,0,0,0,0,1299,0,8,0,630,0,0,3,0,325,149,0,2,0,2,49,0,2,0,0,217,0,0,2,2,0,1,0,0,0,0,0,57,0,0,3,0,60,2,0,1,0,8,0,0,0,0,0,0,0,40,0,0,0,0,2
0,0,0,0,0,9,0,0,0,3,0,0,4,0,8,4,0,0,0,1,0,0,0,0,0,46,0,0,0,0,0,1,0,0,0,0,1,69,0,0,0,0,1,0,0,0,0,3,0,0,0,0,0,0,0,0,0,0,0,0,0
