0.60261,0.40439,0.13408,0.94332,0.36161,0.46724,0.22228,0.39828,0.29762,0.75656,0.45609,0.50278,0.37923,0.45702,0.65453,0.31407,0.62866,0.18696,0.42736,0.40944,0.62175,0.31219,0.41199,0.49015,0.32421,0.30736,0.43709,0.27799,0.79925,0.25854,0.44426,0.16204,0.31183,0.29688,0.28837,0.90388,0.27036,0.47613,0.28961,0.29983,0.18211,0.59459,0.30538,0.281,0.30574,0.20256,0.34927,0.28951,0.51842,0.60164,0.2113,0.28438,0.30807,0.30708,0.3367,0.58409,0.2069,0.29429,0.32246,0.42851,0.25683
0.409
0,100,59,0,0,0,14,0,525,0,0,148,0,0,0,65,0,0,74,0,0,81,0,0,18,0,0,0,0,0,10,0,0,22,392,0,1,0,437,46,0,0,0,1,140,15,7,0,0,75,3,0,687,1,23,0,0,25,91,2,2
0,922,10,0,0,0,2,0,3,0,3,41,0,1,0,4,0,1,3,0,0,26,5,0,829,0,0,29,0,3,7,0,0,16,83,0,28,0,64,725,1,0,0,5,1,0,1,0,0,5,254,0,94,11,1,0,0,814,0,0,5
0,152,122,0,0,0,8,0,26,0,0,55,0,0,0,11,0,7,37,7,0,191,1,0,130,0,0,14,0,0,29,3,7,179,250,1,7,0,242,119,0,1,1,20,56,33,4,0,0,9,15,0,299,75,2,0,2,89,48,15,37
0,4,130,0,0,0,2,0,103,0,0,52,0,0,0,9,0,3,33,0,0,165,0,3,1,0,1,3,0,0,23,0,18,7,150,0,0,0,304,4,0,0,1,0,724,132,0,0,0,152,0,0,219,12,121,0,0,0,547,0,15
0,116,20,0,0,0,1,0,7,0,0,26,0,0,0,1,0,0,1,0,0,88,0,0,13,0,0,1,0,0,23,0,0,16,114,0,0,0,18,111,0,0,0,0,3,0,1,0,0,0,6,0,123,0,1,0,0,33,6,0,0
0,22,264,0,3,0,27,7,45,0,1,52,0,11,1,20,2,32,65,46,1,305,4,9,86,0,17,38,0,3,137,120,13,385,104,3,29,0,72,97,8,20,37,68,87,195,15,2,19,7,19,4,93,87,28,0,32,83,65,101,395
2,1,0,6,3,1,1,6,0,3,0,0,3,3,1,0,8,2,0,3,6,0,2,15,0,1,4,2,10,3,0,36,1,5,0,3,2,2,0,2,41,2,5,1,1,7,0,2,1,0,0,2,0,0,1,5,2,0,1,13,30
0,8,9,0,2,0,173,2,24,0,1,8,2,4,0,430,1,3,451,5,1,12,21,32,15,2,2,91,1,15,8,5,160,16,3,7,30,0,6,25,17,10,3,66,8,14,891,1,7,0,9,0,6,7,700,2,6,22,1,0,37
0,46,6,0,1,0,2,0,3,0,0,192,0,1,0,7,0,37,25,0,0,4,2,0,109,0,0,1,0,0,0,2,0,3,652,0,42,0,711,61,0,0,0,4,15,10,0,0,0,9,8,0,373,36,4,0,0,23,1,0,0
0,0,12,0,0,2,0,104,0,1,2,1,0,4,0,0,0,0,5,0,0,2,12,2,1,0,0,1,0,8,0,46,6,40,0,4,0,1,4,0,0,4,0,1,1,4,0,6,0,0,5,0,0,2,1,1,1,1,5,2,3
0,0,2,13,34,0,0,0,0,0,0,13,61,5,0,0,106,4,1,37,3,0,0,11,0,8,9,0,4,1,7,13,3,0,0,2,0,0,0,0,129,15,47,0,1,1,0,0,3,0,0,209,0,0,0,1,19,0,0,1067,1
0,0,0,0,0,18,0,0,0,13,0,0,0,0,36,0,0,0,0,0,0,0,0,0,0,151,0,0,0,0,0,21,0,0,0,0,0,450,0,0,0,2,0,0,0,0,0,0,0,0,0,0,0,0,0,131,0,0,0,0,0
3,1,9,2,1,4,1,7,1,5,67,2,3,0,12,0,1,1,0,0,20,5,20,19,1,6,0,7,10,82,1,232,1,169,0,13,1,37,0,8,17,20,3,0,1,11,3,78,1,0,1,1,1,0,1,241,0,5,9,1,0
101,0,4,10,162,9,0,8,0,2,2,3,15,167,2,1,2167,30,1,314,31,0,0,3,0,17,10,0,7,28,21,33,2,0,0,16,2,28,0,0,363,1,142,0,1,0,0,9,16,1,0,227,0,1,1,69,34,0,3,282,3
11,3,71,2,7,4,0,30,1,6,12,1,3,6,2,2,67,33,0,18,47,2,31,3,12,1,20,3,10,681,3,47,25,104,1,2,9,1,0,30,39,5,362,3,2,9,1,14,14,2,4,20,0,3,0,26,68,3,5,56,12
2,0,1,0,3,2,8,5,1,0,17,2,31,7,0,2,87,379,3,6,4,1,4,1,2,8,25,22,0,7,7,8,3,0,0,1,5,0,0,0,13,2,252,25,2,1,5,280,28,3,0,4,0,4,226,13,244,1,0,28,3
0,422,62,0,0,0,139,0,5,0,12,13,2,1,0,83,0,7,35,0,0,186,24,1,516,0,3,159,0,23,32,0,3,89,96,0,96,0,99,392,0,1,1,73,10,17,214,1,1,5,303,0,41,51,11,0,0,598,2,1,20
0,0,74,0,0,0,0,2,13,0,0,15,0,0,0,0,0,3,1,0,0,62,0,0,0,0,0,1,0,0,246,0,5,11,13,1,0,0,3,0,0,0,0,0,61,73,0,0,4,0,0,1,5,15,7,0,0,0,43,1,289
0,0,2,0,4,0,0,0,2,0,1,0,1,0,0,1,0,0,0,0,0,1,1,0,1,0,54,0,2,0,0,2,6,0,0,1,0,0,1,1,4,0,6,0,0,1,0,0,19,0,0,0,0,0,0,0,7,0,0,1,5
0,0,5,1,17,0,4,2,7,0,1,2,3,0,0,10,6,2,1,1,0,0,0,1,3,0,271,13,0,6,0,4,27,6,0,1,4,0,0,9,18,1,14,6,2,9,0,0,209,1,4,0,1,0,0,1,7,4,1,4,28
0,0,0,0,0,0,0,0,0,0,1,0,1,0,0,0,0,0,0,0,0,0,0,0,0,0,11,0,0,0,0,0,0,0,0,0,3,0,0,0,1,0,0,0,2,1,0,0,17,0,1,0,0,0,0,0,0,0,0,0,0
1,0,1,7,24,0,0,16,0,1,1,5,2,5,0,1,1,0,0,1,38,0,0,473,0,0,9,1,11,26,2,444,30,1,0,8,0,1,0,0,52,4,9,0,0,10,0,9,11,0,0,47,0,0,0,1,0,0,1,8,1
0,14,7,0,0,0,169,0,9,0,0,1,0,1,0,409,0,1,423,0,0,4,7,6,19,0,0,31,0,13,1,0,55,5,5,1,9,0,10,23,1,0,0,26,0,4,457,0,0,1,8,0,2,3,288,1,0,29,1,0,2
0,28,2,0,0,0,3,1,2,0,188,6,19,5,0,2,0,40,1,0,0,7,88,0,216,0,1,147,0,40,0,0,0,0,46,0,414,0,25,15,0,0,0,77,0,2,0,1,0,98,416,0,4,310,1,0,0,76,0,0,1
5,0,0,1,11,2,0,14,0,3,0,0,0,7,0,0,1,0,0,6,2035,0,0,2,0,1,1,0,4,33,0,15,0,1,0,4,0,6,0,0,5,5,14,4,0,0,0,2,0,0,0,11,0,0,0,8,0,0,0,0,0
2,0,176,0,0,3,3,8,1,0,13,0,2,1,4,0,1,4,1,0,1,1,38,4,0,4,1,2,0,3,2,98,4,107,0,1,1,2,0,1,7,86,55,2,3,267,2,11,0,0,2,5,1,2,0,14,2,0,242,0,2
1,0,3,2,36,0,0,4,0,0,4,0,15,420,0,0,350,18,0,61,1,0,3,1,0,126,16,1,1,0,118,21,5,0,0,3,28,0,0,0,416,5,32,0,0,1,3,0,8,0,0,109,0,0,2,1,22,0,3,114,91
0,0,0,4344,248,0,0,1,0,0,0,0,0,0,0,0,0,0,0,0,1,0,0,0,0,0,2,0,1712,0,0,0,0,0,0,2915,0,0,0,0,1,0,0,0,0,0,0,1,0,0,0,0,0,0,0,0,0,0,0,3,0
2,0,2,2,0,0,2,6,3,2,13,1,4,1,3,0,1,7,0,0,19,3,33,12,4,8,1,6,18,14,0,41,5,18,0,12,1,3,0,10,4,97,3,2,0,8,1,509,2,0,1,0,0,1,2,6,2,1,22,0,1
0,13,3,0,0,0,3,1,7,0,309,0,54,0,120,2,0,26,0,0,0,2,5,3,8,0,5,19,5,3,7,0,1,1,6,2,10,0,1,28,3,3,10,2,4,7,3,361,6,13,18,0,4,2,9,0,28,15,7,0,2
0,72,96,0,0,0,99,0,20,0,185,1,64,53,0,26,0,74,41,3,0,117,187,0,211,0,2,578,0,297,30,15,7,57,10,1,285,0,26,184,6,35,4,495,6,31,295,1,142,109,520,1,1,188,5,0,27,292,4,20,119
2,80,230,0,3,2,208,14,24,0,389,8,90,265,1,50,2,332,122,40,1,78,248,5,239,10,114,787,1,260,27,141,32,134,29,2,418,1,45,287,178,91,34,707,8,96,67,7,118,158,450,3,10,194,29,3,207,459,3,53,649
0,1,0,0,0,0,383,0,124,0,1371,0,774,30,0,3,0,436,2,0,0,4,976,1,9,0,6,192,1,80,0,3,16,0,1,2,644,0,1,7,12,1,0,79,0,8,10,0,19,1323,150,1,0,180,7,0,66,16,0,0,11
0,0,0,0,0,12,0,0,0,8,86,0,1,0,19,3,0,0,0,0,0,0,1,5,0,105,0,0,0,0,0,33,0,0,0,0,0,508,0,0,2,5,0,0,0,0,2,0,0,0,0,0,0,0,0,391,0,0,0,0,0
13,1,26,3,0,0,0,12,1,16,1,1,0,1,152,0,0,3,1,1,19,1,117,3,1,9,2,0,11,21,0,301,16,866,0,5,0,14,0,1,5,1232,75,4,2,143,1,116,1,0,1,0,0,1,1,56,0,0,761,0,0
0,0,0,5,443,0,0,49,0,0,0,0,1,1659,0,0,61,1,1,1474,31,0,0,6,0,5,1,1,14,1,347,317,7,0,0,5,0,3,0,0,251,7,9,0,2,1,0,7,2,0,0,855,0,0,0,10,1,0,23,25,12
0,7,252,0,2,0,2,8,38,0,6,193,11,2,0,8,1,430,6,2,0,196,1,21,14,1,28,9,3,5,1359,2,33,26,106,0,77,0,175,5,1,2,59,14,223,491,2,3,21,8,3,157,57,729,41,0,341,2,138,17,328
0,1,29,0,49,2,0,12,33,0,7,10,4,0,0,29,7,12,1,2,3,1,3,28,1,0,1435,7,3,2,12,0,602,3,2,8,5,0,1,7,111,2,147,4,5,22,0,10,374,4,8,10,0,10,3,3,558,3,1,87,4
0,0,36,0,119,4,5,302,202,0,8,12,16,8,0,133,95,114,2,26,6,9,3,15,4,7,2126,14,1,4,28,5,213,1,3,13,7,0,5,11,410,1,314,12,11,16,6,120,1717,3,7,8,2,13,4,5,380,7,1,51,20
0,0,1,0,8,0,0,17,15,0,10,5,4,26,0,79,8,12,0,2,1,0,3,3,0,8,483,3,4,1,6,0,0,1,0,8,2,0,0,1,100,0,23,3,0,4,2,1,396,5,4,0,0,0,4,0,32,0,0,5,6
0,0,1,0,1,0,6,1,7,0,5,1,4,0,0,8,3,79,4,0,0,5,1,2,4,0,103,6,0,0,5,0,1,0,2,0,8,0,0,2,2,0,20,12,3,6,1,151,79,2,0,2,1,6,8,0,112,6,0,0,2
0,104,111,0,0,0,2,0,45,0,0,20,0,0,0,3,0,0,8,1,0,817,0,0,14,0,0,16,0,1,183,0,2,133,69,0,3,0,35,35,0,1,2,8,122,44,1,0,0,1,0,0,59,7,3,0,1,20,158,1,106
0,1,1,0,0,0,0,0,3,0,0,5,0,0,0,4,0,6,7,0,0,12,0,0,1,0,0,2,0,0,5,0,0,1,36,0,6,0,49,1,0,0,0,1,338,92,0,0,0,3,0,0,14,92,1,0,0,0,3,0,0
1,1,5,1,0,0,0,392,0,2,3,1,0,1,9,0,0,1,0,0,25,0,44,8,1,5,1,0,3,36,0,42,1,168,1,6,2,3,1,5,2,54,1,306,0,12,0,795,0,0,6,0,4,5,1,35,0,2,16,0,4
0,0,1,166,175,0,0,70,0,0,0,7,2,4,0,0,0,0,0,1,9,0,1,13,0,0,3,0,255,1,1,26,6,1,0,121,1,0,0,0,13,0,6,0,0,2,0,11,3,0,1,32,0,1,1,0,1,0,3,13,1
0,0,0,16,301,0,0,17,0,0,0,0,4,185,0,0,15,0,0,501,18,0,0,0,0,0,4,0,4,5,6,13,1,0,0,0,0,1,0,0,280,0,5,0,0,0,0,1,0,0,0,1040,0,0,0,1,1,0,0,189,1
0,38,42,5,101,0,13,836,159,0,56,82,86,32,2,12,29,33,28,14,4,32,53,21,20,0,27,85,9,11,89,18,16,51,41,5,54,0,18,105,173,11,45,27,157,31,4,74,21,46,138,22,50,14,21,1,55,90,104,21,24
0,112,20,0,2,49,397,4,270,0,9,28,4,2,0,739,1,16,1056,11,0,25,65,945,30,0,8,40,0,21,6,2,759,11,31,3,37,0,37,24,4,67,39,57,15,43,364,2,3,21,4,0,60,32,299,134,292,22,12,7,9
1615,0,0,0,0,1284,0,0,0,2250,0,0,0,0,1474,0,0,0,0,0,91,0,0,6,0,652,0,0,2,6,0,1,0,0,0,0,0,38,0,0,0,1,0,0,0,0,0,1,0,0,0,0,0,0,0,49,0,0,0,0,0
2,0,0,0,0,24,0,0,0,25,0,0,0,0,43,0,0,0,0,0,7,0,0,1,0,706,0,0,0,0,0,3,0,0,0,0,0,1416,0,0,0,2,0,0,0,0,0,1,0,0,0,0,0,0,0,7,0,0,0,0,0
21,1,2,1,2,14,0,21,0,37,9,0,0,1,34,0,0,0,0,0,36,0,37,94,1,23,0,4,5,202,0,431,0,191,0,14,0,205,0,2,32,89,3,4,0,10,0,129,0,0,4,0,3,0,1,1872,0,1,1,0,2
20,0,1,17,1023,11,0,92,0,7,0,8,9,669,5,0,401,21,0,941,57,0,0,7,0,8,20,0,25,101,141,167,0,1,0,15,0,125,0,0,621,1,68,0,1,0,0,14,12,1,0,1123,0,1,1,41,13,0,1,93,1
36,0,0,1,26,17,0,7,0,21,0,0,0,15,3,0,1,0,0,42,371,0,1,1,0,1,0,0,3,77,0,3,0,7,0,1,0,7,0,1,13,3,17,1,0,0,0,5,0,0,0,31,0,0,0,28,0,0,0,1,0
0,5,23,0,0,0,4,1,9,0,2,7,0,0,0,3,0,3,2,3,0,32,2,1,14,0,0,38,0,22,7,0,3,37,10,0,20,0,18,8,2,2,1,45,23,39,4,0,0,2,9,0,7,39,12,0,2,5,11,5,50
0,0,12,0,2,0,2,0,6,0,0,25,1,0,0,2,0,3,8,1,0,113,3,8,0,0,4,34,0,17,25,0,4,13,1,0,1,0,1,5,0,2,3,16,19,51,3,0,3,0,0,2,0,5,63,0,3,2,10,0,81
0,3,3,0,1,1,33,1,5,0,95,3,60,12,0,6,0,13,15,0,0,20,66,2,7,0,10,368,0,430,3,0,2,2,1,1,61,0,0,13,39,1,4,315,4,6,36,0,18,43,34,0,0,7,57,0,9,14,0,0,75
4,1,4,0,14,8,1,12,1,2,5,19,6,14,0,0,22,40,0,30,326,1,3,69,0,1,10,1,1,16,16,19,3,5,0,0,2,1,0,1,11,173,845,2,6,3,3,8,5,0,1,19,0,1,5,5,86,0,0,105,7
0,0,17,0,0,0,0,1,13,0,2,1087,0,0,0,2,0,29,6,0,1,4,6,59,1,0,10,4,0,1,75,1,324,7,3,0,4,0,46,3,0,4,14,3,298,438,1,0,6,2,2,2,8,222,57,2,29,1,6,97,25
0,0,0,0,0,0,69,1,1,0,107,0,677,1,1,21,0,30,0,0,0,2,247,0,1,0,3,50,0,20,4,0,6,0,0,14,22,0,0,3,2,1,1,14,0,2,141,0,6,87,42,0,1,4,25,3,3,2,0,0,2
836,0,0,0,1,1298,0,5,0,568,1,0,2,0,323,157,1,3,0,0,58,0,0,3,0,380,0,0,2,4,0,4,0,0,0,0,1,46,0,0,0,0,30,1,0,1,0,2,0,0,0,1,0,0,0,34,1,0,0,1,3
0,0,0,0,0,7,0,0,0,2,1,0,0,0,5,5,1,1,0,0,1,0,0,0,0,43,1,0,0,0,0,2,0,0,0,0,0,75,0,0,0,0,1,0,0,0,0,0,0,0,0,0,0,0,0,4,1,0,0,0,0
