0.60463,0.39442,0.13371,0.94178,0.36259,0.46946,0.22023,0.39924,0.30062,0.75092,0.45343,0.48875,0.38214,0.45223,0.6521,0.29817,0.63159,0.18174,0.42846,0.41444,0.62186,0.31374,0.43193,0.48885,0.31866,0.29811,0.43816,0.28399,0.79782,0.27315,0.44636,0.16304,0.33108,0.29398,0.28916,0.90683,0.25908,0.48082,0.29283,0.30008,0.18102,0.5878,0.30791,0.29324,0.30311,0.20971,0.32604,0.28623,0.53431,0.60771,0.20852,0.28456,0.30114,0.31154,0.33818,0.58031,0.23243,0.30619,0.31992,0.42246,0.24425
0.40923
0,104,61,0,0,0,16,0,533,0,0,153,0,0,0,52,0,0,76,0,0,82,0,0,21,0,0,0,0,0,10,0,0,20,400,0,1,0,425,45,0,0,0,1,136,12,7,0,0,71,3,0,689,1,21,0,0,26,94,2,2
0,904,10,0,0,0,2,0,3,0,3,36,0,1,0,3,0,1,3,0,0,24,6,0,811,0,0,32,0,1,8,0,0,14,83,1,35,0,68,728,1,0,0,2,1,0,2,0,1,4,256,0,93,9,1,0,0,846,0,0,4
0,151,124,0,0,0,8,0,19,0,0,51,0,0,0,13,0,8,37,6,0,189,1,0,134,0,0,15,0,0,26,2,8,184,250,1,13,0,236,120,0,0,1,17,60,30,4,0,0,8,15,0,318,64,3,0,3,83,48,17,37
0,3,131,0,0,0,3,0,110,0,0,49,0,0,0,6,0,3,32,0,0,156,0,3,1,0,0,3,0,0,23,0,19,9,145,0,0,0,297,4,0,0,1,0,732,127,0,0,0,155,0,0,237,11,114,0,0,0,546,0,18
0,112,20,0,0,0,2,0,7,0,0,26,0,0,0,1,0,0,2,0,0,96,0,0,13,0,0,1,0,0,18,0,0,16,120,0,0,0,19,111,0,0,0,0,3,0,1,0,0,0,6,0,117,0,1,0,0,31,6,0,0
0,21,261,0,4,0,22,6,36,0,1,49,0,11,2,19,1,35,57,44,1,298,2,6,89,0,18,38,1,3,126,102,20,411,98,5,37,0,70,94,8,25,42,72,89,201,14,1,19,8,18,3,105,85,28,0,37,77,68,103,395
2,0,0,6,3,1,1,5,0,2,0,1,3,4,1,0,7,2,0,2,8,0,2,13,0,1,5,2,6,3,0,34,1,6,0,3,2,4,0,2,40,3,5,3,0,8,0,4,2,0,0,6,0,0,1,3,2,0,1,13,28
0,8,9,0,2,0,170,2,24,0,1,9,1,5,0,481,1,2,454,4,1,10,19,34,11,2,4,92,0,13,7,5,174,17,4,8,27,0,5,26,19,11,4,69,8,14,820,1,6,1,7,0,8,8,698,1,10,26,1,0,38
0,41,6,0,1,0,3,0,5,0,0,198,0,1,0,7,0,37,24,0,0,4,2,0,109,0,0,1,0,0,0,2,0,4,659,0,43,0,711,63,0,0,1,2,13,11,0,0,0,9,10,0,364,30,4,0,0,24,1,0,0
0,0,4,0,0,1,0,103,1,1,6,1,0,2,0,0,0,0,3,0,0,2,1,2,1,0,0,1,0,13,0,52,11,42,0,3,0,1,4,0,0,5,0,1,1,4,0,7,0,0,4,0,0,2,1,1,1,1,6,3,3
0,0,3,10,37,0,0,0,0,0,0,8,63,5,0,0,107,6,1,33,3,0,0,15,0,9,11,0,4,2,8,12,2,0,0,2,0,0,0,0,126,13,57,0,3,1,0,0,4,0,0,212,0,0,0,1,14,0,0,1057,1
0,0,0,0,0,19,0,0,0,13,0,0,0,0,36,0,0,0,0,0,0,0,0,0,0,150,0,0,0,0,0,21,0,0,0,0,0,450,0,0,0,3,0,0,0,0,0,0,0,0,0,0,0,0,0,130,0,0,0,0,0
4,2,8,3,1,1,1,8,1,7,64,1,3,0,11,0,1,1,0,0,19,7,11,24,2,10,0,6,9,99,1,239,3,157,0,13,1,36,0,7,16,20,3,0,1,9,3,77,1,0,1,1,0,0,1,236,1,6,8,1,0
101,0,6,9,164,8,0,9,1,1,2,2,16,166,1,3,2167,35,1,299,30,0,0,3,0,24,10,0,10,32,21,30,1,0,0,13,1,30,0,0,359,1,135,0,1,0,0,6,19,1,0,230,0,2,1,76,30,0,3,286,3
11,3,35,2,7,5,0,34,1,6,15,1,2,6,2,2,66,33,0,17,51,2,10,1,13,0,22,4,8,711,3,58,39,98,1,3,11,1,0,34,36,9,361,5,2,9,1,14,14,1,4,18,0,2,0,27,63,1,3,59,12
1,0,1,0,2,1,9,5,1,0,16,0,27,6,0,2,90,393,3,5,7,1,5,1,0,8,23,20,0,6,6,10,5,0,0,0,11,0,0,0,9,1,241,23,2,2,1,285,29,1,1,5,0,3,226,14,251,1,0,25,3
0,427,62,0,0,0,137,1,6,0,12,12,1,1,0,90,0,7,34,0,0,187,23,2,510,0,1,151,0,20,31,0,4,96,96,0,105,0,97,390,0,2,1,69,11,16,210,1,2,5,289,0,43,46,15,0,0,611,3,1,22
0,0,82,0,0,0,0,2,12,0,0,15,0,0,0,0,0,3,1,0,0,61,0,0,0,0,0,1,0,0,203,0,2,13,10,1,0,0,4,0,0,0,1,0,64,81,0,0,2,0,0,1,7,17,6,0,0,0,47,0,313
0,0,2,0,3,0,0,0,1,0,1,0,1,0,0,1,0,0,0,0,0,1,1,0,1,0,56,0,2,0,0,2,5,0,0,1,0,0,1,1,4,0,8,0,0,0,0,0,19,0,0,0,0,0,0,0,8,0,0,1,4
0,0,9,1,14,0,4,2,11,0,1,1,3,0,0,9,6,2,1,1,0,1,1,2,3,0,282,12,1,6,0,5,13,6,0,1,3,0,0,8,20,0,14,5,2,10,0,1,205,1,4,0,1,0,1,0,5,4,1,5,29
0,0,0,0,0,0,0,0,0,0,1,0,1,0,0,0,0,0,0,0,0,0,0,0,0,0,12,0,0,0,0,0,0,0,0,0,3,0,0,0,1,0,0,0,1,1,0,0,17,0,1,0,0,0,0,0,0,0,0,0,0
0,0,2,5,22,0,0,15,0,1,1,3,2,5,1,1,1,0,0,3,35,0,0,437,0,0,8,0,13,23,1,457,52,1,0,7,0,1,0,0,53,3,9,0,0,13,0,9,16,0,0,48,0,0,0,1,0,0,1,12,1
0,21,7,0,0,0,163,0,9,0,0,1,0,1,0,415,0,0,438,0,0,5,7,4,21,0,0,32,0,8,1,0,62,4,5,3,11,0,9,24,1,1,0,25,0,4,423,0,0,1,5,0,2,4,292,1,0,33,1,0,2
0,25,2,0,1,0,4,0,2,0,194,5,19,5,0,2,0,41,1,0,0,7,86,0,211,0,1,150,0,37,0,0,0,1,45,0,424,0,24,15,0,0,0,76,0,2,0,1,0,94,432,0,4,290,1,0,0,79,0,0,1
5,0,0,1,11,3,0,14,0,4,0,0,0,7,0,0,1,0,0,5,2031,0,0,2,0,1,1,0,4,32,0,16,0,1,0,5,0,6,0,0,5,4,14,3,0,0,0,2,0,0,0,13,0,0,0,10,0,0,0,0,0
2,0,169,0,0,2,4,9,0,1,13,0,2,1,6,0,1,4,2,0,1,2,47,1,0,3,2,1,0,2,2,111,1,105,0,1,1,1,0,0,5,77,51,3,3,277,2,10,0,0,2,7,1,2,0,12,2,0,239,0,2
1,0,3,2,41,0,1,5,0,0,5,0,18,423,0,0,350,18,0,59,1,0,2,2,0,119,16,0,0,0,121,22,1,0,0,4,28,0,0,0,413,7,26,0,0,1,3,1,7,0,0,106,0,0,2,1,20,0,4,125,87
0,0,0,4335,245,0,0,1,0,0,0,0,0,0,0,0,0,0,0,0,1,0,0,0,0,0,1,0,1681,0,0,0,0,0,0,2959,0,0,0,0,1,0,0,0,0,0,0,0,0,0,0,1,0,0,0,0,0,0,0,3,0
2,1,3,4,0,0,2,5,3,1,14,0,4,1,4,0,0,7,0,0,20,4,24,11,3,16,2,4,19,12,0,40,2,16,0,10,1,5,0,9,4,85,4,2,0,8,1,522,1,1,2,0,2,1,2,7,2,1,23,0,2
0,14,3,0,0,0,3,0,8,0,309,0,52,0,122,3,0,27,0,0,0,2,5,2,6,0,5,20,4,2,7,1,2,2,4,2,8,0,1,28,2,2,11,2,5,5,5,365,7,13,18,0,6,2,8,0,25,14,7,0,2
0,76,93,0,0,0,98,0,20,0,185,1,63,63,0,33,0,78,32,3,0,115,181,0,222,0,2,579,0,238,31,15,8,62,13,0,299,0,25,189,7,34,4,500,7,31,370,1,110,102,509,1,2,181,6,0,27,280,4,20,122
1,82,242,1,6,2,214,11,25,0,396,7,102,270,2,48,3,333,113,49,0,77,245,8,236,9,119,802,0,225,34,138,30,145,30,2,426,0,39,281,174,96,35,751,9,96,64,7,117,149,433,3,12,191,35,2,208,437,3,54,616
0,1,0,0,0,0,387,0,121,0,1363,0,796,32,0,7,0,426,1,0,0,4,993,1,11,0,4,193,1,77,0,4,16,0,2,1,635,0,1,7,15,1,0,74,0,6,16,0,20,1309,158,1,0,179,7,0,59,14,0,0,7
0,0,1,0,0,15,0,0,0,8,84,0,1,0,22,3,0,0,0,0,0,0,1,7,0,104,0,0,0,0,0,33,0,0,0,0,0,496,0,0,1,4,0,0,0,0,2,0,0,0,0,0,0,0,0,399,0,0,0,0,0
11,0,27,2,1,2,0,17,1,22,3,0,0,1,145,0,0,2,1,0,21,1,138,4,1,9,2,0,9,22,0,319,4,864,0,5,0,14,0,1,5,1195,74,3,2,147,1,107,1,0,2,0,0,2,1,65,0,1,763,0,0
0,0,1,7,433,0,0,53,0,0,0,0,1,1633,0,0,59,2,1,1504,25,0,0,4,0,7,1,0,14,3,347,327,1,0,0,5,0,2,0,0,260,5,9,0,2,1,0,8,1,0,0,847,0,0,0,12,1,0,26,22,13
0,5,247,0,3,0,2,7,38,0,6,205,11,2,0,7,1,418,9,2,0,203,1,24,13,0,25,8,3,3,1319,1,26,25,111,0,79,0,184,5,1,0,74,12,227,514,3,4,24,9,2,154,54,734,38,0,335,1,136,15,336
0,0,32,0,49,4,0,11,46,0,8,10,4,0,0,28,6,13,1,3,3,2,3,22,1,0,1402,9,3,2,12,1,537,3,1,8,8,0,0,7,121,5,146,2,9,23,0,12,392,3,5,13,2,7,3,1,612,2,1,87,2
0,1,45,0,112,4,5,287,198,1,8,13,15,8,0,125,81,110,3,28,9,9,3,13,1,6,2154,9,3,5,26,7,171,2,2,20,10,0,4,14,398,1,321,13,12,13,4,134,1822,3,7,10,1,10,5,4,309,6,1,59,20
0,0,1,0,8,0,0,16,12,0,8,8,4,25,0,54,12,16,0,1,1,1,4,2,0,11,521,3,3,1,5,0,0,1,0,10,1,0,0,0,100,0,20,3,0,4,1,2,390,6,3,0,0,0,3,0,25,0,0,4,6
0,0,1,0,1,0,8,0,9,0,5,0,6,0,0,5,3,81,4,0,0,6,1,1,2,0,106,6,0,1,5,0,0,0,2,1,8,0,1,2,2,0,30,14,2,3,0,150,81,0,0,1,2,7,10,0,99,3,1,0,2
0,90,112,0,0,0,2,0,45,0,0,24,0,0,0,2,0,0,7,0,0,822,0,0,14,0,0,16,0,0,178,0,2,138,71,0,3,0,30,35,0,0,2,6,121,45,1,0,0,1,0,0,62,7,3,0,2,19,163,1,112
0,1,1,0,0,0,0,0,4,0,0,5,0,0,0,2,0,6,7,0,0,12,0,0,1,0,0,2,0,0,8,0,0,1,36,0,7,0,49,1,0,0,0,0,337,91,0,0,0,3,0,0,15,92,1,0,0,0,2,0,0
1,3,4,0,0,0,0,400,0,2,4,0,0,0,9,0,0,1,0,0,25,0,17,8,1,4,1,1,3,42,1,38,1,177,1,5,2,2,1,5,2,61,1,309,0,15,0,796,0,0,5,0,3,5,1,34,0,2,14,1,4
0,0,1,172,161,0,0,71,0,0,0,5,2,4,0,1,0,0,0,1,9,0,1,14,0,0,3,0,248,2,2,27,3,1,0,120,1,0,0,0,17,0,6,0,0,1,1,13,4,0,1,36,0,1,0,0,0,0,3,19,1
0,0,0,16,292,0,0,16,0,0,0,0,4,181,0,0,16,0,0,514,18,0,0,0,0,0,4,0,6,5,6,11,0,0,0,1,0,1,0,0,286,1,5,0,0,0,0,0,0,0,0,1036,0,0,0,1,1,0,0,187,1
0,39,41,4,104,1,11,838,154,0,55,79,88,29,2,11,28,40,28,13,4,33,43,22,24,0,26,83,9,10,89,24,11,53,41,5,51,0,20,114,180,10,48,30,151,29,4,79,17,39,143,24,56,13,19,2,47,83,110,20,25
0,147,17,0,3,53,394,1,277,0,9,31,4,2,0,701,1,17,1057,11,0,26,68,921,32,0,8,35,0,19,7,2,784,10,36,2,37,0,39,22,2,81,36,53,15,42,365,1,4,20,5,0,56,35,276,134,300,23,11,8,10
1618,0,0,0,0,1299,0,0,0,2237,0,0,0,0,1462,0,0,0,0,0,94,0,0,5,0,648,0,0,2,6,0,5,0,0,0,0,0,40,0,0,0,0,0,0,0,0,0,0,0,0,0,0,0,0,0,54,0,0,0,0,0
2,0,0,0,0,23,0,0,0,25,0,0,0,0,44,0,0,0,0,0,7,0,0,1,0,694,0,0,0,0,0,3,0,0,0,0,0,1429,0,0,0,1,0,0,0,0,0,1,0,0,0,0,0,0,0,7,0,0,0,0,0
22,0,3,2,2,16,0,23,0,34,10,0,0,0,37,0,0,1,0,0,34,1,29,103,1,25,0,4,5,218,0,429,0,171,0,15,0,201,0,3,31,75,4,4,0,8,0,128,0,0,3,0,4,0,1,1886,0,2,3,0,1
17,0,3,20,1012,10,0,94,0,9,0,9,9,668,6,1,397,19,0,945,57,0,0,5,0,8,20,0,28,110,140,166,0,0,0,16,0,123,0,0,618,1,54,0,2,0,0,15,12,1,0,1126,0,1,1,50,15,0,2,93,1
37,0,0,1,29,16,0,6,0,22,0,0,0,12,3,0,1,0,0,41,370,0,0,2,0,2,0,0,4,81,0,4,0,5,0,1,0,7,0,1,14,2,16,1,0,0,0,5,0,0,0,27,0,0,0,30,0,0,0,1,0
0,6,27,0,0,0,4,1,7,0,2,6,0,0,0,4,0,3,3,3,0,34,2,1,15,0,0,37,0,18,7,0,2,36,10,0,24,0,16,7,2,2,1,48,24,37,5,0,0,2,9,0,7,37,9,0,2,7,10,5,50
0,0,12,0,2,0,2,1,6,0,0,23,1,0,0,2,0,3,11,1,0,105,3,9,1,0,3,32,0,19,24,0,4,10,0,0,1,0,1,5,0,2,5,16,21,52,3,0,4,0,0,2,1,5,64,0,3,2,13,0,80
0,3,3,0,1,1,36,0,5,0,91,3,61,13,0,8,0,14,16,1,0,21,58,2,7,0,10,363,0,433,2,0,1,2,1,0,66,0,0,12,39,1,4,322,4,7,32,0,18,39,37,0,1,6,61,0,10,13,0,0,71
5,1,1,0,13,9,1,14,2,2,3,17,6,15,1,0,22,42,0,31,325,0,1,68,0,3,11,1,2,14,14,21,4,6,0,0,2,1,0,1,14,180,860,3,5,3,3,8,7,0,1,22,0,2,6,2,71,1,0,90,6
0,0,14,0,0,0,0,1,8,0,2,1021,1,1,0,5,0,22,3,0,1,5,4,69,1,0,11,4,0,2,71,1,331,4,2,0,4,0,47,2,0,3,15,2,327,434,1,0,7,3,1,2,12,257,58,3,28,0,8,102,23
0,0,0,0,0,0,70,0,1,0,104,0,684,1,2,30,0,27,0,0,0,2,248,0,1,0,2,51,0,17,4,0,5,0,0,0,20,0,0,3,2,0,1,14,0,2,142,0,8,91,39,0,1,5,29,3,3,3,0,0,1
833,0,0,0,1,1263,0,5,0,578,1,0,2,0,317,159,1,4,0,0,52,0,0,3,0,413,0,0,2,5,0,4,0,0,0,0,1,45,0,0,0,0,32,1,0,1,0,3,0,0,0,1,0,0,0,35,1,0,0,1,3
0,0,0,0,0,8,0,0,0,2,0,0,0,0,4,5,1,1,0,0,2,0,0,0,0,42,1,0,0,0,0,2,0,0,0,0,0,76,0,0,0,0,0,0,0,0,0,0,0,0,0,0,0,0,0,5,1,0,0,0,0
