0.55062,0.28623,0.48106,0.35988,0.2813,0.40056,0.41417,0.3401,0.55366,0.32237,0.2072,0.3156,0.28044,0.4526,0.40614,0.59581,0.60405,0.63188,0.33811,0.33806,0.88243,0.98734,0.34447,0.73351,0.53009,0.6378,0.23674,0.29811,0.38725,0.85709,0.27243,0.3071,0.23435,0.24705,0.23452,0.71679,0.60939,0.31602,0.53153,0.4843,0.65856,0.41416,0.54165,0.23372,0.21127,0.49352,0.78207,0.59268
0.47039
58,879,52,45,212,58,81,5,0,0,570,0,0,0,2,0,0,0,0,0,0,0,0,0,0,0,3,94,2,0,0,0,169,0,137,0,0,0,0,1,0,0,0,639,1,56,0,0
11,49,1054,1071,1,1007,5,11,1,94,209,1,0,0,20,0,12,0,0,0,1,0,0,0,1,0,135,4,44,0,7,9,33,0,30,0,0,0,0,0,0,0,0,142,42,2,1,0
11,200,99,102,84,94,25,244,1,0,375,2,4,1,113,2,1,3,17,21,9,0,0,4,5,6,23,83,22,1,21,4,301,24,153,35,3,5,0,1,5,3,2,370,13,41,16,6
17,593,2,0,897,1,28,0,0,0,112,0,0,44,1,0,0,0,0,1,0,0,0,0,0,0,2,642,2,0,0,0,202,3,202,0,0,0,0,11,0,0,0,130,0,48,0,0
14,176,48,40,0,53,0,0,0,1,207,0,0,0,0,0,0,0,0,0,0,0,0,0,0,0,9,23,0,0,0,0,2,0,50,0,0,0,0,1,0,0,0,103,0,2,0,0
22,114,28,52,106,45,30,1068,17,4,109,1,0,77,264,0,1,0,1,15,13,0,10,0,14,5,31,295,30,1,16,35,317,34,317,1,13,0,0,10,1,30,0,143,29,78,5,4
6,405,127,133,9,194,12,1,0,9,392,1,0,0,15,0,0,0,0,0,1,0,0,0,18,1,1,0,237,0,0,5,636,0,1,0,1,0,0,0,0,0,0,179,2,4,0,0
0,0,0,0,2,0,0,8,0,0,0,0,134,2,2,0,0,0,16,58,0,0,0,0,2,0,1,3,1,0,4,9,0,35,0,0,0,9,1,0,0,1,2,0,0,2,3,0
5,0,0,0,4,0,0,0,97,0,0,50,37,35,0,1636,1,11,0,18,35,19,92,2802,0,506,2,0,1,516,1,2,1,161,2,556,73,0,11,44,6,1421,28,0,0,4,17,30
0,0,0,0,0,0,0,0,0,0,0,0,3,0,0,0,0,3,29,0,0,0,0,0,0,0,0,0,0,0,0,0,0,0,0,0,0,279,118,0,14,0,376,0,0,0,0,0
1,0,0,0,0,2,0,15,0,0,0,5,311,1,14,3,0,1,322,69,17,0,1,0,2,4,9,0,0,0,10,6,0,37,6,0,0,226,15,0,4,0,34,1,1,0,14,15
2,1,1,1,0,5,1,42,8,1,0,23,919,2,11,48,1,2,60,15,3,4,195,87,1,41,2,0,4,11,3,7,6,135,0,26,20,24,2,12,6,169,0,0,4,0,21,33
44,2,0,7,0,1,6,5,38,7,1,247,4,5,2,73,12,1,0,5,11,0,597,144,4,159,13,0,37,0,7,4,9,25,8,0,64,0,3,71,1,65,10,8,54,23,1,10
166,32,386,636,10,464,113,123,0,68,177,1,0,1,297,0,12,0,2,0,2,0,1,0,13,1,304,7,94,0,89,121,161,0,201,0,0,1,0,1,0,0,0,221,118,27,0,0
1,23,0,0,117,0,2,17,1,1,17,2,0,89,5,0,0,0,0,0,3,0,1,0,13,0,0,549,1,0,0,0,28,16,49,0,0,0,0,6,0,0,0,6,0,2,0,0
2,1,2,3,0,6,1,59,171,9,0,9,1,4,23,0,7,0,0,1,29,0,23,2,3,4,6,5,1,0,6,1,3,127,2,0,149,0,0,1,0,7,0,0,37,4,8,0
0,0,0,0,0,0,1,4,6,0,0,2,78,6,0,41,0,4,8,513,12,2,0,3,1,29,0,0,0,12,2,0,0,253,0,202,9,0,0,1,0,19,0,0,0,0,23,32
1686,25,38,135,21,45,880,138,3,7,22,1,0,13,143,0,1,0,1,1,12,0,1,1,5,6,53,5,32,0,229,72,50,2,44,0,0,0,0,213,0,1,1,76,143,1319,1,2
2,1,59,147,0,136,1,1,1,479,6,7,0,0,57,0,236,0,0,0,0,0,0,0,105,0,40,0,476,0,27,168,91,0,4,0,0,0,0,0,0,0,0,8,230,0,0,0
0,0,0,0,0,0,0,0,0,0,0,0,95,0,0,7,0,10,24,9,4,1,0,0,0,14,0,0,0,17,0,0,0,0,0,11,0,8,6,0,0,11,11,0,0,0,13,1960
0,0,0,0,2,0,5,2,0,0,1,3,37,3,7,9,0,1,119,776,3,0,1,0,5,2,2,2,1,0,7,4,3,49,4,0,0,119,0,5,3,0,1,1,1,11,1,2
0,0,0,0,0,0,0,3,4,1,0,15,24,6,1,32,1,1,1,36,3340,4759,0,10,0,112,1,0,0,97,0,0,0,54,0,65,5,1,0,2,0,21,1,0,0,0,1579,8
16,17,53,0,4,17,7,21,4,8,7,706,78,6,13,3,12,2,216,246,75,0,58,0,7,14,52,7,20,0,20,2,10,49,11,2,6,130,15,19,1,1,17,1,10,1,64,32
103,3,75,165,9,128,45,321,0,246,36,35,0,0,725,0,137,0,2,0,1,0,0,0,207,1,665,8,294,0,416,559,184,4,151,0,7,0,0,0,0,0,1,70,419,24,1,0
51,10,73,192,12,137,71,1273,82,183,36,37,1,5,1428,7,145,4,6,3,16,0,4,5,429,32,536,15,489,0,826,878,322,39,131,2,59,3,2,15,1,7,3,96,469,103,5,2
5,0,0,15,0,4,3,4,5,657,0,254,0,1,47,1,1460,0,0,0,1,0,0,0,1233,0,332,0,1379,0,591,612,69,6,7,0,5,0,0,1,0,0,0,0,252,6,0,0
0,0,0,0,0,0,0,1,0,0,0,3,27,0,0,1,0,3,31,2,0,0,0,0,0,0,2,0,0,0,8,2,0,3,1,0,0,544,148,0,12,0,393,0,0,0,0,0
0,0,0,0,4,0,1,0,0,0,0,1,90,0,8,2,0,2,1069,1384,3,0,0,0,9,6,1,2,0,0,5,11,0,40,1,0,0,1302,16,0,7,1,23,0,1,1,18,10
0,0,1,0,0,0,0,0,44,1,0,28,162,11,0,3103,0,18,2,179,69,34,25,493,0,2254,0,0,0,4576,0,0,0,127,0,2331,28,1,33,8,19,352,46,0,1,0,98,86
13,210,12,3,500,11,7,57,8,3,107,22,2,807,20,1,2,0,0,3,4,0,182,2,27,7,9,1086,164,1,3,8,1022,499,274,0,42,0,0,361,0,74,0,69,15,27,2,0
2,1,1,0,2,3,4,17,504,4,2,39,4,34,7,5,4,0,0,1,34,0,1449,16,8,18,5,7,2,2,8,14,3,900,3,0,347,0,0,68,0,263,0,2,13,9,5,1
19,6,4,7,5,12,7,17,2017,14,3,113,3,54,9,65,13,4,0,1,40,0,1577,157,17,104,14,25,43,7,6,5,44,476,27,1,1947,0,4,59,4,328,0,10,54,2,8,5
4,0,0,0,2,0,0,0,595,4,0,29,0,23,3,89,6,0,0,0,15,0,107,7,4,5,9,3,6,0,3,2,2,8,1,0,368,0,0,10,0,20,0,0,5,1,2,1
6,145,20,46,52,20,10,43,0,4,236,0,0,29,15,0,0,0,0,0,0,0,1,0,1,0,2,574,2,0,1,1,39,2,678,0,0,0,0,1,0,1,0,190,8,9,0,0
2,24,1,5,195,2,5,0,0,0,25,0,0,5,1,0,0,0,0,0,0,0,0,0,0,0,0,18,5,0,0,0,280,0,66,0,0,0,0,5,0,0,0,38,3,4,0,0
0,7,1,0,0,4,2,10,0,1,0,0,450,0,5,0,0,0,709,603,0,0,0,0,15,2,0,2,0,0,4,9,1,14,1,0,0,121,1,0,1,0,2,0,0,2,26,19
744,101,43,124,41,48,994,43,3,4,69,1,2,22,41,1,15,0,0,4,4,0,19,4,81,25,4,22,119,0,46,96,94,66,40,0,5,0,0,1172,0,9,0,170,145,1828,1,0
0,0,0,0,0,0,0,0,0,0,0,0,42,0,0,0,0,1756,21,3,0,0,0,0,0,5,0,0,0,0,0,0,0,0,0,1,0,35,2293,0,2897,0,181,0,0,0,17,219
0,0,0,0,0,0,0,0,0,0,0,0,0,0,0,0,0,4,5,13,0,0,0,0,0,3,0,0,0,0,0,0,0,0,0,0,0,18,357,0,42,0,1762,0,0,0,1,32
0,0,0,0,0,1,0,11,0,0,0,0,512,0,8,1,0,9,1369,100,7,0,0,0,2,6,0,0,0,1,5,4,0,13,2,2,0,1244,60,0,36,0,100,0,0,0,31,15
0,0,0,0,0,0,0,0,0,0,0,1,141,0,0,23,0,37,14,3,2,1,0,0,0,59,0,0,0,50,2,0,0,1,0,8,0,16,4,0,28,5,6,0,0,0,13,327
4,16,3,12,35,10,9,74,0,3,13,0,0,3,71,0,0,0,0,0,0,0,0,0,3,2,6,43,2,0,35,24,97,1,22,0,1,0,0,1,0,0,0,23,11,8,0,0
22,19,6,33,12,5,16,67,14,193,8,7,0,50,111,0,100,0,0,0,1,0,1,0,43,1,174,76,22,0,348,149,18,17,241,0,9,0,0,64,0,1,0,34,566,25,0,0
9,0,1,1,10,0,0,4,15,0,0,40,76,40,1,47,0,15,3,4,14,0,223,79,0,77,3,4,0,46,2,2,5,26,2,9,19,2,6,159,4,589,3,0,11,3,16,373
4,11,0,0,919,1,14,28,4,2,10,4,1,1141,7,0,0,0,0,0,2,0,3,0,10,1,1,39,2,0,4,7,159,375,15,0,13,0,0,96,0,17,0,3,3,24,2,1
10,0,1,1,0,0,14,1,0,30,1,512,1,1,19,3,238,0,0,0,0,0,1,1,38,2,357,0,27,0,270,27,0,15,7,0,2,12,0,1,0,1,0,1,18,4,0,0
0,0,0,0,0,0,0,5,0,0,0,28,38,0,0,5,0,888,2,6,2,0,4,3,0,17,0,0,0,0,0,0,0,7,0,0,0,19,1188,0,1300,14,156,0,0,0,6,79
0,0,0,0,0,0,0,0,0,0,0,7,0,0,0,0,0,0,0,1,0,0,2,0,0,3,0,0,0,1,0,0,0,0,0,0,0,1,31,0,7,0,94,0,0,0,0,3
