0.60879,0.26131,0.47642,0.35953,0.32152,0.42774,0.38816,0.36,0.51792,0.26972,0.24773,0.35995,0.30382,0.4234,0.40058,0.67583,0.62419,0.64088,0.34626,0.3241,0.91303,0.96838,0.36289,0.70985,0.65683,0.72129,0.2659,0.24278,0.26333,0.80338,0.282,0.25682,0.29366,0.31104,0.2507,0.76228,0.58997,0.36569,0.49941,0.42906,0.65265,0.44549,0.52952,0.24795,0.24168,0.57965,0.81588,0.57916
0.48235
32,670,65,45,164,36,136,3,0,0,547,0,0,1,1,0,0,0,0,0,0,0,0,0,0,0,2,124,2,0,0,0,296,0,151,0,0,0,0,1,0,0,0,697,0,91,0,0
6,56,1010,1043,1,1027,7,5,1,138,169,1,0,0,44,0,5,0,0,0,3,0,0,0,6,0,113,2,74,0,13,32,20,0,69,0,0,0,0,0,0,0,0,99,51,2,0,0
9,233,141,172,59,84,18,229,5,3,328,1,1,2,89,3,5,4,8,16,4,4,1,3,3,9,8,116,63,1,17,3,211,37,146,34,1,3,1,2,4,8,0,406,19,23,15,3
11,332,7,3,794,0,22,0,0,0,154,0,0,32,0,0,0,0,0,0,0,0,0,0,0,0,2,735,3,0,0,0,388,0,165,0,0,0,0,11,0,0,0,179,0,100,0,0
8,154,86,62,0,29,4,0,0,1,115,0,0,1,0,0,0,0,0,0,0,0,0,0,0,0,4,28,0,0,1,0,3,0,136,0,0,0,0,1,0,0,0,93,1,2,0,0
36,148,28,82,77,38,28,1063,24,8,144,1,0,61,241,0,3,0,1,9,8,0,15,0,9,20,18,411,84,1,22,18,210,6,267,1,14,0,0,10,0,26,0,155,37,54,6,2
2,336,65,60,6,147,20,3,0,18,708,0,0,0,6,0,0,0,1,0,0,0,0,0,11,0,0,4,412,0,1,4,312,0,3,0,1,0,0,0,0,0,0,263,1,6,0,0
0,1,0,0,4,0,0,1,0,0,0,0,109,0,1,0,6,0,52,50,0,0,0,0,2,1,1,3,0,0,2,6,7,13,0,0,0,12,1,0,0,1,0,8,0,9,4,1
5,0,0,0,1,0,0,0,102,0,0,90,29,30,0,1530,1,6,10,7,29,28,83,2904,0,323,1,1,3,545,1,1,1,163,1,558,59,3,5,44,10,1569,16,0,0,1,11,53
0,0,0,0,0,0,0,0,0,0,0,0,3,0,0,0,0,2,24,0,0,0,0,0,0,0,0,0,0,0,0,0,0,0,0,0,0,131,142,0,25,0,495,0,0,0,0,0
1,0,0,3,0,2,0,4,0,1,1,7,325,2,4,1,3,10,387,52,11,2,1,0,2,8,15,0,0,1,5,2,0,10,9,1,0,196,11,0,6,0,24,7,1,0,20,11
0,1,0,4,0,5,2,24,9,2,1,42,930,5,12,26,10,11,54,15,2,8,150,112,1,16,2,0,6,32,0,1,2,125,0,20,28,8,1,17,9,186,1,6,8,0,23,42
69,0,0,3,0,2,5,4,19,3,0,460,0,9,6,25,6,1,0,0,3,0,583,210,3,87,16,0,28,1,2,8,1,5,1,0,52,3,2,58,1,54,2,3,27,20,0,6
135,40,425,668,4,488,133,92,2,141,139,0,0,1,276,0,13,0,3,0,2,0,1,0,9,1,216,14,155,0,160,98,71,0,256,0,0,0,0,2,0,0,0,159,132,14,0,0
1,25,0,0,104,0,0,7,1,2,14,1,0,78,2,0,0,0,0,0,2,0,0,0,4,3,0,575,1,0,0,0,68,0,36,0,8,0,0,6,0,1,0,5,0,3,2,0
3,3,1,4,2,3,4,40,251,3,0,1,0,2,21,0,7,0,1,0,8,3,18,7,4,2,8,2,3,0,1,0,2,90,1,0,173,0,0,1,0,10,0,0,24,4,8,2
0,0,0,0,7,0,1,3,14,0,0,1,24,2,2,31,1,1,7,487,12,5,0,4,0,25,0,0,0,17,0,1,0,464,0,75,7,1,0,2,1,22,1,0,0,0,11,34
2023,34,19,96,11,43,1030,100,9,9,18,1,0,7,156,0,2,0,0,0,19,0,1,1,7,6,38,12,46,0,244,50,23,0,41,0,1,0,0,147,0,1,1,68,122,1040,0,2
3,6,23,40,1,113,4,1,2,547,18,3,0,0,79,0,162,0,0,0,0,0,0,0,106,0,22,1,517,0,37,399,10,0,11,0,3,0,0,0,0,0,0,3,171,0,0,0
0,0,0,0,0,0,0,0,0,0,0,0,90,0,0,3,0,8,15,22,4,5,0,0,0,5,0,0,0,22,0,0,0,8,0,2,0,9,2,0,4,5,10,0,0,0,8,1979
4,0,0,1,1,0,2,1,2,0,0,5,45,0,0,5,1,1,197,736,2,0,2,2,0,6,4,5,0,0,6,2,13,8,3,0,1,115,0,1,3,0,1,3,1,10,0,3
0,0,0,0,1,0,0,3,8,0,0,9,5,4,1,29,1,0,2,22,3265,4870,0,12,0,130,2,0,0,70,0,0,0,46,0,48,8,0,0,1,0,20,0,0,1,0,1613,9
20,11,24,1,5,9,2,10,2,9,4,933,51,7,11,3,18,6,216,171,43,2,24,1,19,5,58,8,16,0,7,4,2,50,16,0,13,122,11,14,2,6,7,4,21,0,68,24
80,7,65,174,10,127,46,328,6,371,27,6,0,1,703,0,166,0,1,0,0,0,1,0,192,0,744,13,344,0,434,441,47,1,177,0,4,0,0,1,0,0,0,40,466,17,2,0
85,18,74,245,7,149,79,1287,106,327,40,33,0,4,1388,7,297,0,11,3,10,0,9,4,401,36,426,19,608,0,802,653,73,14,147,2,71,0,2,32,1,7,3,55,639,65,3,3
9,0,0,6,0,4,4,5,18,292,0,62,0,1,45,0,1744,0,0,0,2,0,0,0,1891,0,378,1,1111,1,472,725,1,0,9,0,10,0,0,1,0,0,0,0,156,2,0,0
0,0,0,0,0,0,0,1,0,0,0,7,6,0,0,0,0,1,38,2,0,0,0,0,0,0,4,0,0,0,2,1,0,1,2,0,0,564,133,0,16,0,402,0,0,0,0,1
2,1,1,0,9,0,2,0,1,0,0,1,101,0,0,3,0,22,1136,1287,1,4,0,0,0,13,5,0,0,0,3,1,9,24,3,0,0,1296,31,0,11,1,13,1,0,3,24,9
0,0,0,0,0,0,0,0,34,0,0,48,78,8,0,3763,0,16,36,42,48,96,28,497,1,2368,0,0,1,3706,0,0,0,280,0,2405,29,21,25,9,25,329,34,0,1,0,74,128
12,192,7,8,399,6,8,63,16,18,126,24,1,1216,8,0,8,0,0,1,5,0,144,6,22,26,5,959,413,1,0,6,1093,62,166,0,57,0,1,435,0,33,0,59,13,46,1,0
3,3,0,1,4,1,1,13,563,12,2,21,2,29,3,1,15,0,1,0,32,0,1363,13,3,20,6,8,4,9,3,8,7,907,2,0,431,0,0,64,0,230,0,1,9,7,2,7
17,5,2,6,6,5,6,16,2038,11,6,115,1,58,17,39,11,1,3,0,33,0,1555,201,8,57,9,15,47,25,5,4,14,464,24,0,2036,0,2,64,3,321,1,12,36,5,0,33
5,0,0,0,2,0,0,1,643,3,0,29,0,13,1,63,6,0,0,0,13,0,101,15,4,7,3,2,5,1,1,4,0,2,0,0,369,0,0,18,0,17,0,0,4,0,1,1
4,122,45,43,58,12,9,27,1,3,148,0,0,38,21,0,0,0,0,0,0,0,1,0,1,2,0,648,6,0,0,0,41,0,713,0,0,0,0,2,0,0,0,175,11,5,0,0
3,23,0,2,198,1,6,0,0,0,28,0,0,13,1,0,0,0,0,0,0,0,0,0,0,0,0,16,28,0,0,0,274,0,39,0,0,0,0,4,0,0,0,43,1,4,0,0
0,7,5,2,2,1,1,4,0,2,6,0,436,0,3,0,2,2,416,923,1,0,0,0,6,1,1,5,0,1,2,4,4,2,0,0,0,98,9,0,1,0,8,18,0,12,14,13
672,92,17,96,22,54,1036,33,5,17,76,3,2,23,37,1,53,0,0,1,5,0,20,7,36,26,2,39,120,1,41,107,38,24,33,0,10,0,0,998,0,17,0,178,92,2216,0,0
0,0,0,0,0,0,0,0,0,0,0,0,11,0,0,0,0,2088,13,3,0,0,0,0,0,3,0,0,0,0,0,0,0,1,0,1,0,21,2106,0,2965,0,134,0,0,0,7,117
0,0,0,0,0,0,0,0,0,0,0,0,0,0,0,0,0,4,2,4,0,0,0,0,0,1,0,0,0,0,0,0,0,0,0,0,0,9,420,0,43,0,1740,0,0,0,0,14
0,0,0,1,0,0,0,5,0,0,1,0,638,0,5,1,3,71,1411,103,6,1,0,0,2,15,1,0,0,0,2,2,0,12,1,1,0,879,82,0,64,0,173,5,0,0,34,20
0,0,0,0,0,0,0,0,0,0,0,1,111,0,0,16,0,46,11,5,1,1,0,1,0,19,0,0,0,100,1,0,0,3,0,4,0,14,0,0,33,4,9,0,0,0,11,350
6,14,2,9,32,9,8,79,0,3,20,0,0,6,67,0,0,0,0,0,0,0,0,0,2,2,7,61,38,0,33,15,45,0,14,0,2,0,0,2,0,0,0,25,27,3,1,0
29,21,5,18,13,6,21,70,27,74,3,3,0,56,196,0,90,0,0,0,0,0,0,0,65,6,226,94,28,0,294,187,18,2,189,0,22,0,0,106,0,2,0,29,541,12,0,0
6,1,1,0,7,0,1,8,15,0,0,81,55,36,1,17,2,1,6,4,2,0,176,84,0,14,1,2,0,76,1,2,3,20,1,3,21,3,3,166,6,608,1,2,14,4,4,484
0,8,0,3,953,0,11,36,8,4,14,2,1,1123,7,0,1,0,0,3,0,0,4,0,0,2,0,27,18,0,7,6,415,70,1,0,17,0,0,99,0,27,0,10,2,42,2,0
22,0,2,0,0,0,12,1,2,6,1,556,0,3,10,1,152,0,1,0,0,0,1,2,59,1,450,0,34,0,222,28,0,1,11,0,3,13,0,7,0,0,1,0,13,1,0,0
0,0,0,0,0,0,0,5,1,0,0,34,6,0,0,0,0,956,9,3,0,0,1,5,0,16,0,0,0,1,0,0,0,1,0,0,0,23,1193,0,1303,17,117,0,2,0,8,66
0,0,0,0,0,0,0,0,0,0,0,10,0,0,0,0,0,0,2,0,0,0,2,0,0,1,0,0,1,1,0,0,0,0,0,0,0,0,34,0,7,0,92,0,0,0,0,0
