0.60347,0.25071,0.47146,0.31838,0.35348,0.43773,0.39153,0.3369,0.49721,0.24011,0.22586,0.35243,0.28492,0.41534,0.3867,0.694,0.61814,0.64145,0.34542,0.32759,0.90801,0.96498,0.3746,0.71597,0.66044,0.70884,0.28251,0.242,0.16103,0.80377,0.3005,0.37139,0.27285,0.3101,0.2522,0.75878,0.59628,0.36736,0.49725,0.45868,0.65463,0.45246,0.52646,0.24938,0.24861,0.58211,0.83272,0.57739
0.48061
32,622,78,34,46,39,136,3,0,0,606,0,0,1,0,0,0,0,0,0,0,0,0,0,0,0,2,133,9,0,0,0,403,0,121,0,0,0,0,1,0,0,0,706,0,92,0,0
8,87,991,958,1,1079,9,4,2,207,157,1,0,0,51,0,6,0,0,0,3,0,0,0,8,1,107,3,75,0,4,25,2,0,80,0,1,0,0,0,0,0,0,67,58,2,0,0
12,218,159,159,60,93,18,247,9,8,356,1,0,7,75,1,4,4,12,13,4,4,1,3,2,8,7,114,131,2,18,4,127,39,146,29,0,3,1,1,4,6,0,386,17,25,14,3
11,269,9,1,593,0,23,0,0,0,184,0,0,67,0,0,0,0,0,0,0,0,0,0,0,0,3,730,23,0,0,0,584,0,115,0,0,0,0,9,0,0,0,208,0,109,0,0
7,130,92,47,0,28,6,0,0,1,114,0,0,2,0,0,0,0,0,0,0,0,0,0,0,0,4,36,0,0,0,0,4,0,175,0,0,0,0,1,0,0,0,80,1,1,0,0
35,152,29,93,61,39,32,1083,25,16,153,0,0,102,224,0,3,0,1,10,12,0,15,0,8,18,16,405,127,1,36,13,132,4,223,1,12,0,0,5,0,20,0,184,32,57,4,3
2,391,61,33,4,167,16,4,0,67,662,1,0,0,5,0,0,0,1,0,0,0,0,0,8,0,0,5,623,0,2,12,93,0,4,0,1,0,0,0,0,0,0,219,1,8,0,0
0,1,0,0,5,0,0,3,0,1,0,0,130,0,1,0,1,0,41,45,0,0,0,0,1,1,0,3,0,0,3,5,7,12,0,0,0,7,1,0,0,1,0,12,0,9,4,1
5,0,0,0,1,0,1,0,94,0,0,81,28,31,0,1456,2,7,18,6,26,24,88,2919,0,347,1,2,0,523,1,1,1,176,0,565,68,3,7,48,11,1599,16,0,0,0,17,51
0,0,0,0,0,0,0,0,0,0,0,0,2,0,0,0,0,3,25,0,0,0,0,0,0,0,0,0,0,0,0,0,0,0,0,0,0,134,141,0,22,0,495,0,0,0,0,0
2,0,0,3,1,2,0,6,0,1,0,6,356,3,3,1,4,11,371,49,11,2,1,0,1,8,14,0,0,0,4,1,0,10,6,1,0,185,12,0,6,0,24,13,2,0,13,13
0,1,0,5,0,5,2,28,10,1,1,37,924,5,14,17,9,12,54,16,3,9,156,111,1,16,2,0,6,35,0,4,2,127,0,19,26,9,2,13,8,185,1,7,5,0,25,46
71,0,0,6,0,1,8,1,24,4,2,477,0,10,6,21,5,0,2,0,4,0,553,203,2,93,17,1,22,2,2,7,1,6,2,0,50,3,2,63,0,64,2,4,19,20,0,8
156,52,404,717,4,489,136,75,1,228,126,0,0,2,237,0,16,0,2,0,2,0,1,0,7,0,177,16,183,0,129,59,31,0,279,0,0,0,0,2,0,0,0,146,156,17,0,0
0,17,0,0,131,0,1,6,1,1,16,1,0,80,1,0,0,0,0,0,1,0,0,0,3,3,0,557,3,0,0,0,76,0,26,0,6,0,0,6,0,0,0,7,0,4,2,0
5,4,2,6,1,3,4,35,265,1,1,1,0,5,19,0,7,0,1,0,9,3,19,5,5,3,6,1,3,1,3,0,1,86,1,1,171,0,0,1,0,7,0,0,19,4,6,2
0,0,0,0,12,0,1,3,16,0,0,1,24,4,2,27,2,2,7,480,14,4,0,3,0,26,0,0,0,17,0,0,0,466,0,75,4,1,0,1,0,22,1,0,1,0,17,30
2088,33,21,99,8,46,1029,94,10,13,15,2,0,15,158,0,2,0,1,0,20,0,1,1,3,7,34,13,43,0,234,34,17,0,47,0,1,0,0,153,0,1,1,68,143,972,0,1
2,8,12,45,0,122,2,0,2,540,8,1,0,0,119,0,187,0,0,0,0,0,0,0,128,0,22,0,400,0,29,456,4,0,16,0,2,0,0,0,0,0,0,2,175,0,0,0
0,0,0,0,0,0,0,0,0,0,0,0,84,0,0,3,0,9,15,23,5,4,0,0,0,5,0,0,0,22,0,0,0,10,0,3,0,10,2,0,3,3,12,0,0,0,11,1977
3,0,0,2,1,0,2,0,2,1,0,3,70,4,1,6,1,1,192,722,3,0,1,1,0,6,2,1,0,0,6,0,12,11,1,0,1,106,0,3,3,0,1,5,2,13,0,3
0,0,0,0,1,0,0,4,11,0,0,8,6,5,1,31,1,0,2,19,3218,4740,0,14,0,133,2,0,0,58,0,0,0,38,0,43,6,0,0,1,0,20,1,0,1,0,1807,9
24,8,20,12,6,6,2,10,5,9,4,941,51,5,11,2,22,6,238,159,44,1,23,2,19,5,55,10,17,0,8,1,0,42,15,0,11,121,12,15,3,6,7,4,16,0,61,21
86,8,61,248,13,112,42,305,10,447,22,5,0,4,697,0,179,1,0,0,1,0,1,0,176,2,730,12,271,0,441,394,12,0,185,0,3,0,0,3,0,0,0,29,524,16,1,1
92,31,66,336,6,130,80,1198,131,439,32,43,0,17,1355,8,337,0,12,3,11,0,11,4,368,36,398,17,512,0,894,544,26,12,150,1,66,0,2,32,1,7,3,55,713,60,1,5
11,0,0,6,0,2,2,5,20,183,0,70,0,3,74,0,1792,0,0,0,1,0,0,0,1873,0,347,1,657,0,542,1158,0,0,11,0,8,0,0,2,0,0,0,0,180,2,0,0
0,0,0,0,0,0,0,1,0,0,0,7,7,0,1,0,1,2,39,2,0,0,0,0,0,1,4,0,0,0,2,0,0,1,2,0,0,562,128,0,15,0,404,0,0,0,0,2
1,0,1,0,12,0,2,1,1,0,0,1,168,0,1,4,0,24,1108,1274,1,3,0,0,0,15,2,0,0,0,5,2,7,24,0,0,0,1274,26,0,8,1,16,2,0,3,23,8
0,0,0,0,1,0,0,0,36,0,0,50,80,11,0,3885,0,15,56,34,42,115,26,496,1,2325,0,0,0,3621,0,0,0,292,0,2356,27,22,21,7,22,341,38,0,1,2,84,123
12,186,9,5,507,4,9,104,17,3,148,29,1,1300,14,0,7,0,0,1,5,0,145,5,31,26,6,945,558,1,0,13,818,63,161,0,65,0,0,312,0,33,0,61,11,50,1,0
1,1,0,5,5,2,2,9,573,2,5,24,4,33,6,1,13,0,0,0,35,0,1365,12,4,18,5,9,3,9,2,6,4,903,6,0,417,0,0,58,0,243,0,1,8,10,2,5
17,7,1,11,15,3,11,17,1961,6,6,123,1,58,19,32,11,1,3,0,38,0,1622,190,10,66,4,16,50,24,5,4,4,465,16,2,2050,0,2,60,3,325,2,15,29,2,0,30
4,0,0,1,2,0,0,0,639,1,0,30,0,17,2,64,5,0,0,0,14,0,102,15,6,7,5,2,2,1,2,7,0,2,0,0,367,0,0,15,0,16,0,0,4,0,1,1
6,87,51,40,61,12,7,30,2,1,156,0,0,61,19,0,0,0,0,0,0,0,1,0,1,1,0,643,9,0,0,0,34,0,688,0,0,0,0,0,0,0,0,214,5,7,0,0
3,20,0,1,213,3,4,0,0,0,30,0,0,18,1,0,0,0,0,0,0,0,0,0,0,0,0,14,136,0,0,0,142,0,36,0,0,0,0,2,0,0,0,55,0,6,0,0
0,9,3,2,3,3,1,5,0,1,5,0,466,0,4,0,2,2,416,909,1,0,0,0,5,2,0,5,0,1,3,3,7,2,0,0,0,87,10,0,1,0,6,15,0,8,14,11
683,98,19,89,21,61,1054,34,7,12,74,5,2,24,38,1,30,0,0,2,5,0,21,5,41,28,2,36,105,0,33,167,32,22,27,0,9,0,0,988,0,15,0,187,100,2173,0,0
0,0,0,0,0,0,0,0,0,0,0,0,6,0,0,0,0,2111,20,3,0,0,0,0,0,3,0,0,0,0,0,0,0,1,0,1,0,19,2082,0,2972,0,133,0,0,0,7,112
0,0,0,0,0,0,0,0,0,0,0,0,0,0,0,0,0,4,1,4,0,0,0,0,0,1,0,0,0,0,0,0,0,0,0,0,0,11,427,0,45,0,1731,0,0,0,0,13
2,0,0,2,0,0,0,6,0,1,1,0,671,0,3,1,1,72,1410,99,7,1,0,0,1,15,2,0,0,0,3,2,0,9,1,1,0,856,81,0,61,0,177,4,0,0,28,21
0,0,0,0,0,0,0,0,0,0,0,1,104,0,0,18,0,46,15,5,1,2,0,1,0,17,0,0,0,99,1,0,0,3,0,3,0,16,0,0,32,3,8,0,0,0,11,355
7,17,4,9,28,7,8,87,0,8,24,0,0,9,65,0,1,0,0,0,0,0,0,0,1,2,3,57,47,0,36,10,25,0,8,0,2,0,0,2,0,0,0,29,31,4,1,0
33,16,5,30,19,6,21,74,40,44,6,2,0,103,254,0,107,0,0,0,0,0,0,0,59,7,215,89,16,0,249,155,6,2,163,0,21,0,0,87,0,1,0,33,578,12,0,0
6,0,1,1,7,0,0,8,16,0,1,87,50,39,1,18,2,2,7,6,3,0,170,79,0,9,1,2,1,86,2,1,3,21,0,4,21,2,4,176,6,575,2,3,8,2,6,504
0,8,0,2,1012,1,11,60,8,0,16,3,1,1083,10,0,0,0,0,2,0,0,4,0,2,3,1,27,32,0,8,4,381,61,1,0,18,0,0,84,0,27,0,7,2,42,2,0
33,0,3,1,2,0,10,1,4,2,0,576,0,2,12,1,139,0,1,0,0,0,1,3,61,1,388,0,15,0,268,26,0,1,16,0,4,13,0,3,0,0,1,3,24,1,0,0
0,0,0,0,0,0,0,5,1,0,0,41,7,0,0,0,0,956,9,3,0,0,1,5,0,15,0,0,0,1,0,0,0,1,0,0,0,24,1189,0,1308,13,114,0,2,0,7,65
0,0,0,0,0,0,0,0,1,0,0,11,0,0,0,0,0,0,2,0,0,0,1,0,0,0,0,0,1,1,0,0,0,0,0,0,0,0,35,0,6,0,92,0,0,0,0,0
