0.55278,0.24472,0.4512,0.33059,0.28059,0.46592,0.41534,0.31483,0.55769,0.25797,0.28903,0.31855,0.263,0.46218,0.35786,0.71071,0.63195,0.63865,0.39717,0.30094,0.94446,0.97593,0.42299,0.70947,0.6635,0.74338,0.33925,0.23506,0.29531,0.81126,0.2996,0.34867,0.37495,0.33904,0.15419,0.76407,0.61728,0.38296,0.53894,0.46472,0.65434,0.49436,0.54683,0.21079,0.27919,0.53498,0.8809,0.59797
0.49386
14,568,58,27,27,23,75,8,0,65,722,0,0,0,0,0,0,0,0,0,0,0,0,0,0,0,2,125,14,0,0,0,248,0,367,0,0,0,0,7,0,0,0,594,0,120,0,0
5,94,994,1005,2,1251,5,12,1,76,47,0,0,0,43,0,5,0,0,0,0,0,0,0,5,0,189,0,17,0,1,15,0,0,149,0,0,0,0,0,0,0,0,59,19,3,0,0
8,223,147,121,29,95,18,269,6,94,275,3,3,5,40,0,2,3,6,9,6,4,2,7,2,3,11,109,161,3,28,7,57,20,319,31,1,4,2,0,1,29,2,344,12,24,3,7
2,209,2,2,338,0,17,5,0,27,387,0,0,7,0,0,0,0,0,0,0,0,0,0,0,0,0,708,57,0,0,0,780,0,83,0,0,0,0,7,0,0,0,155,0,152,0,0
0,128,48,21,9,30,2,0,0,2,67,0,0,1,0,0,0,0,0,0,0,0,0,0,0,0,8,12,0,0,0,0,0,0,303,0,0,0,0,0,0,0,0,96,1,1,0,0
33,116,30,56,297,59,26,1139,32,36,81,4,0,65,126,0,3,0,0,0,5,0,46,3,8,4,23,331,190,7,25,8,32,2,229,4,26,0,1,20,0,22,0,209,28,57,0,3
1,511,58,40,0,100,11,2,0,550,560,0,0,0,6,0,0,0,0,0,0,0,0,0,1,0,0,0,405,0,0,28,8,0,23,0,0,0,0,1,0,0,0,73,0,12,0,0
0,1,0,1,3,0,0,2,0,0,3,0,104,1,3,0,7,1,5,115,3,0,0,0,0,0,2,4,1,0,0,0,4,10,0,0,2,5,2,0,0,1,0,6,1,7,0,1
5,0,0,0,2,0,1,1,52,0,0,130,24,34,0,1261,0,8,7,35,22,20,65,2818,0,673,1,1,0,372,2,0,0,161,0,558,57,10,14,39,5,1752,18,0,1,2,21,52
0,0,0,0,0,0,0,0,0,0,0,0,1,0,0,0,0,0,33,1,0,0,0,0,0,0,0,0,0,0,0,0,0,0,0,0,0,131,88,0,18,0,550,0,0,0,0,0
2,0,0,4,2,1,1,2,0,0,0,11,443,3,9,4,3,10,308,48,19,1,0,1,3,3,3,0,0,0,84,0,0,6,3,2,2,87,11,0,7,0,20,15,3,0,4,21
2,0,2,0,1,22,0,44,1,2,0,46,956,16,9,15,12,11,20,17,3,4,169,80,4,3,4,2,3,22,4,1,0,105,6,19,15,3,5,3,10,252,0,2,14,0,4,46
5,0,0,6,1,0,6,6,22,2,0,859,8,16,14,2,9,0,12,0,0,0,308,120,7,25,1,0,1,0,4,9,0,6,0,0,29,0,2,225,0,58,1,4,15,3,0,2
324,63,474,770,25,510,132,111,3,98,22,0,0,1,204,0,16,0,0,0,0,0,2,0,3,0,285,19,111,0,4,63,1,0,242,0,3,0,0,5,0,0,0,220,116,23,0,0
0,9,0,0,451,0,0,7,1,3,12,0,0,63,0,0,0,0,0,1,1,0,0,0,1,0,0,337,12,0,0,0,20,0,15,0,1,0,0,2,0,0,0,9,0,4,0,0
0,0,0,2,1,2,1,31,327,1,1,2,1,4,12,1,4,0,0,1,0,0,14,10,1,0,6,5,3,3,2,1,2,56,0,2,195,0,0,2,0,7,0,2,10,2,2,1
0,0,1,0,2,0,1,2,14,0,0,1,12,13,1,37,2,9,10,485,12,10,2,2,0,14,1,2,0,11,0,0,20,451,0,64,13,2,3,2,1,17,0,0,1,2,8,35
1791,18,14,47,15,24,1229,79,13,5,12,1,0,8,86,0,1,0,1,0,2,0,5,1,4,1,30,11,19,0,48,80,2,0,16,0,3,0,2,687,0,4,0,33,95,1039,0,2
2,13,28,80,1,170,4,5,0,354,3,1,0,0,356,0,263,0,0,0,0,0,0,0,137,0,114,0,212,0,62,341,0,0,4,0,0,0,0,0,0,0,0,2,130,0,0,0
0,0,0,0,0,0,0,0,1,0,0,1,30,0,0,5,0,4,7,17,2,2,0,0,0,2,0,0,0,25,0,0,0,2,0,13,0,5,2,0,6,4,6,0,0,0,7,2060
4,0,1,3,2,0,0,0,1,1,0,3,165,14,1,2,1,2,84,782,1,0,0,1,0,3,0,0,2,0,12,9,3,3,0,0,2,66,2,2,7,2,4,6,0,0,0,1
1,0,0,0,0,0,0,2,5,0,0,9,7,11,0,28,0,0,2,15,3486,4988,2,6,0,74,1,0,0,95,1,0,1,36,0,32,5,0,0,0,0,39,0,0,0,0,1324,10
6,5,22,15,4,18,4,10,4,1,5,1013,198,7,14,1,21,3,316,97,24,1,14,1,16,0,22,9,4,0,10,0,0,17,6,0,5,96,3,8,0,6,4,5,12,4,13,16
157,2,114,301,28,123,57,338,9,135,5,7,0,11,781,0,219,0,0,0,0,0,1,0,195,0,917,10,152,0,243,293,3,0,79,0,8,0,0,2,0,0,1,89,748,14,0,0
110,12,133,421,49,167,94,1299,210,157,6,16,4,29,1323,6,417,3,3,1,3,0,14,6,405,15,569,14,344,4,830,396,1,10,93,5,112,1,10,6,2,21,0,64,806,50,0,4
6,1,4,23,2,10,5,3,15,43,0,16,0,2,155,0,2215,0,0,0,2,0,0,0,1958,2,153,0,143,0,894,1091,0,1,0,0,4,0,0,2,0,0,0,2,194,4,0,0
2,0,0,0,0,0,0,3,0,0,0,4,8,0,0,0,0,4,73,1,0,0,0,0,0,0,0,0,0,0,155,0,0,0,0,0,0,372,64,0,10,0,483,0,1,0,0,1
1,0,0,0,2,0,0,0,1,1,0,1,450,1,0,2,0,26,832,1245,1,0,1,0,0,14,1,0,0,0,2,0,1,34,1,1,1,1227,76,0,49,0,13,1,2,0,13,18
0,0,0,0,0,0,0,0,31,0,0,62,60,14,0,3658,0,30,23,27,38,78,21,715,1,2694,0,0,0,3357,0,0,1,283,0,2471,27,38,19,7,19,225,40,0,0,1,71,119
7,129,6,2,876,7,11,102,7,347,98,61,1,1607,17,0,8,0,0,0,1,0,116,3,11,6,2,671,1038,9,50,8,192,21,57,0,39,0,0,25,0,24,0,69,10,21,1,6
2,3,1,0,7,0,4,17,437,1,2,1,2,31,5,2,7,0,0,0,20,0,1744,4,0,4,6,7,2,18,2,8,5,891,3,0,386,0,1,21,0,147,0,2,6,2,2,8
4,6,3,11,30,5,7,27,2412,4,5,181,2,67,12,30,11,4,0,0,15,0,1259,149,12,31,11,10,20,53,5,2,1,452,4,1,2250,1,4,18,5,130,2,17,22,2,2,38
2,0,0,1,0,0,0,1,674,0,0,8,0,13,4,55,4,0,0,0,8,0,78,9,5,17,5,2,0,0,2,4,3,1,0,0,420,0,0,4,0,7,0,0,2,0,1,4
3,88,20,17,396,11,5,68,1,3,59,0,0,10,14,0,0,0,0,0,0,0,0,0,0,1,2,460,13,0,0,1,12,0,381,0,0,0,0,0,0,0,0,557,5,9,0,0
0,13,0,0,271,1,3,3,0,24,35,0,0,0,1,0,0,0,0,0,0,0,0,0,0,0,0,9,277,0,1,2,22,0,3,0,0,0,0,0,0,0,0,12,0,7,0,0
0,2,3,0,1,8,2,3,1,4,1,1,356,1,2,0,3,2,348,1129,2,0,0,0,0,0,0,2,1,2,1,0,2,1,0,1,0,78,7,0,2,0,5,5,0,3,10,23
583,78,26,23,21,29,1157,32,9,25,56,14,0,28,34,1,8,0,0,2,1,0,40,4,25,10,4,29,49,4,9,713,13,6,29,0,3,0,0,1192,0,16,0,71,24,1881,0,1
0,0,0,0,0,0,0,0,0,0,0,0,6,0,0,0,0,2158,2,0,0,0,0,0,0,2,0,0,0,1,0,0,0,2,0,5,0,29,2249,0,2813,0,141,0,0,0,0,62
0,0,0,0,0,0,0,0,0,0,0,0,0,0,0,0,0,4,4,0,0,0,0,0,0,0,0,0,0,0,0,0,0,0,0,0,0,11,231,0,30,1,1950,0,0,0,0,6
0,4,2,1,0,2,0,2,0,2,0,3,657,0,1,0,3,32,1402,91,12,2,0,0,1,8,0,0,0,0,13,0,1,12,1,8,1,991,59,0,45,0,131,0,0,1,10,41
0,0,0,0,0,0,0,0,0,0,0,2,95,0,0,27,0,46,18,5,1,1,0,3,0,8,0,0,0,93,0,0,0,2,0,9,0,19,2,0,31,8,2,0,1,0,4,364
10,7,3,11,39,6,13,100,0,8,9,0,0,5,63,0,0,0,0,0,0,0,0,0,0,0,8,49,61,0,12,3,13,0,19,0,2,0,0,1,0,0,0,23,60,7,0,0
31,5,4,17,90,8,20,155,18,3,0,3,0,140,330,0,111,0,0,0,0,0,9,0,75,1,137,45,12,0,137,30,5,0,26,0,13,0,0,18,0,1,0,61,935,12,0,1
4,0,1,2,6,1,0,8,7,0,0,68,31,41,1,7,3,8,6,10,1,0,193,26,0,2,1,0,0,58,0,0,4,15,1,6,11,1,8,216,4,742,0,2,6,0,1,441
0,12,1,0,89,0,15,222,6,57,25,0,0,1204,14,0,1,0,0,2,0,0,13,0,3,0,0,28,186,0,26,9,874,21,0,0,7,0,0,40,0,15,0,4,2,47,0,0
113,1,3,10,3,2,33,0,3,1,0,614,2,4,16,0,146,0,0,0,0,0,1,0,68,1,184,1,5,0,311,7,0,0,9,0,2,1,0,3,0,0,0,5,67,0,0,0
0,0,0,0,0,0,0,6,0,0,0,25,9,0,0,2,0,1010,6,1,0,0,3,1,0,2,0,0,0,1,3,0,0,1,0,2,0,24,1277,0,1230,14,98,0,0,0,2,50
0,0,0,0,0,0,0,0,1,0,0,9,0,0,0,1,0,1,2,0,0,0,1,2,0,1,0,0,0,0,1,0,0,0,0,0,0,2,29,0,4,0,95,0,0,0,0,1
