0.55275,0.24166,0.44982,0.32756,0.27712,0.46219,0.41542,0.3147,0.56077,0.26035,0.28775,0.31815,0.26506,0.46216,0.36144,0.71129,0.63252,0.63865,0.39751,0.30146,0.94631,0.9758,0.4261,0.71054,0.66531,0.74198,0.33961,0.23344,0.2967,0.80801,0.30071,0.35228,0.37393,0.34293,0.15268,0.76603,0.61894,0.38203,0.53699,0.46693,0.65774,0.49577,0.54614,0.21469,0.27786,0.53417,0.87375,0.59872
0.49427
14,558,59,26,29,24,77,6,0,61,726,0,0,0,0,0,0,0,0,0,0,0,0,0,0,0,2,126,14,0,0,0,248,0,366,0,0,0,0,7,0,0,0,602,0,119,0,0
5,92,986,1003,2,1259,6,11,1,75,50,0,0,0,47,0,4,0,0,0,0,0,0,0,5,0,190,0,17,0,1,14,0,0,149,0,1,0,0,0,0,0,0,58,18,3,0,0
8,222,152,123,29,94,16,261,5,95,275,3,3,5,41,0,3,3,7,10,5,3,3,7,2,4,11,112,159,4,28,7,54,20,322,32,3,4,1,0,1,25,1,344,12,25,4,7
2,209,2,1,337,0,17,5,0,26,388,0,0,9,0,0,0,0,0,0,0,0,0,0,0,0,0,705,58,0,0,0,778,0,85,0,0,0,0,9,0,0,0,157,0,150,0,0
1,128,47,21,9,29,2,0,0,2,66,0,0,1,0,0,0,0,0,0,0,0,0,0,0,0,7,12,0,0,0,0,0,0,304,0,0,0,0,0,0,0,0,98,1,1,0,0
31,112,29,61,299,62,25,1141,28,34,86,4,0,64,125,0,1,0,0,0,5,0,44,3,7,5,23,330,186,8,28,7,34,2,237,3,24,0,1,22,0,21,0,209,28,55,0,2
1,513,58,39,1,102,11,2,0,547,563,0,0,0,6,0,0,0,0,0,0,0,0,0,1,0,0,0,399,0,0,28,7,0,25,0,0,0,0,1,0,0,0,74,0,12,0,0
0,1,0,1,2,0,0,2,0,0,3,0,103,0,3,0,6,1,6,115,3,0,0,0,0,0,1,10,1,0,1,0,4,12,0,0,2,3,1,0,0,1,1,3,1,7,0,1
4,0,0,0,2,0,1,3,48,0,0,128,25,32,0,1266,1,8,6,29,22,22,65,2818,0,673,1,1,0,387,1,0,0,152,0,553,59,10,13,37,3,1757,22,0,1,2,20,52
0,0,0,0,0,0,0,0,0,0,0,0,1,0,0,0,0,0,31,1,0,0,0,0,0,0,0,0,0,0,0,0,0,0,0,0,0,127,92,0,17,0,553,0,0,0,0,0
2,1,0,4,2,1,0,2,0,0,0,9,439,3,6,2,2,9,316,45,20,1,0,0,1,2,5,0,0,0,83,0,0,7,6,1,2,96,9,0,9,0,22,11,5,0,4,19
1,0,4,0,1,18,0,50,2,2,0,43,959,14,7,15,12,13,15,17,4,4,172,80,4,3,3,3,3,23,5,2,0,102,7,20,15,6,6,3,11,250,0,2,14,0,3,41
7,0,0,4,2,0,5,9,25,0,0,863,6,16,14,3,8,0,11,2,0,0,296,116,5,30,1,1,1,1,5,11,0,4,0,0,30,1,2,222,0,58,0,6,17,2,0,4
323,61,462,776,25,508,129,109,2,100,25,0,0,1,205,0,15,0,0,0,0,0,2,0,3,0,297,19,113,0,4,63,1,0,246,0,2,0,0,6,0,0,0,216,115,22,0,0
0,10,0,0,451,0,0,6,1,3,12,0,0,62,0,0,0,0,0,1,0,1,0,0,1,0,0,335,14,0,0,0,21,0,15,0,2,0,0,1,0,0,0,9,0,4,0,0
0,0,0,2,1,2,1,33,325,1,1,2,2,5,14,1,4,0,0,0,0,0,15,10,1,0,6,2,3,3,2,1,2,56,1,0,194,0,0,2,0,7,0,2,11,2,2,1
0,0,1,0,2,0,1,2,14,0,0,1,13,13,1,37,3,10,9,481,11,10,2,2,0,14,1,1,0,12,0,0,22,451,0,66,13,2,3,2,0,16,0,0,0,2,9,36
1792,19,14,46,15,26,1223,77,14,4,12,1,0,8,93,0,0,0,1,0,3,0,3,1,3,1,28,13,19,0,46,74,2,0,16,0,3,0,2,686,0,4,0,31,95,1051,0,2
2,13,28,80,1,177,4,5,0,356,3,1,0,0,357,0,260,0,0,0,0,0,0,0,138,0,110,0,207,0,65,341,0,0,4,0,0,0,0,0,0,0,0,2,128,0,0,0
0,0,0,0,0,0,0,0,1,0,0,0,28,0,0,5,0,5,8,17,2,2,0,1,0,1,0,0,0,23,0,0,0,2,0,15,0,5,4,0,5,4,3,0,0,0,8,2062
4,0,0,2,1,0,0,2,1,0,0,3,162,13,1,2,0,3,78,789,1,0,0,1,0,3,1,0,3,0,12,7,4,3,0,0,2,71,2,2,8,1,1,6,1,1,0,1
1,0,0,0,0,0,0,2,5,0,0,9,7,9,0,30,0,1,2,15,3490,4999,2,6,0,77,1,0,0,92,1,0,2,35,0,32,5,0,0,0,0,39,0,0,0,0,1308,10
7,4,22,16,4,19,5,12,3,1,5,1006,199,7,14,1,23,3,319,98,23,1,14,1,13,0,24,8,7,0,7,0,2,16,7,0,5,95,3,7,0,6,4,4,12,3,13,17
156,2,114,307,29,128,55,332,9,130,5,7,1,9,783,0,218,0,0,0,0,0,1,0,196,0,920,12,149,0,247,294,3,0,85,0,9,0,0,0,0,0,0,85,740,16,0,0
107,12,139,429,52,183,92,1295,196,153,7,17,4,28,1346,5,428,3,3,1,3,0,15,5,411,14,562,11,343,4,810,398,1,10,98,5,103,1,9,8,1,19,1,61,798,49,0,5
7,1,3,21,2,10,5,3,13,41,0,16,0,2,150,0,2217,0,0,0,2,0,0,0,1968,2,151,0,143,0,894,1097,0,1,0,0,4,0,0,2,0,0,0,1,192,2,0,0
2,0,0,0,0,0,0,3,0,0,0,3,6,0,0,0,0,4,77,2,0,0,0,0,0,0,0,0,0,0,153,0,0,0,0,0,0,373,63,0,10,0,483,0,1,0,0,1
1,0,1,0,2,0,0,1,1,1,0,1,448,1,0,3,0,25,834,1242,1,0,1,0,0,14,1,0,0,0,1,0,1,34,1,1,2,1229,77,0,48,0,14,1,1,0,15,15
0,0,0,0,0,0,0,0,29,0,0,62,60,14,0,3661,0,28,23,22,36,78,24,709,1,2683,0,0,0,3371,0,0,1,275,0,2485,28,34,16,8,19,226,41,0,0,1,73,122
6,131,6,2,866,9,11,109,7,339,106,60,1,1606,15,0,9,0,0,0,1,0,108,2,11,4,2,678,1042,12,52,8,190,20,57,0,38,0,0,28,0,24,0,70,10,19,1,6
2,2,2,0,7,0,4,16,441,3,1,3,2,28,3,1,7,0,0,0,17,0,1750,6,0,3,7,7,3,17,1,7,4,893,3,0,384,0,0,20,0,150,0,1,5,2,2,7
4,9,3,13,25,5,8,29,2413,4,5,178,1,71,10,28,11,4,0,0,16,0,1255,151,12,27,11,11,20,55,3,2,2,451,4,1,2248,1,5,16,4,135,3,17,27,1,2,36
2,0,0,1,0,0,0,1,678,1,0,8,0,12,3,51,6,0,0,0,8,0,75,10,4,19,6,2,0,0,3,3,3,2,0,0,420,0,0,4,0,7,0,0,2,0,0,3
3,91,18,17,394,11,6,66,1,3,60,0,0,10,15,0,0,0,0,0,0,0,0,0,0,1,1,463,11,0,0,0,11,0,384,0,0,0,0,0,0,0,0,553,6,11,0,0
0,13,0,0,279,1,3,3,0,23,35,0,0,0,1,0,0,0,0,0,0,0,0,0,0,0,0,8,270,0,1,3,20,0,5,0,0,0,0,0,0,0,0,13,0,6,0,0
0,1,2,0,2,7,2,3,1,4,1,1,353,1,3,0,3,2,348,1132,2,0,0,0,0,0,0,1,1,2,1,0,2,1,0,1,0,80,7,0,1,0,6,3,1,3,11,23
590,73,27,26,22,31,1156,30,7,22,53,12,0,27,36,2,9,0,0,1,1,0,40,3,24,9,2,28,51,5,9,696,17,6,31,0,2,0,0,1200,0,18,0,68,30,1884,0,2
0,0,0,0,0,0,0,0,0,0,0,0,5,0,0,0,0,2158,2,0,0,0,0,0,0,2,0,0,0,1,0,0,0,2,0,5,0,28,2243,0,2823,0,140,0,0,0,0,61
0,0,0,0,0,0,0,0,0,0,0,0,0,0,0,0,0,4,3,0,0,0,0,0,0,0,0,0,0,0,0,0,0,0,0,0,0,10,228,0,31,1,1953,0,0,0,0,7
0,4,2,1,1,2,0,2,0,2,0,2,652,0,1,0,3,32,1404,87,11,1,0,0,1,8,0,0,0,0,15,0,1,10,1,7,1,997,59,0,46,1,130,0,0,1,16,38
0,0,0,0,0,0,0,0,0,0,0,2,98,0,0,24,0,46,18,2,0,1,0,4,0,10,0,0,0,94,0,0,0,2,0,9,0,19,4,0,28,9,2,0,1,0,3,365
10,8,3,11,39,6,13,95,0,6,8,0,0,5,65,0,0,0,0,0,0,0,0,0,0,0,9,50,61,0,12,2,15,0,20,0,1,0,0,1,0,0,0,25,61,6,0,0
31,6,4,16,89,7,21,154,17,3,1,3,0,145,328,0,110,0,0,0,0,0,8,0,73,1,139,45,12,0,145,30,5,0,26,0,12,0,0,17,0,1,0,62,930,11,0,1
3,0,1,2,7,1,0,7,6,0,0,68,31,43,1,7,2,7,4,10,1,0,196,27,0,2,2,1,0,57,0,1,3,14,1,6,10,1,8,218,4,736,0,2,9,0,1,443
1,12,0,0,91,0,14,219,5,58,26,0,0,1207,13,0,1,0,0,0,0,0,12,0,2,0,0,25,197,0,21,10,872,20,0,0,6,0,0,38,0,14,0,3,3,53,0,0
112,1,3,11,3,2,31,1,3,1,0,613,2,4,17,0,139,0,0,0,0,0,1,0,71,1,184,0,5,0,312,8,0,0,9,0,2,0,0,3,0,0,0,5,71,1,0,0
0,0,0,0,0,0,0,6,0,0,0,24,7,0,0,2,0,1009,6,1,0,0,2,1,0,2,0,0,0,1,3,0,0,1,0,2,0,22,1292,0,1219,14,98,0,0,0,2,53
0,0,0,0,0,0,0,0,1,0,0,9,0,0,0,1,0,1,1,0,0,0,1,2,0,1,0,0,0,0,1,0,0,0,0,0,0,2,27,0,4,0,98,0,0,0,0,1
