0.53778,0.28414,0.48544,0.36633,0.31359,0.40185,0.423,0.35376,0.55868,0.28592,0.22016,0.28234,0.26674,0.50184,0.398,0.6,0.55948,0.63326,0.32941,0.33653,0.8752,0.98778,0.32802,0.7341,0.52593,0.6073,0.22948,0.29388,0.46291,0.86037,0.2666,0.30722,0.19045,0.23225,0.22283,0.70929,0.59432,0.31796,0.53631,0.56057,0.64518,0.40819,0.52943,0.21586,0.20508,0.42008,0.78543,0.59047
0.46679
47,851,45,57,356,76,74,5,0,0,592,0,0,0,2,0,0,0,0,0,0,0,0,0,0,0,5,88,0,0,0,0,85,0,108,0,0,0,0,3,0,0,0,577,1,92,0,0
6,41,1050,1062,4,1001,3,9,1,112,187,2,0,0,25,0,27,0,0,0,1,0,0,0,1,0,175,3,28,0,6,9,55,0,28,0,0,0,0,0,0,0,0,117,39,4,1,0
7,203,93,117,156,92,21,207,1,0,338,5,4,1,129,2,0,3,18,22,10,0,0,5,4,5,38,77,9,2,20,6,242,13,140,34,2,4,0,2,5,6,3,430,12,46,14,7
18,576,3,2,985,3,24,0,0,1,121,0,0,49,1,0,0,0,0,1,0,0,0,0,0,0,6,631,0,0,0,0,93,45,198,0,0,0,0,6,0,0,0,108,0,67,0,0
11,164,46,46,1,61,0,0,0,2,219,0,0,0,0,0,0,0,0,0,0,0,0,0,0,0,12,18,0,0,0,0,1,0,52,0,0,0,0,2,0,0,0,91,0,3,0,0
19,126,26,52,165,41,33,1008,15,4,89,3,0,60,260,0,1,0,2,17,12,0,8,1,15,9,47,258,17,0,16,30,263,51,363,1,19,0,0,18,1,29,0,190,34,76,3,4
6,364,123,155,34,199,4,1,0,9,404,1,0,0,15,0,1,0,0,2,1,0,0,0,10,0,1,0,116,0,0,5,790,0,1,0,1,0,0,0,0,0,0,137,0,10,0,0
0,0,0,0,1,0,0,5,0,0,0,0,143,1,1,0,1,0,18,50,1,0,0,0,4,0,0,1,1,0,3,11,1,33,0,0,0,11,1,0,0,1,1,2,0,2,2,0
7,0,0,0,1,0,0,1,96,0,0,44,51,31,0,1669,1,13,0,16,32,19,121,2794,0,533,1,1,0,507,3,1,1,78,3,558,77,0,7,37,7,1436,25,0,3,2,22,26
0,0,0,0,0,0,0,0,0,0,0,0,3,0,0,0,0,2,28,0,0,0,0,0,0,0,0,0,0,0,0,0,0,0,0,0,0,269,130,0,10,0,379,0,0,0,0,1
0,0,0,0,0,2,0,18,0,0,0,9,337,1,12,2,0,1,298,72,17,0,1,0,2,4,12,0,0,0,9,7,0,11,4,0,0,234,17,0,4,0,43,1,0,1,12,15
3,1,1,1,0,5,2,48,7,0,0,14,924,2,11,51,2,2,81,15,3,4,227,87,1,34,3,0,3,12,2,5,9,78,0,30,21,21,3,8,6,167,0,0,3,0,29,33
49,0,0,7,0,1,7,4,35,7,1,175,9,5,3,66,12,1,0,4,13,0,671,140,3,166,11,0,35,0,7,4,11,7,6,0,64,0,5,64,2,70,17,8,55,32,2,9
99,31,383,575,22,445,95,115,0,88,175,1,0,1,291,0,12,0,3,0,2,0,1,0,10,0,460,6,60,0,81,123,199,0,176,0,0,1,0,2,0,0,0,221,119,53,0,0
1,23,0,0,45,0,2,10,1,1,12,1,0,83,7,0,0,0,0,0,3,0,0,0,11,0,0,543,0,0,0,0,13,87,88,0,3,0,0,7,0,0,0,7,0,1,0,0
2,1,2,3,1,5,2,63,170,6,0,12,1,3,23,1,8,0,0,2,27,0,25,2,8,5,3,4,1,0,7,1,3,92,2,1,171,0,0,2,0,10,0,0,38,1,9,0
0,0,0,0,0,0,1,9,8,0,0,3,94,7,2,38,0,2,10,540,16,2,0,2,1,40,0,0,0,13,2,0,0,156,0,231,9,1,0,0,0,21,0,0,0,0,22,33
1516,26,39,141,32,52,868,143,3,6,22,2,0,12,137,0,2,0,1,0,10,0,1,2,3,6,73,4,34,0,188,70,40,2,39,0,1,0,0,281,0,1,1,48,188,1431,1,2
2,1,61,129,1,129,0,1,0,494,7,8,0,0,56,0,287,0,0,0,0,0,0,0,98,0,43,0,389,0,34,174,173,0,3,0,1,0,0,0,0,0,0,6,185,0,0,0
0,0,0,0,0,0,0,0,0,0,0,0,99,0,0,8,0,11,24,8,5,1,0,0,0,16,0,0,0,17,0,0,0,0,0,13,0,7,5,0,2,11,16,0,0,0,13,1945
0,1,0,1,0,0,5,3,0,0,2,3,54,1,4,9,0,1,101,792,3,0,2,0,5,5,1,2,0,0,9,4,2,31,2,0,0,120,1,9,3,0,3,1,1,8,1,2
0,0,0,0,0,0,0,3,3,1,0,9,28,5,1,35,1,1,1,40,3345,4768,1,10,0,117,1,0,0,96,0,0,0,26,0,68,8,1,0,2,0,28,1,0,0,0,1574,6
18,13,50,1,3,19,7,22,2,8,6,657,83,7,10,4,9,2,234,243,91,0,74,0,6,21,51,7,29,0,21,3,11,22,11,1,8,134,14,22,1,2,22,0,13,1,63,34
85,3,76,134,24,111,44,329,0,283,37,60,0,0,695,0,156,0,2,0,1,0,1,0,213,2,671,7,253,0,422,533,239,4,131,0,6,0,0,0,0,0,1,81,407,31,0,0
46,8,71,161,23,120,76,1299,67,203,27,76,1,4,1350,7,140,4,7,2,17,0,3,4,445,35,605,17,442,0,807,855,418,24,106,2,69,3,3,16,1,7,3,114,445,106,4,2
5,0,1,13,0,5,3,4,7,601,0,414,0,1,36,1,1331,0,0,0,1,0,0,0,1217,0,212,1,1504,0,631,580,149,2,4,0,5,0,0,1,0,0,0,0,217,4,0,0
0,0,0,0,0,0,0,2,0,0,0,3,51,0,0,0,0,2,24,2,0,0,0,0,0,1,2,0,0,0,5,2,0,0,0,0,0,531,144,0,14,0,398,0,0,0,0,0
0,0,0,0,0,0,4,1,1,0,0,0,117,1,7,2,0,2,1047,1368,6,0,0,0,10,8,1,1,0,0,4,12,0,31,2,0,0,1317,14,0,4,1,26,0,1,2,18,10
0,0,1,0,0,0,0,0,47,1,0,21,174,12,0,3201,0,19,2,189,74,32,31,494,0,2131,0,0,0,4609,0,0,0,49,0,2352,28,1,34,7,23,369,48,0,1,0,101,79
22,211,13,5,404,12,10,49,10,2,82,20,3,694,22,2,4,0,0,3,5,0,212,1,20,8,5,1023,97,1,5,9,790,929,501,0,46,0,0,271,0,79,0,72,11,12,1,0
3,3,0,0,1,3,4,19,546,6,1,31,8,32,12,7,4,0,0,1,36,0,1492,18,8,21,6,9,3,2,11,16,3,793,5,0,369,0,0,53,0,253,0,2,16,7,5,2
28,8,6,5,9,7,3,24,2104,16,3,78,10,47,14,56,17,4,0,3,41,0,1604,154,14,118,15,23,31,4,5,8,47,389,29,3,1947,0,3,40,5,341,1,11,52,1,6,3
6,0,0,0,0,0,0,0,603,4,0,24,0,23,3,86,6,0,0,0,15,0,111,10,5,6,4,3,6,0,4,1,2,5,1,0,366,0,0,4,0,26,0,0,8,0,2,0
7,155,20,46,66,18,9,31,0,3,235,0,0,21,17,0,0,0,0,0,0,0,1,0,1,0,7,545,2,0,0,1,27,4,687,0,0,0,0,1,0,1,0,212,9,10,0,0
2,26,1,5,312,3,4,0,0,0,21,0,0,5,1,0,0,0,0,0,0,0,0,0,0,0,0,12,1,0,0,0,188,0,61,0,0,0,0,4,0,0,0,31,3,4,0,0
0,7,3,0,0,2,2,10,0,0,1,0,433,0,8,0,0,0,791,548,0,0,0,0,13,2,0,2,0,0,3,9,0,21,1,0,0,115,3,0,0,0,0,1,0,2,20,15
759,101,39,139,66,60,997,40,4,7,76,0,3,25,39,1,9,0,0,2,4,0,24,5,59,33,11,23,125,0,55,87,98,61,31,0,3,0,0,1467,0,11,0,137,149,1498,2,0
0,0,0,0,0,0,0,0,0,0,0,0,38,0,0,0,0,1744,21,3,0,0,0,0,0,5,0,0,0,0,0,0,0,0,0,1,0,34,2297,0,2862,0,181,0,0,0,13,271
0,0,0,0,0,0,0,0,0,0,0,0,0,0,0,0,0,3,5,12,0,0,0,0,0,4,0,0,0,0,0,0,0,0,0,0,0,18,386,0,31,0,1745,0,0,0,1,32
0,0,0,0,0,2,0,10,0,0,0,1,516,0,8,1,0,12,1345,92,7,0,0,0,4,8,0,0,0,1,4,6,0,2,1,2,0,1271,59,0,35,0,113,0,0,0,22,17
0,0,0,0,0,0,0,0,0,0,0,1,156,0,0,22,0,36,14,3,2,1,0,0,0,57,0,0,0,51,1,0,0,0,0,8,0,16,4,0,28,7,7,0,0,0,12,315
3,16,3,13,38,8,9,73,0,3,14,0,0,3,67,0,1,0,0,0,0,0,0,0,4,2,6,43,1,0,33,23,86,2,26,0,1,0,0,3,0,0,0,29,13,8,1,0
24,21,6,27,13,8,15,67,15,198,9,18,0,42,98,0,120,0,0,0,1,0,2,0,57,1,165,70,23,0,366,151,20,22,236,0,14,0,0,51,0,2,0,33,533,25,0,0
10,0,1,1,8,0,0,5,13,0,0,19,82,41,1,56,1,16,3,5,16,0,258,73,0,76,1,4,0,42,2,2,3,16,2,11,21,1,3,148,5,608,5,0,16,2,18,348
4,14,0,1,370,0,14,27,4,3,8,3,1,1229,9,0,0,0,0,1,2,0,11,0,4,1,0,54,3,0,5,7,85,896,31,0,14,0,0,81,0,16,0,5,3,15,2,0
4,0,0,0,0,1,15,1,2,33,0,581,3,0,15,4,226,0,0,0,0,0,2,1,58,3,270,1,36,0,256,28,1,16,4,0,2,14,0,5,0,0,0,1,24,9,0,0
0,0,0,0,0,0,0,6,0,0,0,23,38,0,0,4,0,872,3,6,2,0,4,3,0,23,0,0,0,0,0,0,0,2,0,0,0,17,1119,0,1380,15,161,0,0,0,8,81
0,0,0,0,0,0,0,0,1,0,0,5,0,0,0,0,0,1,0,1,0,0,2,0,0,3,0,0,0,0,0,0,0,0,0,0,0,1,31,0,7,0,96,0,0,0,0,2
