0.38591,0.25603,0.23983,0.39019,0.15734,0.39864,0.20936,0.35658,0.58817,0.24772,0.19748,0.25144,0.14804,0.33408,0.41699,0.65498,0.44674,0.30751,0.5359,0.319,0.88915,0.98485,0.403,0.69807,0.51848,0.48347,0.21995,0.26179,0.50517,0.88426,0.25068,0.3016,0.1918,0.36408,0.31092,0.69386,0.5933,0.31562,0.61547,0.65483,0.48579,0.40952,0.29878,0.19361,0.31463,0.47871,0.85215,0.45161
0.44016
47,786,18,203,441,142,42,0,0,0,581,0,1,0,0,0,0,0,0,0,0,0,0,0,0,0,1,364,1,0,0,1,6,3,79,0,0,0,0,4,0,0,0,179,5,160,0,0
7,87,672,1050,26,1176,6,15,1,160,401,3,2,0,14,0,39,0,3,0,0,0,0,0,1,0,162,11,8,0,0,5,81,1,11,0,0,0,0,0,0,0,0,30,17,8,0,0
24,191,81,174,290,136,80,122,2,0,302,2,59,0,62,3,3,2,10,10,3,1,1,7,1,5,26,118,7,0,10,9,56,12,102,19,0,2,2,1,0,5,48,509,13,27,11,7
67,681,2,20,596,8,27,0,0,1,117,3,0,12,0,0,0,0,0,0,0,0,0,0,0,0,1,677,0,0,0,0,4,252,382,0,0,0,0,10,0,0,0,46,0,32,0,0
10,190,20,99,2,89,2,0,0,3,203,0,0,0,0,0,0,0,0,0,0,0,0,0,0,0,6,24,1,0,0,1,0,0,44,0,0,0,0,0,0,0,0,19,9,7,0,0
38,108,45,45,235,35,249,652,7,7,70,3,132,38,135,0,3,0,4,1,10,0,3,2,12,5,45,172,15,0,10,17,66,106,335,0,17,0,0,25,0,32,3,648,38,14,4,0
6,283,54,178,499,233,7,2,0,6,540,2,10,0,4,0,3,0,0,0,0,0,0,0,3,0,1,19,19,0,0,4,449,0,0,0,0,0,0,1,0,0,0,51,3,13,0,0
0,0,0,0,0,0,3,2,0,0,0,1,122,0,2,0,0,0,2,95,0,0,2,0,1,0,0,0,0,0,4,7,1,14,0,0,0,17,1,6,0,2,3,6,0,0,3,1
4,0,0,0,1,0,3,0,77,0,0,34,34,58,0,1541,3,58,11,1,28,19,238,2564,2,961,0,1,1,301,2,0,1,10,0,509,73,4,5,21,8,1471,142,0,10,3,13,12
0,0,0,0,0,0,0,0,0,0,0,0,0,0,1,0,0,1,0,5,0,0,0,0,0,0,0,0,0,0,0,0,0,0,0,0,0,593,144,0,11,0,12,0,0,0,0,55
0,0,0,0,0,2,0,5,0,0,0,1,319,1,37,1,0,4,70,194,3,1,3,0,2,6,2,0,0,0,9,2,0,3,0,0,0,407,17,0,2,0,28,3,1,1,8,14
4,3,3,0,2,2,2,40,38,0,0,23,349,36,47,22,3,64,28,293,7,6,172,100,1,48,2,1,0,13,9,4,9,4,1,131,20,167,3,5,4,162,78,6,9,0,23,15
105,2,9,1,3,6,2,21,163,6,0,128,0,19,6,25,49,10,95,0,3,0,331,127,1,263,15,3,21,0,4,1,43,3,6,0,90,2,1,25,4,41,23,3,113,13,2,0
31,36,542,411,119,530,81,105,1,157,244,2,35,2,108,0,30,0,5,0,0,0,1,0,12,0,580,17,48,0,37,36,171,1,69,0,0,0,0,1,0,0,0,246,56,136,0,0
2,36,0,0,9,0,17,3,0,4,6,14,4,23,2,0,0,0,0,0,1,0,0,0,11,0,0,91,1,0,0,0,1,280,397,0,1,0,0,4,0,4,1,36,0,0,1,0
0,2,4,0,2,3,16,71,64,4,0,58,6,6,24,0,10,0,6,0,5,0,98,4,7,8,2,3,1,0,8,5,2,10,4,1,193,0,0,5,0,13,15,5,44,0,8,0
0,0,0,0,0,0,0,5,1,0,0,5,4,4,5,10,0,19,3,9,17,4,8,2,0,29,0,0,0,14,1,0,0,37,0,85,10,2,1,1,1,42,928,0,0,0,13,3
1030,23,147,110,44,49,528,116,1,8,12,4,14,6,133,0,7,0,1,1,2,0,1,3,2,3,177,35,41,0,112,65,23,9,13,0,2,0,0,482,0,1,1,110,628,1484,0,0
1,2,209,47,21,116,2,4,0,372,14,10,3,0,38,0,371,0,1,0,0,0,0,0,91,0,154,0,160,0,36,143,461,0,0,0,0,0,0,0,0,0,0,5,17,4,0,0
0,0,0,0,0,0,0,0,0,0,0,0,4,0,2,6,0,1199,4,160,5,4,0,0,0,7,0,0,0,24,0,0,0,0,0,78,0,41,11,0,5,7,46,0,0,0,57,541
0,0,0,0,0,0,36,2,0,0,0,2,437,0,9,1,0,0,5,326,1,0,3,0,3,9,2,3,0,0,6,5,2,63,1,0,0,113,5,39,1,0,101,11,2,2,1,1
1,0,0,0,0,0,0,3,2,0,0,14,2,3,2,11,1,4,12,2,2294,5199,7,10,0,48,0,0,0,118,0,0,0,6,0,43,3,1,0,0,0,38,136,0,1,0,2219,0
16,7,24,2,4,6,8,21,6,16,7,303,16,14,39,0,14,6,948,151,18,0,26,0,6,7,17,7,23,0,19,8,15,15,8,0,7,111,6,2,4,1,68,0,25,2,33,24
77,3,300,58,73,119,140,392,1,355,47,53,54,1,401,0,303,0,4,0,0,0,0,0,234,0,655,4,202,0,387,392,325,1,53,0,3,0,0,4,0,0,0,187,165,48,0,1
68,4,269,64,140,122,345,1140,37,250,35,54,178,3,1080,4,185,2,27,0,3,0,7,9,403,13,654,15,322,0,723,754,579,11,38,1,51,0,2,14,0,3,9,330,240,53,4,0
3,0,32,1,11,4,14,5,0,517,0,357,1,1,79,0,1384,0,1,0,2,0,0,0,1108,2,108,1,1172,0,734,690,674,0,1,0,8,0,0,1,0,0,0,3,32,4,0,0
0,0,0,0,0,0,0,0,0,0,0,3,12,0,18,0,0,5,3,5,0,0,0,0,0,4,0,0,0,0,2,0,0,0,0,0,0,879,98,0,65,0,24,0,0,0,0,63
0,0,0,0,0,0,30,1,0,1,0,1,332,0,47,0,1,3,149,1617,3,1,4,0,1,5,3,1,0,1,10,15,0,152,3,0,1,1418,46,5,2,1,121,4,1,0,18,20
0,0,0,0,0,0,0,0,38,0,0,17,36,6,2,3343,0,144,31,10,60,39,51,424,0,1740,0,0,0,4370,0,0,1,7,0,2092,25,17,31,9,14,710,798,0,2,0,89,24
66,227,9,5,539,8,74,40,43,4,69,68,52,695,4,0,9,0,3,0,4,0,90,0,18,9,1,363,29,0,6,3,286,1178,1216,0,66,0,0,171,0,59,3,232,13,3,1,0
3,5,4,0,2,0,33,24,707,6,1,85,119,205,13,0,4,2,3,1,34,0,1695,30,4,52,3,11,0,2,36,13,3,93,7,0,356,0,0,27,0,180,4,22,16,1,5,0
34,15,16,4,20,11,27,60,2545,11,1,155,75,191,21,36,29,19,16,0,47,1,1136,225,9,197,5,7,6,2,10,3,80,49,20,1,1895,0,0,6,6,219,15,26,81,1,4,0
8,1,3,0,1,0,1,2,544,2,0,48,0,60,4,57,8,0,1,0,18,0,136,12,8,25,2,4,6,1,1,3,3,2,0,0,328,0,0,2,0,22,0,1,18,0,2,0
14,215,54,61,36,34,37,22,0,0,200,7,1,13,0,0,0,0,0,0,0,0,0,0,1,0,7,267,9,0,1,0,4,38,839,0,0,0,0,1,0,0,0,257,8,10,0,0
3,18,7,4,399,3,6,0,0,0,22,0,0,0,0,0,0,0,0,0,0,0,0,0,0,0,0,113,0,0,0,0,15,13,58,0,0,0,0,0,0,0,0,15,2,6,0,0
0,1,1,0,0,1,4,5,0,0,1,0,178,0,22,0,0,2,173,1322,0,1,1,0,7,0,0,3,0,0,4,17,0,28,0,2,0,185,5,3,1,1,27,3,0,0,13,1
914,84,127,135,105,90,493,56,8,4,54,2,18,140,17,1,33,0,0,1,2,0,21,8,15,33,37,117,183,0,66,48,84,27,16,0,4,0,0,1992,0,4,1,151,160,998,1,0
0,0,0,0,0,0,0,0,0,0,0,0,2,0,1,0,0,799,2,7,0,0,0,0,0,3,0,0,0,0,0,0,0,0,0,1,0,90,2300,0,2068,0,50,0,0,0,5,2142
0,0,0,0,0,0,0,0,0,0,0,0,0,0,0,0,0,24,0,1,0,0,0,0,0,1,0,0,0,0,0,0,0,0,0,0,0,248,418,0,63,0,198,0,0,0,0,1284
0,0,0,0,0,0,0,10,0,0,0,1,237,0,52,1,0,8,88,787,1,1,0,0,1,5,0,0,0,1,7,6,0,0,0,2,0,2043,128,0,14,0,71,0,0,0,23,52
0,0,0,0,0,0,0,0,0,0,0,1,14,0,3,15,0,351,2,43,1,1,0,0,0,30,0,0,0,69,0,0,0,0,0,33,0,51,8,0,23,10,19,0,0,0,14,53
4,13,24,5,63,8,35,53,0,3,10,2,13,4,39,0,1,0,0,0,0,0,0,0,5,1,20,30,1,0,24,14,22,16,25,0,0,0,0,6,0,1,0,82,3,4,1,0
49,32,123,13,7,17,79,155,4,136,1,24,1,58,60,0,317,0,0,0,1,0,10,0,60,1,216,31,26,0,344,140,19,45,149,0,15,0,0,19,0,3,1,73,183,41,0,0
16,1,1,1,3,0,0,16,33,0,0,22,28,181,3,26,5,389,35,19,7,1,135,143,0,55,1,3,1,25,2,0,0,11,3,17,14,14,2,69,8,537,33,0,48,6,20,9
11,14,2,0,95,0,66,21,3,2,3,31,32,893,2,0,0,0,0,0,0,0,18,0,4,3,1,70,2,0,9,3,9,1433,30,0,10,0,0,79,0,17,6,46,4,1,3,0
6,0,0,0,0,0,27,1,0,52,1,525,5,0,47,1,283,0,2,0,0,0,2,1,103,5,72,0,14,0,295,86,18,3,1,0,2,13,0,2,1,0,0,2,28,18,0,0
0,0,0,0,0,0,0,5,0,0,0,18,11,0,3,0,0,778,16,8,0,0,5,2,0,12,0,0,0,0,0,0,0,0,0,0,0,47,489,0,1925,6,83,0,1,0,5,353
0,0,0,0,0,0,0,0,1,0,0,2,0,0,2,0,0,6,5,0,0,0,1,0,0,4,0,0,0,1,0,0,1,0,0,0,0,8,14,0,27,0,10,0,0,0,0,68
