0.52832,0.27206,0.4891,0.35257,0.2698,0.38073,0.41149,0.37462,0.58561,0.26117,0.24327,0.27209,0.24432,0.4488,0.40809,0.61996,0.49592,0.59064,0.29727,0.3921,0.89742,0.98783,0.31217,0.73267,0.50702,0.58488,0.21498,0.22097,0.4993,0.8606,0.26003,0.29345,0.21034,0.29371,0.2517,0.70178,0.58194,0.30661,0.58231,0.60042,0.61586,0.41352,0.30097,0.17954,0.19828,0.4355,0.75717,0.43259
0.45615
42,811,50,74,411,121,63,1,0,0,660,0,0,0,0,0,0,0,0,1,0,0,0,0,0,0,8,140,0,0,0,0,48,3,66,0,0,0,0,3,0,0,0,404,2,156,0,0
5,31,1099,996,6,996,1,8,1,125,182,4,0,0,19,0,41,0,0,0,2,0,0,0,1,0,222,5,20,0,1,6,71,0,16,0,0,0,0,0,0,0,0,95,39,5,0,0
4,187,91,136,201,96,21,166,2,0,318,6,2,1,128,2,0,1,28,12,7,0,0,4,4,8,60,75,5,1,18,4,182,10,156,31,3,2,2,3,3,8,7,481,13,42,16,8
22,676,3,7,862,8,25,0,0,3,134,0,0,47,1,0,0,0,0,1,0,0,0,0,0,0,7,639,0,0,0,0,49,173,145,0,0,0,0,13,0,0,0,64,1,58,0,0
9,142,45,54,1,82,0,0,0,3,225,0,0,1,0,0,0,0,0,0,0,0,0,0,0,0,24,29,1,0,0,0,1,0,34,0,0,0,0,0,0,0,0,71,2,5,0,0
21,108,26,51,224,45,57,885,10,5,83,0,0,56,271,0,2,0,2,13,14,0,6,0,11,10,69,224,13,0,14,25,186,68,445,1,15,0,0,27,2,32,0,286,30,44,5,0
8,303,119,175,66,237,6,0,0,10,402,0,0,0,16,0,1,0,0,2,0,0,0,0,8,0,1,4,62,0,0,2,854,0,0,0,1,0,0,0,0,0,0,101,0,12,0,0
0,0,0,0,0,0,1,7,0,0,0,0,156,0,1,0,0,0,10,45,1,0,0,0,4,0,0,0,0,0,4,9,1,36,1,0,0,9,1,0,0,1,1,3,0,1,2,1
7,0,0,0,1,0,1,2,88,0,0,43,46,33,0,1652,0,17,0,10,17,19,161,2790,1,551,2,1,0,477,3,1,1,38,0,565,81,0,4,32,8,1480,23,0,3,2,32,32
0,0,0,0,0,0,0,0,0,0,0,0,3,0,0,0,0,1,10,0,0,0,0,0,0,0,0,0,0,0,0,0,0,0,0,0,0,401,132,0,6,0,206,0,0,0,0,63
0,0,0,0,0,2,1,12,0,0,0,6,383,1,14,3,0,0,206,74,17,0,2,0,3,4,4,0,0,0,14,5,0,7,0,0,0,239,17,0,3,0,84,9,0,1,10,25
5,2,1,1,0,5,5,51,4,0,0,9,936,1,21,43,3,8,66,20,1,4,246,88,1,38,1,1,2,13,6,2,10,46,2,37,22,22,1,6,7,165,3,0,6,0,30,18
66,1,1,7,0,1,8,5,36,6,1,146,7,6,2,56,15,2,0,1,11,0,685,145,4,171,9,0,34,0,6,4,18,2,4,0,59,0,0,50,1,64,43,5,70,23,3,10
33,30,411,511,39,432,81,96,1,116,170,2,0,1,261,0,30,0,1,0,2,0,1,0,15,0,612,7,52,0,60,90,210,1,113,0,0,1,0,3,0,0,0,270,95,103,0,0
1,30,0,0,36,0,2,5,1,4,7,1,0,81,4,0,0,0,0,0,2,0,0,0,6,0,1,327,1,0,0,0,5,161,260,0,2,0,0,6,0,0,0,6,0,0,0,0
2,1,1,2,1,5,4,76,128,7,0,13,1,1,21,0,7,0,1,1,18,0,28,4,10,5,3,6,1,0,8,2,3,66,6,2,206,0,0,6,0,13,0,0,38,0,20,0
0,0,0,0,0,0,1,13,4,0,0,3,138,4,0,34,0,6,18,416,7,2,0,2,0,53,0,0,0,14,2,0,0,148,0,257,15,0,1,2,1,22,49,0,0,0,35,16
1446,18,44,158,44,59,796,141,2,12,21,1,0,9,120,0,3,0,1,0,10,0,0,1,5,8,81,25,33,0,154,66,39,2,13,0,3,0,0,354,0,1,1,47,238,1472,0,0
1,0,64,117,5,125,0,3,0,466,6,9,0,0,49,0,406,0,0,0,0,0,0,0,100,0,55,1,286,0,33,195,253,0,1,0,1,0,0,0,0,0,0,5,100,1,0,0
0,0,0,0,0,0,0,0,0,0,0,0,173,0,0,13,0,42,33,2,4,1,0,0,0,30,0,0,0,21,0,0,0,0,0,18,0,7,2,0,9,13,50,0,0,0,28,1755
0,1,0,0,0,0,10,2,0,0,1,3,66,1,4,6,0,1,58,830,1,0,1,0,7,10,2,1,0,0,8,7,0,20,0,0,0,111,2,9,4,0,16,4,2,3,0,1
1,0,0,0,0,0,0,4,4,1,0,10,29,5,1,27,0,2,2,18,3062,4950,2,8,0,125,0,0,0,83,0,0,0,19,0,66,7,1,0,1,0,30,6,0,0,0,1715,1
15,6,49,2,4,15,7,18,3,12,6,617,75,7,10,1,7,2,336,171,77,0,80,0,9,22,46,9,26,0,22,5,18,18,6,1,10,104,7,16,0,3,69,0,22,1,51,75
57,1,79,110,49,104,50,360,0,302,35,92,0,0,650,0,198,0,2,0,1,0,0,0,235,1,631,9,231,0,429,476,256,1,94,0,5,0,0,0,0,0,0,117,427,39,0,1
42,7,74,142,65,117,93,1349,50,225,26,84,1,5,1341,5,150,3,5,3,16,0,3,5,456,31,643,20,390,0,817,780,461,17,60,2,68,2,4,15,2,5,4,168,386,99,4,0
3,0,0,7,1,4,6,6,3,561,0,514,0,1,36,1,1216,0,0,0,1,0,0,0,1191,0,130,1,1419,0,727,623,293,0,3,0,7,0,0,0,0,0,0,2,190,4,0,0
0,0,0,0,0,0,0,1,0,0,0,4,20,0,0,0,0,2,3,1,0,0,0,0,0,0,0,0,0,0,6,2,0,0,0,0,0,585,103,0,16,0,406,0,0,0,0,32
0,0,0,0,0,0,9,2,0,0,0,2,171,0,7,1,1,1,879,1419,3,0,0,0,8,13,0,2,0,0,6,14,0,31,0,0,0,1347,25,0,1,0,22,0,0,1,19,34
0,0,1,0,0,0,0,0,40,1,0,16,184,9,0,3367,0,24,4,121,36,32,37,480,0,2105,0,0,0,4482,0,0,0,37,0,2372,29,1,24,6,20,375,87,0,1,0,163,76
31,249,9,5,440,11,21,43,7,9,74,18,2,773,23,0,5,0,0,5,4,0,227,2,17,11,6,668,56,0,5,9,638,1052,815,0,51,0,0,238,0,50,2,75,12,2,1,0
3,4,1,1,1,1,25,31,509,6,1,24,15,36,18,6,4,0,0,0,26,0,1593,18,6,28,5,12,2,2,25,15,5,625,8,0,408,0,0,50,0,253,0,3,19,4,17,1
28,10,5,13,14,8,8,37,2148,14,2,69,11,69,22,46,18,6,0,3,31,0,1565,163,12,136,11,24,25,7,10,7,48,299,18,3,1985,0,0,29,4,334,3,9,57,3,22,1
3,1,0,0,0,1,0,1,594,4,0,23,0,26,3,82,3,0,0,0,12,0,119,10,5,7,2,7,5,1,3,2,2,5,0,0,374,0,0,3,0,22,0,0,10,1,3,0
8,196,22,52,65,26,9,16,0,6,227,0,0,23,19,0,0,0,0,0,0,0,1,0,0,0,16,484,4,0,0,0,11,16,699,0,0,0,0,0,0,0,0,216,8,12,0,0
0,27,1,6,337,3,6,0,0,0,25,0,0,3,1,0,0,0,0,0,0,0,0,0,0,0,0,52,0,0,0,0,157,5,26,0,0,0,0,1,0,0,0,23,1,10,0,0
0,3,0,0,0,3,4,7,0,1,0,0,495,0,5,0,0,0,921,380,1,2,0,0,12,2,0,2,0,0,5,13,0,21,0,0,0,105,2,0,1,0,5,3,0,0,9,10
829,77,40,154,98,85,974,42,5,10,79,0,3,27,36,1,15,0,0,1,2,0,28,5,36,37,15,81,119,0,68,70,94,41,22,0,4,0,0,1710,0,9,0,113,107,1211,2,0
0,0,0,0,0,0,0,0,0,0,0,0,32,0,0,0,0,1603,18,0,0,0,0,0,0,2,0,0,0,0,0,0,0,0,0,1,0,39,2232,0,2764,0,267,0,0,0,8,504
0,0,0,0,0,0,0,0,0,0,0,0,0,0,0,0,0,3,2,0,0,0,0,0,0,1,0,0,0,0,0,0,0,0,0,0,0,77,419,0,24,0,902,0,0,0,0,809
0,0,0,0,0,0,0,11,0,0,0,1,559,0,10,1,0,6,1110,63,5,0,0,0,6,9,0,0,0,1,6,7,0,2,0,2,0,1369,57,0,36,0,218,0,0,0,13,47
0,0,0,0,0,0,0,0,0,0,0,1,183,0,0,28,0,82,15,1,2,1,0,0,0,60,0,0,0,54,0,0,0,0,0,8,0,16,4,0,35,9,21,0,0,0,15,206
3,14,2,13,53,8,10,68,0,6,13,0,0,6,69,0,1,0,0,0,0,0,0,0,3,2,8,31,0,0,31,17,58,7,37,0,1,0,0,4,0,0,0,47,11,8,1,0
27,28,7,29,9,15,17,91,8,195,9,19,0,67,85,0,156,0,0,0,1,0,5,0,72,3,148,69,23,0,378,158,20,26,161,0,16,0,0,50,0,2,0,44,485,30,0,0
9,0,1,1,7,1,0,6,13,0,0,13,102,35,1,52,1,35,3,4,14,0,289,79,0,94,1,5,1,51,2,2,1,15,2,14,18,1,5,124,10,655,30,0,18,2,27,199
5,17,1,1,154,0,26,25,5,3,6,3,1,1087,8,0,0,0,0,0,2,0,14,0,4,1,0,62,2,0,9,3,63,1260,25,0,18,0,0,81,0,18,0,6,2,7,4,0
1,0,0,0,1,0,19,2,1,35,0,662,1,0,9,3,169,0,0,0,0,0,3,1,97,4,168,0,29,0,262,37,4,11,0,0,2,11,0,6,0,0,6,2,51,18,0,1
0,0,0,0,0,0,0,8,0,0,0,10,36,0,0,1,0,867,0,1,2,0,6,3,0,16,0,0,0,0,0,0,0,1,0,0,0,14,764,0,1523,15,375,0,0,0,10,115
0,0,0,0,0,0,0,0,1,0,0,5,0,0,0,0,0,0,0,0,0,0,1,0,0,1,0,0,0,1,0,0,0,0,0,0,0,1,25,0,8,0,91,0,0,0,0,16
