0.54893,0.25148,0.45124,0.30379,0.25215,0.44399,0.40334,0.29775,0.52899,0.2166,0.27431,0.3225,0.25453,0.46649,0.35015,0.69611,0.62672,0.64209,0.37934,0.31429,0.94571,0.97972,0.3974,0.71421,0.63531,0.74101,0.33206,0.22472,0.27332,0.79974,0.30249,0.36586,0.36655,0.33655,0.14818,0.77325,0.60408,0.36818,0.5318,0.45378,0.66541,0.5189,0.54369,0.2206,0.26878,0.51701,0.84786,0.54655
0.48566
16,593,78,24,22,27,71,8,0,27,725,0,0,0,0,0,0,0,0,0,0,0,0,0,0,0,1,138,13,0,0,0,265,0,299,0,0,0,0,5,0,0,0,636,0,116,0,0
4,95,1018,994,4,1201,4,2,2,56,73,0,0,0,51,0,4,0,0,0,0,0,0,0,6,0,197,0,34,0,1,21,0,0,155,0,0,0,0,1,0,0,0,54,17,3,0,0
6,205,176,130,30,95,19,255,9,61,306,1,5,5,46,0,2,5,9,7,3,3,1,2,2,9,10,122,139,0,24,2,60,21,274,21,3,0,1,1,2,40,4,375,14,35,8,7
4,227,2,0,358,2,21,2,0,18,372,0,0,8,1,0,0,0,0,0,0,0,0,0,0,0,1,711,57,0,0,0,740,0,72,0,0,0,0,8,0,0,0,167,0,166,0,1
1,116,49,21,12,32,1,0,0,3,87,0,0,2,0,0,0,0,0,0,0,0,0,0,0,0,5,12,1,0,0,0,0,0,295,0,0,0,0,1,0,0,0,89,1,1,0,0
36,118,42,102,328,62,30,1089,48,28,103,1,0,60,151,0,4,0,1,1,5,0,24,2,5,5,22,364,118,4,25,4,39,2,197,0,19,0,1,9,0,18,0,205,35,73,2,4
1,509,78,28,4,120,11,3,0,475,545,0,0,0,8,0,0,0,1,0,0,0,0,0,6,0,0,2,444,0,0,24,9,0,14,0,0,0,0,1,0,0,0,89,0,18,0,0
1,1,0,1,3,0,1,1,0,0,3,0,115,1,1,0,5,0,8,99,3,0,0,0,2,0,3,10,0,0,5,0,3,11,0,0,0,2,1,0,1,1,1,5,0,7,0,0
3,1,0,1,3,0,1,0,60,0,0,128,24,36,0,1395,0,8,7,19,24,22,62,2714,0,651,1,1,0,385,3,0,1,91,0,548,66,9,15,36,5,1798,17,0,2,2,22,63
0,0,0,0,0,0,0,0,0,0,0,0,1,0,0,0,0,2,38,0,0,0,0,0,0,0,0,0,0,0,0,0,0,0,0,0,0,179,81,0,20,0,501,0,0,0,0,0
1,0,1,4,2,2,0,2,0,0,0,7,433,1,4,1,2,9,309,45,15,0,0,1,1,2,4,0,0,0,94,0,1,6,1,1,0,105,14,0,8,1,21,14,6,0,13,15
1,0,4,6,1,16,1,39,4,1,1,46,928,9,4,21,12,14,18,22,2,7,148,73,4,6,2,2,3,22,10,2,1,105,4,21,26,9,3,0,5,266,1,3,8,0,5,73
22,0,0,1,3,0,7,4,16,0,0,792,7,24,13,3,11,1,5,3,0,0,277,135,2,32,8,0,1,0,7,9,0,3,1,0,54,2,3,244,0,66,0,2,20,2,0,8
304,56,444,779,25,535,131,99,4,92,41,0,0,1,206,0,17,0,0,0,0,0,0,0,7,0,280,20,112,0,11,49,2,0,300,0,0,0,0,6,0,0,0,199,111,19,0,0
0,16,0,0,405,0,0,11,0,6,13,0,0,66,0,0,0,0,0,0,1,0,0,0,1,0,0,346,11,1,0,0,31,0,21,0,3,0,0,1,0,0,0,9,0,6,1,0
0,0,1,3,1,5,4,26,317,1,1,3,1,3,14,1,5,0,0,0,0,0,15,4,4,1,5,3,3,1,1,1,5,53,3,0,188,0,0,0,0,22,0,2,11,3,4,2
0,0,1,0,1,0,1,3,12,0,0,1,16,5,1,41,2,5,12,473,12,6,0,3,0,15,0,1,0,16,1,0,25,462,0,61,11,0,2,1,1,15,0,0,0,2,12,43
1840,20,14,69,14,31,1185,78,16,6,19,2,0,6,103,0,1,0,1,0,7,0,5,1,4,3,30,8,12,0,45,52,4,0,32,0,1,0,1,535,0,2,0,36,101,1142,0,2
3,11,36,74,0,148,3,2,1,381,3,1,0,0,332,0,243,0,0,0,0,0,0,0,146,0,81,0,263,0,37,364,0,0,18,0,1,0,0,1,0,0,0,3,130,0,0,0
0,0,0,0,0,0,0,0,1,0,0,0,34,0,0,8,0,6,13,18,3,1,0,0,0,3,0,0,0,23,0,0,0,6,0,17,0,8,5,0,3,1,8,0,0,0,6,2037
3,0,0,0,1,0,0,1,0,1,0,2,145,13,2,1,0,2,93,793,1,0,0,1,0,0,0,0,4,0,21,7,3,8,0,0,0,67,1,1,7,1,3,3,2,1,1,3
1,0,0,0,0,0,0,2,3,0,0,6,9,5,0,26,1,0,2,19,3449,4832,3,3,0,91,0,0,0,68,0,0,4,33,0,33,6,0,0,0,0,42,0,0,0,0,1527,15
7,8,14,13,8,20,2,7,4,4,7,982,221,7,22,2,18,4,282,117,26,0,22,0,19,3,26,9,5,0,7,3,2,26,17,0,12,56,5,5,2,5,6,14,12,3,11,15
155,3,105,356,36,128,59,324,15,151,2,2,0,5,789,0,243,0,0,0,0,0,0,1,232,1,871,10,145,0,219,258,3,0,105,0,7,0,1,2,0,0,0,80,717,17,0,0
133,20,125,535,49,169,83,1191,227,185,9,14,2,26,1298,8,433,1,6,0,6,0,10,5,431,34,570,15,289,2,779,318,2,7,123,0,113,0,14,7,1,18,2,85,831,63,1,5
8,0,2,17,3,9,3,6,13,97,0,16,0,4,152,0,2181,0,0,0,2,0,0,0,1925,0,146,0,217,0,876,1061,0,0,2,0,5,0,0,1,0,0,0,0,202,2,0,0
2,0,0,0,0,0,0,0,0,0,0,4,5,0,0,0,0,4,70,1,0,0,0,0,0,0,0,0,0,0,147,0,0,0,0,0,0,390,67,0,12,0,477,0,1,0,0,1
1,1,0,2,4,0,0,2,1,1,0,1,420,0,0,2,1,20,857,1282,2,1,0,0,0,9,1,1,1,0,4,0,3,27,0,5,0,1222,52,0,45,0,11,1,1,1,22,14
0,0,0,0,0,0,0,0,33,0,0,59,86,10,0,3775,0,21,17,38,24,58,23,630,1,2844,0,0,0,3095,0,0,2,309,0,2486,29,26,20,7,14,252,41,0,0,2,107,121
5,153,8,4,790,9,10,233,9,408,98,51,1,1552,11,0,8,0,0,1,1,0,136,2,12,5,4,686,882,12,30,11,199,32,88,0,49,0,1,29,0,28,0,74,9,22,1,2
1,0,1,4,9,2,5,18,462,13,3,9,4,26,4,2,10,0,0,0,20,0,1652,5,1,6,2,6,1,22,2,6,4,872,3,0,424,0,0,24,0,161,0,1,8,5,1,12
11,3,2,10,21,8,6,25,2190,6,4,168,3,70,14,32,17,1,1,0,12,0,1397,149,12,32,6,16,17,48,2,4,2,443,6,0,2252,0,9,24,1,213,0,13,20,2,5,60
2,0,0,0,1,0,1,1,643,1,0,12,0,14,4,63,7,0,0,0,11,0,91,8,3,19,7,2,0,1,3,3,1,1,0,0,409,0,0,6,0,14,0,0,3,0,1,2
6,71,21,17,399,20,5,48,1,8,75,0,0,19,20,0,0,0,0,0,0,0,1,0,0,1,2,494,13,0,0,0,12,0,374,0,0,0,0,1,0,0,0,508,5,15,0,0
0,16,0,0,295,1,5,3,0,25,44,0,0,2,1,0,0,0,0,0,0,0,1,0,0,0,0,5,228,0,0,2,32,0,4,0,0,0,0,0,0,0,0,14,0,6,0,0
0,3,3,1,2,4,1,5,0,2,2,0,383,1,2,0,4,3,396,1057,2,0,0,0,3,1,0,6,2,2,6,0,2,1,1,1,0,52,7,0,3,0,5,7,0,2,14,26
614,74,19,33,13,36,1172,31,4,34,70,16,0,29,44,1,18,0,0,2,3,0,39,6,25,27,1,25,51,4,8,651,18,13,36,0,7,0,0,1021,0,10,0,85,44,1961,1,4
0,0,0,0,0,0,0,0,0,0,0,0,8,0,0,0,0,2160,4,0,0,0,0,0,0,2,0,0,0,0,0,0,0,2,0,1,0,41,2199,0,2818,0,155,0,0,0,2,78
0,0,0,0,0,0,0,0,0,0,0,0,0,0,0,0,0,4,4,0,0,0,0,0,0,1,0,0,0,0,0,0,0,0,0,1,0,12,242,0,35,0,1929,0,0,0,0,9
1,1,1,2,0,2,0,2,0,0,0,1,644,0,1,0,1,34,1333,70,11,1,0,0,1,15,0,0,0,0,14,0,1,8,0,3,0,1091,47,0,55,1,134,5,0,1,23,35
0,0,0,0,0,0,0,0,0,0,0,1,96,0,0,24,0,48,19,2,1,1,0,3,0,10,0,0,0,97,0,0,0,3,0,11,0,15,2,0,25,5,8,0,0,0,7,363
10,13,3,13,36,8,9,103,0,5,13,0,0,3,66,0,1,0,0,0,0,0,1,0,3,1,6,53,39,0,11,3,12,0,18,0,2,0,0,1,0,0,0,29,61,9,0,0
33,9,4,19,119,9,20,86,28,4,0,2,0,117,329,0,95,0,0,0,0,0,13,0,86,1,131,60,8,0,177,26,8,0,48,0,13,0,0,27,0,0,0,63,898,20,0,0
5,0,2,2,4,1,1,10,6,0,0,77,41,38,1,14,2,4,2,8,1,0,222,47,0,6,2,6,0,65,0,0,4,18,0,5,15,1,8,212,4,458,0,1,6,2,2,640
1,15,0,0,123,2,19,273,8,93,24,1,0,1156,7,0,1,0,0,0,0,0,8,0,2,1,1,30,110,0,10,13,868,28,0,0,11,0,0,30,0,18,0,6,3,61,0,0
110,0,2,7,4,1,46,1,2,0,0,605,2,3,5,1,131,0,0,0,0,0,1,1,84,0,197,0,4,0,314,6,0,0,13,0,2,1,0,2,0,0,0,6,62,3,0,0
0,0,0,0,0,0,0,4,0,0,0,25,12,0,0,1,0,1007,4,2,0,0,4,4,0,1,0,0,0,2,1,0,0,0,0,0,0,31,1305,0,1165,9,121,0,0,0,2,67
0,0,0,0,0,0,0,0,1,0,0,9,0,0,0,1,0,1,2,0,0,0,1,0,0,0,0,0,0,0,1,0,0,0,0,0,0,0,28,0,3,0,103,0,0,0,0,0
