0.56994,0.2422,0.44996,0.27528,0.28617,0.47035,0.3993,0.29721,0.50145,0.19948,0.27657,0.34763,0.25725,0.42007,0.34976,0.68029,0.62321,0.64033,0.37657,0.31208,0.95453,0.98505,0.36325,0.71603,0.64466,0.7657,0.32962,0.23976,0.22293,0.79841,0.31668,0.36583,0.36608,0.34308,0.15591,0.77492,0.60701,0.36606,0.52867,0.47568,0.66317,0.50758,0.53539,0.23197,0.23712,0.50489,0.80941,0.54068
0.48266
18,582,86,31,16,35,122,7,0,16,765,0,0,0,0,0,0,0,0,0,0,0,0,0,0,0,2,156,21,0,0,0,290,0,109,0,0,0,0,4,0,0,0,701,0,103,0,0
4,97,1043,871,3,1285,9,2,3,70,98,0,0,0,46,0,6,0,0,0,0,0,0,0,9,0,157,1,37,0,0,26,1,0,150,0,0,0,0,2,0,0,0,40,35,2,0,0
8,209,183,164,29,108,18,217,16,45,344,1,1,4,56,1,5,5,13,11,5,2,1,3,1,13,10,128,149,0,20,5,61,21,195,17,1,1,2,2,4,34,1,380,15,33,7,6
4,232,2,0,381,1,25,2,0,11,321,0,0,18,1,0,0,0,0,0,0,0,1,0,0,0,2,767,69,0,0,0,683,0,58,0,0,0,0,10,0,0,0,204,0,145,0,1
0,112,50,28,14,26,2,0,0,2,100,0,0,1,0,0,0,0,0,0,0,0,0,0,0,0,3,19,1,0,0,0,0,0,283,0,0,0,0,3,0,0,0,83,1,1,0,0
33,129,41,146,288,67,25,1035,53,27,112,3,0,77,155,0,3,0,1,0,4,0,19,0,8,8,20,349,123,3,18,7,31,2,190,0,18,0,0,11,0,22,0,238,37,71,3,9
1,519,81,27,3,152,16,5,0,420,538,0,0,0,6,0,0,0,1,0,0,0,0,0,6,1,0,3,470,0,0,22,14,0,6,0,0,0,0,2,0,0,0,84,1,12,0,0
1,1,0,1,5,0,0,4,0,0,5,0,135,0,0,0,3,0,11,71,1,0,0,0,0,0,2,8,1,0,6,2,3,11,0,0,1,2,1,0,1,1,0,2,0,15,1,0
2,0,0,1,3,0,1,0,59,0,0,110,32,37,0,1483,0,8,5,22,22,14,80,2761,0,542,1,1,0,438,3,1,4,80,0,550,57,5,10,40,6,1742,14,0,2,2,32,54
0,0,0,0,0,0,0,0,0,0,0,0,1,0,0,0,0,1,36,0,0,0,0,0,0,0,0,0,0,0,0,0,0,0,0,0,0,180,80,0,21,0,502,0,0,0,0,1
2,0,1,4,2,1,0,3,0,1,2,8,451,0,5,0,1,7,288,49,7,0,1,1,0,1,3,0,0,0,85,1,1,5,4,1,0,116,11,1,8,1,30,9,1,0,20,14
0,1,4,10,1,15,0,28,8,1,1,27,923,9,9,22,10,10,19,23,0,6,174,92,5,6,2,2,1,29,8,6,1,91,2,25,23,9,3,11,8,222,1,3,7,0,9,92
75,0,0,5,0,0,5,2,17,1,0,633,7,18,15,9,3,1,4,3,1,0,429,174,3,33,8,1,3,1,7,11,0,2,2,0,54,1,3,137,0,60,1,2,41,7,0,9
266,48,457,717,26,545,142,74,3,108,63,0,0,2,226,0,14,0,1,0,0,0,2,0,7,0,264,12,126,0,17,45,3,0,323,0,0,0,0,4,0,0,0,187,146,22,0,0
0,15,0,0,389,0,0,10,0,4,11,1,0,59,0,0,0,0,0,0,0,0,0,0,1,1,0,371,17,0,0,0,22,0,24,0,4,0,0,3,0,0,0,10,0,5,2,0
1,2,1,7,2,5,3,17,317,1,2,2,2,4,13,0,6,0,0,0,0,0,12,4,3,1,5,2,4,3,1,2,4,60,6,0,177,0,0,1,0,22,0,3,13,1,6,2
1,0,0,0,2,0,1,1,15,0,0,1,11,4,2,39,2,6,13,481,6,4,1,2,0,17,0,2,0,15,0,0,23,456,0,62,11,3,0,1,1,15,0,0,0,2,20,43
1915,24,18,77,10,36,1129,69,17,6,19,3,0,15,125,0,0,0,1,0,3,0,2,1,1,5,35,7,18,0,60,56,3,0,34,0,1,0,0,369,0,1,1,43,110,1213,0,1
3,18,27,54,0,98,3,1,2,421,3,1,0,0,322,0,253,0,0,0,0,0,0,0,149,0,49,0,259,0,49,348,0,0,20,0,1,0,0,1,0,0,0,2,198,0,0,0
0,0,0,0,0,0,0,0,1,0,0,1,39,0,0,7,0,7,16,14,2,1,0,0,0,6,0,0,0,19,0,0,0,7,0,11,0,7,2,0,4,1,6,0,0,1,9,2040
1,0,0,2,10,0,0,2,2,2,0,2,153,3,1,2,2,2,109,783,1,0,2,0,0,1,0,0,0,0,15,13,0,8,0,0,0,55,1,3,6,1,3,2,2,1,1,1
0,0,0,0,0,0,0,2,7,0,0,6,10,4,0,23,1,0,4,18,3443,4613,1,3,0,81,0,0,0,61,0,0,6,32,0,35,7,0,0,3,0,54,0,0,0,0,1754,12
7,11,19,16,6,21,2,9,5,9,10,948,145,10,19,2,17,3,252,142,26,1,19,0,18,3,22,9,7,0,14,2,2,31,16,0,10,107,8,16,0,8,6,10,9,2,35,26
121,7,102,361,25,97,58,303,15,197,8,4,0,11,781,0,216,1,1,0,0,0,1,1,214,0,917,8,144,0,233,258,2,1,130,0,4,0,0,4,0,0,0,75,726,16,0,0
120,33,126,477,30,137,65,1152,232,198,18,16,3,52,1320,7,387,2,7,0,3,0,12,3,395,25,655,17,305,1,823,329,1,8,179,0,106,0,17,19,1,12,0,79,801,64,2,6
9,0,2,12,1,4,3,7,15,129,0,30,0,4,147,0,2046,0,0,0,2,0,0,0,1894,0,171,0,213,0,951,1092,0,0,3,0,8,0,0,2,0,0,0,1,200,4,0,0
1,0,0,0,0,0,0,1,0,0,0,4,6,0,0,0,0,4,49,1,0,0,0,0,0,0,1,0,0,0,106,0,0,0,0,0,0,424,74,0,10,1,497,0,0,0,0,2
1,0,0,1,6,0,0,1,3,3,0,1,384,0,0,1,1,14,948,1253,0,0,0,0,0,6,1,0,0,0,5,0,3,24,0,6,0,1223,32,0,46,1,12,0,0,0,30,12
0,0,0,1,0,0,0,0,36,0,0,58,70,10,0,3711,1,22,16,37,21,41,27,566,0,2853,0,0,0,3204,0,1,2,262,0,2503,27,21,13,9,15,266,42,0,0,0,166,129
6,164,12,8,890,8,10,370,13,464,81,40,1,1348,7,0,8,0,0,2,3,0,131,5,12,8,5,630,702,2,22,29,220,25,134,0,54,0,0,100,0,29,0,84,14,21,0,4
1,2,3,5,9,1,5,12,511,9,2,5,4,30,7,3,8,0,0,0,19,0,1550,4,2,3,2,7,2,15,1,11,2,868,5,0,441,0,0,35,0,200,0,2,8,5,1,11
11,3,3,23,21,4,5,14,2075,5,4,122,3,69,18,37,14,1,1,1,13,0,1442,142,8,30,9,14,22,40,2,3,1,455,14,0,2286,0,5,27,0,280,3,6,32,2,11,56
2,0,0,0,1,0,0,0,624,1,0,11,0,12,4,69,5,0,0,0,8,0,105,8,4,9,7,1,0,1,2,4,0,1,0,0,410,0,0,19,0,18,0,0,5,0,2,1
4,51,22,25,363,24,5,34,1,3,98,0,0,29,24,0,0,0,0,0,0,0,0,0,0,1,1,503,19,0,0,1,10,0,372,0,0,0,0,1,0,0,0,523,11,11,0,0
1,17,0,0,292,1,5,5,0,24,44,0,0,1,1,0,0,0,0,0,0,0,0,0,0,0,0,4,224,0,0,0,28,0,4,0,0,0,0,1,0,0,0,25,1,6,0,0
0,2,2,1,2,3,4,9,0,4,5,0,397,1,1,0,3,1,404,1012,2,0,0,0,2,1,0,4,0,2,2,0,1,1,2,0,0,69,8,0,2,0,6,2,0,16,17,24
589,89,23,40,16,44,1148,28,12,31,71,6,0,35,45,0,20,0,0,3,3,0,27,5,26,25,3,22,66,4,13,651,17,13,32,0,7,0,0,1066,0,8,0,96,53,1911,0,2
0,0,0,0,0,0,0,0,0,0,0,1,3,0,0,0,0,2115,7,0,0,0,0,0,0,2,0,0,0,1,0,0,0,2,0,0,0,43,2148,0,2906,0,153,0,0,0,0,89
0,0,0,0,0,0,0,0,0,0,0,0,0,0,0,0,0,5,2,1,0,0,0,0,0,1,0,0,0,0,0,0,0,0,0,1,0,17,258,0,39,0,1906,0,0,0,0,7
0,0,0,1,0,1,0,4,0,0,1,1,651,0,1,0,0,39,1350,76,11,0,0,0,1,14,0,0,0,0,16,0,0,13,0,3,1,1006,57,1,66,0,159,5,1,0,28,32
0,0,0,0,0,0,0,0,0,0,0,0,94,0,0,26,0,50,15,3,1,1,0,3,0,11,0,0,0,93,0,0,0,3,0,11,0,17,3,0,28,4,8,0,0,0,7,363
11,12,3,15,30,7,9,96,1,5,17,0,0,6,69,0,0,0,0,0,0,0,0,0,1,2,5,54,46,0,14,1,15,0,12,0,3,0,0,2,0,0,0,30,60,6,0,0
32,8,4,26,58,6,15,54,45,5,3,1,0,185,329,0,116,0,0,1,0,0,5,0,85,1,192,61,12,0,172,20,7,0,61,0,17,0,0,40,0,1,0,76,793,22,0,0
5,1,2,1,7,0,1,8,11,0,0,57,50,44,1,11,3,5,2,6,0,0,214,71,0,8,0,4,0,80,1,1,4,14,0,5,15,1,9,237,3,400,0,0,7,1,2,651
1,14,0,0,168,0,13,281,15,103,20,0,1,1102,9,0,0,0,0,0,0,0,3,0,2,1,0,32,84,0,4,26,846,34,1,0,20,0,0,50,0,20,0,8,4,61,0,0
103,0,1,5,1,0,26,1,3,0,0,599,1,5,9,1,129,0,0,0,0,0,1,2,81,0,228,0,4,0,331,10,0,0,15,0,2,2,0,4,0,0,0,7,44,1,0,0
0,0,0,1,0,0,0,6,0,0,0,18,10,0,0,0,0,993,6,2,0,0,4,4,0,6,0,0,0,1,1,1,0,0,0,0,0,32,1288,0,1203,8,109,0,0,0,2,72
0,0,0,0,0,0,0,0,1,0,0,6,0,0,0,1,0,1,3,0,0,0,1,1,0,0,0,0,0,0,1,0,0,0,0,0,0,0,30,0,4,0,100,0,0,0,0,1
