0.56791,0.23018,0.44537,0.28174,0.24852,0.4633,0.41284,0.31218,0.46201,0.19441,0.25155,0.37676,0.25785,0.43553,0.35917,0.67183,0.62867,0.63653,0.36149,0.31256,0.96274,0.97447,0.36451,0.71186,0.63249,0.79435,0.31626,0.23938,0.19424,0.79966,0.30068,0.37195,0.31009,0.33471,0.17854,0.76986,0.60181,0.34543,0.51332,0.47273,0.66286,0.50506,0.54467,0.23182,0.23746,0.52492,0.81684,0.53361
0.4783
26,572,86,26,12,25,123,4,0,10,732,0,0,1,0,0,0,0,0,0,0,0,0,0,0,0,1,122,26,0,0,1,334,0,139,0,0,0,0,3,0,0,0,730,0,91,0,0
5,94,1072,872,0,1256,11,1,3,88,101,0,0,0,36,0,6,0,0,0,0,0,0,0,11,0,145,3,47,0,0,29,1,0,136,0,1,0,0,1,0,0,0,34,42,2,0,0
7,226,182,163,21,107,22,201,33,45,361,1,1,8,58,1,1,3,15,7,5,4,1,2,3,2,11,113,149,2,20,5,73,31,199,26,1,2,1,3,4,2,0,368,18,28,7,12
6,238,5,0,443,2,18,2,0,10,284,0,0,23,1,0,0,0,0,0,0,0,1,0,0,0,4,722,55,0,0,0,670,0,78,0,0,0,0,14,0,0,0,247,0,114,0,1
2,119,54,27,7,23,2,0,0,2,100,0,0,1,0,0,0,0,0,0,0,0,0,0,0,0,2,22,2,0,0,0,0,0,290,0,0,0,0,3,0,0,0,72,0,1,0,0
33,164,42,139,172,60,29,966,64,48,170,2,0,82,165,0,2,0,0,5,3,0,15,1,7,5,19,347,148,3,17,9,38,2,204,0,15,0,0,14,0,13,0,267,38,64,2,12
0,482,89,26,3,165,19,2,0,349,585,0,0,0,4,0,0,0,1,0,0,0,0,0,5,0,0,3,496,0,1,24,24,0,8,0,0,0,0,2,0,0,0,90,1,11,0,0
1,1,0,0,2,0,0,3,0,1,5,0,152,0,1,0,1,1,9,60,0,0,1,0,1,0,1,5,0,0,5,2,7,9,0,0,0,3,1,0,0,1,1,3,0,14,4,0
3,0,0,0,6,0,1,0,69,0,0,81,29,39,0,1564,0,12,4,10,15,19,107,2888,0,363,1,0,0,457,3,0,1,105,0,549,52,7,7,65,8,1647,20,0,0,2,31,59
0,0,0,0,0,0,0,0,0,0,0,0,1,0,0,0,0,3,30,0,0,0,0,0,0,0,0,0,0,0,0,0,0,0,0,0,0,196,96,0,17,0,479,0,0,0,0,0
1,0,1,5,2,1,0,1,0,0,0,5,431,1,8,1,2,7,315,42,4,0,1,0,1,3,3,0,0,0,60,0,2,8,3,1,0,142,13,0,7,1,30,10,2,0,19,13
0,2,1,11,1,10,2,24,7,2,1,42,920,14,13,21,10,11,29,22,1,6,183,102,1,7,2,2,4,29,6,3,1,100,1,19,30,8,2,16,11,150,2,1,3,1,13,112
129,1,0,4,2,2,3,1,14,1,1,403,5,23,9,13,7,1,7,3,0,0,621,202,1,56,10,0,6,1,9,8,0,6,3,0,61,1,8,76,0,29,1,0,34,6,3,17
263,87,485,698,4,529,113,55,7,125,66,0,0,2,234,0,16,0,2,0,0,0,1,0,7,0,258,10,127,0,19,50,6,0,331,0,0,0,0,7,0,0,0,160,167,21,0,0
0,11,0,0,265,0,0,7,2,7,16,1,0,60,1,0,0,0,0,0,0,1,0,0,1,0,0,487,12,0,0,0,26,0,29,0,2,0,0,4,0,0,0,14,0,3,0,0
3,3,1,6,2,5,4,15,333,3,1,1,1,3,17,0,5,0,0,0,0,0,14,4,3,3,4,1,3,0,3,2,3,62,3,1,168,0,0,3,0,17,0,2,10,2,4,2
2,0,0,0,0,0,0,2,22,0,0,3,10,3,2,36,2,1,13,477,5,5,2,2,0,16,0,1,0,17,0,0,16,462,0,69,7,1,0,2,0,17,1,0,0,1,24,42
2007,29,18,88,12,45,1056,76,23,11,21,1,0,14,161,0,1,0,0,0,6,0,3,3,4,2,31,8,26,0,78,58,4,0,36,0,0,0,1,243,0,1,1,57,107,1194,0,2
3,21,31,65,0,112,2,1,3,452,4,1,0,0,257,0,232,0,0,0,0,0,0,0,152,0,34,0,266,0,35,360,0,0,19,0,3,0,0,1,0,0,0,1,227,0,0,0
0,0,0,0,0,0,0,0,1,0,0,1,39,0,0,7,0,10,16,11,1,3,0,0,0,4,0,0,0,27,0,0,0,5,0,6,0,11,1,1,3,0,11,0,0,1,10,2032
3,1,0,0,6,0,0,5,1,1,0,2,156,6,2,2,1,2,143,742,0,0,1,1,0,1,0,1,1,0,10,11,2,7,1,0,1,60,1,3,4,1,3,4,1,2,1,2
0,0,0,0,0,0,0,2,13,0,0,8,8,6,1,21,1,1,3,19,3307,4542,0,1,0,88,0,0,0,64,0,0,3,35,0,43,4,0,0,3,0,57,0,0,0,0,1940,10
16,9,20,9,4,24,1,12,11,10,7,934,101,7,16,0,18,4,253,145,18,1,29,3,12,5,42,5,8,0,26,2,2,34,14,0,11,110,9,23,1,0,6,8,11,0,53,26
114,17,104,346,11,95,46,281,15,240,12,3,0,13,772,0,212,1,1,0,0,0,2,0,211,0,858,6,161,0,262,274,1,0,168,0,5,0,0,3,0,1,0,63,722,22,0,0
112,52,127,428,19,135,70,1146,232,237,33,22,2,47,1344,8,368,3,7,1,2,0,7,6,419,19,608,12,326,1,884,350,1,8,131,0,72,0,19,33,1,5,3,84,795,62,0,4
9,0,4,12,0,3,2,7,16,134,0,52,0,4,130,0,2013,0,0,0,2,0,0,0,1826,0,249,1,325,0,812,1114,0,2,8,0,8,0,0,3,0,0,0,0,212,2,0,0
1,0,0,0,0,0,0,1,0,0,0,5,9,0,0,0,0,2,55,3,0,0,0,0,0,0,0,0,0,0,38,0,0,0,0,0,0,515,77,0,12,0,461,0,0,0,0,2
2,0,1,0,5,1,0,5,5,2,0,1,348,0,0,2,0,21,1056,1204,0,3,0,0,0,7,1,0,1,0,9,1,5,24,0,3,0,1190,32,0,25,0,17,1,0,1,37,8
0,0,0,1,1,0,0,0,31,0,0,39,72,11,0,3771,0,23,28,31,22,74,34,556,1,2758,0,0,0,3285,0,0,3,277,0,2452,21,26,21,11,18,277,37,0,0,0,142,107
8,137,6,10,673,12,9,340,13,342,129,32,1,1395,7,0,8,0,0,1,2,0,127,4,18,10,3,817,641,9,6,28,381,39,144,0,54,0,1,110,0,12,0,105,8,17,1,6
1,0,2,3,10,3,3,19,494,3,2,14,4,31,7,3,7,0,0,0,16,0,1491,6,3,5,4,6,2,9,3,12,2,894,5,0,407,0,0,46,0,253,0,6,7,9,4,15
14,6,2,18,26,5,6,16,1818,7,3,78,5,69,16,39,13,2,1,0,11,0,1715,163,14,30,13,14,22,25,5,4,2,462,23,0,2128,0,4,44,1,395,3,12,30,1,8,64
3,0,0,1,2,0,0,0,605,1,0,15,0,15,4,75,5,0,0,0,5,0,102,13,4,8,8,1,1,1,3,3,0,2,0,0,412,0,0,16,0,23,0,0,4,0,2,0
5,75,34,26,210,16,11,24,1,10,115,0,0,31,16,0,0,0,0,0,0,0,0,0,0,1,0,519,15,0,0,0,8,0,461,0,0,0,0,1,0,0,0,533,14,10,0,0
2,21,0,0,288,2,5,2,0,30,38,0,0,1,1,0,0,0,0,0,0,0,0,0,0,0,0,6,219,0,0,0,22,0,8,0,0,0,0,0,0,0,0,35,1,3,0,0
0,5,3,2,2,3,1,4,0,2,6,0,447,0,5,0,2,1,370,989,2,0,0,0,2,1,0,7,0,1,1,2,7,1,1,0,1,73,8,0,3,0,6,2,0,14,13,25
607,70,25,57,15,57,1132,28,17,45,73,4,1,32,47,0,22,0,0,2,3,0,23,4,34,26,2,21,71,3,20,580,17,23,33,0,6,0,0,1040,0,7,0,119,44,1938,0,2
0,0,0,0,0,0,0,0,0,0,0,1,6,0,0,0,0,2112,8,0,0,0,0,0,0,2,0,0,0,0,0,0,0,2,0,0,0,49,2100,0,2963,0,120,0,0,0,2,105
0,0,0,0,0,0,0,0,0,0,0,0,0,0,0,0,0,2,4,2,0,0,0,0,0,1,0,0,0,0,0,0,0,0,0,0,0,16,314,0,49,0,1841,0,0,0,0,8
1,0,1,2,0,1,0,4,0,0,0,1,666,0,3,0,0,48,1361,68,3,2,0,0,1,11,0,0,0,0,13,0,0,13,0,2,0,975,69,1,60,0,151,3,0,0,37,42
1,0,0,0,0,0,0,0,0,0,0,1,95,0,0,28,0,51,17,1,1,1,0,3,0,11,0,0,0,97,0,0,0,2,0,10,0,18,3,0,31,2,7,0,0,0,10,351
10,18,4,14,25,8,9,87,1,14,20,0,0,8,65,0,0,0,0,0,0,0,1,0,1,2,4,54,45,0,14,2,12,0,11,0,3,0,0,2,0,0,0,39,55,4,0,0
38,13,5,32,43,4,16,53,52,17,2,3,0,159,325,0,120,0,0,1,0,0,1,0,76,2,180,63,10,0,202,26,4,0,75,0,18,0,0,78,0,2,0,67,750,16,0,0
8,1,2,0,6,0,1,7,13,0,0,62,50,43,1,19,3,6,5,4,1,0,215,88,0,16,1,4,0,76,0,1,4,14,0,3,20,3,4,268,3,329,1,1,4,1,3,652
1,10,0,0,407,0,15,261,12,76,22,3,1,1047,6,0,0,0,0,0,0,0,3,0,2,1,0,30,76,0,2,18,756,39,0,0,21,0,0,51,0,16,0,9,3,33,0,2
87,0,0,4,1,0,10,1,3,0,0,615,1,4,7,1,124,0,0,0,0,0,1,0,66,2,214,0,9,0,372,16,0,2,20,0,4,5,0,6,0,0,0,2,38,1,0,0
0,0,0,0,0,0,0,5,0,0,0,37,6,0,0,1,0,990,8,2,0,0,2,4,0,4,0,0,0,0,1,0,0,1,0,1,0,33,1264,0,1243,3,84,0,0,0,5,73
0,0,0,0,0,0,0,0,1,0,0,5,0,0,0,0,0,0,4,0,0,0,1,1,0,0,0,0,0,1,1,0,0,0,0,0,0,1,35,0,6,0,94,0,0,0,0,0
