0.54915,0.23799,0.44752,0.32602,0.2747,0.45583,0.41065,0.31152,0.55805,0.25588,0.2852,0.31602,0.26444,0.4637,0.36405,0.70648,0.6322,0.63883,0.40492,0.30328,0.94808,0.97411,0.42284,0.70873,0.66216,0.74234,0.33824,0.23456,0.29289,0.80549,0.29517,0.35551,0.36894,0.34193,0.15415,0.76833,0.62018,0.37928,0.53295,0.4613,0.65827,0.49859,0.54693,0.2193,0.28164,0.53219,0.87359,0.59708
0.49321
13,550,62,28,30,26,84,6,0,59,713,0,0,0,0,0,0,0,0,0,0,0,0,0,0,0,2,125,16,0,0,0,252,0,359,0,0,0,0,8,0,0,0,618,0,113,0,0
6,86,985,1010,2,1254,5,11,1,77,47,0,0,0,41,0,4,0,0,0,0,0,0,0,6,0,197,0,19,0,1,14,0,0,148,0,0,0,0,0,0,0,0,60,20,3,0,0
6,227,154,126,30,98,16,248,4,91,278,2,5,3,39,0,2,3,8,9,4,4,2,9,2,3,10,116,162,4,28,8,50,21,326,27,3,2,1,1,1,27,1,340,12,28,8,6
3,210,2,2,334,0,16,5,0,24,392,0,0,9,0,0,0,0,0,0,0,0,0,0,0,0,0,714,52,0,0,0,782,0,83,0,0,0,0,8,0,0,0,154,0,148,0,0
1,129,45,21,9,28,2,0,0,2,65,0,0,1,0,0,0,0,0,0,0,0,0,0,0,0,7,13,0,0,0,0,0,0,304,0,0,0,0,0,0,0,0,100,1,1,0,0
33,116,34,66,300,60,25,1120,27,34,83,3,0,68,127,0,3,0,0,0,5,0,44,2,8,4,22,335,187,8,25,5,33,2,239,2,25,0,1,19,0,24,0,206,27,62,0,2
1,511,60,38,1,110,11,3,0,544,562,0,0,0,6,0,0,0,0,0,0,0,0,0,2,0,0,0,394,0,0,28,9,0,21,0,0,0,0,1,0,0,0,76,0,12,0,0
1,1,0,2,3,0,0,1,0,0,3,0,104,1,2,0,3,0,6,115,3,0,0,0,0,0,2,6,1,0,1,1,4,13,0,0,2,5,1,0,0,1,0,5,1,7,0,0
6,0,0,0,2,0,1,3,64,0,0,136,23,31,0,1289,0,8,5,26,22,24,59,2786,0,671,1,1,0,388,2,0,1,142,0,552,54,13,15,34,6,1763,15,0,2,2,21,56
0,0,0,0,0,0,0,0,0,0,0,0,0,0,0,0,0,0,34,1,0,0,0,0,0,0,0,0,0,0,0,0,0,0,0,0,0,129,92,0,15,0,551,0,0,0,0,0
2,0,0,4,2,2,1,1,0,0,0,13,437,2,10,1,6,7,296,52,18,1,0,0,1,3,2,0,0,0,87,0,1,8,6,0,1,99,11,0,7,0,22,12,3,0,8,20
2,0,3,0,2,23,0,56,2,2,0,45,948,16,7,14,11,14,15,18,3,6,165,80,4,4,4,1,3,25,6,1,0,102,8,21,12,7,5,3,10,253,0,3,14,0,4,37
5,0,0,4,2,0,6,6,23,1,0,857,8,17,16,2,12,0,13,0,0,0,298,111,9,33,2,0,2,0,4,8,0,4,0,0,28,0,3,235,0,54,0,4,17,1,0,3
327,62,460,774,26,519,134,108,2,98,23,0,0,1,205,0,15,0,0,0,0,0,2,0,5,0,284,21,110,0,11,60,1,0,256,0,1,0,0,5,0,0,0,208,114,18,0,0
0,12,0,0,450,0,0,5,1,5,13,0,0,65,0,0,0,0,0,1,0,1,0,0,1,0,0,323,12,0,0,0,26,0,16,0,2,0,0,1,0,0,0,11,0,4,0,0
0,0,0,4,1,3,1,34,321,1,1,2,2,5,12,1,5,0,0,0,0,0,19,10,2,0,6,3,2,3,2,2,3,55,1,0,194,0,0,2,0,7,0,2,7,2,1,1
0,0,0,0,2,0,1,3,12,0,0,1,15,12,2,38,2,9,9,475,11,10,2,2,0,13,1,1,0,13,1,0,26,454,0,61,13,2,4,2,2,16,0,0,0,3,8,37
1799,18,12,51,10,28,1218,76,12,6,12,1,1,9,91,0,1,0,1,0,4,0,4,1,3,2,30,10,19,0,47,78,3,0,18,0,3,0,2,680,0,3,0,29,98,1047,0,1
1,12,29,78,0,181,2,5,0,355,3,1,0,0,363,0,263,0,0,0,0,0,0,0,139,0,107,0,218,0,57,331,0,0,4,0,0,0,0,0,0,0,0,2,131,0,0,0
0,0,0,0,0,0,0,0,1,0,0,0,35,0,0,7,0,6,9,17,3,2,0,1,0,2,0,0,0,24,0,0,0,4,0,16,0,5,3,0,6,3,5,0,0,0,7,2045
4,0,1,2,2,0,0,2,1,0,0,3,157,10,1,1,0,2,74,797,1,0,1,1,0,3,0,0,2,0,15,8,3,3,0,0,1,73,1,3,8,1,4,5,0,0,1,1
1,0,0,0,0,0,0,2,6,0,0,8,6,7,0,32,0,0,4,15,3506,4967,2,6,0,76,1,0,0,93,1,0,2,37,0,33,5,0,0,0,0,40,0,0,0,1,1320,9
6,3,18,17,5,20,5,8,4,2,5,1004,201,8,15,1,22,3,316,102,22,1,14,1,16,0,25,10,7,0,7,0,1,17,10,0,5,93,3,4,0,6,5,3,12,4,12,17
164,4,119,314,29,127,58,333,11,132,4,5,0,11,801,0,223,0,0,0,0,0,1,0,201,1,896,11,145,0,238,296,3,0,81,0,7,0,0,1,0,1,1,81,727,16,0,0
113,15,141,445,48,184,95,1271,192,168,7,17,4,33,1375,5,425,3,4,0,3,0,11,5,412,14,534,15,337,4,822,384,1,6,100,6,109,1,10,6,3,19,1,60,779,56,0,2
5,1,4,21,2,9,4,2,13,46,0,16,0,3,147,0,2238,0,0,0,2,0,0,0,1960,2,147,0,152,0,874,1101,0,1,0,0,3,0,0,2,0,0,0,1,192,2,0,0
2,0,0,0,0,0,1,3,0,0,0,3,5,0,0,0,0,4,73,1,0,0,0,0,0,0,0,0,0,0,151,0,0,0,0,0,0,372,68,0,9,0,487,0,1,0,0,1
1,0,1,0,3,0,0,2,1,0,0,1,442,0,0,2,0,21,804,1258,2,1,1,0,0,14,1,0,0,0,2,0,1,31,0,1,2,1241,83,0,54,0,12,0,0,1,14,21
0,0,0,0,0,0,0,0,31,0,0,62,64,14,0,3644,0,28,26,26,37,81,24,718,1,2691,0,0,0,3346,0,0,1,281,0,2484,31,41,20,8,20,222,40,0,0,1,67,121
7,141,6,2,848,7,12,113,7,337,94,61,1,1616,15,0,10,0,0,0,1,0,108,2,12,5,2,693,1021,12,54,6,195,18,58,0,36,0,0,26,0,22,0,79,9,22,1,7
2,2,3,0,8,0,5,20,441,3,0,2,2,28,5,1,8,1,0,0,16,0,1740,6,1,5,6,7,2,11,2,8,3,888,3,0,383,0,0,21,0,158,0,2,5,2,2,9
4,6,3,10,19,6,6,31,2384,5,5,184,2,73,11,31,15,7,0,0,13,0,1287,142,10,27,12,11,21,53,3,2,2,449,4,1,2250,1,6,17,4,140,2,18,22,2,2,34
0,0,0,1,0,0,1,2,669,0,0,9,0,13,3,51,7,0,0,0,8,0,76,10,2,17,7,2,0,0,3,3,3,1,0,0,423,0,0,5,0,9,0,0,4,0,0,5
3,90,18,18,389,11,6,67,1,3,59,0,0,11,14,0,0,0,0,0,0,0,0,0,0,1,2,464,11,0,0,0,11,0,390,0,0,0,0,0,0,0,0,551,5,11,0,0
0,12,0,0,278,1,3,3,0,25,35,0,0,0,1,0,0,0,0,0,0,0,0,0,0,0,0,9,268,0,0,3,21,0,5,0,0,0,0,0,0,0,0,12,0,8,0,0
0,2,3,0,2,7,3,4,0,4,2,1,351,2,2,0,3,1,348,1126,1,0,0,0,0,0,1,1,1,2,2,0,2,1,0,1,0,81,7,0,2,0,5,4,0,3,16,21
597,69,28,21,18,29,1169,33,9,27,62,11,0,24,40,1,9,0,0,2,1,0,40,5,18,10,3,27,52,4,11,694,18,5,30,0,2,0,0,1180,0,17,0,70,28,1885,0,1
0,0,0,0,0,0,0,0,0,0,0,0,6,0,0,0,0,2165,2,0,0,0,0,0,0,2,0,0,0,1,0,0,0,2,0,5,0,29,2232,0,2822,0,141,0,0,0,0,63
0,0,0,0,0,0,0,0,0,0,0,0,0,0,0,0,0,4,5,1,0,0,0,0,0,0,0,0,0,0,0,0,0,0,0,0,0,10,227,0,32,0,1952,0,0,0,0,6
0,5,1,2,0,1,0,3,0,2,0,2,630,0,2,0,2,27,1416,92,11,0,0,0,0,8,0,0,0,0,14,0,1,10,1,6,1,1025,60,0,46,2,123,0,0,1,11,34
0,0,0,0,0,0,0,1,0,0,0,2,95,0,0,25,0,45,18,3,0,1,0,4,0,8,0,0,0,97,0,0,0,2,0,9,0,21,3,0,27,7,4,0,0,0,5,364
10,8,2,9,40,6,11,99,0,6,8,0,0,5,64,0,0,0,0,0,0,0,0,0,0,0,10,50,60,0,9,4,15,0,22,0,2,0,0,1,0,0,0,26,59,6,0,0
31,6,3,15,88,9,21,155,17,3,0,4,0,141,330,1,106,0,0,0,0,0,8,0,70,1,138,44,10,0,151,31,6,0,27,0,12,0,0,19,0,4,0,62,928,11,0,1
4,0,2,1,4,1,0,9,6,0,0,78,30,41,1,9,2,6,3,10,1,0,192,26,0,1,2,4,0,64,0,1,3,16,1,6,10,1,8,225,4,709,1,2,7,0,1,451
0,12,0,0,95,0,13,219,4,63,24,0,0,1201,14,0,1,0,0,0,0,0,9,0,2,0,0,27,195,0,20,10,867,23,0,0,6,0,0,38,0,14,0,6,2,58,0,0
116,1,2,12,3,1,30,1,4,1,0,611,2,4,15,0,142,0,0,0,0,0,1,0,73,2,185,0,5,0,306,10,0,0,9,0,2,0,0,3,0,0,0,6,68,1,0,0
0,0,0,0,0,0,0,6,0,0,0,24,9,0,0,1,0,1024,6,1,0,0,4,1,0,2,0,0,0,2,3,0,0,1,0,2,0,19,1295,0,1205,14,98,0,0,0,2,48
0,0,0,0,0,0,0,0,1,0,0,8,0,0,0,1,0,1,2,0,0,0,1,2,0,0,0,0,0,0,1,0,0,0,0,0,0,2,27,0,4,0,99,0,0,0,0,1
