0.52886,0.27322,0.48665,0.3577,0.27792,0.38402,0.41239,0.37924,0.5789,0.26316,0.24477,0.2713,0.25027,0.45136,0.40597,0.61589,0.50225,0.60679,0.30278,0.37763,0.89264,0.98775,0.31271,0.73406,0.50638,0.58615,0.21548,0.23333,0.49585,0.86172,0.25761,0.30213,0.20856,0.29177,0.24704,0.70222,0.58733,0.30747,0.57877,0.59643,0.61571,0.41546,0.3421,0.17664,0.20211,0.42724,0.75945,0.4615
0.45803
41,812,47,72,409,114,64,3,0,0,655,0,0,0,0,0,0,0,0,0,0,0,0,0,0,0,7,125,0,0,0,0,54,2,66,0,1,0,0,4,0,0,0,426,2,160,0,0
5,32,1094,1003,5,995,1,8,1,123,181,3,0,0,21,0,41,0,0,0,2,0,0,0,0,0,216,5,20,0,1,7,69,0,18,0,0,0,0,0,0,0,0,101,40,5,0,0
4,194,94,129,200,98,19,169,2,0,309,5,3,1,126,2,0,1,25,15,8,0,0,4,4,8,59,71,5,1,17,5,189,11,159,36,2,3,1,3,5,8,4,478,14,44,14,6
22,654,3,7,881,8,23,0,0,4,131,0,0,48,1,0,0,0,0,1,0,0,0,0,0,0,8,643,0,0,0,0,52,158,144,0,0,0,0,10,0,0,0,71,1,68,0,0
10,144,45,51,1,76,0,0,0,3,227,0,0,1,0,0,0,0,0,0,0,0,0,0,0,0,23,30,1,0,0,0,1,0,34,0,0,0,0,0,0,0,0,75,2,5,0,0
17,102,30,52,220,38,49,904,12,5,82,0,0,58,273,0,2,0,1,12,12,0,7,1,11,9,70,229,15,0,13,27,198,56,448,1,14,0,0,26,2,32,0,277,29,47,5,0
8,303,119,176,63,235,3,0,0,10,400,0,0,0,17,0,1,0,0,2,0,0,0,0,8,0,1,5,67,0,0,2,853,0,0,0,1,0,0,0,0,0,0,105,0,11,0,0
0,0,0,0,0,0,0,5,0,0,0,0,154,0,1,0,0,0,12,47,1,0,0,0,4,0,0,0,0,0,5,9,1,34,1,0,0,10,1,0,0,1,1,3,0,2,2,1
7,0,0,0,1,0,0,1,84,0,0,39,48,33,0,1657,0,14,0,11,18,20,152,2774,0,563,2,1,0,472,4,1,2,44,0,563,85,0,4,37,7,1489,28,0,3,1,31,28
0,0,0,0,0,0,0,0,0,0,0,0,3,0,0,0,0,1,12,0,0,0,0,0,0,0,0,0,0,0,0,0,0,0,0,0,0,363,130,0,4,0,258,0,0,0,0,51
0,0,1,0,0,2,0,11,0,0,0,6,364,1,15,3,0,0,218,74,17,0,2,0,2,3,6,0,0,0,13,4,0,9,0,0,0,253,15,0,4,0,81,8,1,1,9,23
4,1,1,1,0,6,4,48,3,0,0,10,940,2,13,46,5,6,70,20,3,4,242,87,1,34,1,0,1,12,5,4,8,48,2,37,21,25,1,5,7,171,3,1,5,0,34,17
65,2,1,6,0,1,10,6,35,9,0,149,7,7,4,64,14,1,0,3,11,0,680,140,3,178,9,0,34,0,7,5,15,2,2,0,62,0,1,47,1,55,41,9,60,28,4,10
39,32,406,526,36,436,85,92,1,112,163,2,0,1,267,0,33,0,3,0,2,0,1,0,14,0,598,4,51,0,58,92,211,1,120,0,0,1,0,3,0,0,0,270,96,94,0,0
1,29,0,0,42,0,3,5,1,3,7,1,0,80,5,0,0,0,0,0,3,0,0,0,9,0,1,372,1,0,0,0,4,145,222,0,2,0,0,6,0,0,0,7,0,0,0,0
2,1,1,1,2,5,3,70,138,6,0,13,1,3,23,0,8,0,1,1,20,0,26,3,11,5,2,7,1,0,8,2,2,67,4,1,197,0,0,5,0,13,0,0,42,0,22,0
0,0,0,0,0,0,1,10,4,0,0,3,144,4,1,36,0,6,20,460,8,2,0,3,0,49,0,0,0,15,1,0,0,141,0,253,12,0,0,0,1,23,19,0,0,0,32,15
1457,18,41,160,41,61,817,137,1,10,24,2,0,9,120,0,2,0,1,0,11,0,0,1,5,6,82,24,33,0,161,65,40,3,16,0,2,0,0,339,0,2,2,47,220,1468,0,0
1,1,64,115,4,121,0,3,0,476,4,9,0,0,48,0,397,0,0,0,0,0,0,0,98,0,52,1,299,0,32,192,247,0,1,0,1,0,0,0,0,0,0,4,112,0,0,0
0,0,0,0,0,0,0,0,0,0,0,0,172,0,0,11,0,32,36,2,4,1,0,0,0,27,0,0,0,21,0,0,0,0,0,18,0,7,3,0,7,16,36,0,0,0,28,1780
0,1,0,0,0,0,11,1,0,0,1,2,63,1,6,5,0,1,64,816,1,0,2,0,6,10,2,1,0,0,9,7,1,23,0,0,0,119,1,10,4,0,13,4,2,4,0,1
1,0,0,0,0,0,0,3,3,1,0,10,26,5,1,27,0,1,2,25,3143,4917,1,9,0,119,0,0,0,85,0,0,0,20,0,70,8,1,0,1,0,28,3,0,0,0,1667,3
18,9,50,1,3,13,11,20,3,12,5,624,75,5,8,1,8,2,307,183,83,0,79,0,11,21,47,11,26,0,28,3,16,14,8,1,9,109,7,18,0,2,68,0,20,1,51,69
70,1,79,105,46,109,42,355,0,300,36,87,0,0,654,0,198,0,2,0,1,0,0,0,235,2,646,7,233,0,426,485,252,3,96,0,5,0,0,0,0,0,0,115,408,43,0,1
44,9,76,126,62,110,91,1363,49,222,24,76,1,5,1332,6,141,3,5,2,17,0,5,5,448,24,644,19,405,0,812,810,462,22,65,1,70,2,3,16,2,7,4,160,400,92,3,0
3,0,1,8,1,5,4,6,3,565,0,508,0,1,35,1,1228,0,0,0,1,0,0,0,1191,0,138,1,1435,0,724,602,272,0,3,0,8,0,0,0,0,0,0,2,200,4,0,0
0,0,0,0,0,0,0,1,0,0,0,3,24,0,0,0,0,2,5,2,0,0,0,0,0,0,1,0,0,0,8,1,0,0,0,0,0,552,104,0,15,0,434,0,0,0,0,29
0,0,0,0,0,0,6,1,0,0,0,2,149,0,8,1,1,2,924,1401,2,0,0,0,11,13,0,1,0,0,6,13,0,29,1,0,0,1355,23,0,1,0,20,0,0,1,20,27
0,0,1,0,0,0,0,0,39,1,0,19,177,11,0,3348,0,23,4,137,44,32,36,484,0,2082,0,0,0,4518,0,0,0,38,0,2377,30,1,23,6,21,374,75,0,1,0,147,81
30,253,12,5,420,10,21,41,9,6,68,19,1,765,25,1,5,0,0,5,4,0,231,1,16,10,7,728,58,1,6,8,664,1024,792,0,45,0,0,241,0,46,1,71,11,4,1,0
2,4,3,0,0,2,21,26,523,6,1,29,10,34,13,5,3,0,0,1,28,0,1557,17,9,28,7,15,2,3,26,16,4,667,8,0,395,0,0,53,0,254,0,2,20,3,14,0
26,7,4,11,13,11,11,37,2113,16,3,69,12,66,21,53,16,4,0,2,35,0,1587,159,18,128,13,25,23,9,8,5,48,315,21,2,1994,0,0,27,3,327,4,12,58,2,18,1
5,1,0,0,0,0,0,0,591,4,0,23,0,25,1,77,6,0,0,0,13,0,123,9,4,8,3,6,6,0,3,1,3,6,1,0,374,0,0,3,0,25,0,0,11,0,2,0
8,193,20,48,65,24,8,15,0,6,225,0,0,25,18,0,0,0,0,0,0,0,1,0,0,0,15,499,4,0,0,0,11,14,694,0,0,0,0,0,0,0,0,222,8,13,0,0
0,27,1,5,341,4,6,0,0,0,24,0,0,3,1,0,0,0,0,0,0,0,0,0,0,0,0,45,0,0,0,0,161,3,25,0,0,0,0,2,0,0,0,23,2,11,0,0
0,4,2,0,0,3,4,6,0,0,1,0,477,0,6,0,0,0,908,407,1,1,0,0,14,2,0,1,0,0,4,9,0,20,0,0,0,109,1,0,1,0,6,3,0,0,10,12
820,81,41,153,91,79,972,43,5,6,74,0,3,28,35,1,13,0,0,2,3,0,29,5,40,37,15,71,118,0,69,79,95,43,24,0,5,0,0,1670,0,9,0,114,115,1260,2,0
0,0,0,0,0,0,0,0,0,0,0,0,34,0,0,0,0,1645,21,0,0,0,0,0,0,1,0,0,0,0,0,0,0,0,0,1,0,34,2241,0,2767,0,259,0,0,0,8,459
0,0,0,0,0,0,0,0,0,0,0,0,0,0,0,0,0,3,3,0,0,0,0,0,0,1,0,0,0,0,0,0,0,0,0,0,0,69,424,0,24,0,1067,0,0,0,0,646
0,0,0,0,0,0,0,11,0,0,0,1,532,0,10,1,0,8,1156,69,6,0,0,0,3,10,0,0,0,1,5,7,0,2,0,3,0,1355,54,0,38,0,203,0,0,0,14,50
0,0,0,0,0,0,0,0,0,0,0,1,192,0,0,29,0,67,15,2,2,1,0,0,0,59,0,0,0,52,1,0,0,0,0,8,0,13,3,0,37,9,21,0,0,0,13,216
3,14,2,13,50,9,10,67,0,6,14,0,0,5,68,0,1,0,0,0,0,0,0,0,3,2,6,34,0,0,30,19,64,9,33,0,1,0,0,6,0,0,0,44,11,7,1,0
27,25,7,28,9,15,17,83,11,199,10,17,0,66,84,0,148,0,0,0,1,0,3,0,69,4,147,71,24,0,382,156,18,26,169,0,15,0,0,51,0,2,0,43,497,29,0,0
10,0,1,1,8,1,0,8,12,0,0,11,104,37,1,56,1,26,2,5,12,0,287,73,0,88,1,4,0,53,2,2,1,14,2,13,19,1,1,127,14,659,20,0,19,1,29,217
5,18,1,1,155,0,22,25,5,3,7,3,1,1095,9,0,0,0,0,0,2,0,15,0,4,1,0,64,2,0,10,3,68,1245,27,0,15,0,0,79,0,17,0,6,2,9,4,0
0,0,0,0,1,0,18,1,1,33,0,656,0,1,10,4,173,0,0,0,0,0,2,1,100,3,169,0,30,0,268,40,4,9,0,0,2,11,0,5,0,0,5,3,47,18,0,1
0,0,0,0,0,0,0,9,0,0,0,11,39,0,0,1,0,862,1,3,2,0,6,3,0,17,0,0,0,0,0,0,0,0,0,0,0,13,807,0,1521,15,345,0,0,0,10,102
0,0,0,0,0,0,0,0,1,0,0,5,0,0,0,0,0,1,0,0,0,0,1,0,0,0,0,0,0,0,0,0,0,0,0,0,0,1,24,0,8,0,98,0,0,0,0,11
