0.54677,0.24947,0.45613,0.3048,0.26148,0.44428,0.40659,0.29076,0.52153,0.21289,0.27469,0.32677,0.25041,0.45151,0.35308,0.69729,0.62045,0.64068,0.37546,0.31709,0.9452,0.98022,0.38547,0.7166,0.63148,0.74231,0.33058,0.2265,0.26084,0.79353,0.30698,0.36376,0.36977,0.33689,0.14952,0.76511,0.60204,0.36601,0.53371,0.45051,0.66229,0.51889,0.54024,0.22096,0.26523,0.51981,0.82511,0.54756
0.4841
16,587,77,28,17,30,72,9,0,23,737,0,0,0,0,0,0,0,0,0,0,0,0,0,0,0,1,142,15,0,0,0,265,0,285,0,0,0,0,6,0,0,0,643,0,111,0,0
4,96,1019,997,3,1204,6,3,2,63,72,0,0,0,49,0,4,0,0,0,1,0,0,0,9,0,182,0,36,0,1,19,0,0,155,0,0,0,0,1,0,0,0,53,16,2,0,0
10,213,174,131,28,96,17,258,11,56,320,1,1,5,60,0,2,5,11,9,5,1,0,3,2,5,10,123,131,0,20,4,58,24,249,27,3,2,2,1,3,39,1,372,14,32,9,7
5,228,3,0,360,1,20,2,0,16,374,0,0,8,1,0,0,0,0,0,0,0,0,0,0,0,2,735,61,0,0,0,715,0,64,0,0,0,0,9,0,0,0,173,0,160,0,1
1,109,54,21,13,36,2,0,0,2,94,0,0,1,0,0,0,0,0,0,0,0,0,0,0,0,4,12,0,0,0,0,1,0,286,0,0,0,0,3,0,0,0,88,1,1,0,0
40,106,32,102,307,67,32,1103,52,32,112,3,0,61,146,0,2,0,1,1,6,0,21,1,8,3,23,379,109,4,21,3,35,5,184,0,22,0,1,11,0,25,0,225,31,62,3,5
1,519,75,29,3,127,11,2,0,469,529,0,0,0,7,0,0,0,1,0,0,0,1,0,6,0,0,1,462,0,0,15,10,0,14,0,0,0,0,1,0,0,0,89,1,17,0,0
1,1,0,0,0,0,1,4,0,0,5,0,125,0,1,0,2,1,9,90,2,0,1,0,0,0,2,11,0,0,6,1,5,11,0,0,1,1,1,0,0,1,0,2,0,9,1,0
3,0,0,1,2,0,1,0,56,0,0,118,29,32,0,1392,0,9,5,18,25,21,66,2703,1,657,1,1,0,404,2,0,2,85,1,548,72,5,15,34,4,1799,16,0,3,2,26,65
0,0,0,0,0,0,0,0,0,0,0,0,2,0,0,0,0,1,42,0,0,0,0,0,0,0,0,0,0,0,0,0,0,0,0,0,0,185,81,0,19,0,492,0,0,0,0,0
3,0,1,5,2,2,0,1,0,1,0,5,447,2,4,1,2,7,291,47,15,0,0,0,1,1,4,1,0,0,93,0,1,4,3,1,0,109,14,0,10,1,29,12,3,0,11,12
3,1,2,5,1,12,1,33,6,0,1,38,927,7,6,24,12,12,20,19,2,7,170,75,4,6,1,2,2,29,12,4,0,108,2,30,24,10,3,0,9,235,1,0,6,0,5,82
29,0,0,2,4,1,9,6,20,2,0,749,5,21,10,7,12,2,6,2,0,0,289,139,2,34,8,0,1,0,7,10,0,2,0,0,57,1,5,244,0,68,1,2,21,0,1,9
294,55,445,767,25,537,130,95,1,97,44,0,0,2,208,0,16,0,1,0,0,0,2,0,8,0,278,15,116,0,15,46,2,0,314,0,2,0,0,4,0,0,0,193,120,18,0,0
0,16,0,0,391,0,1,9,0,5,10,0,0,74,0,0,0,0,0,0,0,1,0,0,1,1,0,354,8,1,0,0,30,0,22,0,6,0,0,1,0,0,0,12,0,5,1,0
0,1,1,4,1,5,4,26,317,0,0,2,3,5,12,0,4,0,0,0,0,1,11,5,5,1,7,3,4,1,2,1,4,61,5,0,180,0,0,0,0,21,0,2,11,1,4,2
0,0,0,0,0,0,1,1,12,0,0,2,13,5,1,43,2,5,12,477,13,6,1,3,0,14,0,1,0,16,1,0,27,458,0,64,11,3,2,1,0,16,0,0,0,3,13,36
1812,21,13,79,10,34,1173,75,20,6,18,2,0,9,104,0,1,0,1,0,8,0,4,1,3,5,36,8,15,0,43,56,4,0,33,0,0,0,0,519,0,2,0,36,107,1168,0,2
3,12,36,69,0,148,2,1,0,379,4,1,0,0,333,0,234,0,0,0,0,0,0,0,157,0,75,0,262,0,44,365,0,0,18,0,2,0,0,1,0,0,0,4,132,0,0,0
0,0,0,0,0,0,0,0,1,0,0,0,38,0,0,7,0,6,13,20,2,2,0,0,0,3,0,0,0,21,0,0,0,7,0,19,0,7,2,0,4,2,8,0,0,0,7,2032
1,0,0,0,3,0,0,1,1,0,0,2,153,8,1,1,0,2,100,783,2,0,2,1,0,0,0,0,7,0,22,13,2,8,0,0,0,62,2,0,5,1,2,2,3,0,1,1
0,0,0,0,0,0,0,2,5,0,0,5,8,4,0,28,1,0,5,17,3484,4758,2,2,0,82,0,1,0,64,0,0,5,33,0,35,6,0,0,2,0,49,0,0,0,0,1571,11
8,14,16,12,6,19,1,10,8,7,11,946,234,8,17,1,10,3,270,125,28,0,25,0,27,3,26,6,6,0,10,2,3,29,16,0,12,57,8,6,1,7,6,12,9,2,14,19
151,3,106,352,33,120,52,314,14,164,6,1,0,5,775,0,256,1,1,0,0,0,1,1,231,1,882,10,142,0,216,257,3,0,118,0,7,0,0,0,0,0,0,83,720,16,0,0
137,18,108,525,48,154,73,1177,223,194,11,11,1,30,1317,3,455,2,5,0,5,0,9,4,432,28,592,13,287,3,791,322,3,14,128,0,115,1,13,8,1,18,0,85,805,65,3,8
11,0,2,14,2,9,3,7,15,104,0,20,0,4,151,0,2148,0,0,0,2,0,0,0,1926,0,143,0,227,0,893,1056,0,1,0,0,5,0,0,2,0,0,0,1,201,3,0,0
2,0,0,0,0,0,0,1,0,0,0,3,7,0,0,0,0,4,58,1,0,0,0,0,0,0,0,0,0,0,146,0,0,0,0,0,0,380,74,0,9,1,493,0,1,0,0,1
1,0,0,1,4,0,0,2,1,3,0,1,409,0,0,0,0,19,895,1288,0,1,0,0,0,9,1,0,0,0,5,0,4,30,0,5,0,1206,46,0,36,0,14,0,1,0,24,12
0,0,0,0,0,0,0,1,33,0,0,58,85,8,0,3780,0,22,17,35,21,55,24,615,1,2823,0,0,0,3117,0,0,2,309,0,2469,24,22,14,7,13,267,41,0,0,0,142,125
3,155,11,5,803,11,15,282,9,399,87,45,1,1476,9,0,8,0,0,1,2,0,147,4,14,6,4,716,830,9,28,16,206,30,92,0,53,0,1,44,0,31,0,74,9,27,0,3
1,1,1,5,11,1,6,16,503,11,3,10,4,25,4,1,6,0,0,2,23,0,1602,5,0,8,4,6,1,27,1,11,1,883,4,0,409,0,0,22,0,171,0,2,4,4,1,11
12,5,2,12,26,8,6,27,2216,4,5,147,3,62,16,34,14,2,1,0,14,0,1386,138,11,33,9,14,15,53,2,4,2,441,9,0,2239,0,6,28,0,233,3,13,24,4,7,47
2,0,0,0,1,0,1,1,656,1,0,11,0,16,4,56,7,0,0,0,10,0,91,7,4,17,6,1,0,1,3,2,1,1,0,0,405,0,0,7,0,16,0,0,3,0,1,2
3,61,21,19,382,22,4,49,1,7,80,0,0,25,22,0,0,0,0,0,0,0,2,0,0,1,2,505,14,0,0,0,12,0,372,0,0,0,0,1,0,0,0,511,4,16,0,0
1,16,0,0,298,1,5,3,0,25,50,0,0,0,1,0,0,0,0,0,0,0,0,0,0,0,0,7,217,0,0,1,32,0,3,0,0,0,0,0,0,0,0,18,0,6,0,0
0,3,3,1,2,4,2,7,0,2,8,0,393,0,3,0,3,2,397,1045,2,0,0,0,0,1,1,6,1,2,4,0,2,1,0,1,0,53,7,0,2,0,6,2,1,5,15,25
598,71,22,40,14,45,1146,34,10,36,69,10,0,35,50,1,17,0,0,1,3,0,33,6,24,23,1,23,62,6,9,645,19,16,34,0,7,0,0,1015,0,9,0,83,45,1981,1,6
0,0,0,0,0,0,0,0,0,0,0,0,9,0,0,0,0,2161,6,0,0,0,0,0,0,2,0,0,0,0,0,0,0,1,0,3,0,39,2185,0,2826,0,154,0,0,0,2,82
0,0,0,0,0,0,0,0,0,0,0,0,0,0,0,0,0,4,3,0,0,0,0,0,0,1,0,0,0,0,0,0,0,0,0,1,0,14,249,0,36,0,1920,0,0,0,0,9
0,1,0,0,2,1,1,1,0,1,1,0,657,0,0,0,0,32,1325,69,9,0,0,0,1,12,0,0,0,0,16,0,1,10,0,5,0,1087,47,0,63,1,132,6,0,1,25,32
0,0,0,0,0,0,0,0,0,0,0,1,96,0,0,25,0,51,20,2,1,1,0,2,0,12,0,0,0,90,0,0,0,3,0,13,0,15,4,0,28,3,9,0,0,0,10,355
10,15,3,13,32,7,8,108,0,3,11,0,0,5,71,0,1,0,0,0,0,0,1,0,1,1,5,55,36,0,12,3,10,0,18,0,3,0,0,2,0,0,0,30,59,9,0,0
37,10,4,26,102,7,17,79,34,3,0,3,0,126,331,0,102,0,0,0,0,0,13,0,87,1,146,61,9,1,163,21,7,0,47,0,18,0,0,30,0,1,0,71,875,21,0,0
5,0,2,1,5,0,1,9,7,0,0,76,43,42,1,14,2,7,4,8,1,0,238,52,0,5,1,6,0,78,0,1,2,18,0,6,15,1,8,208,3,420,0,0,6,1,2,644
1,15,0,0,128,1,16,283,11,88,21,0,0,1155,9,0,0,0,0,0,0,0,9,0,2,1,1,27,101,0,9,15,866,27,0,0,17,0,0,33,0,22,0,5,3,57,0,0
105,0,1,5,2,0,45,1,3,0,0,599,1,3,6,1,139,0,0,0,0,0,0,1,82,0,210,0,5,0,309,10,0,1,12,0,4,1,0,2,0,0,0,6,60,2,0,0
0,0,0,0,0,0,0,5,0,0,0,19,8,0,0,1,0,1012,6,2,0,0,4,4,0,3,0,0,0,1,2,0,0,0,0,0,0,34,1277,0,1191,8,122,0,0,0,4,64
0,0,0,0,0,0,0,0,1,0,0,6,0,0,0,1,0,1,3,0,0,0,1,0,0,0,0,0,0,0,1,0,0,0,0,0,0,0,27,0,4,0,104,0,0,0,0,1
