0.55053,0.23749,0.44182,0.32416,0.27034,0.45568,0.40692,0.30968,0.54763,0.25201,0.28549,0.31666,0.26685,0.46792,0.36325,0.70679,0.62798,0.63562,0.40187,0.30366,0.94767,0.97526,0.41512,0.71249,0.66263,0.73893,0.34181,0.23368,0.28799,0.79729,0.28571,0.35804,0.36348,0.34013,0.15274,0.76902,0.61054,0.38562,0.53066,0.46233,0.65712,0.50043,0.54616,0.22428,0.28108,0.52501,0.86931,0.59445
0.49191
12,560,65,31,29,25,77,9,0,53,714,0,0,0,0,0,0,0,0,0,0,0,0,0,0,0,2,124,13,0,0,0,252,0,354,0,0,0,0,8,0,0,0,619,0,117,0,0
5,85,991,1013,3,1244,7,9,1,69,54,0,0,0,45,0,4,0,0,0,0,0,0,0,7,0,200,0,18,0,0,13,0,0,147,0,0,0,0,0,0,0,0,60,19,3,0,0
7,229,163,121,33,91,17,244,5,88,271,2,4,2,37,1,3,4,8,8,5,4,2,8,2,5,11,124,159,4,28,6,51,19,329,30,1,3,0,1,0,27,2,340,16,30,6,4
2,219,2,1,337,1,21,4,0,26,384,0,0,10,1,0,0,0,0,0,0,0,1,0,0,0,0,709,56,0,0,0,774,0,79,0,0,0,0,8,0,0,0,146,0,157,0,0
1,133,43,19,9,27,1,0,0,2,64,0,0,2,0,0,0,0,0,0,0,0,0,0,0,0,5,11,0,0,0,0,0,0,311,0,0,0,0,1,0,0,0,98,1,1,0,0
36,120,34,69,294,55,27,1115,33,37,80,2,0,72,129,0,2,0,0,1,6,0,42,2,7,4,21,338,175,5,25,5,33,0,240,2,27,0,1,22,0,21,0,206,29,67,0,2
2,501,61,33,2,114,11,2,0,533,564,0,0,0,6,0,0,0,0,0,0,0,0,0,6,0,0,0,405,0,0,30,11,0,20,0,0,0,0,1,0,0,0,76,0,12,0,0
0,1,0,1,3,0,1,1,0,0,2,0,105,1,2,0,1,0,6,113,3,0,0,0,0,0,2,5,1,0,3,1,5,12,0,0,2,5,1,0,2,1,0,5,1,9,0,0
7,0,0,0,1,0,1,1,56,0,0,136,24,34,0,1297,0,8,8,27,22,23,64,2778,0,682,1,1,0,414,2,0,0,132,0,554,54,15,14,31,6,1733,16,0,3,2,21,56
0,0,0,0,0,0,0,0,0,0,0,0,0,0,0,0,0,0,35,0,0,0,0,0,0,0,0,0,0,0,0,0,0,0,0,0,0,123,86,0,20,0,558,0,0,0,0,0
2,0,0,4,2,1,0,4,0,1,0,10,432,2,8,1,8,6,305,44,21,1,0,0,1,3,4,0,0,0,79,1,1,8,5,0,1,98,9,0,11,0,23,16,5,0,9,20
3,0,6,0,1,21,0,50,6,4,0,51,950,14,9,16,9,14,15,20,3,3,157,76,4,4,5,2,1,29,9,2,0,101,5,23,12,8,6,3,11,252,0,1,10,0,7,36
9,0,1,2,2,0,6,5,16,1,0,857,6,16,18,3,9,0,14,0,0,0,282,112,4,37,5,0,1,0,6,12,0,4,0,0,38,0,4,234,0,62,0,2,15,2,0,3
333,63,464,781,25,513,140,104,1,97,27,0,0,1,204,0,16,0,0,0,0,0,2,0,6,0,271,18,110,0,10,55,1,0,261,0,2,0,0,9,0,0,0,204,112,20,0,0
0,13,0,0,442,0,0,7,1,4,13,0,0,69,0,0,0,0,1,1,0,0,0,0,1,0,0,317,14,0,0,0,26,0,16,0,4,0,0,1,0,0,0,14,0,5,0,0
0,0,0,4,1,5,1,33,324,1,1,2,1,3,13,1,5,0,1,0,0,0,18,10,2,0,4,3,3,2,2,2,4,53,2,0,190,0,0,1,0,9,0,2,11,2,1,0
0,0,0,0,2,0,1,3,14,0,0,2,14,10,2,37,2,10,10,470,10,9,1,1,0,16,0,1,0,11,1,0,24,466,0,62,13,1,7,2,1,15,0,0,0,3,9,33
1825,22,14,52,13,29,1200,72,13,5,10,1,1,11,95,0,1,0,1,0,5,0,4,1,3,1,31,13,17,1,50,73,4,0,18,0,3,0,2,649,0,3,0,26,97,1061,0,1
2,13,30,77,0,181,3,6,0,353,2,1,0,0,363,0,265,0,0,0,0,0,0,0,139,0,109,0,225,0,48,329,0,0,4,0,0,0,0,0,0,0,0,2,130,0,0,0
0,0,0,0,0,0,0,0,1,0,0,1,38,0,0,6,0,6,12,16,3,1,0,1,0,3,0,0,0,25,0,0,0,6,0,15,0,5,5,0,5,3,6,0,0,0,7,2036
3,1,1,3,2,0,0,1,1,1,0,4,148,9,1,2,1,2,82,794,1,0,1,1,0,3,0,0,2,0,12,9,3,2,0,0,1,77,1,2,9,0,2,4,2,1,0,3
0,0,0,0,0,0,0,2,6,0,0,7,10,7,0,34,0,0,2,16,3531,4927,2,5,0,76,0,0,0,89,1,0,3,37,0,33,6,0,0,1,0,40,0,0,0,0,1337,8
10,3,17,14,6,16,6,8,5,1,5,1013,198,8,19,1,20,4,317,102,22,1,17,0,18,1,23,11,7,0,5,0,1,19,10,0,6,83,2,5,1,5,5,3,8,3,13,18
161,5,124,327,30,134,54,325,10,130,5,4,0,7,777,0,229,0,0,0,0,0,2,1,200,1,901,12,145,0,235,295,3,0,91,0,9,0,0,2,0,1,0,76,729,17,0,0
120,18,150,460,49,189,87,1244,203,164,10,15,2,33,1364,6,441,3,3,0,5,0,13,8,404,15,524,15,344,4,800,386,1,5,106,3,121,1,11,5,2,17,1,56,773,61,0,3
6,1,2,18,2,14,4,2,13,43,0,16,0,3,164,0,2240,0,0,0,2,0,0,0,1968,1,148,0,159,0,830,1106,0,1,1,0,4,0,0,2,0,0,0,1,196,3,0,0
2,0,0,0,0,0,0,1,0,0,0,3,3,0,0,0,0,4,78,1,0,0,0,0,0,0,0,0,0,0,166,0,0,0,0,0,0,340,71,0,8,0,501,0,2,0,0,1
1,0,0,0,2,0,0,2,1,0,0,1,449,1,0,1,0,24,793,1252,0,0,0,0,0,15,1,0,0,0,2,0,1,32,0,2,2,1244,78,0,67,1,12,1,1,1,16,15
1,0,0,0,0,0,0,0,35,0,0,65,62,13,0,3676,0,29,24,29,33,81,21,701,1,2720,0,0,0,3296,0,1,1,285,0,2497,32,40,20,7,19,211,35,0,0,0,75,120
5,150,6,3,834,7,12,118,6,347,95,61,1,1641,15,0,10,0,0,2,2,0,102,2,11,6,5,680,995,12,45,8,196,19,63,0,36,0,0,27,0,27,0,72,12,23,0,10
2,2,1,0,10,0,4,15,459,6,0,3,4,26,5,3,9,1,0,0,18,0,1719,6,0,3,4,8,2,14,2,10,5,884,6,0,389,0,1,15,0,155,0,2,4,2,3,9
5,6,3,8,26,5,6,31,2334,4,5,198,2,70,12,28,16,5,0,0,11,0,1353,140,10,23,14,12,20,54,3,4,2,448,6,1,2212,0,9,18,5,152,2,11,20,2,1,40
2,0,0,0,0,0,1,1,673,1,0,11,0,11,4,51,7,0,0,0,7,0,84,8,5,17,8,2,0,1,3,2,3,0,0,0,417,0,0,6,0,5,0,0,2,0,0,2
5,96,20,16,386,10,6,67,1,4,60,0,0,14,15,0,0,0,0,0,0,0,0,0,0,1,1,469,10,0,0,1,11,0,393,0,0,0,0,1,0,0,0,535,4,10,0,0
0,14,0,0,277,1,4,3,0,25,39,0,0,1,1,0,0,0,0,0,0,0,0,0,0,0,0,8,259,0,0,3,24,0,4,0,0,0,0,0,0,0,0,12,0,9,0,0
0,1,4,0,1,6,3,4,0,4,1,1,340,2,2,0,3,1,363,1119,2,0,0,0,2,0,1,1,1,2,3,0,1,1,0,1,0,83,8,0,1,0,5,4,0,3,14,24
587,70,27,31,15,23,1172,31,9,30,63,13,0,29,38,1,6,0,0,1,1,0,35,3,21,16,3,28,49,4,16,687,15,8,32,0,2,0,0,1172,0,14,0,72,35,1889,0,2
0,0,0,0,0,0,0,0,0,0,0,0,5,0,0,0,0,2177,2,0,0,0,0,0,0,3,0,0,0,0,0,0,0,1,0,4,0,29,2224,0,2821,0,142,0,0,0,0,62
0,0,0,0,0,0,0,0,0,0,0,0,0,0,0,0,0,4,6,0,0,0,0,0,0,0,0,0,0,0,0,0,0,0,0,0,0,9,215,0,36,1,1958,0,0,0,1,7
0,3,3,2,0,2,0,2,0,1,0,1,616,0,1,0,1,35,1421,91,12,1,0,0,1,11,0,0,0,0,15,0,2,13,1,4,1,1020,65,0,49,2,118,1,0,1,10,33
0,0,0,0,0,0,0,0,0,0,0,3,101,0,0,26,0,46,19,4,0,1,0,4,0,7,0,0,0,101,0,0,0,2,0,9,0,19,4,0,29,5,3,0,1,0,5,352
9,8,4,11,39,7,13,101,0,8,8,0,0,5,61,0,0,0,0,0,0,0,0,0,0,0,9,49,55,0,10,4,16,0,25,0,2,0,0,1,0,0,0,25,56,6,0,0
33,7,5,13,98,9,21,148,20,3,1,2,0,138,318,0,104,0,0,0,0,0,11,0,73,0,137,45,8,0,158,26,7,0,32,0,16,0,0,23,0,0,0,56,927,13,0,1
3,0,1,2,6,0,0,9,6,0,0,79,34,42,1,9,2,6,2,11,1,0,192,29,0,2,2,2,0,63,0,2,4,17,1,5,10,1,7,232,4,673,0,1,6,1,1,474
1,13,0,0,100,0,11,227,5,67,23,0,0,1197,14,0,0,0,0,0,0,0,10,0,1,0,0,26,196,0,21,8,848,24,0,0,8,0,0,43,0,12,0,4,2,62,0,0
113,1,1,9,3,0,31,1,3,1,0,607,2,3,11,0,153,0,0,0,0,0,1,0,73,2,184,0,5,0,312,8,0,0,11,0,2,1,0,2,0,0,0,7,69,0,0,0
0,0,0,0,0,0,0,5,0,1,0,21,8,0,0,0,0,1035,6,1,0,0,4,0,0,3,0,0,0,3,2,0,0,0,0,2,0,20,1313,0,1182,16,94,0,0,0,2,49
0,0,0,0,0,0,0,0,1,0,0,6,0,0,0,1,0,1,2,0,0,0,1,2,0,0,0,0,0,0,1,0,0,0,0,0,0,1,27,0,4,0,102,0,0,0,0,1
