0.55852,0.23927,0.44426,0.28008,0.27809,0.46174,0.41157,0.30736,0.47506,0.18841,0.25104,0.374,0.25453,0.4214,0.35133,0.66836,0.62867,0.63335,0.36808,0.30823,0.96237,0.97561,0.35676,0.70878,0.62696,0.79381,0.32159,0.23139,0.20919,0.79829,0.31287,0.36708,0.35177,0.33873,0.16218,0.7678,0.59092,0.34483,0.52815,0.47923,0.66073,0.50492,0.54722,0.23282,0.23821,0.51403,0.80521,0.53016
0.47859
24,591,84,32,16,24,127,5,0,8,723,0,0,0,0,0,0,0,0,0,0,0,0,0,0,0,1,150,23,0,0,1,306,0,124,0,0,0,0,3,0,0,0,732,0,90,0,0
5,99,1068,866,3,1237,11,2,4,88,104,0,0,0,40,0,6,0,0,0,0,0,0,0,12,0,140,1,42,0,0,25,1,0,161,0,1,0,0,1,0,0,0,34,44,2,0,0
8,220,182,161,31,111,23,195,34,41,356,1,0,4,59,1,3,4,11,8,9,1,1,2,3,3,13,111,158,3,17,5,71,36,196,24,3,2,1,4,3,7,0,366,16,30,8,9
6,237,7,0,410,2,19,3,0,9,276,0,0,17,1,0,0,0,0,0,0,0,1,0,0,0,4,740,71,0,0,0,693,0,62,0,0,0,0,15,0,0,0,254,0,110,0,1
1,103,51,30,11,22,3,0,0,2,99,0,0,0,0,0,0,0,0,0,0,0,0,0,0,0,2,21,1,0,0,0,0,0,297,0,0,0,0,3,0,0,0,82,0,1,0,0
35,150,42,135,272,60,30,965,69,21,147,2,0,75,175,0,3,0,1,4,2,0,19,0,7,3,18,305,169,4,12,9,36,2,198,0,16,0,0,16,0,10,0,262,34,64,4,10
1,539,92,26,3,148,17,3,0,346,585,0,0,0,6,0,0,0,1,0,0,0,0,0,6,0,0,4,465,0,0,22,19,0,5,0,1,0,0,1,0,0,0,88,1,11,0,0
1,2,0,0,1,0,0,5,0,0,3,0,162,0,1,0,2,1,7,57,0,0,0,0,1,1,1,8,0,0,2,3,3,9,0,0,0,2,1,0,0,1,0,3,0,14,4,0
3,0,0,1,3,0,1,0,69,0,0,78,32,40,0,1549,0,12,1,8,17,17,105,2889,0,419,1,0,0,444,3,1,4,95,0,556,56,5,7,56,7,1641,16,0,0,2,30,56
0,0,0,0,0,0,0,0,0,0,0,0,1,0,0,0,0,4,32,0,0,0,0,0,0,0,0,0,0,0,0,0,0,0,0,0,0,201,84,0,18,0,482,0,0,0,0,0
2,0,2,6,2,1,0,1,0,1,0,4,448,1,7,0,1,8,291,49,2,0,1,1,1,2,2,0,0,0,64,0,1,6,4,1,0,145,13,0,5,1,28,8,1,0,22,14
0,1,2,7,2,17,2,23,6,5,1,22,913,13,12,22,10,12,23,19,1,8,191,102,1,6,1,2,4,31,5,3,1,90,0,21,37,8,2,17,11,155,2,2,3,1,17,125
127,0,0,1,1,3,2,3,18,2,0,424,4,20,10,14,8,1,6,4,0,0,577,217,1,45,12,0,6,0,9,8,0,4,3,0,66,1,7,77,0,35,1,0,38,7,0,26
268,72,480,697,16,534,113,56,7,112,70,0,0,2,231,0,16,0,2,0,0,0,1,0,9,0,251,10,127,0,15,52,3,0,341,0,0,0,0,9,0,0,0,170,164,22,0,0
0,11,0,0,359,0,1,8,2,6,11,1,0,44,1,0,0,0,0,0,0,1,0,0,2,2,0,415,14,0,0,0,23,0,27,0,3,0,0,4,0,0,0,12,0,2,0,0
4,3,0,6,2,5,3,18,320,2,1,2,2,2,18,0,6,0,0,0,0,0,15,3,4,1,4,1,3,0,2,2,4,66,4,1,164,0,0,3,0,24,0,2,12,2,4,2
2,0,0,0,0,0,0,2,18,0,0,2,12,3,2,41,2,1,13,470,8,6,2,2,0,16,0,1,0,14,0,0,21,462,0,72,6,1,0,2,0,16,0,0,0,2,19,45
1971,23,21,83,14,43,1051,72,20,7,20,2,0,13,165,0,1,0,0,0,6,0,2,2,3,2,31,8,21,0,53,58,6,0,37,0,0,0,2,284,0,1,0,50,119,1235,0,2
2,20,31,66,0,108,3,1,3,426,5,1,0,0,279,0,229,0,0,0,0,0,0,0,177,0,34,0,263,0,35,340,0,0,21,0,3,0,0,1,0,0,0,1,233,0,0,0
0,0,0,0,0,0,0,0,1,0,0,1,37,0,0,6,0,8,17,10,1,3,0,0,0,4,0,0,0,25,0,0,0,6,0,9,0,9,1,0,3,0,10,0,0,1,10,2039
2,0,0,2,6,0,0,4,1,7,0,1,161,3,1,2,0,2,140,744,0,0,1,1,0,2,0,1,1,0,13,14,3,8,0,0,0,51,1,3,3,1,3,4,1,1,2,2
0,0,0,0,0,0,0,2,11,0,0,8,7,6,1,22,1,1,3,22,3350,4520,0,1,0,87,0,0,0,70,0,0,3,36,0,40,4,0,0,3,0,55,0,0,0,0,1918,9
14,11,21,6,3,22,1,12,11,9,7,935,112,9,13,1,18,4,257,142,16,1,28,1,11,5,33,6,7,0,25,2,5,39,17,0,12,97,9,22,2,2,5,7,15,0,60,25
117,12,108,354,21,96,44,281,17,218,12,1,0,13,779,0,207,0,1,0,0,0,1,0,220,0,867,7,170,0,227,273,2,0,163,0,6,0,1,3,0,0,0,70,730,21,0,0
126,45,133,434,22,141,77,1132,243,219,31,28,2,48,1334,8,371,2,7,0,0,0,5,6,419,17,611,14,331,2,825,331,2,9,151,0,87,0,18,30,0,5,1,87,818,66,2,5
10,0,4,13,0,3,3,7,15,119,0,49,0,3,140,0,2013,0,0,0,2,0,0,0,1842,0,239,1,263,0,902,1084,0,2,7,0,8,0,0,2,0,0,0,0,216,3,0,0
1,0,0,0,0,0,0,1,0,0,0,4,15,0,0,0,0,2,58,3,0,0,0,0,0,0,0,0,0,0,42,0,0,0,0,0,0,513,74,0,12,0,454,0,0,0,0,2
1,0,0,0,6,1,0,4,2,4,0,1,349,0,0,2,0,28,1073,1183,0,3,0,0,0,8,1,0,2,0,7,3,4,26,0,2,0,1190,33,0,18,0,18,0,0,1,38,10
0,0,0,0,0,0,0,0,32,0,0,43,67,14,0,3676,0,22,19,34,19,70,31,550,1,2872,0,0,0,3261,0,0,3,267,0,2470,24,40,16,13,23,265,35,0,0,0,151,112
8,141,6,6,839,11,10,380,14,419,134,41,1,1335,9,0,9,0,0,1,2,0,117,4,17,11,3,694,701,6,10,31,231,34,133,0,57,0,1,103,0,13,0,98,11,17,1,7
2,0,2,4,14,3,2,12,467,5,2,14,6,31,9,2,7,0,0,0,15,0,1516,5,2,4,2,9,2,15,2,10,2,900,4,0,422,0,0,41,0,243,0,5,7,7,2,14
19,5,2,19,23,6,5,16,1886,6,7,104,6,73,15,35,13,2,0,0,13,1,1655,173,11,23,10,11,22,29,1,3,2,463,19,0,2109,0,3,39,2,388,3,11,30,3,8,63
2,0,0,1,1,0,0,0,599,1,0,17,0,15,3,70,7,0,0,0,8,0,107,12,3,11,8,2,1,0,3,3,0,2,0,0,405,0,0,17,0,30,0,1,4,0,1,0
3,59,29,26,321,18,11,24,1,3,113,0,0,22,20,0,0,0,0,0,0,0,0,0,0,0,1,495,18,0,0,0,7,0,410,0,0,0,0,1,0,1,0,529,14,10,0,0
2,18,0,0,287,1,5,0,0,25,47,0,0,2,1,0,0,0,0,0,0,0,0,0,0,0,0,8,226,0,0,0,28,0,5,0,0,0,0,0,0,0,0,25,1,3,0,0
0,7,3,0,2,4,1,6,0,2,3,0,449,0,5,0,2,2,358,998,2,0,0,0,4,0,0,7,0,2,1,2,4,1,1,0,1,70,8,0,2,0,7,1,0,15,19,23
613,69,22,59,16,43,1131,27,16,40,70,12,0,31,49,0,30,0,0,2,3,0,23,3,32,23,3,24,71,3,13,610,18,23,26,0,8,0,0,1050,0,7,0,124,49,1905,0,2
0,0,0,0,0,0,0,0,0,0,0,1,5,0,0,0,0,2085,7,0,0,0,0,0,0,1,0,0,0,0,0,0,0,2,0,1,0,51,2139,0,2933,0,137,0,0,0,2,106
0,0,0,0,0,0,0,0,0,0,0,0,0,0,0,0,0,3,3,1,0,0,0,0,0,1,0,0,0,0,0,0,0,0,0,1,0,19,270,0,48,0,1883,0,0,0,0,8
1,0,0,0,0,1,0,3,0,1,0,0,645,0,2,0,0,52,1377,69,3,1,0,0,1,12,0,0,0,0,12,0,0,11,0,4,0,983,67,1,63,0,148,4,0,0,44,34
1,0,0,0,0,0,0,0,0,0,0,0,96,0,0,27,0,50,16,3,1,1,0,4,0,12,0,0,0,95,0,0,0,3,0,9,0,16,4,0,30,2,8,0,0,0,8,355
11,15,4,14,22,8,10,79,2,4,20,0,0,8,74,0,0,0,0,0,0,0,0,0,1,2,4,52,53,0,10,2,19,0,12,0,2,0,0,2,0,0,0,39,59,4,0,0
37,2,5,31,65,5,17,48,55,8,4,4,0,172,318,0,111,0,0,1,0,0,2,0,79,1,191,59,8,0,184,25,6,0,77,0,22,0,0,65,0,1,0,63,769,18,0,0
6,2,2,0,7,0,1,7,12,0,0,46,48,41,1,20,4,4,5,4,0,0,231,92,0,15,1,3,0,80,2,2,4,15,0,6,21,2,6,248,4,327,1,0,5,1,3,664
1,13,0,1,215,1,13,270,11,95,29,2,0,1102,9,0,0,0,0,0,1,0,3,0,2,1,0,28,102,0,2,19,833,36,0,0,21,0,0,47,0,16,0,9,4,34,1,2
92,0,1,5,1,0,11,1,3,0,0,614,1,6,7,1,122,0,0,0,0,0,0,0,66,1,207,0,6,0,384,10,0,2,23,0,4,5,0,5,0,0,0,1,36,1,0,0
0,0,0,0,0,0,0,5,0,0,0,29,6,0,0,1,0,982,9,2,0,0,3,5,0,5,0,0,0,0,0,0,0,2,0,0,0,39,1248,0,1245,3,106,0,0,0,4,73
0,0,0,0,0,0,0,0,1,0,0,6,0,0,0,0,0,0,3,0,0,0,1,1,0,0,0,0,0,1,1,0,0,0,0,0,0,1,34,0,7,0,93,0,0,0,0,1
