0.56818,0.22765,0.44583,0.28181,0.25408,0.461,0.41403,0.30707,0.46435,0.19537,0.25137,0.3752,0.25847,0.43184,0.35459,0.67064,0.63067,0.63546,0.36253,0.311,0.96058,0.97584,0.36012,0.71464,0.62951,0.79443,0.31356,0.23671,0.19868,0.79736,0.29919,0.37546,0.31678,0.33749,0.17622,0.77158,0.60169,0.34636,0.51491,0.47051,0.66465,0.5017,0.54723,0.22787,0.23405,0.52447,0.81407,0.53089
0.47772
26,573,86,30,13,25,124,4,0,8,736,0,0,1,0,0,0,0,0,0,0,0,0,0,0,0,1,124,23,0,0,0,332,0,139,0,0,0,0,3,0,0,0,726,0,90,0,0
5,95,1074,866,0,1247,11,2,3,89,103,0,0,0,37,0,7,0,0,0,1,0,0,0,11,0,146,3,47,0,0,29,1,0,140,0,1,0,0,1,0,0,0,34,42,2,0,0
7,234,181,158,21,104,20,204,32,38,367,1,0,7,58,1,1,4,17,10,7,1,1,2,3,2,13,117,156,1,19,5,65,34,199,20,2,3,0,3,5,5,0,362,22,28,6,9
6,241,3,0,437,2,18,0,0,10,281,0,0,21,1,0,0,0,0,0,0,0,1,0,0,0,4,723,56,0,0,0,679,0,77,0,0,0,0,14,0,0,0,249,0,114,0,1
1,117,54,26,9,23,2,0,0,2,101,0,0,1,0,0,0,0,0,0,0,0,0,0,0,0,2,22,2,0,0,0,0,0,292,0,0,0,0,3,0,0,0,71,0,1,0,0
34,164,42,139,187,63,28,959,70,38,172,1,0,77,173,0,2,0,0,3,3,0,12,1,7,5,18,339,147,4,18,8,35,3,198,0,13,0,0,14,0,10,0,287,38,60,2,12
0,495,90,26,4,165,16,4,0,349,580,0,0,0,4,0,0,0,1,0,0,0,0,0,5,0,0,2,490,0,1,25,22,0,7,0,0,0,0,3,0,0,0,91,1,9,0,0
1,1,0,0,1,0,0,4,0,1,4,0,156,0,1,0,0,1,8,63,0,0,1,0,2,0,1,5,0,0,3,2,6,10,0,0,0,1,1,0,0,1,3,3,0,12,3,0
3,0,0,1,6,0,1,0,67,0,0,79,29,41,0,1572,1,14,4,9,15,19,103,2905,0,365,1,0,0,456,3,0,1,105,0,550,57,5,3,66,9,1625,16,0,0,2,33,58
0,0,0,0,0,0,0,0,0,0,0,0,1,0,0,0,0,3,30,0,0,0,0,0,0,0,0,0,0,0,0,0,0,0,0,0,0,198,94,0,19,0,477,0,0,0,0,0
2,0,2,4,2,1,0,2,0,0,0,4,431,1,6,2,2,7,311,43,5,0,1,0,1,3,2,0,0,0,61,1,1,9,4,1,0,146,12,0,8,1,28,8,1,0,19,14
1,2,1,7,1,12,2,27,5,3,1,41,931,11,13,23,10,12,23,18,2,8,185,101,1,7,1,1,4,28,4,5,2,97,0,18,30,10,4,15,9,150,2,0,3,1,12,115
119,1,0,3,3,1,5,1,14,0,1,411,4,22,9,12,7,0,6,3,0,0,634,202,2,54,10,1,8,1,8,7,0,4,2,0,55,1,8,78,0,30,1,0,38,5,2,15
268,86,482,697,6,524,116,53,8,123,69,0,0,2,230,0,15,0,2,0,0,0,1,0,8,0,260,8,128,0,21,50,6,0,333,0,0,0,0,7,0,0,0,162,164,21,0,0
0,12,0,0,283,0,0,8,2,5,16,1,0,59,1,0,0,0,0,0,0,1,0,0,2,0,0,471,10,0,0,0,25,0,28,0,1,0,0,4,0,0,0,17,0,3,0,0
2,3,0,6,2,5,3,16,332,3,1,1,1,3,17,0,5,0,0,0,0,0,14,5,4,1,4,1,3,0,3,2,3,64,3,1,166,0,0,3,0,14,0,2,13,2,6,3
2,0,0,0,1,0,0,2,19,0,0,3,16,3,2,42,2,1,13,481,7,4,2,2,0,18,0,1,0,14,0,0,14,455,0,70,8,1,0,2,0,16,1,0,0,1,22,38
2000,28,17,88,14,44,1065,78,22,11,20,2,0,11,160,0,1,0,0,0,6,0,3,3,3,2,31,7,29,0,73,57,5,1,38,0,0,0,2,254,0,1,0,53,109,1188,0,2
3,23,30,65,0,108,2,1,3,447,5,1,0,0,262,0,231,0,0,0,0,0,0,0,158,0,36,0,265,0,33,356,0,0,19,0,3,0,0,1,0,0,0,1,229,0,0,0
0,0,0,0,0,0,0,0,1,0,0,1,39,0,0,5,0,9,17,12,1,2,0,0,0,4,0,0,0,28,0,0,0,5,0,6,0,12,1,0,5,0,11,0,0,1,13,2028
1,1,0,2,6,0,1,6,2,0,0,2,153,5,1,2,1,2,144,747,0,0,1,1,0,1,0,1,1,0,11,13,2,5,0,0,0,59,1,3,4,1,3,4,1,2,0,2
0,0,0,0,0,0,0,2,12,0,0,8,8,5,1,20,1,1,3,20,3314,4524,0,1,0,89,0,0,0,68,0,0,4,35,0,43,5,0,0,3,0,59,0,0,0,0,1944,10
17,11,19,9,3,23,1,11,11,10,6,944,104,8,15,0,19,4,257,139,15,1,30,1,11,6,37,6,9,0,24,2,4,34,14,0,11,103,9,20,2,0,5,8,13,0,57,27
117,18,111,343,11,98,44,287,18,236,15,4,0,12,774,0,209,0,0,0,0,0,2,0,210,0,851,7,160,0,260,267,2,0,167,0,6,0,1,4,0,1,0,68,718,21,0,0
115,56,129,425,16,137,71,1134,238,234,32,28,2,53,1329,8,369,3,8,1,1,0,5,5,425,19,617,14,324,1,882,343,2,7,127,0,77,0,15,34,0,5,3,93,785,65,4,4
9,0,3,11,0,2,2,7,16,136,0,51,0,4,134,0,2003,0,0,0,2,0,0,0,1830,0,244,0,324,0,824,1117,0,2,8,0,8,0,0,3,0,0,0,0,208,2,0,0
1,0,0,0,0,0,0,1,0,0,0,5,11,0,0,0,0,2,61,2,0,0,0,0,0,0,0,0,0,0,37,0,0,0,0,0,0,518,79,0,12,0,449,0,0,0,0,3
2,0,0,0,5,1,0,6,3,1,0,1,347,0,0,1,0,28,1056,1202,0,3,0,0,0,9,0,1,1,0,10,1,5,25,0,2,0,1188,32,0,18,0,21,1,0,1,39,8
0,0,0,1,1,0,0,0,33,0,0,41,77,13,0,3767,0,21,27,33,21,72,32,558,1,2767,0,0,0,3262,1,0,1,275,0,2449,27,33,22,11,17,273,36,0,1,0,138,119
7,142,6,7,701,14,9,359,12,337,136,36,1,1378,10,0,8,0,0,2,2,0,125,3,20,10,5,797,661,7,8,27,339,36,141,0,54,0,1,108,0,15,0,108,11,16,1,6
1,0,3,4,10,3,2,20,500,5,2,16,5,28,9,2,8,0,0,0,16,0,1483,7,3,5,2,8,3,12,3,10,4,893,4,0,411,0,0,44,0,244,0,6,9,7,3,16
13,5,2,16,24,5,6,15,1843,7,4,86,5,72,14,38,12,3,1,0,12,0,1685,159,14,28,9,13,28,26,7,4,2,452,26,0,2130,0,3,51,1,395,3,13,31,2,9,63
2,0,0,1,2,0,0,0,599,1,0,19,0,15,4,75,5,0,0,0,8,0,104,12,3,7,7,1,1,1,3,4,0,2,0,0,408,0,0,18,0,26,0,1,3,0,1,1
4,71,33,25,220,16,9,24,1,10,115,0,0,33,17,0,0,0,0,0,0,0,0,0,0,0,0,516,15,0,0,0,8,0,452,0,0,0,0,1,0,1,0,542,14,9,0,0
1,21,0,0,293,2,5,3,0,29,39,0,0,1,1,0,0,0,0,0,0,0,0,0,0,0,0,6,217,0,0,1,22,0,8,0,0,0,0,0,0,0,0,31,1,3,0,0
0,5,2,0,2,4,1,5,0,2,2,0,442,0,5,0,2,1,375,992,3,0,0,0,3,1,0,5,0,1,1,2,9,1,1,0,1,73,5,0,2,0,8,4,0,13,11,28
604,70,26,60,17,61,1139,29,20,46,73,8,0,33,46,0,22,0,0,2,3,0,25,3,32,26,2,20,72,4,18,582,16,22,28,0,6,0,0,1045,0,7,0,114,49,1918,0,2
0,0,0,0,0,0,0,0,0,0,0,1,6,0,0,0,0,2104,9,0,0,0,0,0,0,3,0,0,0,0,0,0,0,2,0,0,0,50,2089,0,2973,0,121,0,0,0,2,110
0,0,0,0,0,0,0,0,0,0,0,0,0,0,0,0,0,2,4,2,0,0,0,0,0,1,0,0,0,0,0,0,0,0,0,0,0,17,308,0,47,0,1848,0,0,0,0,8
1,0,1,0,0,1,0,3,0,0,1,1,673,0,3,0,0,49,1370,73,4,0,0,0,1,12,0,0,0,0,13,0,0,12,0,2,1,952,66,1,58,0,155,4,0,0,40,42
1,0,0,0,0,0,0,0,0,0,0,1,98,0,0,27,0,46,16,1,1,1,0,3,0,12,0,0,0,99,0,0,0,2,0,9,0,18,5,0,29,2,7,0,0,0,10,353
10,18,5,14,24,8,10,83,1,12,23,0,0,8,68,0,0,0,0,0,0,0,1,0,2,2,4,54,46,0,13,1,12,0,10,0,2,0,0,3,0,0,0,39,56,3,0,0
38,10,5,31,45,6,16,52,51,15,3,3,0,157,328,0,112,0,0,1,0,0,1,0,76,1,185,61,8,0,201,24,4,0,77,0,18,0,0,79,0,3,0,71,754,17,0,0
7,1,2,0,6,0,1,6,14,0,0,58,53,45,1,18,3,6,4,4,1,0,219,86,0,16,1,4,0,76,0,1,4,17,1,3,16,2,8,266,3,333,1,1,4,2,3,646
0,13,0,3,382,0,12,269,13,80,20,2,0,1057,6,0,0,0,0,0,0,0,3,0,2,1,1,28,80,0,2,17,759,34,1,0,19,0,0,50,0,18,0,11,2,35,1,2
89,0,0,5,1,0,9,1,3,0,0,612,1,4,8,1,118,0,0,0,0,0,1,0,67,2,219,0,9,0,381,12,0,1,21,0,4,5,0,6,0,0,0,1,34,1,0,0
0,0,0,0,0,0,0,5,0,0,0,36,8,0,0,1,0,988,8,2,0,0,3,4,0,4,0,0,0,1,1,0,0,2,0,0,0,34,1255,0,1245,3,85,0,0,0,7,75
0,0,0,0,0,0,0,0,1,0,0,7,0,0,0,0,0,0,4,0,0,0,1,1,0,0,0,0,0,1,1,0,0,0,0,0,0,1,33,0,7,0,93,0,0,0,0,0
