0.54855,0.24926,0.45418,0.30231,0.26394,0.44649,0.4089,0.28938,0.52102,0.21357,0.27476,0.32749,0.24865,0.44921,0.35102,0.69676,0.62215,0.64281,0.3761,0.31653,0.94455,0.98034,0.38534,0.71432,0.63218,0.74197,0.33408,0.228,0.25881,0.79219,0.30651,0.36522,0.36871,0.33764,0.14976,0.76852,0.60291,0.36674,0.53367,0.44863,0.66176,0.51581,0.53926,0.22199,0.26282,0.52063,0.83246,0.54861
0.48415
15,589,76,28,19,33,70,8,0,22,738,0,0,0,0,0,0,0,0,0,0,0,0,0,0,0,1,140,16,0,0,0,267,0,283,0,0,0,0,6,0,0,0,640,0,113,0,0
4,95,1016,994,3,1214,6,2,2,64,70,0,0,0,52,0,4,0,0,0,1,0,0,0,9,0,180,0,36,0,1,19,0,0,155,0,0,0,0,1,0,0,0,50,17,2,0,0
9,210,176,139,31,100,17,245,11,52,327,1,3,2,59,0,2,5,10,10,4,1,1,4,2,5,9,125,137,0,19,2,57,26,248,25,3,1,2,2,3,41,1,365,14,33,8,8
6,227,3,0,355,1,21,3,0,16,373,0,0,10,1,0,0,0,0,0,0,0,0,0,0,0,2,736,60,0,0,0,716,0,66,0,0,0,0,9,0,0,0,171,0,162,0,0
1,110,55,21,13,35,1,0,0,2,94,0,0,1,0,0,0,0,0,0,0,0,0,0,0,0,4,12,0,0,0,0,1,0,284,0,0,0,0,3,0,0,0,90,1,1,0,0
35,111,35,108,320,65,29,1099,53,36,103,2,0,59,148,0,2,0,0,1,7,0,20,1,8,4,22,372,107,3,20,4,36,6,187,0,21,0,1,11,0,22,0,222,34,63,3,6
1,518,77,30,3,127,11,2,0,469,529,0,0,0,7,0,0,0,1,0,0,0,1,0,6,0,0,1,458,0,1,16,11,0,13,0,0,0,0,1,0,0,0,89,1,17,0,0
1,1,0,0,2,0,0,4,0,0,5,0,122,0,1,0,3,1,10,92,1,0,1,0,0,0,2,11,0,0,4,1,4,11,0,0,1,1,1,0,0,1,1,2,0,9,2,0
3,0,0,1,2,0,1,0,53,0,0,127,31,38,0,1393,0,8,2,21,24,19,63,2713,0,651,1,1,0,413,2,0,2,86,0,550,70,3,13,37,6,1778,14,0,3,2,29,64
0,0,0,0,0,0,0,0,0,0,0,0,2,0,0,0,0,1,41,0,0,0,0,0,0,0,0,0,0,0,0,0,0,0,0,0,0,181,84,0,19,0,494,0,0,0,0,0
2,0,1,5,2,1,0,2,0,0,0,6,440,1,4,0,2,7,290,48,17,1,0,1,0,2,5,0,0,0,92,1,1,5,3,1,0,116,14,0,10,1,25,12,3,0,10,15
0,0,3,6,1,15,1,33,5,1,3,36,923,8,8,20,11,14,18,23,1,7,165,76,5,6,2,2,1,30,12,3,0,105,2,30,25,10,3,0,8,244,1,0,6,0,7,79
22,0,0,2,4,1,10,6,19,1,0,745,5,20,10,8,13,2,6,2,0,0,293,134,3,33,8,0,2,1,7,11,0,3,0,0,61,1,4,246,0,69,2,2,22,2,0,8
293,57,443,767,27,536,130,95,1,97,45,0,0,2,206,0,15,0,0,0,0,0,2,0,9,0,280,14,117,0,15,46,2,0,314,0,2,0,0,3,0,0,0,191,121,20,0,0
0,17,0,0,385,0,1,9,0,5,10,0,0,77,0,0,0,0,0,0,1,0,0,0,1,0,0,355,10,1,0,0,29,0,22,0,6,0,0,1,0,0,0,13,0,5,1,0
0,1,0,4,1,5,4,26,314,0,0,2,3,5,12,0,4,0,0,0,0,1,14,5,4,1,7,2,3,0,2,1,5,62,5,0,181,0,0,0,0,23,0,3,10,1,4,2
0,0,0,0,0,0,1,2,13,0,0,2,15,4,1,41,2,3,13,476,12,6,0,2,0,16,0,1,0,17,1,0,28,465,0,57,11,3,1,1,0,17,0,0,0,2,12,38
1819,22,13,78,13,30,1176,77,20,6,19,2,0,8,107,0,0,0,1,0,9,0,3,2,3,5,38,8,17,0,47,56,4,0,31,0,0,0,0,514,0,2,0,36,107,1153,0,2
3,12,37,71,0,149,2,1,1,381,3,1,0,0,331,0,242,0,0,0,0,0,0,0,156,0,70,0,265,0,45,360,0,0,17,0,2,0,0,1,0,0,0,4,128,0,0,0
0,0,0,0,0,0,0,0,1,0,0,1,36,0,0,6,0,5,14,19,3,2,0,0,0,5,0,0,0,21,0,0,0,7,0,17,0,7,2,0,3,1,7,0,0,0,7,2037
1,0,0,1,3,0,0,2,1,0,0,2,150,7,1,1,0,2,98,787,2,0,1,1,0,0,0,0,7,0,21,12,1,7,0,0,0,65,1,0,7,1,2,3,2,1,1,1
0,0,0,0,0,0,0,2,4,0,0,6,7,4,0,28,1,0,4,17,3492,4737,2,2,0,84,0,1,0,63,0,0,6,33,0,37,6,0,0,2,0,50,0,0,0,0,1580,12
6,14,16,13,7,20,1,11,8,7,12,952,231,11,18,1,15,3,268,125,29,0,23,0,25,3,27,5,5,0,7,2,3,28,14,0,10,59,8,4,1,6,6,10,9,3,14,20
150,3,103,354,32,125,52,317,13,161,6,1,0,5,781,0,249,1,1,0,0,0,1,1,227,1,893,10,140,0,217,252,3,1,113,0,6,0,0,1,0,0,0,83,723,16,0,0
139,20,109,526,47,155,72,1172,225,185,10,12,3,34,1310,6,444,2,6,0,4,0,10,4,426,29,591,15,299,3,797,321,3,13,121,1,121,1,12,9,1,18,2,82,814,64,3,4
12,0,2,14,2,8,3,7,15,105,0,19,0,5,151,0,2152,0,0,0,2,0,0,0,1925,0,141,0,225,0,895,1050,0,0,1,0,6,0,0,2,0,0,0,1,205,2,0,0
1,0,0,0,0,0,0,1,0,0,0,4,8,0,0,0,0,4,59,1,0,0,0,0,0,0,0,0,0,0,150,0,0,0,0,0,0,376,71,0,12,1,491,0,1,0,0,1
1,1,0,1,5,0,0,1,1,2,0,1,408,0,0,0,0,16,896,1287,0,1,1,0,0,9,1,0,1,0,6,0,5,29,0,4,0,1204,48,0,37,1,12,0,1,0,26,12
0,0,0,0,0,0,0,1,31,0,0,61,89,8,0,3766,0,25,17,38,24,56,25,629,1,2818,0,0,0,3126,0,0,2,305,0,2480,28,18,15,7,12,265,43,0,0,0,125,115
5,152,10,3,819,10,12,291,8,411,86,40,1,1477,12,0,8,0,0,0,3,0,148,4,15,6,5,699,823,9,25,19,205,31,90,0,54,0,1,47,0,30,0,68,8,29,0,2
1,1,2,2,10,1,6,16,503,11,3,11,4,26,5,2,8,0,0,1,22,0,1593,6,0,6,3,6,1,24,2,11,1,888,3,0,411,0,0,24,0,175,0,2,4,3,1,12
13,4,2,11,27,8,5,27,2194,3,6,145,3,67,16,36,16,1,1,0,13,0,1381,136,9,35,11,14,15,54,2,2,3,437,10,0,2276,0,4,26,2,227,3,11,25,5,6,45
2,0,0,0,1,0,1,1,646,1,0,12,0,15,4,57,6,0,0,0,9,0,92,9,3,16,6,1,0,1,2,3,1,1,0,0,414,0,0,9,0,14,0,0,3,0,2,2
4,62,21,19,383,21,4,49,1,6,82,0,0,25,21,0,0,0,0,0,0,0,2,0,0,1,2,507,15,0,0,0,12,0,369,0,0,0,0,1,0,0,0,510,4,15,0,0
1,16,0,0,301,1,5,3,0,25,49,0,0,0,1,0,0,0,0,0,0,0,0,0,0,0,0,7,215,0,0,1,31,0,3,0,0,0,0,0,0,0,0,19,0,6,0,0
0,3,3,1,2,3,2,10,0,2,7,0,405,0,2,0,3,1,400,1031,2,0,0,0,0,0,0,10,2,2,3,1,2,1,0,1,0,56,8,0,2,0,5,2,0,4,14,22
609,75,23,44,16,37,1147,33,10,33,70,12,0,32,50,1,17,0,0,1,4,0,34,6,27,23,1,22,66,5,9,634,18,15,32,0,9,0,0,1013,0,8,0,83,45,1981,0,5
0,0,0,0,0,0,0,0,0,0,0,0,10,0,0,0,0,2147,6,0,0,0,0,0,0,2,0,0,0,0,0,0,0,1,0,0,0,41,2195,0,2831,0,154,0,0,0,2,81
0,0,0,0,0,0,0,0,0,0,0,0,0,0,0,0,0,4,2,0,0,0,0,0,0,1,0,0,0,0,0,0,0,0,0,1,0,13,255,0,36,0,1916,0,0,0,0,9
1,0,0,1,2,1,0,1,0,0,1,0,670,0,1,0,0,31,1322,70,8,0,0,0,1,13,0,0,0,0,14,0,1,10,0,4,0,1077,49,0,59,1,136,6,0,1,27,31
0,0,0,0,0,0,0,0,0,0,0,1,92,0,0,22,0,46,19,3,1,1,0,2,0,12,0,0,0,93,0,0,0,2,0,13,0,15,4,0,28,4,8,0,0,0,10,365
9,15,3,12,32,8,7,110,0,3,11,0,0,5,70,0,1,0,0,0,0,0,1,0,1,2,5,55,34,0,17,2,11,0,18,0,3,0,0,1,0,0,0,29,58,9,0,0
34,10,4,26,96,7,18,78,36,3,0,2,0,132,328,0,101,0,0,0,0,0,13,1,90,1,149,60,10,0,166,21,7,0,48,0,17,0,0,29,0,1,0,74,871,20,0,0
5,0,2,0,5,1,0,10,8,0,0,72,43,43,1,14,2,7,2,10,2,0,233,55,0,4,1,4,0,79,1,1,3,18,0,6,13,1,10,211,3,416,0,0,5,2,2,648
1,17,1,1,129,1,17,287,10,86,24,0,0,1154,8,0,0,0,0,1,0,0,6,0,2,1,1,32,88,0,10,13,865,34,0,0,14,0,0,34,0,20,0,6,3,57,0,0
107,0,1,5,3,0,43,1,3,0,0,603,1,3,5,1,136,0,0,0,0,0,0,1,87,0,205,0,5,0,305,10,0,0,12,0,4,1,0,2,0,0,0,4,66,2,0,0
0,0,0,0,0,0,0,5,0,0,0,19,7,0,0,1,0,1003,5,2,0,0,4,3,0,3,0,0,0,1,2,0,0,0,0,0,0,33,1280,0,1194,10,126,0,0,0,2,67
0,0,0,0,0,0,0,0,1,0,0,7,0,0,0,1,0,1,3,0,0,0,1,0,0,0,0,0,0,0,1,0,0,0,0,0,0,0,27,0,4,0,104,0,0,0,0,0
