0.1831,0.5,0.33333,0.72414,0.70145,0.3526,0.19231,0.75698,0.42857,0.22222,0.57333,0.30877,0.81301,0.21311,0.54808,0.61538,0.15625,0.2,1,1,0.5,0.18113,0.42222,0.68342,0.15625,0.28571,0.60484,0.16474,0.23567,0.32479,0.41121,0.13514,0.46512,0.34375,0.69231,0.18421,0.5,0.12829,0.23729,0.29412,0.40816,0.72727,0.17308,0.37288,1,0.12308,0.20482,0.44581,0.39823,0.50318,0.50365,0.66667,0.41728,0.90719,0.2381,0.28986,0.45197,0.17318,0.79452,0.51485,0.090909,0.19626,0.75472,0.21951,0.12598,0.2,0.23127,0.55556,0.34615,0.22807,0.63388,0.65079,0.24242,0.40816,0.16393,1,0.25,0.21379,0.26829,0.39548,0.29258,0.7561,0.33333,0.28736,0.32653,0.6,0.63594,0.15823,0.54701,0.13131,0.13823,0.17582,0.88298,0.58511,1,0.16279,0.15385,0.35593,0.66667,0.5,0.85714,0.21569,0.65541,0.17568,0.47222,0.68421,0.13725,0.39033,0.68103,0.51111,0.5431,0.41667,0.74286,0.3913,0.5625,1,0.13551,0.28571,0.75319,0.39873,0.38462,0.60465,0.49333,0.29104,0.33333,0.42857,0.744,0.17391,0.48845,0.25,0.35294,0.42857
0.42573
0,0,0,0,0,0,0,0,0,2,0,12,0,5,2,0,25,16,0,0,0,28,0,22,4,1,0,16,0,2,0,10,3,11,0,5,0,39,0,5,0,0,5,22,0,8,8,12,15,0,0,1,7,0,4,5,17,2,1,2,1,0,0,0,8,8,20,1,1,10,37,0,7,1,3,0,0,4,0,0,1,0,1,1,1,0,3,1,15,8,8,0,0,24,0,0,1,0,0,0,1,1,4,0,23,2,1,1,0,0,24,0,3,0,1,0,12,0,0,0,1,0,10,2,0,1,1,2,10,0,1,0
0,0,1,21,10,1,3,0,0,28,1,7,100,22,10,1,3,14,0,3,0,20,1,18,0,0,27,20,4,38,44,30,1,5,0,4,0,34,56,2,1,88,19,0,0,7,5,18,18,0,1,0,11,303,0,0,26,6,116,0,1,3,0,10,32,24,34,0,2,10,0,1,11,1,9,0,6,8,0,3,3,0,1,4,0,1,1,23,8,4,64,15,3,0,0,4,1,0,0,0,0,1,129,3,0,0,3,12,1,0,12,0,2,2,0,0,29,1,2,1,0,0,60,17,0,8,0,1,4,1,1,39
1,0,0,0,1,0,1,0,0,4,2,1,0,3,0,0,2,5,0,0,0,10,0,4,3,0,0,10,1,3,0,5,0,9,0,3,0,10,0,0,1,1,6,1,0,2,2,7,3,0,0,0,3,0,0,0,2,0,1,3,0,0,0,0,4,1,11,0,2,1,0,0,2,1,2,0,0,2,0,0,1,0,0,0,1,0,6,4,0,0,14,3,0,0,0,3,1,0,0,0,0,2,3,0,0,0,3,2,0,0,6,0,0,0,0,0,3,0,2,1,1,0,6,0,0,1,0,0,2,0,0,0
2,0,2,0,0,0,0,4,0,0,19,6,0,4,0,0,18,12,0,0,0,15,1,15,10,1,0,7,0,0,0,5,3,18,0,2,0,21,0,1,2,0,7,9,0,5,2,10,0,0,1,0,6,0,1,1,16,3,0,1,4,0,1,0,7,8,17,20,1,2,116,0,4,0,13,0,0,0,8,2,0,0,1,2,12,0,3,1,2,5,2,1,0,55,0,1,2,0,0,0,0,9,5,6,68,0,1,2,0,0,21,5,0,0,9,0,6,0,12,0,1,0,7,0,0,1,93,8,39,0,0,0
1,0,0,1,0,0,0,1,3,1,1,4,0,2,0,0,6,6,0,0,0,9,0,22,3,0,1,12,0,1,0,11,1,4,0,7,0,17,0,1,0,1,6,0,0,4,1,6,2,0,1,0,1,0,0,0,5,3,0,0,2,1,0,0,6,8,4,0,0,1,0,0,1,0,1,0,0,2,3,0,0,0,0,0,0,0,3,2,0,9,14,0,0,0,0,1,0,0,0,1,0,0,2,1,0,0,3,4,0,0,29,0,1,1,0,0,10,0,3,0,0,0,9,0,0,0,0,4,2,0,0,0
1,0,1,0,0,0,0,0,0,1,1,1,0,0,0,0,2,0,0,0,0,2,0,2,2,0,0,2,0,0,0,3,0,6,0,0,0,1,0,0,1,0,0,0,0,0,1,2,0,0,0,0,0,0,0,0,0,2,0,0,1,0,0,0,1,2,5,0,0,0,0,0,0,0,1,0,0,1,0,0,1,0,0,0,0,0,0,0,0,1,1,2,0,0,0,0,0,0,0,0,0,2,1,0,0,0,0,0,0,0,5,0,0,0,1,0,1,0,0,0,0,0,1,0,0,0,0,0,0,0,0,0
1,0,1,0,0,0,0,0,0,8,2,9,7,17,0,0,15,33,0,0,0,48,0,16,2,1,0,57,2,5,0,9,3,14,0,2,0,19,0,4,2,1,36,0,0,4,9,35,45,0,0,0,5,7,2,1,22,2,1,7,1,3,0,0,12,12,27,0,0,2,0,1,12,1,2,0,0,0,0,1,1,0,0,1,1,4,8,5,0,5,24,0,0,0,0,7,3,0,0,1,0,2,12,1,0,0,1,4,0,0,17,0,0,3,0,0,9,1,3,1,0,0,18,0,0,1,0,0,13,0,0,1
0,0,0,0,0,0,0,0,0,0,0,0,0,0,0,0,0,0,0,0,0,0,0,0,0,0,0,0,0,0,0,0,0,0,0,0,0,0,0,0,0,0,0,0,0,0,0,0,0,0,0,0,0,0,0,0,0,0,0,0,0,0,0,0,0,0,0,0,0,0,0,0,0,0,0,0,0,0,0,0,0,0,0,0,0,0,0,0,0,0,0,0,0,0,0,0,0,0,0,0,0,0,0,0,0,0,0,0,0,0,0,0,0,0,0,0,0,0,0,0,0,0,0,0,0,0,0,0,0,0,0,0
2,1,0,0,0,1,1,0,0,6,0,12,0,2,3,0,4,1,0,0,0,8,0,6,2,1,0,9,1,1,0,7,1,1,0,0,0,5,0,0,12,0,4,0,0,1,17,7,0,4,1,0,3,0,1,8,8,2,0,0,0,23,0,6,0,6,10,0,1,11,0,2,1,0,4,0,0,2,0,0,0,0,0,0,2,0,5,2,9,5,17,13,1,0,0,0,1,0,0,0,0,1,3,3,1,0,9,3,1,3,6,1,5,2,0,0,9,1,1,5,0,1,7,18,0,5,0,1,0,0,0,0
0,0,0,0,0,0,8,0,0,0,0,4,0,1,0,0,1,1,0,0,0,0,0,1,0,0,0,1,1,0,0,0,0,0,0,0,0,1,0,0,0,0,0,0,0,0,0,3,0,0,0,0,0,0,0,1,1,3,0,1,0,0,0,0,0,0,1,0,0,4,0,0,1,0,0,0,0,0,0,0,0,0,2,0,0,0,0,0,0,0,2,0,0,0,0,0,0,0,0,0,2,0,2,0,0,0,10,1,0,0,0,0,0,1,0,0,0,0,3,0,0,0,1,0,0,0,0,0,0,0,0,0
0,0,0,0,0,0,0,0,0,0,0,0,0,0,0,0,0,0,0,0,0,0,0,0,0,0,0,0,0,0,0,0,0,0,0,0,0,0,0,0,0,0,0,0,0,0,0,0,0,0,0,0,0,0,0,0,0,0,0,0,0,0,0,0,0,0,0,0,0,0,0,0,0,0,0,0,0,0,0,0,0,0,0,0,0,0,0,0,0,0,0,0,0,0,0,0,0,0,0,0,0,0,0,0,0,0,1,0,0,0,0,0,0,0,0,0,0,0,0,0,0,0,2,0,0,0,0,0,0,0,0,0
0,0,0,0,0,1,0,0,0,0,0,0,0,0,0,0,0,0,0,0,0,0,0,2,0,0,0,0,0,0,0,0,0,0,0,0,0,1,0,0,0,0,0,0,0,0,0,0,0,0,0,0,0,0,0,0,0,0,0,0,0,2,0,0,0,0,0,0,0,0,0,0,0,0,0,0,0,2,0,0,0,0,0,0,0,0,1,0,0,0,2,1,0,0,0,0,0,0,0,0,0,0,0,0,0,0,0,1,1,0,0,0,0,0,0,0,0,0,0,0,0,0,0,0,0,0,0,0,0,0,0,0
0,0,0,0,0,0,0,0,0,0,0,0,0,0,0,0,0,0,0,0,0,0,0,0,0,0,0,0,0,0,0,0,0,0,0,0,0,0,0,0,0,0,0,0,0,0,0,0,0,0,0,0,0,0,0,0,0,0,0,0,0,0,0,0,0,0,0,1,0,0,0,1,0,2,0,0,1,0,0,0,0,0,0,0,0,0,0,0,0,0,0,0,0,0,0,0,0,0,0,0,0,0,0,0,0,0,0,0,0,0,0,0,0,0,0,0,0,0,0,0,0,0,0,0,0,0,0,0,0,0,0,0
2,0,0,0,0,2,1,0,1,8,2,4,3,5,2,0,3,4,0,0,0,10,2,4,1,0,1,7,2,5,5,12,1,9,0,1,0,2,3,0,1,4,4,0,0,0,2,7,2,0,7,0,9,5,0,0,15,2,1,2,1,6,0,1,18,6,10,0,5,3,0,2,5,1,3,0,5,8,0,8,5,0,1,6,0,0,2,22,2,5,29,15,1,0,0,4,2,0,0,0,0,2,15,3,0,0,3,3,1,0,5,0,0,2,0,0,13,1,2,1,0,0,18,4,0,0,0,1,4,0,0,1
0,0,0,0,0,0,0,0,0,0,0,0,0,0,0,0,0,3,0,0,0,3,0,0,2,1,0,1,1,0,0,2,0,1,0,0,0,2,0,0,0,0,2,0,0,0,1,3,0,0,0,0,0,0,0,1,2,0,0,0,0,0,3,0,0,2,3,0,0,0,0,0,0,0,0,0,1,0,1,0,0,0,0,0,0,0,0,0,0,3,0,0,0,0,0,0,1,0,0,0,0,0,0,3,0,0,0,0,0,0,3,0,0,0,0,0,1,0,0,0,0,0,1,0,0,0,0,0,1,0,0,0
0,0,0,0,0,1,0,0,0,0,0,1,0,2,0,0,0,0,0,0,0,0,0,0,0,0,0,0,0,0,0,1,0,0,0,0,0,0,0,0,0,0,0,0,0,1,0,0,0,4,0,0,0,0,0,0,0,0,0,0,0,1,0,2,2,1,0,0,1,0,0,0,0,0,0,0,0,1,0,0,3,0,0,0,0,0,1,0,0,0,0,0,0,0,0,0,0,2,0,0,0,0,1,0,0,0,0,0,0,3,0,0,0,0,0,0,0,0,0,0,0,0,1,0,0,0,0,0,0,0,0,0
0,0,0,0,0,0,0,0,0,1,0,0,0,0,0,0,0,0,0,0,0,0,0,0,0,0,0,1,1,0,0,0,0,0,0,0,0,0,0,0,0,0,0,0,0,0,0,0,0,0,0,0,0,0,0,0,0,0,0,0,0,0,0,0,0,0,0,0,0,0,0,0,0,0,0,0,0,0,0,0,0,0,0,0,0,0,0,0,0,0,0,0,0,0,0,0,0,0,0,0,0,0,0,0,0,0,0,1,0,0,0,1,0,0,0,0,0,0,0,0,0,0,0,0,0,0,0,0,0,0,0,0
7,1,0,0,3,0,1,67,1,3,1,88,0,7,0,1,6,8,0,0,0,8,4,15,0,2,0,11,4,2,0,5,7,12,0,0,0,1,7,0,2,3,1,0,0,4,6,18,0,1,16,2,23,1,0,4,5,17,0,3,0,1,0,1,1,13,10,14,2,39,4,0,2,0,5,0,1,2,11,23,7,0,3,7,16,1,5,6,2,3,13,0,4,0,0,7,3,0,0,0,1,9,4,2,3,0,1,2,0,1,9,0,2,1,0,0,5,1,1,2,1,0,16,1,0,0,3,0,7,0,0,0
2,0,11,0,9,8,6,0,0,15,0,6,4,2,1,1,1,3,0,0,0,3,2,9,0,4,0,14,32,3,2,9,0,4,1,1,2,4,1,0,60,1,19,0,0,1,2,11,3,0,2,0,5,2,0,0,6,10,1,2,1,26,0,17,27,5,4,0,2,3,0,1,32,2,7,0,7,4,0,9,26,4,0,5,0,2,0,19,0,5,39,13,0,0,0,2,1,17,0,0,0,1,6,3,0,0,9,20,3,1,2,1,1,0,0,0,14,0,0,9,0,1,10,0,0,0,0,0,12,0,0,1
2,0,0,0,0,0,2,0,0,2,0,5,0,5,0,0,3,3,0,0,0,12,0,18,0,0,0,13,1,1,0,2,2,0,0,1,2,7,0,0,1,0,7,0,0,0,0,21,1,0,0,0,10,0,1,3,7,8,0,3,1,9,40,0,10,6,3,0,0,18,0,0,1,0,1,0,0,3,0,0,7,0,0,0,0,0,1,4,0,1,16,4,0,0,0,1,0,0,0,0,2,1,10,4,0,0,6,3,1,0,1,0,0,0,0,2,5,0,1,2,0,0,3,0,0,0,0,1,0,0,0,0
0,0,0,0,0,0,0,0,0,0,0,0,0,0,0,0,0,0,0,0,0,0,0,0,0,0,0,0,0,0,0,0,0,0,0,0,0,0,0,0,0,0,0,0,0,0,0,0,0,1,0,0,0,0,0,0,0,0,0,0,0,0,0,1,0,0,0,0,0,0,0,0,0,0,0,0,0,0,0,0,0,0,0,0,0,0,0,0,0,0,0,0,0,0,0,0,0,0,0,0,0,0,0,0,0,0,0,0,0,3,0,0,0,0,0,0,0,0,0,0,0,0,0,0,0,0,0,0,0,0,0,0
2,0,0,7,0,1,5,461,0,1,0,13,1,15,114,1,21,18,0,0,0,44,0,680,1,0,75,50,37,0,2,4,40,28,0,0,0,37,4,0,16,19,19,0,0,2,5,399,6,0,0,0,169,6,5,10,287,6,0,4,4,30,2,2,15,59,15,0,1,17,4,1,3,0,20,0,14,5,0,0,2,0,2,0,4,0,138,4,1,0,4,9,0,2,1,1,0,21,0,0,210,4,485,6,6,13,5,105,79,0,252,3,1,7,0,0,4,0,177,0,1,0,370,36,0,69,0,6,148,0,6,0
0,0,0,0,0,0,1,0,0,0,1,4,0,0,10,8,2,1,0,0,0,0,1,1,0,1,0,2,1,0,0,3,0,0,0,0,0,0,0,0,0,0,0,0,0,0,0,0,0,0,2,0,0,1,0,0,1,1,0,0,0,2,0,2,2,3,0,0,1,0,0,0,0,2,0,0,4,2,1,1,3,0,0,0,0,0,1,2,0,1,2,1,0,0,0,0,0,0,0,0,0,0,0,0,0,0,2,0,2,0,2,0,0,0,0,0,4,0,1,2,0,0,1,0,1,4,0,1,3,0,0,0
0,0,3,0,5,2,2,39,0,9,4,5,0,6,0,0,6,1,0,0,0,4,2,5,2,4,0,9,8,2,2,13,0,10,0,0,0,1,5,0,7,0,1,0,0,1,1,4,2,1,3,0,10,0,0,0,13,9,0,1,4,4,0,8,16,9,5,0,0,2,0,3,9,9,5,0,13,8,0,11,14,3,0,6,0,2,2,12,0,0,18,16,0,0,0,2,0,0,0,0,2,5,4,1,0,0,7,5,2,2,3,0,0,1,0,0,8,1,1,10,0,0,5,1,0,1,0,2,9,0,0,0
4,0,0,0,16,12,2,5,0,5,11,9,0,6,0,0,4,2,0,0,1,3,1,4,0,4,0,4,5,1,1,5,1,6,0,0,0,3,13,0,1,0,3,0,0,3,0,8,1,0,4,0,2,0,0,1,3,3,1,1,1,3,0,4,7,10,2,0,7,0,0,1,2,5,6,0,2,6,0,6,7,0,1,2,1,0,0,4,0,1,14,8,0,0,0,0,1,1,0,0,0,0,3,1,0,0,4,3,0,3,0,0,0,1,0,0,5,0,1,7,1,0,6,0,0,0,0,1,5,0,0,3
13,0,6,0,50,61,0,11,0,9,40,7,0,4,5,0,0,1,0,0,0,1,15,9,2,26,0,12,30,0,13,16,2,0,0,0,0,10,38,0,16,0,8,2,0,0,0,9,2,79,12,0,8,0,0,2,13,22,3,0,0,29,1,31,22,16,8,0,1,4,0,4,13,20,10,0,40,9,2,70,67,31,0,50,0,1,4,5,2,0,15,4,0,0,0,0,0,1,0,0,4,4,8,9,9,0,7,50,14,92,3,0,1,1,0,0,5,0,1,19,0,0,10,1,0,0,2,0,19,0,0,9
0,0,0,0,0,0,2,0,0,0,0,2,0,0,0,0,1,0,0,0,0,0,0,0,0,0,0,0,0,0,0,0,0,0,0,0,0,0,0,0,0,0,1,0,0,0,0,0,1,0,0,0,0,0,0,0,1,0,0,0,0,0,0,0,0,1,0,0,0,0,0,0,0,0,0,0,1,0,0,0,0,0,0,0,0,0,0,0,0,0,2,1,0,0,0,0,0,0,0,0,1,0,1,0,0,0,3,1,0,0,0,0,0,0,0,0,0,0,0,0,0,0,0,0,0,0,0,0,0,0,0,0
0,0,0,0,0,0,0,0,0,1,0,3,1,0,0,0,7,1,0,0,0,0,0,5,1,0,0,0,0,0,17,1,0,1,0,0,0,0,43,0,0,0,2,0,0,0,1,0,0,0,0,0,2,0,0,3,5,0,5,0,0,2,0,1,0,1,3,0,0,1,0,0,1,0,1,0,1,0,0,0,0,0,0,0,0,0,0,0,0,0,1,1,0,0,0,0,0,0,0,0,0,1,0,0,0,0,4,0,0,0,0,0,0,0,0,0,0,0,0,0,5,0,1,0,1,0,0,0,0,0,0,0
0,0,0,0,1,0,0,0,0,4,0,27,4,14,1,0,30,10,0,0,0,9,0,40,1,0,2,37,5,2,19,2,8,23,1,0,0,36,45,0,4,0,8,0,0,1,1,27,3,4,0,0,24,5,5,20,33,10,12,0,1,42,0,2,7,34,71,0,0,25,0,3,8,0,9,0,5,2,0,0,3,0,1,0,1,1,2,1,6,5,51,32,0,0,0,0,0,0,0,0,9,1,15,9,0,3,21,9,2,2,5,0,1,3,0,0,23,0,3,2,0,1,32,2,0,1,0,0,0,0,0,0
7,0,2,0,0,3,0,0,0,0,18,0,1,1,0,0,1,3,0,0,0,1,22,1,2,3,0,3,4,0,0,9,0,2,0,1,0,1,0,1,0,0,5,0,0,1,1,4,0,0,0,0,0,1,0,1,3,0,0,1,1,1,0,0,0,2,0,0,0,0,0,0,1,0,3,1,0,0,1,0,1,0,0,1,0,0,0,0,0,2,3,0,0,0,0,2,0,0,0,0,0,7,0,2,0,0,0,1,0,0,10,0,0,0,2,0,1,0,1,0,0,0,2,0,0,0,3,2,2,0,0,0
2,0,0,0,1,24,1,1,0,5,0,2,0,2,0,0,4,0,0,0,0,1,0,3,0,2,0,1,0,2,0,4,0,0,0,0,0,2,0,0,3,0,0,0,0,4,2,5,1,0,1,0,1,0,0,0,1,1,0,0,4,0,0,4,3,2,3,0,27,1,0,0,3,0,1,0,0,19,0,0,0,0,0,0,0,0,3,2,0,0,6,4,2,0,0,0,4,0,0,0,0,1,4,0,0,0,1,0,0,0,3,0,0,0,0,0,2,4,0,1,0,5,1,0,0,0,0,0,0,0,0,0
0,0,0,0,0,31,0,0,0,5,4,4,0,4,0,0,1,0,0,0,1,0,0,1,0,1,0,1,1,2,0,6,1,4,0,0,0,0,0,0,5,0,0,0,0,0,10,5,1,9,3,0,4,0,1,0,4,4,0,2,1,3,0,19,9,9,2,0,14,0,0,1,2,0,0,0,3,31,1,0,2,0,0,1,0,2,1,2,0,0,2,5,0,0,0,1,0,0,0,0,0,0,2,0,0,0,3,1,0,13,1,0,0,0,0,0,3,1,1,3,0,0,7,0,0,0,0,1,1,0,0,0
0,0,0,0,0,10,0,0,0,0,0,0,0,0,0,1,0,0,0,0,0,0,0,0,0,0,0,0,1,1,0,1,0,0,1,1,0,0,0,0,1,0,0,0,0,1,0,1,0,6,0,0,0,0,0,0,0,0,0,0,1,1,0,17,0,0,0,0,3,0,0,0,0,0,0,0,0,14,0,0,0,0,0,0,0,0,0,0,0,0,2,0,0,0,0,0,0,0,0,0,0,0,1,0,0,0,1,0,0,5,0,0,0,0,0,0,0,0,0,1,0,0,0,0,0,0,0,0,0,0,0,0
2,0,1,0,0,0,0,1,1,3,18,3,1,3,0,0,11,9,0,0,0,4,0,42,7,2,18,8,0,1,0,27,0,9,0,6,0,7,0,0,0,2,4,0,0,5,1,11,0,0,1,0,14,0,0,1,39,4,0,1,4,0,1,0,2,9,4,0,2,1,0,0,0,0,3,0,0,0,0,0,2,0,0,3,1,1,17,2,0,13,6,3,0,0,0,1,2,0,0,0,0,13,4,13,0,0,0,2,1,0,27,0,0,2,3,0,8,0,6,2,0,0,11,0,0,0,0,5,0,0,0,0
4,0,1,0,1,0,0,0,0,0,172,7,0,1,0,0,1,3,0,0,0,1,38,7,1,0,0,6,2,0,0,1,0,2,0,1,0,0,10,0,0,0,17,0,0,0,2,3,0,0,0,0,0,0,0,0,5,0,0,1,0,0,0,0,5,5,2,0,0,0,0,0,2,0,7,0,0,1,0,3,2,0,0,47,0,0,0,0,0,3,3,1,0,0,0,0,0,0,0,0,0,0,0,1,0,1,0,0,0,0,0,0,0,0,0,0,4,0,1,0,2,0,4,0,0,0,0,4,0,1,0,0
0,0,0,0,0,0,0,0,0,0,0,3,0,0,0,0,1,0,0,0,0,0,0,0,0,0,0,0,0,0,0,0,0,0,0,0,0,0,0,0,0,0,0,0,0,0,0,0,0,0,0,0,0,0,0,2,1,0,0,0,0,3,0,0,0,0,1,0,0,0,0,0,0,0,0,0,0,1,0,0,0,0,0,0,0,0,0,0,0,0,1,1,0,0,0,0,0,0,0,0,0,0,0,0,0,0,2,0,0,0,0,0,0,0,0,0,0,0,0,0,0,0,0,0,0,0,0,0,0,0,0,0
2,0,1,0,242,4,1,2,1,1,1,11,0,1,1,0,0,0,0,0,0,0,0,2,0,5,0,4,3,1,1,1,1,0,0,0,0,1,9,0,0,0,3,5,0,1,1,1,1,4,69,0,0,3,0,0,0,3,0,0,2,2,0,0,0,0,3,0,2,2,0,1,0,0,1,0,0,1,4,35,1,0,1,36,2,0,0,0,2,0,4,3,83,0,0,5,0,0,0,0,0,2,0,0,0,0,0,0,0,3,0,0,0,0,0,0,5,1,2,0,0,26,0,2,0,0,0,1,0,0,0,35
0,0,0,0,0,0,0,0,0,0,0,11,1,39,19,0,11,5,1,0,0,15,0,23,10,0,0,19,1,32,1,9,10,99,9,1,0,31,2,0,3,0,9,0,0,4,0,193,3,36,0,0,68,0,0,4,78,14,4,52,2,3,4,0,26,22,17,0,0,7,0,0,4,0,2,0,22,2,6,0,38,0,9,0,0,24,4,25,64,13,48,3,0,0,0,1,0,0,2,0,7,1,7,0,17,0,9,12,4,44,2,0,52,18,0,0,8,0,5,11,0,0,96,39,0,31,0,2,1,0,5,0
0,0,0,0,0,0,10,0,0,0,0,3,0,2,39,0,1,0,0,0,0,2,0,4,0,0,0,1,0,0,0,1,1,2,0,1,0,0,0,0,0,0,2,0,1,1,0,4,1,0,0,0,3,0,0,1,0,31,0,2,1,0,1,0,2,2,3,0,0,2,1,0,0,0,1,0,1,0,0,0,6,0,1,0,0,0,1,1,0,0,12,0,0,0,0,0,0,17,0,0,6,2,3,1,2,0,13,3,0,0,1,0,0,0,0,0,2,0,1,2,0,0,3,4,0,36,0,0,0,1,4,0
0,0,0,0,0,0,0,0,0,0,0,2,0,0,0,0,0,0,0,0,0,1,0,3,0,0,0,2,0,0,0,0,0,0,0,0,0,1,0,0,0,0,0,0,0,0,0,0,1,0,0,0,0,0,0,0,3,0,0,0,0,6,0,0,0,1,2,0,0,2,0,0,1,0,0,0,0,2,0,0,1,0,0,0,0,0,0,0,0,0,2,3,0,0,0,0,0,0,0,0,0,0,1,0,0,0,10,2,0,0,1,0,0,0,0,0,4,0,0,1,0,0,0,0,0,0,0,0,0,0,0,0
0,0,0,0,0,0,0,0,0,0,0,1,0,1,0,0,0,0,0,0,0,0,0,0,0,0,0,0,0,0,0,0,0,0,0,0,0,0,0,0,1,1,1,0,0,0,0,1,0,0,0,0,3,0,0,0,4,0,0,3,0,1,0,0,1,2,4,0,0,0,0,0,0,0,2,0,0,1,0,0,1,0,1,0,0,0,0,0,0,0,7,0,0,0,0,0,0,0,0,0,0,0,0,0,0,0,1,1,0,0,3,0,0,0,0,0,1,0,1,0,0,0,3,0,0,0,0,0,0,1,0,0
1,0,1,0,0,0,0,0,0,0,0,0,0,0,0,0,1,0,0,0,0,1,0,0,0,2,0,0,0,1,0,0,0,0,0,0,0,0,0,0,0,0,1,0,0,0,0,1,0,0,0,0,0,0,0,0,0,1,0,1,0,0,0,0,0,0,0,0,0,0,0,0,0,0,0,0,1,0,1,0,0,0,0,0,0,0,0,0,0,0,1,0,0,0,0,0,0,0,0,0,0,0,1,0,0,0,1,0,0,0,1,0,0,0,0,0,0,0,0,0,0,0,0,0,0,0,0,0,0,0,0,0
2,0,2,0,6,2,2,6,0,4,1,4,0,1,1,0,0,1,0,0,0,2,1,6,8,21,0,1,5,2,0,6,0,2,0,0,0,2,0,0,4,0,2,1,0,1,1,8,0,4,2,0,7,0,0,0,4,5,0,0,4,4,0,36,6,1,1,0,3,0,0,41,0,2,0,0,18,2,1,3,5,1,0,1,0,1,4,6,4,2,7,5,0,0,0,0,1,0,0,0,0,6,3,0,0,0,4,7,4,4,3,0,0,1,0,0,10,0,1,63,0,0,3,7,0,2,0,1,0,0,0,0
1,0,0,0,0,4,0,0,0,0,1,0,0,1,0,0,0,0,0,0,0,0,0,0,0,2,0,0,2,1,0,0,0,0,0,1,0,1,0,3,0,0,0,0,0,1,1,0,0,1,8,0,0,0,1,0,1,0,0,1,0,1,0,0,0,1,0,0,0,0,0,0,2,1,0,0,0,0,0,0,1,1,0,0,0,0,0,0,0,1,1,14,0,0,0,0,1,0,0,0,0,1,1,0,0,0,1,1,0,0,2,0,0,0,0,0,0,2,0,1,0,6,1,0,0,0,0,1,0,0,0,0
10,0,0,0,0,1,0,0,0,0,0,0,0,0,0,0,0,1,0,0,0,0,0,1,0,5,0,2,0,1,0,0,0,1,0,0,0,2,0,0,1,0,4,19,0,0,0,2,0,0,1,0,0,0,0,0,1,0,0,1,1,0,0,0,0,2,1,0,0,1,21,0,2,0,0,0,0,0,0,0,4,0,0,0,7,0,1,0,0,0,1,0,0,13,0,0,1,0,0,0,0,22,0,1,14,0,0,1,0,0,1,1,0,0,0,0,0,0,2,0,0,3,1,0,0,0,0,1,0,0,0,2
0,0,0,0,0,4,0,11,0,0,0,1,0,0,0,0,0,0,0,0,0,0,0,0,0,2,0,0,1,0,0,1,0,0,0,0,0,1,0,0,1,0,0,0,0,0,0,0,0,0,2,0,0,0,0,0,0,1,0,0,0,1,0,0,0,0,0,0,0,0,0,0,0,1,0,0,3,0,0,2,1,1,0,1,0,0,0,0,0,0,0,0,0,0,0,0,0,0,0,0,0,0,0,0,0,0,0,5,0,1,0,0,0,0,0,0,0,0,0,0,0,0,0,0,0,0,23,0,21,0,0,0
0,0,0,0,0,0,2,0,0,0,0,3,0,5,0,0,0,0,0,0,0,0,0,4,0,0,0,3,1,7,0,1,0,5,1,0,0,4,0,0,1,0,2,0,0,2,0,49,1,3,0,0,7,0,0,0,3,2,0,6,0,1,0,0,3,2,1,0,0,2,0,0,0,0,0,0,11,0,1,0,13,0,2,0,0,0,0,3,0,4,5,1,0,0,0,0,0,0,1,0,0,1,0,0,1,0,2,1,0,0,4,0,1,0,0,0,0,0,0,11,0,0,23,0,1,0,0,0,0,0,0,0
0,0,0,0,0,0,1,0,0,0,0,0,0,0,0,0,0,0,0,0,0,0,0,0,0,0,0,0,0,0,0,0,0,0,0,0,0,0,0,0,0,0,0,0,0,0,0,0,0,0,0,0,0,0,0,0,0,2,0,0,0,0,0,0,0,0,0,0,0,0,0,0,0,0,0,0,0,0,0,0,0,0,0,0,0,0,0,0,0,0,0,0,0,0,0,0,0,0,0,0,0,0,0,1,0,0,1,0,0,0,0,0,0,0,0,0,0,0,0,0,0,0,0,0,0,0,0,0,0,0,0,0
