0.21477,0.33333,0.57143,0.49231,0.82583,0.34783,0.33962,0.76877,0.3125,0.23684,0.50898,0.27247,0.83036,0.25701,0.59908,0.90909,0.16268,0.14754,0.5,1,0.33333,0.14552,0.32258,0.70012,0.17117,0.4,0.69182,0.13975,0.21429,0.33028,0.58261,0.12429,0.4186,0.35738,0.33333,0.2,0.5,0.16026,0.34034,0.29412,0.31746,0.64653,0.17536,0.39062,0.18349,0.20513,0.45949,0.36207,0.56915,0.58222,1,0.42291,0.84958,0.4,0.28846,0.52397,0.10453,0.70833,0.61176,0.11111,0.20578,0.65079,0.3625,0.12174,0.20395,0.25,0.66667,0.54545,0.28646,0.60714,0.42857,0.13223,0.5,0.13084,1,0.31515,0.2,0.26531,0.3172,0.20677,0.5,0.25,0.37671,0.30159,0.51429,0.72574,0.13492,0.5,0.14423,0.1219,0.13846,0.75229,0.55102,0.5,0.23333,0.25,0.34545,1,0.5,0.81849,0.28926,0.78407,0.13953,0.40351,0.85714,0.17143,0.38583,0.69333,0.63946,0.54244,0.42857,0.69048,0.27419,0.5,0.090196,0.33333,0.77395,0.375,0.38462,0.28571,0.43173,0.28671,1,0.4183,0.7438,0.21429,0.53242,0.25,0.36364,0.54762
0.42589
0,0,0,0,0,0,0,2,1,3,1,17,0,6,3,0,34,12,0,0,0,22,0,19,8,2,0,16,1,3,0,7,2,7,0,9,0,50,0,5,0,1,6,25,11,10,10,11,0,0,0,13,0,1,3,16,8,1,1,2,1,1,0,10,12,16,0,1,6,42,0,7,0,3,0,0,3,0,1,1,0,1,0,2,1,4,4,15,10,9,1,0,25,0,0,1,0,0,0,4,1,6,0,14,1,3,1,0,0,24,1,4,2,0,14,0,1,0,1,0,11,0,0,1,2,1,10,0,1,0
2,0,0,32,11,0,5,0,2,54,2,9,93,21,5,0,7,18,0,3,1,24,1,9,1,0,9,18,19,22,67,22,0,7,0,3,0,37,81,0,12,214,19,0,8,4,14,29,0,1,0,8,305,0,0,11,10,119,0,3,10,2,3,28,22,44,0,2,8,0,1,8,0,9,0,2,7,0,2,4,0,1,3,0,3,2,17,6,5,54,38,0,0,1,5,1,3,0,0,1,1,19,5,0,0,12,16,0,0,13,1,3,2,0,15,0,2,1,0,1,41,20,0,7,0,0,1,1,0,43
0,0,0,0,0,0,0,0,0,6,1,2,0,1,0,0,4,6,0,0,0,12,0,3,5,0,0,8,0,2,0,5,1,15,0,2,0,9,1,0,0,2,3,0,3,0,5,3,0,0,0,6,1,0,0,4,5,1,2,0,0,0,0,2,1,11,0,0,2,0,0,4,0,3,0,2,0,0,1,3,0,2,0,1,0,3,3,0,2,12,6,0,0,0,6,0,1,0,0,0,2,2,1,0,0,5,1,1,0,7,0,0,0,0,5,0,4,1,1,0,10,0,0,1,0,1,3,0,0,0
2,0,1,1,0,0,0,11,0,1,22,8,0,4,1,0,18,17,0,0,0,12,2,15,19,4,0,8,0,0,0,7,3,13,0,4,0,28,0,2,1,0,10,9,6,4,8,2,0,1,0,6,0,0,2,14,9,0,0,5,1,0,0,9,7,12,2,0,2,136,0,9,0,9,0,0,0,3,4,0,0,1,4,13,0,2,0,0,6,2,2,0,54,0,0,0,0,0,0,0,9,5,8,46,0,2,1,0,0,16,6,0,1,5,12,0,10,0,1,0,8,0,0,1,90,6,38,0,0,0
1,0,0,0,0,0,0,0,5,3,2,5,1,3,0,0,11,4,0,0,0,12,0,13,6,0,1,8,0,1,0,11,2,6,0,9,0,29,0,0,2,2,6,0,4,2,8,0,0,0,0,2,0,0,0,5,4,0,0,2,0,0,0,5,7,5,0,1,1,0,0,4,0,0,0,0,1,6,0,0,0,0,0,0,0,3,1,1,8,10,2,0,0,0,0,0,0,0,1,0,1,1,2,0,0,3,5,0,0,27,0,1,1,0,8,0,3,0,0,0,11,0,0,0,0,4,1,0,0,1
0,0,0,0,0,0,0,0,1,0,0,2,0,2,0,0,1,2,0,0,0,1,0,2,3,3,0,1,0,0,0,1,0,2,0,0,0,2,0,0,1,0,1,0,1,2,1,0,0,0,0,1,0,0,0,0,0,0,0,2,0,0,0,1,2,4,0,2,0,0,1,1,0,0,0,0,1,0,0,0,0,0,0,0,1,0,0,0,1,0,6,0,0,0,0,0,0,0,0,1,2,0,1,0,0,0,0,0,0,3,0,0,0,1,2,0,0,0,0,0,1,0,0,0,0,0,0,0,0,0
0,1,0,1,0,0,1,1,1,13,1,12,4,30,0,0,12,27,0,0,0,34,0,20,3,0,0,38,6,10,0,6,2,10,0,3,0,29,0,5,6,5,37,1,14,13,27,42,0,0,0,6,22,0,1,26,10,1,4,0,5,0,0,12,20,28,0,0,6,0,0,13,0,3,0,3,0,0,0,5,0,0,1,0,1,3,8,0,10,32,1,0,1,0,7,2,2,0,0,0,4,9,1,0,0,3,3,4,0,14,0,1,4,0,10,0,4,1,0,0,31,0,0,0,0,0,9,0,0,1
0,0,0,0,0,0,0,0,0,0,0,0,0,0,0,0,0,0,0,0,0,0,0,0,0,0,0,0,0,0,0,0,0,0,0,0,0,0,0,0,0,0,0,0,0,0,0,0,0,0,0,0,0,0,0,0,0,0,0,0,0,0,0,0,0,0,0,0,0,0,0,0,0,0,0,0,0,0,0,0,0,0,0,0,0,0,0,0,0,0,0,0,0,0,0,0,0,0,0,0,0,0,0,0,0,0,0,0,0,0,0,0,0,0,0,0,0,0,0,0,0,0,0,0,0,0,0,0,0,0
3,0,0,0,2,0,1,0,1,6,0,15,0,0,5,0,3,1,0,0,0,7,0,6,2,1,0,10,2,2,0,1,1,3,0,0,0,7,2,1,5,1,2,0,1,24,6,0,8,3,0,7,0,0,2,8,4,0,0,0,20,0,6,3,6,11,0,0,7,0,0,3,0,1,0,2,1,0,0,2,0,0,0,1,0,5,1,20,0,15,25,0,1,0,0,0,0,0,1,1,4,1,5,0,0,8,3,3,2,6,0,7,1,0,9,0,1,2,0,0,7,25,0,11,0,1,0,0,0,0
0,0,0,0,0,0,6,0,0,1,0,6,0,1,0,0,0,0,0,0,0,1,0,3,1,0,0,0,1,0,0,0,0,2,0,0,0,0,0,0,0,0,0,0,0,0,1,0,0,0,0,1,0,0,0,1,5,0,0,0,1,0,0,0,2,0,0,0,5,0,0,1,0,0,0,0,0,0,0,2,0,2,0,0,0,0,0,0,0,1,0,0,0,0,0,0,0,0,0,0,0,0,0,0,0,7,0,2,0,0,0,0,1,0,2,0,2,0,0,0,1,0,0,0,0,0,0,0,0,0
0,0,0,0,0,0,0,0,0,0,0,0,0,0,0,0,0,0,0,0,0,0,0,0,0,0,0,0,1,0,0,0,0,0,0,0,0,0,0,0,0,0,0,0,0,0,0,0,0,0,0,0,0,0,0,0,0,0,0,0,0,0,0,0,0,0,0,0,0,0,0,0,0,0,0,0,0,0,0,0,0,0,0,0,0,0,0,0,0,0,0,0,0,0,0,0,0,0,0,0,0,0,0,0,0,1,0,0,0,0,0,0,0,0,0,0,0,0,0,0,1,0,0,0,0,0,0,0,0,0
0,0,0,0,0,3,0,0,0,0,0,0,0,0,0,0,1,0,0,0,0,0,0,1,0,0,0,0,0,0,0,0,0,0,0,0,0,1,0,0,0,0,0,0,0,0,0,0,0,0,0,0,1,0,0,0,0,0,0,0,1,0,0,0,0,1,0,0,0,0,0,0,0,0,0,0,0,0,0,0,0,0,0,0,0,0,0,0,0,0,1,0,0,0,0,0,0,0,0,0,0,0,0,0,0,0,0,1,0,0,0,0,0,0,1,0,0,0,0,0,0,0,0,0,0,0,0,0,0,0
0,0,0,0,0,1,0,0,0,0,0,0,0,1,0,0,0,0,0,0,0,0,0,0,0,0,0,0,1,0,0,0,0,0,0,0,0,0,0,0,0,0,0,0,0,0,0,0,0,0,0,0,0,0,0,0,0,0,0,0,0,0,0,0,0,0,0,0,0,0,0,0,0,0,0,0,0,0,0,0,0,0,0,0,0,0,0,0,0,0,0,0,0,0,0,0,0,0,0,0,0,0,0,0,0,0,0,0,0,1,0,0,0,0,0,0,0,0,0,0,0,0,0,0,0,0,0,0,0,0
5,0,0,0,1,0,1,0,1,19,2,7,1,2,0,0,3,3,0,0,0,15,0,5,4,0,1,7,7,5,5,12,2,9,0,1,0,4,4,0,8,7,4,0,1,5,2,3,0,7,0,6,5,0,0,12,6,1,1,1,8,3,0,9,7,11,0,4,6,0,2,4,0,4,0,2,10,0,6,7,0,1,4,0,0,2,13,1,3,33,26,1,0,0,0,0,0,0,0,0,4,9,4,0,0,8,9,4,0,6,0,1,2,0,12,1,1,3,0,0,18,3,0,0,0,0,1,0,0,3
0,0,0,0,0,0,0,0,0,0,1,1,0,4,0,0,1,1,0,0,0,2,0,0,3,1,0,0,0,0,0,2,0,2,0,0,0,2,0,0,0,0,1,0,0,1,3,0,0,0,0,0,0,0,1,1,0,0,0,0,0,0,0,2,3,1,0,0,0,0,0,0,0,1,0,1,0,2,0,1,0,0,0,0,0,0,0,0,3,0,1,0,0,0,0,1,0,0,0,0,0,0,1,0,0,0,0,0,0,4,1,0,0,0,0,0,1,0,0,0,4,0,0,0,0,1,0,0,0,0
0,0,0,0,0,0,0,0,0,0,0,1,0,1,0,0,0,0,0,0,0,0,0,0,1,0,0,0,0,0,0,0,0,0,0,0,0,0,0,0,0,0,0,0,0,0,1,0,4,0,0,0,0,0,0,0,0,0,0,0,0,0,8,2,0,0,0,0,0,0,0,0,0,0,0,0,0,0,0,4,0,0,0,0,0,1,0,0,0,0,1,0,0,0,0,0,1,0,0,0,0,1,0,0,0,0,0,0,2,0,0,0,0,0,0,0,0,0,0,0,1,0,0,0,0,0,0,0,0,0
0,0,0,0,0,0,0,0,0,1,0,0,0,0,0,0,0,0,0,0,0,0,0,0,0,0,0,1,1,0,0,0,0,0,0,0,0,0,0,0,0,0,0,0,0,0,0,0,0,0,0,0,0,0,0,0,0,0,0,0,0,0,0,0,0,0,0,0,0,0,0,0,0,0,0,0,0,0,0,0,0,0,0,0,0,0,0,0,0,0,0,0,0,0,0,0,0,0,0,0,0,0,0,0,0,0,0,0,0,0,0,0,0,0,0,0,0,0,0,0,0,0,0,0,0,0,0,0,0,0
1,1,0,1,4,0,1,53,1,2,2,97,0,5,0,1,6,6,0,0,0,6,0,13,1,0,0,12,8,2,0,1,10,8,0,0,0,0,4,0,4,1,2,0,12,2,25,1,1,25,2,23,0,0,2,2,27,0,2,1,4,0,1,7,12,11,1,3,55,9,0,2,0,3,0,0,3,13,24,12,0,3,5,19,1,2,5,1,3,12,10,7,2,0,4,0,0,0,0,2,9,5,2,2,0,7,0,0,0,8,0,1,1,0,12,0,0,2,0,0,19,1,0,0,3,0,4,0,0,0
5,0,4,0,3,2,2,0,0,23,3,7,4,2,1,0,1,4,1,0,0,6,1,5,1,1,0,11,35,0,2,7,0,3,1,1,1,1,3,0,60,0,15,0,1,2,6,2,0,3,0,6,4,1,0,7,11,2,1,2,48,1,2,14,9,5,0,3,1,0,0,16,0,14,0,9,5,1,5,28,2,0,0,0,1,2,9,0,3,47,11,1,0,0,1,0,13,0,0,1,1,4,7,0,0,5,33,5,0,3,0,0,1,0,20,0,0,11,0,0,13,1,0,0,0,0,11,0,0,1
0,0,0,2,0,0,0,0,0,4,0,7,0,3,0,0,6,3,0,0,0,11,0,16,2,0,0,12,0,1,0,6,4,4,0,2,1,4,0,0,5,0,4,0,0,0,18,2,0,0,0,9,0,0,3,5,10,0,2,1,2,41,0,9,6,3,0,0,21,0,0,2,0,2,0,0,0,0,0,12,0,1,0,0,0,0,0,0,4,12,7,0,0,0,0,0,0,0,0,3,1,6,3,1,0,6,4,1,0,4,0,0,1,0,7,0,2,1,0,0,7,0,0,0,0,2,0,0,0,0
0,0,0,0,0,0,0,0,0,0,0,0,0,0,0,0,0,0,0,0,0,0,0,0,0,0,0,0,0,0,0,0,0,0,0,0,0,0,0,0,0,0,0,0,0,0,0,0,0,0,0,0,0,0,0,0,0,0,0,0,0,0,2,0,0,0,0,0,0,0,0,0,0,0,0,0,0,0,0,0,0,0,0,0,0,0,0,0,0,0,0,1,0,0,0,0,0,0,0,0,0,0,0,0,0,0,0,0,2,0,0,0,0,0,0,0,0,0,0,0,0,0,0,0,0,0,0,0,0,0
1,0,0,26,0,0,18,389,0,3,0,23,0,7,130,0,20,20,0,0,0,39,0,593,2,0,110,45,35,0,1,4,36,32,0,0,0,30,5,0,10,91,13,0,2,7,397,4,0,0,0,192,5,4,9,317,14,0,1,3,57,3,2,22,62,14,0,0,17,5,0,3,0,7,0,15,4,0,0,5,0,1,0,8,1,172,7,0,0,5,24,2,2,0,1,0,19,0,0,239,11,443,2,7,12,4,98,156,0,262,2,0,11,0,15,0,202,0,1,0,332,32,0,64,0,9,156,0,4,0
0,0,0,0,0,0,0,0,0,1,0,4,0,0,1,10,2,3,0,0,0,0,0,1,0,1,0,0,1,0,1,2,0,0,0,1,0,0,0,0,0,0,2,0,0,1,0,0,1,2,0,1,0,0,1,1,1,0,0,1,2,0,3,2,2,1,0,1,1,0,0,1,0,1,0,2,1,0,2,4,0,0,0,0,0,0,0,0,1,1,5,0,0,0,0,0,0,0,0,0,0,0,0,0,0,2,0,1,0,3,0,0,0,0,3,0,0,0,0,0,1,1,0,1,0,1,2,0,0,0
7,0,1,0,3,3,2,29,0,12,6,13,1,4,1,0,4,4,0,0,0,4,2,4,0,2,0,13,13,2,0,4,0,6,0,0,0,2,3,0,12,1,3,0,0,3,4,2,0,5,0,10,0,0,1,11,8,1,5,6,10,1,6,9,10,8,0,2,0,0,1,4,1,6,0,6,4,1,13,13,0,0,2,1,0,1,12,0,0,21,20,0,0,0,0,0,1,0,0,0,5,5,3,1,0,8,12,1,1,5,0,0,1,0,11,0,3,9,0,0,4,0,0,0,4,2,6,0,0,0
11,0,0,0,4,6,0,0,0,12,12,6,0,7,0,0,2,4,0,0,1,6,5,2,1,1,1,2,7,1,0,3,1,7,0,0,0,1,15,0,4,1,0,2,3,3,4,1,1,5,0,6,0,0,0,2,7,2,1,0,7,0,4,5,7,4,0,6,2,0,1,3,0,2,0,2,5,1,8,8,0,0,2,1,2,1,6,0,3,9,13,0,0,0,0,0,1,0,0,0,0,2,2,1,0,6,2,0,1,1,0,0,2,0,5,0,0,5,1,0,8,0,0,0,0,1,4,0,0,1
30,0,0,0,21,32,0,6,0,18,67,6,0,1,6,0,1,3,0,0,0,2,24,5,4,1,0,11,45,0,13,17,1,5,0,1,0,8,41,0,23,0,21,4,0,2,7,1,107,20,0,8,0,0,2,11,29,3,3,4,32,2,2,27,11,3,0,2,1,1,0,10,1,6,0,52,10,2,59,55,5,1,55,0,1,5,10,1,1,22,6,1,0,0,0,0,2,0,0,6,2,10,3,7,0,12,30,23,94,5,1,0,1,0,11,0,3,4,0,0,14,3,0,0,3,0,21,0,0,3
0,0,0,0,0,0,1,0,0,0,0,2,0,0,0,0,1,0,0,0,0,0,0,0,0,0,0,0,0,0,0,0,0,0,0,0,0,0,0,0,0,0,0,0,0,0,0,0,0,0,0,0,0,0,0,1,0,0,0,0,3,0,0,1,0,0,0,0,0,0,0,0,0,0,0,0,0,0,0,0,0,1,0,0,0,0,0,0,0,0,0,0,0,0,0,0,0,0,0,0,0,1,0,0,0,2,1,0,0,0,0,0,0,0,1,0,0,0,0,0,0,0,0,0,0,1,0,0,0,0
0,0,0,0,0,0,0,0,0,0,0,3,1,0,0,0,7,1,0,0,0,0,0,3,1,0,0,1,0,0,8,1,0,1,0,0,0,0,28,0,1,0,2,0,0,1,1,0,0,0,0,1,0,0,3,3,4,4,0,0,1,0,3,0,1,5,0,0,0,0,0,0,0,1,0,1,1,0,0,0,0,0,0,0,0,0,0,0,0,2,2,1,0,0,0,0,0,0,0,0,1,1,0,1,0,4,0,0,0,0,0,0,0,0,2,0,1,0,5,0,2,1,1,0,0,0,0,0,0,0
0,0,0,1,1,0,0,0,0,5,0,27,3,14,1,0,21,13,0,0,0,17,0,27,2,0,0,41,7,1,18,5,11,24,1,0,0,27,32,0,4,5,7,0,1,2,34,2,2,1,0,48,13,3,15,24,24,27,0,1,34,0,13,4,30,84,0,0,26,0,2,5,0,9,0,5,1,0,0,1,0,1,0,1,1,6,2,6,5,48,45,0,0,0,0,0,0,0,0,9,1,10,5,0,1,30,9,5,1,6,0,1,2,0,23,0,2,1,1,0,38,3,0,1,0,0,1,0,0,0
21,0,0,0,0,2,0,0,0,0,14,3,2,1,0,0,2,4,0,0,0,2,18,0,2,6,0,4,2,0,0,6,0,1,0,1,0,0,0,0,0,0,9,0,3,1,4,0,0,0,0,1,0,0,1,4,1,0,0,1,1,0,0,1,0,1,0,0,2,0,0,0,0,1,1,0,0,0,1,5,0,0,1,0,0,1,0,0,2,2,2,0,0,0,3,0,0,0,0,0,5,1,7,0,0,0,1,0,0,7,0,0,1,0,2,0,1,0,0,0,1,0,0,0,1,1,1,0,0,0
5,0,0,0,1,19,0,0,0,8,1,5,0,5,0,0,1,1,0,0,0,1,1,1,1,2,0,1,0,2,0,2,0,0,0,0,0,0,0,0,3,0,1,0,20,3,4,1,1,4,0,0,0,0,0,0,1,1,1,1,2,0,0,7,3,5,0,66,1,0,0,3,0,0,0,1,10,1,0,0,0,0,0,1,0,2,0,0,2,2,6,1,0,0,0,2,0,0,0,0,1,3,1,0,0,0,0,1,0,5,0,0,0,0,3,1,0,0,0,2,4,0,0,0,0,0,0,0,0,0
2,0,0,0,1,7,0,0,0,16,0,6,0,9,0,0,1,0,0,0,1,1,3,1,2,1,0,1,3,2,0,4,0,3,0,0,0,0,0,0,11,0,2,0,1,7,4,1,4,5,0,1,0,0,1,2,0,0,1,3,1,0,26,6,10,2,0,20,0,0,0,4,0,1,0,2,21,0,0,3,0,0,0,2,1,1,3,0,0,1,5,1,0,0,0,0,0,0,0,0,0,2,1,0,0,2,3,0,8,1,0,0,0,0,3,1,2,2,0,0,5,0,0,0,0,1,2,0,0,0
1,0,0,0,1,1,0,0,0,0,0,0,0,0,0,0,0,0,0,0,0,0,0,0,0,0,0,0,0,0,0,0,0,0,0,1,0,0,0,0,0,0,1,0,1,0,1,1,6,0,0,0,0,0,0,0,0,0,0,0,2,0,20,0,1,0,0,0,0,0,0,0,0,0,0,1,6,0,0,0,0,0,0,0,0,0,0,0,0,4,2,0,0,0,0,0,0,0,0,0,0,0,0,0,0,0,0,1,5,0,0,0,0,0,3,0,0,1,0,0,0,0,0,0,0,0,0,0,0,0
3,0,1,0,0,0,0,0,1,5,18,3,1,4,0,0,10,9,0,0,0,5,2,24,16,6,37,9,0,2,0,20,0,8,0,3,0,12,0,1,1,0,6,0,6,2,7,0,0,0,0,13,0,0,0,42,5,0,2,5,0,1,0,4,7,5,0,0,0,0,0,1,0,7,0,0,1,1,0,4,0,1,3,0,0,13,1,0,10,10,5,1,0,0,1,0,0,0,0,1,9,3,12,0,0,4,1,1,0,38,0,0,5,3,9,0,5,0,0,0,13,0,0,0,1,3,0,0,0,0
2,0,0,0,0,0,0,0,0,0,170,3,0,0,0,0,0,5,0,0,0,1,30,5,1,0,0,5,2,1,0,6,0,1,0,1,0,0,13,0,0,0,17,0,0,2,4,0,0,0,0,1,0,0,0,6,0,0,1,0,1,0,0,4,4,3,0,0,0,0,0,1,0,6,0,0,0,0,4,3,0,0,49,0,0,1,0,0,2,4,2,0,0,0,0,0,0,0,0,0,1,1,3,0,0,2,1,0,0,1,0,0,0,1,6,0,0,0,1,0,4,0,0,0,0,2,1,1,0,0
0,0,0,0,0,0,0,0,0,0,0,1,0,0,0,0,3,0,0,0,0,0,0,0,0,0,0,0,0,0,0,0,0,0,0,0,0,0,1,0,0,0,0,0,0,0,0,0,0,0,0,0,0,0,1,1,0,0,0,0,1,0,0,0,0,2,0,0,0,0,0,1,0,0,0,0,1,0,0,0,0,0,0,0,0,0,0,0,0,0,1,0,0,0,0,0,0,0,0,0,0,0,0,0,0,2,0,0,0,0,0,0,0,0,0,0,0,0,0,0,0,0,0,0,0,0,0,0,0,0
4,0,0,1,275,7,0,2,1,2,4,9,1,2,0,0,2,0,0,0,0,3,0,2,0,2,0,1,6,0,0,1,1,1,0,0,0,0,3,1,0,0,3,2,1,5,1,1,5,131,0,1,2,0,1,0,2,0,0,5,1,0,0,0,0,1,0,4,7,0,0,1,0,3,0,1,0,3,52,5,0,1,16,4,0,0,0,3,0,3,4,82,0,0,1,0,0,0,0,0,4,0,0,0,0,0,0,0,3,0,0,0,0,0,4,0,1,1,0,2,0,2,0,0,0,2,0,0,0,69
0,0,0,0,0,0,1,0,1,1,0,21,0,55,25,0,17,7,1,0,0,13,0,24,9,0,0,22,3,36,0,5,7,109,1,1,0,21,0,0,7,0,6,0,2,0,185,3,42,0,0,57,0,0,3,60,28,4,52,4,3,2,0,19,25,18,0,0,8,0,0,6,0,1,0,26,1,10,0,37,0,8,0,1,18,0,16,61,15,42,4,0,0,1,0,0,0,0,0,18,0,10,2,12,0,5,12,8,25,4,0,58,17,0,9,0,7,5,0,0,117,41,0,26,0,1,1,0,4,0
0,0,0,0,0,0,10,0,0,0,0,6,0,1,34,0,2,0,0,0,0,4,0,11,0,0,0,1,0,0,0,3,0,5,0,1,0,2,1,0,4,0,0,0,1,0,5,2,0,0,0,5,0,0,0,0,30,0,2,1,0,2,0,0,3,3,0,0,1,1,0,0,0,1,0,0,0,0,0,9,0,1,0,0,0,0,0,0,0,10,2,0,0,0,1,0,12,0,0,4,1,4,1,2,0,11,1,2,0,0,0,0,1,0,2,0,1,0,0,0,6,2,0,37,0,0,0,1,2,0
0,0,0,0,0,0,2,0,0,1,0,4,0,1,0,0,2,0,0,0,0,3,0,3,0,0,0,1,0,0,0,0,1,0,0,0,0,1,0,0,0,0,0,0,0,0,1,1,0,0,0,0,0,0,0,1,0,0,0,0,2,0,0,0,1,4,0,0,3,0,0,0,0,0,0,0,3,0,0,1,0,1,0,0,0,0,0,0,1,2,4,0,0,0,0,0,0,0,0,1,0,0,1,0,0,5,1,0,0,0,0,0,0,0,2,0,0,0,0,0,1,0,0,0,0,0,0,0,0,0
0,0,0,0,0,0,0,0,0,1,0,1,0,1,0,0,0,2,0,0,0,0,0,1,1,0,0,2,0,1,0,1,0,1,0,0,0,0,0,0,0,0,1,0,0,0,1,0,0,0,0,4,0,0,0,1,2,1,0,0,1,2,0,0,3,6,0,0,1,0,0,1,0,0,0,0,0,0,0,1,0,1,0,0,1,0,1,0,1,3,2,0,0,0,0,0,0,0,0,1,0,0,0,0,0,1,1,0,0,1,0,0,2,0,2,0,1,0,0,0,6,0,0,0,0,0,0,1,0,0
1,0,0,0,0,0,0,0,0,0,0,0,0,0,0,0,1,1,0,0,0,1,0,0,1,0,0,0,0,2,0,0,0,0,0,0,0,0,0,0,0,0,2,0,0,0,1,0,0,0,0,0,0,0,0,0,1,0,0,0,1,0,0,1,1,0,0,0,0,0,0,0,0,0,0,0,0,1,0,2,0,0,0,0,0,0,0,0,0,0,2,0,0,0,0,0,0,0,0,0,0,0,0,0,0,0,0,0,0,0,0,0,0,0,0,0,0,0,0,0,1,0,0,0,0,0,0,0,0,0
8,0,0,0,4,1,1,3,0,5,2,5,0,3,4,0,0,1,0,0,0,1,3,4,5,26,0,4,2,0,0,3,0,3,0,0,0,2,1,0,2,0,2,0,1,2,7,0,3,3,0,5,0,0,0,3,10,0,1,7,9,2,58,2,2,2,0,4,0,0,6,0,0,2,0,13,3,2,4,5,1,0,1,0,2,4,3,7,1,7,4,0,0,0,0,0,0,0,0,0,4,1,0,0,0,2,4,3,3,3,0,7,1,0,4,0,1,30,0,0,2,8,0,3,0,1,0,0,0,1
2,0,0,0,1,6,0,0,0,2,0,2,0,1,0,0,0,1,0,0,0,0,0,0,0,2,0,0,0,1,0,0,0,1,0,1,0,0,0,2,0,0,0,0,2,6,0,0,0,6,0,1,1,1,0,0,3,0,0,0,1,0,1,0,1,0,0,0,2,0,0,2,0,0,0,1,0,1,0,2,1,0,0,0,0,1,0,0,0,0,26,9,0,0,0,1,0,0,0,0,1,0,0,0,0,0,0,0,0,2,0,0,0,0,1,0,0,0,1,2,2,0,0,0,0,0,0,0,0,0
32,1,0,0,0,0,0,1,0,0,3,3,0,0,0,0,0,0,0,0,0,0,1,1,0,3,0,5,0,1,0,1,0,1,0,0,0,1,0,0,0,0,3,21,2,1,0,0,0,1,0,1,0,0,0,1,1,0,0,1,0,0,0,0,1,1,0,0,0,30,0,1,0,1,0,0,0,0,0,7,0,0,0,8,0,0,0,0,0,0,0,1,13,0,0,0,0,0,0,0,35,0,2,19,0,0,1,0,0,0,2,0,0,0,3,0,0,0,0,0,1,0,0,0,0,1,1,0,0,3
0,0,0,0,0,2,0,9,0,0,0,0,0,0,0,0,0,0,0,0,0,0,0,1,0,0,0,0,1,0,0,1,0,0,0,0,0,0,0,0,0,0,0,0,0,0,0,0,0,2,0,0,0,0,0,0,0,0,0,0,0,0,0,0,0,0,0,0,0,0,0,0,0,0,0,4,1,0,0,0,1,0,0,0,0,0,0,0,0,1,0,0,0,0,0,0,0,0,0,0,0,0,0,0,0,0,0,0,0,0,0,0,0,0,0,0,0,0,0,0,0,0,0,0,17,0,19,0,0,0
0,0,0,0,0,0,0,0,0,0,0,4,0,12,0,0,2,0,0,0,0,0,0,4,3,0,0,3,1,9,0,0,1,5,0,0,0,2,0,0,3,0,0,0,1,0,57,1,3,0,0,4,0,0,0,2,5,0,2,1,3,0,0,3,3,1,0,0,0,0,0,0,0,0,0,12,1,1,0,15,0,3,0,0,0,0,4,0,2,5,1,0,0,0,0,0,0,1,0,0,1,0,1,0,0,3,0,2,0,3,0,0,1,0,1,0,0,0,0,0,23,0,0,0,0,0,0,0,0,0
0,0,0,0,0,0,1,0,0,0,0,0,0,0,0,0,0,0,0,0,0,0,0,0,0,0,0,0,0,0,0,0,0,0,0,0,0,0,0,0,0,0,0,0,0,0,0,0,0,0,0,0,0,0,0,0,2,0,0,0,1,0,0,0,0,0,0,0,0,0,0,0,0,0,0,0,0,0,0,0,0,0,0,0,0,0,0,0,0,0,0,0,0,0,0,0,0,0,0,0,0,0,0,1,0,0,0,0,0,0,0,0,0,0,1,0,0,0,0,0,0,0,0,0,0,0,0,0,0,0
