0.22086,0.33333,0.6,0.48387,0.75439,0.28358,0.47619,0.80962,0.31579,0.22273,0.46341,0.28097,0.86111,0.24762,0.59906,0.91667,0.16832,0.13187,0.5,1,0.5,0.12868,0.34615,0.7037,0.19167,0.43478,0.69325,0.15502,0.22388,0.31193,0.58974,0.12658,0.35714,0.3367,0.66667,0.21569,0.5,0.14502,0.39819,0.35294,0.30519,0.63824,0.13568,0.34653,0.15625,0.20492,0.43794,0.35714,0.58268,0.62162,1,0.4235,0.85876,0.5,0.23404,0.52554,0.10638,0.68831,0.55556,0.12069,0.20364,0.61111,0.392,0.11504,0.20462,0.21271,0.66667,0.40952,0.24309,0.52913,0.38462,0.12195,0.5,0.17925,1,0.27857,0.23913,0.25455,0.32468,0.20084,0.66667,0.21429,0.37838,0.26027,0.51724,0.75536,0.11321,0.47748,0.13208,0.1219,0.14527,0.72,0.52688,0.5,0.26087,0.22222,0.36364,1,1,0.82246,0.192,0.75906,0.13924,0.39073,0.85714,0.15758,0.39592,0.65094,0.72414,0.52905,0.41667,0.68966,0.30645,0.58333,0.10345,0.33333,0.77606,0.375,0.25,0.33333,0.43229,0.30714,1,0.46358,0.69027,0.20513,0.53633,0.25,0.36364,0.43103
0.41844
0,0,0,0,0,0,0,1,0,2,0,18,0,8,2,0,34,13,0,0,0,18,0,19,6,1,0,10,1,5,0,8,2,11,0,11,0,48,0,4,0,1,6,30,8,11,7,10,0,0,0,11,0,0,3,17,9,1,1,3,1,1,0,9,9,21,0,1,6,40,0,7,0,2,0,0,3,0,0,1,0,1,0,2,1,5,4,9,10,9,1,0,23,0,0,1,0,0,0,3,2,6,0,24,1,3,1,0,0,24,1,4,2,0,10,0,1,0,1,0,14,1,0,2,2,1,7,0,1,0
2,0,0,30,8,0,4,0,1,49,2,7,93,23,4,0,6,19,0,3,1,25,0,9,0,0,10,21,17,21,69,18,0,8,0,3,0,40,88,0,11,217,17,0,8,5,16,31,0,0,0,5,304,0,0,11,10,106,0,2,9,0,3,26,21,46,0,3,11,0,1,9,0,9,0,1,6,0,2,4,0,1,2,0,1,3,12,5,5,54,43,0,0,1,2,1,3,0,0,1,1,18,4,0,0,10,14,1,0,13,0,3,2,0,13,0,2,0,0,1,39,11,0,3,0,0,0,1,0,45
2,0,0,0,1,0,0,0,0,3,2,2,0,2,0,0,4,3,0,0,0,12,0,4,4,0,0,8,0,2,0,5,1,11,0,3,0,9,0,0,0,2,3,0,3,0,5,3,0,1,0,6,0,0,0,4,5,1,3,0,0,0,0,2,2,14,0,3,2,0,1,4,0,0,0,2,0,0,0,2,0,1,0,1,0,3,3,0,2,11,3,0,1,0,2,0,1,0,0,0,3,3,2,0,0,6,2,2,0,7,0,0,0,0,5,0,4,0,1,0,8,0,0,0,0,0,2,0,0,0
3,0,1,1,0,0,0,9,0,1,22,6,0,3,1,0,15,16,0,0,0,14,1,14,23,0,0,13,0,0,0,6,7,15,0,3,0,35,0,2,1,0,9,7,5,6,9,2,0,0,0,7,0,0,2,11,8,0,0,3,1,2,0,10,7,13,2,0,2,109,0,6,0,9,0,0,0,5,2,0,0,1,3,17,0,2,0,0,7,3,0,0,49,0,0,0,0,0,0,0,8,6,9,59,0,2,1,1,0,19,5,0,1,7,10,0,11,0,1,0,9,0,0,0,78,8,35,0,0,0
0,0,0,0,1,0,0,0,6,3,1,5,1,4,0,0,9,7,0,0,0,15,0,13,6,1,0,9,0,1,0,8,2,8,0,10,0,30,0,0,1,2,5,0,4,4,8,0,0,0,0,1,0,0,0,6,3,1,1,2,0,0,0,4,8,5,0,1,1,0,0,5,0,1,0,0,2,5,0,0,0,0,0,0,0,2,2,2,6,9,1,0,0,0,0,0,0,0,1,0,1,0,2,0,0,4,4,0,0,32,0,1,1,0,7,0,2,0,0,0,12,0,0,0,0,3,0,0,0,0
0,0,0,0,0,0,0,0,1,1,0,2,0,1,0,0,2,0,0,0,0,1,0,0,4,2,0,3,0,0,0,0,0,2,0,0,0,2,0,0,1,0,1,0,2,2,1,0,0,0,0,0,0,0,0,0,0,0,0,1,0,0,0,1,1,3,0,3,0,0,0,1,0,0,0,0,1,0,0,1,0,0,0,0,1,0,0,0,1,0,6,0,0,0,0,0,0,0,0,1,1,0,1,0,0,0,0,0,0,3,0,0,0,1,1,0,0,0,0,0,2,0,0,0,0,0,0,0,0,0
0,1,0,2,0,0,1,2,3,11,2,9,5,27,0,0,15,24,0,0,0,33,0,21,2,0,0,34,5,9,0,6,2,11,0,3,0,28,2,6,3,4,27,1,12,12,31,40,0,0,0,7,11,0,0,24,11,1,5,0,5,0,0,11,21,35,0,1,5,0,2,14,0,2,0,2,0,0,0,3,0,0,1,1,0,0,7,0,11,32,2,2,0,0,6,2,1,0,0,0,6,12,1,1,0,2,6,4,0,11,0,1,3,0,10,0,3,2,0,0,32,0,0,0,0,0,9,0,0,1
0,0,0,0,0,0,0,0,0,0,0,0,0,0,0,0,0,0,0,0,0,0,0,0,0,0,0,0,0,0,0,0,0,0,0,0,0,0,0,0,0,0,0,0,0,0,0,0,0,0,0,0,0,0,0,0,0,0,0,0,0,0,0,0,0,0,0,0,0,0,0,0,0,0,0,0,0,0,0,0,0,0,0,0,0,0,0,0,0,0,0,0,0,0,0,0,0,0,0,0,0,0,0,0,0,0,0,0,0,0,0,0,0,0,0,0,0,0,0,0,0,0,0,0,0,0,0,0,0,0
4,0,0,0,1,0,1,0,0,7,0,14,0,0,7,0,3,2,0,0,0,7,0,10,5,1,0,12,2,2,0,1,0,6,0,0,0,7,1,1,3,2,3,0,0,25,8,0,4,2,0,9,1,1,1,9,6,0,0,0,17,0,5,3,5,8,0,1,8,0,0,3,0,1,0,1,0,0,0,1,0,0,0,1,1,4,1,21,0,17,23,0,0,0,0,0,0,0,0,1,3,1,5,1,0,5,3,2,1,4,1,6,1,0,9,0,0,2,0,0,7,34,0,13,0,1,0,0,0,0
0,0,0,0,0,0,4,0,0,1,0,3,0,1,0,0,0,0,0,0,0,1,0,2,1,0,0,0,1,0,0,0,0,4,0,0,0,0,0,0,0,0,0,0,0,0,1,0,0,0,0,0,0,0,0,1,4,0,0,0,0,0,0,0,2,3,0,0,5,0,0,2,0,0,0,0,0,0,0,2,0,2,0,0,0,0,1,0,0,1,1,0,0,0,0,0,0,0,0,1,0,0,0,0,0,7,0,1,0,0,0,0,1,0,1,0,3,0,0,0,1,0,0,0,0,0,0,0,0,0
0,0,0,0,0,0,0,0,0,0,0,0,0,0,0,0,0,0,0,0,0,0,0,0,0,0,0,0,1,0,0,0,0,0,0,0,0,0,0,0,0,0,0,0,0,0,0,0,0,0,0,0,0,0,0,0,0,0,0,0,0,0,0,0,0,0,0,0,0,0,0,0,0,0,0,0,0,0,0,0,0,0,0,0,0,0,0,0,0,0,0,0,0,0,0,0,0,0,0,0,0,0,0,0,0,1,0,0,0,0,0,0,0,0,0,0,0,0,0,0,0,0,0,0,0,0,0,0,0,0
0,0,0,0,0,2,0,0,0,0,0,0,0,0,0,0,1,0,0,0,0,0,0,1,0,0,0,0,0,0,0,0,0,0,0,0,0,1,0,0,0,0,0,0,0,0,0,0,0,0,0,0,1,0,0,0,0,0,0,0,1,0,0,0,0,1,0,0,0,0,0,0,0,0,0,0,0,0,0,0,0,0,0,0,0,1,0,0,0,0,1,0,0,0,0,0,0,0,0,0,0,0,0,0,0,0,0,1,0,0,0,0,0,0,0,0,0,0,0,0,0,0,0,0,0,0,0,0,0,0
0,0,0,0,0,1,0,0,0,0,0,0,0,0,0,0,0,0,0,0,0,0,0,0,0,0,0,0,1,0,1,0,0,0,0,0,0,0,0,0,0,0,0,0,0,0,0,0,0,0,0,0,0,0,0,0,0,0,0,0,0,0,0,0,0,0,0,0,0,0,0,0,0,0,0,0,0,0,0,0,0,0,0,0,0,0,0,0,0,0,0,0,0,0,0,0,0,0,0,0,0,0,0,0,0,0,0,0,0,0,0,0,0,0,0,0,0,0,0,0,0,0,0,0,0,0,0,0,0,0
5,0,0,0,0,2,1,0,2,16,2,6,1,4,0,0,4,6,0,0,0,11,1,4,5,0,1,8,6,6,5,9,3,10,0,1,0,3,5,0,5,8,3,0,1,5,4,2,0,3,0,8,7,0,0,11,7,1,1,2,10,3,0,10,4,13,0,4,4,0,2,4,0,5,0,2,7,1,6,7,0,1,3,2,1,2,10,1,2,32,20,1,0,0,0,0,0,0,0,0,3,9,4,0,0,9,8,4,0,7,0,1,2,0,17,1,1,2,0,0,15,2,0,1,0,0,3,0,0,4
0,0,0,0,0,0,0,0,0,0,1,1,0,3,0,0,1,1,0,0,0,2,0,0,3,0,0,1,0,0,0,2,0,2,0,0,0,2,0,0,0,0,1,0,0,1,4,0,0,0,0,0,0,0,1,2,1,0,0,0,0,0,0,2,3,2,0,0,0,0,0,0,0,1,0,1,0,1,0,0,0,0,0,0,0,0,0,0,3,0,1,0,0,0,0,1,0,0,0,0,0,0,0,0,0,0,0,0,0,5,0,0,0,0,1,0,1,0,0,0,3,0,0,0,0,2,0,0,0,0
0,0,0,0,0,1,0,0,0,0,0,1,0,1,0,0,0,0,0,0,0,0,0,0,0,0,0,0,0,0,0,0,0,0,0,0,0,0,0,0,0,0,0,0,0,0,1,0,1,0,0,0,0,0,0,0,0,0,0,0,0,0,1,2,0,0,0,0,0,0,0,0,0,0,0,0,0,0,0,2,0,0,0,0,0,1,0,0,1,0,1,0,0,0,0,0,1,0,0,0,1,1,0,0,0,0,0,0,1,0,0,0,0,0,0,0,0,0,0,0,1,0,0,0,0,0,0,0,0,0
1,0,0,0,0,0,0,0,0,1,0,0,0,0,0,0,0,0,0,0,0,0,0,0,0,0,0,1,1,0,0,0,0,0,0,0,0,0,0,0,0,0,0,0,0,0,0,0,0,0,0,0,0,0,0,0,0,0,0,0,0,0,0,0,0,0,0,0,0,0,0,0,0,0,0,0,0,0,0,0,0,0,0,0,0,0,0,0,0,0,0,0,0,0,0,0,0,0,0,0,0,0,0,0,0,0,0,0,0,0,0,0,0,0,0,0,0,0,0,0,0,0,0,0,0,0,0,0,0,1
2,1,0,0,3,0,0,50,1,2,5,93,0,6,0,1,7,3,0,0,0,8,1,16,1,1,0,13,6,2,0,1,7,5,0,0,0,0,4,0,4,1,3,0,10,5,21,1,1,18,2,21,0,0,3,3,30,0,2,0,5,0,1,7,13,13,1,2,44,4,0,1,0,3,0,0,3,14,24,7,0,3,7,19,0,2,5,1,4,10,7,10,2,0,5,0,0,0,0,2,14,3,3,9,0,6,0,0,0,7,0,1,1,0,17,0,0,3,0,0,19,1,0,0,4,0,8,0,0,1
6,0,3,0,3,4,1,0,0,26,1,8,4,2,1,0,2,3,1,0,0,5,2,5,0,2,0,14,36,0,2,10,0,4,0,2,1,1,3,0,47,0,14,0,1,2,8,2,0,2,0,5,4,0,0,8,10,1,1,2,53,2,0,10,9,7,0,2,5,1,0,15,0,19,0,9,5,1,2,25,1,0,0,0,0,2,8,0,3,45,14,1,0,0,0,0,15,0,0,0,2,10,5,0,0,6,29,6,0,2,0,0,2,0,15,0,0,9,0,0,15,1,0,0,0,0,12,0,0,1
0,0,0,2,0,0,0,0,0,4,0,7,0,4,0,0,5,4,0,0,0,12,0,17,1,0,0,9,0,1,0,4,8,3,0,4,1,2,0,0,2,0,5,0,0,1,16,2,0,0,0,10,0,0,3,6,10,0,2,1,2,33,0,9,6,3,0,0,21,0,0,2,0,2,0,1,0,0,0,8,0,1,0,0,1,0,0,0,3,15,6,0,0,0,0,0,0,0,0,2,1,6,3,0,0,5,6,1,0,5,0,0,0,0,3,0,2,1,0,0,9,0,0,0,0,2,0,0,0,0
0,0,0,0,0,0,0,0,0,0,0,0,0,0,0,0,0,0,0,0,0,0,0,0,0,0,0,0,0,0,0,0,0,0,0,0,0,0,0,0,0,0,0,0,0,0,0,0,1,0,0,0,0,0,0,0,0,0,0,0,0,0,2,0,0,0,0,0,0,0,0,0,0,0,0,0,0,0,0,0,0,0,0,0,0,0,0,0,0,0,0,1,0,0,0,0,0,0,0,0,0,0,0,0,0,0,0,0,0,0,0,0,0,0,0,0,0,0,0,0,0,0,0,0,0,0,0,0,0,0
1,0,0,26,0,0,20,387,0,3,0,24,0,8,127,0,22,20,0,0,0,35,0,608,1,0,113,51,35,0,0,4,30,31,0,0,0,32,5,0,12,96,14,0,2,9,374,3,0,0,0,191,8,4,8,319,16,0,2,3,56,3,1,19,62,15,0,0,15,7,0,2,0,9,0,15,3,0,0,5,0,1,0,8,1,176,9,0,0,5,23,1,4,0,1,0,20,0,0,227,10,419,2,6,12,5,97,138,0,255,1,0,9,0,17,0,201,0,1,0,332,30,0,70,0,7,155,0,4,0
1,0,0,0,0,0,0,0,0,1,0,2,0,0,2,11,1,3,0,0,0,0,0,1,0,1,0,1,2,0,0,0,0,0,0,1,0,0,0,0,0,0,3,0,0,1,0,0,1,2,0,1,0,0,1,1,0,0,0,1,1,0,1,2,3,2,0,1,1,0,0,1,0,1,0,2,1,0,2,5,0,0,0,0,0,0,0,0,1,3,3,0,0,0,1,0,0,0,0,0,0,0,0,0,0,1,0,0,0,2,0,0,0,0,2,0,1,0,1,0,1,0,0,0,1,0,3,0,0,0
7,0,1,0,2,3,0,15,0,12,11,9,0,2,0,0,4,6,0,0,0,4,5,5,2,1,0,12,11,2,1,4,0,9,0,0,0,2,4,0,5,1,5,0,0,2,5,2,0,4,0,10,0,0,2,11,9,0,7,6,10,1,6,11,10,8,0,4,1,0,1,4,1,4,0,6,3,1,13,12,0,0,2,1,0,1,10,0,0,18,17,0,0,0,0,1,1,0,0,1,7,6,2,0,0,8,12,1,0,6,0,0,1,0,12,0,2,4,0,0,5,0,0,0,8,1,7,0,0,0
10,0,0,0,8,3,0,0,0,12,19,11,0,9,0,0,1,3,0,0,0,6,3,2,1,3,0,2,3,1,0,1,1,10,0,0,0,1,13,0,4,1,0,4,1,3,5,1,1,3,0,5,0,0,1,4,5,2,1,0,5,0,4,6,9,4,0,5,2,5,0,2,0,2,0,2,6,1,7,9,0,1,3,1,1,0,5,0,3,8,11,0,0,0,0,0,1,0,0,0,2,5,0,0,0,3,1,1,2,2,0,0,2,0,4,0,0,5,1,0,7,0,0,0,0,0,3,0,0,1
29,0,0,0,28,19,0,4,1,18,90,9,0,1,8,0,2,3,0,0,0,2,32,5,4,4,0,8,45,0,10,15,0,1,0,0,0,9,39,0,21,0,20,20,0,2,9,1,74,18,0,12,0,0,2,11,25,5,2,2,31,2,4,24,14,4,0,3,2,10,0,10,1,7,0,39,9,3,50,48,4,0,56,0,2,3,7,2,1,21,7,1,0,0,0,0,2,0,0,6,2,11,8,18,0,11,29,23,84,6,1,1,1,0,9,0,2,3,0,0,16,3,0,1,1,0,17,0,0,6
0,0,0,0,0,0,0,0,0,0,0,3,0,2,0,0,1,0,0,0,0,1,0,0,0,0,0,0,0,0,0,0,0,0,0,0,0,0,0,0,0,0,0,0,0,0,0,0,0,0,0,0,0,0,0,1,0,0,0,0,2,0,0,2,0,1,0,0,0,0,0,0,0,0,0,0,0,0,0,0,0,1,0,0,0,0,0,0,0,1,0,0,0,0,0,0,0,0,0,0,0,1,0,0,0,2,1,0,0,1,0,0,0,0,0,0,0,0,0,0,0,0,0,0,0,1,0,0,0,0
0,0,0,0,0,0,0,0,0,1,0,2,1,0,0,0,7,1,0,0,0,0,0,2,1,0,0,2,0,0,8,1,0,0,0,0,0,0,17,0,1,0,0,0,0,1,0,0,0,0,0,4,0,0,3,3,1,4,0,0,3,0,2,0,2,8,0,0,1,0,0,0,0,0,0,0,1,0,0,0,0,0,0,0,0,0,0,0,0,1,2,0,0,0,0,0,0,0,0,0,1,1,0,1,0,2,0,0,0,1,1,1,0,0,3,0,1,0,3,0,1,1,1,0,0,0,0,0,0,0
0,0,0,1,0,0,0,0,0,4,0,26,1,13,1,0,19,13,0,0,0,22,0,23,1,0,2,36,8,2,21,6,9,20,1,0,0,30,30,0,5,4,7,0,1,3,38,2,2,1,0,41,14,3,11,23,20,28,0,1,35,0,10,10,29,77,0,0,22,0,1,6,0,9,0,7,1,0,0,2,0,1,0,1,1,4,3,5,7,41,42,0,0,0,0,0,0,0,0,11,1,8,5,0,1,26,6,6,1,5,0,1,3,0,24,0,3,0,1,0,33,6,0,1,0,0,1,0,0,0
18,0,0,0,0,2,0,0,0,0,13,3,1,0,0,0,0,4,0,0,0,2,11,1,2,4,0,4,2,0,0,6,0,2,0,1,0,0,0,0,1,0,6,0,4,1,4,0,0,1,0,1,1,0,1,3,1,0,0,1,1,0,0,1,0,1,0,0,1,0,0,1,0,1,1,0,0,0,0,4,0,0,1,0,0,0,0,0,2,6,1,0,0,0,2,0,0,0,0,0,6,0,6,0,0,0,2,0,0,6,0,0,1,0,2,0,0,0,0,0,1,0,0,0,3,0,1,0,0,1
5,0,0,0,2,16,0,0,0,9,0,3,0,5,0,0,2,0,0,0,0,1,1,1,1,0,0,0,1,2,0,1,0,0,0,1,0,1,0,0,3,0,1,0,15,2,3,1,1,3,0,0,0,0,0,1,2,0,0,1,1,0,0,4,3,5,0,43,1,0,0,2,0,0,0,1,6,0,1,2,0,0,0,1,0,1,0,0,2,2,6,2,0,0,0,2,0,0,0,0,1,3,0,0,0,1,0,1,0,3,0,0,0,0,1,1,0,0,0,1,5,0,0,0,0,0,1,0,0,0
4,0,0,0,1,0,0,0,0,11,4,4,0,8,0,0,1,0,0,0,1,1,5,1,1,0,0,2,4,2,0,5,1,3,0,0,0,1,1,0,5,0,2,0,3,5,4,1,6,4,0,1,0,0,1,2,1,0,1,3,0,0,19,6,6,3,0,18,1,0,0,5,0,0,0,1,22,0,0,2,0,0,0,2,0,1,4,0,0,0,4,0,0,0,0,0,0,0,0,0,0,2,0,0,0,2,3,0,4,1,0,0,0,0,1,1,2,1,0,0,6,0,0,0,0,1,1,0,0,0
0,0,0,0,0,1,0,0,0,0,0,0,0,1,0,0,0,0,0,0,0,0,0,0,0,0,0,0,0,0,0,1,0,0,0,1,0,0,0,0,0,0,0,0,1,0,1,0,3,0,0,0,0,0,0,0,0,0,0,0,1,0,16,0,2,0,0,2,0,0,0,0,0,0,0,1,5,0,0,1,0,0,0,0,0,0,0,0,0,3,1,0,0,0,0,0,0,0,0,0,0,0,0,0,0,0,0,1,2,1,0,0,0,0,0,0,0,1,0,0,0,0,0,0,0,0,0,0,0,0
2,0,0,0,0,0,0,0,2,6,16,3,1,2,0,0,8,9,0,0,0,6,2,21,18,2,37,6,0,2,0,20,0,7,0,3,0,11,0,1,1,1,9,0,6,2,11,0,0,0,0,11,0,0,0,40,6,0,2,4,0,1,0,3,8,4,0,0,1,0,0,3,0,8,0,1,1,3,0,5,0,2,4,1,0,12,2,0,11,8,5,1,1,0,1,0,0,0,0,1,10,4,11,0,0,2,1,2,0,42,0,0,4,3,7,0,4,0,0,0,11,0,0,0,1,3,1,0,0,0
5,0,0,0,1,0,0,0,1,0,171,1,0,0,0,0,0,4,0,0,0,0,36,2,2,0,0,6,2,1,0,4,0,1,0,0,0,0,6,0,0,0,16,0,0,2,3,0,0,0,0,3,0,0,1,6,0,0,1,0,2,0,0,4,4,6,0,0,0,0,0,1,0,5,0,0,0,0,4,1,0,0,45,0,0,1,0,0,2,4,1,0,0,0,0,0,0,0,0,0,2,0,1,0,0,2,1,0,0,0,0,0,0,1,4,0,0,0,1,0,4,0,0,0,0,2,1,1,0,0
0,0,0,0,0,0,0,0,0,0,0,1,0,1,0,0,3,0,0,0,0,0,0,0,0,0,0,0,0,0,0,0,0,0,0,0,0,0,0,0,0,0,1,0,0,0,0,0,0,0,0,0,0,0,0,1,0,0,0,0,1,0,0,0,0,1,0,0,0,0,0,1,0,0,0,0,1,0,0,0,0,0,0,0,0,0,0,0,0,0,1,0,0,0,0,0,0,0,0,0,0,0,0,0,0,2,0,0,0,0,0,0,0,0,0,0,0,0,0,0,0,0,0,0,0,0,0,0,0,0
5,0,0,0,215,5,0,3,1,3,3,9,0,2,0,0,1,2,0,0,0,2,0,2,0,5,0,1,5,0,0,1,1,0,0,1,0,1,2,0,0,0,5,3,1,4,0,1,4,115,0,1,1,0,1,0,3,0,0,5,4,0,0,0,1,3,0,1,7,0,0,0,0,1,0,1,0,5,38,2,0,1,20,6,0,0,0,1,0,5,4,72,0,0,2,0,0,0,0,0,5,0,0,0,0,0,0,0,2,0,0,0,0,0,6,0,2,1,0,2,1,2,0,0,0,1,0,0,0,50
0,0,0,0,0,0,1,0,0,3,0,21,0,52,19,0,15,8,1,0,0,16,0,28,11,0,0,23,0,34,0,2,6,100,2,1,0,26,0,0,9,0,6,0,2,0,183,3,23,0,0,59,0,0,2,60,30,2,45,6,7,2,0,20,25,16,0,0,3,0,0,5,0,1,0,21,1,9,0,35,0,6,0,1,15,0,8,53,14,48,5,0,0,1,0,0,0,0,0,15,0,11,0,15,0,5,11,8,17,3,0,60,19,0,8,0,7,5,0,0,118,43,0,22,0,2,1,0,4,0
0,0,0,0,0,0,7,0,0,0,0,5,0,0,37,0,3,0,0,0,0,4,0,11,0,0,0,2,0,0,0,1,0,5,0,1,0,4,1,0,3,0,0,0,1,0,6,3,0,0,0,5,0,0,0,0,27,0,1,1,1,1,0,0,4,2,0,0,2,2,0,0,0,0,0,0,0,0,0,12,0,1,0,0,0,0,0,0,0,8,3,0,0,0,1,0,10,0,0,3,1,4,0,1,0,14,2,2,0,0,0,0,2,0,3,0,1,0,0,0,6,1,0,34,0,0,0,1,2,0
0,0,0,0,0,0,1,0,0,0,0,3,0,1,0,0,1,0,0,0,0,3,0,2,0,0,0,1,0,0,0,0,1,1,0,0,0,0,0,0,1,0,0,0,0,1,1,1,0,0,0,0,0,0,0,1,0,0,0,0,2,0,0,0,0,5,0,0,2,0,0,1,0,0,0,0,1,0,0,0,0,0,0,0,0,0,0,0,1,3,3,0,0,0,0,0,0,0,0,1,0,0,1,0,0,6,1,0,0,0,0,0,0,0,2,0,0,0,0,0,0,0,0,0,0,0,0,0,0,0
0,0,0,0,0,0,0,0,0,1,0,1,0,1,0,0,0,1,0,0,0,0,0,1,0,0,0,1,0,1,0,1,0,1,0,0,0,0,0,0,0,0,0,0,0,0,0,0,0,0,0,5,0,0,0,1,3,1,0,0,0,1,0,1,2,3,0,0,2,0,0,2,0,0,0,0,0,1,0,3,0,1,0,1,1,0,1,0,1,3,1,0,0,0,0,0,0,0,0,0,0,0,0,0,0,0,1,0,0,2,0,0,1,0,0,0,2,0,0,0,5,0,0,0,0,0,0,1,0,0
1,0,0,0,0,0,0,0,0,0,0,0,0,0,0,0,1,1,0,0,0,1,1,2,1,1,0,0,0,2,0,0,0,0,0,0,0,0,0,0,0,0,2,1,0,0,1,0,0,0,0,0,0,0,0,0,1,0,0,0,0,0,0,1,0,0,0,0,0,0,0,0,0,0,0,0,0,1,0,1,0,0,0,0,0,0,0,0,0,1,1,0,0,0,0,0,0,0,0,0,0,0,0,0,0,0,0,0,0,0,0,0,0,0,0,0,0,0,0,0,1,0,0,0,0,0,0,0,0,0
13,0,0,0,3,2,0,4,0,6,0,3,0,4,3,0,0,1,0,0,0,2,2,6,8,30,0,5,2,0,0,4,0,2,0,0,0,1,0,0,1,0,1,0,0,1,9,0,2,1,0,5,0,0,0,2,9,0,1,7,6,2,49,2,3,4,0,4,1,0,5,0,0,1,0,13,2,2,3,5,0,0,1,0,2,6,2,11,1,8,6,0,0,0,0,0,0,0,0,0,5,1,1,0,0,3,3,3,2,2,0,7,2,0,4,0,1,24,0,0,4,4,0,4,0,1,0,0,0,0
1,0,0,0,0,2,0,0,0,3,0,0,0,0,0,0,0,1,0,0,0,0,0,0,1,1,0,1,1,1,0,0,1,0,0,1,0,1,0,3,0,0,0,0,1,4,1,0,0,4,0,1,0,0,0,0,1,0,0,0,0,0,1,0,1,0,0,3,1,0,0,3,0,0,0,0,0,1,0,3,0,0,0,0,0,1,0,0,0,2,19,6,0,0,0,1,0,0,0,0,2,0,1,0,0,0,0,0,0,2,0,0,0,0,0,0,0,0,1,2,1,0,0,0,0,1,0,0,0,1
36,1,0,0,8,0,0,0,0,0,4,2,0,0,0,0,0,1,0,0,0,0,1,1,0,8,0,7,0,1,0,3,0,1,0,0,0,1,0,0,0,0,4,35,2,0,0,0,0,1,0,1,1,0,0,2,1,0,0,1,0,0,0,0,1,1,0,0,0,28,0,1,0,3,0,0,0,0,0,4,0,0,0,7,0,0,0,0,0,0,0,2,13,0,0,0,0,0,0,0,24,1,1,16,0,0,0,0,0,0,2,0,0,0,1,0,0,0,0,0,1,0,0,0,0,2,1,0,0,4
0,0,0,0,0,4,0,3,0,0,0,0,0,0,0,0,0,0,0,0,0,0,0,1,0,1,0,0,1,0,0,0,0,0,0,0,0,0,0,0,0,0,0,0,0,0,0,0,0,2,0,0,0,0,0,0,0,0,0,0,0,0,0,0,0,0,0,0,0,0,0,0,0,0,0,4,1,0,0,2,1,0,0,0,0,0,0,0,0,1,0,0,0,0,0,0,0,0,0,0,0,0,0,0,0,0,0,1,0,0,0,0,0,0,1,0,0,0,0,0,0,0,0,0,15,0,20,0,0,0
0,0,0,0,0,0,0,0,0,0,0,4,0,9,0,0,2,0,0,0,0,0,0,3,4,0,0,2,2,9,0,0,2,3,0,0,0,2,0,0,4,0,0,0,1,0,56,0,3,0,0,4,1,0,0,2,6,0,1,0,1,0,0,4,3,2,0,0,1,0,0,0,0,0,0,7,1,1,0,13,0,2,0,0,0,0,2,0,2,5,0,0,0,0,0,0,0,1,0,0,0,0,1,0,0,4,0,2,0,3,0,0,1,0,1,0,0,1,0,0,23,0,0,0,0,0,0,0,0,0
0,0,0,0,0,0,1,0,0,0,0,0,0,0,0,0,0,0,0,0,0,0,0,0,0,0,0,0,0,0,0,0,0,0,0,0,0,0,0,0,0,0,0,0,1,0,0,0,0,0,0,0,0,0,0,0,1,0,1,0,1,0,0,0,0,0,0,0,0,0,0,0,0,0,0,0,0,0,0,0,0,0,0,0,0,0,0,0,0,0,0,0,0,0,0,0,0,0,0,0,0,0,0,0,0,0,0,0,0,0,0,0,0,0,1,0,0,0,0,0,0,0,0,0,0,0,0,0,0,0
