0.18128,0.25,0.24324,0.26364,0.51,0.47936,0.25495,0.25654,0.72754,0.39817,0.14219,0.37302,0.36895,0.30612,0.28525,0.39409,0.25201,0.41176,0.28488,0.30345,0.48519,0.5044,0.6,0.36243,0.14286,0.27619,0.95624,0.25229,0.20868,0.68297,0.34457,0.22304,0.37707,0.37831,0.15006,0.29778,0.30815,0.37425,0.21918,0.64126,0.21053,1,0.36322,0.30825,0.15385,0.23232,0.30491,0.33062,0.36994,0.52583,0.18182,0.47988,0.63803,0.42708,0.48662,0.22173,0.50893,0.12825,0.4484,0.31322,0.19928,0.19366,0.28836,0.46404,0.62682,0.13372,0.38336,0.67528,0.30077,0.35532,0.19342,0.28788,0.49336,0.17304,0.54,0.43907,0.31953,0.24896,0.18779,0.25036,0.33824,0.15598,0.39945,0.42534,0.31296,0.18201,0.40625,0.3815,0.14799,0.28784,0.37524,0.69154,0.37759,0.16092,0.41158,0.35714,0.19098,0.19971,0.25746,0.2807,0.35474,0.33237,1,0.31429,0.4155,0.38596,0.51201,0.69863,0.31783,0.95697,0.22284,0.61808,0.24041,0.44533,1,0.60673,0.19419,0.32426,0.21839,0.50915,1,0.43735,0.286,0.54848,0.71954,0.40728,0.1828,0.34773,0.28715,0.76053,0.32911,0.50929,0.3375,0.60355,0.41955,0.17472,0.23529,0.16932,0.33151,0.35262,0.36207,0.22293,0.48295,0.49186,0.23333
0.40277
3,0,9,0,7,1,2,5,2,16,1,9,59,4,0,2,0,3,243,149,1,172,0,0,83,0,6,5,7,4,158,0,1,0,91,3,41,0,73,4,164,0,1,80,0,0,39,33,54,0,28,23,2,48,0,1,5,0,6,25,4,20,1,2,13,6,1,1,0,10,15,52,31,24,14,98,5,6,16,78,4,0,12,3,2,2,0,0,15,26,29,1,105,0,256,3,23,11,3,14,88,5,0,16,29,0,2,1,80,0,11,7,13,14,0,2,1,0,1,0,0,24,17,12,2,20,1,12,4,1,0,18,0,2,5,0,0,14,85,12,0,0,0,1,0
23,0,1,3,153,209,4,11,0,174,90,25,25,44,82,31,52,16,17,43,0,5,0,6,34,16,13,3,3,349,59,6,47,12,56,1,23,4,4,2,32,0,44,26,2,8,118,57,1,0,30,7,1,164,0,7,0,18,174,7,9,124,12,40,7,11,8,6,23,264,141,17,0,31,5,0,2,39,16,53,4,4,27,0,7,10,0,2,10,13,0,2,3,26,1,2,7,133,32,8,4,6,0,8,15,0,6,3,1,1,8,229,5,0,0,2,18,13,16,2,0,14,0,2,8,2,0,306,143,1,2,2,2,51,70,5,80,2,1,8,0,2,0,151,2
3,0,1,1,6,9,3,19,1,14,20,2,18,4,1,11,0,2,43,27,2,7,1,1,86,0,4,25,8,14,56,0,14,0,29,6,68,2,39,0,50,0,4,35,0,3,53,30,1,0,34,12,2,12,0,2,4,13,8,32,5,54,6,3,6,12,1,3,3,17,18,21,2,24,4,5,2,10,20,29,3,7,14,0,0,4,1,0,12,4,4,5,11,6,2,2,18,23,25,5,3,21,0,7,51,0,4,0,15,0,19,16,16,5,0,9,5,0,2,0,0,20,11,1,1,12,5,32,9,6,1,3,0,7,1,2,1,10,20,3,0,0,0,0,0
3,0,6,6,1,0,0,2,12,1,2,59,9,1,4,10,0,0,76,59,0,5,0,0,38,2,4,12,13,3,59,0,1,0,39,7,26,4,80,5,85,0,0,32,0,3,3,44,28,0,12,11,2,7,0,3,9,0,4,5,7,4,4,0,7,18,1,1,1,2,1,14,156,7,6,128,1,2,5,38,4,0,0,11,1,3,26,0,10,62,194,0,4,0,16,5,13,1,0,6,116,2,0,4,15,2,1,0,82,0,51,2,19,35,0,3,0,0,1,0,0,51,145,0,2,123,10,0,2,8,0,10,0,0,4,1,1,181,182,62,0,0,0,0,0
10,0,0,0,2,1,0,2,1,21,3,5,3,0,0,1,0,2,49,69,0,2,0,0,24,3,5,8,0,8,9,0,1,4,93,1,16,0,15,0,33,0,0,10,0,0,12,15,1,0,16,12,0,10,0,3,2,0,1,4,1,16,1,0,1,3,0,0,1,14,11,2,3,7,0,0,1,2,8,70,1,0,7,0,1,0,0,0,1,2,5,0,1,2,4,3,21,3,2,1,2,1,0,5,8,0,0,0,10,0,9,3,5,0,0,0,6,1,3,1,0,56,0,0,1,4,3,36,6,0,0,0,1,4,0,0,0,9,8,1,0,0,0,1,1
24,0,0,2,1,1,1,1,0,4,9,11,4,1,1,7,0,3,15,6,3,0,1,1,27,0,2,42,6,4,4,2,6,0,13,5,41,1,13,0,17,0,0,5,0,2,20,2,0,0,20,20,2,1,0,0,7,27,2,9,3,20,0,0,3,22,3,7,1,3,11,15,4,5,3,0,2,2,10,13,0,11,8,2,1,1,0,0,4,0,1,7,2,1,0,1,20,4,32,0,2,13,0,2,23,0,0,1,0,0,36,6,22,0,0,30,2,2,1,0,0,8,4,1,8,4,5,5,7,9,0,5,1,2,1,2,1,14,18,2,0,1,0,0,0
3,0,4,4,18,16,0,4,1,17,9,16,14,195,21,10,0,10,77,220,0,7,1,1,51,4,9,2,4,2,276,6,15,3,28,5,32,4,22,4,10,0,1,127,0,1,14,244,2,0,19,17,0,94,0,7,2,1,365,9,19,43,6,3,18,9,10,0,0,12,23,18,5,9,1,1,2,19,4,17,17,3,5,0,1,17,1,0,3,6,11,0,4,5,5,0,0,40,7,15,13,2,0,12,24,0,3,0,2,0,6,20,0,0,0,4,1,1,0,1,0,8,6,2,1,2,0,39,5,2,1,1,0,4,4,0,0,12,24,5,0,4,0,13,0
0,0,0,0,0,0,0,0,0,0,0,0,0,0,0,0,0,0,0,0,0,0,0,0,0,0,0,1,0,0,0,0,0,0,0,1,0,0,0,0,0,0,0,2,0,0,0,0,0,0,0,5,1,0,0,0,0,0,0,0,0,0,0,0,0,0,0,0,0,0,0,0,0,0,0,0,0,0,0,0,0,0,0,0,0,0,0,0,0,0,0,0,0,0,0,0,0,0,3,0,0,0,0,0,0,0,0,0,0,0,0,0,0,0,0,2,0,1,1,0,0,0,0,0,0,0,0,0,0,0,0,0,0,1,0,0,0,0,0,0,0,0,0,0,0
8,0,0,1,0,1,4,38,0,1,28,1,13,28,87,19,0,0,9,4,1,79,0,27,5,1,14,2,12,0,14,30,9,6,11,8,21,47,2,1,12,0,22,8,0,63,8,0,1,0,7,310,6,2,34,4,0,11,22,37,76,32,8,5,3,3,99,4,23,10,18,42,0,20,14,0,27,6,0,4,0,7,14,1,1,0,0,13,21,1,1,5,273,4,9,9,8,139,207,0,0,0,0,2,14,1,1,0,0,2,14,18,16,1,0,50,138,59,47,11,0,8,5,8,2,0,2,30,2,7,1,12,0,26,108,9,0,6,0,1,1,1,1,0,1
4,0,0,0,0,0,0,152,1,0,0,0,2,0,0,5,5,0,0,0,5,0,0,0,0,0,0,1,3,0,0,4,1,0,6,0,4,26,0,0,3,0,8,0,0,0,1,1,0,1,2,0,3,1,0,0,0,7,0,5,0,1,6,0,0,10,5,3,0,1,3,12,0,0,6,0,0,0,0,3,1,1,0,0,0,1,0,0,77,0,0,5,0,0,0,0,3,11,1,0,0,0,0,0,0,0,3,0,0,0,3,1,1,0,0,1,41,0,6,0,0,0,1,1,6,0,0,0,0,1,0,0,0,0,1,1,6,0,0,2,0,1,19,0,0
1,0,0,0,0,0,0,0,1,0,0,0,0,0,0,2,0,0,0,0,0,2,0,1,0,0,0,0,0,0,0,1,0,0,4,1,1,1,0,0,0,0,0,0,0,0,0,0,0,0,0,0,3,0,0,0,0,1,0,3,1,4,0,0,0,0,1,0,1,0,2,0,0,0,1,0,1,0,0,6,0,3,2,0,0,0,0,0,18,0,0,1,3,0,1,0,0,2,2,2,0,0,0,1,0,0,1,0,0,0,0,0,0,0,0,0,3,2,3,0,0,0,2,0,0,0,1,0,0,1,0,0,0,13,5,1,0,0,0,0,0,1,0,0,0
0,0,0,0,5,1,0,0,0,6,11,2,0,3,1,1,0,0,2,1,0,0,1,1,3,1,4,8,0,0,2,4,2,1,4,1,4,2,0,0,1,0,1,0,0,5,5,0,0,0,3,6,0,0,0,0,0,45,32,1,9,40,1,0,2,1,2,3,1,4,21,4,0,5,0,0,2,5,2,0,0,6,7,0,0,1,0,0,0,0,0,2,3,2,0,1,1,13,19,0,0,1,0,0,3,0,0,0,0,2,5,0,4,0,0,2,8,1,6,0,0,0,2,0,0,0,1,26,1,1,1,0,0,3,0,8,0,0,0,0,0,0,0,0,0
1,0,0,0,0,1,0,0,0,2,11,4,2,1,0,1,0,0,0,0,0,1,0,0,1,0,0,1,0,1,0,9,0,0,4,0,0,0,1,0,1,0,1,0,0,7,0,0,0,0,1,0,0,0,0,0,1,1,0,0,0,0,2,0,0,2,12,0,0,4,2,1,13,2,1,0,15,7,1,0,0,3,1,1,0,0,0,6,0,0,0,0,0,10,2,0,0,8,1,0,7,0,0,0,1,0,1,0,0,0,2,2,0,0,0,0,0,12,1,1,0,0,0,2,0,0,0,0,2,0,2,0,0,0,0,3,1,0,0,1,0,0,0,0,9
38,0,0,6,41,9,8,31,2,45,54,23,41,29,10,18,35,6,3,15,0,4,3,15,23,7,3,7,17,41,13,5,42,26,65,8,35,5,2,9,8,0,65,6,1,5,34,20,0,3,27,7,4,17,0,17,4,18,26,9,8,73,12,3,18,6,9,7,15,75,49,25,3,27,18,1,8,21,13,50,16,11,28,0,39,15,0,0,11,14,2,5,7,23,1,1,22,45,43,8,0,23,0,17,23,0,23,1,0,0,11,36,13,0,0,4,32,6,24,3,0,19,2,2,12,2,1,125,60,2,8,1,11,14,36,9,16,16,7,2,0,6,4,18,5
16,0,0,2,0,0,0,0,0,1,0,11,1,2,0,4,0,0,4,3,3,0,0,0,8,2,0,18,6,1,2,1,0,0,8,1,0,0,2,3,4,0,0,3,0,32,0,5,0,0,3,23,5,0,0,0,0,0,0,1,19,0,1,0,1,13,0,1,2,0,2,8,3,0,0,0,0,2,0,3,3,0,0,0,0,0,10,0,0,0,9,0,0,0,0,12,72,1,4,0,1,0,0,2,6,22,2,0,4,0,43,0,21,0,0,8,0,0,0,0,0,46,34,0,2,29,40,0,4,1,0,26,0,1,0,0,0,18,18,1,0,0,0,0,0
0,0,0,0,0,0,3,10,0,2,3,1,0,0,0,0,0,0,0,0,2,1,0,10,0,0,0,1,0,0,0,0,0,0,1,1,2,0,1,0,3,0,0,0,0,1,0,0,0,0,23,2,1,0,12,0,2,1,0,10,2,4,6,1,2,20,0,2,30,2,8,1,0,10,1,0,15,3,0,0,0,2,22,0,0,2,0,0,0,2,0,3,2,6,2,0,0,1,0,0,0,2,0,0,3,0,6,0,0,0,2,29,1,0,0,1,8,13,1,3,0,2,0,0,1,0,1,0,0,1,4,1,0,2,0,1,0,1,0,0,1,1,0,0,0
3,0,0,0,0,0,1,0,1,0,0,0,1,0,0,7,0,0,1,0,2,0,0,3,0,0,0,1,1,0,0,1,1,0,0,2,0,4,0,1,2,0,1,0,0,0,0,0,0,0,2,3,0,0,2,0,0,0,0,0,0,5,0,8,0,1,0,0,1,0,0,0,0,1,2,20,0,0,0,0,2,0,0,0,0,0,0,0,1,0,1,0,0,0,1,0,0,0,1,0,2,0,0,0,0,0,0,0,0,1,1,3,1,0,0,2,1,4,4,0,0,2,12,0,0,0,1,0,0,11,0,3,0,3,0,1,0,1,0,0,0,0,0,0,0
10,0,8,4,5,5,9,15,202,11,18,14,259,1,2,11,0,3,4,8,0,18,21,4,13,8,4,8,9,2,2,0,12,10,5,123,8,0,5,16,4,1,6,6,0,1,13,5,0,3,23,21,4,0,8,77,114,10,2,3,23,11,21,1,3,20,2,1,2,7,19,33,260,15,324,0,100,1,10,3,2,9,6,94,117,15,0,0,56,116,70,1,21,15,54,2,0,39,19,11,11,15,0,77,35,0,46,6,0,0,22,9,0,1,0,12,21,2,1,7,0,7,1,18,5,1,0,22,12,1,2,3,5,13,206,3,4,21,8,8,0,0,0,2,0
36,0,0,29,26,8,15,16,1,6,43,17,12,116,8,4,1,5,2,12,0,2,0,2,8,25,6,6,20,2,21,89,2,9,8,10,19,7,0,0,0,0,42,12,1,63,0,49,0,9,34,6,0,4,4,33,0,16,6,9,10,36,25,5,4,11,73,2,32,64,48,1,0,23,9,0,7,121,9,3,14,11,9,0,6,58,0,45,15,0,2,2,3,67,0,0,2,14,14,9,0,16,0,3,22,0,28,1,0,0,4,2,1,3,0,8,49,41,45,14,0,0,0,0,7,0,0,62,16,1,45,0,3,7,1,33,11,59,0,10,3,18,1,7,6
8,0,0,0,5,0,0,0,1,2,1,0,18,6,0,14,0,0,9,4,1,0,0,13,6,0,2,7,20,1,17,20,6,1,2,134,10,2,2,143,79,0,2,0,0,7,1,2,0,5,5,0,21,1,1,10,0,28,4,0,3,30,15,3,4,20,12,549,1,14,4,9,0,2,14,0,0,2,1,7,16,4,2,0,3,22,1,0,8,0,19,1,0,2,1,0,10,0,4,3,0,0,0,0,7,0,1,0,2,6,2,7,1,3,0,7,7,17,35,3,0,2,24,2,1,5,51,13,4,0,3,0,0,9,0,12,3,3,4,1,1,2,0,0,0
0,0,0,0,0,0,0,0,0,0,0,0,0,0,14,0,0,0,0,0,0,0,0,0,0,0,0,0,1,0,0,0,2,0,0,1,0,0,0,0,0,0,3,1,0,1,0,1,0,0,0,0,0,0,24,0,0,0,5,3,29,1,0,0,0,0,0,0,0,0,0,0,0,0,0,0,0,0,0,0,0,0,0,0,0,1,0,0,0,0,1,0,0,0,0,0,0,3,0,0,0,0,0,0,0,0,0,0,0,0,0,0,3,0,0,0,2,0,1,26,0,0,0,0,0,0,0,0,0,1,0,7,0,1,0,0,0,0,1,0,0,0,0,0,0
11,0,0,0,1,1,5,4,745,2,2,0,5,4,0,3,55,0,34,5,0,0,0,5,6,0,3671,0,12,2,14,11,1,1,3,2,4,48,0,1,24,0,4,0,0,3,1,5,1,0,6,11,869,1,0,12,1,29,1,39,8,25,1,5,2,11,6,3,14,5,24,7,0,13,13,1,2,1,1,48,0,3,7,0,1,1,0,11,4,0,8,3,196,7,2,1,0,1,13,3,1,1,0,1,3,1,0,0,0,1579,17,971,4,0,2,28,13,77,48,1,0,377,6,0,2,1,0,3,1,578,0,16,0,749,0,7,23,5,3,256,3,0,25,1,0
0,1,0,0,0,0,10,2,3,6,14,1,8,2,0,3,62,49,51,6,0,0,0,3,2,1,6,5,8,1,1,7,2,8,5,4,5,0,2,0,5,0,3,2,1,6,0,1,0,2,2,1,1,0,1,4,2,7,0,8,3,5,9,1,0,4,3,1,1,13,6,4,1,4,3,1,4,6,12,1,0,2,10,0,2,2,0,2,2,0,2,0,0,6,1,1,0,0,1,1,0,1,0,0,8,3,0,0,0,4,2,0,0,1,0,6,11,12,1,1,0,11,1,0,0,2,5,0,0,6,2,7,0,5,1,0,61,7,8,18,0,1,0,0,1
54,0,0,7,4,3,23,32,8,32,92,11,15,35,4,20,6,1,1,2,0,2,1,3,14,10,0,21,40,8,4,16,40,11,28,5,17,4,2,2,0,0,35,7,2,49,14,13,0,19,18,3,0,1,8,19,0,67,8,6,4,29,40,5,11,16,31,8,24,48,37,16,0,30,5,0,28,48,7,19,1,73,44,2,18,16,1,3,2,5,6,5,11,47,2,2,5,48,38,4,0,14,1,7,13,0,16,5,0,0,10,6,11,2,0,4,83,54,70,8,1,3,0,0,8,2,0,36,37,7,21,1,6,7,7,47,12,58,1,26,2,14,1,2,18
33,0,0,3,1,5,17,22,1,17,72,35,11,29,3,16,5,0,1,1,0,7,3,21,23,11,1,25,15,9,2,28,36,19,11,3,16,1,3,2,6,0,30,4,1,44,9,8,2,11,33,7,2,3,5,23,2,79,14,13,10,39,38,21,10,21,71,5,51,39,39,46,6,35,13,1,42,58,14,1,0,73,44,5,6,21,0,7,6,3,7,4,7,49,3,0,1,41,54,0,1,19,0,4,23,0,6,6,0,0,9,10,1,5,0,3,56,30,42,4,0,3,1,2,7,0,0,23,32,6,22,0,9,7,5,37,3,38,4,24,1,20,1,2,18
61,1,0,13,0,7,116,17,1,3,41,47,5,28,1,8,55,0,0,0,0,0,0,0,3,78,1,4,125,3,8,91,1,9,20,6,1,4,3,1,1,0,5,1,2,138,0,6,6,69,13,0,0,0,200,100,2,4,2,0,8,0,70,74,0,13,49,1,26,31,44,2,1,10,3,0,11,180,40,0,1,35,3,1,134,58,0,66,2,26,9,0,2,51,2,0,0,10,7,0,0,0,0,2,5,0,5,2,0,8,1,0,1,53,0,3,46,286,109,167,0,1,2,0,4,0,0,4,5,5,85,0,5,1,0,16,46,181,3,120,21,4,2,8,21
0,0,0,0,0,0,1,78,0,0,0,0,1,0,0,3,0,0,0,0,5,0,0,1,0,0,0,0,3,0,0,2,0,1,2,1,1,21,0,0,0,0,5,0,0,2,0,0,0,0,3,1,2,0,0,0,0,4,0,4,0,2,3,0,0,3,1,0,2,0,0,7,0,0,1,2,0,0,0,3,2,7,1,1,0,1,0,0,47,0,0,7,1,2,0,0,0,8,0,0,0,0,0,0,0,0,7,1,0,0,1,2,1,0,0,0,30,1,3,0,0,0,1,1,0,0,0,0,0,0,0,2,0,1,3,0,1,0,0,1,0,0,5,0,0
2,0,0,0,0,0,0,3,0,0,0,0,2,1,5,7,1,2,44,2,5,0,0,12,2,0,0,2,6,0,5,2,4,143,2,4,1,2,0,0,4,0,393,1,0,2,1,6,0,3,4,0,1,1,12,0,0,3,3,192,111,25,4,12,0,4,7,0,2,1,4,30,0,2,4,1,1,1,0,3,8,0,1,0,13,1,0,0,4,0,6,1,1,0,1,2,0,0,1,2,0,0,0,3,2,0,0,0,0,1,2,0,3,0,0,5,23,2,7,5,0,0,19,8,8,1,0,0,0,30,0,274,0,7,0,3,2,0,1,2,1,0,1,0,0
3,0,0,0,9,0,2,32,1,1,6,0,26,71,22,21,0,1,59,2,5,2,0,77,10,0,63,2,9,1,19,25,4,89,8,19,12,250,0,0,129,0,345,0,0,19,5,3,0,3,8,26,13,1,5,5,0,52,72,301,97,232,8,58,2,8,281,4,27,9,45,190,0,17,41,0,9,13,1,17,0,7,6,1,2,1,0,5,34,1,2,33,40,2,17,27,13,36,195,5,0,2,0,3,9,0,1,0,1,5,9,86,14,0,0,523,214,89,190,1,0,4,10,65,45,0,2,50,3,35,0,110,3,98,1,20,1,2,1,5,0,0,0,0,0
122,0,0,11,0,1,2,0,1,1,4,86,0,12,31,2,0,0,4,28,0,0,0,0,11,87,1,32,24,1,3,2,0,0,58,0,3,1,5,0,17,0,0,8,0,18,0,34,2,0,1,3,3,1,0,1,2,0,37,2,14,3,3,0,1,13,0,0,2,3,8,2,2,2,0,0,1,5,0,11,69,0,1,1,1,1,5,0,0,2,13,0,0,1,0,31,54,1,2,0,2,0,0,0,3,20,0,0,15,0,96,0,77,0,0,5,0,0,0,0,0,46,15,0,0,16,36,1,4,2,2,2,0,0,0,0,0,85,43,14,0,0,0,0,1
4,0,0,0,0,1,26,0,0,2,12,4,8,1,1,5,0,0,2,2,5,0,0,53,17,0,0,8,7,1,0,0,1,0,5,7,11,0,10,0,2,0,0,4,0,6,0,0,0,0,138,12,4,0,0,7,5,2,1,9,1,4,3,11,2,23,0,0,69,10,21,2,0,42,0,0,7,71,1,1,0,3,59,0,0,1,0,1,2,0,2,1,2,6,0,1,1,0,1,1,0,5,0,0,327,0,0,0,0,0,11,22,2,0,0,2,2,7,4,0,0,30,0,0,0,0,0,3,64,2,0,0,1,5,0,0,0,1,6,2,0,0,0,4,0
5,1,0,0,0,1,108,6,2,26,52,57,1,1,1,7,0,0,1,2,5,0,0,191,21,1,0,10,3,8,1,6,4,0,15,1,18,1,34,1,4,0,1,2,1,10,5,1,1,1,98,11,1,2,18,2,0,7,0,6,3,12,4,2,11,15,1,1,234,36,34,4,1,86,0,0,12,38,5,2,0,3,290,1,0,6,0,0,0,1,3,9,7,19,2,1,0,10,2,0,0,4,0,0,49,0,3,0,0,1,3,34,0,0,0,0,8,18,0,3,0,9,0,0,1,1,0,1,44,0,1,0,2,24,0,2,0,4,4,7,0,5,0,0,3
0,0,0,0,0,0,61,1,0,0,3,5,0,2,2,1,0,0,0,1,2,0,0,27,4,3,0,1,0,0,0,1,0,0,0,0,1,0,12,0,0,0,0,0,1,0,0,1,0,2,3,1,0,0,17,2,0,0,1,1,1,1,0,1,1,3,4,1,172,6,11,0,0,10,0,0,4,1,1,0,0,0,58,0,0,5,0,0,0,0,0,0,0,1,0,0,1,1,0,0,0,0,0,0,13,0,0,0,0,0,4,3,0,0,0,1,0,21,0,9,0,4,0,0,0,0,0,0,0,0,1,0,0,1,0,0,0,1,1,1,0,2,0,1,1
33,1,2,8,0,1,2,9,1,7,9,63,17,0,1,10,0,0,39,24,4,8,0,1,50,8,9,138,13,24,12,0,12,0,122,2,43,2,20,2,16,0,0,10,1,14,8,11,0,0,15,22,2,2,0,0,5,6,0,16,8,29,8,2,9,33,0,2,3,9,7,15,7,18,5,2,1,6,9,172,2,2,12,1,1,2,9,0,6,2,7,1,6,3,3,65,62,4,4,2,2,2,0,12,15,8,2,0,37,0,60,4,94,0,0,7,1,0,1,0,0,87,11,0,5,56,36,14,6,3,0,14,0,3,0,0,0,37,42,5,0,0,0,2,0
14,0,1,2,0,2,0,3,0,1,1,329,1,3,0,0,0,0,0,7,0,0,0,0,2,27,1,2,6,0,6,0,2,1,28,0,0,0,3,0,0,0,0,14,0,1,0,112,0,0,0,2,0,0,0,2,2,0,2,0,2,1,2,0,0,8,1,0,0,1,1,3,0,2,0,3,3,1,1,4,0,2,1,1,6,4,4,0,4,4,9,0,0,0,1,0,0,4,1,1,1,0,0,2,5,0,2,0,1,0,8,0,1,0,0,3,0,1,0,0,0,1,39,0,0,4,0,0,2,2,0,3,0,0,0,0,0,77,15,5,0,0,0,0,0
2,0,1,0,0,0,1,1,0,0,0,0,5,1,0,0,0,2,36,0,0,0,0,18,1,0,0,2,0,0,5,0,1,2,1,11,2,6,0,0,0,0,8,0,0,1,0,1,0,0,0,3,1,0,1,2,0,5,0,16,15,13,1,0,0,0,6,2,0,0,4,0,0,0,3,0,0,0,0,1,4,0,0,0,1,0,1,0,0,0,3,0,0,0,0,0,0,0,5,11,0,0,0,4,0,0,0,0,1,2,0,0,1,0,0,90,5,3,8,0,0,0,12,1,0,1,0,1,0,2,0,1,0,0,0,3,0,0,4,2,0,0,0,0,0
3,0,4,2,1,149,2,0,3,5,1,9,64,0,3,2,0,0,3,5,0,11,3,0,7,6,1,2,7,1,6,2,2,11,5,30,1,0,3,11,2,0,5,2,0,2,3,1,1,1,4,10,0,2,51,79,29,0,7,0,24,1,5,1,0,8,0,0,0,1,4,14,29,1,33,2,19,6,0,1,0,1,1,35,169,5,0,0,35,103,74,0,3,2,212,1,1,5,3,48,1,0,0,44,6,0,33,0,0,0,22,3,0,3,0,1,1,0,1,32,0,1,0,18,0,0,0,5,0,0,0,6,27,0,2,2,0,7,3,5,0,0,0,91,0
25,0,0,0,3,0,0,13,0,2,1,0,8,5,0,320,0,0,3,3,131,1,0,12,3,0,1,27,17,13,4,5,250,0,3,6,261,160,0,0,23,0,8,0,0,3,1,1,6,285,50,3,258,7,2,5,0,66,1,5,2,153,10,271,430,21,3,46,0,8,5,10,0,1,8,1,2,21,0,8,10,51,1,39,0,85,0,0,103,1,1,482,0,40,18,1,5,3,6,0,1,71,0,1,2,0,25,153,1,5,1,1,7,139,0,2,20,33,52,22,0,1,8,198,626,1,36,5,2,0,208,1,0,117,0,2,1,0,1,3,21,35,29,0,0
2,0,0,0,0,0,2,196,1,0,2,0,4,1,0,9,94,0,0,4,24,0,0,2,0,0,0,3,3,0,2,1,0,0,4,0,8,7,0,0,0,0,1,0,0,2,0,0,0,12,18,0,9,0,0,0,0,2,0,1,1,1,171,0,2,14,2,3,0,1,2,3,0,1,7,245,0,1,0,2,2,2,1,5,1,9,0,0,48,0,1,5,0,3,0,0,0,3,1,1,55,0,0,0,1,0,277,1,0,29,0,28,4,0,0,1,20,4,10,0,0,0,1,4,14,0,3,0,1,0,1,0,0,0,0,0,48,2,0,0,0,7,85,0,0
5,0,0,0,0,0,0,11,0,0,0,0,4,0,0,3,0,11,10,0,0,0,0,9,1,0,2,4,2,1,3,2,0,5,5,10,9,6,0,0,1,0,27,0,0,2,1,0,0,7,4,0,8,0,1,1,1,21,0,133,0,25,6,0,0,6,8,1,3,5,8,7,0,0,11,2,1,0,0,5,1,6,1,0,0,0,0,0,95,0,1,6,0,1,2,0,0,0,2,7,0,0,0,0,1,0,1,0,0,0,3,0,7,0,0,4,148,12,55,0,0,0,4,0,4,0,1,2,0,3,3,2,0,9,0,9,0,1,1,1,0,1,0,0,0
2,0,0,0,6,0,0,0,0,0,0,0,4,1,0,1,0,0,3,2,1,0,0,1,2,0,1,1,2,2,2,4,4,0,0,4,8,8,0,4,18,0,1,0,0,3,2,0,0,2,3,0,8,1,0,2,0,24,7,0,4,23,6,0,3,2,2,86,0,4,1,7,0,0,4,0,2,1,0,1,1,1,0,0,0,2,0,0,6,0,0,5,0,0,0,2,1,1,8,2,0,1,0,2,0,0,0,1,0,3,5,3,1,0,0,14,8,13,25,1,0,1,4,1,1,0,8,2,0,1,6,2,0,9,0,11,0,0,0,0,0,1,0,0,0
8,0,0,0,0,0,0,2,0,0,2,1,2,0,0,0,0,0,2,1,0,0,0,0,6,1,1,8,6,1,1,0,4,0,2,1,0,0,1,0,4,0,1,2,0,3,2,3,0,0,1,6,0,0,0,0,0,7,1,10,3,2,4,0,1,5,0,1,0,0,2,7,0,0,0,1,2,0,0,2,1,4,2,0,0,0,1,0,2,0,4,0,1,1,0,5,6,9,3,0,2,0,0,1,1,0,0,0,4,0,7,0,1,2,0,3,12,0,4,0,0,1,5,0,0,7,1,3,0,2,0,2,0,1,4,1,0,8,7,0,0,3,0,0,0
15,0,0,5,0,3,10,17,3,4,21,10,2,1,0,9,1,0,1,4,1,4,0,2,3,4,3,61,98,1,0,5,2,2,9,5,3,3,4,0,0,0,1,2,0,48,1,3,2,86,11,7,4,0,4,3,1,10,0,23,6,5,47,2,0,69,10,0,10,5,15,2,0,5,10,0,162,7,5,4,1,54,4,1,2,14,1,7,5,1,0,0,2,84,0,0,1,5,3,1,0,2,0,2,7,0,3,4,0,0,21,3,9,1,0,1,33,16,16,1,0,7,4,1,22,3,0,2,10,0,123,2,1,6,8,10,12,13,8,13,0,5,0,1,3
5,0,0,0,4,0,4,1,1,5,8,3,19,1,0,2,0,2,4,3,1,1,0,1,2,0,0,8,4,1,6,8,1,0,2,7,12,2,0,10,11,0,0,0,0,9,11,0,0,0,12,24,3,1,0,14,2,6,0,4,3,10,3,1,0,6,5,44,1,4,7,4,0,3,8,0,2,7,1,1,2,8,4,0,0,2,0,2,2,0,2,0,2,8,1,1,1,8,30,0,0,2,0,0,11,0,1,0,1,0,14,3,5,0,0,9,9,8,10,0,0,4,1,0,1,3,4,15,10,1,1,0,3,3,1,4,0,0,3,0,0,3,0,0,0
64,0,0,1,0,0,1,0,1,0,0,21,2,1,0,5,0,0,0,1,0,0,0,0,1,8,1,6,24,0,1,0,0,1,3,1,1,0,2,1,0,0,0,0,0,1,1,19,64,0,1,7,0,0,0,0,20,0,0,0,1,0,0,3,0,12,0,0,0,0,2,0,0,0,1,39,0,1,0,0,9,1,6,0,0,0,3,0,3,7,8,0,0,0,0,0,2,1,2,0,12,0,0,0,3,0,0,0,1,0,160,0,3,224,0,0,0,0,0,0,0,2,86,0,0,0,0,0,0,19,3,0,0,0,0,0,0,36,14,4,0,0,0,2,0
0,0,0,0,0,0,12,0,26,0,1,0,1,0,0,0,1,0,0,0,0,0,0,0,0,1,0,0,25,0,1,7,0,3,4,0,0,0,0,0,0,0,1,0,0,0,1,0,0,1,0,0,0,0,0,4,0,0,0,0,0,0,3,1,0,0,0,0,0,0,0,0,0,0,0,0,0,0,0,0,0,0,0,0,3,1,0,3,0,0,0,0,0,1,0,0,0,3,0,0,0,0,0,0,0,0,0,0,0,0,0,0,0,0,0,0,4,11,2,0,0,0,0,0,0,0,0,0,0,0,3,0,0,0,15,3,5,138,0,92,0,0,0,0,0
6,0,0,0,1,0,0,2,0,0,0,0,6,2,0,195,0,1,1,0,58,0,0,3,1,0,0,16,6,1,3,4,130,0,1,2,58,32,0,0,3,0,7,0,0,6,0,0,0,16,24,1,115,0,1,0,0,18,0,0,0,40,10,39,109,7,3,14,0,1,2,3,0,3,2,2,1,2,0,3,3,46,5,15,1,75,0,0,17,1,0,94,0,18,0,0,3,1,3,0,0,115,0,1,0,0,15,33,0,1,3,1,2,10,0,0,11,9,13,1,0,2,10,10,61,0,25,2,0,1,80,1,0,25,0,1,0,0,0,1,3,19,0,0,0
0,0,0,0,0,0,0,6,0,0,0,0,0,0,0,2,0,0,0,0,3,0,0,0,0,0,0,1,4,0,0,1,0,0,0,0,0,1,0,0,1,0,0,0,0,0,0,1,0,1,0,0,1,0,0,0,0,0,0,0,0,0,7,0,0,3,0,0,0,0,0,0,0,0,2,2,1,0,0,0,0,2,0,0,0,2,0,0,5,0,0,1,0,1,0,0,0,2,0,0,0,0,0,0,1,0,16,0,0,0,0,1,0,1,0,0,1,0,0,0,0,0,1,1,2,0,0,0,0,0,0,0,0,0,2,0,1,1,0,0,0,0,2,0,0
