0.13869,0.5,0.26667,0.19444,0.59355,0.40359,0.30963,0.21558,0.57932,0.25153,0.12522,0.49203,0.41558,0.4026,0.31,0.39506,0.41176,0.24598,0.26216,0.29665,0.62371,0.27654,0.19832,0.32099,0.91123,0.20349,0.2197,0.85393,0.39279,0.35563,0.47619,0.22957,0.12844,0.25532,0.37413,0.36474,0.27807,0.74766,0.25325,0.24573,0.31818,0.5,0.38961,0.52091,0.24008,0.30818,0.48837,0.12621,0.48257,0.38972,0.58706,0.40625,0.2132,0.48592,0.20362,0.39273,0.3595,0.22826,0.19176,0.36815,0.43582,0.51786,0.13031,0.37222,0.71595,0.17483,0.36531,0.21805,0.25641,0.53398,0.17102,0.49051,0.39447,0.23697,0.19388,0.22754,0.19634,0.21348,0.189,0.23554,0.4,0.22704,0.279,0.40278,0.7625,0.17323,0.21839,0.43667,0.59298,0.73177,0.14315,0.45433,0.23913,0.15333,0.19101,0.3288,0.18447,0.31048,0.29496,0.15768,0.45791,0.25,0.68605,0.5625,0.40359,0.9699,0.25122,0.8126,0.19291,0.25536,0.62911,0.15914,0.35437,0.14387,0.37872,0.42664,0.26403,0.5035,0.42547,0.512,0.19565,0.30678,0.30303,0.97097,0.37086,0.41522,0.2093,0.57857,0.39692,0.19251,0.32271,0.2621,0.31143,0.36794,0.26087,0.47253,0.52913,0.5
0.46337
3,0,4,0,3,1,0,10,1,11,4,3,20,1,4,0,1,107,69,0,121,0,71,0,21,6,4,0,68,0,6,0,49,11,54,7,33,1,117,3,30,0,2,10,11,30,0,24,20,1,32,0,0,5,1,6,28,1,15,2,0,10,5,0,0,0,5,5,40,16,28,10,76,2,2,12,25,0,0,2,7,2,0,2,0,13,13,15,0,14,0,189,1,9,11,2,9,65,0,18,30,0,0,1,49,0,18,5,4,51,7,0,0,1,0,26,15,4,3,8,0,10,0,2,1,9,0,2,23,0,0,11,56,16,0,0,2,0
5,0,0,1,92,180,7,5,0,16,47,4,14,20,1,87,33,10,45,0,3,1,35,5,85,1,2,152,55,5,18,15,44,5,15,2,2,0,7,46,8,0,6,137,45,2,1,18,3,1,26,0,7,0,5,144,4,9,149,3,7,6,2,0,0,22,179,145,7,0,13,4,1,0,30,24,75,3,2,21,3,8,6,0,0,5,4,1,1,2,46,2,0,1,51,12,24,1,2,21,3,0,3,1,0,0,2,56,3,0,0,6,19,6,0,6,0,1,0,0,0,181,0,0,1,0,0,12,29,2,59,1,4,0,1,2,109,0
5,0,0,2,1,1,1,11,0,14,29,5,5,0,16,0,0,32,26,1,3,4,34,3,15,12,5,0,26,0,5,0,30,5,53,2,19,0,20,4,18,0,1,13,20,0,0,26,12,4,3,0,3,3,10,7,28,2,19,1,1,8,4,0,1,0,11,13,25,5,39,1,1,2,3,9,37,1,1,16,1,0,2,0,0,2,1,0,2,5,6,3,0,5,7,8,10,2,3,9,36,1,0,1,7,0,18,5,7,4,3,3,0,1,0,6,11,0,3,6,1,20,6,0,0,2,0,1,0,0,0,3,16,0,0,3,1,0
5,0,2,8,0,1,0,3,8,3,7,40,5,0,7,0,0,41,36,1,2,0,29,3,22,11,18,0,22,1,1,0,19,5,38,2,52,2,62,0,14,0,2,0,20,20,0,11,12,0,3,0,1,3,0,4,7,6,4,9,1,8,19,0,2,0,2,1,16,131,0,2,126,2,1,2,16,1,0,1,5,1,0,6,0,8,24,131,6,2,1,9,0,23,1,1,8,77,0,13,12,3,0,0,90,0,21,0,8,57,3,0,0,0,0,35,80,0,2,64,7,2,0,4,0,9,0,1,1,0,0,130,109,44,0,1,0,0
1,0,0,2,1,4,2,4,1,14,3,2,6,0,5,0,3,37,28,0,1,0,16,3,8,3,0,1,12,0,0,1,54,0,11,0,9,0,18,5,8,0,0,3,7,0,0,1,7,2,3,0,3,1,0,2,5,0,14,0,0,5,1,0,0,0,11,18,2,3,10,0,0,1,2,7,22,0,0,3,2,0,0,0,0,1,1,2,1,2,1,0,0,10,2,3,8,2,1,9,5,0,0,0,9,0,2,0,7,0,2,2,1,0,0,25,1,0,2,1,1,26,0,1,0,0,0,3,1,0,0,1,8,1,0,0,4,0
7,0,0,2,8,0,1,0,0,6,5,4,1,0,20,0,0,2,4,5,0,6,15,2,4,22,3,0,0,0,0,0,12,3,29,1,11,0,13,1,5,0,1,11,3,0,0,18,9,2,0,0,4,4,8,2,2,3,2,1,0,2,21,1,5,1,4,3,16,1,16,1,0,1,0,3,3,0,2,7,1,1,1,3,0,3,0,0,0,3,4,0,1,7,2,8,1,0,7,1,25,0,0,0,4,0,11,5,9,0,6,1,1,0,0,12,0,1,3,2,1,9,10,0,0,4,1,0,1,0,0,4,7,2,1,0,0,0
3,0,2,4,14,6,0,6,0,18,38,11,5,93,3,0,0,36,124,0,4,1,52,8,12,2,3,2,218,6,6,0,16,7,38,1,7,2,1,2,63,1,0,13,127,1,0,15,14,1,118,0,2,3,1,227,14,2,25,1,0,12,3,0,0,1,10,9,27,1,8,0,3,1,23,1,9,7,0,3,1,0,7,0,0,4,4,3,1,2,5,0,0,1,14,2,13,0,2,15,13,0,2,0,8,0,6,4,0,0,1,3,2,0,0,10,4,0,2,0,0,17,1,1,2,0,0,0,1,0,1,1,9,6,0,1,5,0
0,0,0,0,0,0,0,0,0,0,0,0,0,0,0,0,0,0,0,0,0,0,0,0,0,0,0,0,1,0,0,0,0,0,0,1,0,0,0,0,0,0,0,0,0,0,0,0,3,0,0,1,0,0,0,0,0,1,0,0,0,0,0,0,0,1,0,0,0,0,0,0,0,0,0,0,0,0,0,0,0,0,0,0,0,0,0,0,0,1,0,0,0,0,0,1,0,0,0,0,0,0,0,0,0,0,0,0,0,0,0,0,1,0,0,0,0,0,0,0,0,0,0,0,0,0,0,0,0,0,0,0,0,0,0,0,0,0
1,0,0,0,1,1,5,34,0,0,15,0,10,12,16,1,0,6,4,2,34,35,2,0,24,1,5,0,6,7,2,6,6,4,5,13,0,0,7,15,0,0,37,2,2,0,0,3,180,4,0,60,4,1,6,57,22,31,13,6,3,0,5,41,1,13,4,7,57,0,6,13,0,5,1,1,21,1,10,8,2,1,0,2,0,5,0,4,3,52,0,30,3,2,34,145,2,1,4,5,4,0,0,0,0,1,8,22,25,0,26,59,17,30,31,5,0,2,2,1,0,28,0,2,3,12,0,38,81,4,0,0,0,1,0,1,0,0
2,0,0,0,0,0,0,52,1,0,0,0,1,1,2,4,0,0,0,2,0,0,0,0,0,0,1,0,0,1,0,0,1,1,2,2,0,0,0,5,0,0,0,1,0,0,0,0,0,6,0,0,0,0,3,0,1,2,2,11,0,2,6,1,0,0,1,2,12,0,0,1,2,0,0,0,5,2,0,0,1,0,1,0,0,40,0,0,1,0,1,0,0,2,2,1,0,0,0,0,0,0,0,0,0,0,0,0,3,0,0,24,3,3,0,0,0,0,3,0,0,0,0,1,0,1,0,1,1,2,0,0,0,0,0,8,0,0
0,0,0,0,0,0,0,0,0,1,0,0,0,0,0,0,0,0,0,0,0,5,0,0,0,1,0,0,0,0,0,0,0,0,0,0,0,0,0,0,0,0,0,0,1,0,0,0,0,0,0,0,0,0,1,0,0,1,0,0,0,0,0,0,0,0,0,0,1,0,0,0,0,0,0,0,1,0,0,1,0,0,0,0,0,1,0,1,0,0,0,0,0,0,1,2,1,0,0,3,0,0,0,0,0,1,0,0,0,0,0,0,0,2,0,0,0,0,0,0,0,0,0,0,0,0,0,14,6,0,0,0,0,0,0,0,0,0
0,0,0,0,4,0,3,0,0,1,1,0,0,2,0,0,0,1,4,0,0,1,0,0,3,2,1,0,1,0,1,0,0,1,0,0,0,0,4,1,1,0,0,4,0,0,0,0,3,0,0,0,0,0,16,8,0,1,5,0,0,1,1,1,0,0,2,8,1,0,1,1,0,0,1,0,1,0,5,4,0,0,0,0,0,0,0,0,0,4,0,0,0,0,1,11,0,0,0,0,0,0,0,0,0,1,3,1,1,0,2,2,1,3,0,0,0,0,0,0,0,3,0,0,1,0,0,2,0,3,0,0,1,0,2,0,0,0
1,0,0,0,0,0,0,0,0,3,5,0,0,1,0,0,1,0,0,0,1,0,0,0,0,0,0,0,0,5,0,1,0,0,1,0,0,0,0,0,0,0,2,0,0,0,0,0,0,0,0,0,0,1,0,0,0,1,0,0,0,0,0,11,0,4,1,1,2,5,0,0,0,7,0,1,0,0,1,1,1,0,0,0,0,0,0,0,0,2,0,1,0,0,1,1,1,0,0,0,0,0,0,0,0,0,0,0,1,0,0,0,1,1,0,0,0,0,0,0,0,1,2,0,0,0,0,0,0,0,0,0,0,0,1,0,0,0
5,0,0,2,6,8,6,15,0,2,62,10,28,5,4,45,6,3,11,0,1,1,13,7,19,7,10,2,13,7,9,44,44,14,27,5,1,1,3,44,12,0,6,23,23,0,4,16,1,1,0,0,15,6,21,11,2,3,56,4,0,8,6,3,0,9,49,82,17,0,54,11,0,5,12,16,58,15,2,32,0,51,8,0,0,2,15,0,1,10,47,1,0,3,13,19,17,2,7,11,1,0,0,1,1,0,9,3,5,0,2,27,14,9,0,6,4,0,16,3,3,92,4,5,7,1,3,5,12,6,15,5,4,3,6,10,13,0
11,0,0,0,0,0,0,1,0,0,1,5,0,0,4,0,0,2,3,0,0,0,5,5,1,10,3,0,0,1,0,0,5,1,2,2,1,0,2,0,0,0,2,0,3,0,0,1,13,6,0,0,0,1,0,0,1,14,1,1,0,1,12,0,0,0,0,2,1,2,0,0,1,0,0,0,1,2,0,2,1,0,0,29,0,1,0,5,0,0,0,0,11,20,0,0,1,1,0,0,3,1,0,1,1,0,16,0,27,0,4,0,0,0,0,42,8,0,0,4,9,0,0,0,0,17,0,0,0,0,0,7,12,1,0,0,0,0
0,0,0,0,0,0,6,2,0,1,1,1,2,0,3,0,0,0,0,10,0,16,0,0,0,2,0,0,0,2,0,0,1,2,1,0,1,0,3,1,0,0,2,0,1,0,0,6,1,4,0,6,0,0,1,0,1,0,0,2,0,3,13,0,0,31,1,7,1,0,6,0,0,5,0,1,0,0,0,14,0,0,2,0,0,0,0,0,2,6,4,2,0,0,1,1,0,0,4,0,6,0,3,0,0,0,1,14,0,0,0,5,2,1,5,0,0,0,0,0,1,1,0,0,1,0,0,2,0,0,0,0,0,0,1,0,0,0
0,0,0,0,0,0,1,0,1,0,0,0,1,0,3,0,0,0,0,1,0,4,0,0,5,1,0,0,0,1,0,0,0,1,0,2,0,0,0,0,0,0,0,0,0,0,0,0,3,2,0,0,0,0,0,0,1,1,3,0,13,0,2,1,0,0,0,0,0,0,0,0,10,0,1,0,0,1,0,0,1,0,0,0,0,1,0,3,0,3,0,0,0,0,0,0,0,5,0,0,0,0,0,0,0,0,0,1,0,0,1,0,2,1,0,0,6,0,0,0,1,0,0,3,0,0,0,1,0,0,0,0,1,0,1,0,0,0
4,0,1,2,2,3,13,7,218,41,21,5,192,0,12,1,5,5,6,2,9,3,6,3,19,2,9,0,2,2,4,11,5,96,25,4,2,5,6,9,8,0,1,0,9,0,2,18,6,0,0,4,56,69,11,2,4,10,17,23,0,4,8,1,2,1,4,16,21,220,21,155,1,42,2,2,4,1,3,14,108,47,17,0,0,33,38,37,1,5,13,17,0,0,31,4,25,36,7,36,10,0,3,4,0,0,18,3,1,1,9,10,2,2,1,4,3,2,21,0,0,28,11,0,0,3,5,5,129,0,0,7,6,54,2,6,3,0
11,0,0,11,4,6,16,17,0,1,70,11,12,19,4,3,0,0,5,1,1,0,4,12,25,2,5,2,29,38,3,3,15,14,5,0,0,0,0,27,2,0,64,1,72,1,5,5,1,0,4,2,51,0,17,6,0,4,36,5,3,5,5,9,0,37,46,63,6,0,3,4,0,5,57,2,8,2,12,13,1,4,28,0,8,13,1,1,1,2,71,1,0,0,9,9,4,0,3,6,0,0,3,0,0,0,9,2,0,1,2,32,31,51,11,1,0,0,13,0,0,24,0,0,14,2,2,4,0,36,1,20,0,10,2,1,6,0
4,0,0,0,2,0,0,1,0,0,0,0,19,1,11,0,0,4,5,1,0,9,6,0,8,5,10,0,6,3,2,1,7,89,9,0,0,80,26,3,0,0,3,6,7,0,0,6,1,12,5,0,4,0,47,0,1,3,15,15,0,6,11,3,184,0,2,7,4,0,0,4,0,0,2,0,14,3,4,3,0,0,9,0,0,14,3,15,1,0,3,0,0,0,0,2,1,0,1,5,2,0,0,0,0,3,2,3,5,0,5,1,12,16,2,1,39,0,2,1,12,6,0,1,0,0,0,6,0,15,0,0,2,1,2,1,0,0
0,0,1,0,0,0,0,0,0,0,0,0,0,0,0,0,0,0,0,0,0,1,0,0,0,0,0,0,0,0,0,2,0,0,0,0,0,0,0,3,0,0,0,1,0,0,0,0,0,0,0,24,1,0,0,6,0,4,0,0,0,0,0,0,0,0,0,0,0,0,0,0,0,0,0,0,0,2,0,0,0,0,0,0,0,0,0,0,0,0,0,0,0,0,0,0,0,0,0,0,0,0,0,0,0,0,0,0,0,0,0,0,0,0,10,0,0,0,0,0,0,0,0,0,0,0,0,0,0,0,0,0,0,0,0,0,1,0
4,0,0,0,1,0,7,15,577,0,1,0,13,1,2,47,2,15,7,11,0,16,17,0,6118,3,26,0,30,7,3,1,16,8,13,6,0,5,16,6,1,0,4,4,7,0,0,5,12,179,1,0,8,0,90,2,27,11,59,11,3,3,8,12,9,17,12,36,6,0,4,12,0,0,3,1,71,2,4,6,1,0,0,0,1,8,0,6,10,562,5,0,0,1,0,32,5,1,1,6,2,1,3,1,1,1482,14,1548,1,0,34,8,74,50,0,221,7,0,1,1,4,7,1,2074,3,10,0,567,0,11,19,3,5,202,2,22,0,0
2,0,2,0,0,0,13,0,7,1,3,3,3,1,1,15,42,16,6,3,0,4,2,1,5,2,3,0,1,2,1,4,2,2,0,2,0,0,0,1,1,0,1,2,0,0,0,1,0,0,0,0,0,1,3,1,3,0,2,5,0,0,1,1,2,6,5,2,2,2,2,4,0,1,1,2,1,0,3,6,1,1,2,0,0,1,0,1,0,0,1,2,0,1,0,1,1,0,0,0,2,2,2,0,4,4,0,0,2,1,1,3,7,3,0,5,1,0,1,3,1,0,1,3,0,2,1,7,4,0,14,1,5,10,2,0,0,0
22,1,0,8,1,12,26,10,72,4,71,8,7,2,17,1,0,0,3,0,2,2,7,13,5,13,30,4,2,19,3,8,20,4,8,2,0,0,1,30,0,0,35,7,17,0,8,4,0,0,0,5,23,2,43,5,3,4,34,18,6,6,11,26,3,51,35,38,24,1,18,5,0,15,23,17,28,4,42,28,1,25,20,0,1,2,6,4,3,3,65,1,1,0,23,24,6,0,11,5,7,0,3,0,0,0,7,2,9,0,1,45,44,29,3,1,2,0,11,1,0,25,10,1,15,0,8,4,3,23,6,14,1,29,8,0,3,0
16,0,0,3,2,25,43,14,6,9,69,8,8,2,18,3,0,0,1,7,3,9,3,26,6,12,12,2,5,23,4,9,8,6,14,6,3,0,3,37,2,0,14,6,18,3,7,15,5,5,0,5,16,1,30,17,10,4,12,13,16,2,13,62,3,99,25,29,34,0,42,7,2,30,15,17,12,3,48,52,10,29,28,0,1,3,5,1,5,3,33,0,0,2,15,21,3,0,12,1,6,0,3,4,0,0,5,4,3,16,0,39,32,5,6,0,0,0,11,0,1,13,30,0,9,1,9,0,2,12,4,11,1,14,18,3,2,1
38,0,0,4,0,96,135,4,3,0,18,23,6,4,3,29,0,0,1,0,0,1,2,78,20,1,87,1,4,101,2,21,38,2,1,1,0,0,0,27,1,3,150,0,17,25,30,0,0,7,1,143,84,0,1,0,3,6,8,27,63,2,7,35,0,100,29,32,5,0,0,0,0,12,56,38,7,2,29,19,1,89,89,0,61,2,11,2,0,2,35,0,0,0,5,3,1,0,1,0,0,0,4,0,0,3,0,0,1,111,1,19,219,61,89,0,0,0,4,0,0,8,0,1,39,3,1,5,1,29,36,90,0,72,3,0,11,0
0,0,0,0,0,0,1,31,0,0,0,0,3,0,1,0,0,0,0,9,0,1,1,0,0,0,0,0,0,0,1,2,1,1,0,8,0,0,0,2,0,0,0,0,0,0,0,0,1,1,0,0,0,0,1,0,1,2,0,5,0,0,5,0,0,0,0,0,9,0,0,0,0,0,0,0,0,1,2,0,1,0,0,0,0,11,0,0,1,0,1,1,0,0,1,1,0,0,1,0,0,0,4,0,0,0,0,0,1,0,0,10,0,1,0,0,1,0,1,0,0,0,0,0,0,2,0,4,6,0,0,0,0,0,0,6,0,0
1,0,0,0,0,0,0,1,0,0,0,0,4,4,2,0,1,9,1,0,0,11,0,0,2,5,1,0,0,1,0,50,1,3,0,6,0,1,4,128,1,0,0,0,0,0,3,0,0,0,0,7,2,1,1,4,61,43,5,4,9,1,1,3,0,6,3,1,16,0,1,1,0,0,0,0,0,1,1,1,0,37,1,0,0,6,0,3,1,0,0,6,0,2,0,4,4,0,0,3,0,0,0,0,2,0,0,0,7,0,2,8,2,2,5,1,5,9,3,1,0,2,0,1,0,120,0,6,0,0,1,0,1,1,0,0,0,0
3,0,0,0,7,0,1,20,2,0,2,1,16,47,9,1,1,48,5,11,0,112,4,0,147,11,3,0,23,6,3,59,7,33,7,81,1,0,92,144,0,0,10,4,3,0,4,6,18,21,0,6,11,0,30,29,174,63,71,2,46,0,3,134,2,38,13,39,150,0,6,31,0,6,6,1,23,3,2,7,2,3,1,0,0,19,0,3,17,55,8,68,10,7,8,90,4,0,2,4,4,1,0,0,0,10,4,115,27,0,268,81,41,60,4,3,5,72,21,0,2,35,1,22,1,72,1,116,1,14,1,0,1,0,1,2,1,0
35,0,1,3,1,9,2,0,6,2,2,29,1,11,3,0,2,1,24,0,0,0,7,30,1,24,13,0,2,7,0,0,13,0,6,0,4,0,11,0,5,0,2,1,16,5,0,4,2,1,0,0,1,6,0,29,0,8,1,0,0,1,14,0,0,0,0,0,5,2,0,0,0,1,0,0,2,19,0,1,1,0,1,14,0,0,0,6,1,0,0,1,5,19,1,0,0,0,0,2,11,1,0,0,9,0,35,0,27,0,2,0,1,0,0,33,4,0,0,4,18,0,2,0,1,4,0,2,0,0,0,123,37,18,2,0,0,0
1,0,0,0,0,0,23,1,0,4,13,1,1,0,8,0,0,1,3,15,0,33,0,0,3,4,1,1,0,2,2,0,2,3,7,0,2,0,5,1,0,0,9,0,2,0,0,39,4,6,0,3,2,1,0,0,4,0,1,1,7,0,17,0,0,12,4,10,1,0,33,0,0,0,22,1,0,0,3,53,1,0,1,0,0,0,2,4,5,7,1,0,0,2,2,6,0,0,0,2,223,0,0,0,1,0,9,41,0,0,1,0,3,0,1,9,4,0,2,1,0,2,9,1,2,1,0,3,0,0,0,0,1,0,0,0,1,0
0,0,0,1,0,0,56,2,1,2,20,20,4,0,16,0,2,1,0,19,0,75,3,0,1,6,0,2,0,7,0,2,11,0,4,0,10,0,5,0,0,1,7,1,3,0,0,23,5,14,0,8,0,1,1,0,1,0,4,2,1,2,12,0,0,57,9,24,6,0,72,1,0,1,12,1,1,0,4,114,0,1,2,0,2,2,0,0,5,6,18,0,1,1,12,0,0,0,3,0,29,0,0,0,1,0,3,42,0,0,0,16,5,1,16,10,0,0,3,0,0,2,5,0,3,0,2,9,0,1,0,2,8,1,1,0,1,0
1,0,0,0,0,1,28,0,0,0,5,2,0,1,1,0,0,0,0,8,0,14,0,1,0,1,0,0,0,4,0,0,1,1,1,1,2,0,0,2,1,0,0,0,1,0,1,3,0,3,0,11,0,0,0,0,0,0,1,0,0,0,3,0,0,46,0,4,1,0,9,0,0,1,0,0,0,0,0,35,0,0,0,0,0,0,0,1,1,0,1,0,0,0,2,0,0,0,0,0,11,0,0,0,1,0,2,14,0,0,0,1,6,3,10,2,0,0,0,0,0,0,0,0,1,0,0,2,0,0,0,2,3,3,1,0,2,0
9,1,1,14,1,3,2,5,0,0,6,39,5,0,26,0,0,22,19,3,0,2,9,5,43,70,19,9,2,0,3,0,70,4,25,2,19,0,8,0,5,0,1,3,9,0,0,7,9,4,2,0,1,4,3,1,11,4,19,11,0,13,29,0,1,0,3,6,12,6,14,1,0,3,0,1,118,0,1,2,1,2,2,7,0,5,3,4,2,12,3,0,10,20,1,6,8,0,1,16,16,2,1,0,23,0,36,1,49,1,6,1,0,1,0,40,2,0,4,20,11,18,0,2,1,11,0,2,0,0,0,14,22,5,2,0,3,0
17,0,0,1,0,2,0,3,0,0,6,247,1,1,0,0,0,1,6,0,0,0,1,26,1,3,1,0,2,3,1,0,18,1,1,0,0,0,0,0,3,0,0,0,73,1,0,0,3,0,2,0,0,0,0,4,0,2,1,1,0,0,5,0,0,0,0,2,1,1,3,1,1,0,1,0,3,0,0,1,0,10,10,4,0,5,4,4,0,0,0,0,0,0,1,0,0,1,0,0,7,0,0,0,4,0,9,0,3,0,9,0,0,0,0,2,16,0,0,0,0,0,0,1,0,2,0,0,0,0,0,14,12,2,0,1,2,0
0,0,0,0,0,0,1,0,0,0,0,0,0,0,0,0,1,15,3,0,0,7,0,0,2,0,0,0,3,0,0,0,0,3,1,1,0,1,1,4,0,0,0,0,0,0,0,0,0,1,0,2,0,0,2,0,5,1,1,3,0,0,0,0,1,1,1,2,1,0,0,1,0,0,0,0,0,4,0,0,0,1,0,0,0,0,0,1,1,0,0,0,0,0,0,0,3,0,0,4,0,0,0,0,1,1,0,0,2,0,18,1,0,2,0,0,2,0,0,0,0,0,0,0,0,0,0,1,0,0,0,0,1,0,0,0,0,0
0,0,1,1,0,84,0,1,8,4,9,1,24,0,1,0,0,3,1,0,4,0,3,5,1,0,1,0,3,3,0,14,2,9,1,0,2,1,0,2,0,0,2,0,1,0,0,10,3,0,1,54,72,9,1,0,0,7,1,2,0,0,1,0,0,0,1,1,12,12,1,14,1,10,3,0,2,0,0,1,29,73,2,0,0,9,34,8,0,1,2,56,0,0,3,0,38,0,0,38,2,0,1,2,2,0,12,0,0,0,0,2,1,0,29,1,1,8,1,0,0,3,0,1,1,0,4,0,0,0,0,2,3,2,0,1,35,1
23,0,0,0,0,0,0,3,0,0,0,0,22,0,155,1,0,6,4,62,0,3,2,0,61,24,2,0,10,1,100,0,6,8,269,120,0,0,6,10,0,0,0,2,2,21,189,8,0,288,0,7,5,0,32,1,9,5,128,12,146,174,9,0,8,0,4,20,8,0,0,4,0,0,8,0,14,1,23,2,44,0,22,0,0,66,0,5,169,0,59,19,0,2,2,5,2,2,23,1,3,0,6,36,0,1,6,7,4,131,1,12,27,37,9,0,5,35,137,0,5,5,0,0,112,0,0,84,0,3,4,0,0,2,1,23,0,0
0,0,0,0,0,0,0,83,0,0,0,0,2,0,2,160,0,0,1,10,0,3,1,0,2,0,2,0,1,0,0,0,3,5,5,13,0,0,1,3,0,0,1,0,0,1,6,3,0,5,0,0,0,0,1,0,0,0,1,141,0,3,11,1,3,2,1,2,6,1,0,3,157,0,1,0,9,1,1,1,12,0,8,0,0,38,0,1,0,0,7,1,0,0,3,2,1,37,0,0,1,0,118,1,0,16,1,1,3,0,0,13,4,0,0,0,1,0,2,0,1,2,0,0,2,0,0,5,0,0,81,0,1,0,2,86,0,0
0,0,0,0,0,0,0,5,0,1,0,0,4,0,1,0,0,8,1,1,0,14,1,0,5,2,0,0,2,0,0,1,1,1,0,1,0,0,4,5,0,0,0,0,1,0,3,2,0,10,0,0,0,0,1,0,42,3,8,2,0,1,10,2,0,4,1,5,10,0,0,7,0,0,0,0,1,1,5,0,0,1,0,0,0,30,0,1,1,0,2,0,0,2,0,0,3,0,0,0,0,0,1,0,0,2,0,0,2,0,2,42,2,11,0,0,6,0,2,0,0,0,0,0,0,0,0,15,1,3,0,0,0,0,0,0,0,0
2,0,0,0,1,0,0,0,0,0,0,0,5,1,1,0,0,0,3,0,0,2,1,0,5,1,0,0,2,1,0,0,1,6,2,1,0,1,7,1,0,0,1,2,0,0,0,2,0,2,0,1,0,0,24,1,0,1,11,3,0,1,1,2,11,1,3,3,6,0,0,2,0,0,1,0,3,0,1,1,1,0,1,0,0,4,1,2,1,0,2,0,0,0,1,0,0,0,0,5,1,0,0,0,0,1,2,0,1,0,3,4,4,4,0,0,4,1,1,0,4,4,0,1,5,0,0,2,0,7,0,0,0,1,0,0,0,0
5,0,0,0,1,1,1,1,0,1,2,3,1,0,2,0,0,0,3,0,0,1,4,0,4,3,5,0,0,0,0,0,0,1,0,0,1,0,1,1,3,0,0,2,1,0,0,0,3,0,0,0,0,0,6,0,1,4,2,0,0,1,5,1,0,0,1,1,5,1,0,2,0,1,0,0,2,0,1,0,0,0,1,1,0,0,1,1,0,0,0,2,3,3,1,0,0,0,0,1,0,0,0,0,0,0,4,0,0,0,1,0,0,0,0,4,2,0,0,2,0,2,2,0,0,0,1,0,5,1,0,2,5,0,1,0,0,0
9,0,0,3,0,1,18,15,6,2,27,0,2,0,6,5,1,0,2,4,3,2,1,2,8,53,65,0,1,13,0,2,6,4,1,3,3,2,1,10,2,1,13,0,2,0,109,1,4,4,0,1,4,3,8,0,5,5,5,20,0,0,46,6,0,11,3,9,4,0,9,4,0,50,2,1,4,1,55,6,3,3,19,2,4,3,0,3,0,2,25,4,0,1,1,4,1,0,1,0,4,0,1,0,0,0,9,2,2,3,1,26,21,16,2,5,2,8,15,0,1,12,1,0,42,0,0,2,3,10,6,3,3,4,5,0,1,0
2,0,0,0,2,1,1,0,0,1,3,0,4,0,1,0,0,0,3,0,0,3,0,0,0,5,5,0,0,4,0,0,0,10,3,2,0,5,5,0,2,0,5,2,1,0,0,2,9,2,0,1,9,1,9,1,3,2,5,0,0,1,3,1,15,1,1,5,1,1,2,6,0,0,1,2,0,0,5,1,0,0,1,0,1,0,1,1,1,0,1,0,0,1,0,10,1,0,1,1,4,0,0,0,4,1,5,1,1,0,1,1,5,7,0,2,2,0,0,2,2,2,3,0,0,0,5,2,0,2,0,0,0,1,0,0,0,0
14,0,0,0,0,0,0,0,0,0,1,16,0,0,2,0,0,1,1,0,0,0,0,5,1,5,1,0,0,0,0,0,0,1,1,0,2,0,1,0,2,0,0,0,4,49,0,1,2,0,0,1,0,15,0,1,0,1,0,0,1,0,8,0,0,0,0,0,2,1,0,1,14,0,0,0,0,2,0,1,0,0,0,2,0,2,2,19,0,0,0,0,0,1,1,0,0,14,0,0,3,0,0,0,1,0,103,0,1,124,1,0,1,0,0,0,56,0,0,0,0,0,0,8,0,1,0,0,0,0,0,8,5,1,0,0,0,0
1,0,0,0,0,0,14,0,77,0,0,0,0,0,0,2,0,0,0,0,2,0,0,0,0,0,37,0,0,1,0,0,7,0,0,0,0,0,0,1,0,0,0,0,0,0,0,0,0,0,0,0,2,0,0,0,0,0,0,2,0,0,0,2,0,0,2,1,0,0,0,1,0,1,0,4,0,0,1,0,0,2,1,0,1,0,0,0,0,0,0,0,0,0,2,0,0,0,0,0,0,0,0,0,0,0,0,1,0,0,0,1,5,0,0,0,0,0,0,0,0,0,0,0,0,0,0,0,14,2,2,17,0,41,0,0,0,0
1,0,0,0,0,0,3,1,1,0,0,0,5,1,107,0,1,2,5,18,0,3,1,0,2,6,2,0,3,0,30,0,3,1,34,27,0,0,1,2,0,0,1,2,0,0,15,5,3,137,0,0,3,0,7,0,0,1,21,6,9,44,6,0,4,0,2,4,1,0,0,1,0,1,2,0,0,3,18,1,26,0,25,0,0,15,0,1,40,0,24,0,0,2,1,0,0,0,41,0,1,0,3,11,0,1,0,2,2,12,0,1,5,4,1,0,4,0,28,0,6,0,0,0,35,0,0,45,0,1,0,0,0,1,1,1,0,0
0,0,0,0,0,0,0,2,0,0,0,0,0,0,0,0,0,0,0,2,0,0,0,0,0,0,1,0,0,0,0,0,0,0,0,2,0,0,0,0,0,0,0,0,0,0,0,0,1,3,0,0,0,0,0,0,0,0,0,8,0,0,0,0,0,0,0,0,1,0,0,0,2,0,0,0,0,0,0,0,0,0,1,0,0,4,0,0,0,0,1,0,0,0,0,0,0,1,0,0,0,0,8,0,0,0,0,0,0,0,0,0,0,0,0,0,0,0,2,0,0,0,0,0,0,0,0,0,0,0,1,0,0,0,0,3,0,0
