0.15341,0.33333,0.8,0.58333,0.62031,0.24503,0.54545,0.68371,0.375,0.24138,0.52486,0.27083,0.85047,0.19421,0.625,0.88235,0.125,0.16304,1,0.6,0.25,0.13359,0.46575,0.70564,0.1745,0.40244,0.7395,0.18155,0.21786,0.344,0.43066,0.11583,0.42188,0.29598,0.5,0.2,0.5,0.16667,0.27755,0.375,0.30201,0.5772,0.185,0.30159,0.19658,0.21591,0.41583,0.33621,0.61481,0.68443,1,0.40726,0.88286,0.42857,0.22917,0.59271,0.19948,0.77523,0.40984,0.15,0.2,0.71429,0.42778,0.11814,0.18545,0.18182,1,0.46364,0.29843,0.56604,0.16667,0.18797,0.15652,0.34343,0.20675,0.25641,0.32857,0.14094,0.875,0.23529,0.28033,0.18462,0.61905,0.78112,0.18421,0.475,0.125,0.1182,0.15179,0.33333,0.5443,0.5,0.22222,0.25,0.33333,1,0.81633,0.27419,0.78893,0.10345,0.39086,0.85714,0.10798,0.40237,0.68776,0.54857,0.54307,0.55556,0.75701,0.20769,0.55556,0.099656,0.76812,0.36431,0.41667,0.44065,0.26207,0.47458,0.71351,0.15789,0.48936,0.33333,0.41667,0.39572
0.40546
0,0,0,0,0,0,0,0,1,3,0,19,1,9,4,0,29,8,0,0,0,24,0,17,10,0,0,12,3,2,0,9,3,21,0,7,0,59,0,6,0,4,3,31,19,10,4,16,0,0,0,12,0,0,1,12,12,1,2,4,3,1,0,8,9,21,0,0,5,34,0,14,6,1,2,3,0,2,0,0,2,3,1,4,4,9,17,10,12,0,21,0,0,1,0,0,5,0,5,0,35,2,6,2,1,0,24,0,2,2,0,12,2,0,1,12,0,0,4,0,12,0,1,0
0,0,0,18,2,0,10,2,2,56,2,15,91,31,2,0,14,16,0,3,1,27,0,12,0,0,8,22,25,40,59,17,0,8,0,4,0,47,68,0,23,243,10,0,8,8,13,31,0,1,0,5,309,0,0,6,8,169,0,3,11,0,2,28,18,61,0,1,16,0,1,13,8,3,26,0,2,8,0,0,6,0,1,1,21,5,9,51,67,0,0,1,0,1,3,0,4,0,14,5,0,0,12,18,5,0,13,0,4,5,0,10,0,2,0,28,19,12,0,0,1,1,0,52
2,0,0,0,1,0,0,0,0,5,1,3,0,10,0,0,7,4,0,0,0,8,0,6,7,0,0,5,0,1,1,7,1,9,0,4,0,9,0,1,1,6,3,0,6,3,4,1,0,0,0,5,2,0,0,3,6,1,2,0,2,0,0,4,3,9,0,0,2,0,0,3,1,1,2,0,0,3,0,0,0,1,0,2,6,0,4,22,8,0,0,0,1,0,0,0,1,4,1,4,0,0,4,2,1,0,12,0,1,2,0,5,4,1,1,8,0,0,0,0,1,0,0,1
0,0,1,1,0,0,0,3,0,2,16,6,0,2,1,0,19,16,0,0,0,11,0,13,26,1,0,13,1,0,0,13,4,26,0,3,0,32,1,2,3,0,17,12,5,6,6,3,0,1,0,8,0,0,1,7,5,0,1,2,1,1,0,9,9,18,2,1,1,90,0,10,12,0,0,3,3,0,0,1,2,12,0,1,1,1,14,5,2,0,43,0,0,0,0,0,3,4,9,9,77,0,4,2,0,0,17,5,0,3,10,7,3,0,1,9,0,1,132,6,52,0,0,0
0,0,0,0,0,0,0,0,6,4,2,4,1,6,0,0,11,3,0,0,0,13,0,13,10,0,0,9,0,1,0,9,1,6,0,9,0,35,0,0,0,4,6,0,4,3,8,2,0,1,0,2,0,0,0,3,2,1,0,2,0,0,0,5,11,12,0,1,2,0,0,4,1,0,4,10,0,1,0,0,0,0,0,0,2,0,20,18,6,0,0,0,0,0,0,1,0,0,1,2,0,0,3,2,0,0,31,0,1,0,0,9,3,1,0,9,0,0,0,4,1,0,0,0
1,0,0,0,0,0,0,0,1,2,1,0,0,1,0,0,3,1,0,0,0,0,1,2,3,0,0,1,0,0,0,3,0,5,0,0,0,2,1,0,0,0,0,0,3,1,0,0,0,1,0,0,0,0,0,0,2,0,0,2,0,1,0,0,1,3,0,2,0,0,0,1,1,0,1,0,0,1,0,0,0,0,1,0,0,0,1,0,7,0,0,0,0,0,0,0,0,1,0,1,0,0,1,0,0,0,3,0,0,0,0,2,1,1,0,1,0,0,0,0,0,0,0,0
1,1,0,1,0,0,2,2,2,9,1,8,3,39,0,0,10,30,0,0,0,25,1,18,2,1,0,30,5,7,0,5,3,19,0,2,0,29,1,5,1,4,37,1,6,17,27,39,0,3,0,8,9,0,1,18,14,0,2,1,4,1,0,7,23,37,0,2,5,0,0,25,4,4,6,0,1,4,0,0,0,1,0,1,13,0,4,52,8,0,0,0,4,2,1,0,5,5,11,1,0,0,6,7,3,0,13,0,1,2,0,14,7,1,0,38,0,0,0,0,3,0,0,2
0,0,0,0,0,0,0,0,0,0,0,0,0,0,0,0,0,0,0,0,0,0,0,0,0,0,0,0,0,0,0,0,0,0,0,0,0,0,0,0,0,0,0,0,0,0,0,0,0,0,0,0,0,0,0,0,0,0,0,0,0,0,0,0,0,0,0,0,0,0,0,0,0,0,0,0,0,0,0,0,0,0,0,0,0,0,0,0,0,1,0,0,0,0,0,0,0,0,0,0,0,0,0,0,0,0,0,0,0,0,0,0,0,0,0,0,0,0,0,0,0,0,0,0
2,0,0,0,1,0,1,0,0,6,0,19,0,0,4,0,2,0,0,1,0,9,0,4,4,0,0,6,3,1,1,4,0,6,0,0,0,8,3,0,9,1,3,0,1,38,7,0,2,5,0,9,1,1,3,7,7,0,0,0,24,0,7,0,5,11,0,1,8,0,0,7,1,3,1,0,0,0,0,0,0,1,0,3,1,22,2,14,27,4,0,0,0,0,0,0,0,1,3,6,0,0,7,10,3,3,6,1,8,1,0,13,3,7,0,4,30,10,0,1,0,0,0,1
0,0,0,0,0,0,3,0,0,1,0,3,0,3,0,0,0,1,0,0,0,3,0,2,1,0,0,1,2,0,0,0,0,2,0,0,0,0,0,0,0,0,0,0,0,0,1,0,0,0,0,2,0,0,0,0,2,0,0,0,4,0,0,0,1,1,0,0,3,0,0,1,0,0,0,0,0,2,0,0,0,0,0,0,0,0,0,2,0,0,0,0,0,0,0,0,0,1,1,0,0,0,15,2,0,0,0,0,0,3,0,1,5,0,0,0,0,0,0,0,0,0,0,0
0,0,0,0,0,0,0,0,0,0,0,0,0,0,0,0,0,0,0,0,0,0,0,0,0,0,0,0,0,0,0,0,0,0,0,0,0,0,0,0,0,0,0,0,0,0,0,0,0,0,0,0,0,0,0,0,0,0,0,0,0,0,0,0,0,0,0,0,0,0,0,0,0,0,0,0,0,0,0,0,0,0,0,0,0,0,0,0,0,0,0,0,0,0,0,0,0,0,0,0,0,0,2,0,0,0,0,0,0,0,0,0,0,0,0,1,0,0,0,0,0,0,0,0
0,0,0,0,0,0,0,0,0,1,0,0,0,0,0,0,1,0,0,0,0,0,0,2,0,0,0,1,0,0,1,2,0,0,0,0,0,1,0,0,0,0,0,0,0,1,0,0,0,0,0,0,1,0,0,0,0,0,0,0,2,0,0,0,0,0,0,0,0,0,0,0,0,1,0,0,0,0,0,0,0,0,0,2,0,0,1,1,1,5,0,0,0,0,0,0,0,0,0,0,0,0,0,0,1,0,0,0,0,0,0,1,0,0,0,0,0,0,0,0,0,0,0,0
0,0,0,0,0,4,0,0,0,0,0,0,0,0,0,0,0,0,0,0,0,0,0,0,0,0,0,0,0,0,0,0,0,0,0,0,0,0,0,0,0,0,0,0,0,0,0,0,0,0,0,0,0,0,0,0,0,0,0,0,0,0,0,0,0,0,0,0,0,0,0,0,0,2,0,0,0,0,0,0,0,0,0,0,0,0,0,0,1,0,0,0,0,0,0,0,0,0,0,0,0,0,0,0,0,0,0,0,0,0,0,1,0,3,0,0,0,0,0,0,0,0,0,0
3,0,0,0,1,2,10,1,2,21,0,10,1,5,0,1,6,4,0,1,1,13,0,2,2,0,4,7,12,3,2,11,1,9,0,1,0,7,3,0,14,11,2,1,3,8,4,3,0,6,0,9,4,0,0,8,14,2,1,1,16,1,0,15,9,10,0,5,8,0,1,2,0,1,13,0,14,12,0,0,24,3,1,2,11,1,6,45,38,1,0,0,0,0,2,0,1,2,11,3,1,0,7,8,2,0,5,0,0,3,0,11,1,3,0,11,3,0,0,1,0,0,0,1
0,0,0,0,0,0,0,0,0,0,2,1,0,3,0,0,3,1,0,0,0,2,0,1,3,0,0,1,0,0,0,2,0,0,0,0,0,1,0,0,1,0,1,0,0,1,2,1,0,0,0,0,0,0,3,1,0,0,0,0,0,1,0,2,1,2,0,0,0,0,0,0,0,1,0,0,0,1,0,0,0,0,0,0,0,0,1,1,2,0,0,0,0,1,0,0,0,0,0,2,0,0,1,0,0,0,7,0,0,0,0,4,1,0,0,3,0,0,0,2,0,0,0,0
0,0,0,0,0,1,0,0,0,0,0,2,0,0,0,0,0,0,0,0,0,1,0,0,0,0,0,0,1,0,0,0,0,0,0,0,0,0,0,0,0,0,0,0,1,0,0,0,1,0,0,0,0,0,0,0,0,0,1,0,2,0,4,1,3,0,0,1,0,0,0,0,0,0,1,0,0,4,0,0,0,0,0,1,0,0,0,0,1,0,0,0,1,0,1,0,0,0,1,0,0,0,1,0,0,2,0,0,0,0,0,0,0,2,0,1,0,0,0,0,0,0,0,0
1,0,0,0,0,0,0,0,0,0,0,1,0,0,0,0,0,0,0,0,0,0,0,0,0,0,0,1,1,1,0,0,0,0,0,0,0,0,0,0,0,0,1,0,0,0,0,0,0,0,0,0,0,0,0,0,0,0,0,0,0,0,0,0,0,1,0,0,0,0,0,0,0,0,0,0,0,0,0,0,0,0,0,0,0,0,0,0,0,0,0,0,0,0,0,0,0,0,0,0,0,0,0,1,0,0,0,1,0,0,0,0,0,0,0,0,0,0,0,0,0,0,0,0
1,1,0,0,5,0,1,64,1,4,5,104,0,8,0,0,3,8,0,0,0,5,2,14,0,0,1,8,10,1,0,4,7,9,0,0,0,3,6,0,5,0,5,0,23,9,16,1,0,20,2,28,0,0,2,4,21,0,7,0,6,0,2,7,16,14,0,3,57,2,0,5,4,0,4,8,16,15,0,2,22,12,2,2,3,2,4,12,14,0,2,0,4,0,0,0,1,14,8,3,6,0,3,0,1,0,8,0,4,8,0,12,0,3,0,19,2,0,2,4,3,0,0,4
5,0,4,0,9,3,6,0,0,15,2,5,5,2,1,1,4,9,0,0,0,9,1,4,2,2,0,11,45,0,0,5,0,5,0,1,1,3,2,0,90,1,15,0,2,11,3,3,0,2,0,14,2,0,0,4,12,0,2,2,68,2,4,17,2,6,0,9,2,0,1,4,18,14,44,0,5,23,0,0,0,0,0,2,3,0,5,57,18,1,0,0,0,0,25,0,1,1,5,1,0,0,12,30,6,0,1,0,1,7,0,28,0,18,0,11,0,0,0,0,11,0,0,0
0,0,0,3,0,0,0,0,0,3,0,6,0,5,0,0,9,3,0,0,0,10,0,17,2,0,0,5,5,1,0,2,2,7,0,4,1,4,0,0,1,0,4,0,0,2,7,1,0,0,0,9,0,0,4,10,16,0,3,1,5,55,0,7,3,11,0,0,16,0,0,3,1,0,3,0,0,13,0,0,0,0,1,0,1,0,2,17,10,0,0,0,0,0,0,0,3,2,8,4,0,0,7,4,1,0,7,0,0,7,0,6,3,0,0,8,0,0,0,1,0,0,0,0
0,0,0,0,0,0,0,0,0,0,0,0,0,0,0,0,0,0,0,0,0,0,0,0,0,0,0,0,0,0,0,0,0,0,0,0,0,0,0,0,0,0,0,0,0,0,0,0,0,0,0,0,0,0,0,0,0,0,0,0,0,0,2,0,0,0,0,0,0,0,0,0,0,0,0,0,0,0,0,0,0,0,0,0,0,0,0,0,0,2,0,0,0,0,0,0,0,0,0,0,0,0,0,0,0,1,0,0,0,0,0,0,0,0,0,0,0,0,0,0,0,0,0,0
1,0,0,35,0,1,60,428,0,1,0,26,0,10,130,0,16,12,0,0,0,35,0,513,2,0,176,61,46,0,1,7,27,82,0,0,0,26,5,0,7,139,9,0,1,12,289,3,0,2,0,202,7,3,10,374,62,0,2,8,67,2,1,14,51,10,0,0,11,2,0,2,6,19,5,0,0,3,0,1,0,8,1,182,11,2,0,3,12,1,1,0,1,0,22,0,280,12,456,4,2,12,13,136,163,0,290,1,0,20,0,25,212,0,1,323,31,84,0,3,138,0,5,0
0,0,0,1,0,0,0,1,0,1,0,6,0,0,3,15,1,0,0,0,0,0,0,1,0,0,0,2,4,1,1,5,0,0,0,1,0,0,1,0,0,0,2,0,0,0,0,0,0,1,0,2,1,0,1,2,2,0,0,1,2,0,1,5,2,2,0,0,1,0,0,1,0,2,4,0,1,5,0,1,0,0,0,0,1,0,1,1,3,0,0,0,0,0,0,0,0,2,0,0,0,0,3,2,0,0,2,0,0,0,0,2,2,2,0,1,1,7,1,2,3,0,0,0
5,0,0,0,6,4,3,61,0,13,6,7,0,6,0,0,4,6,0,0,0,2,3,4,3,1,0,14,9,3,4,14,0,9,0,0,0,2,7,0,15,0,6,1,2,1,1,1,0,2,0,8,0,0,1,9,12,2,6,4,8,0,8,17,7,6,0,2,7,0,1,4,8,7,11,0,6,22,1,1,9,0,0,2,4,0,2,22,32,0,0,0,0,1,2,0,0,3,4,1,0,0,6,14,1,3,3,0,0,4,0,19,2,18,0,7,0,0,0,2,6,0,0,0
16,0,0,0,35,14,1,3,0,14,17,11,0,8,0,0,5,4,0,0,1,5,2,0,2,5,0,4,5,1,2,6,1,7,0,0,0,1,13,0,8,0,2,7,1,4,3,1,2,6,0,7,0,0,0,0,6,2,3,0,3,0,7,8,5,7,0,7,1,0,0,2,2,3,13,0,7,11,0,3,4,2,0,2,4,0,2,10,18,0,0,0,0,0,1,0,1,3,4,1,0,0,6,2,0,4,0,0,0,3,0,5,1,13,1,8,1,0,0,1,1,0,0,7
25,0,0,0,100,37,0,17,0,15,61,5,0,0,2,0,2,3,0,0,0,6,10,2,2,33,0,6,61,0,12,30,2,11,0,0,0,8,29,0,43,0,13,38,0,5,6,0,83,7,0,12,0,0,1,10,26,4,4,3,82,3,5,15,10,9,0,3,0,3,0,8,12,68,49,0,46,42,7,1,67,0,0,3,3,1,0,20,6,0,0,0,1,1,1,0,0,2,9,6,15,0,10,37,15,96,3,0,0,3,0,19,2,54,0,6,1,0,2,0,21,0,0,36
0,0,0,0,0,0,1,0,0,0,0,1,0,1,0,0,1,0,0,0,0,1,0,0,0,0,0,0,0,0,0,0,0,0,0,0,0,0,0,0,0,0,0,0,0,0,0,0,0,0,0,1,0,0,0,1,0,0,0,0,4,0,0,0,0,0,0,0,0,0,0,0,0,0,0,0,0,0,0,0,0,0,0,0,0,0,1,1,1,0,0,0,0,0,0,0,0,0,1,0,0,0,5,0,0,0,1,0,0,0,0,1,0,0,0,0,0,0,0,1,0,0,0,0
0,0,0,0,0,0,0,0,0,1,0,2,1,0,0,0,3,2,0,0,0,0,0,0,1,0,0,0,0,0,23,1,0,1,0,0,0,0,49,0,1,0,3,0,0,0,0,0,0,0,0,5,0,0,4,2,1,5,0,0,2,0,3,0,4,6,0,0,0,0,0,0,0,0,3,0,0,1,0,0,0,1,0,0,0,0,0,3,6,1,0,0,0,0,0,0,2,1,0,0,0,0,2,1,0,0,1,0,1,0,0,4,1,0,5,5,0,0,0,0,1,0,0,0
0,0,0,1,1,1,0,0,0,8,0,37,1,13,0,0,25,13,0,0,0,19,0,11,3,0,2,27,9,1,29,5,8,42,1,0,0,32,41,0,8,8,4,0,0,4,24,2,1,0,0,55,9,3,11,23,28,26,0,1,44,0,8,5,33,68,0,0,15,0,1,3,7,5,4,0,0,3,0,0,0,1,0,1,4,4,11,51,68,1,0,0,0,0,0,0,14,1,8,6,0,0,19,20,12,0,9,0,2,8,0,29,4,4,0,27,7,1,0,0,0,0,0,1
27,0,0,0,0,3,0,0,0,1,23,4,0,0,0,0,0,7,0,0,0,3,14,0,6,1,0,7,0,1,0,12,0,1,0,2,0,1,0,0,0,0,6,3,2,3,2,1,1,1,0,2,0,0,1,3,0,0,0,1,0,0,0,2,1,1,0,0,0,0,0,0,2,0,1,0,0,4,0,0,2,1,0,0,0,0,6,3,1,2,0,0,1,0,0,0,0,4,0,6,0,0,1,1,0,0,7,0,0,2,1,5,1,1,0,2,0,0,7,0,1,0,0,1
4,0,0,0,3,29,0,0,0,10,1,4,0,6,0,0,3,1,0,0,0,0,0,2,2,0,0,3,3,2,0,8,0,0,0,0,0,0,1,0,10,0,2,0,11,1,2,0,0,1,0,0,0,0,0,0,1,0,2,2,2,0,1,8,2,3,0,51,0,0,0,2,1,0,2,0,0,1,0,0,0,2,0,2,1,0,1,0,8,9,0,0,0,1,0,0,0,3,2,1,0,0,0,1,0,1,7,0,0,1,0,3,0,1,0,3,0,0,0,0,0,0,0,0
1,0,0,0,0,30,0,0,0,12,3,6,0,3,0,0,1,0,0,0,1,0,2,0,5,1,1,1,4,1,0,9,0,2,0,1,0,0,0,0,15,0,4,0,4,10,6,0,3,2,0,3,0,0,0,2,4,0,4,1,4,0,26,12,9,3,0,12,0,0,0,3,0,1,14,0,0,2,0,0,2,1,0,2,4,1,0,1,12,1,0,0,1,0,0,0,0,0,1,1,0,0,6,3,0,6,3,0,0,1,0,3,1,8,0,6,0,0,0,0,0,0,0,0
0,0,0,0,1,11,0,0,0,0,0,2,0,0,0,0,0,0,0,0,0,0,0,0,0,0,0,0,1,1,0,2,0,0,0,1,0,0,0,0,3,0,0,0,0,1,1,0,2,0,0,0,0,0,0,0,0,0,0,0,1,0,18,1,0,0,0,2,0,0,0,0,0,1,5,0,0,1,0,0,0,1,0,0,0,0,0,1,2,0,0,0,0,0,0,0,0,0,0,0,0,0,0,0,0,6,0,0,0,0,0,0,0,4,0,0,0,0,0,0,0,0,0,0
1,0,0,0,0,0,0,1,1,4,19,3,1,5,0,0,9,4,0,0,0,1,0,14,20,3,46,11,1,0,0,28,0,12,0,4,0,11,0,1,4,0,9,0,3,2,10,0,0,0,0,11,0,0,0,48,6,0,3,3,0,1,0,2,7,7,0,1,2,0,0,3,9,1,3,0,0,5,0,0,3,2,0,12,0,0,18,10,9,0,0,0,1,0,0,0,0,10,2,9,0,0,2,0,2,0,35,0,0,4,6,13,5,0,0,15,0,0,3,4,2,0,0,0
0,0,0,0,0,0,0,1,0,0,190,7,1,0,0,0,2,4,0,0,0,3,34,5,1,0,0,18,1,0,0,5,0,1,0,0,0,0,7,0,0,0,18,0,0,6,2,1,0,0,0,4,0,0,1,5,1,0,5,0,2,0,0,2,4,3,0,0,0,0,0,2,6,0,0,0,10,2,0,0,59,0,0,0,0,0,3,2,2,0,0,0,0,0,0,0,2,3,0,3,0,0,0,0,1,0,0,0,0,0,1,3,1,1,1,2,0,0,0,1,1,1,0,0
0,0,0,0,0,0,0,0,0,0,0,1,0,0,0,0,6,0,0,0,0,0,0,0,0,0,0,0,0,0,0,0,0,0,0,0,0,0,0,0,0,0,0,0,0,1,0,0,0,0,0,0,0,0,1,1,0,0,0,0,1,0,0,1,0,0,0,0,1,0,0,0,0,0,1,0,0,0,0,0,0,0,0,0,0,0,0,0,2,0,0,0,0,0,0,0,0,0,0,0,0,0,1,0,0,1,0,0,0,0,0,0,0,0,0,0,0,0,0,0,0,0,0,0
24,0,0,0,281,3,1,3,0,0,7,7,0,5,0,0,3,4,0,0,0,3,1,1,1,4,0,3,12,0,0,1,2,1,0,0,0,0,7,0,1,0,2,2,3,3,0,0,3,167,0,1,5,0,0,0,3,0,0,2,3,0,4,1,0,1,0,2,6,0,0,0,3,1,3,2,26,1,0,0,35,4,0,0,0,5,2,3,4,24,0,0,2,0,0,0,1,4,0,0,0,0,0,0,0,7,0,0,0,0,0,6,1,0,0,0,3,0,0,1,0,0,0,74
0,0,0,0,0,0,0,0,0,1,0,27,0,47,15,0,19,9,0,0,0,13,0,22,10,0,0,29,5,43,1,10,1,140,1,1,0,26,0,0,16,0,4,0,3,0,174,2,33,0,0,50,0,0,2,58,77,5,50,5,11,2,0,24,17,13,0,0,12,0,0,4,1,20,4,10,0,37,0,4,0,1,13,0,9,57,18,63,7,0,0,1,0,0,0,0,13,1,6,2,22,0,7,21,11,41,6,0,81,27,0,4,6,4,0,124,38,20,0,0,0,0,4,0
0,0,0,0,0,0,7,0,0,1,0,4,0,1,46,0,5,1,0,0,0,4,0,10,0,0,0,1,0,0,0,4,0,10,0,0,0,4,0,0,4,0,0,0,1,0,3,3,0,0,0,5,0,0,0,1,11,0,2,1,2,1,0,1,2,7,0,0,4,1,0,1,0,0,0,1,0,22,0,1,0,0,0,0,2,0,0,10,1,0,1,0,1,0,15,0,3,0,4,0,4,0,23,2,1,0,1,0,0,7,0,4,1,1,0,3,1,41,0,0,0,1,2,0
0,0,0,0,0,0,0,0,0,2,0,3,0,0,0,0,1,0,0,0,0,4,0,2,0,0,0,1,0,0,0,0,0,1,0,0,0,0,0,0,3,0,0,0,0,1,1,1,0,0,0,0,0,0,0,2,1,0,1,0,2,0,0,0,1,2,0,0,0,0,0,1,0,0,3,0,0,1,0,0,0,0,0,0,0,0,1,3,5,0,0,0,0,0,0,0,0,0,0,2,0,0,10,3,0,0,1,0,0,0,0,2,0,1,0,0,0,0,0,0,0,0,0,0
0,0,0,0,0,0,0,0,0,2,0,3,0,2,0,0,2,2,0,0,0,0,0,2,1,0,0,1,0,0,0,4,0,3,0,0,0,0,0,0,1,0,3,0,0,0,0,0,0,0,0,3,0,0,0,1,0,0,3,0,0,0,0,1,1,4,0,0,4,0,0,1,0,0,0,0,0,5,0,1,0,0,0,0,0,0,1,1,1,1,0,0,0,0,0,0,2,0,0,0,0,0,1,3,0,0,4,0,0,3,0,2,1,0,0,2,0,0,0,0,0,0,0,0
3,0,0,0,0,0,1,0,0,1,0,0,0,0,0,0,1,1,0,0,0,1,0,0,1,1,0,0,0,0,0,0,0,1,0,0,0,0,0,0,0,0,1,0,0,0,1,0,0,0,0,1,0,0,0,0,1,0,0,0,1,0,0,1,1,0,0,1,0,0,0,0,0,0,0,1,0,0,0,0,0,0,0,0,0,0,1,0,3,0,0,0,0,0,1,0,0,0,0,0,0,0,0,0,1,0,2,0,0,0,0,1,0,0,0,0,1,0,0,0,0,0,0,0
23,0,0,0,4,0,3,18,0,9,1,3,0,2,0,0,0,3,1,0,0,2,1,8,9,20,0,2,3,1,0,4,0,5,0,0,0,0,0,0,6,0,2,1,1,1,10,0,2,3,0,6,0,0,0,4,10,0,2,9,11,1,77,3,1,3,0,2,0,0,1,0,1,17,1,0,2,15,0,0,2,1,0,5,0,10,0,7,11,0,0,0,0,0,0,0,0,2,2,0,1,0,4,2,3,4,3,0,1,1,0,3,0,98,0,7,7,1,0,1,0,0,0,0
4,0,0,0,2,5,0,0,0,4,0,4,0,0,0,0,1,2,0,0,0,0,0,0,3,1,0,1,1,0,0,2,0,0,0,0,0,0,0,1,0,0,0,0,1,1,0,0,0,8,0,0,0,0,0,0,0,0,0,0,2,2,0,0,0,0,0,1,1,0,0,1,0,3,0,0,0,2,0,0,0,0,0,1,1,0,0,1,12,18,0,0,0,0,0,0,0,3,1,1,0,0,0,0,0,0,3,0,0,0,0,0,0,4,1,1,0,0,0,0,0,0,0,7
26,1,0,0,0,1,0,0,0,0,2,0,1,0,0,0,0,2,0,0,0,0,1,1,2,6,0,11,0,0,0,2,0,1,0,0,0,0,0,0,0,0,2,29,2,2,0,0,0,3,0,2,0,0,0,1,0,0,1,0,0,0,0,0,1,0,0,0,0,27,0,2,0,0,0,0,0,5,0,0,0,7,0,0,0,0,0,1,0,0,11,0,0,0,0,0,0,34,0,2,33,0,0,1,0,0,1,1,0,0,0,2,2,0,0,2,0,0,0,3,0,0,0,0
0,0,0,0,1,2,0,21,0,0,0,0,0,0,0,0,0,0,0,0,0,0,0,0,0,2,0,0,1,0,0,5,0,0,0,0,0,0,0,0,0,0,1,0,0,0,0,0,0,1,0,0,0,0,0,0,0,0,0,0,3,0,0,1,0,1,0,0,0,0,0,1,0,6,3,0,1,1,0,0,0,0,0,0,0,0,0,0,0,0,0,0,0,0,0,0,0,0,0,0,0,0,0,0,1,0,0,0,0,0,0,0,0,5,0,0,0,0,34,0,24,0,0,0
0,0,0,0,0,0,0,0,0,0,0,5,0,9,0,0,1,0,0,0,0,0,0,2,3,0,0,0,1,12,0,2,1,11,0,0,0,3,0,0,5,0,0,0,1,0,58,0,2,0,0,4,0,0,0,1,13,0,12,1,5,2,0,3,2,1,0,0,1,0,0,0,0,12,1,1,0,18,0,1,0,0,0,0,4,0,2,9,0,0,0,0,0,0,0,0,1,1,0,0,1,0,2,1,2,0,5,0,0,3,0,0,0,8,0,26,0,0,0,0,0,0,0,0
0,0,0,0,0,0,0,0,0,0,0,0,0,0,0,0,0,0,0,0,0,0,0,0,0,0,0,0,0,0,0,0,0,0,0,0,0,0,0,0,0,0,0,0,0,0,0,0,0,0,0,1,0,0,0,0,0,0,1,0,0,0,0,0,0,0,0,0,0,0,0,0,0,1,0,0,0,0,0,0,0,0,0,0,0,0,0,0,0,0,0,0,0,0,1,0,0,0,0,1,0,0,1,0,0,0,0,0,0,0,0,0,0,0,0,0,0,0,0,0,0,0,0,0
