0.3354,0.33333,0.53846,0.55809,0.21429,0.64474,0.80796,0.41176,0.18333,0.50135,0.27628,0.82569,0.18972,0.58947,0.83333,0.11594,0.1871,0.5,0.66667,1,0.11719,0.46939,0.74312,0.12963,0.33058,0.74903,0.19672,0.16049,0.375,0.51261,0.13402,0.34783,0.27234,0.4,0.21622,1,0.15242,0.25681,0.41667,0.27305,0.58122,0.17992,0.27841,0.16514,0.19159,0.41826,0.33333,0.63975,0.61783,1,0.40935,0.7957,0.5,0.24324,0.54912,0.19722,0.82524,0.37931,0.084507,0.15827,0.58333,0.38182,0.12946,0.17329,0.16418,1,0.46429,0.30952,0.55288,0.25,0.23967,0.11029,0.35955,0.16216,0.25,0.38596,0.12397,0.84615,0.3125,0.30994,0.22222,0.8125,0.75248,0.19588,0.40152,0.12766,0.12632,0.15348,0.59524,0.33333,0.30769,0.44444,0.4,1,0.78659,0.16749,0.80663,0.13699,0.43976,0.84615,0.14286,0.38095,0.71429,0.57516,0.51625,0.375,0.74227,0.18939,0.41667,0.11508,0.73723,0.4702,0.375,0.4233,0.29787,0.46835,0.71978,0.22581,0.50172,0.33333,0.46154,0.41453
0.4009
0,0,0,0,0,0,0,1,2,0,13,0,11,5,0,21,10,0,0,0,23,0,10,12,0,0,14,3,2,0,8,1,21,0,6,0,35,0,5,0,1,6,36,18,18,6,13,0,0,0,24,0,0,2,19,11,1,2,3,7,1,0,7,10,24,0,0,7,45,0,8,6,0,3,1,0,2,0,0,1,6,0,4,3,17,8,10,9,18,0,0,0,0,0,7,3,6,0,26,1,2,2,4,0,24,0,4,4,0,14,2,0,0,11,0,1,5,0,14,0,1,0
0,0,13,4,1,10,1,2,55,2,13,90,41,7,0,10,19,0,2,0,25,0,7,0,0,11,17,28,36,61,13,2,4,0,5,0,41,66,0,24,229,12,0,1,6,12,26,0,0,0,10,296,0,0,11,9,170,0,4,6,4,1,29,16,58,0,2,13,0,1,11,9,1,29,0,0,5,0,0,5,0,1,1,12,6,6,39,56,0,1,0,1,3,0,6,1,12,5,0,0,10,20,1,0,14,0,1,3,0,9,2,3,0,25,13,9,0,1,1,1,0,53
0,0,0,1,0,0,0,1,6,2,3,0,12,0,0,4,5,0,0,0,6,0,5,9,0,0,8,1,2,1,3,1,9,0,3,0,8,0,0,2,4,3,1,7,7,4,3,0,0,0,7,2,0,0,3,7,1,6,0,2,0,0,4,2,9,0,1,0,0,0,0,1,2,2,1,0,4,0,0,0,1,0,4,2,1,3,15,11,1,1,0,0,0,0,0,7,1,1,0,0,4,3,2,0,13,0,0,1,0,3,1,1,0,8,0,1,0,0,1,0,0,0
1,0,1,1,0,0,10,0,4,22,7,0,3,2,0,20,11,0,0,0,9,1,9,21,1,0,12,3,0,0,9,3,24,0,2,0,18,0,1,1,0,18,14,7,5,6,3,0,0,0,7,0,0,0,10,7,0,2,4,2,3,0,11,8,17,1,0,6,115,0,9,11,0,0,2,3,0,0,1,3,22,0,3,2,1,10,5,3,50,0,0,0,0,0,8,6,6,7,73,0,1,3,1,0,17,3,1,1,5,13,10,0,2,9,0,1,131,4,45,0,0,0
0,0,0,0,0,0,1,7,4,2,5,1,9,0,0,18,2,0,0,0,12,0,13,6,0,0,9,2,0,0,7,0,5,0,8,0,28,0,0,3,3,7,0,3,2,5,1,0,0,0,6,0,0,0,6,4,1,1,1,1,0,0,5,10,13,0,1,0,0,0,0,3,0,6,4,0,0,0,0,0,0,0,1,1,0,11,10,7,0,0,0,0,0,1,1,1,1,0,0,0,4,3,0,0,32,0,1,0,1,8,4,0,0,6,0,0,0,4,0,0,0,0
0,0,0,0,0,0,1,1,3,3,0,0,2,0,0,2,0,0,0,0,2,1,1,6,2,0,2,0,0,0,1,0,5,0,0,0,2,0,0,0,0,0,0,4,2,0,0,0,1,0,1,0,0,0,0,4,0,1,2,0,0,0,1,1,3,0,4,0,0,0,1,0,0,2,0,0,3,0,0,0,1,0,0,0,0,1,1,10,0,0,0,0,0,0,0,5,0,0,0,0,2,0,0,0,2,0,0,0,0,2,1,0,0,0,0,0,0,0,0,0,0,0
0,1,1,0,0,2,2,2,14,3,8,3,30,0,0,9,29,0,0,0,21,3,14,4,1,0,23,6,6,0,4,1,18,0,0,0,29,0,5,1,4,43,1,8,23,26,36,0,0,0,9,15,0,2,22,22,0,1,1,5,1,0,6,25,41,0,0,2,0,0,29,6,2,2,0,0,8,0,0,1,0,0,2,9,0,8,47,8,0,0,4,4,1,0,2,6,7,1,0,0,4,11,5,0,16,0,1,5,0,14,6,1,1,32,1,0,0,0,4,0,0,2
0,0,0,0,0,0,0,0,0,0,0,0,0,0,0,0,0,0,0,0,0,0,0,0,0,0,0,0,0,0,0,0,0,0,0,0,0,0,0,0,0,0,0,0,0,0,0,0,0,0,0,0,0,0,0,0,0,0,0,0,0,0,0,0,0,0,0,0,0,0,0,0,0,0,0,0,0,0,0,0,0,0,0,0,0,0,0,0,0,0,0,0,0,0,0,0,0,0,0,0,0,0,0,0,0,0,0,0,0,0,0,0,0,0,0,0,0,0,0,0,0,0
0,0,0,1,0,2,0,0,4,0,17,0,1,5,0,3,0,0,0,0,4,0,5,3,0,0,4,5,1,0,4,0,6,0,0,0,3,1,0,9,0,6,0,1,41,5,0,4,0,0,9,0,0,2,6,5,0,0,0,21,0,13,1,9,8,0,0,6,0,0,2,2,3,2,0,0,0,0,0,0,3,0,3,1,24,2,13,28,0,0,0,0,0,0,3,2,1,1,1,0,5,7,2,3,4,1,6,1,0,10,3,5,0,8,28,7,0,1,0,0,0,1
0,0,0,0,0,4,0,0,0,0,4,0,4,0,0,0,1,0,0,0,3,0,5,1,0,0,1,0,0,0,0,0,0,0,0,0,0,0,0,0,0,0,0,0,0,1,0,0,0,0,2,0,0,0,0,1,0,0,0,7,0,0,0,2,1,0,0,0,0,0,1,0,1,0,0,0,1,0,0,0,0,0,0,1,1,0,2,0,0,0,0,0,0,0,0,0,2,0,0,0,16,1,0,0,0,0,0,4,0,1,4,0,0,0,0,0,0,0,0,0,0,0
0,0,0,0,0,1,0,0,1,0,0,0,0,0,0,0,0,0,0,0,0,0,0,0,0,0,0,1,0,0,0,0,0,0,0,0,0,0,0,0,0,0,0,0,0,0,0,0,0,0,0,0,0,0,0,0,0,0,0,0,0,0,0,0,0,0,0,0,0,0,0,0,0,0,0,0,0,0,0,0,0,0,0,0,0,0,0,0,0,0,0,0,0,0,0,0,0,0,0,0,1,0,0,0,0,0,0,0,0,0,0,0,0,0,0,0,0,0,0,0,0,0
1,0,0,0,0,0,1,0,0,0,0,0,0,0,0,1,0,0,0,0,0,0,2,1,0,0,0,2,0,0,0,0,0,0,0,0,1,0,0,0,0,0,0,0,0,0,0,0,0,0,0,1,0,0,0,0,0,0,0,2,0,1,0,0,1,0,1,0,0,0,0,0,0,0,0,0,0,0,0,0,0,0,2,0,0,0,0,1,0,0,0,0,0,0,0,0,0,0,0,0,0,1,1,0,0,0,0,0,0,0,0,0,0,0,0,0,0,0,0,0,0,0
0,0,0,0,0,0,0,0,0,0,0,0,0,0,0,0,0,0,0,0,0,0,0,0,0,0,0,0,0,0,0,0,0,0,0,0,0,0,0,0,0,0,0,0,0,0,0,0,0,0,0,0,0,0,0,0,0,0,0,0,0,0,0,0,0,0,0,0,0,0,0,0,2,0,0,0,0,0,0,0,0,0,0,0,0,0,0,0,0,0,0,0,0,0,0,0,0,0,0,0,0,0,0,0,0,0,0,0,0,0,0,0,0,0,0,0,0,0,0,0,0,0
3,0,0,2,0,11,0,0,24,1,4,2,6,0,1,6,3,0,1,0,17,0,3,3,0,2,7,13,6,4,10,1,12,0,2,0,5,9,0,9,11,8,0,1,8,5,2,0,5,0,7,6,0,0,9,12,0,6,0,12,2,0,11,8,15,0,8,4,0,1,6,6,2,17,0,3,21,0,0,7,2,0,3,8,3,4,30,30,1,0,0,0,0,0,1,6,7,5,1,1,4,8,2,0,6,0,1,3,0,15,2,4,0,15,2,0,0,1,1,0,0,1
0,0,0,0,0,0,0,0,2,2,1,0,0,0,0,1,0,0,0,0,1,0,1,6,0,0,1,0,0,0,3,0,0,0,0,0,2,0,0,0,0,3,0,0,2,1,1,0,0,0,0,0,0,1,1,1,0,0,0,0,0,0,2,4,3,0,0,0,0,0,0,0,1,0,2,0,0,0,0,0,0,0,0,0,0,0,0,2,0,0,0,1,0,0,0,0,0,1,0,0,1,0,0,0,6,0,0,0,0,2,1,0,0,2,0,0,0,0,0,0,0,0
0,0,0,0,1,0,0,0,1,0,2,0,0,0,0,0,0,0,0,0,1,0,0,1,0,0,0,1,0,0,0,0,0,0,0,0,0,0,0,3,0,0,0,2,0,1,0,1,0,0,0,0,0,0,0,1,0,1,0,1,0,12,1,0,1,0,0,0,0,0,0,0,0,0,0,0,5,0,0,0,0,0,1,0,0,1,0,1,0,0,0,0,1,0,0,1,1,0,0,0,1,0,0,2,0,0,0,0,0,0,0,4,0,1,0,0,0,0,0,0,0,0
0,0,0,0,0,0,0,0,0,0,0,0,0,0,0,0,0,0,0,0,0,0,0,0,0,0,1,1,0,0,0,0,0,0,0,0,0,0,0,0,0,0,0,0,1,0,0,0,0,0,0,0,0,0,0,0,0,0,0,0,0,0,0,0,1,0,0,0,0,0,0,0,0,0,0,0,0,0,0,0,0,0,0,0,0,0,0,0,0,0,0,0,0,0,0,0,0,0,0,0,0,0,0,0,0,0,0,0,0,0,0,0,0,1,0,0,0,0,0,0,0,1
2,1,0,3,0,4,51,0,7,1,92,0,12,1,0,3,6,0,0,0,5,1,8,2,0,0,10,19,1,0,4,9,15,0,0,0,1,9,0,2,0,10,0,17,7,20,0,0,20,2,23,0,0,2,4,22,0,5,2,8,3,1,4,15,23,0,2,52,2,0,3,6,1,5,10,12,24,0,1,11,16,1,3,2,3,3,16,12,2,0,3,0,1,0,2,27,10,8,3,0,4,0,1,0,7,0,4,8,0,7,0,2,0,18,0,0,5,1,5,0,0,2
7,0,0,8,4,3,0,0,33,3,6,4,2,1,1,3,6,1,0,0,12,1,4,1,9,0,9,40,1,0,8,0,8,0,1,1,3,1,0,77,1,12,1,0,11,5,2,0,2,0,15,3,0,0,2,5,0,1,1,66,2,3,13,4,6,0,3,4,0,0,4,15,14,36,1,3,35,0,0,0,0,0,2,1,0,3,44,15,0,0,0,0,18,0,0,2,5,1,0,0,10,35,5,0,2,0,0,5,0,22,0,10,0,14,0,1,0,0,9,0,0,4
0,0,3,0,0,1,0,0,8,0,6,0,3,0,0,7,3,0,0,0,7,0,18,6,0,0,4,6,1,0,4,1,11,0,2,0,5,0,0,1,0,9,0,2,2,6,0,0,0,0,10,0,0,1,11,21,0,4,2,8,49,0,8,4,11,0,0,23,0,0,1,1,1,2,0,0,12,0,0,0,2,0,0,2,0,1,12,6,0,0,0,0,0,0,3,3,2,4,1,0,3,5,1,0,8,0,0,6,0,2,4,0,0,9,0,0,0,1,0,0,0,0
0,0,0,0,0,0,0,0,0,0,0,0,0,0,0,0,0,0,0,0,1,0,0,0,0,0,0,0,0,0,0,0,0,0,0,0,0,0,0,0,0,0,0,0,0,0,0,0,0,0,0,0,0,0,0,0,0,0,0,0,0,5,0,0,0,0,0,0,0,0,0,0,0,0,0,0,0,0,0,0,0,0,0,0,0,0,0,0,0,0,0,0,0,0,0,0,0,0,0,0,0,0,0,1,0,0,0,0,0,0,0,1,0,0,0,0,0,0,0,0,0,0
0,0,21,0,0,98,467,0,1,0,24,0,10,112,0,14,12,0,0,0,30,0,486,4,0,194,60,49,0,1,7,16,82,0,0,0,14,6,0,12,132,14,0,2,11,284,4,0,0,0,219,14,3,8,313,67,0,3,6,59,2,3,20,48,11,0,0,5,3,0,3,10,19,4,0,0,1,0,1,0,7,0,152,19,0,0,4,18,2,0,1,0,24,0,258,15,438,1,2,11,30,136,175,0,270,1,0,25,0,29,202,1,1,287,42,74,0,7,146,0,6,1
1,0,0,0,1,1,0,0,0,1,6,0,0,4,10,1,0,0,0,0,0,0,1,1,0,0,4,3,1,0,3,0,0,0,0,0,0,0,0,1,0,2,0,1,0,0,0,0,0,0,1,0,0,1,1,1,0,0,1,5,0,2,5,3,0,0,0,0,0,0,0,0,1,2,0,1,8,0,1,0,0,0,0,1,1,0,1,6,0,0,2,0,0,0,0,1,0,0,0,0,4,0,1,0,2,0,0,0,0,1,1,3,1,1,2,0,0,1,2,0,0,0
8,0,0,10,5,2,13,0,16,11,5,0,8,1,0,4,3,0,0,0,7,4,1,3,5,0,8,11,2,1,11,0,13,1,0,0,3,9,0,23,1,3,0,1,1,1,1,2,4,0,8,0,0,1,7,16,1,9,6,9,0,8,13,6,4,0,3,4,0,1,5,7,4,13,0,6,22,1,1,3,1,0,1,5,1,2,23,22,0,0,0,2,0,0,2,9,4,1,0,0,6,17,2,4,3,0,0,5,0,13,2,7,0,5,0,0,0,1,6,0,0,1
20,0,0,34,10,1,2,0,16,18,5,0,8,0,0,2,2,0,0,0,5,4,1,2,8,0,1,11,1,1,5,0,7,0,0,0,2,12,0,7,0,6,10,3,5,2,1,1,1,0,5,0,0,1,2,12,0,5,0,8,0,8,5,5,4,0,10,1,0,0,5,6,1,9,0,3,18,0,1,4,2,0,0,3,0,1,9,25,0,0,0,0,0,0,1,5,3,1,1,0,5,2,0,3,2,0,0,4,0,6,0,3,3,8,0,0,0,1,5,0,0,12
54,0,0,115,25,0,9,0,19,61,6,0,1,3,0,0,5,0,0,0,7,22,2,1,40,0,8,52,0,13,14,1,6,0,0,0,4,31,0,38,0,20,49,1,3,4,0,103,5,0,8,0,0,1,12,20,1,1,2,66,3,6,21,7,12,0,2,1,1,0,11,14,64,35,0,44,40,11,1,53,0,0,1,2,2,0,24,3,0,0,0,0,0,0,0,1,5,10,17,0,14,35,16,88,2,1,0,7,0,6,2,12,0,15,1,0,2,0,22,0,0,45
0,0,0,0,0,1,0,0,0,0,2,0,0,0,0,1,0,0,0,0,1,0,0,2,0,0,0,0,0,0,0,0,0,0,0,0,0,0,0,0,0,0,0,0,1,0,0,0,0,0,0,0,0,0,1,0,0,0,0,2,0,0,0,0,1,0,0,1,0,0,0,0,0,0,0,0,0,0,1,0,0,0,0,0,0,0,1,1,0,0,0,0,0,0,0,0,1,0,0,0,5,0,0,0,0,0,0,0,0,1,0,0,0,0,0,0,0,1,0,0,0,0
0,0,0,0,0,0,0,0,1,0,4,1,0,0,0,5,2,0,0,0,0,0,1,0,0,0,1,0,0,15,0,0,1,0,0,0,0,51,0,0,0,2,0,0,2,0,0,0,0,0,3,0,0,1,3,1,4,0,0,5,0,7,0,2,13,0,0,2,0,0,0,0,0,1,0,0,0,0,0,0,1,0,0,0,0,0,3,7,0,0,0,0,0,0,1,0,0,0,0,0,1,2,0,0,0,1,1,0,0,0,1,1,6,3,0,0,0,0,0,0,0,0
0,0,0,1,0,1,0,0,9,0,35,3,13,0,0,24,8,0,0,0,19,0,15,4,0,1,30,8,0,21,3,5,42,1,0,0,23,38,0,8,6,7,0,0,9,27,2,0,0,0,52,15,3,9,21,31,23,1,2,57,0,14,3,26,66,0,1,15,0,1,4,7,5,2,2,0,3,0,0,0,1,1,0,2,6,3,50,64,0,0,0,0,0,0,11,3,7,5,0,0,19,21,8,0,10,0,1,9,0,28,5,3,0,33,1,1,0,0,0,0,0,0
29,0,0,0,2,0,0,0,1,19,2,1,0,0,0,0,5,0,0,0,1,9,0,2,2,0,6,0,0,0,11,0,0,0,2,0,2,0,0,1,0,6,2,1,2,3,0,0,0,0,2,1,0,1,3,1,0,0,2,1,0,0,2,0,1,0,0,1,0,0,0,3,0,0,0,1,2,0,0,1,1,0,0,0,0,3,4,0,0,0,2,0,0,0,0,9,0,2,0,0,0,1,1,0,10,0,0,1,1,6,2,0,0,0,0,0,4,0,0,0,0,1
1,0,0,2,27,0,0,0,20,0,3,0,2,0,0,1,1,0,0,0,3,1,0,2,0,0,2,6,2,0,4,0,0,2,1,0,0,0,0,8,0,2,1,14,3,5,0,0,1,0,1,0,0,1,0,1,0,2,2,0,1,2,6,3,8,0,52,0,0,0,1,0,1,5,1,0,2,0,0,0,3,0,3,0,0,0,3,5,0,0,0,0,0,0,0,1,4,0,0,0,1,1,0,1,7,0,0,0,0,0,0,0,0,0,0,0,2,0,0,0,0,0
1,0,0,0,27,0,0,0,16,4,3,0,2,0,0,0,0,0,0,1,1,0,0,1,0,0,0,8,0,0,4,0,3,0,1,0,0,0,0,12,0,2,0,0,12,3,0,3,0,0,3,0,0,0,3,6,0,5,3,4,0,29,8,7,1,0,12,0,0,0,0,0,2,23,0,0,5,0,0,3,3,0,2,1,0,0,3,7,0,0,0,1,0,0,0,1,1,1,0,0,6,1,0,3,5,0,0,0,0,1,1,7,0,8,0,0,0,0,0,0,0,0
1,0,0,0,9,0,0,0,6,0,0,0,0,0,0,0,0,0,0,0,1,0,0,0,0,0,0,0,0,0,0,0,0,0,0,0,0,0,0,3,0,1,0,0,3,1,0,2,0,0,0,1,0,0,0,0,0,1,0,1,0,19,2,2,0,0,0,0,0,0,0,0,2,1,0,0,1,0,0,0,1,0,0,0,0,0,1,2,0,0,0,0,0,0,0,1,2,0,0,0,0,0,0,5,0,0,0,0,0,0,0,4,0,0,0,0,0,0,0,0,0,0
1,0,0,0,0,1,0,1,6,16,4,0,4,0,0,15,4,0,0,0,5,1,7,17,4,51,11,0,0,0,26,0,16,0,2,0,7,0,1,2,1,9,0,5,4,6,0,0,0,0,15,1,0,0,39,7,0,7,5,3,1,0,0,8,6,0,0,0,0,0,2,7,1,5,1,0,4,0,0,3,2,0,10,1,0,7,8,8,0,0,0,0,0,0,1,15,3,5,0,0,3,2,3,0,36,0,0,6,4,18,7,0,0,11,0,0,2,2,0,0,0,0
2,0,0,0,0,0,0,0,2,186,5,0,0,0,0,2,3,0,0,0,2,46,2,1,0,0,10,3,0,0,1,0,4,0,0,0,0,6,0,0,0,16,0,0,5,2,0,0,0,0,4,0,0,0,4,1,0,5,1,5,1,0,6,5,6,0,0,1,0,0,3,4,0,0,0,14,4,0,0,51,0,0,0,0,0,0,4,1,0,0,0,0,0,0,1,3,0,3,0,0,1,1,0,0,1,0,0,0,1,2,1,0,1,3,0,0,0,1,4,1,0,0
0,0,0,0,0,0,0,0,0,0,0,0,0,0,0,2,0,0,0,0,0,0,0,0,0,0,0,0,0,0,0,0,0,0,0,0,0,1,0,0,0,1,0,0,2,0,0,0,0,0,0,0,0,1,1,0,0,0,0,1,0,0,0,0,0,0,0,0,0,0,0,0,0,2,0,0,0,0,0,0,0,0,0,0,0,0,0,4,0,0,0,0,0,0,0,0,0,0,0,0,1,0,0,0,0,0,0,0,0,0,0,0,0,0,0,0,0,0,0,0,0,1
6,0,0,245,5,1,8,1,1,11,7,3,2,0,0,0,2,0,0,0,2,2,0,0,2,0,1,26,0,0,1,4,0,0,0,0,0,17,0,1,0,2,7,3,7,0,4,4,97,0,3,17,0,0,0,5,0,0,3,4,0,2,1,1,5,0,1,2,1,0,0,4,0,1,2,21,6,0,0,25,4,0,0,0,3,0,5,6,0,0,1,0,1,0,1,10,0,0,0,0,0,0,0,3,1,0,1,1,0,3,0,0,0,0,2,0,0,1,2,0,0,97
0,0,0,0,0,0,0,1,2,0,16,0,48,15,0,20,7,1,0,0,15,0,17,15,0,0,26,5,29,0,8,0,128,1,1,0,27,0,0,24,0,3,0,0,1,172,5,36,0,0,59,0,0,1,49,85,3,55,6,15,3,0,19,18,11,0,0,10,0,0,7,0,16,5,11,0,45,0,5,0,0,13,0,14,53,12,60,5,0,1,0,0,0,0,13,1,6,2,10,0,3,26,4,37,5,0,72,25,0,2,8,3,0,112,42,23,0,0,0,0,4,0
0,0,0,0,0,3,0,0,0,0,6,0,3,34,0,3,0,0,0,0,5,0,8,1,0,0,2,1,0,0,5,0,7,0,0,0,2,0,0,3,0,0,0,2,0,3,3,0,0,0,5,0,0,0,0,12,0,2,0,2,1,0,1,5,5,0,0,3,2,0,1,0,0,0,2,0,38,0,0,0,0,0,0,1,0,1,6,1,0,0,0,0,11,0,3,0,8,0,4,0,23,4,3,0,0,0,0,4,0,2,1,1,0,3,2,39,0,0,0,1,2,0
0,0,0,0,0,0,0,0,2,0,6,0,2,0,0,1,0,0,0,0,2,0,2,0,0,0,1,1,0,1,0,0,0,0,0,0,0,0,0,2,0,0,0,0,1,0,0,0,0,0,1,0,0,0,3,1,0,1,0,4,0,0,0,1,3,0,0,1,0,0,1,0,0,2,0,0,1,0,0,0,0,0,0,0,0,0,2,3,0,0,0,0,0,0,0,0,0,2,0,0,6,1,0,0,1,0,0,0,0,2,0,0,0,0,0,0,0,0,0,0,0,0
0,0,0,0,0,0,0,0,0,0,2,0,1,0,0,2,0,0,0,0,0,0,2,0,0,0,0,0,1,0,2,0,1,0,0,0,0,0,0,0,0,0,0,0,0,0,0,0,0,0,2,0,0,0,1,1,1,3,0,4,2,0,1,3,0,0,0,1,0,0,1,0,0,1,0,0,4,0,0,0,0,0,0,0,0,1,2,0,0,0,0,0,0,0,2,0,0,0,0,0,1,2,1,0,5,0,0,2,0,3,1,0,1,3,0,0,0,0,0,0,0,0
0,0,0,0,0,1,0,0,1,0,0,0,0,0,0,1,0,0,0,0,1,0,0,1,2,0,0,0,0,0,0,0,1,0,0,0,0,0,0,0,0,1,0,0,1,1,0,0,0,0,1,0,0,0,0,1,0,1,1,1,0,0,1,1,0,0,0,0,0,0,0,0,0,0,0,0,1,0,0,0,0,0,0,0,0,0,0,1,0,0,0,0,0,0,0,3,0,0,1,0,0,0,0,0,2,0,0,0,0,1,0,0,0,1,0,0,0,0,0,0,0,0
15,0,0,4,1,4,6,0,10,1,4,0,1,0,0,0,2,0,0,0,0,1,3,9,31,0,3,6,0,0,4,0,6,0,1,0,1,0,0,3,1,2,6,1,1,9,1,2,3,0,9,0,0,1,2,13,0,2,3,7,1,84,4,1,7,0,4,1,0,0,1,2,19,3,1,2,16,0,0,0,5,0,2,3,10,0,6,8,0,0,0,0,0,0,0,13,0,0,1,0,6,1,3,3,3,0,2,1,0,4,0,71,0,7,5,1,0,1,1,0,0,3
2,0,0,3,6,0,0,0,2,0,2,1,0,0,0,0,1,0,0,0,0,0,0,5,0,0,0,2,0,0,3,0,4,0,0,0,0,0,0,0,0,2,0,2,3,0,0,0,17,0,0,0,0,0,0,0,0,0,6,0,1,0,0,1,0,0,5,0,0,0,0,2,1,0,0,0,4,0,0,0,1,0,2,0,0,0,1,19,0,0,0,0,0,0,0,7,0,0,0,0,1,1,0,0,1,0,1,0,0,1,0,0,0,1,0,0,0,0,0,0,0,6
6,1,0,5,0,0,0,0,1,2,3,0,0,0,0,0,2,0,0,0,0,1,0,6,11,0,9,0,0,0,1,0,2,0,0,0,0,0,0,0,0,1,48,2,2,0,0,0,1,0,0,0,0,0,1,0,0,0,1,0,0,0,0,1,0,0,0,1,39,0,1,3,0,0,1,0,2,0,0,0,14,0,0,0,0,0,3,0,10,0,0,0,0,0,0,34,0,4,24,0,0,1,0,0,0,1,0,0,0,0,0,0,0,0,0,0,0,2,1,0,0,3
0,0,0,0,2,0,6,0,0,0,0,0,0,0,0,0,0,0,0,0,0,0,0,0,3,0,0,1,0,0,1,0,0,0,0,0,1,0,0,0,0,0,0,0,0,0,0,0,0,0,0,0,0,0,0,0,0,0,0,2,0,0,0,1,0,0,0,0,0,0,0,0,5,1,0,1,0,1,0,0,0,0,0,0,0,0,0,0,0,0,0,0,0,0,0,0,0,2,0,0,0,0,0,0,0,0,0,0,0,1,0,2,0,0,0,0,31,0,22,0,0,0
0,0,0,0,0,0,0,0,0,0,2,0,12,0,0,1,0,0,0,0,0,0,1,3,0,0,0,0,4,0,2,1,9,0,0,0,2,0,0,2,0,0,0,0,0,53,0,3,0,0,4,0,0,0,0,17,0,12,1,2,3,0,3,4,3,0,0,1,0,0,0,1,7,1,2,0,16,0,3,0,0,0,0,1,0,3,8,2,0,0,0,0,0,0,1,1,0,0,1,0,1,3,3,0,6,0,0,1,0,0,0,2,0,18,0,0,0,0,0,0,0,0
0,0,0,0,0,0,0,0,0,0,0,0,0,0,0,0,1,0,0,0,0,0,0,0,0,0,0,0,0,0,0,0,0,0,0,0,0,0,0,0,0,0,0,0,0,0,0,0,0,0,0,0,0,0,0,0,0,0,0,2,0,0,0,0,0,0,0,0,0,0,0,0,0,0,0,0,0,0,0,0,0,0,0,0,0,0,0,0,0,0,0,0,0,0,0,0,0,0,0,0,1,0,0,0,0,0,0,0,0,0,0,0,0,0,0,0,0,0,0,0,0,0
