0.22118,0.5,0.25581,0.27358,0.32258,0.40674,0.24552,0.47318,0.67565,0.40893,0.13758,0.31702,0.31544,0.24961,0.3945,0.50744,0.25686,0.29268,0.22718,0.25683,0.59627,0.63562,0.46875,0.24486,0.13369,0.28852,0.92992,0.22679,0.20613,0.60217,0.34043,0.38132,0.36626,0.38537,0.14187,0.346,0.19096,0.43333,0.18983,0.67647,0.27455,0.6,0.46404,0.32361,0.53846,0.26709,0.14972,0.36183,0.44172,0.26616,0.24277,0.46196,0.54267,0.40831,0.43767,0.27216,0.45955,0.1142,0.35542,0.24538,0.175,0.17746,0.1844,0.27688,0.68885,0.10546,0.37449,0.662,0.20469,0.36713,0.20343,0.39698,0.42929,0.18313,0.39202,0.42038,0.2847,0.23077,0.17844,0.2828,0.34513,0.20713,0.32537,0.31953,0.39234,0.2884,0.3,0.64317,0.18242,0.25617,0.47959,0.73477,0.43551,0.28448,0.39387,0.38647,0.18885,0.33748,0.40986,0.5,0.42857,0.35,0.50244,0.5,0.28571,0.46919,0.33333,0.52534,0.59259,0.31915,0.9257,0.22378,0.59017,0.217,0.48817,0.83333,0.42105,0.18341,0.33072,0.18507,0.53593,1,0.40781,0.22899,0.59759,0.81517,0.48178,0.16807,0.41545,0.36147,0.59769,0.3107,0.61169,0.62295,0.57791,0.33761,0.18,0.23168,0.18491,0.34862,0.37343,0.45783,0.18966,0.51411,0.49488,0.23881
0.41476
3,0,8,1,6,1,1,2,4,17,0,12,40,1,0,2,0,3,219,140,0,232,0,0,59,0,5,9,5,7,165,0,0,0,82,2,37,1,48,7,134,0,2,65,0,2,26,51,43,0,19,27,3,52,0,0,10,0,6,23,4,37,3,2,6,11,0,1,1,14,7,33,40,17,19,122,8,5,18,76,0,2,8,4,2,4,0,0,6,43,25,0,28,0,321,1,17,10,2,0,7,49,2,0,11,18,0,2,0,61,0,21,9,11,18,0,7,0,0,2,0,0,31,15,14,0,24,2,19,4,3,0,8,0,3,12,0,1,18,69,15,0,0,0,1,0
9,0,0,1,110,181,7,1,1,229,64,35,23,26,27,20,56,6,12,50,1,10,0,8,36,3,17,1,7,277,74,5,25,16,81,0,18,1,2,1,42,1,21,25,0,7,66,58,0,3,22,6,5,167,0,8,1,9,170,6,6,195,7,21,7,14,7,2,34,239,178,7,1,16,10,2,5,27,41,74,1,7,6,0,9,22,0,0,5,7,2,2,2,28,1,2,3,50,7,0,16,0,0,0,4,9,0,3,4,1,0,5,196,2,0,0,2,14,10,36,3,0,12,0,1,1,1,0,371,167,2,0,0,1,30,93,5,98,1,0,6,0,0,2,145,1
8,0,1,0,12,8,2,14,1,20,14,10,20,3,0,7,0,1,47,29,1,4,0,2,75,1,3,18,4,13,55,0,12,0,41,2,58,1,56,5,60,0,1,30,1,0,64,32,1,0,26,17,2,10,0,2,3,12,8,28,5,69,4,4,11,15,1,9,6,12,21,44,8,26,5,4,4,5,14,49,2,6,22,2,0,6,1,0,3,2,3,7,7,3,7,2,25,12,16,0,11,6,4,0,5,42,0,2,0,15,0,15,11,22,3,0,15,7,2,6,0,0,10,9,1,1,6,2,39,8,9,1,3,0,6,1,1,1,25,16,2,0,2,1,3,0
4,0,11,5,0,0,1,1,12,4,0,50,9,0,1,6,0,0,86,58,0,14,0,0,33,1,1,19,12,3,64,0,1,0,36,4,24,0,48,1,69,0,0,17,0,0,4,33,21,0,15,18,3,11,0,4,20,0,7,7,4,2,1,0,6,22,0,1,1,4,2,10,223,4,6,134,0,1,5,33,1,1,4,37,4,0,18,0,5,57,235,2,4,1,18,3,12,1,1,0,8,98,2,0,4,15,2,1,0,75,0,66,4,26,23,0,2,1,0,1,0,0,50,96,1,0,119,12,3,2,7,0,8,0,3,2,0,0,150,152,34,0,0,0,0,0
4,0,1,2,4,3,0,1,0,19,2,1,5,0,0,2,0,6,48,66,0,3,0,0,16,3,2,9,2,6,14,0,1,2,99,0,14,0,8,0,35,0,7,7,0,1,11,10,0,0,4,7,1,4,0,3,4,0,0,6,0,20,0,1,1,3,1,1,1,12,13,3,2,9,1,0,2,2,9,68,0,1,3,1,0,2,0,0,1,2,4,1,2,0,3,0,17,2,2,0,3,1,0,1,4,3,0,0,0,8,0,6,7,9,0,0,2,1,1,3,0,0,39,0,0,0,4,4,32,5,0,0,0,0,3,0,1,2,5,1,2,0,0,0,2,0
23,0,0,2,4,0,0,0,2,6,2,13,4,1,1,4,0,2,16,9,1,1,0,2,25,0,3,36,8,3,4,0,14,0,5,3,38,1,13,3,20,0,0,6,0,4,33,5,0,1,26,25,0,2,0,1,3,25,1,4,5,23,2,1,6,7,0,15,2,4,17,25,3,2,5,0,5,6,2,6,0,9,1,2,1,0,0,0,4,0,4,4,2,2,4,8,17,5,42,1,2,1,10,0,0,18,0,2,0,8,0,26,1,26,2,0,39,4,2,1,0,0,11,5,0,10,6,4,5,6,5,2,5,0,3,0,2,2,19,11,3,0,3,0,0,0
9,0,1,5,24,21,1,4,3,23,9,12,21,161,11,1,0,13,57,188,0,8,0,1,27,1,5,5,6,1,288,11,28,1,26,1,29,1,19,0,6,0,4,122,2,3,12,292,1,0,7,10,7,117,0,6,2,3,295,10,21,41,4,2,10,10,16,2,3,11,20,21,3,8,7,0,6,21,5,25,5,1,14,0,0,25,1,0,3,6,3,1,1,7,2,0,0,39,1,0,17,7,0,0,9,13,0,4,0,0,0,10,33,2,1,1,0,1,1,3,0,0,12,3,0,1,4,0,33,3,4,0,0,0,10,0,0,2,10,15,16,1,8,0,4,2
0,0,0,0,0,0,0,0,0,0,0,0,3,0,0,0,0,0,0,1,0,0,0,0,0,0,1,0,0,1,3,0,0,0,0,2,0,0,0,0,0,0,0,1,0,1,1,0,0,0,0,15,1,0,0,0,0,1,0,0,5,3,0,0,0,0,0,0,0,0,0,0,0,0,5,0,0,1,0,0,0,0,0,0,0,0,0,0,0,0,0,0,1,0,0,0,0,0,0,0,0,0,0,0,0,0,0,0,0,0,0,0,0,1,0,0,7,3,2,5,0,0,0,1,0,0,0,0,2,0,1,0,0,0,1,0,0,0,0,1,0,0,0,0,0,0
3,0,0,0,0,1,6,12,0,0,32,2,36,40,86,10,1,0,14,0,2,48,0,26,6,0,33,3,14,0,13,22,4,3,14,4,22,67,0,1,21,0,15,2,0,79,29,1,0,1,2,334,8,0,20,2,3,17,26,36,112,66,12,15,1,6,89,5,22,5,22,81,0,16,24,1,27,7,0,2,0,7,17,0,0,3,0,10,21,0,0,4,183,1,42,7,12,244,333,0,0,0,1,0,0,7,0,3,1,0,5,11,21,11,0,0,56,129,57,86,6,0,9,8,0,1,1,0,13,0,21,1,16,0,15,158,17,2,4,0,3,0,0,0,0,0
0,0,0,0,0,0,0,145,2,0,1,0,1,0,0,9,5,1,0,0,6,0,0,3,1,0,0,0,5,0,1,0,1,1,2,1,2,24,0,0,1,0,4,0,0,0,0,0,0,3,2,0,4,0,0,0,0,3,1,6,0,3,5,2,2,3,6,1,0,0,2,11,0,0,2,1,0,0,0,2,1,2,0,1,0,1,0,0,166,0,0,9,0,0,0,0,0,13,1,0,0,0,0,0,0,0,0,8,1,0,0,3,2,4,0,0,1,49,0,7,0,0,0,1,0,6,0,0,2,0,0,0,1,0,1,1,0,5,1,0,0,0,1,61,0,0
0,0,0,0,0,0,0,1,2,0,0,0,0,0,0,0,0,0,0,0,0,2,0,1,0,0,2,2,0,0,1,0,0,0,1,3,2,2,0,0,1,0,0,0,0,0,1,0,0,0,0,0,1,0,0,0,1,9,1,11,5,5,0,0,0,0,0,0,0,0,2,1,0,1,3,0,0,1,0,17,0,3,1,0,0,0,0,0,23,0,0,0,5,0,1,0,0,2,1,0,2,1,0,0,0,1,0,0,0,0,0,0,0,1,0,0,2,21,2,10,0,0,1,0,0,0,0,0,1,0,4,0,0,0,4,6,1,0,0,0,0,0,2,0,0,0
0,0,0,0,16,0,1,0,0,7,7,1,1,4,0,0,0,0,5,3,0,0,0,0,4,0,29,7,2,0,3,3,2,0,2,1,10,1,0,0,2,0,2,0,0,5,9,0,0,1,3,6,1,0,0,0,0,70,21,6,3,80,3,1,2,2,3,7,0,4,15,3,0,0,1,0,2,6,0,1,0,3,3,0,0,1,0,0,0,1,0,0,14,0,0,2,3,14,21,0,0,0,0,0,0,2,0,0,0,0,4,3,0,4,0,0,13,14,9,41,0,0,1,0,0,0,0,1,28,0,5,2,0,0,8,0,10,0,0,0,0,0,1,0,0,1
1,0,0,0,0,0,0,0,0,0,5,0,1,1,1,1,0,0,0,0,0,0,1,0,2,0,0,1,1,1,0,9,0,0,1,0,0,0,0,0,2,0,0,0,0,5,3,0,0,1,1,0,0,0,0,2,1,0,0,0,0,1,3,0,0,0,6,0,0,6,3,1,7,2,0,0,12,5,0,0,0,2,1,2,0,0,0,0,0,0,0,0,1,5,2,0,0,9,1,0,0,9,0,0,0,4,0,0,0,0,0,2,0,0,0,0,0,1,9,0,0,0,0,0,0,0,0,0,0,1,0,0,0,0,0,1,1,0,1,0,0,0,0,0,0,7
42,0,0,8,47,19,5,16,0,77,51,25,36,20,3,6,32,3,5,8,1,2,1,8,25,3,10,8,7,23,13,7,26,33,100,5,43,4,2,15,7,0,26,20,0,7,51,35,0,9,34,4,2,26,0,18,9,17,33,13,7,116,9,1,22,9,7,7,25,74,87,35,3,28,29,1,19,31,22,77,5,16,27,1,40,21,0,0,3,15,0,5,7,35,4,1,2,44,8,0,12,1,6,0,19,15,0,16,3,0,0,9,44,25,3,0,5,30,7,27,1,0,12,3,1,1,2,1,100,71,5,8,2,0,8,39,20,22,20,5,6,0,4,6,16,10
19,0,1,1,0,0,0,0,0,0,0,8,2,0,1,0,0,0,4,4,1,0,0,0,9,0,0,18,3,0,0,0,0,0,5,1,3,0,2,2,4,0,0,0,0,32,1,4,0,0,2,33,4,0,0,0,1,0,1,2,21,0,0,0,0,12,0,1,1,0,0,5,1,1,0,0,0,0,0,0,2,0,1,0,0,0,8,0,0,2,12,0,0,0,0,18,41,1,0,0,0,2,0,0,1,4,5,0,0,8,0,44,0,36,0,0,16,0,1,0,0,0,69,30,0,0,14,40,0,0,4,0,17,0,2,0,0,0,8,13,3,0,0,0,0,0
1,0,0,0,0,0,1,4,0,1,3,2,1,0,1,1,0,0,0,0,2,0,0,29,2,0,0,1,1,0,0,2,0,0,1,0,4,0,1,0,0,0,2,0,0,1,0,0,0,0,36,3,6,1,5,0,1,3,0,11,7,5,3,2,2,17,0,0,24,3,13,1,0,9,0,0,13,2,0,0,0,4,21,2,0,0,0,0,0,1,1,2,1,4,2,0,0,0,2,1,0,0,0,0,0,4,0,3,1,0,0,2,18,0,0,0,0,5,8,2,3,0,3,0,0,0,0,0,1,1,1,2,0,0,7,0,1,0,4,2,1,0,1,0,0,0
2,0,0,0,0,0,0,0,1,0,0,0,0,0,0,11,0,0,4,0,0,0,0,3,0,0,4,3,0,0,1,1,3,1,0,0,0,6,0,0,0,0,0,0,0,0,2,1,0,0,10,2,0,0,0,2,0,1,0,0,1,7,0,38,0,1,0,2,2,0,5,2,0,0,1,56,0,3,0,1,5,0,0,0,0,0,0,0,3,0,3,1,1,0,0,0,1,0,2,0,0,12,0,0,1,0,0,0,0,0,1,1,4,1,0,0,7,1,7,4,0,0,2,14,0,0,0,1,0,0,28,0,0,0,3,0,3,0,0,0,1,0,0,0,0,0
7,0,6,2,6,16,5,7,147,13,12,12,235,2,0,5,0,0,2,9,1,16,30,6,19,4,4,6,14,2,2,2,24,19,14,122,7,0,3,22,4,6,17,5,0,3,16,10,0,1,18,16,18,0,7,65,142,12,3,8,8,19,17,1,5,19,6,5,3,4,22,26,255,6,285,0,120,4,7,3,0,12,6,89,91,14,0,0,36,72,57,2,20,7,86,0,1,20,10,0,31,27,10,0,64,34,0,46,2,2,0,19,12,1,1,0,9,21,4,2,5,0,10,1,13,3,0,0,23,14,3,3,2,0,10,106,10,14,10,10,17,1,8,2,4,0
34,0,0,29,38,18,25,10,0,9,67,16,15,90,3,1,2,2,0,11,0,0,0,2,1,12,9,1,20,3,18,132,15,8,24,2,11,9,0,0,1,1,15,15,0,61,7,53,0,13,20,7,1,2,2,41,0,15,20,11,6,56,31,7,10,12,70,1,65,41,46,5,0,21,4,0,13,177,9,8,3,9,6,0,2,56,0,27,6,3,0,0,7,132,1,0,3,12,8,0,21,0,2,0,7,10,0,10,1,0,0,0,17,4,3,0,6,41,35,70,9,0,3,0,0,6,0,0,36,19,3,17,0,2,6,1,19,14,77,0,23,4,18,6,5,16
8,0,0,0,14,0,1,1,1,3,2,0,8,2,0,8,0,0,9,8,0,0,0,11,14,0,2,4,8,3,5,7,8,0,2,173,6,11,1,230,63,0,2,0,0,8,2,4,0,20,8,0,22,1,1,4,1,26,1,8,2,43,12,4,5,38,6,615,1,7,6,4,0,0,14,1,0,0,1,1,15,9,1,0,0,22,2,1,12,2,15,7,0,2,0,0,4,3,9,0,11,1,1,0,0,4,0,3,1,0,15,4,5,3,1,0,31,10,7,35,2,0,4,39,0,0,1,27,10,2,5,12,1,0,11,0,18,2,3,1,5,0,2,0,0,0
0,0,0,0,0,0,0,0,0,0,0,0,1,0,8,0,0,0,1,0,0,0,0,0,0,0,0,0,1,0,0,0,0,0,0,0,0,0,0,0,0,0,6,1,0,0,0,2,0,0,0,0,0,0,27,2,0,0,6,7,43,0,3,0,0,1,0,0,1,0,1,4,0,0,0,0,0,0,0,0,1,0,0,0,0,0,0,0,0,0,2,0,0,0,0,0,0,0,0,0,0,0,0,0,0,0,0,0,0,0,0,3,0,0,0,0,0,9,2,8,18,0,0,0,0,0,0,0,0,0,8,0,13,0,0,1,0,0,2,0,0,0,0,0,1,0
7,0,0,0,4,1,5,6,677,1,2,0,3,1,0,1,1,3,55,9,1,0,0,6,6,0,5825,2,8,0,22,7,1,0,5,3,3,40,1,0,26,0,12,1,0,1,1,1,1,0,14,9,674,0,0,7,1,31,0,52,6,113,0,17,0,14,2,7,14,3,17,14,0,16,15,1,3,2,2,40,0,7,7,0,2,3,0,4,14,0,3,2,287,5,3,3,1,0,27,0,0,1,0,0,0,8,0,0,0,0,1981,5,913,6,0,5,64,16,138,137,2,0,334,2,2,1,2,0,6,1,777,0,10,0,701,1,6,2,7,2,298,0,0,2,0,0
1,0,0,0,1,0,5,0,3,7,6,3,6,0,0,4,98,24,51,5,2,0,0,1,1,1,3,1,11,0,3,6,1,3,7,2,4,1,3,0,7,0,3,0,0,5,1,2,0,4,1,1,2,0,0,6,3,6,1,9,2,10,7,1,0,6,0,4,4,11,14,0,1,2,7,1,10,1,14,2,0,3,2,1,2,1,0,6,2,0,3,0,0,10,1,0,2,2,2,0,0,0,0,0,0,4,1,0,0,0,12,4,2,1,0,0,5,11,14,4,1,0,7,1,0,0,0,1,1,0,13,3,5,0,5,1,0,66,6,4,19,0,1,0,0,0
57,0,0,7,17,7,26,15,32,31,51,30,8,27,2,5,3,0,1,3,0,2,1,12,20,11,5,17,30,7,3,23,65,7,47,3,18,2,2,0,0,0,16,14,2,44,29,10,0,22,13,3,2,3,3,22,6,62,5,10,10,48,48,6,15,11,30,3,47,51,57,27,0,23,11,0,36,60,24,16,0,85,41,0,16,22,0,4,1,6,2,4,8,51,5,1,1,39,31,0,8,0,9,1,8,14,0,9,4,0,0,6,11,14,1,0,1,62,43,102,7,1,5,0,0,2,0,0,35,43,9,30,0,2,8,6,54,21,52,1,17,1,25,0,3,10
41,0,0,2,10,9,21,6,6,21,31,27,17,39,0,6,7,0,3,8,0,1,2,21,23,14,4,17,24,3,1,31,49,21,19,5,15,0,2,1,4,0,31,3,0,43,26,14,4,23,30,5,4,1,3,27,0,78,15,26,10,70,34,18,10,16,74,3,50,22,56,68,2,23,13,0,32,43,16,3,0,82,34,4,7,18,0,8,0,2,1,9,6,47,5,0,1,30,43,0,4,3,9,0,2,17,0,8,6,0,0,2,13,4,15,0,9,70,41,67,6,0,1,0,1,1,1,0,15,31,2,22,1,2,7,3,32,7,51,4,24,1,44,2,3,4
44,0,0,16,3,12,96,7,12,8,23,37,3,77,2,1,103,0,0,1,0,0,1,5,2,88,2,2,121,0,2,196,10,10,33,0,3,17,2,0,0,0,16,3,7,168,1,7,5,102,3,0,9,0,158,132,0,3,4,1,9,5,90,62,2,15,88,1,76,24,49,7,2,5,0,0,28,141,48,2,0,31,4,2,47,76,0,146,1,0,0,0,1,31,2,0,1,9,5,0,3,0,0,0,0,3,0,2,4,0,3,5,5,6,86,0,1,42,338,120,179,0,1,0,1,2,0,0,1,18,5,86,0,11,0,6,22,92,196,0,129,38,6,2,16,10
0,0,0,0,0,0,2,79,3,0,3,1,1,0,0,8,0,0,0,0,12,0,0,0,0,0,0,0,4,0,0,0,1,0,4,0,0,19,0,0,0,0,4,0,0,0,0,1,0,2,5,1,6,0,0,0,0,6,0,4,1,1,1,1,0,7,0,0,0,0,1,6,0,1,2,1,0,0,0,1,2,1,1,2,0,0,0,0,80,0,0,7,0,0,2,0,0,14,0,0,0,1,0,0,0,0,0,14,0,0,0,0,2,0,0,0,0,48,1,4,0,0,0,2,1,3,0,0,0,0,1,0,0,0,3,10,2,1,0,0,0,0,1,27,0,0
2,0,0,0,0,0,0,0,0,1,0,0,6,5,5,2,1,3,70,6,1,0,0,12,3,0,1,3,10,0,3,3,1,158,2,4,5,0,1,1,3,0,400,0,0,1,3,4,0,3,1,0,3,0,12,0,2,2,4,231,104,34,7,16,0,6,6,1,3,0,5,44,0,1,3,0,1,3,0,1,3,2,1,0,21,0,0,0,4,0,8,0,0,0,5,3,0,0,1,0,4,0,0,0,3,1,0,2,0,0,2,2,3,3,0,0,13,27,7,30,3,0,0,8,2,3,1,0,2,0,101,3,293,0,2,0,4,3,1,1,2,0,0,0,0,0
7,0,0,0,5,0,2,11,2,2,8,2,63,117,22,9,0,0,107,4,3,2,1,122,17,0,260,5,6,0,23,18,7,75,3,12,9,338,0,0,246,0,189,0,0,11,81,1,0,1,13,44,26,2,4,6,1,56,151,292,102,326,15,139,3,9,273,5,15,3,36,368,0,14,73,0,5,7,2,12,0,4,6,2,0,1,0,3,54,1,3,10,39,1,151,33,13,75,482,0,0,0,0,0,0,4,0,3,0,1,27,12,117,9,1,0,520,174,124,233,2,0,8,14,90,9,0,2,42,1,136,1,58,0,75,2,16,0,7,0,2,0,1,3,0,0
142,0,0,3,3,1,7,0,6,0,0,57,1,5,36,0,0,0,1,21,0,0,1,0,5,76,1,42,42,0,9,0,0,0,26,1,3,0,2,0,6,0,0,3,0,14,1,30,2,1,3,7,3,3,0,3,4,0,35,2,28,2,5,1,1,23,0,0,3,2,7,5,3,1,1,0,2,10,0,10,39,1,5,0,1,1,6,0,1,1,11,0,0,0,0,26,61,3,0,0,2,1,0,0,1,6,2,0,0,13,0,93,0,86,2,0,14,0,1,0,0,0,55,23,0,2,17,38,0,5,14,1,2,0,1,1,0,0,102,30,37,0,0,0,0,1
1,1,0,0,0,1,14,0,0,5,10,1,8,0,3,2,0,0,1,12,0,0,0,65,20,1,4,7,5,0,1,0,1,0,5,2,10,0,11,1,2,0,0,3,0,8,3,1,0,0,168,16,1,0,1,5,4,2,0,11,1,5,5,76,4,17,0,2,62,15,28,1,0,44,2,1,3,93,3,1,1,3,45,0,0,2,0,0,4,1,3,1,5,2,0,0,1,1,8,0,0,0,1,0,0,335,0,1,2,2,0,10,14,5,0,0,1,1,7,5,0,0,17,0,0,2,0,1,3,18,2,3,0,0,6,0,1,1,0,7,1,0,0,0,1,1
6,1,0,0,0,0,76,5,0,18,29,36,2,2,3,10,0,0,0,7,2,0,0,143,24,0,1,9,3,6,3,3,9,1,2,1,12,0,25,1,10,0,1,3,1,4,4,2,0,1,92,16,6,0,15,1,0,5,1,16,7,23,2,3,6,30,1,2,166,28,39,4,1,76,1,0,8,48,4,1,0,6,177,0,0,6,1,0,0,1,2,11,7,10,1,2,0,7,7,0,0,0,3,0,0,64,0,1,0,0,0,1,22,0,1,0,0,14,28,0,6,0,5,0,0,0,0,0,2,19,2,3,0,0,23,0,3,0,6,5,5,0,0,0,0,2
2,0,0,0,0,0,59,0,0,0,2,3,0,3,2,0,0,1,0,2,2,0,0,46,0,1,0,1,2,0,0,2,0,0,0,0,0,1,7,0,0,0,0,1,0,1,0,0,1,0,1,0,2,0,12,1,0,0,1,1,4,0,3,0,2,5,4,1,136,8,9,1,1,9,0,0,0,4,0,0,0,0,46,0,0,5,0,0,1,0,0,1,0,2,0,0,0,2,0,0,0,0,0,0,0,11,0,0,0,0,0,1,4,0,1,0,1,0,23,0,4,0,3,0,0,0,0,0,0,1,0,3,0,0,2,0,0,3,2,2,4,0,0,0,1,0
40,0,3,7,1,5,1,4,2,8,6,113,12,1,0,8,0,0,36,25,3,7,1,0,30,8,7,127,17,45,16,0,19,1,123,1,47,0,33,3,21,0,0,12,0,9,15,14,0,0,13,16,3,2,0,0,6,7,1,14,8,40,11,0,8,41,0,1,4,8,5,12,7,19,2,0,1,5,7,222,1,2,18,0,0,1,5,0,4,2,9,1,10,3,2,80,53,2,3,0,6,1,1,0,9,6,2,1,1,27,0,74,3,97,0,0,12,2,0,1,0,0,80,8,0,1,38,38,13,4,3,1,8,0,1,0,0,0,32,37,6,0,0,0,0,0
8,0,0,3,0,4,0,3,0,2,0,272,1,2,0,0,0,0,0,8,0,0,0,0,1,45,0,2,2,0,3,0,7,3,13,0,0,0,0,0,1,0,0,9,0,2,1,100,0,0,0,4,0,0,0,0,6,0,2,0,2,3,2,0,0,10,0,0,3,3,3,2,0,1,1,1,3,2,3,2,1,0,3,2,5,9,8,0,4,6,9,0,0,0,0,0,0,5,1,0,2,4,0,0,0,2,0,2,0,0,0,14,0,0,3,0,2,0,0,0,1,0,0,24,0,0,1,0,1,6,4,0,1,0,0,1,0,0,99,16,5,0,2,0,1,0
4,0,0,0,0,0,0,0,0,0,0,0,9,0,0,0,0,2,62,9,0,0,0,5,3,0,4,1,2,0,9,0,0,4,0,30,3,7,0,0,1,0,11,1,0,0,1,2,0,0,0,1,1,0,0,3,0,8,0,37,22,37,1,1,0,2,1,1,0,2,4,0,0,0,41,0,0,0,0,0,1,1,0,0,1,0,0,0,1,0,4,0,0,0,1,0,0,1,7,0,9,0,0,0,3,1,0,0,0,0,2,4,0,4,0,0,301,10,8,30,1,0,0,22,1,0,0,0,1,0,20,0,1,0,4,0,2,0,1,1,0,0,0,0,0,0
5,0,5,3,1,135,0,2,4,6,0,41,89,1,0,0,1,0,2,7,0,13,3,0,4,14,2,4,8,1,9,2,3,31,4,50,1,0,0,5,1,2,17,3,0,0,0,4,0,2,1,14,0,3,57,80,37,1,4,1,40,2,4,0,1,4,3,1,4,1,5,11,28,1,53,1,17,9,1,3,0,1,0,47,164,1,0,0,37,83,36,0,3,3,99,0,0,2,2,0,141,3,0,0,62,10,0,29,0,2,0,31,1,0,1,0,7,2,0,3,61,0,1,1,17,0,0,0,10,1,2,0,16,38,1,1,2,3,8,5,3,0,0,0,84,0
12,0,0,0,3,0,1,5,0,5,5,0,4,4,0,375,1,0,3,3,192,0,4,7,12,0,3,39,4,48,6,4,330,1,2,2,131,162,0,8,30,0,1,0,0,20,6,5,10,140,28,1,269,0,23,3,0,63,2,5,3,182,5,188,735,14,6,38,1,7,5,12,0,1,6,2,2,7,0,0,8,122,0,108,0,169,0,0,111,3,0,748,0,5,39,0,10,5,9,1,0,0,36,0,0,2,1,54,112,3,13,2,4,4,59,0,5,12,6,25,11,0,1,3,248,591,1,26,2,1,7,183,1,0,167,0,1,3,3,2,1,33,44,32,0,0
3,0,0,0,0,0,0,344,4,0,1,0,3,1,0,11,83,0,0,2,24,0,0,6,0,0,1,4,5,1,0,0,1,0,2,1,2,8,0,0,1,0,0,0,0,3,0,1,0,10,11,0,9,1,0,0,1,1,0,0,0,2,104,1,2,5,3,3,0,2,5,0,1,0,6,264,0,0,0,2,1,4,0,8,0,14,0,0,67,0,0,8,0,2,0,0,0,4,1,0,1,24,1,0,0,1,0,311,0,0,66,2,27,0,0,0,0,6,0,4,0,0,2,2,4,15,0,1,1,1,1,0,0,0,1,4,1,26,2,0,0,1,11,164,0,0
2,0,0,0,1,0,0,6,1,0,0,0,4,0,0,2,0,10,29,3,2,0,0,16,2,0,2,2,4,0,2,0,1,9,3,13,6,8,0,0,2,0,27,0,0,1,2,0,0,25,5,3,8,0,0,3,1,19,0,243,5,58,11,3,1,6,4,3,5,2,13,4,0,1,14,3,0,2,0,17,1,5,1,1,1,0,0,0,163,0,1,6,0,2,2,0,1,2,3,0,4,0,0,0,1,1,0,0,1,0,1,1,0,1,0,0,18,210,14,71,1,0,0,9,1,1,0,0,6,0,6,3,3,0,13,1,10,1,0,0,1,0,0,1,0,0
2,0,0,0,7,0,0,0,0,1,0,0,3,2,0,0,0,0,7,1,0,0,1,4,4,0,5,2,2,1,1,2,8,0,0,17,5,11,0,2,29,0,0,0,0,1,3,1,0,2,0,0,4,0,0,0,0,51,3,0,1,35,1,2,4,7,2,105,0,6,2,2,0,0,5,0,0,0,0,1,3,4,1,0,1,9,0,1,13,0,1,9,0,1,0,0,1,3,8,0,0,0,0,0,1,1,0,0,0,0,7,0,3,0,0,0,22,10,7,22,0,0,1,5,0,0,0,6,15,0,1,7,0,0,7,0,5,1,3,0,0,1,0,1,0,0
5,0,0,0,0,0,0,1,0,3,0,2,4,0,0,0,0,0,1,3,0,0,0,0,9,1,1,8,3,1,3,0,2,0,4,1,5,0,1,2,6,0,0,0,0,3,2,4,0,1,1,7,0,0,0,0,1,8,0,5,2,1,7,0,0,3,0,1,0,1,2,12,1,1,0,0,6,2,1,1,2,2,0,0,0,1,0,0,0,0,4,2,1,0,0,2,5,11,5,0,0,2,1,0,1,2,0,0,0,4,0,1,0,2,1,0,1,10,1,4,0,0,4,2,1,0,1,2,2,0,1,0,0,0,1,2,2,0,7,6,1,0,0,0,0,0
11,0,0,7,1,0,11,12,7,4,36,16,3,2,0,14,5,1,0,4,2,0,1,3,5,8,1,65,105,0,1,8,4,1,13,2,11,4,0,0,1,0,5,1,0,59,5,1,1,117,6,5,10,0,11,5,5,18,0,23,3,6,62,2,1,56,9,1,20,5,17,3,1,5,13,1,160,8,8,3,0,43,3,1,1,16,0,12,4,0,4,1,4,54,2,11,1,6,5,0,3,1,3,0,1,3,1,2,2,1,0,18,14,9,8,0,3,36,26,31,2,0,12,3,1,9,2,1,3,4,2,144,1,1,3,3,20,14,15,2,15,0,13,0,1,2
6,0,0,0,2,1,1,0,0,7,2,2,30,1,0,0,0,0,5,0,1,0,0,2,10,1,1,10,3,1,0,4,1,0,1,16,10,5,0,28,24,0,0,2,0,5,16,0,0,0,9,27,6,1,0,15,1,12,1,3,2,15,2,2,1,2,3,54,3,5,6,2,0,3,30,0,4,8,2,1,2,12,2,0,0,2,1,1,1,1,1,0,1,1,0,2,9,4,52,0,1,0,0,0,0,10,0,2,0,2,0,16,1,1,0,0,14,8,4,7,0,0,0,8,1,1,0,10,12,4,5,2,1,2,4,0,3,1,0,1,2,0,1,0,2,0
57,0,3,2,0,1,0,0,0,0,0,16,2,1,0,0,0,0,0,1,0,0,0,0,1,5,0,7,12,0,1,0,0,0,1,2,0,0,1,0,0,0,0,1,0,3,0,10,72,0,0,10,1,0,0,4,28,0,0,0,2,0,0,3,0,14,0,0,3,1,2,0,0,1,1,27,0,2,0,1,4,1,2,0,0,1,9,0,0,4,18,0,1,1,0,0,0,4,1,0,0,24,0,0,3,4,0,0,0,0,0,160,0,3,227,0,1,0,1,2,0,0,2,109,0,0,1,0,0,1,56,1,1,1,0,0,0,0,43,14,3,0,0,0,0,0
0,0,0,0,0,0,8,0,67,2,0,0,1,0,0,0,2,0,0,0,0,0,0,0,0,3,0,0,32,0,0,3,0,1,11,0,0,0,0,0,0,0,2,0,0,0,1,0,1,0,0,0,0,0,0,1,0,0,0,0,0,0,5,0,0,0,0,0,0,0,2,0,0,0,1,0,2,4,1,0,0,3,2,0,0,0,0,4,0,0,0,0,0,1,0,0,0,3,0,0,0,0,0,0,0,0,0,0,0,0,0,0,0,0,2,0,0,2,12,5,0,0,0,0,0,0,0,0,0,0,0,0,0,1,0,4,3,12,54,0,86,0,0,0,0,0
0,0,3,0,1,0,0,0,0,0,1,0,0,3,0,186,0,1,1,4,56,0,16,6,5,0,1,32,2,3,1,0,216,0,1,6,55,27,0,1,3,0,3,1,0,4,1,0,0,16,19,3,103,0,0,1,0,20,0,1,1,28,8,35,175,5,2,17,0,1,4,0,0,1,4,1,2,2,0,0,3,70,1,18,0,51,0,0,40,0,0,151,0,4,1,0,3,7,6,3,0,0,103,0,0,1,1,28,43,2,1,1,3,3,2,0,0,9,12,3,0,0,1,5,12,51,0,18,2,0,12,45,1,0,44,0,2,1,4,0,0,2,33,5,0,0
0,0,0,0,0,0,0,2,0,0,0,0,0,0,0,1,0,0,0,0,3,0,0,0,0,0,0,0,0,0,0,1,0,0,0,0,0,1,1,0,0,0,0,0,0,0,0,1,0,1,0,0,1,0,0,0,0,1,0,0,0,0,5,0,0,1,0,0,0,0,0,0,0,0,1,2,1,0,0,0,0,0,0,1,0,0,0,0,6,0,1,0,0,1,0,0,1,1,0,0,0,0,0,0,0,0,0,20,0,0,0,0,1,0,0,0,0,1,0,0,0,0,0,0,1,1,0,0,0,0,0,0,0,0,0,1,0,0,1,0,0,0,0,2,0,0
