0.19868,0.5,0.33333,0.25,0.77778,0.50091,0.25989,0.18182,0.68139,0.15789,0.16923,0.58453,0.32673,0.55862,0.27647,0.47297,0.63158,0.19487,0.17778,0.5,0.2,0.2,0.17062,0.45926,0.6679,0.15789,0.40394,0.53731,0.18286,0.32317,0.38462,0.23438,0.13589,0.23158,0.34694,0.47059,0.19149,0.66667,0.1761,0.22179,0.18421,0.27374,0.70667,0.17778,0.62445,0.5,0.18367,0.30973,0.44595,0.40678,0.35625,0.53265,0.375,0.42857,0.86158,0.27027,0.18421,0.45391,0.17808,0.81034,0.48299,0.12121,0.22176,0.71667,0.23977,0.14652,0.13869,0.23214,0.53333,0.22222,0.2381,0.63388,0.6383,0.24737,0.45545,0.15976,0.18182,0.2,0.19247,0.29825,0.34884,0.26522,1,0.85714,0.22222,0.20956,0.25397,0.51786,0.6713,0.17241,0.47887,0.13402,0.13098,0.14724,0.78571,0.5463,1,0.18519,0.34848,0.38961,0.8,0.44444,0.89362,0.23846,0.63204,0.18085,0.41954,0.43333,0.13609,0.36578,0.52113,0.45769,0.54464,0.36842,0.75439,0.45283,0.47826,0.75,0.14022,0.18841,0.80545,0.30128,0.3,0.67797,0.51269,0.30286,0.14286,0.44156,0.62687,0.21053,0.47558,0.2,0.41667,0.38699
0.4065
0,0,0,0,1,0,0,0,1,0,1,0,19,1,8,4,0,27,15,0,4,0,23,0,35,3,4,0,22,0,2,1,14,3,13,0,9,0,43,0,5,0,0,9,19,0,9,9,9,18,0,0,1,3,0,3,3,13,4,1,2,0,0,0,0,8,11,26,6,1,5,39,0,7,4,9,0,0,3,0,1,1,0,0,1,1,1,1,3,0,7,6,12,0,0,32,0,3,5,0,0,0,0,2,6,1,7,2,1,0,0,0,19,1,3,1,1,0,12,0,2,0,1,0,11,0,0,2,4,3,12,0,1,0
3,0,0,2,14,9,0,3,1,3,22,2,6,81,3,6,2,6,16,0,2,0,13,3,29,1,1,20,16,5,60,30,33,3,4,0,3,0,33,57,2,4,53,16,0,0,3,3,21,18,0,2,0,10,305,1,1,21,6,141,1,1,1,1,22,40,24,24,0,2,16,0,1,13,4,12,0,6,5,0,3,5,0,0,3,5,1,5,1,26,3,1,63,6,1,0,0,6,2,0,0,0,0,4,179,6,0,0,5,18,0,1,6,0,1,2,0,0,38,2,2,9,0,0,72,15,0,9,0,0,3,1,1,56
1,1,0,0,0,0,1,1,0,0,3,1,5,0,7,0,0,1,5,0,0,0,10,0,9,1,1,0,6,0,3,0,5,1,7,0,4,0,15,0,1,2,1,6,0,0,4,3,7,2,0,0,0,2,1,1,0,3,1,1,2,0,2,0,0,1,3,7,1,3,2,0,1,1,5,2,0,0,5,1,0,1,0,0,0,1,1,0,3,4,0,2,18,4,0,0,1,3,3,0,0,0,0,2,5,0,0,0,3,0,0,0,7,0,0,0,0,0,14,0,2,2,1,0,8,0,0,1,0,1,0,1,0,1
1,0,0,3,0,0,0,0,6,0,1,21,10,0,1,0,0,20,12,0,0,0,14,1,27,10,6,0,7,0,0,0,11,2,18,1,5,0,29,0,2,1,0,13,8,0,5,3,13,1,0,1,0,4,0,2,1,14,13,0,3,8,0,2,0,4,5,23,32,1,2,116,0,4,1,7,0,0,0,8,3,0,0,0,2,2,14,0,4,0,0,9,2,0,0,59,0,2,4,0,0,4,0,5,5,5,41,0,0,1,0,0,17,7,0,1,11,1,4,0,12,0,2,0,7,0,0,1,84,12,42,0,0,0
2,0,0,0,0,0,0,0,2,3,3,1,4,1,2,0,0,9,12,0,0,0,7,1,23,3,0,0,8,0,4,0,13,1,3,0,9,0,17,0,3,0,2,9,0,0,4,1,8,3,0,0,1,0,0,0,1,7,2,0,2,1,0,0,0,10,7,8,0,3,0,0,0,5,0,6,0,0,2,5,0,0,0,0,0,0,0,0,3,2,0,6,14,0,0,0,0,2,1,0,0,2,0,1,4,1,0,0,1,1,0,0,27,0,1,2,1,0,12,2,3,0,0,0,9,0,0,0,0,2,1,0,0,1
2,0,0,1,0,0,0,0,0,2,1,1,1,0,1,0,0,1,1,0,0,0,1,0,3,3,1,0,0,0,0,0,1,0,3,0,0,0,0,0,1,1,0,1,0,0,1,3,2,0,0,0,0,1,0,0,0,0,0,0,0,2,1,0,1,1,1,4,0,2,0,0,1,0,1,0,0,0,1,0,1,1,0,0,0,0,0,0,0,0,0,1,0,2,0,0,0,0,1,0,0,0,0,1,1,0,0,1,0,0,0,1,2,0,0,0,1,0,1,2,0,0,0,0,1,0,0,0,0,0,0,0,0,0
1,0,1,4,0,1,0,0,2,1,4,1,4,22,9,0,0,14,32,0,0,0,30,1,37,3,0,0,64,2,6,0,9,2,16,0,2,0,15,0,7,1,3,40,0,0,9,9,44,48,0,1,0,6,14,1,2,25,0,2,5,2,3,0,1,10,10,18,0,2,6,0,0,16,3,0,0,6,0,0,0,1,0,0,1,1,3,2,4,4,0,6,25,3,0,1,0,8,8,0,0,1,0,4,16,0,0,0,1,1,0,0,17,0,0,2,0,0,23,1,5,4,0,0,22,0,0,0,0,3,6,0,0,1
0,0,0,0,0,0,0,0,0,0,0,0,0,0,0,0,0,0,0,0,0,0,0,0,0,0,0,0,0,0,0,0,0,0,0,0,0,0,0,0,0,0,0,0,0,0,0,0,0,0,0,0,0,0,0,0,0,0,0,0,0,0,0,0,0,0,0,0,0,0,0,0,0,0,0,0,0,0,0,0,0,0,0,0,0,0,0,0,0,0,0,0,0,0,0,0,0,0,0,0,0,0,0,0,0,0,0,0,0,0,0,0,0,0,0,0,0,0,0,0,0,0,0,0,0,0,0,0,0,0,0,0,0,0
0,0,0,0,0,0,1,1,0,0,5,0,12,1,1,2,0,6,0,0,4,0,4,0,11,1,1,0,12,3,1,2,5,2,3,1,1,0,4,0,0,16,0,2,1,0,2,35,7,1,14,4,0,3,1,4,7,8,3,0,0,0,23,0,3,2,7,11,0,2,8,0,2,0,1,5,0,0,1,0,0,2,0,0,0,0,3,0,3,2,11,5,22,13,0,0,0,0,1,0,0,0,0,0,7,2,0,0,13,7,2,7,6,1,4,1,0,0,14,0,3,1,0,0,8,24,0,4,0,0,0,0,0,0
0,0,0,0,0,0,0,10,0,0,0,0,2,0,0,0,0,0,0,0,0,0,0,0,5,0,0,0,0,1,0,0,0,0,0,0,0,0,1,0,0,0,0,0,0,0,0,0,3,0,0,0,0,0,0,0,1,1,4,0,0,0,1,0,0,0,0,3,0,0,6,0,0,0,0,0,0,1,0,0,0,1,0,0,3,0,0,0,0,0,0,0,5,1,0,0,0,0,0,0,0,0,1,1,1,0,0,0,10,1,0,0,0,0,0,0,0,0,0,0,2,0,0,0,2,0,0,0,0,1,0,0,1,0
0,0,0,0,0,0,0,0,0,0,0,0,0,0,0,0,0,0,0,0,0,0,0,0,0,0,0,0,0,0,0,0,0,0,0,0,0,0,0,0,0,0,0,0,0,0,0,0,0,0,0,0,0,0,0,0,0,0,0,0,0,0,0,0,0,0,0,0,0,0,0,0,0,0,0,0,0,0,0,0,0,0,0,0,0,0,0,0,0,0,0,0,0,0,0,0,0,0,0,0,0,0,0,0,0,0,0,0,1,0,0,0,0,0,0,0,0,0,0,0,0,0,0,0,1,0,0,0,0,0,0,0,0,0
0,0,0,0,0,0,1,0,0,0,0,0,0,0,0,0,0,0,0,0,0,0,0,0,1,0,0,0,0,1,0,0,1,0,0,0,0,0,1,0,0,1,0,0,1,0,0,0,0,0,0,0,0,0,1,0,0,0,0,0,0,0,1,0,0,0,1,0,0,0,0,0,0,0,0,0,0,1,1,0,0,0,0,0,0,0,0,0,1,0,0,0,2,5,0,0,0,0,1,0,0,0,0,0,0,0,0,0,0,1,1,0,0,0,0,0,0,0,0,2,0,1,0,0,0,0,0,0,0,0,0,0,0,0
0,0,0,1,0,0,1,0,0,0,0,0,0,0,0,0,0,0,0,0,0,0,0,0,0,0,0,0,0,0,0,1,2,0,0,0,0,0,0,0,0,0,0,0,0,0,0,0,0,0,0,0,0,0,0,0,0,0,0,0,0,0,0,0,2,1,0,0,0,0,0,0,2,1,1,0,0,0,0,0,0,0,0,0,0,0,0,0,0,1,0,0,0,0,0,0,0,0,0,0,0,0,0,0,0,0,0,0,0,0,0,0,0,0,0,0,0,0,0,0,0,5,0,0,0,0,0,0,0,0,0,0,0,0
3,0,0,1,0,5,3,3,0,2,15,0,6,2,6,0,2,2,4,0,0,0,7,4,6,1,0,0,11,4,7,8,15,3,6,0,1,0,2,9,1,5,5,4,0,0,2,4,4,1,0,12,0,7,5,0,0,11,4,3,3,2,4,0,8,25,12,10,0,9,7,0,2,7,6,3,1,4,8,1,9,6,1,0,0,23,0,3,4,24,0,3,31,15,0,0,0,5,1,0,0,0,0,2,23,4,0,0,7,6,0,0,5,0,1,2,0,0,22,0,0,4,0,0,20,3,0,2,0,0,1,0,1,3
0,0,0,0,0,0,0,0,0,0,0,0,1,0,0,0,0,1,2,0,0,0,2,0,0,3,0,0,1,0,0,0,1,0,0,0,0,0,1,0,0,0,0,1,0,0,0,1,4,0,0,0,0,0,0,0,1,1,0,0,0,0,0,2,0,0,4,3,0,0,0,0,0,1,0,0,0,0,0,2,0,0,0,0,0,0,1,0,0,0,0,3,1,0,0,0,0,0,1,0,0,0,0,1,0,4,0,0,0,0,0,0,5,0,0,0,0,0,2,0,0,0,0,0,1,0,0,0,0,0,0,0,0,0
0,0,0,0,0,0,0,0,0,0,0,0,2,0,0,0,0,0,0,0,0,0,0,0,0,0,0,0,0,0,0,0,0,0,0,0,0,0,0,0,0,0,0,0,0,0,0,0,1,0,4,0,0,0,0,0,0,0,0,0,0,1,0,0,3,1,1,0,0,1,0,0,1,0,0,0,0,1,2,0,0,3,0,0,0,0,0,0,1,1,0,0,0,1,0,0,0,0,0,0,0,0,0,0,1,0,0,0,2,1,0,7,0,0,0,0,0,0,0,0,0,2,0,0,0,0,0,0,0,0,0,0,0,0
0,0,0,0,0,0,1,0,0,0,0,0,0,0,0,0,0,0,0,0,0,0,0,0,0,0,0,0,1,1,0,0,0,0,0,0,0,0,0,0,0,0,0,1,0,0,0,0,0,0,0,0,0,0,0,0,0,0,0,0,0,0,0,0,0,0,1,0,0,0,0,0,0,0,0,0,0,0,0,0,0,0,0,0,0,0,0,0,0,0,0,0,0,0,0,0,0,0,0,0,0,0,0,0,0,0,0,0,0,1,0,0,0,0,0,0,0,0,0,0,0,0,0,0,1,0,0,0,0,0,0,0,0,1
7,0,1,0,0,6,1,2,58,2,2,0,99,0,7,0,1,6,7,0,3,1,7,4,14,1,2,0,6,1,2,3,10,15,14,0,0,0,0,6,3,0,4,4,0,0,3,8,18,1,2,23,2,16,0,0,7,7,16,0,1,0,5,1,2,2,13,6,17,5,50,4,2,4,1,6,0,0,2,17,27,5,0,0,3,51,16,0,6,5,1,1,11,5,5,1,0,12,4,0,0,0,0,13,6,4,0,1,2,2,1,0,7,0,1,1,0,0,12,1,1,1,1,1,16,2,0,0,2,1,16,0,0,3
1,0,0,23,0,19,5,8,1,1,18,2,10,9,2,0,0,0,4,0,1,0,4,3,9,1,9,0,19,30,2,1,8,2,6,1,0,2,3,1,4,49,0,19,5,0,2,1,7,7,0,12,0,8,5,0,3,10,6,0,3,0,23,0,57,29,9,10,0,3,3,0,3,47,6,7,2,17,11,0,9,20,0,1,0,9,0,0,2,23,0,2,24,9,1,0,0,2,0,19,0,0,0,1,3,2,0,0,13,26,2,5,3,0,0,1,0,0,14,1,0,28,0,0,5,0,1,0,0,0,11,0,0,7
3,0,0,0,0,0,0,1,0,0,2,0,8,2,3,0,0,1,3,0,0,0,6,0,17,0,0,0,11,3,0,0,3,6,5,1,2,6,3,0,0,0,0,8,0,0,3,0,22,2,0,0,0,9,0,1,1,7,5,0,7,1,7,43,0,6,5,0,0,0,19,0,0,0,0,1,0,1,2,0,0,9,0,0,2,0,3,0,2,3,0,1,24,1,0,0,0,1,0,0,0,0,2,1,6,6,0,0,4,3,2,0,2,0,0,0,0,3,8,0,0,1,0,0,4,0,0,0,0,1,0,0,0,0
0,0,0,0,0,0,0,0,0,0,0,0,0,0,0,0,0,0,0,0,0,0,0,0,0,0,0,0,0,0,0,0,0,0,0,0,0,0,0,0,0,1,0,0,0,0,0,0,0,0,3,0,0,0,0,0,0,0,0,0,0,0,0,0,0,0,0,0,0,0,0,0,0,0,0,0,0,0,0,0,0,0,0,0,0,0,0,0,0,0,0,0,0,0,1,0,0,0,0,0,0,0,0,0,0,0,0,0,0,0,0,3,0,0,0,0,0,0,0,0,0,0,0,0,0,0,0,0,0,0,0,0,0,0
4,0,0,0,3,0,0,8,432,0,0,0,9,4,12,70,1,17,17,2,0,0,36,0,899,0,0,36,56,20,1,1,5,22,22,0,0,0,56,3,0,9,3,15,2,0,3,4,429,3,0,3,0,144,6,6,11,261,3,1,5,4,22,4,4,12,38,11,0,1,23,3,2,2,0,27,0,9,1,0,0,2,0,0,2,0,6,3,145,4,1,1,3,8,0,1,0,3,0,16,0,0,252,10,572,7,2,13,7,87,37,0,244,4,0,6,0,0,2,0,207,1,4,0,404,43,1,68,1,6,185,0,10,1
0,0,0,0,0,0,2,1,0,0,0,1,1,0,2,16,12,2,1,0,0,0,0,0,2,0,1,0,0,2,0,1,2,0,0,0,0,0,1,0,0,0,0,1,0,0,0,1,0,0,0,1,0,0,0,2,0,2,0,0,0,0,0,0,1,2,3,0,0,0,0,0,0,1,0,1,0,3,3,1,0,2,0,0,0,0,0,0,0,2,0,0,1,1,0,0,0,0,0,1,0,1,0,0,0,1,0,0,4,4,0,0,2,0,0,0,0,0,1,1,1,1,0,0,1,4,1,4,0,1,7,0,0,0
3,0,0,7,0,18,11,1,60,0,8,7,1,2,4,0,1,4,2,0,0,1,3,5,7,3,5,0,2,3,3,5,19,2,9,0,0,0,2,10,0,9,0,2,4,0,0,2,4,3,2,8,0,10,0,1,2,6,3,2,3,2,4,0,31,26,12,6,0,4,4,0,3,11,10,8,1,22,23,1,10,16,0,0,0,19,0,1,1,19,0,0,21,9,2,0,0,3,0,0,0,0,2,3,7,1,1,0,7,8,2,7,3,0,0,1,0,0,9,1,2,23,0,1,5,1,1,2,1,2,16,0,0,4
7,0,0,10,0,31,4,1,6,0,5,16,9,0,7,0,0,3,1,0,0,1,2,3,6,0,10,0,5,3,2,3,17,1,5,0,1,0,2,13,0,6,0,3,11,0,4,1,3,1,1,4,0,5,0,0,1,4,5,0,3,1,1,0,33,12,6,3,0,9,4,0,4,3,7,3,0,10,17,1,6,9,0,0,1,7,0,1,0,7,0,2,16,8,0,0,0,1,2,1,0,0,0,2,9,0,6,0,5,5,0,6,1,0,1,1,0,0,10,4,0,12,2,0,7,0,0,0,0,0,6,0,0,14
24,0,0,18,0,177,46,2,11,1,9,27,1,0,2,5,0,0,2,0,0,0,0,5,9,2,82,1,13,53,0,16,39,3,3,3,0,0,7,39,0,31,0,4,143,0,0,1,11,1,57,37,0,9,0,2,4,5,17,2,1,0,52,0,82,24,12,7,0,1,6,0,1,26,46,12,0,42,28,1,60,61,0,12,2,55,0,1,1,5,3,1,21,0,0,0,0,0,0,8,0,0,1,2,6,7,73,0,3,124,8,119,1,1,1,0,0,0,12,3,0,63,0,0,7,10,0,0,4,0,39,0,0,73
0,0,0,0,0,0,0,4,0,0,0,0,1,0,0,0,0,0,0,0,0,0,2,0,0,0,0,0,0,0,0,0,0,0,0,0,0,0,0,0,0,0,0,0,0,0,0,0,1,0,0,0,0,0,0,0,0,1,1,0,0,0,0,0,0,0,1,0,0,0,0,0,0,0,0,0,0,1,0,0,0,0,0,0,0,0,0,0,0,0,0,0,2,0,0,0,0,0,0,0,0,0,1,0,1,0,0,0,9,0,0,0,0,0,0,0,0,0,0,0,0,0,0,0,0,0,0,0,0,0,0,0,0,0
0,0,0,0,0,0,0,0,0,0,0,0,3,0,0,0,0,3,1,0,0,0,0,0,4,0,0,0,1,0,0,25,1,0,1,0,0,0,1,51,1,2,0,1,0,0,0,0,1,0,0,1,0,0,0,1,6,4,1,3,0,0,4,0,1,0,1,4,0,0,1,0,0,0,0,0,0,0,0,1,0,0,0,0,1,0,0,0,0,0,0,0,1,2,0,0,0,0,0,0,0,0,0,1,0,2,1,0,4,2,1,0,0,0,0,0,0,0,0,0,0,0,6,0,2,0,1,0,0,0,0,0,0,0
1,0,0,0,0,1,0,1,0,0,3,0,31,11,17,3,0,38,11,0,1,1,10,0,54,1,0,1,33,5,1,25,6,11,19,3,0,0,40,46,0,3,1,9,0,0,0,2,29,3,2,0,0,21,13,10,14,29,1,10,2,1,53,0,5,10,31,65,0,0,18,0,5,6,0,17,0,6,4,0,0,3,0,0,1,0,2,0,2,4,3,9,36,23,0,0,0,1,1,0,0,0,3,0,17,12,0,10,23,12,2,1,5,0,0,1,0,0,22,0,1,2,1,1,40,6,0,1,0,1,1,0,0,1
30,0,0,1,0,2,2,0,0,0,1,31,0,3,1,0,0,1,3,0,0,0,1,36,0,3,3,0,2,9,0,0,8,0,0,1,1,0,1,0,1,1,0,3,0,0,1,2,5,0,0,0,0,0,1,0,0,1,1,0,1,2,1,1,0,0,0,3,0,0,0,0,1,0,0,4,2,0,1,1,0,1,0,0,0,2,0,0,0,1,0,4,3,0,1,1,0,4,2,0,0,0,0,8,0,1,0,0,0,1,0,0,10,0,0,0,2,0,1,2,1,0,1,0,1,0,1,0,10,2,1,0,0,1
4,0,0,0,0,0,36,0,0,0,13,1,2,0,2,0,0,5,0,0,0,2,1,0,2,0,1,0,0,2,2,0,0,1,0,1,0,0,1,0,0,11,0,0,1,0,18,0,5,1,0,0,0,0,0,0,0,0,1,0,1,4,1,1,4,5,1,3,0,26,1,0,0,14,0,1,0,0,30,0,0,0,0,0,0,0,2,0,1,1,0,0,2,7,1,0,0,0,23,0,0,0,0,1,3,0,0,0,0,0,0,1,5,0,0,0,0,0,1,13,1,0,0,5,1,0,0,0,1,1,0,0,0,1
2,0,0,0,0,0,38,1,0,0,5,6,5,0,5,0,0,0,0,0,0,1,0,0,1,2,1,0,2,0,1,0,2,0,4,0,0,0,0,0,0,4,0,2,0,0,5,5,5,1,18,1,0,2,0,0,0,4,0,0,3,6,6,0,26,9,8,0,0,22,0,0,0,5,0,0,1,2,46,0,1,2,0,0,0,1,0,3,0,5,0,0,4,3,1,0,0,0,1,0,0,0,0,1,1,1,0,0,5,3,0,17,5,0,0,0,0,0,4,9,0,5,0,0,5,0,0,0,0,1,1,0,0,0
0,0,0,1,0,1,7,0,0,0,0,2,0,0,0,0,0,0,0,0,0,0,0,0,0,0,0,0,0,1,1,0,0,0,0,1,0,0,0,0,0,0,0,0,1,0,1,1,1,0,15,0,0,0,0,0,0,0,0,0,1,2,2,0,12,0,0,0,0,4,0,0,0,1,0,0,1,0,21,0,0,0,0,0,0,0,0,1,0,0,0,0,1,0,0,0,0,0,0,0,0,0,0,1,2,0,0,0,1,0,0,16,0,0,0,0,0,0,0,0,0,0,0,0,0,0,0,0,0,0,0,0,0,1
3,1,0,2,0,0,0,0,0,1,3,18,6,0,5,0,0,12,9,0,0,0,9,1,50,12,5,8,5,0,1,0,27,1,11,0,7,0,6,0,1,1,2,3,0,0,5,1,10,0,0,1,1,5,0,0,1,31,3,0,8,8,1,0,0,1,6,3,1,4,1,0,0,0,0,15,0,0,2,1,1,2,0,0,0,3,1,2,21,0,0,10,5,2,0,0,0,5,2,0,0,1,1,12,1,17,0,0,1,1,0,0,33,0,0,4,6,0,6,0,7,2,0,0,8,0,0,0,4,4,2,0,0,0
5,0,0,5,0,0,1,0,0,0,1,204,5,0,2,0,0,0,6,0,0,0,2,62,8,0,1,1,4,3,1,1,3,0,2,0,0,0,0,7,0,1,0,23,0,0,0,4,4,0,0,0,0,0,0,0,1,4,0,0,2,2,1,0,1,3,5,2,0,2,0,0,0,1,0,5,0,0,1,0,2,2,0,0,1,31,0,0,0,0,0,3,4,0,0,0,0,0,0,0,0,0,0,5,0,1,0,1,0,0,0,0,1,1,0,0,0,0,2,0,2,0,1,0,1,0,0,0,0,6,1,1,0,0
0,0,0,0,0,0,0,0,0,0,0,0,3,0,0,0,0,1,0,0,0,1,0,0,0,0,0,0,0,0,0,0,0,0,0,0,0,0,0,0,0,0,0,1,0,0,0,0,0,0,0,0,0,0,0,0,2,1,1,0,0,0,2,0,0,1,0,0,0,0,0,0,0,0,0,0,0,0,1,0,0,0,0,0,0,0,0,0,0,0,0,0,1,0,0,0,0,0,0,0,0,0,0,0,0,0,0,2,1,0,0,0,0,0,0,0,0,0,0,0,0,0,0,0,0,0,0,0,0,0,0,0,0,0
5,0,0,3,0,276,2,0,0,2,0,3,11,1,1,0,0,0,0,0,0,0,1,2,1,0,0,0,4,2,2,2,1,0,1,0,0,1,1,13,0,1,0,1,5,0,2,2,2,0,10,155,3,1,1,0,0,0,2,0,0,2,2,0,1,0,1,4,3,2,6,0,1,1,1,0,0,0,0,5,34,1,0,0,1,57,3,0,0,0,1,0,4,4,55,0,0,15,1,0,0,0,0,3,0,0,0,0,0,0,0,13,0,0,0,0,0,0,5,9,0,0,0,40,0,2,0,0,0,2,0,0,0,113
0,0,0,0,0,0,0,0,0,0,0,0,10,4,47,8,0,9,10,2,1,0,8,0,44,10,0,0,23,0,38,0,6,11,102,16,1,0,21,1,0,6,0,11,0,1,6,0,200,1,28,0,0,57,0,0,4,78,9,8,71,1,2,3,1,14,22,3,0,0,12,0,0,5,0,11,1,27,2,8,0,28,0,0,10,1,0,29,2,35,34,13,60,1,0,0,0,1,0,0,4,0,4,2,9,3,26,0,9,10,8,44,0,0,43,24,0,0,6,0,2,28,0,0,86,53,0,36,0,2,1,0,4,0
0,0,0,0,0,0,0,12,0,0,0,0,4,0,1,31,0,1,1,0,0,0,2,0,10,1,0,0,3,1,0,0,2,1,2,0,1,0,0,0,0,1,0,2,0,1,1,0,6,2,0,0,0,1,0,0,1,1,26,0,2,0,0,0,1,1,3,4,0,0,1,1,0,0,0,3,0,3,0,1,0,7,0,0,3,0,0,0,1,1,0,1,12,0,0,1,0,0,0,30,0,0,15,1,8,1,0,0,11,1,0,0,0,0,0,0,0,0,2,0,1,3,0,0,1,2,0,22,0,0,0,1,5,0
0,0,0,0,0,0,0,1,0,0,0,0,2,0,0,0,0,1,0,0,0,1,1,0,3,0,0,0,2,0,0,3,0,1,1,1,0,0,1,0,0,0,0,0,0,0,0,0,1,0,0,0,0,0,0,2,0,3,0,0,0,1,2,0,2,1,1,1,0,0,4,0,0,1,0,0,0,1,3,0,0,0,0,0,2,1,0,0,0,0,0,0,4,2,0,0,0,1,0,0,0,0,0,0,0,2,0,0,11,1,0,0,0,0,0,0,0,0,2,0,0,1,0,0,0,0,0,0,0,0,0,0,0,0
0,0,0,0,0,0,0,0,0,0,0,0,0,1,2,0,0,1,2,0,0,0,0,0,2,0,0,0,0,0,0,0,0,1,1,0,0,0,2,0,0,1,1,1,0,0,0,0,2,0,0,0,0,4,0,0,0,4,1,0,3,0,1,2,0,1,0,3,0,0,1,0,0,1,0,1,0,0,4,0,0,2,0,0,2,0,0,0,0,1,0,0,7,1,0,0,0,0,0,0,0,0,0,1,0,0,0,0,0,1,0,1,4,0,0,0,0,0,3,0,0,0,0,0,4,0,0,0,0,0,0,1,0,0
0,0,0,0,0,0,0,0,0,0,0,0,0,0,0,0,0,1,0,0,0,0,2,0,1,0,1,0,0,2,0,0,0,0,0,0,0,0,0,0,0,0,0,3,0,0,0,0,1,0,0,0,0,0,0,0,0,0,0,0,0,0,0,0,0,0,0,1,0,0,0,0,0,0,0,1,0,1,0,0,0,0,0,0,1,0,0,0,0,2,0,0,1,0,0,0,0,1,0,0,0,0,0,2,1,0,0,0,1,0,0,0,2,0,0,0,1,0,0,1,0,0,0,0,1,1,0,0,0,0,0,0,0,0
7,0,0,8,0,3,7,2,15,1,4,2,4,0,1,3,0,0,0,0,4,1,2,3,8,11,54,0,2,4,4,0,15,0,5,1,0,0,2,1,1,4,0,2,9,0,2,1,10,0,2,3,0,5,1,0,1,1,6,0,1,6,8,0,36,9,5,3,0,7,0,0,60,2,1,2,1,27,6,1,3,11,0,0,0,2,0,2,2,16,7,2,8,2,0,0,0,2,1,0,0,0,0,4,4,0,0,0,2,2,5,10,3,0,0,0,0,0,6,4,0,94,0,6,3,9,0,2,0,1,1,0,0,2
2,0,0,0,0,0,3,0,0,0,1,0,1,0,0,0,0,0,1,0,0,0,0,0,0,0,0,0,0,2,1,0,0,0,1,0,0,0,2,0,5,1,0,0,0,0,2,6,0,0,0,18,0,0,0,0,0,2,0,0,0,2,1,0,1,0,0,0,0,1,2,0,2,3,1,0,0,1,0,0,1,1,0,0,0,0,0,0,2,0,0,0,1,24,2,0,0,0,0,0,0,0,0,2,0,1,0,0,1,2,0,0,2,0,0,0,0,0,0,11,0,1,0,5,1,0,0,0,0,1,0,0,0,6
30,0,1,0,0,1,0,0,0,0,0,2,1,0,0,0,0,0,0,0,0,0,0,1,1,0,0,0,4,0,1,0,0,0,1,0,0,0,2,0,0,2,0,4,19,0,0,0,1,0,0,1,0,0,0,0,0,1,0,0,0,3,0,0,0,0,1,1,0,0,0,20,0,0,0,0,1,0,1,0,0,7,0,0,0,0,6,0,1,0,0,0,3,1,0,12,0,0,1,0,0,0,0,31,0,1,12,0,0,0,0,0,1,4,0,0,0,0,0,0,0,0,0,0,0,0,0,0,1,2,1,0,0,2
0,0,0,2,0,1,3,0,39,0,0,0,1,0,0,0,0,0,0,0,0,0,0,0,1,0,14,0,1,1,0,0,1,0,0,0,0,0,0,0,0,0,0,0,0,0,0,0,0,0,0,3,0,0,0,0,0,0,0,0,0,0,2,0,1,0,0,0,0,0,0,0,0,0,2,0,0,5,1,0,1,3,0,1,0,0,0,0,0,0,0,0,0,0,0,0,0,0,0,1,0,0,0,0,0,0,1,0,0,5,0,1,0,0,0,0,0,0,0,0,0,3,0,0,0,0,0,0,22,0,35,0,0,0
0,0,0,0,0,0,1,2,0,0,0,0,3,0,9,0,0,2,0,0,0,0,1,0,7,0,0,0,4,0,10,0,2,0,6,3,0,0,3,0,0,4,0,1,0,0,1,0,61,0,2,0,0,3,0,0,0,4,1,0,11,1,0,0,0,2,3,0,0,0,2,0,0,1,0,0,0,13,1,1,0,15,0,0,3,0,0,2,0,5,0,5,5,0,0,0,0,0,0,1,1,0,0,0,1,0,4,0,1,1,0,0,3,0,1,3,0,0,1,0,0,15,0,0,22,0,1,0,0,1,0,0,0,0
0,0,0,0,0,0,0,1,0,0,0,0,0,0,0,0,0,0,0,0,0,0,0,0,0,0,0,0,0,0,0,0,0,0,0,0,0,0,0,0,0,0,0,0,0,0,0,0,0,0,0,0,0,0,0,0,0,0,0,0,0,0,0,0,0,0,0,0,0,0,0,0,0,0,0,0,0,0,0,0,0,0,0,0,0,0,0,0,0,0,0,0,1,0,0,0,0,0,0,0,0,0,0,0,0,1,0,0,0,0,0,0,0,0,0,0,0,0,0,0,0,0,0,0,0,0,0,0,0,0,0,0,1,0
