0.18548,0.33333,0.5,0.52,0.81373,0.27273,0.61062,0.82285,0.53846,0.23684,0.51662,0.28767,0.82569,0.19273,0.58576,0.81818,0.12444,0.15668,0.33333,0.75,0.33333,0.11871,0.46988,0.72289,0.16667,0.40909,0.7234,0.19391,0.18956,0.328,0.44203,0.10504,0.27778,0.29979,0.33333,0.25,0.5,0.16314,0.22378,0.42857,0.18361,0.5827,0.20098,0.39744,0.11765,0.24171,0.42627,0.34167,0.44105,0.64398,1,0.38593,0.80879,0.5,0.26829,0.55194,0.19911,0.79358,0.50943,0.12245,0.16229,0.71591,0.45548,0.11885,0.14676,0.18116,0.66667,0.61364,0.3287,0.59677,0.28571,0.18333,0.13139,0.33457,0.15385,0.35385,0.37745,0.13684,1,0.25,0.3237,0.18841,0.58621,0.7839,0.17117,0.61905,0.13492,0.12241,0.13647,0.375,0.45455,0.5,0.22222,0.44444,0.35897,1,0.84227,0.25694,0.79447,0.15306,0.38674,0.78571,0.10314,0.40125,0.77778,0.53143,0.53065,0.45455,0.72321,0.18254,0.46667,0.11621,0.7508,0.37838,0.45455,0.42553,0.29808,0.45143,0.69677,0.19444,0.46177,0.33333,0.38462,0.64423
0.40872
0,0,0,0,0,0,0,0,0,3,1,22,0,14,4,0,28,14,0,0,0,25,0,18,10,0,0,13,2,4,0,8,4,20,0,6,0,54,0,6,0,2,4,31,15,15,6,15,0,0,0,18,0,0,1,20,15,1,3,2,5,1,0,11,16,26,0,0,7,40,0,15,8,0,3,1,0,2,0,1,0,5,1,3,2,23,11,14,6,0,19,0,0,1,0,0,3,1,4,0,37,2,3,2,4,0,23,1,7,2,0,15,2,0,1,14,2,1,8,0,11,0,1,0
1,0,0,15,3,0,8,1,1,63,1,9,90,27,11,0,12,24,0,3,1,32,0,8,0,0,13,23,25,36,61,17,1,8,0,4,0,46,61,0,24,229,7,0,8,5,12,30,0,1,0,9,313,0,0,13,13,173,0,3,10,0,2,29,18,59,0,1,11,0,1,9,8,2,21,0,3,9,0,0,6,0,1,1,19,4,9,50,61,0,0,1,0,1,4,0,1,2,16,4,0,0,8,17,3,0,17,1,4,8,0,13,1,5,0,28,62,8,0,0,1,1,0,52
1,0,0,0,0,0,0,0,0,7,1,1,0,15,0,0,4,5,0,0,0,11,0,4,7,0,0,8,1,1,1,4,1,8,0,4,0,10,1,0,3,5,0,0,8,3,4,1,0,0,0,5,1,0,0,3,4,1,1,0,1,0,0,4,3,18,0,0,1,0,0,3,1,2,2,1,0,7,0,0,0,1,0,2,2,0,4,15,11,0,1,0,2,0,0,0,1,5,1,5,0,0,6,2,1,0,10,0,0,2,0,8,4,1,1,7,0,0,0,0,0,0,0,0
0,0,1,1,0,0,0,4,0,5,23,7,0,1,1,0,16,19,0,0,0,13,0,9,21,2,0,13,1,0,0,14,4,22,0,4,0,29,0,2,4,0,13,13,5,5,6,4,0,1,0,12,0,0,0,10,5,0,0,5,2,5,0,10,9,16,2,0,3,111,0,10,15,1,0,3,3,2,0,1,2,12,0,1,1,3,16,7,0,0,35,0,0,0,0,0,4,9,6,15,70,0,3,3,0,0,15,5,0,3,7,13,7,0,1,9,0,1,216,5,64,0,0,0
1,0,0,0,0,0,0,0,7,5,3,3,0,7,0,0,15,3,0,0,0,11,0,17,6,0,0,13,2,1,0,14,1,7,0,11,0,29,1,0,1,3,3,0,4,2,6,2,0,1,0,4,0,0,0,6,5,1,0,2,0,0,0,5,14,9,0,0,1,0,0,2,2,0,6,6,0,1,0,0,0,0,0,2,1,0,17,11,6,0,0,0,0,0,0,1,0,0,3,3,0,0,3,2,0,0,30,0,1,0,0,7,5,0,0,7,0,0,0,4,1,0,0,0
0,0,0,0,0,0,0,0,1,0,1,0,0,3,0,0,1,2,0,0,0,0,0,3,5,0,0,2,0,0,0,3,0,7,0,0,0,2,0,0,0,0,0,0,5,2,0,0,0,1,0,0,0,0,0,0,1,0,0,2,0,0,0,0,1,2,0,0,0,0,0,2,0,0,1,0,0,2,0,0,0,0,1,0,0,0,0,0,9,0,0,0,0,0,0,0,0,1,0,0,0,0,1,0,0,0,3,0,0,0,1,2,1,0,0,1,0,0,0,0,0,0,0,0
0,1,0,2,0,0,1,1,1,5,2,7,1,34,0,0,15,34,0,0,0,31,0,16,3,1,0,28,4,8,0,6,2,21,0,3,0,28,1,4,3,4,41,1,16,23,29,41,0,0,0,8,20,0,1,20,20,0,2,1,5,1,0,11,25,44,0,3,3,1,0,22,5,2,1,0,1,6,0,0,1,1,0,3,9,0,5,47,5,0,0,0,4,1,2,0,1,6,9,1,0,0,7,4,3,0,14,0,1,5,0,18,7,1,0,35,0,0,0,0,4,0,0,1
0,0,0,0,0,0,0,0,0,0,0,0,0,0,0,0,0,0,0,0,0,0,0,0,0,0,0,0,0,0,0,0,0,0,0,0,0,0,0,0,0,0,0,0,0,0,0,0,0,0,0,0,0,0,0,0,0,0,0,0,0,0,0,0,0,0,0,0,0,0,0,0,0,0,0,0,0,0,0,0,0,0,0,0,0,0,0,0,0,0,0,0,0,0,0,0,0,0,0,0,0,0,0,0,0,0,0,0,0,0,0,0,0,0,0,0,0,0,0,0,0,0,0,0
1,0,0,0,0,1,1,0,0,5,0,18,0,0,4,0,2,0,0,0,0,8,0,7,2,0,0,8,4,1,0,3,2,7,0,1,0,9,1,0,10,0,2,0,1,51,5,0,2,4,0,11,0,1,1,11,5,0,1,0,28,0,11,0,6,17,0,0,7,0,0,5,1,5,0,0,0,1,0,0,0,1,0,3,1,14,2,13,33,2,0,0,0,0,0,0,0,0,1,4,0,0,9,7,1,3,5,0,9,1,0,16,2,6,0,5,25,10,0,1,0,0,0,0
0,0,0,0,0,0,6,0,0,0,0,4,0,3,0,0,0,1,0,0,0,2,0,3,0,0,0,0,2,0,0,0,0,2,0,0,0,0,0,0,0,0,0,0,0,0,2,0,0,0,0,2,0,0,0,1,2,0,0,0,5,0,0,0,2,3,0,0,6,0,0,1,0,0,0,0,0,1,0,0,0,0,0,0,2,1,0,1,0,0,0,0,0,0,0,0,0,0,2,0,0,0,15,1,1,0,0,0,0,3,0,2,3,0,0,0,0,0,0,0,0,0,0,0
0,0,0,0,0,0,1,0,0,0,0,0,0,0,0,0,0,0,0,0,0,0,0,0,0,0,0,0,0,0,0,0,0,0,0,0,0,0,0,0,0,0,0,0,0,0,0,0,0,0,0,0,0,0,0,0,0,0,0,0,0,0,0,0,0,0,0,0,0,0,0,0,0,0,0,0,0,0,0,0,0,0,0,0,0,0,0,0,0,0,0,0,0,0,0,0,0,0,0,0,0,0,1,0,0,0,0,0,0,0,0,0,0,0,0,1,0,0,0,0,0,0,0,0
0,0,0,0,0,2,0,0,0,1,0,0,0,0,0,0,1,1,0,0,0,0,0,2,0,0,0,0,1,0,0,1,0,0,0,0,0,1,0,0,0,0,0,0,0,1,0,0,0,0,0,0,4,0,0,0,0,0,0,0,0,0,0,0,0,0,0,0,0,0,0,0,0,1,1,0,0,0,0,0,0,0,0,2,0,0,1,0,2,1,0,0,0,0,0,0,0,0,0,0,0,0,0,1,1,0,0,0,0,0,0,1,0,0,0,0,0,0,0,0,0,0,0,0
0,0,0,0,0,0,0,0,0,0,0,1,0,0,0,0,0,0,0,0,0,0,0,0,0,0,0,0,0,0,0,0,0,0,0,0,0,0,1,0,0,0,0,0,0,0,0,0,1,0,0,0,0,0,0,0,0,0,0,0,1,0,2,0,0,0,0,0,0,0,0,0,1,1,0,0,0,0,0,0,0,0,0,0,0,0,0,1,1,0,0,0,0,0,0,0,0,0,0,0,0,0,0,0,0,0,0,0,0,0,0,0,0,0,0,0,0,0,1,0,0,0,0,0
2,0,0,0,0,1,9,1,1,16,1,4,1,6,3,1,3,3,0,1,0,15,0,3,3,0,1,8,13,4,4,14,1,11,1,2,0,7,10,0,13,8,6,0,3,10,3,3,0,4,0,11,4,0,1,12,19,3,2,0,13,1,0,15,7,17,0,4,7,0,1,4,2,2,12,1,19,17,0,0,8,1,0,2,8,0,2,43,32,0,0,0,0,0,0,0,0,6,10,3,2,0,7,7,4,0,3,0,0,2,0,17,1,5,0,15,34,0,0,0,1,0,0,1
0,0,0,0,0,0,0,0,0,1,3,1,0,2,0,0,0,4,0,0,0,2,0,1,3,0,0,2,0,0,0,3,0,1,0,0,0,1,0,0,0,0,1,0,0,1,3,1,0,0,0,0,0,0,2,1,0,0,0,0,0,1,0,3,2,3,0,0,0,0,0,0,0,1,0,0,0,1,0,0,0,1,0,0,0,0,1,0,2,0,0,0,0,1,0,0,0,0,0,2,0,0,1,0,0,0,5,1,0,0,0,3,2,0,0,2,0,0,0,1,0,0,0,0
0,0,0,0,0,3,0,0,0,0,0,1,0,0,0,0,0,0,0,0,0,1,0,0,0,0,0,0,0,0,0,2,0,1,0,0,0,0,0,0,0,0,0,0,2,0,1,0,3,0,0,1,0,0,0,0,0,0,0,0,2,0,13,1,1,0,0,1,1,0,0,1,0,0,1,0,0,4,0,0,0,0,0,1,0,0,0,0,0,1,0,0,0,0,1,0,0,0,1,0,0,0,0,0,0,4,0,0,0,0,0,0,0,2,0,1,0,0,0,0,0,0,0,0
0,0,0,0,0,0,0,0,0,0,0,0,0,0,0,0,0,0,0,0,0,0,0,0,0,0,0,1,1,0,0,0,0,0,0,0,0,0,0,0,0,0,0,0,0,0,0,0,0,0,0,0,0,0,0,0,0,0,0,0,0,0,0,0,0,1,0,0,0,0,0,0,0,0,0,0,0,0,0,0,0,0,0,0,0,0,0,0,1,0,0,0,0,0,0,0,0,0,0,0,0,0,0,1,0,0,0,0,0,0,0,0,0,0,0,1,0,0,0,0,0,0,0,0
1,1,0,2,4,0,1,72,1,4,5,105,0,13,0,0,4,9,0,0,0,7,0,13,1,0,1,5,25,1,0,1,13,11,0,0,0,0,10,0,0,1,10,0,16,13,19,2,0,21,3,28,1,0,2,4,21,0,4,1,11,1,2,4,17,23,1,2,71,0,0,3,6,3,8,23,29,20,0,1,9,13,1,1,0,8,4,10,13,0,5,0,4,0,0,0,0,17,9,2,1,0,4,0,1,0,6,0,7,8,0,14,0,2,0,19,2,1,58,0,16,0,0,2
3,0,2,0,2,1,3,0,0,16,4,6,6,3,0,1,4,6,1,0,0,11,1,3,0,0,0,11,57,1,0,4,0,4,0,1,1,2,3,0,56,1,10,0,2,10,3,2,0,2,0,15,4,0,0,4,16,1,2,1,60,1,1,17,4,5,0,3,4,0,1,3,18,17,30,1,4,25,0,0,0,0,1,1,1,0,3,65,14,0,0,0,0,0,17,0,1,3,5,2,0,0,11,27,0,1,1,0,0,6,0,24,1,14,0,12,0,1,0,0,10,0,0,1
0,0,0,2,0,0,0,0,0,4,0,7,0,5,0,0,9,8,0,0,0,9,0,16,2,0,0,13,6,1,0,2,4,12,0,1,1,5,0,0,1,0,4,0,0,1,10,1,1,0,0,11,0,0,1,10,13,0,2,2,6,63,0,6,2,9,0,0,21,0,0,2,1,4,2,0,0,23,0,0,0,2,1,0,2,0,2,15,7,0,0,0,0,0,0,0,5,0,10,4,2,0,7,4,2,1,5,0,0,4,0,8,3,0,0,11,0,0,0,1,0,0,0,0
0,0,0,0,0,0,0,0,0,0,0,0,0,0,0,0,0,0,0,0,0,0,0,0,0,0,0,0,0,0,0,0,0,0,0,0,0,0,0,0,0,0,0,0,0,0,0,0,0,0,0,0,0,0,0,0,0,0,0,0,0,0,3,0,0,0,0,0,0,0,0,0,0,0,0,0,0,0,0,0,0,0,0,0,0,0,0,0,0,0,0,0,0,0,0,0,0,0,0,0,0,0,0,0,0,3,0,0,0,0,0,0,0,0,0,0,0,0,0,0,0,0,0,0
0,0,0,26,0,0,69,497,0,2,0,25,0,7,181,0,22,13,0,0,0,33,0,540,1,0,170,70,44,0,0,8,20,73,0,0,0,24,4,0,8,131,7,0,1,8,318,3,0,0,0,203,9,4,9,356,54,1,2,4,68,2,4,15,43,8,0,0,9,2,0,2,5,22,4,0,0,3,0,1,0,7,1,185,14,1,0,5,19,1,1,0,1,0,28,0,267,12,460,3,0,11,13,128,203,0,277,1,0,18,0,16,235,0,1,320,21,79,0,7,151,0,5,0
0,0,0,1,0,0,0,2,0,2,0,3,0,0,14,9,1,2,0,0,0,0,1,1,0,0,0,1,3,1,1,4,0,0,0,0,0,0,1,0,2,0,1,0,2,1,0,0,1,0,0,1,1,0,1,1,1,0,0,1,4,0,2,4,5,1,0,0,2,0,0,0,0,6,3,1,1,6,0,2,0,0,1,0,1,0,0,3,4,0,0,0,0,0,0,0,0,0,1,0,0,0,4,1,2,0,2,0,0,0,0,2,1,3,0,1,7,9,1,2,2,0,0,1
4,0,0,0,3,7,2,9,0,13,13,5,0,8,1,0,4,5,0,0,0,5,3,3,1,0,0,12,8,3,2,11,0,10,0,0,0,2,13,0,20,2,6,0,3,5,8,2,1,4,0,8,0,0,1,8,16,1,2,4,10,0,14,15,8,10,0,4,5,0,1,4,10,9,11,0,12,18,0,1,4,1,0,2,7,1,2,27,27,0,0,0,0,1,1,0,0,2,1,4,0,0,8,12,1,1,8,0,0,4,0,15,3,12,0,7,2,0,0,2,10,0,0,0
6,0,0,0,10,5,1,0,0,13,9,7,0,7,0,0,2,3,0,0,1,3,1,2,1,0,0,4,9,2,3,5,3,8,0,0,0,1,20,0,10,1,3,0,2,6,2,0,3,8,0,10,0,0,0,2,9,0,5,0,7,0,9,8,5,9,0,5,2,0,0,4,3,6,9,0,5,9,0,2,2,1,1,0,5,1,2,7,16,0,0,0,0,0,0,0,1,1,4,1,1,1,4,2,0,3,0,0,0,5,0,6,1,4,1,7,0,1,0,1,4,0,0,0
15,0,1,0,27,32,0,3,0,19,55,5,0,1,14,0,0,4,0,0,0,6,16,2,1,8,0,7,69,0,16,19,2,8,0,0,0,6,29,0,48,0,10,2,0,1,5,0,101,4,0,15,0,0,1,10,31,3,2,2,67,0,1,17,7,8,0,5,3,0,0,11,13,90,28,1,42,45,3,0,56,0,0,1,5,1,1,19,9,0,0,0,0,0,1,0,0,4,6,7,15,0,15,40,8,93,4,1,0,2,0,18,2,20,0,16,5,1,2,0,22,0,0,4
0,0,0,0,0,0,2,0,0,0,0,3,0,0,0,0,1,0,0,0,0,1,0,1,0,0,0,0,0,0,0,0,0,0,0,0,0,0,0,0,2,0,1,0,0,1,0,0,0,0,0,1,0,0,0,1,0,0,0,0,2,0,0,0,0,0,0,0,1,0,0,0,0,2,0,0,0,0,0,0,0,0,0,0,0,0,0,2,1,0,0,0,0,0,0,0,0,0,0,0,0,0,7,0,1,0,0,0,0,0,0,0,0,0,0,0,0,0,0,1,0,0,0,0
0,0,0,0,0,0,0,0,0,0,0,3,1,2,0,0,4,0,0,0,0,0,0,0,1,0,1,2,1,0,25,0,0,2,0,0,0,0,64,0,4,0,3,0,0,0,0,0,0,0,0,7,0,0,3,2,1,4,0,0,2,0,4,0,3,5,0,0,1,0,0,0,0,1,1,0,0,0,0,0,0,0,0,0,0,0,0,2,6,1,0,0,0,0,0,0,2,0,0,0,0,0,0,2,1,0,0,0,1,0,0,2,0,0,5,5,0,0,0,0,0,0,0,0
1,0,0,1,0,0,0,0,0,6,0,33,0,16,0,0,21,14,0,0,0,17,0,13,5,0,3,31,10,2,22,8,9,31,1,0,0,30,39,0,4,6,6,0,0,7,30,3,4,0,0,44,12,3,11,25,32,24,0,1,47,0,17,2,33,75,0,0,17,0,1,5,5,10,4,0,0,5,0,0,0,1,1,1,4,4,9,53,61,0,0,0,0,0,0,0,12,2,5,5,1,0,20,16,9,0,5,0,1,7,0,38,8,0,0,36,1,1,0,0,0,0,0,0
19,0,0,0,0,2,0,0,0,1,34,2,2,1,0,0,2,6,0,0,0,3,16,0,6,2,0,6,3,0,0,9,0,1,0,2,0,2,0,0,0,0,9,2,1,1,3,1,0,1,0,2,1,0,0,2,0,0,1,0,2,0,0,2,0,0,0,1,0,0,0,0,4,0,0,0,0,10,0,0,0,1,0,0,0,0,3,5,1,1,0,0,2,0,0,0,0,5,0,5,1,0,1,0,1,0,8,0,0,1,2,5,2,0,0,0,0,0,7,0,2,0,0,1
3,0,0,0,1,42,0,1,0,15,0,4,0,7,0,0,2,1,0,0,0,2,2,1,3,0,0,2,5,3,0,13,1,1,0,0,0,0,0,0,13,0,1,0,16,3,3,0,0,0,0,0,0,0,0,0,1,0,1,1,3,0,0,10,4,4,0,81,0,0,0,1,0,1,4,0,0,6,0,0,0,3,0,3,0,0,1,3,11,3,0,0,0,4,0,0,1,1,1,1,1,0,1,1,0,0,11,0,0,0,0,1,0,0,0,4,1,0,0,0,0,0,0,4
1,0,0,0,0,23,1,0,0,25,2,5,0,9,0,0,1,1,0,0,1,0,0,0,1,0,0,1,6,1,0,7,0,5,0,0,0,0,1,0,25,0,3,0,7,13,3,0,5,3,0,4,0,0,1,3,5,0,3,0,3,0,39,13,6,2,0,14,0,0,0,1,0,2,25,0,1,1,0,0,1,1,0,2,1,0,0,2,14,0,0,0,1,0,0,0,0,0,3,1,0,0,5,2,0,12,4,0,0,1,0,3,1,4,0,10,0,0,0,0,0,0,0,0
1,0,0,0,0,9,0,0,0,4,0,1,0,0,0,0,0,0,0,0,0,0,0,0,0,0,0,1,2,1,0,0,0,0,0,1,0,0,0,0,5,0,1,0,0,1,1,0,2,0,0,0,0,0,0,0,0,0,0,0,0,0,21,1,2,0,0,1,0,0,0,0,0,1,4,0,0,0,0,0,0,1,0,0,0,0,0,1,5,0,0,0,0,0,0,0,0,0,0,0,0,0,0,0,0,6,1,0,0,0,0,0,0,2,0,1,0,0,0,0,1,0,0,0
1,0,0,0,0,0,0,0,1,7,16,7,1,10,0,0,12,8,0,0,0,0,2,14,15,5,46,16,2,0,0,25,0,21,0,2,0,12,0,1,4,0,8,0,5,3,11,0,0,0,0,15,0,0,0,44,15,0,3,4,1,1,0,4,9,2,0,0,0,0,0,0,11,0,4,1,0,4,0,0,3,1,1,13,0,0,13,13,9,0,0,0,1,0,0,0,0,9,5,13,0,0,3,0,3,0,38,0,0,6,5,12,8,0,0,12,0,0,1,5,1,0,0,0
0,0,0,0,0,0,0,0,0,1,202,6,0,1,0,0,2,5,0,0,0,3,39,3,0,0,0,12,1,0,0,3,0,2,0,1,0,0,6,0,0,0,20,0,0,3,4,1,0,0,0,3,0,0,0,7,2,0,3,0,6,0,0,2,4,3,0,0,0,0,0,2,7,0,0,0,5,0,0,0,52,0,0,0,1,0,2,4,3,0,0,0,0,0,0,0,1,2,1,3,0,0,1,0,0,0,1,0,0,0,0,6,3,0,1,2,0,0,0,1,2,1,0,0
0,0,0,0,0,0,0,0,0,0,0,1,0,1,0,0,5,0,0,0,0,0,0,0,0,0,0,0,0,0,0,0,0,0,0,0,0,0,0,0,0,0,0,0,0,1,0,0,0,0,0,0,0,0,1,0,0,0,0,0,2,0,0,1,0,0,0,0,1,0,0,0,0,0,0,0,0,0,0,0,0,0,0,0,0,0,0,0,2,0,0,0,0,0,0,0,0,1,0,0,0,0,1,1,0,0,0,0,0,0,0,0,0,0,0,0,0,0,0,0,0,0,0,0
21,0,0,0,249,13,0,6,0,2,10,12,4,5,0,0,1,1,0,0,0,2,1,0,0,5,0,4,41,0,0,0,1,2,0,0,0,0,19,0,0,0,2,4,4,5,1,1,15,123,0,4,17,0,0,1,2,0,0,1,7,0,12,0,1,5,0,1,6,0,0,0,4,0,2,12,77,10,0,0,29,2,1,1,0,4,0,7,5,9,0,0,2,0,2,0,0,9,0,0,0,0,0,1,0,5,0,0,0,1,0,4,1,1,0,0,5,0,1,2,0,0,0,134
0,0,0,0,0,0,1,0,0,3,0,25,0,53,15,0,19,9,0,0,0,14,0,23,9,0,0,26,5,41,3,9,1,146,1,1,0,24,0,0,20,0,4,0,3,0,181,3,78,0,0,54,0,0,3,58,89,4,54,4,13,3,0,26,20,16,0,0,12,0,0,6,2,31,2,11,0,52,0,5,0,0,17,0,16,117,11,52,8,0,0,1,0,0,0,0,11,1,4,2,9,0,9,20,7,39,3,0,81,23,0,7,6,4,0,121,33,16,0,0,0,0,4,0
0,0,0,0,0,0,6,0,0,1,0,4,0,1,59,0,5,1,0,0,0,5,0,8,0,0,0,2,1,0,0,6,0,8,0,0,0,3,0,0,5,0,2,0,0,1,4,2,0,0,0,9,0,0,0,2,18,0,3,1,3,1,0,1,5,4,0,0,7,2,0,0,0,1,0,2,0,24,0,0,0,0,0,0,2,0,1,11,1,0,0,0,1,0,22,0,2,0,5,2,0,0,23,3,1,0,2,0,0,5,0,5,1,1,0,4,2,45,0,0,0,1,3,0
0,0,0,0,0,0,0,0,0,3,0,4,0,0,0,0,1,0,0,0,0,3,0,3,1,0,0,2,0,0,0,0,0,0,0,0,0,0,0,0,1,0,1,0,0,0,1,1,0,0,0,0,0,0,0,2,2,0,0,0,2,0,1,1,1,3,0,0,2,0,0,1,0,0,3,0,0,2,0,1,0,0,0,0,0,0,1,2,4,0,0,0,0,0,0,0,0,0,0,1,0,0,8,2,0,0,1,0,0,0,0,4,0,0,0,0,0,0,0,0,0,0,0,0
0,0,0,0,0,0,0,0,0,2,0,1,0,2,0,0,2,2,0,0,0,0,0,3,0,0,0,2,0,1,0,2,0,1,0,0,0,0,0,0,0,0,0,0,0,0,1,0,0,0,0,1,0,0,1,1,1,1,1,0,1,2,0,0,3,3,0,0,1,0,0,0,0,0,0,0,0,6,0,1,0,0,0,0,0,0,1,2,3,0,0,0,0,0,0,0,2,0,0,0,0,0,1,4,0,0,2,0,0,4,0,4,1,0,0,3,0,0,0,0,0,0,0,0
2,0,0,0,0,0,0,0,0,0,0,0,0,0,0,0,1,1,0,0,0,1,0,0,1,3,0,1,1,0,0,0,0,0,0,0,0,0,0,0,0,0,1,0,0,0,1,0,0,0,0,1,0,0,0,0,1,0,0,0,2,0,0,1,1,0,0,0,0,0,0,0,0,0,0,0,0,2,0,0,0,0,0,0,0,0,0,0,1,0,0,0,0,0,0,0,0,0,0,0,0,0,0,1,0,0,1,0,0,0,0,0,0,0,0,2,0,0,0,0,0,0,0,0
13,0,0,0,5,0,1,3,0,8,1,6,0,4,2,0,0,3,1,0,0,1,1,4,8,18,0,3,6,2,0,5,0,11,0,0,0,0,1,0,9,0,3,0,3,3,9,0,8,0,0,7,0,0,0,3,11,0,2,6,10,1,133,3,1,3,0,1,0,0,2,0,3,24,2,0,1,24,0,0,0,1,0,5,1,7,0,7,9,0,0,0,0,0,0,0,1,3,5,2,1,0,7,2,1,3,7,0,0,1,0,11,0,56,0,7,5,1,1,1,1,0,0,0
4,0,0,0,1,10,0,1,0,4,1,2,3,0,0,0,2,1,0,0,0,0,0,1,3,0,0,0,2,0,0,2,1,0,0,0,0,1,0,1,1,0,0,0,3,4,0,0,0,12,0,0,0,0,0,0,0,0,0,0,1,2,1,1,0,0,0,5,4,0,0,0,1,6,0,0,0,4,0,1,0,0,0,1,0,0,0,1,24,5,0,0,0,0,0,0,0,4,1,1,0,0,0,0,0,0,3,0,0,1,0,2,0,1,0,1,0,0,0,0,0,0,0,4
23,1,0,0,1,0,0,0,0,0,3,2,0,0,0,0,0,2,0,0,0,0,0,1,4,0,0,8,0,1,0,1,0,1,0,0,0,0,0,0,0,0,9,25,0,2,0,0,0,1,0,0,0,0,0,1,0,0,1,0,0,0,0,0,1,0,0,0,0,30,0,1,1,0,0,0,0,8,0,0,0,12,0,0,1,0,0,0,0,0,16,0,0,0,0,0,0,37,0,2,39,0,0,1,0,0,2,1,0,1,0,1,1,0,0,1,0,0,0,2,0,0,0,3
0,0,0,0,0,3,0,3,0,0,0,0,0,0,0,0,0,0,1,0,0,0,0,0,0,0,0,0,1,0,0,2,0,0,0,0,0,0,0,0,0,0,0,0,0,0,0,1,0,0,0,0,0,0,0,0,0,0,0,0,0,0,0,0,0,0,0,0,0,0,0,0,0,2,0,0,1,0,0,0,0,0,0,0,0,0,0,0,0,0,0,0,0,0,0,0,0,0,0,0,0,0,0,1,1,0,0,0,0,0,0,3,0,0,0,1,1,0,14,0,23,0,0,0
0,0,0,0,0,0,0,0,0,0,0,3,0,7,0,0,1,1,0,0,0,1,0,1,2,0,0,0,0,9,0,3,1,14,0,0,0,3,0,0,9,0,2,0,1,0,51,0,4,0,0,2,0,0,0,1,17,0,6,1,6,2,0,1,4,1,0,0,0,0,0,0,0,13,1,1,0,20,0,3,0,0,0,0,5,0,2,11,1,0,0,0,0,0,0,0,1,1,0,0,1,0,4,1,1,1,5,0,0,1,0,1,0,4,0,23,0,0,0,0,0,0,0,0
0,0,0,0,0,0,0,0,0,0,0,0,0,0,0,0,0,1,0,0,0,0,0,0,0,0,0,0,0,0,0,0,0,0,0,0,0,0,0,0,0,0,0,0,0,0,0,0,0,0,0,0,0,0,0,0,0,0,0,0,1,0,0,0,0,0,0,0,0,0,0,0,0,1,0,0,0,0,0,0,0,0,0,0,0,0,0,0,0,0,0,0,0,0,0,0,0,0,0,0,0,0,2,0,0,0,0,0,0,1,0,0,0,0,0,0,0,0,0,0,0,0,0,0
