0.21698,0.33333,0.66667,0.50847,0.60539,0.30097,0.54286,0.6953,0.38889,0.21304,0.5,0.24773,0.88421,0.19249,0.60099,0.81818,0.12563,0.15183,0.5,0.66667,0.5,0.13755,0.45238,0.70634,0.18182,0.42675,0.71728,0.17404,0.25097,0.31313,0.51825,0.12953,0.44118,0.30102,0.5,0.18605,0.5,0.15625,0.29694,0.26667,0.23148,0.58673,0.20556,0.43885,0.12844,0.20611,0.42915,0.37838,0.59603,0.71277,1,0.39203,0.87791,0.5,0.33333,0.54153,0.18132,0.75773,0.5,0.096154,0.22507,0.63158,0.46835,0.11416,0.19847,0.17485,1,0.51546,0.27907,0.565,0.3,0.16514,1,0.12397,0.28986,0.19048,0.25,0.22699,0.21405,0.8,0.33333,0.30392,0.25,0.54286,0.77727,0.17308,0.45082,0.13333,0.11449,0.13873,0.76829,0.49383,1,0.25,0.22222,0.35088,1,0.83,0.26786,0.74821,0.15556,0.42236,0.91667,0.1413,0.39223,0.7377,0.56463,0.51271,0.35714,0.75,0.23077,0.46154,0.091255,0.79323,0.3617,0.33333,0.43278,0.24691,1,0.48052,0.78378,0.18605,0.49653,0.25,0.41667,0.36585
0.41454
1,0,0,0,0,0,0,0,1,3,0,20,1,12,5,0,25,10,0,0,0,25,0,20,8,1,0,12,2,3,1,7,2,18,0,8,0,50,0,4,0,2,9,29,9,11,4,15,0,0,0,17,1,0,2,17,10,1,2,3,3,1,0,8,10,19,0,0,6,39,0,7,0,4,0,3,1,0,2,0,0,2,3,1,3,3,13,12,6,4,0,23,0,0,2,0,0,2,0,8,0,30,1,3,1,1,0,26,1,3,1,0,12,2,0,1,15,0,0,0,8,0,10,0,1,0
1,0,0,22,4,0,6,1,1,49,1,10,84,27,5,0,9,20,0,2,1,27,1,9,0,0,11,24,17,29,71,14,0,6,0,3,0,40,68,0,16,230,13,0,7,9,10,23,0,0,0,4,302,0,0,9,10,147,0,3,10,0,3,25,16,52,0,3,14,0,1,8,0,4,2,11,0,4,2,0,1,5,0,3,0,18,6,4,49,48,0,0,0,0,1,3,0,1,0,18,5,0,0,6,13,3,0,15,1,5,7,0,13,1,3,0,40,18,0,3,0,0,1,1,0,59
0,0,0,0,0,0,0,0,0,5,1,2,0,7,0,0,4,2,0,0,0,9,0,4,3,0,0,12,0,2,0,5,1,10,0,3,0,9,0,0,0,5,3,0,5,2,4,3,0,0,0,6,0,0,0,3,2,1,1,0,1,0,0,2,2,16,0,0,2,0,0,2,0,2,2,1,0,0,2,0,1,0,1,0,2,3,0,3,13,6,0,0,0,2,0,0,0,1,3,0,2,0,0,5,2,2,0,9,0,0,1,0,5,4,1,1,11,0,0,0,0,0,0,0,0,0
2,0,1,1,0,0,0,7,1,2,20,6,0,4,2,0,13,14,0,0,0,15,0,12,22,0,0,11,0,0,0,6,4,18,0,5,0,32,0,3,3,0,12,11,5,3,9,2,0,2,0,7,0,0,0,17,6,0,0,4,1,2,0,11,4,15,1,0,1,113,0,12,0,13,0,0,2,3,0,0,1,2,10,0,0,0,0,16,3,3,0,40,0,0,0,0,0,0,5,7,6,68,0,4,1,0,0,16,5,1,2,6,10,6,0,1,11,0,0,0,145,8,41,0,0,0
0,0,0,0,0,0,0,0,7,7,1,4,1,6,0,0,11,1,0,0,0,14,0,10,6,1,0,10,1,0,0,5,1,8,0,5,0,31,0,0,1,3,5,0,4,2,9,1,0,0,0,3,0,0,0,7,5,1,1,2,0,0,0,5,7,9,0,1,2,0,0,2,0,2,0,2,9,0,0,0,0,0,0,0,0,0,1,9,11,5,0,0,0,0,0,0,1,1,0,4,2,0,0,3,2,0,0,34,0,1,0,0,10,3,0,0,14,0,0,0,0,4,1,0,0,0
0,0,0,0,0,0,0,0,1,1,0,2,0,1,0,0,1,1,0,0,0,1,0,1,5,0,0,1,0,0,0,0,0,3,0,0,0,2,0,0,0,0,1,0,1,2,1,0,0,0,0,0,1,0,0,0,0,0,0,1,0,0,0,0,2,2,0,1,0,0,1,0,0,2,0,0,0,0,1,0,0,0,0,1,0,0,0,0,0,3,0,0,0,0,0,0,0,0,1,0,1,0,0,0,0,0,0,3,0,0,0,1,1,1,0,0,1,0,0,0,0,0,0,0,0,0
0,1,0,2,0,0,1,2,2,5,0,13,1,28,0,0,7,29,0,0,0,25,0,17,2,2,0,36,4,8,0,4,2,18,0,2,0,30,0,4,5,4,37,1,8,14,30,42,0,0,0,5,14,0,1,21,20,0,4,1,3,1,0,13,23,30,0,0,5,0,1,18,0,3,3,0,0,1,4,0,0,0,0,2,2,10,0,4,33,5,0,0,0,4,2,0,0,0,5,12,0,0,0,6,5,4,0,10,0,0,2,0,12,1,1,0,31,0,0,0,0,0,8,0,0,1
0,0,0,0,0,0,0,0,0,0,0,0,0,0,0,0,0,0,0,0,0,0,0,0,0,0,0,0,0,0,0,0,0,0,0,0,0,0,0,0,0,0,0,0,0,0,0,0,0,0,0,0,0,0,0,0,0,0,0,0,0,0,0,0,0,0,0,0,0,0,0,0,0,0,0,0,0,0,0,0,0,0,0,0,0,0,0,0,0,0,0,0,0,0,0,0,0,0,0,0,0,0,0,0,0,0,0,0,0,0,0,0,0,0,0,0,0,0,0,0,0,0,0,0,0,0
0,0,0,0,2,1,0,0,0,9,0,14,0,1,8,0,3,0,0,1,0,6,0,6,3,0,0,6,4,1,0,2,1,4,0,0,0,5,1,0,6,1,1,0,2,27,6,0,3,1,0,11,0,1,2,9,3,0,1,0,33,0,5,1,5,11,0,2,7,0,0,3,0,2,5,1,0,0,3,0,0,0,1,1,6,1,18,3,17,33,2,0,0,0,0,0,0,0,0,1,4,1,0,7,5,4,3,4,1,6,2,0,8,2,3,0,3,32,0,8,0,2,0,0,0,0
0,0,0,0,0,0,3,0,0,1,0,6,0,1,0,0,0,0,0,0,0,1,0,2,0,0,0,1,1,0,0,0,0,4,0,0,0,0,0,0,0,0,0,0,0,0,1,0,0,0,0,1,0,0,0,1,3,0,0,0,5,0,0,0,0,2,0,0,4,0,0,1,0,0,0,0,0,0,2,0,0,0,0,0,0,2,1,0,1,0,0,0,0,0,0,0,0,0,0,0,0,0,0,10,1,0,0,0,0,0,2,0,4,3,0,0,1,0,0,0,0,0,0,0,0,0
0,0,0,0,0,0,1,0,0,0,0,0,0,0,0,0,0,0,0,0,0,0,0,0,0,0,0,0,1,0,0,0,0,0,0,0,0,0,0,0,0,0,0,0,0,0,0,0,0,0,0,0,0,0,0,0,0,0,0,0,0,0,0,0,0,0,0,0,0,0,0,0,0,0,0,0,0,0,0,0,0,0,0,0,0,0,0,0,0,0,0,0,0,0,0,0,0,0,0,0,0,0,0,0,0,0,0,0,0,0,0,0,0,0,0,0,0,0,0,0,0,0,0,0,0,0
0,0,0,0,0,1,0,0,0,0,0,0,0,0,0,0,1,0,0,0,0,0,0,1,0,0,0,0,1,0,0,0,0,0,0,0,0,2,0,0,0,0,0,0,0,0,0,0,0,0,0,0,0,0,0,0,0,0,0,0,0,0,0,0,0,0,0,0,0,0,0,0,0,0,0,0,0,0,1,0,0,0,0,0,0,0,0,1,0,1,0,0,0,0,0,0,0,0,0,0,0,0,0,0,1,1,0,0,0,0,0,0,0,0,0,0,0,0,0,0,0,0,0,0,0,0
0,0,0,0,0,1,0,0,0,1,0,0,0,0,0,0,0,0,0,0,0,0,0,0,0,1,0,0,0,0,0,0,0,0,0,0,0,0,0,0,0,0,0,0,0,0,0,0,0,0,0,0,0,0,0,0,0,0,0,0,0,0,0,0,0,0,0,0,0,0,0,0,0,0,1,0,0,0,0,0,0,0,0,0,0,0,0,0,0,0,0,0,0,0,0,0,0,0,0,0,0,0,0,0,0,0,0,0,0,0,0,0,0,0,0,0,0,0,0,0,0,0,0,0,0,0
2,0,0,0,2,0,6,0,2,14,1,9,0,4,0,1,5,6,0,0,0,15,0,4,2,0,1,8,13,3,1,14,1,10,0,1,0,3,3,0,13,8,3,0,4,3,5,1,0,4,0,10,4,0,1,10,14,1,4,0,11,1,0,14,11,11,0,2,4,0,1,2,0,0,2,9,0,15,9,0,0,21,0,0,1,9,0,4,28,28,0,0,0,0,0,0,0,0,2,13,4,1,0,5,6,1,0,3,0,0,5,0,11,1,3,0,16,8,0,0,0,0,1,0,0,2
0,0,0,0,0,0,0,0,0,1,2,1,0,3,0,0,1,1,0,0,0,1,0,0,3,0,0,2,0,0,0,2,0,1,0,0,0,1,0,0,0,0,2,0,0,1,3,1,0,0,0,0,0,0,1,2,0,0,0,0,0,1,0,2,1,3,0,0,0,0,0,0,0,0,1,0,0,0,0,0,0,0,1,0,0,0,0,1,0,1,0,0,0,0,1,0,0,0,0,0,1,0,0,1,0,0,0,6,0,0,0,0,1,1,0,0,2,0,0,0,0,1,0,0,0,0
0,0,0,0,0,0,0,0,0,0,0,1,0,0,0,0,0,0,0,0,0,1,0,0,0,0,0,0,0,0,0,0,0,0,0,0,0,0,0,0,0,0,0,0,2,0,1,0,0,0,0,0,0,0,0,0,0,0,0,0,1,0,4,1,0,0,0,1,0,0,0,0,0,0,0,1,0,0,5,0,0,0,0,0,1,0,0,1,0,1,0,0,0,1,0,1,0,0,0,1,0,0,0,0,0,0,3,0,0,0,0,0,0,0,1,0,1,0,0,0,0,0,0,0,0,0
0,0,0,0,0,0,0,0,0,0,0,0,0,0,0,0,0,0,0,0,0,0,0,0,0,0,0,1,1,0,0,0,0,0,0,0,0,0,0,0,0,0,0,0,0,0,0,0,0,0,0,0,0,0,0,0,0,0,0,0,0,0,0,0,0,1,0,0,0,0,0,0,0,0,0,0,0,0,0,0,0,0,0,0,0,0,0,0,1,0,0,0,0,0,0,0,0,0,0,0,0,0,0,0,0,0,0,0,0,0,0,0,0,0,0,0,0,0,0,0,0,0,0,0,0,0
0,1,0,0,2,0,0,72,0,6,3,82,0,8,0,0,7,8,0,0,0,5,0,16,2,0,0,6,5,1,0,3,7,11,0,0,0,2,7,0,2,2,3,0,13,6,17,1,1,12,2,24,1,0,2,4,22,0,3,0,4,1,0,7,13,11,0,1,48,7,0,3,0,3,2,0,8,33,12,0,3,23,13,0,3,2,3,6,10,9,8,1,0,3,0,0,0,2,14,8,2,2,0,6,1,0,0,9,0,3,4,0,12,0,2,0,19,1,0,1,2,2,7,0,0,1
3,0,4,0,8,1,1,0,0,19,1,7,5,0,0,1,2,5,1,0,0,6,1,4,3,1,0,13,34,0,2,9,0,6,0,1,1,3,1,0,50,1,11,1,1,3,4,3,0,2,0,8,3,0,0,6,11,0,0,3,59,3,2,16,6,5,0,5,5,0,2,12,0,14,14,6,1,5,28,0,0,0,0,2,2,5,0,3,47,11,0,0,0,0,0,20,0,2,4,8,4,0,0,11,28,4,2,3,1,1,6,0,21,0,11,0,10,1,0,0,0,0,8,0,0,1
0,0,0,2,0,0,0,0,0,3,0,6,0,3,0,0,9,3,0,0,0,7,0,13,3,0,0,9,4,1,0,3,3,6,0,2,1,5,0,0,1,0,4,0,0,1,10,1,0,0,0,10,0,0,2,11,11,0,2,2,3,48,0,4,4,8,0,0,20,0,0,2,0,1,1,0,0,0,10,0,0,0,0,1,0,1,0,2,12,5,0,0,0,0,0,0,0,3,3,8,6,1,0,5,3,2,0,3,0,0,3,0,6,3,1,0,9,0,0,0,0,1,0,0,0,0
0,0,0,0,0,0,0,0,0,0,0,0,0,0,0,0,0,0,0,0,0,0,0,0,0,0,0,0,0,0,0,0,0,0,0,0,0,0,0,0,0,0,0,0,0,0,0,0,0,0,0,0,0,0,0,0,0,0,0,0,0,0,1,0,0,0,0,0,0,0,0,0,0,0,0,0,0,0,0,0,0,0,0,0,0,0,0,0,0,0,0,0,0,0,0,0,0,0,0,0,0,0,0,0,0,0,1,0,0,0,0,0,0,0,0,0,0,0,0,0,0,0,0,0,0,0
0,0,0,30,0,0,38,429,0,2,0,24,0,9,122,0,22,12,0,0,0,37,0,546,2,0,137,59,43,0,0,6,30,54,0,0,0,29,3,0,15,126,11,0,1,8,318,5,0,0,0,187,2,4,11,339,43,0,4,5,79,2,1,15,52,8,0,0,11,2,0,4,0,10,29,4,0,0,5,0,1,0,8,2,171,4,1,1,3,18,0,4,0,1,0,19,0,249,13,419,2,2,11,10,111,180,0,242,2,0,11,0,24,211,1,1,338,40,0,74,0,6,143,0,5,0
0,0,0,1,0,1,1,0,0,1,0,5,0,0,2,9,2,2,0,0,0,0,0,1,0,1,0,2,3,1,0,3,0,0,0,1,0,0,0,0,1,0,0,0,0,1,0,0,0,1,0,4,0,0,1,1,0,0,0,1,1,0,1,3,2,1,0,0,1,0,0,0,0,0,3,2,0,3,5,0,0,0,0,0,0,1,0,0,2,4,0,0,0,0,0,0,0,0,0,1,0,0,0,3,0,1,0,3,1,0,0,0,2,0,0,1,1,6,0,1,1,3,3,0,0,0
2,0,0,0,12,5,2,47,0,11,5,6,0,5,0,0,5,6,0,0,0,4,2,4,2,7,0,11,15,2,2,8,0,10,0,0,0,2,7,0,9,0,3,1,1,2,1,2,0,2,0,6,0,0,1,10,11,3,2,5,4,0,9,9,7,5,0,4,5,0,1,2,0,6,6,4,0,7,17,0,1,8,0,0,3,9,1,1,23,26,0,0,0,0,1,0,0,0,2,2,2,1,0,7,13,2,1,4,0,0,2,0,10,1,5,0,8,1,0,0,1,2,8,0,0,2
6,0,0,0,15,9,0,6,0,15,18,8,0,6,0,0,0,6,0,0,0,5,2,1,1,9,0,2,5,1,2,9,1,11,0,0,0,1,7,0,3,1,3,2,4,2,4,1,1,2,0,6,1,0,0,3,9,1,3,0,9,1,5,7,5,9,0,3,1,2,0,2,0,1,1,4,0,8,9,0,1,3,1,0,0,5,0,2,8,12,0,0,0,0,0,0,0,1,0,3,1,3,0,5,1,0,2,2,0,0,3,0,3,0,4,2,8,0,0,0,0,1,3,0,0,3
23,0,1,0,109,23,0,17,0,16,65,5,0,0,1,0,2,3,0,0,0,6,8,5,1,67,0,12,65,0,18,21,0,1,0,0,0,7,31,0,30,0,7,61,1,1,3,0,90,8,0,9,0,0,1,6,30,2,3,3,35,0,0,21,9,6,0,3,1,2,0,4,1,15,60,20,0,37,64,4,0,48,0,0,2,5,1,1,18,7,0,0,0,0,0,1,0,0,2,7,9,20,0,7,43,12,83,2,1,0,1,0,24,2,10,0,14,4,0,1,0,0,21,0,0,33
0,0,0,0,0,0,1,0,0,0,0,2,0,1,0,0,1,0,0,0,0,0,0,0,1,0,0,0,0,0,0,0,0,0,0,0,0,0,0,0,0,0,0,0,0,0,0,0,0,0,0,1,0,0,0,1,0,0,0,0,1,0,0,0,0,0,0,0,1,0,0,0,0,0,1,0,0,0,0,0,0,0,0,0,0,1,0,0,0,0,0,0,0,0,0,0,0,0,0,1,0,0,0,4,0,1,0,0,0,0,0,0,1,0,0,0,0,0,0,0,0,1,0,0,0,0
0,0,0,0,0,0,0,0,0,2,0,3,1,0,0,0,3,1,0,0,0,0,0,2,1,0,0,0,0,0,12,0,0,1,0,0,0,0,36,0,2,0,0,0,0,1,0,0,0,0,0,4,0,0,1,4,1,5,0,0,4,0,1,0,2,6,0,0,1,0,0,0,0,1,0,0,0,0,1,0,0,0,1,0,0,0,0,0,3,3,0,0,0,0,0,0,0,0,0,0,0,0,0,2,0,0,0,0,0,1,0,0,1,1,0,4,2,0,1,0,0,0,0,0,0,0
0,0,0,1,1,0,0,0,0,8,0,30,0,13,0,0,23,16,0,0,0,23,0,19,4,0,2,32,9,1,26,5,7,29,1,0,0,23,42,0,5,8,5,0,0,4,33,1,0,0,0,54,12,3,16,21,36,27,0,1,42,0,13,3,26,57,0,0,17,0,0,5,0,8,7,2,0,0,6,0,1,0,1,2,1,3,10,8,42,43,0,0,0,0,0,0,0,16,1,12,5,1,0,26,16,11,0,4,0,2,3,0,24,3,0,0,36,4,0,1,0,0,0,0,0,0
18,0,0,0,0,1,0,0,0,0,16,3,1,1,0,0,1,6,0,0,0,2,9,0,3,2,0,5,4,0,0,9,0,1,0,2,0,0,0,0,0,0,7,1,1,2,3,1,0,1,0,1,0,0,1,1,0,0,0,1,0,0,0,4,0,0,0,1,0,0,0,0,0,2,0,0,0,0,9,0,0,1,0,0,0,0,0,2,5,0,1,0,0,3,0,0,0,0,6,0,6,0,0,1,0,0,0,7,0,0,1,1,2,2,0,0,2,0,0,0,3,0,3,0,0,1
0,0,0,0,1,31,0,0,0,9,2,3,0,3,0,0,2,0,0,0,0,1,0,2,2,0,0,3,3,2,0,2,1,1,2,2,0,0,0,0,7,0,2,2,14,3,5,0,0,1,0,0,0,0,0,0,2,0,0,1,3,0,1,6,2,1,0,50,0,0,0,1,0,2,2,5,0,0,4,0,0,0,0,0,1,1,0,0,0,5,2,0,0,0,2,0,0,0,0,4,0,0,0,2,1,0,0,7,0,0,1,0,1,2,1,0,5,0,0,0,0,0,0,0,0,0
0,0,0,0,0,8,0,0,0,15,0,3,0,4,0,0,1,3,0,0,1,0,0,0,1,0,0,2,3,0,0,5,0,2,0,1,0,0,0,0,7,0,2,0,1,8,5,1,2,0,0,4,0,0,0,3,4,0,2,0,3,0,21,7,8,1,0,11,0,0,0,3,0,0,1,16,0,0,2,0,0,0,0,0,3,3,0,0,0,11,0,0,0,0,0,0,0,0,0,2,1,0,0,3,5,1,9,2,0,0,0,0,2,1,5,0,8,0,0,0,0,0,0,0,0,0
0,0,0,0,0,1,0,0,0,1,0,1,0,1,0,0,0,0,0,0,0,0,0,0,1,0,0,1,1,0,0,0,0,0,0,1,0,0,0,0,3,0,0,1,0,1,1,0,2,0,0,0,0,0,0,0,0,0,0,0,1,0,13,1,1,0,0,1,0,0,0,0,0,0,1,3,0,1,0,0,0,0,0,0,0,0,0,0,1,0,0,0,0,0,0,0,0,0,0,1,0,0,0,0,0,0,2,0,0,0,0,0,2,0,2,0,0,0,0,0,0,0,0,0,0,0
1,0,0,0,0,0,0,0,1,8,18,3,1,7,0,0,9,10,0,0,0,0,0,21,17,3,39,9,0,3,0,25,0,14,0,2,0,9,0,0,3,1,5,0,5,1,7,0,0,1,0,12,0,0,0,45,6,0,2,2,1,2,0,2,8,5,0,0,0,1,0,2,0,9,1,1,1,0,6,0,0,3,1,1,12,0,0,16,10,7,1,0,0,1,0,0,0,0,6,6,14,0,0,3,0,2,0,34,0,0,4,4,8,6,0,0,12,0,0,0,1,5,1,0,0,0
0,0,0,0,1,0,0,0,1,0,167,3,0,1,0,0,0,4,0,0,0,1,19,4,1,0,1,10,3,0,0,2,0,4,0,1,0,0,10,0,0,0,15,0,0,3,2,1,0,0,0,2,0,0,0,6,0,0,2,0,1,0,0,3,4,2,0,0,0,0,0,1,0,7,0,0,0,6,1,0,0,62,0,0,0,0,0,2,3,1,0,0,0,0,0,0,0,0,2,1,2,0,0,0,1,1,0,0,0,0,0,1,7,1,0,1,4,0,0,0,0,2,0,1,0,0
0,0,0,0,0,0,0,0,0,0,0,2,0,0,0,0,3,0,0,0,0,0,0,0,0,0,0,0,0,0,0,0,0,0,0,0,0,0,0,0,0,0,1,0,0,1,0,0,0,0,0,0,0,0,1,1,0,0,0,0,2,0,0,1,0,0,0,0,0,0,0,1,0,0,0,1,0,0,0,0,0,0,0,0,0,0,0,0,2,0,0,0,0,0,0,0,0,0,0,0,0,0,0,1,0,0,0,0,0,0,0,0,0,0,0,0,0,0,0,0,0,0,0,0,0,0
11,0,0,0,247,11,0,7,0,0,10,6,0,1,0,0,0,2,0,0,0,5,0,1,0,3,0,1,6,0,2,2,2,1,0,1,0,0,10,0,0,0,3,3,8,3,0,0,1,134,0,3,3,0,0,0,3,0,0,4,3,0,3,0,2,2,0,4,4,0,0,0,0,3,0,2,3,32,2,0,0,23,3,0,0,0,3,0,2,5,63,1,0,0,0,1,0,0,6,0,1,0,0,0,0,0,1,0,0,0,0,0,2,1,0,0,0,3,0,0,1,2,0,0,0,60
0,0,0,0,0,0,1,0,0,1,0,19,0,41,17,0,15,11,1,0,0,17,0,23,8,0,0,21,4,31,0,8,4,118,1,1,0,24,0,0,15,0,5,1,3,0,174,3,44,0,0,52,0,0,3,54,66,4,44,2,9,4,0,20,21,17,0,0,8,0,0,7,0,2,21,1,7,0,36,0,7,0,0,19,0,11,55,14,46,4,0,0,1,0,0,0,0,17,1,7,3,9,0,6,12,5,29,5,0,72,21,0,6,5,4,0,120,37,0,26,0,0,0,0,4,0
0,0,0,0,0,0,7,0,0,1,0,7,0,0,41,0,5,1,0,0,0,4,0,8,0,0,0,2,1,0,0,1,0,6,0,0,0,5,1,0,3,0,1,0,1,0,4,1,0,0,0,9,0,0,0,2,23,0,0,1,1,2,0,0,1,2,0,0,2,0,0,0,0,0,0,0,0,0,17,0,0,0,0,0,0,1,0,1,7,2,0,0,0,1,0,12,0,3,1,3,1,3,0,17,2,2,0,2,0,0,3,0,4,1,0,0,2,1,0,38,0,0,0,1,2,0
0,0,0,0,0,0,0,0,0,0,0,2,0,1,0,0,1,0,0,0,0,2,0,3,0,0,0,2,0,0,0,0,0,2,0,0,0,0,0,0,0,0,0,0,0,1,1,1,0,0,0,1,0,0,0,3,1,0,0,0,2,0,0,0,1,4,0,0,1,0,0,1,0,0,0,1,0,0,0,0,0,0,0,0,0,0,0,1,1,2,0,0,0,0,0,0,0,0,0,0,1,0,0,5,1,0,0,1,0,0,0,0,2,0,0,0,0,0,0,0,0,0,0,0,0,0
0,0,0,0,0,0,0,0,0,0,0,3,0,1,0,0,1,2,0,0,0,0,0,2,0,0,0,2,0,1,0,0,0,3,0,0,0,0,0,0,0,0,1,0,0,0,0,0,0,0,0,3,0,0,0,1,1,1,2,0,1,2,0,0,3,3,0,0,0,0,0,1,0,0,0,0,0,0,4,0,1,0,0,0,0,0,0,1,3,0,0,0,0,0,0,0,0,0,0,0,0,0,0,1,3,0,0,3,0,0,2,0,1,1,0,0,4,0,0,0,0,0,0,1,0,0
1,0,0,0,0,0,0,0,0,0,0,0,0,0,0,0,1,1,0,0,0,1,0,0,1,1,0,1,0,0,0,0,0,0,0,0,0,0,0,0,0,0,1,0,0,0,1,0,0,0,0,1,0,0,0,1,1,0,0,0,1,0,0,1,0,0,0,0,0,0,0,0,0,0,0,0,1,0,0,0,0,0,0,0,1,0,0,0,0,1,0,0,0,0,0,0,0,0,0,0,0,0,0,0,0,0,0,2,0,0,0,0,0,0,0,0,1,0,0,0,0,0,0,0,0,0
13,0,0,0,1,2,1,19,0,7,1,4,0,4,0,0,0,1,0,0,0,1,0,7,8,41,0,3,3,1,0,4,0,5,0,0,0,1,2,0,11,0,0,2,1,1,8,1,5,2,0,7,0,0,1,4,2,0,1,5,8,2,74,2,1,2,0,1,0,0,3,0,0,3,19,1,0,7,13,0,0,3,0,0,5,2,9,0,6,11,0,0,0,0,0,0,0,1,2,2,3,0,0,7,3,2,10,6,0,1,1,0,7,0,34,0,9,6,0,1,0,1,1,0,0,1
1,0,0,0,2,6,0,0,0,6,0,1,0,1,0,0,1,1,0,0,0,0,0,1,3,0,0,0,1,0,0,2,0,0,0,1,0,0,0,4,0,0,0,0,2,3,0,0,0,11,0,0,0,0,0,0,1,0,1,1,1,0,1,1,0,0,0,3,1,0,0,2,0,0,3,1,1,0,3,0,0,0,0,0,1,0,0,0,2,19,4,0,0,0,0,0,0,0,3,1,1,0,0,0,0,0,0,2,0,0,0,0,1,0,0,0,1,0,0,0,1,1,0,0,0,0
21,1,0,0,0,0,0,0,0,0,2,3,0,0,0,0,2,3,0,0,0,1,0,1,1,1,0,6,0,1,0,2,0,2,0,0,0,1,0,0,0,0,4,22,3,1,0,0,0,1,0,0,0,0,0,2,0,0,0,0,0,0,0,0,0,0,0,0,0,34,0,1,0,2,0,0,0,0,3,0,0,0,8,0,0,0,0,0,1,0,1,12,0,0,0,0,0,0,30,0,0,18,0,0,1,0,0,0,1,0,1,0,1,0,0,0,1,0,0,0,1,1,0,0,0,0
0,0,0,0,1,1,0,10,0,1,0,0,0,0,0,0,0,0,0,0,0,0,0,0,0,16,0,0,1,0,0,3,0,0,0,0,0,0,0,0,0,0,0,1,0,0,0,0,0,3,0,0,0,0,0,0,0,0,0,0,0,0,0,0,0,0,0,0,0,0,0,0,0,0,8,2,0,1,2,1,0,0,0,0,0,0,0,0,0,0,0,0,0,0,0,0,0,0,0,0,0,0,0,0,0,0,1,0,0,0,0,0,0,0,0,0,0,0,0,0,21,0,28,0,0,0
0,0,0,0,0,0,0,0,1,0,0,2,0,8,0,0,1,0,0,0,0,1,0,3,1,0,0,1,1,7,0,2,1,4,0,0,0,3,0,0,5,0,0,0,1,0,57,0,2,0,0,4,0,0,0,1,7,0,4,1,4,3,0,4,3,0,0,0,0,0,0,0,0,0,11,1,2,0,9,0,3,0,0,0,0,4,0,1,9,2,0,0,0,0,0,0,0,1,0,0,1,1,0,1,1,2,0,3,0,0,2,0,2,0,2,0,21,0,0,0,0,0,0,0,0,0
0,0,0,0,0,0,1,0,0,0,0,0,0,0,0,0,0,0,0,0,0,0,0,0,0,0,0,0,0,0,0,0,0,0,0,0,0,0,0,0,0,0,0,0,1,0,0,0,0,0,0,1,0,0,0,0,0,0,0,0,1,0,0,0,0,0,0,0,0,0,0,0,0,0,0,0,0,0,0,0,0,0,0,0,0,0,0,0,0,0,0,0,0,0,0,0,0,0,0,0,0,0,0,1,0,0,0,0,0,0,0,0,0,0,0,0,0,0,0,0,0,0,0,0,0,0
