0.21134,0.33333,0.6,0.44615,0.76245,0.31731,0.54902,0.80972,0.33333,0.22744,0.51482,0.25581,0.85437,0.26106,0.6,0.90909,0.15837,0.15707,0.5,1,0.5,0.13492,0.35514,0.73204,0.17483,0.47115,0.67273,0.14247,0.22407,0.33871,0.576,0.11864,0.31915,0.31118,0.5,0.17241,0.5,0.1571,0.34211,0.26667,0.30804,0.61538,0.18103,0.33621,0.13158,0.30189,0.45109,0.34211,0.53306,0.6186,1,0.38382,0.83379,0.5,0.29167,0.53968,0.11953,0.74118,0.52427,0.098361,0.21173,0.61905,0.3631,0.1073,0.18885,0.19212,1,0.41781,0.26178,0.48333,0.44444,0.12712,0.5,0.13008,0.5,0.29221,0.25234,0.18644,0.42632,0.20588,0.55556,0.28947,0.3375,0.2809,0.58824,0.76763,0.20513,0.5,0.11888,0.12939,0.1565,0.74107,0.5,0.5,0.33333,0.2,0.36842,1,1,0.81754,0.28571,0.7739,0.1828,0.34783,0.92308,0.14035,0.3985,0.68696,0.66142,0.532,0.35714,0.65,0.26389,0.5,0.11397,0.5,0.77338,0.38095,0.38462,0.66667,0.43478,0.26174,1,0.46497,0.65812,0.23913,0.52769,0.25,0.36364,0.41176
0.41429
0,0,0,0,0,0,0,0,0,4,0,15,0,12,3,0,35,12,0,0,0,21,0,19,10,1,0,13,1,6,0,5,3,11,0,8,0,52,0,4,0,1,7,28,15,13,5,11,0,0,0,14,0,1,2,15,12,1,2,3,2,2,0,12,12,24,0,3,10,59,0,6,0,3,0,0,3,1,0,1,0,1,1,5,1,5,3,8,13,8,3,0,26,0,0,1,0,0,0,3,2,7,0,7,1,2,1,0,0,25,1,5,2,0,15,0,2,0,1,0,12,1,0,0,3,0,7,0,1,0
2,0,0,28,7,0,4,0,2,63,1,8,88,22,3,0,11,19,0,3,1,24,1,9,2,1,8,24,20,25,72,14,0,7,0,6,0,39,78,0,13,224,17,0,6,6,15,29,0,0,0,3,306,0,0,6,9,126,0,3,9,2,4,25,23,58,0,3,7,0,1,10,0,10,0,2,7,0,4,4,1,1,2,0,1,3,24,6,8,59,54,0,0,1,0,1,4,0,0,1,1,17,8,0,0,11,18,0,0,9,0,4,5,0,11,0,2,2,0,0,36,14,0,3,0,0,2,1,0,53
1,0,0,0,0,0,0,0,0,7,1,1,0,3,0,0,3,5,0,0,0,11,0,5,5,0,0,10,0,3,0,7,1,14,0,4,0,11,1,0,0,4,2,0,6,2,3,4,0,0,0,6,1,0,0,4,5,1,2,0,1,0,0,3,3,16,0,1,2,1,0,4,0,1,0,2,1,0,0,3,0,2,0,1,0,2,2,0,5,14,4,0,1,0,2,0,0,0,0,0,4,2,4,0,0,5,2,2,0,10,0,0,0,0,5,0,4,0,1,0,10,0,0,1,0,1,0,0,0,0
4,0,1,1,0,0,0,8,0,0,26,6,0,3,1,0,16,17,0,0,0,14,2,17,25,3,0,10,0,0,0,8,5,14,0,5,0,33,0,3,2,0,15,8,5,4,7,2,0,0,0,7,1,0,2,14,9,0,3,4,1,3,0,8,5,13,2,0,3,145,0,7,0,12,0,0,0,9,1,0,0,1,4,20,0,2,0,0,11,2,1,0,49,0,0,0,0,0,0,0,8,6,7,24,0,2,2,0,0,16,5,0,1,7,10,0,9,0,1,0,11,0,0,1,77,11,35,0,0,0
1,0,0,1,0,0,0,0,7,3,2,10,0,4,0,0,13,7,0,0,0,13,0,14,6,0,0,7,0,1,0,8,2,4,0,10,0,35,0,0,1,2,7,0,6,3,9,1,0,0,0,3,0,0,0,4,5,0,1,2,0,0,0,3,10,8,0,1,0,0,0,3,0,0,0,0,2,7,0,0,0,0,0,0,0,2,2,1,10,9,2,1,1,0,0,0,0,0,1,1,1,2,2,0,0,4,4,0,0,31,0,1,0,0,9,0,1,0,0,0,10,0,0,0,0,4,1,0,0,0
0,0,0,0,0,0,0,0,1,3,0,2,0,1,0,0,1,2,0,0,0,2,0,1,6,4,0,3,1,0,0,2,0,3,0,0,0,3,0,1,1,0,0,0,4,2,1,0,0,2,0,0,0,0,0,0,1,0,0,2,0,0,0,0,0,2,0,3,0,0,0,2,0,1,0,0,0,1,0,1,0,0,0,0,1,0,0,0,1,1,8,0,0,0,0,0,0,0,0,0,0,0,1,0,0,0,0,0,0,5,0,0,0,1,0,0,0,0,0,0,2,0,0,0,0,0,0,0,0,0
0,1,0,2,0,0,1,2,5,10,1,11,3,31,0,0,12,30,0,0,0,26,1,21,3,1,0,38,5,9,0,8,2,15,0,2,0,25,0,4,4,4,42,1,15,14,32,39,0,0,0,10,21,0,1,24,10,1,5,0,5,1,0,12,20,38,0,1,6,0,2,15,0,3,0,2,0,0,1,4,0,1,1,0,0,3,7,0,11,38,2,1,0,0,5,2,0,0,0,0,5,9,0,0,0,3,2,7,0,12,0,1,3,0,12,0,2,1,0,0,36,0,0,0,0,0,11,0,0,2
0,0,0,0,0,0,0,0,0,0,0,0,0,0,0,0,0,0,0,0,0,0,0,0,0,0,0,0,0,0,0,0,0,0,0,0,0,0,0,0,0,0,0,0,0,0,0,0,0,0,0,0,0,0,0,0,0,0,0,0,0,0,0,0,0,0,0,0,0,0,0,0,0,0,0,0,0,0,0,0,0,0,0,0,0,0,0,0,0,0,0,0,0,0,0,0,0,0,0,0,0,0,0,0,0,0,0,0,0,0,0,0,0,0,0,0,0,0,0,0,0,0,0,0,0,0,0,0,0,0
4,0,0,0,2,0,1,0,1,11,0,19,0,1,5,0,4,2,0,0,0,6,0,6,3,1,0,11,3,1,0,3,1,3,0,0,0,8,1,0,5,1,4,0,1,48,9,0,9,1,0,6,2,0,2,10,6,0,1,0,18,0,7,2,3,9,0,1,6,0,0,2,0,1,0,2,0,0,0,1,0,1,0,1,1,5,1,20,2,15,34,1,0,0,0,0,0,0,0,0,3,1,5,0,0,6,3,1,2,5,1,9,2,0,14,0,2,1,0,0,7,31,0,14,0,1,0,0,0,0
0,0,0,0,0,0,4,0,0,1,0,7,0,3,0,0,0,0,0,0,0,1,0,2,0,0,0,0,1,0,0,0,0,4,0,0,0,0,0,0,0,0,0,0,0,0,1,1,0,0,0,1,0,0,0,2,5,0,0,0,1,0,0,0,2,0,0,0,5,0,0,1,0,0,0,0,0,0,0,3,0,2,0,0,0,0,1,0,0,1,0,0,0,0,0,0,0,0,0,0,0,0,0,0,0,7,1,1,0,0,0,0,2,0,2,0,3,0,0,0,1,0,0,0,0,0,0,0,0,0
0,0,0,0,0,0,0,0,0,0,0,0,0,0,0,0,0,0,0,0,0,0,0,0,0,0,0,0,1,0,0,0,0,0,0,0,0,0,0,0,0,0,0,0,0,0,0,0,0,0,0,0,0,0,0,0,0,0,0,0,0,0,0,0,0,0,0,0,0,0,0,0,0,0,0,0,0,0,0,0,0,0,0,0,0,0,0,0,0,0,0,0,0,0,0,0,0,0,0,0,0,0,0,0,0,1,0,0,0,0,0,0,0,0,0,0,0,0,0,0,0,0,0,0,0,0,0,0,0,0
0,0,0,0,0,3,0,0,0,0,0,0,0,0,0,0,1,0,0,0,0,0,0,1,0,0,0,1,0,0,0,0,0,0,0,0,0,1,0,0,0,0,0,0,0,1,0,0,0,0,0,0,1,0,0,0,0,0,0,0,1,0,0,0,0,2,0,0,0,0,0,0,0,0,0,0,0,0,0,0,0,0,0,0,0,1,0,0,1,0,1,0,0,0,0,0,0,0,0,0,0,0,0,0,0,0,0,1,0,0,0,0,0,0,0,0,0,0,0,0,0,0,0,0,0,0,0,0,0,0
0,0,0,0,0,2,0,0,0,0,0,0,0,0,0,0,0,0,0,0,0,0,0,0,0,0,0,0,1,0,1,0,0,0,0,0,0,0,0,0,0,0,0,0,0,0,0,0,0,0,0,0,0,0,0,0,0,0,0,0,0,0,0,0,0,0,0,0,0,0,0,0,0,0,0,0,0,0,0,0,0,0,0,0,0,0,0,0,0,0,0,0,0,0,0,0,0,0,0,0,0,0,0,0,0,0,0,0,0,1,0,0,0,0,0,0,0,0,0,0,0,0,0,0,0,0,0,0,0,0
4,0,0,0,0,0,2,1,1,18,5,8,1,3,0,1,5,4,0,0,0,10,1,5,3,1,1,10,7,6,4,11,2,11,0,1,0,3,5,0,8,7,5,1,1,7,2,4,0,8,0,11,7,0,1,11,8,1,2,0,12,2,1,11,7,12,0,8,7,1,1,5,0,3,0,2,6,1,9,10,0,1,8,2,1,2,13,1,3,34,33,1,0,0,0,0,0,0,0,0,5,9,4,0,0,8,9,4,0,6,0,0,3,0,21,1,1,2,0,0,15,2,0,0,0,0,5,0,0,7
0,0,0,0,0,0,0,0,0,0,1,2,0,3,0,0,0,1,0,0,0,0,0,0,3,1,0,0,0,0,0,2,0,3,0,0,0,2,0,0,0,0,1,0,0,1,3,0,0,0,0,0,0,0,1,1,0,0,0,0,0,1,0,2,4,2,0,0,0,0,0,0,0,1,0,1,0,1,0,1,0,0,0,1,0,0,0,0,3,0,1,0,0,0,0,1,0,0,0,0,0,0,3,0,0,0,0,0,0,6,0,0,0,0,2,0,2,0,0,0,4,0,0,0,0,3,0,0,0,0
0,0,0,0,0,0,0,0,0,0,0,1,0,1,0,0,0,0,0,0,0,0,0,0,0,0,0,0,0,0,0,0,0,0,0,0,0,0,0,0,0,0,0,0,2,0,1,0,5,0,0,0,0,0,0,0,0,0,1,0,1,0,8,2,0,0,0,2,0,0,0,0,0,0,0,0,3,0,0,2,0,0,0,0,0,1,0,0,1,0,0,0,0,0,0,0,1,0,0,0,0,1,0,0,0,0,0,0,1,0,0,0,0,0,0,0,0,0,0,0,1,0,0,0,0,0,0,0,0,0
1,0,0,0,0,0,0,0,0,0,0,0,0,0,0,0,0,0,0,0,0,0,0,0,0,0,0,1,1,0,0,0,0,0,0,0,0,0,0,0,0,0,0,0,0,0,0,0,0,0,0,0,0,0,0,0,0,0,0,0,0,0,0,1,0,1,0,0,0,0,0,0,0,0,0,0,0,0,0,0,0,0,0,0,0,0,0,0,0,0,0,0,0,0,0,0,0,0,0,0,0,0,0,0,0,0,0,0,0,0,0,0,0,0,0,0,0,0,0,0,1,0,0,0,0,0,0,0,0,1
3,1,0,0,3,0,1,44,1,6,0,88,0,6,0,0,10,3,0,0,0,7,1,14,1,0,0,13,6,2,1,1,12,9,0,1,0,0,7,0,4,1,2,0,10,9,19,0,1,17,2,22,0,0,2,5,35,0,4,1,6,0,1,6,14,19,0,3,50,8,0,2,0,5,0,0,3,11,24,9,0,4,11,25,1,2,6,3,6,9,11,10,3,0,7,1,0,0,0,2,14,8,3,0,0,7,0,0,0,9,0,2,3,0,16,0,0,3,0,0,18,1,0,0,5,1,13,0,0,1
4,0,3,0,3,1,0,0,0,28,1,4,3,2,1,0,1,4,1,0,0,8,2,7,1,2,0,13,45,0,2,11,0,2,0,1,1,2,4,0,69,1,16,0,0,2,7,3,0,2,0,9,3,0,0,4,11,1,2,2,58,1,1,13,9,6,0,4,4,0,0,13,0,16,0,12,5,1,7,29,2,0,0,0,1,1,9,0,3,40,9,1,0,0,0,0,17,0,0,1,2,7,5,0,0,6,32,4,0,2,1,0,1,0,19,0,1,11,0,0,13,1,0,0,0,0,11,0,0,2
0,0,0,2,0,0,0,0,0,5,0,6,0,3,0,0,10,5,0,0,0,10,0,12,2,0,0,12,0,1,0,2,6,7,0,4,1,4,0,0,5,0,2,0,0,2,14,1,0,0,0,14,0,0,3,5,14,0,1,1,1,39,0,9,6,4,0,0,26,0,0,1,0,3,0,1,0,0,0,10,0,0,0,0,0,0,1,0,4,14,6,0,0,0,0,0,0,0,0,3,1,3,5,0,0,7,5,2,0,6,1,0,1,0,4,0,2,1,0,0,10,0,0,0,0,2,0,0,0,0
0,0,0,0,0,0,0,0,0,0,0,0,0,0,0,0,0,0,0,0,0,0,0,0,0,0,0,0,0,0,0,0,0,0,0,0,0,0,0,0,0,0,0,0,0,0,0,0,3,0,0,0,0,0,0,0,0,0,0,0,0,0,7,0,0,0,0,0,0,0,0,0,0,0,0,0,0,0,0,0,0,0,0,0,0,0,0,0,0,0,0,2,0,0,0,0,0,0,0,0,0,0,0,0,0,0,0,0,0,0,0,0,0,0,0,0,0,0,0,0,0,0,0,0,0,0,0,0,0,0
2,0,0,29,0,0,28,400,0,2,0,23,0,7,132,0,19,18,0,0,0,34,0,642,3,0,111,52,33,0,0,7,30,35,0,0,0,27,4,0,13,111,15,0,3,4,392,3,0,0,0,185,5,4,9,340,21,1,1,4,65,3,1,16,61,17,0,0,16,12,0,2,0,13,0,12,4,0,0,2,0,1,0,9,1,185,6,0,0,5,20,1,4,0,1,0,21,0,0,233,9,421,1,2,12,3,106,158,0,266,2,0,9,0,18,0,215,0,1,0,340,37,0,73,0,5,162,0,4,0
1,0,0,1,0,0,0,0,0,0,0,2,0,0,1,10,2,2,0,0,0,0,0,1,0,0,0,2,6,2,1,1,0,0,0,1,0,0,0,0,0,0,3,0,0,1,0,0,0,1,0,1,0,0,1,1,0,0,0,1,3,0,2,2,4,2,0,0,0,0,0,0,0,2,0,2,1,0,1,3,0,0,0,0,0,0,1,0,1,1,3,0,0,0,0,0,0,0,0,0,2,0,0,0,0,2,0,0,0,4,0,0,0,0,3,0,0,0,1,0,1,0,0,1,0,1,2,0,0,0
10,0,0,0,3,7,0,13,0,10,11,11,0,3,1,0,5,3,0,0,0,6,7,5,1,3,0,10,10,3,1,4,0,10,0,0,0,1,4,0,12,3,4,0,1,2,3,2,1,5,0,10,0,0,1,12,14,0,5,5,14,1,5,10,7,9,0,5,1,0,1,3,1,9,0,9,4,0,12,17,0,0,5,1,0,4,6,0,1,16,22,0,0,0,1,0,1,0,0,0,5,2,1,1,0,7,10,2,2,7,0,0,1,0,11,0,3,10,0,0,6,1,0,0,6,2,6,0,0,1
11,0,0,0,4,7,0,1,0,14,15,8,0,10,0,0,1,3,0,0,0,4,5,2,2,2,1,5,8,1,1,4,0,9,0,0,0,2,13,0,3,1,2,8,2,1,5,1,0,7,0,7,0,0,0,3,10,1,2,0,9,0,7,5,7,7,0,6,2,7,0,3,0,1,0,2,4,0,10,10,0,3,4,2,1,1,6,0,2,9,13,1,0,0,1,0,0,0,0,1,0,2,0,2,0,5,1,0,3,2,0,0,2,0,2,0,0,5,2,0,9,0,0,0,0,0,4,0,0,1
36,0,0,0,28,33,0,9,0,22,63,7,0,0,5,0,2,4,0,0,0,2,32,5,1,4,0,13,54,0,14,18,1,6,0,0,0,5,41,0,29,0,21,27,1,3,6,1,129,21,0,5,2,0,1,15,33,4,2,2,29,0,3,24,15,2,0,2,2,7,0,10,1,10,0,45,10,4,81,56,5,0,54,0,1,2,6,0,1,23,7,0,0,0,0,0,2,0,0,4,2,6,5,9,0,13,35,24,84,3,1,1,2,0,8,0,0,6,0,0,14,0,0,0,1,0,17,0,0,8
0,0,0,0,0,0,1,0,0,0,0,2,0,0,0,0,1,0,0,0,0,0,0,0,0,0,0,1,0,0,0,0,0,0,0,0,0,0,0,0,1,0,0,0,0,0,1,0,0,0,0,0,0,0,0,1,0,0,0,0,3,0,0,2,0,0,0,0,0,0,0,0,0,0,0,0,0,0,0,0,0,1,0,1,0,0,0,0,1,0,1,0,0,0,0,0,0,0,0,0,0,1,0,0,0,1,1,0,0,0,0,0,0,0,1,0,0,0,0,0,0,0,0,0,0,1,0,0,0,0
0,0,0,0,0,0,0,0,0,1,0,1,1,0,0,0,6,1,0,0,0,0,0,4,1,0,1,1,0,0,10,0,0,0,0,0,0,0,23,0,2,0,2,0,0,1,1,0,1,0,0,2,0,0,3,4,3,5,0,0,4,0,3,0,2,10,0,0,2,0,0,0,0,1,0,0,0,0,0,1,0,0,0,1,0,0,0,0,0,0,1,1,0,0,0,0,0,0,0,0,1,1,0,1,0,2,0,0,0,1,1,0,0,0,1,0,1,0,5,0,3,1,1,0,0,0,0,0,0,0
0,0,0,1,1,0,0,0,0,4,0,35,2,15,2,0,22,15,0,0,0,17,0,17,2,0,2,37,9,1,16,8,12,22,1,0,0,31,34,0,6,4,8,0,1,5,32,2,2,0,0,57,13,3,14,28,24,23,0,2,30,0,12,5,32,78,0,0,16,0,0,7,0,8,0,7,1,0,0,0,0,1,0,1,2,2,4,7,8,50,59,0,0,0,0,0,0,0,0,14,2,8,7,0,0,24,9,6,1,5,0,2,4,0,31,0,5,1,0,0,34,7,0,1,0,0,1,0,0,0
26,0,0,0,0,0,0,0,1,0,19,2,3,0,0,0,1,6,0,0,0,2,12,1,5,6,0,5,1,0,0,4,0,1,0,2,0,1,0,0,1,0,8,0,5,2,4,1,0,0,0,1,1,0,1,1,1,0,0,1,0,0,0,1,2,1,0,0,1,0,0,0,0,1,1,0,0,0,0,6,0,0,1,1,0,0,0,0,2,6,1,0,0,0,2,0,0,0,0,0,5,0,7,0,0,0,0,0,0,5,0,0,1,0,1,0,0,0,0,0,1,0,0,0,3,0,1,0,0,0
4,0,0,0,1,23,0,0,0,18,1,3,0,4,0,0,2,0,0,0,0,0,0,3,1,0,0,2,4,2,0,3,1,0,0,2,0,0,1,0,3,0,2,0,13,1,3,1,0,3,0,0,0,0,0,0,1,0,0,4,1,0,0,6,3,7,0,61,0,0,0,3,0,0,0,0,11,0,1,1,0,0,0,1,0,1,0,0,2,4,10,2,0,0,0,2,0,0,0,0,0,2,0,0,0,0,0,1,0,4,0,0,0,0,2,1,0,0,0,1,6,0,0,0,0,0,0,0,0,0
4,0,0,0,1,10,0,0,0,19,3,3,0,8,0,0,0,0,0,0,1,1,3,0,3,1,1,2,5,1,0,3,0,3,0,1,0,0,0,0,12,0,1,0,3,8,5,0,7,4,0,3,1,0,1,2,1,0,2,1,1,0,28,12,10,1,0,31,0,0,0,7,0,0,0,2,27,0,0,3,0,1,0,1,0,0,1,0,0,0,11,0,0,0,0,0,0,0,0,0,1,2,0,0,0,2,3,0,5,2,0,0,0,0,4,0,2,1,0,0,6,0,0,0,0,1,1,0,0,0
0,0,0,0,0,3,0,0,0,4,0,0,0,1,0,0,0,1,0,0,0,0,0,0,0,0,0,1,1,0,0,0,0,0,0,0,0,0,0,0,1,0,0,0,1,0,1,0,6,0,0,0,0,0,0,0,0,0,0,0,2,0,14,1,3,1,0,2,0,0,0,0,0,0,0,2,5,0,0,0,0,0,0,0,0,0,0,0,0,1,3,0,0,0,0,1,0,0,0,0,0,2,0,0,0,0,0,0,3,0,0,0,0,0,0,0,0,1,0,0,1,0,0,0,0,0,0,0,0,0
1,0,1,0,0,0,0,0,1,6,21,3,1,5,0,0,12,8,0,0,0,5,0,17,16,4,40,9,1,4,0,21,0,12,0,6,0,12,0,1,1,0,4,0,4,3,12,0,0,0,0,13,0,0,0,43,9,0,2,6,0,1,0,3,10,8,0,1,0,1,0,0,0,9,0,0,3,2,0,4,0,0,4,0,0,14,1,0,15,9,4,0,0,0,0,0,0,0,0,0,11,7,17,0,0,4,1,1,0,42,0,0,5,5,9,0,6,0,0,0,9,0,0,0,2,4,3,0,0,0
4,0,0,0,1,0,0,0,0,1,191,3,0,0,0,0,0,4,0,0,0,1,38,2,1,0,0,10,1,0,0,4,0,1,0,0,0,0,6,0,0,0,19,0,0,1,2,0,0,0,0,1,0,0,0,4,0,0,3,0,2,0,0,4,2,6,0,0,1,0,0,1,0,4,1,0,1,0,4,3,0,1,45,0,0,0,0,0,4,4,2,0,0,0,0,0,0,0,0,0,2,1,2,0,0,1,1,0,0,1,0,0,0,1,8,0,0,0,1,0,3,0,0,0,0,2,1,1,0,0
0,0,0,0,0,0,0,0,0,1,0,1,0,0,0,0,4,0,0,0,0,0,0,0,0,0,0,0,0,0,0,0,1,0,0,0,0,0,1,0,0,0,1,0,0,2,0,0,0,0,0,0,0,0,1,1,0,0,0,0,1,0,0,1,0,1,0,0,0,0,0,0,0,0,0,0,1,0,0,0,0,0,0,0,0,0,0,0,0,0,1,0,0,0,0,0,0,0,0,0,0,0,0,0,0,2,0,0,0,0,0,0,0,0,0,0,0,0,0,0,0,0,0,0,0,0,0,0,0,0
10,0,0,0,199,3,0,8,1,2,3,4,1,2,0,0,0,0,0,0,0,4,0,1,0,6,0,1,7,0,0,1,6,2,0,0,0,1,4,0,0,0,4,2,3,5,0,1,7,133,0,1,2,0,0,0,3,0,0,5,5,0,2,0,1,4,0,2,7,0,0,0,0,1,0,1,0,6,31,3,0,0,18,6,0,0,0,1,0,11,5,83,0,0,2,0,0,0,0,1,7,0,0,0,0,0,0,0,2,0,0,0,1,0,6,0,2,1,0,0,1,3,0,0,0,1,0,0,0,56
0,0,0,0,0,0,0,0,0,1,0,17,0,59,24,0,13,7,1,0,0,13,0,19,15,0,0,27,0,42,0,6,6,103,1,1,0,22,0,0,15,0,7,0,2,0,189,3,65,0,0,63,0,0,2,62,41,5,54,6,4,2,0,22,29,20,0,0,7,0,0,5,0,1,0,21,2,8,0,37,0,11,0,0,20,0,10,63,17,43,4,0,0,1,0,0,0,0,0,17,0,11,2,8,0,7,12,7,21,6,0,65,19,0,6,0,10,5,0,0,121,39,0,22,0,1,1,0,4,0
0,0,0,0,0,0,8,0,0,0,0,8,0,0,37,0,2,0,0,0,0,3,0,11,0,0,0,2,1,0,0,2,1,7,0,1,0,4,1,0,6,0,0,0,1,0,7,3,0,0,0,6,0,0,0,0,33,0,2,1,1,2,0,1,3,5,0,0,1,2,0,0,0,0,0,0,0,0,0,14,0,1,0,0,0,0,0,0,0,8,2,0,0,0,0,0,11,0,0,2,0,5,0,1,0,17,1,2,0,0,0,0,1,0,2,0,1,0,0,0,3,2,0,38,0,0,0,1,2,0
0,0,0,0,0,0,0,0,0,0,0,3,0,1,0,0,0,1,0,0,0,4,0,2,0,0,0,1,1,0,1,0,0,0,0,0,0,1,0,0,1,0,0,0,0,1,1,1,0,0,0,1,0,0,0,1,0,0,0,0,4,0,0,0,1,4,0,0,1,0,0,0,0,0,0,0,1,0,0,1,0,0,0,0,0,0,0,0,1,2,6,0,0,0,0,0,0,0,0,1,0,0,3,0,0,6,1,0,0,0,0,0,0,0,3,0,0,0,0,0,0,0,0,0,0,0,0,0,0,0
0,0,0,0,0,0,0,0,0,1,0,3,0,2,0,0,2,2,0,0,0,0,0,1,0,0,0,1,0,1,0,1,0,1,0,0,0,0,0,0,0,0,1,0,0,0,1,0,0,0,0,4,0,0,0,1,1,0,0,0,0,1,0,1,3,6,0,0,3,0,0,2,0,0,0,0,0,1,0,4,0,1,0,0,0,0,1,0,1,2,1,0,0,0,0,0,0,0,0,1,0,0,0,0,0,0,2,0,0,1,0,0,2,0,3,0,1,0,0,0,6,0,0,0,0,0,0,1,0,0
1,0,0,0,0,0,0,0,0,0,1,0,0,0,0,0,1,1,0,0,0,1,0,1,1,2,0,0,0,1,0,0,0,0,0,0,0,0,0,0,0,0,3,1,0,0,1,0,0,0,0,1,0,0,0,0,1,0,0,0,0,0,0,1,1,0,0,0,0,0,0,0,0,0,0,0,0,1,0,0,0,0,0,0,0,0,0,1,0,1,3,0,0,0,0,0,0,0,0,0,1,0,0,0,0,0,0,0,0,1,0,0,0,0,0,0,0,0,0,0,1,0,0,0,0,0,0,0,0,0
18,0,0,0,6,3,0,4,0,8,2,6,0,2,5,0,0,1,0,0,0,2,2,4,14,49,0,7,2,0,0,2,0,4,0,0,0,3,0,0,2,0,3,1,0,1,10,0,3,1,0,6,0,0,0,3,7,0,1,5,7,2,61,3,3,3,0,3,1,0,4,0,0,1,0,16,1,1,3,8,0,0,2,1,1,2,2,15,0,9,8,0,0,0,0,0,0,0,0,0,2,1,0,0,0,4,3,4,3,3,0,10,1,0,8,0,1,32,0,0,5,9,0,3,0,1,0,0,0,2
1,0,0,0,0,4,0,0,0,4,0,3,0,1,0,0,0,1,0,0,0,0,0,0,1,3,0,0,2,0,1,1,1,2,0,2,0,0,0,2,0,0,0,0,1,3,1,0,0,4,0,3,0,0,0,0,1,0,0,0,4,0,1,0,2,0,0,3,3,0,0,2,0,1,0,2,0,1,0,4,0,0,0,0,0,1,1,0,1,1,21,5,0,0,0,1,0,0,0,0,3,0,0,0,0,0,0,0,0,1,0,0,0,0,0,0,0,0,0,2,1,0,0,0,0,1,0,0,0,0
41,1,0,0,2,0,0,0,0,0,3,4,0,0,0,0,1,2,0,0,0,0,0,1,3,9,0,8,1,1,0,3,0,1,0,0,0,1,0,0,0,0,4,39,1,1,0,0,0,4,0,0,0,0,0,1,1,0,0,0,0,0,0,0,0,0,0,0,0,57,0,1,0,2,0,0,0,1,0,5,0,0,0,9,0,0,0,0,0,1,0,2,14,0,0,0,0,0,0,0,40,0,1,13,0,0,1,0,0,1,1,0,0,0,3,0,0,0,0,0,1,0,0,0,0,3,1,0,0,2
0,0,0,0,0,5,0,4,0,0,0,0,0,0,0,0,0,0,0,0,0,0,0,1,0,0,0,0,1,0,0,2,0,0,0,0,0,0,0,0,0,0,0,0,0,0,0,0,0,2,0,0,0,0,0,0,1,0,0,0,0,0,0,0,0,0,0,0,0,0,0,0,0,0,0,3,0,0,1,0,1,0,0,0,0,0,0,0,0,1,0,0,0,0,0,0,0,0,0,0,0,0,0,0,0,0,0,1,0,0,0,0,0,0,0,0,0,0,0,0,0,0,0,0,20,0,22,0,0,0
0,0,0,0,0,0,0,0,0,0,0,4,0,8,0,0,3,0,0,0,0,0,0,4,3,0,0,2,1,11,0,0,1,5,0,0,0,2,0,0,4,0,0,0,1,0,64,0,3,0,0,6,1,0,0,2,7,0,4,0,1,0,0,4,4,0,0,0,1,0,0,1,0,0,0,6,1,2,0,12,0,3,0,0,1,0,3,0,4,5,0,0,0,0,0,0,0,1,0,0,1,0,0,0,0,2,0,2,0,2,0,0,1,0,2,0,0,1,0,0,23,0,0,0,0,0,0,0,0,0
0,0,0,0,0,0,1,0,0,0,0,0,0,0,0,0,0,0,0,0,0,0,0,0,0,0,0,0,0,0,0,0,0,0,0,0,0,0,0,0,0,0,0,0,0,0,0,0,0,0,0,0,0,0,0,0,0,0,1,0,1,0,0,0,0,0,0,0,0,0,0,0,0,0,0,0,0,0,0,0,0,0,0,0,0,0,0,0,0,0,0,0,0,0,0,0,0,0,0,0,0,0,0,1,0,0,0,0,0,0,0,0,0,0,0,0,0,0,0,0,0,0,0,0,0,0,0,0,0,0
