0.65394,0.72657,0.41536,0.66059,0.39792,0.50554,0.34974,0.58462,0.62939,0.41519,0.61367,0.54782,0.52947,0.74835,0.63756,0.70145,0.49299,0.40509,0.35263,0.42594,0.29333,0.68022,0.41655,0.53882,0.78617,0.62909,0.62717,0.97143,0.72222,0.7677,0.50943,0.62518,0.7582,0.73539,0.90375,0.82873,0.85415,0.74033,0.82015,0.5729,0.39422,0.56982,0.43585,0.85928,0.46701,0.64767,0.80308,0.868,0.87606,0.84961,0.82108,0.69571,0.39802,0.21467,0.35023,0.51024,0.67735,0.78388,0.67555,0.72583,0.375
0.68488
1404,34,144,293,136,7,0,19,123,0,0,0,0,0,0,0,6,6,0,0,0,0,69,0,0,0,0,0,0,0,1,0,0,0,0,0,0,0,0,0,0,39,9,0,0,0,0,11,0,0,0,0,0,7,0,0,0,0,0,0,0
35,2070,85,1,154,3,0,2,113,0,0,0,0,0,0,0,312,0,0,3,0,0,4,71,0,0,0,0,0,1,70,29,10,0,0,0,1,0,1,0,0,12,1,0,0,0,1,1,0,0,0,0,0,2,1,4,0,0,0,0,0
79,64,849,48,72,162,1,11,83,0,0,0,0,0,0,0,85,27,2,0,0,0,11,4,0,0,0,0,0,0,19,30,1,0,0,0,1,0,0,0,0,88,13,0,0,0,1,8,0,0,0,0,0,36,5,2,0,1,0,0,0
305,0,51,1376,29,6,0,9,43,0,0,0,0,0,0,0,0,52,0,0,0,0,23,0,0,0,0,0,0,0,0,0,0,0,0,0,13,0,0,0,0,89,105,0,0,0,1,13,0,0,0,0,0,14,9,0,0,33,0,0,0
28,21,18,3,460,1,0,0,4,0,0,0,0,0,0,0,6,0,0,0,0,0,2,1,0,0,0,0,0,0,1,0,0,0,0,0,3,0,0,0,0,11,0,0,0,0,0,0,0,0,0,0,0,0,0,0,0,0,0,0,0
15,19,232,36,23,1233,36,48,24,0,3,0,0,0,0,1,42,175,22,37,0,0,17,6,0,0,0,0,1,1,13,185,4,0,0,0,44,9,5,0,0,86,24,0,3,0,16,11,0,0,0,1,1,98,63,11,15,17,2,0,0
0,1,0,0,0,8,135,0,0,0,2,0,0,0,0,1,0,1,1,4,0,9,0,1,3,0,1,0,1,1,0,9,0,0,3,1,0,0,0,0,0,0,0,1,5,0,0,0,0,0,0,0,0,0,1,0,0,0,0,1,1
4,8,10,7,1,56,11,1589,10,0,0,0,0,0,0,1,36,5,3,10,0,0,400,3,0,0,0,1,1,2,27,54,4,0,0,0,2,0,0,0,2,6,5,0,3,0,4,201,0,1,0,0,0,19,14,34,2,5,0,0,0
69,51,72,8,22,6,0,6,1435,0,0,0,0,0,0,0,16,0,1,0,0,0,6,36,0,0,0,0,0,0,1,6,2,0,0,0,0,0,0,0,0,5,31,0,0,0,1,3,0,0,0,0,0,6,0,0,0,0,0,0,0
0,0,0,0,0,1,0,1,1,164,1,0,5,0,13,0,0,2,0,0,0,1,1,0,0,3,0,0,0,0,1,0,0,0,1,0,0,1,0,0,0,0,0,19,1,0,1,1,0,0,1,0,0,0,0,0,1,0,2,1,0
0,0,0,0,0,0,0,0,0,2,961,0,2,55,14,6,0,1,1,0,0,10,0,0,1,1,28,3,0,0,0,0,0,0,0,10,2,10,1,1,1,0,0,0,15,164,1,3,0,0,1,25,2,0,1,0,37,10,0,0,0
0,0,0,0,0,0,0,0,0,0,0,464,3,0,0,0,0,0,0,0,0,0,0,0,0,0,0,0,0,0,0,0,0,52,1,0,0,0,0,0,0,0,0,0,0,0,0,0,12,30,18,0,2,0,0,0,0,0,0,5,3
0,0,1,1,0,2,2,0,0,8,0,10,521,1,26,4,1,0,0,1,0,0,2,0,10,24,0,2,13,6,1,5,1,41,10,1,0,1,1,0,1,2,0,10,6,0,1,0,5,1,114,0,4,0,0,0,0,1,6,4,2
0,0,0,0,0,0,1,2,0,1,172,6,8,2037,41,100,0,0,1,6,0,23,0,0,17,3,160,8,2,4,0,0,0,4,2,33,4,8,39,4,3,0,0,0,27,56,6,0,0,2,1,415,27,1,0,1,40,4,6,7,9
0,2,0,0,0,11,1,0,0,36,23,1,38,22,971,36,1,1,0,8,2,3,0,3,12,5,6,4,3,3,13,6,1,1,3,2,10,14,6,2,31,0,0,18,6,9,5,0,2,0,18,7,55,0,4,0,66,3,2,9,0
0,0,0,0,0,2,0,6,0,0,1,0,6,33,20,1062,0,1,0,2,0,0,2,3,0,0,5,0,2,13,3,13,6,0,0,2,9,9,18,2,93,0,0,0,0,0,7,2,0,0,0,2,3,0,2,7,12,1,10,0,1
11,344,177,2,86,64,1,45,73,0,0,0,0,0,0,0,1301,3,0,2,0,0,116,108,0,0,0,0,0,3,221,126,12,0,0,0,1,0,1,0,1,92,19,0,0,0,4,8,0,0,0,0,0,18,9,15,0,0,7,0,0
4,0,5,15,2,15,0,0,1,0,0,0,0,0,0,0,0,557,0,0,1,0,1,0,0,0,0,0,0,0,0,1,0,0,0,0,50,0,0,1,0,24,6,0,0,0,3,1,0,0,0,0,0,4,5,0,0,15,0,0,0
0,0,0,0,0,3,0,0,0,0,0,0,0,0,0,0,0,0,67,3,0,0,0,0,0,0,0,0,0,0,0,0,1,0,0,0,0,4,3,0,0,1,0,0,1,0,0,0,0,0,0,0,0,0,0,0,0,0,0,0,0
0,0,0,0,0,17,5,0,0,0,0,0,1,0,3,0,0,2,3,417,5,0,0,0,0,0,0,0,0,0,1,9,1,0,0,0,1,10,27,9,4,1,0,0,2,0,2,3,0,0,0,0,0,1,3,2,2,2,1,0,0
0,0,0,0,0,0,0,0,0,0,0,0,0,0,0,0,0,1,0,1,22,0,0,0,0,0,0,0,0,0,0,0,0,0,0,0,0,0,0,5,0,0,0,0,0,0,0,0,0,0,0,0,0,0,1,0,0,0,0,0,0
0,0,0,0,0,0,4,2,0,0,5,0,0,5,7,0,0,1,5,13,0,753,0,0,16,1,2,3,9,0,0,0,2,1,1,7,1,3,1,2,0,0,0,1,25,16,10,0,1,0,5,28,14,0,2,0,10,7,1,2,0
6,16,9,2,3,5,0,395,3,0,0,0,0,0,0,0,40,2,0,0,0,0,906,6,0,0,0,0,0,0,16,9,1,0,0,0,1,0,0,0,0,3,3,0,0,0,0,82,0,0,0,0,0,9,5,11,0,2,2,0,0
0,28,2,0,0,0,0,2,53,0,0,0,0,0,0,0,36,0,0,1,2,0,3,1284,0,0,0,0,0,2,71,34,130,0,0,0,0,0,0,0,0,1,15,0,0,0,1,0,0,0,0,0,0,6,1,39,0,0,1,0,0
0,0,0,0,0,0,1,0,0,1,0,1,1,0,18,1,0,0,0,0,0,4,0,0,1478,0,0,3,1,0,0,0,0,1,3,1,0,0,0,0,0,0,0,15,5,10,1,0,1,4,7,4,96,0,0,0,30,0,0,1,1
0,0,0,0,0,0,0,1,0,5,0,0,29,0,10,0,0,1,0,3,0,1,1,0,1,692,4,0,2,2,0,1,0,3,78,0,2,1,0,0,0,0,1,4,0,0,1,3,1,0,7,0,1,0,0,0,0,1,3,1,0
0,0,0,0,0,0,0,1,0,0,50,0,5,78,9,19,0,0,0,5,1,5,1,0,0,7,1085,2,3,3,0,0,0,0,2,165,0,4,7,12,3,0,0,0,6,19,9,0,0,0,0,33,1,0,1,2,13,0,9,0,0
0,0,0,0,0,0,0,0,0,0,16,0,0,7,1,0,0,0,0,3,0,0,0,0,0,0,1,6155,1,0,0,0,0,0,0,2,0,2,0,0,0,0,0,1,722,4,2,0,0,0,0,11,0,0,0,0,0,0,0,0,0
1,0,1,0,1,1,4,0,0,0,0,0,0,0,7,2,0,1,1,2,0,8,2,0,5,8,0,4,533,42,2,3,1,0,17,0,0,0,0,0,0,0,0,16,1,0,8,0,0,2,12,0,2,0,2,1,1,1,3,5,0
2,4,1,1,3,1,1,6,1,0,1,0,0,0,0,5,14,1,0,1,0,0,1,2,0,0,0,1,34,694,6,6,6,0,3,0,7,5,2,0,2,2,3,2,0,0,2,1,0,0,0,0,0,0,1,2,3,1,13,0,0
0,52,60,1,4,109,2,60,27,0,0,0,0,0,0,0,376,5,3,12,1,0,54,244,0,0,0,0,0,3,1458,583,294,0,0,0,2,0,0,1,1,66,10,0,0,0,2,5,0,0,0,0,0,76,23,168,0,0,58,0,1
2,44,89,1,9,509,132,120,73,0,1,0,1,2,0,5,231,5,7,167,14,1,48,205,2,0,1,0,1,12,602,2632,518,0,2,5,15,7,30,32,5,31,12,0,4,1,23,22,0,0,0,0,0,130,72,272,9,0,35,7,2
0,6,0,0,0,1,3,10,9,0,0,0,0,0,0,0,10,2,5,14,6,0,1,275,0,0,0,1,0,3,144,191,4114,0,0,0,3,0,3,3,0,0,5,0,1,0,5,4,0,0,0,0,0,3,12,204,0,0,171,0,0
0,0,0,0,0,0,0,0,0,0,0,80,33,0,0,2,0,0,0,0,0,0,0,0,1,0,0,0,0,1,0,0,0,692,2,0,0,0,0,0,0,0,0,0,0,0,0,0,12,19,24,0,1,0,0,0,0,0,6,9,19
0,0,0,0,0,1,4,0,0,7,0,16,43,0,17,1,0,1,1,3,0,4,1,0,8,299,0,3,36,1,2,0,0,10,2338,7,3,3,0,0,0,0,0,38,9,0,15,0,36,5,78,1,4,0,0,0,1,2,3,2,0
0,0,0,0,0,0,2,0,0,0,17,1,0,34,5,2,0,0,0,2,0,134,0,0,13,11,242,2,11,6,0,0,0,0,6,3208,0,0,0,2,0,0,0,0,45,163,6,0,1,1,1,305,17,0,0,0,4,0,1,1,1
45,3,44,72,39,38,0,2,97,2,5,0,0,2,24,26,10,289,4,5,0,2,7,18,0,1,0,0,0,7,8,17,36,0,0,0,2694,38,21,5,34,118,115,0,1,2,13,27,0,0,0,3,1,52,71,4,17,202,16,1,0
0,2,0,0,1,6,1,3,0,14,48,0,0,6,18,6,0,2,22,38,1,3,1,5,1,0,5,4,0,2,4,13,2,0,0,0,23,2010,320,55,29,4,4,0,8,13,8,7,0,0,1,4,0,0,4,2,47,20,2,0,0
0,0,4,3,3,11,3,5,1,2,30,0,3,71,45,64,0,4,21,152,9,6,1,4,2,1,22,2,2,9,9,10,2,0,0,3,37,456,3028,412,337,3,2,1,15,6,24,5,0,1,0,41,2,5,14,7,57,10,9,2,1
0,0,0,0,0,0,0,0,0,0,5,0,0,5,0,2,0,0,2,7,3,0,0,0,1,0,23,0,0,2,0,3,2,0,0,5,3,20,73,778,4,0,0,0,6,0,3,0,0,0,0,3,0,0,3,2,3,5,4,0,0
0,0,1,0,0,1,0,4,1,0,0,0,0,0,3,29,0,0,1,2,0,0,0,4,0,0,0,0,1,4,1,3,1,0,0,0,5,13,27,7,382,1,3,0,0,0,1,1,0,0,0,0,0,0,4,0,3,0,3,0,0
32,10,92,78,60,42,0,4,13,0,0,0,0,0,0,0,18,139,0,0,0,0,5,2,0,0,0,0,0,0,4,2,1,0,0,0,24,1,0,0,0,1012,31,0,0,0,1,3,0,0,0,0,0,15,38,4,0,4,0,0,0
0,0,1,10,0,1,0,0,19,0,0,0,0,0,0,0,0,1,0,0,0,0,1,1,0,0,0,0,0,0,0,1,0,0,0,0,5,0,0,0,0,5,445,0,0,0,0,1,0,0,0,0,0,3,1,0,0,1,0,0,0
0,0,2,1,0,3,0,0,0,109,0,4,12,0,30,0,1,1,0,0,1,1,0,0,11,15,0,1,20,0,0,0,0,1,31,0,2,0,0,0,0,0,0,1209,2,1,8,0,2,3,20,0,2,0,0,0,0,0,0,0,0
0,0,0,0,0,0,2,1,0,0,10,0,0,6,3,0,0,0,0,4,0,28,0,0,7,0,2,100,12,3,0,1,0,0,2,13,0,2,1,1,0,0,0,0,432,14,38,0,0,0,0,19,3,0,0,0,3,6,1,0,0
0,0,0,0,0,0,0,0,0,3,71,0,3,18,2,0,0,0,0,0,0,14,0,0,13,0,10,7,0,0,0,0,0,1,0,36,0,2,2,1,0,0,0,2,22,1568,8,0,0,0,0,134,15,0,0,0,14,0,0,0,0
24,42,29,40,26,25,4,12,20,11,13,0,3,11,14,26,29,18,3,13,3,4,10,37,2,6,17,1,27,51,36,44,44,0,29,13,36,21,27,15,8,18,53,8,45,10,1354,6,0,0,5,55,0,9,10,15,12,53,81,0,1
71,22,32,26,19,19,2,288,42,1,1,0,1,2,3,10,27,8,6,3,0,0,447,24,0,0,0,0,0,2,17,38,47,0,0,4,20,17,6,2,8,23,27,0,0,0,11,3255,0,0,0,1,0,16,19,27,37,39,0,0,0
0,0,0,0,0,0,1,0,0,0,0,40,1,0,1,0,0,0,0,0,0,3,0,0,52,0,0,1,0,1,0,0,0,22,1,0,0,0,0,0,0,0,0,0,0,0,0,0,4453,145,41,1,75,0,0,0,0,0,0,691,25
0,0,0,0,0,0,1,0,0,0,0,77,1,0,0,0,0,0,0,0,0,0,0,0,4,0,0,0,1,0,0,0,0,15,0,0,0,0,0,0,0,0,0,0,0,0,0,0,61,1514,5,0,1,0,0,0,0,0,0,9,24
0,0,1,0,0,4,11,0,0,12,0,103,242,0,71,1,0,0,0,1,0,12,0,0,13,20,0,5,11,2,0,1,1,65,46,0,0,0,0,0,0,2,0,53,5,0,13,0,30,6,1854,1,20,0,0,0,0,0,1,15,3
0,0,0,0,0,0,1,0,0,0,69,32,11,315,32,58,0,0,1,9,1,62,0,0,39,2,113,22,1,3,0,0,0,10,4,349,1,15,31,3,2,0,0,0,120,341,57,3,10,4,15,2531,97,0,0,0,24,4,4,20,7
0,0,0,0,0,0,0,0,0,2,1,3,5,0,41,1,0,0,0,0,0,2,0,0,58,0,0,0,2,0,0,0,0,0,0,3,0,0,0,0,0,0,0,5,1,12,0,0,9,0,18,7,361,0,0,0,5,0,0,15,0
3,1,23,13,1,33,1,10,4,0,0,0,0,0,0,0,13,19,0,1,0,0,5,5,0,0,0,0,0,0,27,33,2,0,0,0,1,0,0,0,0,7,9,0,0,0,0,1,0,0,0,0,0,158,8,17,0,2,0,0,0
1,1,2,2,0,6,2,3,0,0,0,0,0,0,0,0,3,13,3,5,0,0,2,0,0,0,0,0,0,0,2,3,0,0,0,1,2,0,0,0,0,12,6,0,0,0,1,0,0,0,0,0,0,9,311,21,0,15,0,0,0
0,3,2,0,0,4,5,23,2,0,0,0,0,0,0,0,11,1,1,8,2,0,10,22,0,0,0,0,0,1,56,85,89,0,0,0,0,3,2,0,1,3,1,0,0,0,1,5,0,0,0,0,0,12,103,947,1,1,10,0,0
0,0,1,0,0,1,0,1,0,15,54,0,2,12,54,34,1,2,0,2,0,9,1,0,92,0,2,0,3,6,0,3,0,1,1,0,12,17,7,1,15,0,0,2,1,12,3,25,2,0,0,3,47,0,3,1,1014,12,2,2,0
6,0,4,43,0,16,2,4,5,0,6,0,0,0,1,0,2,25,3,7,1,3,4,5,0,0,0,0,0,0,2,10,4,0,0,0,112,9,1,1,2,6,63,0,0,0,2,28,0,0,0,0,0,22,57,2,10,1741,0,0,0
0,1,0,0,2,3,0,23,0,0,0,0,0,0,0,3,11,0,0,2,0,0,9,4,0,0,1,0,2,5,23,10,86,4,0,0,2,0,1,1,0,3,0,0,0,0,1,0,0,0,0,0,0,5,5,32,0,0,989,0,1
0,0,0,0,0,2,4,0,0,0,0,9,4,0,19,6,0,0,0,0,0,2,0,0,18,1,0,1,2,3,0,1,0,15,1,0,0,0,0,0,0,0,0,2,1,0,0,0,445,33,12,3,53,0,0,0,4,0,0,2155,53
0,0,0,0,0,0,0,0,0,0,0,0,0,0,0,0,0,0,0,0,0,0,0,0,0,0,0,0,0,0,0,0,0,2,0,0,0,0,0,0,0,0,0,0,0,0,0,0,0,11,0,0,0,0,0,0,0,0,0,4,93
