0.64448,0.72552,0.4219,0.65922,0.39561,0.50702,0.36524,0.58413,0.62669,0.44792,0.62943,0.54427,0.52448,0.73847,0.652,0.70983,0.49577,0.41746,0.31905,0.43184,0.29032,0.66054,0.42723,0.53962,0.78587,0.62805,0.62747,0.97101,0.72517,0.77953,0.50941,0.62524,0.75918,0.74125,0.90916,0.82778,0.85243,0.73769,0.82044,0.56735,0.40745,0.56708,0.44126,0.85525,0.47162,0.64716,0.79481,0.86393,0.87712,0.84645,0.82296,0.70019,0.39061,0.21871,0.35455,0.50241,0.6846,0.78626,0.68185,0.72883,0.4
0.68587
1414,39,136,287,127,3,0,21,135,0,0,0,0,0,0,0,3,8,0,0,0,0,70,0,0,0,0,0,0,0,1,0,0,0,0,0,1,0,0,0,0,42,8,0,0,0,0,8,0,0,0,0,0,5,0,0,0,0,0,0,0
31,2067,77,1,149,4,0,2,120,0,0,0,0,0,0,0,317,0,0,3,1,0,5,76,0,0,0,0,0,1,74,23,12,0,0,0,1,0,0,0,0,14,1,0,0,0,1,0,0,0,0,0,0,0,1,6,0,0,0,0,0
80,69,840,52,74,162,0,9,83,0,0,0,0,0,0,0,82,30,2,0,0,0,12,3,0,0,0,0,0,0,15,31,1,0,0,0,1,1,0,0,0,84,12,0,0,0,1,8,0,0,0,0,0,45,4,1,0,1,0,0,0
337,0,45,1358,31,8,0,8,40,0,0,0,0,0,0,0,0,48,0,0,0,0,25,0,0,0,0,0,0,0,0,0,0,0,0,0,11,0,0,0,0,94,98,0,0,0,1,11,0,0,0,0,0,17,8,0,0,31,0,0,0
31,23,18,3,451,1,0,1,4,0,0,0,0,0,0,0,6,0,0,0,0,0,2,1,0,0,0,0,0,0,1,0,0,0,0,0,3,0,0,0,0,13,0,0,0,0,1,0,0,0,0,0,0,0,0,0,0,0,0,0,0
20,16,215,39,21,1227,33,49,27,0,3,0,1,0,1,1,42,169,24,37,1,0,13,2,0,0,0,0,0,3,19,194,5,0,0,0,53,9,5,0,1,81,26,0,4,0,14,12,0,0,0,1,0,104,68,13,6,17,2,0,1
0,1,0,0,0,6,145,0,0,0,0,0,0,0,0,1,0,1,1,5,0,10,0,0,0,0,1,1,2,1,0,5,0,0,1,1,0,0,0,0,0,0,0,0,1,0,0,0,2,0,2,0,0,0,1,1,0,0,0,2,0
3,8,9,7,3,47,8,1590,9,0,0,0,0,1,0,2,33,4,5,10,0,0,386,2,0,0,1,1,0,0,29,61,6,0,0,0,2,1,1,0,1,6,4,0,2,0,3,209,0,1,1,0,0,22,15,40,2,6,0,0,0
74,54,72,7,20,6,0,6,1437,0,0,0,0,0,0,0,14,0,1,0,0,0,6,35,0,0,0,0,0,0,1,6,2,0,0,0,0,0,0,0,0,4,32,0,0,0,1,3,0,0,0,0,0,2,0,0,0,0,0,0,0
0,0,0,0,0,1,0,0,0,172,1,0,5,0,9,0,0,2,0,0,0,1,0,0,0,2,0,0,0,0,0,0,0,0,0,0,0,2,0,0,0,0,0,20,0,0,1,2,0,0,1,0,0,0,0,0,0,1,2,1,0
0,0,0,0,0,0,0,0,0,1,958,0,1,58,14,10,0,0,0,2,0,14,0,0,0,2,24,3,0,0,0,0,0,0,0,7,2,12,1,1,1,0,0,0,12,160,3,3,0,0,1,24,2,0,1,0,42,10,0,0,0
0,0,0,0,0,0,0,0,0,0,0,461,2,0,0,0,0,0,0,0,0,0,0,0,0,0,0,0,0,0,0,0,0,58,1,0,0,0,0,0,0,0,0,0,0,0,0,0,14,23,25,0,2,0,0,0,0,0,0,1,3
0,0,1,0,0,2,3,0,0,4,0,12,525,0,26,3,2,0,0,1,0,0,1,0,14,22,0,2,14,2,3,3,1,36,12,1,2,2,1,0,1,3,0,11,6,0,1,0,5,0,109,1,6,0,0,0,0,1,8,4,2
0,0,0,0,0,0,0,2,0,2,160,5,7,2050,47,98,0,0,0,6,0,31,0,0,17,3,158,6,2,5,0,0,0,2,0,38,3,8,41,4,2,0,0,0,23,60,8,0,0,4,2,397,29,1,0,1,41,3,5,7,13
0,2,2,0,0,11,2,0,0,24,23,1,36,23,978,39,2,1,0,7,1,3,0,3,13,6,5,3,5,4,7,10,1,0,2,2,13,13,6,1,26,0,0,21,9,8,8,0,2,0,26,11,53,0,2,1,55,1,4,9,0
0,0,0,0,0,0,1,5,0,0,1,0,7,35,19,1069,0,3,0,2,0,0,2,1,0,0,4,0,2,9,3,16,5,0,0,2,7,9,17,2,88,0,0,0,0,0,8,2,1,0,0,1,2,1,0,9,13,1,12,1,0
10,344,190,2,83,56,1,43,73,0,0,0,1,0,0,0,1290,4,0,4,0,0,109,114,0,0,0,0,0,1,221,130,11,0,0,0,1,0,1,0,1,99,17,0,0,0,4,6,0,0,0,0,0,23,11,17,0,0,3,0,0
6,0,4,10,3,15,0,0,0,0,0,0,0,0,0,0,0,569,0,0,1,0,1,0,0,0,0,0,0,1,0,1,0,0,0,0,47,0,0,1,0,20,8,0,0,0,1,1,0,0,0,0,0,4,3,0,0,15,0,0,0
0,0,0,0,0,3,0,0,0,0,0,0,0,0,0,0,0,0,67,2,0,0,0,0,0,0,0,0,0,0,0,0,1,0,0,0,0,6,3,0,0,0,0,0,1,0,0,0,0,0,0,0,0,0,0,0,0,0,0,0,0
0,0,1,0,0,10,9,0,0,0,0,0,1,1,3,0,0,1,7,415,3,0,0,0,0,0,1,0,0,0,1,11,0,0,0,0,0,13,25,10,3,1,0,0,1,0,3,2,0,0,0,0,1,0,3,2,2,2,2,0,0
0,0,0,0,0,0,0,0,0,0,0,0,0,0,0,0,0,0,0,0,23,0,0,0,0,0,0,0,0,0,0,0,0,0,0,0,0,0,0,6,0,0,0,0,0,0,0,0,0,0,0,0,0,0,1,0,0,0,0,0,0
0,0,0,0,0,1,4,2,0,0,6,0,0,4,9,0,0,1,3,13,0,755,0,0,15,1,1,3,9,0,0,0,2,0,2,9,1,2,1,2,0,0,0,0,28,13,9,0,1,0,5,27,15,0,2,0,10,7,1,2,0
7,14,11,2,2,6,0,391,4,0,0,0,0,0,0,0,43,2,0,0,0,0,910,6,0,0,0,0,0,0,18,8,2,0,0,0,1,0,0,0,0,1,3,0,0,0,0,81,0,0,0,0,0,9,4,10,0,0,2,0,0
0,25,3,0,0,0,0,4,51,0,0,0,0,0,0,0,35,0,0,2,1,0,2,1287,0,0,0,0,0,1,66,37,134,0,0,0,0,0,0,0,0,1,15,0,0,0,1,0,0,0,0,0,0,4,2,40,0,0,1,0,0
0,0,0,0,0,0,1,0,0,1,0,1,0,0,15,0,0,0,0,0,0,5,0,0,1468,0,0,4,2,0,0,0,0,2,3,2,0,0,0,0,0,0,0,20,5,9,1,0,4,5,6,4,102,0,0,0,27,0,0,1,1
0,0,1,0,0,0,2,0,0,5,1,0,31,0,7,0,0,2,0,3,0,1,1,0,1,694,4,0,1,1,0,3,0,4,70,0,2,0,0,0,0,1,1,2,0,0,4,4,2,0,4,0,1,0,0,1,0,2,3,1,0
0,0,0,0,0,0,0,2,0,0,47,0,2,90,12,16,0,0,0,7,0,5,0,0,0,12,1078,3,3,2,0,0,0,0,1,169,0,2,6,12,4,0,0,0,6,21,7,2,0,0,0,25,0,0,1,2,12,0,10,0,1
0,0,0,0,0,0,0,0,0,0,11,0,0,7,0,0,0,0,0,3,0,0,0,0,0,0,0,6163,2,0,0,0,0,0,0,0,0,1,0,0,0,0,0,2,723,3,2,0,0,0,0,10,0,0,1,0,0,0,0,0,0
0,0,1,0,0,1,3,0,1,0,0,0,0,0,4,2,1,1,1,2,1,8,2,0,3,4,0,3,533,46,0,3,1,0,22,0,0,0,0,0,0,0,0,17,3,0,7,0,1,2,14,0,1,0,1,1,2,1,3,4,0
2,4,2,1,0,1,0,6,2,0,0,0,1,0,0,6,13,1,0,2,0,0,1,1,0,0,0,1,35,693,5,5,10,0,2,0,5,4,3,0,1,3,4,2,0,0,3,0,0,0,0,0,0,1,0,2,3,2,14,0,0
0,51,42,1,6,107,2,66,28,0,0,0,0,0,0,0,380,6,3,12,1,0,54,237,0,0,0,0,0,2,1462,578,293,0,1,0,3,0,0,0,1,66,12,0,0,0,2,5,0,0,0,0,0,83,24,179,0,0,53,1,0
3,41,87,0,8,519,137,120,74,0,1,0,1,2,2,5,219,6,14,140,27,2,41,203,1,0,1,0,4,10,603,2646,514,0,1,6,20,4,28,39,4,31,10,1,5,0,24,24,0,0,0,1,0,134,72,269,9,0,26,6,5
0,6,0,0,0,1,4,8,8,0,0,0,0,0,0,1,6,2,3,13,8,0,1,269,0,0,0,1,0,4,143,182,4136,0,0,0,4,0,3,5,0,0,5,0,1,0,5,4,0,0,0,0,0,3,12,192,0,1,178,0,0
0,0,0,0,0,0,0,1,0,0,0,85,32,0,0,2,0,0,0,0,0,0,0,0,1,1,0,0,0,1,0,0,0,699,2,0,0,0,0,0,0,0,0,0,0,0,0,0,12,16,18,0,1,0,0,0,0,0,5,8,17
0,0,0,0,0,0,4,1,0,8,0,14,46,0,25,0,0,0,3,3,0,4,0,0,8,300,0,4,32,2,2,1,0,14,2332,7,3,3,0,0,0,1,0,33,9,0,15,0,34,6,78,1,4,0,0,0,0,3,1,2,0
0,0,0,0,0,0,1,0,0,0,16,0,1,32,6,1,0,0,0,1,0,140,0,0,11,10,229,3,8,3,0,0,0,0,7,3206,0,0,2,3,0,0,0,1,43,167,11,0,0,2,0,307,25,0,0,0,5,0,1,1,1
44,3,45,73,45,41,1,5,97,2,4,0,0,2,24,23,6,265,6,4,1,1,4,24,0,0,0,0,0,6,5,15,34,0,0,0,2715,32,21,9,35,126,116,0,2,2,17,28,0,0,0,0,1,57,65,7,16,191,16,2,0
0,0,1,0,1,4,1,3,0,11,46,0,0,6,20,6,0,2,23,39,4,5,1,4,1,1,3,4,0,4,5,12,4,0,0,0,24,2022,307,57,23,4,2,0,8,11,10,11,0,0,0,4,1,2,4,3,44,19,2,0,0
1,0,5,3,3,9,4,4,1,2,26,0,3,83,44,67,1,5,20,157,11,8,0,4,3,2,31,2,1,13,7,13,2,0,0,7,41,466,3011,409,322,3,1,0,14,6,26,6,0,1,0,32,1,1,8,8,60,11,7,3,0
0,1,0,0,0,0,0,1,0,0,7,0,0,2,0,2,0,0,1,7,1,0,0,0,0,0,25,0,0,3,0,3,2,0,0,4,3,17,80,775,5,0,0,0,5,0,4,0,0,0,0,2,1,0,3,3,1,5,4,0,0
1,0,1,0,0,2,0,3,1,0,0,0,0,0,1,29,1,0,1,2,0,0,0,4,0,0,0,0,0,1,0,3,1,0,0,0,6,16,27,7,383,1,4,0,0,0,1,0,0,0,0,0,0,0,4,0,4,0,2,0,0
28,13,99,77,62,45,0,4,9,0,0,0,0,0,0,0,19,141,0,0,0,0,3,2,0,0,0,0,0,0,4,2,1,0,0,0,22,0,0,1,0,1006,31,0,0,0,0,4,0,0,0,0,0,16,37,4,0,5,0,0,0
0,1,1,10,0,1,0,0,18,0,0,0,0,0,0,0,0,0,0,0,0,0,1,1,0,0,0,0,0,0,0,1,0,0,0,0,5,0,0,0,0,6,447,0,0,0,0,1,0,0,0,0,0,1,0,0,0,2,0,0,0
1,0,0,0,0,2,1,0,1,110,0,3,14,0,18,0,2,1,0,0,0,1,0,0,8,16,0,2,17,0,0,1,0,1,30,0,2,0,0,0,0,0,0,1229,2,1,3,0,2,3,20,0,2,0,0,0,0,0,0,0,0
0,0,0,0,0,0,2,1,0,0,8,0,0,6,1,0,0,1,0,5,0,31,0,0,6,0,3,103,13,2,0,1,0,0,2,12,0,4,1,1,0,0,0,0,431,16,34,0,0,0,0,17,3,0,0,0,3,5,2,0,0
0,0,0,0,0,0,0,0,0,2,72,0,2,16,2,0,0,0,0,0,0,13,0,0,11,0,12,7,1,0,0,0,0,1,0,36,0,2,2,1,0,0,0,3,23,1559,8,0,0,0,0,148,13,0,0,0,12,0,0,0,0
23,42,20,39,25,33,3,14,21,11,11,0,7,12,16,18,29,19,4,14,4,6,12,33,2,6,16,1,28,51,38,50,44,0,27,15,38,23,33,10,9,19,48,11,48,11,1348,6,0,0,3,53,0,6,11,12,12,54,79,0,1
65,21,31,29,22,23,1,281,43,0,1,0,0,2,6,10,22,7,8,3,0,0,437,28,0,1,0,0,0,0,18,38,47,0,0,4,23,16,7,1,10,19,30,0,0,0,11,3257,0,0,0,1,0,23,19,29,32,43,0,0,1
0,0,0,0,0,0,1,0,0,0,0,39,1,0,1,0,0,0,0,0,0,3,0,0,55,0,0,1,0,0,0,0,0,23,1,0,0,0,0,0,0,0,0,0,0,0,0,0,4440,157,40,1,82,0,0,0,0,0,0,691,18
0,0,0,0,0,0,0,0,0,0,0,74,2,0,0,0,0,0,0,0,0,0,0,0,4,0,0,0,1,0,0,0,0,11,0,0,0,0,0,0,0,0,0,0,0,0,0,0,61,1527,6,0,2,0,0,0,0,0,0,6,19
0,0,2,0,1,1,7,0,0,9,0,102,248,0,64,1,1,0,0,0,1,10,1,0,12,19,0,6,11,2,0,2,0,60,42,0,0,0,0,0,0,1,0,54,1,0,14,0,32,5,1878,1,21,0,0,0,0,0,1,14,1
0,0,0,0,0,0,0,0,0,0,66,37,9,325,24,55,0,0,2,13,0,66,0,0,39,2,118,19,1,2,0,0,0,8,3,340,1,17,27,5,2,0,0,0,116,337,61,3,11,3,15,2527,110,0,0,0,24,4,4,21,6
0,0,0,0,0,0,0,0,0,2,1,3,5,0,37,1,0,0,0,0,0,4,0,0,57,0,0,0,2,0,0,0,0,0,0,4,0,0,0,0,0,0,0,6,1,11,0,0,8,0,18,7,366,0,0,0,5,0,0,13,0
3,1,18,14,0,25,2,10,3,0,0,0,0,0,0,0,11,20,1,2,0,0,3,6,0,0,0,0,0,0,27,31,2,0,0,0,0,0,0,0,0,6,8,0,0,0,0,1,0,0,0,0,0,173,10,18,0,2,0,0,0
1,1,4,3,0,8,1,2,0,0,0,0,0,0,0,0,2,14,2,3,0,0,2,0,0,0,0,0,0,0,4,5,0,0,0,0,3,0,0,0,0,9,7,0,0,0,0,0,0,0,0,1,0,9,312,19,0,14,0,0,0
0,2,3,0,0,7,5,23,1,0,0,0,0,0,0,0,10,0,1,7,1,0,10,27,0,0,0,0,0,1,57,84,94,0,0,0,0,2,2,0,0,2,1,0,0,0,1,6,0,0,0,0,0,13,109,938,1,1,6,0,0
0,0,0,0,0,1,0,2,0,17,48,0,4,19,50,31,1,2,1,1,0,11,1,0,95,0,2,0,2,4,0,3,0,0,1,1,14,22,5,1,16,0,0,3,0,14,4,27,2,0,0,3,40,1,1,3,1005,15,2,3,0
9,0,3,42,0,16,2,4,2,1,4,0,0,0,0,0,0,25,5,8,2,3,3,8,0,0,0,0,0,1,4,6,4,0,0,0,100,10,2,2,0,5,62,0,0,0,2,33,0,0,0,0,0,28,52,1,9,1751,0,0,0
0,0,1,0,3,2,0,28,0,0,0,0,3,0,0,3,9,0,1,1,0,0,8,4,0,0,1,0,2,5,27,7,76,5,0,0,2,0,1,1,1,2,0,0,0,0,2,0,0,0,0,0,0,3,8,35,0,0,988,0,0
0,0,0,0,0,2,6,0,0,0,0,10,3,0,14,4,0,0,0,0,0,2,0,0,23,1,0,1,2,2,0,1,0,17,0,0,0,0,0,0,0,0,0,1,0,0,0,0,428,39,10,2,50,0,0,0,11,0,0,2169,51
0,0,0,0,0,0,0,0,0,0,0,0,0,0,1,0,0,0,0,0,0,0,0,0,0,0,0,0,0,0,0,0,0,2,0,0,0,0,0,0,0,0,0,0,0,0,0,0,0,10,0,0,0,0,0,0,0,0,0,3,94
