0.64442,0.73597,0.41753,0.66392,0.38898,0.50455,0.35802,0.58318,0.62779,0.4282,0.64029,0.54066,0.5274,0.7394,0.64636,0.70052,0.4977,0.41704,0.31193,0.42073,0.25556,0.67228,0.4154,0.53476,0.7834,0.63504,0.61168,0.97061,0.71562,0.7779,0.50648,0.62734,0.76117,0.74121,0.91005,0.82538,0.8552,0.74225,0.81293,0.56765,0.39603,0.57247,0.44094,0.84997,0.46627,0.64092,0.80309,0.86779,0.87324,0.85739,0.8205,0.69961,0.39808,0.21066,0.35513,0.50295,0.67685,0.78774,0.67053,0.73033,0.37891
0.68458
1410,40,138,282,133,8,0,23,129,0,0,0,0,0,0,0,3,9,0,0,0,0,71,0,0,0,0,0,0,0,1,0,0,0,0,0,0,0,0,0,0,39,9,0,0,0,0,8,0,0,0,0,0,5,0,0,0,0,0,0,0
34,2085,73,2,148,5,0,1,122,0,0,0,0,0,0,0,306,0,1,2,0,0,6,77,0,0,0,0,0,1,65,25,11,0,0,0,2,0,1,0,0,10,1,0,0,0,1,0,0,0,0,0,0,2,1,5,0,0,0,0,0
80,68,848,53,75,155,0,11,83,0,0,0,0,0,0,0,84,25,0,0,0,0,11,3,0,0,0,0,0,0,16,34,1,0,0,0,2,0,0,0,0,82,12,0,0,0,0,8,0,0,0,0,0,43,6,2,0,1,0,0,0
325,0,49,1371,28,6,0,8,39,0,0,0,0,0,0,0,0,47,0,0,0,0,23,0,0,0,0,0,0,0,1,0,0,0,0,0,14,0,0,0,0,93,102,0,0,0,1,10,0,0,0,0,0,14,9,0,0,31,0,0,0
33,20,19,4,452,1,0,0,4,0,0,0,0,0,0,0,6,0,0,0,0,0,2,1,0,0,0,0,0,0,1,0,0,0,0,0,3,0,0,0,0,12,0,0,0,0,0,0,0,0,0,0,0,0,1,0,0,0,0,0,0
17,16,241,37,21,1219,36,47,29,0,3,0,1,0,1,1,42,172,28,39,0,0,17,5,0,0,0,0,0,1,22,174,4,0,0,0,48,10,4,0,0,94,25,0,3,0,15,11,0,0,0,1,1,103,62,8,6,14,1,0,0
0,1,0,0,0,7,133,0,0,0,0,0,1,0,0,1,0,0,3,4,0,13,0,0,0,0,2,0,2,1,0,9,0,0,2,1,0,0,0,0,0,0,0,0,4,0,0,0,0,0,0,0,2,0,2,1,0,0,0,1,1
5,8,11,6,2,46,11,1588,11,0,0,0,0,1,0,2,34,6,5,8,1,0,396,1,0,0,1,1,1,0,25,63,5,0,0,0,4,1,0,1,1,6,4,0,1,0,3,205,0,1,0,0,0,22,13,34,2,5,0,0,0
70,54,67,9,20,8,0,5,1437,0,0,0,0,0,0,0,15,1,0,0,0,0,7,33,0,0,0,0,0,0,1,7,2,0,0,0,0,0,0,0,0,6,32,0,0,0,1,2,0,0,0,0,0,6,0,0,0,0,0,0,0
0,0,0,0,0,1,0,1,1,164,1,0,8,0,12,0,0,2,0,0,0,1,0,0,0,2,0,0,1,0,1,0,0,0,0,0,0,1,0,0,0,0,0,19,1,0,0,2,0,0,0,0,0,0,0,0,1,1,2,1,0
0,0,0,0,0,0,0,0,0,1,963,0,2,61,12,7,0,0,3,1,0,12,0,0,0,2,33,2,0,0,0,0,0,0,0,6,2,13,1,1,1,0,1,0,16,154,2,3,0,0,1,23,3,0,1,0,34,8,0,0,0
0,0,0,0,0,0,0,0,0,0,0,472,2,0,0,0,0,0,0,0,0,0,0,0,0,0,0,0,0,0,0,0,0,49,1,0,0,0,0,0,0,0,0,0,0,0,0,0,12,24,23,0,2,0,0,0,0,0,0,1,4
0,0,1,0,0,1,4,0,0,10,0,9,510,1,30,4,0,0,0,2,0,1,2,0,13,27,0,2,14,2,2,4,1,40,9,1,1,2,0,0,1,1,0,11,6,0,2,0,5,1,115,1,3,0,0,0,0,1,8,3,2
0,0,0,0,0,1,0,2,0,2,154,7,5,2057,43,100,0,0,0,6,1,26,0,0,15,2,162,9,1,7,0,0,0,8,0,46,5,6,38,4,2,0,0,0,27,54,6,0,2,2,2,402,21,0,0,1,40,4,6,7,8
0,2,1,0,0,10,1,0,0,29,25,0,32,27,976,40,1,0,0,8,0,2,1,3,13,6,5,3,5,4,8,7,1,1,2,2,12,13,5,1,29,0,0,22,7,7,6,0,3,0,21,9,56,0,4,1,59,3,4,8,0
0,0,0,0,0,3,1,5,0,0,2,0,5,41,21,1069,1,2,0,2,1,0,1,2,0,0,5,0,1,11,3,12,5,0,0,1,8,7,14,3,87,0,0,0,0,0,5,2,0,0,0,0,3,0,2,7,13,0,13,1,1
8,321,183,3,92,62,0,41,73,0,0,0,0,0,0,0,1301,2,0,4,0,0,120,108,0,0,0,0,0,1,224,133,12,0,0,0,0,0,1,0,1,94,17,0,0,0,4,8,0,0,0,0,0,25,12,15,0,0,5,0,0
4,0,5,12,2,15,0,0,0,0,0,0,0,0,0,0,0,563,0,0,1,0,1,0,0,0,0,0,0,0,0,1,0,0,0,0,50,0,0,1,0,23,8,0,0,0,3,1,0,0,0,0,0,3,3,0,0,15,0,0,0
0,0,0,0,0,3,0,1,0,0,0,0,0,0,0,0,0,0,68,2,0,0,0,0,0,0,0,0,0,0,0,1,1,0,0,0,0,3,3,0,0,0,0,0,1,0,0,0,0,0,0,0,0,0,0,0,0,0,0,0,0
0,0,0,0,0,15,5,1,0,0,0,0,0,0,4,0,0,0,5,414,2,0,0,0,0,0,0,0,0,0,1,9,2,0,0,0,2,13,27,11,4,1,0,0,1,0,3,2,0,0,1,0,1,0,3,2,2,2,1,0,0
0,0,0,0,0,0,0,0,0,0,0,0,0,0,0,0,0,0,0,1,23,0,0,0,0,0,0,0,0,0,0,0,0,0,0,0,0,0,0,5,0,0,0,0,0,0,0,0,0,0,0,0,0,0,1,0,0,0,0,0,0
0,0,0,0,0,1,3,2,0,0,4,0,0,2,5,0,0,1,3,16,0,759,0,0,13,1,0,3,8,0,0,0,2,1,1,10,0,3,2,3,0,0,0,2,23,17,8,0,1,0,5,27,18,0,2,0,10,8,1,1,0
8,12,9,1,2,5,0,403,4,0,0,0,0,0,0,0,43,1,0,0,0,0,901,5,0,0,0,0,0,0,21,8,1,0,0,0,1,0,0,0,0,3,2,0,0,0,0,78,0,0,0,0,0,11,4,10,0,2,2,0,0
0,27,2,0,0,0,0,3,54,0,0,0,0,0,0,0,38,0,0,1,2,0,2,1277,0,0,0,0,0,2,74,32,135,0,0,0,0,0,0,0,0,1,15,0,0,0,1,0,0,0,0,0,0,4,2,39,0,0,1,0,0
0,0,0,0,0,0,1,0,0,1,0,1,0,0,14,0,0,0,0,0,0,6,0,0,1472,0,0,3,4,0,0,0,0,1,2,2,0,0,0,0,0,0,0,22,3,8,0,0,2,3,7,2,104,0,0,0,28,0,0,1,2
0,0,0,0,0,0,1,1,0,5,0,0,33,0,6,0,0,1,0,1,0,1,1,0,1,696,4,0,3,3,1,2,0,5,69,0,3,1,0,0,0,1,1,2,0,0,1,2,1,0,6,0,1,0,0,1,0,1,4,1,0
0,0,0,0,0,0,0,0,0,0,48,0,3,87,10,19,0,0,0,6,1,5,1,0,0,13,1079,2,1,6,0,0,0,0,1,167,0,5,4,11,5,0,0,0,5,20,5,0,0,0,0,33,0,0,1,2,12,0,8,0,0
0,0,0,0,0,0,0,0,0,0,11,0,0,6,1,0,0,0,0,3,0,0,0,0,0,0,1,6176,2,0,0,0,0,0,0,0,0,0,1,0,0,0,0,1,712,3,2,0,0,0,0,9,0,0,0,0,0,0,0,0,0
0,0,1,0,1,2,3,1,1,0,0,0,0,0,5,2,0,1,1,2,1,6,1,0,4,4,0,4,536,41,2,2,1,0,19,0,0,0,0,0,0,0,0,18,3,0,7,0,0,2,15,0,1,0,2,0,2,1,3,5,0
2,5,2,1,3,0,0,6,1,0,0,0,0,1,0,5,15,1,0,2,1,0,1,2,0,0,0,1,37,690,5,4,8,0,3,0,5,4,2,0,2,1,4,2,0,0,5,0,0,0,1,0,0,0,0,2,3,1,12,0,1
0,49,55,2,8,107,4,63,21,0,0,0,0,0,0,0,373,5,2,12,1,0,53,248,0,0,0,0,0,2,1447,575,285,0,1,0,2,0,0,1,1,62,13,0,0,0,5,7,0,0,0,0,0,83,28,188,0,0,57,1,0
3,43,91,0,10,511,145,119,71,0,1,0,1,1,3,6,227,5,8,161,17,2,43,206,1,0,1,0,4,15,597,2643,495,0,2,5,20,4,26,40,4,36,11,1,4,1,22,24,0,0,0,0,0,120,73,276,10,1,31,6,3
0,5,0,1,0,1,3,8,11,0,0,0,0,0,0,0,9,2,1,15,7,0,2,279,0,0,0,1,0,3,148,197,4105,0,0,0,4,0,3,4,0,0,5,0,2,0,4,3,0,0,0,0,0,3,14,188,0,0,181,0,0
0,0,0,0,0,0,0,0,0,0,0,80,32,0,0,3,0,0,0,0,0,1,0,0,1,1,0,0,0,1,0,0,0,696,2,0,0,0,0,0,0,0,0,0,0,0,0,0,10,15,24,0,1,0,0,0,0,0,7,10,17
0,0,1,0,0,0,8,1,0,5,0,11,44,0,20,1,0,0,4,4,0,5,0,0,12,289,0,4,34,1,2,0,0,13,2337,7,2,4,0,0,0,0,0,37,9,0,16,0,40,5,74,2,2,0,0,0,1,2,4,2,0
0,0,0,0,0,0,1,0,0,0,11,1,0,35,6,1,0,0,0,1,0,143,0,0,12,11,250,4,9,4,0,0,0,0,9,3200,0,1,2,2,0,0,0,0,38,171,14,0,0,1,0,287,21,0,0,0,5,0,1,1,2
49,1,42,65,42,44,0,2,98,2,4,0,0,1,22,24,7,278,8,5,1,2,5,20,0,0,0,0,0,4,6,22,32,0,0,1,2705,37,26,5,32,119,112,0,2,2,15,23,0,0,0,1,1,66,65,4,17,203,15,1,0
2,1,0,0,1,5,0,2,0,14,31,0,0,8,21,6,0,2,29,40,2,3,1,5,2,1,4,3,1,2,2,14,5,0,0,0,22,2010,326,49,24,4,4,1,5,14,8,10,0,0,1,5,1,3,4,3,45,20,3,0,0
0,1,3,3,2,11,7,5,2,5,22,0,2,82,49,69,1,3,23,167,15,6,0,3,2,2,36,2,2,10,4,16,1,0,0,3,42,447,2981,418,339,4,1,0,16,6,15,4,1,1,0,33,1,3,12,10,65,10,8,2,1
0,0,0,0,0,0,0,0,0,0,5,0,0,2,0,3,0,0,1,6,3,0,0,0,0,0,26,0,0,1,0,3,2,0,0,5,3,17,79,772,6,0,0,0,7,0,4,0,0,0,0,3,1,0,3,5,2,4,4,0,0
1,0,1,1,0,4,0,3,1,0,0,0,0,0,2,25,0,0,0,0,0,0,1,4,0,0,0,0,0,2,1,3,1,0,0,0,6,13,32,9,379,1,4,0,0,0,1,0,0,0,0,0,0,0,4,0,4,0,3,0,0
32,13,93,73,63,45,0,4,11,0,0,0,0,0,0,0,18,139,1,0,0,0,4,2,0,0,0,0,0,0,3,2,1,0,0,0,21,0,0,0,0,1019,31,0,0,0,0,3,0,0,0,0,0,16,34,4,0,3,0,0,0
0,1,1,12,0,1,0,0,18,0,0,0,0,0,0,0,0,1,0,0,0,0,1,1,0,0,0,0,0,0,0,1,0,0,0,0,4,0,0,0,0,4,448,0,0,0,0,1,0,0,0,0,0,1,1,0,0,0,0,0,0
0,0,2,0,0,3,1,0,0,99,0,3,9,0,25,0,0,1,0,0,0,0,0,0,11,13,0,1,21,0,0,2,0,2,27,0,2,0,0,0,0,0,0,1235,2,1,6,0,3,3,15,0,5,0,1,0,0,0,0,0,0
0,0,0,0,0,0,4,1,0,0,9,0,0,7,2,0,0,0,0,3,1,28,0,0,7,0,2,107,10,3,0,0,0,0,1,12,0,4,2,1,0,0,0,0,427,14,37,0,0,0,0,19,3,0,0,0,3,6,1,0,0
0,0,0,0,0,0,0,0,0,2,77,0,4,16,1,0,0,0,0,0,0,12,0,0,8,0,15,8,0,0,0,0,0,0,0,47,0,4,0,1,0,0,0,1,24,1535,9,0,0,0,1,149,18,0,0,0,14,0,0,0,0
26,36,24,35,29,27,3,15,23,13,12,0,6,16,14,23,33,17,2,12,5,5,8,34,2,7,15,1,28,50,40,45,45,0,27,12,29,22,34,10,13,16,51,16,49,11,1350,9,0,0,6,55,0,6,11,10,12,50,79,0,0
70,20,33,27,22,20,1,288,36,0,1,0,0,2,4,11,23,7,11,1,0,0,455,27,0,1,0,0,0,1,14,34,48,0,0,4,23,18,7,1,10,18,26,0,1,0,12,3249,0,0,0,1,0,21,18,29,34,39,2,0,0
0,0,0,0,0,0,1,0,0,0,0,49,1,0,1,0,0,0,0,0,0,2,0,0,62,0,0,1,0,0,0,0,0,21,1,0,0,0,0,0,0,0,0,0,0,0,0,0,4457,145,39,0,69,0,0,0,0,0,0,679,26
0,0,0,0,0,0,1,0,0,0,0,86,2,0,0,0,0,0,0,0,0,0,0,0,5,0,0,0,2,0,0,0,0,11,0,0,0,0,0,0,0,0,0,0,0,0,0,0,63,1509,5,0,1,0,0,0,0,0,0,7,21
0,0,3,0,1,1,10,0,0,14,0,103,245,0,60,1,0,0,0,1,0,11,1,0,17,15,0,6,14,2,0,1,1,59,47,0,0,0,0,0,0,0,0,54,2,0,14,0,34,5,1865,1,20,0,0,0,0,0,1,14,2
0,0,0,0,0,0,1,0,0,0,63,36,7,315,31,56,0,0,1,9,1,57,0,0,36,2,119,18,2,2,0,0,0,11,3,341,1,14,36,1,1,0,0,0,122,348,61,4,11,4,17,2513,112,0,0,0,26,3,4,22,12
0,0,0,0,0,0,0,0,0,1,1,5,6,0,40,1,0,0,0,0,0,3,0,0,52,0,0,0,2,0,0,0,0,0,0,3,0,0,0,0,0,0,0,5,2,13,0,0,8,0,14,5,373,0,0,0,4,0,0,13,0
3,1,21,14,1,31,1,10,2,0,0,0,0,0,0,0,11,19,1,0,0,0,4,5,0,0,0,0,0,0,32,29,2,0,0,0,0,0,0,0,0,7,8,0,0,0,0,2,0,0,0,0,0,166,8,16,0,3,0,0,0
0,1,1,3,0,7,1,3,0,0,0,0,0,0,0,0,3,13,3,3,0,0,1,0,0,0,0,0,0,0,2,4,0,0,0,1,2,0,0,0,0,12,8,0,0,0,0,0,0,0,0,0,0,10,315,19,0,14,0,0,0
0,2,4,0,0,5,6,20,1,0,0,0,0,0,0,0,10,0,0,9,2,0,12,26,0,0,0,0,0,1,58,76,97,0,0,0,0,2,2,0,0,3,1,0,0,0,0,5,0,0,0,0,0,14,109,938,2,1,9,0,0
0,0,0,0,0,1,0,1,0,14,52,0,2,13,55,34,1,1,0,1,0,12,1,0,95,0,3,0,2,4,0,3,0,0,1,0,13,21,6,1,14,0,0,3,1,16,4,22,2,0,0,8,48,2,3,2,997,14,2,3,0
6,0,3,48,0,14,3,4,6,2,4,0,0,0,0,0,1,23,6,7,1,2,2,6,0,0,0,0,0,1,1,5,5,0,0,0,98,8,2,3,1,6,59,0,0,0,2,36,0,0,0,0,0,33,50,2,11,1748,0,0,0
0,0,3,0,4,2,0,24,0,0,0,0,1,0,0,6,8,0,0,3,0,0,10,5,0,0,1,0,2,6,26,10,76,5,0,0,2,0,0,1,0,2,1,0,0,0,1,0,0,0,0,0,0,3,3,41,0,0,983,0,0
0,0,0,0,0,2,5,0,0,0,0,9,3,0,13,6,0,0,0,0,0,3,0,0,23,1,0,1,0,2,0,1,0,16,1,0,0,0,0,0,0,0,0,1,1,0,0,0,449,32,15,3,44,0,0,0,9,0,0,2153,56
0,0,0,0,0,0,0,0,0,0,0,1,0,0,1,0,0,0,0,0,0,0,0,0,0,0,0,0,0,0,0,0,0,0,0,0,0,0,0,0,0,0,0,0,0,0,0,0,0,7,0,0,0,0,0,0,0,0,0,4,97
