0.65121,0.72629,0.4151,0.659,0.40533,0.50365,0.35598,0.58561,0.61694,0.42368,0.61972,0.56005,0.5112,0.74293,0.64686,0.69792,0.49501,0.41433,0.29204,0.42487,0.27059,0.6714,0.42288,0.54207,0.7903,0.62693,0.62905,0.9718,0.72627,0.77416,0.51195,0.63043,0.76166,0.74362,0.9079,0.82702,0.85146,0.74392,0.81174,0.56137,0.39585,0.56846,0.43781,0.85945,0.46776,0.64289,0.80377,0.86921,0.87493,0.85258,0.824,0.69491,0.39274,0.21647,0.34494,0.50794,0.67413,0.78788,0.67989,0.7307,0.35907
0.6852
1404,34,136,300,128,7,0,21,137,0,0,0,0,0,0,0,4,6,0,0,0,0,70,0,0,0,0,0,0,0,1,0,0,0,0,0,1,0,0,0,0,37,10,0,0,0,0,7,0,0,0,0,0,5,0,0,0,0,0,0,0
34,2075,84,2,140,4,0,1,123,0,0,0,0,0,0,0,316,0,1,3,0,0,6,70,0,0,0,0,0,1,66,25,9,0,0,0,1,0,0,0,0,14,1,0,0,0,1,2,0,0,0,0,0,2,1,5,0,0,0,0,0
84,64,841,49,74,166,0,11,85,0,0,0,0,0,0,0,87,24,0,0,0,0,13,4,0,0,0,0,0,0,14,29,1,0,0,0,2,1,0,0,0,90,13,0,0,0,0,6,0,0,0,0,0,37,5,2,0,1,0,0,0
307,0,47,1376,28,7,0,7,45,0,0,0,0,0,0,0,0,52,0,0,0,0,27,0,0,0,0,0,0,0,0,0,0,0,0,0,11,0,0,0,0,95,103,0,0,0,1,12,0,0,0,0,0,9,9,0,0,35,0,0,0
29,23,18,2,456,1,0,0,4,0,0,0,0,0,0,0,5,0,0,0,0,0,2,1,0,0,0,0,0,0,1,0,0,0,0,0,2,0,0,0,0,15,0,0,0,0,0,0,0,0,0,0,0,0,0,0,0,0,0,0,0
18,18,225,34,19,1241,26,51,27,0,3,0,1,0,0,1,46,166,31,41,3,0,14,4,0,0,0,0,1,1,18,185,6,0,0,0,48,8,6,0,0,87,24,0,2,0,16,12,0,0,0,1,1,91,62,10,12,18,1,0,0
0,1,0,0,0,9,131,0,0,0,0,0,0,0,0,2,0,1,1,6,1,9,0,0,2,0,2,0,2,0,0,6,0,0,3,1,0,1,0,0,0,0,0,1,6,0,0,0,1,0,0,0,0,0,2,1,0,0,0,1,1
4,6,11,6,1,49,9,1587,10,0,0,0,0,1,0,1,37,5,4,8,1,0,395,2,0,0,1,1,0,3,30,66,5,0,0,0,3,1,0,0,2,4,4,0,3,0,2,200,0,1,1,0,0,19,19,32,1,6,0,0,0
68,55,75,6,22,7,0,3,1435,0,0,0,0,0,0,0,10,0,1,0,0,0,6,38,0,0,0,0,0,0,1,4,2,0,0,0,0,0,0,0,0,6,34,0,0,0,1,3,0,0,0,0,0,6,0,0,0,0,0,0,0
0,0,0,0,0,0,0,1,1,161,1,0,6,0,11,0,0,2,0,0,0,1,1,0,0,1,0,0,2,0,0,0,0,0,0,0,0,2,0,0,0,0,0,24,1,0,2,1,0,0,1,0,0,1,0,0,0,0,2,1,0
0,0,0,0,0,0,0,0,0,1,968,0,1,55,11,8,0,1,0,2,0,11,0,0,0,2,29,2,0,0,0,0,0,0,0,6,2,10,3,1,1,0,0,0,13,170,1,2,0,0,1,17,1,0,1,0,39,10,0,0,0
0,0,0,0,0,0,0,0,0,0,0,471,4,0,0,0,0,0,0,0,0,0,0,0,0,0,0,0,0,0,0,0,0,49,1,0,0,0,0,0,0,0,0,0,0,0,0,0,13,24,20,0,1,0,0,0,0,0,0,2,5
0,0,2,0,1,2,2,1,0,8,0,8,525,1,33,2,1,0,0,0,0,0,0,0,8,23,0,1,15,3,1,3,0,39,9,1,1,1,2,0,0,1,0,11,8,0,1,0,5,0,109,1,5,0,0,0,0,1,10,5,3
0,0,0,0,0,1,1,2,0,2,169,6,8,2023,40,99,0,0,0,2,0,29,0,0,16,3,158,9,2,5,0,0,0,5,1,44,5,7,44,5,3,0,0,0,25,55,7,0,1,2,2,413,26,0,0,1,43,4,6,6,11
0,2,2,0,0,12,3,0,0,30,24,1,38,24,980,42,2,1,0,8,1,2,0,2,10,6,7,3,4,1,8,7,1,0,1,3,16,12,9,1,22,0,0,19,7,8,5,0,2,0,17,9,56,0,2,1,61,1,3,9,0
0,0,0,0,0,1,1,5,1,0,2,0,7,36,21,1072,0,1,1,2,0,0,2,1,0,0,4,0,1,14,2,12,7,0,0,2,8,6,18,3,89,0,0,0,0,0,2,3,1,0,0,1,2,0,3,7,11,1,9,0,1
13,335,186,3,87,61,0,42,70,0,0,0,1,0,0,0,1289,3,0,1,1,0,123,112,0,0,0,0,0,2,220,131,11,0,0,0,1,0,1,0,1,98,18,0,0,0,5,6,0,0,0,0,0,20,8,14,0,0,7,0,0
4,0,5,15,3,13,0,0,0,0,0,0,0,0,0,0,0,561,0,0,1,0,0,0,0,0,0,0,0,0,0,1,0,0,0,0,52,0,0,1,0,22,7,0,0,0,2,1,0,0,0,0,0,4,3,0,1,15,0,0,0
0,0,0,0,0,3,1,0,0,0,0,0,0,0,0,0,0,0,66,3,0,0,0,0,0,0,0,0,0,0,0,0,1,0,0,0,0,6,2,0,0,0,0,0,1,0,0,0,0,0,0,0,0,0,0,0,0,0,0,0,0
0,1,1,0,0,14,7,0,0,0,0,0,1,1,3,0,0,1,8,410,5,2,0,0,0,0,0,0,0,0,1,7,1,0,0,0,1,11,26,9,6,1,0,0,1,0,3,3,0,0,0,0,0,1,3,2,2,1,1,0,0
0,0,0,0,0,0,0,0,0,0,0,0,0,0,0,0,0,0,0,0,23,0,0,0,0,0,0,0,0,0,0,0,0,0,0,0,0,0,0,6,0,0,0,0,0,0,0,0,0,0,0,0,0,0,1,0,0,0,0,0,0
0,0,0,0,0,1,5,2,0,0,4,0,0,2,5,0,0,1,5,14,0,756,0,0,17,1,1,3,8,0,0,1,2,1,1,8,1,4,0,2,0,0,0,1,22,19,8,0,0,0,5,30,17,0,1,0,9,7,1,1,0
7,16,8,2,3,4,0,390,3,0,0,0,0,0,0,0,40,2,0,0,0,0,913,5,0,0,0,0,0,0,22,9,2,0,0,0,1,0,0,0,0,3,2,0,0,0,0,76,0,0,0,0,0,11,5,10,0,1,2,0,0
0,29,2,0,0,0,0,3,51,0,0,0,0,0,0,0,38,0,0,1,2,0,3,1282,0,0,0,0,0,1,63,39,137,0,0,0,0,0,0,0,0,1,15,0,0,0,1,0,0,0,0,0,0,5,1,36,0,0,2,0,0
0,0,0,0,0,0,1,0,0,1,0,1,1,0,16,0,0,0,0,0,0,4,0,0,1466,0,0,5,2,0,0,0,0,0,3,1,0,0,0,0,0,0,0,16,2,11,2,0,3,4,7,2,108,0,0,0,29,0,0,1,3
1,0,0,0,0,0,0,1,0,5,0,0,34,0,8,0,0,1,0,2,1,1,1,0,2,689,4,0,3,2,0,2,0,5,74,0,3,0,1,0,0,1,1,2,0,0,2,3,1,0,4,0,1,0,0,0,0,1,3,1,0
0,0,0,0,0,0,0,1,0,0,55,0,3,82,11,20,0,0,0,6,1,3,1,0,0,9,1087,2,1,4,0,0,0,0,1,165,0,3,3,13,4,0,0,0,7,17,10,0,0,0,0,30,0,0,1,2,11,0,7,0,0
0,0,0,0,0,0,0,0,0,0,19,0,0,7,1,0,0,0,0,3,0,0,0,0,0,0,1,6168,1,0,0,0,0,0,0,0,0,1,1,0,0,0,0,1,711,2,2,0,0,0,0,10,0,0,0,0,0,0,0,0,0
0,0,1,0,1,1,3,1,1,0,0,1,0,0,7,2,0,1,1,1,1,10,1,0,4,5,0,3,528,40,1,1,1,0,17,0,0,0,0,0,0,0,0,19,4,0,9,0,0,2,16,0,0,1,4,0,1,1,4,5,1
3,6,0,1,2,1,0,5,1,0,1,0,1,0,0,2,12,2,1,1,0,0,2,2,0,0,0,0,35,689,7,6,7,0,3,0,6,2,3,0,2,1,4,2,0,0,6,1,0,0,1,0,0,0,0,2,3,1,17,0,0
0,55,50,1,7,107,1,59,28,0,0,0,0,0,0,0,367,6,2,10,0,0,55,245,0,0,0,0,0,2,1456,571,283,0,1,0,2,0,0,2,1,67,12,0,0,0,2,8,0,0,0,0,0,86,24,190,0,0,60,1,0
2,47,99,0,8,526,130,125,74,0,1,0,1,2,2,5,227,5,11,159,18,1,40,197,2,1,1,0,2,13,587,2627,514,0,3,6,16,4,27,43,6,29,12,0,3,0,22,23,0,0,0,0,0,132,67,280,9,0,31,8,2
0,3,0,0,0,1,2,11,9,0,0,0,0,0,0,0,11,2,3,18,7,0,1,266,0,0,0,1,0,4,139,184,4132,0,0,0,2,0,3,5,0,0,5,0,1,0,6,2,0,0,0,0,0,4,12,204,0,1,170,0,0
0,0,0,0,0,0,1,1,0,0,0,81,39,0,0,1,0,0,0,0,0,1,0,0,1,0,0,0,0,1,0,0,0,699,2,0,0,0,0,0,0,0,0,0,0,0,0,0,8,17,17,0,0,0,1,0,0,0,5,10,16
0,0,0,0,0,1,7,1,0,9,0,15,46,0,17,0,0,1,2,4,0,5,0,0,9,284,0,3,29,0,3,0,0,9,2356,6,2,3,0,0,0,0,0,35,10,0,15,0,34,5,81,2,2,0,1,0,0,2,2,2,0
0,0,0,0,0,0,2,0,0,0,12,0,1,29,4,2,0,0,0,1,0,144,0,0,8,11,239,4,9,5,0,0,0,0,7,3208,0,1,0,2,0,0,0,0,40,168,10,0,0,1,0,303,24,0,0,0,6,0,1,1,1
46,2,42,77,36,35,0,1,103,1,3,0,0,2,26,26,7,275,2,6,0,2,5,20,0,0,0,0,1,7,12,14,29,0,0,0,2717,34,21,7,34,116,110,0,0,2,10,29,0,0,0,3,1,67,77,2,19,194,15,0,0
0,2,0,0,0,6,0,2,0,16,41,0,1,6,19,7,1,3,29,36,2,2,1,4,1,0,6,5,0,4,3,11,3,0,0,0,21,2019,322,47,25,3,4,0,7,14,5,11,0,0,1,5,0,2,6,1,45,18,2,0,0
0,0,3,4,4,11,4,5,1,4,23,0,3,69,39,70,0,5,27,147,8,6,0,4,0,2,29,1,1,11,7,11,3,0,0,3,39,463,2988,428,342,3,1,0,12,6,30,5,1,1,0,35,4,2,13,8,64,14,9,3,3
0,0,0,0,0,0,0,1,0,0,7,0,0,4,0,3,0,0,2,9,1,1,0,0,0,0,19,0,0,3,0,2,2,0,0,5,2,15,87,773,6,0,0,0,3,0,4,0,0,0,0,2,1,0,3,2,2,4,4,0,0
0,0,2,0,0,3,0,3,2,0,0,0,0,0,2,28,0,0,2,2,0,0,0,5,0,0,0,0,1,2,1,3,1,0,0,0,5,12,26,6,382,2,4,0,0,0,2,0,0,0,0,0,0,0,2,1,4,0,3,0,0
28,12,100,72,63,45,0,4,12,0,0,0,0,0,0,0,18,136,1,0,0,0,5,1,0,0,0,0,0,0,4,2,1,0,0,0,22,0,0,0,0,1013,30,0,0,0,1,4,0,0,0,0,0,13,40,4,0,4,0,0,0
0,0,2,12,0,1,0,0,20,0,0,0,0,0,0,0,0,1,0,0,0,0,1,1,0,0,0,0,0,0,0,1,0,0,0,0,3,0,0,0,0,2,447,0,0,0,0,1,0,0,0,0,0,2,1,0,0,1,0,0,0
1,1,1,0,0,3,0,0,0,99,0,2,11,0,28,0,1,2,0,0,0,1,0,0,10,19,0,1,18,0,0,1,0,1,31,0,3,0,0,0,0,0,0,1223,2,1,4,0,2,3,20,0,3,0,1,0,0,0,0,0,0
0,0,0,0,0,1,1,1,0,0,14,0,0,5,1,0,0,0,0,3,0,29,0,0,6,0,2,101,11,2,0,0,0,0,2,9,0,2,4,1,0,0,0,0,431,14,40,0,0,0,0,19,3,0,0,0,4,5,2,1,0
0,0,0,0,0,0,1,0,0,2,75,0,4,13,1,0,0,0,0,0,0,10,0,0,14,0,10,6,0,0,0,0,0,0,0,36,0,1,2,1,0,0,0,3,22,1559,6,0,0,0,1,151,15,0,0,0,13,0,0,0,0
21,46,20,39,21,30,1,17,29,12,11,0,4,10,15,26,26,21,4,17,4,6,8,36,2,9,16,1,27,49,40,45,43,0,27,19,33,24,27,10,9,19,50,6,45,10,1364,7,0,0,4,52,0,8,14,14,12,47,72,0,0
71,18,30,25,16,24,2,279,43,0,1,0,0,2,4,10,26,9,7,5,0,0,435,25,0,2,0,0,0,1,19,34,49,0,0,4,22,14,9,1,7,21,34,0,0,0,12,3283,0,0,0,1,0,12,17,26,30,40,0,0,0
0,0,0,0,0,0,1,0,0,0,0,41,1,0,2,0,0,0,0,0,0,2,0,0,60,0,0,0,0,1,0,0,0,19,1,0,0,0,0,0,0,0,0,0,0,0,0,0,4463,152,39,1,73,0,0,0,0,0,0,674,24
0,0,0,0,0,0,1,0,0,0,0,73,2,0,0,0,0,0,0,0,0,0,0,0,4,0,0,0,1,0,0,0,0,11,0,0,0,0,0,0,0,0,0,0,1,0,0,0,58,1521,4,1,0,0,0,0,0,0,0,7,29
0,0,0,1,1,2,11,0,0,10,0,97,261,1,67,1,1,0,0,1,0,12,0,0,15,27,0,6,13,2,2,1,1,66,43,0,0,0,0,0,0,1,0,50,5,0,11,0,31,7,1840,0,21,0,0,0,0,0,1,15,1
0,0,0,0,0,0,2,0,0,0,66,32,11,330,31,64,0,0,1,10,0,61,0,0,38,4,109,20,1,1,0,0,0,13,6,348,2,14,36,4,2,0,0,0,121,343,55,3,13,3,12,2510,98,0,0,0,23,4,4,21,7
0,0,0,0,0,0,0,0,0,1,1,1,6,0,40,1,0,0,0,0,0,1,0,0,57,0,0,0,2,0,0,0,0,0,0,3,0,0,0,0,0,0,0,6,2,13,0,0,9,0,17,6,368,0,0,0,7,0,0,10,0
4,1,20,13,2,33,1,10,5,0,0,0,0,0,0,0,9,16,1,1,1,0,4,7,0,0,0,0,0,0,32,28,2,0,0,0,2,0,0,0,0,9,9,0,0,0,0,0,0,0,0,0,0,163,7,15,0,2,0,0,0
1,1,3,2,0,8,1,3,0,0,0,0,0,0,0,0,2,14,3,4,0,0,1,0,0,0,0,0,0,0,4,4,0,0,0,1,1,0,0,0,0,12,7,0,0,0,1,0,0,0,0,0,0,10,307,21,0,15,0,0,0
0,3,3,0,0,3,3,24,1,0,0,0,0,0,0,0,8,0,0,8,3,0,10,22,0,0,0,0,0,1,53,77,89,0,0,0,0,3,2,1,1,3,1,0,0,0,0,5,0,0,0,0,0,13,105,960,2,1,10,0,0
0,0,2,0,0,1,0,2,0,17,55,0,2,17,51,32,0,1,1,1,0,10,1,0,88,0,2,0,3,6,0,3,0,1,1,0,16,21,5,1,20,0,0,2,1,13,2,23,2,0,0,4,56,0,2,1,993,13,2,3,1
6,0,2,46,0,16,2,3,5,1,6,0,0,0,1,0,2,26,7,8,0,2,3,5,0,0,0,0,0,1,1,5,5,0,0,0,114,8,2,3,0,5,59,0,0,0,2,34,0,0,0,0,0,22,54,2,9,1742,0,0,0
0,1,3,0,2,1,0,23,0,0,0,0,0,0,0,3,11,0,1,1,0,0,9,4,0,0,1,0,2,6,25,8,75,5,0,0,2,0,1,1,0,1,0,0,0,0,4,1,0,0,0,0,0,5,5,34,0,0,994,0,0
0,0,0,0,0,1,4,0,0,0,0,10,3,1,18,6,0,0,0,0,0,2,0,0,15,1,0,1,1,2,0,1,0,14,1,0,0,0,0,0,0,0,0,2,1,0,0,0,453,32,13,3,50,0,0,0,8,0,0,2149,57
0,0,0,0,0,0,0,0,0,0,0,1,0,0,0,0,0,0,0,0,0,0,0,0,0,0,0,0,0,0,0,0,0,3,0,0,0,0,0,0,0,0,0,0,0,0,0,0,0,9,0,0,0,0,0,0,0,0,0,4,93
