0.6446,0.72468,0.41877,0.6548,0.3946,0.50676,0.36508,0.58259,0.62549,0.42188,0.62,0.55156,0.52236,0.74017,0.65596,0.7,0.49827,0.40968,0.32536,0.42014,0.29268,0.6655,0.41651,0.53833,0.78137,0.62218,0.62406,0.9707,0.71409,0.76281,0.50656,0.62987,0.76433,0.73909,0.90991,0.82546,0.85764,0.74459,0.81205,0.5707,0.39009,0.57095,0.44236,0.86229,0.45959,0.64007,0.80371,0.86965,0.87517,0.85706,0.82451,0.70031,0.40395,0.20221,0.34664,0.50516,0.67738,0.78581,0.6744,0.72293,0.37008
0.68441
1402,42,137,286,135,6,0,20,131,0,0,0,0,0,0,0,8,6,0,0,0,0,69,0,0,0,0,0,0,0,1,0,0,0,0,0,2,0,0,0,0,44,8,0,0,0,0,6,0,0,0,0,0,5,0,0,0,0,0,0,0
32,2082,77,3,143,3,0,1,117,0,0,0,0,0,0,0,319,0,0,3,0,0,6,76,0,0,0,0,0,1,69,22,10,0,0,0,1,0,1,0,0,13,1,0,0,0,0,0,0,0,0,0,0,1,1,5,0,0,0,0,0
75,67,848,51,77,161,0,9,84,0,0,0,0,0,0,0,77,31,0,0,0,0,13,3,0,0,0,0,0,0,20,32,1,0,0,0,1,1,0,0,0,84,13,0,0,0,0,4,0,0,0,0,0,42,6,2,0,1,0,0,0
336,0,50,1343,30,6,0,8,42,0,0,0,0,0,0,0,0,48,0,0,0,0,25,0,0,0,0,0,0,0,0,0,0,0,0,0,13,0,0,0,0,99,103,0,0,0,1,11,0,0,0,0,0,15,8,0,0,33,0,0,0
30,23,20,3,453,1,0,1,4,0,0,0,0,0,0,0,6,0,0,0,0,0,1,1,0,0,0,0,0,0,1,0,0,0,0,0,2,0,0,0,0,13,0,0,0,0,0,0,0,0,0,0,0,0,0,0,0,0,0,0,0
22,17,231,32,23,1237,32,49,24,0,3,0,0,0,0,0,39,174,21,40,0,0,15,5,0,0,0,0,0,1,18,189,4,0,0,0,45,7,5,1,0,90,24,0,2,0,15,12,0,0,0,1,1,97,66,9,11,15,2,0,0
0,1,0,0,0,8,138,0,0,0,1,0,0,1,0,0,0,0,0,5,0,11,0,0,2,0,1,1,1,1,0,8,0,0,3,1,0,0,0,0,0,0,0,1,2,0,0,0,1,0,0,0,0,0,1,1,0,0,0,1,1
3,8,10,8,1,52,10,1573,11,0,0,0,0,0,0,2,36,5,4,9,0,0,397,4,0,0,1,1,0,1,31,63,5,0,0,0,3,1,1,0,0,6,4,0,3,0,3,205,0,0,1,0,0,19,15,36,2,6,0,0,1
72,54,70,7,20,6,0,5,1438,0,0,0,0,0,0,0,12,0,1,0,0,0,9,35,0,0,0,0,0,0,1,7,2,0,0,0,0,0,0,0,0,7,29,0,0,0,1,1,0,0,0,0,0,6,0,0,0,0,0,0,0
0,0,0,0,0,1,0,1,1,162,1,0,8,0,12,0,0,2,0,0,0,0,1,0,0,1,0,0,1,0,1,0,0,0,0,0,0,2,0,0,0,0,0,21,1,0,1,1,1,0,0,0,0,0,0,0,0,0,2,2,0
0,0,0,0,0,0,0,0,0,2,961,0,0,58,14,7,0,1,1,4,0,11,0,0,0,1,23,3,0,0,0,0,0,0,0,6,2,7,2,1,1,0,0,0,15,166,1,3,0,0,1,29,1,0,1,0,36,11,0,0,0
0,0,0,0,0,0,0,0,0,0,0,476,4,0,0,0,0,0,0,0,0,0,0,0,0,0,0,0,0,0,0,0,0,45,1,0,0,0,0,0,0,0,0,0,0,0,0,0,14,24,20,0,1,0,0,0,0,0,0,2,3
0,0,1,0,0,3,1,0,0,7,0,13,514,0,32,3,0,0,0,2,0,1,1,0,13,22,0,3,13,3,1,5,1,44,10,1,0,1,0,0,0,2,0,9,6,0,2,0,5,0,111,2,5,0,0,0,0,1,9,3,3
0,0,0,0,0,0,0,2,0,2,172,7,5,2051,32,105,0,0,0,6,0,25,0,0,15,3,165,7,2,6,0,0,0,5,0,40,3,7,41,5,2,0,0,0,30,60,7,0,0,2,2,386,24,1,0,1,38,4,5,10,13
0,2,1,0,0,13,2,0,0,30,25,1,41,25,980,37,1,0,0,7,1,3,0,3,12,9,6,4,5,2,12,6,1,1,2,2,13,13,6,1,30,0,0,16,7,8,6,0,3,0,14,8,51,0,3,1,58,2,3,8,0
0,0,1,0,0,0,1,5,0,0,1,0,7,37,22,1050,0,1,0,1,1,0,2,1,0,0,4,0,1,16,4,13,5,0,0,2,6,12,19,2,97,0,0,0,0,0,7,2,0,0,0,3,3,0,3,7,12,1,9,0,2
11,336,190,2,86,60,1,43,74,0,0,0,0,0,0,0,1296,5,0,2,0,0,122,106,0,0,0,0,0,2,226,126,9,0,0,0,1,1,1,0,1,91,17,0,0,0,5,6,0,0,0,0,0,21,9,14,0,0,6,0,0
6,0,5,15,2,14,0,1,0,0,0,0,0,0,0,0,0,567,0,0,1,0,0,0,0,0,0,0,0,0,0,1,0,0,0,0,46,0,1,0,0,18,7,0,0,0,2,1,0,0,0,0,0,4,4,0,1,15,0,0,0
0,0,0,0,0,3,0,0,0,0,0,0,0,0,0,0,0,0,68,2,0,0,0,0,0,0,0,0,0,0,0,1,1,0,0,0,0,4,3,0,0,0,0,0,1,0,0,0,0,0,0,0,0,0,0,0,0,0,0,0,0
0,2,0,0,0,11,7,0,0,0,0,0,1,1,2,0,0,1,6,413,3,1,0,0,0,0,0,0,0,0,3,10,1,0,0,0,0,14,26,10,4,1,0,0,1,0,3,3,0,0,0,0,1,0,3,2,2,2,0,0,0
0,0,0,0,0,0,0,0,0,0,0,0,0,0,0,0,0,0,0,1,21,0,0,0,0,0,0,0,0,0,0,0,0,0,0,0,0,0,0,7,0,0,0,0,0,0,0,0,0,0,0,0,0,0,1,0,0,0,0,0,0
0,0,0,0,0,1,6,2,0,0,5,0,0,4,4,0,0,1,6,12,0,762,0,0,14,3,1,4,8,0,1,0,1,0,0,7,0,3,0,2,0,0,0,2,24,16,8,0,0,0,5,31,14,0,1,0,9,7,1,1,0
7,11,11,1,6,6,0,389,4,0,0,0,0,0,0,0,46,2,0,0,0,0,913,4,0,0,0,0,0,0,13,13,2,0,0,0,1,0,0,0,0,3,3,0,0,0,0,76,0,0,0,0,0,8,4,11,0,1,2,0,0
0,27,2,0,0,0,0,3,52,0,0,0,0,0,0,0,41,0,0,1,2,0,3,1285,0,0,0,0,0,1,68,34,129,0,0,0,0,0,0,0,0,1,17,0,0,0,1,0,0,0,0,0,0,2,2,40,0,0,1,0,0
0,0,0,0,0,0,1,0,0,1,0,1,1,1,17,0,0,0,0,0,0,5,0,0,1476,0,0,3,2,0,0,0,0,1,3,0,0,0,0,0,0,0,0,15,2,9,2,0,3,4,6,4,103,0,0,0,29,0,0,0,0
1,0,0,0,0,0,1,1,0,6,0,0,32,0,6,0,0,2,0,2,0,1,2,0,1,690,4,0,3,3,0,2,0,3,72,0,2,1,0,0,0,0,2,1,0,0,2,4,1,0,7,0,1,0,0,0,0,1,4,2,0
0,0,0,0,0,0,0,1,0,0,46,0,1,91,10,19,0,0,1,4,2,6,1,0,0,10,1079,2,2,3,0,0,0,0,1,170,0,3,8,10,4,0,0,0,7,19,6,0,0,0,0,27,0,0,1,3,15,0,8,0,0
0,0,0,0,0,0,0,0,0,0,15,0,0,7,1,0,0,0,0,3,0,0,0,0,0,0,1,6195,2,0,0,0,0,0,0,1,0,2,0,0,0,0,0,1,688,2,2,0,0,0,0,8,0,0,0,0,0,0,0,0,0
0,0,1,0,1,2,2,1,1,1,0,0,0,0,6,2,0,1,1,1,0,12,2,0,4,8,0,4,522,45,1,2,3,0,16,0,0,0,0,0,0,1,0,16,4,0,7,0,0,3,13,0,2,1,2,0,2,1,4,5,0
2,7,2,1,2,2,1,6,2,0,0,0,0,0,0,5,10,2,1,1,0,0,1,2,0,0,0,0,35,685,5,7,6,0,3,0,8,4,3,0,3,1,3,2,1,0,3,1,0,0,0,0,0,0,1,2,3,2,14,0,2
0,56,47,1,4,105,2,62,28,0,0,0,0,0,0,0,367,6,2,11,0,0,57,242,0,0,0,0,0,3,1468,559,290,0,0,0,3,0,0,1,1,64,10,0,0,0,4,5,0,0,0,0,0,99,26,178,0,0,59,0,1
3,40,93,0,12,522,135,116,70,0,1,0,2,1,2,5,217,8,8,152,24,1,43,210,1,0,1,0,2,14,591,2619,505,0,1,4,22,5,33,39,4,23,12,1,3,0,22,26,0,0,0,0,0,143,83,273,12,1,33,8,4
0,6,0,0,0,1,4,9,7,0,0,0,0,0,0,1,12,1,3,10,9,0,1,267,0,0,0,1,0,3,152,179,4148,0,0,0,4,0,3,4,0,0,5,0,3,0,5,2,0,0,0,0,0,3,13,183,0,0,170,0,0
0,0,0,0,0,0,0,0,0,0,0,78,27,0,0,2,0,0,0,0,0,1,0,0,1,1,0,0,0,1,0,0,0,711,2,0,0,0,0,0,0,0,0,0,0,0,0,0,12,14,18,0,1,0,0,0,0,0,6,11,15
0,0,0,0,0,1,4,0,0,6,0,12,43,0,18,0,0,4,3,3,0,4,1,0,12,296,0,4,35,1,2,0,0,14,2333,7,0,3,0,0,0,0,0,36,10,0,14,0,36,6,82,2,2,1,0,0,1,2,3,2,0
0,0,0,0,0,0,2,0,0,0,18,1,1,31,4,2,0,0,0,1,0,140,0,0,15,10,239,2,9,4,0,0,0,0,7,3197,0,0,1,2,0,0,0,0,47,179,12,0,1,2,0,293,17,0,0,0,4,0,1,1,1
47,3,44,74,42,36,0,3,100,2,5,0,0,1,24,24,5,285,5,7,0,2,6,20,0,1,0,1,0,7,6,11,27,0,0,0,2693,35,21,7,35,121,108,0,1,2,12,28,0,0,0,1,1,70,67,7,18,203,18,2,0
0,2,1,0,1,5,0,3,0,16,43,0,0,6,20,5,0,1,29,39,3,3,1,5,2,1,2,5,0,4,4,13,4,0,0,0,20,1997,329,55,26,5,3,1,7,12,4,8,0,0,0,2,0,4,5,2,48,20,3,0,0
0,0,6,4,1,10,3,7,1,4,22,0,1,77,41,59,1,4,27,175,7,12,0,4,2,4,29,2,2,12,7,10,1,0,0,4,41,441,3020,408,340,4,1,0,16,6,21,4,1,1,0,32,2,2,9,8,60,12,9,2,0
0,0,0,0,0,0,0,0,0,0,5,0,0,3,0,2,0,0,4,8,1,0,0,0,0,0,22,0,0,2,0,3,3,0,0,5,2,19,78,779,6,0,0,0,5,1,3,0,0,0,0,2,1,0,2,2,3,3,3,0,0
0,0,2,0,0,3,0,2,2,0,0,0,0,0,2,32,0,0,0,1,0,0,0,4,0,0,0,0,1,4,1,3,0,0,0,0,6,10,30,6,378,1,4,0,0,0,2,0,0,0,0,0,0,0,4,0,5,1,2,0,0
23,13,89,78,63,44,0,4,13,0,0,0,0,0,0,0,19,137,0,0,0,0,4,2,0,0,0,0,0,0,3,2,1,0,0,0,18,0,0,1,0,1022,33,0,0,0,0,4,0,0,0,0,0,19,35,3,0,5,0,0,0
0,1,0,10,0,1,0,0,18,0,0,0,0,0,0,0,0,1,0,0,0,0,1,1,0,0,0,0,0,0,0,0,0,0,0,0,5,0,0,0,0,7,449,0,0,0,0,1,0,0,0,0,0,1,0,0,0,0,0,0,0
0,0,1,0,0,2,1,0,0,98,0,2,11,0,25,0,1,1,0,0,0,0,0,0,9,23,0,2,21,0,1,0,0,3,30,0,3,0,0,0,0,0,0,1221,2,1,6,1,3,2,20,0,2,0,0,0,0,0,1,0,0
0,0,0,0,0,0,1,1,0,0,11,0,0,5,1,0,0,0,0,4,0,31,0,0,6,0,4,101,13,3,0,1,0,0,2,11,0,3,1,1,0,0,0,0,427,15,40,0,0,0,1,19,3,0,0,0,3,4,2,0,0
0,0,0,0,0,0,0,0,0,3,72,0,4,14,3,0,0,0,0,0,0,15,0,0,12,0,13,8,0,0,0,0,0,0,0,41,0,2,2,1,0,0,0,2,19,1556,7,0,0,0,0,145,14,0,0,0,13,0,0,0,0
23,45,22,44,25,31,2,15,23,12,15,0,5,13,14,24,27,19,2,13,3,5,10,40,2,6,14,2,26,52,44,44,45,0,29,12,32,19,27,13,8,16,52,11,48,12,1343,6,0,0,6,54,0,7,13,10,14,50,80,0,0
69,21,31,25,18,24,1,294,43,0,1,0,0,2,0,12,25,9,7,2,0,0,453,27,0,1,0,0,0,1,19,34,47,0,0,4,25,21,7,1,9,18,26,0,0,0,8,3249,0,0,0,1,0,23,12,25,35,40,0,0,0
0,0,0,0,0,0,1,0,0,0,0,43,3,0,2,0,0,0,0,0,0,2,0,0,60,0,0,1,0,1,0,0,0,24,1,0,0,0,0,0,0,0,0,0,0,0,0,0,4438,146,36,1,68,0,0,0,0,0,0,702,25
0,0,0,0,0,0,1,0,0,0,0,78,0,0,0,0,0,0,0,0,0,0,0,0,4,0,0,0,1,0,0,0,0,11,0,0,0,0,0,0,0,0,0,0,0,0,0,0,59,1517,4,0,1,0,0,0,0,0,0,8,29
0,0,1,0,1,1,6,0,0,12,0,97,254,1,65,1,1,0,0,1,0,11,1,0,14,16,0,6,15,2,0,1,1,64,43,0,0,0,0,0,0,1,0,50,2,0,10,0,29,5,1870,0,23,0,0,0,0,0,1,17,2
0,0,0,0,0,0,0,0,0,0,73,41,5,325,31,59,0,0,0,11,0,63,0,0,39,2,117,19,1,1,0,0,0,14,4,355,2,13,39,4,2,0,0,0,111,343,64,3,5,4,20,2484,111,0,0,0,24,3,4,21,6
0,0,0,0,0,0,0,0,0,2,1,2,7,0,40,0,0,0,0,0,0,1,0,0,55,0,0,0,2,0,0,0,0,0,0,2,0,0,0,0,0,0,0,5,2,10,0,0,11,0,17,8,368,0,0,0,4,0,0,14,0
4,2,18,13,0,31,1,10,4,0,0,0,0,0,0,0,13,22,0,1,0,0,3,6,0,0,0,0,0,0,26,32,1,0,0,0,0,0,0,0,0,11,8,0,0,0,0,0,0,0,0,0,0,165,7,16,0,3,0,0,0
1,1,3,3,0,7,1,2,0,0,0,0,0,0,0,0,2,14,3,4,0,0,2,0,0,0,0,0,0,0,3,5,0,0,0,1,4,0,0,0,0,13,7,0,0,0,0,0,0,0,0,0,0,11,304,22,0,13,0,0,0
0,3,4,0,0,5,4,22,0,0,0,0,0,0,0,0,10,1,1,11,3,0,11,25,0,0,0,0,0,1,68,79,94,0,0,0,0,2,2,0,0,3,1,0,0,0,0,6,0,0,0,0,0,12,105,930,1,1,10,0,0
0,0,2,0,0,1,0,1,0,17,48,0,3,15,50,34,0,1,0,1,0,10,1,0,99,0,2,0,3,6,0,3,0,0,1,0,13,18,6,1,16,0,0,3,0,14,5,23,2,0,0,3,42,0,2,2,1012,13,2,3,0
6,0,3,47,0,11,2,3,5,1,5,0,0,0,0,0,1,21,4,8,1,3,4,5,0,0,0,0,0,1,3,7,3,0,0,0,96,11,2,2,1,5,65,0,0,0,2,34,0,0,0,0,0,33,52,2,10,1750,0,0,0
0,1,1,0,2,2,0,25,0,0,0,0,1,0,0,3,9,0,1,1,0,0,10,4,0,0,1,0,2,3,24,11,76,5,0,0,2,0,1,1,1,2,0,0,0,0,1,0,0,0,0,0,0,1,6,44,0,0,988,0,0
0,0,0,0,0,2,4,0,0,0,0,10,3,1,14,5,0,0,0,0,0,3,0,0,19,1,0,1,1,2,0,1,0,15,0,0,0,0,0,0,0,0,0,2,0,0,1,0,446,31,14,1,48,0,0,0,9,0,0,2163,52
0,0,0,0,0,0,0,0,0,0,0,1,0,0,0,0,0,0,0,0,0,0,0,0,0,0,0,0,0,0,0,0,0,2,0,0,0,0,0,0,0,0,0,0,0,0,0,0,0,9,0,0,0,0,0,0,0,0,0,4,94
