0.64681,0.73219,0.41429,0.65346,0.39168,0.50166,0.36053,0.58091,0.61751,0.43883,0.62829,0.54798,0.52347,0.73813,0.64554,0.70696,0.50212,0.4194,0.35533,0.42798,0.2973,0.67405,0.42461,0.53872,0.79225,0.63297,0.62717,0.96986,0.73883,0.76438,0.51697,0.63582,0.76035,0.72899,0.9092,0.82498,0.85327,0.74132,0.81132,0.56576,0.41309,0.56839,0.44666,0.86068,0.46562,0.64392,0.8067,0.867,0.87166,0.84964,0.82361,0.69941,0.38912,0.20408,0.35763,0.49555,0.67562,0.78623,0.67627,0.72709,0.39184
0.68557
1401,36,136,289,135,7,0,23,131,0,0,0,0,0,0,0,6,9,0,0,0,0,71,0,0,0,0,0,0,0,1,0,0,0,0,0,1,0,0,0,0,42,8,0,0,0,0,7,0,0,0,0,0,5,0,0,0,0,0,0,0
36,2086,66,1,150,5,0,0,118,0,0,0,0,0,0,0,309,0,0,3,0,0,6,75,0,0,0,0,0,1,69,28,12,0,0,0,2,0,1,0,0,10,1,0,0,0,1,1,0,0,0,0,0,0,1,5,0,0,0,0,0
83,67,841,54,76,160,0,10,86,0,0,0,0,0,0,0,89,26,0,0,0,0,10,4,0,0,0,0,0,0,14,28,1,0,0,0,3,0,0,0,0,88,11,0,0,0,0,8,0,0,0,0,0,36,5,2,0,1,0,0,0
326,1,43,1369,29,7,0,8,46,0,0,0,0,0,0,0,0,50,0,0,0,0,25,0,0,0,0,0,0,0,0,0,0,0,0,0,10,0,0,0,0,89,104,0,0,0,1,11,0,0,0,0,0,13,7,0,0,32,0,0,0
32,23,18,3,452,1,0,0,4,0,0,0,0,0,0,0,4,1,0,0,0,0,2,1,0,0,0,0,0,0,0,0,0,0,0,0,2,0,0,0,0,14,0,0,0,0,1,0,0,0,0,0,0,0,0,1,0,0,0,0,0
16,17,237,42,23,1206,43,53,30,0,3,0,0,0,0,1,42,161,32,34,1,0,17,3,0,0,0,0,0,2,19,181,6,0,0,0,46,9,7,0,0,91,26,0,3,0,17,9,0,0,0,1,1,94,68,11,10,16,1,0,0
0,0,0,0,0,5,137,0,0,0,0,0,0,0,0,2,1,0,0,2,1,11,0,0,1,0,1,1,1,1,0,10,0,0,3,1,0,0,0,0,0,0,0,1,3,0,0,0,0,0,0,0,1,0,2,2,1,0,0,2,1
3,7,11,7,1,49,10,1576,10,0,0,0,0,1,0,1,35,2,6,9,1,0,398,2,0,0,1,1,0,1,24,64,6,0,0,0,3,1,1,0,1,8,5,0,1,0,3,203,0,0,1,0,0,24,16,40,0,7,0,0,1
64,54,69,9,28,7,0,5,1432,0,0,0,0,0,0,0,13,0,1,0,0,0,6,37,0,0,0,0,0,0,1,5,2,0,0,0,0,0,0,0,0,4,32,0,0,0,1,4,0,0,0,0,0,9,0,0,0,0,0,0,0
0,0,0,0,0,0,0,1,0,165,1,0,5,0,14,0,0,2,0,0,0,1,1,0,0,2,0,0,2,0,1,1,0,0,0,0,0,1,0,0,0,0,0,18,1,0,0,1,0,0,1,0,0,0,0,0,1,1,2,1,0
0,0,0,0,0,0,0,0,0,1,955,0,2,65,14,7,0,1,1,2,0,12,0,0,0,1,30,3,0,0,0,0,0,0,0,7,2,9,1,1,1,0,0,0,15,157,1,4,0,0,1,26,1,0,1,0,38,10,0,0,0
0,0,0,0,0,0,0,0,0,0,0,474,2,0,0,0,0,0,0,0,0,0,0,0,0,0,0,0,0,0,0,0,0,52,1,0,0,0,0,0,0,0,0,0,0,0,0,0,11,22,20,0,1,0,0,0,0,0,0,3,4
0,0,2,0,0,4,2,0,0,4,0,10,513,0,34,4,0,0,0,1,0,0,1,0,11,25,0,2,12,4,1,5,1,45,9,1,1,2,1,0,0,1,0,11,6,0,2,0,5,0,112,1,5,0,0,0,0,1,7,4,3
0,0,0,0,0,0,1,2,0,1,168,5,10,2052,44,96,0,0,1,5,1,24,0,0,15,2,154,11,1,7,0,0,0,8,1,41,4,8,36,5,4,0,0,0,19,62,7,0,1,3,1,398,22,1,0,0,44,4,5,7,10
0,1,1,0,0,8,2,0,1,23,22,1,37,20,998,38,0,1,0,7,1,2,0,3,10,4,7,3,5,3,10,5,1,0,1,2,15,11,6,1,28,0,0,20,8,6,9,0,3,0,20,7,58,0,2,1,59,2,4,8,0
0,1,1,0,0,2,0,6,1,0,0,0,7,38,23,1076,0,1,0,2,0,0,1,0,0,1,4,0,1,11,4,11,4,0,0,2,8,12,18,2,74,0,0,0,0,0,5,4,0,0,0,1,3,0,1,11,9,1,12,1,1
10,323,201,2,83,62,0,44,71,0,0,0,1,0,0,0,1305,2,0,3,0,0,106,112,0,0,0,0,0,2,222,128,12,0,0,0,2,1,2,0,1,91,19,0,0,0,6,7,0,0,0,0,0,21,9,16,0,0,6,0,0
4,0,4,11,3,16,0,0,0,0,0,0,0,0,0,0,0,562,0,0,1,0,1,0,0,0,0,0,0,0,0,1,0,0,0,0,47,0,0,1,0,27,7,0,0,0,3,1,0,0,0,0,0,3,3,0,0,16,0,0,0
0,0,0,0,0,4,0,0,0,0,0,0,0,0,0,0,0,0,70,1,0,0,0,0,0,0,0,1,0,0,0,1,1,0,0,0,0,3,2,0,0,0,0,0,0,0,0,0,0,0,0,0,0,0,0,0,0,0,0,0,0
0,1,0,0,0,11,5,1,0,0,0,0,1,1,1,0,0,1,5,416,2,2,0,0,0,0,0,0,0,0,1,10,2,0,0,0,1,12,30,10,2,0,0,0,2,0,2,3,0,0,0,0,1,0,3,2,2,3,1,0,0
0,0,0,0,0,0,0,0,0,0,0,0,0,0,0,0,0,0,0,0,22,0,0,0,0,0,0,0,0,0,0,0,0,0,0,0,0,0,0,7,0,0,0,0,0,0,0,0,0,0,0,0,0,0,1,0,0,0,0,0,0
0,0,0,0,0,1,6,2,0,0,4,0,0,4,6,0,0,3,3,12,0,761,0,0,13,1,1,3,8,0,0,0,2,1,1,8,1,3,1,2,0,0,0,1,23,17,8,1,0,0,5,27,18,0,0,0,10,6,1,2,0
9,11,10,1,2,5,0,388,5,0,0,0,0,0,0,0,41,1,0,0,0,0,918,5,0,0,0,0,0,0,15,10,1,0,0,0,1,0,0,0,0,3,2,0,0,0,0,79,0,0,0,0,0,10,5,11,0,2,2,0,0
0,26,2,0,0,0,0,3,55,0,0,0,0,0,0,0,39,0,0,1,1,0,2,1287,0,0,0,0,0,0,68,34,128,0,0,0,1,0,0,0,0,1,16,0,0,0,1,0,0,0,0,0,0,3,2,40,0,0,2,0,0
0,0,0,0,0,0,1,0,0,1,0,1,0,1,14,1,0,0,0,0,0,5,0,0,1472,0,0,1,1,0,0,0,0,2,3,3,0,0,0,0,0,0,0,15,4,11,1,0,5,3,7,4,108,0,0,0,24,0,0,0,1
0,0,0,0,0,0,0,0,0,6,0,0,33,0,8,0,1,1,0,3,0,2,2,0,1,695,5,0,3,2,0,2,0,4,67,0,2,1,0,0,0,1,1,1,1,0,1,3,1,0,7,0,0,0,0,1,0,1,3,1,0
0,0,0,0,0,0,0,0,0,0,44,0,2,99,11,18,0,0,0,6,1,5,1,0,0,8,1085,2,1,4,0,0,0,0,2,165,0,3,5,9,5,0,0,0,6,17,6,0,0,0,0,27,1,0,2,3,14,0,8,0,0
0,0,0,0,0,0,0,0,0,0,10,0,0,8,1,0,0,0,0,3,0,0,0,0,0,0,1,6178,1,0,0,0,0,0,0,1,0,1,0,0,0,0,0,1,711,2,2,0,0,0,0,8,0,0,0,0,0,0,0,0,0
0,0,0,0,1,1,2,0,1,1,0,0,0,0,6,2,0,1,1,1,0,8,2,0,4,7,0,3,529,44,1,3,2,0,18,0,0,0,0,0,0,0,0,18,7,0,9,0,0,2,12,0,1,0,3,0,0,1,3,6,0
2,3,2,1,3,0,2,5,2,0,0,0,0,0,0,4,13,1,0,0,0,0,0,1,0,0,0,1,32,691,5,4,7,1,3,0,7,6,3,0,2,3,4,2,1,0,2,1,0,0,0,0,0,0,1,2,4,2,18,0,0
0,57,48,3,6,104,1,57,26,0,0,0,0,0,0,0,360,5,3,9,1,0,57,238,0,0,0,0,0,2,1462,571,288,0,0,0,3,0,0,1,1,63,13,0,0,0,4,5,0,0,0,0,0,97,30,185,0,0,60,0,1
1,45,102,1,8,515,128,123,70,0,1,0,1,1,1,6,217,4,6,161,19,1,39,207,1,0,1,0,2,15,567,2659,513,0,2,5,19,5,32,36,3,31,8,1,3,1,21,28,0,0,1,0,0,139,62,288,11,1,28,7,3
0,7,0,1,0,1,3,9,9,0,0,0,0,0,0,0,9,2,4,15,7,0,1,273,0,0,0,1,0,7,134,180,4134,0,0,0,5,0,4,5,0,0,5,0,1,0,4,2,0,0,0,0,0,4,15,195,0,0,172,0,0
0,0,0,0,0,0,0,1,0,0,0,87,30,0,1,2,0,0,0,0,0,1,0,0,1,0,0,0,0,1,0,0,0,694,2,0,0,0,0,0,0,0,0,0,0,0,0,0,16,20,17,0,0,0,0,0,0,0,4,9,15
0,0,0,1,0,1,3,1,0,8,0,15,36,0,17,0,0,3,2,4,0,4,0,0,9,292,0,5,32,0,2,0,0,10,2353,8,0,2,0,0,0,0,1,34,12,0,13,0,38,5,81,1,3,0,0,0,0,2,2,2,1
0,0,0,0,0,0,1,0,0,0,13,0,1,32,4,1,0,0,0,1,0,140,0,0,16,10,241,6,7,5,0,0,0,0,8,3210,0,1,1,2,0,0,0,0,42,171,13,0,0,1,0,291,17,0,0,0,4,0,1,1,3
46,3,40,78,39,33,0,3,110,1,4,0,0,1,21,26,5,265,3,4,0,2,5,23,0,0,1,0,0,6,7,12,32,0,0,0,2710,34,24,10,32,122,106,0,2,2,8,28,0,0,0,3,1,71,75,5,17,202,15,1,0
2,0,0,0,1,5,1,3,0,16,45,0,0,9,22,9,1,2,21,34,1,3,1,4,1,0,4,6,0,4,5,10,3,0,0,0,22,2006,323,52,26,3,4,0,6,11,6,8,0,0,1,4,1,1,7,4,53,16,2,0,0
0,1,4,3,2,10,2,8,1,6,31,0,3,69,47,67,1,3,18,163,5,8,2,4,2,2,27,2,3,12,5,12,2,0,0,4,39,457,3010,419,324,3,2,0,15,4,18,4,1,1,0,42,3,2,9,8,64,11,10,2,2
0,0,0,0,0,0,0,1,0,0,5,0,0,2,1,3,0,0,1,7,1,0,0,0,0,0,23,0,0,1,0,3,2,0,0,5,3,18,87,770,5,0,0,0,6,0,3,0,0,0,0,4,1,0,4,3,1,3,4,0,0
1,0,3,0,0,2,0,4,1,0,0,0,0,0,2,27,0,0,1,1,0,0,1,6,0,0,0,0,0,2,0,1,1,0,0,0,4,13,28,4,385,2,4,0,0,0,3,0,0,0,0,0,0,0,4,0,5,0,1,0,0
26,14,97,81,63,42,0,4,11,0,0,0,0,0,0,0,16,137,0,0,0,0,4,1,0,0,0,0,0,0,5,2,1,0,0,0,20,0,0,0,0,1014,30,0,0,0,1,3,0,0,0,0,0,17,37,5,0,4,0,0,0
0,0,2,10,0,1,0,0,19,0,0,0,0,0,0,0,0,1,0,0,0,0,1,1,0,0,0,0,0,0,0,0,0,0,0,0,4,0,0,0,0,5,448,0,0,0,0,1,0,0,0,0,0,1,1,0,0,1,0,0,0
0,1,2,0,0,2,1,0,0,104,0,3,14,0,28,0,1,1,0,0,0,0,0,0,10,15,0,1,21,0,0,1,0,2,29,0,3,0,0,0,0,0,0,1217,2,1,4,0,3,2,21,0,4,0,0,0,0,0,0,0,0
0,0,0,0,0,1,1,1,0,0,8,0,0,6,2,0,0,0,0,5,0,28,0,0,7,0,3,102,10,4,0,0,0,0,2,11,0,2,2,1,0,0,0,0,433,15,38,0,0,0,0,18,3,0,0,0,3,6,2,0,0
0,0,0,0,0,0,0,0,0,2,69,0,4,21,1,0,0,0,0,0,0,13,0,0,11,0,11,7,0,0,0,0,0,1,0,42,0,3,1,1,0,0,0,2,23,1557,9,0,0,0,0,142,13,0,0,0,13,0,0,0,0
24,42,24,38,25,34,4,16,25,9,11,0,6,10,17,20,26,23,1,18,3,5,9,35,2,6,19,3,27,53,39,38,47,0,30,15,36,19,31,14,8,22,42,11,43,11,1348,8,0,0,4,54,0,6,12,15,13,49,79,0,0
68,18,31,27,19,21,2,288,44,0,1,0,0,3,1,11,27,7,8,3,0,0,444,25,0,1,0,0,0,2,17,34,50,0,0,5,24,18,8,1,11,17,29,0,0,0,8,3266,0,0,0,1,0,17,15,27,33,38,0,0,0
0,0,0,0,0,0,0,0,0,0,0,45,1,0,0,0,0,0,0,0,0,3,0,0,56,0,0,1,0,1,0,0,0,20,1,0,0,0,0,0,0,0,0,0,0,0,0,0,4442,156,37,1,83,0,0,0,0,0,0,690,17
0,0,0,0,0,0,1,0,0,0,0,79,2,0,0,0,0,0,0,0,0,0,0,0,4,0,0,0,1,0,0,0,0,8,0,0,0,0,0,0,0,0,0,0,0,0,0,0,61,1520,4,0,1,0,0,0,0,0,0,6,26
0,0,2,0,1,1,7,0,0,9,0,101,245,0,72,1,0,0,0,1,0,12,1,0,12,22,0,6,8,2,1,0,1,69,45,0,0,0,0,0,0,1,0,51,6,0,11,0,29,6,1863,1,23,0,0,0,0,0,1,13,1
0,0,0,0,0,0,0,0,0,0,70,31,12,322,30,55,0,0,0,16,0,56,0,0,38,2,107,19,0,1,0,0,0,10,4,350,1,17,34,4,2,0,0,0,120,347,62,3,13,4,15,2506,110,0,0,0,24,6,5,21,6
0,0,0,0,0,0,0,0,0,2,1,3,6,0,36,1,0,0,0,0,0,2,0,0,53,0,0,0,2,0,0,0,0,1,1,4,0,0,0,0,0,0,0,7,2,12,0,0,9,0,17,7,372,0,0,0,3,0,0,10,0
5,1,20,14,1,30,1,11,4,0,0,0,0,0,0,0,11,20,0,0,0,0,4,6,0,0,0,0,0,0,30,30,2,0,0,0,2,0,0,0,0,10,8,0,0,0,0,2,0,0,0,0,0,160,8,16,0,1,0,0,0
1,0,3,2,0,7,0,3,0,0,0,0,0,0,0,0,3,14,2,4,0,0,0,0,0,0,0,0,0,0,3,6,0,0,0,0,2,0,0,0,0,9,6,0,0,0,1,1,0,0,0,1,0,9,314,21,0,14,0,0,0
0,3,4,0,0,5,6,22,0,0,0,0,0,0,0,0,12,0,0,6,4,0,10,25,0,0,0,0,0,1,64,77,90,0,0,0,0,2,1,0,0,2,1,0,0,0,3,5,0,0,0,0,0,14,98,947,3,1,9,0,0
0,0,1,0,0,1,0,1,0,16,48,0,1,15,57,33,1,2,0,1,0,12,1,0,91,1,3,0,2,5,1,3,0,2,1,1,13,16,8,0,17,0,0,2,0,14,1,24,2,0,0,4,49,0,0,2,1006,14,2,4,0
6,0,2,47,0,22,2,4,6,1,5,0,0,0,0,0,1,25,6,7,1,3,3,6,0,0,0,0,0,0,2,4,5,0,0,0,105,10,1,2,0,5,60,0,0,0,2,32,0,0,0,0,0,27,49,2,9,1747,0,0,0
0,0,1,0,3,2,0,26,0,0,0,0,2,0,0,3,10,0,1,1,0,0,9,5,0,0,1,0,3,5,28,8,78,3,0,0,2,0,1,1,0,2,0,0,0,0,1,0,0,0,0,0,0,0,6,40,0,0,986,0,1
0,0,0,0,0,3,5,0,0,0,1,9,3,0,12,7,0,0,0,0,0,3,0,0,17,1,0,1,1,2,0,0,0,18,1,0,0,0,0,0,0,0,0,1,0,0,0,0,456,35,14,3,51,0,0,0,11,0,0,2142,52
0,0,0,0,0,0,0,0,0,0,0,1,0,0,0,0,0,0,0,0,0,0,0,0,0,0,0,0,0,0,0,0,0,1,0,0,0,0,0,0,0,0,0,0,0,0,0,0,0,9,0,0,0,0,0,0,0,0,0,3,96
