0.54822,0.55906,0.33867,0.48921,0.22828,0.47456,0.41889,0.50163,0.45776,0.29288,0.45285,0.35632,0.37307,0.63557,0.56481,0.6009,0.34564,0.33287,0.22468,0.32939,0.22695,0.56566,0.2959,0.3724,0.69077,0.54586,0.432,0.94215,0.59259,0.60694,0.37995,0.59037,0.69972,0.5671,0.84986,0.70678,0.79949,0.66172,0.75276,0.41057,0.35767,0.41808,0.27755,0.71593,0.54641,0.44593,0.77543,0.746,0.81141,0.76011,0.67773,0.53944,0.29857,0.18611,0.22471,0.33977,0.52378,0.60594,0.46878,0.62157,0.29745
0.56044
1188,44,71,391,267,3,0,20,168,0,0,0,0,0,0,0,11,5,0,0,0,0,55,0,0,0,0,0,0,0,0,1,0,0,0,0,0,0,0,0,0,40,27,0,0,0,0,13,0,0,0,0,0,1,3,0,0,0,0,0,0
55,1737,46,7,295,4,0,7,229,0,0,0,0,0,0,0,367,0,1,2,0,0,7,149,0,0,0,0,0,5,36,6,9,0,1,0,0,0,0,0,0,5,3,0,1,0,1,1,0,0,0,0,0,0,0,13,0,0,0,0,0
109,90,550,80,135,147,1,10,146,0,0,0,0,0,0,0,141,13,0,0,0,0,16,7,0,0,0,0,0,0,15,28,1,0,0,0,5,0,0,0,0,84,63,0,0,0,0,12,0,0,0,0,0,33,10,5,0,2,0,0,0
264,0,24,1292,55,3,0,5,45,0,0,0,0,0,0,0,5,40,0,0,0,0,21,0,0,0,0,0,0,0,0,0,0,0,0,0,15,0,0,0,0,108,124,0,0,0,0,15,0,0,0,0,0,4,24,0,0,127,0,0,0
53,28,17,13,402,1,0,2,11,0,0,0,0,0,0,0,8,1,0,0,0,0,3,1,0,0,0,0,0,0,0,0,0,0,0,0,2,0,0,0,0,12,2,0,0,0,0,2,0,0,0,0,0,0,0,1,0,0,0,0,0
33,32,226,84,33,886,66,51,62,1,1,0,0,0,0,1,79,159,31,24,6,0,25,9,0,2,0,1,2,3,21,200,6,0,2,0,37,2,8,2,2,128,53,0,1,0,5,16,0,0,0,1,0,118,104,15,15,26,0,0,0
0,1,0,0,0,5,109,0,0,0,4,0,0,0,0,0,0,1,1,10,2,15,0,0,2,1,2,4,2,0,0,9,1,2,1,1,0,0,0,0,0,0,0,1,0,0,0,0,1,1,5,0,0,1,1,0,3,0,2,2,1
11,33,9,11,13,46,13,1077,20,0,0,0,0,0,0,1,54,3,6,6,0,0,593,6,1,0,1,2,0,1,73,102,6,0,0,0,1,2,2,2,0,7,15,0,0,0,2,304,0,1,0,0,0,24,23,54,5,11,0,0,0
115,111,54,27,71,1,0,3,1257,0,0,0,0,0,0,0,9,1,0,0,1,0,6,62,0,0,0,0,0,0,0,5,1,0,0,0,0,1,1,0,0,0,48,0,0,0,0,4,0,0,0,0,0,5,0,0,0,0,0,0,0
0,0,0,0,0,0,0,0,1,162,2,0,8,0,9,0,1,3,0,0,0,0,1,0,0,2,0,1,2,0,2,0,0,1,0,0,0,2,0,0,0,0,0,14,1,0,0,2,0,1,2,0,0,1,0,0,0,3,0,2,0
0,0,0,0,0,0,0,0,0,0,898,0,0,75,4,8,0,0,1,3,0,22,0,0,1,0,48,6,1,0,0,0,0,0,0,6,4,24,5,4,1,1,0,0,4,166,1,2,0,0,0,34,2,0,0,0,36,12,0,0,0
0,0,0,0,0,0,0,0,0,0,0,403,4,0,0,0,0,0,0,0,0,0,0,0,0,0,0,0,0,0,0,0,0,61,2,0,0,0,0,0,0,0,0,0,0,0,0,0,33,58,20,0,1,0,0,0,0,0,0,5,3
0,1,0,0,0,5,3,2,0,42,0,18,363,2,51,7,1,0,0,1,0,0,0,1,17,29,1,0,16,4,2,8,0,45,17,0,0,1,0,0,0,0,0,25,9,1,3,0,4,0,156,1,2,0,0,0,2,1,5,5,2
0,0,0,1,0,0,0,2,0,0,300,8,1,1758,14,84,0,2,1,8,0,17,0,0,14,1,341,12,1,4,0,1,0,6,0,77,5,27,51,9,7,0,0,0,22,144,6,0,3,8,0,240,24,0,0,0,67,3,4,6,12
0,1,0,0,0,5,1,1,0,66,59,0,51,56,597,50,0,0,0,6,0,5,0,4,47,6,14,2,5,8,7,6,3,4,2,6,5,32,8,2,69,0,2,45,8,32,1,0,3,0,53,20,80,2,8,3,78,3,6,13,0
0,0,1,0,2,0,0,12,4,0,10,0,0,52,15,798,0,1,0,1,0,1,5,4,0,1,19,0,1,36,3,2,7,0,0,2,8,10,13,6,219,1,5,0,0,0,6,17,0,2,0,2,2,0,3,36,24,2,18,3,6
12,489,166,11,144,47,1,38,147,0,0,0,0,0,0,0,927,2,1,3,1,0,172,216,0,0,0,0,2,6,220,59,12,0,1,0,1,2,0,0,0,58,39,0,0,0,2,5,0,0,0,0,0,14,9,44,0,0,19,0,0
5,0,4,34,9,16,0,0,1,0,0,0,0,0,0,0,0,476,0,0,0,1,0,0,0,0,0,0,0,1,0,2,1,0,0,0,53,0,0,2,0,39,9,0,0,0,0,4,0,0,0,0,0,10,9,0,0,35,0,0,0
0,0,0,0,0,3,0,0,0,0,0,0,0,0,1,0,0,0,46,13,0,0,0,0,0,0,0,1,0,0,0,1,1,0,0,1,0,6,2,1,2,1,0,0,0,0,0,0,0,0,0,0,0,0,2,1,0,1,0,0,0
0,0,1,0,0,13,10,1,2,0,1,0,1,4,0,1,1,1,20,334,10,3,2,0,1,0,0,2,0,0,1,16,4,0,0,1,2,12,37,10,5,0,3,0,5,1,2,2,0,0,0,1,0,1,8,10,2,2,1,0,0
0,0,0,0,0,0,0,0,0,0,0,0,0,0,0,0,0,0,0,3,21,0,0,0,0,0,0,0,0,0,0,1,0,0,0,0,0,1,0,3,0,0,0,0,0,0,0,0,0,0,0,0,0,0,1,0,0,0,0,0,0
0,0,0,0,0,0,10,1,0,0,14,2,0,10,1,0,0,2,2,30,1,715,0,0,17,0,6,11,11,0,0,0,0,0,0,9,0,0,1,4,0,0,0,2,22,25,9,0,1,0,8,24,14,0,0,0,9,3,2,0,0
27,42,9,5,6,7,0,333,16,0,0,0,0,0,0,0,67,0,0,0,0,0,770,13,0,0,0,0,0,1,33,10,0,0,0,0,3,0,0,0,0,8,2,0,0,0,0,141,0,0,0,0,0,8,3,31,0,0,2,0,0
0,75,2,0,5,1,0,2,49,0,0,0,0,0,0,0,45,1,0,2,3,0,7,1255,0,0,0,0,0,0,68,22,100,0,0,0,0,0,0,1,0,0,19,0,1,0,0,0,0,0,0,0,0,2,0,51,0,0,1,0,0
0,0,0,0,0,0,1,0,0,3,1,4,2,0,5,0,0,0,0,0,0,5,0,0,1452,0,0,6,1,0,0,0,0,0,2,3,0,0,0,0,0,0,0,10,4,15,2,0,8,6,16,4,108,0,0,0,29,0,0,1,1
0,0,0,0,0,0,1,4,0,18,0,1,61,1,2,3,1,0,0,2,1,0,1,1,2,607,6,0,4,1,0,3,0,11,82,0,2,1,0,0,0,0,5,13,0,0,3,0,2,0,11,2,1,0,1,0,0,1,4,0,1
0,0,0,0,0,0,0,2,0,1,95,0,2,103,2,26,0,0,0,6,0,12,2,0,2,5,991,2,2,3,1,0,0,0,0,120,0,9,21,27,3,0,0,0,3,24,4,1,0,0,0,62,0,0,1,1,12,4,10,0,1
0,0,0,0,0,0,0,0,0,0,28,0,0,3,2,0,0,0,1,0,0,4,0,0,0,0,1,6075,3,0,0,0,0,0,0,0,0,0,0,0,0,0,0,0,783,20,3,0,0,0,0,5,0,0,0,0,0,0,0,0,0
0,0,0,0,0,1,3,1,0,2,0,8,7,0,8,3,1,0,0,3,0,18,0,0,8,13,0,6,400,55,0,1,1,2,25,0,0,1,0,0,0,0,0,47,6,0,9,2,6,11,30,0,1,0,2,0,2,1,6,9,1
0,10,0,2,3,0,1,7,4,0,0,0,1,0,2,15,9,1,1,2,0,1,4,3,0,2,1,0,41,630,0,4,8,0,0,0,6,3,4,1,8,1,9,2,0,0,0,2,0,0,3,0,0,0,3,2,6,3,30,1,5
0,97,61,3,16,84,4,49,53,0,0,0,0,0,0,0,365,7,3,9,11,0,61,423,0,0,0,0,1,11,970,454,294,0,0,0,4,0,0,1,1,37,40,0,0,0,0,10,0,0,0,0,0,93,38,369,0,0,191,0,1
6,113,90,6,6,372,204,99,143,0,1,0,4,0,1,5,349,8,11,132,32,0,100,338,1,0,6,3,5,31,641,1973,514,1,4,2,10,3,14,32,3,22,71,0,0,0,7,27,1,2,1,0,0,134,89,443,12,0,74,2,2
0,9,0,0,0,2,4,5,10,0,0,0,0,0,0,1,5,9,2,24,9,0,15,624,0,0,1,0,2,21,196,166,3246,0,0,0,4,0,5,7,0,0,23,0,1,0,0,5,0,0,0,0,0,4,20,321,0,1,467,0,0
0,0,0,0,0,0,1,0,0,1,1,160,35,0,1,4,0,0,0,0,0,1,0,0,0,3,0,0,0,1,0,0,0,562,1,0,0,0,0,0,0,0,0,0,0,0,0,0,17,33,23,0,0,0,0,0,0,0,2,21,34
0,2,0,1,1,0,3,1,0,19,0,74,99,0,16,0,0,3,1,6,0,17,0,1,18,363,1,4,47,1,3,3,0,43,1851,5,0,2,0,0,0,1,2,95,7,1,15,1,18,5,254,1,5,1,0,0,2,5,2,3,0
0,0,0,0,0,0,0,0,0,0,47,2,1,55,6,2,0,0,0,1,1,260,0,0,5,4,385,7,10,1,0,0,0,1,5,2461,0,0,2,3,0,0,0,1,54,376,19,0,1,3,2,509,8,0,0,0,11,0,1,0,0
74,1,86,262,62,54,0,2,120,3,1,0,0,3,21,27,4,476,5,6,2,1,5,31,0,2,2,0,1,12,10,9,45,0,0,0,1563,42,15,13,72,230,222,1,1,0,3,37,0,0,0,0,2,87,97,4,21,490,10,1,0
0,1,1,3,1,2,5,0,0,15,55,0,0,16,38,25,1,1,58,83,4,0,1,8,0,1,9,7,2,23,5,5,8,0,0,1,12,1471,365,151,169,8,6,0,6,1,3,14,0,0,0,0,0,3,25,4,85,58,9,0,0
0,2,5,5,0,17,9,5,3,5,55,0,5,82,30,87,5,9,71,202,11,1,1,6,0,1,58,5,0,19,10,16,6,0,0,5,19,428,2247,686,578,9,4,0,12,3,15,4,2,2,0,16,4,2,15,29,110,36,19,3,0
0,1,0,1,0,1,0,1,1,0,4,0,0,0,0,4,0,0,5,11,3,0,0,1,0,0,46,0,0,7,1,4,2,0,0,1,4,26,81,707,15,1,0,0,3,0,0,1,0,0,0,1,0,0,5,8,4,9,8,0,0
1,2,2,0,1,0,0,1,2,0,0,0,0,1,1,25,1,0,1,3,0,0,4,3,0,0,1,0,0,6,0,0,1,0,0,0,2,7,21,11,382,2,8,0,0,0,0,3,0,0,0,0,0,0,3,6,3,2,0,0,0
53,24,91,184,151,36,0,5,28,0,0,0,0,0,0,0,56,116,0,0,0,0,7,1,0,0,0,0,0,0,4,0,0,0,0,0,28,0,0,1,0,666,45,0,0,0,0,4,0,0,0,0,0,24,90,6,0,15,0,0,0
3,1,0,26,5,0,0,2,24,0,0,0,0,0,0,0,1,0,0,0,0,0,3,8,0,0,0,0,0,0,0,0,0,0,0,0,2,0,0,0,0,6,408,0,0,0,0,0,0,0,0,0,0,1,1,0,0,5,0,0,0
0,1,0,0,0,4,1,1,1,181,0,8,26,0,31,0,0,2,0,0,0,1,0,1,19,28,0,5,36,1,0,3,0,3,72,0,1,0,0,0,0,0,0,993,0,2,3,0,1,1,65,0,2,0,0,0,0,0,0,0,0
0,0,0,0,0,0,5,1,0,0,18,1,2,3,2,1,0,0,0,9,0,42,0,0,4,1,3,201,11,3,0,0,0,0,0,23,0,2,1,1,0,0,0,1,269,43,27,0,0,0,0,29,2,0,0,0,2,5,2,0,0
0,0,0,0,0,0,0,0,0,0,124,1,2,29,1,1,0,0,0,1,0,16,0,0,3,0,44,21,1,1,0,0,0,0,0,108,0,6,2,0,0,0,0,1,18,1402,12,0,0,0,1,124,12,0,0,0,15,0,0,0,0
32,70,24,35,44,21,8,12,36,44,18,1,29,14,24,23,53,25,5,17,9,8,22,51,0,7,37,6,41,101,42,46,47,0,38,41,50,28,30,16,15,44,75,10,33,19,808,36,0,0,2,59,4,2,25,31,22,77,111,0,1
118,68,50,57,26,18,2,339,139,3,0,0,0,3,5,8,75,4,17,5,1,0,822,55,0,5,2,1,0,1,29,18,107,0,0,0,25,13,3,3,12,44,71,1,0,0,4,2194,0,0,0,0,0,12,45,40,84,140,1,0,0
0,0,0,0,0,0,1,0,0,0,0,70,4,0,0,0,0,0,0,0,0,0,0,0,141,0,0,3,0,0,0,0,0,35,2,0,0,0,0,0,0,0,0,0,0,0,0,0,3984,211,47,0,79,0,0,0,0,0,0,937,40
0,0,0,0,0,0,1,0,0,0,0,122,1,0,0,0,0,0,0,0,0,0,0,0,4,0,0,0,0,0,0,0,0,15,0,0,0,0,0,0,0,0,0,0,0,0,0,0,114,1391,1,0,1,0,0,0,0,0,0,15,48
0,1,0,0,0,1,6,0,0,28,1,167,241,0,69,1,0,0,0,0,0,9,0,0,25,22,1,4,20,0,1,7,1,130,68,1,0,0,0,0,0,0,0,112,5,0,13,0,40,7,1573,0,22,0,0,0,0,0,1,47,1
0,0,0,0,0,0,0,0,0,0,154,66,3,461,14,48,0,0,1,14,0,69,0,0,31,2,253,45,0,0,0,0,0,28,1,598,0,22,35,5,4,0,0,0,147,789,50,0,26,14,11,1361,80,0,0,1,46,6,4,26,8
0,0,0,0,0,0,0,0,0,4,1,3,6,2,23,0,0,0,0,0,0,1,0,0,129,1,0,2,2,0,0,0,0,3,0,5,0,0,0,0,0,0,0,7,4,46,0,0,16,1,24,15,229,0,0,0,10,0,0,17,0
3,4,20,24,1,31,2,7,13,0,0,0,0,0,0,0,15,20,0,2,0,0,4,8,0,0,0,0,0,0,41,45,2,0,0,1,2,0,0,0,0,7,13,0,0,0,0,1,0,0,0,0,0,87,23,19,0,2,0,0,0
0,2,4,8,5,6,1,5,2,0,0,0,0,0,0,0,4,14,9,1,1,0,4,2,0,0,0,0,0,0,0,5,0,0,0,0,11,1,0,0,0,15,6,0,0,0,1,2,0,0,0,0,0,10,251,27,0,29,0,0,0
0,12,1,0,0,4,5,14,2,0,0,0,0,0,0,0,13,0,4,12,3,0,16,55,0,0,2,1,0,0,73,86,115,0,0,1,1,0,1,1,0,4,0,0,0,0,0,4,0,0,0,0,0,11,106,844,1,1,22,0,0
0,1,0,3,0,0,0,1,0,17,83,0,3,28,37,58,1,2,1,0,0,11,2,0,109,0,8,0,2,13,0,2,0,1,1,3,12,25,9,6,42,1,0,3,2,33,0,29,5,1,0,8,43,0,6,9,826,21,2,4,4
5,1,9,65,1,17,1,2,6,1,7,0,0,1,8,0,1,22,10,16,5,4,3,10,0,0,0,0,0,3,5,7,3,0,0,0,53,10,0,3,3,3,48,3,1,1,3,23,0,0,0,0,0,25,48,1,14,1756,1,0,0
0,0,0,0,1,0,1,14,1,1,0,0,6,2,0,3,6,0,0,1,3,0,18,13,0,1,3,0,0,17,40,5,87,8,0,0,3,1,1,1,2,0,0,0,0,0,0,1,0,0,1,0,0,0,15,55,0,0,916,0,2
0,0,0,0,0,3,2,0,0,1,0,12,5,2,16,6,0,0,0,0,0,4,0,0,49,2,1,2,0,6,0,1,0,27,0,0,0,0,0,0,1,0,0,0,0,0,0,0,620,53,12,4,39,0,0,0,19,0,1,1856,105
0,0,0,0,0,0,1,0,0,0,0,0,0,0,0,2,0,0,0,0,0,0,0,0,0,0,0,0,0,1,0,0,0,2,0,0,0,0,0,0,1,0,0,0,0,0,0,0,4,18,0,0,0,0,0,0,0,0,0,7,74
