0.64861,0.72724,0.42631,0.65742,0.40177,0.50513,0.35859,0.58664,0.62079,0.40399,0.61969,0.5549,0.54388,0.74365,0.64984,0.71278,0.4924,0.40969,0.32381,0.42931,0.31884,0.67232,0.42011,0.53556,0.79358,0.63899,0.6266,0.97079,0.72253,0.77394,0.50482,0.63115,0.75834,0.72888,0.90843,0.82685,0.85092,0.74071,0.82126,0.57791,0.39959,0.57289,0.43508,0.85835,0.46372,0.63937,0.7987,0.86926,0.87431,0.85042,0.82019,0.70008,0.38734,0.22071,0.34978,0.50292,0.67113,0.78466,0.6712,0.72823,0.375
0.68536
1401,33,137,294,138,7,0,19,136,0,0,0,0,0,0,0,5,7,0,0,0,0,70,0,0,0,0,0,0,0,1,0,0,0,0,0,1,0,0,0,0,38,8,0,0,0,0,9,0,0,0,0,0,4,0,0,0,0,0,0,0
34,2077,81,1,151,5,0,1,111,0,0,0,0,0,0,0,320,0,1,3,0,0,5,71,0,0,0,0,0,1,72,24,11,0,0,0,0,0,0,0,0,9,1,0,0,0,1,1,0,0,0,0,0,1,1,4,0,0,0,0,0
78,67,862,50,68,162,1,9,88,0,0,0,0,0,0,0,79,26,1,0,0,0,12,4,0,0,0,0,0,0,15,30,1,0,0,0,3,0,0,0,0,83,11,0,0,0,0,5,0,0,0,0,0,39,6,2,0,1,0,0,0
319,0,44,1374,25,6,0,7,45,0,0,0,0,0,0,0,0,47,0,0,0,0,23,0,0,0,0,0,0,0,0,0,0,0,0,0,12,0,0,0,0,94,106,0,0,0,1,13,0,0,0,0,0,11,9,0,0,35,0,0,0
27,22,20,3,454,1,0,0,4,0,0,0,0,0,0,0,6,1,0,0,0,0,2,1,0,0,0,0,0,0,1,0,0,0,0,0,2,0,0,0,0,15,0,0,0,0,0,0,0,0,0,0,0,0,0,0,0,0,0,0,0
17,16,222,40,20,1231,38,46,24,0,3,0,0,0,0,1,45,170,28,35,0,0,15,6,1,0,0,0,0,1,20,185,5,0,0,0,48,9,5,0,0,94,24,0,2,0,18,11,0,0,0,1,0,86,71,10,11,19,1,0,0
0,1,0,0,0,4,142,0,0,0,0,0,0,0,0,1,0,0,0,2,0,9,0,0,1,0,2,0,2,1,0,9,1,0,3,1,0,2,0,0,0,0,0,1,3,0,0,0,0,0,0,0,0,0,2,1,0,0,1,1,1
6,7,9,8,2,48,14,1581,11,0,0,0,0,1,0,2,36,4,7,8,0,0,399,2,0,0,1,1,1,1,30,59,4,0,0,0,3,1,1,0,1,7,6,0,2,0,4,197,0,1,1,0,0,21,14,32,2,6,0,0,0
65,55,70,7,24,8,0,5,1439,0,0,0,0,0,0,0,16,0,1,0,0,0,6,36,0,0,0,0,0,0,0,5,2,0,0,0,0,0,0,0,0,4,30,0,0,0,1,3,0,0,0,0,0,6,0,0,0,0,0,0,0
0,0,0,0,0,1,0,1,1,162,1,0,7,0,13,0,0,2,0,0,0,1,0,0,0,2,0,0,1,0,0,0,0,0,0,0,0,2,0,0,0,0,0,19,1,0,3,2,0,0,1,0,0,0,0,0,0,0,2,1,0
0,0,0,0,0,0,0,0,0,5,963,0,1,53,12,6,0,1,2,0,0,10,0,0,1,2,28,3,0,0,0,0,0,0,0,8,3,8,2,1,1,0,0,0,15,160,2,3,0,0,1,26,1,0,1,0,38,12,0,0,0
0,0,0,0,0,0,0,0,0,0,0,470,3,0,0,0,0,0,0,0,0,0,0,0,0,0,0,0,0,0,0,0,0,53,1,0,0,0,0,0,0,0,0,0,0,0,0,0,13,23,19,0,2,0,0,0,0,0,0,2,4
0,0,1,1,0,2,1,1,0,6,0,11,533,1,32,4,0,0,0,0,0,0,0,0,7,24,1,2,14,2,1,5,1,41,8,0,0,2,1,0,0,1,0,9,6,0,2,0,8,0,105,1,4,0,0,0,0,1,7,5,2
0,0,0,0,0,0,1,2,0,2,176,4,8,2019,45,100,0,0,0,2,0,25,0,0,14,3,158,7,3,2,0,0,0,7,1,35,3,7,41,5,3,0,0,0,26,65,8,0,1,4,1,408,27,1,0,1,51,4,5,8,8
0,2,1,0,0,10,1,0,0,31,24,1,33,23,991,36,0,0,0,8,1,3,0,4,8,4,6,3,5,1,10,6,1,0,1,2,14,14,4,2,28,0,0,19,7,8,5,0,2,0,21,10,55,0,3,1,59,1,5,11,0
0,0,0,0,0,1,1,5,0,0,1,0,6,31,21,1082,0,1,0,1,0,0,2,2,0,0,5,0,2,13,3,12,7,1,0,2,8,8,15,2,76,0,0,0,0,0,5,2,0,0,0,1,3,0,2,9,14,1,11,2,2
14,335,187,4,84,58,0,42,72,0,0,0,1,0,0,0,1296,2,0,3,0,0,114,110,0,0,0,0,0,1,225,134,10,0,0,0,1,0,1,0,1,95,19,0,0,0,5,8,0,0,0,0,0,18,8,15,0,0,7,0,0
4,0,6,14,3,15,0,0,0,0,0,0,0,0,0,0,0,558,0,0,1,0,1,0,0,0,0,0,0,0,0,1,0,0,0,0,51,0,0,1,0,23,7,0,0,0,2,1,0,0,0,0,0,4,4,0,0,15,0,0,0
0,0,0,0,0,3,0,0,0,0,0,0,0,0,0,0,0,0,68,1,0,0,0,0,0,0,0,0,0,0,0,1,1,0,0,0,0,6,1,0,0,1,0,0,1,0,0,0,0,0,0,0,0,0,0,0,0,0,0,0,0
0,1,0,0,0,11,5,0,0,0,0,0,1,1,2,0,0,3,8,416,4,1,1,0,0,0,0,0,0,1,0,12,1,0,0,0,1,10,25,8,4,1,0,0,1,1,2,2,0,0,0,0,0,0,4,2,2,2,1,0,0
0,0,0,0,0,0,0,0,0,0,0,0,0,0,0,0,0,0,0,1,22,0,0,0,0,0,0,0,0,0,0,0,0,0,0,0,0,0,0,6,0,0,0,0,0,0,0,0,0,0,0,0,0,0,1,0,0,0,0,0,0
0,0,0,0,0,1,7,2,0,0,7,0,0,2,7,0,0,2,4,14,0,753,0,0,14,1,0,5,9,0,0,0,2,1,1,7,0,4,3,3,0,0,0,1,23,13,8,1,1,0,4,30,20,0,2,0,7,6,1,0,0
6,13,10,1,3,5,0,391,4,0,0,0,0,0,0,0,41,1,0,0,0,0,915,4,0,0,0,0,0,0,20,8,1,0,0,0,1,0,0,0,0,2,3,0,0,0,0,76,0,0,0,0,0,10,6,12,0,2,2,0,0
0,27,2,0,0,0,0,3,53,0,0,0,0,0,0,0,40,1,0,1,2,0,2,1280,0,0,0,0,0,0,69,35,128,0,0,0,1,0,0,0,0,1,15,0,0,0,1,0,0,0,0,0,0,6,2,41,0,0,2,0,0
0,0,0,0,0,0,1,0,0,1,0,0,1,0,14,1,0,0,0,0,0,4,0,0,1484,0,0,2,1,0,0,0,0,2,3,2,0,0,0,0,0,0,0,16,4,7,0,0,3,2,7,4,99,0,0,0,28,0,0,1,2
0,0,0,0,0,0,0,1,0,7,0,0,32,0,4,0,1,1,0,2,0,1,1,0,2,685,4,0,3,3,0,2,0,3,80,0,2,1,0,0,0,1,2,1,0,0,3,4,1,0,6,0,1,0,0,0,0,1,4,1,0
0,0,0,0,0,0,0,1,0,1,48,0,2,90,10,12,0,0,0,7,1,4,1,0,0,9,1079,2,1,5,0,0,0,0,1,168,0,3,7,12,6,0,0,0,8,20,7,0,0,0,0,27,1,0,1,2,15,0,9,0,0
0,0,0,0,0,0,0,0,0,0,14,0,0,7,1,0,0,0,0,3,0,0,0,0,0,0,1,6181,2,0,0,0,0,0,0,0,0,1,0,0,0,0,0,1,703,3,2,0,0,0,0,9,0,0,0,0,0,0,0,0,0
0,0,1,1,1,1,1,1,1,1,0,0,0,0,7,2,0,0,1,2,0,8,2,0,6,6,0,3,526,47,1,3,2,0,15,0,1,0,0,0,0,0,0,18,4,0,6,0,1,2,14,0,1,1,5,0,0,1,3,4,0
3,3,0,1,1,1,1,6,2,0,1,0,0,0,0,4,12,1,1,2,0,0,0,2,0,0,0,1,34,695,6,6,9,0,3,0,7,4,1,0,2,1,4,2,1,0,3,1,0,0,0,0,0,0,1,2,3,1,13,0,0
0,52,54,2,6,107,3,56,23,0,0,0,0,0,0,0,382,5,3,10,0,0,57,253,0,0,0,0,0,2,1465,554,294,0,1,0,2,0,0,1,1,60,13,0,0,0,3,5,0,0,0,0,0,87,22,180,0,0,57,1,0
2,49,84,1,9,531,132,119,69,0,1,0,0,2,1,4,224,3,7,160,18,2,46,201,2,0,1,0,2,15,603,2618,514,0,2,6,18,5,30,36,5,27,7,0,3,0,26,26,0,0,0,1,0,130,67,285,10,1,35,7,3
0,6,0,0,0,1,3,8,9,0,0,0,0,0,0,1,10,2,4,12,6,0,1,277,0,0,0,1,0,6,146,186,4114,0,0,0,4,0,3,5,0,0,5,0,1,0,6,3,0,0,0,0,0,2,13,200,0,0,174,0,0
0,0,0,0,0,0,0,1,0,0,0,81,32,0,0,2,0,0,0,0,0,0,0,0,1,0,0,0,0,1,0,0,0,699,2,0,0,0,0,0,0,0,0,0,0,0,0,0,11,21,20,0,1,0,1,0,0,0,4,8,16
0,0,0,0,0,1,5,1,0,8,0,11,40,0,18,0,0,1,2,1,0,5,0,0,10,273,0,2,33,0,2,0,0,14,2361,7,0,3,0,0,0,0,0,39,12,0,14,0,35,3,89,1,4,0,1,0,1,2,1,3,0
0,0,0,0,0,0,1,0,0,0,16,0,0,35,4,1,0,0,0,1,0,141,0,0,12,8,239,3,8,8,0,0,0,0,9,3209,0,0,1,2,0,0,0,0,44,174,10,0,0,1,0,290,19,0,0,0,4,0,1,1,2
41,1,39,75,44,39,1,2,107,1,3,0,0,1,21,23,4,289,3,4,0,1,6,21,0,1,0,0,0,4,7,16,33,0,0,0,2694,35,21,6,44,121,117,0,2,2,14,27,0,0,0,1,2,58,70,3,17,197,19,1,0
0,0,0,0,0,6,0,2,0,15,42,0,0,7,18,8,2,3,24,49,1,3,1,5,1,1,4,4,0,2,7,10,2,0,0,0,22,1994,321,54,26,2,3,1,8,12,10,9,0,0,0,4,1,0,9,1,52,21,2,0,0
0,0,4,4,1,10,4,6,1,4,22,0,2,74,45,56,0,4,23,154,7,7,1,4,1,2,25,2,1,11,10,10,2,0,0,5,43,450,3028,405,344,4,2,1,17,5,29,5,1,1,0,38,1,2,11,9,59,11,9,2,0
0,0,0,0,0,0,0,0,0,0,5,0,0,2,0,4,0,0,3,5,1,0,0,0,0,0,24,0,0,2,0,3,3,0,0,5,2,17,72,790,6,0,0,0,2,0,3,0,0,0,0,3,1,0,3,3,1,4,3,0,0
0,0,1,0,0,2,0,3,2,0,0,0,0,0,1,28,0,0,3,1,0,0,0,5,0,0,0,0,0,1,1,1,1,0,0,0,5,15,25,6,390,1,3,0,0,0,1,1,0,0,0,0,0,0,3,0,3,0,3,0,0
31,12,98,78,61,46,0,4,12,0,0,0,0,0,0,0,17,138,0,0,0,0,3,1,0,0,0,0,0,0,4,2,1,0,0,0,23,0,0,0,0,1010,32,0,0,0,0,5,0,0,0,0,0,15,34,4,0,4,0,0,0
0,0,2,9,0,1,0,0,18,0,0,0,0,0,0,0,0,1,0,0,0,0,1,1,0,0,0,0,0,0,0,0,0,0,0,0,4,0,0,0,0,5,449,0,0,0,0,1,0,0,0,0,0,1,1,0,0,2,0,0,0
1,1,1,0,0,3,1,0,1,109,0,3,11,0,25,0,1,1,0,0,0,0,0,0,9,15,0,2,22,0,1,1,0,1,27,0,2,0,0,0,0,0,0,1218,3,1,6,0,3,3,19,0,1,0,0,0,1,0,0,0,0
0,0,0,0,0,1,2,1,0,0,10,0,0,6,2,0,0,0,1,7,0,27,0,0,8,0,3,105,12,2,0,0,0,0,1,13,0,1,2,1,0,0,0,0,425,17,37,0,0,0,0,18,3,0,0,0,4,4,1,0,0
0,0,0,0,0,0,0,0,0,2,76,0,3,16,2,0,0,0,0,0,0,15,0,0,10,1,10,8,0,0,0,0,0,0,0,41,0,3,1,1,0,0,0,3,19,1546,6,0,0,0,1,148,19,0,0,0,15,0,0,0,0
25,50,23,34,19,24,2,14,26,14,13,0,4,8,14,25,29,24,2,13,4,4,12,36,2,7,19,2,26,50,40,49,43,0,25,15,36,24,29,13,10,20,53,13,47,11,1349,4,0,0,4,45,0,8,11,13,13,47,82,0,0
74,21,30,26,13,23,1,293,50,0,1,0,0,2,2,9,28,7,9,1,0,0,446,26,0,2,0,0,0,1,19,30,47,0,0,4,18,17,5,1,7,16,30,0,0,0,9,3258,0,0,0,2,0,16,17,28,35,46,0,0,0
0,0,0,0,0,0,2,0,0,0,0,42,1,0,1,0,0,0,0,0,0,3,0,0,54,0,0,1,0,1,0,0,0,23,1,0,0,0,0,0,0,0,0,0,0,0,0,0,4459,155,38,1,78,0,0,0,0,0,0,675,19
0,0,0,0,0,0,1,0,0,0,0,76,2,0,0,0,0,0,0,0,0,0,0,0,4,0,0,0,1,0,0,0,0,12,0,0,0,0,0,0,0,0,0,0,0,0,0,0,61,1518,6,0,1,0,0,0,0,0,0,7,24
0,0,0,0,1,2,9,0,0,13,0,105,238,0,72,1,1,0,0,1,0,13,1,0,14,24,0,8,10,1,0,0,1,66,47,0,0,0,0,0,0,1,0,48,1,0,11,0,31,3,1861,1,20,0,0,0,0,0,1,17,2
0,0,0,0,0,0,4,0,0,1,69,31,6,316,25,63,0,0,1,11,0,65,0,0,35,1,109,18,2,2,0,0,0,8,3,346,2,14,32,2,3,0,0,0,122,348,57,3,8,4,19,2528,103,0,0,0,22,4,4,23,9
0,0,0,0,0,0,0,0,0,1,1,3,5,1,42,1,0,0,0,0,0,1,0,0,57,0,0,0,1,1,0,0,0,0,1,2,0,0,0,0,0,0,0,6,2,12,0,0,9,0,18,7,361,0,0,0,6,0,0,13,0
4,1,22,15,0,26,1,7,4,0,0,0,0,0,0,0,13,18,0,1,0,0,5,6,0,0,0,0,0,0,37,29,2,0,0,0,2,0,0,0,0,7,8,0,0,0,0,1,0,0,0,0,0,162,7,17,0,2,0,0,0
1,1,3,2,0,7,0,3,0,0,0,0,0,0,0,0,2,13,2,5,0,0,1,0,0,0,0,0,0,0,2,4,0,0,0,1,2,0,0,0,0,10,7,0,0,0,1,0,0,0,0,0,0,12,312,21,0,14,0,0,0
0,2,3,0,0,6,4,23,1,0,0,0,0,0,0,0,10,0,0,12,1,0,12,24,0,0,0,0,0,1,58,75,94,0,0,0,0,2,2,0,0,2,1,0,0,0,1,5,0,0,0,0,0,11,106,947,1,1,10,0,0
0,0,1,0,0,1,0,1,0,16,50,0,1,17,59,30,1,3,0,2,0,9,1,0,92,0,2,0,2,4,0,3,0,2,1,1,12,21,5,1,16,0,0,2,1,13,3,22,2,0,0,4,52,0,4,1,1002,12,2,3,1
7,0,3,45,0,16,1,5,4,1,7,0,0,0,0,0,1,22,1,6,0,2,2,3,0,0,0,0,0,0,4,9,5,0,0,0,111,9,2,2,2,5,66,0,0,0,3,34,0,0,0,0,0,20,52,1,9,1749,0,0,0
0,1,1,0,2,2,0,22,0,0,0,0,4,0,0,3,10,0,0,2,0,0,11,5,0,0,1,0,2,7,22,11,82,5,0,0,2,0,1,1,0,2,0,0,0,0,1,0,0,0,0,0,0,2,5,36,0,0,986,0,0
0,0,0,0,0,1,5,0,0,0,0,8,3,0,14,8,0,0,0,0,0,3,0,0,20,1,0,1,2,2,0,0,0,18,1,1,0,0,0,0,0,0,0,1,0,0,0,0,450,33,14,2,51,0,0,0,8,0,1,2141,60
0,0,0,0,0,0,0,0,0,0,0,1,0,0,0,0,0,0,0,0,0,0,0,0,0,0,0,0,0,0,0,0,0,3,0,0,0,0,0,0,0,0,0,0,0,0,0,0,0,11,0,0,0,0,0,0,0,0,0,2,93
