0.65043,0.72851,0.41634,0.66151,0.39164,0.50021,0.36387,0.58453,0.62251,0.41457,0.6299,0.54706,0.52911,0.74209,0.6462,0.71123,0.49768,0.40926,0.32057,0.42175,0.27273,0.67621,0.42337,0.53483,0.77954,0.63397,0.62697,0.97217,0.7264,0.76586,0.51456,0.62843,0.75992,0.7369,0.90758,0.82407,0.8533,0.74246,0.81228,0.56611,0.3801,0.56846,0.43314,0.86332,0.45976,0.63953,0.8073,0.86629,0.87663,0.85306,0.82441,0.7016,0.39913,0.21722,0.3555,0.50349,0.67997,0.78629,0.68421,0.72563,0.39301
0.68508
1429,39,142,275,123,6,0,21,129,0,0,0,0,0,0,0,3,6,0,0,0,0,69,0,0,0,0,0,0,0,1,0,0,0,0,0,1,0,0,0,0,43,9,0,0,0,0,8,0,0,0,0,0,4,0,0,0,0,0,0,0
31,2085,73,1,147,6,0,0,121,0,0,0,0,0,0,0,308,0,0,3,0,0,7,75,0,0,0,0,0,1,70,24,11,0,0,0,1,0,1,1,0,14,1,0,0,0,0,1,0,0,0,0,0,0,1,4,0,0,0,0,0
76,68,841,51,76,157,0,12,90,0,0,0,0,0,0,0,86,29,1,0,0,0,11,2,0,0,0,0,0,0,15,27,1,0,0,0,3,0,0,0,1,80,13,0,0,0,0,8,0,0,0,0,0,45,7,2,0,1,0,0,0
322,0,46,1368,31,8,0,6,42,0,0,0,0,0,0,0,1,47,0,0,0,0,26,0,0,0,0,0,0,0,0,0,0,0,0,0,12,0,0,0,0,97,101,0,0,0,1,10,0,0,0,0,0,13,9,0,0,31,0,0,0
34,22,19,3,450,1,0,0,4,0,0,0,0,0,0,0,5,1,0,0,0,0,2,1,0,0,0,0,0,0,1,0,0,0,0,0,1,0,0,0,0,15,0,0,0,0,0,0,0,0,0,0,0,0,0,0,0,0,0,0,0
20,20,234,45,23,1210,34,49,25,0,3,0,2,0,0,2,46,170,26,35,0,0,15,4,0,0,0,0,0,2,19,186,3,0,0,0,52,9,7,0,0,84,28,0,4,0,13,12,0,0,0,1,1,91,64,11,12,15,2,0,0
0,1,0,0,0,6,137,0,0,0,0,0,0,0,0,1,0,1,0,5,0,12,0,1,1,0,0,1,2,2,0,8,0,0,3,1,0,0,0,0,0,0,0,0,5,0,0,0,0,0,0,0,0,0,1,1,0,0,0,1,1
4,8,5,6,2,55,8,1587,10,0,0,0,0,1,0,1,32,6,6,9,0,0,402,1,0,0,1,1,1,1,28,65,6,0,0,0,4,1,0,1,2,6,5,0,1,0,4,201,0,1,1,0,0,19,11,32,1,5,0,0,0
72,51,70,7,27,9,0,5,1438,0,0,0,0,0,0,0,14,0,0,0,0,0,7,34,0,0,0,0,0,0,1,5,2,0,0,0,0,0,0,0,0,4,31,0,0,0,1,2,0,0,0,0,0,3,0,0,0,0,0,0,0
0,0,0,0,0,1,0,0,1,165,1,0,6,0,10,0,0,2,0,0,0,1,1,0,0,1,0,0,1,0,0,0,0,0,0,0,0,1,0,0,0,0,0,21,1,0,3,1,0,0,1,0,0,0,0,0,0,1,2,2,0
0,0,0,0,0,0,0,0,0,1,965,0,1,56,13,6,0,1,2,2,0,10,0,0,0,2,28,1,0,0,0,0,0,0,0,6,2,10,2,1,2,0,0,0,14,161,3,3,0,0,1,27,1,0,1,0,36,11,0,0,0
0,0,0,0,0,0,0,0,0,0,0,465,2,0,0,0,0,0,0,0,0,0,0,0,0,0,0,0,0,0,0,0,0,52,1,0,0,0,0,0,0,0,0,0,0,0,0,0,14,27,21,0,2,0,0,0,0,0,0,2,4
0,0,1,1,0,1,0,0,0,8,0,11,518,0,29,4,1,0,1,1,0,2,1,0,12,22,0,2,15,3,1,4,0,40,9,0,1,2,1,0,0,1,0,10,6,0,1,0,4,0,120,1,4,0,0,0,0,1,7,5,2
0,0,0,0,0,1,0,2,0,2,168,5,10,2040,52,107,0,0,0,4,0,23,0,0,19,2,154,6,2,5,0,0,0,4,0,46,3,9,40,4,4,0,0,0,27,60,7,0,0,3,1,393,19,1,0,1,39,4,5,7,12
0,2,1,0,1,11,2,0,0,27,24,0,36,23,979,38,2,0,2,5,2,3,0,4,12,9,7,1,4,3,8,5,1,1,3,2,16,13,8,2,27,0,0,17,8,7,6,0,2,0,21,7,55,0,2,1,61,2,4,8,0
0,0,1,0,0,1,1,5,0,0,1,0,7,35,22,1064,0,1,0,2,1,0,2,3,0,2,6,0,1,11,2,11,7,0,0,2,8,10,17,2,85,0,0,0,0,0,5,3,0,0,0,0,3,0,1,9,14,1,12,1,1
11,329,185,2,94,65,1,47,75,0,0,0,1,0,0,0,1285,4,0,3,0,0,114,111,0,0,0,0,0,1,217,137,12,0,0,0,1,0,1,0,1,92,18,0,0,0,4,6,0,0,0,0,0,25,9,15,0,0,4,0,0
5,0,7,15,2,13,0,0,0,0,0,0,0,0,0,0,0,566,0,0,1,0,1,0,0,0,0,0,0,0,0,0,0,0,0,0,48,0,0,0,1,21,6,0,0,0,3,1,0,0,0,0,0,2,2,0,1,16,0,0,0
0,0,0,0,0,4,0,0,0,0,0,0,0,0,0,0,0,0,67,1,0,0,0,0,0,0,0,0,0,0,0,1,1,0,0,0,0,5,3,0,0,0,0,0,1,0,0,0,0,0,0,0,0,0,0,0,0,0,0,0,0
0,1,1,0,0,9,6,0,0,0,0,0,1,0,3,0,0,0,7,415,2,0,0,0,1,0,0,0,0,0,1,8,2,0,0,0,1,10,27,11,6,0,0,0,1,0,4,3,0,0,0,0,1,2,4,2,1,3,1,0,0
0,0,0,0,0,0,0,0,0,0,0,0,0,0,0,0,0,0,0,1,24,0,0,0,0,0,0,0,0,0,0,0,0,0,0,0,0,0,0,4,0,0,0,0,0,0,0,0,0,0,0,0,0,0,1,0,0,0,0,0,0
0,0,0,0,0,1,3,2,0,0,3,0,1,3,5,0,0,1,9,15,0,756,0,0,15,2,0,3,10,0,0,0,2,0,0,5,0,4,1,3,0,0,0,1,25,20,8,0,0,0,4,29,14,0,2,0,9,7,1,2,0
7,14,11,2,4,6,0,381,3,0,0,0,0,0,0,0,38,1,0,0,0,0,931,4,0,0,0,0,0,0,19,7,1,0,0,0,1,0,0,0,0,2,1,0,0,0,0,74,0,0,0,0,0,9,5,12,0,2,2,0,0
0,28,2,0,0,0,0,3,55,0,0,0,0,0,0,0,33,0,0,1,3,0,2,1290,0,0,0,0,0,1,62,39,128,0,0,0,0,0,0,0,0,1,17,0,0,0,1,0,0,0,0,0,0,5,0,39,0,0,2,0,0
0,0,0,0,0,0,1,0,0,1,0,1,0,1,13,1,0,0,0,0,0,3,0,0,1478,0,0,3,1,0,0,0,0,1,4,2,0,0,0,0,0,0,0,18,4,9,0,0,3,3,6,5,102,0,0,0,27,0,0,1,1
0,0,0,0,0,0,1,0,0,9,0,0,33,0,7,0,0,0,0,2,0,2,1,0,1,698,2,0,4,1,0,2,0,4,70,0,2,1,0,0,0,0,3,1,0,0,0,3,1,0,4,0,1,0,0,0,0,1,4,2,0
0,0,0,0,0,0,0,0,0,0,46,0,3,96,8,15,0,0,1,10,0,2,1,0,0,11,1074,2,2,3,0,0,0,0,1,167,0,4,5,13,7,0,0,0,9,18,8,1,0,0,0,31,0,0,1,2,11,0,8,0,0
0,0,0,0,0,0,0,0,0,0,15,0,0,7,1,0,0,0,0,3,0,0,0,0,0,0,1,6183,2,0,0,0,0,0,0,1,0,2,0,0,0,0,0,1,697,2,2,0,0,0,0,10,0,0,1,0,0,0,0,0,0
0,0,0,0,1,1,0,1,0,0,0,0,0,0,6,2,0,1,0,2,0,8,2,0,4,4,0,4,531,52,1,2,2,0,20,0,0,0,0,0,0,0,0,18,3,0,8,0,0,2,13,0,2,0,1,1,1,1,1,4,1
2,4,2,1,2,1,0,6,2,0,0,0,0,0,0,2,14,1,1,2,0,0,1,1,0,0,0,1,32,700,4,8,6,0,3,0,7,3,2,0,2,1,4,2,0,0,3,0,0,0,1,0,0,0,0,2,3,1,14,0,0
0,51,48,1,9,103,3,62,32,0,0,0,0,0,0,0,359,4,3,11,1,0,51,255,0,0,0,0,0,3,1449,569,287,0,1,0,2,0,1,1,1,65,13,0,0,0,3,6,0,0,0,0,0,91,28,189,0,0,58,0,1
2,46,94,0,12,525,139,124,75,0,2,0,1,1,2,3,228,7,12,151,23,1,45,203,1,0,1,0,4,10,577,2608,513,0,1,6,18,2,32,36,7,32,14,1,4,0,23,24,0,0,1,0,0,136,72,280,11,1,28,10,1
0,6,0,0,0,1,3,10,8,0,0,0,0,0,0,0,9,2,2,13,10,0,1,283,0,0,0,1,0,4,140,176,4137,0,0,0,4,0,2,4,0,0,5,0,1,0,5,3,0,0,0,0,0,5,11,194,0,0,169,0,0
0,0,0,0,0,0,0,0,0,0,0,90,32,0,0,2,0,0,0,0,0,1,0,0,1,1,0,0,0,1,0,0,0,689,2,0,0,0,0,0,0,0,0,0,0,0,0,0,12,19,19,0,1,0,0,0,0,0,6,9,16
0,0,0,2,0,0,6,1,0,7,0,11,43,0,18,1,0,0,3,4,0,5,0,0,7,287,0,5,37,0,2,0,0,14,2347,7,2,4,0,0,0,1,1,36,9,0,15,0,37,2,77,2,4,0,0,0,1,3,1,1,0
0,0,0,0,0,0,2,0,0,0,16,1,3,32,5,2,0,0,0,1,0,137,0,0,14,8,237,2,8,7,0,0,0,0,9,3218,0,0,1,2,0,0,0,0,45,176,8,0,0,1,1,283,19,0,0,0,4,0,1,1,0
49,2,45,73,42,36,0,4,94,2,3,0,0,1,24,21,6,297,3,4,2,1,6,22,0,0,1,0,0,3,7,13,34,0,0,0,2693,33,25,5,37,124,111,0,3,2,11,30,0,0,0,3,1,68,64,4,17,198,13,1,0
1,1,0,0,1,4,0,2,0,18,42,0,0,6,20,7,0,2,24,40,1,2,1,4,2,1,4,6,0,3,4,12,4,0,0,0,23,1995,336,52,28,4,3,0,6,14,7,9,0,0,0,4,1,2,5,3,45,18,2,0,0
0,0,5,4,2,9,5,6,1,7,23,0,2,74,44,54,0,3,19,173,10,9,1,4,2,2,27,2,1,13,6,10,4,0,0,4,36,449,2990,420,362,3,3,0,10,5,26,4,0,1,0,39,3,1,9,9,59,12,10,2,0
0,0,0,0,0,0,0,1,0,0,7,0,0,3,0,3,0,0,2,10,0,0,0,0,0,0,22,0,1,0,0,3,3,0,0,6,4,20,72,775,9,1,0,0,5,0,3,0,0,0,0,3,0,0,3,4,1,3,3,0,0
0,0,3,0,0,2,0,3,1,0,0,0,0,0,2,28,0,0,0,1,0,0,1,4,0,0,0,0,0,3,1,3,1,0,0,0,5,13,27,6,382,1,4,0,0,0,1,1,0,0,0,0,0,0,5,1,5,0,2,0,0
28,12,95,75,60,43,0,4,11,0,0,0,0,0,0,0,17,141,0,0,0,0,4,2,0,0,0,0,0,0,4,2,1,0,0,0,19,0,0,1,0,1013,32,0,0,0,0,4,0,0,0,0,0,19,40,4,0,4,0,0,0
0,1,1,12,0,1,0,0,18,0,0,0,0,0,0,0,0,0,0,0,0,0,2,1,0,0,0,0,0,0,0,1,0,0,0,0,5,0,0,0,0,4,447,0,0,0,0,1,0,0,0,0,0,0,1,0,0,1,0,0,0
1,0,1,0,0,3,3,0,0,105,0,4,7,0,22,0,1,0,0,0,0,0,0,0,11,16,0,1,16,0,0,1,0,1,28,0,2,0,0,0,0,0,0,1238,2,1,7,0,2,2,16,0,2,0,0,0,0,0,0,0,0
0,0,0,0,0,1,0,1,0,0,10,0,1,6,1,0,0,0,0,5,0,31,0,0,7,0,2,102,10,4,0,0,0,0,2,13,0,2,1,1,0,0,0,0,431,15,36,0,0,0,0,19,3,0,0,0,3,5,2,0,0
0,0,0,0,0,0,0,0,0,1,70,0,3,15,2,0,0,0,0,0,0,12,0,0,14,0,13,8,0,0,0,0,0,1,0,39,0,3,1,1,0,0,0,1,24,1563,7,0,0,0,1,137,17,0,0,0,13,0,0,0,0
21,45,23,39,20,30,2,13,24,12,14,0,5,12,16,21,34,19,4,12,5,5,8,39,2,5,15,1,25,56,40,44,45,0,27,14,33,19,29,12,12,19,53,11,48,10,1349,7,0,0,6,52,0,6,11,9,15,50,81,0,0
72,20,32,24,17,25,1,293,41,0,1,0,0,2,3,11,25,8,5,4,0,0,462,22,0,1,0,0,0,2,15,37,49,0,0,4,21,16,7,1,10,17,29,0,0,0,10,3246,0,0,0,1,0,17,14,22,39,43,1,0,0
0,0,0,0,0,0,1,0,0,0,0,46,1,0,1,0,0,0,0,0,0,2,0,0,58,0,0,1,0,1,0,0,0,22,1,0,0,0,0,0,0,0,0,0,0,0,0,0,4448,146,38,1,76,0,0,0,0,0,0,691,20
0,0,0,0,0,0,1,0,0,0,0,78,2,0,0,0,0,0,0,0,0,0,0,0,4,0,0,0,1,0,0,0,0,12,0,0,0,0,0,0,0,0,0,0,1,0,0,0,58,1521,4,0,1,0,0,0,0,0,0,9,21
0,2,0,0,0,1,7,0,0,14,0,94,238,1,68,1,0,0,0,0,0,12,0,0,14,23,0,5,11,1,2,1,1,65,46,0,0,0,0,0,0,2,0,49,2,0,11,0,30,6,1878,0,23,0,0,0,0,0,1,15,1
0,0,0,0,0,0,1,0,0,0,61,32,8,320,33,58,0,0,2,9,0,61,0,0,39,2,114,17,1,1,0,0,0,5,6,357,2,17,31,6,2,0,0,0,115,358,60,4,9,5,14,2504,110,0,0,0,22,5,4,22,6
0,0,0,0,0,0,1,0,0,2,1,2,5,0,37,1,0,0,1,0,0,0,0,0,57,1,0,0,2,0,0,0,0,0,0,4,0,0,0,0,0,0,0,5,2,11,0,0,9,0,17,5,368,0,0,0,5,0,0,15,0
3,1,23,12,0,30,2,9,3,0,0,0,0,0,0,0,10,20,0,0,0,0,3,6,0,0,0,0,0,0,29,30,2,0,0,0,0,0,0,0,0,9,9,0,0,0,0,1,0,0,0,0,0,169,9,15,0,2,0,0,0
0,0,3,4,0,7,1,3,0,0,0,0,0,0,0,0,4,14,2,3,0,0,1,0,0,0,0,0,0,0,4,4,0,0,0,1,3,0,0,0,0,12,9,0,0,0,0,0,0,0,0,0,0,7,310,19,0,15,0,0,0
0,3,4,0,0,5,5,21,1,0,0,0,0,0,0,0,10,1,0,11,2,0,8,25,0,0,0,0,0,1,61,80,93,0,0,0,0,2,2,1,0,2,1,0,0,0,1,6,0,0,0,0,0,10,108,938,3,1,9,0,0
0,0,0,0,0,1,0,1,0,17,51,0,2,14,50,31,1,1,1,1,0,11,0,0,97,0,3,0,2,6,1,3,0,0,1,0,16,18,7,1,16,0,0,3,1,12,1,27,2,0,1,9,44,1,2,2,1005,10,2,3,0
7,0,1,45,0,16,2,4,6,0,5,0,0,0,1,0,1,26,3,8,0,3,2,7,0,0,0,0,0,0,3,4,5,0,1,0,102,10,2,1,1,8,61,0,0,0,1,37,0,0,0,0,0,27,53,2,10,1744,0,0,0
0,0,1,0,3,2,0,26,0,0,0,0,1,0,0,4,9,0,0,2,0,0,7,4,0,0,1,0,2,6,21,9,80,4,0,0,2,0,0,1,0,4,0,0,0,0,1,0,0,0,0,0,0,0,4,34,0,0,1001,0,0
0,0,0,0,0,1,3,0,0,0,0,9,4,0,18,5,0,0,0,0,1,3,0,0,23,1,0,1,2,3,0,1,0,16,0,0,0,0,0,0,0,0,0,1,1,0,0,0,443,34,11,3,44,0,0,0,4,0,0,2166,51
0,0,0,0,0,0,0,0,0,0,0,1,0,0,0,0,0,0,0,0,0,0,0,0,0,0,0,0,0,0,0,0,0,4,0,0,0,0,0,0,0,0,0,0,0,0,0,0,0,10,0,0,0,0,0,0,0,0,0,5,90
