0.64563,0.72352,0.41182,0.65577,0.40376,0.49589,0.37368,0.58821,0.62147,0.4186,0.61785,0.55952,0.51768,0.74322,0.65362,0.70132,0.48972,0.41048,0.3066,0.43048,0.24419,0.67194,0.4245,0.5374,0.79611,0.62602,0.62335,0.97108,0.73492,0.76948,0.50747,0.63153,0.76007,0.73376,0.91061,0.82467,0.85133,0.74043,0.81838,0.56978,0.39709,0.56507,0.43941,0.86525,0.46296,0.63346,0.80547,0.86627,0.87646,0.84688,0.81591,0.69649,0.38686,0.21504,0.34778,0.50813,0.68,0.78201,0.67456,0.72688,0.39914
0.68434
1412,34,134,288,130,7,0,23,137,0,0,0,0,0,0,0,5,8,0,0,0,0,65,0,0,0,0,0,0,0,1,0,0,0,0,0,0,0,0,0,0,40,10,0,0,0,0,9,0,0,0,0,0,5,0,0,0,0,0,0,0
30,2083,84,1,147,4,0,0,113,0,0,0,0,0,0,0,317,0,0,3,0,0,5,74,0,0,0,0,0,1,68,25,10,0,0,0,2,0,1,0,0,11,1,0,0,0,1,1,0,0,0,0,0,0,1,4,0,0,0,0,0
80,66,836,51,72,165,1,11,94,0,0,0,0,0,0,0,82,27,0,0,0,0,13,4,0,0,0,0,0,0,16,28,1,0,0,0,3,0,0,0,0,95,11,0,0,0,0,5,0,0,0,0,0,32,7,2,0,1,0,0,0
331,0,44,1364,30,8,0,8,41,0,0,0,0,0,0,0,0,52,0,0,0,0,24,0,0,0,0,0,0,0,0,0,0,0,0,0,12,0,0,0,0,95,95,0,0,0,1,10,0,0,0,0,0,11,9,0,0,36,0,0,0
32,24,19,3,451,1,0,0,4,0,0,0,0,0,0,0,4,0,0,0,0,0,2,1,0,0,0,0,0,0,1,0,0,0,0,0,3,0,0,0,0,14,0,0,0,0,0,0,0,0,0,0,0,0,0,0,0,0,0,0,0
16,20,236,44,17,1208,29,49,25,0,3,0,0,0,0,1,46,169,28,38,0,0,17,6,0,0,0,0,0,1,18,190,3,0,0,0,51,10,4,0,0,96,27,0,3,0,14,10,0,0,0,1,1,99,59,9,13,17,1,0,0
0,0,0,0,0,7,142,0,0,0,1,0,1,0,0,1,1,0,1,4,1,8,0,0,1,0,2,0,1,0,0,9,0,0,1,1,0,0,0,0,0,0,0,2,3,0,0,0,0,0,0,0,0,0,1,1,0,0,0,1,1
3,7,13,8,2,45,12,1597,13,0,0,0,0,0,0,2,34,4,9,9,0,0,385,2,0,0,1,1,0,1,27,60,5,0,0,0,3,1,1,0,0,6,6,0,2,0,5,199,0,1,1,0,0,24,15,30,1,6,0,0,0
68,55,74,9,22,8,0,5,1430,0,0,0,0,0,0,0,12,0,0,0,0,0,6,37,0,0,0,0,0,0,1,7,2,0,0,0,0,0,0,0,0,5,32,0,0,0,1,3,0,0,0,0,0,6,0,0,0,0,0,0,0
0,0,0,0,0,0,0,1,1,162,1,0,6,0,10,0,0,2,0,0,0,1,1,0,0,2,0,0,1,0,1,0,0,0,0,0,0,2,0,0,0,0,0,23,1,0,2,1,0,0,1,0,0,1,0,0,0,0,2,1,0
0,0,0,0,0,0,0,0,0,2,962,0,1,59,11,7,0,0,1,1,0,10,0,0,0,2,26,3,0,0,0,0,0,0,0,3,2,10,4,0,1,0,0,0,15,170,1,2,0,0,1,27,1,0,1,0,34,12,0,0,0
0,0,0,0,0,0,0,0,0,0,0,470,2,0,0,0,0,0,0,0,0,0,0,0,0,0,0,0,0,0,0,0,0,50,1,0,0,0,0,0,0,0,0,0,0,0,0,0,13,24,20,0,2,0,0,0,0,0,0,3,5
0,0,1,1,0,2,1,0,0,5,0,8,527,1,30,2,1,0,0,1,0,0,1,1,10,25,0,2,13,5,0,4,0,43,9,1,0,2,0,0,1,1,0,8,6,0,1,0,6,0,115,1,4,0,0,0,0,1,6,5,2
0,0,0,0,0,1,1,2,0,2,176,4,7,2029,33,103,0,0,0,4,0,27,0,0,16,5,162,8,2,6,0,0,0,9,1,42,3,8,44,6,3,0,0,0,24,57,8,0,1,3,1,399,24,0,0,1,45,4,6,6,8
0,2,2,0,0,12,1,0,0,37,26,0,35,23,985,40,1,0,0,6,0,3,0,4,13,5,5,3,3,1,7,7,1,1,3,3,12,10,7,1,23,0,0,16,7,9,8,0,1,0,22,10,44,0,2,1,64,4,4,11,0
0,1,0,0,0,0,1,4,0,0,1,0,6,40,23,1066,1,2,0,0,0,0,2,1,0,1,5,0,1,13,3,12,6,0,0,1,9,8,15,2,88,0,0,0,0,0,6,3,0,0,0,1,2,0,1,7,15,0,11,1,1
9,338,193,3,85,65,0,41,69,0,0,0,1,0,0,0,1286,4,0,3,0,0,115,106,0,0,0,0,0,2,232,133,12,0,0,0,1,0,1,0,1,94,19,0,0,0,5,6,0,0,0,0,0,13,10,16,0,0,7,0,0
6,0,6,13,3,13,0,0,0,0,0,0,0,0,0,0,0,564,0,0,1,0,0,0,0,0,0,0,0,0,0,0,0,0,0,0,47,0,0,1,0,22,9,0,0,0,2,1,0,0,0,0,0,5,3,0,0,15,0,0,0
0,0,0,0,0,4,0,0,0,0,0,0,0,0,0,0,0,0,65,4,0,0,0,0,0,0,0,0,0,0,0,1,1,0,0,0,0,5,2,0,0,0,0,0,1,0,0,0,0,0,0,0,0,0,0,0,0,0,0,0,0
0,0,0,0,0,14,6,0,0,0,0,0,1,0,3,0,0,1,6,418,5,2,0,0,0,0,0,0,0,0,0,7,1,0,0,0,1,13,24,8,3,2,0,0,1,1,2,3,0,0,0,0,0,1,3,2,2,3,1,0,0
0,0,0,0,0,0,0,0,0,0,0,0,0,0,0,0,0,0,0,1,21,0,0,0,0,0,0,0,0,0,0,0,0,0,0,0,0,0,0,7,0,0,0,0,0,0,0,0,0,0,0,0,0,0,1,0,0,0,0,0,0
0,0,0,0,0,1,5,2,0,0,3,0,0,3,4,0,0,1,4,15,0,764,0,0,15,1,0,4,7,0,0,1,2,1,1,9,0,3,2,3,0,0,0,0,24,19,8,0,1,0,4,26,15,0,0,0,10,7,1,0,0
8,17,9,1,2,7,0,384,4,0,0,0,0,0,0,0,45,2,0,0,0,0,908,5,0,0,0,0,0,0,17,8,1,0,0,0,1,0,0,0,0,2,2,0,0,0,0,85,0,0,0,0,0,10,4,11,0,2,2,0,0
0,26,2,0,0,0,0,3,54,0,0,0,0,0,0,0,40,0,0,1,1,0,2,1286,0,0,0,0,0,1,71,36,128,0,0,0,1,0,0,0,0,1,15,0,0,0,1,0,0,0,0,0,0,3,2,37,0,0,1,0,0
0,0,0,0,0,0,1,0,0,2,0,1,1,0,16,0,0,0,0,0,0,6,0,0,1472,0,0,3,1,0,0,0,0,1,4,2,0,0,0,0,0,0,0,12,4,10,1,0,2,3,8,5,105,0,0,0,28,0,0,1,0
0,0,1,0,0,0,0,0,0,8,0,0,38,0,7,0,0,1,0,2,0,0,1,0,1,688,4,0,1,2,0,2,0,4,72,0,3,2,0,0,0,1,1,2,0,0,1,4,1,0,5,0,1,0,0,1,1,1,3,1,0
0,0,0,0,0,0,1,2,0,0,47,0,2,91,6,20,0,0,1,4,1,2,1,0,0,7,1089,2,1,3,0,0,0,0,1,165,0,2,9,9,4,0,0,0,9,20,8,0,0,0,0,28,0,0,2,2,12,0,9,0,0
0,0,0,0,0,0,0,0,0,0,14,0,0,7,2,0,0,0,0,4,0,0,0,0,0,0,1,6178,2,0,0,0,0,0,0,0,0,2,0,0,0,0,0,1,700,3,2,0,0,0,0,11,0,0,1,0,0,0,0,0,0
0,0,2,0,1,0,2,0,0,0,0,1,0,0,7,2,0,1,0,1,1,9,2,0,3,7,0,4,524,52,0,4,2,0,17,0,1,0,0,0,0,0,0,16,5,0,7,0,1,2,13,0,2,0,3,0,0,1,3,4,0
2,5,1,1,0,2,1,8,2,0,1,0,0,0,0,3,12,2,2,2,0,0,1,3,0,0,0,0,32,701,3,3,7,0,3,0,6,4,2,0,1,0,3,2,0,0,3,0,0,0,0,0,0,0,0,3,3,1,16,0,0
0,56,51,2,4,107,1,59,23,0,0,0,0,0,0,0,376,6,3,12,1,0,48,238,0,0,0,0,0,2,1460,569,298,0,1,0,2,0,0,0,1,67,10,0,0,0,5,7,0,0,0,0,0,81,30,178,0,1,61,0,1
3,44,92,0,10,525,125,130,72,0,2,0,2,1,2,5,230,5,10,160,21,1,38,201,1,0,1,0,3,15,617,2636,508,0,1,5,18,2,29,39,3,32,13,0,2,0,24,26,0,0,0,1,0,116,66,268,8,0,27,7,3
0,6,0,0,0,1,3,10,9,0,0,0,0,0,0,1,10,1,2,13,6,0,1,276,0,0,0,1,0,4,137,176,4134,0,0,0,4,0,2,6,0,0,5,0,1,0,6,3,0,0,0,0,0,5,13,198,0,1,174,0,0
0,0,0,0,0,0,1,1,0,0,0,90,33,0,0,1,0,0,0,0,0,1,0,0,1,0,0,0,0,1,0,0,0,689,2,0,0,0,0,0,0,0,0,0,0,0,0,0,11,18,21,0,0,0,0,0,0,0,5,10,16
0,1,1,0,0,1,6,1,0,4,0,14,42,0,19,0,0,1,2,3,0,5,0,0,8,296,0,5,28,0,2,0,0,10,2343,8,2,3,0,0,0,0,0,39,12,0,13,0,36,4,81,2,3,0,0,0,1,2,3,2,0
0,0,0,0,0,0,1,0,0,0,13,1,1,27,3,3,0,0,0,2,0,147,0,0,10,10,243,2,12,5,0,0,0,0,6,3189,0,1,0,2,0,0,0,0,45,183,13,0,1,2,0,295,21,0,0,0,3,0,1,1,1
43,1,43,77,43,47,1,4,99,2,4,0,0,2,28,22,6,287,4,4,1,2,4,23,0,0,0,0,0,5,5,11,39,0,0,0,2680,33,25,7,37,112,113,0,1,2,10,28,0,0,0,2,2,61,74,4,17,206,15,2,0
0,0,1,0,1,5,0,2,0,13,52,0,0,7,25,9,0,3,20,37,3,4,1,8,1,1,3,3,0,3,5,13,3,0,0,0,22,2011,315,54,29,3,2,1,8,13,7,8,0,0,0,4,0,3,2,1,42,19,2,0,0
0,0,4,2,2,11,2,5,1,4,29,0,2,73,46,60,0,4,23,150,11,8,1,4,2,1,27,2,2,9,8,12,1,0,0,4,39,460,3010,426,343,3,2,1,12,6,22,4,1,1,0,36,2,4,12,7,56,12,7,2,1
0,0,0,0,0,0,0,0,0,0,5,0,0,1,0,2,0,0,3,6,3,0,0,0,0,0,22,0,0,0,0,3,4,0,0,6,2,20,68,788,8,0,0,0,5,0,3,0,0,0,0,3,1,0,3,3,2,3,3,0,0
1,0,2,0,0,1,0,3,1,0,0,0,0,0,1,33,0,0,1,1,0,0,1,5,0,0,0,0,1,3,0,5,0,0,0,0,6,10,28,5,382,1,4,0,0,0,0,0,0,0,0,0,0,0,5,1,3,0,2,0,0
35,12,88,79,57,45,0,4,11,0,0,0,0,0,0,0,19,140,1,0,0,0,4,1,0,0,0,0,0,0,4,2,1,0,0,0,20,0,0,0,0,1016,31,0,0,0,1,4,0,0,0,0,0,18,34,4,0,4,0,0,0
0,1,0,12,0,1,0,0,17,0,0,0,0,0,0,0,0,1,0,0,0,0,2,1,0,0,0,0,0,0,0,0,0,0,0,0,5,0,0,0,0,6,446,0,0,0,0,1,0,0,0,0,0,1,0,0,0,2,0,0,0
0,1,0,1,0,3,0,0,1,101,0,4,10,0,27,0,1,1,0,0,1,0,0,0,10,18,0,2,22,0,0,1,0,1,28,0,2,0,0,0,0,0,0,1220,3,1,2,0,2,3,23,0,3,0,0,0,1,0,0,0,0
0,0,0,0,0,1,2,1,0,0,10,0,1,7,2,0,0,0,0,4,0,29,0,0,6,0,3,101,9,3,0,0,0,0,2,13,0,3,2,1,0,0,0,0,430,14,39,0,0,0,1,19,3,0,0,0,3,4,1,0,0
0,0,0,0,0,0,1,0,0,3,76,0,4,12,2,0,0,0,0,0,0,12,0,0,12,0,13,7,0,0,0,0,0,0,0,40,0,3,1,1,0,0,0,1,22,1545,7,0,0,0,1,150,20,0,0,0,13,0,0,0,0
29,47,23,33,20,24,3,13,23,10,11,0,6,10,15,22,31,21,2,19,7,5,9,37,2,8,18,1,26,54,32,42,45,0,27,13,34,20,31,9,7,19,50,11,47,13,1354,6,0,0,5,51,0,10,12,12,12,50,88,0,0
68,24,29,24,15,25,1,283,45,0,1,0,0,2,1,10,29,8,9,2,0,0,450,27,0,1,0,1,0,1,18,35,49,0,0,4,26,19,9,1,8,19,29,0,0,0,8,3239,0,0,0,1,0,27,16,29,35,41,1,0,0
0,0,0,0,0,0,2,0,0,0,0,42,1,0,2,0,0,0,0,0,0,3,0,0,55,0,0,0,0,1,0,0,0,20,0,0,0,0,0,0,0,0,0,0,0,0,0,0,4441,155,42,1,75,0,0,0,0,0,0,695,19
0,0,0,0,0,0,1,0,0,0,0,69,2,0,0,0,0,0,0,0,0,0,0,0,4,0,0,0,1,0,0,0,0,10,0,0,0,0,0,0,0,0,0,0,0,0,0,0,61,1532,5,1,1,0,0,0,0,0,0,6,20
0,1,2,0,1,0,7,0,0,12,0,98,260,0,64,1,1,0,0,1,0,11,1,0,14,19,0,7,11,2,0,0,1,65,44,0,0,0,0,0,0,1,0,49,2,0,10,0,27,6,1857,1,31,0,0,0,0,0,1,15,2
0,0,0,0,0,0,5,0,0,0,65,29,10,317,31,59,0,0,1,12,0,61,0,0,38,2,119,20,0,2,0,0,0,13,3,356,0,15,31,3,2,0,0,0,114,350,62,3,8,5,17,2499,116,0,1,0,22,4,5,18,5
0,0,0,0,0,0,0,0,0,2,1,2,7,0,36,1,0,0,0,0,0,1,0,0,54,0,0,0,2,0,0,0,0,0,1,2,0,0,0,0,0,0,0,5,3,11,0,0,9,0,19,5,371,0,0,0,6,0,0,13,0
3,1,25,12,0,26,1,12,5,0,0,0,0,0,0,0,9,21,0,1,0,0,3,6,0,0,0,0,0,0,31,31,2,0,0,0,1,0,0,0,0,7,8,0,0,0,0,1,0,0,0,0,0,163,9,16,0,3,0,0,0
1,1,4,2,0,12,0,2,0,0,0,0,0,0,0,0,3,13,3,5,0,0,3,0,0,0,0,0,0,0,4,2,0,0,0,0,4,0,0,0,0,13,7,0,0,0,1,0,0,0,0,0,0,15,297,22,0,12,0,0,0
0,2,3,0,0,7,6,20,0,0,0,0,0,0,0,0,11,0,1,7,1,0,9,26,0,0,0,0,0,1,63,82,92,0,0,0,0,2,2,0,0,3,1,0,0,0,1,5,0,0,0,0,0,18,100,938,3,1,10,0,0
0,0,1,0,0,1,0,1,0,17,48,0,3,18,53,33,1,1,1,2,0,11,1,0,83,0,2,0,4,4,0,3,0,0,1,0,15,22,7,1,16,0,0,0,0,12,2,26,2,0,0,5,59,0,2,2,1003,11,2,2,0
7,0,3,49,0,16,2,2,7,1,5,0,0,0,0,0,2,21,8,9,0,2,2,5,0,0,0,1,0,0,2,6,5,0,0,0,103,9,1,2,1,7,63,0,0,0,2,36,0,0,0,0,0,24,47,2,10,1747,0,0,0
0,3,1,0,2,1,0,22,0,0,0,0,3,0,0,3,10,0,1,0,0,0,10,5,0,0,1,0,2,5,23,7,75,6,0,0,2,1,1,1,0,4,0,0,0,0,1,0,0,0,0,0,0,2,6,34,0,0,997,0,0
0,0,0,0,0,2,5,0,0,0,0,6,3,0,12,8,0,0,0,0,0,2,0,0,17,0,0,1,1,2,0,1,0,14,1,0,0,0,0,0,0,0,0,1,0,0,0,0,442,42,13,3,50,0,0,0,7,0,0,2161,55
0,0,0,0,0,0,0,0,0,0,0,1,0,0,1,0,0,0,0,0,0,0,0,0,0,0,0,0,0,0,0,0,0,2,0,0,0,0,0,0,0,0,0,0,0,0,0,0,0,8,0,0,0,0,0,0,0,0,0,5,93
