0.64906,0.72619,0.41022,0.66117,0.4007,0.49979,0.35411,0.58692,0.61815,0.42119,0.631,0.55107,0.521,0.73894,0.65149,0.69895,0.49811,0.41018,0.33005,0.43034,0.31507,0.67467,0.41918,0.53898,0.78801,0.63278,0.6313,0.97094,0.73315,0.76279,0.51559,0.62807,0.76036,0.72996,0.90643,0.82452,0.85184,0.74358,0.81395,0.56418,0.40353,0.56903,0.43495,0.86161,0.46351,0.63387,0.80486,0.86652,0.87525,0.85283,0.82757,0.69517,0.3959,0.2104,0.34273,0.50026,0.67903,0.78359,0.66644,0.72749,0.375
0.68423
1413,41,135,284,131,3,0,18,133,0,0,0,0,0,0,0,6,9,0,0,0,0,73,0,0,0,0,0,0,0,1,0,0,0,0,0,0,0,0,0,0,40,9,0,0,0,0,8,0,0,0,0,0,4,0,0,0,0,0,0,0
30,2066,85,1,147,5,0,0,122,0,0,0,0,0,0,0,323,0,0,3,1,0,7,76,0,0,0,0,0,1,64,23,10,0,0,0,1,0,0,1,0,10,1,0,0,0,0,1,0,0,0,0,0,2,1,6,0,0,0,0,0
74,70,827,53,70,167,0,12,95,0,0,0,0,0,0,0,86,29,0,0,0,0,10,3,0,0,0,0,0,0,16,27,1,0,0,0,2,0,0,0,1,90,12,0,0,0,0,5,0,0,0,0,0,43,7,1,0,2,0,0,0
330,1,46,1362,26,7,0,10,44,0,0,0,0,0,0,0,0,48,0,0,0,0,23,0,0,0,0,0,0,0,0,0,0,0,0,0,14,0,0,0,0,94,101,0,0,0,1,9,0,0,0,0,0,14,7,0,0,34,0,0,0
32,21,18,4,456,2,0,0,4,0,0,0,0,0,0,0,3,0,0,0,0,0,2,1,0,0,0,0,0,0,0,0,0,0,0,0,2,0,0,0,0,13,0,0,0,0,0,0,0,0,0,0,0,0,0,1,0,0,0,0,0
19,19,238,37,18,1199,33,51,25,0,3,0,1,0,1,2,44,165,22,40,0,0,17,6,0,0,0,0,0,1,20,184,3,0,0,0,50,7,6,0,0,97,29,0,3,0,13,10,0,0,0,1,0,107,71,10,9,17,1,0,0
0,1,0,0,0,7,140,0,0,0,0,0,0,0,0,2,0,1,0,5,0,9,0,1,0,0,2,1,2,1,0,7,0,0,1,1,0,1,0,0,0,0,0,0,3,0,0,0,0,0,1,0,1,0,1,1,0,0,0,1,1
3,8,10,6,2,49,7,1580,11,0,0,0,0,1,0,1,35,7,4,8,0,0,397,2,0,0,1,1,1,1,24,64,5,0,0,0,2,2,1,0,1,4,5,0,2,0,3,207,0,1,1,0,0,26,15,35,2,6,0,0,0
63,51,71,8,24,6,0,4,1444,0,0,0,0,0,0,0,15,0,1,0,0,0,6,36,0,0,0,0,0,0,1,5,2,0,0,0,0,0,0,0,0,6,31,0,0,0,1,3,0,0,0,0,0,5,0,0,0,0,0,0,0
0,0,0,0,0,1,0,0,1,163,1,0,7,0,8,0,0,3,0,0,0,1,0,0,1,3,0,0,0,0,0,0,0,0,0,0,0,1,0,0,0,0,0,23,1,0,2,2,0,0,1,0,0,0,0,0,0,1,2,1,0
0,0,0,0,0,0,0,0,0,2,973,0,0,52,11,5,0,1,0,1,0,12,0,0,0,2,30,2,0,0,0,0,0,0,0,6,2,9,5,1,1,0,0,0,15,158,3,2,0,0,1,25,2,0,1,0,37,10,0,0,0
0,0,0,0,0,0,0,0,0,0,0,464,2,0,0,0,0,0,0,0,0,0,0,0,0,0,0,0,0,0,0,0,0,60,1,0,0,0,0,0,0,0,0,0,0,0,0,0,13,20,24,0,2,0,0,0,0,0,0,2,2
0,0,1,1,0,2,2,0,0,5,0,10,521,0,32,5,0,1,0,0,0,1,1,0,14,23,1,4,13,3,4,3,1,42,11,0,0,1,1,0,1,1,0,9,5,0,1,0,4,0,110,1,4,0,0,0,0,1,7,4,2
0,0,0,0,0,0,0,2,0,2,168,4,8,2055,32,102,0,0,1,4,0,26,0,0,15,4,151,9,2,7,0,0,0,8,1,38,3,10,41,5,3,0,0,0,26,61,8,0,1,2,1,393,28,0,0,1,41,4,6,6,12
0,1,1,0,1,11,3,0,0,33,20,0,39,26,987,37,4,0,0,6,0,2,0,2,10,7,5,3,5,3,8,9,1,0,1,2,13,11,6,2,27,0,0,16,9,10,7,0,2,0,23,8,52,0,4,1,53,0,3,11,0
0,0,1,0,0,1,1,6,1,0,1,0,7,37,22,1061,0,1,0,0,0,1,3,0,0,1,6,0,1,13,3,11,7,0,0,1,8,10,17,2,86,0,0,0,0,0,5,3,0,0,0,0,2,0,3,10,13,2,12,0,1
10,332,181,2,84,60,1,46,77,0,0,0,0,0,0,0,1317,2,0,3,0,0,116,112,0,0,0,0,0,2,204,132,10,0,0,0,1,0,1,0,1,94,19,0,0,0,4,7,0,0,0,0,0,20,10,17,0,0,5,0,0
5,0,4,12,3,12,0,0,0,0,0,0,0,0,0,0,0,564,0,0,1,0,0,0,0,0,0,0,0,0,0,1,0,0,0,0,51,0,0,1,0,23,9,0,0,0,1,1,0,0,0,0,0,4,3,0,0,16,0,0,0
0,0,0,0,0,3,0,0,0,0,0,0,0,0,0,0,0,0,67,2,0,0,0,0,0,0,0,0,0,0,0,1,1,0,0,0,0,5,3,0,0,0,0,0,1,0,0,0,0,0,0,0,0,0,0,0,0,0,0,0,0
0,0,0,0,0,13,6,0,0,0,0,0,1,1,2,0,1,0,4,417,4,0,0,0,0,0,0,0,0,0,1,11,1,0,0,0,1,10,27,11,2,1,0,0,1,0,3,3,0,0,0,0,1,1,4,2,2,2,1,0,0
0,0,0,0,0,0,0,0,0,0,0,0,0,0,0,0,0,0,0,1,23,0,0,0,0,0,0,0,0,0,0,0,0,0,0,0,0,0,0,5,0,0,0,0,0,0,0,0,0,0,0,0,0,0,1,0,0,0,0,0,0
0,0,0,0,0,1,8,3,0,0,7,0,0,3,7,0,0,1,4,11,0,759,0,0,16,2,1,3,6,0,0,0,2,0,1,10,0,3,0,2,0,0,0,1,25,18,8,1,1,0,4,26,11,0,3,0,10,6,1,1,0
8,13,13,1,3,5,0,386,2,0,0,0,0,0,0,0,40,2,0,0,0,0,918,4,0,0,0,0,0,0,17,8,1,0,0,0,1,0,0,0,0,2,3,0,0,0,0,80,0,0,0,0,0,10,6,11,0,1,2,0,0
0,26,2,0,0,0,0,3,55,0,0,0,0,0,0,0,38,0,0,1,1,0,2,1279,0,0,0,0,0,0,70,31,135,0,0,0,0,0,0,0,0,1,17,0,0,0,1,0,0,0,0,0,0,5,1,42,0,0,2,0,0
0,0,0,0,0,0,1,0,0,1,0,1,0,1,13,0,0,0,0,0,0,7,0,0,1472,0,0,3,1,0,0,0,0,0,3,2,0,0,0,0,0,0,0,19,5,11,2,0,3,3,5,4,105,0,0,0,25,0,0,0,2
0,0,0,0,0,0,0,1,0,6,0,0,37,0,7,0,0,1,0,1,0,1,0,0,1,691,2,0,2,2,0,2,0,3,71,0,4,0,0,0,0,0,2,5,1,0,1,4,1,0,6,0,1,0,0,2,0,1,3,1,0
0,0,0,0,0,0,0,1,0,0,48,0,2,94,7,19,0,0,0,3,0,5,1,0,0,9,1089,2,1,4,0,0,0,0,1,159,0,3,7,10,4,0,0,0,6,20,7,1,0,0,0,34,0,0,1,2,12,0,8,0,0
0,0,0,0,0,0,0,0,0,0,12,0,0,6,1,0,0,0,0,3,1,0,0,0,0,0,1,6181,2,0,0,0,0,0,0,0,0,1,0,0,0,0,0,1,705,2,2,0,0,0,0,10,0,0,0,0,0,0,0,0,0
0,0,0,0,1,1,2,1,0,0,0,1,0,0,4,2,0,1,2,2,0,8,2,0,6,5,0,3,522,51,1,4,1,0,19,0,0,1,0,0,0,0,0,16,4,0,8,0,1,3,12,0,1,0,3,1,2,1,4,4,0
3,5,0,1,2,1,1,6,1,0,0,0,0,0,0,6,15,1,0,2,0,0,0,1,0,0,0,1,28,701,3,6,9,0,3,0,5,3,2,1,1,2,4,2,0,0,3,1,0,0,2,0,0,0,0,2,3,2,12,0,0
0,51,49,2,7,105,4,58,29,0,0,0,0,0,0,0,368,5,3,12,1,0,56,242,0,0,0,0,0,2,1455,570,287,0,1,0,4,0,1,1,1,59,11,0,0,0,3,7,0,0,0,0,0,89,31,183,0,1,62,0,1
4,48,96,0,8,517,142,116,75,0,1,0,0,1,1,4,219,5,6,160,16,1,47,208,1,0,1,0,3,15,586,2609,509,0,4,5,22,6,30,39,5,32,11,1,3,1,18,26,0,0,0,0,0,143,78,271,11,0,34,8,3
0,6,0,0,0,1,2,9,11,0,0,0,0,0,0,1,6,2,5,11,7,0,1,265,0,0,0,1,0,4,147,188,4112,0,0,0,5,0,3,4,0,0,5,0,2,0,3,4,0,0,0,0,0,6,15,193,0,0,190,0,0
0,0,0,0,0,0,0,0,0,0,0,88,34,0,0,2,0,0,0,0,0,1,0,0,1,0,0,0,0,1,0,0,0,692,2,0,0,0,0,0,0,0,0,0,0,0,0,0,13,15,21,0,1,0,0,0,0,0,6,9,15
0,0,0,0,0,0,6,0,0,9,0,12,46,0,25,1,0,2,1,3,0,6,1,0,9,288,0,4,33,0,1,0,0,9,2354,7,2,2,0,0,0,1,0,32,13,0,12,0,39,3,73,1,1,0,1,0,0,2,2,2,0
0,0,0,0,0,0,0,0,0,0,13,1,1,32,4,2,0,0,0,1,0,142,0,0,17,9,236,4,11,5,0,0,0,0,13,3181,0,1,1,3,0,0,0,0,43,179,13,0,1,2,0,299,20,0,0,0,8,0,1,1,0
47,3,42,80,43,34,1,3,96,2,3,0,0,1,21,21,7,287,5,5,0,1,6,22,0,1,0,0,0,5,9,15,31,0,0,0,2685,31,22,7,40,121,115,0,2,2,15,27,0,0,0,1,2,67,65,5,18,204,16,2,0
0,1,0,0,1,6,1,3,0,18,45,0,0,7,19,7,0,3,28,30,2,4,1,4,2,1,4,5,0,2,4,14,2,0,0,0,20,1998,328,53,25,4,4,1,7,14,8,9,0,0,0,2,0,2,4,3,51,20,2,0,0
0,1,4,3,3,11,5,7,1,4,23,0,3,76,45,70,1,3,24,160,8,8,1,4,2,2,26,2,0,13,5,11,2,0,0,3,37,452,2988,428,333,2,1,0,11,7,26,4,0,1,0,39,4,4,14,10,61,15,8,2,1
0,0,0,0,0,0,0,1,0,0,5,0,0,2,0,1,0,0,2,7,1,0,0,0,0,0,24,0,0,3,0,5,3,0,0,4,3,20,73,778,7,0,0,0,6,0,3,0,0,0,0,3,1,0,2,4,1,5,3,0,0
0,0,1,0,0,2,0,3,2,0,0,0,0,0,1,29,0,0,1,2,0,0,1,4,0,0,0,0,0,2,1,2,1,0,0,0,3,12,28,4,389,2,3,0,0,0,1,1,0,0,0,0,0,0,5,0,3,0,3,0,0
29,11,98,76,63,41,0,4,12,0,0,0,0,0,0,0,16,141,1,0,0,0,5,1,0,0,0,0,0,0,4,2,1,0,0,0,21,0,0,0,0,1018,31,0,0,0,0,2,0,0,0,0,0,17,31,6,0,4,0,0,0
0,1,1,10,0,1,0,0,20,0,0,0,0,0,0,0,0,1,0,0,0,0,1,2,0,0,0,0,0,0,0,1,0,0,0,0,4,0,0,0,0,4,448,0,0,0,0,1,0,0,0,0,0,0,1,0,0,0,0,0,0
0,0,0,0,0,3,0,0,1,99,0,3,9,0,25,0,1,2,0,0,0,1,0,0,9,13,0,2,18,0,0,2,0,2,31,0,2,0,0,0,0,0,0,1239,2,1,4,0,2,2,17,0,2,0,0,0,1,0,0,0,0
0,0,0,0,0,0,2,1,0,0,9,0,0,7,1,0,0,0,0,6,0,27,0,0,7,0,2,103,14,2,0,1,0,0,2,14,0,1,1,1,0,0,0,0,429,13,39,0,0,0,0,20,3,0,0,0,3,5,1,0,0
0,0,0,0,0,0,0,0,0,3,74,0,4,18,0,0,0,0,0,0,0,11,0,0,11,0,12,6,0,0,0,0,0,0,0,43,0,2,1,1,0,0,0,2,24,1546,9,0,0,0,0,151,15,0,0,0,13,0,0,0,0
26,41,24,36,22,30,2,12,21,11,13,0,9,13,15,24,35,19,2,16,5,6,12,34,2,9,17,1,26,53,37,39,44,0,28,17,35,17,29,10,10,19,52,9,46,11,1357,6,0,0,2,53,0,9,12,10,13,46,81,1,0
71,22,31,21,20,24,1,277,43,1,1,0,0,3,3,11,25,9,7,4,0,0,454,25,0,1,0,0,0,2,15,38,47,0,0,4,21,18,5,1,9,19,27,0,0,0,9,3259,0,0,0,2,0,23,15,28,36,38,0,0,0
0,0,0,0,0,0,1,0,0,0,0,43,1,0,2,0,0,0,0,0,0,2,0,0,58,0,0,1,0,1,0,0,0,25,1,0,0,0,0,0,0,0,0,0,0,0,0,0,4441,159,36,1,70,0,0,0,0,0,0,689,23
0,0,0,0,0,0,1,0,0,0,0,74,2,0,0,0,0,0,0,0,0,0,0,0,4,0,0,0,1,0,0,0,0,11,0,0,0,0,0,0,0,0,0,0,0,0,0,0,63,1524,5,0,0,0,0,0,0,0,0,8,20
0,0,1,0,0,1,10,0,0,9,0,100,244,0,75,1,2,0,0,1,1,10,0,0,15,17,0,6,9,2,0,2,1,64,42,0,0,0,0,0,0,2,0,52,4,0,15,0,30,3,1867,1,21,0,0,0,0,0,1,15,1
0,0,0,0,0,0,5,0,0,0,69,28,9,330,28,61,0,0,1,11,0,56,0,0,31,3,111,17,4,1,0,0,0,10,5,356,3,12,32,4,3,0,0,0,116,356,60,4,7,4,16,2488,125,0,0,0,20,4,4,20,9
0,0,0,0,0,0,1,0,0,2,1,3,6,0,43,1,0,0,0,0,0,1,0,0,50,1,0,0,2,0,0,0,0,0,0,3,0,0,0,0,0,0,0,6,1,13,0,0,9,0,15,6,367,0,0,0,6,0,0,14,0
3,1,24,11,0,29,1,10,4,0,0,0,0,0,0,0,8,19,0,2,0,0,4,5,0,0,0,0,0,0,29,26,2,0,0,0,0,0,0,0,0,6,9,0,0,0,0,1,0,0,0,0,0,174,8,18,0,3,0,0,0
1,1,4,3,0,7,1,3,0,0,0,0,0,0,0,0,2,13,3,5,0,0,1,0,0,0,0,0,0,0,4,3,0,0,0,1,2,0,0,0,0,12,9,0,0,0,0,0,0,0,0,0,0,10,304,23,0,14,0,0,0
0,3,5,0,0,5,5,21,0,0,0,0,0,0,0,0,11,1,1,9,1,0,10,23,0,0,0,0,0,1,61,77,96,0,0,0,0,2,1,0,0,2,1,0,0,0,1,5,0,0,0,0,0,13,104,944,3,1,8,0,0
0,0,0,0,0,1,0,1,0,16,47,0,2,15,55,31,1,1,0,1,0,10,1,0,94,0,2,0,2,8,1,2,0,1,1,1,14,24,9,1,14,0,0,3,0,16,3,24,2,0,0,7,37,1,1,2,1007,12,2,3,2
6,0,2,46,0,21,1,4,6,1,5,0,0,0,2,0,1,25,8,8,0,3,2,5,0,0,0,0,0,0,3,6,4,0,0,0,107,11,1,2,0,6,60,0,0,0,2,33,0,0,0,0,0,26,52,2,10,1738,0,0,0
0,0,1,0,3,2,0,29,0,0,0,0,2,0,0,3,14,0,0,2,0,0,8,6,0,0,1,0,2,5,23,11,76,4,0,0,2,0,1,1,0,2,1,0,0,0,1,0,0,0,0,0,0,2,2,40,0,0,985,0,0
0,0,0,0,0,2,4,0,0,0,0,10,3,0,15,6,0,0,0,0,0,3,0,0,20,0,0,1,1,2,0,1,0,13,0,0,0,0,0,0,0,0,0,1,0,0,0,0,441,36,13,3,48,0,0,0,9,0,0,2157,60
0,0,0,0,0,0,0,0,0,0,0,0,0,0,1,0,0,0,0,0,0,0,0,0,0,0,0,0,0,0,0,0,0,4,0,0,0,0,0,0,0,0,0,0,0,0,0,0,0,9,0,0,0,0,0,0,0,0,0,3,93
