0.64603,0.70355,0.38766,0.6291,0.37394,0.50087,0.36364,0.56551,0.61175,0.39394,0.61429,0.52941,0.50855,0.72124,0.61995,0.68509,0.4697,0.41789,0.25751,0.40486,0.31579,0.67384,0.40136,0.51466,0.77683,0.61754,0.61053,0.96278,0.70041,0.75167,0.48059,0.62189,0.74991,0.71728,0.90265,0.81062,0.84864,0.72748,0.80945,0.55043,0.37835,0.53491,0.4318,0.8559,0.41084,0.60439,0.80323,0.84341,0.85526,0.85234,0.80199,0.68494,0.38685,0.19816,0.32848,0.49786,0.64594,0.77629,0.65679,0.72897,0.34231
0.67047
1336,38,142,314,151,9,0,21,138,0,0,0,0,0,0,0,7,2,0,0,0,0,67,0,0,0,0,0,0,0,1,0,0,0,0,0,1,0,0,0,0,55,9,0,0,0,0,13,0,0,0,0,0,4,0,0,0,0,0,0,0
37,2060,83,1,146,7,0,1,105,0,0,0,0,0,0,0,313,0,1,2,0,0,5,89,0,0,0,0,0,1,77,17,12,0,0,0,2,0,0,1,0,18,1,0,1,0,1,0,0,0,0,0,0,0,0,6,0,0,0,0,0
77,75,842,59,73,147,0,9,92,0,0,0,0,0,0,0,89,23,1,0,0,0,13,7,0,0,0,0,0,0,16,37,1,0,0,0,2,1,0,0,0,73,12,0,1,0,1,9,0,0,0,0,0,31,8,3,0,1,0,0,0
284,1,53,1401,20,8,0,8,51,0,0,0,0,0,0,0,1,44,0,0,0,0,19,0,0,0,0,0,0,0,0,0,0,0,0,0,14,0,0,0,0,92,98,0,0,0,1,18,0,0,0,0,0,8,9,0,0,41,0,0,0
34,24,23,5,439,1,0,2,5,0,0,0,0,0,0,0,4,0,0,0,0,0,2,1,0,0,0,0,0,0,0,0,0,0,0,0,2,0,0,0,0,15,1,0,0,0,0,0,0,0,0,0,0,0,0,1,0,0,0,0,0
22,21,267,41,11,1153,26,45,30,0,3,0,0,0,1,0,47,166,28,46,0,0,14,5,1,1,0,1,1,1,25,217,3,0,1,0,45,5,5,1,1,102,32,0,4,0,15,13,0,0,0,2,1,90,50,11,10,15,0,0,0
0,1,0,0,0,8,124,0,0,0,2,0,0,0,0,1,0,1,1,7,0,13,0,0,1,0,1,0,2,1,0,11,0,1,2,1,0,0,0,0,0,0,0,3,3,0,0,0,0,0,0,0,1,0,1,2,1,0,0,2,0
4,7,10,9,1,42,12,1515,9,0,0,0,0,0,0,0,30,3,8,10,0,0,461,4,0,0,2,0,0,1,31,53,7,0,0,0,2,0,1,0,1,9,3,0,1,0,7,220,0,0,0,1,0,20,17,30,2,7,1,0,0
69,69,62,9,25,6,0,1,1426,0,0,0,0,0,0,0,12,0,1,0,0,0,7,49,0,0,0,0,0,0,1,7,2,0,0,0,0,0,0,0,0,1,24,0,0,0,1,3,0,0,0,0,0,7,1,0,0,0,0,0,0
0,0,0,0,0,1,0,0,1,156,1,0,7,0,13,0,0,4,0,0,0,1,0,1,0,1,0,0,2,0,1,0,0,0,0,0,0,2,0,0,0,0,0,24,0,0,2,2,0,0,0,0,0,0,0,0,0,1,2,1,0
0,0,0,1,0,0,0,0,0,1,954,0,4,62,8,7,0,0,2,1,0,14,0,0,0,0,29,4,0,0,0,0,0,0,0,9,2,13,4,1,1,0,0,0,12,162,2,3,0,0,1,22,0,0,1,0,39,10,0,0,0
0,0,0,0,0,0,0,0,0,0,0,459,1,0,0,0,0,0,0,0,0,0,0,0,0,0,0,0,0,0,0,0,0,52,2,0,0,0,0,0,0,0,0,0,0,0,0,0,20,29,22,0,2,0,0,0,0,0,0,1,2
1,0,1,0,1,3,1,1,0,12,0,14,476,1,40,4,0,0,0,2,0,0,0,0,7,31,0,1,12,4,3,2,1,40,10,1,1,1,0,0,1,1,0,13,8,0,3,0,4,0,127,1,5,0,0,0,0,1,13,3,2
0,0,0,0,0,0,0,2,0,2,161,4,5,2000,39,115,0,0,0,6,0,20,0,0,18,4,180,12,4,4,0,0,0,9,1,46,5,9,41,5,1,0,0,0,28,72,4,0,2,4,1,387,17,1,0,1,47,3,6,9,16
0,0,1,0,0,13,2,3,0,32,25,0,31,33,951,39,2,0,1,6,0,4,0,5,15,4,6,5,7,3,8,5,4,2,1,2,14,16,12,2,26,0,1,13,4,10,9,0,2,0,23,16,38,0,3,1,67,5,3,10,0
0,0,0,0,0,2,0,11,1,0,5,0,4,34,20,1029,0,0,0,2,1,0,4,4,0,0,5,0,2,13,3,16,3,0,0,3,10,6,20,3,99,1,3,0,0,0,2,4,0,0,1,1,2,0,1,8,19,1,15,0,2
10,376,213,6,98,54,0,44,69,0,0,0,1,0,0,0,1186,3,0,4,1,0,145,128,0,0,0,0,0,1,235,113,11,0,0,0,3,1,0,0,1,89,14,0,0,0,3,13,0,0,0,0,0,20,4,15,0,0,9,0,0
6,0,5,14,3,13,0,0,0,0,0,0,0,0,0,0,0,542,0,0,1,0,2,0,0,0,0,0,0,0,0,2,0,0,0,0,58,0,0,1,0,27,11,0,0,0,1,0,0,0,0,0,0,4,8,0,0,13,0,0,0
0,0,0,0,0,3,0,0,0,0,0,0,0,0,0,0,0,0,60,6,0,0,0,0,0,0,0,0,0,0,0,0,1,0,0,0,0,8,4,0,0,0,0,0,1,0,0,0,0,0,0,0,0,0,0,0,0,0,0,0,0
0,0,1,0,0,18,2,1,0,0,0,0,1,1,2,0,0,2,11,383,4,2,0,2,0,0,0,0,0,1,3,15,2,0,0,0,0,15,32,12,6,0,1,0,3,0,1,2,0,0,0,0,0,0,5,2,1,3,0,0,0
0,0,0,0,0,0,0,0,0,0,0,0,0,0,0,0,0,0,0,0,24,0,0,0,0,0,0,0,0,0,0,0,0,0,0,0,0,0,0,5,0,1,0,0,0,0,0,0,0,0,0,0,0,0,0,0,0,0,0,0,0
0,0,0,1,0,0,3,1,0,0,4,1,0,1,3,0,0,1,2,19,0,752,0,0,20,1,0,4,9,0,0,2,1,1,1,7,1,2,3,4,0,0,0,1,26,19,8,1,0,0,3,29,12,0,2,1,11,8,1,0,0
5,18,13,3,4,4,0,377,7,0,0,0,0,0,0,0,30,2,0,0,0,0,887,9,0,0,0,0,0,0,20,10,1,0,0,0,1,0,0,0,0,6,1,0,0,0,0,119,0,0,0,0,0,3,4,11,0,1,1,0,0
0,27,2,0,0,1,0,1,44,0,0,0,0,0,0,0,34,0,0,1,1,0,2,1299,0,0,0,0,0,3,73,34,137,0,0,0,0,0,0,0,0,1,9,0,0,0,1,2,0,0,0,0,0,1,1,37,0,0,1,0,0
0,0,0,0,0,0,1,0,0,2,0,1,2,0,22,0,0,0,0,0,0,9,0,0,1455,1,0,1,1,0,0,0,0,0,5,1,0,0,0,0,0,0,0,13,4,13,1,0,5,2,10,1,111,0,0,0,26,0,0,0,2
1,0,1,0,0,0,0,1,0,13,0,0,32,0,4,0,0,1,0,3,1,0,1,0,2,683,3,0,4,2,0,0,0,6,75,0,2,0,0,0,0,0,0,4,0,0,1,8,0,0,6,0,0,0,0,0,0,0,5,1,0
0,0,0,0,0,0,0,2,0,0,54,0,2,107,7,21,0,1,1,3,2,3,0,0,0,13,1044,2,1,5,0,1,0,0,1,175,0,1,9,9,6,0,0,0,5,18,7,1,0,0,0,36,0,0,1,2,13,0,7,0,0
0,0,0,0,0,0,0,0,0,0,6,0,0,16,2,0,0,0,0,0,0,0,0,0,0,0,0,6312,1,0,0,0,0,0,0,0,0,2,1,0,0,0,0,1,576,5,2,0,0,0,0,4,0,0,0,0,0,0,0,0,0
0,0,0,0,1,1,0,2,0,1,0,2,0,0,7,2,0,1,1,2,0,11,1,0,6,4,0,2,512,42,2,3,1,0,26,0,0,1,0,0,0,0,1,17,5,0,10,0,0,2,18,0,2,0,1,0,2,1,3,7,0
2,8,2,0,4,1,1,6,5,0,0,0,0,0,0,5,6,2,1,2,0,0,2,1,0,3,0,0,37,675,5,4,10,0,1,0,7,1,2,0,5,2,6,1,1,0,4,1,0,0,0,0,0,0,1,1,6,2,17,0,1
0,62,63,0,6,105,1,70,23,0,0,0,0,0,0,0,384,6,1,16,2,0,60,269,0,0,0,0,0,3,1411,537,290,0,0,0,2,0,0,3,1,62,12,0,0,0,1,4,0,0,0,0,0,71,30,202,1,0,62,0,1
1,56,122,0,8,490,120,116,75,0,2,0,0,2,1,3,249,5,15,155,20,0,58,197,1,0,2,0,3,15,652,2546,540,0,2,1,16,8,24,43,5,36,10,1,4,0,28,28,3,0,0,0,0,103,76,266,10,2,28,1,1
0,3,0,0,1,1,5,8,11,0,0,0,0,0,0,1,7,1,1,10,7,0,0,298,0,0,0,1,0,2,156,200,4060,0,0,0,3,0,3,5,0,1,3,0,1,0,6,3,0,0,0,0,0,4,17,192,0,0,198,0,0
0,0,0,0,0,0,1,0,0,0,0,92,33,0,0,2,0,0,0,0,0,0,0,0,1,1,0,0,0,0,1,0,0,685,2,0,0,0,0,0,0,0,0,0,0,0,0,0,9,15,24,0,0,0,0,0,0,0,7,10,18
0,0,0,0,0,1,8,0,0,8,0,16,47,0,27,0,0,1,2,3,0,6,1,0,6,291,0,1,24,0,1,0,0,11,2346,2,0,2,0,0,0,0,0,34,11,0,11,1,31,6,90,1,6,0,2,0,0,2,4,0,0
0,0,0,0,0,0,0,0,0,0,16,1,1,33,6,1,0,0,0,1,0,142,0,0,6,8,221,8,13,7,0,0,0,1,8,3176,0,1,0,2,0,0,0,0,53,195,14,0,2,2,0,301,16,0,0,0,7,0,1,0,1
48,4,39,101,47,45,0,4,115,3,5,0,0,2,22,22,8,260,6,4,0,1,3,22,0,1,0,1,0,4,11,13,35,0,0,0,2624,36,22,4,45,144,116,0,0,1,9,28,0,0,0,3,0,56,71,4,23,198,28,0,0
0,0,0,1,0,5,0,3,0,12,54,0,0,7,25,8,1,3,33,38,0,1,0,5,3,1,8,9,1,7,1,6,3,0,0,0,18,1954,326,60,39,4,4,0,7,14,4,7,0,0,0,5,0,1,7,2,61,18,3,0,0
0,1,5,3,1,13,4,5,0,1,31,0,2,80,40,80,1,2,26,138,2,5,1,4,2,1,28,3,1,9,8,13,4,0,0,8,36,479,2965,437,338,4,4,0,19,2,17,4,0,1,0,30,5,3,14,9,67,10,9,3,1
0,0,0,0,0,0,0,2,0,0,4,0,0,3,0,3,0,0,6,5,0,0,0,0,0,0,21,0,0,1,0,4,4,0,0,6,4,23,83,764,9,0,0,0,4,0,2,0,0,0,0,4,0,0,3,5,1,4,2,0,0
1,0,2,1,0,0,0,3,0,0,0,0,0,0,1,27,0,0,1,4,0,0,2,4,0,0,0,0,1,2,0,3,1,0,0,0,4,12,30,6,381,0,8,0,0,0,1,0,0,0,0,0,0,0,4,1,4,0,2,0,0
31,13,115,106,73,39,0,4,13,0,0,0,0,0,0,0,23,132,0,1,0,0,2,3,0,0,0,0,0,0,5,2,1,0,0,0,25,0,0,0,0,950,26,0,0,0,0,4,0,0,0,0,0,12,46,5,0,4,0,0,0
1,0,0,15,0,1,0,0,20,0,0,0,0,0,0,0,0,1,0,0,0,0,1,5,0,0,0,0,0,0,1,1,0,0,0,0,3,0,0,0,0,4,440,0,0,0,0,1,0,0,0,0,0,1,0,0,0,1,0,0,0
0,1,0,0,2,3,0,0,0,108,0,1,14,0,31,0,1,2,0,0,0,0,0,1,17,23,0,2,26,0,1,1,0,3,32,0,3,0,0,0,0,0,0,1176,1,1,6,0,2,5,26,0,2,1,0,0,1,0,0,0,0
0,0,0,0,0,0,3,1,0,0,9,0,1,7,2,0,0,0,0,3,0,31,1,0,4,0,2,143,9,2,0,0,0,0,0,11,1,2,3,1,0,0,0,1,397,18,34,0,0,0,1,16,1,0,0,0,3,5,2,0,0
0,0,0,0,0,0,0,0,0,3,89,0,2,16,4,0,0,0,0,0,0,16,0,0,8,0,14,7,0,0,0,0,0,0,0,53,0,3,2,1,0,0,0,2,22,1514,8,0,0,0,1,150,18,0,0,0,13,0,0,0,0
20,33,24,32,31,23,5,11,28,13,9,0,2,13,15,21,27,18,0,15,5,7,15,40,2,5,17,6,32,64,39,58,42,0,25,21,34,19,28,10,11,22,65,7,38,12,1343,13,0,0,3,38,1,3,11,6,14,55,77,0,1
66,24,40,30,25,17,0,341,51,1,1,0,0,1,1,6,33,5,7,4,1,0,388,29,0,1,1,0,0,2,18,30,58,0,0,1,25,14,2,1,10,27,20,0,1,1,11,3210,0,0,0,1,0,31,21,34,36,42,1,0,0
0,0,0,0,0,0,0,0,0,0,0,51,0,0,1,0,0,0,0,0,0,1,0,0,55,0,0,0,0,1,0,0,0,24,0,0,0,0,0,0,0,0,0,0,0,0,0,0,4485,143,40,0,81,0,0,0,0,0,0,650,22
0,0,0,0,0,0,1,0,0,0,0,85,0,0,0,0,0,0,0,0,0,0,0,0,5,0,0,0,1,0,0,0,0,15,0,0,0,0,0,0,0,0,0,0,1,0,0,0,68,1495,3,0,1,0,0,0,0,0,0,9,29
0,0,0,0,0,1,7,0,0,13,0,95,245,0,70,1,3,0,0,2,0,10,1,0,15,22,0,5,18,1,0,0,0,66,52,0,0,0,0,0,0,1,0,54,6,0,11,0,30,4,1851,0,20,0,1,0,0,0,2,14,4
0,0,0,0,0,0,2,0,0,1,62,34,9,337,47,57,0,0,1,10,0,50,0,0,41,3,123,24,3,1,0,0,0,15,4,385,2,14,31,2,2,0,0,0,151,417,70,3,12,4,19,2311,112,0,0,0,31,7,4,16,6
0,0,0,0,0,0,1,0,0,0,1,3,4,1,43,1,0,0,0,0,0,1,0,0,67,1,0,1,0,1,0,0,0,0,0,5,0,0,0,0,0,0,0,5,2,18,1,0,10,0,17,5,347,0,1,0,3,0,0,12,0
4,0,25,16,0,36,0,7,5,0,0,0,0,0,0,0,11,23,0,1,0,0,5,9,0,0,0,0,0,0,35,37,2,0,0,0,1,0,0,0,0,6,8,0,0,0,0,2,0,0,0,0,0,129,9,22,0,4,0,0,0
0,0,6,4,1,10,0,3,0,0,0,0,0,0,0,0,3,12,3,4,0,0,3,0,0,0,0,0,0,0,2,4,0,0,0,0,7,0,0,0,0,9,4,0,0,0,1,1,0,0,0,0,1,11,293,24,0,20,0,0,0
0,4,2,0,1,3,4,21,1,0,0,0,0,0,0,0,7,0,4,13,4,0,18,26,0,0,0,0,0,2,58,78,91,0,0,0,0,0,3,0,1,1,2,0,0,0,0,7,0,0,0,0,0,15,111,931,2,1,4,0,0
0,0,1,0,0,1,0,5,0,14,49,0,4,16,58,36,1,2,1,1,0,11,1,0,97,1,2,0,1,5,2,2,0,0,1,3,14,23,5,0,16,0,0,4,0,13,1,24,3,0,0,7,41,0,3,2,987,14,2,2,2
8,0,5,54,0,11,2,3,6,0,6,0,0,0,0,0,0,26,7,11,0,4,6,3,0,0,0,0,0,1,5,6,4,0,0,0,96,12,0,4,1,9,70,0,1,0,3,34,0,0,0,0,0,16,47,2,10,1735,1,0,0
0,2,2,0,1,1,1,18,0,0,0,0,3,0,0,2,5,0,0,2,0,0,12,5,0,0,0,0,2,8,25,3,82,4,0,0,2,0,1,1,0,3,0,0,0,0,3,0,0,0,0,1,0,5,7,31,0,0,997,0,0
0,0,0,0,0,1,4,0,0,0,0,8,3,0,20,7,0,0,0,0,0,1,0,0,18,1,1,1,1,3,0,1,0,20,1,1,0,0,0,0,0,0,0,0,0,0,0,0,554,30,20,1,54,0,0,0,10,0,0,2028,60
0,0,0,0,0,0,0,0,0,0,0,0,0,0,1,1,0,0,0,0,0,0,0,0,0,0,0,0,0,0,0,0,0,0,0,0,0,0,1,0,0,0,0,0,0,0,0,0,2,12,1,0,0,0,0,0,0,0,0,3,89
