0.6497,0.72737,0.41974,0.65933,0.39217,0.49857,0.35088,0.58373,0.62084,0.42276,0.63375,0.55855,0.52778,0.74573,0.65183,0.70319,0.49394,0.41673,0.30876,0.42218,0.31884,0.66812,0.42347,0.54335,0.78778,0.65042,0.6287,0.97199,0.72245,0.76711,0.50722,0.62167,0.76067,0.73319,0.90783,0.81986,0.85502,0.74137,0.81779,0.56519,0.38934,0.57565,0.44235,0.86132,0.46671,0.6407,0.79988,0.86924,0.87586,0.85466,0.81441,0.69633,0.38854,0.20897,0.35102,0.5078,0.67997,0.78189,0.6772,0.72721,0.36078
0.68493
1417,41,133,292,131,7,0,20,129,0,0,0,0,0,0,0,7,7,0,0,0,0,67,0,0,0,0,0,0,0,1,1,0,0,0,0,1,0,0,0,0,34,9,0,0,0,0,7,0,0,0,0,0,4,0,0,0,0,0,0,0
34,2065,82,1,144,4,0,1,123,0,0,0,0,0,0,0,325,0,0,3,0,0,8,72,0,0,0,0,0,1,71,27,11,0,0,0,1,0,1,0,0,7,1,0,0,0,0,0,0,0,0,0,0,0,1,4,0,0,0,0,0
76,64,842,51,76,162,0,10,88,0,0,0,0,0,0,0,86,27,0,0,0,0,10,5,0,0,0,0,0,0,17,30,1,0,0,0,3,0,0,0,0,87,10,0,0,0,1,7,0,0,0,0,0,42,4,2,0,2,0,0,0
318,1,50,1378,29,6,0,9,39,0,0,0,0,0,0,0,1,51,0,0,0,0,20,0,0,0,0,0,0,0,0,0,0,0,0,0,13,0,0,0,0,98,91,0,0,0,1,10,0,0,0,0,0,12,11,0,0,33,0,0,0
30,25,19,3,451,1,0,1,4,0,0,0,0,0,0,0,6,0,0,0,0,0,2,1,0,0,0,0,0,0,0,0,0,0,0,0,2,0,0,0,0,14,0,0,0,0,0,0,0,0,0,0,0,0,0,0,0,0,0,0,0
21,19,224,34,23,1217,38,49,27,0,3,0,0,0,0,1,42,163,25,38,1,0,19,5,0,0,0,0,0,2,20,197,5,0,0,0,45,10,5,0,1,91,28,0,3,0,16,12,0,0,0,1,1,91,65,8,12,16,1,0,0
0,1,0,0,0,8,140,0,0,0,0,0,0,0,0,1,0,0,2,5,0,9,0,0,1,0,1,1,1,1,0,8,0,0,2,1,0,0,0,0,0,0,0,1,3,0,0,0,0,0,0,0,1,0,0,1,1,0,0,1,1
5,8,6,7,1,48,9,1586,12,0,0,0,0,0,0,2,35,5,5,10,0,0,392,1,0,0,1,1,0,1,28,73,6,0,0,0,3,1,1,0,0,7,5,0,2,0,3,197,0,0,1,0,0,20,13,37,1,6,0,0,2
72,50,71,7,20,6,0,7,1436,0,0,0,0,0,0,0,14,0,1,0,0,0,6,37,0,0,0,0,0,0,1,5,2,0,0,0,0,0,0,0,0,4,33,0,0,0,1,3,0,0,0,0,0,7,0,0,0,0,0,0,0
0,0,0,0,0,1,0,1,1,156,1,0,6,0,10,0,0,2,0,0,0,1,0,0,0,2,0,0,0,0,1,0,0,0,1,0,0,2,0,0,0,0,0,27,1,0,2,2,0,0,1,0,0,0,0,0,1,1,2,1,0
0,0,0,0,0,0,0,0,0,2,969,0,2,58,10,8,0,1,2,1,0,10,0,0,1,2,25,3,0,0,0,0,0,0,0,8,2,9,2,1,1,0,0,0,12,152,1,2,0,0,1,28,3,0,1,0,41,11,0,0,0
0,0,0,0,0,0,0,0,0,0,0,477,2,0,0,0,0,0,0,0,0,0,0,0,0,0,0,0,0,0,0,0,0,47,1,0,0,0,0,0,0,0,0,0,0,0,0,0,12,24,20,0,2,0,0,0,0,0,0,1,4
0,0,1,1,0,2,1,0,0,7,0,10,513,0,30,5,0,1,0,1,0,0,2,0,10,20,1,2,14,2,1,6,0,46,10,1,0,2,0,0,0,2,0,10,6,0,1,0,3,0,122,1,3,0,0,0,0,1,8,5,2
0,0,0,0,0,0,1,2,0,2,159,7,7,2050,43,100,0,0,0,4,1,21,0,0,11,3,160,8,2,3,0,0,0,6,1,43,4,8,39,6,1,0,0,0,26,59,8,0,2,1,1,406,22,1,0,1,39,5,7,8,13
0,1,1,0,1,11,2,0,0,28,25,0,45,21,981,35,2,1,0,6,1,4,0,3,7,6,7,3,2,5,13,5,1,0,2,2,14,12,6,2,31,0,0,14,6,8,7,0,3,0,22,10,54,0,1,1,60,2,2,9,0
0,0,3,0,0,1,1,6,0,0,1,0,7,36,22,1059,0,1,1,1,0,0,1,1,0,1,5,0,1,10,3,17,4,0,0,2,8,10,16,3,94,0,0,0,0,0,6,3,1,0,0,1,3,0,2,5,12,1,9,1,1
9,330,183,3,92,65,0,49,72,0,0,0,1,0,0,0,1304,3,0,3,0,0,112,112,0,0,0,0,0,1,212,131,10,0,0,0,1,0,1,0,1,90,18,0,0,0,5,9,0,0,0,0,0,23,11,14,0,0,5,0,0
6,0,5,12,2,13,0,0,0,0,0,0,0,0,0,0,0,568,0,0,1,0,1,0,0,0,0,0,0,0,0,1,0,0,0,0,46,0,0,1,0,20,8,0,0,0,2,1,0,0,0,0,0,4,5,0,1,14,0,0,0
0,0,0,0,0,3,0,0,0,0,0,0,0,0,0,0,0,0,67,2,0,0,0,0,0,0,0,0,0,0,0,1,1,0,0,0,0,5,2,0,0,0,0,0,1,0,0,0,0,0,0,0,0,1,0,0,0,0,0,0,0
0,2,1,0,0,10,9,0,0,0,0,0,1,1,3,0,0,1,4,415,2,1,0,0,0,0,0,0,0,1,1,8,2,0,0,0,1,11,31,10,3,1,0,0,1,0,1,3,0,0,0,0,0,1,3,2,2,1,1,0,0
0,0,0,0,0,0,0,0,0,0,0,0,0,0,0,0,0,0,0,1,22,0,0,0,0,0,0,0,0,0,0,0,0,0,0,0,0,0,0,6,0,0,0,0,0,0,0,0,0,0,0,0,0,0,1,0,0,0,0,0,0
0,0,0,0,0,1,7,2,0,0,5,0,0,3,4,0,0,2,3,13,0,765,0,0,15,1,0,4,6,0,0,0,2,1,1,9,0,4,2,3,0,0,0,2,20,15,8,0,0,0,4,27,17,0,1,0,9,7,1,2,0
7,14,13,2,4,5,0,391,2,0,0,0,0,0,0,0,33,1,0,0,0,0,913,5,0,0,0,0,0,0,17,10,1,0,0,0,1,0,0,0,0,2,4,0,0,0,0,82,0,0,0,0,0,12,4,10,0,2,2,0,0
0,26,2,0,0,0,0,3,53,0,0,0,0,0,0,0,35,0,0,2,1,0,3,1291,0,0,0,0,0,1,70,36,127,0,0,0,1,0,0,0,0,1,16,0,0,0,1,0,0,0,0,0,0,4,1,37,0,0,1,0,0
0,0,0,0,0,0,0,0,0,1,0,1,1,1,14,0,0,0,0,1,0,7,0,0,1470,0,0,2,2,0,0,0,0,0,3,2,0,0,0,0,0,0,0,12,6,9,0,0,4,4,9,5,107,0,0,0,26,0,0,1,1
0,0,1,0,0,1,0,0,0,6,0,0,29,0,6,0,0,1,0,3,0,2,1,0,1,694,4,0,4,2,0,1,0,2,76,0,2,1,0,0,0,0,2,2,0,0,1,4,1,0,5,0,1,0,0,1,0,1,4,1,0
0,0,0,0,0,0,0,1,0,0,44,0,2,94,8,19,0,0,0,4,0,4,1,0,0,10,1082,2,2,3,0,1,0,0,1,173,0,3,8,11,4,0,0,0,9,18,7,1,0,0,0,23,1,0,1,2,12,1,8,0,0
0,0,0,0,0,0,0,0,0,0,12,0,0,7,1,0,0,0,0,3,1,0,0,0,0,0,1,6176,2,0,0,0,0,0,0,0,0,0,1,0,0,0,0,1,708,3,2,0,0,0,0,10,0,0,0,0,0,0,0,0,0
0,0,1,0,1,1,3,2,0,1,0,2,0,0,3,2,0,1,2,2,0,7,0,0,4,7,0,3,531,48,0,3,2,0,16,0,0,0,0,0,0,0,0,17,2,0,9,0,1,2,11,0,2,0,2,0,2,1,5,4,0
3,6,2,1,4,1,1,6,1,0,0,0,0,0,0,4,13,1,0,1,0,0,0,2,0,0,0,0,35,695,4,6,8,0,3,0,6,3,2,0,3,0,4,1,0,0,3,1,0,0,0,0,0,1,0,3,3,1,13,0,0
0,52,50,2,4,106,2,63,28,0,0,0,0,0,0,0,374,6,2,11,2,0,50,245,0,0,0,0,0,3,1440,581,295,0,0,0,3,0,0,1,1,62,12,0,0,0,4,5,0,0,0,0,0,90,25,180,0,0,61,0,1
3,39,85,0,8,544,136,116,76,0,1,0,1,2,2,4,225,4,8,155,17,2,41,202,1,0,1,0,2,13,590,2634,505,0,2,5,19,6,26,37,5,29,12,0,3,0,22,27,0,0,2,1,0,135,73,270,10,1,35,9,4
0,5,0,0,1,1,3,8,11,0,0,0,0,0,0,1,9,1,2,12,9,0,1,256,0,0,0,0,0,6,143,195,4135,0,0,0,4,0,3,5,0,0,5,0,3,0,4,2,0,0,0,0,0,5,12,197,0,0,170,0,0
0,0,0,0,0,0,0,0,0,0,0,80,31,0,0,2,0,0,0,0,0,1,0,0,1,0,0,0,0,1,0,0,0,698,2,0,0,0,0,0,0,0,0,0,0,0,0,0,13,17,23,0,0,0,1,0,0,0,6,11,14
0,0,0,2,0,0,4,1,0,9,0,12,43,0,18,1,0,2,3,4,0,6,0,0,11,273,0,4,34,0,2,0,0,13,2354,7,1,3,0,0,0,0,0,40,12,0,14,0,37,6,77,2,2,0,0,0,0,2,2,2,0
0,0,0,0,0,0,1,0,0,0,13,0,0,28,5,1,0,0,0,3,0,142,0,0,17,9,237,4,9,6,0,0,0,0,7,3204,0,0,0,2,0,0,0,0,41,178,14,0,1,1,0,297,16,0,0,0,4,0,1,1,2
46,2,43,76,46,38,0,5,99,1,4,0,0,1,21,22,6,276,6,4,0,2,5,19,0,0,0,0,0,5,7,10,35,0,0,0,2701,32,24,6,35,123,108,0,1,2,17,23,0,0,0,2,0,69,75,5,17,203,14,2,0
1,1,0,0,1,5,2,3,0,13,46,0,0,6,23,7,3,2,29,39,2,4,1,3,1,1,2,5,0,3,4,10,4,0,0,0,25,1998,312,55,32,3,4,0,7,12,7,9,0,0,0,3,0,3,8,2,47,19,2,0,0
0,1,5,4,3,7,5,5,1,5,24,0,1,81,47,61,0,3,26,168,5,7,1,3,2,4,22,2,2,15,7,12,2,0,0,3,34,455,2998,418,347,3,1,0,11,5,24,4,1,1,0,37,1,1,13,8,56,13,9,2,3
0,0,0,0,0,0,0,1,0,0,5,0,0,4,0,1,0,0,2,7,0,0,0,0,0,0,27,0,0,3,1,3,4,0,0,1,2,18,80,776,5,0,0,0,4,1,3,0,0,0,0,3,1,0,3,3,2,4,3,0,0
1,0,2,0,0,2,0,3,1,0,0,0,0,0,2,26,0,0,2,3,0,0,1,6,0,0,0,0,1,1,2,3,0,0,0,0,4,12,28,7,380,2,3,0,0,0,2,0,0,0,0,0,0,0,3,1,5,0,3,0,0
24,14,98,76,63,46,0,4,11,0,0,0,0,0,0,0,19,143,1,0,0,0,4,1,0,0,0,0,0,0,4,2,1,0,0,0,20,0,0,0,0,1012,31,0,0,0,0,4,0,0,0,0,0,13,36,4,0,4,0,0,0
0,0,2,11,0,1,0,0,18,0,0,0,0,0,0,0,0,1,0,0,0,0,1,1,0,0,0,0,0,0,0,1,0,0,0,0,6,0,0,0,0,3,445,0,0,0,0,1,0,0,0,0,0,3,1,0,0,1,0,0,0
0,1,1,0,0,3,1,0,0,93,0,3,13,0,21,0,1,1,0,0,0,0,0,0,11,13,0,1,21,1,0,1,0,1,25,0,3,0,0,0,0,0,0,1236,3,1,6,0,2,3,24,0,3,0,0,0,0,0,0,0,0
0,0,0,0,0,1,2,1,0,0,7,0,1,5,2,0,0,0,0,4,0,29,0,0,7,0,3,100,14,5,0,0,0,0,2,12,0,3,1,1,0,0,0,0,431,15,39,0,0,0,0,17,3,0,0,0,3,5,1,0,0
0,0,0,0,0,0,0,0,0,3,73,0,3,16,4,0,0,0,0,0,0,14,0,0,14,0,11,6,0,0,0,0,0,0,0,49,0,3,1,1,0,0,0,2,25,1546,7,0,0,0,0,143,13,0,0,0,12,0,0,0,0
28,41,21,38,24,27,2,11,29,9,13,0,4,12,14,21,29,19,1,16,3,4,11,36,2,4,17,2,26,50,40,45,46,0,27,18,35,17,27,13,11,14,50,13,46,11,1359,7,0,0,5,52,0,7,12,11,14,56,78,0,1
69,23,24,26,19,23,2,284,43,1,1,0,0,2,3,16,29,8,7,4,0,0,453,27,0,1,0,0,0,1,16,38,51,0,0,4,22,19,6,1,8,22,27,0,0,0,11,3244,0,0,0,1,0,15,17,26,32,42,0,0,2
0,0,0,0,0,0,1,0,0,0,0,43,1,0,0,0,0,0,0,0,0,3,0,0,55,0,0,1,0,0,0,0,0,22,2,0,0,0,0,0,0,0,0,0,0,0,0,0,4445,143,43,1,82,0,0,0,0,0,0,689,23
0,0,0,0,0,0,1,0,0,0,0,75,2,0,0,0,0,0,0,0,0,0,0,0,4,0,0,0,2,0,0,0,0,10,0,0,0,0,0,0,0,0,0,0,0,0,0,0,57,1523,5,0,1,0,0,0,0,0,0,7,26
0,1,1,1,1,1,8,0,0,15,0,102,240,1,65,1,2,0,0,1,0,11,1,0,16,14,0,6,12,2,0,1,1,66,47,0,0,0,0,0,0,1,0,49,4,0,12,0,29,7,1865,0,24,0,0,0,0,0,1,14,2
0,0,0,0,0,0,3,0,0,0,69,29,8,307,35,60,0,0,1,12,0,71,0,0,36,1,111,17,2,2,0,0,0,11,4,358,2,14,32,4,2,0,0,0,118,349,58,3,12,3,16,2488,123,0,0,0,24,3,5,19,11
0,0,0,0,0,0,1,0,0,2,1,2,5,0,38,1,0,0,0,0,0,1,0,0,57,0,0,0,2,0,0,0,0,0,1,4,0,0,0,0,0,0,0,5,1,12,0,0,10,0,18,5,366,0,0,0,6,0,0,13,0
3,1,21,15,0,30,2,9,4,0,0,0,0,0,0,0,12,21,1,1,0,0,4,5,0,0,0,0,0,0,33,26,2,0,0,0,2,0,0,0,0,7,8,0,0,0,0,0,0,0,0,0,0,163,8,17,0,2,0,0,0
1,1,4,2,0,8,2,4,0,0,0,0,0,0,0,0,2,13,3,4,0,0,1,0,0,0,0,0,0,0,3,3,0,0,0,1,2,0,0,0,0,11,6,0,0,0,1,0,0,0,0,0,0,11,311,19,0,13,0,0,0
0,2,5,0,0,5,3,21,1,0,0,0,0,0,0,0,10,0,1,7,1,0,10,26,0,0,0,0,0,1,63,81,87,0,0,0,0,2,2,0,0,3,1,0,0,0,2,6,0,0,0,0,0,13,108,944,1,1,8,0,0
0,0,1,0,0,1,0,2,0,15,47,0,1,13,55,33,2,1,0,1,0,10,1,0,88,0,2,0,2,5,0,4,0,1,1,1,15,22,8,0,10,0,0,3,1,17,3,24,2,0,1,7,49,0,2,2,1005,14,2,4,0
7,0,2,45,0,14,0,4,4,0,6,0,0,0,0,0,1,25,9,7,0,4,4,7,0,0,0,0,0,1,3,8,5,0,1,0,103,10,1,2,1,3,63,0,0,0,2,29,0,0,0,0,0,28,47,1,9,1753,0,0,0
0,2,1,0,1,3,0,26,0,0,0,0,0,0,0,5,13,0,1,1,0,0,8,4,0,0,1,0,2,3,21,11,80,6,0,0,2,0,0,1,0,2,1,0,0,0,2,0,0,0,0,0,0,1,4,41,0,0,986,0,0
0,0,0,0,0,1,6,0,0,0,0,10,2,0,15,7,0,0,0,0,0,3,0,0,23,1,0,1,2,3,0,1,0,19,1,0,0,0,0,0,0,0,0,0,0,0,0,0,439,37,14,2,41,0,0,0,9,0,0,2162,50
0,0,0,0,0,0,0,0,0,0,0,1,0,0,0,0,0,0,0,0,0,0,0,0,0,0,0,0,0,0,0,0,0,3,0,0,0,0,0,0,0,0,0,0,0,0,0,0,0,10,0,0,0,0,0,0,0,0,0,4,92
