0.6487,0.726,0.41671,0.65966,0.40177,0.49675,0.35938,0.58703,0.6243,0.41687,0.62129,0.54854,0.52594,0.73832,0.64361,0.70405,0.4937,0.40813,0.31604,0.41818,0.27059,0.67558,0.41896,0.53875,0.79001,0.6123,0.62998,0.97341,0.72517,0.77989,0.5111,0.62704,0.75993,0.73065,0.9039,0.82779,0.85507,0.74887,0.81715,0.58057,0.389,0.56652,0.43824,0.86714,0.46807,0.63748,0.80359,0.86771,0.87473,0.85586,0.81987,0.70134,0.39513,0.22074,0.34551,0.49762,0.67358,0.78527,0.67464,0.72488,0.36965
0.6844
1420,40,133,285,127,9,0,19,132,0,0,0,0,0,0,0,5,7,0,0,0,0,73,0,0,0,0,0,0,0,1,0,0,0,0,0,1,0,0,0,0,36,9,0,0,0,0,6,0,0,0,0,0,5,0,0,0,0,0,0,0
30,2072,80,1,145,3,0,1,121,0,0,0,0,0,0,0,318,0,0,3,1,0,5,75,0,0,0,0,0,1,71,26,12,0,0,0,1,0,0,0,0,12,1,0,0,0,1,3,0,0,0,0,0,0,0,4,0,0,0,0,0
78,67,843,53,70,173,1,12,92,0,0,0,0,0,0,0,76,31,0,0,0,0,11,3,0,0,0,0,0,0,19,26,1,0,0,0,1,0,0,0,0,84,9,0,0,0,0,7,0,0,0,0,0,38,5,2,0,1,0,0,0
330,1,51,1349,32,7,0,10,41,0,0,0,0,0,0,0,0,54,0,0,0,0,24,0,0,0,0,0,0,0,0,0,0,0,0,0,10,0,0,0,0,89,107,0,0,0,1,12,0,0,0,0,0,12,6,0,0,35,0,0,0
29,23,19,3,454,1,0,0,4,0,0,0,0,0,0,0,4,0,0,0,0,0,2,1,0,0,0,0,0,0,1,0,0,0,0,0,3,0,0,0,0,14,0,0,0,0,1,0,0,0,0,0,0,0,0,0,0,0,0,0,0
15,19,225,32,21,1221,39,53,23,0,3,0,0,0,1,1,41,164,30,38,1,0,14,3,0,0,0,0,0,1,21,199,5,0,0,0,47,8,5,1,0,105,27,0,3,0,15,13,0,0,0,1,1,86,61,10,8,16,2,0,0
0,1,0,0,0,8,134,0,0,0,1,0,0,0,0,1,0,0,1,5,0,10,0,0,1,0,1,0,1,1,0,10,0,0,3,1,0,0,0,0,0,0,0,1,4,0,0,0,0,0,0,0,0,0,1,1,2,0,1,2,0
4,8,12,6,1,50,7,1602,9,0,0,0,0,1,0,1,33,4,6,7,0,0,384,1,0,0,1,1,2,1,27,65,6,0,0,0,4,1,1,1,1,6,4,0,2,0,2,200,0,0,0,0,0,21,16,34,1,7,0,0,1
68,54,72,7,22,7,0,4,1439,0,0,0,0,0,0,0,14,0,0,0,0,0,6,36,0,0,0,0,0,0,1,6,2,0,0,0,0,0,0,0,0,4,31,0,0,0,1,4,0,0,0,0,0,5,0,0,0,0,0,0,0
0,0,0,0,0,0,0,1,1,168,1,0,5,0,12,0,0,1,0,0,0,1,1,0,1,1,0,0,1,0,0,1,0,0,0,0,0,1,0,0,0,0,0,17,1,0,2,1,0,0,1,0,0,1,0,0,0,1,2,1,0
0,0,0,0,0,0,0,0,0,1,963,0,0,60,8,7,0,1,1,1,0,11,0,0,0,1,27,3,0,0,0,0,0,0,0,9,2,10,2,0,2,0,0,0,12,162,1,2,0,0,1,28,1,0,1,0,42,10,0,0,0
0,0,0,0,0,0,0,0,0,0,0,469,2,0,0,0,0,0,0,0,0,0,0,0,0,0,0,0,0,0,0,0,0,51,1,0,0,0,0,0,0,0,0,0,0,0,0,0,12,23,24,0,2,0,0,0,0,0,0,2,4
0,0,1,0,0,3,2,0,0,9,0,12,517,0,29,3,0,0,0,2,0,0,1,0,12,27,0,2,13,3,2,4,1,41,10,1,0,2,1,0,1,1,0,11,7,0,2,0,4,1,109,1,4,0,0,0,0,1,7,5,1
0,0,0,0,0,2,1,2,0,1,181,4,6,2023,45,101,0,0,0,4,1,26,0,0,16,3,152,6,4,5,0,0,0,10,0,39,3,11,39,6,3,0,0,0,28,59,7,0,1,1,2,404,25,0,0,1,43,3,5,7,11
0,0,0,0,1,12,2,0,0,33,24,0,33,27,977,35,2,0,0,8,0,3,0,3,8,9,5,1,2,2,11,7,1,0,1,2,15,10,5,1,29,0,1,18,11,8,8,0,4,0,20,8,56,0,2,1,66,0,3,10,0
0,0,1,0,0,0,1,6,0,0,1,0,8,35,21,1061,0,2,0,1,0,0,1,1,0,1,5,0,2,12,5,11,7,0,0,2,7,9,17,3,93,0,0,0,0,0,7,3,0,0,0,1,2,1,1,9,9,2,11,1,0
11,340,180,2,85,64,0,45,73,0,0,0,0,0,0,0,1294,1,0,4,1,0,113,112,0,0,0,0,0,1,214,135,8,0,0,0,2,0,2,0,1,94,19,0,0,0,3,8,0,0,0,0,0,24,13,17,0,0,4,0,0
5,0,5,13,2,15,0,0,0,0,0,0,0,0,0,0,0,562,0,0,1,0,1,0,0,0,0,0,0,0,0,1,0,0,0,0,46,0,0,0,1,22,11,0,0,0,2,1,0,0,0,0,0,4,3,0,0,16,0,0,0
0,0,0,0,0,3,1,0,0,0,0,0,0,0,0,0,0,0,67,1,0,0,0,0,0,0,0,0,0,0,0,1,1,0,0,0,0,4,4,0,0,0,0,0,1,0,0,0,0,0,0,0,0,0,0,0,0,0,0,0,0
0,1,1,0,0,9,9,0,0,0,0,0,1,1,3,0,0,0,2,414,3,1,0,0,0,0,0,0,0,0,2,10,1,0,0,0,1,10,25,11,6,1,0,0,1,0,3,3,0,0,0,0,0,2,6,2,2,2,1,0,0
0,0,0,0,0,0,0,0,0,0,0,0,0,0,0,0,0,1,0,0,23,0,0,0,0,0,0,0,0,0,0,0,0,0,0,0,0,0,0,5,0,0,0,0,0,0,0,0,0,0,0,0,0,0,1,0,0,0,0,0,0
0,0,0,0,0,1,3,2,0,0,4,0,0,2,3,0,0,1,4,17,0,758,0,0,15,2,1,5,8,0,0,0,2,1,0,9,0,2,1,2,0,0,0,1,24,17,9,1,0,0,6,30,14,0,2,0,10,6,1,2,0
5,12,11,1,4,6,0,411,3,0,0,0,0,0,0,0,46,1,0,0,0,0,897,5,0,0,0,0,0,0,18,7,2,0,0,0,1,0,0,0,0,3,2,0,0,0,0,77,0,0,0,0,0,7,5,10,0,1,2,0,0
0,27,2,0,0,0,0,3,54,0,0,0,0,0,0,0,36,0,0,1,1,0,3,1279,0,0,0,0,0,2,68,34,135,0,0,0,1,0,0,0,0,1,15,0,0,0,1,0,0,0,0,0,0,5,2,41,0,0,1,0,0
0,0,0,0,0,0,1,0,0,1,0,1,0,1,13,0,0,0,0,0,0,6,0,0,1471,0,0,3,2,0,0,0,0,0,3,2,0,0,0,0,0,0,0,15,4,10,0,0,4,4,10,4,107,0,0,0,26,0,0,0,1
0,0,0,0,0,0,0,0,0,5,0,0,38,0,5,0,0,1,0,1,0,2,1,0,1,687,4,0,3,2,0,1,0,2,77,0,2,1,0,0,0,1,2,1,0,0,0,5,1,0,8,0,1,0,0,1,0,2,3,2,0
0,0,0,0,0,0,0,0,0,0,50,0,1,90,10,18,0,0,0,5,1,4,2,0,0,10,1076,2,2,4,0,0,0,0,1,172,0,1,7,11,5,0,0,0,7,19,7,1,0,0,0,31,0,0,1,2,12,0,8,0,0
0,0,0,0,0,0,0,0,0,0,12,0,0,6,1,0,0,0,0,3,0,0,0,0,0,0,1,6151,3,0,0,0,0,0,0,0,0,2,0,0,0,0,0,1,733,2,2,0,0,0,0,10,0,0,1,0,0,0,0,0,0
0,0,1,0,1,1,0,1,0,0,0,1,0,0,6,2,0,1,2,1,1,9,1,0,4,5,0,2,533,46,1,2,1,0,18,0,0,0,0,0,0,0,0,17,3,0,7,0,0,3,13,0,1,0,2,1,3,1,4,4,1
2,4,1,1,2,1,0,6,2,0,0,0,0,0,1,2,13,1,1,1,0,0,0,2,0,0,0,0,36,698,5,4,7,0,3,0,4,3,3,0,3,1,4,2,0,0,6,1,0,0,1,0,0,0,0,2,2,1,14,0,1
0,51,55,2,6,109,1,60,27,0,0,0,0,0,0,0,369,6,4,11,0,0,52,239,0,0,0,0,0,2,1451,575,291,0,1,0,4,0,0,1,1,65,11,0,0,0,5,5,0,0,0,0,0,80,29,192,0,0,55,1,0
2,47,90,0,8,525,138,116,64,0,1,0,1,1,1,6,238,6,7,152,19,1,48,203,1,0,1,0,3,11,581,2648,506,0,2,4,21,4,28,39,5,34,13,0,3,0,23,21,0,0,0,1,0,134,75,269,9,0,30,6,4
0,6,0,0,0,2,3,10,12,0,0,0,0,0,0,0,10,1,2,12,6,1,1,272,0,0,0,1,0,6,138,192,4112,0,0,0,4,0,3,5,0,0,5,0,2,0,3,3,0,0,0,0,0,3,13,207,0,0,174,0,0
0,0,0,0,0,0,0,0,0,0,0,93,36,0,0,2,0,0,0,0,0,0,0,0,1,0,0,0,0,1,0,0,0,689,2,0,0,0,0,0,0,0,0,0,0,0,0,0,10,17,16,0,1,0,0,0,0,0,6,11,16
0,0,0,1,0,2,4,0,0,7,0,13,45,0,18,0,0,0,3,4,0,4,1,0,7,310,0,4,32,0,1,0,0,10,2342,5,2,3,0,0,0,0,0,30,11,0,13,0,38,4,78,1,3,0,0,0,1,2,2,2,0
0,0,0,0,0,0,1,0,0,0,14,1,1,33,6,2,0,0,0,2,0,134,0,0,15,13,231,3,7,5,0,0,0,0,8,3211,0,1,1,2,0,0,0,0,48,176,12,0,0,1,0,288,20,0,0,0,4,0,1,1,2
48,3,43,71,41,40,0,1,104,2,4,0,0,1,26,24,8,293,4,7,1,2,6,20,0,1,0,1,0,5,8,14,29,0,0,0,2708,36,23,5,36,115,108,0,2,2,12,24,0,0,0,2,0,59,68,4,19,193,14,1,0
0,0,0,0,2,6,2,2,0,12,41,0,0,5,24,8,2,2,23,46,3,4,1,3,3,1,6,3,0,2,5,10,2,0,0,0,21,1995,318,53,31,2,4,1,9,11,8,11,0,0,0,3,0,3,7,2,45,24,3,0,0
0,0,5,3,3,11,7,6,1,3,24,0,1,78,43,58,0,4,29,173,9,9,0,5,2,3,28,3,1,7,8,11,4,0,0,3,36,436,3030,388,338,3,2,0,15,5,21,5,0,1,0,37,2,2,13,8,68,13,10,3,1
0,0,0,0,0,0,0,1,0,0,6,0,0,3,0,4,0,0,1,8,2,0,0,0,0,0,21,0,0,1,0,2,3,0,0,4,2,19,80,771,11,0,0,0,6,0,3,0,0,0,0,3,1,0,4,3,2,3,3,0,0
0,0,2,0,0,3,0,2,1,0,0,0,0,0,2,28,0,0,0,1,0,0,1,5,0,0,0,0,1,2,0,1,1,0,0,0,6,12,28,6,382,2,5,0,0,0,3,1,0,0,0,0,0,0,2,1,5,0,3,0,0
26,13,92,78,64,46,0,4,11,0,0,0,0,0,0,0,17,138,1,0,0,0,3,2,0,0,0,0,0,0,4,2,1,0,0,0,20,0,0,0,0,1005,32,0,0,0,0,4,0,0,0,0,0,19,45,4,0,4,0,0,0
0,0,2,13,0,1,0,0,18,0,0,0,0,0,0,0,0,1,0,0,0,0,1,1,0,0,0,0,0,0,0,1,0,0,0,0,4,0,0,0,0,4,447,0,0,0,0,1,0,0,0,0,0,0,1,0,0,1,0,0,0
0,0,2,0,0,2,2,0,0,110,0,3,11,0,25,0,1,1,0,0,0,0,0,0,11,19,0,1,20,0,0,2,0,1,27,0,2,0,0,0,0,0,0,1214,1,1,6,0,2,3,24,0,2,0,0,0,0,0,0,0,0
0,0,0,0,0,0,1,1,0,0,10,0,1,7,1,0,0,0,1,4,0,28,0,0,7,0,3,97,11,3,0,1,0,0,1,11,0,0,3,1,0,0,0,0,439,17,35,0,0,0,0,16,3,0,0,0,3,7,2,0,0
0,0,0,0,0,0,0,0,0,2,78,0,3,16,2,0,0,0,0,0,0,17,0,0,11,0,9,7,0,0,0,0,0,1,0,41,0,2,2,1,0,0,0,2,22,1558,7,0,0,0,0,135,15,0,0,0,15,0,0,0,0
30,39,26,36,19,30,1,15,21,18,10,0,7,16,14,22,25,22,2,15,5,5,11,38,2,6,17,1,26,53,43,43,44,0,28,12,34,20,33,9,7,19,48,9,46,13,1342,8,0,0,4,49,0,6,16,13,14,53,84,0,0
72,20,33,28,16,23,1,276,46,0,1,0,0,2,3,15,28,8,8,2,0,0,445,25,0,1,0,0,0,0,17,37,48,0,0,4,24,15,6,1,10,17,28,0,0,0,10,3260,0,0,0,1,0,20,18,25,35,40,1,0,0
0,0,0,0,0,0,0,0,0,0,0,46,1,0,1,0,0,0,0,0,0,3,0,0,63,0,0,1,0,1,0,0,0,21,1,0,0,0,0,0,0,0,0,0,0,0,0,0,4441,147,37,1,73,0,0,0,0,0,0,691,26
0,0,0,0,0,0,0,0,0,0,0,71,1,0,0,0,0,0,0,0,0,0,0,0,4,0,0,0,1,0,0,0,0,12,0,0,0,0,0,0,0,0,0,0,1,0,0,0,62,1520,6,0,2,0,0,0,0,0,0,7,26
0,1,2,0,1,0,8,0,0,10,0,104,243,0,70,1,1,0,0,1,1,10,1,0,11,21,0,5,11,2,0,0,1,62,53,0,0,0,0,0,0,1,0,50,4,0,14,0,30,3,1857,1,25,0,0,0,0,0,1,17,2
0,0,0,0,0,0,3,0,0,0,66,26,9,316,37,62,0,0,2,12,1,53,0,0,36,1,116,15,1,1,0,0,0,16,6,343,2,16,31,2,3,0,0,0,112,356,57,3,11,4,17,2515,116,0,0,0,21,3,4,20,8
0,0,0,0,0,0,0,0,0,1,1,3,5,0,42,1,0,0,0,0,0,2,0,0,47,0,0,0,2,0,0,0,0,0,1,3,0,0,0,0,0,0,0,6,2,12,0,0,9,0,16,7,373,0,0,0,4,0,0,14,0
3,1,20,12,0,28,1,8,3,0,0,0,0,0,0,0,13,22,0,0,0,0,4,6,0,0,0,0,0,0,31,32,2,0,0,0,0,0,0,0,0,9,8,0,0,0,0,1,0,0,0,0,0,166,8,16,0,3,0,0,0
1,1,4,3,0,8,1,2,0,0,0,0,0,1,0,0,2,14,2,4,0,0,2,0,0,0,0,0,0,0,2,3,0,0,0,0,2,0,0,0,0,11,7,0,0,0,0,0,0,0,0,0,0,9,312,21,0,14,0,0,0
0,2,4,0,0,6,5,21,0,0,0,0,0,0,0,0,12,1,1,9,4,0,10,22,0,0,0,0,0,1,59,80,91,0,0,0,0,3,2,0,1,2,1,0,0,0,2,6,0,0,0,0,0,12,104,941,1,1,11,0,0
0,0,0,0,0,1,0,1,0,18,48,0,3,15,54,32,2,1,0,1,0,13,1,0,90,0,2,0,3,6,1,3,0,0,1,1,15,18,6,0,11,0,0,3,1,16,3,23,2,0,0,6,46,2,3,2,1007,12,2,3,0
10,0,3,45,0,17,1,4,3,2,6,0,0,0,0,0,1,24,7,8,0,3,3,6,0,0,0,0,0,0,3,7,4,0,0,0,107,9,1,2,1,7,59,0,0,0,2,33,0,0,0,0,0,23,51,1,8,1748,0,0,0
0,1,2,0,3,0,0,21,0,0,0,0,1,0,0,4,10,0,1,1,0,0,10,6,0,0,1,0,3,5,20,9,80,3,0,0,2,0,1,1,0,4,0,0,0,0,1,0,0,0,0,0,0,3,5,44,0,0,987,0,0
0,0,0,0,0,2,3,0,0,0,0,8,3,0,13,6,0,0,0,0,0,2,0,0,22,0,0,1,1,2,0,0,0,20,1,0,0,0,0,0,0,0,0,1,1,0,0,0,446,36,15,2,48,0,0,0,8,0,1,2150,57
0,0,0,0,0,0,0,0,0,0,0,0,0,0,1,0,0,0,0,0,0,0,0,0,0,0,0,0,0,0,0,0,0,3,0,0,0,0,0,0,0,0,0,0,0,0,0,0,0,8,0,0,0,0,0,0,0,0,0,3,95
