0.64503,0.72804,0.42421,0.65412,0.40231,0.49918,0.36126,0.58177,0.61987,0.4385,0.62565,0.54181,0.5171,0.74103,0.64675,0.70769,0.49069,0.40818,0.33503,0.42045,0.2875,0.66348,0.419,0.541,0.7886,0.61815,0.63695,0.97127,0.72055,0.77405,0.51501,0.62732,0.75788,0.72919,0.90991,0.82279,0.85115,0.73877,0.81637,0.56474,0.40043,0.5638,0.44074,0.86204,0.46488,0.63531,0.80083,0.86672,0.87284,0.85256,0.81351,0.69524,0.3875,0.21772,0.34949,0.49685,0.67378,0.78616,0.67418,0.7246,0.37247
0.6836
1401,41,137,288,125,7,0,20,138,0,0,0,0,0,0,0,6,9,0,0,0,0,73,0,0,0,0,0,0,0,1,0,0,0,0,0,0,0,0,0,0,43,10,0,0,0,0,6,0,0,0,0,0,3,0,0,0,0,0,0,0
33,2072,80,2,145,5,0,1,118,0,0,0,0,0,0,0,320,0,2,3,0,0,6,74,0,0,0,0,0,1,69,24,12,0,0,0,2,0,0,0,0,11,1,0,0,0,0,0,0,0,0,0,0,0,1,5,0,0,0,0,0
80,66,848,53,75,164,0,11,84,0,0,0,0,0,0,0,78,29,1,1,0,0,12,3,0,0,0,0,0,0,19,33,1,0,0,0,2,1,0,0,0,77,10,0,0,0,1,7,0,0,0,0,0,38,6,2,0,1,0,0,0
327,1,45,1356,27,7,0,7,43,0,0,0,0,0,0,0,0,52,0,0,0,0,23,0,0,0,0,0,0,0,0,0,0,0,0,0,14,0,0,0,0,98,105,0,0,0,1,13,0,0,0,0,0,10,9,0,0,33,0,0,0
31,25,16,3,453,1,0,0,4,0,0,0,0,0,0,0,6,0,0,0,0,0,2,1,0,0,0,0,0,0,1,0,0,0,0,0,2,0,0,0,0,13,0,0,0,0,1,0,0,0,0,0,0,0,0,0,0,0,0,0,0
17,16,227,41,20,1215,28,55,28,0,3,0,1,0,1,1,44,175,25,38,0,0,13,5,0,1,0,0,0,1,22,195,5,0,0,0,50,8,6,1,0,93,24,0,4,0,13,9,0,0,0,1,1,90,61,9,11,20,1,0,0
0,1,0,0,0,8,138,0,0,0,0,0,0,0,0,1,0,1,2,4,0,11,0,0,1,0,0,0,2,2,1,5,0,0,3,1,0,0,0,0,0,0,0,1,4,0,0,0,0,0,0,0,0,0,1,1,0,0,0,2,1
4,6,10,6,1,47,11,1583,10,0,0,0,0,0,0,2,35,4,5,10,0,0,400,3,0,0,1,1,1,1,25,63,7,0,0,0,4,1,1,0,0,4,5,0,2,0,3,201,0,1,1,0,0,22,16,37,1,6,0,0,0
72,51,70,7,22,6,0,6,1435,0,0,0,0,0,0,0,14,0,1,0,0,0,6,36,0,0,0,0,0,0,1,7,2,0,0,0,0,0,0,0,0,5,32,0,0,0,1,3,0,0,0,0,0,6,0,0,0,0,0,0,0
0,0,0,0,0,1,0,0,1,164,1,0,8,0,11,0,0,2,0,0,0,1,0,0,0,3,0,0,0,0,0,0,0,0,0,0,0,1,0,0,0,0,0,21,1,0,1,2,0,0,1,0,0,0,0,0,0,1,2,1,0
0,0,0,0,0,0,0,0,0,1,966,0,1,56,13,7,0,1,1,1,0,12,0,0,0,1,31,2,0,0,0,0,0,0,0,5,2,10,1,2,1,0,0,0,15,163,2,3,0,0,0,26,1,0,1,0,34,10,0,0,0
0,0,0,0,0,0,0,0,0,0,0,460,2,0,0,0,0,0,0,0,0,0,0,0,0,0,0,0,0,0,0,0,0,56,1,0,0,0,0,0,0,0,0,0,0,0,0,0,13,25,25,0,2,0,0,0,0,0,0,2,4
0,0,1,1,0,2,1,1,0,4,0,11,514,0,27,2,2,0,0,1,0,0,0,0,11,25,0,3,16,3,1,4,0,44,10,1,1,2,0,0,0,2,0,10,5,0,1,0,5,0,118,1,4,0,0,0,0,1,10,5,3
0,0,0,0,0,1,1,2,0,1,168,6,8,2066,43,95,0,0,0,5,1,27,0,0,15,3,142,8,3,4,0,0,0,5,0,36,4,9,33,4,2,0,0,0,27,59,6,0,1,2,1,406,23,0,0,1,45,4,6,10,8
0,1,3,0,0,8,3,0,0,30,23,1,34,27,974,34,2,0,0,6,1,3,0,6,9,7,8,3,5,1,8,6,1,0,2,2,14,16,5,1,25,0,0,17,6,10,7,0,2,0,25,8,59,1,3,1,60,3,3,11,0
0,1,0,0,0,0,1,6,1,0,1,0,7,36,22,1058,0,1,0,1,1,0,3,1,0,2,4,0,0,11,3,12,5,0,0,2,10,9,18,2,87,0,0,0,0,0,7,4,0,0,0,3,2,0,1,8,14,0,13,1,2
10,338,181,3,84,65,2,43,73,0,0,0,0,0,0,0,1291,1,0,3,0,0,118,105,0,0,0,0,0,2,221,126,11,0,0,0,2,1,2,0,1,99,20,0,0,0,6,6,0,0,0,0,0,22,12,16,0,0,6,0,0
4,0,4,14,2,13,0,0,0,0,0,0,0,0,0,0,0,569,0,0,1,0,0,0,0,0,0,0,0,0,0,1,0,0,0,0,47,0,0,1,0,19,9,0,0,0,1,1,0,0,0,0,0,4,5,0,1,15,0,0,0
0,1,0,0,0,3,0,0,0,0,0,0,0,0,0,0,0,0,66,3,0,0,0,0,0,0,0,0,0,0,0,1,1,0,0,0,0,5,2,0,0,0,0,0,1,0,0,0,0,0,0,0,0,0,0,0,0,0,0,0,0
0,0,1,0,0,12,7,0,0,0,0,0,1,1,3,0,0,3,3,407,5,1,1,0,0,0,0,0,0,0,1,13,2,0,0,0,1,13,27,10,2,1,1,0,1,0,1,2,0,0,0,0,1,1,5,2,2,2,1,0,0
0,0,0,0,0,0,0,0,0,0,0,0,0,0,0,0,0,0,0,1,23,0,0,0,0,0,0,0,0,0,0,0,0,0,0,0,0,0,0,5,0,0,0,0,0,0,0,0,0,0,0,0,0,0,1,0,0,0,0,0,0
0,0,0,0,0,1,7,2,0,0,4,0,0,3,3,0,0,2,2,15,0,763,0,0,16,2,0,3,9,0,0,0,2,0,0,12,1,3,1,3,0,0,0,1,21,15,8,1,0,0,3,31,14,0,2,0,10,5,1,0,0
6,12,11,1,4,4,0,393,3,0,0,0,0,0,0,0,43,1,0,0,0,0,913,6,0,0,0,0,0,0,16,11,2,0,0,0,1,0,0,0,0,4,1,0,0,0,0,76,0,0,0,0,0,9,5,11,0,2,2,0,0
0,27,3,0,0,0,0,3,51,0,0,0,0,0,0,0,43,0,0,1,3,0,2,1280,0,0,0,0,0,1,63,37,134,0,0,0,1,0,0,0,0,1,16,0,0,0,1,0,0,0,0,0,0,2,2,39,0,0,2,0,0
0,0,0,0,0,0,1,0,0,2,0,1,0,1,14,1,0,0,0,0,0,5,0,0,1466,0,0,4,1,0,0,0,0,1,3,1,0,0,0,0,0,0,0,13,3,10,0,0,3,4,7,3,118,0,0,0,25,0,0,1,1
0,0,1,0,0,1,0,1,0,6,0,0,36,0,6,0,0,1,0,1,0,1,0,0,0,688,5,0,2,2,0,1,0,4,74,0,2,1,0,0,0,1,1,4,0,0,2,3,0,0,6,0,1,0,0,1,1,1,4,2,0
0,0,0,0,0,0,0,1,0,0,47,0,2,90,10,16,0,0,0,6,0,4,0,0,0,9,1086,3,2,3,0,1,0,0,1,169,0,4,7,11,5,0,0,0,4,16,10,0,0,0,0,30,0,0,1,2,12,0,8,0,0
0,0,0,0,0,0,0,0,0,0,12,0,0,7,1,0,0,0,0,2,0,0,0,0,0,0,1,6187,2,0,0,0,0,0,0,0,0,2,1,0,0,0,0,1,695,3,2,0,0,0,0,12,0,0,0,0,0,0,0,0,0
0,0,1,0,1,1,1,1,0,0,0,0,0,0,5,2,0,1,0,3,0,10,1,0,5,5,0,4,526,47,1,3,1,0,20,0,0,0,0,0,0,1,0,15,3,0,9,0,0,2,13,0,2,0,2,1,2,1,5,5,0
2,3,1,1,3,2,1,6,2,0,0,0,0,0,0,5,13,1,0,0,0,0,0,2,0,0,0,0,37,692,3,4,9,0,4,0,7,3,3,0,2,2,4,2,0,0,2,1,0,0,0,0,0,0,1,2,3,2,15,0,1
0,48,45,2,6,106,2,66,27,0,0,0,0,0,0,0,382,6,2,11,1,0,54,238,0,0,0,0,0,3,1441,561,300,0,1,0,5,0,0,1,1,67,14,0,0,0,3,6,0,0,0,0,0,87,29,186,0,0,59,0,1
3,45,87,0,10,527,133,118,72,0,1,0,2,2,2,4,222,4,11,153,20,0,42,203,1,0,1,0,3,15,567,2631,518,0,2,4,19,5,28,33,6,32,13,1,3,0,25,24,0,0,1,1,0,144,75,285,9,1,31,8,3
0,7,0,1,0,1,2,11,10,0,0,0,0,0,0,0,10,2,1,14,6,0,1,264,0,0,0,1,0,3,144,193,4135,0,0,0,4,0,3,3,0,0,6,0,3,0,4,1,0,0,0,0,0,2,12,200,0,0,165,0,0
0,0,0,0,0,0,0,0,0,0,0,88,31,0,0,1,0,0,0,0,0,1,0,0,1,1,0,0,0,1,0,0,0,692,2,0,0,0,0,0,0,0,0,0,0,0,0,0,11,19,21,0,0,0,0,0,0,0,6,12,14
0,0,0,1,0,1,3,0,0,8,0,11,48,0,19,0,0,1,2,3,0,5,1,0,10,295,0,4,33,0,1,0,0,13,2333,7,2,3,0,0,0,1,0,36,10,0,15,0,37,6,81,1,2,0,1,0,1,3,2,2,1
0,0,0,0,0,0,2,0,0,0,15,0,1,29,6,1,0,0,0,2,0,144,0,0,17,11,235,4,10,5,0,0,0,0,7,3199,0,1,0,2,0,0,0,0,43,181,11,0,0,1,1,290,18,0,0,0,3,0,1,1,3
49,4,42,80,42,39,0,5,94,1,4,0,0,1,21,24,6,290,4,5,0,2,4,19,0,2,0,1,0,6,8,8,32,0,0,0,2699,35,23,6,30,119,102,0,1,2,13,33,0,0,0,2,1,74,69,4,21,197,14,0,0
0,1,0,0,1,4,0,3,0,14,39,0,0,9,18,7,1,3,22,39,2,4,0,3,1,2,2,3,0,3,5,13,2,0,0,0,20,2022,310,58,28,2,3,1,7,11,7,10,0,0,0,3,1,2,7,3,49,22,2,0,0
0,0,6,3,1,9,4,6,2,4,25,0,2,75,45,64,0,7,21,168,8,7,1,5,1,3,29,1,2,12,8,12,2,0,0,4,33,464,2992,425,330,4,1,0,11,6,24,4,1,1,0,37,3,1,14,10,58,11,9,2,1
0,0,0,0,0,0,0,1,0,0,5,0,0,5,0,3,0,0,4,6,0,0,0,0,0,0,20,0,0,2,0,3,3,0,0,5,3,16,88,772,4,0,0,0,4,0,4,0,0,0,0,3,1,0,3,4,1,3,4,0,0
0,0,1,0,0,1,0,3,1,0,0,0,0,0,2,32,0,0,0,0,0,0,0,5,0,0,0,0,0,1,1,2,1,0,0,0,7,13,35,5,376,2,4,0,0,0,2,0,0,0,0,0,0,0,5,1,3,0,3,0,0
28,12,98,77,58,49,0,5,12,0,0,0,0,0,0,0,19,146,0,0,0,0,4,2,0,0,0,0,0,0,3,2,1,0,0,0,18,0,0,1,0,1003,30,0,0,0,0,4,0,0,0,0,0,24,30,5,0,4,0,0,0
0,1,1,8,0,1,0,0,18,0,0,0,0,0,0,0,0,1,0,0,0,0,1,1,0,0,0,0,0,0,0,1,0,0,0,0,5,0,0,0,0,5,450,0,0,0,0,1,0,0,0,0,0,0,1,0,0,1,0,0,0
1,1,0,0,0,2,1,0,2,97,0,3,12,0,26,0,1,1,0,0,0,0,0,0,9,19,0,1,16,0,0,2,0,1,27,0,2,0,0,0,0,0,0,1231,3,1,3,0,4,3,22,0,2,0,0,0,0,0,0,0,0
0,0,0,0,0,1,1,1,0,0,11,0,0,4,2,0,0,0,0,4,0,29,0,0,7,0,3,101,10,5,0,0,0,0,2,10,0,2,3,1,0,0,0,0,431,13,41,0,0,0,0,19,3,0,0,0,3,5,2,0,0
0,0,0,0,0,0,0,0,0,3,77,0,3,13,2,0,0,0,0,0,0,16,0,0,13,1,9,8,1,0,0,0,0,1,0,46,0,3,1,1,0,0,0,2,23,1533,9,0,0,0,0,144,22,0,0,0,15,0,0,0,0
24,37,23,38,25,31,4,13,29,10,15,0,6,13,14,25,30,16,2,14,5,4,11,39,2,9,16,1,25,49,36,46,42,0,24,15,33,18,27,11,12,19,50,10,43,12,1351,9,0,0,5,51,1,7,13,14,16,50,84,0,0
69,20,31,24,18,25,2,286,46,0,1,0,0,3,3,13,27,8,10,2,0,0,457,26,0,1,0,0,0,1,14,39,49,0,0,4,21,18,7,1,8,17,29,0,0,0,10,3245,0,0,0,1,0,17,16,25,38,38,0,0,0
0,0,0,0,0,0,0,0,0,0,0,47,2,0,1,0,0,0,0,0,0,3,0,0,59,0,0,1,0,0,0,0,0,20,2,0,0,0,0,0,0,0,0,0,0,0,0,0,4441,150,40,1,76,0,0,0,0,0,0,689,22
0,0,0,0,0,0,1,0,0,0,0,76,2,0,0,0,0,0,0,0,0,0,0,0,4,0,0,0,1,0,0,0,0,11,0,0,0,0,0,0,0,0,0,0,0,0,0,0,60,1515,5,0,1,0,0,0,0,0,0,7,30
0,1,1,1,1,0,10,0,0,13,0,103,253,1,72,1,0,1,0,1,1,10,1,0,13,18,0,8,13,2,0,2,1,65,39,0,0,0,0,0,0,2,0,51,4,0,9,0,30,3,1854,0,21,0,0,0,0,0,1,17,1
0,0,0,0,0,0,3,0,0,0,68,30,8,331,34,57,0,0,1,8,0,69,0,0,37,3,110,17,1,2,0,0,0,11,5,357,1,16,31,4,1,0,0,0,114,353,63,4,14,4,15,2482,114,0,0,0,25,3,4,16,7
0,0,0,0,0,0,0,0,0,2,1,1,5,0,36,1,0,0,0,0,0,2,0,0,53,0,0,0,2,0,0,0,0,0,1,4,0,0,0,0,0,0,0,5,2,11,0,0,9,0,16,7,372,0,0,0,7,0,0,14,0
4,1,19,12,1,30,2,7,4,0,0,0,0,0,0,0,8,19,0,1,0,0,5,4,0,0,0,0,0,0,25,33,2,0,0,0,1,0,0,0,0,9,9,0,0,0,0,1,0,0,0,0,0,172,8,18,0,2,0,0,0
1,1,2,4,0,7,1,3,0,0,0,0,0,0,0,0,2,12,3,4,0,0,1,0,0,0,0,0,0,0,3,4,0,0,0,1,3,1,0,0,0,12,6,0,0,0,0,0,0,0,0,0,0,10,310,20,0,15,0,0,0
0,3,3,0,0,7,3,21,0,0,0,0,0,0,0,0,12,1,0,12,1,0,11,25,0,0,0,0,0,1,61,78,90,0,0,0,0,2,1,0,0,3,1,0,0,0,0,5,0,0,0,0,0,9,107,946,3,1,8,0,0
0,0,0,0,0,1,0,1,0,14,50,0,2,15,52,29,1,2,0,1,0,11,1,0,91,1,1,0,3,5,0,3,0,0,1,3,15,21,7,0,17,0,0,4,0,14,4,23,2,0,1,6,45,1,0,2,1010,13,2,3,0
6,0,0,46,0,15,1,4,7,0,7,0,0,0,1,0,2,21,6,6,0,2,2,6,0,0,0,0,0,0,2,6,4,0,0,0,111,8,1,2,0,6,64,0,0,0,2,36,0,0,0,0,0,28,47,2,8,1750,0,0,0
0,2,0,0,1,2,0,25,0,0,0,0,1,0,0,3,11,0,0,2,0,0,9,4,0,0,1,0,3,5,23,8,79,5,0,0,2,0,1,1,1,2,0,0,0,0,1,0,0,0,0,0,0,4,5,41,0,0,987,0,0
0,0,0,0,0,1,5,0,0,0,0,10,2,0,16,6,0,0,0,0,1,3,0,0,17,1,0,1,1,2,0,0,0,17,0,0,0,0,0,0,0,0,0,2,1,0,0,0,455,33,17,1,49,0,0,0,8,0,1,2147,52
0,0,0,0,0,0,0,0,0,0,0,1,0,0,1,0,0,0,0,0,0,0,0,0,0,0,0,0,0,0,0,0,0,3,0,0,0,0,0,0,0,0,0,0,0,0,0,0,0,8,0,0,0,0,0,0,0,0,0,5,92
