0.64881,0.72286,0.41356,0.65544,0.39718,0.50726,0.36053,0.58706,0.62353,0.44267,0.62211,0.53642,0.54054,0.74209,0.65049,0.70778,0.4942,0.41636,0.31628,0.42573,0.26582,0.67345,0.41625,0.54277,0.78152,0.62411,0.62428,0.96947,0.73677,0.76568,0.50768,0.62854,0.75841,0.7313,0.90731,0.82705,0.85364,0.7353,0.814,0.56509,0.40084,0.56695,0.45565,0.85234,0.46853,0.64051,0.80502,0.8704,0.87564,0.84905,0.82013,0.69717,0.39035,0.2141,0.35919,0.49762,0.67454,0.78964,0.6726,0.72874,0.36759
0.68453
1417,37,137,282,129,4,0,21,136,0,0,0,0,0,0,0,4,8,0,0,0,0,68,0,0,0,0,0,0,0,1,0,0,0,0,0,0,0,0,0,0,42,7,0,0,0,0,8,0,0,0,0,0,7,0,0,0,0,0,0,0
30,2084,80,2,145,3,0,1,112,0,0,0,0,0,0,0,317,0,1,3,0,0,6,74,0,0,0,0,0,1,71,21,11,0,0,0,2,0,0,0,0,13,1,0,0,0,0,1,0,0,0,0,0,1,1,6,0,0,0,0,0
82,71,842,53,77,160,0,10,83,0,0,0,0,0,0,0,83,25,0,0,0,0,12,5,0,0,0,0,0,0,15,29,1,0,0,0,2,1,0,0,0,89,12,0,0,0,0,7,0,0,0,0,0,36,5,2,0,1,0,0,0
333,0,49,1362,27,6,0,10,41,0,0,0,0,0,0,0,1,52,0,0,0,0,22,0,0,0,0,0,0,0,0,0,0,0,0,0,12,0,0,0,0,91,99,0,0,0,1,10,0,0,0,0,0,16,7,0,0,32,0,0,0
30,22,20,3,450,1,0,0,4,0,0,0,0,0,0,0,6,0,0,0,0,0,2,1,0,0,0,0,0,0,1,0,0,0,0,0,3,0,0,0,0,15,0,0,0,0,1,0,0,0,0,0,0,0,0,0,0,0,0,0,0
16,20,226,38,24,1223,37,51,26,0,3,0,0,0,1,2,46,171,22,43,1,0,15,4,0,1,0,0,0,3,18,196,5,0,0,0,50,7,4,0,0,89,24,0,2,0,12,9,0,0,0,1,0,92,57,9,14,16,1,0,0
0,1,0,0,0,6,137,0,0,0,0,0,0,0,0,1,0,0,2,6,0,10,0,0,1,0,1,0,1,1,0,10,0,0,1,1,0,0,0,0,0,0,0,2,4,0,0,0,0,0,0,0,0,0,1,2,1,0,0,1,1
5,7,8,8,1,52,6,1588,10,0,0,0,0,1,0,1,36,6,5,8,0,0,398,2,0,0,1,1,0,2,21,62,5,0,0,0,2,1,0,0,2,6,5,0,3,0,3,201,0,0,1,0,0,21,16,39,1,5,0,0,1
65,55,77,9,22,5,0,5,1431,0,0,0,0,0,0,0,14,0,1,0,0,0,9,32,0,0,0,0,0,0,1,4,2,0,0,0,0,0,0,0,0,4,32,0,0,0,1,3,0,0,0,0,0,11,0,0,0,0,0,0,0
0,0,0,0,0,1,0,0,1,166,1,0,7,0,13,0,0,2,0,0,0,0,0,0,0,1,0,0,1,0,0,0,0,0,0,0,0,1,0,0,0,0,0,21,1,0,0,2,0,0,1,0,0,0,0,0,0,1,2,1,0
0,0,0,0,0,0,0,0,0,3,968,0,4,56,9,6,0,1,2,0,0,10,0,0,0,1,25,3,0,0,0,0,0,0,0,6,2,7,3,1,1,0,0,0,16,159,4,2,0,0,1,28,2,0,1,0,39,9,0,0,0
0,0,0,0,0,0,0,0,0,0,0,464,2,0,0,0,0,0,0,0,0,0,0,0,0,0,0,0,0,0,0,0,0,56,1,0,0,0,0,0,0,0,0,0,0,0,0,0,13,24,22,0,2,0,0,0,0,0,0,2,4
0,0,1,1,0,2,2,0,0,6,0,10,520,0,29,3,1,1,0,0,0,0,2,0,11,27,0,2,13,5,1,5,1,41,10,1,0,1,1,0,1,1,0,9,6,0,1,0,6,0,112,1,6,0,0,0,0,1,7,2,3
0,0,0,0,0,2,0,2,0,3,177,7,5,2040,41,102,0,0,0,4,0,26,0,0,13,3,152,10,2,6,0,0,0,4,1,37,3,10,39,4,2,0,0,0,24,58,7,0,2,3,2,407,23,0,0,1,41,4,5,8,11
0,2,1,0,1,9,2,0,0,28,23,0,30,21,992,40,0,1,1,7,2,3,0,4,11,9,5,3,6,2,12,6,1,1,2,3,12,15,5,1,27,0,0,18,9,8,7,0,2,0,19,9,52,1,1,1,54,2,4,10,0
0,0,1,0,0,0,1,5,1,0,1,0,6,36,23,1073,0,1,1,0,0,0,2,2,0,0,5,0,3,10,3,12,4,0,0,2,7,7,16,3,84,0,0,0,0,0,6,3,0,0,0,1,3,0,0,11,13,1,12,1,0
9,349,188,3,85,62,0,45,70,0,0,0,1,0,0,0,1277,3,0,2,2,0,115,112,0,0,0,0,0,1,222,133,9,0,0,0,0,0,0,0,2,95,19,0,0,0,5,5,0,0,0,0,0,23,9,17,0,0,7,0,0
6,0,5,12,3,11,0,0,0,0,0,0,0,0,0,0,0,570,0,1,0,0,1,0,0,0,0,0,0,0,0,1,0,0,0,0,46,0,0,1,0,22,8,0,0,0,2,1,0,0,0,0,0,3,4,0,0,14,0,0,0
0,0,0,0,0,4,0,0,0,0,0,0,0,0,0,0,0,0,68,1,0,0,0,0,0,0,0,1,0,0,0,1,1,0,0,0,0,5,2,0,0,0,0,0,0,0,0,0,0,0,0,0,0,0,0,0,0,0,0,0,0
0,1,0,0,0,14,7,1,0,0,0,0,1,1,3,0,0,1,7,407,3,1,0,0,1,0,0,0,0,0,3,8,2,0,0,0,0,13,30,11,3,1,0,0,1,0,3,2,0,0,0,0,0,0,3,2,1,2,1,0,0
0,0,0,0,0,0,0,0,0,0,0,0,0,0,0,0,0,0,0,1,21,0,0,0,0,0,0,0,0,0,0,0,0,0,0,0,0,0,0,7,0,0,0,0,0,0,0,0,0,0,0,0,0,0,1,0,0,0,0,0,0
0,0,0,0,0,1,4,2,0,0,4,0,0,2,5,0,0,1,4,11,0,761,0,0,16,3,1,5,6,0,0,1,2,1,0,9,0,3,2,2,0,0,0,1,26,18,9,1,1,0,6,26,14,0,2,0,9,6,1,0,0
5,11,12,2,4,6,0,389,3,0,0,0,0,0,0,0,41,3,0,0,0,0,917,6,0,0,0,0,0,0,17,10,2,0,0,0,1,0,0,0,0,2,1,0,0,0,0,74,0,0,0,0,0,13,4,11,0,1,2,0,0
0,26,2,0,0,0,0,3,51,0,0,0,0,0,0,0,34,0,0,1,2,0,2,1288,0,0,0,0,0,1,63,42,132,0,0,0,1,0,0,0,0,1,17,0,0,0,1,0,0,0,0,0,0,4,1,39,0,0,1,0,0
0,0,0,0,0,0,1,0,0,2,0,1,0,1,17,0,0,0,0,0,0,5,0,0,1463,0,0,4,2,0,0,0,0,0,3,2,0,0,0,0,0,0,0,17,3,9,1,0,4,3,6,3,116,0,0,0,24,0,0,1,1
1,0,0,0,0,0,0,0,0,5,0,0,27,0,6,0,0,1,0,2,0,1,1,0,1,699,4,0,3,3,1,1,0,4,75,0,2,1,0,0,0,1,2,2,0,0,1,4,2,0,3,0,1,0,0,1,0,1,3,1,0
0,0,0,0,0,0,0,1,0,1,51,0,1,93,10,19,0,0,0,6,2,3,2,0,0,8,1080,2,0,5,0,0,0,0,1,161,0,1,7,12,4,0,0,0,7,19,9,1,0,0,0,34,0,0,1,2,10,0,7,0,0
0,0,0,0,0,0,0,0,0,0,14,0,0,6,1,0,0,0,0,3,0,0,0,0,0,0,1,6160,2,0,0,0,0,0,0,2,0,1,0,0,0,0,0,1,722,3,2,0,0,0,0,10,0,0,0,0,0,0,0,0,0
0,0,2,0,1,1,1,1,0,0,0,1,0,0,7,2,0,1,1,2,0,7,1,0,5,5,0,2,529,46,0,5,2,0,16,0,0,0,0,0,0,0,0,20,5,0,6,0,0,2,15,0,2,0,1,0,2,1,3,4,1
2,4,2,1,0,2,1,6,3,0,0,0,0,0,0,5,13,1,0,1,0,0,1,2,0,0,0,0,35,696,6,4,10,0,3,0,4,3,3,0,3,1,4,2,0,0,1,0,0,0,0,0,0,0,0,2,4,3,13,0,0
0,50,56,1,5,100,3,63,27,0,0,0,0,0,0,0,367,5,3,11,0,0,59,232,0,0,0,0,0,2,1454,574,296,0,0,0,4,0,0,0,1,65,11,0,0,0,3,5,0,0,0,0,0,91,26,186,0,1,59,0,1
1,45,100,0,7,516,130,119,73,0,2,0,0,1,2,4,216,5,8,154,19,2,47,198,1,0,1,0,1,15,607,2638,510,0,2,6,22,5,30,38,5,30,11,0,3,0,23,24,0,0,1,0,0,130,67,278,10,2,30,7,4
0,6,0,0,0,1,3,9,8,0,0,0,0,0,0,1,7,2,5,13,9,0,1,272,0,0,0,1,0,3,136,195,4125,0,0,0,5,0,3,4,0,0,5,0,1,0,4,2,0,0,0,0,0,3,13,195,0,0,177,0,0
0,0,0,0,0,0,0,0,0,0,0,91,27,0,0,2,0,0,0,0,0,1,0,0,0,1,0,0,0,1,0,0,0,694,2,0,0,0,0,0,0,0,0,0,0,0,0,0,13,16,21,0,1,0,0,0,0,0,6,10,15
0,0,0,1,0,2,5,1,0,9,0,13,46,0,20,0,0,2,3,3,0,5,0,0,8,298,0,3,35,1,2,0,0,12,2320,6,1,4,0,0,0,0,0,39,11,0,14,0,40,4,83,2,4,0,0,0,0,2,2,2,0
0,0,0,0,0,0,1,0,0,0,15,1,0,38,2,1,0,0,0,0,0,139,0,0,16,9,244,4,9,5,0,0,0,0,8,3204,0,1,1,2,0,0,0,0,48,164,9,0,0,1,0,291,18,0,0,0,9,0,1,1,2
47,2,42,77,43,33,1,3,101,2,4,0,0,2,24,23,8,276,5,4,1,2,6,21,0,1,0,0,0,4,8,11,34,0,0,0,2718,40,24,5,35,121,100,0,2,2,17,24,0,0,0,0,1,56,64,5,19,204,14,2,0
0,1,0,0,2,6,1,2,0,14,43,0,0,4,24,4,1,3,23,38,1,2,1,4,2,3,5,6,0,2,5,10,2,0,0,0,24,1989,333,56,27,4,2,0,7,14,7,12,0,0,1,4,0,5,5,1,51,17,1,0,0
0,1,3,4,2,9,4,4,1,5,22,0,1,76,42,61,0,3,25,156,7,7,0,4,3,4,25,2,2,12,5,12,3,0,0,5,40,460,3011,421,333,3,1,0,13,8,22,4,1,1,0,36,3,5,13,8,65,10,9,2,0
0,0,0,0,0,0,0,1,0,0,5,0,0,2,0,2,0,0,2,9,2,0,0,0,0,0,27,0,0,3,0,2,4,0,0,3,3,20,77,777,6,0,0,0,4,0,3,0,0,0,0,3,0,0,3,2,2,2,3,0,0
1,0,2,0,0,2,0,3,2,0,0,0,0,0,1,28,0,0,0,2,0,0,1,6,0,0,1,0,0,2,1,3,1,0,0,0,5,14,24,8,384,1,3,0,0,0,2,1,0,0,0,0,0,0,2,1,3,0,2,0,0
27,13,97,77,61,44,0,5,13,0,0,0,0,0,0,0,19,135,1,0,0,0,4,2,0,0,0,0,0,0,5,2,1,0,0,0,21,0,0,0,0,1012,31,0,0,0,0,4,0,0,0,0,0,20,33,4,0,4,0,0,0
0,1,0,11,0,1,0,0,15,0,0,0,0,0,0,0,0,1,0,0,0,0,1,1,0,0,0,0,0,0,0,1,0,0,0,0,4,0,0,0,0,5,452,0,0,0,0,1,0,0,0,0,0,0,1,0,0,1,0,0,0
1,0,1,0,0,4,0,0,0,93,0,3,11,0,23,0,1,0,0,0,0,1,0,0,11,16,0,1,18,0,0,1,0,1,28,0,3,0,0,0,0,0,0,1241,1,1,6,0,2,3,20,0,2,0,0,0,0,0,0,0,0
0,0,0,0,0,1,1,1,0,0,9,0,1,5,1,0,0,0,0,5,1,31,0,0,8,0,2,106,8,3,0,0,0,0,2,12,0,3,1,1,0,0,0,0,427,14,40,0,0,0,0,19,3,0,0,0,2,5,2,0,0
0,0,0,0,0,0,0,0,0,2,76,0,3,16,2,0,0,0,0,1,0,15,0,0,13,0,10,7,0,0,0,0,0,1,0,41,0,2,3,1,0,0,0,2,25,1559,8,0,0,0,0,137,12,0,0,0,10,0,0,0,0
27,49,19,38,20,26,5,11,28,9,11,0,4,10,18,23,29,18,1,12,4,5,14,34,2,7,19,1,27,53,37,41,45,0,30,19,34,19,30,12,9,17,50,18,49,11,1346,6,0,0,4,51,0,4,12,12,15,48,86,0,0
68,19,29,27,20,23,1,282,46,0,1,0,0,2,3,12,27,8,9,4,0,0,459,25,0,1,0,0,0,2,18,30,47,0,0,5,22,20,8,1,10,17,29,0,0,0,9,3237,0,0,0,1,0,24,19,30,36,39,0,0,0
0,0,0,0,0,0,2,0,0,0,0,42,2,0,0,0,0,0,0,0,0,2,0,0,51,0,0,1,0,1,0,0,0,24,1,0,0,0,0,0,0,0,0,0,0,0,0,0,4436,155,37,1,87,0,0,0,0,0,0,687,25
0,0,0,0,0,0,1,0,0,0,0,78,1,0,0,0,0,0,0,0,0,0,0,0,4,0,0,0,1,0,0,0,0,13,0,0,0,0,0,0,0,0,0,0,1,0,0,0,61,1513,5,0,2,0,0,0,0,0,0,7,26
0,1,2,1,0,2,8,0,0,10,0,101,243,0,66,1,0,0,0,1,0,9,1,1,15,19,0,8,6,2,0,1,1,64,44,0,0,0,0,0,0,1,0,53,2,0,14,0,27,3,1874,1,24,0,0,0,0,0,1,16,2
0,0,0,0,0,0,0,0,0,0,69,40,7,317,33,56,0,0,1,9,0,66,0,0,41,2,118,19,1,2,0,0,0,10,5,344,2,15,34,3,2,0,0,0,116,362,57,3,8,3,18,2484,114,0,0,0,23,4,5,21,9
0,0,0,0,0,0,1,0,0,1,1,3,4,0,39,1,0,0,0,0,0,2,0,0,58,0,0,0,1,1,0,0,0,0,0,2,0,0,0,0,0,0,0,5,2,11,0,0,8,0,18,6,372,0,0,0,3,0,0,12,0
5,1,19,15,1,28,1,9,4,0,0,0,0,0,0,0,11,21,1,1,0,0,4,5,0,0,0,0,0,0,35,24,2,0,0,0,0,0,0,0,0,11,5,0,0,0,0,0,0,0,0,0,0,167,6,18,0,3,0,0,0
1,1,3,3,0,9,2,3,0,0,0,0,0,0,0,0,3,14,2,4,0,0,2,0,0,0,0,0,0,0,4,7,0,0,0,1,4,0,0,0,0,12,8,0,0,0,0,0,0,0,0,0,0,9,301,18,0,15,0,0,0
0,2,4,0,0,4,4,21,1,0,0,0,0,0,0,0,11,1,1,9,1,0,13,26,0,0,0,0,0,1,62,77,94,0,0,0,0,2,2,0,1,4,1,0,0,0,0,7,0,0,0,0,0,11,104,942,1,0,8,0,0
0,0,1,0,0,1,0,2,0,16,48,0,3,18,54,33,1,2,1,1,0,10,1,0,97,1,2,0,3,5,0,3,0,0,1,2,15,23,4,1,16,0,0,4,0,14,2,23,3,0,0,5,43,0,2,2,999,10,2,3,1
5,0,4,47,0,21,2,3,4,0,8,0,0,0,0,0,1,24,8,9,1,1,3,6,0,0,0,1,0,0,3,5,3,0,0,0,106,11,1,2,0,7,52,0,0,0,2,32,0,0,0,0,0,24,46,3,11,1753,0,0,0
0,1,1,0,3,1,0,22,0,0,0,0,3,0,0,3,9,0,1,1,0,0,10,4,0,0,1,0,2,5,26,9,81,5,0,0,2,0,1,1,0,2,0,0,0,0,1,0,0,0,0,0,0,3,6,43,0,0,982,0,0
0,0,0,0,0,2,5,0,0,0,0,9,2,1,14,6,0,0,0,0,0,3,0,0,20,1,0,1,1,2,0,0,0,16,1,0,0,0,0,0,0,0,0,1,0,0,0,0,437,41,15,2,46,0,0,0,9,0,1,2160,53
0,0,0,0,0,0,0,0,0,0,0,1,0,0,0,1,0,0,0,0,0,0,0,0,0,0,0,0,0,0,0,0,0,2,0,0,0,0,0,0,0,0,0,0,0,0,0,0,0,10,0,0,0,0,0,0,0,0,0,3,93
