0.64599,0.72629,0.41439,0.65539,0.39446,0.50103,0.34901,0.56964,0.61555,0.43005,0.62549,0.54982,0.52362,0.7342,0.6408,0.71362,0.5044,0.41586,0.28634,0.42191,0.27711,0.68397,0.42093,0.54217,0.79587,0.61866,0.61985,0.97144,0.7118,0.77318,0.51695,0.63027,0.76206,0.74332,0.90757,0.82196,0.85094,0.74545,0.81417,0.57537,0.39286,0.56236,0.44059,0.85371,0.45257,0.63068,0.79822,0.86438,0.87932,0.86467,0.80967,0.69498,0.39784,0.21671,0.35227,0.50764,0.68432,0.7915,0.67847,0.7273,0.36614
0.68417
1385,32,145,285,139,5,0,19,137,0,0,0,0,0,0,0,5,9,0,0,0,0,77,0,0,0,0,0,0,0,2,0,0,0,0,0,2,0,0,0,0,44,10,0,0,0,0,8,0,0,0,0,0,4,0,0,0,0,0,0,0
35,2083,76,2,153,4,0,2,122,0,0,0,0,0,0,0,301,0,0,3,0,0,7,69,0,0,0,0,0,1,70,26,12,0,0,0,1,0,1,0,0,11,1,0,0,0,1,1,0,0,0,0,0,0,1,4,0,0,0,0,0
81,68,864,50,67,157,0,10,89,0,0,0,0,0,0,0,81,27,0,0,0,0,9,2,0,0,0,0,0,0,15,30,1,0,0,0,2,1,0,0,0,89,9,0,0,0,0,9,0,0,0,0,0,33,6,2,0,1,0,0,0
315,0,51,1375,29,8,0,6,44,0,0,0,0,0,0,0,0,51,0,0,0,0,21,0,0,0,0,0,0,0,1,0,0,0,0,0,11,0,0,0,0,96,93,0,0,0,1,13,0,0,0,0,0,8,10,0,0,38,0,0,0
25,26,17,4,456,2,0,1,4,0,0,0,0,0,0,0,4,1,0,0,0,0,2,1,0,0,0,0,0,0,1,0,0,0,0,0,1,0,0,0,0,13,0,0,0,0,1,0,0,0,0,0,0,0,0,0,0,0,0,0,0
21,21,236,36,17,1221,35,56,24,0,2,0,0,0,1,1,43,166,34,41,1,0,14,4,0,0,1,0,0,3,18,179,4,0,1,0,48,8,4,0,0,97,23,0,3,0,16,9,0,0,0,2,1,87,68,7,8,16,2,0,0
0,1,0,0,0,6,141,0,0,0,0,0,0,0,0,1,0,1,1,6,2,8,0,0,1,0,2,0,0,0,0,7,0,0,3,1,0,0,0,0,0,0,0,1,4,0,0,0,0,0,0,0,1,0,1,1,0,0,0,1,1
2,6,14,8,2,45,8,1591,13,0,0,0,0,1,0,1,29,5,7,11,0,0,385,2,0,0,1,1,0,1,25,65,5,0,0,0,1,1,1,0,1,8,3,0,2,0,4,211,0,1,1,0,0,22,13,36,2,6,0,0,0
70,52,80,7,23,7,0,2,1425,0,0,0,0,0,0,0,11,1,1,0,0,0,9,39,0,0,0,0,0,1,1,8,1,0,0,0,0,0,0,0,0,6,30,0,0,0,1,4,0,0,0,0,0,4,0,0,0,0,0,0,0
0,0,0,0,0,1,0,1,0,166,1,0,6,0,10,0,0,1,0,0,0,1,1,0,0,1,0,0,0,0,0,0,0,0,0,0,0,1,0,0,0,0,0,24,2,0,2,1,0,0,1,0,0,0,0,0,0,0,2,1,0
0,0,0,0,0,0,0,0,0,0,967,0,1,57,15,7,0,1,2,1,0,10,0,0,0,3,26,3,0,0,0,0,0,0,0,10,2,7,5,1,1,0,0,0,14,164,2,2,0,0,1,23,0,0,1,0,35,8,0,0,0
0,0,0,0,0,0,0,0,0,0,0,469,2,0,0,0,0,0,0,0,0,0,0,0,0,0,0,0,0,0,0,0,0,48,1,0,0,0,0,0,0,0,0,0,0,0,0,0,10,23,27,0,2,0,0,0,0,0,0,4,4
0,0,1,1,1,1,1,1,0,6,0,11,521,0,34,2,1,1,0,1,0,2,1,0,10,27,0,2,17,1,1,3,0,41,10,1,0,0,0,0,1,3,0,8,6,0,2,0,4,0,109,0,6,0,0,0,0,1,8,4,2
0,0,0,0,0,0,1,1,0,2,174,4,5,2033,47,94,0,0,3,4,0,23,1,0,19,2,167,8,4,4,0,0,0,4,1,47,4,9,36,4,3,0,0,0,27,66,8,0,2,2,2,378,26,1,0,1,46,2,5,8,13
0,1,1,0,1,9,3,2,0,29,24,0,41,23,999,41,2,0,0,7,0,2,0,2,12,5,6,2,4,3,10,6,1,1,1,2,13,17,4,1,21,0,0,18,6,7,8,0,1,0,20,11,44,0,2,1,58,1,4,8,0
0,0,0,0,0,0,1,8,0,0,0,0,7,41,19,1064,0,1,0,1,1,0,2,1,0,3,5,0,2,15,1,7,6,0,0,2,6,9,19,1,93,0,0,0,0,0,5,3,0,0,0,0,3,0,2,10,9,2,9,0,2
9,342,197,3,89,67,1,43,75,0,0,0,0,0,0,0,1262,3,0,5,1,0,116,107,0,0,0,0,0,3,235,127,10,0,0,0,1,0,0,0,2,93,19,0,0,0,4,7,0,0,0,0,0,17,11,14,0,0,7,0,0
5,0,5,12,2,11,0,0,0,0,0,0,0,0,0,0,0,561,1,0,1,0,0,0,0,0,0,0,0,0,0,1,0,0,0,0,48,0,0,1,0,26,10,0,0,0,2,1,0,0,0,0,0,6,2,0,0,16,0,0,0
0,0,0,0,0,4,0,0,0,0,0,0,0,0,0,0,0,0,65,3,1,0,0,0,0,0,0,1,0,0,0,0,1,0,0,0,0,7,1,0,0,0,0,0,0,0,0,0,0,0,0,0,0,0,0,0,0,0,0,0,0
0,0,0,0,0,12,8,0,0,0,0,0,1,0,3,0,0,0,7,416,4,0,0,0,0,0,0,0,0,0,1,11,1,0,0,0,1,8,28,8,4,1,0,0,1,0,3,3,0,0,0,0,1,0,4,2,2,3,1,0,0
0,0,0,0,0,0,0,0,0,0,0,0,0,0,0,0,0,0,0,0,23,0,0,0,0,0,0,0,0,0,0,0,0,0,0,0,0,0,0,6,0,0,0,0,0,0,0,0,0,0,0,0,0,0,1,0,0,0,0,0,0
0,0,0,0,0,1,5,2,0,0,3,0,1,3,7,0,0,2,3,14,0,751,0,0,18,2,1,5,9,0,0,0,2,0,0,6,0,2,7,2,0,0,0,0,21,19,8,1,0,0,4,30,15,0,2,0,12,6,1,1,0
6,12,12,1,4,4,0,419,4,0,0,0,0,0,0,0,26,2,0,0,0,0,905,5,0,0,0,0,0,0,19,10,1,0,0,0,1,0,0,0,0,3,2,0,0,0,0,76,0,0,0,0,0,9,2,10,0,2,2,0,0
0,28,2,0,0,0,0,2,51,0,0,0,0,0,0,0,38,0,0,1,2,0,2,1292,0,0,0,0,0,1,63,36,129,0,0,0,0,0,0,0,0,1,17,0,0,0,1,0,0,0,0,0,0,3,2,40,0,0,1,0,0
0,0,0,0,0,0,1,0,0,0,0,0,0,0,18,0,0,0,0,0,0,6,0,0,1466,0,0,2,2,0,0,0,0,0,3,2,0,0,0,0,0,0,0,17,4,11,1,0,2,4,9,3,111,0,0,0,24,0,0,1,2
1,0,0,0,0,0,0,2,0,7,0,0,33,0,9,0,0,1,1,1,1,0,0,0,2,683,4,0,3,1,0,1,0,5,77,0,2,0,0,0,0,1,2,4,0,0,2,1,1,0,7,1,1,0,0,0,0,1,3,2,0
0,0,0,0,0,0,0,3,0,0,52,0,4,94,10,18,0,0,1,8,0,2,0,0,0,11,1068,2,0,4,0,0,0,0,2,169,0,1,8,11,2,0,0,0,7,18,11,0,0,0,0,30,1,0,1,1,12,0,9,0,0
0,0,0,0,0,0,0,0,0,0,16,0,0,6,3,0,0,0,0,3,0,0,0,0,0,0,1,6191,1,0,0,0,0,0,0,1,0,1,0,0,0,0,0,1,687,3,2,0,0,0,0,12,0,0,0,0,0,0,0,0,0
0,0,0,1,1,1,3,2,0,0,0,0,0,0,6,2,0,0,1,2,0,8,1,0,6,6,0,2,531,43,1,1,1,0,16,0,0,0,0,0,0,0,0,15,4,0,8,0,0,3,18,0,0,0,4,0,3,1,4,5,0
2,7,0,1,3,0,1,6,2,0,1,0,0,0,0,3,10,2,0,2,0,0,1,1,0,0,0,0,36,692,4,5,8,0,3,0,7,3,3,0,0,0,3,2,0,0,5,0,0,0,0,0,0,0,1,4,3,1,18,0,1
0,51,57,3,6,109,3,61,25,0,0,0,0,0,0,0,342,4,1,13,1,0,63,248,0,0,0,0,0,2,1479,572,294,0,1,0,2,0,1,1,1,70,12,0,0,0,3,8,0,0,0,0,0,80,25,172,0,0,50,1,0
2,41,93,0,11,534,137,128,72,0,2,0,1,0,3,5,226,5,5,162,18,1,41,198,1,0,2,0,4,9,591,2615,510,0,2,6,14,4,30,37,4,33,9,0,4,0,27,24,1,0,1,1,0,115,68,304,9,1,29,8,2
0,3,0,0,0,2,5,7,8,0,0,0,0,0,0,1,8,1,4,12,6,0,1,280,0,0,0,1,0,4,138,176,4138,0,0,0,3,0,2,4,0,0,4,0,1,0,7,3,0,0,0,0,0,4,15,195,0,1,175,0,0
0,0,0,0,0,0,0,1,0,0,0,87,34,0,0,3,0,0,0,0,0,0,0,0,1,0,0,0,0,1,0,0,0,695,2,0,0,0,0,0,0,0,0,0,0,0,0,0,10,11,22,0,0,0,1,0,0,0,7,12,14
0,0,0,1,0,2,4,1,0,6,0,12,39,0,18,0,0,2,2,4,0,6,0,0,8,298,0,2,37,0,2,0,0,10,2337,7,0,3,0,0,0,0,0,42,11,0,13,0,42,3,81,1,1,1,0,0,1,3,3,0,0
0,0,0,0,0,0,1,0,0,0,12,1,1,37,5,1,0,0,0,1,0,139,0,0,8,8,231,0,11,4,0,0,0,0,9,3204,0,0,0,3,0,0,0,2,47,179,9,0,0,2,0,301,20,0,0,0,6,0,1,0,1
49,3,42,80,40,45,0,3,106,2,4,0,0,2,24,23,9,279,5,7,0,1,4,19,0,0,0,1,0,6,9,12,30,0,0,0,2683,38,20,2,37,131,112,0,1,2,10,26,0,0,0,2,0,72,68,4,17,187,20,1,0
1,1,0,0,0,4,0,2,0,15,44,0,0,7,18,8,1,2,27,37,2,1,1,5,2,2,5,4,0,3,4,12,1,0,0,0,23,2009,327,50,27,3,6,0,5,16,8,10,0,0,1,4,0,2,5,2,40,19,3,0,0
0,0,5,4,1,10,3,6,3,2,24,0,2,74,47,59,0,2,28,150,9,5,0,4,0,2,37,2,1,15,8,10,4,0,0,3,39,445,3023,402,350,3,4,0,11,4,22,5,0,0,0,34,2,3,11,9,64,12,10,6,0
0,0,0,0,0,0,0,0,0,0,6,0,0,4,0,2,0,0,5,7,0,0,0,0,0,0,23,0,0,3,1,3,2,0,0,4,3,18,80,771,9,0,0,0,5,0,3,0,0,0,0,2,1,0,3,3,2,4,3,0,0
0,0,2,0,0,3,0,2,1,0,0,0,0,0,1,26,0,0,0,3,0,0,0,5,0,0,0,0,1,1,1,3,1,0,0,0,7,14,31,5,385,1,5,0,0,0,1,1,0,0,0,0,0,0,1,0,3,0,2,0,0
22,13,98,74,64,41,0,4,12,0,0,0,0,0,0,0,15,137,2,0,0,0,6,1,0,0,0,0,0,0,6,2,1,0,0,0,22,0,0,0,0,1028,28,0,0,0,0,2,0,0,0,0,0,11,38,4,0,4,0,0,0
0,0,1,10,0,1,0,0,22,0,0,0,0,0,0,0,0,1,0,0,0,0,1,4,0,0,0,0,0,0,0,0,0,0,0,0,3,0,0,0,0,5,445,0,0,0,0,1,0,0,0,0,0,1,1,0,0,0,0,0,0
1,1,0,0,1,3,0,0,0,110,0,3,10,0,25,0,1,1,0,0,0,0,0,0,11,20,0,2,23,0,0,1,0,0,28,0,2,0,0,0,0,0,0,1208,1,1,10,1,2,4,21,0,2,0,0,0,0,0,0,0,0
0,0,0,0,0,0,1,1,0,0,9,0,0,6,2,0,0,0,0,6,0,28,0,0,4,0,2,102,14,2,0,1,0,0,2,10,0,4,1,1,0,0,0,0,436,16,34,0,0,0,1,17,3,0,0,0,4,5,1,1,0
0,0,0,0,0,0,1,0,0,2,73,0,2,13,3,0,0,0,0,0,0,14,0,0,10,0,12,10,0,0,0,0,0,0,0,38,0,4,1,1,0,0,0,2,23,1554,8,0,0,0,2,146,15,0,0,0,12,0,0,0,0
22,48,22,47,30,25,3,13,23,12,13,0,3,12,14,20,29,17,1,12,5,7,11,35,1,5,12,2,27,52,26,54,43,0,24,14,40,21,34,15,8,17,55,9,49,11,1345,6,0,0,5,58,0,8,12,13,12,50,76,0,1
79,21,29,29,14,21,2,322,43,1,1,0,0,2,4,8,26,7,4,5,0,1,429,20,0,1,1,0,0,2,16,33,56,0,0,5,23,17,7,1,7,15,29,0,1,0,8,3244,0,0,0,1,0,19,17,28,32,39,0,0,0
0,0,0,0,0,0,0,0,0,0,0,50,1,0,2,0,0,0,0,0,0,3,0,0,52,0,0,0,0,0,0,0,0,14,1,0,0,0,0,0,0,0,0,0,0,0,0,0,4452,140,43,1,82,0,0,0,0,0,0,690,23
0,0,0,0,0,0,1,0,0,0,0,70,2,0,0,0,0,0,0,0,0,0,0,0,3,0,0,0,1,0,0,0,0,12,0,0,0,0,0,0,0,0,0,0,0,0,0,0,60,1527,4,1,1,0,0,0,0,0,0,7,24
0,0,1,0,1,5,12,1,0,8,0,99,259,0,69,1,0,0,0,0,1,10,0,1,11,23,0,6,11,1,0,1,1,71,45,0,0,0,0,0,0,0,0,51,9,0,10,0,28,4,1842,1,23,0,0,0,0,0,1,16,2
0,0,0,0,0,0,4,0,0,0,61,33,7,337,31,58,0,0,1,14,0,53,0,0,37,1,113,21,0,2,0,0,0,12,4,364,2,15,31,4,3,0,0,0,123,367,63,4,11,2,20,2463,104,0,0,0,20,3,4,22,9
0,0,0,0,0,0,0,0,0,0,1,3,7,0,40,1,0,0,0,0,0,1,0,0,54,0,0,0,1,1,0,0,0,0,1,2,0,0,0,0,0,0,0,8,3,13,0,0,8,0,17,5,368,0,0,0,6,0,0,11,0
5,1,22,16,0,31,2,9,4,0,0,0,0,0,0,0,12,21,1,1,0,0,4,5,0,0,0,0,0,0,31,33,2,0,0,0,1,0,0,0,0,7,7,0,0,0,0,1,0,0,0,0,0,153,10,16,0,2,0,0,0
0,1,3,5,0,9,2,3,0,0,0,0,0,0,0,0,3,13,3,3,0,0,2,0,0,0,0,0,0,0,1,6,0,0,0,0,3,1,0,0,0,11,6,0,0,0,1,0,0,0,0,0,0,7,310,20,0,13,0,0,0
0,2,3,0,0,4,6,20,1,0,0,0,0,0,0,0,8,0,3,11,2,0,17,23,0,0,0,0,0,1,50,74,87,0,0,0,0,2,0,3,1,3,1,0,0,0,0,6,0,0,0,0,0,11,100,964,2,1,9,0,0
0,0,1,0,0,1,0,1,0,18,51,0,2,16,56,29,1,2,1,1,0,10,1,0,86,0,2,0,3,6,1,2,0,0,1,0,15,18,7,2,19,0,0,2,0,13,1,26,2,0,0,13,48,0,4,2,995,12,2,5,0
6,0,3,43,0,16,3,3,5,0,5,0,0,0,0,0,1,19,6,6,1,2,4,5,0,0,0,0,0,0,1,8,4,0,0,0,115,7,1,1,1,7,65,0,0,0,2,35,0,0,0,0,0,21,52,2,9,1750,0,0,0
0,3,2,0,1,3,0,26,0,0,0,0,1,0,0,5,7,0,1,1,0,0,11,5,0,0,1,0,2,4,28,8,73,7,0,0,2,0,0,2,0,2,0,0,0,0,2,0,0,0,0,0,0,4,5,27,0,0,996,0,0
0,0,0,0,0,2,5,0,0,0,0,11,2,1,15,6,0,0,0,0,1,3,0,0,19,1,0,1,1,3,0,0,0,12,0,0,0,0,0,0,0,0,0,1,0,0,0,0,427,30,16,3,43,0,0,1,6,0,0,2179,60
0,0,0,0,0,0,0,0,0,0,0,0,0,0,1,1,0,0,0,0,0,0,0,0,0,0,0,0,0,0,0,0,0,3,0,0,0,0,0,0,0,0,0,0,0,0,0,0,0,10,0,0,0,0,0,0,0,0,0,2,93
