0.64641,0.72759,0.4233,0.65945,0.39195,0.50496,0.35294,0.58931,0.62916,0.3944,0.6372,0.55595,0.52196,0.74523,0.63375,0.70698,0.49962,0.4129,0.34171,0.4308,0.29412,0.67108,0.41832,0.5414,0.7853,0.62568,0.6258,0.97125,0.73464,0.76593,0.50856,0.6299,0.76121,0.73511,0.90661,0.82241,0.85701,0.7404,0.81401,0.56975,0.38604,0.56425,0.43996,0.85524,0.46245,0.63828,0.79918,0.86573,0.87333,0.84539,0.82703,0.70129,0.38741,0.21128,0.34646,0.49973,0.67527,0.78052,0.67188,0.72552,0.39738
0.68463
1415,43,135,290,127,7,0,21,128,0,0,0,0,0,0,0,3,5,0,0,0,0,72,0,0,0,0,0,0,0,1,0,0,0,0,0,1,0,0,0,0,40,10,0,0,0,0,7,0,0,0,0,0,3,0,0,0,0,0,0,0
33,2078,76,1,145,4,0,1,114,0,0,0,0,0,0,0,322,0,0,3,0,0,6,78,0,0,0,0,0,1,70,21,11,0,0,0,1,0,1,1,0,13,1,0,0,0,0,1,0,0,0,0,0,0,0,5,0,0,0,0,0
79,68,861,50,72,151,0,13,82,0,0,0,0,0,0,0,77,24,0,1,0,0,10,5,0,0,0,0,0,0,13,29,1,0,0,0,1,0,0,0,0,87,11,0,0,0,0,7,0,0,0,0,0,51,7,2,0,1,0,0,0
322,1,44,1371,29,6,0,7,41,0,0,0,0,0,0,0,0,49,0,0,0,0,25,0,0,0,0,0,0,0,0,0,0,0,0,0,14,0,0,0,0,91,101,0,0,0,1,11,0,0,0,0,0,17,8,0,0,33,0,0,0
33,24,21,3,448,1,0,0,4,0,0,0,0,0,0,0,4,1,0,0,0,0,2,1,0,0,0,0,0,0,1,0,0,0,0,0,2,0,0,0,0,14,0,0,0,0,0,0,0,0,0,0,0,0,0,0,0,0,0,0,0
19,15,239,32,20,1222,33,52,26,0,3,0,0,0,0,2,44,166,21,36,1,0,12,5,0,1,0,0,1,2,20,185,5,0,0,0,51,10,3,1,0,94,25,0,3,0,15,10,0,0,0,2,1,97,69,10,7,17,1,0,1
0,1,0,0,0,7,138,0,0,0,0,0,0,0,0,1,0,0,2,5,1,10,0,0,0,0,1,0,1,1,0,8,0,0,1,1,0,1,0,0,0,0,0,0,6,0,0,0,0,0,0,0,1,0,1,1,0,0,1,1,1
3,7,12,7,1,49,8,1577,11,0,0,0,0,1,0,2,35,4,3,12,1,0,400,2,0,0,1,1,2,0,27,58,6,0,0,0,4,1,1,0,1,7,4,0,1,0,4,200,0,1,0,0,0,22,16,41,2,6,0,0,0
68,52,70,9,26,6,0,6,1437,0,0,0,0,0,0,0,12,0,0,0,0,0,5,36,0,0,0,0,0,0,1,6,2,0,0,0,0,0,0,0,0,5,32,0,0,0,1,4,0,0,0,0,0,5,0,0,0,0,0,0,0
0,0,0,0,0,1,0,0,1,155,1,0,7,0,13,0,0,2,0,0,0,1,0,0,0,2,0,0,1,0,0,0,0,0,0,0,0,2,0,0,0,0,0,25,1,0,3,2,0,0,1,0,0,0,0,0,1,1,2,1,0
0,0,0,0,0,0,0,0,0,0,973,0,4,53,15,6,0,1,1,3,0,11,0,0,0,2,24,3,0,0,0,0,0,0,0,9,2,9,1,1,2,0,0,0,14,157,1,2,0,0,1,25,2,0,1,0,36,10,0,0,0
0,0,0,0,0,0,0,0,0,0,0,472,3,0,0,0,0,0,0,0,0,0,0,0,0,0,0,0,0,0,0,0,0,48,1,0,0,0,0,0,0,0,0,0,0,0,0,0,11,23,25,0,2,0,0,0,0,0,0,2,3
0,0,1,0,0,3,2,1,0,6,0,9,511,0,35,3,1,1,0,2,0,0,1,0,9,26,1,2,12,4,2,4,1,45,10,1,0,1,1,0,0,2,0,10,5,0,2,0,7,1,111,1,6,0,0,0,0,1,8,3,1
0,0,0,0,0,0,1,2,0,3,161,7,7,2068,39,93,0,0,0,4,0,24,0,0,16,2,156,8,1,4,0,0,0,5,2,41,3,6,44,3,3,0,0,0,27,59,9,0,1,3,2,390,22,1,0,0,45,4,6,9,10
0,0,1,0,1,13,2,0,0,38,24,1,37,25,969,37,0,0,0,6,0,4,0,5,9,5,5,2,4,6,11,5,1,1,3,2,13,16,6,1,27,0,0,19,8,6,5,0,3,0,18,9,58,0,2,1,60,2,2,12,0
0,0,0,0,0,0,1,6,0,0,0,0,7,35,24,1064,1,1,1,1,0,0,4,2,0,0,5,0,1,12,4,10,6,0,0,2,8,7,15,2,97,0,0,0,0,0,5,4,1,0,0,0,1,0,0,7,12,1,10,1,2
8,327,187,3,92,58,1,43,74,0,0,0,1,0,0,0,1306,1,0,3,0,0,111,112,0,0,0,0,0,2,219,130,8,0,0,0,1,0,1,0,1,102,19,0,0,0,5,5,0,0,0,0,0,23,10,14,0,0,3,0,0
7,0,6,14,2,13,0,0,0,0,0,0,0,0,0,0,0,557,0,0,1,0,1,0,0,0,0,0,0,1,0,1,0,0,0,0,49,0,0,0,1,21,9,0,0,0,2,1,0,0,0,0,0,5,4,0,1,15,0,0,0
0,0,0,0,0,3,0,0,0,0,0,0,0,0,0,0,0,0,68,3,0,0,0,0,0,0,0,0,0,0,0,0,1,0,0,0,0,5,2,0,0,0,0,0,1,0,0,0,0,0,0,0,0,0,0,0,0,0,0,0,0
0,0,0,0,0,14,7,0,0,0,0,0,1,0,3,0,0,0,9,414,2,1,0,0,1,0,0,0,0,0,0,10,1,0,0,0,1,14,23,9,4,1,0,0,1,1,3,3,0,0,0,0,0,1,4,2,1,2,1,0,0
0,0,0,0,0,0,0,0,0,0,0,0,0,0,0,0,0,0,0,2,20,0,0,0,0,0,0,0,0,0,0,0,0,0,0,0,0,0,0,7,0,0,0,0,0,0,0,0,0,0,0,0,0,0,1,0,0,0,0,0,0
0,0,0,0,0,2,6,2,0,0,4,0,0,2,8,0,0,1,5,12,0,761,0,0,16,3,1,4,7,0,0,0,2,0,0,6,0,2,3,2,0,0,0,1,22,16,10,1,1,0,6,28,13,0,2,0,9,6,1,1,0
8,17,11,2,2,6,0,388,3,0,0,0,0,0,0,0,36,1,0,0,0,0,909,4,0,0,0,0,0,0,18,9,1,0,0,0,2,0,0,0,0,2,2,0,0,0,0,85,0,0,0,0,0,12,5,11,0,1,2,0,0
0,27,3,0,0,0,0,3,54,0,0,0,0,0,0,0,37,0,0,1,2,0,2,1288,0,0,0,0,0,1,65,33,128,0,0,0,0,0,0,0,0,1,15,0,0,0,1,0,0,0,0,0,0,5,0,44,0,0,2,0,0
0,0,0,0,0,0,1,0,0,1,0,1,0,1,12,1,0,0,0,0,0,6,0,0,1474,0,0,3,1,0,0,0,0,0,3,2,0,0,0,0,0,0,0,19,5,10,0,0,3,5,6,3,103,0,0,0,26,0,0,1,2
0,0,0,0,0,0,1,0,0,7,0,0,36,0,8,0,0,1,0,3,0,1,1,0,1,687,4,0,2,2,0,1,0,4,72,0,2,1,0,0,0,1,3,3,0,0,1,4,1,0,5,0,1,0,0,1,0,1,4,1,0
0,0,0,0,0,0,0,1,0,0,48,0,3,93,10,15,0,0,0,6,1,5,1,0,0,9,1077,2,2,4,0,0,0,0,2,168,0,3,5,10,4,0,0,0,8,21,8,0,0,0,0,29,0,0,1,3,13,0,8,0,0
0,0,0,0,0,0,0,0,0,0,12,0,0,6,2,0,0,0,0,3,0,0,0,0,0,0,1,6183,2,0,0,0,0,0,0,1,0,1,0,0,0,0,0,1,702,3,2,0,0,0,0,9,0,0,0,0,0,0,0,0,0
0,0,0,0,1,1,4,1,0,0,0,0,0,0,7,2,0,2,0,1,0,8,1,0,4,4,0,3,526,52,0,1,3,0,17,0,0,0,0,0,0,0,0,17,3,0,9,0,0,2,13,0,3,0,1,1,2,1,5,5,0
2,6,2,1,1,1,0,5,2,0,0,0,0,0,0,5,14,1,0,1,0,0,1,2,0,0,0,1,33,697,7,5,9,0,2,0,5,3,2,0,2,0,3,2,1,0,2,0,0,0,1,0,0,0,1,1,4,3,13,0,0
0,51,51,2,6,114,1,55,27,0,0,0,0,0,0,0,374,6,4,9,1,0,58,248,0,0,0,0,0,4,1456,555,298,1,1,0,2,0,0,1,1,62,11,0,0,0,3,6,0,0,0,0,0,86,25,185,0,0,57,0,0
3,46,97,0,7,528,135,112,71,0,1,0,0,1,2,4,229,7,6,157,16,2,46,190,1,0,1,0,2,11,598,2604,511,0,2,7,15,5,32,37,7,31,10,1,4,1,27,23,0,0,0,1,0,138,72,287,12,2,35,8,5
0,6,0,0,0,1,4,10,10,0,0,0,0,0,0,0,6,2,5,12,7,0,1,262,0,0,0,1,0,6,152,192,4125,0,0,0,4,0,2,3,0,0,5,0,1,0,5,3,0,0,0,0,0,3,13,190,0,0,178,0,0
0,0,0,0,0,0,0,1,0,0,0,85,34,0,0,2,0,0,0,0,0,1,0,0,1,1,0,0,0,1,0,0,0,691,2,0,0,0,0,0,0,0,0,0,0,0,0,0,11,18,18,0,0,0,0,0,0,0,7,12,16
0,0,0,1,0,0,6,0,0,8,0,13,44,0,26,1,0,2,3,4,0,4,1,0,7,290,0,5,33,0,1,0,0,10,2359,6,2,3,0,0,0,1,0,33,10,0,15,0,36,3,67,1,1,0,0,0,0,3,3,1,0
0,0,0,0,0,0,1,0,0,0,12,1,1,35,5,2,0,0,0,2,0,138,0,0,15,10,240,3,10,4,0,0,0,0,8,3186,0,0,0,2,0,0,0,1,49,182,8,0,0,2,0,298,22,0,0,0,3,0,1,1,2
47,3,40,76,44,34,1,2,92,2,2,0,0,1,23,24,4,276,5,5,1,1,5,20,0,2,0,0,0,4,11,11,28,0,0,0,2697,32,28,7,32,125,113,0,2,2,12,30,0,0,0,2,1,82,68,3,18,205,14,1,0
0,0,0,0,0,5,1,2,0,15,40,0,0,7,24,8,1,3,24,42,2,6,1,5,2,2,5,4,0,1,2,13,2,0,0,0,20,2005,322,53,32,3,3,1,7,12,7,9,0,0,0,3,0,3,7,2,42,18,3,0,0
0,1,5,2,2,10,7,6,2,6,25,0,2,66,42,61,1,5,19,138,6,5,0,4,2,3,33,2,2,11,6,14,2,0,0,4,36,462,3033,416,338,3,1,0,13,6,23,5,1,1,0,38,1,1,13,8,62,13,9,2,0
0,0,0,0,0,0,0,0,0,0,5,0,0,3,0,4,0,0,1,8,0,0,0,0,0,0,23,0,0,1,0,3,3,0,0,2,3,18,83,776,6,0,0,0,4,1,3,0,0,0,0,3,1,0,3,3,3,4,3,0,0
0,0,2,0,0,2,0,3,1,0,0,0,0,0,2,30,0,0,2,1,0,0,0,6,0,0,0,0,1,3,1,2,1,0,0,0,4,12,31,7,376,1,3,0,0,0,2,1,0,0,0,0,0,0,4,2,4,0,2,0,0
31,13,96,77,68,40,0,4,11,0,0,0,0,0,0,0,19,138,1,0,0,0,4,2,0,0,0,0,0,0,3,2,1,0,0,0,18,0,0,0,0,1010,31,0,0,0,0,4,0,0,0,0,0,16,38,4,0,4,0,0,0
0,1,0,12,0,1,0,0,17,0,0,0,0,0,0,0,0,1,0,0,0,0,2,1,0,0,0,0,0,0,0,1,0,0,0,0,4,0,0,0,0,5,447,0,0,0,0,1,0,0,0,0,0,1,1,0,0,1,0,0,0
0,0,0,0,0,3,0,0,0,105,0,3,10,0,26,0,1,1,0,0,0,0,0,0,12,15,0,1,17,0,0,1,1,1,29,0,3,0,0,0,0,0,0,1223,3,1,10,0,3,3,16,0,4,0,1,0,0,0,0,0,0
0,0,0,0,0,1,2,1,0,0,9,0,0,5,2,0,0,0,0,3,0,30,0,0,7,0,3,100,11,4,0,0,0,0,2,12,0,3,1,1,0,0,0,0,430,16,39,0,0,0,0,16,4,0,0,0,3,7,2,0,0
0,0,0,0,0,0,0,0,0,2,72,0,3,13,3,0,0,0,0,1,0,16,0,0,14,0,10,8,0,0,0,0,0,0,1,46,0,2,3,1,0,0,0,1,28,1544,8,0,0,0,0,143,14,0,0,0,13,0,0,0,0
27,39,17,40,23,29,3,13,27,11,9,0,5,12,14,24,29,18,1,17,4,4,13,36,2,6,17,1,22,54,35,48,42,0,32,18,34,19,31,11,10,19,52,11,42,11,1361,7,0,0,5,48,0,7,12,11,15,48,83,0,0
73,24,26,25,23,20,1,274,41,0,1,0,0,2,3,12,22,7,9,3,0,0,450,25,0,1,0,0,0,0,17,38,49,0,0,4,26,18,5,1,9,17,30,0,0,0,15,3256,0,0,0,1,0,19,19,28,34,42,0,0,0
0,0,0,0,0,0,0,0,0,0,0,44,1,0,2,0,0,0,0,0,0,2,0,0,60,0,0,1,0,0,0,0,0,24,1,0,0,0,0,0,0,0,0,0,0,0,0,0,4440,161,39,1,73,0,0,0,0,0,0,691,14
0,0,0,0,0,0,0,0,0,0,0,68,2,0,0,0,0,0,0,0,0,0,0,0,4,0,0,0,1,0,0,0,0,11,0,0,0,0,0,0,0,0,0,0,1,0,0,0,60,1531,6,0,1,0,0,0,0,0,0,7,21
0,0,1,0,1,1,9,0,0,15,0,99,238,1,69,1,1,0,0,1,0,11,1,0,14,20,0,7,11,3,0,0,1,66,46,0,0,0,0,0,0,1,0,51,4,0,12,0,29,5,1860,0,31,0,0,0,0,0,1,13,1
0,0,0,0,0,0,1,0,0,0,68,33,9,329,28,58,0,0,1,11,0,62,0,0,32,4,110,19,2,1,0,0,0,10,4,351,0,15,35,5,2,0,0,0,111,345,58,4,11,2,18,2505,120,0,0,0,23,5,4,19,8
0,0,0,0,0,0,1,0,0,2,1,2,6,0,39,1,0,0,0,0,0,2,0,0,58,1,0,0,2,0,0,0,0,0,0,3,0,0,0,0,0,0,0,6,1,11,0,0,9,1,17,7,363,0,0,0,4,0,0,14,0
4,1,15,14,0,29,2,10,2,0,0,0,0,0,0,0,12,19,1,1,0,0,4,6,0,0,0,0,0,0,31,28,1,0,0,0,0,0,0,0,0,8,8,0,0,0,0,1,0,0,0,0,0,176,7,14,0,3,0,0,0
0,1,4,2,0,8,1,4,0,0,0,0,0,0,0,0,0,16,2,3,0,0,1,0,0,0,0,0,0,0,3,7,0,0,0,1,2,1,0,0,0,11,7,0,0,0,0,0,0,0,0,0,0,10,308,19,0,15,0,0,0
0,3,5,0,0,6,6,19,0,0,0,0,0,0,0,0,10,0,0,10,1,0,12,25,0,0,0,0,0,1,64,77,86,0,0,0,0,2,1,0,1,3,1,0,0,0,0,6,0,0,0,0,0,15,106,942,2,1,10,0,0
0,0,1,0,0,1,0,1,0,16,50,0,3,16,62,32,1,1,0,1,0,12,1,1,96,0,2,0,4,3,0,2,0,0,1,1,14,21,7,1,17,0,0,4,0,14,2,21,3,0,0,6,41,0,3,3,994,13,2,3,1
7,0,4,45,0,15,0,2,6,1,6,0,0,0,0,0,1,29,4,8,1,2,2,4,0,0,0,1,0,1,3,10,3,0,0,0,101,8,3,2,1,7,59,0,0,0,2,37,0,0,0,0,0,30,51,4,10,1739,0,0,0
0,1,1,0,2,2,0,28,0,0,0,0,2,0,0,3,11,0,0,2,0,0,7,4,0,0,1,0,2,6,21,9,79,5,0,0,2,0,1,1,0,2,0,0,0,0,2,0,0,0,0,0,0,4,5,36,0,0,989,0,1
0,0,0,0,0,2,4,0,0,0,0,10,2,0,11,7,0,0,1,0,0,4,0,0,20,2,0,1,0,2,0,1,0,16,1,0,0,0,0,0,0,0,0,1,0,0,0,0,453,38,14,3,47,0,0,0,11,0,0,2149,49
0,0,0,0,0,0,0,0,0,0,0,1,0,0,1,0,0,0,0,0,0,0,0,0,0,0,0,0,0,0,0,0,0,2,0,0,0,0,0,0,0,0,0,0,0,0,0,0,0,11,0,0,0,0,0,0,0,0,0,4,91
