0.64844,0.72928,0.41947,0.66037,0.39858,0.50854,0.35204,0.58281,0.62262,0.43817,0.63065,0.54717,0.53198,0.74354,0.64576,0.71267,0.49522,0.41557,0.32857,0.42842,0.2967,0.67234,0.41276,0.54154,0.77878,0.63129,0.62776,0.97182,0.71467,0.77459,0.51035,0.62587,0.76143,0.73695,0.90699,0.82366,0.85414,0.74179,0.81604,0.56944,0.3885,0.5719,0.43415,0.86001,0.45912,0.63857,0.80096,0.86656,0.87549,0.85618,0.82286,0.69325,0.38211,0.20339,0.35599,0.50615,0.67458,0.78674,0.67145,0.72974,0.37109
0.68458
1411,42,132,283,130,6,0,20,136,0,0,0,0,0,0,0,5,5,0,0,0,0,73,0,0,0,0,0,0,0,1,0,0,0,0,0,0,0,0,0,0,40,10,0,0,0,0,7,0,0,0,0,0,7,0,0,0,0,0,0,0
34,2085,72,3,135,3,0,1,120,0,0,0,0,0,0,0,322,0,0,3,1,0,8,76,0,0,0,0,0,1,65,24,12,0,0,0,2,0,0,0,0,14,1,0,0,0,0,0,0,0,0,0,0,0,1,4,0,0,0,0,0
71,67,849,53,76,157,0,12,89,0,0,0,0,0,0,0,80,28,0,0,0,0,12,3,0,0,0,0,0,0,16,26,1,0,0,0,3,1,0,0,0,83,10,0,1,0,0,8,0,0,0,0,0,52,3,1,0,1,0,0,0
327,0,51,1363,29,7,0,8,41,0,0,0,0,0,0,0,0,46,0,0,0,0,24,0,0,0,0,0,0,0,0,0,0,0,0,0,13,0,0,0,0,95,101,0,0,0,1,11,0,0,0,0,0,12,8,0,0,34,0,0,0
31,25,20,3,450,1,0,0,4,0,0,0,0,0,0,0,3,0,0,0,0,0,2,1,0,0,0,0,0,0,1,0,0,0,0,0,3,0,0,0,0,14,0,0,0,0,1,0,0,0,0,0,0,0,0,0,0,0,0,0,0
18,18,234,37,20,1221,33,51,25,0,3,0,0,0,2,2,47,171,23,37,1,0,15,7,0,1,0,0,0,1,17,191,4,0,0,0,43,10,5,0,0,90,25,0,3,0,14,9,0,0,0,1,1,96,66,11,7,18,1,0,0
0,1,0,0,0,11,138,0,0,0,0,0,0,0,1,1,0,0,2,4,0,9,0,0,0,0,2,1,2,1,0,7,0,0,2,1,0,0,0,0,0,0,0,0,3,0,0,0,0,0,0,0,0,0,1,1,0,0,0,1,2
4,7,8,7,2,54,7,1580,11,0,0,0,0,0,0,2,32,4,6,9,0,0,405,0,0,0,1,1,1,1,27,65,4,0,0,0,3,1,1,1,0,5,6,0,2,0,3,207,0,0,0,0,0,20,16,33,0,4,0,0,1
71,54,71,6,20,6,0,6,1437,0,0,0,0,0,0,0,12,1,1,0,0,0,8,35,0,0,0,0,0,0,0,7,2,0,0,0,0,0,0,0,0,5,32,0,0,0,1,3,0,0,0,0,0,5,0,0,0,0,0,0,0
0,0,0,0,0,0,0,0,1,163,1,0,4,0,11,0,0,2,0,0,0,1,0,0,1,2,0,0,1,0,0,1,0,0,0,0,0,1,0,0,0,0,0,26,1,0,1,2,0,0,1,0,0,0,0,0,0,0,2,1,0
0,0,0,0,0,0,0,0,0,0,963,0,2,53,11,8,0,1,3,1,0,10,0,0,1,3,29,3,0,0,0,0,0,0,0,8,2,10,2,1,1,0,0,0,14,164,2,3,0,0,0,28,1,0,1,0,35,9,0,0,0
0,0,0,0,0,0,0,0,0,0,0,464,3,0,0,0,0,0,0,0,0,0,0,0,0,0,0,0,0,0,0,0,0,53,1,0,0,0,0,0,0,0,0,0,0,0,0,0,15,24,23,0,2,0,0,0,0,0,0,2,3
0,0,1,1,0,1,3,0,0,6,0,12,524,0,25,6,0,0,0,2,0,1,2,0,14,21,2,2,13,3,1,5,1,44,11,0,2,2,0,0,0,2,0,9,6,0,2,0,3,1,107,1,4,0,0,0,0,1,7,4,1
0,0,0,0,0,1,0,2,0,2,170,3,7,2044,46,99,0,0,0,4,0,25,0,0,17,2,167,9,2,4,0,0,0,6,1,39,3,5,41,4,2,0,0,0,24,51,7,0,3,2,2,400,27,0,0,1,41,3,6,7,12
0,1,2,0,1,10,3,0,0,26,22,1,36,24,968,34,2,0,0,8,0,3,0,4,15,7,6,2,5,1,6,8,2,1,2,2,13,16,9,1,28,0,0,22,9,6,7,0,2,0,26,8,58,0,1,1,61,1,3,11,0
0,0,0,0,0,0,1,4,0,0,1,0,7,38,20,1069,1,1,0,2,0,0,1,2,0,1,5,0,2,11,3,15,4,0,0,1,6,8,17,2,90,0,0,0,0,0,7,2,0,0,0,0,2,0,1,9,14,0,11,1,1
12,339,185,2,87,57,1,48,71,0,0,0,1,0,0,0,1296,1,0,4,0,0,109,109,0,0,0,0,0,2,225,126,9,0,0,0,1,0,2,0,1,97,17,0,0,0,5,7,0,0,0,0,0,20,12,16,0,0,8,0,0
7,0,6,11,3,12,0,0,0,0,0,0,0,0,0,0,0,566,0,0,1,0,1,0,0,0,0,0,0,0,0,0,0,0,0,0,49,0,0,1,0,20,9,0,0,0,1,1,0,0,0,0,0,3,5,0,0,15,0,0,0
0,0,0,0,0,3,0,0,0,0,0,0,0,0,0,0,0,0,69,2,0,0,0,0,0,0,0,0,0,0,0,0,1,0,0,0,0,4,3,0,0,0,0,0,1,0,0,0,0,0,0,0,0,0,0,0,0,0,0,0,0
0,0,1,0,0,10,7,0,0,0,0,0,0,2,2,0,0,0,7,410,2,0,0,0,0,0,0,0,0,0,2,10,1,0,0,0,2,12,28,11,3,0,0,0,1,0,4,3,0,0,1,0,1,2,4,3,2,3,0,0,0
0,0,0,0,0,0,0,0,0,0,0,0,0,0,0,0,0,0,0,1,22,0,0,0,0,0,0,0,0,0,0,0,0,0,0,0,0,0,0,6,0,0,0,0,0,0,0,0,0,0,0,0,0,0,1,0,0,0,0,0,0
0,0,0,0,0,1,8,2,0,0,6,0,0,3,4,0,0,1,6,14,0,751,0,0,17,1,0,3,8,0,0,0,2,0,0,10,0,3,1,3,0,0,0,1,26,15,6,0,0,0,6,28,18,0,1,0,12,7,1,1,0
6,12,12,1,5,4,0,402,4,0,0,0,0,0,0,0,37,1,0,0,0,0,906,5,0,0,0,0,0,0,20,8,1,0,0,0,2,0,0,0,0,2,3,0,0,0,0,77,0,0,0,0,0,9,5,11,0,2,2,0,0
0,25,3,0,0,0,0,3,52,0,0,0,0,0,0,0,37,0,0,1,2,0,3,1284,0,0,0,0,0,1,70,35,132,0,0,0,1,0,0,0,0,1,15,0,0,0,1,0,0,0,0,0,0,2,2,40,0,0,2,0,0
0,0,0,0,0,0,1,0,0,1,0,1,0,1,14,0,0,0,0,0,0,5,0,0,1468,0,0,3,3,0,0,0,0,0,3,2,0,0,0,0,0,0,0,17,5,8,0,0,3,6,7,3,113,0,0,0,23,0,0,1,1
0,0,0,0,0,0,1,0,0,4,0,0,39,0,7,0,0,1,0,2,0,1,1,0,0,690,2,0,1,2,0,2,0,2,77,0,3,1,0,0,0,1,3,3,0,0,0,3,1,0,6,0,1,0,0,1,0,1,3,1,0
0,0,0,0,0,0,0,0,0,0,45,0,2,91,11,16,0,0,0,6,0,2,1,0,0,13,1081,2,2,4,0,0,0,0,1,167,0,4,9,11,4,0,0,0,10,19,7,2,0,0,0,30,0,0,1,2,11,0,6,0,0
0,0,0,0,0,0,0,0,0,0,17,0,0,7,1,0,0,0,0,4,1,0,0,0,0,0,0,6173,2,0,0,0,0,0,0,1,0,1,0,0,0,0,0,1,702,3,2,0,0,0,0,12,0,0,0,0,0,1,0,0,0
0,0,1,0,1,1,4,1,1,1,0,1,0,0,6,2,0,2,2,1,1,8,1,0,4,4,0,4,531,43,1,2,1,0,18,0,0,0,0,0,0,0,0,16,5,0,5,0,0,3,11,0,0,0,3,1,2,1,6,4,1
2,6,2,1,0,1,1,7,2,0,0,0,0,1,0,5,10,0,0,0,0,0,0,1,0,0,0,1,34,701,6,7,5,0,2,0,5,4,1,0,2,1,3,2,0,0,4,1,0,0,1,0,0,0,0,2,3,3,14,0,0
0,47,50,2,4,105,4,57,30,0,0,0,0,0,0,0,373,4,3,10,1,0,59,246,0,0,0,0,0,2,1455,559,292,0,1,0,4,0,0,1,1,67,11,0,0,0,2,6,0,0,0,0,0,93,26,188,0,0,57,0,1
2,39,97,0,11,511,136,121,71,0,2,0,1,1,1,6,224,5,7,164,27,2,47,199,1,0,1,0,1,14,595,2603,513,0,2,6,19,3,28,41,4,31,11,1,4,0,24,21,0,0,0,1,0,156,74,265,10,2,34,7,4
0,5,0,0,0,1,4,10,9,0,0,0,0,0,0,0,10,2,4,11,7,1,1,260,0,0,0,1,0,5,143,188,4130,0,0,0,4,0,4,4,0,0,5,0,3,0,5,3,0,0,0,0,0,3,16,194,0,0,176,0,0
0,0,0,0,0,0,1,1,0,0,0,86,31,0,0,2,0,0,0,0,0,0,0,0,1,1,0,0,0,1,0,0,0,692,2,0,0,0,0,0,0,0,0,0,0,0,0,0,12,17,25,0,0,0,0,0,0,0,4,8,17
0,0,0,0,0,0,5,1,0,10,0,11,43,0,22,0,0,1,4,3,0,4,0,0,11,284,0,3,36,0,4,0,0,12,2350,7,2,3,0,0,0,1,1,33,10,0,13,0,36,6,76,2,2,0,0,0,1,2,2,2,0
0,0,0,0,0,0,0,0,0,0,12,0,0,28,6,1,0,0,0,1,0,142,0,0,17,10,220,3,11,3,0,0,0,0,8,3223,0,1,2,2,0,0,0,0,40,178,12,0,0,1,0,301,15,0,0,0,3,0,1,2,1
42,3,45,84,43,33,0,2,100,1,3,0,0,1,21,25,5,295,2,6,0,2,4,20,0,1,0,0,0,9,9,13,33,0,0,0,2682,36,23,6,34,119,107,0,2,2,17,28,0,0,0,3,1,79,63,4,18,197,14,1,0
0,1,0,0,1,6,1,2,0,15,47,0,0,5,15,6,1,3,20,34,6,3,1,3,1,2,6,6,0,2,4,13,2,0,0,0,18,2011,315,55,33,2,5,0,5,13,9,9,0,0,1,2,1,4,6,2,52,18,2,0,0
0,0,5,2,2,8,5,6,1,4,25,0,2,69,47,53,1,4,19,148,9,10,0,4,1,2,25,3,2,14,8,13,3,0,0,1,38,461,3012,414,352,3,2,0,15,7,27,5,0,1,0,38,4,1,10,8,65,10,8,1,1
0,0,0,0,0,0,0,0,0,0,7,0,0,3,0,2,0,0,5,5,1,0,0,0,0,0,21,0,1,3,0,3,2,0,0,4,2,16,76,779,7,0,0,0,6,0,3,0,0,0,0,2,1,0,3,3,4,4,4,0,0
0,0,2,0,0,1,0,3,1,0,0,0,0,0,2,26,0,0,1,2,1,0,0,6,0,0,0,0,0,2,1,3,1,0,0,0,5,11,29,6,385,1,4,0,0,0,1,0,0,0,0,0,0,0,4,1,5,0,2,0,0
28,13,91,72,63,40,0,4,11,0,0,0,0,0,0,0,18,139,1,0,0,0,4,2,0,0,0,0,0,0,4,2,1,0,0,0,22,0,0,0,0,1030,33,0,0,0,0,4,0,0,0,0,0,12,33,4,0,4,0,0,0
0,1,1,13,0,1,0,0,19,0,0,0,0,0,0,0,0,1,0,0,0,0,2,1,0,0,0,0,0,0,0,0,0,0,0,0,5,0,0,0,0,4,445,0,0,0,0,1,0,0,0,0,0,1,1,0,0,0,0,0,0
1,0,1,0,0,3,0,0,0,97,0,3,12,0,22,0,2,1,0,0,0,0,0,0,10,15,0,1,14,1,0,2,0,1,29,0,2,0,0,0,0,0,0,1241,2,1,3,0,2,3,21,0,3,0,0,0,0,0,0,0,0
0,0,0,0,0,1,1,1,0,0,11,0,0,5,1,0,0,0,0,5,0,31,0,0,7,0,2,100,11,2,0,0,0,0,2,12,0,0,1,1,0,0,0,0,435,15,36,0,0,0,0,20,3,0,0,0,3,6,2,0,0
0,0,0,0,0,0,0,0,0,2,68,0,4,14,1,0,0,0,0,0,0,13,0,0,11,0,12,7,1,0,0,0,0,0,0,44,0,2,2,1,0,0,0,1,23,1553,8,0,0,0,0,150,17,0,0,0,12,0,0,0,0
24,44,20,37,23,34,1,12,23,10,12,0,7,10,18,22,35,18,3,14,5,6,9,38,2,6,21,1,34,49,35,49,44,0,30,14,32,18,31,9,11,21,51,10,43,12,1336,7,0,0,3,54,0,7,12,10,15,50,87,0,0
75,19,31,25,20,23,2,280,37,1,1,0,0,2,3,12,27,7,10,3,0,0,467,26,0,1,0,0,0,2,13,38,47,0,0,4,22,17,6,2,12,18,34,0,0,0,11,3234,0,0,0,1,0,20,14,26,32,45,0,0,0
0,0,0,0,0,0,0,0,0,0,0,47,1,0,1,0,0,0,0,0,0,2,0,0,62,0,0,1,0,1,0,0,0,21,1,0,0,0,0,0,0,0,0,0,0,0,0,0,4465,143,37,1,69,0,0,0,0,0,0,675,27
0,0,0,0,0,0,0,0,0,0,0,75,1,0,0,0,0,0,0,0,0,0,0,0,4,0,0,0,1,0,0,0,0,11,0,0,0,0,0,0,0,0,0,0,1,0,0,0,62,1524,6,0,1,0,0,0,0,0,0,7,20
0,1,1,1,1,1,11,0,0,9,0,97,242,1,66,1,0,0,0,1,0,10,0,0,14,23,0,4,15,1,0,1,1,61,43,0,0,0,0,0,0,1,0,50,3,0,14,0,30,5,1872,0,27,0,0,0,0,0,1,15,1
0,0,0,0,0,0,1,0,0,0,57,32,7,328,29,58,0,0,0,10,1,57,0,0,38,2,115,17,3,3,0,0,0,8,4,361,2,16,32,2,1,0,0,0,121,361,58,3,8,3,12,2495,118,0,0,0,24,2,4,22,8
0,0,0,0,0,0,0,0,0,2,1,3,4,0,42,1,0,0,0,0,0,2,0,0,52,0,0,0,2,0,0,0,0,0,0,5,0,0,0,0,0,0,0,6,2,12,0,0,9,1,17,6,363,0,0,0,5,0,0,16,0
2,1,19,11,0,29,2,8,5,0,0,0,0,0,0,0,11,18,0,1,0,0,4,7,0,0,0,0,0,0,28,31,2,0,0,0,1,0,0,0,0,8,11,0,0,0,0,1,0,0,0,0,0,168,7,19,0,3,0,0,0
0,0,3,2,0,8,2,3,0,0,0,0,0,1,0,0,2,11,2,4,0,0,2,0,0,0,0,0,0,0,3,3,0,0,0,0,1,1,0,0,0,14,9,0,0,0,0,0,0,0,0,0,0,11,309,20,0,15,0,0,0
0,2,3,0,0,6,5,21,1,0,0,0,0,0,0,0,9,0,1,11,2,0,11,24,0,0,0,0,0,1,59,80,89,0,0,0,0,1,1,0,1,3,1,0,0,0,1,6,0,0,0,0,0,14,103,947,2,1,9,0,0
0,0,1,0,0,1,0,1,0,16,48,0,0,17,56,33,1,1,0,1,0,11,1,0,97,0,3,0,2,6,1,2,0,1,1,0,15,21,8,1,16,0,0,3,0,12,3,21,2,0,1,9,50,0,1,2,995,10,2,4,1
8,0,3,44,0,18,1,3,6,2,5,0,0,0,0,0,2,21,8,7,0,2,1,4,0,0,0,0,0,1,2,7,6,0,0,0,106,10,1,2,1,6,59,0,0,0,2,37,0,0,0,0,0,27,49,3,10,1745,0,0,0
0,1,1,0,2,2,0,28,0,0,0,0,2,0,0,1,12,0,1,1,0,0,10,4,0,0,1,0,2,5,26,9,76,5,0,0,2,0,1,1,2,2,1,0,0,0,2,0,0,0,0,0,0,2,5,38,0,0,983,0,1
0,0,0,0,0,2,2,0,0,0,0,12,3,0,16,7,0,0,0,0,0,3,0,0,19,1,0,1,0,2,0,1,0,18,0,1,0,0,0,0,0,0,0,1,1,0,0,0,447,32,13,3,47,0,0,0,8,0,0,2152,57
0,0,0,0,0,0,0,0,0,0,0,0,0,0,1,0,0,0,0,0,0,0,0,0,0,0,0,0,0,0,0,0,0,3,0,0,0,0,0,0,0,0,0,0,0,0,0,0,0,8,0,0,0,0,0,0,0,0,0,3,95
