0.6476,0.72702,0.41194,0.65896,0.39134,0.50473,0.37677,0.58654,0.62272,0.41985,0.62597,0.54556,0.53538,0.73692,0.63672,0.70639,0.49407,0.40765,0.30698,0.41075,0.24444,0.66989,0.41773,0.53997,0.77725,0.62409,0.63402,0.96956,0.73677,0.77093,0.51071,0.63364,0.76386,0.74019,0.90888,0.82241,0.85025,0.74348,0.81907,0.56698,0.3981,0.5667,0.44687,0.85545,0.47681,0.64289,0.81057,0.87055,0.87352,0.84427,0.82129,0.69535,0.38291,0.22083,0.35458,0.50458,0.68274,0.78716,0.66712,0.72306,0.40517
0.68454
1415,37,142,283,134,6,0,20,127,0,0,0,0,0,0,0,3,7,0,0,0,0,72,0,0,0,0,0,0,0,1,0,0,0,0,0,1,0,0,0,0,40,8,0,0,0,0,7,0,0,0,0,0,5,0,0,0,0,0,0,0
35,2080,78,2,146,3,0,0,119,0,0,0,0,0,0,0,305,0,0,3,0,0,6,76,0,0,0,0,0,1,70,22,11,0,0,0,1,0,1,0,0,17,1,0,0,0,1,1,0,0,0,0,0,1,1,6,0,0,0,0,0
79,69,835,51,77,159,0,10,89,0,0,0,0,0,0,0,85,27,1,0,0,0,11,2,0,0,0,0,0,0,17,29,1,0,0,0,2,0,0,0,0,85,11,0,0,0,0,7,0,0,0,0,0,47,5,2,0,2,0,0,0
328,0,45,1368,28,8,0,9,42,0,0,0,0,0,0,0,0,52,0,0,0,0,23,0,0,0,0,0,0,0,0,0,0,0,0,0,12,0,0,0,0,94,95,0,0,0,1,11,0,0,0,0,0,15,9,0,0,31,0,0,0
31,24,19,3,452,1,0,0,4,0,0,0,0,0,0,0,5,0,0,0,0,0,2,1,0,0,0,0,0,0,1,0,0,0,0,0,3,0,0,0,0,12,0,0,0,0,1,0,0,0,0,0,0,0,0,0,0,0,0,0,0
16,17,238,36,18,1228,31,50,27,0,3,0,0,0,1,1,43,166,24,38,0,0,16,4,0,0,0,0,0,4,16,180,5,0,0,0,51,8,5,0,0,92,28,0,3,0,14,9,0,0,0,1,0,96,66,14,11,18,1,0,0
0,1,0,0,0,9,133,0,0,0,0,0,0,0,0,1,0,0,0,7,1,12,0,0,2,0,1,1,3,0,0,8,0,0,2,1,0,0,0,0,0,0,0,1,1,0,0,0,0,0,0,0,0,0,1,2,1,0,0,1,2
4,8,10,6,2,48,7,1586,10,0,0,0,0,0,0,1,34,5,8,12,0,0,398,3,0,0,1,1,0,0,24,68,4,0,0,0,3,0,1,0,1,3,4,0,3,0,3,205,0,1,0,0,0,22,15,35,0,5,0,0,0
74,55,66,8,26,7,0,3,1436,0,0,0,0,0,0,0,13,1,1,0,0,0,7,33,0,0,0,0,0,0,1,5,2,0,0,0,0,0,0,0,0,5,31,0,0,0,1,3,0,0,0,0,0,5,0,0,0,0,0,0,0
0,0,0,0,0,0,0,1,1,165,1,0,6,0,12,0,1,2,0,0,0,1,0,0,0,1,0,0,1,0,0,0,0,0,0,0,0,1,0,0,0,0,0,23,0,0,0,2,0,0,1,0,0,0,0,0,0,1,2,1,0
0,0,0,0,0,0,0,0,0,1,964,0,0,66,11,7,0,1,1,3,0,12,0,0,0,1,25,2,0,0,0,0,0,0,0,9,2,9,3,1,1,0,0,0,15,155,3,2,0,0,0,24,2,0,1,0,38,10,0,0,0
0,0,0,0,0,0,0,0,0,0,0,473,4,0,0,0,0,0,0,0,0,0,0,0,0,0,0,0,0,0,0,0,0,50,1,0,0,0,0,0,0,0,0,0,0,0,0,0,11,19,24,0,2,0,0,0,0,0,0,2,4
0,0,1,0,0,3,2,0,0,7,0,10,522,0,31,1,0,0,0,1,0,0,1,0,12,20,1,3,13,1,2,5,1,42,10,0,1,2,1,0,1,2,0,13,6,0,2,0,4,0,109,1,5,0,0,0,0,1,10,4,2
0,0,0,0,0,1,0,2,0,1,168,6,5,2028,46,102,0,0,0,5,1,26,0,0,15,3,156,9,2,6,0,0,0,6,0,36,4,9,45,4,2,0,0,0,26,61,8,0,1,4,1,411,25,0,0,1,38,4,6,7,10
0,0,0,0,1,13,1,0,0,31,24,1,32,24,964,37,2,0,0,6,0,5,0,3,8,5,5,1,4,5,8,10,1,1,2,2,15,15,5,2,28,0,0,19,8,9,8,0,2,0,25,9,64,0,2,1,60,2,3,12,0
0,0,0,0,0,0,1,5,0,0,2,0,6,35,23,1061,1,1,0,1,0,0,1,2,0,0,7,0,0,11,4,12,6,0,0,1,9,11,19,2,92,0,0,0,0,0,3,3,0,0,0,0,2,0,2,8,13,1,12,0,3
9,335,188,4,89,66,1,48,69,0,0,0,1,0,0,0,1291,4,0,4,0,0,117,113,0,0,0,0,0,2,211,124,9,0,0,0,1,1,1,0,1,100,20,0,0,0,2,6,0,0,0,0,0,22,9,15,0,0,7,0,0
6,0,5,12,3,12,0,0,0,0,0,0,0,0,0,0,0,565,0,0,1,0,1,0,0,0,0,0,0,1,0,1,0,0,0,0,46,0,0,1,0,22,8,0,0,0,1,1,0,0,0,0,0,6,4,0,1,14,0,0,0
0,0,0,0,0,3,0,0,0,0,0,0,0,0,0,0,0,0,66,3,0,0,0,0,0,0,0,0,0,0,0,0,1,0,0,0,0,5,4,0,0,0,0,0,1,0,0,0,0,0,0,0,0,0,0,0,0,0,0,0,0
0,0,1,0,0,12,5,0,0,0,0,0,1,1,3,0,0,1,8,405,5,0,0,0,1,0,0,0,0,0,1,11,1,0,0,0,1,14,29,12,3,0,0,0,1,0,2,3,0,0,1,0,0,0,4,3,1,3,1,0,0
0,0,0,0,0,0,0,0,0,0,0,0,0,0,0,0,0,0,0,1,22,0,0,0,0,0,0,0,0,0,0,0,0,0,0,0,0,0,0,6,0,0,0,0,0,0,0,0,0,0,0,0,0,0,1,0,0,0,0,0,0
0,0,0,0,0,1,3,2,0,0,5,1,0,3,6,0,0,2,3,17,0,761,0,0,15,1,1,4,8,0,0,0,2,0,0,9,1,4,0,2,0,0,0,1,21,15,9,0,1,0,5,28,15,0,2,0,10,7,1,0,0
7,15,14,2,2,5,0,393,4,0,0,0,0,0,0,0,36,1,0,0,0,0,914,5,0,0,0,0,0,0,20,8,1,0,0,0,1,0,0,0,0,3,2,0,0,0,0,76,0,0,0,0,0,7,4,12,0,3,2,0,0
0,27,2,0,0,0,0,2,55,0,0,0,0,0,0,0,37,1,0,1,2,0,3,1290,0,0,0,0,0,1,69,35,127,0,0,0,0,0,0,0,0,1,15,0,0,0,1,0,0,0,0,0,0,3,2,37,0,0,1,0,0
0,0,0,0,0,0,1,0,0,1,0,1,1,0,16,0,0,0,0,0,0,6,0,0,1476,0,0,3,2,0,0,0,0,1,3,1,0,0,0,0,0,0,0,18,4,8,0,0,2,4,6,4,107,0,0,0,22,0,0,1,1
0,0,0,0,0,0,0,0,0,5,0,0,33,0,11,0,0,1,0,3,0,1,1,0,1,689,3,0,3,2,0,2,0,2,78,0,2,1,0,0,0,0,2,2,0,0,2,2,1,0,6,0,1,0,0,1,0,1,4,0,0
0,0,0,0,0,0,0,2,0,0,46,0,3,93,7,15,0,0,0,7,0,3,1,0,0,8,1081,2,2,4,0,0,0,0,1,168,0,3,7,10,3,0,0,0,7,19,10,1,0,0,0,34,1,0,1,2,12,0,7,0,0
0,0,0,0,0,0,0,0,0,0,12,0,0,7,1,0,0,0,0,3,1,0,0,0,0,0,1,6147,3,0,0,0,0,0,0,2,0,1,0,0,0,0,0,1,730,3,2,0,0,0,0,14,0,0,0,0,0,0,0,0,0
0,0,0,0,1,1,2,2,1,1,0,1,0,0,7,2,0,1,0,2,2,7,1,0,5,5,0,5,529,45,1,2,2,0,17,0,0,0,0,0,0,0,0,17,2,0,8,0,0,3,14,0,0,0,1,2,0,1,5,5,0
3,5,1,1,2,1,0,6,1,0,1,0,0,0,0,4,11,2,1,1,0,0,1,2,0,0,0,1,35,700,6,4,10,0,2,0,5,1,2,0,1,1,2,2,0,0,3,0,0,0,1,0,0,0,0,3,3,3,13,0,0
0,51,48,1,8,111,2,63,26,0,0,0,0,0,0,0,383,6,4,11,3,0,50,239,0,0,0,0,0,2,1455,554,297,1,1,0,4,0,0,0,1,63,9,0,0,0,3,5,0,0,0,0,0,87,27,184,0,0,62,0,0
2,48,95,1,11,526,121,114,72,0,1,0,1,3,2,3,237,3,17,162,16,2,47,204,1,0,1,0,3,13,583,2622,503,0,2,7,19,5,29,41,5,29,12,0,5,0,25,21,0,0,0,1,0,149,68,265,9,1,32,7,4
0,4,0,0,1,1,2,9,9,0,0,0,0,0,0,1,7,1,5,14,8,0,1,268,0,0,1,1,0,4,136,180,4147,0,0,0,4,0,3,5,0,0,5,0,1,0,5,2,0,0,0,0,0,4,12,193,0,0,175,0,0
0,0,0,0,0,0,0,0,0,0,0,85,29,0,0,2,0,0,0,0,0,0,0,0,1,1,0,0,0,1,0,0,0,698,2,0,0,0,0,0,0,0,0,0,0,0,0,0,14,18,17,0,0,0,0,0,0,0,7,10,16
0,0,0,0,0,0,5,1,0,7,0,11,39,0,23,0,1,1,1,3,0,4,0,0,11,308,0,3,30,0,2,0,0,11,2334,5,3,3,0,0,0,1,0,32,12,0,17,0,37,5,78,2,3,0,1,0,0,3,4,2,0
0,0,0,0,0,0,1,0,0,0,16,1,0,26,5,1,0,0,1,0,0,141,0,0,19,8,228,4,6,2,0,0,0,0,9,3186,0,1,0,2,0,0,0,0,45,183,10,0,1,2,0,316,21,0,0,0,5,0,1,1,2
45,4,46,78,41,38,1,2,109,3,4,0,0,2,23,20,3,296,5,5,0,1,7,21,0,0,0,0,0,7,6,15,27,0,0,0,2697,35,22,9,37,117,109,0,2,2,10,27,0,0,0,3,0,59,64,6,18,195,15,2,0
0,1,0,0,1,4,1,3,0,15,44,0,0,5,24,7,0,3,25,40,3,5,1,6,2,2,6,4,0,4,5,14,2,0,0,0,20,1994,318,61,26,4,2,0,6,16,7,9,0,0,0,1,0,3,5,1,46,21,2,0,0
0,1,4,4,3,10,6,5,2,3,20,0,3,80,46,59,0,3,19,166,11,8,0,4,3,2,26,3,1,11,10,10,1,0,0,5,42,441,3024,411,331,3,0,0,14,5,23,5,1,1,0,39,1,4,10,7,63,13,10,2,0
0,0,0,0,0,0,0,0,0,0,5,0,0,2,0,3,0,0,1,6,3,0,0,0,1,0,21,0,0,2,0,2,3,0,0,6,3,19,76,783,5,0,0,0,4,0,3,0,0,0,0,3,0,0,3,2,3,4,4,0,0
1,0,1,0,0,2,0,3,1,0,0,0,0,0,3,32,0,0,1,3,0,0,0,6,0,0,0,1,0,2,1,4,1,0,0,0,6,13,25,5,377,1,4,0,0,0,1,1,0,0,0,0,0,1,2,1,5,0,2,0,0
27,15,101,76,58,42,0,4,11,0,0,0,0,0,0,0,16,145,0,0,0,0,4,1,0,0,0,0,0,0,4,2,1,0,0,0,20,0,0,0,0,1011,30,0,0,0,1,4,0,0,0,0,0,19,35,4,0,4,0,0,0
0,0,2,11,0,1,0,0,17,0,0,0,0,0,0,0,0,1,0,0,0,0,1,1,0,0,0,0,0,0,0,1,0,0,0,0,4,0,0,0,0,5,450,0,0,0,0,1,0,0,0,0,0,0,1,0,0,0,0,0,0
0,0,1,0,0,3,0,0,0,105,0,4,13,0,23,0,1,1,0,0,0,0,0,0,13,21,0,1,17,0,0,2,0,1,30,0,2,0,0,0,0,0,0,1225,2,1,4,0,2,3,15,0,2,0,0,0,1,0,0,0,0
0,0,0,0,0,1,2,1,0,0,9,0,0,6,1,0,0,0,0,3,0,29,0,0,7,0,3,107,13,3,0,0,0,0,0,14,0,2,1,1,0,0,0,0,432,15,34,0,0,0,0,15,3,0,0,0,3,7,2,0,0
0,0,0,0,0,0,0,0,0,3,78,1,2,15,1,0,0,0,0,1,0,16,0,0,14,0,11,8,0,0,0,0,0,0,0,43,0,2,1,1,0,0,0,2,21,1559,9,0,0,0,0,132,13,0,0,0,13,0,0,0,0
22,42,22,40,24,29,2,12,23,12,14,0,4,11,10,21,39,16,7,12,5,7,11,35,2,4,22,1,23,51,40,40,44,0,29,12,34,20,25,13,10,16,51,10,45,10,1365,5,0,0,8,53,0,6,13,13,12,48,83,0,1
69,17,31,27,22,17,1,281,44,0,1,0,0,3,2,13,22,9,7,2,1,0,458,31,0,1,0,0,0,0,20,35,48,0,0,5,24,18,6,1,8,23,31,0,0,0,10,3255,0,0,0,1,0,15,16,25,33,36,1,0,0
0,0,0,0,0,0,0,0,0,0,0,47,3,0,1,0,0,0,0,0,0,2,0,0,61,0,0,1,0,1,0,0,0,23,1,0,0,0,0,0,0,0,0,0,0,0,0,0,4420,163,39,1,70,0,0,0,0,0,0,708,13
0,0,0,0,0,0,0,0,0,0,0,82,1,0,0,0,0,0,0,0,0,0,0,0,4,0,0,0,1,0,0,0,0,7,0,0,0,0,0,0,0,0,0,0,0,0,0,0,62,1518,7,1,1,0,0,0,0,0,0,8,21
0,1,1,0,1,0,9,0,0,15,0,96,248,1,72,1,1,0,0,0,1,9,0,0,13,19,0,8,11,3,0,1,1,69,38,0,0,0,0,0,0,1,0,56,4,0,13,0,31,7,1852,0,28,0,0,0,0,0,1,13,0
0,0,0,0,0,0,1,0,0,0,67,34,7,324,32,65,0,0,1,11,0,57,0,0,37,1,101,18,1,2,0,0,0,8,4,358,1,16,28,5,2,0,0,0,107,339,54,3,13,2,17,2529,118,0,0,0,22,5,4,21,8
0,0,0,0,0,0,0,0,0,2,1,2,5,0,38,1,0,0,0,0,0,3,0,0,63,2,0,0,2,0,0,0,0,0,0,3,0,0,0,0,0,0,0,5,2,10,0,0,9,0,18,8,363,0,0,0,3,0,0,11,0
5,1,18,12,1,26,1,11,1,0,0,0,0,0,0,0,9,22,1,1,0,0,4,5,0,0,0,0,0,0,32,30,1,0,0,0,0,0,0,0,0,6,7,0,0,0,0,1,0,0,0,0,0,176,8,15,0,3,0,0,0
0,1,4,4,0,7,1,2,0,0,0,0,0,0,0,0,2,13,2,5,0,0,2,0,0,0,0,0,0,0,4,3,0,0,0,1,4,0,0,0,0,14,9,0,0,0,0,0,0,0,0,0,0,9,306,20,0,13,0,0,0
0,2,4,0,0,7,3,23,1,0,0,0,0,0,0,0,11,0,0,9,2,0,12,24,0,0,0,0,0,1,65,80,89,0,0,0,0,2,2,0,0,3,1,0,0,0,0,5,0,0,0,0,0,11,108,937,1,1,11,0,0
0,0,0,0,0,1,0,0,0,16,49,0,2,17,57,31,1,1,2,1,0,12,1,0,91,0,2,0,2,8,2,2,0,0,1,0,13,16,6,0,12,0,0,4,0,15,2,25,2,0,1,4,50,2,2,2,1005,13,2,3,0
7,0,3,46,0,19,2,3,5,0,5,0,0,0,0,0,2,25,3,6,1,3,4,5,0,0,0,0,0,0,4,7,4,0,0,0,109,10,2,2,0,6,60,0,0,0,2,31,0,0,0,0,0,21,48,2,9,1753,0,0,0
0,0,1,0,3,1,0,26,0,0,0,0,1,0,0,5,11,0,0,2,0,0,9,5,0,0,1,0,2,6,28,7,76,5,0,0,2,0,1,1,0,4,0,0,0,0,1,0,0,0,0,0,0,2,4,36,0,0,988,0,1
0,0,0,0,0,0,5,0,0,0,0,10,3,0,11,5,0,0,0,0,1,3,0,0,21,2,0,1,1,2,0,1,0,16,1,0,0,0,0,0,0,0,0,1,1,0,0,0,446,40,10,2,51,0,0,0,11,0,0,2154,50
0,0,0,0,0,0,0,0,0,0,0,1,0,0,1,0,0,0,0,0,0,0,0,0,0,0,0,0,0,0,0,0,0,2,0,0,0,0,0,0,0,0,0,0,0,0,0,0,0,8,0,0,0,0,0,0,0,0,0,4,94
