0.64679,0.71722,0.41374,0.65342,0.40305,0.50021,0.35219,0.58537,0.61923,0.4478,0.63285,0.54726,0.52121,0.73547,0.64455,0.70542,0.48997,0.41382,0.32487,0.41667,0.28947,0.67139,0.42233,0.54311,0.79102,0.63067,0.62734,0.97107,0.71429,0.75828,0.50637,0.62847,0.76326,0.73802,0.90955,0.82332,0.85151,0.74395,0.81793,0.56318,0.39691,0.56507,0.43529,0.85625,0.46948,0.63689,0.80815,0.87173,0.87645,0.85073,0.82187,0.69773,0.39552,0.21121,0.35006,0.4963,0.67245,0.78722,0.67258,0.73304,0.3745
0.68443
1410,38,140,297,126,7,0,18,133,0,0,0,0,0,0,0,5,5,0,0,0,0,76,0,0,0,0,0,0,0,1,0,0,0,0,0,1,0,0,0,0,35,6,0,0,0,0,7,0,0,0,0,0,3,0,0,0,0,0,0,0
35,2062,77,1,142,5,0,1,118,0,0,0,0,0,0,0,330,0,0,3,0,0,7,76,0,0,0,0,0,1,68,26,12,0,0,0,2,0,1,0,0,13,1,0,0,0,1,0,0,0,0,0,0,0,0,5,0,0,0,0,0
80,70,837,53,73,177,0,10,90,0,0,0,0,0,0,0,83,25,0,0,0,0,10,3,0,0,0,0,0,0,19,31,1,0,0,0,2,1,0,0,0,81,9,0,0,0,0,7,0,0,0,0,0,34,4,2,0,1,0,0,0
330,1,44,1365,29,5,0,9,42,0,0,0,0,0,0,0,1,45,0,0,0,0,24,0,0,0,0,0,0,0,0,0,0,0,0,0,13,0,0,0,0,93,106,0,0,0,1,10,0,0,0,0,0,12,7,0,0,34,0,0,0
30,27,19,4,449,1,0,1,4,0,0,0,0,0,0,0,5,0,0,0,0,0,2,1,0,0,0,0,0,0,0,0,0,0,0,0,2,0,0,0,0,14,0,0,0,0,0,0,0,0,0,0,0,0,0,0,0,0,0,0,0
19,19,230,37,19,1220,34,47,26,0,3,0,0,0,0,1,44,165,24,43,1,0,17,4,1,0,0,0,0,2,19,195,6,0,0,0,48,7,5,0,1,92,27,0,3,0,15,9,0,0,0,1,1,98,59,9,9,18,1,0,0
0,1,0,0,0,9,137,0,0,0,0,0,0,0,0,2,0,0,2,5,1,8,0,0,2,0,1,0,0,0,0,9,0,0,3,1,0,0,0,0,0,0,0,1,3,0,0,0,0,0,0,0,1,0,1,1,1,0,0,1,1
4,8,9,7,1,48,12,1608,10,0,0,0,0,0,0,2,35,6,4,8,0,0,379,3,0,0,1,1,1,1,25,61,5,0,0,0,3,1,0,0,1,7,4,0,2,0,5,195,0,1,1,0,0,24,13,38,2,5,0,0,0
67,57,68,9,20,7,0,6,1436,0,0,0,0,0,0,0,15,0,1,0,0,0,6,35,0,0,0,0,0,0,1,7,2,0,0,0,0,0,0,0,0,4,31,0,0,0,1,3,0,0,0,0,0,7,0,0,0,0,0,0,0
0,0,0,0,0,1,0,0,1,163,1,0,6,0,12,0,0,2,0,0,0,1,0,0,0,1,0,0,0,1,0,0,0,0,0,0,0,2,0,0,0,0,0,25,1,0,0,2,0,0,1,0,0,0,0,0,0,0,2,1,0
0,0,0,0,0,0,0,0,0,1,967,0,1,63,15,7,0,1,3,0,0,11,0,0,0,2,24,3,0,0,0,0,0,0,0,8,2,8,2,1,1,0,0,0,11,157,3,2,0,0,1,23,2,0,1,0,40,9,0,0,0
0,0,0,0,0,0,0,0,0,0,0,469,3,0,0,0,0,0,0,0,0,0,0,0,0,0,0,0,0,0,0,0,0,50,1,0,0,0,0,0,0,0,0,0,0,0,0,0,10,28,23,0,2,0,0,0,0,0,0,2,2
0,0,1,1,0,2,2,0,0,5,0,11,516,0,32,3,0,0,0,0,0,0,1,0,11,25,0,2,14,2,2,4,0,41,12,1,1,2,1,0,1,2,0,12,5,0,3,0,6,0,113,1,3,0,0,0,0,1,9,3,2
0,0,0,0,0,1,1,2,0,1,153,7,6,2038,45,101,0,0,0,1,1,26,0,0,11,3,166,8,2,5,0,0,0,7,1,39,6,8,40,5,2,0,0,0,24,57,7,0,0,3,1,411,26,0,0,1,48,4,7,7,9
0,0,1,0,0,10,4,0,0,24,23,0,36,30,981,40,3,0,0,9,0,4,0,3,8,7,4,3,5,3,11,8,1,2,1,2,13,11,5,2,27,0,0,18,8,8,7,0,2,0,20,8,57,1,3,1,60,1,2,8,0
0,0,1,0,0,1,0,6,0,0,1,0,6,32,24,1068,0,1,0,1,0,1,1,2,0,0,5,0,2,20,3,14,4,0,0,2,10,10,18,2,84,0,0,0,0,0,4,3,0,0,0,0,2,0,2,6,15,0,7,0,2
10,341,194,2,80,62,0,47,74,0,0,0,0,0,0,0,1295,4,0,3,0,0,113,108,0,0,0,0,0,2,216,133,11,0,0,0,1,0,1,0,1,95,17,0,0,0,4,6,0,0,0,0,0,16,13,14,0,0,7,0,0
6,0,4,14,3,18,0,0,0,0,0,0,0,0,0,0,0,557,0,0,1,0,0,0,0,0,0,0,0,0,0,0,0,0,0,0,52,0,0,1,0,25,7,0,0,0,1,1,0,0,0,0,0,3,3,0,0,15,0,0,0
0,0,0,0,0,4,0,0,0,0,0,0,0,0,0,0,0,0,64,3,0,0,0,0,0,0,0,0,0,0,0,1,1,0,0,0,0,6,3,0,0,0,0,0,1,0,0,0,0,0,0,0,0,0,0,0,0,0,0,0,0
0,1,0,0,0,14,6,0,0,0,0,0,1,1,1,0,0,0,5,410,5,0,0,0,0,0,0,0,0,0,0,11,1,0,0,0,2,9,29,12,3,1,0,0,1,0,3,3,0,0,0,0,1,1,4,2,3,3,1,0,0
0,0,0,0,0,0,0,0,0,0,0,0,0,0,0,0,0,0,0,1,22,0,0,0,0,0,0,0,0,0,0,0,0,0,0,0,0,0,0,6,0,0,0,0,0,0,0,0,0,0,0,0,0,0,1,0,0,0,0,0,0
0,0,0,0,0,0,4,2,0,0,5,0,0,3,5,0,0,1,6,15,0,758,0,0,15,1,0,3,9,0,0,0,2,0,1,8,0,2,3,3,0,0,0,1,23,19,8,1,1,0,4,28,15,0,3,0,8,7,1,1,0
8,14,10,1,1,4,0,400,3,0,0,0,0,0,0,0,45,2,0,0,0,0,908,6,0,0,0,0,0,0,14,9,1,0,0,0,1,0,0,0,0,5,3,0,0,0,0,73,0,0,0,0,0,12,2,11,0,2,2,0,0
0,25,3,0,0,0,0,3,54,0,0,0,0,0,0,0,42,0,0,1,1,0,2,1285,0,0,0,0,0,0,67,32,131,0,0,0,0,0,0,0,0,1,15,0,0,0,1,0,0,0,0,0,0,5,3,39,0,0,2,0,0
0,0,0,0,0,0,1,0,0,1,0,0,1,0,16,0,0,0,0,0,0,4,0,0,1480,0,0,3,1,0,0,0,0,0,3,2,0,0,0,0,0,0,0,13,4,12,1,0,4,5,9,4,98,0,0,0,26,0,0,0,1
0,0,0,0,0,0,0,0,0,6,0,0,34,0,8,0,1,1,0,1,0,1,1,0,1,695,3,0,1,3,0,2,0,3,72,0,2,0,0,0,0,1,1,2,0,0,1,4,1,0,5,0,1,0,0,2,0,1,4,2,0
0,0,0,0,0,0,1,2,0,0,45,0,2,96,9,15,0,0,1,8,1,5,0,0,0,10,1074,2,1,6,0,0,0,0,1,165,0,3,5,10,5,0,0,0,6,20,6,0,0,0,0,36,1,0,2,3,11,0,8,0,0
0,0,0,0,0,0,0,0,0,0,18,0,0,7,1,0,0,0,0,4,0,0,0,0,0,0,1,6177,2,0,0,0,0,0,0,1,0,2,0,0,0,0,0,1,700,2,2,0,0,0,0,10,0,0,0,0,0,0,0,0,0
0,0,1,0,2,1,3,1,0,1,0,0,0,0,6,2,0,1,2,1,0,9,1,0,3,5,0,3,525,45,1,2,3,0,17,0,0,0,0,0,0,0,0,17,4,0,10,0,1,2,16,0,1,0,3,0,2,1,4,4,0
3,5,1,1,1,4,0,6,2,0,0,0,0,0,0,4,13,2,0,2,0,0,1,2,0,0,0,1,38,687,4,6,7,0,3,0,7,3,3,0,3,0,5,2,0,0,2,0,0,0,1,0,0,0,0,3,3,2,14,0,0
0,60,50,2,9,103,2,60,25,0,0,0,0,0,0,0,373,4,1,10,1,0,55,235,0,0,0,0,0,3,1430,575,293,0,0,0,3,0,0,1,1,66,12,0,0,0,2,6,0,0,0,0,0,92,27,199,0,0,60,0,1
2,46,94,0,10,528,135,122,71,0,1,0,1,3,2,3,210,6,9,160,15,2,40,199,1,0,1,0,4,14,604,2649,504,0,2,5,18,3,29,41,4,33,8,0,3,1,24,20,0,0,0,0,0,120,71,276,10,1,34,7,4
0,6,0,0,0,1,2,10,10,0,0,0,0,0,0,1,13,2,3,13,5,0,1,264,0,0,0,1,0,4,140,183,4130,0,0,0,5,0,4,4,0,0,6,0,1,0,4,3,0,0,0,0,0,5,13,198,0,0,177,0,0
0,0,0,0,0,0,0,1,0,0,0,88,30,0,0,2,0,0,0,0,0,0,0,0,1,1,0,0,0,1,0,0,0,693,2,0,0,0,0,0,0,0,0,0,0,0,0,0,15,20,20,0,0,0,0,0,0,0,4,11,12
0,0,0,1,0,2,4,0,0,4,0,13,53,0,16,0,0,3,1,4,0,4,1,0,10,293,0,6,29,1,2,0,0,9,2343,8,2,3,0,0,0,1,0,37,8,0,16,0,37,6,76,1,1,0,0,0,2,2,2,2,0
0,0,0,0,0,0,1,0,0,0,11,1,2,31,2,1,0,0,0,1,0,141,0,0,12,10,233,4,10,5,0,0,0,0,5,3234,0,1,1,2,0,0,0,0,36,173,10,0,0,1,0,286,23,0,0,0,4,0,1,1,1
39,5,46,76,43,36,0,4,102,1,4,0,0,2,27,22,8,279,4,6,1,1,5,23,0,1,0,0,0,5,5,11,30,0,0,0,2701,30,21,4,42,120,111,0,1,2,14,25,0,0,0,2,1,66,70,4,22,198,16,2,0
1,1,0,0,1,6,1,3,0,18,49,0,0,6,20,8,1,2,21,37,2,4,1,3,2,0,4,5,0,4,3,12,3,0,0,0,21,2028,300,56,28,2,3,1,6,12,6,10,0,0,1,3,0,2,3,2,45,20,2,0,0
0,2,5,4,2,9,6,5,2,5,25,0,1,75,48,65,0,4,22,167,12,10,1,4,1,3,29,3,2,11,5,14,2,0,0,5,36,459,2983,419,338,4,2,0,12,7,24,5,1,1,0,33,1,1,11,9,61,13,7,1,2
0,0,0,0,0,0,0,1,0,0,6,0,0,3,0,3,0,0,4,6,0,0,0,0,0,0,23,0,0,3,0,2,3,0,0,4,2,19,82,771,5,0,0,0,6,0,4,0,0,0,0,3,1,0,3,4,2,4,3,0,0
1,0,1,0,0,0,0,3,2,0,0,0,0,0,2,27,0,0,0,2,0,0,0,4,0,0,0,0,1,3,1,2,0,0,0,0,4,15,24,9,385,1,5,0,0,0,1,1,0,0,0,0,0,0,5,1,4,0,2,0,0
30,11,94,78,59,42,0,4,10,0,0,0,0,0,0,0,19,146,1,0,0,0,4,2,0,0,0,0,0,0,4,2,1,0,0,0,18,0,0,0,0,1003,32,0,0,0,0,4,0,0,0,0,0,19,44,4,0,4,0,0,0
0,1,1,11,0,1,0,0,21,0,0,0,0,0,0,0,0,1,0,0,0,0,1,2,0,0,0,0,0,0,0,0,0,0,0,0,4,0,0,0,0,6,444,0,0,0,0,1,0,0,0,0,0,1,0,0,0,1,0,0,0
0,1,1,1,0,4,0,0,0,90,0,3,10,0,26,0,1,1,0,0,0,0,0,0,12,13,0,2,22,0,0,1,0,1,31,0,3,0,0,0,0,0,0,1233,2,1,4,0,2,3,21,0,3,0,0,0,1,0,0,0,0
0,0,0,0,0,0,2,1,0,0,10,0,0,6,2,0,0,0,0,4,0,27,0,0,7,0,2,99,11,5,0,1,0,0,1,12,0,2,3,1,0,0,0,0,434,16,34,0,0,0,0,19,3,0,0,0,4,6,2,0,0
0,0,0,0,0,0,0,0,0,4,75,0,3,16,1,0,0,0,0,0,0,18,0,0,12,0,13,7,1,0,0,0,0,0,0,38,0,3,1,1,0,0,0,2,23,1547,8,0,0,0,0,144,15,0,0,0,14,0,0,0,0
23,48,25,37,23,27,2,17,27,8,12,0,9,12,16,25,32,19,2,17,1,5,7,38,2,8,13,2,31,49,38,45,43,0,26,21,34,21,32,10,9,17,47,11,46,9,1348,10,0,0,3,48,0,6,13,11,12,47,82,1,2
71,22,31,23,17,20,2,285,47,0,1,0,0,2,2,11,28,8,9,1,0,0,453,23,0,1,0,0,0,1,20,35,48,0,0,5,27,19,5,1,10,20,36,0,0,0,7,3235,0,0,0,1,0,18,21,26,37,41,0,0,0
0,0,0,0,0,0,2,0,0,0,0,44,1,0,2,0,0,0,0,0,0,2,0,0,54,0,0,1,0,1,0,0,0,23,1,0,0,0,0,0,0,0,0,0,0,0,0,0,4469,145,36,1,85,0,0,0,0,0,0,664,23
0,0,0,0,0,0,1,0,0,0,0,78,2,0,0,0,0,0,0,0,0,0,0,0,4,0,0,0,1,0,0,0,0,9,0,0,0,0,0,0,0,0,0,0,0,0,0,0,62,1516,5,0,1,0,0,0,0,0,0,8,26
0,0,1,1,1,1,9,0,0,13,0,100,241,0,70,1,1,0,0,0,1,11,1,0,18,20,0,5,12,2,0,1,1,63,44,0,0,0,0,0,0,2,0,54,1,0,13,0,30,3,1864,1,19,0,0,0,0,0,1,16,3
0,0,0,0,0,0,2,0,0,0,62,30,11,330,26,57,0,0,0,12,0,58,0,0,37,3,112,18,1,2,0,0,0,13,3,363,2,13,35,4,3,0,0,0,114,361,58,3,10,3,18,2486,108,0,0,0,24,4,4,25,8
0,0,0,0,0,0,0,0,0,2,1,3,4,0,37,1,0,0,0,0,0,2,0,0,55,0,0,0,2,0,0,0,0,0,1,3,0,0,0,0,0,0,0,6,2,12,0,0,9,0,18,5,371,0,0,0,4,0,0,13,0
5,1,22,14,0,30,1,10,4,0,0,0,0,0,0,0,13,19,1,1,0,0,3,5,0,0,0,0,0,0,30,29,2,0,0,0,1,0,0,0,0,11,7,0,0,0,0,1,0,0,0,0,0,162,7,16,0,2,0,0,0
1,0,3,3,0,7,2,2,0,0,0,0,0,0,0,0,4,12,2,4,0,0,1,0,0,0,0,0,0,0,1,3,0,0,0,1,2,0,0,0,0,8,9,0,0,0,1,1,0,0,0,0,0,11,314,21,0,13,0,0,0
0,1,4,0,0,4,4,21,0,0,0,0,0,0,0,0,12,0,2,9,3,0,9,24,0,0,0,0,0,1,62,82,87,0,0,0,0,2,2,0,0,4,1,0,0,0,0,5,0,0,0,0,0,18,108,939,1,1,9,0,0
0,0,0,0,0,1,0,2,0,16,49,0,3,15,53,31,1,1,0,1,0,11,1,0,93,0,2,0,3,5,0,2,1,0,1,0,16,22,7,0,15,0,0,2,0,13,1,23,2,0,0,7,46,1,2,2,1008,12,2,4,1
5,0,3,46,0,14,1,3,5,1,6,0,0,0,1,0,2,21,3,7,1,2,4,6,0,0,0,1,0,0,3,6,4,0,0,0,103,11,1,2,1,6,65,0,0,0,2,32,0,0,0,0,0,25,56,2,8,1750,0,0,0
0,1,2,0,3,1,0,24,0,0,0,0,2,0,0,4,8,0,0,3,0,0,13,6,0,0,1,0,2,6,25,9,71,5,0,0,2,0,1,1,0,2,0,0,0,0,1,0,0,0,0,0,0,4,5,41,0,0,986,0,0
0,0,0,0,0,1,5,0,0,0,0,9,5,0,14,6,0,0,0,0,1,3,0,0,18,0,0,1,2,2,0,0,0,18,1,0,0,0,0,0,0,0,0,2,0,0,0,0,437,36,11,1,49,0,0,0,8,0,1,2161,57
0,0,0,0,0,0,0,0,0,0,0,1,0,0,0,1,0,0,0,0,0,0,0,0,0,0,0,0,0,0,0,0,0,2,0,0,0,0,0,0,0,0,0,0,0,0,0,0,0,9,0,0,0,0,0,0,0,0,0,3,94
