0.64856,0.72582,0.41969,0.65532,0.405,0.50943,0.38017,0.58765,0.61886,0.42553,0.62622,0.55711,0.53512,0.73867,0.64021,0.71716,0.50038,0.42129,0.32692,0.44385,0.2716,0.66696,0.42057,0.53849,0.78115,0.62131,0.62812,0.97189,0.71218,0.77803,0.5136,0.63231,0.76161,0.75027,0.9136,0.82443,0.85515,0.7419,0.81831,0.57309,0.394,0.56219,0.44356,0.86402,0.46236,0.63824,0.79824,0.8669,0.87277,0.84916,0.82013,0.70028,0.38854,0.21671,0.36014,0.50724,0.66891,0.78761,0.68129,0.72856,0.40171
0.68608
1421,39,133,287,119,3,0,21,134,0,0,0,0,0,0,0,3,7,0,0,0,0,71,0,0,0,0,0,0,0,1,0,0,0,0,0,1,0,0,0,0,43,9,0,0,0,0,12,0,0,0,0,0,4,0,0,0,0,0,0,0
33,2086,69,1,148,5,0,1,117,0,0,0,0,0,0,0,311,0,1,2,1,0,5,76,0,0,0,0,0,1,68,25,10,0,0,0,2,0,0,1,0,15,1,0,0,0,1,1,0,0,0,0,0,1,0,5,0,0,0,0,0
76,68,857,51,73,150,0,11,87,0,0,0,0,0,0,0,77,29,0,0,0,0,9,4,0,0,0,0,0,0,15,29,1,0,0,0,1,1,0,0,0,89,11,0,0,0,0,7,0,0,0,0,0,50,4,2,0,1,0,0,0
331,3,47,1367,29,11,0,8,41,0,0,0,0,0,0,0,0,46,0,0,0,0,24,0,0,0,0,0,0,0,0,0,0,0,0,0,13,0,0,0,0,91,98,0,0,0,2,9,0,0,0,0,0,11,7,0,0,33,0,0,0
27,24,20,3,454,1,0,0,4,0,0,0,0,0,0,0,4,0,0,0,0,0,2,1,0,0,0,0,0,0,1,0,0,0,0,0,3,0,0,0,0,14,0,0,0,0,1,0,0,0,0,0,0,0,0,0,0,0,0,0,0
19,20,240,40,17,1216,31,51,26,0,3,0,0,0,1,2,44,163,26,34,0,0,11,5,1,1,0,0,1,3,18,195,4,0,0,0,44,11,5,0,0,90,24,0,2,0,14,11,0,0,0,1,1,110,63,7,9,14,1,0,0
0,1,0,0,0,6,138,0,0,0,1,0,0,0,0,1,0,0,0,6,0,11,0,0,0,0,1,0,2,0,0,8,0,0,3,1,0,1,0,0,0,0,0,0,4,0,0,0,0,0,1,0,1,0,1,1,0,0,0,1,2
3,8,12,8,1,51,10,1589,11,0,0,0,0,0,0,1,36,4,5,8,0,0,397,1,0,0,1,1,0,0,29,64,6,0,0,0,3,1,0,0,2,7,4,0,2,0,4,198,0,1,0,0,0,22,12,33,0,6,0,0,0
70,58,69,8,23,7,0,4,1437,0,0,0,0,0,0,0,11,0,0,0,0,0,7,34,0,0,0,0,0,0,0,6,2,0,0,0,0,0,0,0,0,5,32,0,0,0,1,3,0,0,0,0,0,6,0,0,0,0,0,0,0
0,0,0,0,0,1,0,0,1,160,1,0,6,0,11,0,0,2,0,0,0,1,0,0,1,2,0,0,1,0,0,0,0,0,1,0,0,1,0,0,0,0,0,28,0,0,0,2,0,0,0,0,0,0,0,0,0,1,2,1,0
0,0,0,0,0,0,0,0,0,0,965,0,0,64,13,7,0,1,1,3,0,11,0,0,0,3,25,3,0,0,0,0,0,0,0,8,2,10,1,1,1,0,0,0,13,160,1,2,0,0,1,24,2,0,1,0,37,9,0,0,0
0,0,0,0,0,0,0,0,0,0,0,478,2,0,0,0,0,0,0,0,0,0,0,0,0,0,0,0,0,0,0,0,0,42,1,0,0,0,0,0,0,0,0,0,0,0,0,0,14,24,24,0,2,0,0,0,0,0,0,1,2
0,0,1,0,0,3,1,0,0,5,0,11,518,0,29,3,1,0,0,0,0,0,2,0,12,25,1,2,14,4,1,4,1,41,9,1,0,1,1,0,0,2,0,10,6,0,1,0,6,0,120,0,6,0,0,0,0,1,7,3,0
0,0,0,0,0,1,1,2,0,2,163,8,6,2038,51,90,0,0,0,6,1,33,0,0,16,4,153,8,2,5,0,0,0,8,1,34,4,9,41,5,1,0,0,0,27,64,8,0,0,3,1,399,23,1,0,1,42,3,6,8,12
0,1,2,0,0,10,1,0,0,30,22,1,35,25,968,38,2,0,0,8,0,3,0,3,12,6,6,1,4,3,9,6,1,0,2,2,12,16,6,2,27,0,0,19,8,7,8,0,2,0,23,10,60,0,4,1,63,3,4,9,0
0,0,1,0,0,0,1,7,0,0,1,0,7,39,19,1070,0,1,0,1,0,0,1,2,0,0,5,0,1,11,4,13,8,0,0,2,6,8,15,2,84,1,0,0,0,0,6,4,0,0,0,1,3,0,3,8,10,2,11,0,2
12,333,184,2,81,59,1,43,72,0,0,0,0,0,0,0,1316,5,0,4,0,0,113,114,0,0,0,0,0,2,217,118,10,0,0,0,1,0,2,0,1,100,20,0,0,0,4,8,0,0,0,0,0,22,8,14,0,0,4,0,0
6,0,4,12,2,14,0,0,0,0,0,0,0,0,0,0,0,562,0,0,1,0,1,0,0,0,0,0,0,1,0,1,0,0,0,0,49,0,0,1,0,21,7,0,0,0,2,1,0,0,0,0,0,6,4,0,0,16,0,0,0
0,0,0,0,0,3,0,0,0,0,0,0,0,0,0,0,0,0,68,2,0,0,0,0,0,0,0,0,0,0,0,1,1,0,0,0,0,4,3,0,0,0,0,0,1,0,0,0,0,0,0,0,0,0,0,0,0,0,0,0,0
0,1,1,0,0,10,8,0,0,0,0,0,0,1,1,0,1,0,9,415,3,0,0,0,1,0,0,0,0,0,1,10,2,0,0,0,1,10,28,9,2,0,0,0,2,1,4,3,0,0,1,0,0,0,3,2,1,2,1,0,0
0,0,0,0,0,0,0,0,0,0,0,0,0,0,0,0,0,0,0,1,22,0,0,0,0,0,0,0,0,0,0,0,0,0,0,0,0,0,0,6,0,0,0,0,0,0,0,0,0,0,0,0,0,0,1,0,0,0,0,0,0
0,0,0,0,0,0,6,2,0,0,5,0,0,3,4,0,0,1,2,11,0,765,0,0,17,2,0,3,8,0,0,0,2,0,0,8,1,3,2,3,0,0,0,0,27,16,8,1,0,0,6,25,16,0,2,0,9,6,1,1,0
7,15,10,2,2,5,0,391,3,0,0,0,0,0,0,0,43,2,0,0,0,0,916,4,0,0,0,0,0,0,19,9,1,0,0,0,1,0,0,0,0,3,3,0,0,0,0,75,0,0,0,0,0,7,4,12,0,1,2,0,0
0,23,2,0,0,0,0,3,54,0,0,0,0,0,0,0,39,0,0,2,1,0,2,1287,0,0,0,0,0,1,63,38,129,0,0,0,0,0,0,0,0,1,17,0,0,0,1,0,0,0,0,0,0,5,1,42,0,0,1,0,0
0,0,0,0,0,0,1,0,0,2,0,0,1,0,15,0,0,0,0,0,0,4,0,0,1467,0,0,4,2,0,0,0,0,0,3,1,0,0,0,0,0,0,0,18,5,9,0,0,3,2,8,2,109,0,0,0,29,0,0,1,3
0,0,0,0,0,1,1,0,0,7,0,0,33,0,6,0,0,1,0,2,1,1,1,0,1,694,4,0,2,2,0,2,0,3,67,0,3,1,0,0,0,0,2,4,0,0,3,3,2,0,6,0,1,0,0,1,0,1,3,1,0
0,0,0,0,0,0,0,1,0,0,49,0,2,93,9,15,0,0,0,4,0,1,1,0,0,11,1081,2,1,4,1,0,0,0,1,167,0,3,7,12,4,0,0,0,9,18,6,0,0,0,0,32,0,0,1,2,13,0,8,1,1
0,0,0,0,0,0,0,0,0,0,15,0,0,7,1,0,0,0,0,3,1,0,0,0,0,0,1,6188,2,0,0,0,0,0,0,2,0,1,0,0,0,0,0,1,694,3,2,0,0,0,0,7,0,0,0,0,0,0,0,0,0
0,0,1,0,1,1,4,2,1,1,0,1,0,0,5,2,0,2,0,1,1,8,1,0,5,4,0,4,532,45,1,2,1,0,19,0,0,0,0,0,0,0,0,16,3,0,6,0,0,2,10,0,3,0,2,1,2,1,4,5,0
2,4,1,1,2,1,1,6,2,0,1,0,1,0,0,4,13,1,0,1,0,0,0,2,0,0,0,1,38,694,7,4,8,0,2,0,6,5,2,0,1,2,3,2,0,0,2,1,0,0,0,0,0,0,0,2,3,2,13,0,0
0,55,51,2,5,103,3,61,28,0,0,0,0,0,0,0,372,5,3,9,1,0,53,241,0,0,0,0,0,2,1473,557,289,1,1,0,4,0,0,1,1,64,14,0,0,0,3,5,0,0,0,0,0,84,27,186,0,0,57,0,0
3,47,92,0,8,518,115,118,74,0,2,0,1,1,2,5,224,5,5,151,16,2,43,207,1,0,1,0,3,10,597,2650,510,0,2,6,21,6,29,41,4,30,12,0,3,0,23,27,0,0,0,0,0,146,69,272,10,1,28,8,1
0,5,0,0,0,1,2,9,8,0,0,0,0,0,0,0,10,2,3,8,9,0,2,267,0,0,0,1,0,6,148,189,4134,0,0,0,5,0,3,5,0,0,5,0,3,0,5,4,0,0,0,0,0,3,12,191,0,0,169,0,0
0,0,0,0,0,0,0,0,0,0,0,88,26,0,0,2,0,0,0,0,0,1,0,0,1,1,0,0,0,1,0,0,0,703,2,0,0,0,0,0,0,0,0,0,0,0,0,0,16,14,19,0,0,0,0,0,0,0,5,10,12
0,0,0,1,0,1,5,0,0,3,0,15,44,0,23,0,0,0,2,4,0,5,1,0,8,307,0,5,35,1,1,0,0,11,2337,7,1,3,0,0,0,1,0,28,8,0,14,0,37,6,73,2,3,0,1,0,0,2,5,2,1
0,0,0,0,0,0,0,0,0,0,15,1,0,31,7,1,0,0,0,1,0,142,0,0,12,11,241,3,12,4,0,0,0,0,5,3193,0,1,1,2,0,0,0,0,40,174,16,0,0,1,1,298,22,0,0,0,5,0,1,1,2
39,3,46,75,43,40,1,3,108,2,4,0,0,1,21,19,6,275,5,6,1,1,6,19,0,1,1,0,0,5,6,16,31,0,0,0,2698,38,23,6,39,122,102,0,3,2,15,27,0,0,0,1,1,64,73,4,17,201,16,2,0
0,1,0,0,1,6,0,3,0,14,43,0,0,6,24,7,2,3,24,38,3,4,1,3,2,2,4,4,0,2,3,11,2,0,0,0,19,2015,312,51,30,4,3,1,6,12,10,8,0,0,1,3,0,3,6,2,48,20,2,0,0
0,0,4,4,3,9,6,6,2,3,22,0,2,77,44,62,1,5,26,149,7,6,0,5,3,2,26,3,3,12,5,14,1,0,0,7,41,444,3013,413,344,3,1,0,10,5,24,4,1,1,0,33,1,2,10,10,77,13,8,2,0
0,0,0,0,0,0,0,1,0,0,5,0,0,4,0,2,0,0,2,4,0,0,0,0,0,0,21,0,1,1,1,2,3,0,0,4,2,22,74,788,9,0,0,0,3,0,2,0,0,0,0,3,1,0,2,3,0,4,3,0,0
0,0,2,0,0,1,0,2,2,0,0,0,0,0,1,29,0,0,2,1,1,0,0,5,0,0,0,0,0,1,1,2,0,0,0,0,6,11,32,6,381,2,5,0,0,0,2,2,0,0,0,0,0,0,2,2,4,0,1,0,0
31,13,102,85,65,39,0,4,12,0,0,0,0,0,0,0,17,127,1,0,0,0,2,1,0,0,0,0,0,0,5,2,1,0,0,0,21,0,0,0,0,1008,31,0,0,0,0,4,0,0,0,0,0,18,38,4,0,4,0,0,0
0,0,3,11,0,1,0,0,16,0,0,0,0,0,0,0,0,1,0,0,0,0,1,1,0,0,0,0,0,0,0,1,0,0,0,0,5,0,0,0,0,4,448,0,0,0,0,1,0,0,0,0,0,1,1,0,0,1,0,0,0
1,0,1,0,0,3,0,0,0,101,0,4,8,0,18,0,1,1,0,0,0,1,0,0,13,15,0,1,19,0,0,1,0,1,28,0,2,0,0,0,0,0,0,1239,2,1,7,0,2,2,18,0,2,0,0,0,1,0,0,0,0
0,0,0,0,0,1,2,1,0,0,9,0,0,7,2,0,0,0,0,4,0,33,0,0,7,0,2,102,10,3,0,0,0,0,2,14,0,2,1,1,0,0,0,0,429,13,36,0,0,0,0,19,4,0,0,0,3,5,2,0,0
0,0,0,0,0,0,0,0,0,3,70,0,2,19,2,0,0,0,0,0,0,15,0,0,13,1,10,7,0,0,0,0,0,0,0,40,0,3,2,1,0,0,0,1,26,1549,8,0,0,0,1,145,17,0,0,0,11,0,0,0,0
24,41,25,35,24,28,1,14,27,9,11,0,9,12,12,23,36,22,4,12,7,5,11,37,2,4,18,1,27,52,30,44,43,0,24,14,33,23,30,9,11,18,53,11,44,12,1357,9,0,0,5,48,0,6,13,13,15,49,81,0,1
73,20,31,28,16,20,1,283,44,0,1,0,0,3,5,9,26,7,10,1,0,0,461,25,0,1,0,0,0,0,18,34,51,0,0,4,25,16,5,1,9,18,26,0,0,0,15,3250,0,0,0,1,0,21,16,24,31,39,1,0,0
0,0,0,0,0,0,1,0,0,0,0,38,1,0,1,0,0,0,0,0,0,3,0,0,59,0,0,1,0,0,0,0,0,22,1,0,0,0,0,0,0,0,0,0,0,0,0,0,4445,162,40,1,75,0,0,0,0,0,0,685,19
0,0,0,0,0,0,1,0,0,0,0,75,1,0,0,0,0,0,0,0,0,0,0,0,4,0,0,0,1,0,0,0,0,9,0,0,0,0,0,0,0,0,0,0,0,0,0,0,61,1520,6,0,1,0,0,0,0,0,0,7,27
0,0,1,0,1,1,7,0,0,15,0,96,244,1,72,1,0,0,0,1,1,10,0,0,13,15,0,6,14,2,0,2,1,63,43,0,0,0,0,0,0,1,0,48,4,0,10,0,30,6,1874,0,24,0,0,0,0,0,1,16,1
0,0,0,0,0,0,0,0,0,0,73,30,8,310,36,60,0,0,1,8,1,63,0,0,38,3,115,15,3,2,0,0,0,10,3,355,1,14,33,5,1,0,0,0,115,356,60,3,13,2,18,2500,113,0,0,0,23,5,5,18,4
0,0,0,0,0,0,0,0,0,1,1,2,5,0,39,0,0,0,0,0,0,3,0,0,51,1,0,0,2,0,0,0,0,0,0,3,0,0,0,0,0,0,0,5,2,12,0,0,10,1,15,6,373,0,0,0,6,0,0,13,0
3,1,17,14,0,25,1,9,3,0,0,0,0,0,0,0,11,19,0,0,0,0,4,7,0,0,0,0,0,0,33,30,2,0,0,0,0,0,0,0,0,8,7,0,0,0,0,0,0,0,0,0,0,179,7,15,0,2,0,0,0
0,2,3,5,0,7,1,3,0,0,0,0,0,1,0,0,2,13,2,5,0,0,1,0,0,0,0,0,0,0,5,2,0,0,0,0,2,0,0,0,0,13,8,0,0,0,0,0,0,0,0,0,0,10,309,20,0,12,0,0,0
0,2,4,0,0,5,3,21,2,0,0,0,0,0,0,0,11,1,1,8,1,0,14,27,0,0,0,0,0,1,60,77,89,0,0,0,0,2,1,0,0,3,1,0,0,0,2,6,0,0,0,0,0,11,101,946,3,1,11,0,0
0,0,1,0,0,1,0,1,0,17,53,0,3,16,56,31,1,1,0,1,0,11,0,0,98,0,3,0,3,3,1,2,0,1,1,0,15,22,7,1,15,0,0,2,0,13,2,25,2,0,0,7,44,2,1,2,996,12,1,4,0
10,0,3,44,0,15,3,2,6,1,6,0,0,0,0,0,0,20,5,8,1,2,5,6,0,0,0,0,0,1,3,9,4,0,0,0,99,8,2,1,0,7,63,0,0,0,2,33,0,0,0,0,0,28,45,2,11,1754,0,0,0
0,0,2,0,3,2,0,21,0,0,0,0,1,0,0,4,9,0,0,2,0,0,9,6,0,0,1,0,2,6,23,10,80,3,0,0,2,0,1,1,0,3,0,0,0,0,1,0,0,0,0,0,0,3,4,35,0,0,994,0,1
0,0,0,0,0,1,5,0,0,0,0,9,2,0,14,4,0,0,0,0,0,2,0,0,20,1,0,1,2,1,0,1,0,17,0,0,0,0,0,0,0,0,0,1,0,0,1,0,449,34,13,2,52,0,0,0,10,0,0,2158,49
0,0,0,0,0,0,0,0,0,0,0,1,0,0,0,0,0,0,0,0,0,0,0,0,0,0,0,0,0,0,0,0,0,2,0,0,0,0,0,0,0,0,0,0,0,0,0,0,0,9,0,0,0,0,0,0,0,0,0,4,94
