0.65093,0.72549,0.41318,0.66,0.39449,0.50686,0.36104,0.58361,0.6213,0.43784,0.62831,0.54895,0.52547,0.74783,0.64964,0.71755,0.48912,0.40129,0.32836,0.42902,0.30667,0.67139,0.41766,0.53788,0.78763,0.61161,0.62558,0.97079,0.72043,0.7607,0.51005,0.62843,0.76067,0.74731,0.90991,0.82292,0.84856,0.74073,0.8185,0.5686,0.39854,0.56758,0.43891,0.86019,0.464,0.63816,0.79916,0.86528,0.87478,0.84667,0.82898,0.6954,0.38139,0.22122,0.35429,0.50241,0.67162,0.7837,0.67527,0.72941,0.43519
0.68448
1406,38,144,286,132,5,0,21,137,0,0,0,0,0,0,0,3,8,0,0,0,0,69,0,0,0,0,0,0,0,1,0,0,0,0,0,0,0,0,0,0,41,7,0,0,0,0,7,0,0,0,0,0,3,0,0,0,0,0,0,0
32,2072,70,2,151,4,0,1,118,0,0,0,0,0,0,0,326,0,0,3,0,0,4,78,0,0,0,0,0,1,67,22,12,0,0,0,2,0,1,0,0,13,1,0,0,0,0,1,0,0,0,0,0,0,1,5,0,0,0,0,0
80,69,840,52,68,162,1,12,88,0,0,0,0,0,0,0,80,29,1,1,0,0,10,4,0,0,0,0,0,0,16,30,1,0,0,0,2,0,0,0,0,88,11,0,0,0,1,8,0,0,0,0,0,42,4,2,0,1,0,0,0
321,1,48,1353,29,5,0,8,39,0,0,0,0,0,0,0,0,57,0,0,0,0,25,0,0,0,0,0,0,0,0,0,0,0,0,0,13,0,0,0,0,92,104,0,0,0,1,11,0,0,0,0,0,19,10,0,0,35,0,0,0
27,21,21,4,458,1,0,1,4,0,0,0,0,0,0,0,3,0,0,0,0,0,1,1,0,0,0,0,0,0,1,0,0,0,0,0,3,0,0,0,0,12,0,0,0,0,1,0,0,0,0,0,0,0,0,0,0,0,0,0,0
15,17,240,33,22,1220,36,42,29,0,3,0,0,0,2,1,44,171,25,34,0,0,15,4,0,1,0,0,0,4,18,191,4,0,0,0,52,6,5,0,0,91,28,0,3,0,12,11,0,0,0,1,0,96,65,9,10,17,2,0,0
0,1,0,0,0,6,139,0,0,0,0,0,0,0,0,2,0,0,0,5,0,11,0,0,1,0,1,0,2,0,0,8,0,0,3,1,0,0,0,0,0,0,0,0,4,0,0,0,2,0,1,0,1,0,1,1,0,0,0,0,1
5,8,9,6,1,51,10,1567,9,0,0,0,0,0,0,1,35,6,5,10,0,0,409,2,0,0,1,1,0,1,25,67,5,0,0,0,2,0,0,0,2,5,5,0,2,0,4,206,0,1,0,0,0,21,16,36,2,5,0,0,0
72,55,70,7,27,7,0,5,1429,0,0,0,0,0,0,0,15,1,1,0,0,0,6,37,0,0,0,0,0,0,1,7,2,0,0,0,0,0,0,0,0,5,28,0,0,0,1,3,0,0,0,0,0,4,0,0,0,0,0,0,0
0,0,0,0,0,1,0,0,1,162,1,0,7,0,11,0,0,3,0,0,0,1,0,0,0,2,0,0,0,0,0,0,0,0,0,0,0,1,0,0,0,0,0,24,0,0,2,2,0,0,1,0,0,0,0,0,1,0,2,1,0
0,0,0,0,0,0,0,0,0,1,972,0,2,53,10,6,0,0,2,2,0,9,0,0,1,2,28,3,0,0,0,0,0,0,0,9,2,10,1,0,1,0,1,0,12,157,1,2,0,0,1,27,1,0,1,0,43,9,0,0,0
0,0,0,0,0,0,0,0,0,0,0,471,2,0,0,0,0,0,0,0,0,0,0,0,0,0,0,0,0,0,0,0,0,50,1,0,0,0,0,0,0,0,0,0,0,0,0,0,14,23,25,0,2,0,0,0,0,0,0,0,2
0,0,1,0,0,1,3,0,0,4,0,10,526,0,23,5,1,0,0,0,0,0,1,0,14,26,2,3,11,2,3,3,1,39,9,0,2,2,0,0,0,3,0,10,7,0,3,0,4,0,118,0,4,0,0,0,0,1,8,3,0
0,0,0,0,0,0,0,2,0,1,157,5,6,2067,38,90,0,0,0,5,0,28,0,0,16,2,155,6,2,5,0,0,0,6,1,39,7,6,42,4,3,0,0,0,27,61,8,0,0,4,1,396,25,1,0,1,46,4,5,7,12
0,2,1,0,0,9,2,0,0,28,23,1,36,24,979,38,3,0,0,7,0,2,0,2,7,11,7,5,4,4,9,7,1,1,0,2,13,15,5,2,25,0,0,21,6,9,7,0,2,0,18,10,56,0,3,1,62,3,3,9,0
0,0,0,0,0,0,1,6,0,0,2,0,7,37,20,1067,0,2,0,1,0,0,1,2,0,0,6,0,2,11,4,10,7,0,0,1,9,9,16,2,85,0,0,0,0,0,7,4,0,0,0,1,3,0,2,7,14,1,11,1,1
9,341,182,3,88,63,0,45,71,0,0,0,1,0,0,0,1304,1,0,3,0,0,113,111,0,0,0,0,0,2,207,132,13,0,0,0,1,0,1,0,1,97,19,0,0,0,5,9,0,0,0,0,0,21,9,13,0,0,5,0,0
5,0,5,13,2,13,0,0,0,0,0,0,0,0,0,0,0,561,0,0,1,0,1,0,0,0,0,0,0,1,0,1,0,0,0,0,50,0,0,1,0,23,7,0,0,0,2,1,0,0,0,0,0,5,2,0,1,16,0,0,0
0,0,0,0,0,3,0,0,0,0,0,0,0,0,0,0,0,0,66,3,0,0,0,0,0,0,0,0,0,0,0,1,1,0,0,0,0,5,3,0,0,0,0,0,1,0,0,0,0,0,0,0,0,0,0,0,0,0,0,0,0
0,1,1,0,0,12,5,0,0,0,0,0,1,0,3,0,1,1,5,414,4,1,0,0,0,0,0,0,0,0,1,9,1,0,0,0,1,13,27,11,3,1,0,0,1,1,2,3,0,0,0,0,0,0,4,2,2,2,1,0,0
0,0,0,0,0,0,0,0,0,0,0,0,0,0,0,0,0,0,0,0,23,0,0,0,0,0,0,0,0,0,0,0,0,0,0,0,0,0,0,6,0,0,0,0,0,0,0,0,0,0,0,0,0,0,1,0,0,0,0,0,0
0,0,0,0,0,1,5,2,0,0,5,0,0,2,6,0,0,1,4,14,0,758,0,0,17,1,1,3,8,0,0,0,2,0,0,7,0,3,1,2,0,0,0,1,25,15,9,1,1,0,5,33,18,0,1,0,6,6,1,1,0
8,13,12,2,3,4,0,396,3,0,0,0,0,0,0,0,42,2,0,0,0,0,908,5,0,0,0,0,0,0,20,7,1,0,0,0,1,0,0,0,0,2,1,0,0,0,0,76,0,0,0,0,0,10,5,12,0,2,2,0,0
0,27,3,0,0,0,0,3,52,0,0,0,0,0,0,0,42,0,0,1,1,0,2,1278,0,0,0,0,0,1,71,35,133,0,0,0,0,0,0,0,0,1,17,0,0,0,1,0,0,0,0,0,0,4,1,38,0,0,1,0,0
0,0,0,0,0,0,1,0,0,2,0,0,1,1,16,0,0,0,0,0,0,6,0,0,1465,0,0,2,2,0,0,0,0,0,3,2,0,0,0,0,0,0,0,16,5,8,0,0,2,5,8,5,113,0,0,0,24,0,0,1,1
0,0,0,0,0,0,0,0,0,5,0,0,36,0,7,0,0,1,0,2,0,1,1,0,1,685,3,0,3,3,0,2,0,3,74,0,4,1,0,0,0,1,1,2,0,0,2,4,1,0,7,0,1,0,0,1,0,1,4,3,0
0,0,0,0,0,0,0,0,0,0,50,0,1,95,13,13,0,0,0,7,1,4,1,0,0,9,1076,2,2,6,0,0,0,0,1,171,0,1,7,11,3,0,0,0,7,19,8,1,0,0,0,27,0,0,1,2,13,0,8,0,0
0,0,0,0,0,0,0,0,0,0,19,0,0,7,1,0,0,0,0,3,0,0,0,0,0,0,1,6181,2,0,0,0,0,0,0,1,0,1,1,0,0,0,0,1,696,3,2,0,0,0,0,9,0,0,0,0,0,0,0,0,0
0,0,1,0,1,1,0,2,1,0,0,1,0,0,6,2,0,2,0,2,1,6,1,0,5,5,0,3,536,45,0,2,2,0,17,0,0,1,0,0,0,0,0,15,5,0,6,0,0,3,11,0,2,0,2,1,2,1,4,5,0
2,6,2,1,1,4,1,6,1,0,1,0,0,0,0,5,12,2,0,1,0,0,0,2,0,0,0,1,32,693,4,4,10,0,2,0,5,3,2,0,1,1,4,2,1,0,4,1,0,0,0,0,0,0,0,2,3,2,17,0,0
0,46,50,1,8,105,3,57,29,0,0,0,0,0,0,0,393,6,3,8,0,0,55,241,0,0,0,0,0,2,1446,570,289,1,1,0,3,0,1,1,1,66,11,0,0,0,2,5,0,0,0,0,0,83,27,187,0,0,60,0,0
1,43,97,1,7,519,130,128,73,0,2,0,1,1,0,4,229,6,8,161,13,1,45,195,1,0,1,0,2,15,595,2635,516,0,2,8,21,3,27,37,5,29,12,0,3,0,24,22,0,0,1,1,0,129,73,278,9,1,25,7,3
0,5,0,0,0,1,3,10,8,0,0,0,0,0,0,0,8,2,4,10,8,0,1,273,0,0,0,1,0,4,143,182,4135,0,0,0,5,0,2,7,0,0,5,0,3,0,4,5,0,0,0,0,0,5,11,186,0,0,178,0,0
0,0,0,0,0,0,0,0,0,0,0,88,33,0,0,2,0,0,0,0,0,1,0,0,0,1,0,0,0,1,0,0,0,695,2,0,0,0,0,0,0,0,0,0,0,0,0,0,14,17,17,0,0,0,0,0,0,0,7,11,12
0,0,0,2,0,0,4,1,0,7,0,9,51,0,20,0,0,0,3,4,0,5,0,0,10,309,1,3,37,0,2,0,0,10,2333,7,3,3,0,0,0,0,0,32,11,0,17,0,37,6,64,1,3,0,0,0,0,3,3,2,0
0,0,0,0,0,0,1,0,0,0,13,0,0,35,4,0,0,0,0,0,0,142,0,0,14,12,231,4,10,5,0,0,0,0,9,3188,0,1,1,2,0,0,0,0,41,175,12,0,1,1,1,308,25,0,0,0,5,0,1,1,1
41,5,43,70,48,34,1,2,98,2,3,0,0,2,22,20,5,294,4,6,0,1,7,24,0,0,0,1,0,6,6,16,29,0,0,0,2684,39,24,8,38,118,116,0,2,2,10,25,0,0,0,2,1,61,73,5,20,205,13,2,0
0,0,0,0,1,5,1,2,0,16,41,0,0,7,24,9,2,3,25,40,3,3,1,4,1,1,3,5,0,3,5,14,2,0,0,0,21,2017,316,51,23,3,2,1,5,15,8,11,0,0,1,3,0,3,3,3,43,17,2,0,0
0,2,4,3,3,9,4,5,1,5,23,0,2,75,45,55,0,4,21,157,11,9,0,5,1,3,27,2,2,15,6,13,2,0,0,6,40,452,3008,408,345,3,2,1,14,8,23,4,0,1,0,36,2,2,12,8,62,14,9,3,2
0,0,0,0,0,0,0,1,0,0,6,0,0,2,0,3,0,0,1,6,1,0,0,0,0,0,23,0,0,0,1,2,2,0,0,6,3,23,78,775,7,0,0,0,6,0,3,0,0,0,0,2,1,0,3,4,1,3,4,0,0
0,0,4,0,0,3,0,2,3,0,0,0,0,0,1,30,0,0,1,0,0,0,1,5,0,0,0,0,1,1,0,2,1,0,0,0,4,14,25,7,383,1,3,0,0,0,1,1,0,0,0,0,0,0,4,2,4,0,1,0,1
27,11,102,70,61,41,0,4,12,0,0,0,0,0,0,0,18,142,1,0,0,0,4,2,0,0,0,0,0,0,5,2,1,0,0,0,23,0,0,0,0,1012,32,0,0,0,1,4,0,0,0,0,0,18,35,4,0,3,0,0,0
0,1,1,11,0,1,0,0,16,0,0,0,0,0,0,0,0,1,0,0,0,0,1,2,0,0,0,0,0,0,0,1,0,0,0,0,5,0,0,0,0,5,449,0,0,0,0,1,0,0,0,0,0,0,0,0,0,1,0,0,0
0,0,1,1,0,1,1,0,1,91,0,2,11,0,25,0,1,1,0,0,0,0,0,0,10,15,0,1,17,1,0,1,0,1,29,0,4,0,0,0,0,0,0,1249,2,1,5,0,2,3,15,0,1,0,0,0,0,0,0,0,0
0,0,0,0,0,1,2,1,0,0,12,0,0,7,2,0,0,0,0,5,0,26,0,0,7,0,3,103,12,3,0,0,0,0,1,13,0,2,1,1,0,0,0,0,430,13,36,0,0,0,0,19,4,0,0,0,3,6,1,0,0
0,0,0,0,0,0,1,0,0,2,76,0,4,17,2,0,0,0,0,0,0,12,0,0,11,1,11,7,0,0,0,0,0,1,0,38,0,3,1,1,0,0,0,2,23,1552,10,0,0,0,0,139,18,0,0,0,14,0,0,0,0
24,43,21,35,30,30,3,11,25,13,13,0,7,10,13,23,32,21,1,12,3,6,12,38,2,6,21,3,31,57,36,48,40,0,25,12,37,20,31,16,7,17,51,13,42,11,1337,6,0,0,4,52,0,7,13,11,14,51,82,0,0
77,23,29,28,16,24,2,284,41,0,1,0,0,2,2,9,29,7,8,3,0,0,451,25,0,1,0,0,0,0,15,36,49,0,0,4,24,21,5,1,10,20,29,0,0,0,10,3250,0,0,0,1,0,19,14,26,35,39,0,0,0
0,0,0,0,0,0,1,0,0,0,0,49,1,0,1,0,0,0,0,0,0,3,0,0,59,0,0,1,0,0,0,0,0,21,2,0,0,0,0,0,0,0,0,0,0,0,0,0,4443,161,36,1,76,0,0,0,0,0,0,684,15
0,0,0,0,0,0,0,0,0,0,0,75,2,0,0,0,0,0,0,0,0,0,0,0,5,0,0,0,1,0,0,0,0,13,0,0,0,0,0,0,0,0,0,0,1,0,0,0,62,1524,6,0,1,0,0,0,0,0,0,6,17
0,0,0,0,1,1,11,0,0,15,0,97,240,0,69,1,0,0,0,0,1,8,1,0,15,21,0,7,14,3,1,1,1,59,44,0,0,0,0,0,0,2,0,52,3,0,12,0,27,5,1871,1,22,0,0,0,0,0,1,16,2
0,0,0,0,0,0,1,0,0,0,73,35,8,306,30,55,0,0,2,9,1,67,0,0,32,2,115,18,3,1,0,0,0,8,4,355,1,15,33,6,3,0,0,0,109,357,64,4,12,4,18,2493,126,0,0,0,21,3,4,20,5
0,0,0,0,0,0,0,0,0,1,1,3,6,0,36,1,0,0,0,0,0,1,0,0,51,2,0,0,2,0,0,0,0,0,0,3,0,0,0,0,0,0,0,5,2,11,0,0,9,0,16,9,373,0,0,0,4,0,0,15,0
3,1,22,12,0,29,2,9,3,0,0,0,0,0,0,0,12,22,0,1,0,0,2,6,0,0,0,0,0,0,28,31,1,0,0,0,0,0,0,0,0,8,7,0,0,0,0,1,0,0,0,0,0,171,8,16,0,2,0,0,0
1,1,3,4,0,7,1,2,0,0,0,0,0,0,0,0,2,11,2,4,0,0,3,0,0,0,0,0,0,0,3,3,0,0,0,0,2,0,0,0,0,13,7,0,0,0,0,0,0,0,0,1,0,9,310,23,0,14,0,0,0
0,3,3,0,0,5,6,21,1,0,0,0,0,0,0,0,10,1,1,9,3,0,10,22,0,0,0,0,0,1,68,82,91,0,0,0,0,2,2,0,0,3,1,0,0,0,0,5,0,0,0,0,0,10,103,938,2,1,11,0,0
0,0,0,0,0,0,0,1,0,14,45,0,3,14,59,36,1,2,1,1,0,11,1,0,95,1,2,0,3,4,0,3,0,0,1,1,15,21,7,1,13,0,0,3,0,14,2,25,2,0,0,5,51,1,4,2,994,14,2,3,0
4,0,2,49,0,16,1,4,7,1,5,0,0,0,1,0,2,27,6,9,0,3,2,4,0,0,0,0,0,1,2,6,3,0,0,0,97,10,1,1,2,5,62,0,0,0,2,36,0,0,0,0,0,27,48,2,11,1750,0,0,0
0,0,1,1,3,1,0,21,0,0,0,0,2,0,0,4,11,0,0,2,0,0,9,4,0,0,1,0,3,7,25,6,78,4,0,0,2,0,0,1,0,2,0,0,0,0,1,0,0,0,0,0,0,2,5,39,0,0,994,0,0
0,0,0,0,0,1,2,0,0,0,0,11,4,0,15,5,0,0,0,0,0,3,0,0,19,1,0,1,0,2,0,1,0,17,0,0,0,0,0,0,0,0,0,2,1,0,0,0,444,34,11,1,48,0,0,0,9,0,0,2170,47
0,0,0,0,0,0,0,0,0,0,0,1,0,0,1,0,0,0,0,0,0,0,0,0,0,0,0,0,0,0,0,0,0,1,0,0,0,0,0,0,0,0,0,0,0,0,0,0,0,8,0,1,0,0,0,0,0,0,0,4,94
