0.64644,0.72501,0.41234,0.66134,0.3937,0.5035,0.35606,0.58557,0.62295,0.4186,0.63259,0.55275,0.52004,0.7416,0.64531,0.70405,0.49923,0.41878,0.31905,0.42213,0.25926,0.6824,0.42619,0.54303,0.7897,0.62386,0.63476,0.97096,0.72652,0.77127,0.51531,0.62831,0.75799,0.73853,0.91146,0.82593,0.85331,0.74455,0.81439,0.56787,0.40226,0.57239,0.43891,0.85793,0.46215,0.64527,0.80439,0.87157,0.87522,0.85324,0.82452,0.69747,0.39617,0.22936,0.35126,0.5053,0.67365,0.7862,0.67189,0.72552,0.37959
0.68591
1417,38,148,277,131,4,0,18,131,0,0,0,0,0,0,0,3,8,0,0,0,0,74,0,0,0,0,0,0,0,1,0,0,0,0,0,1,0,0,0,0,41,8,0,0,0,0,5,0,0,0,0,0,3,0,0,0,0,0,0,0
33,2067,77,2,148,3,0,1,123,0,0,0,0,0,0,0,315,0,1,3,1,0,6,76,0,0,0,0,0,1,71,26,11,0,0,0,2,0,0,0,0,11,1,0,0,0,0,1,0,0,0,0,0,1,1,5,0,0,0,0,0
76,70,842,50,66,173,0,9,89,0,0,0,0,0,0,0,85,23,0,0,0,0,10,4,0,0,0,0,0,0,15,31,1,0,0,0,1,1,0,0,0,88,12,0,0,0,0,8,0,0,0,0,0,41,5,2,0,1,0,0,0
323,0,50,1367,27,6,0,9,41,0,0,0,0,0,0,0,0,46,0,0,0,0,23,0,0,0,0,0,0,0,0,0,0,0,0,0,11,0,0,0,0,96,104,0,0,0,1,11,0,0,0,0,0,12,10,0,0,34,0,0,0
31,25,19,3,450,1,0,1,4,0,0,0,0,0,0,0,5,0,0,0,0,0,2,1,0,0,0,0,0,0,0,0,0,0,0,0,3,0,0,0,0,13,0,0,0,0,1,0,0,0,0,0,0,0,0,0,0,0,0,0,0
22,17,240,40,21,1224,31,51,26,0,3,0,0,0,1,2,44,162,21,41,0,0,14,6,0,0,0,0,0,3,20,187,5,0,0,0,48,11,6,0,0,87,23,0,3,0,13,10,0,0,0,2,0,93,65,8,9,18,2,0,0
0,1,0,0,0,7,141,0,0,0,0,0,0,0,0,1,0,0,1,6,0,10,0,1,1,0,1,1,2,0,0,5,0,0,2,1,1,0,0,0,0,0,0,0,3,0,0,0,0,0,0,0,1,0,1,2,0,0,0,1,1
5,9,11,8,1,48,10,1591,10,0,0,0,0,0,0,2,33,4,6,8,0,0,395,0,0,0,1,1,1,1,26,61,6,0,0,0,5,1,0,0,1,6,5,0,3,0,3,201,0,1,0,0,0,17,16,37,1,6,0,0,0
71,55,62,9,22,8,0,3,1444,0,0,0,0,0,0,0,13,1,1,0,0,0,7,34,0,0,0,0,0,0,0,5,3,0,0,0,0,0,0,0,0,6,30,0,0,0,1,3,0,0,0,0,0,5,0,0,0,0,0,0,0
0,0,0,0,0,1,0,1,1,162,1,0,5,0,11,0,0,2,0,0,0,1,1,0,1,1,0,0,2,0,0,0,0,0,0,0,0,1,0,0,0,0,0,24,0,0,2,1,0,0,1,0,0,0,0,0,0,1,2,1,0
0,0,0,0,0,0,0,0,0,2,959,0,2,63,10,8,0,1,1,3,0,10,0,0,0,3,27,4,0,0,0,0,0,0,0,11,2,10,2,2,1,0,0,0,12,160,1,2,0,0,1,22,1,0,1,0,39,9,0,0,0
0,0,0,0,0,0,0,0,0,0,0,482,1,0,0,0,0,0,0,0,0,0,0,0,0,0,0,0,0,0,0,0,0,45,1,0,0,0,0,0,0,0,0,0,0,0,0,0,11,23,23,0,1,0,0,0,0,0,0,2,1
0,0,1,1,0,2,3,0,0,5,0,10,519,0,28,5,0,1,0,2,0,0,1,0,9,28,0,3,13,3,3,3,1,44,8,1,0,2,0,0,0,1,0,12,5,0,2,0,4,0,112,1,5,0,0,0,0,1,6,5,3
0,0,0,0,0,0,0,2,0,1,166,2,7,2052,41,99,0,1,1,5,0,26,0,0,17,2,149,8,1,6,0,0,0,7,0,45,4,6,38,7,2,0,0,0,24,54,8,0,1,3,1,409,27,0,0,1,41,3,6,7,11
0,1,1,0,0,8,3,0,0,37,23,0,40,25,977,36,2,0,0,7,0,4,0,3,11,6,5,3,1,3,11,6,1,0,1,2,14,12,8,2,29,0,0,16,7,10,8,0,2,0,24,10,49,0,2,1,61,1,4,8,0
0,0,0,0,0,1,1,4,1,0,2,0,6,34,18,1061,0,2,1,1,1,0,2,0,0,1,5,0,2,15,3,9,4,0,0,1,11,9,15,4,97,0,0,0,0,0,5,3,0,0,0,2,3,1,2,6,11,1,12,0,3
11,330,188,3,90,56,1,44,73,0,0,0,0,0,0,0,1305,2,0,4,0,0,113,106,0,0,0,0,0,3,212,138,11,0,0,0,1,0,1,0,1,97,18,0,0,0,5,6,0,0,0,0,0,18,8,18,0,0,7,0,0
6,0,7,12,2,13,0,0,0,0,0,0,0,0,0,0,0,562,0,0,1,0,1,0,0,0,0,0,0,1,0,1,0,0,0,0,47,0,0,1,0,20,11,0,0,0,2,1,0,0,0,0,0,4,4,0,0,15,0,0,0
0,0,0,0,0,3,0,0,0,0,0,0,0,0,0,0,0,0,67,1,0,0,0,0,0,0,0,0,0,0,0,1,1,0,0,0,0,5,4,0,0,0,0,0,1,0,0,0,0,0,0,0,0,0,0,0,0,0,0,0,0
0,0,1,0,0,13,5,1,0,0,0,0,1,1,2,0,0,3,5,412,3,0,0,0,0,0,0,0,0,0,1,12,0,0,0,0,1,15,26,11,2,1,0,0,1,1,1,2,0,0,0,0,0,0,5,2,2,2,2,0,0
0,0,0,0,0,0,0,0,0,0,0,0,0,0,0,0,0,0,0,2,21,0,0,0,0,0,0,0,0,0,0,0,0,0,0,0,0,0,0,6,0,0,0,0,0,0,0,0,0,0,0,0,0,0,1,0,0,0,0,0,0
0,0,0,0,0,1,6,3,0,0,7,1,0,3,7,0,0,1,2,16,0,752,0,0,15,2,1,5,6,0,0,2,2,0,0,8,0,2,2,2,0,0,0,1,23,17,8,1,1,0,5,32,14,0,2,0,8,6,1,1,0
7,15,11,2,4,4,0,386,3,0,0,0,0,0,0,0,41,2,0,0,0,0,921,6,0,0,0,0,0,0,17,9,2,0,0,0,1,0,0,0,0,3,3,0,0,0,0,73,0,0,0,0,0,10,4,10,0,1,2,0,0
0,27,2,0,0,0,0,3,54,0,0,0,0,0,0,0,37,0,0,1,2,0,2,1281,0,0,0,0,0,1,66,36,137,0,0,0,0,0,0,0,0,1,15,0,0,0,1,0,0,0,0,0,0,4,1,40,0,0,1,0,0
0,0,0,0,0,0,1,0,0,1,0,1,2,1,14,0,0,0,0,0,0,5,0,0,1472,0,0,2,1,0,0,0,0,1,3,2,0,0,0,0,0,0,0,16,5,9,0,0,3,5,7,4,107,0,0,0,24,0,0,1,2
0,0,1,0,0,0,1,0,0,7,0,1,37,0,8,0,0,2,0,2,0,1,2,0,1,685,5,0,3,1,0,2,0,3,72,0,2,1,0,0,0,0,2,3,0,0,2,2,2,0,5,0,1,0,0,1,0,1,3,1,0
0,0,0,0,0,0,0,2,0,0,44,0,3,96,11,16,0,0,1,7,0,3,0,0,0,8,1081,2,2,4,0,0,0,0,3,169,0,4,5,9,3,0,0,0,7,17,9,0,0,0,0,30,1,0,1,2,12,0,8,0,0
0,0,0,0,0,0,0,0,0,0,15,0,0,6,2,0,0,0,0,4,0,0,0,0,0,0,1,6185,2,0,0,0,0,0,0,0,0,1,1,0,0,0,0,1,696,2,2,0,0,0,0,10,0,0,0,0,0,0,0,0,0
0,0,1,0,0,1,1,2,0,0,0,0,0,0,6,2,1,1,0,1,1,9,1,0,5,4,0,2,526,47,1,3,1,0,20,0,0,0,0,0,0,0,0,18,3,0,9,0,0,3,12,0,1,0,1,2,2,1,6,6,0
2,5,2,1,1,1,0,6,1,0,1,0,0,0,0,3,13,1,0,1,0,0,0,2,0,0,0,1,35,698,5,3,10,0,3,0,5,4,2,0,2,1,4,2,0,0,5,1,0,0,1,0,0,0,0,3,3,1,12,0,0
0,48,51,1,6,108,2,55,30,0,0,0,0,0,0,0,383,5,2,10,1,0,55,238,0,0,0,0,0,3,1447,579,299,0,1,0,3,0,0,1,1,64,10,0,0,0,3,6,0,0,0,0,0,84,25,184,0,0,55,1,0
3,48,89,0,12,522,138,117,74,0,2,0,1,2,2,6,217,4,13,145,21,2,48,192,0,0,1,0,1,15,576,2659,509,0,2,5,22,5,31,35,4,33,8,1,3,0,22,21,0,0,1,1,0,129,84,270,11,1,32,8,2
0,4,0,0,1,1,3,9,8,0,0,0,0,0,0,0,8,2,2,15,10,0,1,274,0,0,1,1,0,3,133,188,4125,0,0,0,5,0,3,4,0,0,5,0,2,0,6,3,0,0,0,0,0,3,14,196,0,0,179,0,0
0,0,0,0,0,0,0,1,0,0,0,89,32,0,0,2,0,0,0,0,0,1,0,0,1,1,0,0,0,1,0,0,0,692,2,0,0,0,0,0,0,0,0,0,0,0,0,0,13,19,20,0,0,0,0,0,0,0,5,7,15
0,0,0,1,0,0,6,1,0,4,0,11,46,0,22,1,0,3,2,3,0,4,0,0,8,296,0,6,30,1,2,0,0,13,2347,7,2,2,0,0,0,1,0,33,12,0,14,0,35,6,71,2,3,0,0,0,0,2,4,2,0
0,0,0,0,0,0,2,0,0,0,13,1,0,31,8,2,0,0,0,0,0,133,0,0,13,11,228,3,12,4,0,0,0,0,8,3217,0,1,1,2,0,0,0,0,44,168,10,0,0,1,0,302,21,0,0,0,5,0,1,1,1
39,5,43,78,47,37,0,3,100,3,3,0,0,1,20,18,7,275,4,6,0,2,4,18,0,1,0,0,0,6,10,12,34,0,0,0,2705,37,24,5,42,114,120,0,3,2,12,23,0,0,0,3,2,63,66,6,17,198,18,2,0
1,1,0,0,1,5,1,2,0,18,39,0,0,7,19,6,0,2,28,40,2,3,1,4,2,1,4,3,0,3,4,13,2,0,0,0,19,2014,326,50,29,2,3,0,6,12,6,9,0,0,0,3,1,2,7,2,45,19,2,0,0
0,0,5,5,2,9,7,6,1,4,22,0,2,70,41,70,0,5,24,167,9,8,0,4,2,2,26,2,2,12,7,11,2,0,0,4,37,442,3023,417,320,2,2,1,9,7,24,5,1,1,0,39,4,1,11,10,68,14,7,2,1
0,0,0,0,0,0,0,1,0,0,5,0,0,2,0,2,0,0,1,7,0,0,0,0,0,0,22,0,0,2,0,2,2,0,0,5,2,20,82,774,7,0,0,0,6,0,3,0,0,0,0,4,1,0,3,3,2,5,4,0,0
1,0,1,0,0,1,0,3,1,0,0,0,1,1,2,25,0,1,1,3,0,0,0,4,0,0,0,0,0,1,1,2,1,0,0,0,4,9,24,8,391,0,4,0,0,0,3,1,0,0,0,0,0,1,3,1,5,0,2,0,0
30,13,101,74,59,44,0,4,11,0,0,0,0,0,0,0,16,134,1,0,0,0,4,2,0,0,0,0,0,0,5,2,1,0,0,0,20,0,0,0,0,1020,32,0,0,0,0,3,0,0,0,0,0,16,35,5,0,3,0,0,0
0,1,1,10,0,2,0,0,17,0,0,0,0,0,0,0,0,1,0,0,0,0,1,0,0,0,0,0,0,0,1,1,0,0,0,0,5,0,0,0,0,5,449,0,0,0,0,1,0,0,0,0,0,0,1,0,0,0,0,0,0
0,1,1,0,0,5,0,0,0,97,0,2,13,0,23,0,1,1,0,0,0,0,0,0,12,16,0,1,18,0,0,1,0,2,25,0,2,0,0,0,0,0,0,1238,2,1,4,0,3,3,18,0,3,0,0,0,0,0,0,0,0
0,0,0,0,0,1,2,1,0,0,8,0,1,7,1,0,0,0,0,3,0,29,0,0,7,0,2,101,10,3,0,0,0,0,2,13,0,3,1,1,0,0,0,0,433,15,37,0,0,0,0,20,3,0,0,0,3,6,1,0,0
0,0,0,0,0,0,0,0,0,1,81,0,5,15,3,0,0,0,1,0,0,16,0,0,12,0,13,8,0,0,0,0,0,0,0,41,0,2,1,1,0,0,0,2,22,1548,7,0,0,0,0,138,16,0,0,0,13,0,0,0,0
24,40,22,33,29,29,3,13,22,14,11,0,7,12,13,21,30,18,1,14,5,6,11,36,2,7,14,1,29,49,43,45,42,0,26,16,37,17,32,12,12,21,49,8,47,11,1357,8,0,0,5,52,0,5,12,11,15,47,83,0,0
79,22,36,30,18,24,2,301,44,0,1,0,0,2,1,14,20,7,7,3,1,0,435,25,0,1,0,0,0,1,13,34,51,0,0,4,21,19,3,1,10,18,25,0,0,0,13,3244,0,0,0,1,0,20,17,24,35,43,0,0,0
0,0,0,0,0,0,1,0,0,0,0,44,1,0,1,0,0,0,0,0,0,2,0,0,57,0,0,1,0,0,0,0,0,20,1,0,0,0,0,0,0,0,0,0,0,0,0,0,4454,148,41,1,72,0,0,0,0,0,0,688,22
0,0,0,0,0,0,1,0,0,0,0,74,1,0,0,0,0,0,0,0,0,0,0,0,4,0,0,0,1,0,0,0,0,10,0,0,0,0,0,0,0,0,0,0,0,0,0,0,60,1529,4,0,0,0,0,0,0,0,0,10,19
0,1,0,0,1,0,10,0,0,12,0,106,242,0,70,1,0,1,0,1,0,10,0,0,15,20,0,6,14,1,0,2,1,65,43,0,0,0,0,0,0,1,0,57,5,0,12,0,28,4,1856,1,20,0,0,0,0,0,1,16,2
0,0,0,0,0,0,0,0,0,0,60,32,10,320,36,62,0,0,2,11,0,50,0,0,33,2,113,18,2,1,0,0,0,11,3,336,0,13,38,3,2,0,0,0,115,340,60,4,9,3,13,2536,118,0,0,0,28,3,4,22,10
0,0,0,0,0,0,0,0,0,1,1,2,4,0,44,1,0,0,0,0,0,2,0,0,53,0,0,0,2,0,0,0,0,0,0,4,0,0,0,0,0,0,0,5,2,12,0,0,7,0,17,4,372,0,0,0,5,0,0,13,0
3,1,17,12,2,26,1,9,3,0,0,0,0,0,0,0,10,22,1,1,0,0,4,6,0,0,0,0,0,0,31,30,2,0,0,0,0,0,0,0,0,7,8,0,0,0,0,0,0,0,0,0,0,175,8,15,0,3,0,0,0
0,2,3,3,0,10,1,2,0,0,0,0,0,0,0,0,1,12,3,3,0,0,1,0,0,0,0,0,0,0,3,5,0,0,0,1,4,0,0,0,0,11,9,0,0,0,0,0,0,0,0,0,0,11,307,21,0,13,0,0,0
0,3,4,0,0,5,6,20,1,0,0,0,0,0,0,0,10,0,2,8,1,0,10,25,0,0,0,0,0,1,56,87,91,0,0,0,0,2,2,0,0,3,1,0,0,0,0,5,0,0,0,0,0,13,97,953,1,1,7,0,0
0,0,0,0,0,1,0,3,0,16,44,0,2,16,56,32,1,1,0,1,0,10,1,0,91,0,2,0,2,3,0,4,0,1,1,1,13,24,7,2,16,0,0,4,1,13,2,25,2,0,0,6,52,1,5,1,997,13,2,3,0
8,0,4,45,0,19,2,3,5,2,5,0,0,0,0,0,1,23,7,7,1,1,2,7,0,0,0,1,0,1,2,6,4,0,0,0,107,10,3,2,0,6,62,0,0,0,2,33,0,0,0,0,0,27,46,2,10,1743,0,0,0
0,1,0,0,2,3,0,26,0,0,0,0,2,0,0,3,12,0,0,1,0,0,8,4,0,0,1,0,2,5,22,9,80,4,0,0,2,0,1,1,0,2,0,0,0,0,1,0,0,0,0,0,0,3,3,42,0,1,987,0,1
0,0,0,0,0,1,4,0,0,0,0,13,5,0,16,6,0,0,0,0,0,2,0,0,20,0,0,1,2,2,0,0,0,17,1,1,0,0,0,0,0,0,0,1,1,0,0,0,453,34,13,1,40,0,0,0,7,0,1,2149,58
0,0,0,0,0,0,0,0,0,0,0,1,0,0,0,0,0,0,0,0,0,0,0,0,0,0,0,0,0,0,0,0,0,2,0,0,0,0,0,0,0,0,0,0,0,0,0,0,0,9,0,0,0,0,0,0,0,0,0,5,93
