0.65116,0.72265,0.41786,0.66024,0.40035,0.50355,0.35733,0.58504,0.61744,0.43005,0.61371,0.56316,0.522,0.74375,0.65243,0.70065,0.48786,0.40965,0.31628,0.41913,0.31429,0.67079,0.4226,0.54019,0.79645,0.62726,0.62587,0.9715,0.73204,0.76736,0.51065,0.62741,0.75637,0.7364,0.90674,0.821,0.85057,0.74066,0.81607,0.57695,0.39293,0.57191,0.44214,0.8657,0.46531,0.64396,0.8,0.86785,0.87507,0.85081,0.82311,0.69525,0.38895,0.2122,0.33703,0.5113,0.67273,0.78642,0.67319,0.73141,0.376
0.68452
1400,34,132,293,139,5,0,23,131,0,0,0,0,0,0,0,6,10,0,0,0,0,72,0,0,0,0,0,0,0,1,0,0,0,0,0,1,0,0,0,0,41,8,0,0,0,0,8,0,0,0,0,0,4,0,0,0,0,0,0,0
36,2074,86,1,151,4,0,0,113,0,0,0,0,0,0,0,313,0,0,3,0,0,5,71,0,0,0,0,0,1,68,25,11,0,0,0,2,0,1,0,0,13,1,0,0,0,1,1,0,0,0,0,0,0,1,5,0,0,0,0,0
84,69,847,48,69,160,0,10,88,0,0,0,0,0,0,0,77,28,2,0,0,0,11,4,0,0,0,0,0,0,17,33,1,0,0,0,3,1,0,0,0,86,9,0,1,0,0,5,0,0,0,0,0,39,8,2,0,1,0,0,0
313,0,45,1370,29,7,0,9,43,0,0,0,0,0,0,0,0,55,0,0,0,0,24,0,0,0,0,0,0,0,1,0,0,0,0,0,13,0,0,0,0,100,95,0,0,0,1,10,0,0,0,0,0,13,9,0,0,34,0,0,0
26,21,21,4,456,1,0,0,4,0,0,0,0,0,0,0,6,0,0,0,0,0,2,1,0,0,0,0,0,0,1,0,0,0,0,0,3,0,0,0,0,13,0,0,0,0,0,0,0,0,0,0,0,0,0,0,0,0,0,0,0
17,18,226,35,22,1204,38,48,25,0,3,0,1,0,0,1,47,171,34,42,0,0,17,6,0,0,0,0,0,1,14,190,5,0,0,0,48,10,6,0,0,85,21,0,2,0,18,11,0,0,0,1,1,101,69,10,11,19,1,0,0
0,1,0,0,0,8,139,0,0,0,1,0,0,0,0,1,0,0,1,5,0,8,0,1,2,0,2,0,1,2,0,8,0,0,3,1,0,1,0,0,0,0,0,1,2,0,0,0,0,0,0,0,0,0,0,0,1,0,0,2,0
4,7,11,8,2,50,12,1572,11,0,0,0,0,0,0,3,36,6,7,8,1,0,398,1,0,0,1,1,0,1,27,63,6,0,0,0,1,1,1,0,0,6,4,0,2,0,4,205,0,1,0,0,0,23,18,32,2,5,0,0,0
66,53,76,8,21,7,0,4,1430,0,0,0,0,0,0,0,18,1,0,0,0,0,6,39,0,0,0,0,0,0,1,6,2,0,0,0,0,0,0,0,0,4,32,0,0,0,1,3,0,0,0,0,0,5,0,0,0,0,0,0,0
0,0,0,0,0,0,0,1,1,166,1,0,5,0,10,0,0,2,0,0,0,1,0,0,0,1,0,0,2,0,0,0,0,0,0,0,0,2,0,0,0,0,0,21,1,0,1,2,0,0,1,0,0,1,0,0,0,1,2,1,0
0,0,0,0,0,0,0,0,0,1,958,0,1,57,9,7,0,1,2,0,0,11,0,0,0,1,30,1,0,0,0,0,0,0,0,10,2,8,2,1,1,0,0,0,15,162,2,3,0,0,1,29,1,0,1,0,40,11,0,0,1
0,0,0,0,0,0,0,0,0,0,0,477,2,0,0,0,0,0,0,0,0,0,0,0,0,0,0,0,0,0,0,0,0,52,1,0,0,0,0,0,0,0,0,0,0,0,0,0,12,22,18,0,2,0,0,0,0,0,0,1,3
0,0,1,0,0,4,2,0,0,9,0,9,522,0,32,4,1,0,0,1,0,0,1,0,9,25,1,3,15,2,2,3,0,43,8,1,0,2,0,0,0,1,0,10,5,0,1,0,6,1,110,1,4,0,0,0,0,1,7,4,2
0,0,0,0,0,0,1,2,0,1,173,3,4,2023,49,102,0,0,0,4,0,24,0,0,15,4,159,9,3,5,0,0,0,7,0,36,6,7,37,6,2,0,0,0,24,60,8,0,1,4,2,420,21,1,0,1,43,4,5,7,8
0,1,2,0,1,6,3,0,0,24,26,0,36,24,993,37,0,0,1,7,0,3,0,4,12,7,6,2,4,3,9,8,1,2,2,2,14,11,7,1,29,0,0,18,6,9,8,0,1,0,22,9,45,0,2,1,60,3,3,10,0
0,0,1,0,0,0,0,4,0,0,1,0,7,34,22,1072,0,1,0,1,0,0,4,2,0,2,5,0,0,11,3,13,7,0,0,2,8,9,18,3,86,0,0,0,0,0,7,3,0,0,0,1,2,0,0,7,11,0,12,1,0
14,350,190,3,80,57,0,46,77,0,0,0,1,0,0,0,1286,5,0,2,0,0,117,108,0,0,0,0,0,1,218,128,10,0,0,0,2,0,1,0,1,94,17,0,0,0,4,7,0,0,0,0,0,19,9,17,0,0,6,0,0
4,0,4,11,3,14,0,0,0,0,0,0,0,0,0,0,0,569,0,0,0,0,0,0,0,0,0,0,0,0,0,1,0,0,0,0,48,0,0,1,0,20,8,0,0,0,4,1,0,0,0,0,0,3,4,0,1,15,0,0,0
0,0,0,0,0,4,0,0,0,0,0,0,0,0,0,0,0,0,68,1,0,0,0,0,0,0,0,0,0,0,0,1,1,0,0,0,0,5,2,0,0,0,0,0,1,0,0,0,0,0,0,0,0,0,0,0,0,0,0,0,0
0,1,0,0,0,14,8,0,0,0,0,0,1,1,3,0,0,2,5,412,2,0,0,0,0,0,0,0,0,0,1,9,1,0,0,0,0,14,25,9,4,1,0,0,1,0,2,3,0,0,0,0,1,1,5,2,2,3,1,0,0
0,0,0,0,0,0,0,0,0,0,0,0,0,0,0,0,0,0,0,1,22,0,0,0,0,0,0,0,0,0,0,0,0,0,0,0,0,0,0,6,0,0,0,0,0,0,0,0,0,0,0,0,0,0,1,0,0,0,0,0,0
0,0,0,0,0,1,6,2,0,0,5,0,0,2,5,0,0,1,1,18,0,760,0,0,14,1,1,4,7,0,0,1,2,0,0,10,0,3,1,2,0,0,0,1,23,18,8,0,1,0,5,28,17,0,2,0,7,7,1,1,0
6,15,13,2,3,5,0,384,4,0,0,0,0,0,0,0,37,2,0,0,0,0,920,5,0,0,0,0,0,0,15,10,2,0,0,0,1,0,0,0,0,2,3,0,0,0,0,77,0,0,0,0,0,10,5,13,0,1,2,0,0
0,26,2,0,0,0,0,3,55,0,0,0,0,0,0,0,35,0,0,2,1,0,3,1277,0,0,0,0,0,1,67,34,136,0,0,0,0,0,0,0,0,1,17,0,0,0,1,0,0,0,0,0,0,8,3,39,0,0,1,0,0
0,0,0,0,0,0,1,0,0,1,0,2,0,1,12,0,0,0,0,0,0,8,0,0,1479,0,0,1,2,0,0,0,0,0,3,2,0,0,0,0,0,0,0,13,4,7,0,0,3,5,7,3,108,0,0,0,24,0,0,1,2
1,0,0,0,0,0,0,1,0,6,0,0,32,0,7,0,0,1,0,2,0,1,1,0,1,695,4,0,1,3,0,1,0,3,73,0,2,1,0,0,0,0,2,4,0,0,2,3,1,0,5,0,1,0,1,0,0,1,3,1,0
0,0,0,0,0,0,1,0,0,0,55,0,2,90,12,16,0,0,0,5,0,3,1,0,0,9,1079,3,0,4,0,0,0,0,1,167,1,2,7,9,4,0,0,0,6,18,10,0,0,0,0,30,0,0,2,3,12,0,8,0,0
0,0,0,0,0,0,0,0,0,0,18,0,0,9,1,0,0,0,0,3,0,0,0,0,0,0,0,6170,1,0,0,0,0,0,0,0,0,2,0,0,0,0,0,1,711,2,2,0,0,0,0,8,0,0,0,0,0,0,0,0,0
1,0,0,0,1,1,2,0,0,2,0,0,0,0,4,2,0,1,0,3,0,11,2,0,5,6,0,3,530,43,0,3,1,0,17,0,0,1,0,0,0,0,0,19,4,0,8,0,0,2,10,0,2,0,4,1,2,1,3,5,0
2,4,1,1,0,0,0,6,2,0,1,0,0,0,0,4,17,1,0,2,0,0,1,2,0,0,0,1,33,696,3,5,8,0,3,0,6,4,3,0,3,1,4,2,0,0,3,1,0,0,1,0,0,0,0,2,4,1,13,0,0
0,57,55,1,5,107,2,58,26,0,0,0,0,0,0,0,381,6,2,10,0,0,56,236,0,0,0,0,0,3,1439,577,297,0,1,0,4,0,0,1,1,66,13,0,0,0,3,7,0,0,0,0,0,85,24,179,0,0,58,0,1
3,44,88,0,10,513,129,125,74,0,1,0,1,1,2,4,235,4,4,164,20,2,45,205,1,0,2,0,2,14,590,2632,523,0,1,5,18,5,28,37,5,30,11,0,2,0,23,25,0,0,0,0,0,123,73,271,10,0,34,9,2
0,4,0,0,0,1,1,10,9,0,0,0,0,0,0,1,11,2,3,12,5,0,1,269,0,0,0,1,0,4,145,177,4129,0,0,0,3,0,5,4,0,0,5,0,1,0,6,3,0,0,0,0,0,2,15,198,0,0,182,0,0
0,0,0,0,0,0,0,1,0,0,0,80,30,0,0,1,0,0,0,0,0,1,0,0,1,0,0,0,0,1,0,0,0,704,2,0,0,0,0,0,0,0,0,0,0,0,0,0,11,17,17,0,1,0,1,0,0,0,5,10,18
0,1,0,1,0,1,6,1,0,5,0,14,48,0,17,0,0,1,4,2,0,2,0,0,11,288,0,2,30,1,1,0,0,15,2353,7,2,3,0,0,0,0,0,31,12,0,16,0,33,6,77,1,3,0,0,0,0,3,2,3,0
0,0,0,0,0,0,0,0,0,0,13,0,0,32,4,1,0,0,0,1,0,141,0,0,12,13,236,4,9,5,0,0,0,0,8,3206,0,0,1,2,0,0,0,0,47,166,11,0,0,2,0,298,22,0,0,0,6,0,1,1,2
40,4,39,76,44,43,0,1,101,2,3,0,0,2,23,23,5,284,6,5,0,2,6,22,0,0,0,1,0,6,6,15,31,0,0,0,2698,33,21,7,44,118,110,0,0,2,10,29,0,0,0,2,1,62,72,4,19,201,13,2,0
0,0,1,0,1,6,0,2,0,15,47,0,0,6,22,9,4,3,29,47,2,3,1,4,2,1,3,3,1,3,4,10,1,0,0,0,18,2002,317,52,30,2,3,1,6,13,4,9,0,0,0,3,0,1,4,3,49,20,2,0,0
0,0,5,3,3,9,2,5,1,5,25,0,2,74,46,65,0,4,24,154,11,7,1,4,1,2,26,2,1,14,7,13,4,0,0,6,39,454,3026,400,335,3,3,0,14,9,24,4,1,1,0,33,2,3,10,8,65,9,7,2,1
0,0,0,0,0,0,0,1,0,0,6,0,0,4,0,3,0,0,3,6,1,0,0,0,0,0,22,0,1,0,0,2,4,0,0,4,3,21,81,776,5,0,0,0,3,0,3,0,0,0,0,2,1,0,3,2,3,4,3,0,0
0,0,0,0,0,2,0,3,1,0,0,0,0,0,1,27,0,0,0,2,0,0,1,5,0,0,0,0,1,2,1,2,1,0,0,0,5,11,38,6,378,1,3,0,0,0,2,1,0,0,0,0,0,0,4,0,5,0,3,0,0
28,11,98,76,57,40,0,4,12,0,0,0,0,0,0,0,22,140,1,0,0,0,5,2,0,0,0,0,0,0,3,2,1,0,0,0,20,0,0,0,0,1018,35,0,0,0,1,3,0,0,0,0,0,13,35,4,0,4,0,0,0
0,0,2,9,0,1,0,0,18,0,0,0,0,0,0,0,0,1,0,0,0,0,2,1,0,0,0,0,0,0,0,1,0,0,0,0,5,0,0,0,0,5,447,0,0,0,0,1,0,0,0,0,0,1,1,0,0,1,0,0,0
1,1,1,0,0,3,1,0,3,107,0,1,10,0,27,0,2,2,0,0,0,0,0,0,9,17,0,2,24,0,1,1,0,1,37,0,3,0,0,0,0,0,0,1199,3,1,6,0,3,4,21,0,2,0,0,0,0,0,0,0,0
0,0,0,0,0,0,2,1,0,0,9,0,0,8,2,0,0,0,0,5,0,28,0,0,7,0,3,101,12,3,0,1,0,0,1,12,0,3,2,1,0,0,0,0,433,12,39,0,0,0,0,17,4,0,0,0,3,4,1,0,0
0,0,0,0,0,0,1,0,0,3,78,0,3,15,1,0,0,0,0,0,0,15,0,0,11,0,15,6,0,0,0,0,0,1,0,40,0,3,2,1,0,0,0,2,24,1550,8,0,0,0,0,138,15,0,0,0,14,0,0,0,0
24,44,20,37,19,30,1,15,31,10,11,0,6,9,13,20,31,15,3,12,2,5,9,35,2,8,18,3,25,56,31,47,49,0,28,18,36,17,29,13,10,21,52,10,46,10,1344,5,0,0,7,57,0,9,13,13,12,50,87,1,0
71,24,29,28,19,21,1,279,45,1,1,0,1,2,2,11,26,8,5,3,0,0,442,25,0,0,0,0,0,1,17,36,48,0,0,5,22,16,6,1,7,16,30,0,0,0,9,3264,0,0,0,1,0,22,20,24,38,42,1,0,0
0,0,0,0,0,0,0,0,0,0,0,44,1,0,1,0,0,0,0,0,0,2,0,0,55,0,0,0,0,1,0,0,0,23,1,0,0,0,0,0,0,0,0,0,0,0,0,0,4455,149,43,1,84,0,0,0,0,0,0,670,24
0,0,0,0,0,0,1,0,0,0,0,72,2,0,0,0,0,0,0,0,0,0,0,0,4,0,0,0,1,0,0,0,0,12,0,0,0,0,0,0,0,0,0,0,0,0,0,0,62,1517,5,0,1,0,0,0,0,0,0,7,29
0,0,0,0,1,1,11,0,0,9,0,101,257,0,64,1,1,1,0,1,1,11,0,0,13,23,0,9,9,2,1,1,1,65,47,0,0,0,0,0,0,1,0,43,4,0,11,0,33,5,1852,1,25,0,0,0,0,0,1,14,4
0,0,0,0,0,0,3,0,0,0,67,31,13,312,32,65,0,0,1,14,0,67,0,0,30,4,108,18,2,1,0,0,0,4,4,365,1,14,32,3,2,0,0,0,122,345,57,4,9,4,14,2505,115,0,0,0,20,3,4,20,8
0,0,0,0,0,0,0,0,0,1,1,3,6,0,39,1,0,0,0,0,0,2,0,0,54,0,0,0,1,1,0,0,0,0,0,5,0,0,0,0,0,0,0,5,2,11,0,0,10,0,16,5,373,0,0,0,4,0,0,11,0
4,1,20,12,0,27,1,11,5,0,0,0,0,0,0,0,11,20,0,1,0,0,3,5,0,0,0,0,0,0,37,34,2,0,0,0,1,0,0,0,0,8,10,0,0,0,0,0,0,0,0,0,0,160,7,15,0,2,0,0,0
1,1,3,4,0,10,0,3,0,0,0,0,0,0,0,0,2,14,3,5,0,0,1,0,0,0,0,0,0,0,4,6,0,0,0,1,3,0,0,0,0,12,8,0,0,0,1,1,0,0,0,0,0,9,304,18,0,12,0,0,0
0,2,3,0,0,3,5,21,1,0,0,0,0,0,0,0,11,0,0,9,1,0,11,23,0,0,0,0,0,1,59,77,88,0,0,0,0,3,1,0,0,4,1,0,0,0,0,5,0,0,0,0,0,15,109,950,2,0,10,0,0
0,0,0,0,0,1,0,1,0,17,52,0,2,14,52,36,2,1,0,1,0,11,1,0,88,0,2,0,3,5,0,3,0,0,1,0,16,24,6,0,14,0,0,2,0,12,3,22,2,0,1,7,54,1,4,1,999,12,2,3,0
4,0,3,44,1,17,2,4,5,1,5,0,0,0,0,0,2,26,6,5,1,2,1,4,0,0,0,0,0,1,3,7,5,0,0,0,112,10,2,2,1,5,58,0,1,0,2,34,0,0,0,0,0,19,54,2,9,1749,0,0,0
0,2,2,0,2,2,0,26,0,0,0,0,1,0,0,5,11,0,0,2,0,0,6,3,0,0,1,0,2,6,21,8,81,6,0,0,2,0,0,1,0,2,1,0,0,0,1,1,0,0,0,0,0,1,5,31,0,0,997,0,0
0,0,0,0,0,1,7,0,0,0,0,9,3,0,15,7,0,0,0,0,0,2,0,0,19,1,0,1,1,2,0,1,0,16,0,0,0,0,0,0,0,0,0,2,0,0,0,0,447,35,15,2,51,0,0,0,7,0,0,2154,51
0,0,0,0,0,0,0,0,0,0,0,1,0,0,0,1,0,0,0,0,0,0,0,0,0,0,0,0,0,0,0,0,0,2,0,0,0,0,0,0,0,0,0,0,0,0,0,0,0,8,0,0,0,0,0,0,0,0,0,4,94
