0.6488,0.7217,0.41604,0.65791,0.40321,0.5,0.36512,0.58176,0.62316,0.43421,0.63113,0.54556,0.5154,0.73866,0.6457,0.71021,0.49183,0.41241,0.32381,0.42014,0.2973,0.66843,0.42108,0.54265,0.78709,0.62286,0.63152,0.97145,0.7264,0.77494,0.5115,0.63781,0.76108,0.7313,0.90502,0.82803,0.85372,0.74257,0.81934,0.57195,0.40446,0.56129,0.44094,0.85409,0.47389,0.64547,0.8012,0.8694,0.8753,0.8505,0.81862,0.69925,0.39024,0.21806,0.35689,0.50215,0.6729,0.7852,0.66779,0.72531,0.37751
0.68544
1404,39,136,296,126,7,0,21,134,0,0,0,0,0,0,0,6,9,0,0,0,0,66,0,0,0,0,0,0,0,1,0,0,0,0,0,1,0,0,0,0,42,8,0,0,0,0,8,0,0,0,0,0,4,0,0,0,0,0,0,0
35,2085,79,2,139,4,0,1,115,0,0,0,0,0,0,0,314,1,0,3,0,0,4,78,0,0,0,0,0,1,68,23,11,0,0,0,1,0,1,0,0,13,1,0,0,0,1,1,0,0,0,0,0,1,1,4,0,0,0,0,0
80,68,835,51,72,160,0,11,90,0,0,0,0,0,0,0,86,26,1,0,0,0,12,2,0,0,0,0,0,0,15,29,1,0,0,0,2,1,0,0,0,95,12,0,0,0,0,6,0,0,0,0,0,41,5,1,0,1,0,0,0
313,1,54,1377,26,5,0,7,45,0,0,0,0,0,0,0,0,51,0,0,0,0,24,0,0,0,0,0,0,0,0,0,0,0,0,0,13,0,0,0,0,90,94,0,0,0,1,11,0,0,0,0,0,14,9,0,0,36,0,0,0
33,23,19,3,452,1,0,0,4,0,0,0,0,0,0,0,5,0,0,0,0,0,2,1,0,0,0,0,0,0,1,0,0,0,0,0,3,0,0,0,0,12,0,0,0,0,0,0,0,0,0,0,0,0,0,0,0,0,0,0,0
17,18,228,39,19,1219,29,48,27,0,3,0,1,0,0,1,49,164,25,38,1,0,17,4,0,1,0,0,0,2,23,192,5,0,0,0,48,10,6,0,0,92,29,0,2,0,15,10,0,0,0,1,1,93,64,8,12,17,1,0,0
0,0,0,0,0,8,134,0,0,0,0,0,0,0,0,1,1,0,2,4,0,11,0,0,1,0,2,1,0,1,0,8,0,0,2,1,1,0,0,0,0,0,0,2,4,0,0,0,1,0,0,0,1,0,2,1,0,0,0,2,0
5,8,10,6,1,54,11,1576,9,0,0,0,0,1,0,1,34,5,6,9,0,0,405,3,0,0,1,1,0,1,26,58,5,0,0,0,3,1,1,0,1,6,4,0,2,0,3,203,0,1,0,0,0,27,7,38,2,6,0,0,0
68,55,67,6,24,5,0,6,1437,0,0,0,0,0,0,0,13,1,1,0,0,0,6,34,0,0,0,0,0,0,0,6,2,0,0,0,0,0,0,0,0,4,34,0,0,0,2,5,0,0,0,0,0,7,0,0,0,0,0,0,0
0,0,0,0,0,0,0,1,1,165,1,0,6,0,10,0,0,2,0,0,0,1,0,0,0,2,0,0,1,0,0,1,0,0,1,0,0,1,0,0,0,0,0,22,1,0,1,2,0,0,1,0,0,0,0,0,0,0,2,1,0
0,0,0,0,0,0,0,0,0,1,965,0,3,57,12,8,0,0,2,1,0,11,0,0,0,1,28,3,0,0,0,0,0,0,0,7,2,9,3,1,1,0,1,0,15,159,1,2,0,0,1,26,2,0,1,0,36,10,0,0,0
0,0,0,0,0,0,0,0,0,0,0,467,3,0,0,0,0,0,0,0,0,0,0,0,0,0,0,0,0,0,0,0,0,52,1,0,0,0,0,0,0,0,0,0,0,0,0,0,14,26,19,0,2,0,0,0,0,0,0,3,3
0,0,1,0,0,3,0,0,0,10,0,11,502,0,29,2,0,1,0,1,0,0,1,0,11,26,0,1,12,4,4,2,0,45,10,1,0,2,1,0,1,2,0,12,6,0,1,0,5,0,125,0,4,0,0,0,1,1,8,4,3
0,0,0,0,0,1,0,2,0,2,172,7,10,2052,42,96,0,0,0,4,0,32,0,0,14,2,156,7,1,4,0,0,0,6,1,38,5,8,37,5,2,0,0,0,24,63,7,0,1,4,1,387,27,1,0,1,45,4,6,4,10
0,1,2,0,0,9,2,0,0,32,22,1,35,26,975,39,3,0,0,9,1,5,0,3,8,10,4,2,4,3,12,3,1,2,2,2,13,12,6,2,21,0,0,20,7,9,9,0,2,0,19,8,58,1,1,1,62,2,4,10,0
0,0,0,0,0,0,0,5,0,0,1,0,6,36,21,1071,0,2,0,3,0,0,1,4,0,1,5,0,2,10,3,11,5,0,0,2,6,8,16,4,90,0,0,0,0,0,6,2,0,0,0,0,3,0,0,9,14,2,9,0,2
9,345,183,2,82,61,2,46,72,0,0,0,0,0,0,0,1294,3,0,3,0,0,111,109,0,0,0,0,0,3,222,131,11,0,0,0,2,0,1,0,1,95,19,0,0,0,4,8,0,0,0,0,0,21,9,16,0,0,5,0,0
4,0,6,16,2,13,0,1,0,0,0,0,0,0,0,0,0,565,0,0,1,0,0,0,0,0,0,0,0,0,0,0,0,0,0,0,44,0,0,1,0,21,8,0,0,0,3,1,0,0,0,0,0,3,5,0,1,16,0,0,0
0,0,0,0,0,3,0,1,0,0,0,0,0,0,0,0,0,0,68,1,0,0,0,0,0,0,0,0,0,0,0,1,1,0,0,0,0,5,2,0,0,0,0,0,1,0,0,0,0,0,0,0,0,0,0,0,0,0,0,0,0
0,0,0,0,0,15,6,0,0,0,0,0,1,1,3,0,0,0,4,413,4,1,0,0,0,0,0,0,0,1,1,12,1,0,0,0,1,11,28,11,3,1,0,0,1,0,3,3,0,0,0,0,0,0,4,2,2,1,0,0,0
0,0,0,0,0,0,0,0,0,0,0,0,0,0,0,0,0,0,0,1,22,0,0,0,0,0,0,0,0,0,0,0,0,0,0,0,0,0,0,6,0,0,0,0,0,0,0,0,0,0,0,0,0,0,1,0,0,0,0,0,0
0,0,0,0,0,1,3,2,0,0,5,0,1,3,5,0,0,1,3,16,0,758,0,0,17,2,1,3,11,0,0,0,2,0,1,7,0,3,1,2,0,0,0,1,25,16,8,0,0,0,4,28,15,0,1,0,10,8,1,1,0
7,15,9,2,2,6,0,391,3,0,0,0,0,0,0,0,40,1,0,0,0,0,915,5,0,0,0,0,0,0,18,9,1,0,0,0,1,0,0,0,0,2,3,0,0,0,0,77,0,0,0,0,0,11,4,11,0,2,2,0,0
0,26,2,0,0,0,0,3,52,0,0,0,0,0,0,0,40,0,0,1,2,0,2,1285,0,0,0,0,0,0,65,36,131,0,0,0,1,0,0,0,0,1,17,0,0,0,1,0,0,0,0,0,0,5,2,38,0,0,2,0,0
0,0,0,0,0,0,1,0,0,1,0,1,1,1,17,0,0,0,0,0,0,4,0,0,1475,0,0,4,3,0,0,0,0,0,3,2,0,0,0,0,0,0,0,18,3,8,0,0,4,3,7,4,104,0,0,0,24,0,0,0,1
0,0,0,0,0,0,0,2,0,6,0,0,34,0,5,0,1,1,0,2,0,2,0,0,1,692,3,0,4,3,0,1,0,2,69,0,2,1,0,0,0,0,1,5,0,0,2,3,1,0,8,0,1,0,0,0,0,2,4,2,0
0,0,0,0,0,0,0,0,0,0,50,0,1,94,12,19,0,0,0,7,1,5,1,0,0,10,1078,2,2,3,0,0,0,0,1,165,0,4,4,12,3,0,0,0,8,18,6,0,0,0,0,28,0,0,1,2,12,0,11,0,0
0,0,0,0,0,0,0,0,0,0,13,0,0,7,1,0,0,0,0,3,0,0,0,0,0,0,1,6158,3,0,0,0,0,0,0,1,0,1,0,0,0,0,0,1,726,2,2,0,0,0,0,9,0,0,0,0,0,0,0,0,0
0,0,1,0,1,2,1,2,0,0,0,1,0,0,6,2,0,1,0,2,0,8,1,0,5,6,0,4,531,44,1,3,1,0,21,0,0,0,0,0,0,0,0,17,1,0,6,0,0,2,12,0,0,0,2,1,3,1,6,5,0
2,6,1,1,3,0,1,6,2,0,0,0,0,0,0,3,13,2,0,1,0,0,0,3,0,0,0,0,33,699,5,4,9,0,3,0,6,4,2,1,1,1,4,2,0,0,2,1,0,0,0,0,0,0,0,2,4,1,13,0,0
0,54,49,1,5,109,4,64,28,0,0,0,0,0,0,0,375,5,3,10,0,0,53,239,0,0,0,0,0,3,1445,567,288,0,1,0,1,0,1,1,1,66,13,0,0,0,3,5,0,0,0,0,0,92,26,190,0,1,57,0,1
2,44,90,0,10,521,132,122,72,0,2,0,0,1,2,4,225,6,10,155,18,2,49,198,1,0,1,0,4,12,566,2689,500,0,2,6,20,4,29,38,4,35,8,1,2,0,22,22,0,0,1,1,0,122,70,270,9,0,34,9,3
0,7,0,0,0,1,3,9,11,0,0,0,0,0,0,0,10,2,5,10,9,0,1,264,0,0,0,1,0,5,142,189,4122,0,0,0,4,0,3,4,0,0,5,0,2,0,4,3,0,0,0,0,0,2,11,202,0,0,178,0,0
0,0,0,0,0,0,0,1,0,0,0,85,35,0,0,1,0,0,0,0,0,0,0,0,1,2,0,0,0,1,0,0,0,694,2,0,0,0,0,0,0,0,0,0,0,0,0,0,14,15,19,0,1,0,0,0,0,0,5,10,15
0,0,0,1,0,1,5,1,0,6,0,13,38,0,22,0,0,1,1,3,0,6,0,0,8,294,0,3,32,0,1,0,0,14,2344,5,2,2,0,0,0,0,0,42,11,0,16,0,37,8,77,2,1,1,1,0,0,2,2,0,0
0,0,0,0,0,0,2,0,0,0,15,1,0,36,4,2,0,0,0,1,0,143,0,0,13,11,228,5,11,6,0,0,0,0,6,3202,0,1,1,2,0,0,0,1,41,168,13,0,0,1,0,303,20,0,0,0,4,0,1,1,1
45,3,43,76,41,40,0,3,100,2,3,0,0,2,25,23,8,282,3,5,0,2,6,21,0,1,0,0,0,5,7,9,33,0,0,0,2708,36,21,8,34,126,110,0,1,2,13,24,0,0,0,2,1,59,64,5,19,201,15,1,0
0,1,0,0,1,6,1,3,0,14,43,0,0,6,19,5,1,3,23,41,1,4,1,3,2,2,4,2,0,3,5,9,3,0,0,0,19,2025,316,49,28,4,3,0,8,9,8,9,0,0,0,2,2,2,5,2,52,17,3,0,0
0,1,3,4,3,9,5,5,1,7,19,0,3,79,46,67,0,4,30,168,7,7,0,4,2,2,23,2,0,14,4,15,1,0,0,2,39,445,3025,405,325,3,0,0,10,8,23,4,0,1,0,35,4,1,13,8,67,13,10,2,1
0,0,0,0,0,0,0,1,0,0,5,0,0,2,0,3,0,0,2,8,0,0,0,0,0,0,27,0,0,1,0,2,2,0,0,4,2,21,76,779,6,0,0,0,5,0,3,0,0,0,0,3,1,0,3,3,1,3,4,0,0
1,0,2,0,0,3,0,2,2,0,0,0,0,0,3,22,0,0,1,1,0,0,1,5,0,0,0,0,0,1,1,2,1,0,0,0,6,15,31,8,381,2,5,0,0,0,1,2,0,0,0,0,0,0,2,0,3,0,2,0,0
31,14,98,81,60,39,0,4,10,0,0,0,0,0,0,0,17,139,1,0,0,0,4,1,0,0,0,0,0,0,4,2,1,0,0,0,20,0,0,0,0,1012,30,0,0,0,0,4,0,0,0,0,0,17,37,5,0,4,0,0,0
0,1,1,10,0,1,0,0,19,0,0,0,0,0,0,0,0,1,0,0,0,0,2,1,0,0,0,0,0,0,0,1,0,0,0,0,4,0,0,0,0,4,448,0,0,0,0,1,0,0,0,0,0,0,1,0,0,1,0,0,0
0,2,1,0,0,2,0,0,0,89,0,3,13,0,22,0,1,1,0,0,0,0,0,0,9,17,0,1,19,1,0,1,0,1,30,0,3,0,0,0,0,0,0,1241,3,1,4,0,2,3,20,0,3,0,0,0,0,0,0,0,0
0,0,0,0,0,1,1,1,0,0,9,0,0,5,1,0,0,0,0,6,0,27,0,0,6,0,3,102,12,3,0,0,0,0,2,13,0,3,1,1,0,0,0,0,433,15,38,0,0,0,1,19,3,0,0,0,2,4,2,0,0
0,0,0,0,0,0,0,0,0,2,71,0,4,17,1,0,0,0,0,0,0,12,0,0,14,1,13,8,0,0,0,0,0,0,0,39,0,2,1,1,0,0,0,1,20,1553,7,0,0,0,0,150,17,0,0,0,12,0,0,0,0
26,45,24,40,32,30,2,10,20,11,10,0,7,11,13,21,27,21,2,13,4,8,12,39,2,5,16,1,22,49,39,43,48,0,30,16,32,20,28,13,11,19,51,10,51,12,1338,8,0,0,4,55,0,5,11,9,15,48,89,0,1
72,22,30,20,17,23,1,287,43,0,1,0,0,2,1,8,28,7,9,4,0,0,447,22,0,1,0,0,0,0,18,31,52,0,0,4,25,19,9,1,11,22,30,0,0,0,9,3262,0,0,0,1,0,19,14,21,39,37,0,0,1
0,0,0,0,0,0,0,0,0,0,0,43,0,0,2,0,0,0,0,0,0,3,0,0,58,0,0,1,0,1,0,0,0,23,1,0,0,0,0,0,0,0,0,0,0,0,0,0,4450,148,37,1,72,0,0,0,0,0,0,693,21
0,0,0,0,0,0,1,0,0,0,0,80,2,0,0,0,0,0,0,0,0,0,0,0,4,0,0,0,1,0,0,0,0,10,0,0,0,0,0,0,0,0,0,0,0,0,0,0,59,1519,4,1,1,0,0,0,0,0,0,7,24
0,1,0,0,0,2,5,0,0,13,0,100,248,0,72,1,2,1,0,0,0,9,0,0,11,19,0,7,15,2,0,0,1,66,48,0,0,0,0,0,0,1,0,48,3,0,13,0,28,5,1855,1,28,0,0,0,0,0,1,16,3
0,0,0,0,0,0,3,0,0,0,67,32,5,323,33,62,0,0,0,12,0,56,0,0,38,2,110,19,1,2,0,0,0,10,6,347,2,15,32,4,3,0,0,0,113,338,61,3,10,5,21,2518,113,0,0,0,20,4,4,21,8
0,0,0,0,0,0,0,0,0,0,1,2,8,0,38,1,0,0,0,0,0,2,0,0,56,0,0,0,2,0,0,0,0,1,1,3,0,0,0,0,0,0,0,5,1,11,0,0,8,0,16,8,368,0,0,0,3,0,0,16,0
4,1,24,12,0,26,2,8,3,0,0,0,0,0,0,0,11,20,0,1,0,0,4,6,0,0,0,0,0,0,34,28,2,0,0,0,0,0,0,0,0,9,8,0,0,0,0,0,0,0,0,0,0,169,6,16,0,3,0,0,0
1,1,2,2,0,12,1,2,0,0,0,0,0,0,0,0,3,14,2,4,0,0,2,0,0,0,0,0,0,0,3,5,0,0,0,0,4,1,0,0,0,12,7,0,0,0,0,0,0,0,0,0,0,12,303,20,0,13,0,0,0
0,2,4,0,0,6,5,22,0,0,0,0,0,0,0,0,9,1,0,7,3,0,10,26,0,0,0,0,0,1,63,73,92,0,0,0,0,4,2,0,0,4,1,0,0,0,1,6,0,0,0,0,0,17,110,935,1,1,9,0,0
0,0,0,0,0,1,0,2,0,17,46,0,3,15,53,34,1,1,0,1,0,11,1,0,98,0,2,0,3,5,1,2,0,0,1,0,15,24,6,1,13,0,0,2,0,14,5,22,2,0,0,4,41,1,1,2,1008,14,2,3,0
5,0,2,45,0,24,1,3,6,2,5,0,0,0,0,0,2,25,6,9,0,2,5,4,0,0,0,0,0,0,2,9,3,0,0,0,109,9,1,1,1,4,62,0,1,0,2,34,0,0,0,0,0,24,50,2,9,1740,0,0,0
0,0,1,0,3,2,0,27,0,0,0,0,2,0,0,4,12,0,0,2,0,0,7,4,0,0,1,0,2,6,25,8,80,5,0,0,2,0,0,1,0,3,0,0,0,0,1,0,0,0,0,0,0,3,2,37,0,0,989,0,0
0,0,0,0,0,2,3,0,0,0,0,8,2,1,15,7,0,0,0,0,0,2,0,0,19,1,0,1,0,2,0,1,0,17,1,0,0,0,0,0,0,0,0,2,1,0,1,0,446,36,14,3,49,0,0,0,6,0,0,2152,57
0,0,0,0,0,0,0,0,0,0,0,1,0,0,0,0,0,0,0,0,0,0,0,0,0,0,0,0,0,0,0,0,0,1,0,0,0,0,0,0,0,0,0,0,0,0,0,0,0,9,0,1,0,0,0,0,0,0,0,4,94
