0.64936,0.72272,0.41654,0.65797,0.39698,0.4994,0.36272,0.58211,0.62141,0.44156,0.62827,0.55152,0.53138,0.74246,0.64698,0.70033,0.49771,0.41031,0.35294,0.41717,0.23596,0.66755,0.42538,0.53699,0.77825,0.63394,0.6237,0.97097,0.72614,0.75768,0.51152,0.63284,0.76283,0.7334,0.91089,0.82295,0.85389,0.74704,0.81599,0.5685,0.40127,0.56869,0.43725,0.85134,0.46082,0.64113,0.79785,0.86768,0.87599,0.85179,0.81814,0.6958,0.4024,0.21745,0.35175,0.50348,0.67816,0.78796,0.67507,0.72861,0.40948
0.68492
1413,43,134,290,129,7,0,20,133,0,0,0,0,0,0,0,5,4,0,0,0,0,69,0,0,0,0,0,0,0,1,0,0,0,0,0,1,0,0,0,0,40,9,0,0,0,0,6,0,0,0,0,0,4,0,0,0,0,0,0,0
33,2080,80,3,136,3,0,2,121,0,0,0,0,0,0,0,315,0,0,3,0,0,6,78,0,0,0,0,0,1,68,24,11,0,0,0,1,0,1,0,0,13,1,0,0,0,1,1,0,0,0,0,0,1,0,4,0,0,0,0,0
72,67,851,53,74,166,1,11,87,0,0,0,0,0,0,0,79,27,0,0,0,0,8,2,0,0,0,0,0,0,17,31,1,0,0,0,2,0,0,0,0,80,10,0,1,0,0,8,0,0,0,0,0,47,6,1,0,1,0,0,0
326,0,44,1362,28,9,0,8,41,0,0,0,0,0,0,0,0,53,0,0,0,0,22,0,0,0,0,0,0,0,1,0,0,0,0,0,11,0,0,0,0,94,103,0,0,0,1,10,0,0,0,0,0,18,8,0,0,32,0,0,0
34,25,19,3,447,1,0,0,4,0,0,0,0,0,0,0,5,1,0,0,0,0,2,1,0,0,0,0,0,0,1,0,0,0,0,0,1,0,0,0,0,14,0,0,0,0,1,0,0,0,0,0,0,0,0,0,0,0,0,0,0
17,16,241,38,19,1240,38,49,26,0,3,0,1,0,0,1,40,166,22,36,0,0,14,6,0,1,0,0,0,5,24,169,4,0,0,0,46,9,5,0,1,90,27,0,2,0,13,12,0,0,0,1,1,93,67,8,9,18,1,0,0
0,1,0,0,0,6,141,0,0,0,0,0,0,0,0,2,0,0,0,6,1,11,0,0,2,0,1,0,2,1,0,5,0,0,2,1,0,0,0,0,0,0,0,0,3,0,0,0,0,0,1,0,1,0,1,1,0,0,0,1,1
5,7,9,7,1,55,9,1588,9,0,0,0,0,1,0,1,33,5,4,10,0,0,397,0,0,0,1,1,0,0,24,66,6,0,0,0,2,0,2,0,1,3,4,0,3,0,3,203,0,1,1,0,0,24,14,34,2,5,0,0,0
71,57,75,6,26,9,0,5,1428,0,0,0,0,0,0,0,13,1,1,0,0,0,6,31,0,0,0,0,0,0,0,6,2,0,0,0,0,0,0,0,0,4,35,0,0,0,1,3,0,0,0,0,0,3,0,0,0,0,0,0,0
0,0,0,0,0,1,0,0,1,170,1,0,5,0,8,0,0,2,0,0,0,1,0,0,1,1,0,0,0,0,0,0,0,0,0,0,0,1,0,0,0,0,0,24,0,0,1,2,0,0,1,0,0,0,0,0,0,0,2,1,0
0,0,0,0,0,0,0,0,0,0,960,0,3,59,13,6,0,1,1,3,0,15,0,0,0,2,30,1,0,0,0,0,0,0,0,5,2,11,3,0,1,0,0,0,18,161,2,2,0,0,1,25,0,0,1,0,35,8,0,0,0
0,0,0,0,0,0,0,0,0,0,0,471,3,0,0,0,0,0,0,0,0,0,0,0,0,0,0,0,0,0,0,0,0,52,1,0,0,0,0,0,0,0,0,0,0,0,0,0,11,22,23,0,2,0,0,0,0,0,0,3,2
0,0,1,0,0,2,1,0,0,3,0,12,525,0,30,2,1,0,0,2,0,0,2,0,10,26,0,2,12,4,1,4,0,40,10,1,1,1,0,0,0,1,0,11,7,0,2,0,3,1,113,1,5,0,0,0,0,1,9,4,2
0,0,0,0,0,0,0,2,0,2,160,3,7,2044,44,100,0,0,0,3,0,22,0,0,16,2,162,8,1,5,0,0,0,9,1,42,4,10,40,4,3,0,0,0,24,60,8,0,1,3,2,409,19,1,0,0,44,3,5,10,8
0,1,1,0,1,11,3,0,0,31,22,1,32,27,964,37,1,0,0,8,1,1,0,2,11,7,6,3,4,5,8,7,2,0,2,2,16,11,6,1,25,0,0,25,8,10,6,0,3,0,26,7,59,0,4,1,62,3,3,8,0
0,0,0,0,0,2,0,6,0,0,1,0,8,33,24,1061,0,1,0,1,0,0,1,2,0,0,5,0,1,11,4,10,5,1,0,2,7,7,21,2,91,0,0,0,0,0,7,3,0,0,0,1,3,0,0,9,15,1,10,2,2
9,340,178,4,86,66,0,46,72,0,0,0,0,0,0,0,1306,1,0,3,0,0,107,115,0,0,0,0,0,2,223,121,11,0,0,0,1,0,1,0,1,95,18,0,0,0,4,6,0,0,0,0,0,22,11,15,0,0,6,0,0
6,0,5,10,3,12,0,0,0,0,0,0,0,0,0,0,0,565,0,0,1,0,0,0,0,0,0,0,0,0,0,1,0,0,0,0,49,0,0,1,0,21,11,0,0,0,2,1,0,0,0,0,0,5,3,0,1,14,0,0,0
0,0,0,0,0,4,0,0,0,0,0,0,0,0,0,0,0,0,66,3,0,0,0,0,0,0,0,0,0,0,0,1,1,0,0,0,0,4,3,0,0,0,0,0,1,0,0,0,0,0,0,0,0,0,0,0,0,0,0,0,0
0,0,0,0,0,12,5,0,0,0,0,0,0,1,2,0,1,1,8,413,5,0,0,0,0,0,0,0,0,0,1,11,2,0,0,0,1,11,24,11,3,1,1,0,1,0,2,3,0,0,1,0,1,0,5,2,2,2,1,0,0
0,0,0,0,0,0,0,0,0,0,0,0,0,0,0,0,0,0,0,1,21,0,0,0,0,0,0,0,0,0,0,0,0,0,0,0,0,0,0,7,0,0,0,0,0,0,0,0,0,0,0,0,0,0,1,0,0,0,0,0,0
0,0,0,0,0,0,4,2,0,0,4,0,0,2,8,0,0,1,5,15,0,757,0,0,16,3,1,4,8,0,0,0,2,0,0,8,1,3,1,2,0,0,0,1,23,18,9,1,1,0,6,29,11,0,3,0,9,6,1,1,0
7,15,11,2,3,5,0,396,3,0,0,0,0,0,0,0,35,1,0,0,0,0,915,5,0,0,0,0,0,0,19,8,1,0,0,0,1,0,0,0,0,3,3,0,0,0,0,74,0,0,0,0,0,10,4,12,0,2,2,0,0
0,28,3,0,0,0,0,2,51,0,0,0,0,0,0,0,38,0,0,1,1,0,3,1292,0,0,0,0,0,1,67,33,132,0,0,0,0,0,0,0,0,1,17,0,0,0,1,0,0,0,0,0,0,2,2,36,0,0,1,0,0
0,0,0,0,0,0,1,0,0,1,0,0,1,0,15,0,0,0,0,0,0,5,0,0,1474,0,0,2,2,0,0,0,0,0,3,2,0,0,0,0,0,0,0,19,5,10,2,0,5,4,8,3,101,0,0,0,25,0,0,0,1
0,0,0,0,0,0,0,2,0,7,0,0,31,0,6,0,0,1,0,2,0,1,0,0,1,691,3,0,2,2,0,1,0,2,71,0,3,0,1,0,0,1,2,4,0,0,1,4,3,0,10,0,1,0,0,0,0,1,4,2,0
0,0,0,0,0,0,0,1,0,0,48,0,1,97,12,17,0,0,2,3,0,4,0,0,0,13,1079,2,1,5,0,0,0,0,1,166,0,2,7,10,3,0,0,0,8,20,7,1,0,0,0,27,1,0,1,2,11,0,8,0,0
0,0,0,0,0,0,0,0,0,0,13,0,0,7,1,0,0,0,0,3,1,0,0,0,0,0,1,6188,1,0,0,0,0,0,0,1,0,1,0,0,0,0,0,1,694,3,2,0,0,0,0,11,0,0,0,0,0,0,0,0,0
0,0,0,0,2,1,1,2,0,0,0,0,0,0,5,2,0,2,2,2,2,7,1,0,4,5,0,3,525,49,2,4,1,0,18,0,0,1,0,0,0,0,0,19,4,0,7,0,1,2,14,0,2,0,1,2,1,1,1,4,0
2,6,2,1,2,2,0,7,1,0,1,0,0,0,0,3,13,2,0,2,0,0,1,2,0,0,0,1,36,691,6,4,8,0,2,0,6,2,4,1,1,0,3,2,0,0,4,0,0,0,1,0,0,0,0,3,3,1,15,0,0
0,49,51,2,7,115,1,61,26,0,0,0,0,0,0,0,377,5,4,10,0,0,50,248,0,0,0,0,0,3,1443,561,286,0,1,0,5,0,0,2,1,65,14,0,0,0,2,5,0,0,0,0,0,92,26,191,0,0,57,1,0
2,50,94,0,11,535,144,123,69,0,2,0,1,1,0,3,239,5,6,154,21,1,43,203,1,0,1,0,3,10,575,2625,501,0,2,6,22,3,29,35,6,35,14,0,2,0,25,20,0,0,1,0,0,132,65,279,9,1,30,8,3
0,6,0,0,0,1,4,10,11,0,0,0,0,0,0,1,6,2,2,12,8,1,2,270,0,0,0,1,0,3,144,202,4117,0,0,0,4,0,4,5,0,0,5,0,2,0,4,1,0,0,0,0,0,3,15,188,0,0,175,0,0
0,0,0,0,0,0,1,1,0,0,0,87,40,0,0,3,0,0,0,0,0,1,0,0,1,1,0,0,0,1,0,0,0,696,2,0,0,0,0,0,0,0,0,0,0,0,0,0,11,14,16,0,0,0,0,0,0,0,3,7,16
0,0,0,0,0,1,6,1,0,13,0,15,46,0,24,1,0,1,2,3,1,4,0,0,8,280,0,5,33,0,2,0,0,12,2341,7,3,3,0,0,0,1,0,33,10,0,15,0,38,4,74,2,3,1,1,0,0,3,3,3,0
0,0,0,0,0,0,0,0,0,0,14,0,0,31,5,1,0,0,0,1,0,145,0,0,15,9,228,5,11,3,0,0,0,0,9,3198,0,1,1,2,0,0,0,0,48,171,12,0,0,2,0,304,17,0,0,0,7,0,1,1,2
48,4,47,74,44,43,0,1,104,3,4,0,0,2,22,24,5,288,4,5,0,1,6,22,0,0,0,0,0,5,5,15,31,0,0,0,2700,36,19,8,32,117,99,0,2,2,17,27,0,0,0,1,0,58,72,5,17,201,17,1,0
0,0,0,0,1,5,1,2,0,15,44,0,0,5,23,9,1,3,17,37,4,6,1,5,2,2,3,4,1,5,1,12,2,0,0,0,23,2017,314,61,31,4,2,0,5,11,5,11,0,0,0,3,0,3,3,2,42,19,2,0,0
0,0,4,3,2,10,8,5,1,3,30,0,1,72,41,70,1,3,21,179,10,7,0,4,3,2,24,2,1,18,7,12,2,0,0,3,36,440,3011,409,326,3,1,0,13,8,24,5,0,1,0,37,1,3,13,9,64,12,11,3,0
0,0,0,0,0,0,0,1,0,0,5,0,0,4,0,2,0,0,2,5,2,0,0,0,0,0,21,0,0,2,1,3,3,0,0,5,2,19,81,776,4,0,0,0,5,0,3,0,0,0,0,3,1,0,4,5,2,3,3,0,0
0,0,3,0,0,2,0,4,2,0,0,0,0,0,1,32,0,0,0,1,0,0,0,5,0,0,0,0,0,1,1,1,1,0,0,0,5,12,29,6,380,2,4,0,0,0,2,0,0,0,0,0,0,0,5,0,5,0,2,0,0
27,12,103,73,60,40,0,4,10,0,0,0,0,0,0,0,18,147,0,0,1,0,4,2,0,0,0,0,0,0,3,2,1,0,0,0,23,0,0,1,0,1010,30,0,0,0,0,4,0,0,0,0,0,20,33,4,0,3,0,0,0
0,1,0,10,0,1,0,0,19,0,0,0,0,0,0,0,0,1,0,0,0,0,1,1,0,0,0,0,0,0,0,1,0,0,0,0,5,0,0,0,0,6,446,0,0,0,0,1,0,0,0,0,0,1,1,0,0,1,0,0,0
0,0,1,0,0,2,0,0,0,96,0,4,12,0,23,0,1,1,0,0,0,1,0,0,9,16,0,2,17,1,0,1,0,1,25,0,3,0,0,0,0,0,0,1237,3,1,7,0,2,2,20,0,4,0,0,0,1,0,0,0,0
0,0,0,0,0,1,2,1,0,0,8,0,1,5,2,0,0,0,0,5,0,29,0,0,6,0,4,105,12,3,0,0,0,0,2,11,0,3,1,1,0,0,0,0,429,15,35,0,0,0,1,17,4,0,0,0,3,6,2,0,0
0,0,0,0,0,0,0,0,0,2,77,0,3,15,2,0,0,0,0,1,0,17,0,0,12,0,12,7,0,0,0,0,0,1,0,39,0,4,0,1,0,0,0,2,22,1540,8,0,0,0,0,151,17,0,0,0,13,0,0,0,0
28,45,23,42,24,27,1,11,23,13,12,0,4,13,16,21,34,19,1,15,8,6,11,37,2,7,22,1,25,60,37,37,45,0,28,14,37,21,32,9,8,18,57,10,46,11,1334,10,0,0,6,50,0,5,10,12,11,48,82,0,0
65,19,29,25,18,25,1,293,48,0,1,0,0,3,3,10,27,7,8,3,0,0,449,27,0,1,0,0,0,1,18,33,47,0,0,5,20,20,5,1,10,21,27,0,0,0,11,3246,0,0,0,1,0,23,15,24,37,42,1,0,0
0,0,0,0,0,0,1,0,0,0,0,39,1,0,1,0,0,0,0,0,0,3,0,0,64,0,0,1,1,0,0,0,0,29,2,0,0,0,0,0,0,0,0,0,0,0,0,0,4443,156,38,1,64,0,0,0,0,0,0,690,20
0,0,0,0,0,0,0,0,0,0,0,73,1,0,0,0,0,0,0,0,0,0,0,0,5,0,0,0,1,0,0,0,0,8,0,0,0,0,0,0,0,0,0,0,0,0,0,0,61,1523,6,0,2,0,0,0,0,0,0,7,26
0,1,1,0,0,0,9,0,0,9,0,103,242,0,65,1,1,0,0,1,1,11,0,0,12,18,0,5,11,1,0,1,1,64,43,0,0,0,0,0,0,3,0,55,3,0,14,0,32,4,1867,1,28,0,0,0,0,0,1,14,2
0,0,0,0,0,0,1,0,0,0,67,34,7,316,28,62,0,0,2,12,0,56,0,0,36,2,123,19,3,2,0,0,0,11,3,362,1,14,34,4,2,0,0,0,112,335,60,3,11,4,15,2516,117,0,0,0,20,3,4,19,3
0,0,0,0,0,0,1,0,0,2,1,2,6,0,38,1,0,0,0,0,0,3,0,0,58,0,0,0,2,0,0,0,0,0,0,4,0,0,0,0,0,0,0,5,1,12,0,0,7,0,16,7,369,0,0,0,4,0,0,12,0
4,1,19,13,0,25,1,10,3,0,0,0,0,0,0,0,10,21,0,1,0,0,4,6,0,0,0,0,0,0,29,35,1,0,0,0,0,0,0,0,0,7,10,0,0,0,0,1,0,0,0,0,0,172,6,15,0,3,0,0,0
1,2,2,2,0,7,1,2,0,0,0,0,0,0,0,0,1,14,2,5,0,0,4,0,0,0,0,0,0,0,2,6,0,0,0,1,0,0,0,0,0,11,6,0,0,0,0,0,0,0,0,0,0,10,312,20,0,15,0,0,0
0,1,5,0,0,4,3,20,1,0,0,0,0,0,0,0,10,0,1,9,0,0,11,27,0,0,0,0,0,1,61,79,88,0,0,0,0,1,2,0,1,3,1,0,0,0,1,5,0,0,0,0,0,14,112,940,1,1,12,0,0
0,0,1,0,0,1,0,1,0,15,46,0,2,15,51,31,1,1,1,1,0,12,1,0,103,0,2,0,3,3,1,2,0,0,1,1,15,22,6,2,15,0,0,4,1,14,3,27,2,0,1,5,42,0,2,1,1003,12,2,3,0
6,0,4,47,0,21,3,3,4,0,4,0,0,0,1,0,1,24,3,8,0,2,1,7,0,0,0,0,0,0,0,5,5,0,0,0,100,9,3,2,1,7,60,0,0,0,2,34,0,0,0,0,0,22,54,2,10,1754,0,0,0
0,1,2,0,2,1,0,25,0,0,0,0,2,0,0,5,6,0,0,2,0,0,9,6,0,0,1,0,2,5,24,8,77,4,0,0,2,0,0,1,0,2,0,0,0,0,1,1,0,0,0,0,0,2,6,40,0,0,991,0,1
0,0,0,0,0,2,4,0,0,0,0,9,2,0,11,6,0,0,0,0,0,4,0,0,22,1,0,1,2,2,0,1,0,18,0,0,0,1,0,0,0,0,0,1,0,0,0,0,437,37,13,3,41,0,0,0,11,0,0,2172,48
0,0,0,0,0,0,0,0,0,0,0,1,0,0,1,0,0,0,0,0,0,0,0,0,0,0,0,0,0,0,0,0,0,1,0,0,0,0,0,0,0,0,0,0,0,0,0,0,0,8,0,0,0,0,0,0,0,0,0,4,95
