0.64387,0.72591,0.41751,0.66203,0.40714,0.50551,0.36658,0.58303,0.62338,0.42188,0.62831,0.55808,0.53381,0.74318,0.64671,0.70549,0.50019,0.41881,0.32057,0.4159,0.28571,0.67676,0.41984,0.54012,0.78499,0.62196,0.63019,0.97168,0.72616,0.77455,0.51103,0.62394,0.76154,0.7418,0.90695,0.8177,0.85646,0.73719,0.81655,0.569,0.40401,0.57015,0.44719,0.86004,0.46658,0.64428,0.8076,0.86857,0.87544,0.85084,0.82223,0.69694,0.40628,0.23973,0.36133,0.49657,0.67555,0.78061,0.67643,0.72498,0.39167
0.68599
1412,42,133,284,123,4,0,23,139,0,0,0,0,0,0,0,4,8,0,0,0,0,72,0,0,0,0,0,0,0,1,1,0,0,0,0,2,0,0,0,0,43,9,0,0,0,0,6,0,0,0,0,0,2,0,0,0,0,0,0,0
34,2087,77,2,139,5,0,1,111,0,0,0,0,0,0,0,319,0,0,3,1,0,5,72,0,0,0,0,0,1,70,26,12,0,0,0,2,0,0,1,0,10,1,0,0,0,1,2,0,0,0,0,0,0,1,4,0,0,0,0,0
81,68,830,50,75,160,0,11,91,0,0,0,0,0,0,0,85,24,0,0,0,0,11,4,0,0,0,0,0,0,15,33,1,0,0,0,2,0,0,0,0,92,12,0,0,0,0,6,0,0,0,0,0,44,5,2,0,1,0,0,0
324,1,43,1379,30,9,0,8,43,0,0,0,0,0,0,0,1,46,0,0,0,0,23,0,0,0,0,0,0,0,0,0,0,0,0,0,11,0,0,0,0,93,101,0,0,0,1,9,0,0,0,0,0,11,7,0,0,31,0,0,0
30,22,20,4,456,1,0,1,4,0,0,0,0,0,0,0,4,1,0,0,0,0,2,1,0,0,0,0,0,0,0,0,0,0,0,0,1,0,0,0,0,12,0,0,0,0,0,0,0,0,0,0,0,0,0,0,0,0,0,0,0
18,19,229,39,21,1238,33,49,25,0,2,0,0,1,1,1,43,165,28,43,0,0,13,5,0,1,0,0,0,1,21,189,4,0,0,0,51,10,7,0,0,94,23,0,3,0,15,10,0,0,0,1,1,81,55,12,8,18,1,0,0
0,1,0,0,0,9,134,0,0,0,1,0,0,0,0,1,0,0,3,6,0,13,0,0,0,0,2,0,2,0,0,5,0,0,2,1,0,0,0,0,0,0,0,2,3,0,0,0,0,0,0,0,1,0,1,2,0,0,0,1,1
6,7,11,6,0,51,9,1580,10,0,0,0,0,1,0,1,35,3,7,7,0,0,403,2,1,0,1,1,0,1,21,69,6,0,0,0,2,1,1,0,1,4,4,0,2,0,3,200,0,1,0,0,0,20,18,39,1,5,0,0,0
71,56,69,7,20,8,0,6,1440,0,0,0,0,0,0,0,14,0,0,0,0,0,6,34,0,0,0,0,0,0,0,6,2,0,0,0,0,0,0,0,0,5,31,0,0,0,1,3,0,0,0,0,0,4,0,0,0,0,0,0,0
0,0,0,0,0,1,0,0,1,162,1,0,7,0,15,0,0,2,0,0,0,1,0,0,1,2,0,0,0,0,0,0,0,0,0,0,0,1,0,0,0,0,0,19,1,0,2,2,0,0,1,0,0,0,0,0,0,1,2,1,0
0,0,0,0,0,0,0,0,0,2,972,0,1,56,13,7,0,1,1,2,0,11,0,0,0,2,28,3,0,0,0,0,0,0,0,9,2,10,1,1,1,0,0,0,10,157,2,3,0,0,1,26,2,0,1,0,35,9,0,0,0
0,0,0,0,0,0,0,0,0,0,0,466,2,0,0,0,0,0,0,0,0,0,0,0,0,0,0,0,0,0,0,0,0,52,1,0,0,0,0,0,0,0,0,0,0,0,0,0,13,27,23,0,2,0,0,0,0,0,0,2,2
0,0,1,1,0,2,1,0,0,9,0,10,521,0,29,3,0,1,0,1,0,0,1,0,11,21,2,4,13,3,2,4,0,42,11,0,0,2,1,0,1,1,0,10,6,0,1,0,4,0,112,1,6,0,0,0,0,1,8,4,2
0,0,0,0,0,0,0,2,0,2,168,4,8,2043,37,98,0,0,1,3,0,31,0,0,20,4,151,9,1,5,0,0,0,3,2,42,3,12,37,3,1,0,0,0,25,56,7,0,0,5,1,415,23,1,0,1,41,4,5,8,9
0,1,1,0,1,11,2,0,0,26,25,1,39,27,994,37,0,1,0,8,1,3,0,4,11,7,7,1,3,4,8,8,2,1,0,2,15,12,4,1,22,0,0,17,9,8,7,0,3,0,17,9,45,2,3,1,59,2,4,9,0
0,0,2,0,0,0,1,5,0,0,1,0,7,36,19,1066,0,1,1,1,1,0,3,1,0,0,5,0,1,15,3,13,5,0,0,3,7,10,16,3,86,0,0,0,0,0,3,3,0,0,0,0,3,0,2,8,16,0,11,1,1
15,328,179,2,83,63,0,48,74,0,0,0,1,0,0,0,1317,6,0,4,0,0,113,109,0,0,0,0,0,1,212,131,12,0,0,0,1,0,1,0,1,93,16,0,0,0,4,8,0,0,0,0,0,18,6,17,0,0,7,0,0
4,0,5,12,3,13,0,0,0,0,0,0,0,0,0,0,0,570,0,0,1,0,0,0,0,0,0,0,0,0,0,0,0,0,0,0,45,0,0,1,0,20,9,0,0,0,2,1,0,0,0,0,0,5,3,0,1,16,0,0,0
0,0,0,0,0,3,0,1,0,0,0,0,0,0,0,0,0,0,67,3,0,0,0,0,0,0,0,0,0,0,0,1,0,0,0,0,0,5,2,0,0,0,0,0,1,0,0,0,0,0,0,0,0,0,0,0,0,0,0,0,0
0,0,1,0,0,11,6,0,0,0,0,0,1,0,4,0,0,0,7,408,3,0,0,0,0,0,0,0,0,0,1,11,1,0,0,0,2,12,32,11,2,1,0,0,1,0,3,3,0,0,0,0,0,1,3,2,2,3,2,0,0
0,0,0,0,0,0,0,0,0,0,0,0,0,0,0,0,0,0,0,1,22,0,0,0,0,0,0,0,0,0,0,0,0,0,0,0,0,0,0,6,0,0,0,0,0,0,0,0,0,0,0,0,0,0,1,0,0,0,0,0,0
0,0,0,0,0,1,3,2,0,0,4,0,0,3,5,0,0,1,5,14,0,760,0,0,15,2,1,3,8,0,0,0,2,1,1,9,0,3,2,2,0,0,0,1,22,16,8,1,0,0,5,28,15,0,2,0,13,6,1,1,0
7,14,9,2,4,4,0,387,3,0,0,0,0,0,0,0,41,2,0,0,0,0,914,5,0,0,0,0,0,0,20,12,2,0,0,0,1,0,0,0,0,3,3,0,0,0,0,78,0,0,0,0,0,8,3,11,0,2,2,0,0
0,27,2,0,0,0,0,3,53,0,0,0,0,0,0,0,42,0,0,1,2,0,2,1279,0,0,0,0,0,2,57,44,131,0,0,0,1,0,0,0,0,1,16,0,0,0,1,0,0,0,0,0,0,3,1,43,0,0,1,0,0
0,0,0,0,0,0,1,0,0,2,0,0,1,0,15,0,0,0,0,0,0,4,0,0,1475,0,0,3,3,0,0,0,0,1,3,2,0,0,0,0,0,0,0,13,5,9,0,0,4,5,8,4,106,0,0,0,24,0,0,0,1
1,0,0,0,0,0,0,0,0,6,0,0,34,0,5,0,0,1,0,2,0,1,1,0,1,691,4,0,3,2,0,2,0,4,72,0,4,1,0,0,0,1,2,1,0,0,3,3,1,0,6,0,1,0,0,1,0,1,3,2,0
0,0,0,0,0,0,0,1,0,0,43,0,1,86,10,18,0,0,0,5,1,3,0,0,0,10,1077,2,2,5,0,0,0,0,2,176,0,3,6,15,3,0,0,0,7,18,8,0,0,0,0,32,0,0,1,2,15,0,8,0,0
0,0,0,0,0,0,0,0,0,0,11,0,0,6,1,0,0,0,0,3,0,0,0,0,0,0,1,6175,2,0,0,0,0,0,0,1,0,2,0,0,0,0,0,1,712,3,2,0,0,0,0,8,0,0,0,0,0,0,0,0,0
0,0,0,0,2,1,1,1,0,1,0,0,0,0,6,2,0,1,1,2,0,8,2,0,4,4,0,3,533,41,1,4,1,0,17,0,0,0,0,0,0,0,0,19,5,0,6,0,1,2,13,0,2,0,2,1,1,1,6,5,0
2,7,2,1,0,0,0,6,2,0,0,0,0,0,0,5,12,1,0,2,1,0,1,2,0,0,0,1,38,694,6,5,4,0,3,0,6,4,1,0,2,1,4,1,0,0,4,0,0,0,0,0,0,1,1,2,3,1,15,0,0
0,57,54,1,5,110,2,64,31,0,0,0,0,0,0,0,351,5,3,9,0,0,54,239,0,0,0,0,0,3,1436,603,292,0,1,0,2,0,0,1,1,65,10,0,0,0,3,6,0,0,0,0,0,80,26,190,0,0,56,0,1
2,45,88,0,9,515,136,116,64,0,1,0,1,2,1,5,229,5,9,152,20,1,44,196,1,1,1,0,2,14,597,2653,508,0,2,6,19,3,31,40,5,29,12,1,4,1,23,23,0,0,1,1,0,124,74,278,9,1,33,8,4
0,5,0,0,0,1,2,10,10,0,0,0,0,0,0,1,9,2,4,15,7,1,1,276,0,0,0,1,0,4,140,186,4123,0,0,0,4,0,2,4,0,0,5,0,1,0,5,2,0,0,0,0,0,3,16,202,0,0,167,0,0
0,0,0,0,0,0,0,1,0,0,0,77,33,0,0,2,0,0,0,0,0,0,0,0,0,1,0,0,0,1,0,0,0,701,2,0,0,0,0,0,0,0,0,0,0,0,0,0,12,17,21,0,1,0,0,0,0,0,5,9,18
0,0,0,0,0,1,2,1,0,8,0,13,34,0,24,0,0,0,2,4,0,5,0,0,6,299,0,2,33,0,2,0,0,12,2349,7,2,3,0,0,0,0,0,39,11,0,13,0,37,5,76,1,2,1,0,0,0,3,4,2,0
0,0,0,0,0,0,0,0,0,0,16,1,2,34,4,2,0,0,0,1,0,134,0,0,14,9,217,3,8,6,0,0,0,0,8,3216,0,1,1,2,0,0,0,0,47,180,10,0,0,2,0,297,21,0,0,0,4,0,1,1,2
46,2,48,73,41,43,0,4,98,3,2,0,0,2,20,23,7,284,3,6,0,2,6,21,0,1,0,1,0,4,7,17,33,0,0,0,2697,37,22,5,37,121,108,0,2,2,16,25,0,0,0,2,1,54,68,5,20,204,14,1,0
1,0,0,0,1,3,0,2,0,12,43,0,0,6,21,7,2,2,24,40,0,6,1,5,1,2,3,5,0,2,3,16,1,0,0,0,16,2014,317,55,28,2,4,1,6,12,7,9,0,0,0,5,0,2,6,3,46,25,2,0,0
0,1,4,4,1,12,6,7,1,1,26,0,2,77,42,63,0,3,22,168,9,6,1,4,2,3,26,2,2,9,7,9,2,0,0,5,40,459,3009,405,333,3,1,1,15,8,23,5,0,1,0,35,2,5,8,8,65,13,10,3,0
0,0,0,0,0,0,0,1,0,0,6,0,0,2,0,3,0,0,4,7,1,0,0,0,1,0,27,0,0,1,0,2,3,0,0,6,2,21,80,771,4,0,0,0,6,0,3,0,0,0,0,3,0,0,3,4,0,3,3,0,0
1,0,1,0,0,3,0,3,1,0,0,0,0,0,2,28,0,0,1,0,0,0,1,5,0,0,0,0,0,3,1,2,1,0,0,0,3,10,31,6,383,1,5,0,0,0,0,1,0,0,0,0,0,0,6,1,5,0,1,0,0
27,13,93,75,61,44,0,5,12,0,0,0,0,0,0,0,18,140,0,0,0,0,4,2,0,0,0,0,0,0,4,2,1,0,0,0,22,0,0,0,0,1016,32,0,0,0,1,4,0,0,0,0,0,17,33,5,0,4,0,0,0
0,0,2,10,0,1,0,0,16,0,0,0,0,0,0,0,0,1,0,0,0,0,1,1,0,0,0,0,0,0,0,0,0,0,0,0,4,0,0,0,0,4,453,0,0,0,0,1,0,0,0,0,0,0,1,0,0,1,0,0,0
0,0,0,0,0,3,2,0,1,103,0,3,9,0,23,0,1,1,0,0,0,0,0,0,12,16,0,1,20,1,0,1,0,2,23,0,2,0,0,0,0,0,0,1229,2,1,7,0,2,2,23,0,3,0,0,0,0,0,0,0,0
0,0,0,0,0,1,2,1,0,0,10,0,0,8,2,0,0,0,0,5,0,29,0,0,6,0,3,100,11,3,0,0,0,0,2,13,0,2,1,1,0,0,0,0,435,14,37,0,0,0,1,15,3,0,0,0,3,4,2,0,0
0,0,0,0,0,0,0,0,0,2,75,0,4,11,2,0,0,0,0,2,0,12,0,0,11,0,11,6,1,0,0,0,0,0,0,44,0,3,1,1,0,0,0,2,24,1554,7,0,0,0,1,145,14,0,0,0,13,0,0,0,0
23,48,21,43,22,26,4,15,28,10,10,0,6,14,14,22,31,17,2,11,3,5,8,39,2,10,20,2,26,48,36,44,42,0,29,17,30,20,29,14,9,18,49,8,45,12,1360,5,0,0,3,47,0,6,12,11,15,54,84,0,0
76,19,33,21,20,25,3,284,42,0,1,0,0,3,4,11,26,8,7,3,0,0,456,24,0,1,0,0,0,1,19,29,52,0,0,4,23,21,6,1,9,15,26,0,0,0,8,3258,0,0,0,1,0,16,15,24,32,43,0,0,0
0,0,0,0,0,0,0,0,0,0,0,40,1,0,2,0,0,0,0,0,0,2,0,0,59,0,0,1,0,1,0,0,0,24,1,0,0,0,0,0,0,0,0,0,0,0,0,0,4456,145,37,1,73,0,0,0,0,0,0,689,22
0,0,0,0,0,0,1,0,0,0,0,70,2,0,0,0,0,0,0,0,0,0,0,0,4,0,0,0,1,0,0,0,0,12,0,0,0,0,0,0,0,0,0,0,1,0,0,0,61,1523,4,0,1,0,0,0,0,0,0,10,23
0,0,0,1,1,1,8,0,0,16,0,103,237,1,68,1,1,0,0,1,0,10,1,0,14,19,0,7,10,2,1,0,0,61,50,0,0,0,0,0,0,2,0,54,1,0,12,0,30,5,1864,0,24,0,0,0,0,0,2,16,1
0,0,0,0,0,0,0,0,0,0,68,34,10,314,38,59,0,0,1,12,1,58,0,0,36,3,119,18,2,1,0,0,0,8,6,364,3,14,32,2,1,0,0,0,112,338,59,3,11,4,18,2502,113,0,0,0,22,4,4,22,7
0,0,0,0,0,0,0,0,0,0,1,2,5,0,40,1,0,0,0,0,0,2,0,0,53,1,0,0,2,0,0,0,0,0,0,3,0,0,0,0,0,0,0,6,1,10,0,0,7,0,16,5,375,0,0,0,5,0,0,16,0
5,1,16,14,0,29,1,9,3,0,0,0,0,0,0,0,13,21,0,1,0,0,3,4,0,0,0,0,0,0,32,26,1,0,0,0,0,0,0,0,0,8,8,0,0,0,0,2,0,0,0,0,0,175,7,15,0,3,0,0,0
0,1,4,2,0,8,1,4,0,0,0,0,0,1,0,0,2,13,2,5,0,0,0,0,0,0,0,0,0,0,3,3,0,0,0,0,1,1,0,0,0,12,8,0,0,0,0,1,0,0,0,0,0,9,314,18,0,13,0,0,0
0,2,5,0,0,4,4,19,0,0,0,0,0,0,0,0,11,0,2,11,2,0,13,27,0,0,0,0,0,1,58,75,93,0,0,0,0,2,2,0,0,3,1,0,0,0,0,5,0,0,0,0,0,13,111,941,1,1,8,0,0
0,0,1,0,0,1,0,1,0,17,55,0,3,15,57,35,1,1,0,1,0,10,0,0,97,0,2,0,3,7,0,4,0,0,1,2,13,23,8,0,17,0,0,3,0,13,3,26,2,0,0,4,41,0,1,2,989,13,2,3,1
7,0,3,50,0,19,3,3,7,2,5,0,0,0,0,0,3,23,1,7,0,2,3,3,0,0,0,0,0,0,3,7,3,0,1,0,106,10,1,2,1,6,60,0,0,0,2,36,0,0,0,0,0,21,48,3,11,1747,0,0,0
0,1,1,0,2,3,0,25,0,0,0,0,2,0,0,3,11,0,1,1,0,0,8,4,0,0,1,0,2,7,23,9,74,5,0,0,2,0,1,1,0,3,0,0,0,0,1,1,0,0,0,0,0,3,4,37,0,0,993,0,0
0,0,0,0,0,1,3,0,0,0,0,10,2,0,19,6,0,0,0,0,1,3,0,0,21,1,0,1,2,2,0,0,0,14,1,1,0,0,0,0,0,0,0,1,1,0,0,0,446,38,15,2,42,0,0,0,5,0,1,2159,51
0,0,0,0,0,0,0,0,0,0,0,1,0,0,0,0,0,0,0,0,0,0,0,0,0,0,0,0,0,0,0,0,0,2,0,0,0,0,0,0,0,0,0,0,0,0,0,0,0,8,0,0,0,0,0,0,0,0,0,5,94
