0.64956,0.71844,0.41123,0.66127,0.39323,0.50368,0.37293,0.57055,0.62084,0.40342,0.63911,0.54007,0.54114,0.73476,0.63642,0.70452,0.49289,0.42101,0.32323,0.42511,0.26596,0.68445,0.40967,0.53988,0.79032,0.63486,0.61886,0.97175,0.71156,0.77865,0.5097,0.63266,0.75884,0.75164,0.90828,0.82424,0.85347,0.73146,0.80978,0.57895,0.39853,0.5533,0.4367,0.85408,0.45478,0.63407,0.81307,0.86891,0.87245,0.84843,0.80911,0.69752,0.38282,0.19565,0.35185,0.49922,0.67779,0.78652,0.67838,0.71633,0.39583
0.68261
1392,34,136,287,137,6,0,17,136,0,0,0,0,0,0,0,6,9,0,0,0,0,76,0,0,0,0,0,0,0,1,1,0,0,0,0,2,0,0,0,0,45,12,0,0,0,0,8,0,0,0,0,0,3,0,0,0,0,0,0,0
27,2077,84,1,158,5,0,0,113,0,0,0,0,0,0,0,307,0,1,3,0,0,7,79,0,0,0,0,0,1,70,20,10,0,0,0,3,0,0,1,0,14,1,0,0,0,0,0,0,0,0,0,0,1,0,4,0,0,0,0,0
86,69,864,54,62,156,0,9,84,0,0,0,0,0,0,0,77,26,0,0,0,0,12,4,0,0,0,0,0,0,15,30,1,0,0,0,1,0,0,0,0,86,8,0,0,0,0,9,0,0,0,0,0,39,7,2,0,2,0,0,0
298,0,50,1390,35,7,0,8,48,0,0,0,0,0,0,0,0,46,0,0,0,0,24,0,0,0,0,0,0,0,1,0,0,0,0,0,15,0,0,0,0,97,87,0,0,0,1,8,0,0,0,0,0,11,12,0,0,33,0,0,0
28,24,17,4,453,0,0,1,4,0,0,0,0,0,0,0,7,1,0,0,0,0,2,1,0,0,0,0,0,0,1,0,0,0,0,0,1,0,0,0,0,15,0,0,0,0,0,0,0,0,0,0,0,0,0,0,0,0,0,0,0
21,20,231,34,17,1231,31,50,25,0,2,0,0,0,2,1,46,164,24,39,0,0,12,5,0,0,0,0,1,1,25,181,4,0,1,0,51,8,5,0,0,100,26,0,2,0,17,12,0,0,0,1,1,85,66,8,10,17,2,0,0
0,1,0,0,0,6,135,0,0,0,1,0,0,0,1,1,0,0,0,5,0,9,0,1,3,0,0,0,4,1,0,9,0,0,0,1,0,0,0,0,0,0,0,2,5,0,0,0,0,0,1,0,0,0,1,1,1,0,0,1,1
3,7,14,7,3,42,7,1585,10,0,0,0,0,1,0,2,29,5,7,12,0,0,412,4,0,0,1,1,0,2,24,61,6,0,0,0,3,0,1,0,1,7,4,0,2,0,2,187,0,0,0,0,0,26,18,35,2,7,0,0,1
73,50,75,5,28,4,0,2,1418,0,0,0,0,0,0,0,13,1,1,0,0,0,7,45,0,0,0,0,0,1,1,6,1,0,0,0,0,0,0,0,0,4,32,0,0,0,1,6,0,0,0,0,0,9,0,0,0,0,0,0,0
0,0,0,0,0,0,0,1,1,165,1,0,7,0,7,0,0,2,0,0,0,1,1,0,0,3,0,0,0,0,0,1,0,0,0,0,0,2,0,0,0,0,0,23,1,0,2,1,0,0,1,0,0,0,0,0,0,0,2,1,0
0,0,0,0,0,0,0,0,0,0,951,0,1,69,11,7,0,0,1,2,0,10,0,0,0,2,28,4,0,0,0,0,0,0,0,7,2,11,6,1,1,0,1,0,14,160,1,3,0,0,1,25,1,0,1,0,39,9,0,0,0
0,0,0,0,0,0,0,0,0,0,0,465,2,0,0,0,0,0,0,0,0,0,0,0,0,0,0,0,0,0,0,0,0,52,1,0,0,0,0,0,0,0,0,0,0,0,0,0,12,28,23,0,2,0,0,0,0,0,0,2,3
0,0,1,0,0,4,1,1,0,8,0,10,513,1,35,4,1,1,0,1,0,2,1,0,8,27,0,3,9,3,2,2,0,37,10,0,0,2,0,0,0,1,0,11,6,0,1,0,6,0,121,0,3,0,0,0,0,1,9,5,2
0,0,0,0,0,0,1,1,0,2,165,5,8,2061,48,104,0,0,0,4,0,30,1,0,13,3,161,8,1,6,0,0,0,4,1,46,4,8,34,4,3,0,0,0,25,62,4,0,1,4,1,368,29,1,0,1,41,4,5,10,9
0,1,1,0,1,9,0,1,0,34,21,0,33,31,982,36,2,0,0,7,0,2,0,2,13,5,5,1,5,0,11,7,2,2,0,2,14,16,12,2,21,0,0,20,6,8,7,0,3,0,18,11,47,0,3,1,63,5,5,7,0
0,0,1,0,0,1,0,9,0,0,1,0,7,35,26,1061,1,1,0,1,0,0,2,1,0,1,6,0,2,11,2,14,4,1,0,2,8,8,20,3,84,1,0,0,0,0,4,2,0,0,0,4,3,0,0,7,10,2,10,1,3
9,361,202,4,77,63,1,35,75,0,0,0,1,0,0,0,1248,3,0,4,0,0,126,111,0,0,0,0,0,2,232,121,10,0,0,0,0,1,0,0,1,93,19,0,0,0,5,8,0,0,0,0,0,27,8,16,0,0,7,0,0
5,0,5,13,1,12,0,0,1,0,0,0,0,0,0,0,0,565,1,0,1,0,0,0,0,0,0,0,0,0,0,0,0,0,0,0,53,0,0,1,0,22,6,0,0,0,0,1,0,0,0,0,0,5,5,0,0,14,0,0,0
0,0,0,0,0,4,0,0,0,0,0,0,0,0,0,0,0,0,64,2,0,0,0,0,0,0,0,1,0,0,0,1,1,0,0,0,0,7,3,0,0,0,0,0,0,0,0,0,0,0,0,0,0,0,0,0,0,0,0,0,0
0,1,1,0,0,13,7,0,0,0,0,0,0,1,3,0,0,2,9,403,3,0,1,0,0,0,0,0,1,0,1,10,1,0,0,0,1,13,29,8,5,1,0,0,2,0,2,2,0,0,0,0,1,0,3,3,2,4,1,0,0
0,0,0,0,0,0,0,0,0,0,0,0,0,0,0,0,0,0,0,0,25,0,0,0,0,0,0,0,0,0,0,0,0,0,0,0,0,0,0,4,0,0,0,0,0,0,0,0,0,0,0,0,0,0,1,0,0,0,0,0,0
0,0,0,0,0,1,3,3,0,0,4,0,0,4,7,0,0,2,4,14,0,757,0,0,15,2,1,5,7,0,0,1,1,0,0,5,0,3,4,2,0,0,0,0,23,18,8,0,1,0,6,27,17,0,2,1,9,7,1,1,0
6,18,10,1,4,5,0,409,4,0,0,0,0,0,0,0,30,3,0,0,0,0,898,6,0,0,0,0,0,0,17,9,1,0,0,0,1,0,0,0,0,5,1,0,0,0,0,83,0,0,0,0,0,10,3,11,0,0,2,0,0
0,27,2,0,0,0,0,3,51,0,0,0,0,0,0,0,41,0,0,1,3,0,2,1286,0,0,0,0,0,1,66,33,134,0,0,0,0,0,0,0,0,1,12,0,0,0,1,0,0,0,0,0,0,6,2,38,0,0,2,0,0
0,0,0,0,0,0,1,0,0,1,0,0,1,1,16,0,0,0,0,0,0,6,0,0,1470,0,0,3,2,0,0,0,0,0,3,1,0,0,0,0,0,0,0,15,4,11,0,0,3,3,9,4,107,0,0,0,23,0,0,2,3
0,0,1,0,0,0,0,1,0,8,0,0,28,0,6,1,0,2,0,2,1,0,1,0,1,692,3,0,1,2,0,1,0,3,79,0,2,0,0,0,0,1,1,3,1,0,1,2,1,0,6,1,1,0,0,0,0,2,4,1,0
0,0,0,0,0,0,0,2,0,0,45,0,3,86,12,17,0,0,1,6,1,3,0,0,0,9,1083,2,1,5,0,1,0,0,1,168,1,0,14,8,3,0,0,0,9,16,6,1,0,0,0,32,0,0,1,1,14,0,8,0,0
0,0,0,0,0,0,0,0,0,0,6,0,0,10,2,0,0,0,0,1,0,0,0,0,0,0,0,6192,3,0,0,0,0,0,0,0,0,1,0,0,0,0,0,1,694,2,2,0,0,0,0,14,0,0,0,0,0,0,0,0,0
1,0,1,1,1,2,2,2,0,1,0,1,0,0,7,2,0,1,0,3,1,8,1,0,7,5,0,2,523,43,0,2,1,0,19,0,0,0,0,0,0,0,0,17,3,0,5,0,0,3,14,0,1,0,3,1,4,1,5,6,0
2,5,2,1,3,1,1,5,1,0,0,0,0,0,0,3,14,2,0,3,0,0,3,1,0,0,0,0,38,693,3,4,9,0,2,0,7,4,2,0,1,0,3,2,0,0,2,0,0,0,0,0,0,0,0,3,4,1,15,0,1
0,58,55,3,7,104,4,66,24,0,0,0,0,0,0,0,363,6,3,9,2,0,51,235,0,0,0,0,0,2,1471,573,302,0,1,0,1,0,0,0,1,58,12,0,0,0,5,5,0,0,0,0,0,83,21,177,1,0,56,2,0
1,45,97,1,10,539,127,130,70,0,1,0,1,3,2,4,224,4,10,157,18,0,43,193,1,0,1,0,3,12,596,2611,512,0,3,3,14,4,23,37,4,33,10,0,3,0,25,25,0,0,0,0,1,146,61,294,10,2,26,6,4
0,2,0,0,0,1,2,10,9,0,0,0,0,0,0,1,8,1,1,12,10,0,0,260,0,0,0,1,0,2,139,188,4122,0,0,0,3,0,3,4,0,0,4,0,1,0,4,2,0,0,0,0,0,5,9,227,0,1,177,0,0
0,0,0,0,0,0,0,0,0,0,0,87,33,0,0,2,0,0,0,0,0,0,0,0,1,0,0,0,0,1,0,0,0,687,2,0,0,0,0,0,0,0,0,0,0,0,0,0,10,18,26,0,0,0,0,0,0,0,7,13,14
0,0,0,0,0,3,5,1,0,6,0,13,40,1,22,0,0,1,2,5,0,4,0,0,7,279,0,1,33,0,2,0,0,13,2347,6,3,1,0,0,0,0,0,42,13,0,12,0,43,5,80,1,3,0,1,0,1,2,3,2,0
0,0,0,0,0,0,2,0,0,0,14,1,2,34,3,1,0,0,0,1,0,138,0,0,12,9,244,0,8,3,0,0,0,0,8,3203,0,1,0,2,0,0,0,0,54,172,10,0,0,1,0,295,20,0,0,0,2,0,1,1,2
34,3,49,73,42,38,1,3,99,1,2,0,0,2,24,21,5,268,8,6,1,1,6,23,0,0,0,2,0,6,8,13,30,0,0,0,2691,29,27,4,33,146,114,0,0,2,11,25,0,0,0,3,0,73,67,4,23,195,19,3,0
0,0,0,0,0,7,0,3,0,14,41,0,0,5,16,9,1,3,24,37,2,2,1,5,1,2,3,1,1,6,4,10,3,0,0,0,22,2002,337,53,30,4,2,0,8,15,6,11,0,0,0,3,1,2,6,1,42,20,3,0,0
0,2,3,3,1,12,3,6,1,5,24,0,2,84,38,73,1,3,15,147,12,5,1,4,0,2,31,2,2,10,7,11,5,0,0,6,38,476,3014,398,341,6,3,0,12,3,20,4,1,0,0,32,3,3,9,8,65,13,7,2,0
0,0,0,0,0,0,0,1,0,0,4,0,0,1,0,3,0,0,3,6,2,0,0,0,0,0,27,0,0,3,0,4,3,0,0,5,6,26,77,770,4,0,0,0,3,0,2,0,0,0,0,3,1,0,3,4,0,4,2,0,0
0,1,0,0,0,1,0,4,1,0,0,0,0,0,2,25,0,0,0,4,1,0,2,5,0,0,1,0,2,1,0,2,1,0,0,0,6,12,29,6,379,0,7,0,0,0,3,1,0,0,0,0,0,1,4,0,4,0,1,0,0
24,14,103,77,63,48,0,4,13,0,0,0,0,0,0,0,15,132,1,0,0,0,6,1,0,0,0,0,0,0,6,2,1,0,0,0,18,0,0,0,0,1007,31,0,0,0,2,1,0,0,0,0,0,15,43,4,0,4,0,0,0
2,0,2,11,0,1,0,0,20,0,0,0,0,0,0,0,0,1,0,0,0,0,2,2,0,0,0,0,0,0,0,0,0,0,0,0,3,0,0,0,0,5,445,0,0,0,0,1,0,0,0,0,0,0,0,0,0,1,0,0,0
0,1,0,0,0,4,1,0,2,117,0,2,14,0,22,0,1,2,0,0,0,0,0,0,12,13,0,1,25,0,0,2,1,1,28,0,2,0,0,0,0,0,0,1194,1,1,9,0,2,5,26,0,3,0,0,0,0,0,1,0,0
0,0,0,0,0,1,2,1,0,0,7,0,0,5,3,0,0,0,0,4,0,29,0,0,6,0,4,106,12,3,0,0,0,0,2,12,0,3,2,1,0,0,0,0,430,13,33,0,0,0,1,20,4,0,0,0,3,5,1,1,0
0,0,0,0,0,0,0,0,0,3,70,0,2,19,3,0,0,0,0,0,0,15,0,0,12,1,12,8,0,0,0,0,0,1,0,38,0,4,2,1,0,0,0,3,18,1556,8,0,0,0,0,143,14,0,0,0,13,0,0,0,0
31,41,23,45,24,25,1,13,25,16,10,0,5,9,14,20,38,21,1,10,4,5,13,40,1,7,20,2,27,50,34,47,41,0,26,15,31,26,25,12,9,17,69,6,40,10,1331,6,0,0,5,66,0,6,16,14,10,48,78,0,0
86,23,28,25,20,23,1,331,42,0,1,0,0,2,1,13,16,6,5,4,1,0,443,27,0,1,1,0,0,1,18,34,53,0,0,4,18,21,7,1,9,19,26,0,2,0,6,3208,0,0,0,1,0,27,21,23,32,39,0,0,0
0,0,0,0,0,0,0,0,0,0,0,49,1,0,2,0,0,0,0,0,0,2,0,0,61,0,0,0,0,1,0,0,0,16,1,0,0,0,0,0,0,0,0,0,0,0,0,0,4398,150,43,1,88,0,0,0,0,0,0,722,19
0,0,0,0,0,0,1,0,0,0,0,73,1,0,0,0,0,0,0,0,0,0,0,0,3,0,0,0,1,0,0,0,0,12,0,0,0,0,0,0,0,0,0,0,1,0,0,0,62,1517,6,0,1,0,0,0,0,0,0,10,25
0,1,1,0,1,0,9,1,0,8,0,110,224,1,82,1,0,1,0,1,1,9,0,0,13,23,0,6,15,1,1,0,1,55,40,0,0,0,0,0,0,1,0,50,5,1,11,0,28,4,1882,0,19,0,0,0,0,0,1,16,1
0,0,0,0,0,0,0,0,0,0,62,31,7,319,34,57,0,0,1,9,0,52,0,0,34,3,115,18,1,2,0,0,0,7,7,358,1,14,36,3,2,0,0,0,134,376,58,3,14,4,24,2472,106,0,0,0,23,5,4,21,6
0,0,0,0,0,0,0,0,0,1,1,4,5,0,42,1,0,0,0,0,0,1,0,0,59,0,0,0,1,1,0,0,0,0,0,2,0,0,0,0,0,0,0,7,2,14,0,0,8,0,17,9,361,0,0,0,5,0,0,10,0
7,1,26,14,0,31,1,9,2,0,0,0,0,0,1,0,11,22,0,0,1,0,5,4,0,0,0,0,0,0,34,25,3,0,0,0,3,0,0,0,0,10,7,0,0,0,0,1,0,0,0,0,0,153,7,16,0,3,0,0,0
0,1,3,2,0,9,1,1,0,0,0,0,0,0,0,0,3,15,3,4,0,0,3,0,0,0,0,0,0,0,2,7,0,0,0,0,2,1,0,0,0,10,7,0,0,0,1,1,0,0,0,0,0,10,304,24,0,12,0,0,0
0,3,3,0,0,5,6,19,0,0,0,0,0,0,0,0,10,1,2,10,3,0,14,24,0,0,0,0,0,1,64,71,89,0,0,0,0,2,0,1,1,3,1,0,0,0,1,5,0,0,0,0,0,13,95,958,1,1,8,0,0
0,0,1,0,0,1,0,2,0,18,48,0,2,19,50,29,2,1,1,1,0,11,1,0,87,0,2,0,2,5,1,1,0,1,1,1,14,25,8,1,15,0,0,2,1,14,3,23,3,0,0,8,53,1,4,3,995,11,2,4,0
7,0,8,46,0,16,1,4,5,1,6,0,0,0,0,0,1,18,4,7,1,2,2,7,0,0,0,1,0,0,1,5,4,0,1,0,106,5,1,1,2,4,68,0,0,0,3,37,0,0,0,0,0,19,53,2,10,1750,0,0,0
0,0,1,0,4,2,0,24,0,0,0,0,2,0,0,3,11,0,1,1,0,0,10,6,0,0,1,0,2,5,26,5,75,3,0,0,2,0,1,1,1,4,0,0,0,0,1,0,0,0,0,0,0,2,4,27,0,0,1004,0,0
0,0,0,0,0,1,4,0,0,0,0,10,3,1,16,4,0,0,0,0,0,2,0,0,20,1,0,1,2,2,0,1,0,17,0,1,0,1,0,0,0,0,0,0,1,0,0,0,445,37,15,0,52,0,0,0,6,0,1,2154,51
0,0,0,0,0,0,0,0,0,0,0,0,0,0,1,0,0,0,0,0,0,0,0,0,0,0,0,0,0,0,0,0,0,2,0,0,0,0,0,0,0,0,0,0,0,0,0,0,0,9,0,0,0,0,0,0,0,0,0,3,95
