0.60623,0.62245,0.33448,0.5406,0.31494,0.50106,0.42019,0.52792,0.51558,0.30686,0.51067,0.43277,0.42775,0.66574,0.60593,0.65287,0.38774,0.36038,0.21014,0.38106,0.22523,0.59967,0.30821,0.43651,0.7301,0.61032,0.52919,0.94987,0.63925,0.6636,0.42383,0.6079,0.71056,0.61385,0.86593,0.76751,0.79783,0.65864,0.78269,0.4709,0.35858,0.44794,0.34334,0.80668,0.40826,0.54209,0.81068,0.7765,0.82511,0.81606,0.75597,0.5976,0.35206,0.16388,0.26346,0.43901,0.58827,0.68203,0.55692,0.6833,0.26962
0.61036
1207,47,113,373,184,9,0,19,198,0,0,0,0,0,0,0,8,6,0,0,0,0,60,0,0,0,0,0,0,0,1,0,0,0,0,0,1,0,0,0,0,44,16,0,0,0,0,19,0,0,0,0,0,1,2,0,0,0,0,0,0
49,1863,70,5,186,4,0,6,170,0,0,0,0,0,0,0,388,0,1,2,0,0,6,109,0,0,0,0,0,2,87,7,11,0,0,0,0,0,0,0,0,8,1,0,1,0,0,2,0,0,0,0,0,0,0,9,0,0,0,0,0
83,93,679,75,82,139,1,10,136,0,0,0,0,0,0,0,120,22,2,0,0,0,13,4,0,0,0,0,0,0,22,34,1,0,0,0,5,0,0,0,0,98,31,0,0,0,0,13,0,0,0,0,0,29,6,4,0,1,0,0,0
269,0,47,1325,29,7,0,12,52,0,0,0,0,0,0,0,2,48,0,0,0,0,20,0,0,0,0,0,0,0,0,0,0,0,0,0,10,0,0,0,0,108,117,0,0,0,0,18,0,0,0,0,0,3,19,0,0,85,0,0,0
41,29,20,10,411,1,0,1,9,0,0,0,0,0,0,0,10,1,0,0,0,0,2,1,0,0,0,0,0,0,0,0,0,0,0,0,2,0,0,0,0,16,3,0,0,0,0,1,0,0,0,0,0,0,0,1,0,0,0,0,0
23,26,272,55,14,941,41,47,49,0,1,0,0,1,0,1,56,170,38,22,1,0,26,8,0,1,0,1,1,4,39,221,5,0,3,0,64,5,2,1,1,139,41,0,4,0,10,17,0,0,0,0,0,93,87,14,12,20,1,1,0
0,1,0,0,0,7,118,0,0,0,4,0,0,0,1,0,0,1,0,10,1,13,0,0,2,1,1,3,2,0,0,11,1,1,1,0,0,0,0,0,0,0,0,1,1,0,0,0,1,1,1,0,0,1,1,0,0,0,3,2,0
7,17,13,11,3,46,13,1267,10,0,0,0,0,1,0,1,42,3,11,5,1,0,573,3,1,0,1,3,0,1,39,80,10,0,0,0,3,0,1,1,0,6,8,0,1,0,1,268,0,1,0,0,0,18,21,40,0,10,0,0,0
68,77,65,22,33,0,0,4,1390,0,0,0,0,0,0,0,8,1,0,0,0,0,6,53,0,0,0,0,0,0,0,1,4,0,0,0,1,1,0,0,0,0,38,0,0,0,0,5,0,0,0,0,0,6,0,0,0,0,0,0,0
0,0,0,1,0,1,0,0,1,161,1,0,10,0,13,0,0,2,0,0,0,0,1,0,0,5,0,1,3,0,1,0,0,0,0,0,1,2,0,0,0,0,0,13,1,0,0,2,0,0,0,0,0,0,0,0,0,1,0,2,0
0,0,0,0,0,0,0,0,0,1,909,0,0,61,11,8,0,0,1,1,0,15,0,0,1,0,45,5,0,0,0,0,0,0,0,11,2,29,2,1,1,1,0,0,9,164,1,0,0,0,1,42,0,0,0,0,35,11,0,0,1
0,0,0,0,0,0,0,0,0,0,0,412,3,0,0,0,0,0,0,0,0,0,0,0,0,0,0,0,0,0,0,0,0,87,1,0,0,0,0,0,0,0,0,0,0,0,0,0,30,34,13,0,2,0,0,0,0,0,0,5,3
1,1,0,0,0,4,3,1,0,25,0,12,447,3,58,3,1,0,0,2,0,0,0,0,9,28,0,3,13,4,2,9,1,49,13,1,1,1,0,0,0,0,0,13,10,0,1,0,9,1,106,0,2,0,0,0,1,1,4,7,3
0,0,0,0,0,0,0,2,0,4,231,8,4,1908,30,96,0,1,1,4,0,23,0,0,16,1,230,7,5,2,0,0,0,7,0,52,6,23,46,5,4,0,0,0,26,73,7,0,2,8,1,348,24,1,0,1,55,4,5,7,13
1,0,0,1,0,10,2,1,0,49,37,0,42,45,818,33,2,0,1,3,0,6,1,2,31,7,8,1,5,6,8,10,3,3,5,4,13,31,11,1,48,0,2,19,9,20,2,0,2,0,29,15,49,1,5,1,67,1,3,11,0
0,0,0,0,2,1,0,11,2,0,6,0,2,47,25,899,0,1,0,1,1,0,4,4,1,0,7,0,3,29,7,6,8,1,0,2,8,14,15,3,162,1,0,0,3,0,2,8,0,0,1,1,2,0,2,29,18,0,17,1,3
11,420,207,6,117,36,0,44,111,0,0,0,0,0,0,0,1012,1,0,4,2,0,177,149,0,0,0,0,2,3,312,59,10,0,1,0,1,2,0,0,0,73,21,0,0,0,1,16,0,0,0,0,0,19,5,33,0,1,14,0,0
6,0,5,31,7,19,0,0,1,0,0,0,0,0,0,0,0,493,0,0,0,0,0,0,0,0,0,0,0,0,0,2,1,0,0,0,58,0,0,1,0,43,9,0,0,0,1,2,0,0,0,0,0,8,3,0,0,21,0,0,0
0,0,0,0,0,3,0,0,0,0,0,0,0,0,0,0,0,0,48,11,0,0,0,0,0,0,0,1,0,0,0,1,1,0,0,1,0,11,2,1,0,1,0,0,0,0,0,0,0,0,0,0,0,0,0,1,0,1,0,0,0
0,0,4,0,0,15,6,0,0,0,1,0,1,0,2,0,0,2,19,346,7,2,0,2,0,0,1,1,0,1,1,21,6,0,0,1,1,17,32,12,5,0,2,0,4,0,1,2,0,0,0,0,0,0,8,5,2,4,0,0,0
0,0,0,0,0,0,0,0,0,0,0,0,0,0,0,0,0,0,0,1,24,0,0,0,0,0,0,0,0,0,0,1,0,0,0,0,0,0,0,3,0,0,0,0,0,0,0,0,0,0,0,0,0,0,1,0,0,0,0,0,0
0,0,0,0,0,0,8,1,0,0,11,0,0,9,1,0,0,2,2,24,0,734,0,0,18,1,2,6,9,1,0,2,1,1,0,8,0,3,5,3,0,0,0,3,23,14,8,0,2,0,4,33,15,0,0,0,6,4,2,0,0
11,33,17,3,4,5,0,361,11,0,0,0,0,0,0,0,49,1,0,0,0,0,826,9,0,0,0,1,0,0,23,11,0,0,0,0,1,0,0,0,0,6,1,0,0,0,0,127,0,0,0,0,0,9,2,22,0,2,2,0,0
0,49,1,0,1,0,0,2,53,0,0,0,0,1,0,0,50,0,0,3,1,0,4,1234,0,0,0,0,0,0,85,20,138,0,0,0,0,0,0,0,0,0,22,0,0,0,0,0,0,0,0,0,0,1,0,46,0,0,1,0,0
0,0,0,0,0,0,1,0,0,3,1,1,2,0,8,0,0,0,0,0,0,5,0,0,1458,0,0,4,2,0,0,0,0,0,2,1,0,0,0,0,0,0,0,10,7,12,1,0,5,6,14,7,108,0,0,0,29,0,0,0,2
1,1,0,0,0,0,1,1,0,14,0,0,51,0,3,1,0,0,0,4,0,0,1,0,2,603,5,0,4,2,2,4,0,10,107,1,6,1,0,0,0,0,5,4,0,0,3,2,2,0,9,1,1,0,1,0,1,1,4,1,0
0,0,0,0,0,0,0,2,0,0,76,0,2,115,4,29,0,0,2,4,0,10,0,0,1,5,988,3,1,1,0,0,1,1,0,156,0,9,11,19,1,0,0,0,4,23,0,3,0,0,0,56,0,0,3,1,14,3,12,0,0
0,0,0,0,0,0,0,0,0,0,23,0,0,7,2,0,0,0,0,0,0,1,0,0,0,0,0,6366,1,0,0,0,0,0,0,0,0,1,0,0,0,0,0,0,514,8,1,0,0,0,0,4,0,0,0,0,0,0,0,0,0
0,0,2,0,1,1,2,1,0,4,0,3,2,0,4,3,2,0,0,2,0,17,0,0,8,7,0,4,443,62,1,6,0,1,25,0,0,2,0,0,0,0,1,28,6,0,6,1,2,5,28,0,1,0,1,0,1,2,5,10,0
2,11,1,1,2,1,0,3,3,0,0,0,0,0,0,4,6,2,1,2,0,1,2,4,1,2,0,1,38,649,7,5,12,0,1,0,12,4,3,0,6,0,7,2,0,0,1,3,0,0,1,0,0,0,2,1,5,1,29,0,2
0,80,70,1,10,68,2,56,45,0,0,0,0,0,0,0,360,6,2,16,5,0,66,324,0,0,0,0,0,4,1405,442,301,0,0,0,3,0,0,1,1,59,24,0,0,0,1,12,0,0,0,0,0,67,41,204,0,0,84,0,1
6,82,109,6,3,382,179,101,97,0,1,0,4,0,1,5,299,5,14,117,25,0,103,250,0,0,2,1,2,25,785,2169,583,0,1,3,18,3,19,46,4,34,34,0,2,0,15,25,0,1,0,0,0,94,103,330,8,3,46,3,2
0,5,0,0,0,3,2,5,9,0,0,0,0,0,0,2,7,3,0,20,5,0,4,463,0,0,0,0,0,8,187,157,3761,0,0,0,2,0,3,12,0,0,8,0,1,0,1,3,0,0,0,0,0,4,23,164,0,2,345,0,0
0,0,0,0,0,0,2,0,0,0,0,118,36,0,0,2,0,0,0,0,0,0,1,0,0,0,0,0,0,1,0,0,0,647,1,0,0,0,0,0,0,0,0,0,0,0,0,0,15,17,17,0,1,0,0,0,0,0,5,10,28
0,1,0,0,0,0,3,1,0,16,0,38,77,0,18,1,0,0,2,8,1,9,1,0,14,271,1,9,40,2,0,1,1,27,2125,2,2,2,0,0,0,1,5,60,6,0,9,3,47,6,176,0,10,0,1,0,1,1,2,2,0
0,0,0,0,0,0,1,0,0,0,23,1,0,56,6,4,0,0,0,3,0,196,0,0,8,3,268,9,12,5,0,0,0,0,9,2783,0,1,0,3,0,0,0,0,67,275,12,0,1,3,0,473,9,0,0,0,10,0,2,0,1
52,1,55,173,38,49,0,6,159,3,3,0,0,0,13,25,7,371,4,6,1,1,5,22,0,1,1,0,1,5,15,17,62,0,0,0,2060,44,26,12,38,224,166,0,1,1,4,36,0,0,0,1,3,69,79,5,24,335,12,1,1
0,1,0,1,0,4,2,2,0,9,75,0,0,10,17,12,1,3,36,59,8,0,1,6,1,0,6,7,1,8,7,8,5,0,0,0,25,1779,339,110,74,5,3,0,6,4,1,14,0,0,0,2,2,4,21,3,53,26,8,0,0
0,1,4,3,1,13,4,8,0,5,48,0,1,91,25,81,0,8,58,156,6,10,1,3,1,1,45,4,0,16,9,19,3,0,0,4,31,564,2514,546,445,6,4,0,9,0,19,4,0,1,0,30,2,3,16,25,93,20,15,3,0
0,0,0,1,0,0,0,3,0,0,6,0,0,0,0,2,0,0,5,9,4,0,0,0,0,0,43,1,0,4,2,1,1,0,0,6,2,27,87,720,14,0,0,0,0,0,0,0,0,0,0,2,0,0,5,5,5,7,5,0,0
0,1,1,0,1,0,0,1,1,0,0,0,0,1,1,29,0,0,0,1,0,0,3,4,0,0,0,0,0,5,0,1,2,0,0,0,4,14,25,6,382,1,5,0,0,0,0,2,0,0,0,0,0,0,4,6,2,0,3,0,0
37,20,130,149,113,30,0,4,17,0,0,0,0,0,0,0,40,119,0,0,0,0,3,2,0,0,0,0,0,0,6,1,1,0,0,0,40,0,0,0,0,783,35,0,0,0,0,5,0,0,0,0,0,20,60,9,0,11,0,0,0
2,0,2,16,0,0,0,1,28,0,0,0,0,0,0,0,1,0,0,0,0,0,0,7,0,0,0,0,0,0,0,0,0,0,0,0,4,0,0,0,0,6,423,0,0,0,0,2,0,0,0,0,0,1,0,0,0,3,0,0,0
1,1,0,0,1,3,0,1,0,170,0,4,25,0,40,0,0,3,0,0,0,0,0,1,19,20,0,3,36,1,1,2,1,1,63,0,3,0,0,0,0,0,1,1039,1,2,3,0,3,3,39,0,1,0,0,0,0,0,1,0,0
0,0,0,0,0,0,4,1,0,0,10,1,1,6,1,0,0,0,0,8,0,39,0,0,4,1,1,188,11,4,0,1,0,0,0,20,0,3,0,1,0,0,1,1,318,19,25,0,0,0,0,32,3,0,1,0,2,5,2,0,0
0,0,0,0,0,0,0,0,0,1,106,0,2,28,2,1,0,0,0,0,0,17,0,0,6,0,23,12,1,0,0,0,0,1,0,66,0,4,1,1,0,0,0,1,21,1449,11,0,0,0,1,159,15,0,0,0,17,0,0,0,0
26,54,23,39,34,12,7,19,38,42,14,0,16,11,23,26,46,26,2,13,10,7,15,59,0,5,23,7,33,86,43,56,57,1,39,26,63,33,24,15,13,27,78,11,37,16,972,26,0,0,1,53,2,6,17,19,17,62,98,0,1
81,64,72,58,22,12,1,347,84,3,1,0,0,1,3,7,58,5,14,3,1,1,703,47,0,3,1,0,0,2,43,29,108,0,0,2,31,13,4,2,6,33,36,1,0,0,7,2498,0,0,0,0,0,9,37,37,71,106,3,0,0
0,0,0,0,0,0,1,0,0,0,0,50,3,0,2,0,0,0,0,0,0,2,0,0,100,0,0,0,0,0,0,0,0,31,0,0,0,0,0,0,0,0,0,0,1,0,0,0,4364,149,41,0,61,0,0,0,0,0,0,724,25
0,0,0,0,0,0,1,0,0,0,0,103,2,0,0,0,0,0,0,0,0,0,0,0,4,0,0,0,0,0,0,0,0,20,0,0,0,0,0,0,0,0,0,0,0,0,1,0,101,1433,0,0,0,0,0,0,0,0,0,9,39
0,1,0,0,0,3,11,0,0,23,0,137,273,0,86,1,0,0,0,1,0,6,1,0,23,19,1,9,16,0,0,4,0,113,53,0,0,0,0,0,0,0,0,75,5,0,10,0,44,12,1645,0,13,0,0,0,0,0,2,34,4
0,0,0,0,0,0,0,0,0,2,111,52,8,441,25,53,0,0,0,11,0,88,0,0,28,0,157,40,2,2,0,0,0,17,3,469,0,19,29,2,3,0,0,0,152,551,57,3,18,8,12,1895,84,0,0,1,33,7,6,28,6
0,0,0,0,0,0,0,0,0,1,1,5,10,0,34,0,0,0,0,0,0,1,0,0,103,0,0,1,2,0,0,1,0,0,0,5,0,0,0,0,0,0,0,5,4,26,0,0,14,1,19,12,282,0,0,0,10,0,0,14,0
2,3,26,25,0,24,1,7,8,0,0,0,0,0,0,0,12,25,0,1,0,0,6,7,0,0,0,0,0,0,36,44,2,0,0,1,2,0,0,0,0,5,13,0,0,0,0,2,0,0,0,0,0,98,22,23,0,2,0,0,0
0,1,9,5,2,6,1,3,0,0,0,0,0,0,0,0,3,13,4,1,0,0,5,2,0,0,0,0,0,0,5,6,0,0,0,0,6,0,0,0,0,12,4,0,1,0,0,3,0,0,0,0,0,2,274,25,0,33,0,0,0
0,7,2,0,0,4,3,19,1,0,0,0,0,0,0,0,10,0,4,12,3,0,18,35,0,0,0,0,0,2,95,75,104,0,0,0,1,1,1,0,0,1,2,0,2,0,0,6,0,0,0,0,0,13,105,871,0,6,12,0,0
0,0,0,2,0,1,0,1,0,16,73,0,6,22,49,40,2,2,1,1,0,12,2,0,107,0,5,0,2,10,0,4,0,0,1,1,14,25,9,0,29,0,1,2,1,16,0,33,3,1,2,5,56,0,4,8,883,18,3,3,2
4,1,11,53,0,11,2,3,12,2,7,0,0,0,1,0,2,22,3,10,2,5,3,6,0,0,1,0,0,1,8,7,5,0,0,0,73,12,0,1,3,7,64,0,0,0,3,30,0,0,0,0,0,18,39,3,11,1761,2,0,0
0,1,0,0,4,1,0,15,1,0,0,0,12,1,0,1,6,0,0,1,2,0,17,7,0,0,1,0,2,11,31,11,82,5,0,0,2,1,0,0,1,0,0,0,0,0,0,1,0,0,0,0,0,0,19,38,0,0,954,0,1
0,0,0,0,0,2,3,0,0,0,0,7,3,0,23,5,0,0,0,0,0,3,0,0,30,3,0,0,0,9,0,1,0,28,0,0,0,0,0,0,0,0,0,0,1,0,1,0,620,47,15,0,53,0,0,0,15,0,1,1903,76
0,0,0,0,0,0,0,0,0,0,0,0,0,0,0,2,0,0,0,0,0,0,0,0,0,0,0,0,0,0,0,0,0,2,0,0,0,0,1,0,0,0,0,0,0,0,0,0,4,18,0,0,0,0,0,0,0,0,0,4,79
