0.64417,0.72594,0.41136,0.65269,0.39492,0.50389,0.368,0.58275,0.62467,0.4173,0.63979,0.54779,0.53231,0.73168,0.65372,0.70961,0.49032,0.41327,0.32683,0.42462,0.32353,0.67105,0.42391,0.53837,0.78113,0.62466,0.62023,0.97155,0.72928,0.77093,0.50726,0.63048,0.76143,0.73137,0.90927,0.82206,0.85382,0.74245,0.8144,0.5709,0.39754,0.57151,0.44158,0.85934,0.46521,0.64674,0.79764,0.87005,0.87616,0.85835,0.8258,0.69749,0.40129,0.21263,0.34424,0.51111,0.67269,0.79042,0.66734,0.72715,0.36863
0.68487
1403,39,142,291,128,5,0,20,135,0,0,0,0,0,0,0,4,9,0,0,0,0,72,0,0,0,0,0,0,0,1,0,0,0,0,0,1,0,0,0,0,37,10,0,0,0,0,5,0,0,0,0,0,6,0,0,0,0,0,0,0
34,2074,77,2,147,4,0,2,116,0,0,0,0,0,0,0,323,0,0,3,1,0,4,77,0,0,0,0,0,2,64,25,11,0,0,0,1,0,0,0,0,11,1,0,0,0,1,0,0,0,0,0,0,0,1,6,0,0,0,0,0
73,67,840,55,74,169,0,12,86,0,0,0,0,0,0,0,82,29,0,0,0,0,13,3,0,0,0,0,0,0,18,28,1,0,0,0,2,0,0,0,0,82,10,0,0,0,1,6,0,0,0,0,0,43,5,2,0,2,0,0,0
328,1,49,1370,28,8,0,9,39,0,0,0,0,0,0,0,0,47,0,0,0,0,25,0,0,0,0,0,0,0,0,0,0,0,1,0,12,0,0,0,0,97,93,0,0,0,1,9,0,0,0,0,0,14,8,0,0,32,0,0,0
32,23,20,3,451,1,0,0,4,0,0,0,0,0,0,0,4,0,0,0,0,0,2,1,0,0,0,0,0,0,1,0,0,0,0,0,2,0,0,0,0,14,0,0,0,0,1,0,0,0,0,0,0,0,0,0,0,0,0,0,0
19,18,235,38,17,1231,31,52,25,0,3,0,0,0,1,1,42,168,27,39,0,0,18,7,0,1,0,0,0,4,19,178,3,0,0,0,47,8,4,1,0,86,24,0,3,0,15,10,0,0,0,1,0,94,70,8,12,17,1,0,1
0,1,0,0,0,7,138,0,0,0,0,0,0,0,0,1,0,0,1,5,0,12,0,1,0,0,2,0,1,0,0,8,0,0,1,1,0,0,0,0,0,0,0,0,5,0,0,0,1,0,1,0,0,0,1,2,0,0,0,1,1
3,8,11,7,2,53,7,1581,11,0,0,0,0,1,0,1,35,4,4,8,0,0,408,1,0,0,1,1,0,2,24,69,5,0,0,0,5,1,1,1,1,6,6,0,2,1,3,195,0,1,0,0,0,20,14,30,2,5,0,0,0
71,50,75,8,22,6,0,6,1433,0,0,0,0,0,0,0,16,1,1,0,0,0,8,35,0,0,0,0,0,0,1,6,2,0,0,0,0,0,0,0,0,5,30,0,0,0,1,2,0,0,0,0,0,4,0,0,0,0,0,0,0
0,0,0,0,0,1,0,1,1,164,1,0,6,0,13,0,0,2,0,0,0,1,0,0,1,1,0,0,1,0,1,0,0,0,0,0,0,0,0,0,0,0,0,21,1,0,1,2,0,0,0,0,0,0,0,0,0,1,2,1,0
0,0,0,0,0,0,0,0,0,2,968,0,1,56,9,7,0,1,0,2,0,11,0,0,0,1,28,2,0,0,0,0,0,0,0,10,2,11,1,1,2,0,0,0,17,152,2,3,0,0,1,28,2,0,1,0,39,9,0,0,0
0,0,0,0,0,0,0,0,0,0,0,470,3,0,0,0,0,0,0,0,0,0,0,0,0,0,0,0,0,0,0,0,0,54,1,0,0,0,0,0,0,0,0,0,0,0,0,0,12,22,21,0,2,0,0,0,0,0,0,1,4
0,0,1,0,0,3,2,0,0,8,0,11,519,0,23,4,1,0,0,2,0,0,1,0,11,23,0,2,14,3,2,4,1,46,9,1,0,2,0,0,1,1,0,10,6,0,3,0,5,1,110,1,7,0,0,0,0,1,8,5,1
0,0,0,0,0,1,0,2,0,1,158,4,9,2037,44,105,0,0,0,6,1,35,0,0,15,3,160,9,5,4,0,0,0,9,0,42,3,8,37,4,2,0,0,0,25,60,7,0,0,3,1,398,22,1,0,1,44,4,6,6,9
0,2,1,0,0,6,2,0,0,35,21,1,36,28,976,36,1,1,0,8,0,2,0,2,8,7,8,4,3,3,8,8,1,0,1,2,12,15,6,1,27,0,0,21,7,8,7,0,2,0,21,10,58,1,3,1,59,2,4,9,0
0,0,0,0,0,0,1,7,0,0,1,0,7,36,21,1063,0,1,0,1,1,0,2,2,0,0,5,0,2,15,3,10,6,0,0,2,7,9,16,2,92,0,0,0,0,0,5,2,0,0,0,0,3,0,4,8,13,1,10,1,1
9,337,195,5,85,62,0,48,72,0,0,0,0,0,0,0,1291,4,0,2,0,0,107,115,0,0,0,0,0,2,218,130,12,0,0,0,1,0,1,0,1,94,20,0,0,0,5,6,0,0,0,0,0,21,7,16,0,0,4,0,0
6,0,4,12,3,13,0,0,0,0,0,0,0,0,0,0,0,567,0,0,1,0,0,0,0,0,0,0,0,0,0,1,0,0,0,0,47,0,0,1,0,22,11,0,0,0,1,1,0,0,0,0,0,4,3,0,0,14,0,0,0
0,0,0,0,0,3,0,0,0,0,0,0,0,0,0,0,0,0,67,2,0,0,0,0,0,0,0,0,0,0,0,1,1,0,0,0,0,4,4,0,0,0,0,0,1,0,0,0,0,0,0,0,0,0,0,0,0,0,0,0,0
0,1,0,0,0,11,6,0,0,0,0,0,1,1,3,0,0,2,5,414,4,0,0,0,0,0,0,0,0,0,1,12,1,0,0,0,0,11,24,14,4,1,0,0,1,0,2,2,0,0,0,0,0,1,3,2,2,3,2,0,0
0,0,0,0,0,0,0,0,0,0,0,0,0,0,0,0,0,0,0,1,22,0,0,0,0,0,0,0,0,0,0,0,0,0,0,0,0,0,0,6,0,0,0,0,0,0,0,0,0,0,0,0,0,0,1,0,0,0,0,0,0
0,0,0,0,0,1,4,2,0,0,4,0,0,3,6,0,0,1,4,15,0,765,0,0,15,1,1,3,7,0,0,0,2,0,1,7,0,6,1,2,0,0,0,1,22,16,9,0,1,0,5,26,15,0,2,0,10,7,1,0,0
8,14,11,1,2,7,0,381,3,0,0,0,0,0,0,0,39,1,0,0,0,0,922,5,0,0,0,0,0,0,21,7,1,0,0,0,1,0,0,0,0,3,2,0,0,0,0,79,0,0,0,0,0,10,4,11,0,2,2,0,0
0,27,3,0,0,0,0,3,54,0,0,0,0,0,0,0,39,0,0,1,1,0,2,1291,0,0,0,0,0,1,62,36,129,0,0,0,0,0,0,0,0,1,16,0,0,0,1,0,0,0,0,0,0,2,1,41,0,0,1,0,0
0,0,0,0,0,0,1,0,0,1,0,1,1,1,14,0,0,0,0,0,0,5,0,0,1474,0,0,1,2,0,0,0,0,1,3,2,0,0,0,0,0,0,0,19,5,10,2,0,3,4,6,5,98,0,0,0,27,0,0,1,2
0,0,0,0,0,0,0,0,0,5,0,0,33,0,8,0,0,1,0,2,0,1,1,0,1,694,4,0,1,2,0,2,0,4,71,0,2,0,0,0,0,1,2,2,0,0,4,3,1,0,8,0,1,0,0,1,0,1,3,1,0
0,0,0,0,0,0,0,1,0,0,46,0,2,89,10,16,0,0,0,8,0,4,1,0,1,11,1073,2,1,3,0,0,0,0,1,173,0,3,6,14,4,0,0,0,6,20,10,1,0,0,0,31,0,0,1,2,12,0,8,0,0
0,0,0,0,0,0,0,0,0,0,12,0,0,7,2,0,0,0,0,3,0,0,0,0,0,0,1,6181,1,0,0,0,0,0,0,1,0,1,0,0,0,0,0,1,702,3,2,0,0,0,0,11,0,0,0,0,0,0,0,0,0
0,0,0,0,2,1,1,2,1,0,0,1,0,0,5,2,0,2,1,1,0,9,2,0,4,4,0,4,528,47,2,3,1,0,19,0,0,0,0,0,0,0,0,14,3,0,8,0,0,2,13,0,2,0,2,1,3,1,4,5,0
3,6,2,1,3,2,0,6,1,0,0,0,0,0,0,6,10,1,0,0,1,0,0,1,0,0,0,1,32,700,4,6,8,0,2,0,5,3,2,0,2,2,3,2,0,0,2,1,0,0,1,0,0,0,0,3,3,3,11,0,2
0,53,48,1,7,103,1,58,28,0,0,0,0,0,0,0,379,5,3,13,0,0,57,250,0,0,0,0,0,2,1433,574,289,0,1,0,1,0,0,1,1,66,12,0,0,0,2,6,0,0,0,0,0,85,31,189,0,1,60,1,0
2,43,95,0,9,515,128,129,73,0,1,0,2,1,2,3,236,6,13,150,15,1,40,203,1,0,1,0,3,15,581,2648,511,0,2,6,21,4,28,34,3,30,11,0,3,0,20,27,0,0,0,0,0,124,81,267,12,1,37,9,3
0,6,0,0,1,1,4,11,8,0,0,0,0,0,0,0,10,1,4,14,8,0,1,270,0,0,0,1,0,4,154,186,4114,0,0,0,4,0,3,3,0,0,5,0,2,0,5,2,0,0,0,0,0,3,12,188,0,0,184,0,0
0,0,0,0,0,0,0,1,0,0,0,90,34,0,0,2,0,0,0,0,0,0,0,0,1,0,0,0,0,1,0,0,0,697,2,0,0,0,0,0,0,0,0,0,0,0,0,0,14,15,15,0,0,0,0,0,0,0,5,10,14
0,0,0,1,0,1,7,1,0,7,0,14,37,0,22,1,0,2,2,3,0,5,0,0,8,305,0,3,30,1,1,0,0,14,2335,6,2,3,0,0,0,0,1,34,11,0,17,0,35,6,72,2,3,0,0,0,2,2,3,3,1
0,0,0,0,0,0,2,0,0,0,12,1,1,32,3,2,0,0,0,2,0,136,0,0,17,10,236,4,10,3,0,0,0,0,10,3197,0,1,1,3,0,0,0,0,45,179,9,0,1,1,0,301,17,0,0,0,4,0,1,1,2
47,3,41,78,47,36,1,5,99,2,6,0,0,3,21,19,8,281,5,6,0,1,5,20,0,0,0,0,0,6,8,11,28,0,0,0,2681,32,29,6,37,119,113,0,2,2,16,28,0,0,0,1,2,75,72,4,19,193,18,2,0
1,1,0,0,1,6,0,2,0,13,43,0,0,7,21,6,0,2,19,41,2,4,1,3,1,2,2,6,0,4,7,11,2,0,1,0,19,2015,324,53,27,4,4,0,5,11,8,11,0,0,0,3,1,2,5,2,46,18,2,0,0
0,1,3,4,3,13,4,5,1,4,24,0,3,74,44,63,0,6,22,158,5,8,0,5,1,2,26,2,1,10,7,12,2,0,0,4,43,466,2997,407,341,3,1,0,15,6,22,5,1,1,0,40,3,2,9,7,67,13,10,2,1
0,0,0,0,0,0,0,1,0,0,4,0,0,4,0,2,0,0,1,6,1,0,0,0,0,0,25,0,1,1,0,4,1,0,0,5,2,17,79,777,8,0,0,0,5,0,3,0,0,0,0,3,1,0,3,3,2,4,4,0,0
1,0,2,0,0,2,0,3,1,0,0,0,0,0,1,25,0,0,2,1,0,0,0,4,0,0,0,0,0,1,1,2,1,0,0,0,6,11,28,9,388,1,3,0,0,0,2,1,0,0,0,0,0,0,4,0,3,0,3,0,0
34,11,97,76,61,47,0,4,12,0,0,0,0,0,0,0,16,139,0,0,0,0,4,1,0,0,0,0,0,0,4,2,1,0,0,0,21,0,0,0,0,1011,30,0,0,0,1,4,0,0,0,0,0,18,34,3,0,4,0,0,0
0,0,2,10,0,1,0,0,19,0,0,0,0,0,0,0,0,1,0,0,0,0,2,1,0,0,0,0,0,0,0,1,0,0,0,0,5,0,0,0,0,4,446,0,0,0,0,1,0,0,0,0,0,1,1,0,0,1,0,0,0
0,1,2,0,0,2,0,0,0,106,0,5,10,0,21,0,1,1,0,0,0,0,0,0,11,16,0,1,21,0,0,2,0,1,29,0,2,0,0,0,0,0,0,1228,2,1,5,0,2,2,19,0,2,0,0,0,0,0,0,0,0
0,0,0,0,0,0,0,1,0,0,8,0,0,6,1,0,0,0,1,4,0,32,0,0,7,0,3,101,10,4,0,1,0,1,2,13,0,1,1,1,0,0,0,0,433,14,35,0,0,0,0,21,3,0,0,0,3,6,1,0,0
0,0,0,0,0,0,0,0,0,2,72,0,3,18,1,0,0,0,0,0,0,12,0,0,12,0,16,7,1,0,0,0,0,0,0,39,0,2,3,1,0,0,0,2,21,1569,8,0,0,0,1,130,14,0,0,0,12,0,0,0,0
24,43,27,37,23,26,3,13,22,11,11,0,7,13,13,23,31,21,2,15,3,6,9,35,1,7,17,1,30,48,40,43,43,0,28,16,36,19,32,10,10,17,53,12,46,12,1352,10,0,0,2,51,2,8,13,9,15,46,81,1,0
69,21,26,27,22,28,1,281,42,0,1,0,0,3,3,11,25,8,7,3,0,0,439,25,0,1,0,1,0,1,17,35,52,0,0,4,25,17,6,1,7,19,27,0,0,0,11,3274,0,0,0,1,0,16,12,26,33,41,1,0,0
0,0,0,0,0,0,0,0,0,0,0,46,0,0,1,0,0,0,0,0,0,3,0,0,61,0,0,1,0,1,0,0,0,21,1,0,0,0,0,0,0,0,0,0,0,0,0,0,4450,143,43,1,69,0,0,0,0,0,0,688,25
0,0,0,0,0,0,1,0,0,0,0,72,2,0,0,0,0,0,0,0,0,0,0,0,4,0,0,0,1,0,0,0,0,12,0,0,0,0,0,0,0,0,0,0,0,0,0,0,62,1521,4,0,1,0,0,0,0,0,0,8,25
0,0,1,0,1,0,14,0,0,15,0,99,239,0,70,1,1,1,0,0,0,11,0,0,17,18,0,5,11,3,0,2,1,63,40,0,0,0,0,0,0,2,0,52,3,0,15,0,31,4,1863,1,24,0,0,0,0,0,1,14,2
0,0,0,0,0,0,2,0,0,0,63,28,10,352,26,56,0,0,2,10,0,56,0,0,40,3,118,18,1,1,0,0,0,10,4,352,2,14,34,3,1,0,0,0,108,339,62,3,12,4,20,2497,116,0,0,0,23,2,5,20,6
0,0,0,0,0,0,1,0,0,1,1,3,3,0,37,1,0,0,0,0,0,2,0,0,57,0,0,0,1,1,0,0,0,0,0,3,0,0,0,0,0,0,0,6,2,9,0,0,8,1,17,6,372,0,0,0,4,0,0,15,0
3,1,22,12,0,28,1,9,4,0,0,0,0,0,0,0,10,21,1,1,0,0,5,5,0,0,0,0,0,0,35,34,1,0,0,0,0,0,0,0,0,7,7,0,0,0,0,1,0,0,0,0,0,165,7,14,0,3,0,0,0
1,2,2,4,0,8,1,1,0,0,0,0,0,0,0,0,2,13,2,5,0,0,3,0,0,0,0,0,0,0,3,3,0,0,0,0,2,1,0,0,0,12,7,0,0,0,0,0,0,0,0,1,0,15,305,20,0,13,0,0,0
0,2,3,0,0,6,4,24,0,0,0,0,0,0,0,0,10,0,1,9,1,0,8,26,0,0,0,0,0,1,60,77,89,0,0,0,0,2,1,0,1,3,1,0,0,0,1,5,0,0,0,0,0,16,110,943,1,1,9,0,0
0,0,0,0,0,1,0,1,0,16,48,0,3,12,55,31,1,2,0,1,0,13,1,0,95,1,1,0,2,5,1,2,0,0,1,3,15,17,8,2,15,0,0,3,0,14,3,27,3,0,0,7,43,1,3,1,1005,10,2,3,0
7,0,4,56,0,21,2,4,4,0,5,0,0,0,0,0,2,20,7,9,0,3,3,5,0,0,0,0,0,1,2,4,4,0,0,0,101,10,2,2,0,6,61,0,0,0,2,31,0,0,0,0,0,22,47,2,10,1750,0,0,0
0,1,1,0,3,1,0,24,0,0,0,0,1,0,0,3,14,0,1,1,0,0,9,4,0,0,1,0,2,4,21,12,79,5,0,0,2,0,1,1,1,2,0,0,0,0,2,0,0,0,0,0,0,2,6,32,0,0,993,0,0
0,0,0,0,0,2,5,0,0,0,0,11,2,0,16,7,0,0,0,0,1,2,0,0,23,0,1,1,1,2,0,0,0,13,2,0,0,0,0,0,0,0,0,1,0,0,0,0,435,33,12,2,44,0,0,0,7,0,1,2164,61
0,0,0,0,0,0,0,0,0,0,0,1,0,0,0,0,0,0,0,0,0,0,0,0,0,0,0,0,0,0,0,0,0,2,0,0,0,0,0,0,0,0,0,0,0,0,0,0,0,8,0,1,0,0,0,0,0,0,0,4,94
