0.65014,0.72469,0.41929,0.65534,0.39616,0.50145,0.34949,0.58229,0.62262,0.40399,0.63285,0.55673,0.52584,0.74253,0.64679,0.70808,0.49543,0.41198,0.33019,0.41949,0.31944,0.67442,0.41898,0.53251,0.78079,0.62534,0.62572,0.97076,0.72011,0.77197,0.50775,0.63251,0.76122,0.74651,0.91191,0.82353,0.84872,0.73846,0.8206,0.57269,0.39509,0.56886,0.44732,0.85436,0.46422,0.64073,0.80246,0.86969,0.8753,0.85506,0.82236,0.69628,0.38948,0.19827,0.34073,0.50506,0.67112,0.78559,0.67904,0.72401,0.38153
0.68434
1403,39,140,295,132,6,0,17,132,0,0,0,0,0,0,0,3,6,0,0,0,0,69,0,0,0,0,0,0,0,1,0,0,0,0,0,1,0,0,0,0,40,8,0,0,0,0,9,0,0,0,0,0,7,0,0,0,0,0,0,0
33,2069,81,2,150,5,0,1,121,0,0,0,0,0,0,0,316,0,0,3,0,0,5,75,0,0,0,0,0,1,63,26,12,0,0,0,2,0,1,0,0,12,1,0,0,0,0,1,0,0,0,0,0,1,1,5,0,0,0,0,0
76,69,839,49,74,166,0,9,88,0,0,0,0,0,0,0,82,27,1,0,0,0,12,4,0,0,0,0,0,0,16,26,1,0,0,0,3,0,0,0,0,85,11,0,0,0,0,5,0,0,0,0,0,51,5,2,0,2,0,0,0
318,1,46,1369,30,6,0,7,41,0,0,0,0,0,0,0,0,52,0,0,0,0,25,0,0,0,0,0,0,0,0,0,0,0,0,0,15,0,0,0,0,90,97,0,0,0,1,12,0,0,0,0,0,17,10,0,0,34,0,0,0
28,25,20,4,454,1,0,1,4,0,0,0,0,0,0,0,4,0,0,0,0,0,2,1,0,0,0,0,0,0,0,0,0,0,0,0,3,0,0,0,0,12,0,0,0,0,0,0,0,0,0,0,0,0,0,0,0,0,0,0,0
20,17,230,33,21,1207,38,54,26,0,3,0,0,0,1,1,44,162,25,34,0,0,11,4,0,1,0,0,0,4,22,198,5,0,0,0,46,6,5,1,0,93,23,0,3,0,14,9,0,0,0,1,1,110,68,8,10,18,1,0,1
0,1,0,0,0,9,136,0,0,0,0,0,0,0,0,2,0,1,1,3,0,9,0,0,1,0,0,0,2,1,0,9,0,0,2,1,0,0,0,0,0,0,0,0,4,0,0,0,0,0,2,0,1,0,2,2,0,0,0,2,0
3,7,9,6,2,54,11,1578,11,0,0,0,0,1,0,1,33,3,7,6,0,0,411,2,0,0,1,1,1,1,27,62,5,0,0,0,2,1,1,0,1,5,5,0,2,0,2,198,0,0,0,0,0,18,17,38,1,6,0,1,0
76,54,67,8,21,7,0,4,1437,0,0,0,0,0,0,0,14,1,1,0,0,0,7,34,0,0,0,0,0,0,1,5,2,0,0,0,0,0,0,0,0,5,30,0,0,0,1,3,0,0,0,0,0,5,0,0,0,0,0,0,0
0,0,0,0,0,1,0,0,1,162,1,0,5,0,12,0,0,2,0,0,0,1,0,0,1,2,0,0,0,0,0,0,0,0,0,0,0,1,0,0,0,0,0,26,1,0,0,2,0,0,1,0,0,0,0,0,0,1,2,1,0
0,0,0,0,0,0,0,0,0,3,967,0,0,61,12,7,0,1,1,3,0,10,0,0,0,1,27,2,0,0,0,0,0,0,0,6,3,8,3,1,1,0,0,0,15,158,2,3,0,0,1,25,2,0,1,0,36,9,0,0,0
0,0,0,0,0,0,0,0,0,0,0,476,2,0,0,0,0,0,0,0,0,0,0,0,0,0,0,0,0,0,0,0,0,51,1,0,0,0,0,0,0,0,0,0,0,0,0,0,13,19,22,0,2,0,0,0,0,0,0,1,3
0,0,1,0,0,3,2,1,0,7,0,11,519,0,26,2,0,0,0,0,0,0,0,0,10,28,1,2,13,4,1,5,1,40,10,1,2,2,0,0,1,2,0,11,7,0,1,0,5,0,113,1,6,0,0,0,0,1,8,5,0
0,0,0,0,0,2,0,2,0,3,168,7,4,2039,38,99,0,0,0,4,0,27,0,0,17,5,159,9,1,5,0,0,0,5,0,37,4,7,40,4,2,0,0,0,25,56,7,0,1,4,1,409,29,0,0,0,42,4,5,9,11
0,2,0,0,1,12,2,0,0,32,22,1,35,30,976,35,0,1,0,7,0,3,0,3,8,8,5,4,7,3,10,9,1,1,0,2,14,13,6,1,28,0,0,19,7,7,5,0,1,0,22,8,55,0,3,1,60,1,4,10,0
0,1,0,0,0,1,1,6,0,0,1,0,8,33,20,1060,0,1,0,2,0,0,1,2,0,2,6,0,1,11,3,11,5,0,0,2,9,9,14,3,92,0,0,0,0,0,5,4,0,0,0,2,3,0,0,10,17,0,11,1,2
9,341,183,3,84,63,1,42,74,0,0,0,1,0,0,0,1300,1,0,4,0,0,114,117,0,0,0,0,0,2,209,129,11,0,0,0,1,0,1,0,1,101,16,0,0,0,4,6,0,0,0,0,0,22,11,15,0,0,4,0,0
6,0,5,14,2,14,0,0,1,0,0,0,0,0,0,0,0,564,0,0,1,0,1,0,0,0,0,0,0,1,0,0,0,0,0,0,50,0,0,1,0,21,7,0,0,0,2,1,0,0,0,0,0,3,2,0,0,15,0,0,0
0,0,0,0,0,3,0,0,0,0,0,0,0,0,0,0,0,0,70,1,0,0,0,0,0,0,0,0,0,0,0,1,1,0,0,0,0,4,2,0,0,0,0,0,1,0,0,0,0,0,0,0,0,0,0,0,0,0,0,0,0
0,0,0,0,0,12,7,0,0,0,0,0,1,1,1,0,0,0,6,409,2,0,0,0,0,0,0,0,0,0,1,12,2,0,0,0,1,14,26,10,5,0,0,0,2,0,4,3,0,0,0,0,1,1,4,3,2,3,1,0,0
0,0,0,0,0,0,0,0,0,0,0,0,0,0,0,0,0,0,0,0,23,0,0,0,0,0,0,0,0,0,0,0,0,0,0,0,0,0,0,6,0,0,0,0,0,0,0,0,0,0,0,0,0,0,1,0,0,0,0,0,0
0,0,0,0,0,1,6,2,0,0,6,0,0,2,7,0,0,2,2,17,0,754,0,0,14,2,0,4,11,0,0,0,2,0,0,8,1,3,1,3,0,0,0,1,21,18,9,0,0,0,5,29,14,0,2,0,10,7,1,1,0
7,14,11,2,2,4,0,395,3,0,0,0,0,0,0,0,41,1,0,0,0,0,905,5,0,0,0,0,0,0,19,7,1,0,0,0,2,0,0,0,0,3,4,0,0,0,0,79,0,0,0,0,0,12,6,11,0,1,2,0,0
0,25,2,0,0,0,0,3,55,0,0,0,0,0,0,0,38,0,0,1,1,0,2,1286,0,0,0,0,0,0,67,38,128,0,0,0,1,0,0,0,0,1,16,0,0,0,1,0,0,0,0,0,0,4,2,39,0,0,2,0,0
0,0,0,0,0,0,1,0,0,1,0,1,1,1,15,0,0,0,0,0,0,4,0,0,1471,0,0,3,3,0,0,0,0,2,3,2,0,0,0,0,0,0,0,19,4,10,1,0,2,3,5,4,104,0,0,0,25,0,0,1,3
0,0,0,0,0,0,0,0,0,7,0,0,32,0,8,0,0,1,1,2,0,1,1,0,1,686,3,0,4,2,0,1,0,3,76,0,3,1,0,0,0,0,1,3,0,0,1,3,1,0,8,0,1,0,0,1,0,2,3,3,0
0,0,0,0,0,0,0,1,0,0,48,0,1,89,9,23,0,0,0,7,0,6,1,0,0,9,1080,2,1,4,0,0,0,0,1,166,0,3,5,11,3,0,0,0,8,20,7,0,0,0,0,32,0,0,1,2,11,0,9,0,0
0,0,0,0,0,0,0,0,0,0,13,0,0,6,1,0,0,0,0,3,0,0,0,0,0,0,1,6176,2,0,0,0,0,0,0,0,0,2,0,0,0,0,0,1,707,3,2,0,0,0,0,11,0,0,0,0,0,0,0,0,0
0,0,0,0,1,1,2,3,0,1,0,0,1,0,8,2,0,1,0,1,0,7,0,0,4,4,0,4,530,48,1,1,2,0,19,0,0,0,0,0,0,0,0,16,3,0,9,0,1,2,12,0,1,0,3,0,2,1,5,4,0
3,5,1,1,2,1,1,6,1,0,1,0,0,0,0,3,17,2,0,2,0,1,0,1,0,0,0,1,33,694,3,5,10,0,1,0,5,5,2,0,2,0,3,2,1,0,4,1,0,0,1,0,0,1,0,2,3,1,13,0,0
0,53,50,1,7,102,1,65,24,0,0,0,0,0,0,0,375,6,1,12,2,0,56,251,0,0,0,0,0,2,1441,553,297,0,0,0,2,0,0,2,1,65,10,0,0,0,3,5,0,0,0,0,0,103,26,186,0,0,58,1,0
3,39,90,0,11,511,137,122,70,0,0,0,3,1,1,4,228,5,11,151,14,2,39,206,1,0,1,0,1,14,603,2642,504,0,1,6,20,4,28,45,4,30,12,0,4,1,23,23,0,0,0,0,1,127,81,276,10,0,31,7,2
0,5,0,0,0,1,2,11,9,0,0,0,0,0,0,0,6,1,2,14,7,0,1,279,0,0,0,1,0,3,148,181,4138,0,0,0,4,0,2,4,0,0,5,0,2,0,3,3,0,0,0,0,0,4,14,192,0,0,167,0,0
0,0,0,0,0,0,0,0,0,0,0,79,38,0,0,2,0,0,0,0,0,1,0,0,1,1,0,0,0,1,0,0,0,695,2,0,0,0,0,0,0,0,0,0,0,0,0,0,12,17,19,0,1,0,0,0,0,0,6,11,15
0,0,0,1,0,1,6,1,0,10,0,14,38,0,19,0,0,0,2,3,0,6,0,0,10,292,0,5,31,0,2,0,0,10,2350,7,2,2,0,0,0,1,0,33,10,0,17,0,37,4,76,2,3,0,0,0,1,2,3,2,0
0,0,0,0,0,0,1,0,0,0,10,0,2,36,4,3,0,0,0,1,0,145,0,0,13,9,241,3,10,3,0,0,0,0,7,3192,0,1,0,2,0,0,0,1,45,176,10,0,0,1,0,298,19,0,0,0,7,0,1,1,2
46,1,35,78,45,31,1,3,101,3,2,0,0,1,24,21,7,298,6,5,2,1,6,23,0,0,0,0,0,5,6,13,31,0,0,0,2676,37,24,6,36,123,116,0,2,2,15,23,0,0,0,0,2,68,70,4,20,203,15,1,0
1,1,0,0,1,6,1,2,0,15,44,0,0,6,23,7,0,2,21,37,3,6,1,3,2,1,5,6,0,5,4,12,4,0,0,0,22,1999,316,53,29,4,3,0,5,13,8,10,0,0,1,3,0,1,7,2,52,20,2,0,0
0,0,2,3,2,11,5,5,2,5,24,0,1,74,44,58,1,3,27,177,10,6,2,4,2,2,29,2,2,13,6,8,2,0,0,5,41,460,2996,395,342,3,2,0,13,7,23,5,1,1,0,37,4,1,14,9,65,13,8,2,0
0,0,0,0,0,0,0,0,0,0,4,0,0,1,0,3,0,0,1,9,1,0,0,0,1,0,25,0,1,0,0,4,3,0,0,3,3,21,73,776,7,0,0,0,7,0,3,0,0,0,0,4,0,0,3,4,2,5,3,0,0
0,0,2,0,0,4,0,3,1,0,0,0,0,0,1,27,0,0,2,0,0,0,0,5,0,0,0,0,1,3,1,1,1,0,0,0,7,12,26,8,386,1,3,0,0,0,2,1,0,0,0,0,0,0,2,0,5,0,1,0,0
25,12,96,77,67,44,0,4,11,0,0,0,0,0,0,0,17,140,0,0,0,0,4,2,0,0,0,0,0,0,4,2,1,0,0,0,20,0,0,1,0,1012,31,0,0,0,0,4,0,0,0,0,0,17,36,4,0,4,0,0,0
0,1,1,12,0,1,0,0,17,0,0,0,0,0,0,0,0,0,0,0,0,0,2,1,0,0,0,0,0,0,0,0,0,0,0,0,5,0,0,0,0,4,450,0,0,0,0,1,0,0,0,0,0,0,1,0,0,0,0,0,0
0,0,0,0,0,4,1,0,0,109,0,4,14,0,26,0,1,1,0,0,0,0,0,0,10,15,0,2,15,0,0,1,0,1,27,0,2,0,0,0,0,0,0,1226,2,1,6,0,3,2,18,0,2,0,0,0,0,0,0,0,0
0,0,0,0,0,1,2,1,0,0,9,0,1,5,1,0,0,0,0,5,0,31,0,0,7,0,4,102,10,3,0,0,0,0,2,13,0,2,1,1,0,0,0,0,427,16,39,0,0,0,0,18,3,0,0,0,3,5,2,0,0
0,0,0,0,0,0,0,0,0,3,74,0,3,13,0,0,0,0,0,1,0,13,0,0,14,1,11,6,0,0,0,0,0,1,0,45,0,2,2,1,0,0,0,2,24,1548,8,0,0,0,0,149,13,0,0,0,12,0,0,0,0
22,45,24,38,22,27,2,15,20,11,11,0,5,14,13,23,30,18,3,12,4,5,10,35,2,6,18,1,33,48,37,43,44,0,27,14,33,23,28,11,9,17,52,9,48,11,1369,6,0,0,6,54,0,6,14,10,12,48,81,0,0
68,21,33,27,13,24,1,287,47,0,1,0,0,2,3,13,26,6,10,1,0,0,444,30,0,1,0,0,0,0,13,35,51,0,0,4,26,17,7,1,10,16,30,0,0,0,8,3257,0,0,0,1,0,22,19,19,35,40,1,0,0
0,0,0,0,0,0,1,0,0,0,0,41,1,0,1,0,0,0,0,0,0,2,0,0,62,0,0,1,0,1,0,0,0,21,1,0,0,0,0,0,0,0,0,0,0,0,0,0,4443,149,41,1,72,0,0,0,0,0,0,689,27
0,0,0,0,0,0,0,0,0,0,0,75,1,0,0,0,0,0,0,0,0,0,0,0,4,0,0,0,1,0,0,0,0,12,0,0,0,0,0,0,0,0,0,0,1,0,0,0,61,1522,5,0,1,0,0,0,0,0,0,7,23
0,1,2,0,0,0,9,0,0,9,0,102,250,0,66,1,1,0,0,1,0,9,0,0,15,17,0,6,12,2,0,0,1,62,40,0,0,0,0,0,0,1,0,59,2,0,15,0,29,4,1861,1,24,0,0,0,0,0,1,20,2
0,0,0,0,0,0,3,0,0,0,66,31,9,314,34,60,0,0,2,11,0,52,0,0,37,1,105,18,1,2,0,0,0,8,5,357,1,16,29,5,2,0,0,0,117,343,64,3,11,4,15,2524,112,0,0,0,22,4,4,21,10
0,0,0,0,0,0,0,0,0,1,1,1,6,0,43,1,0,0,0,0,0,2,0,0,60,1,0,0,2,0,0,0,0,0,0,3,0,0,0,0,0,0,0,5,2,11,0,0,9,0,17,4,363,0,0,0,4,0,0,15,0
4,1,20,14,0,26,1,10,3,0,0,0,0,0,0,0,9,23,1,1,0,0,4,6,0,0,0,0,0,0,38,32,1,0,0,0,0,0,0,0,0,9,7,0,0,0,0,1,0,0,0,0,0,160,8,16,0,2,0,0,0
1,1,4,2,0,8,1,4,0,0,0,0,0,1,0,0,3,13,3,5,0,0,0,0,0,0,0,0,0,0,3,5,0,0,0,0,2,0,0,0,0,10,8,0,0,0,0,1,0,0,0,0,0,9,307,22,0,13,0,0,0
0,2,4,0,0,5,4,18,1,0,0,0,0,0,0,0,12,1,0,9,1,0,11,27,0,0,0,0,0,1,61,78,90,0,0,0,0,2,1,0,0,3,1,0,0,0,1,5,0,0,0,0,0,9,107,948,2,1,10,0,0
0,0,1,0,0,1,0,0,0,18,46,0,2,15,57,29,1,1,0,1,0,9,1,0,97,1,3,0,3,5,0,3,0,0,1,2,15,21,8,1,14,0,0,1,0,15,2,22,2,0,0,6,45,0,3,4,1004,13,2,3,0
6,0,1,49,0,18,1,2,7,1,6,0,0,0,0,0,1,22,5,7,1,2,3,5,0,0,0,0,0,1,3,8,4,0,0,0,102,9,2,1,1,8,54,0,0,0,2,36,0,0,0,0,0,27,46,2,11,1755,0,0,0
0,2,1,1,2,1,0,25,0,0,0,0,1,0,0,5,14,0,0,2,0,0,9,4,0,0,1,0,2,4,24,10,75,5,0,0,2,0,1,1,0,2,0,0,0,0,2,0,0,0,0,0,0,1,4,40,0,0,988,0,0
0,0,0,0,0,1,4,0,0,0,0,11,2,0,14,5,0,0,0,1,0,3,0,0,19,1,0,1,2,2,0,1,0,14,1,0,0,0,0,0,0,0,0,1,1,0,1,0,444,39,11,1,47,0,0,0,10,0,0,2159,53
0,0,0,0,0,0,0,0,0,0,0,1,0,0,1,0,0,0,0,0,0,0,0,0,0,0,0,0,0,0,0,0,0,0,0,0,0,0,0,0,0,0,0,0,0,0,0,0,0,9,0,0,0,0,0,0,0,0,0,4,95
