0.64054,0.72161,0.41824,0.66079,0.4,0.49897,0.34783,0.58024,0.62554,0.4075,0.63523,0.55674,0.54124,0.73995,0.6489,0.70297,0.4969,0.40576,0.34921,0.42621,0.32812,0.67432,0.42257,0.53162,0.78122,0.60777,0.63296,0.97105,0.72601,0.77953,0.50753,0.62988,0.75992,0.7327,0.90842,0.82472,0.85592,0.74265,0.81635,0.57018,0.40609,0.57047,0.44181,0.86226,0.46214,0.64167,0.80344,0.86864,0.87663,0.85301,0.82138,0.69542,0.39126,0.22535,0.36051,0.50589,0.67631,0.78195,0.66486,0.72721,0.42342
0.6851
1422,41,136,284,131,4,0,23,129,0,0,0,0,0,0,0,4,7,0,0,0,0,65,0,0,0,0,0,0,0,1,0,0,0,0,0,1,0,0,0,0,40,8,0,0,0,0,8,0,0,0,0,0,4,0,0,0,0,0,0,0
35,2084,76,1,147,4,0,1,115,0,0,0,0,0,0,0,315,0,0,3,0,0,6,72,0,0,0,0,0,1,70,22,12,0,0,0,1,0,1,0,0,13,1,0,0,0,0,0,0,0,0,0,0,1,1,5,0,0,0,0,0
75,69,844,52,73,161,0,11,91,0,0,0,0,0,0,0,85,28,0,0,0,0,13,4,0,0,0,0,0,0,15,30,1,0,0,0,2,1,0,0,0,84,9,0,0,0,0,5,0,0,0,0,0,43,5,1,0,1,0,0,0
340,0,44,1350,24,7,0,8,42,0,0,0,0,0,0,0,0,53,0,0,0,0,24,0,0,0,0,0,0,0,0,0,0,0,0,0,12,0,0,0,0,90,108,0,0,0,1,11,0,0,0,0,0,15,10,0,0,32,0,0,0
32,24,21,3,448,1,0,0,4,0,0,0,0,0,0,0,5,0,0,0,0,0,2,1,0,0,0,0,0,0,1,0,0,0,0,0,2,0,0,0,0,14,0,0,0,0,1,0,0,0,0,0,0,0,0,0,0,0,0,0,0
19,22,235,37,19,1209,34,52,23,0,3,0,1,0,1,1,38,170,25,37,0,0,17,8,0,0,0,0,0,2,18,197,5,0,0,0,43,9,7,0,0,95,22,0,2,0,15,8,0,0,0,1,1,103,65,7,9,18,1,0,0
0,1,0,0,0,7,136,0,0,0,0,0,0,0,0,1,0,1,2,6,1,10,0,0,1,0,1,0,2,1,0,7,0,0,2,0,0,0,0,0,0,0,0,0,7,0,0,0,1,0,1,0,0,0,0,1,0,0,0,2,0
3,7,10,6,1,58,9,1580,9,0,0,0,0,1,0,2,33,6,4,9,0,0,393,1,0,0,1,1,0,1,26,63,6,0,0,0,2,1,1,0,0,6,6,0,3,0,3,207,0,1,0,0,0,19,16,38,1,7,0,0,0
78,56,64,7,21,7,0,3,1435,0,0,0,0,0,0,0,15,0,1,0,0,0,5,37,0,0,0,0,0,0,1,6,2,0,0,0,0,0,0,0,0,5,30,0,0,0,1,4,0,0,0,0,0,5,0,0,0,0,0,0,0
0,0,0,0,0,1,0,0,1,163,1,0,7,0,9,0,0,3,0,0,0,0,0,0,1,2,0,0,2,0,0,0,0,0,0,0,0,1,0,0,0,0,0,22,1,0,1,2,0,0,1,0,0,0,0,0,0,1,2,2,0
0,0,0,0,0,0,0,0,0,2,970,0,2,55,14,6,0,1,2,1,0,11,0,0,0,3,29,3,0,0,0,0,0,0,0,6,2,10,3,1,2,0,0,0,15,156,2,2,0,0,1,21,2,0,1,0,35,11,0,0,0
0,0,0,0,0,0,0,0,0,0,0,471,2,0,0,0,0,0,0,0,0,0,0,0,0,0,0,0,0,0,0,0,0,55,1,0,0,0,0,0,0,0,0,0,0,0,0,0,14,21,22,0,2,0,0,0,0,0,0,1,1
0,0,1,1,0,1,2,0,0,6,0,9,525,0,22,3,0,0,0,0,0,2,2,0,12,27,1,2,11,2,1,5,1,42,11,0,2,2,1,0,1,1,0,9,6,0,3,0,4,0,116,2,3,0,0,0,0,1,6,4,3
0,0,0,0,0,0,1,2,0,4,160,6,6,2043,44,102,0,0,0,4,0,27,0,0,15,3,153,8,2,5,0,0,0,7,2,46,3,9,41,2,3,0,0,0,25,61,8,0,1,3,1,403,21,0,0,1,43,4,5,7,10
0,1,1,0,0,9,1,0,0,35,22,1,33,29,974,40,3,0,1,8,0,2,0,2,13,9,6,2,4,0,9,10,1,1,1,2,14,13,5,2,26,0,0,19,7,5,6,0,2,0,23,9,54,0,2,1,59,2,4,11,1
0,0,0,0,0,3,1,6,0,0,1,0,7,37,18,1065,0,1,0,1,1,0,2,2,0,1,5,0,0,12,3,9,4,0,0,1,9,6,19,2,89,0,0,0,0,0,5,2,0,0,0,2,3,1,2,7,15,2,13,2,1
10,337,192,3,90,61,1,42,72,0,0,0,1,0,0,0,1284,5,0,3,0,0,111,116,0,0,0,0,0,2,229,120,11,0,0,0,1,0,1,0,1,94,19,0,0,0,6,8,0,0,0,0,0,20,11,16,0,0,3,0,0
6,0,6,13,2,13,0,0,0,0,0,0,0,0,0,0,0,564,0,0,1,0,1,0,0,0,0,0,0,1,0,1,0,0,0,0,47,0,0,1,0,22,7,0,0,0,1,1,0,0,0,0,0,4,3,0,1,16,0,0,0
0,0,0,0,0,3,0,0,0,0,0,0,0,0,0,0,0,0,66,3,0,0,0,0,0,0,0,0,0,0,0,2,1,0,0,0,0,5,2,0,0,0,0,0,1,0,0,0,0,0,0,0,0,0,0,0,0,0,0,0,0
0,2,2,0,0,12,6,0,0,0,0,0,1,1,3,0,0,0,4,413,3,0,0,0,0,0,0,0,0,0,0,10,2,0,0,0,2,14,27,12,2,1,0,0,1,0,2,3,0,0,0,0,0,0,3,2,2,3,1,0,0
0,0,0,0,0,0,0,0,0,0,0,0,0,0,0,0,0,0,0,1,21,0,0,0,0,0,0,0,0,0,0,0,0,0,0,0,0,0,0,7,0,0,0,0,0,0,0,0,0,0,0,0,0,0,1,0,0,0,0,0,0
0,0,0,0,0,1,6,2,0,0,6,1,0,2,5,0,0,1,5,12,0,764,0,0,16,2,3,3,9,0,0,0,2,0,1,8,0,3,1,2,0,0,0,0,22,18,8,0,1,0,6,25,12,0,1,0,8,7,1,2,0
8,15,11,1,2,8,0,401,4,0,0,0,0,0,0,0,40,1,0,0,0,0,906,5,0,0,0,0,0,0,18,8,1,0,0,0,1,0,0,0,0,2,1,0,0,0,0,78,0,0,0,0,0,8,4,10,0,2,2,0,0
0,28,2,0,0,0,0,2,52,0,0,0,0,0,0,0,36,1,0,1,1,0,3,1286,0,0,0,0,0,1,67,37,127,0,0,0,1,0,0,0,0,1,16,0,0,0,1,0,0,0,0,0,0,3,1,44,0,0,1,0,0
0,0,0,0,0,0,1,0,0,1,0,1,1,1,14,0,0,0,0,0,0,7,0,0,1464,0,0,3,2,0,0,0,0,0,4,2,0,0,0,0,0,0,0,16,4,9,0,0,4,4,7,6,111,0,0,0,24,0,0,1,2
0,0,0,0,0,0,0,0,0,5,0,0,36,0,5,0,0,1,1,1,0,1,1,0,1,688,4,0,2,2,0,3,0,3,77,0,2,1,0,0,0,1,2,4,0,0,2,3,2,0,6,0,1,0,0,0,0,1,4,0,0
0,0,0,0,0,0,0,1,0,0,42,0,2,84,13,15,0,0,0,6,0,4,2,0,0,13,1083,3,2,4,0,0,0,0,2,170,0,4,7,11,4,0,0,0,8,21,5,0,0,0,0,28,1,0,2,2,13,1,7,0,0
0,0,0,0,0,0,0,0,0,0,13,0,0,6,2,0,0,0,0,2,0,0,0,0,0,0,1,6172,1,0,0,0,0,0,0,2,0,1,1,0,0,0,0,1,714,3,2,0,0,0,0,7,0,0,0,0,0,0,0,0,0
1,0,0,0,1,1,2,1,1,1,0,0,0,0,6,2,0,1,1,2,0,8,1,0,4,5,0,3,522,48,1,2,2,0,15,0,0,0,0,0,0,0,0,18,5,0,7,0,0,3,18,0,2,0,2,1,2,1,4,6,0
2,5,0,1,0,2,1,5,2,0,1,0,0,0,0,5,15,1,0,0,0,0,1,1,0,0,0,1,33,693,5,7,9,0,3,0,4,3,2,0,3,1,4,2,0,0,3,0,0,0,0,0,0,1,0,3,3,3,16,0,0
0,51,51,3,5,105,3,56,28,0,0,0,0,0,0,0,367,5,2,11,0,0,57,251,0,0,0,0,0,2,1450,566,297,1,1,0,3,0,0,0,1,65,10,0,0,0,3,5,0,0,0,0,0,85,32,183,0,0,62,0,0
3,44,92,0,10,524,131,128,75,0,2,0,1,2,2,4,219,5,10,145,15,1,46,210,2,0,1,0,2,12,597,2631,510,0,2,6,19,4,27,38,7,32,9,1,3,0,19,22,0,0,0,1,0,133,77,271,11,0,34,7,3
0,7,0,0,0,1,3,9,9,0,0,0,0,0,0,0,9,1,5,13,9,0,1,284,0,0,0,1,0,4,145,175,4118,0,0,0,4,0,2,4,0,0,5,0,1,0,5,4,0,0,0,0,0,3,14,188,0,0,185,0,0
0,0,0,0,0,0,1,0,0,0,0,88,30,0,0,1,0,0,0,0,0,0,0,0,1,1,0,0,0,1,0,0,0,699,2,0,0,0,0,0,0,0,0,0,0,0,0,0,14,16,19,0,1,0,0,0,0,0,5,8,14
0,0,0,1,0,1,4,1,0,9,0,11,41,0,22,1,0,0,2,2,0,5,0,0,9,304,0,5,34,1,2,0,0,11,2351,8,1,1,0,0,0,0,0,29,11,0,13,0,35,3,76,1,2,0,0,0,0,1,2,3,0
0,0,0,0,0,0,1,0,0,0,17,1,1,38,4,1,0,0,1,1,0,136,0,0,16,11,213,5,9,3,0,0,0,0,8,3223,0,1,1,2,0,0,0,1,43,163,14,0,0,1,0,301,20,0,0,0,4,0,1,1,2
50,5,43,69,41,39,1,2,93,2,3,0,0,1,25,24,5,300,4,4,1,1,7,18,0,1,0,1,0,3,5,14,29,0,0,0,2709,31,25,8,35,116,111,0,1,2,15,23,0,0,0,1,2,62,65,6,18,199,17,1,0
0,0,0,0,1,5,1,2,0,13,43,0,0,7,22,7,0,2,19,38,2,3,1,4,2,1,3,4,0,5,4,13,3,0,0,0,22,2020,312,62,21,4,2,1,8,14,5,10,0,0,0,2,0,1,4,3,46,25,2,0,0
0,1,4,2,2,13,5,7,1,5,25,0,2,74,45,66,1,4,19,169,4,7,1,4,2,2,29,3,1,8,7,12,1,0,0,4,38,466,2996,407,331,4,2,0,16,7,26,4,1,1,0,42,1,3,8,8,63,13,10,2,0
0,0,0,0,0,0,0,0,0,0,5,0,0,3,0,2,0,0,1,11,1,0,0,0,1,0,24,0,0,2,0,3,2,0,0,4,4,18,71,780,6,0,0,0,5,0,4,0,0,0,0,3,0,0,2,5,2,4,4,0,0
0,0,2,0,0,4,0,3,1,0,0,0,0,0,1,28,0,1,1,0,0,0,0,7,0,0,0,0,0,1,1,2,1,0,0,0,5,8,27,8,387,2,3,0,0,0,1,1,0,0,0,0,0,0,3,1,5,0,2,0,0
30,13,96,70,62,40,0,4,10,0,0,0,0,0,0,0,18,139,1,1,0,0,4,2,0,0,0,0,0,0,5,2,1,0,0,0,21,0,0,0,0,1020,32,0,0,0,0,4,0,0,0,0,0,19,34,4,0,3,0,0,0
0,1,1,11,0,1,0,0,19,0,0,0,0,0,0,0,0,0,0,0,0,0,1,1,0,0,0,0,0,0,0,1,0,0,0,0,5,0,0,0,0,5,448,0,0,0,0,1,0,0,0,0,0,1,0,0,0,0,0,0,0
0,0,1,0,0,3,0,0,1,106,0,3,7,0,27,0,1,1,0,0,0,0,0,0,10,17,0,2,16,0,0,2,1,1,26,0,2,0,0,0,0,0,0,1227,2,1,7,0,3,3,20,0,3,0,0,0,0,0,0,0,0
0,0,0,0,0,0,3,1,0,0,8,0,0,6,1,0,0,0,0,6,0,29,0,0,7,0,4,101,12,3,0,0,0,0,1,12,0,1,1,1,0,0,0,0,435,13,37,0,0,0,0,18,3,0,0,0,3,6,2,0,0
0,0,0,0,0,0,0,0,0,2,77,0,4,16,2,0,0,0,1,0,0,14,0,0,13,1,11,6,0,0,0,0,0,0,0,36,0,1,3,1,0,0,0,2,25,1549,8,0,0,0,1,145,14,0,0,0,14,0,0,0,0
26,42,20,37,23,22,4,15,27,14,11,0,8,14,15,20,31,20,1,16,3,6,10,35,2,6,20,2,32,54,40,46,42,0,27,12,35,21,33,9,9,19,49,10,46,11,1353,7,0,0,2,52,0,4,11,12,12,50,81,0,0
70,25,32,29,14,23,3,290,41,0,1,0,0,3,1,10,25,9,3,4,0,0,433,25,0,1,0,0,0,0,13,38,49,0,0,4,20,18,6,1,9,21,32,0,0,1,13,3260,0,0,0,1,0,19,18,24,39,42,0,0,0
0,0,0,0,0,0,1,0,0,0,0,37,1,0,1,0,0,0,0,0,0,2,0,0,60,0,0,0,0,0,0,0,0,24,1,0,0,0,0,0,0,0,0,0,0,0,0,0,4448,155,36,1,79,0,0,0,0,0,0,693,15
0,0,0,0,0,0,1,0,0,0,0,73,1,0,0,0,0,0,0,0,0,0,0,0,4,0,0,0,1,0,0,0,0,9,0,0,0,0,0,0,0,0,0,0,0,0,0,0,60,1532,3,0,2,0,0,0,0,0,0,10,17
0,0,2,0,0,2,13,0,0,15,0,101,229,0,65,1,0,0,0,0,0,9,0,0,15,30,0,7,10,2,0,2,1,71,47,0,0,0,0,0,0,2,0,51,2,0,13,0,28,3,1867,1,22,0,0,0,0,0,1,12,1
0,0,0,0,0,0,1,0,0,0,64,26,8,324,29,64,0,0,0,12,0,66,0,0,38,2,116,16,2,2,0,0,0,9,2,357,2,11,35,3,3,0,0,0,125,354,58,4,9,4,20,2491,109,0,0,0,22,3,4,20,8
0,0,0,0,0,0,0,0,0,1,1,3,7,0,39,1,0,0,0,0,0,4,0,0,55,1,0,0,2,0,0,0,0,0,0,4,0,0,0,0,0,0,0,6,1,12,0,0,9,0,15,6,367,0,0,0,5,0,0,12,0
3,1,18,13,1,31,1,8,3,0,0,0,0,0,0,0,11,20,0,0,0,0,3,6,0,0,0,0,0,0,29,30,1,0,0,0,0,0,0,0,0,8,8,0,0,0,0,0,0,0,0,0,0,176,8,16,0,2,0,0,0
1,2,4,4,0,7,1,4,0,0,0,0,0,0,0,0,2,14,2,4,0,0,0,0,0,0,0,0,0,0,3,3,0,0,0,1,4,0,0,0,0,9,5,0,0,0,0,1,0,0,0,0,0,8,314,20,0,13,0,0,0
0,3,4,0,0,5,5,21,1,0,0,0,0,0,0,0,9,1,0,9,1,0,11,27,0,0,0,0,0,1,63,81,91,0,0,0,0,2,1,0,0,2,1,0,0,0,2,6,0,0,0,0,0,9,101,945,2,1,10,0,0
0,0,0,0,0,2,0,1,0,15,46,0,3,14,57,31,1,2,0,1,0,10,1,0,89,0,2,0,3,3,1,3,0,1,1,0,12,25,7,1,12,0,0,3,0,14,0,25,2,0,0,10,52,1,1,2,1005,13,2,3,1
6,0,2,45,0,18,3,4,5,1,5,0,0,0,1,0,1,21,5,6,0,1,4,6,0,0,0,1,0,0,2,6,4,0,0,0,106,9,3,2,1,7,64,0,0,0,2,33,0,0,0,0,0,28,45,2,10,1750,0,0,0
0,1,1,0,2,3,0,27,0,0,0,0,1,0,0,4,11,0,0,3,0,0,9,4,0,0,1,0,2,5,25,8,81,5,0,0,2,0,1,1,0,2,0,0,0,0,2,1,0,0,0,0,0,2,4,39,0,0,982,0,0
0,0,0,0,0,1,4,0,0,0,0,13,2,0,11,8,0,0,0,0,0,3,0,0,21,1,0,1,1,2,0,0,0,14,0,0,0,0,0,0,0,0,0,1,0,0,1,0,436,37,12,2,48,0,0,0,10,0,1,2170,49
0,0,0,0,0,0,0,0,0,0,0,1,0,0,1,0,0,0,0,0,0,0,0,0,0,0,0,0,0,0,0,0,0,1,0,0,0,0,0,0,0,0,0,0,0,0,0,0,0,9,0,0,0,0,0,0,0,0,0,4,94
