0.64871,0.72858,0.41488,0.65368,0.40302,0.50752,0.37293,0.58232,0.62408,0.41131,0.62833,0.55291,0.5343,0.73889,0.65324,0.70177,0.49467,0.41654,0.33333,0.43127,0.32353,0.67857,0.41927,0.53416,0.78472,0.64444,0.62435,0.97075,0.72977,0.76264,0.51728,0.6255,0.76002,0.73734,0.91025,0.8275,0.84858,0.7406,0.81439,0.57111,0.39958,0.56347,0.445,0.85335,0.46527,0.63946,0.80107,0.86754,0.87493,0.84283,0.8133,0.7044,0.40066,0.22535,0.34193,0.5092,0.66579,0.78255,0.67989,0.72465,0.39485
0.68552
1409,33,138,294,136,6,0,21,129,0,0,0,0,0,0,0,5,6,0,0,0,0,67,0,0,0,0,0,0,0,1,1,0,0,0,0,1,0,0,0,0,42,8,0,0,0,0,9,0,0,0,0,0,2,0,0,0,0,0,0,0
35,2083,76,2,144,3,0,0,113,0,0,0,0,0,0,0,315,0,1,3,0,0,6,76,0,0,0,0,0,1,73,23,10,0,0,0,2,0,0,0,0,13,1,0,0,0,1,1,0,0,0,0,0,0,1,4,0,0,0,0,0
85,70,831,53,69,171,0,10,91,0,0,0,0,0,0,0,78,26,0,0,0,0,11,5,0,0,0,0,0,0,15,35,1,0,0,0,4,0,0,0,0,92,10,0,0,0,1,4,0,0,0,0,0,31,6,2,0,2,0,0,0
318,0,49,1376,27,5,0,9,44,0,0,0,0,0,0,0,0,50,0,0,0,0,24,0,0,0,0,0,0,0,1,0,0,0,0,0,13,0,0,0,0,90,96,0,0,0,1,11,0,0,0,0,0,9,10,0,0,38,0,0,0
29,24,17,3,453,2,0,0,4,0,0,0,0,0,0,0,5,0,0,0,0,0,2,1,0,0,0,0,0,0,1,0,0,0,0,0,2,0,0,0,0,15,0,0,0,0,1,0,0,0,0,0,0,0,0,0,0,0,0,0,0
19,19,221,40,19,1248,27,49,21,0,3,0,0,0,0,1,47,166,24,39,0,0,17,8,0,0,0,0,0,4,19,184,4,0,0,0,52,8,6,0,0,90,25,0,2,0,12,12,0,0,0,2,1,86,65,8,10,19,2,0,0
0,1,0,0,0,9,135,0,0,0,0,0,0,0,0,1,0,1,2,4,0,8,0,1,1,0,2,0,1,1,0,9,0,0,3,1,0,0,0,0,0,0,0,1,3,0,0,0,0,0,0,0,1,0,2,2,0,0,0,2,0
4,6,11,6,2,50,9,1574,10,0,0,0,0,0,0,2,34,5,6,6,0,0,403,4,0,0,1,1,0,1,24,67,5,0,0,0,4,1,0,0,1,5,5,0,3,0,4,202,0,0,1,0,0,21,15,38,2,7,0,0,1
65,55,67,9,20,7,0,4,1441,0,0,0,0,0,0,0,15,0,1,0,0,0,6,36,0,0,0,0,0,0,1,5,3,0,0,0,0,0,0,0,0,7,32,0,0,0,1,3,0,0,0,0,0,5,0,0,0,0,0,0,0
0,0,0,0,0,1,0,1,1,160,1,0,6,0,12,0,0,3,0,0,0,1,1,0,0,2,0,0,1,0,0,0,0,0,0,0,0,1,0,0,0,0,0,22,1,0,1,1,0,0,1,0,0,0,0,0,1,2,2,1,0
0,0,0,0,0,0,0,0,0,0,967,0,0,57,13,7,0,1,1,0,0,11,0,0,0,3,26,4,0,0,0,0,0,0,0,7,2,9,2,1,1,0,0,0,13,166,3,2,0,0,1,23,2,0,1,0,35,11,0,0,0
0,0,0,0,0,0,0,0,0,0,0,465,2,0,0,0,0,0,0,0,0,0,0,0,0,0,0,0,0,0,0,0,0,51,1,0,0,0,0,0,0,0,0,0,0,0,0,0,12,33,17,0,2,0,0,0,0,0,0,3,4
0,0,1,0,0,3,2,0,0,9,0,11,514,1,31,3,1,1,0,0,0,0,2,0,10,25,0,2,13,4,2,2,0,43,10,1,0,2,0,0,0,2,0,12,6,0,2,0,6,0,112,0,2,0,0,0,0,1,10,4,3
0,0,0,0,0,0,1,2,0,2,162,5,5,2046,42,102,0,0,0,4,0,22,0,0,15,4,164,9,1,4,0,0,0,4,0,37,5,4,44,4,3,0,0,0,26,61,7,0,2,3,2,405,23,1,0,1,45,3,5,8,8
0,2,1,0,0,9,1,0,0,32,24,1,31,25,989,39,1,1,1,7,0,4,0,3,12,5,7,5,4,3,7,6,2,0,2,2,13,14,7,1,28,0,0,17,7,7,8,0,2,0,22,10,50,0,3,1,55,1,4,9,0
0,1,0,0,0,1,1,6,1,0,0,0,6,37,21,1073,0,1,0,1,1,0,2,0,0,1,5,0,1,13,4,12,7,0,0,2,8,7,14,3,85,0,0,0,0,0,5,4,0,0,0,0,2,0,3,8,13,0,8,0,3
9,329,189,3,88,64,1,45,69,0,0,0,1,0,0,0,1299,2,0,1,1,0,113,114,0,0,0,0,0,1,216,131,11,0,0,0,1,0,1,0,1,100,18,0,0,0,6,6,0,0,0,0,0,16,11,16,0,0,7,0,0
5,0,5,12,3,15,0,0,0,0,0,0,0,0,0,0,0,569,0,0,1,0,0,0,0,0,0,0,0,0,0,1,0,0,0,0,46,0,0,1,0,22,7,0,0,0,1,1,0,0,0,0,0,2,3,0,1,16,0,0,0
0,0,0,0,0,4,0,0,0,0,0,0,0,0,0,0,0,0,67,2,0,0,0,0,0,0,0,0,0,0,0,1,1,0,0,0,0,5,2,0,0,0,0,0,1,0,0,0,0,0,0,0,0,0,0,0,0,0,0,0,0
0,1,1,0,0,13,9,0,0,0,0,0,1,0,4,0,0,0,3,411,4,1,0,0,0,0,0,0,0,0,0,7,1,0,0,0,2,12,28,12,4,1,0,0,1,0,3,3,0,0,0,0,0,0,5,2,2,2,1,0,0
0,0,0,0,0,0,0,0,0,0,0,0,0,0,0,0,0,0,0,1,22,0,0,0,0,0,0,0,0,0,0,0,0,0,0,0,0,0,0,6,0,0,0,0,0,0,0,0,0,0,0,0,0,0,1,0,0,0,0,0,0
0,0,0,0,0,1,5,2,0,0,7,0,0,4,4,0,0,1,4,16,0,760,0,0,18,1,0,4,8,0,0,0,2,1,2,8,0,3,2,3,0,0,0,0,23,20,10,1,0,0,3,23,14,0,1,0,7,6,1,1,0
6,13,12,1,4,4,0,388,4,0,0,0,0,0,0,0,41,1,0,0,0,0,914,5,0,0,0,0,0,0,20,7,2,0,0,0,1,0,0,0,0,2,3,0,0,0,0,77,0,0,0,0,0,9,7,12,0,2,2,0,0
0,27,2,0,0,0,0,3,52,0,0,0,0,0,0,0,38,0,0,1,1,0,2,1290,0,0,0,0,0,1,62,41,130,0,0,0,1,0,0,0,0,1,15,0,0,0,1,0,0,0,0,0,0,2,2,39,0,0,1,0,0
0,0,0,0,0,0,1,0,0,1,0,2,0,0,15,0,0,0,0,0,0,4,0,0,1469,0,0,4,1,0,0,0,0,0,3,2,0,0,0,0,0,0,0,17,3,10,1,0,3,4,6,3,101,0,0,0,36,0,0,1,2
0,0,0,0,0,0,1,0,0,4,0,0,34,0,9,0,0,1,0,2,0,1,1,0,1,696,4,0,2,3,0,1,0,4,67,0,3,0,1,0,0,0,1,4,0,0,1,3,1,0,6,0,1,1,0,1,0,1,3,2,0
0,0,0,0,0,0,0,1,0,0,43,0,4,94,8,19,0,0,0,7,1,3,0,0,0,8,1077,2,2,3,0,0,0,0,2,170,0,4,6,14,5,0,0,0,7,18,6,1,0,0,0,32,0,0,1,2,12,0,8,0,0
0,0,0,0,0,0,0,0,0,0,13,0,0,8,1,0,0,0,0,3,0,0,0,0,0,0,1,6173,2,0,0,0,0,0,0,1,0,0,1,0,0,0,0,1,710,2,2,0,0,0,0,10,0,0,0,0,0,0,0,0,0
0,0,0,1,1,1,5,0,0,0,0,0,0,0,6,2,0,0,1,1,0,8,2,0,3,7,0,4,532,47,0,3,1,0,15,0,0,0,0,0,0,1,0,15,2,0,7,0,1,2,16,0,2,0,2,0,2,1,5,4,0
2,5,0,1,1,3,1,6,1,0,1,0,0,0,0,2,11,2,0,1,0,0,2,2,0,0,0,1,37,694,8,7,6,0,3,0,7,4,2,0,2,0,3,2,0,0,1,0,0,0,1,0,0,0,0,2,4,1,15,0,0
0,50,52,1,5,104,2,61,27,0,0,0,0,0,0,0,371,6,3,11,0,0,59,254,0,0,0,0,0,3,1467,565,294,0,1,0,2,0,0,1,1,65,12,0,0,0,3,6,0,0,0,0,0,78,26,176,0,1,53,0,1
2,49,98,0,6,522,122,127,75,0,1,0,1,2,2,4,229,5,6,162,13,1,45,204,1,0,1,0,2,17,581,2639,508,0,2,6,19,5,28,35,5,28,11,0,4,1,29,22,0,0,0,1,0,125,77,274,10,1,32,6,4
0,8,0,0,0,0,3,9,10,0,0,0,0,0,0,0,7,2,3,12,7,0,1,273,0,0,0,1,0,4,134,195,4133,0,0,0,4,0,4,4,0,0,5,0,1,0,4,4,0,0,0,0,0,5,14,193,0,0,169,0,0
0,0,0,0,0,0,0,1,0,0,0,87,28,0,0,1,0,0,0,0,0,1,0,0,1,0,0,0,0,1,0,0,0,699,2,0,0,0,0,0,0,0,0,0,0,0,0,0,10,20,21,0,0,0,0,0,0,0,6,8,15
0,0,0,1,0,0,2,1,0,12,0,12,36,0,17,1,0,0,3,2,0,6,0,0,10,274,0,4,32,0,1,0,0,11,2363,8,2,3,0,0,0,0,0,38,11,0,13,0,38,4,88,1,2,0,0,0,1,2,2,2,0
0,0,0,0,0,0,0,0,0,0,16,0,0,37,4,1,0,0,1,1,0,145,0,0,12,8,226,4,7,7,0,0,0,0,8,3214,0,1,1,2,0,0,0,1,45,170,13,0,1,2,0,291,18,0,0,0,3,0,1,1,3
43,3,46,75,41,41,1,4,103,1,5,0,0,1,19,23,3,289,6,4,0,1,5,18,0,0,0,0,0,4,7,12,32,0,0,0,2690,40,22,8,36,126,107,0,2,2,12,25,0,0,0,0,2,59,71,5,24,202,16,2,0
0,1,1,0,1,4,0,2,0,14,45,0,0,4,21,6,2,3,27,33,2,5,1,4,1,2,5,3,0,2,3,13,3,0,0,0,20,2010,316,56,30,3,3,0,9,13,9,9,0,0,0,3,1,3,5,2,47,20,2,0,0
0,0,3,2,2,11,3,6,2,5,22,0,3,79,41,62,0,4,19,152,7,7,0,5,2,1,33,2,2,10,10,12,2,0,0,2,39,463,3023,403,336,3,2,0,13,6,21,5,0,1,0,32,3,3,16,7,70,10,9,3,0
0,0,0,0,0,0,0,1,0,0,6,0,0,2,0,4,0,0,2,8,1,0,0,0,1,0,23,0,0,1,0,2,2,0,0,3,2,19,83,775,7,0,0,0,3,0,3,0,0,0,0,3,0,0,3,3,2,4,4,0,0
1,0,1,0,0,2,0,2,1,0,0,0,0,0,3,28,0,0,1,1,0,0,1,5,0,0,0,0,1,4,1,2,1,0,0,0,4,8,34,5,384,2,4,0,0,0,0,1,0,0,0,0,0,0,3,0,4,0,2,0,0
31,11,98,82,61,39,0,4,10,0,0,0,0,0,0,0,21,137,1,0,0,0,4,2,0,0,0,0,0,0,3,2,1,0,0,0,20,0,0,0,0,1012,32,0,0,0,0,4,0,0,0,0,0,13,40,4,0,3,0,0,0
0,0,2,9,0,1,0,0,20,0,0,0,0,0,0,0,0,1,0,0,0,0,1,1,0,0,0,0,0,0,0,1,0,0,0,0,4,0,0,0,0,4,449,0,0,0,0,1,0,0,0,0,0,0,1,0,0,1,0,0,0
1,1,0,0,0,1,0,0,0,103,0,4,9,0,25,0,2,1,0,0,0,0,0,0,12,12,0,1,24,0,0,2,0,1,31,0,3,0,0,0,0,0,0,1222,1,1,6,0,2,3,22,0,2,0,0,0,1,0,0,0,0
0,0,0,0,0,1,1,1,0,0,10,0,1,7,2,0,0,0,0,4,0,28,0,0,7,0,3,100,10,4,0,0,0,0,1,14,0,3,1,1,0,0,0,0,435,14,37,1,0,0,1,15,3,0,0,0,3,5,1,0,0
0,0,0,0,0,0,1,0,0,3,79,0,3,16,1,0,0,0,0,0,0,13,0,0,15,0,12,8,0,0,0,0,0,0,0,41,0,3,2,1,0,0,0,2,23,1559,8,0,0,0,0,133,11,0,0,0,12,0,0,0,0
22,41,22,42,20,26,1,12,26,10,11,0,4,12,13,26,31,19,3,12,3,6,10,42,2,8,17,2,24,54,41,47,47,0,28,16,38,22,27,12,7,16,51,13,43,11,1345,9,0,0,6,52,0,7,12,10,15,51,81,0,1
72,19,28,26,17,23,1,293,46,0,1,0,1,2,1,14,30,8,5,3,0,0,445,29,0,0,0,0,0,1,17,33,50,0,0,4,29,18,8,1,8,21,27,0,0,0,10,3242,0,0,0,1,0,19,17,22,36,41,1,0,0
0,0,0,0,0,0,1,0,0,0,0,36,2,0,1,0,0,0,0,0,0,2,0,0,55,0,0,1,0,0,0,0,0,24,1,0,0,0,0,0,0,0,0,0,0,0,0,0,4442,155,41,1,81,0,0,0,0,0,0,695,16
0,0,0,0,0,0,1,0,0,0,0,70,1,0,0,0,0,0,0,0,0,0,0,0,5,0,0,0,1,0,0,0,0,12,0,0,0,0,0,0,0,0,0,0,1,0,0,0,64,1523,5,0,2,0,0,0,0,0,0,9,19
0,0,1,0,1,0,8,0,0,14,0,107,250,0,71,1,1,0,0,1,2,10,1,0,15,19,0,5,11,2,1,1,1,63,45,0,0,0,0,0,0,2,0,55,5,0,9,0,33,4,1847,1,19,0,0,0,0,0,1,17,1
0,0,0,0,0,0,4,0,0,0,70,31,7,316,32,63,0,0,1,8,0,56,0,0,38,3,114,18,3,1,0,0,0,8,3,340,2,14,37,5,2,0,0,0,120,352,62,3,10,6,18,2514,99,0,0,0,27,3,5,21,7
0,0,0,0,0,0,0,0,0,2,1,3,6,0,40,1,0,0,0,0,0,1,0,0,57,0,0,0,1,0,0,0,0,0,0,3,0,0,0,0,0,0,0,7,2,11,0,0,10,0,17,7,363,0,0,0,5,0,0,14,0
4,2,22,14,1,32,2,8,4,0,0,0,0,0,0,0,11,16,0,3,0,0,5,4,0,0,0,0,0,0,29,35,2,0,0,0,0,0,0,0,0,8,9,0,0,0,0,1,0,0,0,0,0,160,7,16,0,2,0,0,0
1,1,2,3,0,6,1,3,0,0,0,0,0,0,0,0,2,11,2,5,0,0,2,0,0,0,0,0,0,0,2,6,0,0,0,1,3,1,0,0,0,12,10,0,0,0,1,0,0,0,0,0,0,11,305,22,0,13,0,0,0
0,3,3,0,0,6,3,21,0,0,0,0,0,0,0,0,11,0,0,11,2,0,10,21,0,0,0,0,0,1,62,85,90,0,0,0,0,2,1,0,0,4,1,0,0,0,1,6,0,0,0,0,0,14,105,941,3,1,7,0,0
0,0,1,0,0,1,0,2,0,17,46,0,3,19,52,31,1,2,0,1,0,11,1,0,89,0,3,0,2,6,0,3,0,0,1,1,14,18,8,0,15,0,0,2,0,14,3,23,2,0,1,5,48,0,0,2,1012,13,2,3,0
9,0,1,49,0,15,1,3,4,0,5,0,0,0,0,0,2,25,7,7,0,2,4,4,0,0,0,0,0,0,1,9,5,0,0,0,106,10,1,2,0,6,62,0,0,0,2,34,0,0,0,0,0,24,46,2,12,1749,0,0,0
0,1,1,0,2,3,0,21,0,0,0,0,1,0,0,4,12,0,0,2,0,0,10,4,0,0,1,0,2,6,22,11,81,4,0,0,2,0,0,1,0,1,0,0,0,0,2,0,0,0,0,0,0,4,5,31,0,0,994,0,1
0,0,0,0,0,1,5,0,0,0,0,6,2,0,13,7,0,0,0,0,0,2,0,0,20,1,0,1,2,2,0,1,0,21,2,0,0,0,0,0,0,0,0,1,0,0,0,0,438,38,16,1,51,0,0,0,8,0,0,2158,52
0,0,0,0,0,0,0,0,0,0,0,1,0,0,1,1,0,0,0,0,0,0,0,0,0,0,0,0,0,0,0,0,0,2,0,0,0,0,0,0,0,0,0,0,0,0,0,0,0,9,0,0,0,0,0,0,0,0,0,4,92
