0.64733,0.72893,0.41902,0.66006,0.3986,0.50621,0.35925,0.58367,0.62418,0.41755,0.63255,0.54877,0.52357,0.74419,0.63869,0.70728,0.50077,0.42018,0.35484,0.41429,0.32857,0.67647,0.42497,0.53355,0.7793,0.619,0.63173,0.97003,0.7264,0.77728,0.51098,0.6312,0.76,0.7384,0.90751,0.82453,0.85228,0.74502,0.81371,0.57567,0.39435,0.56226,0.44301,0.86123,0.47372,0.63998,0.79799,0.87166,0.87631,0.85778,0.81854,0.69611,0.39437,0.22517,0.35114,0.50213,0.68022,0.78439,0.67462,0.72328,0.37066
0.68556
1406,41,140,289,129,7,0,20,135,0,0,0,0,0,0,0,5,7,0,0,0,0,70,0,0,0,0,0,0,0,1,0,0,0,0,0,1,0,0,0,0,39,8,0,0,0,0,7,0,0,0,0,0,3,0,0,0,0,0,0,0
32,2076,75,1,154,4,0,0,120,0,0,0,0,0,0,0,306,0,0,3,1,0,6,79,0,0,0,0,0,1,76,22,9,0,0,0,2,0,0,1,0,11,1,0,0,0,1,1,0,0,0,0,0,0,1,4,0,0,0,0,0
76,68,846,49,78,152,1,12,87,0,0,0,0,0,0,0,84,26,0,0,0,0,14,4,0,0,0,0,0,0,17,29,1,0,0,0,3,1,0,0,0,87,10,0,1,0,1,5,0,0,0,0,0,42,7,1,0,1,0,0,0
324,0,40,1365,30,7,0,8,41,0,0,0,0,0,0,0,0,49,0,0,0,0,24,0,0,0,0,0,0,0,0,0,0,0,0,0,12,0,0,0,0,105,97,0,0,0,1,11,0,0,0,0,0,15,8,0,0,34,0,0,0
32,23,19,3,454,1,0,0,4,0,0,0,0,0,0,0,3,0,0,0,0,0,2,1,0,0,0,0,0,0,1,0,0,0,0,0,3,0,0,0,0,12,0,0,0,0,1,0,0,0,0,0,0,0,0,0,0,0,0,0,0
18,19,232,40,19,1223,38,51,27,0,3,0,0,0,0,1,50,149,22,39,0,0,16,6,0,1,0,0,0,0,16,193,5,0,0,0,49,10,4,0,0,93,27,0,3,0,16,10,0,0,0,1,1,94,65,8,11,18,1,0,0
0,1,0,0,0,10,134,0,0,0,0,0,0,0,1,2,0,1,0,5,0,10,0,0,0,0,2,2,1,0,0,8,0,0,2,1,0,1,0,0,0,0,0,0,2,0,0,0,0,0,1,0,1,0,1,2,0,0,0,2,1
4,8,11,6,1,51,8,1587,10,0,0,0,0,0,0,2,34,4,5,8,0,0,405,3,0,0,1,1,1,1,28,61,5,0,0,0,3,0,0,0,2,7,4,0,2,0,3,198,0,0,0,0,0,17,16,34,2,6,0,0,2
74,54,69,8,20,7,0,4,1435,0,0,0,0,0,0,0,13,0,1,0,0,0,8,36,0,0,0,0,0,0,0,6,2,0,0,0,0,0,0,0,0,5,30,0,0,0,1,3,0,0,0,0,0,7,0,0,0,0,0,0,0
0,0,0,0,0,0,0,1,1,157,1,0,7,0,11,0,0,3,0,0,0,2,1,0,1,4,0,0,1,0,0,1,0,0,0,0,0,1,0,0,0,0,0,23,0,0,1,1,0,0,2,0,0,0,0,0,0,1,2,1,0
0,0,0,0,0,0,0,0,0,0,964,0,2,53,14,8,0,1,1,3,0,11,0,0,0,3,25,2,0,0,0,0,0,0,0,11,2,11,2,1,1,0,0,0,16,161,1,3,0,0,1,25,2,0,1,0,35,9,0,0,0
0,0,0,0,0,0,0,0,0,0,0,467,2,0,0,0,0,0,0,0,0,0,0,0,0,0,0,0,0,0,0,0,0,53,1,0,0,0,0,0,0,0,0,0,0,0,0,0,13,22,24,0,2,0,0,0,0,0,0,1,5
0,0,1,0,0,2,1,0,0,9,0,10,511,0,28,2,1,1,0,3,0,0,1,0,11,28,0,2,14,4,2,4,1,40,11,1,0,2,0,0,1,3,0,12,7,0,2,0,3,0,114,2,6,0,0,0,0,1,6,4,2
0,0,0,0,0,0,1,2,0,2,153,9,8,2051,47,88,0,0,0,6,0,22,0,0,16,2,158,11,2,5,0,0,0,5,0,41,3,9,44,5,2,0,0,0,24,56,8,0,0,4,1,409,20,1,0,1,47,3,5,6,14
0,1,1,0,0,10,3,0,0,25,26,0,35,26,974,37,2,0,0,7,0,2,0,3,13,6,6,3,5,3,10,8,1,0,2,2,12,14,8,2,30,0,0,19,7,7,5,0,2,0,25,10,56,1,2,1,58,2,3,10,0
0,0,1,0,0,0,1,4,0,0,1,0,8,35,21,1068,0,3,1,2,0,0,0,2,0,0,4,0,2,14,4,13,5,0,0,2,4,9,19,3,84,0,0,0,0,0,8,3,0,0,0,1,3,0,0,7,15,1,10,1,1
6,328,189,3,89,61,1,48,71,0,0,0,0,0,0,0,1306,2,0,2,0,0,110,117,0,0,0,0,0,2,215,127,10,0,0,0,2,0,1,0,1,91,20,0,0,0,5,6,0,0,0,0,0,22,12,16,0,0,7,0,0
4,0,5,16,1,16,0,0,0,0,0,0,0,0,0,0,0,558,0,0,1,0,0,0,0,0,0,0,0,0,0,1,0,0,0,0,51,0,0,1,0,25,9,0,0,0,2,1,0,0,0,0,0,4,3,0,0,13,0,0,0
0,0,0,0,0,4,0,0,0,0,0,0,0,0,0,0,0,0,66,3,0,0,0,0,0,0,0,0,0,0,0,0,1,0,0,0,0,5,3,0,0,0,0,0,1,0,0,0,0,0,0,0,0,0,0,0,0,0,0,0,0
0,1,1,0,0,14,7,0,0,0,1,0,0,1,2,0,0,0,6,406,4,1,0,0,0,0,0,0,0,0,2,8,2,0,0,0,1,13,28,10,2,1,0,0,1,0,3,3,0,0,1,0,1,1,5,2,2,3,1,0,0
0,0,0,0,0,0,0,0,0,0,0,0,0,0,0,0,0,0,0,1,23,0,0,0,0,0,0,0,0,0,0,0,0,0,0,0,0,0,0,5,0,0,0,0,0,0,0,0,0,0,0,0,0,0,1,0,0,0,0,0,0
0,0,0,0,0,1,5,2,0,0,3,0,0,2,4,0,0,2,3,16,0,759,0,0,14,1,1,3,10,0,0,0,2,1,1,8,0,3,0,2,0,0,0,1,21,19,9,0,1,0,5,31,16,0,1,0,11,7,1,0,0
8,13,9,2,1,6,0,386,3,0,0,0,0,0,0,0,43,2,0,0,0,0,926,4,0,0,0,0,0,0,21,6,1,0,0,0,1,0,0,0,0,2,2,0,0,0,0,70,0,0,0,0,0,12,5,11,0,1,2,0,0
0,26,2,0,0,0,0,3,52,0,0,0,0,0,0,0,38,0,0,1,2,0,2,1296,0,0,0,0,0,1,70,31,124,0,0,0,1,0,0,0,0,1,15,0,0,0,1,0,0,0,0,0,0,4,2,39,0,0,1,0,0
0,0,0,0,0,0,1,0,0,1,0,1,0,1,15,0,0,0,0,0,0,5,0,0,1476,0,0,3,2,0,0,0,0,1,3,2,0,0,0,0,0,0,0,17,5,9,1,0,3,5,5,5,101,0,0,0,24,0,0,1,2
0,0,0,0,0,0,1,1,0,5,0,0,31,0,8,0,0,1,0,3,0,1,0,0,1,684,4,0,3,2,0,2,0,3,79,0,3,1,0,0,0,0,2,5,0,0,1,3,0,0,7,0,1,0,0,1,0,1,3,3,0
0,0,0,0,0,0,0,2,0,0,40,0,1,84,10,15,0,0,0,4,0,5,1,0,0,9,1103,2,2,3,0,0,0,0,1,169,0,2,6,7,4,0,0,0,7,22,8,0,0,0,0,29,0,0,2,2,12,0,8,0,0
0,0,0,0,0,0,0,0,0,0,13,0,0,7,1,0,0,0,0,4,0,0,0,0,0,0,0,6149,3,0,0,0,0,0,0,2,0,2,0,0,0,0,0,1,730,3,2,0,0,0,0,10,0,0,1,0,0,0,0,0,0
0,0,1,0,1,1,1,0,0,1,0,0,0,0,5,2,0,1,0,1,0,8,2,0,5,4,0,3,531,46,0,2,2,0,20,0,0,0,0,0,0,0,0,15,3,0,10,0,1,2,14,0,3,0,3,0,2,1,5,4,0
2,5,2,1,1,1,0,6,2,0,0,0,0,0,0,4,14,1,0,2,0,0,1,2,0,0,0,1,29,698,6,3,7,0,2,0,4,6,2,0,1,1,4,2,0,0,6,0,0,0,2,0,0,1,0,3,3,2,14,0,0
0,58,49,4,8,102,2,60,24,0,0,0,0,0,0,0,363,5,4,11,0,0,52,245,0,0,0,0,0,2,1466,574,290,0,1,0,3,0,0,2,1,64,13,0,0,0,5,7,0,0,0,0,0,73,26,187,0,0,59,1,0
3,45,97,0,7,506,116,126,64,0,1,0,0,2,1,6,220,4,5,169,14,0,43,200,1,0,1,0,1,14,605,2646,523,0,2,5,23,4,29,38,5,34,13,1,3,1,23,22,0,0,1,0,0,124,68,279,10,0,35,7,3
0,6,0,0,0,1,2,9,8,0,0,0,0,0,0,0,8,2,5,12,6,0,1,290,0,0,0,1,0,4,141,185,4123,0,0,0,4,0,3,5,0,1,5,0,1,0,3,5,0,0,0,0,0,3,16,190,0,0,169,0,0
0,0,0,0,0,0,0,0,0,0,0,83,35,0,0,3,0,0,0,0,0,1,0,0,1,1,0,0,0,1,0,0,0,700,2,0,0,0,0,0,0,0,0,0,0,0,0,0,13,15,14,0,1,0,0,0,0,0,6,9,16
0,0,0,1,0,1,6,1,0,10,0,12,48,0,17,0,0,1,3,4,0,5,0,0,10,297,0,4,34,0,2,0,0,10,2345,7,2,2,0,0,0,1,0,29,9,0,16,0,36,7,71,2,3,0,0,0,1,3,2,1,0
0,0,0,0,0,0,3,0,0,0,16,0,1,34,3,2,0,0,0,0,0,142,0,0,16,12,235,6,9,4,0,0,0,0,5,3200,0,1,0,2,0,0,0,0,47,170,11,0,0,1,0,303,14,0,0,0,3,0,1,2,1
47,1,46,68,39,45,0,2,102,2,3,0,0,3,18,23,6,280,5,5,0,2,5,20,0,1,0,0,0,6,10,12,29,0,0,0,2706,33,24,5,38,121,109,0,2,2,14,29,0,0,0,1,1,65,70,5,18,199,14,2,0
2,1,0,0,1,5,1,3,0,15,43,0,0,5,21,7,1,3,20,35,2,5,1,3,2,2,2,4,0,1,5,14,3,0,0,0,23,2019,328,49,29,3,2,1,8,13,7,9,0,0,0,1,0,1,3,3,40,21,2,0,0
0,0,2,3,3,9,2,5,1,4,27,0,1,75,45,66,1,3,23,166,10,8,0,4,2,3,31,2,1,12,6,13,3,0,0,5,39,435,3027,408,337,4,2,0,15,6,23,4,1,1,0,32,2,1,12,8,61,14,8,2,1
0,0,0,0,0,0,0,0,0,0,5,0,0,3,0,3,0,0,2,6,0,0,0,0,0,0,24,0,0,1,1,3,3,0,0,5,3,20,77,776,6,0,0,0,6,0,3,0,0,0,0,3,1,0,3,3,2,4,4,0,0
1,0,2,0,0,2,0,3,1,0,0,0,0,0,1,31,0,1,1,0,0,0,1,5,0,0,0,0,0,1,1,3,0,0,0,0,2,14,32,5,377,1,6,0,0,0,2,1,0,0,0,0,0,0,3,2,4,0,3,0,0
32,11,95,70,63,37,0,4,12,0,0,0,0,0,0,0,19,137,0,0,0,0,4,2,0,0,0,0,0,0,4,2,1,0,0,0,22,0,0,1,0,1025,31,0,0,0,0,3,0,0,0,0,0,15,35,5,0,5,0,0,0
0,1,0,10,0,1,0,0,19,0,0,0,0,0,0,0,0,1,0,0,0,0,2,1,0,0,0,0,0,0,0,1,0,0,0,0,5,0,0,0,0,5,447,0,0,0,0,1,0,0,0,0,0,1,1,0,0,0,0,0,0
1,0,1,0,0,2,1,0,0,95,0,3,14,0,31,0,1,1,0,0,0,0,0,0,11,15,0,1,17,0,0,2,0,2,25,0,2,0,0,0,0,0,0,1235,2,1,4,0,2,3,19,0,2,0,0,0,0,0,0,0,0
0,0,0,0,0,1,1,1,0,0,11,0,0,6,2,0,0,0,0,6,0,28,0,0,7,0,1,104,13,2,0,0,0,0,1,11,0,1,1,1,0,0,0,0,436,13,35,0,0,0,1,20,3,0,0,0,2,5,1,0,0
0,0,0,0,0,0,0,0,0,2,76,0,4,16,2,0,0,0,0,0,0,16,0,0,14,0,10,8,0,0,0,0,0,0,0,45,0,2,1,1,0,0,0,2,21,1543,7,0,0,0,1,142,18,0,0,0,15,0,0,0,0
21,39,20,40,21,29,3,15,28,18,14,0,5,16,14,24,27,16,2,10,4,5,10,40,2,8,17,1,26,49,36,43,45,0,33,14,34,21,32,10,9,23,50,11,43,11,1347,8,0,0,7,52,0,7,10,13,12,50,84,0,0
70,18,33,26,15,22,2,292,44,0,1,0,1,3,4,12,29,7,3,3,0,0,438,26,0,0,0,0,0,2,13,37,48,0,0,5,22,19,5,1,10,20,27,0,0,0,9,3260,0,0,0,2,0,19,17,27,36,42,0,0,0
0,0,0,0,0,0,0,0,0,0,0,39,0,0,1,0,0,0,0,0,0,3,0,0,56,0,0,1,0,0,0,0,0,24,1,0,0,0,0,0,0,0,0,0,0,0,0,0,4435,145,43,1,74,0,0,0,0,0,0,705,26
0,0,0,0,0,0,1,0,0,0,0,73,1,0,0,0,0,0,0,0,0,0,0,0,3,0,0,0,1,0,0,0,0,10,0,0,0,0,0,0,0,0,0,0,0,0,0,0,59,1532,5,0,1,0,0,0,0,0,0,8,19
0,0,0,0,1,0,12,0,0,13,0,109,243,0,75,1,2,0,0,1,0,9,0,0,16,21,0,7,13,1,0,0,1,68,42,0,0,0,0,0,0,2,0,51,2,0,14,0,29,4,1845,1,27,0,0,0,0,0,1,12,2
0,0,0,0,0,0,3,0,0,0,68,30,7,319,31,57,0,0,0,11,1,55,0,0,35,3,118,17,2,2,0,0,0,10,4,339,1,15,34,3,2,0,0,0,113,349,63,4,9,4,14,2522,116,0,0,0,22,4,5,22,9
0,0,0,0,0,0,0,0,0,1,1,3,5,0,37,1,0,0,0,0,0,1,0,0,63,0,0,0,1,1,0,0,0,0,0,3,0,0,0,0,0,0,0,5,2,11,0,0,8,0,19,6,364,0,0,0,4,0,0,15,0
2,1,19,13,0,31,1,9,2,0,0,0,0,0,0,0,10,19,0,1,0,0,5,5,0,0,0,0,0,0,29,32,2,0,0,0,0,0,0,0,0,10,7,0,0,0,0,2,0,0,0,0,0,170,8,17,0,2,0,0,0
0,1,3,3,0,8,1,0,0,0,0,0,0,0,0,0,1,13,2,4,0,0,4,0,0,0,0,0,0,0,3,4,0,0,0,1,4,0,0,0,0,13,7,0,0,0,0,1,0,0,0,0,0,9,309,22,0,13,0,0,0
0,1,5,0,0,6,5,23,1,0,0,0,0,0,0,0,11,0,0,7,1,0,11,24,0,0,0,0,0,1,59,76,92,0,0,0,0,2,2,0,1,4,1,0,0,0,0,5,0,0,0,0,0,13,109,943,1,1,10,0,0
0,0,0,0,0,1,0,1,0,15,47,0,2,14,62,33,1,1,0,1,0,11,1,0,98,0,2,0,2,5,0,3,0,0,1,1,15,20,6,1,12,0,0,3,0,14,2,21,3,0,0,9,44,1,2,1,1004,11,3,4,0
7,0,2,47,0,26,3,4,5,1,6,0,0,0,0,0,1,23,6,7,1,2,3,6,0,0,0,0,0,1,1,7,4,0,0,0,106,12,2,2,1,7,60,0,0,0,2,32,0,0,0,0,0,26,45,2,10,1739,0,0,0
0,1,1,0,3,1,0,24,0,0,0,0,1,0,0,6,8,0,0,2,0,0,9,5,0,0,1,0,2,7,18,10,80,5,0,0,2,0,0,1,0,2,0,0,0,0,1,1,0,0,0,0,0,3,7,39,0,0,989,0,0
0,0,0,0,0,2,5,0,0,0,0,11,3,0,18,6,0,0,0,0,0,3,0,0,20,0,0,1,3,1,0,0,0,15,0,1,0,0,0,0,0,0,0,1,1,0,0,0,443,33,12,3,39,0,0,0,9,0,1,2159,59
0,0,0,0,0,0,0,0,0,0,0,1,0,0,1,0,0,0,0,0,0,0,0,0,0,0,0,0,0,0,0,0,0,1,0,0,0,0,0,0,0,0,0,0,0,0,0,0,0,8,0,0,0,0,0,0,0,0,0,3,96
