0.64698,0.7273,0.40887,0.65607,0.39702,0.50349,0.36,0.57783,0.62397,0.42597,0.61806,0.54253,0.53505,0.73776,0.64272,0.68824,0.4966,0.42279,0.33005,0.41018,0.275,0.66755,0.42375,0.54453,0.7799,0.62839,0.62887,0.97058,0.72299,0.76238,0.51939,0.63073,0.76142,0.75,0.91216,0.82477,0.85814,0.74665,0.81353,0.5728,0.39787,0.57199,0.44666,0.8544,0.45127,0.64333,0.80385,0.86806,0.87196,0.84826,0.82306,0.69625,0.39513,0.22042,0.34029,0.5,0.67429,0.78469,0.67165,0.72838,0.375
0.68452
1402,40,140,288,131,6,0,26,133,0,0,0,0,0,0,0,4,5,0,0,0,0,65,0,0,0,0,0,0,0,1,0,0,0,0,0,0,0,0,0,0,44,8,0,0,0,0,8,0,0,0,0,0,7,0,0,0,0,0,0,0
33,2059,79,3,149,4,0,1,118,0,0,0,0,0,0,0,329,0,0,2,0,0,5,76,0,0,0,0,0,1,71,24,12,0,0,0,2,0,1,0,0,11,1,0,0,0,1,0,0,0,0,0,0,0,1,4,0,0,0,0,0
84,69,830,52,77,161,0,9,90,0,0,0,0,0,0,0,80,30,1,0,0,0,13,4,0,0,0,0,0,0,14,28,1,0,0,0,1,1,0,0,0,84,10,0,0,0,0,6,0,0,0,0,0,49,6,2,0,1,0,0,0
319,0,54,1362,30,6,0,8,42,0,0,0,0,0,0,0,0,51,0,0,0,0,24,0,0,0,0,0,0,0,0,0,0,0,0,0,13,0,0,0,0,88,105,0,0,0,1,12,0,0,0,0,0,14,9,0,0,33,0,0,0
29,23,19,3,453,2,0,0,4,0,0,0,0,0,0,0,5,1,0,0,0,0,2,1,0,0,0,0,0,0,1,0,0,0,0,0,1,0,0,0,0,15,0,0,0,0,0,0,0,0,0,0,0,0,0,0,0,0,0,0,0
16,16,232,37,23,1225,32,54,28,0,2,0,0,0,1,1,46,152,25,39,0,0,11,5,0,1,0,0,0,3,17,190,4,0,0,0,50,9,7,0,0,94,25,0,2,0,14,13,0,0,0,1,1,102,67,9,8,16,1,0,0
0,1,0,0,0,7,135,0,0,0,0,0,0,0,1,1,0,0,1,4,1,13,0,0,0,0,2,0,1,1,0,6,0,0,2,1,0,0,0,0,0,0,0,0,4,0,0,0,0,0,1,0,1,0,2,1,1,0,0,2,2
5,6,8,6,2,49,8,1574,11,0,0,0,0,1,0,1,36,3,4,11,0,0,400,3,0,0,1,1,2,0,25,72,6,0,0,0,2,1,2,0,1,5,6,0,1,0,4,201,0,1,0,0,0,19,17,39,1,6,0,0,0
69,55,69,9,21,6,0,5,1442,0,0,0,0,0,0,0,13,1,1,0,0,0,6,36,0,0,0,0,0,0,1,5,2,0,0,0,0,0,0,0,0,5,28,0,0,0,1,4,0,0,0,0,0,4,0,0,0,0,0,0,0
0,0,0,0,0,1,0,0,1,164,1,0,7,0,10,0,0,2,0,0,0,1,0,0,1,2,0,0,0,0,0,0,0,0,0,0,0,1,0,0,0,0,0,23,1,0,1,2,0,0,1,0,0,0,0,0,0,1,2,1,0
0,0,0,0,0,0,0,0,0,0,958,0,2,58,12,10,0,1,0,3,0,10,0,0,0,4,29,2,0,0,0,0,0,0,0,10,2,8,2,1,1,0,0,0,16,159,1,3,0,0,1,21,2,0,1,0,39,13,0,0,0
0,0,0,0,0,0,0,0,0,0,0,472,4,0,0,0,0,0,0,0,0,0,0,0,0,0,0,0,0,0,0,0,0,49,1,0,0,0,0,0,0,0,0,0,0,0,0,0,13,25,21,0,2,0,0,0,0,0,0,1,2
0,0,0,1,0,2,2,0,0,8,0,12,519,0,27,4,1,0,0,1,0,0,2,0,14,25,1,2,15,4,1,5,1,38,10,0,0,2,0,0,0,1,0,11,5,0,3,0,4,1,115,0,3,0,0,0,0,1,8,4,0
0,0,0,0,0,0,0,2,0,1,179,8,5,2034,41,97,0,0,0,4,0,24,0,0,19,4,156,8,1,4,0,0,0,6,1,42,3,8,43,5,3,0,0,0,27,55,7,0,2,3,2,392,26,1,0,1,45,5,5,6,16
0,1,3,0,0,11,2,0,0,35,24,1,32,28,975,40,1,0,0,8,0,3,0,3,9,9,4,2,3,5,8,8,1,0,1,2,12,16,6,2,23,0,0,21,7,7,7,0,2,0,22,7,53,0,3,1,62,2,4,9,0
0,0,1,0,0,1,1,8,1,0,1,0,6,41,23,1053,1,2,0,2,0,0,3,1,0,0,4,0,3,12,4,11,5,0,0,2,9,7,18,3,93,0,0,0,0,0,6,2,0,0,0,0,1,0,0,8,14,2,10,0,1
9,324,181,2,90,59,2,52,77,0,0,0,1,0,0,0,1313,4,0,4,0,0,109,115,0,0,0,0,0,2,210,124,10,0,0,0,1,0,1,0,1,99,19,0,0,0,3,7,0,0,0,0,0,19,12,16,0,0,4,0,0
5,0,7,13,1,14,0,0,0,0,0,0,0,0,0,0,0,564,0,0,1,0,1,0,0,0,0,0,0,1,0,1,0,0,0,0,47,0,0,0,1,19,10,0,0,0,3,1,0,0,0,0,0,4,2,0,1,15,0,0,0
0,0,0,0,0,4,0,0,0,0,0,0,0,0,0,0,0,0,67,3,0,0,0,0,0,0,0,0,0,0,0,1,0,0,0,0,0,3,4,0,0,0,0,0,1,0,0,0,0,0,0,0,0,0,0,0,0,0,0,0,0
0,1,1,0,0,14,6,0,0,0,0,0,1,1,3,0,0,0,7,411,2,1,0,0,1,0,0,0,0,0,1,9,2,0,0,0,2,14,25,12,2,0,0,0,1,0,3,2,0,0,0,0,1,1,5,2,1,2,0,0,0
0,0,0,0,0,0,0,0,0,0,0,0,0,0,0,0,0,0,0,2,22,0,0,0,0,0,0,0,0,0,0,0,0,0,0,0,0,0,0,5,0,0,0,0,0,0,0,0,0,0,0,0,0,0,1,0,0,0,0,0,0
0,0,0,0,0,1,7,2,0,0,5,0,0,3,5,0,0,1,1,17,0,759,0,0,15,1,1,4,7,0,0,0,2,1,1,6,1,3,3,2,0,0,0,1,23,16,9,0,0,0,5,29,17,0,2,0,7,7,1,1,0
6,15,12,1,3,5,0,386,3,0,0,0,0,0,0,0,41,2,0,0,0,0,917,4,0,0,0,0,0,0,19,7,1,0,0,0,1,0,0,0,0,3,2,0,0,0,0,81,0,0,0,0,0,9,4,11,0,2,2,0,0
0,27,3,0,0,0,0,3,54,0,0,0,0,0,0,0,37,0,0,1,1,0,2,1290,0,0,0,0,0,1,61,37,131,0,0,0,0,0,1,0,0,1,16,0,0,0,1,0,0,0,0,0,0,3,3,38,0,0,1,0,0
0,0,0,0,0,0,1,0,0,1,0,0,0,1,14,0,0,0,0,0,0,4,0,0,1467,0,0,2,2,0,0,0,0,1,3,2,0,0,0,0,0,0,0,17,6,10,0,0,3,4,6,4,115,0,0,0,23,0,0,1,2
0,0,0,0,0,0,0,0,0,7,0,0,33,0,6,0,0,1,0,2,0,1,2,0,1,695,3,0,2,2,0,2,0,5,67,0,4,1,0,0,0,1,1,3,1,0,2,3,1,0,6,0,1,0,0,1,0,1,4,1,0
0,0,0,0,0,0,0,0,0,0,52,0,2,92,9,18,0,0,0,7,0,5,1,0,0,8,1076,2,2,5,0,0,0,0,1,168,0,1,7,12,3,0,0,0,8,19,5,1,0,0,0,31,0,0,2,2,11,0,9,0,1
0,0,0,0,0,0,0,0,0,0,17,0,0,7,1,0,0,0,0,3,0,0,0,0,0,0,1,6203,2,0,0,0,0,0,0,0,0,1,0,0,0,0,0,1,676,3,2,0,0,0,0,11,0,0,0,0,0,0,0,0,0
0,0,1,0,1,1,1,1,0,1,0,0,0,0,6,2,0,1,0,1,0,9,1,0,4,6,0,4,522,50,0,0,3,0,20,0,0,0,0,0,0,0,0,17,4,0,9,0,1,2,14,0,1,0,3,0,2,1,6,5,0
2,4,0,1,1,4,1,5,2,0,1,0,0,0,0,6,14,1,0,1,0,0,0,2,0,0,0,1,35,693,7,5,8,0,3,0,6,4,2,0,3,2,2,2,0,0,3,1,0,0,1,0,0,0,0,1,3,1,13,0,0
0,51,49,1,5,109,1,60,23,0,0,0,0,0,0,0,377,5,3,12,0,0,52,225,0,0,0,0,0,4,1473,575,293,0,0,0,3,0,0,0,1,65,13,0,0,0,3,7,0,0,0,0,0,88,25,180,0,0,57,1,0
2,47,99,0,11,520,128,131,71,0,1,0,1,1,1,6,212,6,10,141,22,1,38,199,1,0,1,0,2,16,572,2656,511,0,2,7,19,3,27,38,5,32,10,0,4,1,23,24,0,0,0,0,0,146,78,272,11,1,31,6,3
0,6,0,0,0,1,3,9,8,0,0,0,0,0,0,1,7,2,1,13,7,0,2,265,0,0,0,1,0,4,147,183,4133,0,0,0,4,0,3,3,0,0,5,0,2,0,5,4,0,0,0,0,0,3,10,199,0,0,178,0,0
0,0,0,0,0,0,0,0,0,0,0,89,27,0,0,2,0,0,0,0,0,1,0,0,1,2,0,0,0,1,0,0,0,702,2,0,0,0,0,0,0,0,0,0,0,0,0,0,12,14,16,0,0,0,0,0,0,0,6,10,16
0,0,0,1,0,0,6,0,0,7,0,12,42,0,24,1,0,1,2,4,0,6,1,0,10,292,0,4,33,0,2,0,0,13,2347,7,0,3,0,0,0,0,0,36,11,0,13,0,39,3,72,1,2,0,0,0,2,2,2,2,0
0,0,0,0,0,0,2,0,0,0,13,0,0,31,4,2,0,0,0,0,0,146,0,0,15,9,226,4,7,4,0,0,0,0,8,3210,0,1,2,2,0,0,0,0,45,166,12,0,1,1,0,300,24,0,0,0,5,0,1,1,2
47,3,52,75,43,33,0,4,94,2,2,0,0,1,23,21,7,269,5,5,0,1,7,18,0,2,0,1,0,6,9,13,31,0,0,0,2710,37,24,7,31,118,106,0,1,2,11,24,0,0,0,1,3,69,78,3,18,205,15,1,0
0,1,0,0,1,5,1,2,0,15,43,0,0,5,20,7,0,3,24,43,4,3,1,4,2,2,2,7,0,2,4,12,1,0,0,0,21,2004,326,50,27,3,3,0,6,16,6,9,0,0,0,2,1,2,8,2,47,20,2,0,0
0,0,4,1,2,10,3,5,1,4,24,0,1,66,40,69,2,6,18,182,10,8,1,4,2,4,31,2,2,10,6,15,2,0,0,6,38,442,3006,407,332,2,1,0,10,6,24,5,1,1,0,44,3,2,13,9,65,14,11,2,0
0,0,0,0,0,0,0,1,0,0,7,0,0,1,0,4,0,0,2,9,1,0,0,0,1,0,25,0,0,1,0,3,3,0,0,3,3,16,76,775,5,0,0,0,6,0,3,0,0,0,0,2,0,0,3,5,3,5,4,0,0
1,0,2,0,0,2,0,4,1,0,0,0,0,0,2,32,0,0,2,3,0,0,0,4,0,0,0,1,0,3,2,2,1,0,0,0,5,11,31,7,374,2,2,0,0,0,1,2,0,0,0,0,0,0,3,1,3,0,2,0,0
28,13,100,76,58,48,0,4,11,0,0,0,0,0,0,0,21,135,0,0,0,0,3,2,0,0,0,0,0,0,2,2,1,0,0,0,19,1,0,0,0,1017,33,0,0,0,0,4,0,0,0,0,0,13,35,5,0,4,0,0,0
0,1,0,12,0,1,0,0,18,0,0,0,0,0,0,0,0,1,0,0,0,0,2,1,0,0,0,0,0,0,0,1,0,0,0,0,5,0,0,0,0,4,448,0,0,0,0,1,0,0,0,0,0,0,1,0,0,0,0,0,0
0,1,1,0,0,3,2,0,0,94,0,2,11,0,28,0,2,1,0,0,0,0,0,0,8,12,0,1,19,0,0,0,0,1,27,0,3,0,0,0,0,0,0,1244,2,1,4,0,2,3,19,0,2,0,0,0,0,0,0,0,0
0,0,0,0,0,1,2,1,0,0,9,0,0,6,1,0,0,0,0,6,0,29,0,0,6,0,2,103,13,2,0,0,0,0,2,12,0,2,1,1,0,0,0,0,432,16,35,0,0,0,0,18,4,0,0,0,3,5,2,0,0
0,0,0,0,0,0,0,0,0,3,78,0,3,15,3,0,0,0,0,0,0,13,0,0,13,0,15,7,0,0,0,0,0,0,0,39,0,2,2,1,0,0,0,2,25,1544,7,0,0,0,0,145,17,0,0,0,12,0,0,0,0
24,41,21,43,22,31,2,16,27,12,12,0,6,14,17,25,32,19,3,15,7,5,6,36,2,6,14,2,29,57,37,46,42,0,27,16,35,20,28,12,8,17,46,11,48,11,1336,7,0,0,4,56,0,6,15,12,14,46,83,0,0
73,18,30,27,16,23,1,286,42,1,0,0,0,2,6,15,26,7,11,3,0,0,458,26,0,1,0,1,0,0,16,36,46,0,0,6,20,14,6,1,8,17,29,0,0,0,12,3250,0,0,0,1,0,17,16,25,38,39,0,0,0
0,0,0,0,0,0,0,0,0,0,0,43,2,0,1,0,0,0,0,0,0,3,0,0,59,0,0,1,0,0,0,0,0,22,1,0,0,0,0,0,0,0,0,0,0,0,0,0,4447,156,39,1,71,0,0,0,0,0,0,687,21
0,0,0,0,0,0,0,0,0,0,0,78,1,0,0,0,0,0,0,0,0,0,0,0,4,0,0,0,1,0,0,0,0,8,0,0,0,0,0,0,0,0,0,0,0,0,0,0,60,1515,5,0,2,0,0,0,0,0,0,9,30
0,2,2,0,0,0,12,0,0,10,0,106,243,1,74,1,1,0,0,1,0,10,1,0,15,18,0,7,9,2,0,0,1,62,42,0,0,0,0,0,0,1,0,59,2,0,15,0,30,4,1856,0,21,0,0,0,0,0,1,14,2
0,0,0,0,0,0,1,0,0,0,68,34,8,331,29,61,0,0,2,15,0,64,0,0,40,2,114,17,1,1,0,0,0,8,3,350,1,16,30,4,4,0,0,0,118,344,59,3,14,5,21,2487,114,0,0,0,21,3,4,20,6
0,0,0,0,0,0,1,0,0,2,1,2,4,0,36,1,0,0,0,0,0,1,0,0,59,1,0,0,2,0,0,0,0,0,0,2,0,0,0,0,0,0,0,5,2,10,0,0,8,0,16,9,373,0,0,0,4,0,0,12,0
4,1,15,11,0,28,1,10,3,0,0,0,0,0,0,0,11,19,1,1,0,0,4,6,0,0,0,0,0,0,29,30,1,0,0,0,0,0,0,0,0,6,7,0,0,0,0,0,0,0,0,0,0,177,10,20,0,2,0,0,0
0,1,5,4,0,6,1,3,0,0,0,0,0,1,0,0,1,13,2,4,0,0,1,0,0,0,0,0,0,0,6,4,0,0,0,0,2,0,0,0,0,12,6,0,0,0,0,0,0,0,0,0,0,11,310,20,0,13,0,0,0
0,2,4,0,0,5,5,21,0,0,0,0,0,0,0,0,12,1,2,9,1,0,11,28,0,0,0,0,0,1,60,81,91,0,0,0,0,3,2,0,0,3,1,0,0,0,2,5,0,0,0,0,0,10,109,933,1,1,11,0,0
0,0,1,0,0,1,0,1,0,16,47,0,2,16,60,36,1,1,0,1,0,11,1,0,91,0,2,0,5,5,1,2,0,0,1,1,15,21,8,1,13,0,0,2,0,14,2,23,2,0,1,8,42,0,2,2,1002,12,2,3,0
9,0,4,47,0,20,1,4,6,2,5,0,0,0,0,0,1,23,7,8,1,3,4,6,0,0,0,0,0,0,2,6,4,0,0,0,96,8,1,1,1,5,60,0,0,0,1,29,0,0,0,0,0,25,52,2,12,1753,0,0,0
0,2,1,0,1,3,0,26,0,0,0,0,2,0,0,5,10,0,1,1,0,0,7,5,0,0,1,0,2,4,27,9,78,5,0,0,2,0,0,1,0,2,0,0,0,0,1,0,0,0,0,0,0,2,3,40,0,0,988,0,0
0,0,0,0,0,0,4,0,0,0,0,10,5,0,14,7,0,0,0,0,0,2,0,0,21,0,0,1,0,2,0,0,0,14,1,0,0,0,0,0,0,0,0,1,1,0,1,0,458,39,11,1,41,0,0,0,7,0,1,2156,51
0,0,0,0,0,0,0,0,0,0,0,1,0,0,0,1,0,0,0,0,0,0,0,0,0,0,0,0,0,0,0,0,0,1,0,0,0,0,0,0,0,0,0,0,0,0,0,0,0,9,0,0,0,0,0,0,0,0,0,5,93
