0.66224,0.7136,0.40084,0.65578,0.4007,0.49979,0.36483,0.55355,0.61982,0.40933,0.62861,0.55054,0.51944,0.73751,0.63703,0.69145,0.49218,0.41075,0.27273,0.42094,0.28261,0.69863,0.42255,0.53629,0.79281,0.62568,0.61918,0.97085,0.69987,0.77567,0.5031,0.62509,0.76004,0.74544,0.90927,0.82386,0.85954,0.73451,0.81724,0.5625,0.3863,0.54951,0.43929,0.85553,0.44392,0.62112,0.80547,0.86444,0.87191,0.85902,0.81027,0.68934,0.39371,0.20694,0.33442,0.50809,0.68776,0.78931,0.68973,0.70738,0.39419
0.68074
1396,29,154,279,130,8,0,16,133,0,0,0,0,0,0,0,3,8,0,0,0,0,80,0,0,0,0,0,0,0,1,1,0,0,0,0,1,0,0,0,0,50,11,0,0,0,0,5,0,0,0,0,0,3,0,0,0,0,0,0,0
36,2083,80,2,148,2,0,1,110,0,0,0,0,0,0,0,315,0,1,3,0,0,5,82,0,0,0,0,0,1,61,26,10,0,0,0,1,0,0,0,0,11,1,0,0,0,1,0,0,0,0,0,0,1,1,5,0,0,0,0,0
82,75,859,50,69,151,0,11,74,0,0,0,0,0,0,0,78,22,0,0,0,0,10,2,0,0,0,0,0,0,20,31,1,0,0,0,2,1,0,0,0,89,11,0,0,0,1,7,0,0,0,0,0,45,7,3,0,2,0,0,0
292,0,49,1385,30,5,0,6,51,0,0,0,0,0,0,0,0,48,0,0,0,0,25,0,0,0,0,0,0,0,1,0,0,0,0,0,11,0,0,0,0,111,88,0,0,0,1,11,0,0,0,0,0,12,13,0,0,32,0,0,0
26,21,21,3,456,2,0,2,4,0,0,0,0,0,0,0,5,0,0,0,0,0,1,1,0,0,0,0,0,0,0,0,0,0,0,0,2,0,0,0,0,15,0,0,0,0,0,0,0,0,0,0,0,0,0,0,0,0,0,0,0
12,22,235,37,21,1215,37,55,23,0,2,0,0,1,3,1,39,175,35,33,1,0,17,6,0,0,0,0,1,1,23,186,3,0,0,0,46,8,4,0,0,102,23,0,3,0,13,12,0,0,0,1,1,84,67,7,6,17,1,0,0
0,0,0,0,0,7,139,0,0,0,1,0,0,0,1,0,1,0,1,4,0,12,0,0,2,0,0,0,2,1,0,7,0,1,2,1,0,0,0,0,0,0,0,1,3,0,1,0,1,0,0,0,0,0,1,0,1,0,1,0,0
3,6,13,8,3,47,12,1566,11,0,0,0,0,1,0,3,28,5,8,12,2,0,409,4,0,0,0,1,1,1,23,69,5,0,0,0,2,0,1,1,0,6,3,0,1,0,5,197,0,1,0,0,0,18,16,41,2,6,0,0,0
71,58,80,6,22,5,0,4,1420,0,0,0,0,0,0,0,14,1,1,0,0,0,8,43,0,0,0,0,0,0,0,6,2,0,0,0,0,0,0,0,0,4,26,0,0,0,1,3,0,0,0,0,0,8,0,0,0,0,0,0,0
0,0,0,0,0,1,0,1,1,158,1,0,8,0,8,0,0,2,0,0,0,1,0,0,0,6,0,0,2,0,0,0,0,0,1,0,0,1,0,0,0,0,0,22,1,0,1,2,0,0,1,0,0,0,0,0,0,2,2,1,0
0,0,0,0,0,0,0,0,0,1,980,0,2,56,9,7,0,0,3,0,0,11,0,0,0,1,22,3,0,0,0,0,0,0,0,4,2,9,6,1,1,0,1,0,16,159,1,3,0,0,1,24,0,0,2,0,35,9,0,0,0
0,0,0,0,0,0,0,0,0,0,0,463,2,0,0,0,0,0,0,0,0,0,0,0,0,0,0,0,0,0,0,0,0,53,1,0,0,0,0,0,0,0,0,0,0,0,0,0,13,30,22,0,2,0,0,0,0,0,0,3,1
0,0,1,0,0,4,2,1,0,5,0,9,521,1,30,6,0,0,0,1,0,0,0,0,8,27,0,3,11,2,1,4,0,41,10,1,0,2,0,0,0,1,0,9,8,0,0,0,6,0,117,1,4,0,0,0,0,1,8,5,2
0,0,0,0,0,1,1,2,0,2,178,4,7,2023,47,104,0,1,0,4,0,26,0,0,16,4,166,7,3,5,0,0,0,4,1,47,5,8,38,5,2,0,0,0,26,74,4,0,2,4,1,386,16,0,1,1,38,4,5,9,9
0,1,1,0,1,10,1,0,0,30,23,0,31,33,953,40,1,1,0,8,0,6,0,3,10,5,5,0,7,2,7,6,2,1,1,2,15,17,14,3,25,0,0,20,7,8,8,1,2,0,26,13,52,1,3,1,58,4,4,12,0
0,0,0,0,0,2,0,9,0,0,1,0,7,39,20,1051,0,1,1,1,0,0,5,2,0,1,8,0,3,10,2,9,6,2,0,1,10,4,21,1,86,1,1,0,0,0,6,1,0,0,0,1,2,0,2,9,17,3,11,1,2
11,374,204,3,83,49,1,51,73,0,0,0,0,0,0,0,1227,2,0,7,0,0,117,115,0,0,0,0,0,2,233,121,12,0,0,0,1,0,0,0,2,95,20,0,0,0,5,7,0,0,0,0,0,22,12,14,0,0,7,0,0
6,0,3,11,3,14,0,0,0,0,0,0,0,0,0,0,0,550,1,0,1,0,1,0,0,0,0,0,0,0,0,1,0,0,0,0,53,0,0,1,0,31,9,0,0,0,0,1,0,0,0,0,0,4,6,0,0,15,0,0,0
0,0,0,0,0,2,0,0,0,0,0,0,0,0,0,0,0,0,66,2,0,0,0,0,0,0,0,1,0,0,0,1,1,0,0,0,0,7,2,0,0,0,0,0,0,0,0,0,0,0,0,0,0,0,1,0,0,0,0,0,0
0,0,0,0,0,16,6,0,0,0,0,0,1,0,2,1,0,2,9,402,4,0,0,0,0,0,0,0,0,0,3,9,1,0,0,0,0,16,29,8,4,1,1,0,2,1,1,2,0,0,0,0,0,1,4,1,2,4,1,0,0
0,0,0,0,0,0,0,0,0,0,0,0,0,0,0,0,0,0,0,1,23,0,0,0,0,0,0,0,0,0,0,0,0,0,0,0,0,0,0,5,0,0,0,0,0,0,0,0,0,0,0,0,0,0,1,0,0,0,0,0,0
0,0,0,0,0,1,2,2,0,0,3,0,1,2,7,0,0,2,5,8,0,765,0,0,20,1,0,5,5,0,0,1,1,0,1,7,0,5,3,3,0,0,0,1,24,27,10,0,1,0,3,26,9,0,0,1,6,7,1,0,0
6,15,8,1,1,8,0,411,6,0,0,0,0,0,0,0,40,1,0,0,0,0,892,5,0,0,0,0,0,0,17,7,1,0,0,0,1,0,0,0,0,5,1,0,0,0,0,80,0,0,0,0,0,10,4,15,0,1,1,0,0
0,25,2,0,0,0,0,3,47,0,0,0,0,0,0,0,31,0,0,2,1,0,2,1293,0,0,0,0,1,1,74,38,134,0,0,0,0,0,0,0,0,1,11,0,0,0,1,0,0,0,0,0,0,4,2,37,0,0,2,0,0
0,0,0,0,0,0,1,0,0,1,0,0,1,0,15,1,0,0,0,0,0,6,0,0,1477,0,0,3,2,0,0,0,0,0,1,2,0,0,0,0,0,0,0,19,3,11,0,0,5,3,10,3,100,0,0,0,23,0,0,1,1
0,0,1,0,0,0,1,0,0,6,0,0,36,0,6,0,0,1,0,2,0,0,2,0,2,687,3,0,3,3,1,1,0,4,70,0,3,0,0,0,0,1,1,5,1,0,0,3,1,0,8,0,1,0,0,1,1,1,3,1,0
0,0,0,0,0,0,0,2,0,0,57,0,1,92,13,18,0,0,1,5,0,3,0,0,0,10,1078,3,2,4,0,0,0,0,1,167,0,3,9,8,4,0,0,0,6,18,3,1,0,0,0,32,0,0,1,1,8,0,8,1,0
0,0,0,0,0,0,0,0,0,0,7,0,0,9,4,0,0,0,0,1,0,0,0,0,0,0,0,6228,2,0,0,0,0,0,0,1,0,1,0,0,0,0,0,1,653,2,2,0,0,0,0,17,0,0,0,0,0,0,0,0,0
1,0,1,0,0,2,2,1,0,2,0,2,0,0,5,2,0,1,1,2,0,5,1,0,6,6,0,2,527,43,1,3,1,0,17,0,0,0,0,0,0,1,0,17,4,0,10,0,0,2,15,0,1,0,3,1,2,1,3,6,0
1,7,3,1,2,1,1,5,2,0,0,0,0,0,0,3,8,2,0,2,0,0,2,2,0,0,0,1,36,695,10,3,9,0,3,0,6,5,1,0,1,0,3,2,0,0,4,1,0,0,0,0,0,0,0,2,3,2,12,0,0
0,58,64,1,4,110,4,69,23,0,0,0,0,0,0,0,361,6,2,13,2,0,52,258,0,0,0,0,0,3,1461,556,312,0,1,0,1,0,0,0,1,64,13,0,0,0,3,4,0,0,0,0,0,68,29,165,0,0,51,1,1
1,47,102,0,12,546,124,130,78,0,2,0,0,2,1,3,224,7,10,164,26,0,37,185,1,0,3,0,4,12,620,2601,498,0,4,2,13,7,25,37,4,29,11,0,3,0,23,26,0,0,0,1,1,120,70,292,9,0,23,7,3
0,3,0,0,0,2,3,9,7,0,0,0,0,0,0,1,7,1,2,13,10,0,1,271,0,0,0,1,0,3,140,196,4127,0,0,0,4,0,3,5,0,0,5,0,1,0,5,2,0,0,0,0,0,6,12,192,0,0,177,0,0
0,0,0,0,0,0,0,0,0,0,0,77,41,0,0,3,0,0,0,0,0,0,0,0,1,2,0,0,0,1,0,0,0,694,2,0,0,0,0,0,0,0,0,0,0,0,0,0,9,17,22,0,1,0,0,0,0,0,6,11,14
0,0,0,1,0,1,12,1,0,6,0,10,40,0,22,0,0,1,2,3,1,4,0,0,8,291,0,3,32,0,2,0,0,13,2345,6,1,2,0,0,0,0,0,39,10,0,13,0,37,3,82,1,1,0,1,0,1,4,2,2,0
0,0,0,0,0,0,1,0,0,0,14,1,2,30,1,0,0,0,0,1,0,132,0,0,7,8,247,2,12,6,0,0,0,0,9,3204,0,1,1,2,0,0,0,0,40,179,13,0,1,1,1,300,20,0,0,0,5,0,1,1,1
29,4,46,91,45,39,0,3,109,2,4,0,0,2,20,27,3,275,6,6,0,2,5,25,0,1,0,1,0,4,7,15,36,0,0,0,2662,31,21,6,44,128,115,0,0,2,11,32,0,0,0,2,0,77,67,2,17,196,17,1,0
0,0,1,0,0,8,0,3,0,17,43,0,0,8,17,9,0,5,27,37,2,3,1,3,1,1,5,4,0,4,5,7,2,0,0,0,20,2003,307,67,38,4,2,0,10,13,6,11,0,0,1,4,0,1,6,2,43,16,2,0,0
0,1,3,2,2,12,6,6,4,4,22,0,3,70,40,72,1,3,28,157,10,5,1,4,0,1,29,2,2,9,7,13,3,0,0,3,32,463,2996,409,350,2,4,1,12,1,21,4,0,1,0,41,2,5,15,9,67,9,7,3,0
0,0,0,0,0,0,0,2,0,0,4,0,0,3,0,3,0,0,5,4,4,0,0,0,0,0,30,0,1,1,0,5,2,0,0,4,5,23,82,756,11,0,0,0,4,0,4,0,0,0,0,1,1,0,3,3,1,4,1,0,0
0,1,0,0,0,0,0,1,1,0,0,0,0,0,1,28,0,0,1,2,0,0,1,5,0,0,0,0,0,4,1,5,1,0,0,0,3,12,24,4,389,1,7,0,0,0,1,1,0,0,0,0,0,1,6,1,3,0,1,0,0
25,12,110,86,55,44,0,3,14,0,0,0,0,0,0,0,14,126,1,0,0,0,3,2,0,0,0,0,0,0,7,3,1,0,0,0,19,0,0,0,0,1010,25,0,0,0,1,5,0,0,0,0,0,11,52,3,0,3,0,0,0
0,0,2,13,0,1,0,0,21,0,0,0,0,0,0,0,0,0,0,0,0,0,1,3,0,0,0,0,0,0,0,1,0,0,0,0,2,0,0,0,0,5,445,0,0,0,0,1,0,0,0,0,0,1,0,0,0,0,0,0,0
0,0,0,0,0,3,0,0,0,106,0,4,16,0,23,0,1,1,0,0,0,0,1,0,13,15,0,1,26,0,0,2,0,1,27,0,1,0,0,0,0,0,0,1214,1,1,5,0,3,3,23,0,1,1,0,0,0,0,0,0,0
0,0,0,0,0,0,2,1,0,0,9,0,0,6,2,0,0,1,0,5,0,30,0,0,5,0,2,105,13,3,0,1,0,1,1,12,0,2,2,1,0,0,0,0,430,16,28,0,0,0,0,19,6,0,0,0,4,5,2,0,0
0,0,0,0,0,0,1,0,0,3,80,0,2,16,2,0,0,0,0,0,0,13,0,0,8,1,12,9,0,0,0,0,0,1,0,41,0,4,1,1,0,0,0,3,19,1541,9,0,0,0,0,153,14,0,0,0,12,0,0,0,0
30,44,27,40,25,23,1,14,27,15,11,0,2,9,15,19,27,20,5,12,2,6,9,35,1,6,18,2,35,51,39,54,41,0,25,16,30,24,30,9,12,19,69,8,43,11,1325,10,0,0,6,62,1,4,16,10,11,46,77,0,0
71,27,34,23,21,21,1,379,43,0,1,0,1,2,2,10,23,7,10,3,0,0,390,24,0,0,1,0,0,2,22,35,50,0,0,3,22,18,6,1,11,19,22,0,2,0,7,3214,0,0,0,1,0,28,18,23,32,40,0,0,0
0,0,0,0,0,0,0,0,0,0,0,47,1,0,1,0,0,0,0,0,0,2,0,0,52,0,0,0,0,0,0,0,0,14,1,0,0,0,0,0,0,0,0,0,0,0,0,0,4411,132,37,0,81,0,0,0,0,0,0,755,20
0,0,0,0,0,0,1,0,0,0,0,79,0,0,0,0,0,0,0,0,0,0,0,0,5,0,0,0,1,0,0,0,0,13,0,0,0,0,0,0,0,0,0,0,1,0,0,0,67,1505,7,0,1,0,0,0,0,0,0,7,26
0,0,2,0,1,2,9,1,0,11,0,101,257,0,67,1,2,0,0,1,0,9,0,0,11,20,0,6,8,2,0,2,0,54,46,0,0,0,0,0,0,0,0,49,10,0,12,0,28,6,1862,1,22,0,0,0,0,0,1,18,3
0,0,0,0,0,0,0,0,0,0,64,30,8,321,44,56,0,0,1,11,1,38,0,0,33,3,109,21,4,1,0,0,0,17,6,363,2,14,32,5,4,0,0,0,123,390,69,4,11,2,17,2452,114,0,0,0,22,4,4,19,4
0,0,0,0,0,0,0,0,0,0,1,2,3,0,41,1,0,0,0,0,0,2,0,0,60,0,0,0,1,1,0,0,0,0,0,1,0,0,0,0,0,0,0,6,2,12,0,0,10,0,20,8,363,0,0,0,6,0,0,11,0
4,1,19,14,1,34,1,7,3,0,0,0,0,0,0,0,13,23,0,0,0,0,4,4,0,0,0,0,0,0,30,30,2,0,0,0,1,0,0,0,0,9,9,0,0,0,0,1,0,0,0,0,0,155,9,20,0,3,0,0,0
0,1,5,2,0,7,1,2,0,0,0,0,0,0,0,0,3,14,2,5,0,0,3,0,0,0,0,0,0,0,1,6,0,0,0,1,3,1,0,0,0,12,5,0,0,0,1,1,0,0,0,0,0,9,308,21,0,12,0,0,0
0,3,3,0,1,5,3,18,0,0,0,0,0,0,0,0,14,0,2,12,1,0,14,24,0,0,0,0,0,1,54,85,92,0,0,0,0,2,1,1,1,2,1,0,0,0,0,6,0,0,0,0,0,14,103,942,1,1,8,0,0
0,0,1,0,0,1,0,2,0,17,47,0,2,17,56,35,2,1,0,1,0,10,1,0,95,0,2,0,2,7,0,1,0,0,1,0,15,22,7,1,15,0,0,2,1,15,4,22,3,0,1,5,51,0,6,1,989,11,2,4,0
5,0,6,53,0,18,1,5,6,0,4,0,0,0,0,0,0,23,4,5,1,2,4,6,0,0,0,0,0,0,2,6,4,0,1,0,98,9,0,2,1,5,69,0,1,0,2,36,0,0,0,0,0,30,48,2,8,1742,0,0,0
0,1,3,0,2,0,0,24,0,0,0,0,3,0,0,4,8,0,1,0,0,0,6,4,0,0,1,0,2,6,28,7,70,3,0,0,2,1,0,1,1,4,0,0,0,0,3,1,0,0,0,0,0,5,5,26,0,0,1007,0,0
0,0,0,0,0,1,4,0,0,0,0,12,4,0,18,10,0,0,0,0,0,2,0,0,21,1,0,1,2,4,0,0,0,13,1,0,0,1,0,0,0,0,0,0,0,0,0,0,447,34,15,2,54,0,0,0,5,0,1,2137,59
0,0,0,0,0,0,0,0,0,0,0,0,0,0,0,1,0,0,0,0,0,0,0,0,0,0,0,0,0,0,0,0,0,1,0,0,0,0,0,0,0,0,0,0,0,0,0,0,1,8,0,0,0,0,0,0,0,0,0,4,95
