0.64964,0.72477,0.41955,0.65826,0.40597,0.50349,0.36314,0.58978,0.62702,0.41514,0.62257,0.54524,0.52812,0.73795,0.63713,0.70073,0.49679,0.41271,0.3202,0.42159,0.28916,0.68028,0.41529,0.53498,0.78825,0.6129,0.6317,0.97082,0.72291,0.7629,0.51343,0.63348,0.76083,0.74392,0.90998,0.82907,0.85019,0.74556,0.81425,0.57249,0.40509,0.56764,0.43188,0.85497,0.45966,0.64123,0.80618,0.8687,0.87279,0.84825,0.82324,0.69117,0.38398,0.21859,0.34994,0.50812,0.68068,0.77848,0.66914,0.72823,0.40435
0.68479
1424,44,134,285,125,6,0,19,130,0,0,0,0,0,0,0,4,7,0,0,0,0,65,0,0,0,0,0,0,0,1,0,0,0,0,0,1,0,0,0,0,38,9,0,0,0,0,9,0,0,0,0,0,7,0,0,0,0,0,0,0
34,2083,81,2,139,3,0,0,116,0,0,0,0,0,0,0,317,0,0,3,0,0,6,79,0,0,0,0,0,1,66,21,12,0,0,0,1,0,1,0,0,13,1,0,0,0,1,1,0,0,0,0,0,0,0,6,0,0,0,0,0
80,68,837,48,75,172,1,9,82,0,0,0,0,0,0,0,87,23,0,0,0,0,11,4,0,0,0,0,0,0,13,30,1,0,0,0,2,0,0,0,0,86,12,0,0,0,0,8,0,0,0,0,0,46,5,2,0,1,0,0,0
329,1,46,1358,27,7,0,8,41,0,0,0,0,0,0,0,0,50,0,0,0,0,25,0,0,0,0,0,0,0,0,0,0,0,0,0,13,0,0,0,0,96,106,0,0,0,1,9,0,0,0,0,0,13,9,0,0,32,0,0,0
34,23,18,3,449,1,0,0,4,0,0,0,0,0,0,0,6,0,0,0,0,0,2,1,0,0,0,0,0,0,1,0,0,0,0,0,3,0,0,0,0,14,0,0,0,0,0,0,0,0,0,0,0,0,0,0,0,0,0,0,0
17,19,224,37,18,1226,32,46,29,0,3,0,0,0,1,1,38,171,31,41,0,0,16,5,0,1,0,0,0,5,19,184,4,0,0,0,48,10,6,1,0,85,27,0,3,0,15,11,0,0,0,1,1,107,58,9,8,18,2,0,1
0,1,0,0,0,7,134,0,0,0,0,0,0,0,0,2,0,0,0,7,0,12,0,1,1,0,1,0,2,1,0,8,0,0,3,1,0,0,0,0,0,0,0,0,4,0,0,0,2,0,0,0,0,0,1,1,1,0,0,1,0
5,8,9,9,2,51,6,1593,10,0,0,0,0,1,0,1,39,4,5,9,0,0,396,2,0,0,1,1,2,1,24,60,5,0,0,0,2,1,0,0,2,4,6,0,2,0,3,195,0,1,0,0,0,21,12,40,1,7,0,0,0
70,53,72,7,19,8,0,5,1439,0,0,0,0,0,0,0,15,0,0,0,0,0,8,32,0,0,0,0,0,0,0,5,2,0,0,0,0,0,0,0,0,5,32,0,0,0,1,4,0,0,0,0,0,6,0,0,0,0,0,0,0
0,0,0,0,0,0,0,0,1,159,1,0,8,0,9,0,0,2,0,0,0,1,1,0,0,2,0,0,0,0,0,1,0,0,0,0,0,1,0,0,0,0,0,28,0,0,3,1,0,0,1,0,0,0,0,0,0,1,2,1,0
0,0,0,0,0,0,0,0,0,0,960,0,2,62,7,8,0,1,0,3,0,12,0,0,0,3,30,3,0,0,0,0,0,0,0,8,2,12,2,1,1,0,0,0,13,162,2,2,0,0,1,24,1,0,1,0,34,12,0,0,0
0,0,0,0,0,0,0,0,0,0,0,470,3,0,0,0,0,0,0,0,0,0,0,0,0,0,0,0,0,0,0,0,0,52,1,0,0,0,0,0,0,0,0,0,0,0,0,0,17,21,20,0,2,0,0,0,0,0,0,1,3
0,0,2,0,0,3,2,0,0,5,0,11,507,0,32,4,1,0,0,0,0,0,0,0,13,26,0,2,14,2,1,5,1,43,11,1,1,2,1,0,0,1,0,9,6,0,2,0,5,0,116,2,6,0,0,0,0,1,10,4,1
0,0,0,0,0,1,0,2,0,2,173,6,7,2036,38,97,0,0,1,5,0,23,0,0,12,4,152,6,3,5,0,0,0,3,0,37,3,7,39,4,2,0,0,0,29,58,6,0,1,4,1,423,22,0,0,0,49,4,6,8,12
0,3,0,0,0,11,2,0,0,29,25,1,33,29,978,35,1,0,0,7,0,3,0,3,12,9,4,2,2,4,9,6,1,0,1,2,14,14,5,1,29,0,1,21,9,9,6,0,3,0,24,9,54,0,3,1,55,2,3,10,0
0,0,2,0,0,0,0,6,1,0,1,0,7,36,23,1063,0,1,0,3,1,0,3,0,0,1,4,0,1,12,3,14,4,0,0,2,6,9,17,2,83,0,0,0,0,0,6,3,0,0,0,1,4,0,3,5,14,1,14,1,3
10,335,184,2,82,60,1,41,73,0,0,0,1,0,0,0,1317,2,0,3,0,0,110,107,0,0,0,0,0,1,217,136,10,0,0,0,2,0,1,0,1,97,19,0,0,0,4,7,0,0,0,0,0,23,8,14,0,0,2,0,0
5,0,5,13,3,14,0,0,0,0,0,0,0,0,0,0,0,565,0,0,1,0,0,0,0,0,0,0,0,1,0,1,0,0,0,0,45,0,0,1,0,22,9,0,0,0,2,1,0,0,0,0,0,5,3,0,1,14,0,0,0
0,0,0,0,0,3,0,0,0,0,0,0,0,0,0,0,0,0,65,4,0,0,0,0,0,0,0,0,0,0,0,0,1,0,0,0,0,6,3,0,0,0,0,0,1,0,0,0,0,0,0,0,0,0,0,0,0,0,0,0,0
0,0,1,0,0,13,5,0,0,0,0,0,0,1,3,0,0,0,7,414,5,0,0,0,0,0,0,0,0,0,0,12,2,0,0,0,1,12,23,9,3,1,0,0,1,1,3,3,0,0,1,0,0,1,4,3,2,2,1,0,0
0,0,0,0,0,0,0,0,0,0,0,0,0,0,0,0,0,0,0,0,24,0,0,0,0,0,0,0,0,0,0,0,0,0,0,0,0,0,1,4,0,0,0,0,0,0,0,0,0,0,0,0,0,0,1,0,0,0,0,0,0
0,0,0,0,0,1,3,2,0,0,5,0,0,2,3,0,0,1,0,15,0,766,0,0,17,3,1,3,8,0,0,1,2,0,0,7,1,2,3,2,0,0,0,1,24,16,10,0,0,0,4,30,12,0,4,0,9,7,1,0,0
7,13,11,2,2,6,0,399,2,0,0,0,0,0,0,0,40,1,0,0,0,0,902,6,0,0,0,0,0,0,19,9,2,0,0,0,1,0,0,0,0,2,3,0,0,0,0,81,0,0,0,0,0,10,4,11,0,2,2,0,0
0,27,2,0,0,0,0,2,56,0,0,0,0,0,0,0,41,0,0,2,1,0,3,1277,0,0,0,0,0,0,73,34,128,0,0,0,0,0,0,0,0,1,16,0,0,0,1,1,0,0,0,0,0,4,2,39,0,0,2,0,0
0,0,0,0,0,0,1,0,0,1,0,1,1,0,18,0,0,0,0,0,0,6,0,0,1463,0,0,2,3,0,0,0,0,0,3,2,0,0,0,0,0,0,0,18,5,10,0,0,3,6,7,4,110,0,0,0,23,0,0,1,1
0,0,1,0,0,0,1,0,0,9,0,0,34,0,10,0,0,1,0,3,0,1,1,0,1,684,5,0,3,3,0,1,0,4,70,0,2,0,0,0,0,1,2,2,0,0,2,2,1,0,7,0,1,0,0,1,0,2,3,2,0
0,0,0,0,0,0,0,2,0,0,48,0,3,92,12,18,0,0,1,4,0,4,1,0,0,10,1072,2,1,5,0,0,0,0,1,165,0,4,8,11,3,0,0,0,7,19,9,1,0,0,0,32,2,0,1,2,10,0,10,0,0
0,0,0,0,0,0,0,0,0,0,15,0,0,6,1,0,0,0,0,4,0,0,0,0,0,0,0,6189,2,0,0,0,0,0,0,0,0,1,0,0,0,0,0,1,695,3,2,0,0,0,0,9,0,0,0,0,0,0,0,0,0
1,0,0,0,1,1,1,1,0,1,0,1,0,0,4,2,0,1,0,3,0,7,2,0,3,6,0,3,527,49,0,3,1,0,18,0,0,0,0,0,0,0,0,17,5,0,7,0,0,3,13,0,2,0,3,1,2,1,5,5,0
2,5,1,1,1,0,1,6,1,0,1,0,1,0,0,3,14,1,0,1,0,0,1,1,0,0,0,1,36,695,8,4,8,0,2,0,5,3,2,0,1,1,3,2,1,0,3,1,0,0,0,0,0,0,0,2,5,1,16,0,0
0,54,48,1,6,106,1,56,28,0,0,0,0,0,0,0,370,5,2,14,0,0,58,242,0,0,0,0,0,3,1472,553,297,0,0,0,4,1,0,1,1,65,9,0,0,0,4,5,0,0,0,0,0,82,27,189,0,0,56,1,0
2,42,82,0,7,515,127,117,65,0,2,0,1,3,1,4,231,5,11,160,16,1,48,206,1,0,1,0,2,9,598,2660,508,0,2,6,23,4,27,38,4,34,10,0,4,0,23,22,0,0,0,1,0,138,73,262,10,1,31,9,3
0,6,0,0,0,1,3,10,11,0,0,0,0,0,0,0,8,2,5,10,9,0,1,282,0,0,0,1,0,6,143,183,4126,0,0,0,4,0,4,4,0,1,5,0,2,0,1,3,0,0,0,0,0,3,11,187,0,0,177,0,0
0,0,0,0,0,0,0,0,0,0,0,78,34,0,0,2,0,0,0,0,0,0,0,0,1,1,0,0,0,1,0,0,0,703,2,0,0,0,0,0,0,0,0,0,0,0,0,0,15,16,18,0,1,0,0,0,0,0,6,8,15
0,0,0,0,0,1,6,1,0,6,0,12,42,0,25,0,0,3,1,4,0,4,0,0,8,305,0,4,36,0,1,0,0,10,2335,6,3,2,0,0,0,1,0,33,9,0,16,0,33,6,79,2,2,0,1,0,0,2,2,2,0
0,0,0,0,0,0,1,0,0,0,11,1,0,31,7,0,0,0,0,0,0,138,0,0,14,8,229,4,8,5,0,0,0,0,8,3206,0,0,0,3,0,0,0,0,43,178,10,0,0,1,0,307,23,0,0,0,4,0,1,1,2
39,5,45,75,42,39,1,1,99,3,4,0,0,2,24,23,6,296,6,5,0,2,5,16,0,1,0,0,0,5,8,15,32,0,0,0,2673,33,25,6,32,117,114,0,3,2,13,28,0,0,0,0,1,67,73,4,17,212,17,2,0
0,1,0,0,1,3,1,3,0,13,44,0,0,6,24,5,1,3,19,36,3,2,1,2,2,1,5,6,0,4,7,13,2,0,0,0,24,2013,320,51,28,4,4,0,7,12,6,10,0,0,0,4,0,4,4,1,47,19,3,0,0
0,1,3,5,1,11,3,5,1,5,30,0,1,71,46,68,1,3,23,156,10,7,0,4,1,4,24,3,1,13,7,12,1,0,0,4,39,447,3016,409,332,3,0,0,14,5,25,5,1,1,0,44,2,2,15,10,61,11,9,2,1
0,1,0,0,0,0,0,1,0,0,5,0,0,1,0,5,0,0,3,9,0,0,0,0,0,0,28,0,1,1,0,3,3,0,0,3,2,17,83,770,3,0,0,0,5,0,3,0,0,0,0,4,1,0,3,3,2,4,3,0,0
0,0,1,0,0,1,0,2,1,0,0,0,0,0,1,32,0,0,0,1,0,0,1,5,0,0,0,0,1,2,1,1,1,0,0,0,5,13,28,6,382,1,3,0,0,0,0,1,0,0,0,0,0,0,6,2,5,0,3,0,0
29,13,102,77,64,41,0,4,10,0,0,0,0,0,0,0,20,134,1,0,0,0,3,2,0,0,0,0,0,0,4,2,1,0,0,0,20,0,0,0,0,1007,35,0,0,0,0,4,0,0,0,0,0,15,39,4,0,4,0,0,0
0,1,1,11,0,1,0,0,17,0,0,0,0,0,0,0,0,1,0,0,0,0,2,1,0,0,0,0,0,0,0,1,0,0,0,0,5,0,0,0,0,5,447,0,0,0,0,1,0,0,0,0,0,0,1,0,0,1,0,0,0
1,0,1,0,0,4,1,0,0,101,0,3,10,0,22,0,1,2,0,0,0,0,0,0,11,15,0,1,18,0,0,2,0,1,29,0,2,0,0,0,0,0,0,1238,2,1,4,0,2,2,17,0,2,0,0,0,0,0,0,0,0
0,0,0,0,0,0,2,1,0,0,9,0,0,7,2,0,0,0,0,5,0,27,0,0,7,0,2,109,13,4,0,1,0,0,2,12,0,2,2,1,0,0,0,0,429,15,35,0,0,0,0,15,3,0,0,0,3,5,1,0,0
0,0,0,0,0,0,0,0,0,3,78,0,2,14,0,0,0,0,0,0,0,15,0,0,15,0,12,7,0,0,0,0,0,0,0,36,0,3,1,1,0,0,0,2,21,1546,8,0,0,0,0,152,17,0,0,0,13,0,0,0,0
26,37,23,40,23,27,4,11,25,11,11,0,5,16,13,25,32,15,2,13,6,4,11,40,2,9,15,2,25,57,36,42,43,0,29,14,36,20,35,11,7,18,45,10,50,12,1356,8,0,0,5,47,0,4,12,12,14,51,82,0,0
67,23,28,28,18,26,1,287,45,1,1,0,0,3,3,10,25,7,5,4,1,0,457,28,0,1,0,0,0,0,13,40,50,0,0,4,25,14,5,1,9,19,33,0,0,0,11,3242,0,0,0,1,0,17,16,24,32,44,1,0,0
0,0,0,0,0,0,1,0,0,0,0,39,1,0,1,0,0,0,0,0,0,2,0,0,53,0,0,1,0,0,0,0,0,27,2,0,0,0,0,0,0,0,0,0,0,0,0,0,4453,154,37,0,82,0,0,0,0,0,0,680,21
0,0,0,0,0,0,1,0,0,0,0,74,1,0,0,0,0,0,0,0,0,0,0,0,4,0,0,0,1,0,0,0,0,9,0,0,0,0,0,0,0,0,0,0,0,0,0,0,62,1526,5,0,2,0,0,0,0,0,0,8,20
0,2,0,0,0,1,7,0,0,15,0,118,240,0,70,1,1,0,0,1,1,8,0,0,15,18,0,6,9,2,0,1,1,62,42,0,0,0,0,0,0,1,0,58,1,0,14,0,30,3,1849,1,30,0,0,0,0,0,1,15,1
0,0,0,0,0,0,3,0,0,0,64,35,5,323,32,61,0,0,2,8,1,64,0,0,34,3,108,16,2,1,0,0,0,7,3,347,1,13,34,2,2,0,0,0,116,338,57,3,12,5,16,2529,120,0,0,0,24,5,4,20,3
0,0,0,0,0,0,0,0,0,1,1,2,5,0,43,1,0,0,0,0,0,3,0,0,53,0,0,0,2,0,0,0,0,0,0,3,0,0,0,0,0,0,0,5,1,11,0,0,8,1,16,8,369,0,0,0,4,0,0,14,0
3,1,17,12,0,30,1,9,3,0,0,0,0,0,0,0,10,19,0,1,0,0,4,5,0,0,0,0,0,0,30,32,1,0,0,0,0,0,0,0,0,8,9,0,0,0,0,0,0,0,0,0,0,174,8,17,0,3,0,0,0
0,1,3,2,0,8,1,4,0,0,0,0,0,0,0,0,2,14,3,4,0,0,2,0,0,0,0,0,0,0,3,5,0,0,0,0,2,1,0,0,0,14,8,0,0,0,0,0,0,0,0,0,0,9,309,18,0,13,0,0,0
0,1,4,0,0,6,6,21,0,0,0,0,0,0,0,0,11,1,1,10,2,0,9,26,0,0,0,0,0,1,65,79,89,0,0,0,0,2,1,0,1,2,1,0,0,0,1,6,0,0,0,0,0,11,105,939,2,1,11,0,0
0,0,1,0,0,1,0,1,0,18,45,0,2,17,63,32,1,2,0,1,0,9,1,0,92,0,2,0,2,5,1,2,0,1,1,0,16,21,8,2,16,0,0,2,0,13,3,22,2,0,0,7,43,0,3,1,1004,10,2,2,1
7,0,3,45,0,16,3,2,5,0,5,0,0,0,1,0,1,26,9,7,2,2,5,6,0,0,0,0,0,1,2,8,5,0,0,0,105,10,2,2,1,5,65,0,0,0,2,32,0,0,0,0,0,27,49,1,11,1736,0,0,0
0,2,3,0,1,1,0,24,0,0,0,0,2,0,0,5,10,0,0,2,0,0,11,4,0,0,1,0,2,4,22,9,79,5,0,0,2,0,1,1,0,2,1,0,0,0,1,0,0,0,0,0,0,0,6,37,0,0,991,0,0
0,0,0,0,0,2,5,0,0,0,0,9,2,0,17,8,0,0,0,0,0,3,0,0,21,1,0,1,2,2,0,0,0,17,1,1,0,0,0,0,0,0,0,1,0,0,0,0,452,40,9,2,46,0,0,0,8,0,1,2149,49
0,0,0,0,0,0,0,0,0,0,0,1,0,0,1,1,0,0,0,0,0,0,0,0,0,0,0,0,0,0,0,0,0,1,0,0,0,0,0,0,0,0,0,0,0,0,0,0,0,9,0,0,0,0,0,0,0,0,0,4,93
