0.64374,0.72931,0.41757,0.66262,0.3986,0.50166,0.36719,0.58318,0.62186,0.39409,0.62179,0.54831,0.52792,0.74173,0.64772,0.71198,0.49981,0.4144,0.33333,0.41982,0.29333,0.67848,0.42013,0.53586,0.78442,0.62956,0.62189,0.97114,0.73558,0.78192,0.50851,0.62366,0.76167,0.72919,0.90923,0.82543,0.85393,0.73995,0.81371,0.57417,0.39413,0.55871,0.43077,0.85436,0.4575,0.63967,0.81152,0.86656,0.87581,0.85465,0.82688,0.69986,0.39012,0.21793,0.35181,0.50536,0.67368,0.78591,0.6741,0.72513,0.35316
0.68431
1404,42,143,288,129,7,0,21,130,0,0,0,0,0,0,0,4,5,0,0,0,0,69,0,0,0,0,0,0,0,1,0,0,0,0,0,0,0,0,0,0,43,9,0,0,0,0,7,0,0,0,0,0,6,0,0,0,0,0,0,0
33,2080,74,1,155,3,0,1,117,0,0,0,0,0,0,0,309,0,0,3,0,0,5,77,0,0,0,0,0,1,64,26,10,0,0,0,1,0,1,1,0,15,1,0,0,0,0,1,0,0,0,0,0,2,1,5,0,0,0,0,0
78,70,846,50,70,154,0,10,91,0,0,0,0,0,0,0,77,31,1,0,0,0,13,5,0,0,0,0,0,0,14,31,1,0,0,0,1,0,0,0,1,87,11,0,0,0,0,7,0,0,0,0,0,45,5,2,0,2,0,0,0
325,1,42,1365,29,5,0,8,42,0,0,0,0,0,0,0,0,51,0,0,0,0,27,0,0,0,0,0,0,0,0,0,0,0,0,0,13,0,0,0,0,96,107,0,0,0,1,9,0,0,0,0,0,12,7,0,0,31,0,0,0
32,19,19,3,456,1,0,1,4,0,0,0,0,0,0,0,5,1,0,0,0,0,2,1,0,0,0,0,0,0,0,0,0,0,0,0,1,0,0,0,0,13,0,0,0,0,1,0,0,0,0,0,0,0,0,0,0,0,0,0,0
21,19,238,31,19,1207,30,50,25,0,3,0,0,0,2,2,38,169,29,39,1,0,15,6,0,1,0,0,0,1,22,184,4,0,0,0,46,9,6,0,0,104,26,0,2,0,14,13,0,0,0,1,0,100,61,9,11,18,2,0,1
0,1,0,0,0,7,141,0,0,0,0,0,0,0,1,1,0,0,0,6,0,9,0,0,2,0,1,0,2,0,0,7,0,0,0,1,0,1,0,0,0,0,0,0,4,0,0,0,0,0,1,0,1,0,1,2,0,0,0,1,1
4,8,9,5,1,50,9,1588,12,0,0,0,0,1,0,1,38,8,4,8,0,0,387,2,0,0,1,1,0,1,27,65,6,0,0,0,2,1,1,0,1,6,5,0,3,0,3,204,0,1,0,0,0,24,13,33,2,6,0,0,0
71,51,70,6,25,8,0,3,1434,0,0,0,0,0,0,0,14,1,1,0,0,0,5,35,0,0,0,0,0,0,0,8,2,0,0,0,0,0,0,0,0,5,32,0,0,0,1,4,0,0,0,0,0,7,0,0,0,0,0,0,0
0,0,0,0,0,1,0,1,1,160,1,0,5,0,12,0,0,2,0,0,0,1,0,0,1,2,0,0,1,0,0,0,0,0,0,0,0,1,0,0,0,0,0,26,0,0,1,2,0,0,1,0,0,0,0,0,0,1,2,1,0
0,0,0,0,0,0,0,0,0,0,970,0,2,52,8,10,0,1,1,3,0,12,0,0,0,2,29,2,0,0,0,0,0,0,0,6,2,9,3,1,1,0,0,0,13,163,3,3,0,0,1,23,1,0,1,0,37,10,0,0,0
0,0,0,0,0,0,0,0,0,0,0,471,2,0,0,0,0,0,0,0,0,0,0,0,0,0,0,0,0,0,0,0,0,57,1,0,0,0,0,0,0,0,0,0,0,0,0,0,12,21,20,0,2,0,0,0,0,0,0,0,4
0,0,1,1,0,1,2,0,0,4,0,10,520,0,28,4,1,0,0,0,0,1,2,0,11,26,1,2,11,3,2,3,1,41,10,1,1,2,1,0,0,2,0,10,6,0,3,0,7,0,113,0,6,0,0,0,0,1,10,2,2
0,0,0,0,0,1,1,2,0,3,169,5,5,2062,41,97,0,0,0,0,0,27,0,0,17,4,148,10,3,5,0,0,0,7,1,46,3,8,37,5,2,0,0,0,28,58,8,0,1,4,1,390,23,0,0,0,44,4,6,6,9
0,0,3,0,0,8,2,0,0,34,21,1,41,27,980,35,2,0,0,5,1,4,0,3,7,6,5,0,3,3,10,8,1,1,0,3,10,15,8,1,27,0,0,16,10,8,7,0,2,0,22,9,57,0,2,1,62,1,4,9,0
0,0,0,0,0,1,1,7,0,0,1,0,6,36,23,1058,1,1,1,1,0,0,2,3,0,0,4,0,2,10,3,11,5,0,0,2,10,11,15,2,89,0,0,0,0,0,5,2,1,0,0,1,4,0,3,8,16,1,11,1,1
11,329,188,3,82,60,2,42,71,0,0,0,0,0,0,0,1302,5,0,3,1,0,106,114,0,0,0,0,0,2,222,136,12,0,0,0,1,0,1,0,0,103,19,0,0,0,4,5,0,0,0,0,0,19,9,14,0,0,4,0,0
5,0,4,12,3,14,0,0,0,0,0,0,0,0,0,0,0,564,0,0,1,0,0,0,0,0,0,0,0,0,0,1,0,0,0,0,48,0,1,0,0,22,9,0,0,0,2,1,0,0,0,0,0,4,3,0,1,16,0,0,0
0,0,0,0,0,3,0,0,0,0,0,0,0,0,0,0,0,0,67,3,0,0,0,0,0,0,0,0,0,0,0,1,1,0,0,0,0,4,3,0,0,0,0,0,1,0,0,0,0,0,0,0,0,0,0,0,0,0,0,0,0
0,0,1,0,0,15,6,0,0,0,0,0,1,2,2,0,0,2,5,411,5,0,0,0,0,0,0,0,0,0,1,11,1,0,0,0,0,10,26,12,2,0,0,0,1,1,3,3,0,0,0,0,0,2,3,2,1,3,2,0,0
0,0,0,0,0,0,0,0,0,0,0,0,0,0,0,0,0,0,0,1,22,0,0,0,0,0,0,0,0,0,0,0,0,0,0,0,0,0,0,6,0,0,0,0,0,0,0,0,0,0,0,0,0,0,1,0,0,0,0,0,0
0,0,0,0,0,1,4,2,0,0,5,1,0,2,7,0,0,2,7,15,0,766,0,0,15,1,1,3,6,0,0,0,2,0,1,6,0,2,2,2,0,0,0,1,23,16,9,0,0,0,3,26,20,0,2,0,4,7,1,1,0
7,16,12,1,4,4,0,398,4,0,0,0,0,0,0,0,36,1,0,0,0,0,910,5,0,0,0,0,0,0,20,8,1,0,0,0,1,0,0,0,0,2,4,0,0,0,0,73,0,0,0,0,0,10,5,11,0,2,2,0,0
0,28,2,0,0,0,0,2,57,0,0,0,0,0,0,0,35,0,0,1,1,0,3,1285,0,0,0,0,0,0,67,38,128,0,0,0,0,0,0,0,0,1,16,0,0,0,1,0,0,0,0,0,0,3,1,41,0,0,2,0,0
0,0,0,0,0,0,1,0,0,2,0,1,0,0,15,0,0,0,0,0,0,4,0,0,1470,0,0,3,3,0,0,0,0,1,3,1,0,0,0,0,0,0,0,18,3,9,0,0,3,2,6,5,112,0,0,0,25,0,0,1,1
0,0,0,0,0,0,2,1,0,7,0,0,36,0,5,0,0,1,0,3,0,1,1,0,1,690,4,0,0,2,0,3,0,4,71,0,3,1,0,0,0,0,1,4,0,0,3,3,1,0,6,0,1,0,0,0,0,2,3,0,0
0,0,0,0,0,0,1,1,0,0,54,0,1,98,11,15,0,0,0,6,0,1,1,0,0,11,1074,2,1,5,0,0,0,0,1,166,0,4,7,11,4,0,0,0,6,20,7,0,0,0,0,28,0,0,1,2,12,0,8,1,0
0,0,0,0,0,0,0,0,0,0,12,0,0,8,1,0,0,0,0,4,0,0,0,0,0,0,1,6192,3,0,0,0,0,0,0,1,0,2,0,0,0,0,0,1,689,3,2,0,0,0,0,9,0,0,0,0,0,0,0,0,0
0,0,1,0,1,1,2,1,1,1,0,1,0,0,7,2,0,1,1,1,1,11,1,0,3,5,0,4,523,44,1,1,2,0,18,0,0,0,0,0,0,0,0,16,5,0,7,0,1,3,16,0,4,0,2,0,2,1,4,3,1
2,6,1,1,2,1,1,6,2,0,1,0,0,0,0,7,14,1,0,0,0,0,0,0,0,0,0,1,36,692,6,5,7,0,3,0,6,4,2,0,3,1,3,2,0,0,4,1,0,0,1,0,0,0,0,2,3,2,12,0,0
0,48,53,2,5,105,2,62,27,0,0,0,0,0,0,0,375,6,2,11,1,0,52,243,0,0,0,0,0,2,1434,577,296,0,1,0,3,0,0,2,1,66,13,0,0,0,3,5,0,0,0,0,0,91,26,187,0,1,58,0,1
2,44,94,0,11,538,128,123,69,0,2,0,2,2,2,5,224,4,7,159,17,1,44,212,2,0,1,0,2,15,583,2620,506,0,2,5,19,3,31,43,4,31,12,0,4,0,19,26,0,0,0,0,0,128,78,274,11,0,31,8,2
0,6,0,1,1,1,2,10,11,0,0,0,0,0,0,0,7,2,4,15,6,0,1,272,0,0,0,1,0,4,141,189,4129,0,0,0,5,0,3,4,0,0,6,0,2,0,2,3,0,0,0,0,0,2,10,191,0,0,178,0,0
0,0,0,0,0,0,0,1,0,0,0,89,35,0,0,1,0,0,0,0,0,0,0,0,1,1,0,0,0,1,0,0,0,692,2,0,0,0,0,0,0,0,0,0,0,0,0,0,13,13,20,0,1,0,0,0,0,0,5,9,17
0,0,0,1,0,0,8,1,0,10,0,8,43,0,20,0,0,1,2,3,0,4,0,1,8,293,0,4,31,0,1,0,0,13,2354,6,1,3,0,0,0,1,0,32,11,0,18,0,34,6,71,1,5,0,0,0,1,2,3,2,0
0,0,0,0,0,0,2,0,0,0,13,1,0,33,6,1,0,0,0,1,0,139,0,0,15,9,238,3,9,3,0,0,0,0,8,3201,0,1,1,2,0,0,0,0,42,178,9,0,0,1,1,297,25,0,0,0,3,0,1,1,0
47,3,40,77,42,37,0,2,103,2,4,0,0,2,25,19,6,270,5,5,0,1,5,21,0,1,0,1,0,3,6,13,33,0,0,0,2695,39,24,5,41,129,111,0,2,2,12,32,0,0,0,1,1,61,73,5,18,196,16,2,0
0,1,0,0,1,6,0,2,0,17,44,0,0,8,23,4,0,3,24,37,2,4,1,4,1,2,4,2,0,2,2,14,2,0,0,0,20,2006,334,46,27,4,4,0,9,13,7,9,0,0,1,3,1,3,4,2,45,19,2,0,0
0,0,3,3,1,7,5,5,2,2,25,0,1,76,43,60,0,5,20,167,8,8,1,4,2,4,34,4,1,12,7,16,2,0,0,5,42,453,3014,407,328,3,2,1,15,6,17,4,1,1,0,38,4,3,14,8,62,11,9,1,2
0,0,0,0,0,0,0,1,0,0,6,0,0,1,0,4,0,0,1,7,0,0,0,0,0,0,26,0,0,1,0,3,2,0,0,4,3,19,76,778,6,0,0,0,4,0,3,0,0,0,0,3,1,0,3,4,1,6,4,0,0
0,1,1,0,0,2,0,2,1,0,0,0,0,0,2,30,0,0,2,2,0,0,0,6,0,0,0,0,0,2,1,4,1,0,0,0,5,11,31,7,376,1,5,0,0,0,0,2,0,0,0,0,0,0,2,1,5,0,3,0,0
24,12,101,75,61,43,0,4,11,0,0,0,0,0,0,0,18,135,1,0,0,0,4,2,0,0,0,0,0,0,4,2,1,0,0,0,19,0,0,0,0,1023,27,0,0,0,0,3,0,0,0,0,0,18,39,4,0,4,0,0,0
0,1,1,11,0,1,0,0,18,0,0,0,0,0,0,0,0,1,0,0,0,0,1,1,0,0,0,0,0,0,0,1,0,0,0,0,5,0,0,0,0,4,448,0,0,0,0,1,0,0,0,0,0,1,1,0,0,0,0,0,0
0,0,2,0,0,1,0,0,0,112,0,3,15,0,23,0,1,1,0,0,0,0,0,0,11,13,0,1,19,0,0,1,0,2,27,0,3,0,0,0,0,0,0,1226,2,1,5,1,2,3,17,0,1,0,0,0,0,0,0,0,0
0,0,0,0,0,1,1,1,0,0,10,0,0,7,0,0,0,0,0,4,0,25,0,0,6,0,3,104,12,3,0,0,0,0,1,14,0,2,1,1,0,0,0,0,435,13,36,0,0,0,0,20,3,0,0,0,3,7,1,0,0
0,0,0,0,0,0,0,0,0,2,79,0,4,17,1,0,0,0,0,0,0,13,0,0,13,0,12,7,0,0,0,0,0,0,0,39,0,3,1,1,0,0,0,1,22,1548,7,0,0,0,1,149,13,0,0,0,13,0,0,0,0
26,39,21,37,24,29,1,15,23,13,15,0,6,11,15,18,37,18,2,14,5,6,7,33,2,5,20,2,24,51,39,49,45,0,29,11,36,21,28,11,11,19,55,12,42,11,1352,7,0,0,3,55,0,5,12,10,14,48,82,0,3
78,21,28,26,20,23,2,288,41,0,1,0,0,2,3,12,26,8,5,4,1,0,470,23,0,1,0,0,0,1,15,35,49,0,0,4,27,19,6,1,10,16,32,0,0,0,10,3221,0,0,0,1,0,27,12,24,36,41,0,0,0
0,0,0,0,0,0,2,0,0,0,0,45,1,0,1,0,0,0,0,0,0,2,0,0,57,0,0,1,0,0,0,0,0,20,1,0,0,0,0,0,0,0,0,0,0,0,0,0,4436,156,38,1,70,0,0,0,0,0,0,701,22
0,0,0,0,0,0,1,0,0,0,0,73,1,0,0,0,0,0,0,0,0,0,0,0,4,0,0,0,1,0,0,0,0,13,0,0,0,0,0,0,0,0,0,0,0,0,0,0,58,1517,4,0,2,0,0,0,0,0,0,10,29
0,1,1,0,0,1,9,0,0,16,0,100,236,1,66,1,0,0,0,1,0,9,0,0,14,16,0,7,7,2,1,0,1,69,49,0,0,0,0,0,0,1,0,59,5,0,14,0,33,4,1858,0,24,0,0,0,0,0,1,15,3
0,0,0,0,0,0,2,0,0,1,66,36,8,320,33,61,0,0,2,12,0,63,0,0,39,2,116,17,2,1,0,0,0,7,4,350,3,12,31,3,3,0,0,0,114,344,55,4,11,3,14,2516,106,0,0,0,22,3,4,22,11
0,0,0,0,0,0,0,0,0,1,1,2,7,0,36,1,0,0,0,0,0,2,0,0,54,0,0,0,2,0,0,0,0,0,0,4,0,0,0,0,0,0,0,5,1,12,0,0,8,0,17,7,371,0,0,0,6,0,0,14,0
3,1,17,10,1,27,1,10,3,0,0,0,0,0,0,0,10,20,1,1,0,0,4,4,0,0,0,0,0,0,35,29,1,0,0,0,0,0,0,0,0,8,10,0,0,0,0,0,0,0,0,0,0,175,8,15,0,3,0,0,0
0,1,3,4,0,7,1,4,0,0,0,0,0,0,0,0,2,13,2,4,0,0,1,0,0,0,0,0,0,0,5,3,0,0,0,1,3,0,0,0,0,12,7,0,0,0,0,0,0,0,0,0,0,9,311,21,0,12,0,0,0
0,1,3,0,0,6,5,22,0,0,0,0,0,0,0,0,9,1,0,9,2,0,8,25,0,0,0,0,0,1,63,79,91,0,0,0,0,2,2,0,1,3,1,0,0,0,1,5,0,0,0,0,0,12,109,942,2,1,9,0,0
0,0,0,0,0,1,0,1,0,18,51,0,2,12,57,28,1,1,1,1,0,11,1,0,93,0,3,0,3,5,1,2,0,1,1,1,17,22,5,0,16,0,0,4,1,14,3,24,2,0,0,8,51,1,2,2,993,12,2,3,0
8,0,2,46,0,14,2,2,6,1,6,0,0,0,0,0,2,25,2,8,0,1,7,6,0,0,0,1,0,1,3,8,4,0,0,0,99,11,1,2,0,7,64,0,0,0,2,32,0,0,0,0,0,30,54,2,10,1740,0,0,0
0,2,2,0,1,2,0,22,0,0,0,0,2,0,0,3,11,0,1,1,0,0,10,5,0,0,1,0,2,4,19,8,74,5,0,0,2,0,1,1,0,3,0,0,0,0,2,0,0,0,0,0,0,3,5,40,0,0,997,0,0
0,0,0,0,0,1,5,0,0,0,0,11,3,0,14,6,0,0,0,0,0,3,0,0,25,1,0,1,2,2,0,1,0,15,1,0,0,0,0,0,0,0,0,1,1,0,0,0,439,31,11,3,41,0,0,0,9,0,0,2158,64
0,0,0,0,0,0,0,0,0,0,0,1,0,0,0,0,0,0,0,0,0,0,0,0,0,0,0,0,0,0,0,0,0,1,0,0,0,0,0,0,0,0,0,0,0,0,0,0,0,9,0,0,0,0,0,0,0,0,0,4,95
