0.64869,0.72209,0.42085,0.66105,0.40478,0.50229,0.35356,0.58367,0.62231,0.4196,0.63068,0.56115,0.5269,0.7419,0.6524,0.70798,0.49904,0.41254,0.32843,0.43992,0.25882,0.68161,0.41937,0.54044,0.79162,0.62218,0.62407,0.97007,0.73287,0.76284,0.51126,0.62774,0.76008,0.73073,0.90545,0.82696,0.85367,0.74217,0.8127,0.57279,0.39689,0.57079,0.4479,0.86425,0.46067,0.64059,0.80308,0.8675,0.87488,0.84978,0.81715,0.69843,0.38937,0.20717,0.34078,0.50427,0.67219,0.78665,0.67366,0.72278,0.37349
0.68516
1407,32,128,300,133,8,0,23,135,0,0,0,0,0,0,0,6,8,0,0,0,0,66,0,0,0,0,0,0,0,1,1,0,0,0,0,1,0,0,0,0,35,11,0,0,0,0,8,0,0,0,0,0,5,0,0,0,0,0,0,0
34,2089,82,1,149,3,0,1,115,0,0,0,0,0,0,0,309,0,1,2,1,0,6,70,0,0,0,0,0,1,71,22,9,0,0,0,1,0,0,0,0,13,1,0,0,0,0,1,0,0,0,0,0,0,1,4,0,0,0,0,0
72,65,856,52,70,160,0,9,91,0,0,0,0,0,0,0,78,25,0,0,0,0,9,4,0,0,0,0,0,0,16,34,1,0,0,0,1,0,0,0,0,87,11,0,0,0,0,10,0,0,0,0,0,44,5,2,0,1,0,0,0
320,0,46,1373,27,7,0,9,41,0,0,0,0,0,0,0,0,53,0,0,0,0,26,0,0,0,0,0,0,0,0,0,0,0,0,0,14,0,0,0,0,95,92,0,0,0,1,11,0,0,0,0,0,12,10,0,0,34,0,0,0
33,21,16,3,457,2,0,0,4,0,0,0,0,0,0,0,5,0,0,0,0,0,2,1,0,0,0,0,0,0,1,0,0,0,0,0,3,0,0,0,0,11,0,0,0,0,0,0,0,0,0,0,0,0,0,0,0,0,0,0,0
20,19,231,34,21,1209,35,46,26,0,3,0,0,0,0,1,43,162,30,38,1,0,19,6,0,0,0,0,0,2,20,190,4,0,0,0,42,8,7,0,0,94,22,0,2,0,17,9,0,0,0,1,0,107,68,7,13,20,2,0,0
0,1,0,0,0,8,134,0,0,0,1,0,0,0,0,1,0,1,1,6,0,10,0,1,0,0,0,1,2,1,0,8,0,0,2,1,0,0,0,0,0,0,0,2,3,0,0,0,0,0,0,0,1,0,1,1,0,0,0,2,2
3,7,13,6,1,51,11,1587,11,0,0,0,0,0,0,2,34,6,5,8,1,0,396,0,0,0,1,1,0,2,26,61,6,0,0,0,2,1,0,0,1,6,5,0,3,0,5,200,0,0,0,0,0,19,14,38,2,5,0,0,1
62,54,72,8,21,7,0,4,1445,0,0,0,0,0,0,0,14,0,1,0,0,0,7,34,0,0,0,0,0,0,0,6,2,0,0,0,0,0,0,0,0,5,32,0,0,0,1,3,0,0,0,0,0,5,0,0,0,0,0,0,0
0,0,0,0,0,1,0,1,1,167,1,0,6,0,10,0,0,2,0,0,0,1,1,0,0,2,0,0,0,0,0,0,0,0,0,0,0,1,0,0,0,0,0,20,1,0,1,1,0,0,1,0,0,0,0,0,1,1,2,1,0
0,0,0,0,0,0,0,0,0,2,958,0,1,56,12,8,0,0,0,1,0,10,0,0,1,1,27,3,0,0,0,0,0,0,0,9,2,13,2,0,1,0,0,0,12,166,2,3,0,0,1,26,1,0,1,0,39,11,0,0,0
0,0,0,0,0,0,0,0,0,0,0,468,3,0,0,0,0,0,0,0,0,0,0,0,0,0,0,0,0,0,0,0,0,52,1,0,0,0,0,0,0,0,0,0,0,0,0,0,11,26,18,0,2,0,0,0,0,0,0,4,5
0,0,1,0,0,2,1,0,0,6,0,10,519,0,33,3,0,0,0,2,0,1,1,0,10,27,0,3,15,1,2,5,0,42,11,1,0,2,1,0,1,2,0,8,7,0,2,0,6,1,111,0,2,0,0,0,0,1,7,4,2
0,0,0,0,0,1,0,2,0,2,170,5,8,2015,43,95,0,0,0,5,0,24,0,0,11,4,165,8,3,7,0,0,0,7,1,40,4,6,41,4,2,0,0,0,22,59,6,0,1,3,1,425,26,0,0,1,46,4,5,9,10
0,2,2,0,0,5,1,0,0,35,24,0,33,25,991,39,1,1,0,6,2,2,0,2,9,5,7,3,2,2,10,5,1,1,4,2,12,13,7,1,28,0,0,17,9,9,4,0,2,0,23,9,47,1,5,1,57,3,5,10,0
0,0,1,0,0,1,0,5,0,0,2,0,6,35,20,1074,0,1,0,1,0,0,2,1,0,1,4,0,1,13,3,12,7,0,0,2,7,6,20,3,78,0,0,0,0,0,6,4,0,0,0,1,4,0,1,10,14,2,11,0,1
11,344,187,3,88,66,0,45,76,0,0,0,0,0,0,0,1296,1,0,3,0,0,112,106,0,0,0,0,0,2,222,124,9,0,0,0,2,0,1,0,1,93,21,0,0,0,5,6,0,0,0,0,0,18,7,17,0,0,4,0,0
4,0,6,12,2,15,0,0,0,0,0,0,0,0,0,0,0,566,0,0,1,0,1,0,0,0,0,0,0,0,0,1,0,0,0,0,50,0,0,1,0,23,7,0,0,0,2,1,0,0,0,0,0,3,2,0,0,14,0,0,0
0,0,0,0,0,4,0,0,0,0,0,0,0,0,0,0,0,0,67,3,0,0,0,0,0,0,0,0,0,0,0,1,1,0,0,0,0,4,2,0,0,0,0,0,1,0,0,0,0,0,0,0,0,0,0,0,0,0,0,0,0
0,1,0,0,0,10,7,0,0,0,0,0,1,0,4,0,0,0,4,421,5,0,0,0,0,0,1,0,0,0,1,10,1,0,0,0,1,9,25,9,4,2,0,0,1,0,3,3,0,0,0,0,0,0,5,2,2,2,0,0,0
0,0,0,0,0,0,0,0,0,0,0,0,0,0,0,0,0,0,0,1,22,0,0,0,0,0,0,0,0,0,0,0,0,0,0,0,0,0,0,6,0,0,0,0,0,0,0,0,0,0,0,0,0,0,1,0,0,0,0,0,0
0,0,0,0,0,1,8,2,0,0,4,0,0,4,4,0,0,1,4,11,0,760,0,0,16,1,0,4,9,0,0,0,2,0,2,7,0,3,4,3,0,0,0,0,21,17,9,0,0,1,5,26,17,0,1,0,10,6,1,2,0
6,15,10,2,3,5,0,395,4,0,0,0,0,0,0,0,41,3,0,0,0,0,905,5,0,0,0,0,0,0,18,9,2,0,0,0,0,0,0,0,0,2,2,0,0,0,0,80,0,0,0,0,0,10,5,12,0,1,2,0,0
0,25,2,0,0,0,0,1,55,0,0,0,0,0,0,0,39,0,0,0,2,0,3,1283,0,0,0,0,0,1,70,35,130,0,0,0,0,0,0,0,0,1,16,0,0,0,1,0,0,0,0,0,0,5,2,40,0,0,1,0,0
0,0,0,0,0,0,1,0,0,1,0,0,1,1,14,0,0,0,0,0,0,4,0,0,1474,0,0,3,2,0,0,0,0,1,3,2,0,0,0,0,0,0,0,15,4,10,2,0,2,3,8,3,106,0,0,0,27,0,0,1,1
0,0,0,0,0,1,0,0,0,6,0,0,29,0,9,0,0,1,0,1,1,0,1,0,2,690,4,0,1,3,0,3,0,4,76,0,2,1,0,0,0,1,3,2,0,0,0,3,1,0,8,0,1,0,0,0,0,1,4,1,0
0,0,0,0,0,0,0,2,0,0,47,0,4,87,8,15,0,0,0,4,1,1,0,0,0,8,1094,3,1,4,0,0,0,0,0,166,0,6,7,12,6,0,0,0,5,19,8,0,0,0,0,29,0,0,2,2,11,0,8,0,0
0,0,0,0,0,0,0,0,0,0,16,0,0,8,1,0,0,0,0,3,1,0,0,0,0,0,1,6191,1,0,0,0,0,0,0,1,0,2,0,0,0,0,0,1,691,3,2,0,0,0,0,6,0,0,0,0,0,0,0,0,0
0,0,1,1,1,1,1,1,0,0,0,0,0,0,6,2,0,0,3,2,0,8,1,0,3,6,0,4,524,49,1,1,1,0,20,0,0,0,0,0,0,0,0,16,2,0,8,0,1,2,17,0,2,0,4,0,1,1,4,5,0
2,6,2,1,1,0,0,6,1,0,1,0,0,0,0,3,14,1,0,1,0,0,1,2,0,0,0,1,36,698,4,6,6,0,3,0,7,4,2,0,1,1,3,2,0,0,2,0,0,0,1,0,0,0,0,2,3,1,16,0,0
0,57,49,1,5,101,1,61,30,0,0,0,0,0,0,0,367,6,2,10,2,0,52,242,0,0,0,0,0,3,1476,560,296,0,1,0,2,0,1,1,1,64,9,0,0,0,4,6,0,0,0,0,0,87,25,179,0,1,58,0,1
2,49,89,1,10,527,132,124,70,0,1,0,2,1,2,4,226,5,9,163,20,2,44,209,1,0,1,0,3,17,598,2602,506,0,1,6,19,5,30,36,4,27,14,0,3,1,20,25,0,0,0,1,0,119,73,289,12,1,34,7,3
0,7,0,0,0,1,3,11,9,0,0,0,0,0,0,0,9,2,4,13,7,0,1,270,0,0,0,1,0,4,146,184,4128,0,0,0,4,0,4,2,0,0,6,0,1,0,6,3,0,0,0,0,0,3,13,199,0,0,168,0,0
0,0,0,0,0,0,0,1,0,0,0,84,35,0,0,1,0,0,0,0,0,1,0,0,1,0,0,0,0,1,0,0,0,692,2,0,0,0,0,0,0,0,0,0,0,0,0,0,11,19,20,0,0,0,0,0,0,0,5,10,18
0,1,0,2,0,2,9,0,0,6,0,12,41,0,18,0,0,0,3,2,0,3,1,0,10,303,0,3,31,1,1,0,0,14,2327,6,2,2,1,0,0,1,0,37,13,0,14,0,36,3,81,1,5,1,0,0,2,2,4,2,0
0,0,0,0,0,0,1,0,0,0,12,0,0,38,7,0,0,0,0,1,0,145,0,0,10,11,240,5,7,5,0,0,0,0,6,3202,0,1,0,2,0,0,0,0,40,170,12,0,1,1,0,299,20,0,0,0,4,0,1,1,2
45,2,41,71,40,44,0,3,101,3,4,0,0,1,21,24,5,287,4,4,1,2,6,21,0,0,0,0,0,7,8,12,33,0,0,0,2701,34,23,6,34,121,108,0,1,2,14,27,0,0,0,2,2,57,79,3,24,188,21,1,0
0,0,0,0,1,5,0,2,0,14,42,0,0,6,23,6,3,2,20,34,2,6,1,3,1,0,3,4,0,2,1,12,3,0,0,0,22,2015,326,56,30,2,3,0,7,12,8,9,0,0,0,3,1,4,8,1,45,18,3,0,0
1,1,6,3,2,9,2,7,1,7,21,0,2,75,41,61,0,4,20,147,9,9,0,5,2,1,29,2,0,11,6,14,3,0,0,5,41,460,3007,410,346,3,1,0,15,8,21,4,0,1,0,42,3,3,10,8,63,13,11,2,1
0,0,0,0,0,0,0,0,0,0,5,0,0,1,0,3,0,0,2,7,1,0,0,0,0,0,21,0,1,0,0,4,2,0,0,4,2,19,76,779,9,0,0,0,6,0,3,0,0,0,0,3,1,0,3,3,3,5,4,0,0
1,1,2,0,0,2,0,3,1,0,0,0,0,0,3,28,0,0,1,1,0,0,0,5,0,0,0,1,0,2,1,2,1,0,0,0,5,12,28,8,383,1,3,0,0,0,0,1,0,0,0,0,0,0,5,0,3,0,2,0,0
34,12,94,69,58,39,0,4,13,0,0,0,0,0,0,0,20,143,0,1,0,0,4,1,0,0,0,0,0,0,4,2,1,0,0,0,24,0,0,0,0,1020,30,0,0,0,0,3,0,0,0,0,0,17,34,4,0,4,0,0,0
0,0,2,10,0,1,0,0,19,0,0,0,0,0,0,0,0,1,0,0,0,0,2,1,0,0,0,0,0,0,0,0,0,0,0,0,4,0,0,0,0,5,447,0,0,0,0,1,0,0,0,0,0,1,1,0,0,1,0,0,0
1,0,1,0,0,4,0,0,0,108,0,3,10,0,23,0,1,1,0,0,0,0,0,0,10,16,0,2,20,1,0,1,0,1,27,0,2,0,0,0,0,0,0,1216,3,1,9,0,2,4,23,0,3,0,0,0,0,0,0,0,0
0,0,0,0,0,0,1,1,0,0,12,0,1,4,1,0,0,0,2,4,0,26,0,0,8,0,3,102,9,4,0,1,0,0,2,12,0,1,2,1,0,0,0,0,434,13,38,0,0,0,0,20,3,0,0,0,3,5,1,0,0
0,0,0,0,0,0,1,0,0,3,69,0,3,16,1,0,0,0,0,0,0,12,0,0,12,0,14,7,0,0,0,0,0,1,1,38,0,3,2,1,0,0,0,2,20,1572,7,0,0,0,1,134,13,0,0,0,13,0,0,0,0
26,46,22,40,21,24,2,16,24,10,11,0,7,12,14,24,26,17,4,13,3,4,8,36,2,10,20,1,28,56,35,43,46,0,23,14,39,20,31,12,10,18,47,12,49,11,1354,6,0,0,3,50,0,8,10,10,15,53,83,0,0
73,30,30,25,15,19,1,284,42,0,1,0,1,2,1,9,22,9,7,2,0,0,449,29,0,0,0,0,0,1,17,34,52,0,0,5,22,18,9,1,10,18,27,0,0,0,10,3254,0,0,0,1,0,21,19,25,35,40,0,0,0
0,0,0,0,0,0,1,0,0,0,0,39,2,0,2,0,0,0,0,0,0,3,0,0,56,0,0,1,0,1,0,0,0,23,1,0,0,0,0,0,0,0,0,0,0,0,0,0,4440,151,41,0,81,0,0,0,0,0,0,691,21
0,0,0,0,0,0,1,0,0,0,0,77,2,0,0,0,0,0,0,0,0,0,0,0,4,0,0,0,0,0,0,0,0,14,1,0,0,0,0,0,0,0,0,0,0,0,0,0,59,1516,4,0,1,0,0,0,0,0,0,9,25
0,1,2,0,1,1,9,0,0,9,0,96,246,1,67,1,0,0,0,1,0,13,0,0,16,19,0,6,11,1,2,1,1,62,47,0,0,0,0,0,0,0,0,50,4,0,12,0,26,7,1868,0,23,0,0,0,0,0,1,19,1
0,0,0,0,0,0,4,0,0,0,62,27,9,312,26,64,0,0,2,11,0,50,0,0,39,2,116,21,1,1,0,0,0,9,4,344,2,16,33,2,1,0,0,0,116,355,59,4,10,3,21,2536,100,0,0,0,25,3,4,22,7
0,0,0,0,0,0,0,0,0,1,1,3,5,0,43,1,0,0,0,0,0,2,0,0,58,0,0,0,1,0,0,0,0,0,1,3,0,0,0,0,0,0,0,5,2,13,0,0,11,0,16,6,359,0,0,0,5,0,0,15,0
5,1,24,12,0,27,1,10,2,0,0,0,0,0,0,0,10,22,0,1,0,0,4,5,0,0,0,0,0,0,37,32,2,0,0,0,1,0,0,0,0,11,7,0,0,0,0,1,0,0,0,0,0,156,8,16,0,2,0,0,0
1,1,4,3,0,9,0,2,0,0,0,0,0,0,0,0,2,16,2,5,0,0,2,0,0,0,0,0,0,0,3,4,0,0,0,1,1,0,0,0,0,13,5,0,0,0,1,0,0,0,0,0,0,11,305,21,0,14,0,0,0
0,2,3,0,0,5,6,23,0,0,0,0,0,0,0,0,12,0,1,9,2,0,11,24,0,0,0,0,0,1,61,82,95,0,0,0,0,2,1,0,0,4,1,0,0,0,0,5,0,0,0,0,0,8,103,945,1,1,7,0,0
0,0,2,0,0,1,0,1,0,16,46,0,3,16,56,37,0,1,0,2,0,10,1,0,88,0,1,0,3,5,0,3,0,0,1,1,12,18,5,1,13,0,0,1,1,13,3,23,3,0,0,5,47,1,3,1,1015,14,2,3,0
6,0,5,44,0,14,2,3,5,2,5,0,0,0,0,0,2,24,4,6,0,3,2,4,0,0,0,0,0,0,2,7,5,0,1,0,106,10,1,2,0,6,64,0,0,0,3,36,0,0,0,0,0,24,54,2,11,1744,0,0,0
0,1,2,0,2,3,0,24,0,0,0,0,2,0,0,3,12,0,1,1,0,0,11,4,0,0,1,0,2,4,23,11,75,5,0,0,2,0,1,1,1,2,0,0,0,0,1,0,0,0,0,0,0,3,7,29,0,0,995,0,0
0,0,0,0,0,1,3,0,0,0,0,9,3,0,14,7,0,0,0,0,0,3,0,0,18,2,0,1,1,1,0,0,0,18,1,0,0,0,0,0,0,0,0,1,1,0,0,0,452,34,14,2,51,0,0,0,5,0,1,2151,55
0,0,0,0,0,0,0,0,0,0,0,1,0,0,1,1,0,0,0,0,0,0,0,0,0,0,0,0,0,0,0,0,0,1,0,0,0,0,0,0,0,0,0,0,0,0,0,0,0,9,0,0,0,0,0,0,0,0,0,4,93
