0.65117,0.72558,0.41716,0.6557,0.39458,0.5,0.36458,0.58014,0.6237,0.42317,0.63151,0.54577,0.52594,0.74107,0.65485,0.70942,0.49924,0.40922,0.31019,0.42331,0.2875,0.66667,0.42176,0.54095,0.78583,0.62899,0.63253,0.97047,0.72462,0.7649,0.51695,0.62935,0.75826,0.74811,0.90993,0.82501,0.85101,0.73982,0.81572,0.57269,0.39542,0.56568,0.43836,0.85924,0.46261,0.63696,0.80349,0.86827,0.87592,0.84462,0.82551,0.69746,0.3908,0.21295,0.36014,0.50376,0.67383,0.78175,0.66892,0.72739,0.38866
0.6847
1415,37,132,290,129,5,0,22,136,0,0,0,0,0,0,0,4,7,0,0,0,0,70,0,0,0,0,0,0,0,1,0,0,0,0,0,0,0,0,0,0,41,8,0,0,0,0,6,0,0,0,0,0,5,0,0,0,0,0,0,0
34,2065,72,2,148,4,0,2,116,0,0,0,0,0,0,0,328,0,0,3,0,0,4,75,0,0,0,0,0,1,73,26,10,0,0,0,2,0,1,0,0,11,1,0,0,0,0,2,0,0,0,0,0,2,1,4,0,0,0,0,0
81,66,841,53,71,156,0,9,86,0,0,0,0,0,0,0,79,28,1,0,0,0,11,5,0,0,0,0,0,0,12,34,1,0,0,0,1,0,0,0,0,87,13,0,0,0,1,8,0,0,0,0,0,51,5,1,0,2,0,0,0
314,1,44,1375,28,7,0,9,43,0,0,0,0,0,0,0,0,51,0,0,0,0,24,0,0,0,0,0,0,0,0,0,0,0,1,0,13,0,0,0,0,94,98,0,0,0,1,11,0,0,0,0,0,14,10,0,0,33,0,0,0
31,24,19,3,451,1,0,1,4,0,0,0,0,0,0,0,4,0,0,0,0,0,2,1,0,0,0,0,0,0,0,0,0,0,0,0,2,0,0,0,0,16,0,0,0,0,0,0,0,0,0,0,0,0,0,0,0,0,0,0,0
19,16,235,44,23,1209,35,50,26,0,3,0,0,0,1,1,44,164,25,40,1,0,17,3,0,1,0,0,1,3,13,194,4,0,0,0,49,7,4,0,1,87,26,0,2,0,16,9,0,0,0,1,1,101,67,8,9,17,1,0,1
0,0,0,0,0,5,140,0,0,0,1,0,0,1,0,0,1,0,1,6,1,12,0,0,2,0,1,0,1,1,0,4,0,0,2,1,0,1,0,0,0,0,0,0,1,0,0,0,0,0,1,0,1,0,0,3,1,0,0,1,2
4,8,8,7,2,51,7,1589,10,0,0,0,0,1,0,1,30,5,5,9,0,0,395,2,0,0,1,1,1,1,28,67,6,0,0,0,2,1,1,0,1,6,5,0,2,0,4,200,0,1,0,0,0,23,13,36,2,5,0,0,0
67,56,74,8,21,7,0,6,1437,0,0,0,0,0,0,0,15,0,1,0,0,0,8,33,0,0,0,0,0,0,1,6,2,0,0,0,0,0,0,0,0,5,30,0,0,0,1,2,0,0,0,0,0,3,0,0,0,0,0,0,0
0,0,0,0,0,1,0,0,1,168,1,0,5,0,11,0,0,3,0,0,0,1,1,0,1,2,0,0,0,0,1,0,0,0,0,0,0,0,0,0,0,0,0,17,1,0,3,1,0,0,1,0,0,0,0,0,0,1,2,1,0
0,0,0,0,0,0,0,0,0,3,958,0,1,65,13,7,0,1,1,3,0,11,0,0,0,1,27,2,0,0,0,0,0,0,0,7,2,9,3,1,2,0,0,0,13,164,1,2,0,0,1,20,1,0,1,0,38,11,0,0,0
0,0,0,0,0,0,0,0,0,0,0,471,2,0,0,0,0,0,0,0,0,0,0,0,0,0,0,0,0,0,0,0,0,49,1,0,0,0,0,0,0,0,0,0,0,0,0,0,16,24,25,0,1,0,0,0,0,0,0,0,1
0,0,1,0,0,3,2,0,0,8,0,9,517,0,27,2,1,1,0,2,0,0,1,0,12,30,0,4,12,2,4,3,1,43,8,1,0,2,0,0,1,2,0,11,5,0,1,0,3,0,110,1,7,0,0,0,1,1,8,4,2
0,0,0,0,0,2,0,2,0,1,161,4,6,2055,43,104,0,0,0,3,0,26,0,0,19,3,149,8,3,6,0,0,0,3,1,38,4,12,37,5,3,0,0,0,25,52,6,0,1,4,2,415,24,0,0,0,40,3,6,6,9
0,1,2,0,0,8,4,0,0,28,25,1,35,24,979,37,0,0,0,8,1,4,0,4,9,9,6,4,3,5,7,5,1,1,1,2,14,14,6,1,22,0,0,19,8,9,5,0,2,0,23,8,52,1,3,1,68,2,4,9,0
0,0,1,0,0,0,1,7,0,0,1,0,5,37,20,1062,0,2,1,1,0,0,0,1,0,1,4,0,1,11,3,13,7,0,0,2,6,10,16,3,89,0,0,0,0,0,7,3,0,0,1,2,4,0,3,10,11,1,11,0,2
10,337,182,4,88,63,1,49,74,0,0,0,1,0,0,0,1313,4,0,4,0,0,112,108,0,0,0,0,0,2,210,122,9,0,0,0,1,0,2,0,1,96,18,0,0,0,5,8,0,0,0,0,0,18,10,15,0,0,3,0,0
6,0,4,13,2,13,0,0,1,0,0,0,0,0,0,0,0,559,0,0,1,0,1,0,0,0,0,0,0,1,0,1,0,0,0,0,53,0,0,1,0,22,7,0,0,0,1,1,0,0,0,0,0,5,4,0,0,15,0,0,0
0,0,0,0,0,3,0,0,0,0,0,0,0,0,0,0,0,0,67,3,0,0,0,0,0,0,0,0,0,0,0,1,1,0,0,0,0,5,2,0,0,0,0,0,1,0,0,0,0,0,0,0,0,0,0,0,0,0,0,0,0
0,0,0,0,0,14,6,0,0,0,0,0,1,0,3,0,1,1,6,414,4,1,0,0,0,0,1,0,0,0,1,11,1,0,0,0,1,14,22,10,3,1,0,0,1,0,2,3,0,0,0,0,1,0,3,2,2,3,1,0,0
0,0,0,0,0,0,0,0,0,0,0,0,0,0,0,0,0,0,0,0,23,0,0,0,0,0,0,0,0,0,0,0,0,0,0,0,0,0,0,6,0,0,0,0,0,0,0,0,0,0,0,0,0,0,1,0,0,0,0,0,0
0,0,0,0,0,1,2,1,0,0,4,0,0,2,5,0,0,2,4,14,0,766,0,0,18,2,1,3,8,0,0,0,2,0,0,7,0,3,0,2,0,0,0,1,23,16,10,1,0,0,6,28,14,0,2,0,10,6,1,1,0
7,14,13,2,2,4,0,400,4,0,0,0,0,0,0,0,37,3,0,0,0,0,911,4,0,0,0,0,0,0,17,10,1,0,0,0,0,0,0,0,0,2,2,0,0,0,0,75,0,0,0,0,0,9,4,12,0,2,2,0,0
0,27,2,0,0,0,0,3,56,0,0,0,0,0,0,0,40,0,0,2,1,0,1,1288,0,0,0,0,0,0,63,36,127,0,0,0,0,0,0,0,0,1,17,0,0,0,1,1,0,0,0,0,0,4,2,38,0,0,2,0,0
0,0,0,0,0,0,1,0,0,1,0,1,1,1,13,0,0,0,0,0,0,5,0,0,1464,0,0,2,2,0,0,0,0,1,3,1,0,0,0,0,0,0,0,19,5,10,0,0,3,4,6,5,114,0,0,0,24,0,0,0,3
0,0,0,0,0,0,1,0,0,8,0,0,37,0,5,0,0,2,0,1,0,0,1,0,1,690,3,0,3,1,0,1,0,4,72,0,2,1,0,0,0,1,1,4,0,0,3,4,1,0,5,1,1,0,0,1,0,1,3,1,0
0,0,0,0,0,0,0,2,0,0,45,0,1,87,10,17,0,0,1,6,1,6,0,0,0,12,1081,2,1,4,0,1,0,0,1,166,0,3,8,12,6,0,0,0,7,20,8,0,0,0,0,30,1,0,1,2,9,0,9,0,0
0,0,0,0,0,0,0,0,0,0,18,0,0,7,1,0,0,0,0,3,0,0,0,0,0,0,1,6178,2,0,0,0,0,0,0,1,0,1,1,0,0,0,0,1,699,3,2,0,0,0,0,10,0,0,0,0,0,0,0,0,0
1,0,1,0,1,1,3,2,0,0,0,1,0,0,6,2,0,1,1,2,1,7,1,0,5,4,0,4,521,52,0,3,1,0,19,0,0,1,0,0,0,0,0,17,3,0,7,0,0,2,12,0,3,0,2,1,2,1,4,5,0
2,4,0,1,1,2,1,6,2,0,0,0,0,0,1,4,14,1,0,1,1,0,0,2,0,0,0,1,34,693,2,7,10,0,2,0,5,4,1,0,2,1,4,2,0,0,4,1,0,0,0,0,0,0,0,2,4,1,18,0,0
0,49,51,1,6,108,1,56,26,0,0,0,0,0,0,0,380,4,3,11,2,0,52,237,0,0,0,0,0,3,1464,563,292,1,1,0,1,0,0,1,0,67,12,0,0,0,2,7,0,0,0,0,0,93,24,182,0,0,61,0,0
3,42,96,0,8,525,131,125,70,0,2,0,1,2,1,4,222,6,12,153,21,2,45,196,1,0,1,0,2,11,578,2625,519,0,2,7,20,4,30,34,6,31,15,1,4,0,23,24,0,0,0,1,0,144,66,280,11,1,32,8,2
0,5,0,0,0,2,3,9,7,0,0,0,0,0,0,0,11,1,2,11,8,1,1,274,0,0,0,1,0,3,153,178,4131,0,0,0,5,0,3,4,0,0,4,0,2,0,3,3,0,0,0,0,0,3,11,188,0,0,182,0,0
0,0,0,0,0,0,1,1,0,0,0,93,26,0,0,2,0,0,0,0,0,1,0,0,1,1,0,0,0,1,0,0,0,692,2,0,0,0,0,0,0,0,0,0,0,0,0,0,12,19,18,0,0,0,0,0,0,0,7,8,16
0,0,0,0,0,0,4,1,0,6,0,13,43,0,20,0,0,1,1,3,0,6,0,0,7,284,0,3,34,1,3,0,0,12,2364,6,3,3,0,0,0,1,0,36,10,0,15,0,36,4,74,1,2,0,0,0,0,3,2,1,0
0,0,0,0,0,0,1,0,0,0,13,1,0,31,3,1,0,0,0,3,0,144,0,0,15,9,232,4,7,6,0,0,0,0,10,3206,0,0,0,2,0,0,0,0,44,177,13,0,0,1,0,292,18,0,0,0,5,0,1,1,4
40,3,49,65,43,38,1,3,99,3,3,0,0,2,21,21,4,287,5,7,0,2,5,25,0,1,0,0,0,4,8,13,30,0,0,0,2696,33,25,9,34,126,117,0,3,2,11,25,0,0,0,0,1,61,65,5,22,207,12,2,0
0,1,0,0,1,5,0,2,0,19,43,0,0,5,20,4,0,2,29,39,1,4,1,5,2,2,3,5,0,5,3,11,3,0,0,0,23,1999,323,54,30,4,4,0,7,13,8,9,0,0,0,3,1,3,4,2,46,19,2,0,0
0,1,5,4,2,9,5,6,2,7,23,0,1,76,40,62,0,5,24,162,8,6,0,4,1,2,31,2,1,11,7,12,2,0,0,7,38,454,3010,412,342,2,2,0,14,5,20,5,1,1,0,33,1,1,12,10,61,12,12,2,1
0,0,0,0,0,0,0,0,0,0,5,0,0,3,0,2,0,0,3,8,1,0,0,0,0,0,26,0,1,1,0,3,4,0,0,3,2,19,80,776,6,0,0,0,5,0,3,0,0,0,0,3,0,0,3,3,1,3,3,0,0
1,0,3,0,0,3,0,4,1,0,0,0,0,0,2,26,0,0,0,1,0,0,1,5,0,0,0,1,0,1,0,3,0,0,0,0,7,11,35,4,380,1,3,0,0,0,2,1,0,0,0,0,0,0,3,1,5,0,1,0,0
25,14,97,80,67,41,0,4,11,0,0,0,0,0,0,0,16,141,1,0,0,0,4,1,0,0,0,0,0,0,5,2,1,0,0,0,19,0,0,0,0,1012,30,0,0,0,0,4,0,0,0,0,0,17,35,4,0,4,0,0,0
0,1,1,11,0,1,0,0,16,0,0,0,0,0,0,0,0,1,0,0,0,0,2,1,0,0,0,0,0,0,0,1,0,0,0,0,5,0,0,0,0,5,448,0,0,0,0,1,0,0,0,0,0,0,1,0,0,1,0,0,0
0,1,0,0,0,3,0,0,2,102,0,4,12,0,23,0,1,1,0,0,0,1,0,0,11,15,0,1,19,0,0,2,0,1,30,0,3,0,0,0,0,0,0,1227,3,1,6,0,2,2,18,0,2,0,0,0,0,0,0,0,0
0,0,0,0,0,0,2,1,0,0,9,0,0,8,2,0,0,0,0,5,0,28,0,0,7,0,1,104,13,2,0,1,0,0,2,12,0,2,1,1,0,0,0,0,432,15,34,0,0,0,0,20,3,0,0,0,3,5,1,0,0
0,0,0,0,0,0,0,0,0,3,71,0,2,16,1,0,0,0,0,0,0,17,0,0,12,1,12,7,0,0,0,0,0,0,0,41,0,3,1,1,0,0,0,2,21,1558,8,0,0,0,0,137,17,0,0,0,15,0,0,0,0
26,45,17,42,24,31,2,15,27,11,14,0,7,12,12,26,27,18,4,14,3,6,8,38,2,5,16,1,26,58,39,46,47,0,30,14,36,21,28,8,8,18,49,8,51,11,1337,9,0,0,6,52,0,4,12,12,12,54,80,0,0
76,22,30,27,21,25,2,291,41,1,1,0,0,3,6,9,19,8,6,4,0,0,449,28,0,1,0,0,0,0,15,33,49,0,0,4,27,15,6,1,10,16,29,0,0,1,8,3243,0,0,0,1,0,23,18,23,37,40,1,0,0
0,0,0,0,0,0,0,0,0,0,0,44,1,0,1,0,0,0,0,0,0,2,0,0,55,0,0,1,0,0,0,0,0,21,2,0,0,0,0,0,0,0,0,0,0,0,0,0,4419,164,39,1,82,0,0,0,0,0,0,704,18
0,0,0,0,0,0,1,0,0,0,0,75,1,0,0,0,0,0,0,0,0,0,0,0,4,0,0,0,1,0,0,0,0,10,0,0,0,0,0,0,0,0,0,0,1,0,0,0,60,1522,3,0,1,0,0,0,0,0,0,8,26
0,0,2,0,1,1,11,0,0,11,0,100,252,0,69,1,1,0,0,1,1,10,0,0,14,18,0,8,12,1,0,1,1,62,38,0,0,0,0,0,0,1,0,53,3,0,12,0,29,6,1864,1,23,0,0,0,0,0,1,13,3
0,0,0,0,0,0,1,0,0,0,63,33,11,318,31,57,0,0,2,9,0,61,0,0,38,2,108,18,1,2,0,0,0,6,4,355,1,16,34,3,2,0,0,0,112,360,61,3,13,5,17,2499,118,0,0,0,23,5,5,19,7
0,0,0,0,0,0,0,0,0,0,1,3,7,0,38,1,0,0,0,0,0,3,0,0,50,1,0,0,2,0,0,0,0,0,0,4,0,0,0,0,0,0,0,6,2,12,0,0,8,0,14,7,374,0,0,0,4,0,0,14,0
4,1,22,15,1,28,1,8,3,0,0,0,0,0,0,0,10,21,1,1,0,0,5,5,0,0,0,0,0,0,36,25,2,0,0,0,0,0,0,0,0,6,7,0,0,0,0,1,0,0,0,0,0,171,6,15,0,2,0,0,0
1,2,2,4,0,7,1,4,0,0,0,0,0,0,0,0,2,10,2,2,0,0,2,0,0,0,0,0,0,0,4,4,0,0,0,1,4,0,0,0,0,14,6,0,0,0,1,0,0,0,0,0,0,8,309,22,0,14,0,0,0
0,2,4,0,0,6,4,25,0,0,0,0,0,0,0,0,10,1,1,9,0,0,12,27,0,0,0,0,0,1,55,81,98,0,0,0,0,2,2,0,0,2,1,0,0,0,1,5,0,0,0,0,0,14,102,938,1,1,10,0,0
0,0,2,0,0,1,0,2,0,15,46,0,2,17,54,34,1,1,1,1,0,11,1,0,92,0,3,0,3,4,1,2,0,0,1,0,15,22,7,1,11,0,0,3,1,17,4,23,3,0,0,7,45,0,1,2,1004,12,2,3,0
6,0,3,46,0,21,2,3,3,2,6,0,0,0,0,0,1,23,5,7,0,2,3,5,0,0,0,0,0,0,1,9,4,0,0,0,104,10,1,2,1,7,65,0,0,0,2,33,0,0,0,0,0,23,50,2,9,1748,0,0,0
0,1,1,0,2,1,0,19,0,0,0,0,2,0,0,6,14,0,0,2,0,0,9,4,0,0,1,0,2,6,24,10,81,3,0,0,2,0,0,1,0,3,0,0,0,0,1,1,0,0,0,0,0,2,4,37,0,0,990,0,0
0,0,0,0,0,2,6,0,0,0,0,9,3,0,12,4,0,0,0,0,0,3,0,0,20,0,0,1,2,2,0,1,0,15,1,0,0,0,0,0,0,0,0,1,0,0,0,0,436,36,12,3,44,0,0,0,10,0,0,2172,54
0,0,0,0,0,0,0,0,0,0,0,1,0,0,1,0,0,0,0,0,0,0,0,0,0,0,0,0,0,0,0,0,0,1,0,0,0,0,0,0,0,0,0,0,0,0,0,0,0,7,0,1,0,0,0,0,0,0,0,3,96
