0.6497,0.72426,0.41654,0.65953,0.39859,0.5052,0.37368,0.58696,0.62024,0.41131,0.62893,0.55272,0.53954,0.73722,0.64074,0.69948,0.49886,0.41255,0.31068,0.43189,0.3,0.66059,0.41834,0.54139,0.78541,0.62888,0.6287,0.9715,0.73167,0.77703,0.51309,0.63835,0.76134,0.73607,0.90804,0.82444,0.85426,0.73324,0.81133,0.56831,0.39447,0.56881,0.44345,0.85241,0.46554,0.64103,0.80119,0.86449,0.87416,0.85408,0.81255,0.69584,0.38559,0.21359,0.34807,0.50539,0.67553,0.7815,0.67235,0.7241,0.37302
0.68443
1417,39,136,284,132,8,0,20,129,0,0,0,0,0,0,0,5,6,0,0,0,0,68,0,0,0,0,0,0,0,1,0,0,0,0,0,0,0,0,0,0,42,8,0,0,0,0,10,0,0,0,0,0,3,0,0,0,0,0,0,0
34,2075,75,3,144,3,0,0,120,0,0,0,0,0,0,0,320,0,1,2,0,0,7,75,0,0,0,0,0,2,68,23,11,0,0,0,2,0,1,0,0,13,1,0,0,0,1,0,0,0,0,0,0,0,1,5,0,0,0,0,0
83,70,846,51,77,154,0,9,86,0,0,0,0,0,0,0,77,26,0,0,0,0,9,3,0,0,0,0,0,0,15,26,1,0,0,0,2,1,0,0,0,87,11,0,0,0,0,8,0,0,0,0,0,54,5,1,0,1,0,0,0
327,2,44,1356,26,5,0,9,41,0,0,0,0,0,0,0,0,56,0,0,0,0,24,0,0,0,0,0,0,0,0,0,0,0,0,0,13,0,0,0,0,98,102,0,0,0,1,10,0,0,0,0,0,13,11,0,0,33,0,0,0
29,25,17,3,452,1,0,0,4,0,0,0,0,0,0,0,5,0,0,0,0,0,2,1,0,0,0,0,0,0,1,0,0,0,0,0,2,0,0,0,0,16,0,0,0,0,1,0,0,0,0,0,0,0,0,0,0,0,0,0,0
16,20,246,41,17,1215,29,56,24,0,2,0,0,0,0,2,45,168,30,43,0,0,14,6,0,0,1,0,0,4,18,168,4,0,0,0,46,10,3,0,0,95,23,0,3,0,15,10,0,0,0,1,1,103,62,10,8,18,1,0,1
0,1,0,0,0,7,142,0,0,0,0,0,0,0,0,2,0,1,1,5,0,10,0,0,1,0,1,0,2,0,0,7,0,0,2,1,0,1,0,0,0,0,0,0,3,0,0,0,0,0,1,0,0,0,0,1,0,0,0,1,1
2,7,8,7,1,51,7,1566,11,0,0,0,0,0,0,2,35,5,7,10,0,0,407,2,0,0,1,1,0,1,31,68,4,0,0,0,2,1,0,0,2,5,4,0,2,0,4,205,0,1,0,0,0,21,16,37,2,5,0,0,0
70,58,67,6,26,8,0,4,1434,0,0,0,0,0,0,0,13,0,1,0,0,0,7,34,0,0,0,0,0,0,0,6,2,0,0,0,0,0,0,0,0,5,33,0,0,0,1,4,0,0,0,0,0,4,0,0,0,0,0,0,0
0,0,0,0,0,1,0,0,1,160,1,0,7,0,12,0,0,2,0,0,0,1,0,0,0,2,0,0,1,0,0,0,0,0,0,0,0,1,0,0,0,0,0,24,1,0,1,2,0,0,1,0,0,0,0,0,1,1,2,1,0
0,0,0,0,0,0,0,0,0,1,961,0,2,58,13,5,0,1,1,1,0,11,0,0,0,1,29,2,0,0,0,0,0,0,0,10,2,10,2,1,1,0,0,0,17,158,1,3,0,0,1,24,2,0,1,0,41,9,0,0,0
0,0,0,0,0,0,0,0,0,0,0,477,3,0,0,0,0,0,0,0,0,0,0,0,0,0,0,0,0,0,0,0,0,48,1,0,0,0,0,0,0,0,0,0,0,0,0,0,12,19,27,0,1,0,0,0,0,0,0,1,1
0,0,1,1,0,2,3,0,0,7,0,13,498,0,29,1,0,0,0,1,0,0,1,0,10,29,1,3,12,3,3,4,1,44,10,0,1,2,1,0,1,2,0,13,6,0,2,0,3,0,121,1,4,0,0,0,0,1,11,5,2
0,0,0,0,0,1,1,2,0,2,169,6,7,2034,42,95,0,0,0,3,1,31,0,0,19,4,162,8,3,4,0,0,0,4,1,37,5,8,38,5,2,0,0,0,26,63,6,0,1,2,1,405,17,0,0,1,44,4,5,8,14
0,1,1,0,0,13,1,0,0,30,23,1,36,26,972,39,1,0,1,6,1,4,0,4,9,4,7,4,6,4,9,3,1,1,2,2,14,14,5,1,27,0,0,19,6,9,8,0,2,0,24,7,59,0,1,1,61,2,3,10,0
0,0,1,0,0,0,1,5,0,0,1,0,7,37,22,1066,0,1,0,1,1,0,2,2,0,1,5,0,2,12,3,10,5,0,0,2,8,10,21,4,86,0,0,0,0,0,5,4,0,0,0,1,1,0,2,7,12,1,8,1,2
6,332,192,2,92,58,1,41,75,0,0,0,1,0,0,0,1311,3,0,3,0,0,110,110,0,0,0,0,0,2,217,122,10,0,0,0,2,0,1,0,1,96,18,0,0,0,4,6,0,0,0,0,0,22,10,14,0,0,8,0,0
7,0,5,14,2,15,0,0,1,0,0,0,0,0,0,0,0,559,0,0,1,0,0,0,0,0,0,0,0,1,0,1,0,0,0,0,51,0,1,0,0,21,8,0,0,0,2,1,0,0,0,0,0,5,3,0,0,13,0,0,0
0,0,0,0,0,4,0,0,0,0,0,0,0,0,0,0,0,0,64,3,0,0,0,0,0,0,0,0,0,0,0,1,1,0,0,0,0,5,4,0,0,0,0,0,1,0,0,0,0,0,0,0,0,0,0,0,0,0,0,0,0
0,0,1,0,0,11,6,0,0,0,0,0,0,1,2,0,1,1,5,409,4,0,0,0,0,0,0,0,0,0,1,9,1,0,0,0,1,14,30,11,3,1,0,0,2,0,3,3,0,0,1,0,0,1,4,2,2,3,1,0,0
0,0,0,0,0,0,0,0,0,0,0,0,0,0,0,0,0,0,0,1,24,0,0,0,0,0,0,0,0,0,0,0,0,0,0,0,0,0,0,4,0,1,0,0,0,0,0,0,0,0,0,0,0,0,0,0,0,0,0,0,0
0,0,0,0,0,1,4,2,0,0,4,0,0,3,9,0,0,1,1,15,0,761,0,0,14,3,1,4,6,0,0,0,2,0,1,8,0,4,1,2,0,0,0,1,24,19,9,1,1,0,6,25,14,0,3,0,8,6,1,1,0
7,14,11,2,2,4,0,388,4,0,0,0,0,0,0,0,41,2,0,0,0,0,917,5,0,0,0,0,0,0,18,8,1,0,0,0,1,0,0,0,0,3,3,0,0,0,0,78,0,0,0,0,0,10,5,11,0,0,2,0,0
0,28,2,0,0,0,0,2,57,0,0,0,0,0,0,0,39,0,0,1,1,0,2,1282,0,0,0,0,0,1,67,35,135,0,0,0,0,0,0,0,0,1,16,0,0,0,1,0,0,0,0,0,0,3,2,36,0,0,1,0,0
0,0,0,0,0,0,1,0,0,2,0,0,1,1,14,0,0,0,0,0,0,5,0,0,1464,0,0,2,2,0,0,0,0,1,3,2,0,0,0,0,0,0,0,16,6,9,1,0,4,5,6,3,115,0,0,0,24,0,0,0,2
0,0,0,0,0,0,1,0,0,10,0,0,29,0,4,0,0,1,0,2,0,1,1,0,1,688,4,0,2,1,0,1,0,5,74,0,2,1,0,0,0,1,2,3,0,0,3,3,2,0,9,0,1,0,0,1,0,1,4,2,0
0,0,0,0,0,0,0,0,0,0,43,0,1,89,12,19,0,0,0,5,0,3,2,0,0,9,1082,2,2,3,0,1,0,0,2,168,0,2,7,10,6,0,0,0,7,20,7,1,0,0,0,32,0,0,1,2,14,0,8,0,0
0,0,0,0,0,0,0,0,0,0,10,0,0,7,1,0,0,0,0,3,1,0,0,0,0,0,1,6169,3,0,0,0,0,0,0,0,0,2,0,0,0,0,0,1,716,3,2,0,0,0,0,9,0,0,0,0,0,0,0,0,0
0,0,1,0,0,1,3,0,1,2,0,0,0,0,7,2,1,1,0,2,1,6,2,0,4,4,0,3,529,44,0,2,1,0,19,0,0,0,0,0,0,0,0,14,6,0,8,0,0,3,14,0,4,0,3,1,1,1,4,5,0
2,5,1,1,1,2,1,5,2,0,1,0,0,0,0,5,9,2,0,1,0,0,0,3,0,0,0,1,35,697,5,4,7,0,3,0,6,5,1,0,2,0,4,2,0,0,4,1,0,0,1,0,0,1,0,2,3,1,15,0,0
0,46,47,3,10,107,1,57,28,0,0,0,0,0,0,0,365,5,3,9,0,0,58,240,0,0,0,0,0,1,1470,558,298,0,1,0,4,0,0,1,1,65,11,0,0,0,3,5,0,0,0,0,0,90,26,191,0,0,56,1,0
3,44,98,0,9,515,123,111,77,0,2,0,1,2,0,7,227,5,10,157,18,3,44,196,1,0,1,0,4,11,593,2630,506,0,2,7,21,5,31,38,4,30,11,1,4,0,27,24,0,0,0,1,0,144,75,274,10,0,33,7,3
0,6,0,0,0,1,2,7,8,0,0,0,0,0,0,1,6,2,3,8,8,1,1,270,0,0,0,1,0,4,150,185,4144,0,0,0,4,0,3,5,0,0,5,0,2,0,2,4,0,0,0,0,0,3,15,181,0,0,177,0,0
0,0,0,0,0,0,0,1,0,0,0,86,24,0,0,2,0,0,0,0,0,0,0,0,1,1,0,0,0,1,0,0,0,700,2,0,0,0,0,0,0,0,0,0,0,0,0,0,12,17,22,0,1,0,0,0,0,0,5,10,16
0,0,0,1,0,1,7,1,0,5,0,12,29,0,25,0,0,1,3,3,0,5,0,0,9,288,0,4,30,1,2,0,0,17,2350,6,2,4,0,0,0,1,1,37,9,0,13,1,39,3,78,2,5,0,0,0,0,3,3,2,0
0,0,0,0,0,0,2,0,0,0,15,0,0,30,5,1,0,0,0,1,0,149,0,0,13,10,234,4,8,5,0,0,0,0,9,3184,0,1,0,2,0,0,0,0,46,165,13,0,0,2,0,311,25,0,0,0,5,0,1,1,2
42,4,40,72,37,37,0,2,100,3,4,0,0,2,24,23,5,277,5,5,0,2,5,22,0,0,0,0,0,2,7,12,34,0,0,0,2708,30,25,5,36,120,112,0,3,2,12,29,0,0,0,1,2,61,79,5,17,209,14,2,0
0,1,0,0,0,8,1,3,0,15,41,0,0,6,21,9,0,3,26,28,1,5,1,5,3,1,6,4,0,5,4,11,3,0,0,0,22,2001,334,52,30,2,3,0,7,13,4,9,0,0,0,4,0,1,5,3,48,18,2,0,0
0,0,5,3,3,12,5,5,1,6,27,0,1,76,42,69,0,4,12,155,10,8,0,4,2,2,22,2,1,14,10,11,2,0,0,5,40,468,2980,424,349,4,1,1,12,8,21,6,1,1,0,37,2,2,11,8,61,13,8,2,0
0,0,0,0,0,0,0,1,0,0,6,0,0,5,1,2,0,0,1,7,0,0,0,0,0,0,22,0,0,1,0,3,2,0,0,4,3,21,75,782,8,0,0,0,4,0,3,0,0,0,0,3,0,0,2,3,1,3,4,0,0
1,0,1,0,0,2,0,2,1,0,0,0,0,0,1,31,0,0,3,1,1,0,1,3,0,0,0,0,1,2,0,3,1,0,0,0,6,11,29,5,385,1,2,0,0,0,1,2,0,0,0,0,0,0,2,0,5,0,2,0,0
27,15,96,72,60,41,0,4,10,0,0,0,0,0,0,0,18,139,1,0,0,0,3,2,0,0,0,0,0,0,2,2,1,0,0,0,20,0,0,0,0,1025,33,0,0,0,0,4,0,0,0,0,0,18,33,5,0,4,0,0,0
0,1,1,11,0,1,0,0,21,0,0,0,0,0,0,0,0,0,0,0,0,0,1,1,0,0,0,0,0,0,0,1,0,0,0,0,5,0,0,0,0,4,447,0,0,0,0,1,0,0,0,0,0,1,0,0,0,0,0,0,0
0,0,1,0,0,3,1,0,1,104,0,2,8,0,24,0,2,1,0,0,0,0,0,0,11,15,0,1,14,0,0,1,0,1,26,0,3,0,0,0,0,0,0,1236,2,1,5,0,3,3,20,0,4,0,0,0,0,0,0,0,0
0,0,0,0,0,1,2,1,0,0,10,0,0,5,1,0,0,0,0,5,0,28,0,0,8,0,3,99,13,3,0,0,0,0,2,12,0,1,1,1,0,0,0,0,432,15,37,0,0,0,0,23,3,0,0,0,2,5,1,0,0
0,0,0,0,0,0,1,0,0,3,78,0,2,19,1,0,0,0,0,0,0,16,0,0,12,0,10,7,0,0,0,0,0,1,0,41,0,3,1,1,0,0,0,2,19,1550,11,0,0,0,1,140,14,0,0,0,13,0,0,0,0
29,44,25,39,25,32,1,12,23,10,15,0,9,14,12,26,32,16,4,14,5,5,12,35,2,7,15,1,27,54,34,42,40,0,29,17,33,22,28,12,9,15,49,11,45,11,1350,6,0,0,4,50,0,7,11,13,11,53,82,0,0
68,20,32,25,15,23,1,284,40,1,1,0,0,2,4,11,31,7,12,1,0,0,458,20,0,1,0,0,0,0,13,35,49,0,0,4,21,18,7,1,9,17,26,0,0,0,10,3260,0,0,0,1,0,23,15,24,36,44,0,0,0
0,0,0,0,0,0,0,0,0,0,0,41,0,0,1,0,0,0,0,0,0,2,0,0,56,0,0,1,0,0,0,0,0,22,1,0,0,0,0,0,0,0,0,0,0,0,0,0,4439,150,42,1,73,0,0,0,0,0,0,701,24
0,0,0,0,0,0,0,0,0,0,0,74,2,0,0,0,0,0,0,0,0,0,0,0,5,0,0,0,1,0,0,0,0,11,0,0,0,0,0,0,0,0,0,0,0,0,0,0,62,1516,6,0,1,0,0,0,0,0,0,7,28
0,1,0,0,1,1,14,0,0,11,0,106,237,1,64,1,1,0,0,1,1,9,0,0,14,19,0,6,12,1,0,1,1,63,42,0,0,0,0,0,0,1,0,57,6,0,13,0,27,4,1864,0,28,0,0,0,0,0,1,14,2
0,0,0,0,0,0,1,0,0,0,63,34,9,325,35,58,0,0,2,11,0,67,0,0,34,3,109,20,1,1,0,0,0,9,4,348,0,14,32,4,3,0,0,0,116,346,65,3,15,4,14,2512,106,0,0,0,24,3,4,19,5
0,0,0,0,0,0,0,0,0,0,1,2,4,0,44,1,0,0,0,0,0,3,0,0,55,1,0,0,2,0,0,0,0,0,0,3,0,0,0,0,0,0,0,6,3,12,0,0,8,0,15,6,364,0,0,0,5,0,0,16,0
3,1,19,11,0,25,1,10,4,0,0,0,0,0,0,0,11,22,1,1,0,0,4,6,0,0,0,0,0,0,28,29,2,0,0,0,0,0,0,0,0,8,9,0,0,0,0,0,0,0,0,0,0,176,6,17,0,3,0,0,0
1,1,3,3,0,8,2,3,0,0,0,0,0,1,0,0,3,12,2,4,0,0,1,0,0,0,0,0,0,0,3,3,0,0,0,0,2,0,0,0,0,11,8,0,0,0,0,1,0,0,0,0,0,11,307,21,0,15,0,0,0
0,3,4,0,0,5,6,22,1,0,0,0,0,0,0,0,10,0,0,9,1,0,12,25,0,0,0,0,0,1,64,76,93,0,0,0,0,3,2,1,0,3,1,0,0,0,0,5,0,0,0,0,0,13,107,937,0,1,10,0,0
0,0,0,0,0,1,0,1,0,15,46,0,2,15,55,34,1,1,0,1,0,12,1,0,97,0,3,0,2,4,1,2,0,0,1,1,13,25,7,1,11,0,0,4,0,14,2,27,2,0,1,7,51,2,1,2,991,15,2,4,0
7,0,2,45,0,14,3,5,7,2,4,0,0,0,0,0,1,24,6,7,0,2,2,7,0,0,0,0,0,0,2,7,6,0,0,0,101,10,1,2,0,6,56,0,1,0,2,34,0,0,0,0,0,30,51,2,11,1749,0,0,0
0,1,2,0,2,1,0,27,0,0,0,0,2,0,0,4,12,0,0,2,0,0,13,5,0,0,1,0,2,5,25,9,74,5,0,0,2,0,1,1,0,2,0,0,0,0,1,0,0,0,0,0,0,2,6,36,0,0,985,0,1
0,0,0,0,0,1,5,0,0,0,0,8,1,0,17,6,0,0,0,0,0,2,0,0,19,1,0,1,0,2,0,0,0,17,1,0,0,1,0,0,0,0,0,2,1,0,0,0,445,36,14,2,46,0,0,0,6,0,1,2160,54
0,0,0,0,0,0,0,0,0,0,0,1,0,0,1,0,0,0,0,0,0,0,0,0,0,0,0,0,0,0,0,0,0,2,0,0,0,0,0,0,0,0,0,0,0,0,0,0,0,9,0,1,0,0,0,0,0,0,0,2,94
