0.6458,0.7234,0.41093,0.65928,0.40089,0.50183,0.35657,0.58182,0.6275,0.42588,0.63099,0.54176,0.52761,0.74274,0.64531,0.70573,0.49426,0.40517,0.3617,0.41525,0.30769,0.67438,0.41781,0.5424,0.77819,0.61313,0.6182,0.97166,0.72999,0.77691,0.50755,0.6308,0.76011,0.72766,0.91157,0.82407,0.85632,0.7369,0.8206,0.56933,0.39162,0.57248,0.4508,0.85495,0.46785,0.6385,0.7954,0.87182,0.87606,0.84709,0.8191,0.70251,0.39805,0.21236,0.35903,0.50431,0.66933,0.78671,0.67168,0.72552,0.38115
0.68444
1413,40,142,289,125,8,0,23,131,0,0,0,0,0,0,0,5,7,0,0,0,0,65,0,0,0,0,0,0,0,1,0,0,0,0,0,1,0,0,0,0,39,6,0,0,0,0,8,0,0,0,0,0,5,0,0,0,0,0,0,0
31,2074,78,2,141,5,0,1,115,0,0,0,0,0,0,0,324,0,0,3,0,0,6,74,0,0,0,0,0,1,73,27,10,0,0,0,2,0,1,0,0,11,1,0,0,0,1,0,0,0,0,0,0,1,1,4,0,0,0,0,0
80,72,842,55,73,174,1,8,83,0,0,0,0,0,0,0,83,28,0,0,0,0,11,5,0,0,0,0,0,0,17,31,1,0,0,0,1,1,0,0,0,77,8,0,0,0,0,8,0,0,0,0,0,36,6,1,0,1,0,0,0
327,1,47,1368,28,8,0,8,41,0,0,0,0,0,0,0,0,50,0,0,0,0,22,0,0,0,0,0,0,0,0,0,0,0,0,0,12,0,0,0,0,92,99,0,0,0,1,11,0,0,0,0,0,15,7,0,0,34,0,0,0
32,25,19,5,449,1,0,0,4,0,0,0,0,0,0,0,4,0,0,0,0,0,2,1,0,0,0,0,0,0,1,0,0,0,0,0,2,0,0,0,0,14,0,0,0,0,0,0,0,0,0,0,0,0,0,0,0,0,0,0,0
13,19,243,37,21,1232,33,44,26,0,3,0,0,0,0,1,43,163,18,40,1,0,18,4,0,0,0,0,0,1,22,186,5,0,0,0,47,7,8,0,0,93,25,0,4,0,14,10,0,0,0,1,0,97,63,7,12,17,1,0,0
0,1,0,1,0,8,133,0,0,0,0,0,0,0,0,1,0,1,0,7,0,12,0,0,1,0,2,0,2,0,0,7,0,0,2,1,0,0,0,0,0,0,0,2,5,0,0,0,1,0,0,0,0,0,1,1,0,0,0,2,0
4,8,11,7,2,53,10,1575,10,0,0,0,0,1,0,1,35,7,4,10,0,0,406,3,0,0,1,1,1,1,22,58,5,0,0,0,2,1,0,0,2,6,5,0,1,0,4,201,0,1,0,0,0,22,16,37,1,6,0,0,0
73,53,71,6,19,7,0,4,1442,0,0,0,0,0,0,0,15,0,0,0,0,0,6,36,0,0,0,0,0,0,1,5,2,0,0,0,0,0,0,0,0,4,29,0,0,0,1,3,0,0,0,0,0,6,0,0,0,0,0,0,0
0,0,0,0,0,1,0,1,1,158,1,0,7,0,13,0,0,2,0,0,0,1,1,0,0,2,0,0,1,0,0,0,0,0,0,0,0,2,0,0,0,0,0,25,1,0,0,1,0,0,1,0,0,0,0,0,0,1,2,1,0
0,0,0,0,0,0,0,0,0,0,961,0,2,58,9,10,0,1,1,2,0,9,0,0,0,2,31,1,0,0,0,0,0,0,0,9,2,10,1,1,1,0,0,0,16,167,3,2,0,0,1,24,2,0,1,0,33,9,0,0,0
0,0,0,0,0,0,0,0,0,0,0,467,2,0,0,0,0,0,0,0,0,0,0,0,0,0,0,0,0,0,0,0,0,52,1,0,0,0,0,0,0,0,0,0,0,0,0,0,15,25,20,0,2,0,0,0,0,0,0,2,4
0,0,2,1,2,2,2,0,0,6,0,10,516,0,27,4,1,0,0,1,0,0,1,0,12,28,1,3,13,3,1,4,1,38,9,1,0,1,0,0,1,2,0,11,5,0,1,0,5,0,118,0,4,0,0,0,0,1,9,3,3
0,0,0,0,0,1,1,2,0,1,165,8,7,2047,43,96,0,0,0,3,1,31,0,0,15,2,159,11,2,4,0,0,0,6,1,42,3,10,41,5,2,0,0,0,23,53,7,0,0,4,1,399,27,0,0,1,42,3,6,7,9
0,1,1,0,0,6,3,0,0,33,27,1,37,25,977,36,1,0,1,7,2,4,0,2,10,6,6,2,5,2,10,8,1,1,2,2,13,16,5,2,30,0,0,18,9,6,6,0,2,0,20,7,46,2,2,1,64,2,4,11,0
0,0,0,0,0,2,1,6,0,0,1,0,6,33,23,1072,0,1,0,1,0,0,3,3,0,0,5,0,1,11,4,11,6,0,0,2,9,8,17,2,83,0,0,0,0,0,6,3,0,0,0,1,2,0,0,9,13,2,12,1,0
9,338,185,2,88,63,0,43,73,0,0,0,1,0,0,0,1292,2,0,2,0,0,116,113,0,0,0,0,0,2,221,130,10,0,0,0,1,0,1,0,1,98,18,0,0,0,6,7,0,0,0,0,0,17,7,19,0,0,5,0,0
6,0,6,11,2,11,0,0,0,0,0,0,0,0,0,0,0,564,0,0,0,0,1,0,0,0,0,0,0,0,0,1,0,0,0,0,49,0,0,1,0,22,9,0,0,0,4,1,0,0,0,0,0,2,5,0,1,15,0,0,0
0,0,0,0,0,3,0,0,0,0,0,0,0,0,0,0,0,0,68,1,0,0,0,0,0,0,0,0,0,0,0,1,1,0,0,0,0,5,3,0,0,0,0,0,1,0,0,0,0,0,0,0,0,0,0,0,0,0,0,0,0
0,1,1,0,0,11,7,0,0,0,0,0,1,2,2,0,0,1,6,414,2,0,0,0,0,0,0,0,0,1,1,10,1,0,0,0,1,13,27,8,3,0,0,0,1,0,2,3,0,0,1,0,1,2,4,2,2,3,0,0,0
0,0,0,0,0,0,0,0,0,0,0,0,0,0,0,0,0,0,0,0,24,0,0,0,0,0,0,0,0,0,0,0,0,0,0,0,0,0,0,5,0,0,0,0,0,0,0,0,0,0,0,0,0,0,1,0,0,0,0,0,0
0,0,0,0,0,1,2,2,0,0,8,0,0,2,3,0,0,1,4,15,0,758,0,0,15,3,1,3,8,0,0,0,2,0,0,6,0,2,2,2,0,0,0,2,23,17,7,0,0,0,6,31,17,0,3,0,11,7,1,1,0
7,12,11,1,5,7,0,403,2,0,0,0,0,0,0,0,43,2,0,0,0,0,910,4,0,0,0,0,0,0,19,9,1,0,0,0,1,0,0,0,0,4,2,0,0,0,0,69,0,0,0,0,0,9,2,11,0,1,2,0,0
0,27,2,0,0,0,0,3,52,0,0,0,0,0,0,0,35,0,0,1,1,0,2,1292,0,0,0,0,0,2,68,34,130,0,0,0,1,0,0,0,0,1,15,0,0,0,1,0,0,0,0,0,0,4,1,39,0,0,1,0,0
0,0,0,0,0,0,1,0,0,1,0,2,1,0,16,1,0,0,0,0,0,6,0,0,1470,0,0,3,2,0,0,0,0,0,3,2,0,0,0,0,0,0,0,20,2,9,0,0,4,4,5,4,104,0,0,0,28,0,0,0,1
1,0,0,0,0,1,0,1,0,5,0,0,34,0,8,0,0,1,0,2,0,1,2,0,1,691,4,0,3,2,0,2,0,3,69,0,2,1,0,0,0,1,2,4,0,0,1,2,1,1,6,0,1,0,0,0,0,2,4,1,0
0,0,0,0,0,0,1,0,0,0,45,0,2,89,6,18,0,0,0,7,1,4,1,0,0,9,1080,3,1,4,0,0,0,0,1,172,0,2,5,12,6,0,0,0,6,19,8,0,0,0,0,31,0,0,1,2,16,0,8,0,0
0,0,0,0,0,0,0,0,0,0,9,0,0,8,1,0,0,0,0,3,0,0,0,0,0,0,1,6171,2,0,0,0,0,0,0,1,0,2,0,0,0,0,0,1,713,3,2,0,0,0,0,11,0,0,0,0,0,0,0,0,0
0,0,1,0,1,1,1,1,0,0,0,0,0,0,7,2,0,1,1,1,0,7,1,0,5,5,0,3,538,41,0,3,2,0,18,0,0,0,0,0,0,0,0,20,2,0,10,0,0,2,11,0,0,0,1,0,2,1,6,5,0
2,5,2,1,2,2,1,5,2,0,0,0,0,0,0,5,13,2,0,1,0,0,0,0,0,0,0,0,33,693,6,8,6,0,3,0,8,4,3,0,1,0,4,2,0,0,5,1,0,0,0,0,0,0,0,3,2,1,14,0,1
0,52,56,1,6,103,2,64,28,0,0,0,0,0,0,0,366,5,2,9,1,0,57,243,0,0,0,0,0,2,1445,577,296,0,1,0,3,0,0,1,1,61,12,0,0,0,3,5,0,0,0,0,0,90,25,185,1,0,57,0,1
1,41,87,0,5,516,126,124,66,0,1,0,1,1,2,4,235,7,7,159,17,1,38,199,1,0,1,0,2,13,588,2679,512,0,1,4,21,5,32,38,5,31,9,1,2,1,23,23,0,0,1,0,0,132,70,261,11,2,32,7,4
0,6,0,0,0,1,3,9,11,0,0,0,0,0,0,1,7,2,6,11,8,0,1,261,0,0,0,1,0,5,147,189,4135,0,0,0,4,0,2,3,0,0,5,0,1,0,4,3,0,0,0,0,0,3,12,195,0,0,173,0,0
0,0,0,0,0,0,0,0,0,0,0,92,35,0,0,2,0,0,0,0,0,1,0,0,1,1,0,0,0,1,0,0,0,684,2,0,0,0,0,0,0,0,0,0,0,0,0,0,10,20,19,0,1,0,0,0,0,0,6,9,17
0,0,0,0,0,1,6,1,0,9,0,13,39,0,21,0,0,1,3,3,1,4,0,0,9,317,1,2,36,0,2,1,0,15,2309,6,3,2,0,0,0,0,1,37,13,0,15,0,38,6,79,2,2,0,0,0,0,2,2,1,0
0,0,0,0,0,0,1,0,0,0,14,1,1,34,7,1,0,0,0,1,0,134,0,0,17,9,244,5,7,5,0,0,0,0,6,3204,0,1,0,2,0,0,0,0,45,178,14,0,0,1,0,285,18,0,0,0,5,0,1,1,2
47,3,39,78,42,44,0,3,102,2,4,0,0,2,21,25,6,300,4,4,1,1,7,23,0,1,0,0,0,5,10,10,29,0,0,0,2688,35,20,9,29,120,110,0,2,2,14,24,0,0,0,1,1,63,67,6,21,192,19,2,0
1,1,0,0,1,6,1,3,0,15,43,0,0,7,23,7,0,2,23,48,3,3,1,3,2,2,5,7,0,2,2,12,3,0,0,0,20,2011,306,53,24,4,3,0,6,12,9,11,0,0,1,2,0,4,5,3,49,16,4,0,0
0,0,4,4,2,12,3,5,3,2,21,0,1,76,44,62,0,3,19,168,4,6,1,4,2,3,29,3,3,11,7,12,1,0,0,3,38,464,2987,412,361,3,0,0,11,7,24,5,1,1,0,37,3,4,11,7,61,14,8,2,0
0,0,0,0,0,0,0,1,0,0,5,0,0,3,0,2,0,0,2,11,1,0,0,0,0,0,26,0,0,0,1,4,3,0,0,4,2,20,74,776,9,0,0,0,2,0,3,0,0,0,0,3,1,0,3,3,1,4,3,0,0
1,0,3,0,0,2,0,3,1,0,0,0,0,1,2,32,0,0,0,1,0,0,0,4,0,0,0,0,0,2,0,2,1,0,0,0,4,14,25,8,383,1,3,0,0,0,2,1,0,0,0,0,0,0,3,1,4,0,2,0,0
30,13,96,74,63,43,0,4,12,0,0,0,0,0,0,0,17,144,0,0,0,0,4,2,0,0,0,0,0,0,4,2,1,0,0,0,22,0,0,1,0,1007,30,0,0,0,1,4,0,0,0,0,0,18,35,5,0,3,0,0,0
0,0,2,10,0,1,0,0,18,0,0,0,0,0,0,0,0,1,0,0,0,0,1,1,0,0,0,0,0,0,0,1,0,0,0,0,4,0,0,0,0,5,449,0,0,0,0,1,0,0,0,0,0,1,1,0,0,0,0,0,0
0,2,2,0,1,3,0,0,0,93,0,3,11,0,27,0,1,1,0,0,0,0,0,0,11,15,0,1,20,0,0,2,0,1,27,0,2,0,0,0,0,0,0,1226,2,1,8,0,2,3,23,0,2,0,1,0,1,0,1,0,0
0,0,0,0,0,1,2,1,0,0,10,0,0,9,2,0,0,0,0,5,0,28,0,0,8,0,1,97,14,2,0,0,0,0,2,11,0,1,1,1,0,0,0,0,437,16,39,0,0,0,0,15,3,0,0,0,3,4,1,0,0
0,0,0,0,0,0,0,0,0,3,73,0,3,13,3,0,0,0,0,1,0,15,0,0,12,0,14,6,1,0,0,0,0,1,0,36,0,3,1,1,0,0,0,1,27,1549,8,0,0,0,1,139,20,0,0,0,15,0,0,0,0
26,45,26,37,24,26,4,14,26,11,13,0,6,11,14,23,22,21,0,13,5,4,11,39,2,7,18,2,22,57,37,48,44,0,26,17,30,21,27,11,10,19,52,7,50,10,1349,5,0,0,5,55,0,9,11,12,13,53,79,0,0
70,22,37,26,15,26,2,277,40,1,1,0,0,2,3,10,28,7,7,5,0,0,452,23,1,1,0,0,0,0,18,32,54,0,0,4,22,20,7,1,10,16,24,0,0,0,11,3251,0,0,0,1,0,17,17,29,36,44,0,0,0
0,0,0,0,0,0,0,0,0,0,0,43,1,0,1,0,0,0,0,0,0,3,0,0,58,0,0,1,0,1,0,0,0,29,0,0,0,0,0,0,0,0,0,0,0,0,0,0,4432,158,38,1,74,0,0,0,0,0,0,697,17
0,0,0,0,0,0,1,0,0,0,0,68,2,0,0,0,0,0,0,0,0,0,0,0,4,0,0,0,1,0,0,0,0,12,0,0,0,0,0,0,0,0,0,0,0,0,0,0,58,1529,5,0,1,0,0,0,0,0,0,9,23
0,1,2,0,1,1,8,0,0,16,0,106,242,0,75,1,0,0,0,0,0,11,0,0,15,17,0,6,10,1,1,0,1,63,44,0,0,0,0,0,0,1,0,46,4,0,14,0,29,4,1870,1,17,0,0,0,0,0,1,15,1
0,0,0,0,0,0,5,0,0,0,63,34,7,313,29,59,0,0,2,13,0,63,0,0,42,4,114,18,1,2,0,0,0,10,5,354,1,12,33,4,1,0,0,0,107,350,58,3,7,5,19,2515,116,0,0,0,21,4,4,18,7
0,0,0,0,0,0,1,0,0,1,1,4,8,0,39,1,0,0,0,0,0,1,0,0,52,0,0,0,1,1,0,0,0,0,0,4,0,0,0,0,0,0,0,6,2,12,0,0,10,0,16,8,367,0,0,0,4,0,0,12,0
3,1,19,12,0,28,1,10,5,0,0,0,0,0,0,0,13,22,1,1,0,0,5,7,0,0,0,0,0,0,29,31,2,0,0,0,0,0,0,0,0,7,9,0,0,0,0,0,0,0,0,0,0,165,8,15,0,3,0,0,0
1,1,3,3,0,7,1,3,0,0,0,0,0,0,0,0,2,12,2,3,0,0,0,0,0,0,0,0,0,0,4,5,0,0,0,1,2,0,0,0,0,11,8,0,0,0,0,1,0,0,0,0,0,11,312,19,0,14,0,0,0
0,1,4,0,0,5,3,23,1,0,0,0,0,0,0,0,10,0,1,9,5,0,11,27,0,0,0,0,0,1,59,83,89,0,0,0,0,1,2,0,0,3,1,0,0,0,1,5,0,0,0,0,0,14,107,935,3,1,10,0,0
0,0,1,0,0,1,0,0,0,14,50,0,0,19,51,31,1,1,0,1,0,10,1,0,101,1,2,0,2,4,1,2,0,1,1,2,15,23,7,1,13,0,0,5,0,14,3,24,2,0,1,4,41,0,3,2,1004,13,2,2,1
10,0,4,44,0,15,2,3,3,0,4,0,0,0,1,0,2,29,6,8,0,3,4,5,0,0,0,0,0,0,2,8,4,0,0,0,99,11,1,2,2,4,57,0,0,0,2,33,0,0,0,0,0,27,49,2,11,1752,0,0,0
0,1,0,0,2,3,0,29,0,0,0,0,3,0,0,3,10,0,0,2,0,0,10,4,0,0,1,0,2,6,23,11,81,4,0,0,2,0,1,1,0,2,0,0,0,0,1,0,0,0,0,0,0,1,7,37,0,0,982,0,0
0,0,0,0,0,2,4,0,0,0,0,9,2,0,13,8,0,0,0,0,0,3,0,0,22,1,0,1,3,3,0,1,0,18,0,0,0,0,0,0,0,0,0,0,1,0,0,0,442,32,15,2,49,0,0,0,9,0,0,2149,60
0,0,0,0,0,0,0,0,0,0,0,1,0,0,1,0,0,0,0,0,0,0,0,0,0,0,0,0,0,0,0,0,0,2,0,0,0,0,0,0,0,0,0,0,0,0,0,0,0,9,0,0,0,0,0,0,0,0,0,4,93
