0.64584,0.72689,0.41629,0.6567,0.40036,0.50698,0.345,0.5859,0.62143,0.43432,0.62794,0.54784,0.52314,0.74188,0.64319,0.71149,0.49393,0.4122,0.30317,0.41889,0.25882,0.66002,0.4224,0.54218,0.7821,0.63049,0.61839,0.97161,0.72115,0.77455,0.50523,0.62755,0.75736,0.75,0.91354,0.8237,0.84866,0.74583,0.81655,0.56956,0.39072,0.56728,0.45316,0.85724,0.45758,0.63403,0.79253,0.86987,0.87149,0.8441,0.82453,0.70076,0.39695,0.21997,0.35034,0.50027,0.67845,0.7885,0.66689,0.72491,0.4
0.68421
1406,39,141,285,134,6,0,20,131,0,0,0,0,0,0,0,6,8,0,0,0,0,69,0,0,0,0,0,0,0,1,0,0,0,0,0,1,0,0,0,0,40,8,0,0,0,0,7,0,0,0,0,0,6,0,0,0,0,0,0,0
33,2084,74,1,142,4,0,2,122,0,0,0,0,0,0,0,313,0,0,3,0,0,4,75,0,0,0,0,0,1,71,24,10,0,0,0,2,0,1,1,0,14,1,0,0,0,0,0,0,0,0,0,0,0,0,5,0,0,0,0,0
79,66,838,50,67,167,1,13,89,0,0,0,0,0,0,0,84,27,1,0,0,0,10,4,0,0,0,0,0,0,18,30,1,0,0,0,1,1,0,0,0,84,11,0,0,0,1,6,0,0,0,0,0,47,5,1,0,1,0,0,0
322,0,47,1362,28,7,0,7,42,0,0,0,0,0,0,0,0,53,0,0,0,0,27,0,0,0,0,0,0,0,0,0,0,0,0,0,12,0,0,0,0,97,95,0,0,0,1,10,0,0,0,0,0,17,10,0,0,34,0,0,0
35,23,17,4,448,2,0,0,4,0,0,0,0,0,0,0,5,0,0,0,0,0,2,1,0,0,0,0,0,0,1,0,0,0,0,0,3,0,0,0,0,13,0,0,0,0,1,0,0,0,0,0,0,0,0,0,0,0,0,0,0
20,17,230,36,21,1235,36,45,25,0,2,0,0,0,1,1,41,165,27,43,0,0,15,4,0,0,0,0,0,1,19,184,4,0,0,0,45,7,5,0,0,90,25,0,4,0,17,10,0,0,0,1,1,99,67,9,8,18,1,0,0
0,1,0,0,0,7,138,0,0,0,0,0,0,0,0,1,0,0,0,4,0,11,0,0,0,0,2,0,2,1,0,8,0,1,2,1,0,1,0,0,0,0,0,0,3,0,0,0,0,0,2,0,1,1,1,1,1,0,0,1,0
3,8,9,9,2,51,10,1579,10,0,0,0,0,1,0,1,36,5,5,10,0,0,392,2,0,0,1,1,0,0,25,59,5,0,0,0,3,1,1,1,2,4,5,0,1,0,2,211,0,1,0,0,0,22,13,41,2,7,0,0,0
68,53,70,8,22,7,0,4,1438,0,0,0,0,0,0,0,14,1,1,0,0,0,9,35,0,0,0,0,0,0,0,8,2,0,0,0,0,0,0,0,0,5,29,0,0,0,1,2,0,0,0,0,0,6,0,0,0,0,0,0,0
0,0,0,0,0,1,0,0,1,162,1,0,7,0,11,0,0,2,0,0,0,1,0,0,1,1,0,0,1,0,0,0,0,0,0,0,0,0,0,0,0,0,0,24,1,0,2,2,0,0,1,0,0,0,0,0,0,1,2,1,0
0,0,0,0,0,0,0,0,0,1,962,0,3,58,11,8,0,1,1,2,0,11,0,0,0,1,30,3,0,0,0,0,0,0,0,9,2,13,1,1,1,0,0,0,14,165,1,3,0,0,1,21,1,0,1,0,33,10,0,0,0
0,0,0,0,0,0,0,0,0,0,0,481,3,0,0,0,0,0,0,0,0,0,0,0,0,0,0,0,0,0,0,0,0,44,1,0,0,0,0,0,0,0,0,0,0,0,0,0,11,22,22,0,1,0,0,0,0,0,0,2,3
0,0,1,1,0,2,2,0,0,6,0,10,520,0,32,2,1,1,0,1,0,1,2,0,13,22,1,3,11,3,1,4,1,42,9,0,1,2,1,0,1,1,0,8,6,0,1,0,5,1,113,1,6,0,0,0,0,1,8,3,2
0,0,0,0,0,1,0,2,0,1,163,5,8,2055,38,95,0,0,0,3,0,27,0,0,17,2,176,5,2,6,0,0,0,2,0,38,4,8,41,5,1,0,0,0,27,60,9,0,1,3,1,392,23,0,0,1,42,4,6,8,9
0,1,1,0,0,10,1,0,0,26,25,1,37,27,968,34,1,2,0,6,1,3,0,3,7,7,6,5,6,3,11,6,1,1,1,2,15,13,5,2,28,0,0,20,6,8,6,0,3,0,23,10,54,0,4,1,68,2,4,10,0
0,0,0,0,0,2,1,4,0,0,1,0,6,39,20,1053,0,2,0,1,0,0,4,1,0,1,6,0,0,12,4,11,6,0,0,2,7,9,15,3,98,0,0,0,0,0,5,3,1,0,0,2,3,0,0,9,13,1,11,0,4
9,331,189,2,84,54,0,47,77,0,0,0,1,0,0,0,1301,3,0,4,0,0,105,114,0,0,0,0,0,1,222,126,11,0,0,0,0,0,2,0,1,101,18,0,0,0,4,8,0,0,0,0,0,20,11,18,0,0,6,0,0
5,0,5,14,3,16,0,0,0,0,0,0,0,0,0,0,0,561,0,0,1,0,0,0,0,0,0,0,0,1,0,1,0,0,0,0,50,0,0,1,0,20,9,0,0,0,2,1,0,0,0,0,0,3,3,0,0,15,0,0,0
0,0,0,0,0,3,0,0,0,0,0,0,0,0,0,0,0,0,67,5,0,0,0,0,0,0,0,0,0,0,0,0,1,0,0,0,0,5,1,0,0,0,0,0,1,0,0,0,0,0,0,0,0,0,0,0,0,0,0,0,0
0,1,1,0,0,10,8,0,0,0,0,0,1,2,3,0,0,0,4,408,5,2,0,0,0,0,0,0,0,0,0,12,1,0,0,0,1,14,23,11,4,0,0,0,1,0,3,3,0,0,0,0,0,3,4,3,2,3,1,0,0
0,0,0,0,0,0,0,0,0,0,0,0,0,0,0,0,0,0,0,1,21,0,0,0,0,0,0,0,0,0,0,0,0,0,0,0,0,0,0,7,0,0,0,0,0,0,0,0,0,0,0,0,0,0,1,0,0,0,0,0,0
0,0,0,0,0,1,4,2,0,0,4,0,0,2,8,0,0,1,8,12,0,761,0,0,16,2,0,3,6,0,0,0,2,1,0,9,0,5,0,3,0,0,0,1,22,18,10,1,1,0,6,27,10,0,2,0,10,6,1,1,0
8,15,10,2,3,3,0,402,3,0,0,0,0,0,0,0,42,2,0,0,0,0,909,5,0,0,0,0,0,0,20,7,1,0,0,0,1,0,0,0,0,3,3,0,0,0,0,70,0,0,0,0,0,8,4,12,0,2,2,0,0
0,26,2,0,0,0,0,3,56,0,0,0,0,0,0,0,40,0,0,1,3,0,2,1279,0,0,0,0,0,0,69,33,131,0,0,0,1,0,0,0,0,1,17,0,0,0,1,0,0,0,0,0,0,5,0,40,0,0,2,0,0
0,0,0,0,0,0,1,0,0,1,0,1,1,1,14,0,0,0,0,0,0,6,0,0,1468,0,0,4,1,0,0,0,0,1,4,2,0,0,0,0,0,0,0,19,2,9,1,0,3,3,7,5,109,0,0,0,23,0,0,1,2
0,0,0,0,0,0,0,0,0,3,0,0,33,0,6,0,0,1,0,3,0,1,1,0,0,703,4,0,3,3,0,1,0,4,62,0,3,0,0,0,0,1,1,3,0,0,4,3,0,0,7,0,1,0,0,1,1,1,4,2,0
0,0,0,0,0,0,0,0,0,0,50,0,2,86,14,14,0,0,1,8,0,5,2,0,0,10,1076,2,2,3,0,0,0,0,1,168,0,3,7,12,4,0,0,0,6,18,8,2,0,0,0,34,0,0,1,3,9,0,8,0,1
0,0,0,0,0,0,0,0,0,0,16,0,0,7,1,0,0,0,0,3,0,0,0,0,0,0,1,6195,2,0,0,0,0,0,0,1,0,1,0,0,0,0,0,1,685,3,2,0,0,0,0,10,0,0,0,0,0,0,0,0,0
0,0,1,0,0,2,3,2,0,0,0,0,0,0,5,2,1,1,0,1,1,7,1,0,4,5,0,2,525,52,1,3,2,0,18,0,0,0,0,0,0,0,0,16,4,0,8,0,0,3,15,0,0,0,3,0,2,1,4,5,0
2,6,3,1,0,2,0,5,2,0,0,0,0,0,1,5,13,2,1,1,0,0,0,1,0,0,0,1,34,694,6,5,10,0,2,0,6,4,1,0,2,0,2,2,0,0,3,1,0,0,1,0,0,0,1,2,3,1,15,0,0
0,49,54,2,7,109,3,59,32,0,0,0,0,0,0,0,373,5,2,10,0,0,56,235,0,0,0,0,0,2,1450,580,301,1,1,0,3,0,0,0,1,65,10,0,0,0,3,4,0,0,0,0,0,84,25,180,0,0,55,0,0
3,46,90,0,8,523,138,116,72,0,2,0,1,2,0,4,226,5,8,153,22,2,44,191,1,0,1,0,3,12,617,2615,519,0,1,6,22,3,27,39,5,28,10,0,4,0,24,21,0,0,0,1,0,123,78,278,9,1,34,9,3
0,6,0,0,0,1,2,10,9,0,0,0,0,0,0,1,8,2,4,10,9,0,1,269,0,0,0,1,0,1,132,184,4142,0,0,0,4,0,4,4,0,0,6,0,2,0,4,1,0,0,0,0,0,5,15,195,0,0,177,0,0
0,0,0,0,0,0,0,0,0,0,0,89,33,0,0,1,0,0,0,0,0,1,0,0,1,1,0,0,0,1,0,0,0,693,2,0,0,0,0,0,0,0,0,0,0,0,0,0,15,17,14,0,1,0,0,0,0,0,8,8,16
0,0,0,0,0,1,8,0,0,10,0,15,42,0,20,0,0,0,2,3,0,5,1,0,9,306,1,4,33,0,2,0,0,12,2335,8,2,3,0,0,0,1,0,34,11,0,14,0,35,3,71,1,2,0,0,0,0,2,5,2,0
0,0,0,0,0,0,1,0,0,0,12,0,0,33,4,1,0,0,0,0,0,144,0,0,15,9,236,3,9,1,0,0,0,0,8,3205,0,0,2,2,0,0,0,0,44,177,16,0,0,1,0,292,20,0,0,0,5,0,1,1,2
50,5,45,76,42,31,0,1,95,3,4,0,0,2,24,21,5,283,4,6,0,1,7,23,0,1,0,1,0,4,6,12,29,0,0,0,2714,32,25,6,36,121,100,0,1,2,18,28,0,0,0,2,1,72,70,4,20,191,13,1,0
0,1,0,0,1,5,1,3,0,16,45,0,0,6,24,6,0,2,32,38,2,5,1,6,1,2,3,4,0,4,2,11,3,0,0,0,24,2013,315,53,22,4,3,0,7,13,9,9,0,0,0,2,0,2,4,2,46,14,3,0,0
0,0,3,4,3,8,6,4,1,4,27,0,2,73,39,65,1,5,31,171,8,10,1,4,4,2,32,2,2,11,5,14,1,0,0,5,40,439,3009,415,336,4,0,0,12,4,22,4,1,1,0,36,1,4,9,9,62,14,8,1,0
0,0,0,0,0,0,0,1,0,0,6,0,0,3,0,2,0,0,1,5,0,0,0,0,0,0,21,0,0,3,0,3,3,0,0,3,2,21,77,782,7,0,0,0,5,1,3,0,0,0,0,3,1,0,3,4,1,3,3,0,0
0,0,1,0,0,1,0,3,2,0,0,0,0,0,1,31,0,0,2,1,0,0,0,4,0,0,0,0,0,2,1,3,1,0,0,0,6,12,30,7,379,2,4,0,0,0,1,1,0,0,0,0,0,0,3,1,4,0,3,0,0
23,13,103,74,61,40,0,4,10,0,0,0,0,0,0,0,20,138,2,0,0,0,4,1,0,0,0,0,0,0,5,2,1,0,0,0,20,0,0,0,0,1016,31,0,0,0,0,4,0,0,0,0,0,18,37,5,0,3,0,0,0
0,1,1,11,0,1,0,0,19,0,0,0,0,0,0,0,0,1,0,0,0,0,2,1,0,0,0,0,0,0,0,1,0,0,0,0,5,0,0,0,0,4,445,0,0,0,0,1,0,0,0,0,0,0,1,0,0,2,0,0,0
0,0,2,0,0,3,0,0,0,96,0,5,11,0,27,0,2,1,0,0,1,1,0,0,13,15,0,1,20,0,0,1,1,1,28,0,2,0,0,0,0,0,0,1231,2,1,5,0,3,2,14,0,2,0,1,0,0,0,1,0,0
0,0,0,0,0,1,3,1,0,0,9,0,1,6,2,0,0,0,0,6,0,26,0,0,7,0,4,103,11,2,0,0,0,0,2,12,0,3,2,1,0,0,0,0,430,17,34,0,0,0,0,18,4,0,0,0,3,4,2,0,0
0,0,0,0,0,0,0,0,0,2,74,0,5,17,1,0,0,0,0,0,0,17,0,0,13,0,9,7,0,0,0,0,0,0,0,42,0,2,3,1,0,0,0,1,22,1554,9,0,0,0,1,136,17,0,0,0,13,0,0,0,0
24,46,20,40,22,30,4,14,25,10,13,0,3,13,16,20,35,20,2,10,6,4,9,37,2,7,14,2,27,54,36,48,47,0,26,13,41,21,32,8,13,21,45,12,48,11,1337,8,0,0,4,54,0,5,13,10,11,50,86,0,0
74,23,28,29,17,27,1,280,42,0,1,0,0,2,2,12,30,9,5,4,1,0,441,21,0,1,0,0,0,0,20,38,50,0,0,4,17,18,7,1,10,20,30,0,0,0,13,3262,0,0,0,1,0,17,12,25,33,42,0,0,0
0,0,0,0,0,0,1,0,0,0,0,44,1,0,0,0,0,0,0,0,0,2,0,0,60,0,0,1,0,0,0,0,0,21,1,0,0,0,0,0,0,0,0,0,0,0,0,0,4442,163,39,1,73,0,0,0,0,0,0,689,16
0,0,0,0,0,0,1,0,0,0,0,78,1,0,0,0,0,0,0,0,0,0,0,0,4,0,0,0,1,0,0,0,0,9,0,0,0,0,0,0,0,0,0,0,1,0,0,0,60,1516,6,1,1,0,0,0,0,0,0,9,25
0,1,1,0,1,1,8,0,0,16,0,101,251,1,72,1,0,0,0,1,0,11,0,0,14,16,0,5,13,2,0,3,1,62,48,0,0,0,0,0,0,1,0,56,5,0,15,0,32,6,1842,0,19,0,0,0,0,0,1,16,2
0,0,0,0,0,0,2,0,0,0,63,32,8,319,29,52,0,0,2,13,0,67,0,0,34,1,113,17,4,2,0,0,0,7,3,357,2,13,38,2,2,0,0,0,118,363,59,3,11,6,13,2501,113,0,0,0,22,3,4,21,4
0,0,0,0,0,0,0,0,0,1,1,2,4,0,40,1,0,0,0,0,0,3,0,0,55,0,0,0,2,0,0,0,0,1,0,3,0,0,0,0,0,0,0,6,2,10,0,0,11,0,18,8,364,0,0,0,4,0,0,15,0
5,1,17,12,0,25,1,8,3,0,0,0,0,0,0,0,10,18,1,1,0,0,4,6,0,0,0,0,0,0,35,31,1,0,0,0,1,0,0,0,0,6,8,0,0,0,0,2,0,0,0,0,0,174,9,16,0,2,0,0,0
0,1,2,4,0,6,1,3,0,0,0,0,0,0,0,0,2,11,2,5,0,0,1,0,0,0,0,0,0,0,4,4,0,0,0,1,4,0,0,0,0,14,8,0,0,0,0,0,0,0,0,0,0,10,309,20,0,14,0,0,0
0,2,4,0,0,4,5,21,0,0,0,0,0,0,0,0,10,0,0,8,3,0,12,27,0,0,0,0,0,1,61,80,93,0,0,0,0,2,2,0,0,3,1,0,0,0,1,5,0,0,0,0,0,16,102,937,3,1,11,0,0
0,0,0,0,0,1,0,2,0,15,45,0,3,15,57,34,1,1,0,1,0,12,1,0,97,0,2,0,3,3,1,2,0,0,1,0,14,20,6,2,15,0,0,2,0,17,4,22,2,0,0,7,47,1,3,2,998,13,2,4,0
8,0,2,47,0,22,3,5,4,0,6,0,0,0,1,0,2,22,5,6,0,4,3,6,0,0,0,0,0,0,1,7,4,0,0,0,115,10,1,2,1,5,57,0,0,0,2,32,0,0,0,0,0,20,52,2,11,1741,0,0,0
0,1,1,0,3,2,0,23,0,0,0,0,2,0,0,4,11,0,0,2,0,0,10,4,0,0,1,0,3,8,23,5,83,5,0,0,2,0,1,1,1,2,0,0,0,0,1,0,0,0,0,0,0,3,5,36,0,0,985,0,1
0,0,0,0,0,1,6,0,0,0,0,13,4,0,13,8,0,0,0,0,1,2,0,0,21,0,0,1,2,2,0,1,0,14,0,0,0,0,0,0,0,0,0,0,0,0,0,0,460,39,13,2,41,0,0,0,9,0,0,2145,51
0,0,0,0,0,0,0,0,0,0,0,1,0,0,0,0,0,0,0,0,0,0,0,0,0,0,0,0,0,0,0,0,0,2,0,0,0,0,0,0,0,0,0,0,0,0,0,0,0,9,0,0,0,0,0,0,0,0,0,4,94
