0.64743,0.7273,0.42155,0.66569,0.39721,0.49791,0.3634,0.57943,0.62435,0.42257,0.62744,0.54493,0.52298,0.74599,0.64173,0.71153,0.50058,0.41121,0.34848,0.41023,0.30263,0.67345,0.41974,0.53769,0.78331,0.6202,0.63365,0.97107,0.72428,0.75873,0.50877,0.63366,0.76237,0.7403,0.90402,0.82461,0.85028,0.74413,0.81521,0.56998,0.40788,0.57111,0.44106,0.85447,0.46965,0.6388,0.79809,0.86868,0.87414,0.85081,0.81579,0.69494,0.40107,0.20859,0.35429,0.49683,0.67385,0.78142,0.67691,0.72838,0.37008
0.68461
1425,38,130,281,125,6,0,19,136,0,0,0,0,0,0,0,4,8,0,0,0,0,73,0,0,0,0,0,0,0,1,0,0,0,0,0,2,0,0,0,0,41,7,0,0,0,0,7,0,0,0,0,0,5,0,0,0,0,0,0,0
34,2083,70,3,157,5,0,1,119,0,0,0,0,0,0,0,304,0,0,3,0,0,5,74,0,0,0,0,0,1,71,23,10,0,0,0,2,0,1,1,0,10,1,0,0,0,0,2,0,0,0,0,0,1,1,5,0,0,0,0,0
76,69,849,51,69,162,1,10,84,0,0,0,0,0,0,0,76,26,1,0,0,0,10,2,0,0,0,0,0,0,17,31,1,0,0,0,2,1,0,0,0,89,14,0,0,0,0,7,0,0,0,0,0,47,5,2,0,1,0,0,0
328,0,45,1366,30,7,0,8,39,0,0,0,0,0,0,0,0,53,0,0,0,0,25,0,0,0,0,0,0,0,0,0,0,0,0,0,14,0,0,0,0,91,98,0,0,0,1,10,0,0,0,0,0,17,7,0,0,32,0,0,0
33,21,17,4,456,1,0,1,4,0,0,0,0,0,0,0,4,0,0,0,0,0,1,1,0,0,0,0,0,0,1,0,0,0,0,0,3,0,0,0,0,11,0,0,0,0,1,0,0,0,0,0,0,0,0,0,0,0,0,0,0
23,19,233,38,25,1192,43,48,24,0,3,0,0,0,1,1,44,164,29,41,0,0,15,6,0,0,0,0,1,2,19,184,4,0,0,0,50,13,3,1,0,89,23,0,4,0,17,11,0,0,0,1,0,108,64,9,8,18,1,0,0
0,1,0,0,0,6,141,0,0,0,0,0,0,1,0,2,0,1,0,5,0,7,0,0,2,0,1,0,2,1,0,8,0,0,3,1,0,0,0,0,0,0,0,0,3,0,0,0,0,0,1,0,0,0,1,1,0,0,0,2,1
4,8,9,6,1,48,9,1583,12,0,0,0,0,1,0,1,34,6,4,9,1,0,399,2,0,0,1,1,0,1,27,63,6,0,0,0,3,1,1,0,1,6,4,0,2,0,3,203,0,1,0,0,0,19,15,38,2,6,0,0,0
70,54,70,7,19,7,0,5,1441,0,0,0,0,0,0,0,14,0,1,0,0,0,6,35,0,0,0,0,0,0,1,5,2,0,0,0,0,0,0,0,0,6,31,0,0,0,1,3,0,0,0,0,0,5,0,0,0,0,0,0,0
0,0,0,0,0,0,0,1,1,161,1,0,4,0,11,0,0,2,0,0,0,1,0,0,0,2,0,0,2,0,1,0,0,0,0,0,0,1,0,0,0,0,0,24,0,0,2,2,0,0,1,0,0,1,0,0,1,1,2,1,0
0,0,0,0,0,0,0,0,0,2,965,0,2,54,16,7,0,1,2,1,0,10,0,0,0,2,28,2,0,0,0,0,0,0,0,8,2,7,2,1,1,0,0,0,12,162,1,2,0,0,1,29,2,0,1,0,35,11,0,0,0
0,0,0,0,0,0,0,0,0,0,0,473,4,0,0,0,0,0,0,0,0,0,0,0,0,0,0,0,0,0,0,0,0,51,1,0,0,0,0,0,0,0,0,0,0,0,0,0,13,23,21,0,2,0,0,0,0,0,0,0,2
0,0,1,1,0,1,2,0,0,7,0,11,512,0,28,2,1,0,0,2,0,0,2,0,12,28,0,3,14,2,2,2,1,43,10,1,1,2,1,0,1,1,0,10,5,0,3,0,4,1,114,1,5,0,0,0,0,1,11,3,1
0,0,0,0,0,1,1,2,0,1,169,7,6,2047,50,92,0,0,0,5,1,31,0,0,13,3,149,10,2,6,0,0,0,8,2,42,2,7,36,6,2,0,0,0,23,54,8,0,0,5,2,397,29,0,0,1,43,4,6,8,10
0,1,1,0,0,8,3,0,0,24,21,1,42,23,978,40,3,0,0,5,0,3,0,3,11,9,7,3,5,2,9,7,1,1,2,2,14,12,6,1,28,0,0,20,6,9,8,0,2,0,22,9,54,0,2,1,63,1,3,9,0
0,1,0,0,0,0,0,8,1,0,2,0,7,39,21,1068,0,1,0,2,1,0,2,1,0,0,5,0,1,17,3,11,7,0,0,2,7,9,19,2,79,0,0,0,0,0,2,3,0,0,0,2,3,0,3,6,11,0,11,1,2
9,335,190,4,82,62,1,45,72,0,0,0,0,0,0,0,1296,5,0,3,0,0,114,115,0,0,0,0,0,2,216,122,13,0,0,0,2,0,2,0,1,96,18,0,0,0,4,5,0,0,0,0,0,27,9,15,0,0,5,0,0
5,0,5,11,3,12,0,0,0,0,0,0,0,0,0,0,0,572,0,0,1,0,0,0,0,0,0,0,0,0,0,1,0,0,0,0,49,0,0,1,0,19,8,0,0,0,1,1,0,0,0,0,0,4,3,0,0,15,0,0,0
0,0,0,0,0,2,0,0,0,0,0,0,0,0,0,0,0,0,69,3,0,0,0,0,0,0,0,0,0,0,0,1,0,0,0,0,0,5,2,0,0,0,0,0,1,0,0,0,0,0,0,0,0,0,0,0,0,0,0,0,0
0,2,1,0,0,11,7,2,0,0,0,0,1,1,1,0,0,1,7,409,4,0,0,0,0,0,0,0,0,0,0,11,2,0,0,0,0,11,27,11,2,1,0,0,1,1,3,3,0,0,0,1,0,1,3,3,2,3,1,0,0
0,0,0,0,0,0,0,0,0,0,0,0,0,0,0,0,0,0,0,1,23,0,0,0,0,0,0,0,0,0,0,0,0,0,0,0,0,0,0,5,0,0,0,0,0,0,0,0,0,0,0,0,0,0,1,0,0,0,0,0,0
0,0,0,0,0,1,4,2,0,0,4,0,0,4,3,0,0,1,5,17,0,761,0,0,15,0,2,3,8,0,0,0,2,0,1,8,0,2,2,2,0,0,0,1,21,18,9,1,0,0,4,29,17,0,2,0,10,5,1,1,0
7,16,10,2,3,6,0,399,4,0,0,0,0,0,0,0,42,1,0,0,0,0,910,4,0,0,0,0,0,0,17,6,2,0,0,0,1,0,0,0,0,2,2,0,0,0,0,75,0,0,0,0,0,7,7,11,0,1,2,0,0
0,23,3,0,0,0,0,3,53,0,0,0,0,0,0,0,34,0,0,2,1,0,2,1291,0,0,0,0,0,1,69,41,125,0,0,0,1,0,0,0,0,1,17,0,0,0,1,0,0,0,0,0,0,4,0,39,0,0,1,0,0
0,0,0,0,0,0,1,0,0,1,0,2,0,1,15,0,0,0,0,0,0,7,0,0,1464,0,0,2,2,0,0,0,0,1,3,2,0,0,0,0,0,0,0,19,5,11,2,0,3,4,6,6,102,0,0,0,27,0,0,1,2
0,0,0,0,1,0,0,0,0,7,0,0,27,0,9,0,0,1,0,1,0,1,1,0,1,694,3,0,2,3,0,2,0,2,75,0,3,1,0,0,0,1,2,2,0,0,0,3,2,0,9,0,1,0,0,1,0,1,3,1,0
0,0,0,0,0,0,0,1,0,0,47,0,2,90,9,16,0,0,0,7,0,4,1,0,0,13,1081,2,1,4,0,0,0,0,1,165,0,2,5,12,3,0,0,0,7,17,7,1,0,0,0,36,0,0,2,2,13,0,9,0,0
0,0,0,0,0,0,0,0,0,0,15,0,0,6,2,0,0,0,0,3,0,0,0,0,0,0,1,6177,2,0,0,0,0,0,0,1,0,1,1,0,0,0,0,1,704,2,2,0,0,0,0,10,0,0,0,0,0,0,0,0,0
1,0,0,0,0,1,3,1,0,1,0,1,0,0,7,2,2,1,1,2,1,7,2,0,5,4,0,3,528,50,2,2,1,0,18,0,0,0,0,0,0,0,0,15,3,0,7,0,0,2,12,0,3,0,1,0,2,1,3,4,1
2,4,2,1,2,2,1,6,2,0,0,0,0,0,0,5,12,2,0,2,0,0,1,1,0,0,0,1,35,695,6,6,7,0,3,0,4,4,1,0,2,0,4,2,0,0,4,1,0,0,0,0,0,0,1,3,4,1,12,0,0
0,50,50,1,5,102,1,62,27,0,0,0,0,0,0,0,384,6,1,13,0,0,55,241,0,0,0,0,0,4,1422,582,293,0,1,0,4,0,0,1,1,63,13,0,0,0,5,7,0,0,0,0,0,90,30,187,0,1,58,0,1
2,46,92,0,10,519,124,117,69,0,2,0,2,2,1,4,212,7,6,153,19,2,48,201,1,0,1,0,3,15,575,2662,499,0,2,5,21,4,31,38,6,35,14,0,4,0,22,24,0,0,0,0,0,125,78,292,9,1,33,10,2
0,5,0,0,0,1,2,11,9,0,0,0,0,0,0,0,10,2,3,19,6,0,1,276,0,0,0,1,0,4,143,187,4129,0,0,0,5,0,2,6,0,0,5,0,1,0,4,3,0,0,0,0,0,5,12,189,0,0,168,0,0
0,0,0,0,0,0,0,0,0,0,0,87,36,0,0,2,0,0,0,0,0,0,0,0,1,1,0,0,0,1,0,0,0,687,2,0,0,0,0,0,0,0,0,0,0,0,0,0,11,15,26,0,0,0,0,0,0,0,6,8,18
0,0,0,0,0,1,5,1,0,8,0,12,40,0,24,1,0,1,2,3,0,5,0,0,7,299,0,7,32,2,1,0,0,10,2336,7,2,3,0,0,0,1,0,36,10,0,16,0,36,5,78,1,3,0,0,0,0,3,2,3,0
0,0,0,0,0,0,1,0,0,0,12,0,3,29,5,1,0,0,0,2,0,143,0,0,13,9,232,3,7,6,0,0,0,0,7,3183,0,0,1,2,0,0,0,1,37,179,11,0,1,1,0,321,25,0,0,0,4,0,1,1,3
43,5,44,70,46,43,0,3,101,1,4,0,0,1,23,23,4,294,5,4,0,1,7,20,0,0,0,0,0,7,12,9,32,0,0,0,2692,37,25,7,30,113,103,0,2,2,14,25,0,0,0,2,1,75,67,4,21,201,14,1,0
0,1,0,0,1,5,0,3,0,17,45,0,0,5,21,6,0,3,23,47,3,4,1,5,1,2,2,4,0,2,2,11,3,0,0,0,23,1995,321,58,26,4,2,1,7,17,10,8,0,0,1,5,0,2,5,1,48,16,2,0,0
0,0,5,3,1,9,5,4,1,5,30,0,2,77,45,62,0,5,16,167,8,6,0,5,2,3,26,3,0,14,3,11,2,0,0,3,38,444,3013,410,335,3,2,1,13,7,30,5,0,1,0,33,1,2,13,10,65,17,9,3,1
0,0,0,0,0,0,0,1,0,0,6,0,0,2,0,2,0,0,1,8,0,0,0,0,1,0,21,0,0,2,0,2,3,0,0,3,2,21,78,786,5,0,0,0,5,1,3,0,0,0,0,2,0,0,3,1,0,4,4,0,0
1,0,2,0,0,0,0,4,1,0,0,0,0,0,1,30,0,0,2,1,0,0,0,5,0,0,0,0,0,2,1,5,0,0,0,0,6,9,31,4,383,1,4,0,0,0,1,0,0,0,0,0,0,0,2,2,5,0,3,0,0
27,13,98,72,62,40,0,4,12,0,0,0,0,0,0,0,17,144,1,0,0,0,4,2,0,0,0,0,0,0,4,2,1,0,0,0,20,0,0,0,0,1012,31,0,0,0,0,4,0,0,0,0,0,20,36,5,0,4,0,0,0
0,1,1,10,0,1,0,0,19,0,0,0,0,0,0,0,0,1,0,0,0,0,1,1,0,0,0,0,0,0,0,1,0,0,0,0,4,0,0,0,0,4,449,0,0,0,0,1,0,0,0,0,0,1,1,0,0,0,0,0,0
0,0,0,0,0,3,1,0,0,96,0,3,11,0,27,0,1,1,0,0,0,0,0,0,12,18,0,1,17,0,1,1,0,2,30,0,3,0,0,0,0,0,0,1233,1,1,4,0,2,3,21,0,0,0,0,0,0,0,0,0,0
0,0,0,0,0,1,2,1,0,0,8,0,1,6,1,0,0,0,0,6,0,29,0,0,7,0,3,100,10,3,0,0,0,0,2,13,0,1,3,1,0,0,0,0,435,14,37,0,0,0,0,18,3,0,0,0,3,4,2,0,0
0,0,0,0,0,0,0,0,0,3,73,0,3,15,3,0,0,0,1,0,0,15,0,0,13,1,12,8,0,0,0,0,0,1,1,42,0,1,3,1,0,0,0,1,21,1551,8,0,0,0,0,145,13,0,0,0,11,0,0,0,0
27,46,21,35,25,31,3,16,25,13,13,0,8,10,17,20,30,21,3,15,6,5,8,39,2,7,18,1,27,50,36,43,45,0,30,13,33,20,30,11,9,22,53,12,46,11,1336,5,0,0,5,50,0,6,9,13,12,54,81,0,2
72,19,31,22,21,25,1,290,44,1,1,0,0,3,2,11,25,8,7,2,0,0,447,28,0,1,0,0,0,1,12,29,50,0,0,4,25,17,5,1,8,21,31,0,0,0,8,3248,0,0,0,2,0,22,16,27,38,44,0,0,0
0,0,0,0,0,0,1,0,0,0,0,46,1,0,1,0,0,0,0,0,0,2,0,0,59,0,0,1,0,1,0,0,0,17,1,0,0,0,0,0,0,0,0,0,0,0,0,0,4445,152,42,0,74,0,0,0,0,0,0,691,20
0,0,0,0,0,0,1,0,0,0,0,76,1,0,0,0,0,0,0,0,0,0,0,0,4,0,0,0,2,0,0,0,0,12,0,0,0,0,0,0,0,0,0,0,0,0,0,0,61,1517,3,0,2,0,0,0,0,0,0,7,27
0,0,1,0,1,1,10,0,0,15,0,100,247,1,64,1,0,0,0,0,0,10,0,1,11,20,0,7,14,1,0,0,1,62,49,0,0,0,0,0,0,2,0,54,2,0,14,0,30,5,1860,0,26,0,0,0,0,0,1,12,2
0,0,0,0,0,0,2,0,0,0,62,33,4,311,29,60,0,0,1,10,0,57,0,0,34,2,109,17,5,1,0,0,0,9,3,349,2,16,33,3,2,0,0,0,116,346,59,4,10,4,21,2540,110,0,0,0,24,3,5,19,8
0,0,0,0,0,0,1,0,0,1,1,3,8,0,33,1,0,0,0,0,0,2,0,0,57,0,0,0,2,0,0,0,0,0,0,4,0,0,0,0,0,0,0,6,1,11,0,0,8,0,16,6,375,0,0,0,4,0,0,11,0
4,1,19,13,0,27,1,8,3,0,0,0,0,0,0,0,12,21,1,0,0,0,3,5,0,0,0,0,0,0,33,30,2,0,0,0,0,0,0,0,0,7,6,0,0,0,0,1,0,0,0,0,0,170,8,19,0,3,0,0,0
1,1,3,3,0,10,1,4,0,0,0,0,0,0,0,0,2,12,2,3,0,0,1,0,0,0,0,0,0,0,2,5,0,0,0,0,3,0,0,0,0,10,7,0,0,0,0,1,0,0,0,0,0,9,310,22,0,14,0,0,0
0,1,4,0,0,8,3,23,0,0,0,0,0,0,0,0,10,0,0,12,1,0,10,26,0,0,0,0,0,1,62,77,93,0,0,0,0,2,2,1,0,3,1,0,0,0,0,6,0,0,0,0,0,14,101,940,3,1,10,0,0
0,0,1,0,0,1,0,2,0,17,48,0,2,15,57,29,1,1,0,1,0,11,1,0,99,0,3,0,2,5,1,2,0,1,1,2,14,20,7,2,13,0,0,3,0,14,2,25,3,0,0,6,41,1,2,2,1000,15,2,2,1
7,0,5,48,0,21,1,5,5,0,6,0,0,0,1,0,2,18,4,6,0,3,2,6,0,0,0,0,0,0,1,7,4,0,0,0,105,12,2,3,1,5,68,0,0,0,2,32,0,0,0,0,0,26,49,1,10,1741,0,0,0
0,0,1,0,3,3,0,28,0,0,0,0,1,0,0,4,9,0,0,2,0,0,10,5,0,0,1,0,2,5,22,9,75,5,0,0,2,0,0,1,0,2,0,0,0,0,1,0,0,0,0,0,0,1,5,40,0,0,991,0,1
0,0,0,0,0,1,5,0,0,0,0,12,2,0,18,7,0,0,0,0,0,3,0,0,22,1,0,1,1,2,0,0,0,14,0,0,0,0,0,0,0,0,0,1,1,0,0,0,454,34,14,3,43,0,0,0,6,0,1,2148,55
0,0,0,0,0,0,0,0,0,0,0,1,0,0,0,1,0,0,0,0,0,0,0,0,0,0,0,0,0,0,0,0,0,2,0,0,0,0,0,0,0,0,0,0,0,0,0,0,0,10,0,0,0,0,0,0,0,0,0,2,94
