0.64822,0.72403,0.41454,0.66489,0.40284,0.49755,0.36412,0.57652,0.62407,0.42708,0.63213,0.54035,0.52192,0.73576,0.64947,0.7075,0.50097,0.41086,0.30516,0.4302,0.35294,0.67232,0.42071,0.53222,0.78866,0.64477,0.62335,0.97176,0.72131,0.77728,0.50923,0.62715,0.75872,0.73355,0.90962,0.82909,0.85165,0.73375,0.81637,0.56477,0.3959,0.56195,0.43288,0.86056,0.4722,0.64229,0.80273,0.87135,0.87532,0.85156,0.81138,0.70111,0.39001,0.21318,0.35665,0.50429,0.67705,0.78607,0.67445,0.72407,0.37349
0.68449
1417,38,136,287,128,5,0,21,133,0,0,0,0,0,0,0,6,7,0,0,0,0,68,0,0,0,0,0,0,0,1,0,0,0,0,0,0,0,0,0,0,41,7,0,0,0,0,8,0,0,0,0,0,5,0,0,0,0,0,0,0
36,2091,80,1,147,5,0,1,113,0,0,0,0,0,0,0,304,0,0,3,0,0,6,75,0,0,0,0,0,1,70,20,12,0,0,0,1,0,1,0,0,11,1,0,0,0,1,2,0,0,0,0,0,0,1,4,0,0,0,0,0
83,69,844,49,77,170,1,11,89,0,0,0,0,0,0,0,79,27,0,0,0,0,9,3,0,0,0,0,0,0,17,28,1,0,0,0,2,1,0,0,0,82,11,0,0,0,0,7,0,0,0,0,0,35,5,2,0,1,0,0,0
323,1,45,1375,27,7,0,7,39,0,0,0,0,0,0,0,1,51,0,0,0,0,26,0,0,0,0,0,0,0,0,0,0,0,0,0,15,0,0,0,0,93,101,0,0,0,1,9,0,0,0,0,0,12,6,0,0,32,0,0,0
27,24,18,3,454,1,0,0,4,0,0,0,0,0,0,0,6,0,0,0,0,0,2,1,0,0,0,0,0,0,1,0,0,0,0,0,3,0,0,0,0,14,0,0,0,0,1,0,0,0,0,0,0,0,0,0,0,0,0,0,0
19,19,231,34,19,1218,36,48,25,0,3,0,0,0,0,1,46,174,25,38,0,0,14,9,0,0,0,0,0,2,16,194,3,0,0,0,44,9,7,0,1,99,26,0,2,0,17,10,0,0,0,1,1,86,58,12,12,18,2,0,0
0,1,0,0,0,7,138,0,0,0,0,0,0,0,0,2,0,0,2,5,0,10,0,0,2,0,2,1,1,0,0,5,0,0,3,1,0,0,0,0,0,0,0,1,2,0,0,0,0,0,0,0,1,0,2,2,1,0,0,1,1
3,8,13,6,1,45,9,1586,10,0,0,0,0,0,0,1,32,7,5,8,0,0,388,2,0,0,1,1,0,1,27,67,6,0,0,0,2,1,1,0,2,7,5,0,3,0,3,204,0,1,1,0,0,22,15,40,1,6,0,0,0
72,59,68,7,22,7,0,6,1431,0,0,0,0,0,0,0,13,1,1,0,0,0,6,34,0,0,0,0,0,0,0,7,2,0,0,0,0,0,0,0,0,4,32,0,0,0,1,3,0,0,0,0,0,7,0,0,0,0,0,0,0
0,0,0,0,0,1,0,1,1,164,1,0,6,0,11,0,0,2,0,0,0,1,1,0,0,2,0,0,0,0,1,0,0,0,0,0,0,1,0,0,0,0,0,20,1,0,2,1,0,0,1,0,0,0,0,0,1,1,2,1,0
0,0,0,0,0,0,0,0,0,1,964,0,2,61,13,9,0,0,2,1,0,11,0,0,0,1,31,2,0,0,0,0,0,0,0,5,2,10,2,1,1,0,0,0,14,160,1,2,0,0,1,22,2,0,1,0,35,12,0,0,0
0,0,0,0,0,0,0,0,0,0,0,462,2,0,0,0,0,0,0,0,0,0,0,0,0,0,0,0,0,0,0,0,0,56,1,0,0,0,0,0,0,0,0,0,0,0,0,0,12,27,23,0,2,0,0,0,0,0,0,3,2
0,0,1,0,0,2,3,0,0,8,0,12,512,0,34,3,1,1,0,1,0,0,2,0,8,23,0,3,11,2,1,3,1,40,9,1,1,2,0,0,1,1,0,11,6,0,3,0,4,0,116,1,7,0,0,0,0,1,11,5,1
0,0,0,0,0,0,1,2,0,0,166,9,9,2041,36,103,0,0,0,2,0,27,0,0,14,2,160,7,2,4,0,0,0,7,3,42,5,10,36,4,2,0,0,0,27,62,7,0,2,2,1,399,26,1,0,0,42,5,5,8,10
0,1,1,0,1,7,2,0,0,30,21,0,36,27,982,35,2,0,0,8,0,5,0,3,6,5,8,3,4,2,12,5,1,1,3,2,12,15,6,1,31,0,0,18,8,6,7,0,1,0,21,9,52,1,5,1,62,2,2,12,0
0,0,1,0,0,1,0,6,0,0,1,0,7,34,23,1057,0,1,0,3,0,0,4,2,0,1,6,0,1,11,3,12,7,0,0,2,9,7,18,3,96,0,0,0,0,0,4,3,1,0,0,0,2,1,3,6,12,2,7,2,1
10,330,194,3,84,61,1,48,70,0,0,0,1,0,0,0,1297,3,0,1,1,0,118,114,0,0,0,0,0,2,208,136,9,0,0,0,0,1,2,0,1,101,20,0,0,0,4,7,0,0,0,0,0,15,12,14,0,0,2,0,0
5,0,5,13,2,13,0,0,0,0,0,0,0,0,0,0,0,560,0,0,1,0,0,0,0,0,0,0,0,0,0,0,0,0,0,0,53,0,0,0,1,23,9,0,0,0,3,1,0,0,0,0,0,5,2,0,0,15,0,0,0
0,0,0,0,0,4,0,0,0,0,0,0,0,0,0,0,0,0,65,2,0,0,0,0,0,0,0,0,0,0,0,1,1,0,0,0,0,7,2,0,0,0,0,0,1,0,0,0,0,0,0,0,0,0,0,0,0,0,0,0,0
0,2,1,0,0,12,5,0,0,0,0,0,1,1,1,0,0,2,6,416,2,1,0,0,0,0,0,0,0,0,1,10,2,0,0,0,1,11,27,10,2,1,0,0,1,0,2,3,0,0,0,0,1,0,4,2,2,3,1,0,0
0,0,0,0,0,0,0,0,0,0,0,0,0,0,0,0,0,0,0,0,24,0,0,0,0,0,0,0,0,0,0,0,0,0,0,0,0,0,0,5,0,0,0,0,0,0,0,0,0,0,0,0,0,0,1,0,0,0,0,0,0
0,0,0,0,0,1,5,2,0,0,6,0,0,4,4,0,0,1,8,15,0,753,0,0,15,1,1,3,8,0,0,0,2,0,1,10,0,3,0,2,0,0,0,2,23,16,9,1,0,0,5,32,15,0,1,0,10,6,1,0,0
7,11,12,1,4,6,0,407,3,0,0,0,0,0,0,0,39,2,0,0,0,0,902,5,0,0,0,0,0,0,20,8,1,0,0,0,1,0,0,0,0,2,1,0,0,0,0,76,0,0,0,0,0,11,5,11,0,0,2,0,0
0,29,2,0,0,0,0,3,56,0,0,0,0,0,0,0,40,0,0,2,1,0,2,1280,0,0,0,0,0,0,65,35,131,0,0,0,1,0,0,0,0,1,16,0,0,0,1,0,0,0,0,0,0,5,2,38,0,0,2,0,0
0,0,0,0,0,0,1,0,0,0,0,1,0,0,15,0,0,0,0,0,0,4,0,0,1474,0,0,4,1,0,0,0,0,0,3,2,0,0,0,0,0,0,0,15,2,9,2,0,2,3,8,5,108,0,0,0,28,0,0,1,1
0,0,0,0,0,1,1,1,0,9,0,0,35,0,5,0,0,1,0,1,0,1,0,0,1,697,4,0,3,3,0,1,0,3,67,0,3,0,0,0,0,1,1,2,0,0,2,2,1,0,6,0,1,0,0,1,0,1,4,1,0
0,0,0,0,0,0,0,2,0,0,45,0,2,94,10,16,0,0,1,4,1,4,0,0,0,9,1089,3,2,5,0,0,0,0,1,164,0,2,4,12,4,0,0,0,8,20,8,0,0,0,0,26,0,0,1,2,12,0,9,0,0
0,0,0,0,0,0,0,0,0,0,14,0,0,7,1,0,0,0,0,4,0,0,0,0,0,0,1,6160,1,0,0,0,0,0,0,1,0,1,0,0,0,0,0,1,722,3,2,0,0,0,0,10,0,0,0,0,0,0,0,0,0
0,0,1,0,1,1,3,0,1,1,0,0,0,0,5,2,0,1,2,1,0,10,2,0,5,6,0,3,528,45,0,2,2,0,17,0,0,1,0,0,0,0,0,15,3,0,8,0,0,2,15,0,3,0,2,1,2,1,3,5,0
1,5,1,1,3,2,1,7,2,0,0,0,0,0,0,4,11,1,0,1,0,0,0,2,0,0,0,0,41,691,3,7,8,0,2,0,7,4,2,1,1,0,4,1,0,0,3,0,0,0,1,0,0,1,0,2,3,2,14,0,1
0,55,50,0,5,109,1,59,21,0,0,0,0,0,0,0,371,5,4,10,2,0,54,253,0,0,0,0,0,2,1435,570,284,0,1,0,4,0,0,1,1,67,11,0,0,0,5,4,0,0,0,0,0,91,26,199,0,0,60,0,1
2,48,98,1,7,532,127,128,72,0,1,0,2,2,1,4,219,5,9,145,17,1,41,205,1,0,1,0,1,14,602,2629,516,0,2,5,17,5,29,38,4,34,11,1,3,0,21,21,0,0,0,0,0,127,82,268,10,1,30,8,2
0,6,0,0,0,0,2,10,10,0,0,0,0,0,0,1,9,1,4,15,9,0,1,275,0,0,0,1,0,3,143,190,4135,0,0,0,5,0,4,2,0,0,5,0,2,0,5,1,0,0,0,0,0,2,12,179,0,0,177,0,0
0,0,0,0,0,0,0,1,0,0,0,88,28,0,0,2,0,0,0,0,0,0,0,0,1,0,0,0,0,1,0,0,0,691,2,0,0,0,0,0,0,0,0,0,0,0,0,0,14,17,23,0,1,0,1,0,0,0,6,8,17
0,0,0,0,0,3,3,0,0,8,0,12,43,0,22,0,0,2,4,3,0,4,1,0,7,289,0,5,34,0,2,0,0,12,2335,8,3,2,0,0,0,0,0,38,10,0,15,0,36,5,85,1,3,0,0,0,0,3,2,3,0
0,0,0,0,0,0,1,0,0,0,11,0,1,33,5,2,0,0,0,0,0,142,0,0,15,8,229,3,9,4,0,0,0,0,4,3221,0,1,1,2,0,0,0,0,38,181,12,0,1,1,1,288,20,0,0,0,6,0,1,1,2
45,4,46,72,39,42,0,4,100,1,2,0,0,1,21,20,5,270,7,5,0,2,5,20,0,0,0,0,0,6,7,11,32,0,0,0,2704,32,23,10,36,125,115,0,1,2,11,24,0,0,0,2,1,76,73,4,21,194,15,2,0
0,1,0,0,1,6,1,2,0,14,39,0,0,7,23,6,0,3,25,39,2,4,1,3,1,0,5,5,0,6,4,15,3,0,0,0,22,2020,313,52,24,3,2,0,7,11,7,10,0,0,0,4,0,1,4,3,48,20,2,0,0
0,1,3,4,3,12,3,6,1,1,25,0,3,74,44,57,0,4,19,169,4,5,1,4,2,1,32,3,2,7,8,12,3,0,0,4,37,484,2992,426,333,3,1,0,11,6,22,5,1,1,0,41,2,4,8,8,56,9,9,2,1
0,0,0,0,0,0,0,1,0,0,6,0,0,3,0,4,0,0,3,5,0,0,0,0,0,0,24,0,1,0,0,4,4,0,0,1,3,21,75,776,7,0,0,0,6,0,3,0,0,0,0,4,1,0,4,3,1,3,4,0,0
0,0,2,0,0,3,0,2,1,0,0,0,0,0,3,25,0,0,2,1,0,0,1,6,0,0,0,0,1,2,1,2,1,0,0,0,3,11,29,5,386,1,5,0,0,0,1,2,0,0,0,0,0,1,3,0,4,0,2,0,0
28,14,93,77,61,44,0,4,13,0,0,0,0,0,0,0,16,143,0,0,0,0,3,1,0,0,0,0,0,0,4,2,1,0,0,0,20,0,0,1,0,1016,30,0,0,0,0,4,0,0,0,0,0,16,35,5,0,4,0,0,0
0,1,1,10,0,1,0,0,19,0,0,0,0,0,0,0,0,2,0,0,0,0,1,1,0,0,0,0,0,0,0,1,0,0,0,0,4,0,0,0,0,6,445,0,0,0,0,1,0,0,0,0,0,2,0,0,0,1,0,0,0
0,2,1,0,0,3,1,0,0,99,0,5,12,0,26,0,1,1,0,0,0,0,0,0,11,13,0,1,20,0,0,2,1,2,30,0,2,0,0,0,0,0,0,1222,2,1,7,0,2,2,21,0,2,0,1,0,0,0,0,0,0
0,0,0,0,0,1,2,1,0,0,11,0,0,6,1,0,0,0,0,4,0,27,0,0,8,0,2,98,10,4,0,0,0,0,1,12,0,4,3,1,0,0,0,0,434,15,41,0,0,0,0,16,3,0,0,0,2,6,1,0,0
0,0,0,0,0,0,0,0,0,2,76,0,4,16,1,0,0,0,0,0,0,12,0,0,13,0,15,7,0,0,0,0,0,1,0,45,0,3,1,1,0,0,0,2,23,1546,8,0,0,0,0,144,15,0,0,0,11,0,0,0,0
22,42,23,40,23,33,2,14,27,13,9,0,7,19,10,21,27,16,1,16,4,6,10,35,2,4,18,2,26,53,33,45,46,0,28,11,30,18,31,12,12,21,55,13,45,10,1355,7,0,0,5,52,0,8,10,12,13,50,80,1,1
74,21,32,23,15,25,1,298,44,0,1,0,0,2,4,13,24,9,8,2,0,0,443,29,0,1,0,0,0,1,14,32,52,0,0,4,25,20,8,1,9,16,27,0,0,0,8,3251,0,0,0,1,0,20,15,24,33,40,0,0,0
0,0,0,0,0,0,1,0,0,0,0,44,3,0,2,0,0,0,0,0,0,3,0,0,60,0,0,1,0,1,0,0,0,26,1,0,0,0,0,0,0,0,0,0,0,0,0,0,4437,152,40,1,75,0,0,0,0,0,0,685,22
0,0,0,0,0,0,1,0,0,0,0,69,2,0,0,0,0,0,0,0,0,0,0,0,4,0,0,0,2,0,0,0,0,10,0,0,0,0,0,0,0,0,0,0,0,0,0,0,59,1526,5,1,0,0,0,0,0,0,0,10,24
0,1,1,0,1,1,8,0,0,13,0,105,243,0,66,1,1,0,0,0,0,10,1,0,15,15,0,7,12,2,0,1,1,67,47,0,0,0,0,0,0,2,0,50,2,0,11,0,31,7,1854,1,26,0,0,0,0,0,1,19,2
0,0,0,0,0,0,3,0,0,0,68,34,7,324,36,61,0,0,1,12,0,61,0,0,37,2,116,15,2,1,0,0,0,6,5,338,2,12,34,4,2,0,0,0,120,333,57,3,15,2,20,2524,105,0,0,0,22,4,5,21,9
0,0,0,0,0,0,0,0,0,3,1,1,6,0,38,0,0,0,0,0,0,2,0,0,55,0,0,0,1,1,0,0,0,0,0,3,0,0,0,0,0,0,0,6,2,11,0,0,8,0,17,7,367,0,0,0,7,0,0,15,0
4,1,21,12,0,26,1,10,3,0,0,0,0,0,0,0,11,22,0,0,0,0,3,8,0,0,0,0,0,0,33,32,1,0,0,0,1,0,0,0,0,11,9,0,0,0,0,0,0,0,0,0,0,165,5,16,0,2,0,0,0
0,0,3,2,0,8,1,1,0,0,0,0,0,0,0,0,3,14,2,4,0,0,3,0,0,0,0,0,0,0,1,5,0,0,0,1,3,1,0,0,0,13,7,0,0,0,1,0,0,0,0,0,0,8,311,20,0,14,0,0,0
0,2,4,0,0,5,6,23,1,0,0,0,0,0,0,0,12,0,0,11,0,0,12,24,0,0,0,0,0,1,60,80,94,0,0,0,0,2,2,0,1,4,1,0,0,0,1,5,0,0,0,0,0,11,101,940,2,2,8,0,0
0,0,1,0,0,1,0,1,0,15,50,0,3,17,54,33,1,1,0,2,0,9,1,0,93,0,1,0,2,5,0,3,0,0,1,2,14,22,9,0,17,0,0,2,0,15,2,22,2,0,0,5,49,0,3,2,1000,12,2,3,1
8,0,1,47,0,13,2,5,4,2,4,0,0,0,1,0,1,23,6,7,0,3,2,6,0,0,0,0,0,0,0,8,5,0,0,0,112,9,2,2,0,4,69,0,0,0,2,31,0,0,0,0,0,33,47,1,10,1738,1,0,0
0,1,2,0,2,2,0,22,0,0,0,0,1,0,0,4,11,0,1,1,0,0,10,5,0,0,1,0,3,5,25,7,82,4,0,0,2,0,1,1,0,1,1,0,0,0,1,1,0,0,0,0,0,2,5,42,0,0,982,0,1
0,0,0,0,0,1,5,0,0,0,0,12,3,1,14,7,0,0,0,0,0,2,0,0,19,1,0,1,3,1,0,0,0,14,0,0,0,0,0,0,0,0,0,0,0,0,0,0,439,36,15,3,50,0,0,0,8,0,1,2157,56
0,0,0,0,0,0,0,0,0,0,0,1,0,0,0,0,0,0,0,0,0,0,0,0,0,0,0,0,0,0,0,0,0,2,0,0,0,0,0,0,0,0,0,0,0,0,0,0,1,8,0,0,0,0,0,0,0,0,0,5,93
