0.64666,0.72794,0.4194,0.66536,0.40645,0.49794,0.35539,0.58149,0.62576,0.43799,0.62647,0.55569,0.52033,0.74007,0.64594,0.71182,0.49713,0.40607,0.30942,0.42464,0.28395,0.67679,0.41651,0.5401,0.7973,0.62297,0.63341,0.97015,0.73648,0.77654,0.51517,0.62716,0.75999,0.73298,0.90637,0.82522,0.85483,0.74244,0.81438,0.57887,0.39896,0.56563,0.43647,0.86209,0.46346,0.64362,0.80449,0.86636,0.87458,0.845,0.81766,0.69447,0.39058,0.22714,0.34699,0.51653,0.67423,0.78466,0.68204,0.72534,0.39834
0.68544
1422,30,141,281,133,5,1,22,129,0,0,0,0,0,0,0,6,9,0,0,0,0,67,0,0,0,0,0,0,0,1,0,0,0,0,0,1,0,0,0,0,37,10,0,0,0,0,10,0,0,0,0,0,3,0,0,0,0,0,0,0
38,2079,84,1,144,6,0,1,113,0,0,0,0,0,0,0,312,0,0,3,0,0,7,72,0,0,0,0,0,1,66,25,10,0,0,0,2,0,1,0,0,15,1,0,0,0,1,0,0,0,0,0,0,0,0,5,0,0,0,0,0
81,71,856,52,64,166,0,7,86,0,0,0,0,0,0,0,80,29,0,0,0,0,11,4,0,0,0,0,0,0,16,35,1,0,0,0,3,0,0,0,0,88,11,0,0,0,0,7,0,0,0,0,0,28,3,2,0,2,0,0,0
322,0,46,1358,25,6,0,8,46,0,0,0,0,0,0,0,0,50,0,0,0,0,25,0,0,0,0,0,0,0,0,0,0,0,0,0,16,0,0,0,0,92,108,0,0,0,1,12,0,0,0,0,0,11,10,0,0,35,0,0,0
33,20,16,3,454,1,0,2,4,0,0,0,0,0,0,0,6,0,0,0,0,0,1,1,0,0,0,0,0,0,0,0,0,0,0,0,2,0,0,0,0,14,1,0,0,0,1,0,0,0,0,0,0,0,0,0,0,0,0,0,0
16,18,236,34,20,1210,38,50,21,0,3,0,0,0,0,2,47,181,26,43,0,0,20,4,0,0,0,0,0,0,23,190,4,0,0,0,41,9,7,0,1,92,25,0,5,0,14,9,0,0,0,2,1,83,68,8,12,15,1,0,0
0,1,0,0,0,6,136,0,0,0,0,0,0,0,0,1,0,0,1,3,0,13,0,1,1,0,2,0,1,0,0,10,1,0,2,1,0,0,0,0,0,0,0,1,3,0,0,0,0,0,0,0,0,1,2,0,1,0,0,2,1
4,6,8,5,2,50,10,1577,10,0,0,0,0,1,0,1,43,4,6,12,0,0,406,2,0,0,0,1,1,2,24,61,5,0,0,0,3,0,1,0,1,8,6,0,2,0,4,199,0,1,1,0,0,17,16,33,1,7,0,0,0
70,53,72,6,23,6,0,3,1433,0,0,0,0,0,0,0,16,0,1,0,0,0,6,38,0,0,0,0,0,0,0,5,2,0,0,0,0,0,0,0,0,5,33,0,0,0,1,3,0,0,0,0,0,7,0,0,0,0,0,0,0
0,0,0,0,0,0,0,1,1,166,1,0,6,0,10,0,0,2,0,0,0,1,0,0,0,2,0,0,2,0,0,0,0,0,0,0,0,1,0,0,0,0,0,20,1,0,1,2,0,0,0,0,0,1,0,0,1,1,2,1,0
0,0,0,0,0,0,0,0,0,1,961,0,1,58,16,6,0,1,1,0,0,12,0,0,0,1,29,3,0,0,0,0,0,0,0,8,2,8,4,1,1,0,0,0,17,161,3,3,0,0,1,22,1,0,1,0,36,10,0,0,0
0,0,0,0,0,0,0,0,0,0,0,469,2,0,0,0,0,0,0,0,0,0,0,0,0,0,0,0,0,0,0,0,0,51,1,0,0,0,0,0,0,0,0,0,0,0,0,0,13,27,20,0,2,0,0,0,0,0,0,2,3
0,0,1,1,0,2,2,1,0,8,0,9,512,0,32,2,0,1,0,0,0,0,1,0,9,27,0,3,14,4,3,5,1,44,8,1,0,2,1,0,0,2,0,10,5,0,1,0,5,0,112,1,6,0,0,0,0,1,9,4,3
0,0,0,0,0,1,1,2,0,1,165,4,6,2030,44,101,0,0,0,5,0,24,0,0,16,3,162,6,2,6,0,0,0,7,2,43,3,9,43,3,3,0,0,0,27,58,7,0,1,3,1,408,26,1,0,1,40,4,6,7,9
0,1,1,0,1,10,1,0,0,30,22,1,37,24,987,35,1,0,0,9,1,2,0,2,10,7,7,2,4,3,10,4,2,1,2,2,13,16,4,2,27,0,0,16,7,9,7,0,3,0,22,10,56,0,3,1,58,0,2,10,0
0,0,1,0,0,2,0,6,0,0,1,0,7,35,20,1072,0,2,1,1,0,0,1,3,0,1,5,0,0,12,3,12,5,0,0,2,9,7,19,2,82,0,0,0,0,0,6,2,0,0,0,1,4,0,1,10,12,2,9,0,2
11,341,177,3,85,64,0,45,76,0,0,0,1,0,0,0,1300,2,0,4,0,0,115,113,0,0,0,0,0,1,223,126,8,0,0,0,2,0,1,0,1,98,19,0,0,0,4,6,0,0,0,0,0,16,8,15,0,0,5,0,0
6,0,4,13,3,13,0,0,0,0,0,0,0,0,0,0,0,562,0,0,1,0,1,0,0,0,0,0,0,0,0,0,0,0,0,0,52,0,0,0,1,23,6,0,0,0,2,1,0,0,0,0,0,4,4,0,0,15,0,0,0
0,0,0,0,0,3,0,1,0,0,0,0,0,0,0,0,0,0,69,1,0,0,0,0,0,0,0,0,0,0,0,1,1,0,0,0,0,4,2,0,0,0,0,0,1,0,0,0,0,0,0,0,0,0,0,0,0,0,0,0,0
0,0,0,0,0,12,6,0,0,0,0,0,1,0,4,0,0,0,4,417,4,0,0,0,0,0,0,0,0,0,0,9,1,0,0,0,1,11,30,11,3,1,0,0,1,0,3,3,0,0,0,0,0,1,2,2,2,4,1,0,0
0,0,0,0,0,0,0,0,0,0,0,0,0,0,0,0,0,0,0,1,23,0,0,0,0,0,0,0,0,0,0,0,0,0,0,0,0,0,0,5,0,0,0,0,0,0,0,0,0,0,0,0,0,0,1,0,0,0,0,0,0
0,0,0,0,0,0,8,2,0,0,4,0,0,3,6,0,0,1,7,10,0,758,0,0,15,1,0,4,10,0,0,0,2,1,2,6,0,4,0,3,0,0,0,0,22,16,8,0,0,0,4,33,16,0,1,0,10,7,1,1,0
5,18,9,2,2,5,0,391,3,0,0,0,0,0,0,0,42,1,0,0,0,0,913,5,0,0,0,0,0,0,18,8,1,0,0,0,1,0,0,0,0,2,3,0,0,0,0,76,0,0,0,0,0,9,7,12,0,2,2,0,0
0,29,2,0,0,0,0,3,52,0,0,0,0,0,0,0,38,0,0,1,2,0,2,1293,0,0,0,0,0,0,60,35,130,0,0,0,0,0,0,0,0,1,16,0,0,0,1,0,0,0,0,0,0,3,2,40,0,0,2,0,0
0,0,0,0,0,0,1,0,0,1,0,0,1,0,17,0,0,0,0,0,0,4,0,0,1475,0,0,2,1,0,0,0,0,0,3,2,0,0,0,0,0,0,0,15,4,8,2,0,2,2,8,3,111,0,0,0,25,0,0,1,1
0,0,0,0,0,0,0,1,0,7,0,0,32,0,8,0,0,1,0,2,1,1,1,0,1,689,4,0,2,3,0,2,0,4,75,0,2,1,0,0,0,0,1,4,0,0,1,3,1,0,6,0,1,0,0,0,0,1,3,2,0
0,0,0,0,0,0,0,1,0,0,50,0,3,92,9,14,0,0,0,6,1,3,2,0,0,7,1073,3,2,4,0,0,0,0,2,172,0,1,8,11,4,0,0,0,6,16,8,1,0,0,0,38,0,0,1,2,12,0,8,0,0
0,0,0,0,0,0,0,0,0,0,15,0,0,8,1,0,0,0,0,3,0,0,0,0,0,0,1,6175,1,0,0,0,0,0,0,0,0,2,0,0,0,0,0,1,704,3,2,0,0,0,0,12,0,0,0,0,0,0,0,0,0
0,0,1,0,1,1,2,1,1,1,0,0,2,0,4,2,0,1,3,2,0,9,1,0,4,7,0,3,531,45,1,2,1,0,17,0,0,0,0,0,0,0,0,16,3,0,7,0,1,2,12,0,3,1,2,0,1,1,4,4,0
2,5,0,1,0,0,0,6,2,0,1,0,0,0,0,4,11,1,0,2,0,1,2,2,0,0,0,1,35,695,4,8,8,0,3,0,6,4,3,0,3,1,3,2,0,0,2,1,0,0,1,0,0,1,0,2,3,1,13,0,1
0,52,55,1,7,114,2,62,26,0,0,0,0,0,0,0,365,5,3,10,1,0,49,241,0,0,0,0,0,2,1494,569,292,0,0,0,2,0,0,0,1,65,11,0,0,0,3,7,0,0,0,0,0,72,25,170,1,0,54,0,0
2,41,93,0,9,525,145,120,68,0,1,0,1,2,1,5,223,5,11,171,15,2,49,204,1,0,1,0,1,13,610,2609,510,0,3,5,17,5,28,40,4,30,13,0,3,1,18,23,0,0,0,0,0,126,68,273,11,1,34,8,1
0,6,0,0,0,1,4,10,9,0,0,0,0,0,0,0,11,2,4,13,9,0,1,270,0,0,1,1,0,4,141,181,4145,0,0,0,4,0,3,4,0,0,5,0,1,0,4,2,0,0,0,0,0,3,13,192,0,0,165,0,0
0,0,0,0,0,0,0,0,0,0,0,84,29,0,0,2,0,0,0,0,0,1,0,0,1,0,0,0,0,1,0,0,0,700,2,0,0,0,0,0,0,0,0,0,0,0,0,0,10,15,18,0,1,0,1,0,0,0,6,13,17
0,0,0,2,0,1,5,1,0,6,0,12,50,0,19,0,0,0,3,3,0,3,0,0,8,292,0,4,28,0,2,0,0,16,2333,7,1,3,0,0,0,1,0,40,10,0,14,0,36,5,86,1,3,0,0,0,1,2,2,3,0
0,0,0,0,0,0,1,0,0,0,11,0,1,32,3,1,0,0,0,2,0,140,0,0,8,9,223,4,9,6,0,0,0,0,6,3220,0,0,0,2,0,0,0,0,48,163,12,0,0,1,0,308,25,0,0,0,5,0,1,1,2
45,2,43,73,42,40,0,3,96,2,3,0,0,2,21,24,7,291,4,5,1,2,6,19,0,1,0,0,0,5,7,14,36,0,0,0,2691,34,26,5,36,120,106,0,1,2,10,34,0,0,0,2,1,55,72,5,20,204,19,1,0
2,0,0,0,1,5,1,2,0,14,48,0,0,6,19,5,0,2,28,43,2,5,2,5,1,2,5,6,0,2,5,14,4,0,0,0,19,1989,326,53,31,2,4,0,6,15,7,7,0,0,0,5,0,3,5,1,46,19,2,0,0
0,1,4,4,3,10,4,6,2,3,28,0,2,76,51,58,0,4,28,144,10,8,1,4,1,2,28,2,1,10,11,11,4,0,0,4,37,443,3036,401,334,3,0,0,14,6,23,5,1,1,0,34,4,4,11,9,65,13,8,2,0
0,0,0,0,0,0,0,1,0,0,5,0,0,6,0,3,0,1,1,5,2,1,0,0,0,0,20,0,0,2,0,3,2,0,0,4,2,22,75,778,9,0,0,0,3,0,3,0,0,0,0,4,1,0,3,2,2,3,4,0,0
1,0,1,0,0,1,0,3,2,0,0,0,0,0,2,28,0,0,1,2,0,0,1,5,0,0,0,1,0,3,0,2,1,0,0,0,3,13,28,7,385,1,4,0,0,0,1,0,0,0,0,0,0,0,3,0,5,0,2,0,0
31,12,100,72,59,42,0,4,12,0,0,0,0,0,0,0,17,145,0,0,0,0,4,1,0,0,0,0,0,0,3,2,1,0,0,0,21,1,0,0,0,1004,35,0,0,0,1,4,0,0,0,0,0,14,42,4,0,4,0,0,0
0,0,2,8,0,1,0,0,19,0,0,0,0,0,0,0,0,0,0,0,0,0,2,1,0,0,0,0,0,0,0,1,0,0,0,0,3,0,0,0,0,5,450,0,0,0,0,1,0,0,0,0,0,0,1,0,0,2,0,0,0
0,1,0,0,0,3,0,0,2,95,0,3,12,0,30,0,1,1,0,0,0,0,0,1,10,21,0,2,22,0,0,1,1,1,27,0,2,0,0,0,0,0,0,1219,2,1,9,0,2,3,19,0,2,0,0,0,0,0,0,0,0
0,0,0,0,0,1,2,1,0,0,8,0,0,9,1,0,0,0,0,3,0,26,0,0,7,0,2,106,15,3,0,0,0,0,1,13,0,3,2,1,0,0,0,0,426,14,37,0,0,0,0,20,3,0,0,0,3,6,1,0,0
0,0,0,0,0,0,1,0,0,3,75,0,3,14,1,0,0,0,0,0,0,12,0,0,14,0,9,8,0,0,0,0,0,1,1,40,0,2,3,1,0,0,0,1,20,1564,7,0,0,0,0,140,14,0,0,0,12,0,0,0,0
25,43,22,37,19,26,2,17,26,12,13,0,5,11,15,21,27,18,2,18,6,5,9,39,1,8,17,1,21,50,32,48,44,0,25,15,37,17,29,9,13,16,50,13,48,12,1362,7,0,0,3,55,0,9,13,10,15,51,80,0,0
71,20,31,24,17,23,1,286,42,1,1,0,0,2,3,14,27,8,8,3,0,0,456,22,0,1,0,1,0,0,21,36,55,0,0,4,22,18,5,1,7,18,30,0,0,0,14,3248,0,0,0,0,0,21,13,21,35,38,1,0,0
0,0,0,0,0,0,0,0,0,0,0,47,0,0,1,0,0,0,0,0,0,2,0,0,53,0,0,1,0,0,0,0,0,16,1,0,0,0,0,0,0,0,0,0,0,0,0,0,4442,156,44,1,77,0,0,0,0,0,0,691,22
0,0,0,0,0,0,1,0,0,0,0,71,1,0,0,0,0,0,0,0,0,0,0,0,4,0,0,0,1,0,0,0,0,11,0,0,0,0,0,0,0,0,0,0,1,0,0,0,63,1521,6,0,1,0,0,0,0,0,0,9,23
0,1,2,0,1,1,11,0,0,9,0,103,249,1,64,1,1,0,0,1,1,12,0,0,15,23,0,7,9,1,0,2,1,71,52,0,0,0,0,0,0,0,0,51,5,0,14,0,29,3,1843,0,20,0,0,0,0,0,1,18,2
0,0,0,0,0,0,5,0,0,0,63,29,10,317,31,57,0,0,2,8,0,58,0,0,36,2,102,17,1,2,0,0,0,9,3,349,0,15,34,2,2,0,0,0,121,354,62,3,10,5,14,2539,102,0,0,0,27,4,4,18,6
0,0,0,0,0,0,0,0,0,2,1,1,5,0,39,1,0,0,0,0,0,2,0,0,52,0,0,0,2,0,0,0,0,0,0,3,0,0,0,0,0,0,0,4,2,11,0,0,11,2,19,5,373,0,0,0,6,0,0,10,0
4,1,23,12,0,32,2,8,4,0,0,0,0,0,0,0,10,19,0,1,0,0,4,7,0,0,0,0,0,0,36,26,2,0,0,0,1,0,0,0,0,10,10,0,0,0,0,2,0,0,0,0,0,159,7,15,0,2,0,0,0
1,1,1,3,0,8,1,2,0,0,0,0,0,0,0,0,2,11,2,5,0,0,3,0,0,0,0,0,0,0,4,4,0,0,0,1,3,1,0,0,0,11,8,0,0,0,1,0,0,0,0,0,0,15,305,20,0,13,0,0,0
0,2,3,0,0,5,5,25,0,0,0,0,0,0,0,0,10,1,0,9,0,0,11,24,0,0,0,0,0,1,55,77,91,0,0,0,0,3,2,0,1,3,1,0,0,0,0,5,0,0,0,0,0,10,106,953,3,1,8,0,0
0,0,1,0,0,2,0,2,0,16,49,0,1,14,55,35,1,2,0,2,0,8,1,1,90,0,2,0,2,7,0,2,0,1,1,0,14,21,4,0,12,0,0,1,0,16,1,24,2,0,1,10,50,0,3,1,1010,9,2,2,0
7,0,2,45,0,18,1,3,5,1,5,0,0,0,0,0,2,21,6,8,0,2,1,5,0,0,0,0,0,0,3,11,4,0,1,0,108,10,2,1,3,5,61,0,0,0,2,39,0,0,0,0,0,19,49,1,9,1749,0,0,0
0,1,3,0,2,1,1,25,0,0,0,0,0,0,0,3,9,0,1,1,1,0,10,5,0,0,1,0,2,5,24,8,78,5,0,0,2,0,1,1,0,2,0,0,0,0,1,0,0,0,0,0,0,3,7,35,0,0,991,0,0
0,0,0,0,0,1,7,0,0,0,0,11,4,0,14,8,0,0,0,0,0,3,0,0,17,0,0,1,1,2,0,1,0,14,1,0,0,0,0,0,0,0,0,0,0,0,0,0,447,44,13,2,51,0,0,0,8,0,0,2147,52
0,0,0,0,0,0,0,0,0,0,0,0,0,0,0,0,0,0,0,0,0,0,0,0,0,0,0,0,0,0,0,0,0,2,0,0,0,0,0,0,0,0,0,0,0,0,0,0,0,9,0,0,0,0,0,0,0,0,0,3,96
