0.65688,0.72251,0.41854,0.65946,0.40595,0.50268,0.33858,0.583,0.61803,0.44293,0.62085,0.56235,0.51779,0.73476,0.64497,0.70341,0.48851,0.41327,0.33505,0.43039,0.23711,0.66637,0.42427,0.53983,0.79935,0.6307,0.62565,0.97135,0.72245,0.78016,0.49913,0.62976,0.75896,0.71975,0.90958,0.82833,0.84998,0.73243,0.81075,0.57524,0.38843,0.56958,0.44149,0.85744,0.45007,0.64787,0.79632,0.86394,0.87365,0.84211,0.82264,0.69123,0.39703,0.23142,0.35321,0.5037,0.67163,0.78091,0.67527,0.72909,0.37795
0.68397
1409,30,136,292,134,7,0,23,136,0,0,0,0,0,0,0,4,8,0,0,0,0,67,0,0,0,0,0,0,0,1,0,0,0,0,0,1,0,0,0,0,39,8,0,0,0,0,9,0,0,0,0,0,4,0,0,0,0,0,0,0
34,2070,83,2,143,5,0,1,116,0,0,0,0,0,0,0,322,0,1,3,0,0,4,71,0,0,0,0,0,1,76,25,8,0,0,0,2,0,0,0,0,11,1,0,0,0,1,1,0,0,0,0,0,1,1,4,0,0,0,0,0
79,65,858,53,67,165,0,10,89,0,0,0,0,0,0,0,89,26,0,0,0,0,9,4,0,0,0,0,0,0,15,30,1,0,0,0,2,1,0,0,0,84,10,0,0,0,1,8,0,0,0,0,0,31,3,2,0,1,0,0,0
304,0,46,1373,29,7,0,7,46,0,0,0,0,0,0,0,0,53,0,0,0,0,27,0,0,0,0,0,0,0,0,0,0,0,0,0,13,0,0,0,0,96,105,0,0,0,1,11,0,0,0,0,0,10,8,0,0,35,0,0,0
26,20,14,3,464,1,0,0,4,0,0,0,0,0,0,0,5,1,0,0,0,0,2,1,0,0,0,0,0,0,1,0,0,0,0,0,2,0,0,0,0,14,0,0,0,0,1,0,0,0,0,0,0,0,0,0,0,0,0,0,0
20,20,229,33,15,1220,36,46,25,0,3,0,0,0,0,1,48,175,22,41,1,0,16,5,0,0,0,0,1,2,21,191,4,0,0,0,42,10,5,0,0,92,20,0,2,0,15,12,0,0,0,2,1,98,66,8,12,17,2,0,0
0,1,0,0,0,9,129,0,0,0,1,0,0,0,0,1,0,1,1,5,1,13,0,0,1,0,1,0,2,2,0,10,0,0,3,1,0,0,0,0,0,0,0,1,4,0,0,0,0,0,0,0,1,0,0,1,0,0,0,1,1
4,6,15,4,0,52,11,1584,10,0,0,0,0,1,0,1,41,3,5,10,0,0,393,3,0,0,1,1,0,1,27,65,4,0,0,0,3,1,1,0,1,6,5,0,2,0,1,209,0,1,1,0,0,16,12,31,1,8,0,0,0
65,50,78,9,24,6,0,3,1440,0,0,0,0,0,0,0,16,1,1,0,0,0,7,34,0,0,0,0,0,0,0,5,2,0,0,0,0,0,0,0,0,6,27,0,0,0,1,3,0,0,0,0,0,5,0,0,0,0,0,0,0
0,0,0,0,0,1,0,1,1,163,1,0,5,0,9,0,0,2,0,0,0,1,0,0,0,1,0,0,2,0,1,0,0,0,0,0,0,1,0,0,0,0,0,25,1,0,1,2,0,0,1,0,0,0,0,0,0,1,2,1,0
0,0,0,0,0,0,0,0,0,1,953,0,1,55,14,8,0,1,0,0,0,13,0,0,0,4,25,3,0,0,0,0,0,0,0,10,2,16,1,0,1,0,0,0,13,165,2,3,0,0,1,28,1,0,1,0,38,9,0,0,0
0,0,0,0,0,0,0,0,0,0,0,460,2,0,0,0,0,0,0,0,0,0,0,0,0,0,0,0,0,0,0,0,0,57,1,0,0,0,0,0,0,0,0,0,0,0,0,0,14,26,21,0,2,0,0,0,0,0,0,3,4
0,0,2,0,1,4,0,1,0,2,0,10,524,0,31,3,0,1,0,0,0,0,0,0,10,25,1,3,13,2,1,3,1,43,9,1,0,1,1,0,1,1,0,10,5,0,2,0,6,0,116,0,5,0,0,0,0,1,8,4,1
0,0,0,0,0,1,0,2,0,1,171,6,6,2025,46,106,0,0,0,3,0,25,0,0,13,2,150,9,2,5,0,0,0,8,1,35,5,10,44,4,2,0,0,0,29,58,7,0,2,3,1,415,24,0,0,1,42,3,5,8,11
0,1,1,0,0,10,1,0,0,28,23,1,42,27,981,38,1,0,0,7,0,3,0,4,9,6,6,4,5,2,9,8,1,1,2,2,12,16,6,2,28,0,0,19,5,9,5,0,2,0,19,10,50,1,2,1,59,2,3,10,1
0,0,1,0,0,2,1,6,0,0,1,0,7,36,19,1053,0,1,0,1,0,0,2,1,0,1,5,0,3,12,2,13,5,0,0,1,7,10,20,1,92,0,0,0,0,0,8,4,0,0,0,2,3,0,1,12,15,1,10,0,1
11,348,189,3,88,64,1,43,73,0,0,0,1,0,0,0,1276,3,0,4,1,0,119,109,0,0,0,0,0,0,220,132,12,0,0,0,1,0,1,0,1,94,19,0,0,0,5,5,0,0,0,0,0,14,12,17,0,0,4,0,0
5,0,4,13,3,12,0,0,0,0,0,0,0,0,0,0,0,567,0,0,1,0,0,0,0,0,0,0,0,0,0,1,0,0,0,0,49,0,0,1,0,25,5,0,0,0,3,1,0,0,0,0,0,3,2,0,1,15,0,0,0
0,0,0,0,0,4,0,0,0,0,0,0,0,0,0,0,0,0,65,3,0,0,0,0,0,0,0,0,0,0,0,0,0,0,0,0,0,6,4,0,0,0,0,0,1,0,0,0,0,0,0,0,0,0,0,0,0,0,0,0,0
0,1,0,0,0,14,5,0,0,0,0,0,1,2,1,0,0,0,9,405,6,1,0,0,0,0,0,0,0,0,2,10,1,0,0,0,2,15,27,9,3,1,0,0,1,0,3,3,0,0,0,0,1,1,2,1,2,4,1,0,0
0,0,0,0,0,0,0,0,0,0,0,0,0,0,0,0,0,0,0,0,23,0,0,0,0,0,0,0,0,0,0,0,0,0,0,0,0,0,0,6,0,0,0,0,0,0,0,0,0,0,0,0,0,0,1,0,0,0,0,0,0
0,0,0,0,0,1,10,2,0,0,5,0,0,2,5,0,0,1,6,12,0,761,0,0,17,1,0,3,9,0,1,0,1,0,1,8,0,3,3,3,0,0,0,0,23,14,9,1,0,0,3,29,16,0,1,0,7,6,1,1,0
5,18,10,2,2,3,0,389,3,0,0,0,0,0,0,0,40,1,0,0,0,0,916,5,0,0,0,0,0,0,21,8,1,0,0,0,1,0,0,0,0,2,2,0,0,0,0,81,0,0,0,0,0,8,6,10,0,1,2,0,0
0,27,2,0,0,0,0,3,56,0,0,0,0,0,0,0,39,0,0,2,1,0,2,1274,0,0,0,0,0,0,68,41,135,0,0,0,0,0,0,0,0,1,14,0,0,0,1,0,0,0,0,0,0,5,1,38,0,0,2,0,0
0,0,0,0,0,0,1,0,0,1,0,1,1,0,16,0,0,0,0,0,0,6,0,0,1474,0,0,4,2,0,0,0,0,0,4,2,0,0,0,0,0,0,0,14,3,8,0,0,3,5,9,1,104,0,0,0,28,0,0,0,2
0,0,0,0,0,0,1,0,0,8,0,0,42,0,6,0,0,1,0,2,0,1,1,0,1,678,5,0,3,2,1,2,0,4,74,0,2,1,0,0,0,1,1,4,0,0,1,2,1,0,7,0,1,0,0,0,0,1,4,2,0
0,0,0,0,0,0,0,2,0,0,47,0,1,85,13,17,0,0,1,5,0,3,0,0,0,10,1088,2,0,5,0,0,0,0,2,168,0,2,4,12,4,0,0,0,5,19,9,1,0,0,0,30,0,0,2,2,13,0,8,0,0
0,0,0,0,0,0,0,0,0,0,18,0,0,7,2,0,0,0,0,2,0,0,0,0,0,0,1,6204,1,0,0,0,0,0,0,1,0,1,0,0,0,0,0,1,676,3,2,0,0,0,0,9,0,0,0,0,0,0,0,0,0
0,0,0,0,1,1,3,2,0,0,0,0,0,0,5,2,0,1,0,1,1,8,1,0,4,7,0,2,531,43,1,5,1,0,17,0,0,1,0,0,0,0,0,18,4,0,7,0,0,3,13,0,2,0,1,1,2,1,3,7,0
3,6,1,1,1,1,1,6,2,0,1,0,0,0,0,2,10,1,0,1,0,0,2,3,0,0,0,1,33,692,6,5,8,0,3,0,8,4,3,0,3,1,3,1,0,0,4,1,0,0,0,0,0,0,0,4,3,1,15,0,0
0,58,56,3,6,106,2,64,28,0,0,0,0,0,0,0,373,6,2,12,1,0,49,242,0,0,0,0,0,3,1441,568,297,0,1,0,3,0,1,0,1,64,12,0,0,0,3,7,0,0,0,0,0,80,24,191,0,0,56,1,0
2,47,93,1,11,512,128,118,73,0,2,0,1,1,2,4,217,7,4,157,22,1,53,204,1,0,1,0,3,11,621,2645,511,0,2,6,15,5,25,39,4,31,10,1,2,0,22,24,0,0,1,1,0,116,64,273,9,1,34,9,3
0,2,0,0,0,2,3,9,9,0,0,0,0,0,0,1,9,2,3,11,10,0,1,267,0,0,0,1,0,4,146,173,4128,0,0,0,4,0,5,4,0,0,5,0,1,0,6,4,0,0,0,0,0,3,15,207,0,0,174,0,0
0,0,0,0,0,0,0,0,0,0,0,82,32,0,0,2,0,0,0,0,0,0,0,0,1,0,0,0,0,1,0,0,0,696,2,0,0,0,0,0,0,0,0,0,0,0,0,0,12,19,21,0,0,0,1,0,0,0,6,8,18
0,0,0,1,0,1,10,1,0,9,0,10,44,0,18,1,0,2,2,3,0,2,0,0,7,278,0,2,35,0,3,0,0,18,2354,8,3,3,0,0,0,0,0,37,12,0,12,0,35,4,74,2,4,0,1,0,0,3,3,1,0
0,0,0,0,0,0,2,0,0,0,12,0,1,40,6,0,0,0,0,0,0,144,0,0,9,8,241,4,9,6,0,0,0,0,5,3199,0,1,2,3,0,0,0,0,42,160,12,0,0,2,0,305,21,0,0,0,5,0,1,2,2
43,3,40,76,43,42,0,4,102,1,4,0,0,3,24,23,8,275,2,6,2,2,6,19,0,0,1,1,0,4,10,14,33,0,0,0,2663,35,22,7,35,119,121,0,0,2,16,25,0,0,0,2,0,67,78,2,20,212,19,2,0
1,1,0,0,1,6,0,2,0,14,48,0,0,6,23,7,1,2,29,36,2,5,1,5,1,2,6,4,0,4,2,10,1,0,0,0,25,1990,333,47,29,2,3,0,5,13,6,8,0,0,0,6,0,2,7,3,48,19,2,0,1
0,2,3,1,2,11,5,7,1,5,28,0,2,76,46,57,0,5,20,147,12,8,1,4,1,3,32,2,2,10,6,13,2,0,0,4,41,450,3016,403,347,3,1,1,11,4,26,4,0,1,0,37,3,3,11,9,66,10,10,3,1
0,0,0,0,0,0,0,0,0,0,6,0,0,2,0,3,0,0,2,8,1,0,0,0,1,0,21,0,1,1,0,3,3,0,0,5,3,18,80,776,7,0,0,0,6,0,3,0,0,0,0,3,0,0,3,3,2,3,3,0,0
0,0,1,0,0,1,1,3,2,0,0,0,0,0,3,27,0,0,1,2,0,0,1,4,0,0,0,0,0,1,1,3,1,0,0,0,4,15,32,9,376,1,3,0,0,0,2,1,0,0,0,0,0,0,5,1,3,0,2,0,0
25,12,100,80,62,46,0,4,12,0,0,0,0,0,0,0,18,136,1,0,0,0,5,1,0,0,0,0,0,0,3,2,1,0,0,0,21,0,0,0,0,1015,33,0,0,0,1,4,0,0,0,0,0,13,32,4,0,4,0,0,0
0,0,2,10,0,1,0,0,19,0,0,0,0,0,0,0,0,1,0,0,0,0,1,1,0,0,0,0,0,0,0,0,0,0,0,0,4,0,0,0,0,3,449,0,0,0,0,1,0,0,0,0,0,2,1,0,0,1,0,0,0
1,1,1,0,0,3,0,0,0,94,0,2,12,0,24,0,1,1,0,0,0,1,0,0,11,18,0,1,22,0,0,1,0,2,30,0,3,0,0,0,0,0,0,1221,3,1,10,1,3,4,17,0,3,0,0,0,1,0,0,0,0
0,0,0,0,0,1,1,1,0,0,10,0,1,6,2,0,0,0,0,4,0,29,0,0,5,0,1,99,11,2,0,0,0,0,2,12,0,3,1,1,0,0,0,0,438,16,38,0,0,0,0,17,4,0,0,0,3,4,1,1,0
0,0,0,0,0,0,0,0,0,3,72,0,3,16,0,0,0,0,0,0,0,12,0,0,11,0,11,8,0,0,0,0,0,0,0,39,0,2,4,1,0,0,0,3,19,1551,8,0,0,0,1,155,15,0,0,0,12,0,0,0,0
27,48,18,35,25,28,1,15,26,13,14,0,4,11,15,24,33,18,2,11,5,6,9,36,1,8,18,2,25,51,38,50,42,0,23,14,36,26,26,13,10,20,53,10,51,11,1341,7,0,0,3,50,1,5,12,14,12,51,81,0,0
70,24,33,24,16,18,1,289,47,1,1,0,0,2,2,12,23,7,7,3,1,0,436,25,0,1,0,0,0,0,23,34,50,0,0,4,21,19,6,1,6,18,31,0,0,0,11,3270,0,0,0,1,0,13,18,25,34,42,0,0,0
0,0,0,0,0,0,1,0,0,0,0,39,1,0,2,0,0,0,0,0,0,3,0,0,54,0,0,1,0,0,0,0,0,26,1,0,0,0,0,0,0,0,0,0,0,0,0,0,4453,160,42,0,77,0,0,0,0,0,0,673,21
0,0,0,0,0,0,1,0,0,0,0,66,3,0,0,0,0,0,0,0,0,0,0,0,4,0,0,0,1,0,0,0,0,12,0,0,0,0,0,0,0,0,0,0,0,0,0,0,65,1520,4,0,1,0,0,0,0,0,0,8,28
0,0,1,0,1,1,10,0,0,11,0,94,254,0,66,1,1,1,0,1,0,12,2,0,13,18,0,4,9,1,0,1,1,69,45,0,0,0,0,0,0,2,0,49,10,0,12,0,26,4,1860,1,23,0,0,0,0,0,1,18,2
0,0,0,0,0,0,3,0,0,0,62,34,8,338,30,60,0,0,1,11,1,66,0,0,34,2,120,21,1,3,0,0,0,12,3,338,1,16,33,5,1,0,0,0,124,336,59,4,10,3,15,2505,104,0,0,0,20,2,4,21,12
0,0,0,0,0,0,0,0,0,1,1,4,6,0,40,1,0,0,0,0,0,2,0,0,51,0,0,0,1,1,0,0,0,0,1,3,0,0,0,0,0,0,0,5,2,10,0,0,11,0,15,6,374,0,0,0,5,0,0,11,0
3,1,20,14,0,28,1,10,3,0,0,0,0,0,0,0,14,22,0,1,0,0,3,6,0,0,0,0,0,0,33,29,2,0,0,0,0,0,0,0,0,8,8,0,0,0,0,0,0,0,0,0,0,165,7,17,0,2,0,0,0
1,1,4,3,0,8,1,3,0,0,0,0,0,0,0,0,2,13,2,4,0,0,1,0,0,0,0,0,0,0,4,4,0,0,0,1,1,0,0,0,0,12,7,0,0,0,1,1,0,0,0,0,0,9,308,22,0,13,0,0,0
0,2,3,0,0,4,5,23,1,0,0,0,0,0,0,0,9,0,0,9,4,0,12,23,0,0,0,0,0,1,55,78,94,0,0,0,0,3,2,0,1,2,1,0,0,0,0,5,0,0,0,0,0,11,102,953,2,1,9,0,0
0,0,2,0,0,2,0,2,0,12,46,0,3,15,54,34,0,2,0,1,0,10,1,0,94,1,3,0,5,7,0,3,0,0,1,0,16,23,9,0,15,0,0,2,1,14,2,26,2,0,0,5,50,0,3,1,992,14,2,3,0
7,0,2,46,1,14,2,4,6,0,5,0,0,0,1,0,2,24,4,6,1,2,3,5,0,0,0,0,0,0,0,7,6,0,1,0,113,9,2,1,0,6,59,0,0,0,1,36,0,0,0,0,0,25,53,2,10,1743,0,0,0
0,0,2,0,3,0,0,27,0,0,0,0,0,0,0,3,10,0,1,1,0,0,6,4,0,0,1,0,3,5,27,7,82,5,0,0,2,0,1,1,0,2,1,0,0,0,2,0,0,0,0,0,0,2,5,32,0,0,994,0,0
0,0,0,0,0,2,3,0,0,0,0,8,4,0,15,5,0,0,0,0,0,2,0,0,16,1,0,1,0,2,0,1,0,12,0,0,0,0,0,0,0,0,0,2,1,0,0,0,452,41,16,2,51,0,0,0,10,0,0,2153,49
0,0,0,0,0,0,0,0,0,0,0,1,0,0,0,0,0,0,0,0,0,0,0,0,0,0,0,0,0,0,0,0,0,2,0,0,0,0,0,0,0,0,0,0,0,0,0,0,0,9,0,0,0,0,0,0,0,0,0,2,96
