0.64797,0.72488,0.42273,0.66748,0.39202,0.49959,0.35714,0.58352,0.62865,0.41495,0.6281,0.53521,0.52826,0.73769,0.63903,0.70432,0.49464,0.42334,0.30769,0.43432,0.2987,0.66342,0.42149,0.54087,0.78897,0.62072,0.63369,0.97182,0.73938,0.77506,0.51076,0.63101,0.75729,0.73573,0.91029,0.8262,0.85315,0.74116,0.81238,0.57436,0.39938,0.57264,0.44521,0.85556,0.46947,0.63696,0.80572,0.86554,0.8763,0.84213,0.81387,0.69871,0.39497,0.21932,0.34932,0.50868,0.6754,0.78347,0.6772,0.72997,0.38462
0.68531
1421,39,134,285,134,5,0,22,130,0,0,0,0,0,0,0,6,6,0,0,0,0,65,0,0,0,0,0,0,0,1,1,0,0,0,0,0,0,0,0,0,38,8,0,0,0,0,10,0,0,0,0,0,3,0,0,0,0,0,0,0
34,2092,72,2,152,3,0,0,116,0,0,0,0,0,0,0,305,1,0,3,0,0,8,76,0,0,0,0,0,1,69,23,10,0,0,0,1,0,1,1,0,10,1,0,0,0,0,0,0,0,0,0,0,0,1,5,0,0,0,0,0
75,67,848,52,75,163,0,12,88,0,0,0,0,0,0,0,87,30,0,0,0,0,12,4,0,0,0,0,0,0,16,29,1,0,0,0,1,1,0,0,0,82,9,0,0,0,0,8,0,0,0,0,0,39,2,1,0,1,0,0,0
322,1,46,1375,29,6,0,8,42,0,0,0,0,0,0,0,0,43,0,0,0,0,24,0,0,0,0,0,0,0,0,0,0,0,0,0,14,0,0,0,0,95,100,0,0,0,1,11,0,0,0,0,0,9,10,0,0,35,0,0,0
32,23,20,3,452,1,0,0,4,0,0,0,0,0,0,0,5,1,0,0,0,0,2,1,0,0,0,0,0,0,1,0,0,0,0,0,1,0,0,0,0,11,1,0,0,0,1,0,0,0,0,0,0,0,0,0,0,0,0,0,0
21,22,231,38,19,1220,43,50,26,0,3,0,0,0,0,1,45,161,32,30,0,0,14,5,0,0,0,0,0,0,21,188,3,0,0,0,51,8,6,0,0,92,22,0,3,0,16,13,0,0,0,1,0,94,58,11,11,19,1,0,0
0,1,0,0,0,7,140,0,0,0,0,0,0,0,0,1,0,0,0,6,0,10,0,1,1,0,0,1,1,0,0,6,0,0,3,1,0,0,0,0,0,0,0,1,3,0,1,0,0,0,0,0,1,0,1,2,1,0,0,1,1
4,7,11,5,0,52,13,1600,9,0,0,0,0,1,0,1,34,4,5,8,0,0,382,2,0,0,1,1,0,2,28,64,5,0,0,0,4,1,0,0,2,7,4,0,2,0,4,203,0,1,1,0,0,20,13,33,2,5,0,0,0
71,54,65,7,22,7,0,4,1444,0,0,0,0,0,0,0,12,1,1,0,0,0,5,33,0,0,0,0,0,0,1,8,2,0,0,0,0,0,0,0,0,5,30,0,0,0,1,5,0,0,0,0,0,5,0,0,0,0,0,0,0
0,0,0,0,0,1,0,0,1,161,1,0,8,0,10,0,0,2,0,0,0,1,1,0,0,2,0,0,1,0,0,0,0,0,0,0,0,1,0,0,0,0,0,26,0,0,1,1,0,0,1,0,0,0,0,0,0,1,2,1,0
0,0,0,0,0,0,0,0,0,1,961,0,4,52,17,8,0,1,3,1,0,11,0,0,0,1,27,3,0,0,0,0,0,0,0,9,2,9,3,1,1,0,0,0,16,159,3,2,0,0,1,26,2,0,1,0,36,8,0,0,0
0,0,0,0,0,0,0,0,0,0,0,456,2,0,0,0,0,0,0,0,0,0,0,0,0,0,0,0,0,0,0,0,0,57,1,0,0,0,0,0,0,0,0,0,0,0,0,0,15,31,20,0,2,0,0,0,0,0,0,3,3
0,0,1,1,0,1,2,0,0,5,0,11,514,0,34,4,1,1,0,1,0,1,1,0,10,27,0,2,12,3,1,4,1,41,8,0,1,2,1,0,0,1,0,11,6,0,1,0,4,0,122,0,3,0,0,0,0,1,6,5,2
0,0,0,0,0,2,0,2,0,4,168,5,5,2053,43,93,0,0,0,1,1,26,0,0,13,4,150,11,4,5,0,0,0,4,0,41,3,7,42,5,2,0,0,0,23,65,6,0,1,2,2,398,20,0,0,0,47,4,5,9,15
0,1,2,0,0,6,1,0,0,33,26,1,32,22,979,40,0,0,1,8,1,5,0,3,11,9,6,2,4,3,5,8,1,1,2,3,11,14,7,1,26,0,0,20,7,7,7,0,2,0,23,10,53,2,4,1,61,2,3,8,0
0,0,1,0,0,0,0,7,0,0,1,0,7,39,19,1060,0,1,0,1,1,0,4,1,0,2,5,0,0,13,3,11,5,0,0,2,6,7,21,3,90,0,0,0,0,0,6,3,0,0,0,1,3,0,2,8,13,0,10,1,3
11,346,180,3,91,64,0,44,69,0,0,0,0,0,0,0,1293,3,0,2,1,0,114,115,0,0,0,0,0,2,227,126,9,0,0,0,2,1,1,0,1,93,17,0,0,0,3,7,0,0,0,0,0,17,7,16,0,0,5,0,0
5,0,4,12,2,13,0,0,0,0,0,0,0,0,0,0,0,566,0,0,0,0,1,0,0,0,0,0,0,0,0,1,0,0,0,0,46,0,0,2,0,23,8,0,0,0,2,1,0,0,0,0,0,5,4,0,0,16,0,0,0
0,0,0,0,0,4,0,0,0,0,0,0,0,0,0,0,0,0,68,3,0,0,0,0,0,0,0,0,0,0,0,1,1,0,0,0,0,4,1,0,0,0,0,0,1,0,0,0,0,0,0,0,0,0,0,0,0,0,0,0,0
0,1,0,0,0,12,4,0,0,0,0,0,1,1,2,0,0,1,4,410,6,0,0,0,0,0,0,0,0,0,0,14,2,0,0,0,1,14,26,11,4,0,0,0,0,1,3,3,0,0,0,0,0,0,5,2,2,3,1,0,0
0,0,0,0,0,0,0,0,0,0,0,0,0,0,0,0,0,0,0,1,23,0,0,0,0,0,0,0,0,0,0,0,0,0,0,0,0,0,0,5,0,0,0,0,0,0,0,0,0,0,0,0,0,0,1,0,0,0,0,0,0
0,0,0,0,0,1,5,2,0,0,4,0,0,5,5,0,0,2,6,14,0,749,0,0,15,2,1,3,6,0,0,1,2,0,1,8,0,2,3,2,0,0,0,2,24,17,8,0,0,0,7,33,14,0,2,0,10,7,1,2,0
6,15,10,2,2,6,0,394,3,0,0,0,0,0,0,0,44,1,0,0,0,0,910,6,0,0,0,0,0,0,18,7,1,0,0,0,1,0,0,0,0,2,4,0,0,0,0,75,0,0,0,0,0,10,5,11,0,2,2,0,0
0,27,3,0,0,0,0,2,51,0,0,0,0,0,0,0,37,1,0,1,2,0,2,1297,0,0,0,0,0,0,62,40,127,0,0,0,1,0,0,0,0,1,15,0,0,0,1,0,0,0,0,0,0,3,0,37,0,0,2,0,0
0,0,0,0,0,0,1,0,0,1,0,1,0,1,17,0,0,0,0,0,0,5,0,0,1473,0,0,4,2,0,0,0,0,0,3,1,0,0,0,0,0,0,0,15,4,10,1,0,4,4,8,4,104,0,0,0,25,0,0,0,1
0,0,0,0,0,0,0,0,0,7,0,0,34,0,9,0,0,1,0,1,0,1,1,0,1,689,4,0,1,3,0,1,0,4,74,0,2,1,0,0,0,1,1,1,0,0,1,5,1,0,7,0,1,0,0,1,0,1,4,2,0
0,0,0,0,0,0,1,0,0,0,46,0,1,97,10,19,0,0,0,7,1,3,2,0,0,11,1076,3,0,4,0,0,0,0,1,166,0,3,7,11,3,0,0,0,5,20,7,0,0,0,0,34,0,0,1,2,10,0,9,0,0
0,0,0,0,0,0,0,0,0,0,11,0,0,7,1,0,0,0,0,3,0,0,0,0,0,0,1,6173,1,0,0,0,0,0,0,0,0,1,0,0,0,0,0,1,715,3,2,0,0,0,0,8,0,0,0,0,0,1,0,0,0
1,0,1,0,1,2,3,1,0,0,0,0,0,0,7,2,0,1,2,2,0,11,2,0,5,6,0,4,522,42,0,4,1,0,19,0,0,0,0,0,0,0,0,18,3,0,8,0,0,2,13,0,2,0,3,1,1,1,4,4,1
2,3,0,1,2,3,1,7,2,0,0,0,0,0,0,4,15,2,0,1,0,0,0,2,0,0,0,1,33,696,4,5,8,0,3,0,6,4,3,0,3,0,4,1,0,0,3,1,0,0,0,0,0,0,0,2,4,1,13,0,1
0,52,51,2,3,103,3,63,26,0,0,0,0,0,0,0,367,5,3,10,0,0,54,242,0,0,0,0,0,3,1472,552,295,0,1,0,3,0,0,1,1,64,12,0,0,0,5,6,0,0,0,0,0,94,28,182,0,0,57,0,1
3,43,93,0,12,522,127,121,72,0,2,0,2,2,2,6,231,7,12,146,18,2,40,197,1,0,1,0,1,15,610,2625,520,0,1,6,22,4,27,35,5,31,10,1,4,0,23,22,0,0,0,1,0,135,65,272,10,1,32,8,2
0,5,0,1,0,1,2,10,8,0,0,0,0,0,0,0,9,2,5,11,8,0,1,275,0,0,0,1,0,5,147,186,4128,0,0,0,5,0,3,2,0,0,6,0,1,0,3,4,0,0,0,0,0,6,14,189,0,0,171,0,0
0,0,0,0,0,0,0,1,0,0,0,89,26,0,0,2,0,0,0,0,0,1,0,0,0,1,0,0,0,1,0,0,0,696,2,0,0,0,0,0,0,0,0,0,0,0,0,0,12,19,18,0,1,0,0,0,0,0,4,11,17
0,0,0,1,0,0,3,1,0,8,0,13,41,0,18,0,0,3,2,5,0,6,0,0,8,292,0,3,32,0,3,0,0,10,2344,7,2,2,0,0,0,0,0,38,13,0,12,0,38,3,82,1,2,0,0,0,2,2,3,3,0
0,0,0,0,0,0,1,0,0,0,12,0,1,30,5,3,0,0,0,1,0,142,0,0,12,10,228,2,9,7,0,0,0,0,6,3223,0,0,0,2,0,0,0,0,45,179,8,0,0,1,1,284,24,0,0,0,4,0,1,1,2
49,3,42,66,46,43,1,2,98,2,3,0,0,1,26,18,8,267,5,4,0,2,4,23,0,1,0,1,0,3,3,8,38,0,0,0,2719,33,26,3,40,117,108,0,2,2,11,29,0,0,0,1,1,61,81,5,20,196,15,1,0
0,1,1,0,1,5,1,2,0,17,42,0,0,8,19,8,0,2,24,38,3,5,2,3,2,2,3,4,0,2,3,12,3,0,0,0,25,2013,322,50,24,4,2,0,6,12,7,10,0,0,0,3,1,1,6,2,47,19,2,0,0
0,0,3,2,3,9,6,5,1,1,24,0,2,80,44,63,0,5,18,160,5,7,0,4,2,2,19,2,1,15,6,12,3,0,0,6,39,476,3005,416,342,3,2,0,10,5,19,5,1,1,0,38,2,4,14,9,56,12,7,2,1
0,0,0,0,0,0,0,0,0,0,7,0,0,2,0,2,0,0,2,7,0,0,0,0,1,0,25,0,0,0,0,2,4,0,0,4,2,17,75,784,5,0,0,0,5,0,3,0,0,0,0,3,0,0,3,4,2,5,3,0,0
0,0,1,0,0,2,0,3,2,0,0,0,0,0,1,25,0,1,4,1,0,0,0,5,0,0,0,0,2,3,1,2,1,0,0,0,5,7,29,9,389,2,3,0,0,0,1,0,0,0,0,0,0,0,1,0,3,0,3,0,0
26,12,100,76,57,48,0,4,13,0,0,0,0,0,0,0,18,134,1,0,0,0,4,2,0,0,0,0,0,0,4,2,1,0,0,0,22,0,0,0,0,1013,33,0,0,0,0,3,0,0,0,0,0,17,37,4,0,4,0,0,0
0,1,1,10,0,1,0,0,17,0,0,0,0,0,0,0,0,1,0,0,0,0,1,1,0,0,0,0,0,0,0,1,0,0,0,0,4,0,0,0,0,4,451,0,0,0,0,1,0,0,0,0,0,1,1,0,0,0,0,0,0
0,0,1,0,0,2,0,0,0,99,0,4,8,0,23,0,2,1,0,0,0,1,0,0,10,19,0,1,19,0,0,2,0,2,25,0,2,0,0,0,0,0,0,1232,2,1,7,0,1,3,23,0,3,0,0,0,0,0,0,0,0
0,0,0,0,0,1,2,1,0,0,9,0,0,5,2,0,0,0,0,5,0,31,0,0,7,0,4,98,10,3,0,0,0,0,2,9,0,1,2,1,0,0,0,0,435,15,39,0,0,0,0,19,3,0,0,0,3,5,2,0,0
0,0,0,0,0,0,0,0,0,2,71,0,4,14,3,0,0,0,0,0,0,15,0,0,14,0,9,6,0,0,0,0,0,0,0,45,0,2,2,1,0,0,0,2,24,1551,8,0,0,0,1,146,13,0,0,0,13,0,0,0,0
23,44,21,36,28,31,4,18,26,13,10,0,9,11,17,23,27,20,2,13,5,6,9,35,2,6,17,1,27,49,36,42,44,0,27,16,30,18,32,10,12,21,50,11,49,11,1352,7,0,0,3,51,0,3,10,12,14,50,83,0,2
75,21,31,24,19,25,1,300,40,0,1,0,0,2,3,13,27,8,8,3,0,0,462,25,0,1,0,0,0,1,17,37,53,0,0,4,25,15,5,1,8,14,29,0,0,0,7,3225,0,0,0,1,0,16,20,18,38,45,1,0,1
0,0,0,0,0,0,0,0,0,0,0,42,1,0,1,0,0,0,0,0,0,2,0,0,54,0,0,1,0,1,0,0,0,25,1,0,0,0,0,0,0,0,0,0,0,0,0,0,4449,158,37,1,82,0,0,0,0,0,0,683,16
0,0,0,0,0,0,1,0,0,0,0,83,1,0,0,0,0,0,0,0,0,0,0,0,4,0,0,0,1,0,0,0,0,8,0,0,0,0,0,0,0,0,0,0,0,0,0,0,58,1515,7,0,1,0,0,0,0,0,0,8,26
0,0,1,0,1,2,8,0,0,15,0,101,253,0,72,1,0,0,0,1,1,10,0,0,13,18,0,6,9,1,0,1,1,71,43,0,0,0,0,0,0,1,0,48,2,0,14,0,30,5,1854,1,25,1,0,0,0,0,1,13,1
0,0,0,0,0,0,2,0,0,0,72,34,7,335,31,60,0,0,1,9,0,58,0,0,36,2,117,17,1,1,0,0,0,7,6,344,1,12,37,4,2,0,0,0,111,352,65,3,12,5,17,2500,105,0,0,0,25,4,5,17,6
0,0,0,0,0,0,1,0,0,1,1,3,5,0,41,1,0,0,0,0,0,2,0,0,60,1,0,0,2,0,0,0,0,0,0,4,0,0,0,0,0,0,0,6,2,11,0,0,9,0,17,6,361,0,0,0,4,0,0,13,0
4,1,20,12,0,30,2,8,3,0,0,0,0,0,0,0,12,20,1,0,0,0,5,5,0,0,0,0,0,0,32,28,2,0,0,0,0,0,0,0,0,9,7,0,0,0,0,1,0,0,0,0,0,168,7,17,0,3,0,0,0
1,1,2,3,0,8,1,2,0,0,0,0,0,0,0,0,3,12,2,4,0,0,2,0,0,0,0,0,0,0,4,6,0,0,0,1,3,1,0,0,0,13,8,0,0,0,0,0,0,0,0,0,0,9,306,20,0,14,0,0,0
0,2,4,0,0,6,4,21,0,0,0,0,0,0,0,0,9,0,2,12,0,0,11,26,0,0,0,0,0,1,62,82,92,0,0,0,0,1,2,0,0,3,1,0,0,0,1,6,0,0,0,0,0,13,104,938,1,1,10,0,0
0,0,1,0,0,1,0,0,0,16,51,0,2,15,55,34,1,1,0,1,0,10,1,0,95,0,3,0,3,6,0,3,0,0,1,1,13,23,8,1,13,0,0,5,0,14,3,22,3,0,0,5,38,1,3,2,1005,13,2,3,0
7,0,3,41,0,18,3,3,6,2,4,0,0,0,0,0,1,18,6,7,0,3,3,5,0,0,0,0,0,0,2,8,4,0,0,0,109,11,1,2,1,6,67,0,0,0,2,34,0,0,0,0,0,26,50,2,10,1744,0,0,0
0,1,1,0,2,3,0,22,0,0,0,0,1,0,0,5,15,0,0,2,0,0,10,4,0,0,1,0,2,5,23,7,83,5,0,0,2,0,1,1,0,3,0,0,0,0,1,0,0,0,0,0,0,3,6,34,0,0,986,0,0
0,0,0,0,0,2,5,0,0,0,0,8,2,0,16,8,0,0,1,0,1,3,0,0,17,2,0,1,0,2,0,0,0,13,1,0,0,0,0,0,0,0,0,1,0,0,0,0,437,40,13,2,47,0,0,1,8,0,0,2168,50
0,0,0,0,0,0,0,0,0,0,0,1,0,0,0,0,0,0,0,0,0,0,0,0,0,0,0,0,0,0,0,0,0,2,0,0,0,0,0,0,0,0,0,0,0,0,0,0,0,9,0,0,0,0,0,0,0,0,0,3,95
