0.64854,0.73027,0.41728,0.65619,0.39533,0.50332,0.35979,0.58318,0.61929,0.41162,0.61371,0.54556,0.52906,0.74151,0.65152,0.71023,0.49431,0.42043,0.33493,0.42229,0.30556,0.67225,0.41955,0.542,0.79644,0.63367,0.62543,0.9712,0.72715,0.75794,0.5148,0.62456,0.75975,0.73545,0.90793,0.83399,0.85497,0.73985,0.82291,0.56723,0.40105,0.56388,0.44098,0.85063,0.46495,0.63651,0.80308,0.86929,0.8719,0.84607,0.81762,0.69133,0.38567,0.2219,0.34441,0.50719,0.67045,0.78444,0.67811,0.72434,0.40678
0.68479
1395,30,135,305,135,9,0,19,140,0,0,0,0,0,0,0,5,7,0,0,0,0,70,0,0,0,0,0,0,0,1,0,0,0,0,0,1,0,0,0,0,36,8,0,0,0,0,8,0,0,0,0,0,4,0,0,0,0,0,0,0
31,2082,79,2,149,3,0,0,121,0,0,0,0,0,0,0,313,0,1,3,0,0,6,70,0,0,0,0,0,1,67,27,10,0,0,0,2,0,0,0,0,11,1,0,0,0,0,2,0,0,0,0,0,1,1,4,0,0,0,0,0
86,67,845,49,79,160,0,10,87,0,0,0,0,0,0,0,80,25,0,0,0,0,14,3,0,0,0,0,0,0,14,33,1,0,0,0,1,0,0,0,0,89,13,0,0,0,0,6,0,0,0,0,0,31,6,2,0,2,0,0,0
311,0,46,1378,32,7,0,7,46,0,0,0,0,0,0,0,0,48,0,0,0,0,24,0,0,0,0,0,0,0,0,0,0,0,0,0,12,0,0,0,0,95,99,0,0,0,2,10,0,0,0,0,0,11,8,0,0,35,0,0,0
28,23,17,3,457,1,0,1,4,0,0,0,0,0,0,0,6,1,0,0,0,0,2,1,0,0,0,0,0,0,0,0,0,0,0,0,2,0,0,0,0,12,0,0,0,0,1,0,0,0,0,0,0,0,0,0,0,0,0,0,0
20,18,229,36,21,1212,32,53,26,0,3,0,0,0,1,1,46,157,28,44,0,0,13,5,0,0,0,0,0,1,20,195,5,0,0,0,40,9,8,0,0,97,28,0,4,0,17,13,0,0,0,1,1,90,60,11,13,20,1,0,0
0,1,0,0,0,9,136,0,0,0,0,0,0,0,0,1,0,0,0,4,1,10,0,0,3,0,1,0,1,2,0,8,0,1,3,1,0,0,0,0,0,0,0,1,4,0,0,0,0,0,0,0,0,0,1,1,0,0,0,1,1
3,7,11,8,1,46,8,1588,10,0,0,0,0,1,0,1,37,5,5,8,1,0,395,2,0,0,1,1,0,2,29,67,6,0,0,0,2,1,0,0,2,6,4,0,3,0,3,200,0,1,1,0,0,16,16,34,2,7,0,0,0
64,52,67,9,26,8,0,4,1438,0,0,0,0,0,0,0,13,0,1,0,0,0,6,39,0,0,0,0,0,0,0,7,2,0,0,0,0,0,0,0,0,4,31,0,0,0,1,4,0,0,0,0,0,7,0,0,0,0,0,0,0
0,0,0,0,0,1,0,1,1,163,1,0,6,0,9,0,0,2,0,0,0,1,1,0,0,2,0,0,1,0,0,0,0,0,0,0,0,1,0,0,0,0,0,24,1,0,1,1,0,0,1,0,0,0,0,0,1,1,2,1,0
0,0,0,0,0,0,0,0,0,1,958,0,3,52,9,7,0,1,1,1,0,12,0,0,0,1,28,3,0,0,0,0,0,0,0,6,2,11,3,1,1,0,0,0,15,164,2,3,0,0,1,27,2,0,1,0,44,9,0,0,0
0,0,0,0,0,0,0,0,0,0,0,461,2,0,0,0,0,0,0,0,0,0,0,0,0,0,0,0,0,0,0,0,0,57,1,0,0,0,0,0,0,0,0,0,0,0,0,0,15,30,17,0,2,0,0,0,0,0,0,2,3
0,0,1,1,0,1,2,0,0,7,0,12,528,0,32,2,1,0,0,1,0,0,2,0,10,24,0,1,10,5,1,3,1,44,9,1,0,2,0,0,1,2,0,10,8,0,2,0,5,0,106,0,4,0,0,0,0,1,8,3,2
0,0,0,0,0,1,1,2,0,2,171,6,10,2031,47,102,0,0,0,4,0,28,0,0,15,2,158,7,1,7,0,0,0,8,0,37,4,8,38,7,3,0,0,0,25,58,6,0,2,3,1,398,29,0,0,1,44,3,6,7,8
0,1,1,0,0,7,2,0,0,31,25,1,33,25,989,37,3,1,0,7,1,1,0,3,13,5,6,4,7,3,8,9,2,1,3,2,12,12,5,2,25,0,0,23,5,9,4,0,2,0,18,9,52,0,3,0,57,3,3,10,0
0,0,0,0,0,0,0,7,0,0,1,0,6,35,18,1076,0,1,0,0,0,0,4,3,0,1,6,0,0,13,2,10,5,0,0,1,10,12,11,3,87,0,0,0,0,0,3,3,0,0,0,1,3,0,1,10,14,1,9,2,1
11,328,188,4,87,65,2,43,71,0,0,0,0,0,0,0,1302,3,0,3,0,0,120,109,0,0,0,0,0,2,210,141,10,0,0,0,2,0,1,0,1,95,17,0,0,0,6,5,0,0,0,0,0,18,11,14,0,0,1,0,0
5,0,5,13,2,12,0,0,0,0,0,0,0,0,0,0,0,568,0,0,1,0,0,0,0,0,0,0,0,0,0,1,0,0,0,0,50,0,1,0,0,21,8,0,0,0,3,1,0,0,0,0,0,3,1,0,1,15,0,0,0
0,0,0,0,0,3,0,1,0,0,0,0,0,0,0,0,0,0,70,1,0,0,0,0,0,0,0,0,0,0,0,1,0,0,0,0,0,4,2,0,0,0,0,0,1,0,0,0,0,0,0,0,0,0,0,0,0,0,0,0,0
0,0,0,0,0,10,7,0,0,0,0,0,1,0,3,0,0,0,8,413,2,0,1,0,0,0,0,0,0,0,1,11,1,0,0,0,1,14,26,12,3,1,0,0,1,0,3,2,0,0,0,0,1,2,3,2,2,3,0,0,0
0,0,0,0,0,0,0,0,0,0,0,0,0,0,0,0,0,1,0,0,22,0,0,0,0,0,0,0,0,0,0,0,0,0,0,0,0,0,0,6,0,0,0,0,0,0,0,0,0,0,0,0,0,0,1,0,0,0,0,0,0
0,0,0,0,0,0,7,2,0,0,6,0,0,2,5,0,0,2,2,11,0,763,0,0,18,1,1,4,8,0,0,0,2,1,1,7,0,3,6,2,0,0,0,1,23,15,8,0,1,0,4,30,13,0,2,0,7,7,1,0,0
5,16,13,1,4,6,0,379,2,0,0,0,0,0,0,0,39,2,0,0,0,0,923,5,0,0,0,0,0,0,20,8,1,0,0,0,1,0,0,0,0,3,4,0,0,0,0,77,0,0,0,0,0,7,4,13,0,2,2,0,0
0,26,2,0,0,0,0,3,53,0,0,0,0,0,0,0,43,0,0,1,2,0,3,1284,0,0,0,0,0,0,63,38,132,0,0,0,0,0,0,0,0,1,14,0,0,0,1,0,0,0,0,0,0,5,1,38,0,0,2,0,0
0,0,0,0,0,0,1,0,0,1,0,1,1,0,18,0,0,0,0,0,0,3,0,0,1475,0,0,3,1,0,0,0,0,0,4,2,0,0,0,0,0,0,0,16,4,8,1,0,3,4,6,3,106,0,0,0,26,0,0,1,1
1,0,0,0,0,0,1,0,0,10,0,0,35,0,5,0,0,1,0,3,0,1,1,0,1,685,4,0,4,2,0,2,0,2,74,0,2,1,0,0,0,1,2,4,0,0,1,2,1,0,8,0,1,0,0,0,0,1,3,1,0
0,0,0,0,0,0,0,1,0,0,47,0,3,92,7,18,0,0,0,6,1,5,1,0,0,8,1082,3,1,4,1,0,0,0,1,162,0,4,6,12,5,0,0,0,7,18,8,0,0,0,0,30,0,0,2,2,14,0,9,0,0
0,0,0,0,0,0,0,0,0,0,20,0,0,7,1,0,0,0,0,2,0,0,0,0,0,0,1,6172,3,0,0,0,0,0,0,0,0,1,0,0,0,0,0,1,703,3,2,0,0,0,0,11,0,0,1,0,0,0,0,0,0
0,0,1,0,1,1,3,0,0,0,0,1,0,0,7,2,0,2,0,3,0,8,2,0,5,5,0,3,525,49,0,3,1,0,17,0,0,0,0,0,0,0,0,18,5,0,8,0,1,2,14,0,1,0,1,0,1,1,4,5,0
2,6,0,1,2,1,1,6,1,0,1,0,0,0,0,5,12,1,0,1,1,0,0,2,0,0,0,1,35,692,5,4,7,0,3,0,5,3,3,0,2,2,4,2,0,0,4,1,0,0,0,0,0,0,2,3,4,1,15,0,0
0,55,54,1,4,103,2,60,24,0,0,0,0,0,0,0,374,4,2,12,0,0,55,239,0,0,0,0,0,3,1461,591,294,0,1,0,3,0,0,0,1,68,12,0,0,0,4,7,0,0,0,0,0,70,27,176,0,0,53,0,1
2,46,96,0,8,517,125,123,73,0,1,0,2,2,2,6,231,5,9,164,15,0,47,202,1,0,1,0,1,12,593,2650,510,0,2,4,16,3,28,36,6,30,10,0,3,1,20,25,0,0,1,2,0,122,73,271,9,1,32,8,3
0,4,0,0,0,1,3,10,8,0,0,0,0,0,0,0,8,1,1,15,9,0,1,264,0,0,0,1,0,4,143,180,4130,0,0,0,3,0,3,6,0,0,5,0,1,0,7,2,0,0,0,0,0,4,14,207,0,0,174,0,0
0,0,0,0,0,0,0,0,0,0,0,82,37,0,0,2,0,0,0,0,0,0,0,0,1,0,0,0,0,1,0,0,0,695,2,0,0,0,0,0,0,0,0,0,0,0,0,0,10,17,20,0,1,0,1,0,0,0,7,9,16
0,0,0,0,0,1,8,1,0,11,0,13,37,0,13,0,0,1,1,4,0,4,0,0,10,281,0,6,32,0,2,0,0,10,2347,8,2,4,0,0,0,2,0,37,8,0,14,0,40,2,89,2,3,0,1,0,1,2,4,2,0
0,0,0,0,0,0,1,0,0,0,14,0,1,36,4,1,0,0,0,2,0,139,0,0,10,9,236,4,8,5,0,0,0,0,4,3195,0,0,0,2,0,0,0,0,39,178,10,0,1,1,0,315,20,0,0,0,5,0,1,1,2
44,2,38,76,37,33,0,3,106,2,3,0,0,1,22,23,8,280,4,7,1,2,6,22,0,1,0,1,0,6,9,16,31,0,0,0,2700,32,22,5,37,116,116,0,1,2,13,25,0,0,0,4,1,61,76,2,17,207,17,0,0
1,0,0,0,1,5,0,2,0,15,45,0,0,6,19,7,0,2,29,40,1,3,1,5,2,0,3,3,0,2,3,13,2,0,0,0,23,2022,306,53,27,1,5,0,5,12,8,10,0,0,1,5,0,3,5,3,49,19,2,0,0
0,0,3,2,3,10,3,5,2,2,26,0,2,69,45,62,1,5,21,150,4,8,0,4,1,2,29,3,2,14,8,14,2,0,0,6,42,456,3025,417,330,3,2,0,10,5,25,5,1,1,0,36,2,1,13,8,65,11,10,2,1
0,0,0,0,0,0,0,0,0,0,6,0,0,4,0,4,0,0,4,7,1,0,0,0,0,0,24,0,0,2,0,4,2,0,0,5,2,21,78,772,7,0,0,0,4,0,3,0,0,0,0,2,1,0,3,2,1,4,4,0,0
0,0,3,0,0,1,0,3,1,0,0,0,0,0,3,25,0,0,2,3,0,0,1,5,0,0,0,0,1,3,1,4,1,0,0,0,4,16,27,7,381,1,3,0,0,0,1,1,0,0,0,0,0,0,4,1,2,0,1,0,0
25,11,104,84,67,44,0,4,10,0,0,0,0,0,0,0,21,138,0,0,0,0,5,1,0,0,0,0,0,0,2,2,1,0,0,0,19,0,0,1,0,993,32,0,0,0,1,4,0,0,0,0,0,15,42,4,1,4,0,0,0
0,0,2,9,0,1,0,1,16,0,0,0,0,0,0,0,0,1,0,0,0,0,1,1,0,0,0,0,0,0,0,0,0,0,0,0,4,0,0,0,0,4,452,0,0,0,0,1,0,0,0,0,0,1,1,0,0,1,0,0,0
1,1,2,0,0,2,0,0,1,104,0,2,13,0,27,0,1,1,0,0,0,0,0,0,11,16,0,1,21,0,0,0,0,1,32,0,3,0,0,0,0,0,0,1213,2,1,5,0,3,3,21,0,4,0,1,0,0,0,0,0,0
0,0,0,0,0,1,1,1,0,0,13,0,1,6,1,0,0,0,0,4,0,28,0,0,6,0,2,99,11,3,0,0,0,0,1,9,0,3,2,1,0,0,0,0,432,16,39,0,0,0,0,19,4,0,0,0,4,4,2,1,0
0,0,0,0,0,0,0,0,0,2,81,0,4,13,2,0,0,0,0,0,0,12,0,0,11,0,11,7,0,0,0,0,0,1,0,39,0,3,1,1,0,0,0,3,22,1548,8,0,0,0,0,149,16,0,0,0,12,0,0,0,0
27,46,21,35,21,26,2,19,26,9,12,0,7,9,15,22,29,19,3,15,4,6,8,37,2,9,19,0,25,54,31,40,47,0,27,14,39,21,28,9,9,20,48,9,45,12,1354,9,0,0,4,57,1,10,13,14,12,47,81,1,0
75,23,25,24,18,23,3,296,44,0,1,0,1,3,3,8,24,10,7,2,1,0,457,27,0,2,0,0,0,1,16,37,50,0,0,4,16,16,5,1,6,16,31,0,0,0,12,3252,0,0,0,1,0,13,21,24,32,39,0,0,0
0,0,0,0,0,0,1,0,0,0,0,45,1,0,1,0,0,0,0,0,0,2,0,0,49,0,0,1,0,1,0,0,0,19,1,0,0,0,0,0,0,0,0,0,0,0,0,0,4431,159,42,1,81,0,0,0,0,0,0,702,17
0,0,0,0,0,0,1,0,0,0,0,69,1,0,0,0,0,0,0,0,0,0,0,0,4,0,0,0,1,0,0,0,0,10,0,0,0,0,0,0,0,0,0,0,0,0,0,0,60,1528,6,0,1,0,0,0,0,0,0,9,23
0,0,2,0,0,4,9,0,0,16,0,102,243,0,76,1,0,0,0,0,0,9,0,0,10,23,0,7,12,2,0,1,1,68,47,0,0,0,0,0,0,2,0,54,3,0,15,0,33,4,1838,2,25,0,0,0,0,0,1,13,2
0,0,0,0,0,0,3,0,0,0,65,36,8,333,28,61,0,0,1,13,0,74,0,0,37,2,114,19,2,1,0,0,0,8,3,325,2,16,30,2,2,0,0,0,125,358,54,3,10,4,18,2504,99,0,0,0,25,4,4,20,10
0,0,0,0,0,0,0,0,0,3,1,3,7,0,36,1,0,0,0,0,0,2,0,0,56,0,0,0,2,0,0,0,0,0,0,3,0,0,0,0,0,0,0,6,3,13,0,0,9,0,18,5,366,0,0,0,5,0,0,12,0
5,1,25,13,0,33,1,11,4,0,0,0,0,0,1,0,11,19,1,1,0,0,4,5,0,0,0,0,0,0,34,27,2,0,0,0,0,0,0,0,0,8,8,0,0,0,0,1,0,0,0,0,0,154,8,18,0,2,0,0,0
1,1,2,4,0,7,1,2,0,0,0,0,0,0,0,0,3,12,3,5,0,0,1,0,0,0,0,0,0,0,7,2,0,0,0,0,2,0,0,0,0,10,7,0,0,0,1,0,0,0,0,0,0,11,311,20,0,13,0,0,0
0,2,5,0,0,6,4,22,1,0,0,0,0,0,0,0,9,0,1,7,3,0,12,23,0,0,0,0,0,1,61,79,88,0,0,0,0,3,2,0,1,1,1,0,0,0,0,5,0,0,0,0,0,10,105,952,2,1,8,0,0
0,0,1,0,0,1,0,1,0,16,54,0,2,12,55,32,2,1,0,3,0,10,1,0,85,0,2,0,3,5,0,3,0,0,1,0,17,21,8,1,13,0,0,2,0,11,2,23,2,0,0,6,58,1,3,1,1003,11,2,3,0
8,0,1,42,0,21,2,3,6,1,6,0,0,0,0,0,1,24,3,7,1,2,3,4,0,0,0,0,0,2,3,5,6,0,0,0,110,10,1,1,0,8,59,0,0,0,2,30,0,0,0,0,0,21,51,2,9,1754,0,0,0
0,2,1,0,1,3,0,29,0,0,0,0,1,0,0,3,11,0,1,1,0,0,9,4,0,0,1,0,2,6,22,6,83,5,0,0,2,0,0,1,0,2,1,0,0,0,1,0,0,0,0,0,0,2,4,37,0,0,988,0,0
0,0,0,0,0,2,5,0,0,0,0,10,2,0,14,5,0,0,0,0,0,2,0,0,16,2,0,1,2,2,0,1,0,14,1,0,0,0,0,0,0,0,0,2,0,0,0,0,452,37,13,2,51,0,0,0,12,0,0,2152,49
0,0,0,0,0,0,0,0,0,0,0,1,0,0,0,0,0,0,0,0,0,0,0,0,0,0,0,0,0,0,0,0,0,0,0,0,0,0,0,0,0,0,0,0,0,0,0,0,0,10,0,0,0,0,0,0,0,0,0,3,96
