0.64612,0.72849,0.41907,0.65883,0.39841,0.51219,0.37097,0.5875,0.62587,0.40458,0.62605,0.54828,0.52775,0.73956,0.65013,0.70985,0.49236,0.41612,0.31336,0.42068,0.2716,0.66989,0.41797,0.53516,0.7848,0.63163,0.62776,0.97139,0.71253,0.77318,0.51148,0.63392,0.76077,0.75375,0.91036,0.8263,0.85442,0.73534,0.81494,0.57006,0.39625,0.57191,0.44158,0.85942,0.46596,0.64372,0.80165,0.86557,0.8747,0.84488,0.82024,0.70025,0.39676,0.2251,0.35755,0.49866,0.68566,0.78318,0.67649,0.72438,0.41921
0.68561
1415,40,142,283,134,4,0,21,128,0,0,0,0,0,0,0,3,6,0,0,0,0,69,0,0,0,0,0,0,0,1,0,0,0,0,0,1,0,0,0,0,40,9,0,0,0,0,7,0,0,0,0,0,5,0,0,0,0,0,0,0
32,2074,77,2,147,4,0,1,114,0,0,0,0,0,0,0,332,0,0,3,0,0,6,71,0,0,0,0,0,1,63,23,11,0,0,0,1,0,1,1,0,13,1,0,0,0,1,2,0,0,0,0,0,0,1,5,0,0,0,0,0
78,70,844,47,70,153,0,14,95,0,0,0,0,0,0,0,81,28,0,0,0,0,10,4,0,0,0,0,0,0,16,26,1,0,0,0,3,1,0,0,1,90,10,0,0,0,1,5,0,0,0,0,0,48,5,1,0,1,0,0,0
325,0,49,1373,27,7,0,9,42,0,0,0,0,0,0,0,0,45,0,0,0,0,24,0,0,0,0,0,0,0,0,0,0,0,0,0,10,0,0,0,0,97,96,0,0,0,1,10,0,0,0,0,0,15,8,0,0,33,0,0,0
30,24,22,3,451,1,0,1,4,0,0,0,0,0,0,0,3,0,0,0,0,0,2,1,0,0,0,0,0,0,0,0,0,0,0,0,3,0,0,0,0,13,0,0,0,0,1,0,0,0,0,0,0,0,0,0,0,0,0,0,0
19,11,227,36,19,1240,32,52,28,0,3,0,0,0,2,1,49,164,29,35,0,0,13,4,0,1,0,0,0,6,22,176,4,0,1,0,43,8,4,1,0,91,26,0,3,0,14,12,0,0,0,1,1,95,65,9,11,19,2,0,0
0,1,0,0,0,6,138,0,0,0,0,0,0,0,1,1,0,0,2,5,0,11,0,1,0,0,1,0,1,2,0,7,0,0,0,1,0,0,0,0,0,0,0,0,4,0,0,0,1,0,1,0,1,0,1,2,1,0,0,2,0
3,8,9,8,1,52,7,1588,10,0,0,0,0,1,0,2,37,4,7,9,1,0,396,1,0,0,1,1,1,0,27,60,7,0,0,0,2,1,2,0,0,5,4,0,1,0,3,205,0,1,0,0,0,20,15,33,1,7,0,0,0
71,50,74,9,22,8,0,4,1437,0,0,0,0,0,0,0,15,0,0,0,0,0,6,33,0,0,0,0,0,0,0,7,2,0,0,0,0,0,0,0,0,5,30,0,0,0,1,5,0,0,0,0,0,4,0,0,0,0,0,0,0
0,0,0,0,0,1,0,1,1,159,1,0,8,0,10,0,0,2,0,0,1,1,1,0,1,1,0,0,0,0,0,0,0,0,0,0,0,2,0,0,0,0,0,26,0,0,1,1,0,0,1,0,0,0,0,0,0,1,2,1,0
0,0,0,0,0,0,0,0,0,2,966,0,1,57,12,8,0,1,0,3,0,10,0,0,0,3,28,2,0,0,0,0,0,0,0,8,3,11,1,0,1,0,0,0,16,157,2,2,0,0,1,26,2,0,1,0,34,11,0,0,0
0,0,0,0,0,0,0,0,0,0,0,477,3,0,0,0,0,0,0,0,0,0,0,0,0,0,0,0,0,0,0,0,0,44,1,0,0,0,0,0,0,0,0,0,0,0,0,0,13,23,22,0,2,0,0,0,0,0,0,2,3
0,0,0,1,0,2,2,0,0,7,0,11,523,0,23,3,1,0,0,0,0,0,2,0,10,29,0,3,12,1,1,4,1,43,10,1,1,2,1,0,1,2,0,10,6,0,1,0,4,1,113,0,4,0,0,0,0,1,9,5,2
0,0,0,0,0,0,0,2,0,2,168,5,8,2036,46,97,0,0,0,5,1,28,0,0,18,2,154,8,3,5,0,0,0,7,2,41,4,9,46,2,2,0,0,0,29,61,7,0,2,2,1,398,21,1,0,0,40,5,5,7,11
0,1,2,0,0,9,2,0,0,34,23,0,26,25,983,37,2,1,1,5,0,4,0,4,10,7,5,1,9,3,12,6,1,1,0,2,13,14,5,1,29,0,0,22,9,5,5,0,2,0,24,11,56,0,4,1,55,1,3,9,0
0,0,0,0,0,0,0,5,0,0,1,0,7,37,20,1074,0,1,0,1,0,0,2,1,0,0,6,0,0,11,4,12,8,1,0,2,8,10,18,2,89,0,0,0,0,0,5,2,0,0,0,0,3,0,2,6,11,0,8,1,2
10,331,187,2,80,59,2,44,68,0,0,0,1,0,0,0,1321,2,0,3,0,0,108,116,0,0,0,0,0,2,224,118,8,0,0,0,1,0,1,0,1,99,17,0,0,0,4,9,0,0,0,0,0,22,9,15,0,0,6,0,0
6,0,5,12,2,12,0,0,0,0,0,0,0,0,0,0,0,568,0,0,1,0,1,0,0,0,0,0,0,1,0,1,0,0,0,0,47,0,0,1,0,19,9,0,0,0,3,1,0,0,0,0,0,5,3,0,1,13,0,0,0
0,0,0,0,0,3,0,1,0,0,0,0,0,0,0,0,0,0,68,2,0,0,0,0,0,0,0,1,0,0,0,0,0,0,0,0,0,5,3,0,0,0,0,0,0,0,0,0,0,0,0,0,0,0,0,0,0,0,0,0,0
0,0,1,0,0,11,5,0,0,0,0,0,1,1,2,0,0,0,9,411,5,0,0,0,0,0,0,0,0,0,0,10,2,0,0,0,1,11,32,10,2,1,0,0,1,0,3,3,0,0,0,0,1,0,3,2,2,3,1,0,0
0,0,0,0,0,0,0,0,0,0,0,0,0,0,0,0,0,0,0,1,22,0,0,0,0,0,0,0,0,0,0,0,0,0,0,0,0,0,0,6,0,0,0,0,0,0,0,0,0,0,0,0,0,0,1,0,0,0,0,0,0
0,0,0,0,0,1,2,2,0,0,7,0,0,3,6,0,0,1,6,13,0,761,0,0,12,2,0,4,9,0,0,0,2,0,1,8,0,3,2,3,0,0,0,1,25,17,8,0,0,0,5,22,16,0,4,0,11,7,1,1,0
7,18,13,2,1,5,0,394,3,0,0,0,0,0,0,0,37,1,0,0,0,0,907,5,0,0,0,0,0,0,20,6,2,0,0,0,1,0,0,0,0,3,1,0,0,0,0,81,0,0,0,0,0,10,5,10,0,3,2,0,0
0,27,2,0,0,0,0,3,53,0,0,0,0,0,0,0,39,0,0,1,1,0,2,1286,0,0,0,0,0,1,60,38,135,0,0,0,1,0,0,0,0,1,17,0,0,0,1,0,0,0,0,0,0,1,1,41,0,0,1,0,0
0,0,0,0,0,0,1,0,0,2,0,1,0,1,12,0,0,0,0,0,0,6,0,0,1477,0,0,5,1,0,0,0,0,0,4,1,0,0,0,0,0,0,0,16,4,6,1,0,3,5,8,4,104,0,0,0,25,0,0,1,1
0,0,0,0,0,1,0,1,0,10,0,0,35,0,5,0,0,1,0,1,0,1,1,0,1,691,3,0,3,1,0,1,0,4,72,0,2,1,0,0,0,0,2,4,0,0,1,4,2,0,5,0,1,0,0,0,0,1,3,2,0
0,0,0,0,0,0,0,2,0,0,46,0,2,93,9,15,0,0,1,7,0,2,0,0,0,14,1081,3,2,4,0,0,1,0,1,169,0,4,8,11,4,0,0,0,4,20,6,0,0,0,0,28,0,0,1,2,12,0,8,0,0
0,0,0,0,0,0,0,0,0,0,13,0,0,6,1,0,0,0,0,3,0,0,0,0,0,0,1,6179,2,0,0,0,0,0,0,1,0,2,0,0,0,0,0,1,705,3,2,0,0,0,0,9,0,0,0,0,0,0,0,0,0
0,0,3,0,1,1,3,1,1,2,0,0,0,0,5,2,0,1,1,1,1,7,1,0,3,4,0,4,523,49,1,4,2,0,18,0,0,0,0,0,0,0,0,15,3,0,9,0,1,2,14,0,3,0,1,0,2,1,6,4,0
3,4,2,1,1,1,0,5,2,0,0,0,0,0,0,5,14,1,0,1,0,0,3,2,0,0,0,1,39,692,5,5,8,0,3,0,4,3,2,0,2,2,3,2,0,0,4,0,0,0,1,0,0,0,0,2,3,1,14,0,0
0,49,50,2,7,108,2,61,27,0,0,0,0,0,0,0,376,6,3,12,1,0,54,245,0,0,0,0,0,2,1448,574,295,1,1,0,3,0,0,1,1,64,10,0,0,0,2,6,0,0,0,0,0,82,25,188,0,0,55,0,0
3,48,85,0,9,517,131,131,69,0,0,0,1,3,3,5,242,7,9,159,16,2,41,208,1,0,1,0,2,13,587,2620,506,0,1,4,19,5,27,35,7,30,14,0,5,1,22,24,0,0,0,1,0,121,77,287,8,2,31,7,3
0,5,0,0,1,1,2,10,9,0,0,0,0,0,0,0,8,2,4,12,8,0,1,276,0,0,0,1,0,5,149,171,4131,0,0,0,5,0,2,7,0,0,5,0,1,0,5,2,0,0,0,0,0,4,12,197,0,0,173,0,0
0,0,0,0,0,0,0,0,0,0,0,82,31,0,0,3,0,0,0,0,0,1,0,0,1,1,0,0,0,1,0,0,0,704,2,0,0,0,0,0,0,0,0,0,0,0,0,0,11,18,14,0,1,0,0,0,0,0,6,11,14
0,0,0,1,0,0,5,1,0,12,0,13,46,0,19,0,0,0,4,4,0,4,0,0,10,281,0,3,33,2,2,1,0,10,2356,6,2,3,0,0,0,1,0,29,9,0,12,0,35,5,79,1,5,0,0,0,1,2,3,2,1
0,0,0,0,0,0,1,0,0,0,15,1,4,35,2,1,0,0,0,2,0,137,0,0,16,10,236,4,8,3,0,0,0,0,12,3192,0,1,1,2,0,0,0,0,38,182,13,0,0,2,0,300,19,0,0,0,4,0,1,1,1
49,4,39,68,42,37,0,4,98,3,4,0,0,2,24,24,5,297,5,6,3,1,6,22,0,1,0,1,0,3,8,12,30,0,0,0,2694,31,22,7,32,118,117,0,1,2,17,29,0,0,0,0,3,62,63,5,17,202,17,1,0
1,1,0,0,1,7,1,3,0,15,41,0,0,8,19,6,0,2,25,39,4,2,1,3,2,2,3,7,0,2,4,12,2,0,0,0,22,2006,318,53,28,4,3,1,6,13,7,11,0,0,1,4,0,2,6,2,48,19,2,0,0
0,0,6,5,2,11,4,6,1,4,26,0,2,75,44,61,1,3,20,167,6,8,0,4,2,2,27,3,3,11,6,14,0,0,0,3,36,465,3012,410,335,3,1,0,12,6,27,5,1,1,0,33,2,3,12,6,59,12,9,2,0
0,0,0,0,0,0,0,1,0,0,6,0,0,2,0,2,0,0,2,10,1,0,0,0,0,0,27,0,0,2,0,3,4,0,0,2,3,22,72,773,4,0,0,0,6,0,4,0,0,0,0,3,1,0,3,4,2,5,3,0,0
0,0,1,0,0,3,0,3,1,0,0,0,0,0,2,26,0,0,1,2,0,0,1,5,0,0,0,0,0,1,0,2,1,0,0,0,8,14,31,9,380,2,5,0,0,0,1,1,0,0,0,0,0,0,1,1,2,0,2,0,0
27,11,93,76,59,40,0,4,10,0,0,0,0,0,0,0,21,136,1,0,0,0,4,2,0,0,0,0,0,0,3,2,1,0,0,0,20,0,0,0,0,1026,32,0,0,0,0,4,0,0,0,0,0,17,37,5,0,4,0,0,0
0,1,1,14,0,1,0,0,18,0,0,0,0,0,0,0,0,1,0,0,0,0,2,1,0,0,0,0,0,0,0,0,0,0,0,0,5,0,0,0,0,3,446,0,0,0,0,1,0,0,0,0,0,0,1,0,0,1,0,0,0
0,1,1,1,0,2,1,0,0,98,0,4,8,0,23,0,1,1,0,0,0,1,0,0,10,17,0,1,19,0,0,2,0,1,27,0,2,0,0,0,0,0,0,1241,2,1,3,0,2,3,18,0,1,0,0,0,1,0,0,0,0
0,0,0,0,0,1,2,1,0,0,9,0,1,5,1,0,0,0,0,5,0,30,0,0,6,0,3,97,12,2,0,0,0,0,0,12,0,2,1,1,0,0,0,0,436,14,37,0,0,0,1,22,3,0,0,0,3,5,2,0,0
0,0,0,0,0,0,1,0,0,2,74,0,4,18,2,0,0,0,0,0,0,13,0,0,12,0,10,6,0,0,0,0,0,1,0,41,0,3,1,1,0,0,0,2,22,1552,8,0,0,0,1,148,13,0,0,0,11,0,0,0,0
25,42,19,41,29,32,1,15,24,11,11,0,5,15,13,24,31,18,2,15,4,5,8,39,2,6,16,3,27,52,36,41,42,0,28,13,39,22,32,9,8,19,51,8,45,11,1358,8,0,0,4,52,0,4,11,14,11,49,79,0,0
73,21,31,30,21,20,1,253,44,0,2,0,0,3,2,12,25,6,7,3,0,0,469,27,0,1,0,0,0,1,10,36,49,0,0,4,23,19,5,1,10,16,26,0,0,0,11,3271,0,0,0,1,0,24,14,25,34,39,0,0,0
0,0,0,0,0,0,0,0,0,0,0,45,1,0,2,0,0,0,0,0,0,2,0,0,59,0,0,1,0,0,0,0,0,17,1,0,0,0,0,0,0,0,0,0,0,0,0,0,4433,161,40,1,72,0,0,0,0,0,0,702,17
0,0,0,0,0,0,0,0,0,0,0,72,1,0,0,0,0,0,0,0,0,0,0,0,4,0,0,0,1,0,0,0,0,12,0,0,0,0,0,0,0,0,0,0,0,0,0,0,61,1525,6,1,1,0,0,0,0,0,0,8,21
0,0,1,0,1,0,11,0,0,10,0,110,253,1,67,1,1,0,0,1,1,10,0,0,14,15,0,5,14,2,0,0,1,63,43,0,0,0,0,0,0,1,0,57,4,0,14,0,30,5,1848,0,25,0,0,0,0,0,1,13,2
0,0,0,0,0,0,3,0,0,0,71,37,8,309,33,58,0,0,1,7,0,70,0,0,36,2,115,16,3,1,0,0,0,7,3,346,2,16,36,5,2,0,0,0,113,336,61,3,12,2,18,2523,110,0,0,0,24,4,4,20,6
0,0,0,0,0,0,0,0,0,2,1,3,4,0,40,1,0,0,0,0,0,3,0,0,58,1,0,0,2,0,0,0,0,0,0,2,0,0,0,0,0,0,0,6,2,11,0,0,9,0,16,6,367,0,0,0,4,0,0,13,0
5,1,16,13,1,27,1,8,2,0,0,0,0,0,0,0,11,20,1,1,0,0,5,7,0,0,0,0,0,0,28,33,1,0,0,0,0,0,0,0,0,6,8,0,0,0,0,1,0,0,0,0,0,174,9,16,0,2,0,0,0
1,1,3,3,0,8,1,2,1,0,0,0,0,0,0,0,2,12,2,3,0,0,3,0,0,0,0,0,0,0,2,5,0,0,0,1,3,0,0,0,0,10,6,0,0,0,0,0,0,0,0,0,0,8,315,19,0,15,0,0,0
0,3,4,0,0,4,4,21,0,0,0,0,0,0,0,0,12,1,0,9,1,0,10,26,0,0,0,0,0,1,60,80,91,0,0,0,0,2,1,0,1,2,1,0,0,0,1,5,0,0,0,0,0,15,112,933,3,1,11,0,0
0,0,0,0,0,1,0,1,0,16,50,0,3,17,60,32,1,1,1,1,0,11,1,0,94,0,3,0,2,3,1,3,0,0,1,2,14,20,7,1,18,0,0,2,0,13,3,23,2,0,0,5,42,2,2,1,999,12,2,4,1
7,0,4,51,0,15,2,3,6,2,5,0,0,0,2,0,1,25,5,7,2,3,2,4,0,0,0,0,0,1,3,8,4,0,0,0,102,10,2,2,1,5,60,0,0,0,2,36,0,0,0,0,0,28,47,2,9,1741,0,0,0
0,0,1,0,3,3,0,24,0,0,0,0,2,0,0,5,11,0,0,2,0,0,8,5,0,0,1,0,2,6,28,9,77,6,0,0,2,0,0,1,0,3,0,0,0,0,1,0,0,0,0,0,0,1,4,37,0,0,987,0,0
0,0,0,0,0,2,4,0,0,0,0,8,2,0,16,7,0,0,0,0,1,2,0,0,23,1,0,1,1,2,0,1,0,12,0,1,0,0,0,0,0,0,0,1,1,0,0,0,444,41,11,3,45,0,0,0,8,0,0,2163,48
0,0,0,0,0,0,0,0,0,0,0,1,0,0,1,0,0,0,0,0,0,0,0,0,0,0,0,0,0,0,0,0,0,0,0,0,0,0,0,0,0,0,0,0,0,0,0,0,0,8,0,0,0,0,0,0,0,0,0,4,96
