0.65076,0.72345,0.42584,0.6569,0.38534,0.50124,0.36856,0.58361,0.62779,0.45773,0.63045,0.55018,0.51472,0.74371,0.63802,0.71274,0.49261,0.41549,0.34673,0.42564,0.31429,0.66959,0.42824,0.53894,0.79169,0.62184,0.63167,0.97119,0.71409,0.76542,0.51319,0.62819,0.76217,0.73634,0.9075,0.82669,0.85505,0.73878,0.81492,0.58009,0.39372,0.56064,0.44489,0.85458,0.45237,0.63749,0.79906,0.86597,0.87599,0.84663,0.8173,0.69132,0.39107,0.22785,0.366,0.49427,0.67722,0.78253,0.67453,0.72325,0.39316
0.68488
1405,37,134,299,135,6,0,20,130,0,0,0,0,0,0,0,7,5,0,0,0,0,70,0,0,0,0,0,0,0,0,1,0,0,0,0,0,0,0,0,0,38,8,0,0,0,0,9,0,0,0,0,0,4,0,0,0,0,0,0,0
33,2064,75,1,153,6,0,2,116,0,0,0,0,0,0,0,330,0,0,3,0,0,4,75,0,0,0,0,0,1,62,25,13,0,0,0,0,0,1,0,0,17,1,0,0,0,0,0,0,0,0,0,0,1,0,4,0,0,0,0,0
80,66,847,51,74,161,0,11,85,0,0,0,0,0,0,0,81,26,0,0,0,0,9,5,0,0,0,0,0,0,13,33,1,0,0,0,2,1,0,0,0,90,12,0,0,0,1,8,0,0,0,0,0,38,5,2,0,1,0,0,0
319,1,45,1367,32,8,0,8,43,0,0,0,0,0,0,0,0,46,0,0,0,0,24,0,0,0,0,0,0,0,0,0,0,0,0,0,12,0,0,0,0,94,95,0,0,0,2,12,0,0,0,0,0,14,14,0,0,35,0,0,0
31,27,23,3,447,1,0,0,4,0,0,0,0,0,0,0,3,0,0,0,0,0,2,1,0,0,0,0,0,0,1,0,0,0,0,0,3,0,0,0,0,13,0,0,0,0,0,0,0,0,0,0,0,0,0,0,0,0,0,0,0
15,16,234,42,24,1211,28,49,23,0,3,0,0,0,1,1,45,173,27,37,0,0,14,7,0,1,0,0,0,1,22,188,5,0,0,0,49,10,4,1,0,100,24,0,3,0,13,12,0,0,0,1,1,99,60,9,9,16,1,0,0
0,1,0,0,0,8,135,0,0,0,0,0,0,0,0,1,0,1,1,6,0,10,0,1,2,0,1,0,2,1,0,8,0,0,2,1,0,1,0,0,0,0,0,0,3,0,0,0,0,0,0,0,0,0,1,2,0,0,0,3,0
4,8,8,5,1,47,8,1588,10,0,0,0,0,1,0,1,34,4,5,9,0,0,397,1,0,0,1,1,1,1,25,65,6,0,0,0,3,1,1,0,1,8,4,0,1,0,3,207,0,0,0,0,0,23,14,36,2,5,0,0,1
68,55,73,8,22,9,0,4,1437,0,0,0,0,0,0,0,12,0,1,0,0,0,6,35,0,0,0,0,0,0,1,6,2,0,0,0,0,0,0,0,0,4,31,0,0,0,1,3,0,0,0,0,0,5,0,0,0,0,0,0,0
0,0,0,0,0,1,0,0,1,157,1,0,5,0,14,0,0,2,0,0,0,1,0,0,1,2,0,0,1,0,0,0,0,0,0,0,0,1,0,0,0,0,0,27,1,0,2,2,0,0,1,0,0,0,0,0,0,0,2,1,0
0,0,0,0,0,0,0,0,0,3,969,0,0,58,14,6,0,0,1,1,0,11,0,0,0,1,30,2,0,0,0,0,0,0,0,7,2,13,3,0,1,0,0,0,14,156,2,3,0,0,1,24,1,0,1,0,35,10,0,0,0
0,0,0,0,0,0,0,0,0,0,0,466,2,0,0,0,0,0,0,0,0,0,0,0,0,0,0,0,0,0,0,0,0,55,1,0,0,0,0,0,0,0,0,0,0,0,0,0,12,25,21,0,2,0,0,0,0,0,0,2,4
0,0,1,1,0,3,2,0,0,6,0,10,507,0,27,4,0,1,0,1,0,0,2,0,10,25,0,2,12,2,2,4,1,46,11,1,0,2,1,0,1,2,0,10,6,0,2,0,7,0,118,1,7,0,0,0,0,1,9,2,3
0,0,0,0,0,1,1,2,0,1,160,4,7,2040,40,97,0,0,0,4,0,27,0,0,14,2,165,6,4,4,0,0,0,7,2,41,3,10,42,3,2,0,0,0,29,59,9,0,0,3,3,402,24,0,0,0,46,4,6,10,7
0,1,3,0,0,9,3,0,0,28,22,1,35,24,980,35,1,1,0,5,2,3,0,2,9,6,8,3,2,2,11,7,1,0,1,2,14,11,6,0,31,0,0,20,7,8,8,0,2,0,23,8,61,0,3,1,61,1,4,9,0
0,0,0,0,0,0,1,6,0,0,1,0,8,34,22,1052,1,2,0,3,0,0,0,3,0,2,5,0,2,13,3,12,6,0,0,2,7,6,20,3,100,0,0,0,0,0,3,3,0,0,0,1,2,0,0,11,12,2,10,1,1
10,337,182,3,85,60,0,47,74,0,0,0,0,0,0,0,1300,3,0,4,0,0,111,108,0,0,0,0,0,3,222,127,10,0,0,0,2,0,1,0,1,96,17,0,0,0,5,7,0,0,0,0,0,24,10,16,0,0,5,0,0
5,0,5,14,3,13,0,0,0,0,0,0,0,0,0,0,0,558,0,0,1,0,1,0,0,0,0,0,0,0,0,0,0,0,0,0,52,0,0,1,0,22,9,0,0,0,2,1,0,0,0,0,0,6,3,0,0,15,0,0,0
0,0,0,0,0,3,0,0,0,0,0,0,0,0,0,0,0,0,69,2,0,0,0,0,0,0,0,0,0,0,0,1,1,0,0,0,0,4,2,0,0,0,0,0,1,0,0,0,0,0,0,0,0,0,0,0,0,0,0,0,0
0,0,1,0,0,11,4,0,0,0,0,0,0,1,2,0,0,0,3,415,4,0,0,0,0,0,0,0,0,0,2,11,2,0,0,0,1,12,27,13,3,1,0,0,1,0,3,3,0,0,1,0,1,1,3,2,2,3,1,0,0
0,0,0,0,0,0,0,0,0,0,0,0,0,0,0,0,0,0,0,0,22,0,0,0,0,0,0,0,0,0,0,0,0,0,0,0,0,0,1,6,0,0,0,0,0,0,0,0,0,0,0,0,0,0,1,0,0,0,0,0,0
0,0,0,0,0,1,3,2,0,0,5,0,0,2,8,0,0,1,3,14,0,764,0,0,15,3,1,3,9,0,0,0,2,0,0,10,0,3,3,2,0,0,0,1,23,17,8,1,0,0,5,28,14,0,1,0,8,5,1,0,0
7,13,7,2,2,4,0,384,4,0,0,0,0,0,0,0,40,2,0,0,0,0,925,5,0,0,0,0,0,0,19,8,1,0,0,0,0,0,0,0,0,3,2,0,0,0,0,76,0,0,0,0,0,12,4,12,0,3,2,0,0
0,29,2,0,0,0,0,2,52,0,0,0,0,0,0,0,35,0,0,2,2,0,3,1287,0,0,0,0,0,1,67,35,130,0,0,0,0,0,0,0,0,1,16,0,0,0,1,0,0,0,0,0,0,5,0,41,0,0,1,0,0
0,0,0,0,0,0,1,0,0,1,0,2,1,0,15,1,0,0,0,0,0,6,0,0,1467,0,0,2,1,0,0,0,0,1,3,1,0,0,0,0,0,0,0,19,6,8,1,0,3,3,7,3,105,0,0,0,30,0,0,1,1
0,0,0,0,0,0,1,0,0,7,0,0,33,0,8,0,0,1,0,2,0,1,1,0,1,689,3,0,1,2,0,2,0,4,76,0,2,1,0,0,0,0,2,2,0,0,1,4,1,0,6,0,1,0,0,0,0,1,4,3,0
0,0,0,0,0,0,0,2,0,0,47,0,3,90,8,14,0,0,1,5,0,5,0,0,0,10,1089,2,2,4,0,0,0,0,1,163,0,2,9,9,6,0,0,0,6,17,11,0,0,0,0,34,0,0,1,2,10,0,7,0,0
0,0,0,0,0,0,0,0,0,0,16,0,0,8,1,0,0,0,0,3,0,0,0,0,0,0,0,6203,2,0,0,0,0,0,0,0,0,1,0,0,0,0,0,1,679,3,2,0,0,0,0,9,0,0,0,0,0,0,0,0,0
1,0,0,0,1,1,1,0,1,0,0,0,0,0,6,2,0,2,0,1,1,9,2,1,5,4,0,4,527,49,0,3,2,0,19,0,0,0,0,0,0,0,0,16,4,0,6,0,0,2,15,0,1,0,2,1,2,1,3,4,1
2,4,3,1,2,1,0,6,2,0,0,0,0,0,0,3,16,1,0,1,0,0,0,2,0,0,0,1,32,695,5,4,7,0,3,0,6,4,2,0,2,1,4,2,0,0,2,1,0,0,1,0,0,0,0,2,4,2,17,0,0
0,55,52,1,5,102,2,56,23,0,0,0,0,0,0,0,366,4,2,10,1,0,53,249,0,0,0,0,0,2,1459,563,297,0,1,0,3,0,0,1,1,70,12,0,0,0,3,5,0,0,0,0,0,88,24,191,0,0,59,0,1
3,48,82,0,9,515,136,124,68,0,2,0,1,2,1,4,229,7,11,159,17,2,42,209,0,0,1,0,3,15,595,2634,503,0,3,5,23,6,30,33,4,32,10,1,4,0,22,20,1,0,0,1,0,124,67,291,10,0,30,7,4
0,6,0,0,0,1,3,9,8,0,0,0,0,0,0,1,9,2,2,17,6,0,1,267,0,0,0,1,0,5,135,188,4134,0,0,0,5,0,3,3,0,0,5,0,2,0,3,2,0,0,0,0,0,4,12,202,0,0,173,0,0
0,0,0,0,0,0,1,1,0,0,0,79,33,0,0,1,0,0,0,0,0,0,0,0,1,1,0,0,0,1,0,0,0,701,2,0,0,0,0,0,0,0,0,0,0,0,0,0,11,19,19,0,1,0,0,0,0,0,4,11,15
0,0,0,0,0,0,2,1,0,1,0,13,47,0,21,0,0,0,3,4,0,4,0,0,6,303,0,3,37,1,3,0,0,9,2335,5,2,4,0,0,0,1,0,41,10,0,14,0,35,6,75,1,4,0,0,0,2,2,4,3,1
0,0,0,0,0,0,1,0,0,0,15,0,2,37,4,1,0,0,0,2,0,135,0,0,12,8,223,2,11,3,0,0,0,1,6,3215,0,1,0,2,0,0,0,0,45,175,12,0,1,2,0,307,16,0,0,0,3,0,1,1,0
40,1,40,72,48,46,0,3,98,1,4,0,0,1,27,22,7,272,6,4,0,2,5,19,0,1,0,0,0,7,7,13,28,0,0,0,2690,35,23,5,40,122,120,0,2,2,14,29,0,0,0,3,1,66,64,5,18,208,15,2,0
0,1,0,0,1,6,1,3,0,13,41,0,0,7,18,6,0,2,29,32,4,8,1,3,1,2,4,3,0,3,6,12,3,0,0,0,23,2008,325,54,27,4,3,0,8,13,8,8,0,0,0,3,1,3,6,2,43,18,2,0,0
0,0,3,3,1,14,5,6,1,3,27,0,3,71,49,62,0,4,19,164,7,7,0,4,3,3,28,3,2,11,6,12,1,0,0,6,36,461,3025,397,334,3,2,0,13,8,22,4,1,1,0,38,2,2,10,8,60,12,9,2,1
0,0,0,0,0,0,0,1,0,0,5,0,0,3,0,3,0,0,2,8,0,0,0,0,0,0,19,0,0,3,0,3,2,0,0,6,2,17,78,775,6,0,0,0,7,0,3,0,0,0,0,2,1,0,4,5,2,6,4,0,0
0,0,2,0,0,2,0,3,2,0,0,0,0,0,2,25,0,0,0,2,0,0,1,5,0,0,0,0,0,1,1,1,1,0,0,0,6,13,27,6,389,1,5,0,0,0,1,1,0,0,0,0,0,0,3,1,3,0,2,0,0
30,12,95,71,64,43,0,4,11,0,0,0,0,0,0,0,18,143,0,0,0,0,4,2,0,0,0,0,0,0,3,2,1,0,0,0,19,0,0,0,0,1017,29,0,0,0,0,4,0,0,0,0,0,18,35,6,0,4,0,0,0
0,1,2,12,0,1,0,0,17,0,0,0,0,0,0,0,0,1,0,0,0,0,1,1,0,0,0,0,0,0,0,1,0,0,0,0,4,0,0,0,0,3,448,0,0,0,0,1,0,0,0,0,0,1,1,0,0,1,0,0,0
0,1,1,0,0,1,0,0,1,84,0,2,14,0,26,0,1,1,0,0,0,0,0,0,10,16,0,2,21,0,0,2,0,1,30,0,2,0,0,0,0,0,0,1240,2,1,6,0,2,3,21,0,1,0,0,0,1,0,0,0,0
0,0,0,0,0,1,2,1,0,0,9,0,0,4,0,0,0,0,0,3,0,31,0,0,7,0,4,111,12,3,0,0,0,0,1,13,0,1,1,1,0,0,0,0,430,12,36,0,0,0,0,18,3,0,0,0,3,5,2,0,0
0,0,0,0,0,0,0,0,0,2,76,0,5,14,3,0,0,0,0,0,0,16,0,0,10,0,10,7,0,0,0,0,0,0,0,40,0,3,1,1,0,0,0,1,22,1544,9,0,0,0,0,153,15,0,0,0,14,0,0,0,0
22,45,16,38,27,26,1,12,26,11,11,0,7,13,17,21,36,19,3,13,2,5,11,31,2,6,13,1,30,53,36,47,45,0,27,14,31,20,29,11,10,22,48,10,44,11,1360,7,0,0,6,52,0,7,12,11,13,51,87,0,0
74,17,30,24,19,19,2,297,43,0,1,0,0,3,4,10,30,7,4,5,0,0,441,24,0,1,0,0,0,2,18,41,49,0,0,4,23,18,4,1,10,19,27,0,0,0,9,3250,0,0,0,1,0,19,14,29,36,41,0,0,0
0,0,0,0,0,0,0,0,0,0,0,49,1,0,1,0,0,0,0,0,0,2,0,0,57,0,0,1,0,1,0,0,0,20,1,0,0,0,0,0,0,0,0,0,0,0,0,0,4436,152,39,1,81,0,0,0,0,0,0,695,17
0,0,0,0,0,0,0,0,0,0,0,77,2,0,0,0,0,0,0,0,0,0,0,0,4,0,0,0,1,0,0,0,0,9,0,0,0,0,0,0,0,0,0,0,0,0,0,0,59,1518,6,0,1,0,0,0,0,0,0,8,28
0,1,1,0,1,0,8,0,0,9,0,100,247,0,67,1,2,0,0,1,1,11,0,0,13,19,0,7,13,2,0,1,1,66,43,0,0,0,0,0,0,2,0,51,2,0,17,0,30,6,1861,1,21,0,0,0,0,0,1,17,1
0,0,0,0,0,0,0,0,0,0,69,29,10,311,37,62,0,0,2,9,0,65,0,0,35,2,116,15,2,2,0,0,0,12,3,348,1,16,32,3,2,0,0,0,122,366,66,3,8,5,20,2477,113,0,0,0,24,4,5,20,7
0,0,0,0,0,0,0,0,0,1,1,3,7,0,39,1,0,0,0,0,0,2,0,0,55,0,0,0,2,0,0,0,0,0,0,4,0,0,0,0,0,0,0,5,2,10,0,0,9,0,16,5,368,0,0,0,6,0,0,15,0
3,1,15,11,1,30,1,7,2,0,0,0,0,0,0,0,12,19,0,0,0,0,3,6,0,0,0,0,0,0,30,30,2,0,0,0,0,0,0,0,0,7,7,0,0,0,0,1,0,0,0,0,0,180,8,18,0,3,0,0,0
1,2,1,3,0,8,0,4,0,0,0,0,0,0,0,0,2,14,2,5,0,0,0,0,0,0,0,0,0,0,4,7,0,0,0,1,3,0,0,0,0,12,6,0,0,0,0,1,0,0,0,0,0,8,310,19,0,13,0,0,0
0,3,4,0,0,5,6,23,0,0,0,0,0,0,0,0,11,0,1,8,0,0,12,25,0,0,0,0,0,1,61,77,92,0,0,0,0,2,2,0,0,2,1,0,0,0,1,5,0,0,0,0,0,14,98,949,2,1,9,0,0
0,0,0,0,0,1,0,2,0,15,47,0,2,19,57,28,1,1,0,1,0,10,1,0,90,0,2,0,2,5,0,3,0,1,1,0,13,19,8,1,16,0,0,3,1,12,5,25,2,0,0,6,47,1,2,4,1005,14,2,3,0
6,0,1,49,0,26,3,4,7,0,5,0,0,0,0,0,2,18,2,8,0,1,2,5,0,0,0,1,0,1,1,7,4,0,0,0,100,11,1,2,0,5,59,0,0,0,2,35,0,0,0,0,0,23,50,2,10,1756,0,0,0
0,0,1,0,3,3,0,27,0,0,0,0,1,0,0,4,8,0,0,2,0,0,11,5,0,0,1,0,2,5,23,8,71,5,0,0,2,0,0,2,1,2,0,0,0,0,1,0,0,0,0,0,0,0,4,36,0,0,1001,0,0
0,0,0,0,0,1,7,0,0,0,0,11,2,0,16,6,0,0,0,0,0,3,0,0,23,1,0,1,2,2,0,1,0,13,1,0,0,0,0,0,0,0,0,1,1,0,0,0,444,39,12,3,45,0,0,0,8,0,1,2156,49
0,0,0,0,0,0,0,0,0,0,0,1,0,0,1,1,0,0,0,0,0,0,0,0,0,0,0,0,0,0,0,0,0,1,0,0,0,0,0,0,0,0,0,0,0,0,0,0,0,9,0,0,0,0,0,0,0,0,0,5,92
