0.65475,0.72363,0.41487,0.65419,0.39913,0.49754,0.355,0.56736,0.61372,0.39303,0.62127,0.54782,0.51724,0.73436,0.63514,0.70675,0.49725,0.4209,0.27854,0.42589,0.26966,0.68076,0.41678,0.54229,0.7973,0.61698,0.62075,0.97079,0.7139,0.77079,0.51214,0.6282,0.75921,0.74866,0.9061,0.82472,0.85583,0.7375,0.81144,0.58175,0.39463,0.56364,0.43307,0.85185,0.46455,0.63824,0.79965,0.8676,0.87579,0.86207,0.81615,0.70088,0.39177,0.21271,0.34852,0.50421,0.67597,0.78916,0.67447,0.72575,0.37302
0.6833
1392,31,145,296,125,6,0,19,142,0,0,0,0,0,0,0,6,6,0,0,0,0,74,0,0,0,0,0,0,0,1,0,0,0,0,0,2,0,0,0,0,42,10,0,0,0,0,7,0,0,0,0,0,4,0,0,0,0,0,0,0
32,2079,83,3,154,6,0,1,119,0,0,0,0,0,0,0,295,0,1,3,0,0,5,80,0,0,0,0,0,1,69,23,9,0,0,0,1,0,0,1,0,13,1,0,0,0,1,2,0,0,0,0,0,0,0,5,0,0,0,0,0
83,66,865,51,70,159,0,11,80,0,0,0,0,0,0,0,76,26,1,0,0,0,12,3,0,0,0,0,0,0,14,35,1,0,0,0,1,0,0,0,0,85,10,0,0,0,1,7,0,0,0,0,0,37,5,2,0,2,0,0,0
307,0,55,1381,30,8,0,7,47,0,0,0,0,0,0,0,0,47,0,0,0,0,25,0,0,0,0,0,0,0,1,0,0,0,0,0,12,0,0,0,0,92,95,0,0,0,1,8,0,0,0,0,0,10,12,0,0,33,0,0,0
24,24,19,3,457,1,0,1,4,0,0,0,0,0,0,0,5,0,0,0,0,0,4,1,0,0,0,0,0,0,0,0,0,0,0,0,1,0,0,0,0,13,1,0,0,0,1,0,0,0,0,0,0,0,0,0,0,0,0,0,0
19,19,235,34,20,1213,38,52,27,0,2,0,0,0,1,1,43,166,25,38,1,0,15,4,0,0,0,0,1,1,23,189,4,0,0,0,40,7,5,0,0,98,25,0,2,0,19,10,0,0,0,1,1,86,76,8,12,17,1,0,0
0,1,0,0,0,7,142,0,0,0,2,0,0,0,0,2,0,1,0,5,0,9,0,0,2,0,1,1,1,1,0,6,0,0,2,1,0,1,0,0,0,0,0,1,1,0,0,0,0,0,0,0,1,0,1,1,0,0,0,1,0
1,6,12,8,1,47,10,1592,13,0,0,0,0,1,0,1,29,4,6,13,0,0,396,2,0,0,1,1,0,1,25,64,6,0,0,0,1,0,1,0,1,8,4,0,2,0,2,209,0,1,1,0,0,15,14,34,2,6,0,0,0
69,51,76,8,24,6,0,4,1422,0,0,0,0,0,0,0,14,1,1,0,0,0,6,42,0,0,0,0,0,0,1,7,2,0,0,0,0,0,0,0,0,5,31,0,0,0,1,4,0,0,0,0,0,8,0,0,0,0,0,0,0
0,0,0,0,0,1,0,1,1,158,1,0,5,0,12,0,0,1,0,0,0,1,0,0,0,2,0,0,1,0,0,0,0,0,0,0,0,1,0,0,0,0,0,28,1,0,1,2,1,0,1,0,0,1,0,0,0,0,2,1,0
0,0,0,0,0,0,0,0,0,1,958,0,2,58,14,7,0,0,1,1,0,11,0,0,0,1,29,3,0,0,0,0,0,0,0,7,2,8,4,1,2,0,1,0,13,166,1,3,0,0,1,24,1,0,1,0,38,10,0,0,0
0,0,0,0,0,0,0,0,0,0,0,464,3,0,0,0,0,0,0,0,0,0,0,0,0,0,0,0,0,0,0,0,0,49,1,0,0,0,0,0,0,0,0,0,0,0,0,0,10,26,24,0,2,0,0,0,0,0,0,7,4
0,0,1,1,0,2,1,1,0,7,0,12,510,1,28,3,1,0,0,1,1,0,1,0,9,29,0,3,12,3,2,2,0,43,10,1,0,1,0,0,0,2,0,9,9,0,2,0,4,0,121,0,5,0,0,0,0,1,8,5,1
0,0,0,0,0,0,1,1,0,2,175,8,8,2043,47,102,0,0,0,6,0,21,1,0,19,3,165,7,3,5,0,0,0,3,1,43,4,8,35,3,3,0,0,0,25,61,7,0,3,3,1,378,24,1,0,1,44,2,5,8,11
0,2,1,0,1,11,2,1,0,38,25,1,30,23,994,38,3,0,0,8,0,3,0,1,10,7,5,1,4,2,9,6,1,1,2,2,13,11,8,1,26,0,0,17,8,8,7,0,4,0,20,12,44,2,3,1,56,2,3,7,0
0,0,0,0,0,1,0,10,0,0,1,0,9,37,24,1058,0,1,0,1,0,0,1,1,0,1,5,0,4,16,3,14,5,0,0,2,4,8,20,1,85,0,1,0,0,0,4,1,0,0,0,0,2,0,3,9,13,2,12,0,1
10,351,192,4,84,66,0,45,76,0,0,0,0,0,0,0,1265,3,0,5,0,0,119,110,0,0,0,0,0,1,234,124,11,0,0,0,1,0,0,0,2,90,20,0,0,0,6,6,0,0,0,0,0,17,9,12,0,0,7,0,0
5,0,6,12,1,12,0,0,0,0,0,0,0,0,0,0,0,564,2,0,1,0,0,0,0,0,0,0,0,0,0,1,0,0,0,0,51,0,0,1,0,25,9,0,0,0,0,1,0,0,0,0,0,2,4,0,0,14,0,0,0
0,0,0,0,0,4,0,0,0,0,0,0,0,0,0,0,0,0,61,4,0,0,0,0,0,0,0,0,0,0,0,1,1,0,0,0,0,8,3,0,0,0,0,0,1,0,0,0,0,0,0,0,0,0,0,0,0,0,0,0,0
0,0,1,0,0,12,7,0,0,0,0,0,1,1,1,0,0,1,8,408,6,1,0,0,0,0,0,0,0,0,1,11,1,0,0,0,0,13,27,7,5,1,0,0,2,0,3,3,0,0,0,0,1,1,3,2,2,3,1,0,0
0,0,0,0,0,0,0,0,0,0,0,0,0,0,0,0,0,0,0,0,24,0,0,0,0,0,0,0,0,0,0,0,0,0,0,0,0,0,0,5,0,0,0,0,0,0,0,0,0,0,0,0,0,0,1,0,0,0,0,0,0
0,0,0,0,0,1,5,3,0,0,4,1,0,2,6,0,0,1,1,17,0,757,0,0,15,1,1,5,8,0,0,0,2,0,1,6,0,3,3,2,0,0,0,0,24,20,9,0,1,0,4,28,13,0,4,0,9,7,1,1,0
7,16,8,1,2,8,0,400,4,0,0,0,0,0,0,0,29,2,0,0,0,0,914,5,0,0,0,0,0,0,20,13,1,0,0,0,1,0,0,0,0,4,2,0,0,0,0,76,0,0,0,0,0,5,6,11,0,0,2,0,0
0,25,2,0,0,0,0,3,48,0,0,0,0,0,0,0,38,0,0,1,1,0,2,1295,0,0,0,0,1,1,60,39,131,0,0,0,0,0,0,0,0,1,16,0,0,0,1,0,0,0,0,0,0,4,2,40,0,0,1,0,0
0,0,0,0,0,0,1,0,0,2,0,1,0,1,14,0,0,0,0,0,0,6,0,0,1475,0,0,3,1,0,0,0,0,0,3,2,0,0,0,0,0,0,0,16,3,9,2,0,3,4,6,2,108,0,0,0,24,0,0,1,2
0,0,0,0,0,0,0,1,0,9,0,0,40,0,6,0,0,1,0,3,0,0,1,0,2,683,4,0,2,2,0,1,0,4,75,0,2,1,0,0,0,1,2,2,0,0,1,2,2,0,7,0,0,0,0,0,0,1,4,1,0
0,0,0,0,0,0,0,3,0,0,51,0,3,88,14,15,0,0,1,3,1,4,0,0,0,11,1077,2,2,4,0,0,0,0,1,168,0,2,8,13,4,0,0,0,5,19,6,1,0,0,0,31,0,0,1,2,12,0,8,0,0
0,0,0,0,0,0,0,0,0,0,12,0,0,7,2,0,0,0,0,2,1,0,0,0,0,0,1,6181,1,0,0,0,0,0,0,1,0,1,0,0,0,0,0,1,701,2,2,0,0,0,0,13,0,0,0,0,0,0,0,0,0
0,0,0,1,1,1,3,3,0,0,0,2,0,0,5,2,0,0,1,2,0,8,1,0,4,6,0,3,524,52,0,3,1,0,16,0,0,1,0,0,0,0,0,17,5,0,8,0,0,2,11,0,2,1,2,1,1,2,3,5,0
2,6,2,1,2,1,1,7,2,0,1,0,0,0,0,4,15,1,0,2,0,1,0,2,0,0,0,1,38,686,4,6,6,0,2,0,6,4,2,0,1,1,4,2,0,0,3,0,0,0,0,0,0,0,1,2,3,1,18,0,0
0,49,53,2,5,113,2,59,32,0,0,0,0,0,1,0,376,6,1,12,2,0,61,238,0,0,0,0,0,3,1456,562,297,0,1,0,2,0,0,1,1,61,14,0,0,0,5,5,0,0,0,0,0,80,29,174,0,0,58,0,0
1,48,90,0,10,519,136,132,74,0,2,0,1,2,2,3,224,6,7,161,17,1,47,193,1,0,2,0,2,15,583,2629,518,0,3,4,14,3,25,37,4,34,13,1,4,0,22,23,0,0,0,1,0,127,68,293,9,0,28,9,2
0,4,0,0,0,1,3,8,10,0,0,0,0,0,0,1,10,1,3,13,8,0,1,276,0,0,1,1,0,4,146,185,4121,0,0,0,3,0,2,3,0,0,4,0,1,0,6,2,0,0,0,0,0,6,9,209,0,1,166,0,0
0,0,0,0,0,0,1,1,0,0,0,79,35,0,0,3,0,0,0,0,0,0,0,0,0,0,0,0,0,1,0,0,0,700,2,0,0,0,0,0,0,0,0,0,0,0,0,0,11,14,19,0,1,0,1,0,0,0,7,10,16
0,1,0,0,0,3,6,1,0,8,0,11,44,0,22,0,0,1,3,5,0,4,0,0,6,296,0,2,32,0,1,0,0,14,2316,5,2,3,0,0,0,0,0,39,12,0,17,0,42,3,89,1,7,0,0,0,0,3,2,2,0
0,0,0,0,0,0,0,0,0,0,16,1,3,42,6,1,0,0,0,0,0,143,0,0,14,12,233,3,9,4,0,0,0,0,6,3223,0,1,0,2,0,0,0,0,44,158,11,0,1,1,0,286,14,0,0,0,7,0,1,1,1
42,3,44,84,44,46,0,5,107,2,3,0,0,1,23,22,6,270,6,5,0,1,5,24,0,0,0,1,1,5,7,13,30,0,0,0,2695,36,26,5,34,130,116,0,0,2,8,24,0,0,0,4,0,64,63,4,20,187,19,1,0
0,1,0,0,0,5,0,2,0,15,43,0,0,5,22,7,1,4,25,31,0,2,1,3,2,2,4,3,0,4,4,13,2,0,0,0,19,2006,344,45,25,3,5,0,5,15,8,8,0,0,0,4,0,4,6,1,47,20,3,0,0
0,1,5,2,1,14,4,7,1,3,21,0,1,87,43,64,1,2,29,147,11,7,0,4,0,2,30,1,0,12,6,14,6,0,0,2,35,464,3021,390,347,3,4,0,11,7,25,5,1,0,0,25,3,3,11,9,63,12,8,4,0
0,0,0,0,0,0,0,1,0,0,7,0,0,2,0,4,0,0,5,6,3,0,0,0,0,0,26,0,0,1,0,3,2,0,0,6,4,20,84,765,5,0,0,0,3,0,3,0,0,0,0,2,1,0,3,4,1,3,3,0,0
0,0,1,0,0,4,0,3,2,0,0,0,0,0,1,27,0,1,0,0,1,0,1,4,0,0,0,0,1,2,1,2,1,0,0,0,6,14,26,6,382,1,7,0,0,0,2,0,0,0,0,0,0,0,3,0,5,0,2,0,0
28,12,102,75,63,42,0,4,11,0,0,0,0,0,0,0,15,133,1,0,0,0,5,1,0,0,0,0,0,0,5,3,1,0,0,0,19,0,0,0,0,1023,29,0,0,0,1,2,0,0,0,0,0,13,38,5,0,4,0,0,0
0,0,2,13,0,1,0,0,20,0,0,0,0,0,0,0,0,2,0,0,0,0,1,2,0,0,0,0,0,0,0,2,0,0,0,0,5,0,0,0,0,4,440,0,0,0,0,1,0,0,0,0,0,1,0,0,0,2,0,0,0
0,1,1,1,0,4,3,0,2,113,0,2,14,0,24,0,1,1,0,0,0,0,0,0,10,16,0,2,24,0,0,3,0,1,31,0,2,0,0,0,0,0,0,1196,2,1,8,0,3,4,22,0,1,0,0,0,0,0,0,0,0
0,0,0,0,0,0,0,1,0,0,8,0,0,4,2,0,0,0,1,4,0,30,0,0,5,0,3,106,13,2,0,1,0,0,2,11,0,2,3,1,0,0,0,0,431,15,36,0,0,0,0,21,3,0,0,0,3,4,1,1,0
0,0,0,0,0,0,0,0,0,3,78,0,2,17,2,0,0,0,0,0,0,16,0,0,12,1,11,8,0,0,0,0,0,1,0,34,0,4,1,1,0,0,0,2,20,1549,7,0,0,0,0,147,15,0,0,0,15,0,0,0,0
17,46,25,41,25,26,3,15,22,11,15,0,4,10,21,21,31,18,2,11,6,6,11,33,1,8,16,3,26,46,34,50,39,0,29,17,32,26,29,13,8,21,51,8,40,10,1361,6,0,0,3,56,0,7,14,13,10,51,81,0,0
77,23,27,26,22,17,1,334,40,0,1,0,0,3,3,8,25,6,8,3,1,0,447,21,0,1,0,0,0,1,18,36,50,0,0,4,23,18,6,1,9,21,26,0,0,0,8,3211,0,0,0,1,0,30,18,18,33,43,0,0,1
0,0,0,0,0,0,0,0,0,0,0,42,1,0,2,0,0,0,0,0,0,2,0,0,51,0,0,0,0,0,0,0,0,18,1,0,0,0,0,0,0,0,0,0,0,0,0,0,4456,138,39,0,88,0,0,0,0,0,0,691,25
0,0,0,0,0,0,1,0,0,0,0,69,2,0,0,0,0,0,0,0,0,0,0,0,4,0,0,0,1,0,0,0,0,12,0,0,0,0,0,0,0,0,0,0,1,0,0,0,62,1525,5,0,1,0,0,0,0,0,0,7,23
0,1,1,0,1,2,9,0,0,10,0,109,244,0,74,1,1,0,0,0,0,10,0,0,17,20,0,6,12,2,0,1,1,57,43,0,0,0,0,0,0,0,0,55,7,1,13,0,26,3,1860,1,19,0,0,0,0,0,1,15,2
0,0,0,0,0,0,2,0,0,0,60,34,9,333,37,61,0,0,0,12,0,49,0,0,31,3,117,19,3,0,0,0,0,10,5,364,2,15,30,5,3,0,0,0,125,358,62,3,12,4,17,2472,111,0,0,0,22,2,4,21,6
0,0,0,0,0,0,0,0,0,1,1,2,7,0,42,1,0,0,0,0,0,1,0,0,58,0,0,0,2,0,0,0,0,1,0,2,0,0,0,0,0,0,0,7,1,13,0,0,10,0,14,8,362,0,0,0,6,0,0,12,0
4,1,20,14,0,31,2,12,5,0,0,0,0,0,0,0,13,24,1,1,0,0,2,6,0,0,0,0,0,0,31,27,2,0,0,0,2,0,0,0,0,8,6,0,0,0,0,1,0,0,0,0,0,154,9,18,0,3,0,0,0
0,1,1,3,0,9,1,1,0,0,0,0,0,0,0,0,3,15,4,3,0,0,3,0,0,0,0,0,0,0,3,7,0,0,0,0,5,0,0,0,0,15,5,0,0,0,1,0,0,0,0,0,0,7,306,22,0,11,0,0,0
0,2,3,0,0,4,7,20,1,0,0,0,0,0,0,0,8,0,4,12,1,0,16,25,0,0,0,0,0,1,56,73,89,0,0,0,0,2,1,1,1,3,1,0,0,0,1,5,0,0,0,0,0,13,93,959,2,1,10,0,0
0,0,2,0,0,1,0,3,0,17,50,0,3,14,56,31,1,1,3,1,0,12,1,0,84,1,2,0,2,4,1,2,0,0,1,2,15,21,7,1,19,0,0,1,0,13,4,27,2,0,0,6,49,0,3,3,993,13,2,4,0
6,0,3,46,0,20,2,3,5,2,5,0,0,0,1,0,0,23,6,7,2,4,3,7,0,0,0,0,0,0,1,7,4,0,1,0,120,7,1,2,1,5,62,0,0,0,2,36,0,0,0,0,0,20,51,2,9,1733,0,0,0
0,2,2,0,2,2,0,28,0,0,0,0,3,0,0,5,9,0,1,1,0,0,11,5,0,0,1,0,2,5,23,7,83,6,0,0,2,0,1,1,0,2,1,0,0,0,1,0,0,0,0,0,0,1,5,37,0,0,980,0,0
0,0,0,0,0,1,6,0,0,0,0,9,2,0,12,4,0,0,0,0,1,2,0,0,18,1,0,1,1,2,0,0,0,14,1,1,0,0,0,0,0,0,0,2,0,0,1,0,434,32,14,3,45,0,0,0,8,0,1,2170,63
0,0,0,0,0,0,0,0,0,0,0,0,0,0,1,0,0,0,0,0,0,0,0,0,0,0,0,0,0,0,0,0,0,1,0,0,0,0,0,0,0,0,0,0,0,0,0,0,0,9,0,0,0,0,0,0,0,0,0,5,94
