0.64998,0.72151,0.4141,0.65916,0.40373,0.51253,0.35904,0.58996,0.62429,0.41985,0.61519,0.5625,0.52135,0.7402,0.65206,0.70526,0.48976,0.4122,0.33,0.42536,0.3038,0.66872,0.42235,0.54105,0.79598,0.63211,0.62544,0.9713,0.72943,0.7629,0.50833,0.6283,0.76106,0.73426,0.91186,0.82706,0.85116,0.7278,0.81575,0.58108,0.38596,0.5733,0.44235,0.86168,0.4707,0.64333,0.79777,0.86887,0.87406,0.84739,0.81624,0.69193,0.39094,0.21067,0.34637,0.51646,0.6678,0.78664,0.67329,0.72507,0.38589
0.68484
1402,34,142,292,139,7,0,21,126,0,0,0,0,0,0,0,3,7,0,0,0,0,74,0,0,0,0,0,0,0,1,0,0,0,0,0,1,0,0,0,0,38,8,0,0,0,0,10,0,0,0,0,0,3,0,0,0,0,0,0,0
35,2083,80,1,141,4,0,1,121,0,0,0,0,0,0,0,319,0,0,3,0,0,5,71,0,0,0,0,0,1,66,22,11,0,0,0,1,0,1,0,0,14,1,0,0,0,1,1,0,0,0,0,0,0,0,4,0,0,0,0,0
81,68,846,53,74,156,0,11,84,0,0,0,0,0,0,0,79,29,1,0,0,0,8,5,0,0,0,0,0,0,16,36,1,0,0,0,2,1,0,0,0,86,11,0,0,0,1,7,0,0,0,0,0,39,5,2,0,1,0,0,0
308,0,47,1375,23,6,0,8,45,0,0,0,0,0,0,0,0,52,0,0,0,0,26,0,0,0,0,0,0,0,0,0,0,0,0,0,14,0,0,0,0,92,104,0,0,0,1,11,0,0,0,0,0,16,9,0,0,34,0,0,0
29,21,17,3,455,1,0,1,4,0,0,0,0,0,0,0,7,0,0,0,0,0,2,1,0,0,0,0,0,0,0,0,0,0,0,0,2,0,0,0,0,15,0,0,0,0,1,0,0,0,0,0,0,0,0,0,0,0,0,0,0
17,20,229,33,21,1227,36,44,22,0,3,0,0,0,1,1,45,164,23,42,1,0,16,5,0,0,0,0,2,1,18,192,4,0,0,0,44,8,6,0,2,91,22,0,1,0,19,11,0,0,0,1,1,98,71,8,10,18,1,0,0
0,1,0,0,0,7,135,0,0,0,2,0,0,0,0,2,0,1,0,4,0,14,0,0,1,0,0,0,2,0,0,9,0,0,3,1,0,0,0,0,0,0,0,1,2,0,0,0,1,0,0,0,0,0,2,1,0,0,0,1,1
5,7,12,6,1,48,12,1587,12,0,1,0,0,0,0,1,33,3,3,9,0,0,399,2,0,0,0,1,0,1,28,68,5,0,0,0,2,1,1,0,1,4,5,0,1,0,4,201,0,0,1,0,0,18,15,35,2,5,0,0,1
66,53,75,7,24,6,0,5,1434,0,0,0,0,0,0,0,15,0,1,0,0,0,7,37,0,0,0,0,0,0,1,6,2,0,0,0,0,0,0,0,0,6,28,0,0,0,1,2,0,0,0,0,0,7,0,0,0,0,0,0,0
0,0,0,0,0,1,0,1,1,165,1,0,7,0,11,0,0,2,0,0,0,1,0,0,0,1,0,0,0,0,1,0,0,0,0,0,0,1,0,0,0,0,0,21,1,0,1,2,0,0,1,0,0,0,0,0,0,1,2,1,0
0,0,0,0,0,0,0,0,0,1,980,0,4,55,11,6,0,1,2,0,0,12,0,0,0,1,27,1,0,0,0,0,0,0,0,5,2,8,1,1,1,0,0,0,15,158,2,2,0,0,1,22,1,0,1,0,39,9,0,0,0
0,0,0,0,0,0,0,0,0,0,0,468,2,0,0,0,0,0,0,0,0,0,0,0,0,0,0,0,0,0,0,0,0,49,1,0,0,0,0,0,0,0,0,0,0,0,0,0,14,26,24,0,2,0,0,0,0,0,0,1,3
0,0,1,0,0,3,1,0,0,2,0,12,525,1,30,4,0,0,0,3,0,1,2,0,10,24,0,2,15,2,2,3,1,42,9,1,1,0,1,0,0,1,0,11,5,0,2,0,5,1,109,1,5,0,0,0,0,1,7,5,2
0,0,0,0,0,0,1,2,0,2,169,5,8,2040,39,101,0,0,1,5,1,27,0,0,14,2,162,6,3,5,0,0,0,6,1,37,5,8,39,3,2,0,0,0,29,58,9,0,2,3,1,407,19,1,0,1,43,3,5,6,10
0,2,1,0,0,9,3,0,0,35,24,1,35,25,982,38,2,0,0,6,0,2,0,3,10,7,6,4,5,4,10,5,1,0,3,2,11,14,7,1,32,0,0,17,8,8,5,0,2,0,20,9,54,0,4,0,52,3,3,10,0
0,0,0,0,0,2,0,5,1,0,3,0,6,37,25,1060,0,1,0,0,1,0,4,0,0,0,4,0,0,12,2,9,6,0,0,2,9,11,17,3,91,0,0,0,0,0,6,4,1,0,0,1,2,1,0,8,13,0,12,1,0
10,342,186,2,87,51,2,44,70,0,0,0,2,0,0,0,1291,3,0,3,0,0,121,110,0,0,0,0,0,2,223,128,7,0,0,0,0,1,2,0,1,97,18,0,0,0,4,9,0,0,0,0,0,25,7,15,0,0,7,0,0
5,0,4,14,2,13,0,0,0,0,0,0,0,0,0,0,0,561,0,0,1,0,0,0,0,0,0,0,0,0,0,1,0,0,0,0,52,0,0,1,0,23,9,0,0,0,2,1,0,0,0,0,0,4,3,0,1,14,0,0,0
0,0,0,0,0,4,0,0,0,0,0,0,0,0,0,0,0,0,66,3,0,0,0,0,0,0,0,0,0,0,0,1,0,0,0,0,0,6,2,0,0,0,0,0,1,0,0,0,0,0,0,0,0,0,0,0,0,0,0,0,0
0,1,1,0,0,11,6,0,0,0,0,0,1,0,4,0,0,0,7,416,1,1,0,0,0,0,0,0,0,0,1,8,1,0,0,0,1,13,26,10,3,1,0,0,1,0,3,3,0,0,0,0,0,1,4,2,2,4,1,0,0
0,0,0,0,0,0,0,0,0,0,0,0,0,0,0,0,0,0,0,0,24,0,0,0,0,0,0,0,0,0,0,0,0,0,0,0,0,0,0,5,0,0,0,0,0,0,0,0,0,0,0,0,0,0,1,0,0,0,0,0,0
0,0,0,0,0,1,7,2,0,0,4,0,0,2,5,0,0,2,3,11,0,759,0,0,15,2,0,3,7,0,0,0,2,0,1,8,1,4,3,3,0,0,0,1,22,17,9,0,0,0,5,30,16,0,3,0,10,7,1,0,0
8,14,10,2,2,4,0,384,5,0,0,0,0,0,0,0,41,1,0,0,0,0,922,5,0,0,0,0,0,0,20,6,2,0,0,0,1,0,0,0,0,2,3,0,0,0,0,74,0,0,0,0,0,10,7,10,0,2,2,0,0
0,25,2,0,0,0,0,3,51,0,0,0,0,0,0,0,44,0,0,1,1,0,2,1285,0,0,0,0,0,0,69,36,132,0,0,0,0,0,0,0,0,1,16,0,0,0,1,0,0,0,0,0,0,4,2,35,0,0,2,0,0
0,0,0,0,0,0,1,0,0,1,0,2,1,0,13,0,0,0,0,0,0,3,0,0,1467,0,0,4,2,0,0,0,0,0,3,2,0,0,0,0,0,0,0,15,3,8,0,0,2,5,7,2,114,0,0,0,31,0,0,2,1
0,0,0,0,0,0,1,0,0,9,0,0,34,0,6,0,1,1,0,1,0,1,1,0,1,689,4,0,2,3,0,1,0,4,71,0,2,1,0,0,0,0,2,3,0,0,1,3,1,0,9,0,1,0,0,1,0,1,4,1,0
0,0,0,0,0,0,0,0,0,0,53,0,3,83,7,18,0,0,1,6,1,7,2,0,0,7,1077,3,1,3,0,0,0,0,1,170,0,2,3,13,3,0,0,0,4,18,8,0,0,0,0,37,0,0,1,2,16,0,10,0,0
0,0,0,0,0,0,0,0,0,0,21,0,0,7,2,0,0,0,0,3,0,0,0,0,0,0,1,6160,2,0,0,0,0,0,0,0,0,2,0,0,0,0,0,1,715,3,2,0,0,0,0,9,0,0,0,0,0,0,0,0,0
0,0,1,0,1,1,2,1,1,0,0,0,0,0,6,2,0,1,1,4,1,9,1,0,3,6,0,3,523,50,0,4,1,0,17,0,0,0,0,0,0,0,0,17,4,0,5,0,0,2,18,0,1,0,3,0,1,1,3,6,0
2,8,1,1,1,0,1,6,2,0,1,0,0,0,0,4,13,2,1,1,0,0,0,1,0,0,0,1,35,695,3,5,8,0,3,0,8,3,2,0,2,0,4,2,0,0,4,1,0,0,0,0,0,0,1,2,3,1,12,0,1
0,59,53,2,6,106,2,63,28,0,0,0,0,0,0,0,369,6,3,11,2,0,50,248,0,0,0,0,0,2,1464,562,295,1,1,0,3,0,0,1,1,63,11,0,0,0,4,6,0,0,0,0,0,88,24,168,0,0,59,0,0
4,49,88,1,7,503,121,119,69,0,1,0,1,2,1,4,235,4,6,169,21,2,46,199,1,1,1,0,1,15,613,2642,507,0,2,5,22,3,28,35,8,26,10,1,3,0,24,24,0,0,0,2,0,131,72,277,9,0,26,6,3
0,5,0,0,0,1,2,9,10,0,0,0,0,0,0,0,11,2,3,15,6,0,1,275,0,0,0,1,0,5,140,193,4128,0,0,0,3,0,2,3,0,0,5,0,1,0,7,3,0,0,0,0,0,4,14,182,0,0,178,0,0
0,0,0,0,0,0,1,0,0,0,0,81,39,0,0,2,0,0,0,0,0,0,0,0,1,0,0,0,0,1,0,0,0,688,2,0,0,0,0,0,0,0,0,0,0,0,0,0,11,20,19,0,1,0,1,0,0,0,6,12,16
0,0,0,0,0,1,5,1,0,8,0,12,44,0,21,0,0,1,1,4,0,5,0,0,7,296,0,3,31,0,3,0,0,9,2338,6,1,3,0,0,0,1,0,39,11,0,14,0,37,6,80,2,3,0,1,0,1,2,2,3,1
0,0,0,0,0,0,0,0,0,0,19,0,0,28,3,1,0,0,0,1,0,139,0,0,12,9,234,5,9,5,0,0,0,0,6,3209,0,1,1,2,0,0,0,0,42,171,10,0,0,1,0,309,15,0,0,0,8,0,1,1,2
47,4,49,77,39,37,0,5,99,1,6,0,0,2,22,20,7,286,4,6,0,1,5,18,0,1,0,0,0,7,8,10,34,1,0,0,2705,32,22,8,40,114,109,0,1,2,13,25,0,0,0,3,0,62,68,2,19,199,18,0,0
0,1,0,0,1,5,1,2,0,16,44,0,0,6,18,7,1,4,28,33,1,3,1,4,0,0,5,5,0,3,5,12,2,0,0,0,21,2008,327,46,29,1,3,0,5,14,7,11,0,0,1,4,0,1,8,1,48,24,2,0,0
0,0,6,3,4,8,5,6,1,6,27,0,2,79,40,62,0,3,22,153,9,3,0,4,1,1,29,3,1,11,10,12,5,0,0,4,40,488,2993,398,329,3,1,0,16,6,28,4,1,1,0,39,4,2,11,9,62,13,8,2,1
0,0,0,0,0,0,0,0,0,0,5,0,0,5,0,2,0,0,3,8,1,0,0,0,0,0,25,0,0,3,0,3,1,0,0,5,2,24,75,774,6,0,0,0,4,0,4,0,0,0,0,2,0,0,3,4,2,3,3,0,0
0,0,1,0,0,4,0,3,2,0,0,0,0,0,1,31,1,0,1,3,0,0,0,6,0,0,0,0,0,2,1,2,1,0,0,0,5,15,32,6,374,2,2,0,0,0,1,1,0,0,0,0,0,0,3,0,4,0,2,0,0
32,10,99,72,59,43,0,4,9,0,0,0,0,0,0,0,22,138,1,0,0,0,4,2,0,0,0,0,0,0,3,3,1,0,0,0,22,0,0,0,0,1009,33,0,0,0,0,4,0,0,0,0,0,18,39,4,0,4,0,0,0
0,0,2,13,0,1,0,0,22,0,0,0,0,0,0,0,0,0,0,0,0,0,1,1,0,0,0,0,0,0,0,1,0,0,0,0,3,0,0,0,0,4,445,0,0,0,0,1,0,0,0,0,0,1,1,0,0,0,0,0,0
0,2,1,1,0,2,1,0,2,100,0,2,8,0,25,0,1,1,0,0,0,1,0,0,11,14,0,1,19,0,0,2,0,1,30,0,2,0,0,0,0,0,0,1221,3,1,7,0,2,3,25,0,3,0,0,0,1,0,0,0,0
0,0,0,0,0,0,2,1,0,0,12,0,1,7,1,0,0,0,1,4,0,31,0,0,4,0,2,102,12,2,0,0,0,0,1,12,0,1,3,1,0,0,0,0,427,14,38,0,0,0,1,19,4,0,0,0,3,5,2,1,0
0,0,0,0,0,0,0,0,0,2,76,0,5,15,2,0,0,0,0,0,0,13,0,0,12,0,12,7,0,0,0,0,0,0,0,45,0,2,1,1,0,0,0,2,21,1553,9,0,0,0,0,143,13,0,0,0,12,0,0,0,0
23,48,24,37,20,32,1,12,23,13,13,0,7,10,16,25,33,19,2,15,4,6,9,33,1,9,16,1,24,57,31,49,49,0,25,11,35,24,26,10,11,17,49,4,47,10,1357,7,0,0,5,57,1,7,10,12,12,49,80,0,1
71,23,31,31,18,23,1,277,42,0,1,0,1,2,2,16,31,8,7,2,0,1,446,19,0,1,0,0,0,2,18,40,48,0,0,4,23,20,5,1,9,17,32,0,0,0,9,3260,0,0,0,1,0,13,18,23,33,40,0,0,0
0,0,0,0,0,0,0,0,0,0,0,41,2,0,1,0,0,0,0,0,0,2,0,0,58,0,0,0,0,1,0,0,0,25,1,0,0,0,0,0,0,0,0,0,0,0,0,0,4435,150,39,1,84,0,0,0,0,0,0,694,20
0,0,0,0,0,0,1,0,0,0,0,68,1,0,0,0,0,0,0,0,0,0,0,0,4,0,0,0,1,0,0,0,0,14,0,0,0,0,0,0,0,0,0,0,0,0,0,0,63,1527,4,0,2,0,0,0,0,0,0,5,23
0,0,0,0,0,1,10,0,0,12,0,95,245,0,72,1,0,0,0,1,1,9,1,0,13,15,0,7,13,2,0,2,1,64,39,0,0,0,0,0,0,2,0,51,5,0,13,0,26,8,1870,1,26,0,0,0,0,0,1,17,1
0,0,0,0,0,0,1,0,0,0,67,30,9,335,31,57,0,0,1,10,0,64,0,0,34,3,114,18,1,1,0,0,0,11,4,346,1,14,32,3,2,0,0,0,116,345,56,3,12,3,21,2511,106,0,0,0,24,4,4,20,9
0,0,0,0,0,0,0,0,0,2,1,2,7,0,37,1,0,0,0,0,0,2,0,0,51,0,0,0,2,0,0,0,0,0,0,2,0,0,0,0,0,0,0,6,3,11,0,0,9,0,14,8,371,0,0,0,8,0,0,14,0
4,1,23,12,0,32,1,9,6,0,0,0,0,0,0,0,8,19,1,1,1,0,2,7,0,0,0,0,0,0,32,31,2,0,0,0,0,0,0,0,0,9,10,0,0,0,0,0,0,0,0,0,0,158,8,18,0,2,0,0,0
1,1,4,2,0,8,1,3,0,0,0,0,0,0,0,0,1,14,2,4,0,0,2,0,0,0,0,0,0,0,3,5,0,0,0,1,2,1,0,0,0,12,7,0,0,0,1,0,0,0,0,0,0,6,310,21,0,14,0,0,0
0,3,3,0,0,4,5,24,0,0,0,0,0,0,0,0,11,0,0,7,1,0,9,22,0,0,0,0,0,1,60,77,86,0,0,0,0,4,2,0,1,3,1,0,0,0,1,6,0,0,0,0,0,9,104,957,2,1,11,0,0
0,0,1,0,0,1,0,1,0,17,54,0,3,15,57,30,2,1,0,1,0,11,1,0,95,0,2,0,2,5,0,3,0,0,1,1,15,26,7,0,21,0,0,2,1,17,4,22,2,0,0,5,51,0,0,1,985,11,2,2,0
7,0,2,46,0,16,2,4,5,1,5,0,0,0,0,0,1,24,4,7,0,3,4,5,0,0,0,0,0,0,3,8,3,0,0,0,112,9,1,2,0,3,57,0,1,0,1,32,0,0,0,0,0,22,53,2,9,1755,0,0,0
0,2,1,0,2,2,0,21,0,0,0,0,1,0,0,3,9,0,0,2,0,0,9,7,0,0,1,0,2,5,25,7,77,6,0,0,2,0,1,1,0,3,0,0,0,0,1,1,0,0,0,0,0,1,8,46,0,0,983,0,0
0,0,0,0,0,2,5,0,0,0,0,12,3,0,13,4,0,0,0,0,0,2,0,0,17,1,0,1,0,2,0,1,0,15,1,1,0,0,0,0,0,0,0,2,0,0,0,0,448,37,16,3,49,0,0,0,10,0,0,2152,52
0,0,0,0,0,0,0,0,0,0,0,1,0,0,1,0,0,0,0,0,0,0,0,0,0,0,0,0,0,0,0,0,0,1,0,0,0,0,0,0,0,0,0,0,0,0,0,0,0,9,0,0,0,0,0,0,0,0,0,5,93
