0.64778,0.72819,0.41349,0.66105,0.39545,0.5031,0.35294,0.58419,0.62752,0.42377,0.63252,0.55059,0.519,0.73398,0.65421,0.70238,0.50174,0.41185,0.36842,0.41889,0.25287,0.67284,0.42076,0.53564,0.79568,0.62353,0.62931,0.97062,0.73288,0.77,0.50834,0.62468,0.76127,0.72878,0.90906,0.82822,0.85427,0.74215,0.81424,0.57185,0.39244,0.56657,0.448,0.86657,0.47169,0.6285,0.79917,0.86793,0.87397,0.84922,0.82174,0.70087,0.41455,0.2153,0.36299,0.49476,0.66887,0.78613,0.6751,0.72385,0.37917
0.68511
1429,36,145,278,128,6,0,18,125,0,0,0,0,0,0,0,6,7,0,0,0,0,73,0,0,0,0,0,0,0,1,0,0,0,0,0,0,0,0,0,0,39,9,0,0,0,0,5,0,0,0,0,0,3,0,0,0,0,0,0,0
35,2087,81,2,154,3,0,0,116,0,0,0,0,0,0,0,298,0,0,3,0,0,6,74,0,0,0,0,0,1,67,26,10,0,0,0,2,0,1,1,0,14,1,0,0,0,0,0,0,0,0,0,0,0,1,4,0,0,0,0,0
78,68,846,51,71,164,0,10,83,0,0,0,0,0,0,0,82,27,0,1,0,0,13,4,0,0,0,0,0,0,14,35,1,0,0,0,2,0,0,0,0,87,13,0,0,0,0,7,0,0,0,0,0,37,6,2,0,1,0,0,0
319,0,48,1373,29,6,0,8,43,0,0,0,0,0,0,0,1,53,0,0,0,0,21,0,0,0,0,0,0,0,0,0,0,0,0,0,13,0,0,0,0,91,99,0,0,0,1,12,0,0,0,0,0,13,11,0,0,30,0,0,0
31,24,18,3,452,1,0,0,4,0,0,0,0,0,0,0,5,1,0,0,0,0,2,1,0,0,0,0,0,0,1,0,0,0,0,0,2,0,0,0,0,13,0,0,0,0,1,0,0,0,0,0,0,0,0,0,0,0,0,0,0
22,23,242,36,22,1217,39,48,23,0,3,0,0,0,0,2,40,165,24,32,1,0,17,7,0,0,0,0,1,1,20,186,6,0,0,0,46,8,5,0,1,89,22,0,3,0,17,9,0,0,0,1,1,96,62,11,12,17,2,0,0
0,1,0,0,0,8,138,0,0,0,0,0,0,0,0,1,0,0,2,5,0,9,0,0,2,0,2,1,1,2,0,7,0,0,3,1,0,0,0,0,0,0,0,1,3,0,0,0,0,0,0,0,0,0,0,1,1,0,0,1,1
4,7,9,9,1,49,12,1596,11,0,0,0,0,0,0,2,37,4,3,9,0,0,392,2,0,0,1,1,0,1,30,61,4,0,0,0,3,1,1,0,1,5,4,0,2,0,3,199,0,1,1,0,0,20,11,36,1,7,0,0,0
71,52,72,7,24,7,0,5,1432,0,0,0,0,0,0,0,14,0,1,0,0,0,6,35,0,0,0,0,0,0,1,6,2,0,0,0,0,0,0,0,0,5,32,0,0,0,1,3,0,0,0,0,0,7,0,0,0,0,0,0,0
0,0,0,0,0,1,0,1,1,164,1,0,5,0,14,0,0,2,0,0,0,1,0,0,1,1,0,0,0,0,0,0,0,0,1,0,0,2,0,0,0,0,0,19,1,0,1,2,0,0,1,0,0,0,0,0,0,1,2,1,0
0,0,0,0,0,0,0,0,0,1,957,0,2,59,13,6,0,1,2,1,0,12,0,0,0,2,27,2,0,0,0,0,0,0,0,9,2,11,1,1,1,0,0,0,13,163,2,3,0,0,1,25,2,0,1,0,40,9,0,0,0
0,0,0,0,0,0,0,0,0,0,0,468,3,0,0,0,0,0,0,0,0,0,0,0,0,0,0,0,0,0,0,0,0,52,1,0,0,0,0,0,0,0,0,0,0,0,0,0,13,25,21,0,2,0,0,0,0,0,0,2,3
0,0,1,1,0,2,2,0,0,10,0,10,519,0,28,4,0,0,0,1,0,1,2,0,11,23,0,3,12,5,1,5,1,37,10,1,0,2,0,0,0,1,0,9,5,0,1,0,5,1,115,1,5,0,0,0,0,1,9,5,3
0,0,0,0,0,1,0,2,0,4,158,6,8,2050,37,105,0,0,0,6,0,29,0,0,11,2,159,7,2,5,0,0,0,9,1,35,4,7,40,4,1,0,0,0,25,62,7,0,1,2,1,407,23,0,0,1,42,4,5,8,10
0,0,1,0,0,11,2,0,0,31,23,0,40,28,980,45,1,0,0,8,1,3,0,4,6,8,6,3,6,3,9,6,1,1,2,2,12,10,7,2,25,0,0,18,8,8,6,0,2,0,21,10,39,1,2,1,66,3,3,10,0
0,0,2,0,0,0,0,8,0,0,1,0,7,41,23,1062,0,1,0,0,0,1,2,2,0,0,4,0,3,12,3,12,5,0,0,2,6,8,17,3,81,0,0,0,0,0,8,4,0,0,0,2,3,0,0,10,14,0,10,1,2
8,334,186,2,90,55,1,44,74,0,0,0,1,0,0,0,1298,2,1,2,0,0,115,109,0,0,0,0,0,1,211,146,10,0,0,0,0,0,2,0,1,98,18,0,0,0,5,6,0,0,0,0,0,21,10,14,0,0,5,0,0
5,0,6,14,1,14,0,0,0,0,0,0,0,0,0,0,0,563,0,0,1,0,0,0,0,0,0,0,0,0,0,1,0,0,0,0,50,0,0,1,0,21,8,0,0,0,3,1,0,0,0,0,0,3,3,0,0,16,0,0,0
0,0,0,0,0,4,0,0,0,0,0,0,0,0,0,0,0,0,70,1,0,0,0,0,0,0,0,0,0,0,0,1,1,0,0,0,0,4,1,0,0,0,0,0,1,0,0,0,0,0,0,0,0,0,0,0,0,0,0,0,0
0,0,0,0,0,15,9,0,0,0,0,0,1,1,3,0,0,0,6,408,5,0,0,0,0,0,0,0,0,0,1,10,2,0,0,0,1,11,24,12,5,1,0,0,1,0,3,3,0,0,0,0,0,1,3,2,2,3,1,0,0
0,0,0,0,0,0,0,0,0,0,0,0,0,0,0,0,0,0,0,1,22,0,0,0,0,0,0,0,0,0,0,0,0,0,0,0,0,0,0,6,0,0,0,0,0,0,0,0,0,0,0,0,0,0,1,0,0,0,0,0,0
0,0,0,0,0,1,6,2,0,0,5,0,0,2,5,0,0,1,3,12,0,763,0,0,16,1,0,4,8,0,0,1,2,1,1,8,0,1,2,3,0,0,0,1,22,17,9,1,1,0,5,27,15,0,1,0,11,6,1,1,0
7,12,11,1,3,4,0,398,3,0,0,0,0,0,0,0,39,1,0,0,0,0,908,5,0,0,0,0,0,0,15,10,1,0,0,0,1,0,0,0,0,3,3,0,0,0,0,80,0,0,0,0,0,13,3,11,0,3,2,0,0
0,28,2,0,0,0,0,3,49,0,0,0,0,0,0,0,40,0,0,1,1,0,2,1285,0,0,0,0,0,0,72,34,127,0,0,0,1,0,0,0,0,1,16,0,0,0,1,0,0,0,0,0,0,5,3,39,0,0,2,0,0
0,0,0,0,0,0,1,0,0,1,0,1,0,1,11,0,0,0,0,0,0,4,0,0,1472,0,0,2,2,0,0,0,0,1,3,2,0,0,0,0,0,0,0,18,5,10,1,0,4,5,7,4,102,0,0,0,30,0,0,0,2
0,0,0,0,0,1,0,1,0,7,0,0,32,0,8,0,0,1,0,2,0,1,1,1,1,689,5,0,3,2,0,3,0,4,70,0,2,0,1,0,0,0,2,3,0,0,1,4,0,0,7,0,1,0,0,0,0,1,4,2,0
0,0,0,0,0,0,0,1,0,0,44,0,4,95,8,15,0,0,0,5,1,4,1,0,0,8,1078,2,2,5,0,0,0,0,1,175,0,2,6,15,4,0,0,0,5,18,8,0,0,0,0,25,0,0,1,2,18,0,7,0,0
0,0,0,0,0,0,0,0,0,0,9,0,0,7,1,0,0,0,0,3,1,0,0,0,0,0,2,6178,1,0,0,0,0,0,0,0,0,2,0,0,0,0,0,1,708,3,2,0,0,0,0,10,0,0,0,0,0,0,0,0,0
1,0,1,0,1,1,3,0,1,0,0,0,0,0,6,2,0,1,1,1,1,7,2,0,4,7,0,3,535,42,1,2,1,0,16,0,0,0,0,0,0,0,0,16,3,0,6,0,0,2,12,0,3,0,1,2,2,1,5,6,1
2,6,0,1,1,2,1,6,2,0,0,0,0,0,0,5,14,1,0,1,0,0,2,1,0,0,0,0,31,693,4,8,10,0,3,0,7,3,4,0,3,1,3,2,0,0,4,0,0,0,0,0,0,0,0,2,3,1,14,0,0
0,52,54,1,7,104,4,60,27,0,0,0,0,0,0,0,361,6,2,11,3,0,56,247,0,0,0,0,0,2,1433,583,296,0,1,0,3,0,0,1,1,67,10,0,0,0,1,5,0,0,0,0,0,86,26,190,0,1,59,0,1
2,44,96,2,10,530,131,119,72,0,2,0,1,2,2,6,218,3,8,154,19,3,44,214,1,0,1,0,2,14,582,2643,508,0,2,5,21,4,29,33,3,30,11,0,3,0,22,25,0,0,1,0,0,120,63,291,12,1,30,9,2
0,5,0,1,0,1,3,8,10,0,0,0,0,0,0,1,11,2,4,12,7,0,1,274,0,0,0,1,0,3,155,177,4120,0,0,0,4,0,3,4,0,0,5,0,1,0,3,3,0,0,0,0,0,6,11,198,0,0,175,0,0
0,0,0,0,0,0,0,1,0,0,0,76,35,0,0,2,0,0,0,0,0,0,0,0,1,0,0,0,0,1,0,0,0,704,2,0,0,0,0,0,0,0,0,0,0,0,0,0,13,15,21,0,0,0,1,0,0,0,5,10,14
0,0,0,0,0,0,3,1,0,8,0,14,43,0,23,1,0,2,3,4,0,4,0,0,8,304,0,4,33,0,3,0,0,13,2339,7,3,3,0,0,0,0,0,31,9,0,14,0,37,4,73,1,1,0,0,0,2,2,4,2,0
0,0,0,0,0,0,1,0,0,0,12,1,1,28,4,1,0,0,0,2,0,142,0,0,11,9,229,3,10,6,0,0,0,0,6,3211,0,0,1,2,0,0,0,0,37,196,10,0,0,1,0,286,22,0,0,0,6,0,1,1,4
42,2,46,74,39,36,0,4,99,1,3,0,0,2,24,22,6,281,6,6,1,1,6,20,0,1,0,0,0,4,8,12,35,0,0,0,2714,36,26,4,34,122,103,0,2,2,9,25,0,0,0,2,1,68,72,4,16,201,14,2,0
1,1,0,0,1,7,0,2,0,15,40,0,0,5,17,8,1,4,19,38,1,5,1,4,1,0,6,6,0,4,4,11,1,0,0,0,23,2009,334,50,26,3,4,1,5,14,9,10,0,0,0,4,1,3,5,2,45,16,2,0,0
0,0,2,3,3,10,4,4,4,5,29,0,2,74,43,56,0,5,12,172,9,7,0,4,2,2,23,1,2,7,5,11,1,0,0,3,35,460,3007,413,347,3,2,0,15,7,26,4,1,1,0,42,2,1,11,9,60,14,9,2,3
0,0,0,0,0,0,0,1,0,0,7,0,0,4,0,2,0,0,2,11,1,0,0,0,0,0,19,0,0,2,0,3,3,0,0,5,3,18,71,780,9,0,0,0,6,0,3,0,0,0,0,1,1,0,3,5,0,4,3,0,0
0,0,2,0,0,2,1,3,1,0,0,0,0,0,2,31,0,1,1,1,0,0,0,5,0,0,0,0,0,2,1,2,1,0,0,0,5,11,33,9,374,1,4,0,0,0,3,0,0,0,0,0,0,0,2,1,5,0,2,0,0
29,13,92,77,61,42,0,4,10,0,0,0,0,0,0,0,18,146,0,0,0,0,4,2,0,0,0,0,0,0,4,2,1,0,0,0,22,0,0,0,0,1017,32,0,0,0,1,3,0,0,0,0,0,15,31,5,0,4,0,0,0
0,1,1,11,0,1,0,0,18,0,0,0,0,0,0,0,0,1,0,0,0,0,1,1,0,0,0,0,0,0,0,1,0,0,0,0,5,0,0,0,0,5,448,0,0,0,0,1,0,0,0,0,0,1,0,0,0,0,0,0,0
1,1,1,0,0,5,0,0,0,96,0,3,11,0,27,0,1,1,0,0,0,0,0,0,10,16,0,2,18,1,0,2,0,2,31,0,2,0,0,0,0,0,0,1221,2,1,9,0,3,2,20,0,3,0,0,0,1,0,0,0,0
0,0,0,0,0,0,2,1,0,0,9,0,0,6,2,0,0,0,0,6,0,26,0,0,7,0,2,107,12,4,0,1,0,0,2,11,0,4,1,1,0,0,0,0,426,17,42,0,0,0,0,14,4,0,0,0,2,4,1,0,0
0,0,0,0,0,0,0,0,0,2,79,0,5,20,1,0,0,0,1,0,0,13,0,0,11,0,13,7,0,0,0,0,0,0,0,38,0,1,2,1,0,0,0,2,24,1548,8,0,0,0,0,139,16,0,0,0,15,0,0,0,0
27,45,24,40,24,26,2,12,27,9,12,0,8,13,13,22,29,20,1,16,5,5,11,36,2,7,20,2,26,54,35,52,43,0,23,16,33,22,26,10,11,19,51,10,42,12,1353,7,0,0,4,48,1,7,12,13,13,49,79,0,0
79,19,26,23,17,22,2,295,37,1,1,0,0,2,4,14,28,7,6,2,0,0,438,26,0,1,0,1,0,2,16,36,45,0,0,4,24,19,5,1,8,22,27,0,0,0,12,3253,0,0,0,1,0,23,17,24,37,43,0,0,0
0,0,0,0,0,0,1,0,0,0,0,40,2,0,1,0,0,0,0,0,0,3,0,0,56,0,0,1,0,1,0,0,0,26,1,0,0,0,0,0,0,0,0,0,0,0,0,0,4452,157,37,1,69,0,0,0,0,0,0,688,18
0,0,0,0,0,0,1,0,0,0,0,76,2,0,0,0,0,0,0,0,0,0,0,0,4,0,0,0,1,0,0,0,0,13,0,0,0,0,0,0,0,0,0,0,0,0,0,0,59,1515,7,0,1,0,0,0,0,0,0,7,27
0,1,0,0,1,0,7,0,0,14,0,104,247,0,62,1,0,0,0,1,1,8,2,0,15,21,0,6,10,2,1,1,1,64,44,0,0,0,0,0,0,1,0,47,5,0,11,0,25,7,1867,1,24,0,1,0,1,0,1,18,2
0,0,0,0,0,0,1,0,0,0,66,38,8,338,29,54,0,0,1,12,0,63,0,0,34,2,113,17,1,2,0,0,0,11,5,339,3,15,35,4,1,0,0,0,117,361,59,3,13,5,17,2493,101,0,0,0,24,4,5,23,6
0,0,0,0,0,0,0,0,0,2,1,3,5,0,39,0,0,0,0,0,0,1,0,0,53,0,0,0,2,0,0,0,0,0,1,3,0,0,0,0,0,0,0,5,1,9,0,0,9,1,17,4,376,0,0,0,4,0,0,15,0
3,1,23,13,0,30,1,10,4,0,0,0,0,0,0,0,10,20,1,0,1,0,4,5,0,0,0,0,0,0,29,26,2,0,0,0,1,0,0,0,0,11,7,0,0,0,0,1,0,0,0,0,0,166,7,19,0,2,0,0,0
1,1,2,4,0,9,1,3,0,0,0,0,0,0,0,0,3,14,2,5,0,0,1,0,0,0,0,0,0,0,4,3,0,0,0,0,2,0,0,0,0,13,8,0,0,0,1,1,0,0,0,0,0,9,306,21,0,12,0,0,0
0,2,4,0,0,4,3,19,0,0,0,0,0,0,0,0,11,0,1,8,2,0,9,21,0,0,0,0,0,1,62,85,95,0,0,0,0,2,2,0,0,4,1,0,0,0,1,6,0,0,0,0,0,14,101,944,1,1,11,0,0
0,0,0,0,0,2,0,1,0,15,46,0,2,15,53,31,1,2,0,1,0,11,1,0,90,0,2,0,2,5,1,2,0,1,1,0,14,21,5,0,16,0,0,2,1,15,2,26,2,0,1,5,46,1,2,2,1014,13,2,3,0
9,0,1,50,0,13,2,4,6,1,5,0,0,0,0,0,2,21,7,7,2,4,4,4,0,0,0,0,0,1,3,7,5,0,1,0,104,10,1,2,0,6,57,0,0,0,2,36,0,0,0,0,0,27,48,2,9,1746,0,0,0
0,0,1,0,3,2,0,29,0,0,0,0,1,0,0,4,12,0,0,2,0,0,10,6,0,0,1,0,2,7,22,10,71,5,0,0,2,0,0,1,0,2,0,0,0,0,1,0,0,0,0,0,0,4,4,40,0,0,987,0,0
0,0,0,0,0,0,7,0,0,0,0,9,5,0,15,6,0,0,0,0,1,3,0,0,20,1,0,1,2,2,0,1,0,18,2,0,0,0,0,0,0,0,0,2,0,0,0,0,454,31,15,3,42,0,0,0,7,0,0,2152,50
0,0,0,0,0,0,0,0,0,0,0,1,0,0,0,1,0,0,0,0,0,0,0,0,0,0,0,0,0,0,0,0,0,4,0,0,0,0,0,0,0,0,0,0,0,0,0,0,0,9,0,0,0,0,0,0,0,0,0,4,91
