0.65023,0.72766,0.4114,0.65154,0.40159,0.49471,0.34568,0.57447,0.61647,0.40602,0.62178,0.55556,0.53436,0.74027,0.64133,0.71266,0.49334,0.42089,0.28378,0.43365,0.32,0.68618,0.41919,0.53972,0.79375,0.62399,0.624,0.97102,0.72404,0.76821,0.50663,0.63054,0.75746,0.74731,0.91065,0.82586,0.85082,0.73416,0.80856,0.5758,0.38877,0.56563,0.42955,0.85814,0.44768,0.63339,0.80083,0.86288,0.87567,0.84936,0.81019,0.69656,0.40324,0.20667,0.34589,0.51216,0.67321,0.78173,0.66959,0.72369,0.38462
0.68318
1385,32,146,302,134,8,0,20,130,0,0,0,0,0,0,0,3,10,0,0,0,0,72,0,0,0,0,0,0,0,1,0,0,0,0,0,1,0,0,0,0,38,11,0,0,0,0,10,0,0,0,0,0,5,0,0,0,0,0,0,0
35,2068,86,1,150,4,0,1,123,0,0,0,0,0,0,0,309,0,0,3,1,0,6,68,0,0,0,0,0,1,73,23,11,0,0,0,2,0,0,0,0,13,1,0,0,0,1,2,0,0,0,0,0,0,1,4,0,0,0,0,0
76,66,852,54,68,170,0,11,89,0,0,0,0,0,0,0,82,28,0,1,0,0,13,2,0,0,0,0,0,0,16,27,1,0,0,0,2,1,0,0,1,82,14,0,0,0,0,8,0,0,0,0,0,33,3,2,0,1,0,0,0
310,0,47,1378,28,8,0,7,48,0,0,0,0,0,0,0,0,50,0,0,0,0,21,0,0,0,0,0,0,0,1,0,0,0,0,0,15,0,0,0,0,87,103,0,0,0,1,11,0,0,0,0,0,14,6,0,0,36,0,0,0
27,24,20,2,455,1,0,2,4,0,0,0,0,0,0,0,4,0,0,0,0,0,3,1,0,0,0,0,0,0,1,0,0,0,0,0,2,0,0,0,0,13,0,0,0,0,0,0,0,0,0,0,0,0,0,0,0,0,0,0,0
21,19,237,29,16,1215,35,54,24,0,3,0,0,0,1,1,39,160,32,42,1,0,16,4,0,0,0,0,1,2,20,184,5,0,0,0,44,10,7,0,0,98,28,0,3,0,14,14,0,0,0,1,0,97,66,9,9,17,1,0,0
0,1,0,0,0,8,140,0,0,0,0,0,0,1,0,1,0,1,1,6,0,9,0,0,2,0,1,0,1,0,0,4,0,0,3,1,0,1,0,0,0,0,0,1,4,0,0,0,0,0,0,0,1,0,1,1,0,0,0,1,1
2,6,12,8,1,53,11,1593,11,0,0,0,0,1,0,2,26,5,3,11,1,0,390,1,0,0,1,1,1,1,29,62,5,0,0,0,1,1,0,0,1,7,4,0,1,0,1,213,0,1,1,0,0,24,12,29,2,6,0,0,0
69,49,75,10,22,5,0,4,1437,0,0,0,0,0,0,0,13,0,1,0,0,0,7,35,0,0,0,0,0,0,1,8,2,0,0,0,0,0,0,0,0,5,32,0,0,0,1,3,0,0,0,0,0,4,0,0,0,0,0,0,0
0,0,0,0,0,1,0,1,1,162,1,0,6,0,9,0,0,2,0,0,0,1,1,0,0,2,0,0,0,0,0,0,0,0,0,0,0,1,0,0,0,0,0,26,1,0,1,1,0,0,1,0,0,0,0,0,1,1,2,1,0
0,0,0,0,0,0,0,0,0,3,965,0,1,51,10,8,0,0,2,0,0,12,0,0,0,1,25,1,0,0,0,0,0,0,0,5,2,10,2,1,1,0,0,0,14,166,1,2,0,0,1,30,1,0,1,0,43,10,0,0,0
0,0,0,0,0,0,0,0,0,0,0,460,3,0,0,0,0,0,0,0,0,0,0,0,0,0,0,0,0,0,0,0,0,53,1,0,0,0,0,0,0,0,0,0,0,0,0,0,13,27,25,0,2,0,0,0,0,0,0,3,3
0,0,1,0,0,3,2,0,0,7,0,12,521,0,32,3,1,0,0,1,0,1,2,0,9,23,0,3,15,3,2,4,1,36,9,1,0,2,1,0,0,1,0,12,5,0,1,0,6,1,116,0,4,0,0,0,0,1,7,3,1
0,0,0,0,0,1,1,2,0,3,171,6,6,2035,47,95,0,0,0,3,0,27,0,0,18,3,167,6,2,8,0,0,0,4,2,40,5,11,37,4,2,0,0,0,31,66,6,0,3,4,1,381,26,0,0,1,44,3,7,4,8
0,1,2,0,0,8,4,0,0,38,23,0,34,24,987,36,2,0,0,8,0,2,0,2,15,7,7,2,3,3,9,7,1,2,1,2,12,15,6,1,29,0,0,18,10,7,7,0,2,0,18,11,41,0,2,2,60,2,4,8,0
0,0,1,0,0,0,1,10,1,0,1,0,6,35,22,1064,0,1,1,2,0,0,1,2,0,1,5,0,4,13,2,13,4,0,0,2,7,11,17,2,82,0,0,0,0,0,5,2,0,0,0,1,2,0,2,9,13,1,10,1,3
9,344,190,4,86,67,0,47,75,0,0,0,0,0,0,0,1260,2,0,5,0,0,123,116,0,0,0,0,0,3,238,111,10,0,0,0,1,1,1,0,1,91,17,0,0,0,5,7,0,0,0,0,0,21,9,17,0,0,9,0,0
5,0,4,15,2,13,0,0,0,0,0,0,0,0,0,0,0,556,0,0,0,0,1,0,0,0,0,0,0,0,0,1,0,0,0,0,53,0,0,2,0,28,5,0,0,0,2,1,0,0,0,0,0,4,3,0,1,15,0,0,0
0,0,0,0,0,3,0,0,0,0,0,0,0,0,0,0,0,0,63,5,0,0,0,0,0,0,0,1,0,0,0,1,1,0,0,0,0,6,3,0,0,0,0,0,0,0,0,0,0,0,0,0,0,0,0,0,0,0,0,0,0
0,0,0,0,0,14,9,0,0,0,0,0,1,0,3,0,0,1,6,415,5,0,0,0,0,0,0,0,0,0,1,8,1,0,0,0,1,10,26,9,3,0,0,0,1,0,4,3,0,0,0,0,1,1,4,1,2,3,1,0,0
0,0,0,0,0,0,0,0,0,0,0,0,0,0,0,0,0,0,0,0,24,0,0,0,0,0,0,0,0,0,0,0,0,0,0,0,0,0,0,5,0,0,0,0,0,0,0,0,0,0,0,0,0,0,1,0,0,0,0,0,0
0,0,0,0,0,1,7,2,0,0,7,0,0,2,5,0,0,1,4,14,0,750,0,0,17,2,1,5,10,0,0,0,2,0,0,9,0,2,4,2,0,0,0,0,23,16,8,1,0,0,5,29,17,0,3,0,9,6,1,1,0
5,11,11,2,5,6,0,405,3,0,0,0,0,0,0,0,34,2,0,0,0,0,900,4,0,0,0,0,0,0,22,10,1,0,0,0,1,0,0,0,0,4,3,0,0,0,0,79,0,0,0,0,0,8,7,12,0,0,2,0,0
0,28,2,0,0,0,0,2,51,0,0,0,0,0,0,0,39,0,0,1,2,0,2,1284,0,0,0,0,0,1,65,37,130,0,0,0,0,0,0,0,0,1,17,0,0,0,1,0,0,0,0,0,0,5,2,41,0,0,1,0,0
0,0,0,0,0,0,1,0,0,2,0,0,0,0,17,1,0,0,0,0,0,5,0,0,1474,0,0,3,2,0,0,0,0,0,3,2,0,0,0,0,0,0,0,14,3,10,0,0,2,3,9,1,106,0,0,0,29,0,0,1,1
1,0,0,0,0,2,2,1,0,6,0,0,31,0,7,0,0,1,0,2,0,0,1,0,1,692,3,0,3,2,0,1,0,4,69,0,3,0,0,0,0,0,1,3,1,0,4,2,1,0,8,1,1,0,0,0,0,1,4,1,0
0,0,0,0,0,0,0,2,0,0,49,0,1,82,11,15,0,0,0,4,1,4,0,0,1,10,1087,2,2,4,0,0,0,0,1,164,0,4,7,13,3,0,0,0,5,21,7,0,0,0,0,36,0,0,1,3,12,0,8,0,0
0,0,0,0,0,0,0,0,0,0,18,0,0,6,2,0,0,0,0,2,0,0,0,0,0,0,1,6199,2,0,0,0,0,0,0,1,0,2,0,0,0,0,0,1,676,3,2,0,0,0,0,13,0,0,0,0,0,0,0,0,0
1,0,0,0,1,1,1,1,1,2,0,0,0,0,5,2,0,1,1,2,1,7,2,0,5,6,0,5,530,42,0,3,1,0,18,0,0,0,0,0,0,0,0,17,2,0,8,0,0,2,14,0,0,0,2,0,2,1,6,7,0
2,7,2,1,2,1,1,6,2,0,1,0,0,0,0,2,9,1,0,1,0,0,1,4,0,0,0,1,35,696,3,6,8,0,3,0,6,5,2,0,1,1,4,1,0,0,6,0,0,0,0,0,0,0,0,1,3,1,15,0,0
0,51,54,2,6,104,4,59,28,0,0,0,0,0,0,0,370,6,4,9,1,0,58,234,0,0,0,0,0,3,1452,589,294,0,1,0,2,0,0,1,0,61,13,0,0,0,5,5,0,0,0,0,0,86,30,171,0,1,56,0,1
2,44,89,0,9,527,137,129,73,0,2,0,1,1,1,4,239,7,8,161,17,1,44,205,1,0,1,0,2,13,582,2618,520,0,1,6,13,3,30,37,5,29,12,0,4,0,22,29,0,0,0,1,0,132,65,274,8,0,31,6,4
0,4,0,0,0,1,3,7,11,0,0,0,0,0,0,1,11,1,4,10,9,0,1,269,0,0,0,1,0,5,152,183,4113,0,0,0,3,0,2,3,0,0,4,0,1,0,8,4,0,0,0,0,0,4,16,200,0,1,177,0,0
0,0,0,0,0,0,0,0,0,0,0,81,31,0,0,2,0,0,0,0,0,0,0,0,1,1,0,0,0,1,0,0,0,695,2,0,0,0,0,0,0,0,0,0,0,0,0,0,12,13,25,0,0,0,1,0,0,0,7,10,19
0,0,0,0,0,0,4,1,0,8,0,14,41,0,16,1,0,2,2,4,0,3,0,0,10,292,2,3,33,0,3,0,0,14,2334,7,2,3,0,0,0,1,1,34,13,0,16,0,37,4,87,1,2,1,0,0,0,3,1,3,0
0,0,0,0,0,0,1,0,0,0,14,0,1,43,4,1,0,0,0,0,0,137,0,0,8,10,227,3,11,5,0,0,0,0,8,3225,0,0,1,2,0,0,0,2,43,175,11,0,0,3,0,285,15,0,0,0,6,0,1,1,1
42,2,45,81,40,39,1,4,100,2,3,0,0,2,26,23,4,268,7,6,0,1,3,21,0,0,0,1,0,8,9,14,34,0,0,0,2692,35,20,3,37,135,112,0,2,2,10,26,0,0,0,3,0,61,70,2,22,201,19,0,0
1,1,0,0,0,5,0,2,0,16,45,0,0,7,25,6,1,3,26,33,1,2,1,3,2,0,6,3,0,4,3,11,1,0,0,0,24,2005,338,42,30,3,3,0,8,13,5,9,0,0,1,4,0,3,5,3,44,19,2,0,0
0,1,5,3,2,13,5,6,2,4,25,0,3,74,45,63,0,3,28,141,5,6,1,4,2,3,29,3,2,11,7,10,2,0,0,6,39,467,3003,413,343,2,1,0,14,7,22,5,1,1,0,35,3,3,12,7,59,12,9,6,1
0,0,0,0,0,0,0,1,0,0,6,0,0,4,0,3,0,0,5,5,0,0,0,0,0,0,25,0,1,1,0,3,3,0,0,4,3,19,84,771,8,0,0,0,3,0,2,0,0,0,0,3,0,0,3,3,1,2,4,0,0
0,0,2,0,0,2,0,2,2,0,0,0,0,0,2,33,0,0,0,2,0,0,0,5,0,0,0,0,1,2,1,2,1,0,0,0,6,12,32,7,374,1,5,0,0,0,3,0,0,0,0,0,0,0,3,0,4,0,2,0,0
24,11,103,73,62,45,0,3,15,0,0,0,0,0,0,0,18,128,1,0,0,0,5,2,0,0,0,0,0,0,3,2,1,0,0,0,21,0,0,0,0,1017,31,0,0,0,0,4,0,0,0,0,0,18,39,5,0,4,0,0,0
0,1,1,10,0,1,0,0,24,0,0,0,0,0,0,0,0,1,0,0,0,0,1,3,0,0,0,0,0,0,1,0,0,0,0,0,3,0,0,0,0,5,439,0,0,0,0,1,0,0,0,0,0,1,1,0,0,3,0,0,0
0,1,1,0,0,3,0,0,0,97,0,2,10,0,25,0,1,1,0,0,0,0,0,0,10,20,0,2,21,0,1,2,0,1,24,0,2,0,0,0,0,0,0,1228,1,1,6,0,3,3,23,0,4,0,0,0,0,0,0,0,0
0,0,0,0,0,1,1,1,0,0,12,0,0,4,2,0,0,0,1,5,0,28,0,0,5,0,3,103,11,4,0,0,0,0,2,12,0,1,1,1,0,0,0,0,431,14,38,0,0,0,0,19,3,0,0,0,3,5,2,1,0
0,0,0,0,0,0,1,0,0,3,73,0,3,16,1,0,0,0,0,0,0,15,0,0,9,1,11,7,0,0,0,0,0,0,0,41,0,3,2,1,0,0,0,3,21,1548,7,0,0,0,0,153,13,0,0,0,14,0,0,0,0
26,42,26,46,23,25,1,14,25,11,12,0,6,10,13,18,27,13,1,13,4,6,10,42,1,5,17,2,21,52,26,51,47,0,25,14,36,19,37,8,12,17,55,12,49,11,1351,9,0,0,4,54,0,6,12,14,13,55,80,0,0
75,23,25,27,19,25,1,311,43,0,1,0,0,2,4,12,25,9,7,3,0,0,429,23,0,1,0,0,0,1,21,31,51,0,0,4,23,21,6,1,7,21,27,0,1,0,11,3247,0,0,0,0,0,16,14,22,33,46,1,0,0
0,0,0,0,0,0,0,0,0,0,0,46,1,0,2,0,0,0,0,0,0,2,0,0,57,0,0,0,0,1,0,0,0,16,2,0,0,0,0,0,0,0,0,0,0,0,0,0,4430,155,43,0,77,0,0,0,0,0,0,704,18
0,0,0,0,0,0,1,0,0,0,0,71,2,0,0,0,0,0,0,0,0,0,0,0,4,0,0,0,2,0,0,0,0,10,0,0,0,0,0,0,0,0,0,0,0,0,0,0,61,1528,5,0,1,0,0,0,0,0,0,7,21
0,0,1,0,0,3,8,1,0,12,0,98,246,1,68,1,1,0,0,1,1,8,0,0,13,25,0,5,7,1,0,1,1,60,47,0,0,0,0,0,0,2,0,51,8,1,12,0,34,5,1861,0,21,0,0,0,0,0,1,17,2
0,0,0,0,0,0,4,0,0,1,61,28,10,332,31,56,0,0,2,11,0,52,0,0,28,3,119,20,3,2,0,0,0,8,5,356,1,16,34,4,2,0,0,0,127,359,65,3,12,2,18,2470,116,0,0,0,21,3,5,25,8
0,0,0,0,0,0,1,0,0,1,1,1,4,1,42,1,0,0,0,0,0,0,0,0,59,0,0,0,2,0,0,0,0,0,0,2,0,0,0,0,0,0,0,6,1,9,0,0,10,1,16,5,373,0,0,0,7,0,0,8,0
5,1,22,15,0,33,2,10,3,0,0,0,0,0,0,0,13,18,1,0,0,0,2,7,0,0,0,0,0,0,31,29,2,0,0,0,1,0,0,0,0,10,8,0,0,0,0,0,0,0,0,0,0,155,10,17,0,2,0,0,0
0,1,2,4,0,8,0,1,0,0,0,0,0,0,0,0,3,12,3,3,0,0,4,0,0,0,0,0,0,0,5,6,0,0,0,1,3,1,0,0,0,15,6,0,0,0,1,0,0,0,0,0,0,11,303,21,0,12,0,0,0
0,2,2,0,0,6,3,22,1,0,0,0,0,0,0,0,10,1,1,14,0,0,14,28,0,0,0,0,0,1,56,69,90,0,0,0,0,3,1,1,1,3,1,0,1,0,0,5,0,0,0,0,0,13,105,948,2,1,10,0,0
0,0,1,0,0,2,0,1,0,19,53,0,3,15,58,30,1,1,1,1,0,10,1,0,87,0,3,0,2,5,1,2,0,1,1,0,14,21,7,1,19,0,0,1,2,15,4,21,3,0,0,9,45,0,3,1,995,10,2,5,1
7,0,3,48,0,17,3,2,4,2,5,0,0,0,1,0,1,25,5,6,0,2,3,5,0,0,0,1,0,0,3,8,4,0,0,0,116,9,2,3,0,5,64,0,0,0,1,36,0,0,0,0,0,20,50,2,9,1737,0,0,0
0,1,1,0,2,2,0,25,0,0,0,0,1,0,0,4,8,0,1,1,0,0,8,5,0,0,1,0,2,5,25,11,82,5,0,0,2,0,1,1,0,2,0,0,0,0,1,0,0,0,0,0,0,4,8,29,0,0,991,0,0
0,0,0,0,0,1,9,0,0,0,0,8,2,0,14,4,0,0,0,0,1,2,0,0,18,1,0,1,0,2,0,0,0,20,1,0,0,0,0,0,0,0,0,1,0,0,0,0,429,37,15,0,50,0,0,0,7,0,1,2166,59
0,0,0,0,0,0,0,0,0,0,0,1,0,0,1,0,0,0,0,0,0,0,0,0,0,0,0,0,0,0,0,0,0,1,0,0,0,0,0,0,0,0,0,0,0,0,0,0,0,9,0,0,0,0,0,0,0,0,0,3,95
