0.64733,0.72645,0.42371,0.66117,0.3932,0.49918,0.36053,0.57922,0.62767,0.42781,0.62833,0.55282,0.54162,0.74609,0.6457,0.70136,0.49679,0.41465,0.32547,0.4324,0.2716,0.67082,0.4172,0.54351,0.78351,0.62916,0.62905,0.97144,0.72552,0.77,0.51201,0.62645,0.76149,0.74867,0.91215,0.82401,0.85719,0.74019,0.81502,0.56223,0.40651,0.56611,0.44379,0.85953,0.45754,0.637,0.8063,0.86818,0.874,0.84908,0.82252,0.69855,0.39826,0.224,0.35632,0.50703,0.66936,0.78247,0.67693,0.73087,0.375
0.68583
1406,35,138,292,129,7,0,23,133,0,0,0,0,0,0,0,7,4,0,0,0,0,73,0,0,0,0,0,0,0,1,0,0,0,0,0,0,0,0,0,0,45,6,0,0,0,0,7,0,0,0,0,0,2,0,0,0,0,0,0,0
32,2082,81,1,149,5,0,1,110,0,0,0,0,0,0,0,310,0,0,3,0,0,5,75,0,0,0,0,0,1,73,26,11,0,0,0,1,0,1,0,0,11,1,0,0,0,1,1,0,0,0,0,0,1,1,4,0,0,0,0,0
77,68,847,52,74,168,0,8,86,0,0,0,0,0,0,0,82,27,0,0,0,0,11,4,0,0,0,0,0,0,16,30,1,0,0,0,1,0,0,0,0,90,12,0,0,0,0,7,0,0,0,0,0,34,4,2,0,2,0,0,0
322,1,43,1362,32,5,0,11,43,0,0,0,0,0,0,0,1,51,0,0,0,0,21,0,0,0,0,0,0,0,0,0,0,0,0,0,13,0,0,0,0,95,100,0,0,0,1,11,0,0,0,0,0,13,10,0,0,36,0,0,0
33,23,19,3,451,1,0,0,4,0,0,0,0,0,0,0,5,0,0,0,0,0,2,1,0,0,0,0,0,0,1,0,0,0,0,0,2,0,0,0,0,14,0,0,0,0,0,0,0,0,0,0,0,0,0,0,0,0,0,0,0
19,18,217,33,22,1215,35,51,25,0,3,0,0,0,0,1,47,176,28,35,0,0,17,4,0,0,0,0,0,2,22,201,4,0,0,0,45,11,6,1,1,96,24,0,5,0,15,9,0,0,0,1,1,89,62,9,11,17,1,0,0
0,0,0,0,1,6,137,0,0,0,1,0,0,0,0,1,0,1,3,6,1,12,0,0,1,0,0,0,1,1,0,8,0,0,1,1,0,0,0,0,0,0,0,0,3,0,0,0,0,0,0,0,1,0,1,2,0,0,0,1,1
4,9,13,4,2,49,8,1572,10,0,0,0,0,1,0,2,32,5,4,8,0,0,402,2,0,0,1,1,0,1,23,69,5,0,0,0,3,1,1,0,0,7,4,0,3,0,3,207,0,1,1,0,0,26,12,36,2,7,0,0,0
73,52,69,6,23,6,0,4,1438,0,0,0,0,0,0,0,14,1,1,0,0,0,5,35,0,0,0,0,0,0,1,5,2,0,0,0,0,0,0,0,0,6,31,0,0,0,1,4,0,0,0,0,0,6,0,0,0,0,0,0,0
0,0,0,0,0,1,0,1,1,160,1,0,7,0,12,0,0,1,0,0,0,0,0,0,1,3,0,0,2,0,0,0,0,0,0,0,0,1,0,0,0,0,0,23,1,0,0,2,0,0,1,0,0,1,0,0,0,1,2,1,0
0,0,0,0,0,0,0,0,0,2,967,0,1,57,11,7,0,1,2,1,0,9,0,0,1,2,30,1,0,0,0,0,0,0,0,8,2,10,3,1,1,0,0,0,16,158,2,2,0,0,1,21,0,0,1,0,41,10,0,0,0
0,0,0,0,0,0,0,0,0,0,0,471,2,0,0,0,0,0,0,0,0,0,0,0,0,0,0,0,0,0,0,0,0,50,1,0,0,0,0,0,0,0,0,0,0,0,0,0,13,23,21,0,2,0,0,0,0,0,0,3,4
0,0,1,1,0,2,1,0,0,5,0,9,514,0,28,3,0,0,0,1,0,0,2,0,12,25,1,2,15,4,1,6,0,39,10,1,2,2,1,0,0,1,0,10,6,0,1,0,5,0,120,1,5,0,0,0,0,1,9,3,3
0,0,0,0,0,1,1,2,0,1,169,4,6,2051,41,104,0,0,0,3,0,27,0,0,17,2,154,9,2,4,0,0,0,6,3,34,6,8,39,4,2,0,0,0,23,55,7,0,1,2,1,403,22,0,0,0,46,3,6,7,15
0,3,1,0,1,11,2,0,0,31,22,0,32,25,975,41,1,0,0,5,2,5,0,3,11,7,5,3,7,4,9,7,1,2,3,2,14,14,6,1,26,0,0,17,9,6,7,0,3,0,21,8,51,0,4,1,65,2,2,7,0
0,0,1,0,0,2,1,6,0,0,1,0,6,34,21,1085,1,1,0,2,0,0,2,2,0,1,6,0,2,10,3,8,4,0,0,2,7,9,19,3,68,0,0,0,0,0,9,4,0,0,0,1,3,0,1,8,12,0,12,1,2
10,329,185,3,85,67,2,41,70,0,0,0,1,0,0,0,1317,4,0,4,0,0,117,109,0,0,0,0,0,1,212,126,10,0,0,0,1,0,2,0,1,92,16,0,0,0,5,7,0,0,0,0,0,22,12,15,0,0,4,0,0
6,0,5,12,3,13,0,0,0,0,0,0,0,0,0,0,0,566,0,0,1,0,0,0,0,0,0,0,0,0,0,0,0,0,0,0,44,0,0,1,0,26,7,0,0,0,3,1,0,0,0,0,0,4,3,0,1,15,0,0,0
0,0,0,0,0,3,0,0,0,0,0,0,0,0,0,0,0,0,69,2,0,0,0,0,0,0,0,0,0,0,0,1,1,0,0,0,0,4,2,0,0,0,0,0,1,0,0,0,0,0,0,0,0,0,0,0,0,0,0,0,0
0,0,0,0,0,13,4,0,0,0,0,0,1,0,3,0,0,0,6,419,4,0,0,0,0,0,0,0,0,0,1,10,1,0,0,0,1,13,23,10,3,2,0,0,2,0,3,3,0,0,0,0,0,1,4,2,2,2,1,0,0
0,0,0,0,0,0,0,0,0,0,0,0,0,0,0,0,0,0,0,1,22,0,0,0,0,0,0,0,0,0,0,0,0,0,0,0,0,0,0,7,0,0,0,0,0,0,0,0,0,0,0,0,0,0,0,0,0,0,0,0,0
0,0,0,0,0,1,5,2,0,0,4,0,0,2,5,0,0,1,9,15,0,754,0,0,14,3,1,3,5,0,0,0,2,0,0,10,0,4,1,2,0,0,0,2,22,24,8,0,1,0,6,26,15,0,3,0,7,7,1,1,0
7,11,9,1,3,7,0,399,3,0,0,0,0,0,0,0,44,2,0,0,0,0,907,6,0,0,0,0,0,0,15,10,1,0,0,0,1,0,0,0,0,4,3,0,0,0,0,78,0,0,0,0,0,10,3,10,0,1,2,0,0
0,26,2,0,0,0,0,2,53,0,0,0,0,0,0,0,37,0,0,1,2,0,3,1293,0,0,0,0,0,1,64,38,130,0,0,0,0,0,0,0,0,1,16,0,0,0,1,0,0,0,0,0,0,4,1,36,0,0,1,0,0
0,0,0,0,0,0,1,0,0,1,0,0,1,1,14,1,0,0,0,0,0,4,0,0,1473,0,0,5,2,0,0,0,0,0,3,2,0,0,0,0,0,0,0,16,3,8,1,0,3,4,8,6,106,0,0,0,24,0,0,1,1
0,0,0,2,0,1,0,0,0,6,0,0,32,0,5,0,1,2,0,2,0,2,1,0,1,699,3,0,3,3,0,3,0,4,65,0,2,1,0,0,0,0,1,3,0,0,0,2,2,0,6,0,1,0,0,1,0,1,4,1,0
0,0,0,0,0,0,0,2,0,0,46,0,2,93,10,18,0,0,0,4,0,4,0,0,0,9,1087,2,1,5,0,1,0,0,2,166,0,3,8,11,3,0,0,0,6,19,6,0,0,0,0,29,0,0,1,2,12,0,8,0,0
0,0,0,0,0,0,0,0,0,0,11,0,0,6,1,0,0,0,0,4,0,0,0,0,0,0,1,6190,2,0,0,0,0,0,0,0,0,2,0,0,0,0,0,1,695,2,2,0,0,0,0,11,0,0,0,0,0,0,0,0,0
0,0,1,1,1,1,1,0,0,1,0,0,0,0,7,2,0,0,2,2,0,8,2,0,5,5,0,2,526,41,2,3,2,0,19,0,0,0,0,0,0,0,0,21,5,0,8,0,0,2,16,0,1,0,2,0,2,1,3,4,1
2,7,0,1,2,1,0,5,1,0,0,0,0,0,0,4,14,2,1,2,0,0,1,1,0,0,0,0,34,693,4,8,7,0,3,0,7,4,3,0,3,0,4,2,0,0,2,0,0,0,1,0,0,0,0,2,3,2,15,0,0
0,60,51,1,9,102,2,65,26,0,0,0,0,0,0,0,367,6,2,11,0,0,54,238,0,0,0,0,0,4,1449,574,289,0,1,0,3,0,0,2,1,67,11,0,0,0,4,7,0,0,0,0,0,82,27,191,0,0,54,0,1
3,47,90,0,10,529,131,125,68,0,1,0,0,1,1,6,238,3,9,153,17,1,46,196,1,0,1,0,3,16,576,2648,516,0,1,6,17,5,29,44,3,31,13,0,3,1,18,24,0,0,1,0,0,125,72,265,12,1,32,7,4
0,5,0,0,0,0,3,9,8,0,0,0,0,0,0,0,9,3,3,14,9,0,1,266,0,0,0,1,0,4,150,185,4141,0,0,0,4,0,3,3,0,0,5,0,1,0,2,2,0,0,0,0,0,2,12,189,0,0,175,0,0
0,0,0,0,0,0,0,0,0,0,0,79,33,0,0,1,0,0,0,0,0,0,0,0,1,1,0,0,0,1,0,0,0,703,2,0,0,0,0,0,0,0,0,0,0,0,0,0,12,19,19,0,0,0,0,0,0,0,7,9,14
0,0,0,0,0,1,5,1,0,9,0,15,39,0,21,1,0,1,2,3,0,5,0,0,10,295,0,3,34,1,2,0,0,9,2357,8,0,3,0,0,0,1,0,31,12,0,14,0,33,5,72,1,2,0,0,0,0,3,2,2,0
0,0,0,0,0,0,2,0,0,0,13,1,0,33,4,1,0,0,0,1,0,139,0,0,15,11,233,4,9,6,0,0,0,0,6,3198,0,1,0,2,0,0,0,0,48,185,11,0,0,1,0,291,20,0,0,0,6,0,1,1,1
45,4,40,76,45,40,0,3,102,1,3,0,0,1,21,24,9,278,3,6,1,2,7,21,0,1,0,0,0,4,9,12,29,0,0,0,2707,35,24,8,32,115,107,0,2,2,14,27,0,0,0,1,2,60,68,6,19,206,14,2,0
0,1,0,0,1,7,1,3,0,14,43,0,0,8,21,9,2,3,25,38,3,3,1,3,1,1,7,4,0,2,4,10,3,0,0,0,22,2000,314,59,26,2,2,0,7,13,7,9,0,0,0,5,1,2,7,2,50,20,3,0,0
0,0,5,3,2,10,2,7,1,3,25,0,1,71,43,64,0,3,16,158,8,8,0,5,3,3,27,2,1,13,6,11,1,0,0,7,35,453,2996,418,355,2,2,0,14,7,26,4,0,1,0,38,2,3,14,7,64,14,10,3,2
0,0,0,0,0,0,0,1,0,0,7,0,0,2,0,2,0,0,2,6,2,0,0,0,0,0,24,0,0,1,0,4,2,0,0,5,2,15,82,777,7,0,0,0,5,0,3,0,0,0,0,2,1,0,2,4,3,3,3,0,0
0,0,2,0,0,2,0,3,1,0,0,0,0,0,2,25,0,0,1,3,0,0,1,6,0,0,0,0,0,2,0,1,1,0,0,0,5,12,28,7,387,2,4,0,0,0,1,0,0,0,0,0,0,0,3,1,4,0,2,0,0
23,15,96,78,58,44,0,4,11,0,0,0,0,0,0,0,17,139,1,0,0,0,4,2,0,0,0,0,0,0,4,2,1,0,0,0,19,0,0,0,0,1019,32,0,0,0,0,4,0,0,0,0,0,16,37,5,0,4,0,0,0
0,1,1,10,0,1,0,0,18,0,0,0,0,0,0,0,0,1,0,0,0,0,1,1,0,0,0,0,0,0,0,0,0,0,0,0,5,0,0,0,0,4,450,0,0,0,0,1,0,0,0,0,0,0,1,0,0,1,0,0,0
0,0,1,0,0,2,1,0,0,93,0,4,12,0,24,0,1,1,0,0,0,0,0,0,11,19,0,1,20,0,0,2,0,1,26,0,2,0,0,0,0,0,0,1236,2,1,7,0,3,2,18,0,3,0,0,0,0,0,0,0,0
0,0,0,0,0,1,2,1,0,0,10,1,1,6,2,0,0,0,0,6,0,29,0,0,6,0,3,104,8,4,0,0,0,0,2,12,0,0,1,1,0,0,0,0,433,14,38,0,0,0,0,18,3,0,0,0,2,4,2,0,0
0,0,0,0,0,0,0,0,0,3,74,0,4,15,1,0,0,0,0,0,0,12,0,0,10,0,12,7,0,0,0,0,0,0,0,41,0,2,3,1,0,0,0,1,21,1553,9,0,0,0,0,147,16,0,0,0,14,0,0,0,0
26,43,22,38,21,23,3,16,27,14,13,0,6,12,15,23,33,19,1,15,5,5,9,37,2,7,17,1,27,50,41,45,44,0,26,14,36,20,32,10,9,18,53,11,44,10,1357,5,0,0,3,52,0,6,11,11,12,50,79,0,0
74,20,29,22,20,22,1,280,42,1,1,0,0,2,2,12,25,9,10,2,0,0,446,27,0,1,0,0,0,1,19,38,48,0,0,4,24,19,7,1,7,16,29,0,0,0,9,3260,0,0,0,1,0,24,18,23,32,42,0,0,0
0,0,0,0,0,0,1,0,0,0,0,40,0,0,1,0,0,0,0,0,0,3,0,0,58,0,0,1,0,1,0,0,0,26,1,0,0,0,0,0,0,0,0,0,0,0,0,0,4460,153,36,1,73,0,0,0,0,0,0,679,20
0,0,0,0,0,0,1,0,0,0,0,76,2,0,0,0,0,0,0,0,0,0,0,0,4,0,0,0,1,0,0,0,0,10,0,0,0,0,0,0,0,0,0,0,1,0,0,0,59,1519,5,0,1,0,0,0,0,0,0,7,27
0,2,2,0,0,0,9,0,0,12,0,106,230,1,71,1,1,1,0,1,0,10,1,0,12,13,0,6,9,2,1,0,1,60,45,0,0,0,0,0,0,1,0,53,4,0,13,0,36,5,1877,0,21,0,0,0,0,0,1,15,2
0,0,0,0,0,0,4,0,0,0,70,32,5,312,32,60,0,0,2,8,1,61,0,0,36,3,112,19,3,2,0,0,0,8,5,357,2,16,31,5,2,0,0,0,121,355,59,3,12,4,17,2498,111,0,0,0,22,2,4,20,7
0,0,0,0,0,0,0,0,0,1,1,4,5,0,43,1,0,0,0,0,0,2,0,0,54,0,0,0,2,0,0,0,0,0,0,3,0,0,0,0,0,0,0,7,1,10,0,0,11,0,16,7,366,0,0,0,4,0,0,13,0
3,1,19,12,0,27,1,8,5,0,0,0,0,0,0,0,10,20,1,0,0,0,6,5,0,0,0,0,0,0,31,32,1,0,0,0,0,0,0,0,0,9,10,0,0,0,0,1,0,0,0,0,0,168,7,18,0,2,0,0,0
0,0,3,2,0,9,1,5,0,0,0,0,0,0,0,0,5,12,2,3,0,0,0,0,0,0,0,0,0,0,3,3,0,0,0,0,2,1,0,0,0,12,8,0,0,0,0,2,0,0,0,0,0,8,310,21,0,14,0,0,0
0,2,3,0,0,6,4,20,0,0,0,0,0,0,0,0,9,0,2,10,2,0,12,26,0,0,0,0,0,1,66,83,93,0,0,0,0,1,1,0,0,3,1,0,0,0,0,6,0,0,0,0,0,12,101,937,3,1,10,0,0
0,0,0,0,0,1,0,2,0,15,48,0,1,15,52,39,1,1,0,1,0,13,1,0,100,0,2,0,3,5,0,4,0,1,1,0,16,21,7,1,14,0,0,3,0,15,2,24,2,0,1,6,43,1,2,1,994,14,2,3,0
7,0,2,44,0,17,2,2,5,1,5,0,0,0,1,0,0,20,4,9,1,3,5,7,0,0,0,0,0,0,1,3,5,0,0,0,103,11,2,1,1,5,62,0,0,0,2,31,0,0,0,0,0,27,48,2,11,1759,0,0,0
0,1,1,0,3,3,0,29,0,0,0,0,2,0,0,2,11,0,1,1,0,0,8,4,0,0,1,0,2,7,20,9,81,5,0,0,2,0,1,1,0,3,0,0,0,0,1,0,0,0,0,0,0,1,5,35,0,0,989,0,0
0,0,0,0,0,1,6,0,0,0,0,9,3,0,20,6,0,0,0,0,0,3,0,0,20,0,0,1,1,2,0,1,0,13,1,0,0,0,0,0,0,0,0,1,0,0,0,0,447,39,14,1,46,0,0,0,5,0,0,2159,50
0,0,0,0,0,0,0,0,0,0,0,1,0,0,0,1,0,0,0,0,0,0,0,0,0,0,0,0,0,0,0,0,0,2,0,0,0,0,0,0,0,0,0,0,0,0,0,0,0,9,0,0,0,0,0,0,0,0,0,4,93
