0.64465,0.72549,0.41422,0.65567,0.40288,0.50329,0.35567,0.58732,0.62413,0.44125,0.63161,0.54419,0.52405,0.74305,0.64826,0.7163,0.49231,0.41691,0.33668,0.411,0.26744,0.67048,0.42203,0.54286,0.78617,0.61614,0.63127,0.97211,0.72442,0.77519,0.50762,0.62554,0.76142,0.74066,0.91442,0.82796,0.85309,0.73758,0.80893,0.57664,0.39319,0.56663,0.44755,0.85335,0.46174,0.63936,0.79693,0.86784,0.87539,0.85258,0.8242,0.70216,0.39893,0.21772,0.35968,0.50295,0.68057,0.781,0.66734,0.7255,0.38367
0.68478
1415,38,143,291,122,5,0,19,129,0,0,0,0,0,0,0,6,8,0,0,0,0,69,0,0,0,0,0,0,0,1,0,0,0,0,0,2,0,0,0,0,40,7,0,0,0,0,9,0,0,0,0,0,4,0,0,0,0,0,0,0
34,2072,70,1,146,6,0,0,116,0,0,0,0,0,0,0,323,0,1,2,0,0,5,76,0,0,0,0,0,1,72,25,9,0,0,0,1,0,1,1,0,14,1,0,0,0,1,2,0,0,0,0,0,1,1,5,0,0,0,0,0
76,69,845,52,68,155,0,11,90,0,0,0,0,0,0,0,84,26,0,1,0,0,13,3,0,0,0,0,0,0,13,27,1,0,0,0,2,2,0,0,0,89,11,0,0,0,1,8,0,0,0,0,0,47,6,2,0,1,0,0,0
330,0,46,1371,29,5,0,9,44,0,0,0,0,0,0,0,0,48,0,0,0,0,21,0,0,0,0,0,0,0,1,0,0,0,0,0,12,0,0,0,0,91,99,0,0,0,1,9,0,0,0,0,0,13,12,0,0,30,0,0,0
32,25,19,3,448,2,0,0,4,0,0,0,0,0,0,0,5,0,0,0,0,0,2,1,0,0,0,0,0,0,1,0,0,0,0,0,2,0,0,0,0,14,0,0,0,0,1,0,0,0,0,0,0,0,0,0,0,0,0,0,0
19,15,234,38,20,1222,36,48,28,0,3,0,0,0,0,1,42,167,32,42,2,0,19,4,0,0,0,0,1,0,19,181,4,0,0,0,46,10,6,0,0,97,25,0,3,0,14,8,0,0,0,1,0,101,55,9,10,15,2,0,0
0,0,0,0,1,7,138,0,0,0,0,0,0,0,0,1,0,1,1,6,0,9,0,1,0,0,1,1,2,1,0,7,0,0,0,1,0,0,0,0,0,0,0,0,4,0,0,0,2,0,1,0,0,0,1,3,0,0,0,2,0
4,7,13,8,1,48,9,1594,11,0,0,0,0,1,0,1,36,4,5,9,0,0,395,2,0,0,1,1,0,1,24,64,5,0,0,0,3,1,1,0,1,8,5,0,3,0,3,195,0,1,0,0,0,18,14,37,2,5,0,0,0
70,56,70,5,21,5,0,5,1433,0,0,0,0,0,0,0,17,1,1,0,0,0,6,37,0,0,0,0,0,0,1,8,2,0,0,0,0,0,0,0,0,4,32,0,0,0,1,4,0,0,0,0,0,4,0,0,0,0,0,0,0
0,0,0,0,0,1,0,0,1,169,1,0,7,0,10,0,0,2,0,0,0,1,0,0,1,1,0,0,1,0,0,0,0,0,0,0,0,1,0,0,0,0,0,18,0,0,4,2,0,0,0,0,0,0,0,0,0,0,2,1,0
0,0,0,0,0,0,0,0,0,1,979,0,2,52,11,4,0,0,0,2,0,10,0,0,0,3,27,2,0,0,0,0,0,0,0,7,3,9,5,1,1,0,1,0,17,153,2,3,0,0,1,27,0,0,1,0,36,9,0,0,0
0,0,0,0,0,0,0,0,0,0,0,468,3,0,0,0,0,0,0,0,0,0,0,0,0,0,0,0,0,0,0,0,0,54,1,0,0,0,0,0,0,0,0,0,0,0,0,0,12,23,22,0,2,0,0,0,0,0,0,1,4
0,0,1,1,0,2,1,0,0,4,0,11,523,0,27,3,0,0,0,1,0,0,1,0,15,26,0,3,15,4,3,4,1,41,9,1,1,2,0,0,0,1,0,9,5,0,1,0,5,0,112,1,4,0,0,0,0,1,9,4,1
0,0,0,0,0,0,1,2,0,1,167,5,9,2059,40,100,0,0,0,2,0,27,0,0,15,2,156,8,2,4,0,0,0,6,0,39,4,10,43,5,3,0,0,0,25,59,8,0,1,2,1,389,25,0,0,0,43,4,5,9,10
0,0,1,0,0,11,2,0,0,30,24,0,37,26,986,34,0,0,1,6,0,4,0,5,11,5,5,1,3,1,8,7,1,1,1,2,15,11,5,1,29,0,0,22,10,7,8,0,2,0,22,9,54,0,1,1,62,2,3,8,0
0,0,1,0,0,1,1,5,0,0,1,0,7,38,20,1068,0,1,0,1,0,0,2,1,0,0,4,0,1,13,3,14,7,0,0,1,6,9,21,4,91,0,0,0,0,0,3,4,0,0,0,1,2,0,1,7,8,2,10,0,1
11,335,185,4,83,65,0,42,66,0,0,0,1,0,0,0,1313,2,0,3,0,0,110,113,0,0,0,0,0,1,216,128,11,0,0,0,1,0,1,0,1,99,18,0,0,0,4,8,0,0,0,0,0,19,10,15,0,0,5,0,0
6,0,5,17,2,14,0,0,0,0,0,0,0,0,0,0,0,562,0,0,1,0,0,0,0,0,0,0,0,0,0,1,0,0,0,0,46,0,0,1,0,22,7,0,0,0,2,1,0,0,0,0,0,6,4,0,0,14,0,0,0
0,0,0,0,0,2,1,0,0,0,0,0,0,0,0,0,0,0,67,2,0,0,0,0,0,0,0,0,0,0,0,1,1,0,0,0,0,6,2,0,0,0,0,0,1,0,0,0,0,0,0,0,0,0,0,0,0,0,0,0,0
0,1,1,0,0,13,7,0,0,0,0,0,0,1,3,0,0,0,4,411,7,0,0,0,0,0,1,0,0,0,1,10,1,0,0,0,2,11,27,10,3,0,0,0,1,0,3,3,0,0,1,0,0,2,2,2,2,3,1,0,0
0,0,0,0,0,0,0,0,0,0,0,0,0,0,0,0,0,0,0,0,23,0,0,0,0,0,0,0,0,0,0,0,0,0,0,0,0,0,0,6,0,0,0,0,0,0,0,0,0,0,0,0,0,0,1,0,0,0,0,0,0
0,0,0,0,0,0,4,2,0,0,5,0,0,3,8,0,0,1,6,13,0,761,0,0,15,3,1,3,8,0,0,0,2,0,0,8,0,2,3,3,0,0,0,1,22,17,9,0,0,0,6,26,13,0,4,0,8,7,1,1,0
7,14,11,1,3,7,0,393,4,0,0,0,0,0,0,0,35,1,0,0,0,0,912,4,0,0,0,0,0,0,18,11,1,0,0,0,2,0,0,0,0,3,3,0,0,0,0,78,0,0,0,0,0,10,5,12,0,0,2,0,0
0,27,3,0,0,0,0,3,49,0,0,0,0,0,0,0,41,0,0,1,2,0,2,1292,0,0,0,0,0,0,72,37,125,0,0,0,0,0,0,0,0,1,15,0,0,0,1,0,0,0,0,0,0,3,1,35,0,0,2,0,0
0,0,0,0,0,0,1,0,0,1,0,2,1,1,13,1,0,0,0,0,0,4,0,0,1467,0,0,3,1,0,0,0,0,0,3,2,0,0,0,0,0,0,0,18,5,11,0,0,3,6,6,3,112,0,0,0,23,0,0,0,2
0,0,0,0,0,1,1,0,0,4,0,0,34,0,9,0,0,2,0,1,0,2,2,0,1,687,4,0,3,1,0,2,0,3,73,0,4,1,0,0,0,1,2,4,0,0,2,2,1,0,6,0,1,0,0,1,0,1,3,1,0
0,0,0,0,0,0,0,0,0,0,47,0,3,96,9,16,0,0,1,6,0,5,0,0,0,12,1082,2,2,4,0,0,0,0,1,163,0,3,7,8,4,0,0,0,9,18,8,1,0,0,0,27,1,0,1,2,13,0,9,0,0
0,0,0,0,0,0,0,0,0,0,13,0,0,7,1,0,0,0,0,2,0,0,0,0,0,0,1,6170,3,0,0,0,0,0,0,1,0,1,1,0,0,0,0,1,712,3,2,0,0,0,0,10,0,0,0,0,0,0,0,0,0
0,0,0,0,1,1,1,1,1,1,0,1,0,0,7,2,0,1,1,2,2,6,1,0,4,4,0,3,531,46,0,2,1,0,15,0,0,0,0,0,0,0,0,18,2,0,9,0,1,2,15,0,3,0,3,0,1,1,5,4,1
2,5,1,1,0,2,1,5,2,0,1,0,0,0,0,5,16,1,0,1,0,0,1,1,0,0,0,1,29,700,5,4,7,0,2,0,6,5,2,0,1,1,4,2,0,0,4,1,0,0,0,0,0,1,0,1,4,1,13,0,2
0,53,52,2,6,107,4,59,30,0,0,0,0,0,0,0,384,5,3,10,1,0,53,243,0,0,0,0,0,2,1433,574,293,0,1,0,3,0,0,1,1,63,11,0,0,0,3,7,0,0,0,0,0,85,26,186,0,0,59,0,1
4,47,94,0,10,522,129,121,68,0,2,0,1,2,0,7,237,6,6,164,22,0,47,193,1,0,1,0,2,12,598,2621,504,0,1,4,23,6,30,36,2,30,10,0,4,0,26,28,0,0,0,1,0,134,66,275,9,0,33,8,3
0,5,0,0,0,1,3,10,8,0,0,0,0,0,0,0,9,2,4,16,4,0,1,266,0,0,0,1,0,5,145,194,4117,0,0,0,4,0,4,6,0,0,7,0,1,0,3,2,0,0,0,0,0,3,13,191,0,0,184,0,0
0,0,0,0,0,0,1,1,0,0,0,91,31,0,0,2,0,0,0,0,0,0,0,0,1,1,0,0,0,1,0,0,0,694,2,0,0,0,0,0,0,0,0,0,0,0,0,0,14,14,16,0,1,0,0,0,0,0,4,9,18
0,0,0,0,0,1,9,1,0,7,0,12,44,0,20,0,0,0,2,2,0,6,0,0,7,306,0,4,35,0,2,0,0,12,2340,5,2,2,0,0,0,0,0,34,13,0,14,0,33,4,75,1,3,0,0,0,1,2,2,2,0
0,0,0,0,0,0,0,0,0,0,15,1,2,31,7,1,0,0,0,1,0,141,0,0,16,10,221,3,8,3,0,0,0,0,7,3210,0,1,0,2,0,0,0,1,44,170,16,0,0,1,0,301,22,0,0,0,5,0,1,1,2
46,2,46,79,41,42,0,3,103,1,5,0,0,1,22,20,7,286,4,7,0,2,4,17,0,0,1,0,0,5,7,13,36,0,0,0,2677,36,24,9,38,113,104,0,2,2,15,27,0,0,0,1,2,68,68,5,20,211,14,2,0
1,1,0,0,1,6,0,2,0,14,43,0,0,8,23,6,0,2,19,40,2,6,1,4,0,2,5,4,0,2,2,12,2,0,0,0,24,2004,328,50,29,4,4,0,7,10,8,10,0,0,0,2,2,3,4,2,46,19,4,0,1
0,0,3,2,2,9,4,7,2,3,25,0,4,76,39,52,0,4,20,172,14,9,1,4,2,1,29,2,1,13,4,15,1,0,0,3,36,457,3006,405,337,2,3,0,16,6,24,4,1,1,0,40,2,2,17,9,59,15,11,2,1
0,0,0,0,0,0,0,1,0,0,5,0,0,3,0,2,0,0,1,8,1,0,0,0,0,0,21,0,0,2,0,4,2,0,0,4,2,21,81,775,6,0,0,0,4,0,4,0,0,0,0,3,1,0,3,4,1,5,3,0,0
0,0,0,0,0,1,0,3,1,0,0,0,0,0,2,29,0,0,0,2,0,0,1,6,0,0,0,0,1,4,1,3,1,0,0,0,5,12,30,4,381,2,4,0,0,0,2,1,0,0,0,0,0,0,3,1,4,0,2,0,0
25,12,103,81,58,43,0,4,11,0,0,0,0,0,0,0,17,130,1,0,0,0,4,2,0,0,0,0,0,0,4,2,1,0,0,0,22,0,0,0,0,1012,31,0,0,0,1,4,0,0,0,0,0,18,40,5,0,4,0,0,0
0,1,1,11,0,1,0,0,19,0,0,0,0,0,0,0,0,1,0,0,0,0,1,1,0,0,0,0,0,0,0,1,0,0,0,0,4,0,0,0,0,3,448,0,0,0,0,1,0,0,0,0,0,2,1,0,0,0,0,0,0
0,0,2,0,0,4,2,0,0,104,0,3,13,0,23,0,1,1,0,0,0,0,0,1,10,17,0,1,23,1,0,0,0,1,26,0,2,0,0,0,0,0,0,1222,1,1,6,0,2,3,20,0,2,0,0,0,0,1,0,0,0
0,0,0,0,0,0,3,1,0,0,9,0,0,6,1,0,0,0,0,6,0,29,0,0,7,0,3,98,11,3,0,1,0,0,2,11,0,2,2,1,0,0,0,0,439,15,33,0,0,0,0,20,3,0,0,0,2,4,2,0,0
0,0,0,0,0,0,1,0,0,2,73,0,4,19,2,0,0,0,1,0,0,12,0,0,14,0,15,8,1,0,0,0,0,0,0,46,0,1,1,1,0,0,0,3,24,1553,8,0,0,0,0,131,11,0,0,0,15,0,0,0,0
24,44,23,36,24,31,3,12,27,14,11,0,7,13,16,22,31,16,1,14,5,5,12,36,2,7,18,1,27,54,35,47,44,0,22,15,33,20,33,8,9,21,50,10,44,11,1350,7,0,0,5,48,0,6,12,11,12,55,85,0,0
77,21,33,25,20,24,2,286,38,1,1,0,0,2,5,12,27,9,8,3,0,0,445,26,0,1,0,0,0,2,17,33,48,0,0,4,22,19,9,1,11,19,25,0,0,0,8,3244,0,0,0,1,0,21,15,28,34,43,0,0,0
0,0,0,0,0,0,0,0,0,0,0,46,2,0,1,0,0,0,0,0,0,2,0,0,59,0,0,1,0,1,0,0,0,23,1,0,0,0,0,0,0,0,0,0,0,0,0,0,4433,153,37,1,73,0,0,0,0,0,0,699,22
0,0,0,0,0,0,0,0,0,0,0,76,1,0,0,0,0,0,0,0,0,0,0,0,4,0,0,0,2,0,0,0,0,10,0,0,0,0,0,0,0,0,0,0,0,0,0,0,60,1521,7,0,1,0,0,0,0,0,0,7,24
0,1,0,0,1,0,10,0,0,9,0,95,241,0,69,1,0,0,0,1,0,10,1,0,16,22,0,8,10,1,1,1,1,59,45,0,0,0,0,0,0,1,0,60,2,0,14,0,29,5,1866,1,24,0,1,0,0,0,1,17,1
0,0,0,0,0,0,0,0,0,0,66,34,8,312,30,58,0,0,0,15,0,63,0,0,36,3,114,17,2,1,0,0,0,10,4,345,0,16,34,1,2,0,0,0,120,369,60,3,12,2,14,2506,102,0,0,0,26,5,5,21,7
0,0,0,0,0,0,0,0,0,1,1,3,4,0,39,1,0,0,0,0,0,3,0,0,52,0,0,0,2,0,0,0,0,0,0,3,0,0,0,0,0,0,0,6,2,9,0,0,9,0,18,7,373,0,0,0,5,0,0,13,0
3,1,20,11,1,29,1,10,5,0,0,0,0,0,0,0,9,19,1,1,0,0,3,6,0,0,0,0,0,0,28,30,2,0,0,0,0,0,0,0,0,9,8,0,0,0,0,1,0,0,0,0,0,172,8,17,0,2,0,0,0
1,1,3,4,0,8,1,3,0,0,0,0,0,0,0,0,1,13,2,4,0,0,2,0,0,0,0,0,0,0,4,4,0,0,0,1,2,0,0,0,0,10,6,0,0,0,0,0,0,0,0,0,0,10,314,19,0,13,0,0,0
0,2,5,0,0,4,5,21,1,0,0,0,0,0,0,0,10,0,1,10,0,0,11,26,0,0,0,0,0,1,61,84,93,0,0,0,0,2,2,0,0,3,1,0,0,0,2,5,0,0,0,0,0,13,103,937,2,1,9,0,0
0,0,0,0,0,1,0,2,0,16,46,0,3,14,62,33,1,2,0,1,0,12,1,1,86,1,2,0,3,4,0,2,0,0,1,0,15,22,6,2,16,0,0,2,0,15,2,23,2,0,0,8,52,1,1,2,995,15,2,3,0
8,0,5,47,0,16,2,3,5,0,7,0,0,0,1,0,2,24,4,8,0,4,3,4,0,0,0,0,0,2,0,9,5,0,0,0,102,12,1,1,1,6,59,0,0,0,2,33,0,0,0,0,0,21,52,1,8,1751,0,0,0
0,1,1,0,3,2,0,25,0,0,0,0,2,0,0,3,13,0,1,1,0,0,9,4,0,0,1,0,2,5,23,7,78,4,0,0,2,0,0,1,2,3,0,0,0,0,1,0,0,0,0,0,0,2,3,38,0,0,991,0,1
0,0,0,0,0,1,4,0,0,0,0,11,4,0,14,6,0,0,0,0,0,2,0,0,24,1,0,1,1,2,0,0,0,18,2,1,0,0,0,0,0,0,0,1,0,0,0,0,442,36,13,3,44,0,0,0,6,0,1,2162,49
0,0,0,0,0,0,0,0,0,0,0,1,0,0,1,0,0,0,0,0,0,0,0,0,0,0,0,0,0,0,0,0,0,1,0,0,0,0,0,0,0,0,0,0,0,0,0,0,0,10,0,0,0,0,0,0,0,0,0,3,94
