0.65316,0.72234,0.42325,0.65517,0.38976,0.50041,0.34491,0.58637,0.6244,0.41602,0.63624,0.54708,0.52658,0.73792,0.64741,0.70429,0.5,0.41029,0.36126,0.41466,0.30769,0.66667,0.42797,0.53695,0.77884,0.61905,0.62391,0.97124,0.73029,0.7713,0.5075,0.62251,0.75968,0.73601,0.91044,0.82797,0.85497,0.7443,0.81527,0.55796,0.40021,0.57207,0.44103,0.85172,0.46189,0.64154,0.79811,0.86794,0.87849,0.85042,0.81778,0.69802,0.40412,0.20881,0.35017,0.50188,0.67722,0.786,0.67028,0.727,0.35659
0.68437
1418,41,131,295,134,6,0,19,131,0,0,0,0,0,0,0,3,6,0,0,0,0,69,0,0,0,0,0,0,0,1,0,0,0,0,0,1,0,0,0,0,36,6,0,0,0,0,8,0,0,0,0,0,3,0,0,0,0,0,0,0
34,2076,75,2,143,4,0,1,119,0,0,0,0,0,0,0,322,0,0,3,0,0,6,77,0,0,0,0,0,1,67,24,11,0,0,0,2,0,1,0,0,11,1,0,0,0,1,0,0,0,0,0,0,1,1,4,0,0,0,0,0
74,68,852,53,75,160,1,11,87,0,0,0,0,0,0,0,80,27,2,0,0,0,9,5,0,0,0,0,0,0,14,28,1,0,0,0,1,0,0,0,0,85,10,0,0,0,0,6,0,0,0,0,0,46,5,2,0,1,0,0,0
324,1,48,1368,33,7,0,7,42,0,0,0,0,0,0,0,0,49,0,0,0,0,25,0,0,0,0,0,0,0,0,0,0,0,0,0,12,0,0,0,0,93,96,0,0,0,1,11,0,0,0,0,0,12,11,0,0,31,0,0,0
32,24,20,3,449,1,0,1,4,0,0,0,0,0,0,0,4,0,0,0,0,0,2,1,0,0,0,0,0,0,0,0,0,0,0,0,2,0,0,0,0,15,0,0,0,0,1,0,0,0,0,0,0,0,0,0,0,0,0,0,0
19,19,228,37,23,1218,37,49,25,0,3,0,0,0,1,1,41,164,31,42,2,0,14,3,0,0,0,0,1,1,24,182,5,0,0,0,47,9,3,1,0,92,25,0,3,0,18,12,0,0,0,1,1,98,64,8,9,17,1,0,0
0,1,0,0,0,6,135,0,0,0,0,0,0,0,0,2,0,0,3,5,0,11,0,1,0,0,1,0,1,0,0,9,0,0,2,1,0,0,0,0,0,0,0,0,5,0,0,0,0,0,1,0,1,0,1,2,0,0,0,2,1
4,8,12,6,1,53,7,1592,11,0,0,0,0,0,0,2,30,3,5,8,0,0,382,2,0,0,1,1,0,1,28,74,5,0,0,0,3,1,0,0,1,6,5,0,3,0,3,202,0,0,1,0,0,20,15,37,1,6,0,0,1
67,57,68,6,23,9,0,6,1433,0,0,0,0,0,0,0,14,1,0,0,0,0,6,35,0,0,0,0,0,0,1,7,2,0,0,0,0,0,0,0,0,5,32,0,0,0,1,4,0,0,0,0,0,6,0,0,0,0,0,0,0
0,0,0,0,0,1,0,0,1,161,1,0,6,0,10,0,0,2,0,0,0,1,0,0,0,2,0,0,1,0,0,0,0,0,0,0,0,1,0,0,0,0,0,25,1,0,2,2,1,0,1,0,0,0,0,0,0,1,2,1,0
0,0,0,0,0,0,0,0,0,3,962,0,1,59,11,5,0,1,0,1,0,10,0,0,1,1,28,1,0,0,0,0,0,0,0,7,2,10,2,2,1,0,0,0,17,156,2,3,0,0,1,28,2,0,1,0,40,11,0,0,0
0,0,0,0,0,0,0,0,0,0,0,459,2,0,0,0,0,0,0,0,0,0,0,0,0,0,0,0,0,0,0,0,0,56,1,0,0,0,0,0,0,0,0,0,0,0,0,0,13,30,21,0,2,0,0,0,0,0,0,3,3
0,0,1,0,0,2,2,0,0,5,0,10,515,0,30,3,1,2,0,2,0,0,1,0,12,30,0,2,14,2,2,4,1,41,9,1,0,2,0,0,1,1,0,11,6,0,1,0,4,1,115,0,3,0,0,0,0,1,10,3,2
0,0,0,0,0,1,0,2,0,2,161,6,8,2047,35,95,0,0,0,7,1,27,0,0,18,3,165,8,2,7,0,0,0,7,1,36,6,5,42,4,2,0,0,0,26,59,5,0,2,2,2,407,22,0,0,0,42,3,5,5,13
0,2,1,0,1,10,2,0,0,36,22,1,37,26,964,39,2,1,0,8,1,2,0,3,9,7,5,2,5,3,7,8,1,1,3,2,11,14,6,1,28,0,0,16,7,8,8,0,1,0,22,9,58,0,4,1,62,3,5,10,0
0,0,1,0,0,0,1,5,0,0,2,0,6,40,16,1067,0,1,0,1,0,0,3,3,0,2,6,0,3,12,3,11,8,0,0,3,7,8,16,3,83,0,0,0,0,0,6,2,0,0,0,1,3,0,3,7,14,1,9,1,2
9,335,179,3,91,67,0,46,71,0,0,0,2,0,0,0,1309,2,0,3,0,0,107,108,0,0,0,0,0,1,223,127,9,0,0,0,2,0,1,0,1,91,17,0,0,0,3,8,0,0,0,0,0,25,10,15,0,0,5,0,0
4,0,6,14,3,14,0,0,0,0,0,0,0,0,0,0,0,558,0,0,0,0,0,0,0,0,0,0,0,0,0,1,0,0,0,0,51,0,0,2,0,24,9,0,0,0,1,1,0,0,0,0,0,6,2,0,0,15,0,0,0
0,0,0,0,0,3,0,1,0,0,0,0,0,0,0,0,0,0,69,2,0,0,0,0,0,0,0,0,0,0,0,1,1,0,0,0,0,4,1,0,0,0,0,0,1,0,0,0,0,0,0,0,0,0,0,0,0,0,0,0,0
0,1,2,0,0,13,9,1,0,0,0,0,1,0,3,0,0,2,5,413,2,0,0,0,0,0,0,0,0,0,0,10,1,0,0,0,1,11,22,12,4,0,0,0,1,0,2,3,0,0,0,0,1,2,4,2,2,3,1,0,0
0,0,0,0,0,0,0,0,0,0,0,0,0,0,0,0,0,0,0,1,24,0,0,0,0,0,0,0,0,0,0,0,0,0,0,0,0,0,0,4,0,0,0,0,0,0,0,0,0,0,0,0,0,0,1,0,0,0,0,0,0
0,0,0,0,0,0,6,2,0,0,5,0,1,3,5,0,0,1,2,18,0,756,0,0,19,2,0,3,7,0,0,0,2,0,0,7,0,4,1,3,0,0,0,1,25,18,8,1,1,0,5,29,10,0,4,0,9,6,1,1,0
6,14,13,2,3,5,0,388,3,0,0,0,0,0,0,0,38,1,0,0,0,0,921,6,0,0,0,0,0,0,15,10,1,0,0,0,1,0,0,0,0,2,2,0,0,0,0,74,0,0,0,0,0,12,5,11,0,2,2,0,0
0,28,2,0,0,0,0,3,53,0,0,0,0,0,0,0,35,0,0,2,1,0,3,1286,0,0,0,0,0,2,67,38,130,0,0,0,0,0,0,0,0,1,17,0,0,0,1,0,0,0,0,0,0,3,2,37,0,0,1,0,0
0,0,0,0,0,0,1,0,0,1,0,2,1,1,15,0,0,0,0,0,0,5,0,0,1465,0,0,3,3,0,0,0,0,1,3,2,0,0,0,0,0,0,0,19,4,10,0,0,3,4,5,5,108,0,0,0,26,0,0,1,1
0,0,0,0,0,0,1,0,0,5,0,0,33,0,8,0,0,1,0,3,0,1,1,0,0,689,5,0,2,2,0,2,0,2,73,0,2,1,0,0,0,1,2,3,0,0,1,5,2,0,7,0,1,0,0,1,1,1,3,1,0
0,0,0,0,0,0,0,1,0,0,51,0,3,89,9,18,0,0,1,7,1,5,1,0,0,12,1070,2,2,3,0,1,0,0,1,168,0,3,6,13,3,0,0,0,6,18,9,0,0,0,0,32,0,0,1,2,12,0,10,0,0
0,0,0,0,0,0,0,0,0,0,12,0,0,7,1,0,0,0,0,3,0,0,0,0,0,0,1,6180,2,0,0,0,0,0,0,1,0,0,2,0,0,0,0,1,703,2,2,0,0,0,0,11,0,0,0,0,0,0,0,0,0
0,0,0,0,1,1,3,0,0,1,0,1,0,0,8,2,0,1,1,2,0,9,2,0,5,5,0,3,528,49,2,3,1,0,16,0,0,0,0,0,0,0,0,19,3,0,7,0,0,2,11,0,1,0,1,1,2,1,3,5,0
3,6,3,1,1,1,1,6,2,0,0,0,0,1,0,4,13,2,0,1,0,0,0,1,0,0,0,1,38,688,4,6,7,0,2,0,5,4,1,0,3,0,3,2,1,0,2,2,0,0,1,0,0,0,1,1,4,2,17,0,0
0,51,52,2,8,113,2,61,28,0,0,0,0,0,0,0,364,6,3,10,0,0,53,244,0,0,0,0,0,2,1455,570,290,0,1,0,2,0,0,1,1,63,11,0,0,0,4,6,0,0,0,0,0,88,23,188,0,0,58,0,1
3,48,83,0,9,522,139,118,72,0,1,0,1,1,2,5,232,6,6,154,19,1,42,206,1,0,1,0,1,12,617,2594,514,0,2,5,22,3,29,40,4,31,10,0,4,1,22,26,0,0,1,1,0,135,73,280,9,1,30,7,4
0,6,0,0,0,1,3,9,10,0,0,0,0,0,0,1,11,2,4,15,5,0,1,282,0,0,0,1,0,4,137,193,4119,0,0,0,4,0,2,4,0,0,5,0,1,0,5,4,0,0,0,0,0,4,15,185,0,0,176,0,0
0,0,0,0,0,0,0,1,0,0,0,79,37,0,0,2,0,0,0,0,0,1,0,0,0,1,0,0,0,1,0,0,0,697,2,0,0,0,0,0,0,0,0,0,0,0,0,0,12,18,19,0,1,0,0,0,0,0,5,10,15
0,0,0,1,0,0,7,1,0,8,0,14,36,0,20,0,0,0,1,4,0,4,0,0,6,301,0,2,31,0,2,0,0,12,2338,7,2,3,0,0,0,1,1,35,13,0,13,0,40,5,78,1,6,0,1,0,0,3,4,2,0
0,0,0,0,0,0,2,0,0,0,12,1,2,30,6,1,0,0,0,1,0,143,0,0,14,10,235,5,9,5,0,0,0,0,6,3215,0,1,0,2,0,0,0,0,42,175,13,0,0,1,0,286,17,0,0,0,5,0,1,1,3
45,3,43,76,44,40,0,3,101,1,4,0,0,2,21,25,6,283,3,4,1,2,5,21,0,0,0,1,0,6,8,12,36,0,0,0,2694,33,24,7,36,119,112,0,1,2,17,25,0,0,0,2,0,70,63,5,17,198,16,1,0
1,1,0,0,0,5,0,3,0,14,38,0,0,8,14,9,2,3,19,48,1,4,1,2,2,2,3,5,0,3,8,14,2,0,0,0,19,1991,331,55,30,3,3,0,6,14,8,11,0,0,0,3,0,3,5,3,50,20,2,0,0
0,1,4,5,2,9,6,6,1,5,26,0,3,78,44,60,0,6,19,158,12,10,2,4,2,2,30,2,1,11,5,11,0,0,0,5,37,446,3001,430,336,3,1,0,14,5,23,4,0,1,0,36,3,2,9,11,62,13,9,1,2
0,0,0,0,0,0,0,1,0,0,4,0,0,5,0,3,0,0,2,9,1,0,0,0,1,0,20,0,0,1,0,1,3,0,0,3,3,19,79,775,8,0,0,0,5,1,3,0,0,0,0,2,0,0,3,4,2,6,3,0,0
0,0,2,0,0,2,0,3,1,0,0,0,0,0,2,26,0,0,0,1,0,0,1,4,0,0,0,0,0,3,1,1,1,0,0,0,5,11,32,8,385,2,4,0,0,0,3,0,0,0,0,0,0,0,3,0,3,0,2,0,0
28,13,98,74,61,42,0,4,11,0,0,0,0,0,0,0,18,138,1,0,1,0,4,1,0,0,0,0,0,0,3,2,1,0,0,0,23,0,0,0,0,1020,32,0,0,0,1,3,0,0,0,0,0,17,34,3,0,2,0,0,0
0,0,2,11,0,1,0,0,20,0,0,0,0,0,0,0,0,1,0,0,0,0,1,1,0,0,0,0,0,0,0,1,0,0,0,0,5,0,0,0,0,5,445,0,0,0,0,1,0,0,0,0,0,1,0,0,0,1,0,0,0
1,1,1,0,0,2,2,0,1,98,0,4,7,0,21,0,1,1,0,0,0,1,0,0,11,18,0,1,14,1,0,2,0,1,27,0,2,0,0,0,0,0,0,1235,1,1,8,0,2,2,24,0,2,0,0,0,0,0,0,0,0
0,0,0,0,0,1,1,1,0,0,7,0,0,8,1,0,0,0,0,5,0,30,0,0,7,0,2,107,12,3,0,0,0,0,2,11,0,2,1,1,0,0,0,0,427,16,38,0,0,0,0,18,3,0,0,0,3,5,2,0,0
0,0,0,0,0,0,1,0,0,3,74,0,3,13,1,0,0,0,0,0,0,14,0,0,14,0,10,6,0,0,0,0,0,0,0,38,0,3,2,1,0,0,0,2,21,1566,6,0,0,0,1,141,14,0,0,0,12,0,0,0,0
26,41,23,43,22,30,3,14,19,12,12,0,6,12,19,24,27,19,1,14,4,6,10,35,2,6,15,1,21,53,35,47,44,0,29,15,37,22,26,11,10,17,54,14,45,11,1352,7,0,0,5,52,0,8,13,8,11,48,87,0,1
63,24,29,26,18,22,2,285,42,0,1,0,0,3,1,11,27,7,5,2,0,0,450,22,0,1,0,0,0,1,16,34,48,0,0,4,23,16,6,1,8,20,30,0,0,0,9,3273,0,0,0,2,0,16,18,27,34,43,0,0,0
0,0,0,0,0,0,1,0,0,0,0,38,1,0,1,0,0,0,0,0,0,3,0,0,64,0,0,1,0,0,0,0,0,23,1,0,0,0,0,0,0,0,0,0,0,0,0,0,4439,149,39,1,73,0,0,0,0,0,0,696,24
0,0,0,0,0,0,0,0,0,0,0,75,1,0,0,0,0,0,0,0,0,0,0,0,4,0,0,0,1,0,0,0,0,14,0,0,0,0,0,0,0,0,0,0,1,0,0,0,58,1518,3,1,2,0,0,0,0,0,0,10,25
0,0,2,0,1,2,10,0,0,12,0,108,244,1,80,1,2,0,0,0,1,10,1,0,14,16,0,6,13,2,0,0,1,60,43,0,0,0,0,0,0,1,0,57,3,0,13,0,24,6,1849,0,23,0,0,0,0,0,1,15,3
0,0,0,0,0,0,1,0,0,0,64,30,8,323,33,64,0,0,0,15,0,57,0,0,38,2,113,18,3,1,0,0,0,10,4,348,1,12,33,4,1,0,0,0,122,353,65,3,7,4,18,2501,105,0,1,0,25,3,4,21,8
0,0,0,0,0,0,0,0,0,1,1,3,6,0,39,1,0,0,0,0,0,2,0,0,55,1,0,0,2,0,0,0,0,0,0,3,0,0,0,0,0,0,0,5,2,10,0,0,8,0,17,6,373,0,0,0,5,0,0,11,0
4,1,19,14,2,26,1,9,2,0,0,0,0,0,0,0,12,20,1,1,0,0,4,5,0,0,0,0,0,0,29,32,1,0,0,0,0,0,0,0,0,9,10,0,0,0,0,0,0,0,0,0,0,166,8,19,0,2,0,0,0
0,2,4,3,0,8,2,4,0,0,0,0,0,0,0,0,2,14,2,4,0,0,2,0,0,0,0,0,0,0,2,5,0,0,0,1,2,1,0,0,0,13,5,0,0,0,0,0,0,0,0,0,0,10,305,21,0,14,0,0,0
0,1,4,0,0,4,6,23,1,0,0,0,0,0,0,0,8,0,0,8,0,0,9,27,0,0,0,0,0,1,64,82,97,0,0,0,0,2,2,0,0,3,1,0,0,0,1,6,0,0,0,0,0,12,107,935,1,1,9,0,0
0,0,0,0,0,1,0,1,0,17,45,0,2,17,51,36,1,2,1,1,0,13,1,0,97,0,3,0,3,3,0,2,0,1,1,0,13,23,6,0,15,0,0,4,1,15,2,23,2,0,0,5,42,1,3,1,1005,12,2,3,1
6,0,4,43,0,20,2,4,4,2,4,0,0,0,1,0,2,27,4,8,0,3,3,5,0,0,0,0,0,0,2,7,4,0,0,0,99,10,2,2,1,7,59,0,0,0,2,35,0,0,0,0,0,28,48,1,8,1752,0,0,0
0,0,1,0,4,1,0,23,0,0,0,0,2,0,0,4,11,0,0,2,0,0,10,5,0,0,1,0,2,4,25,11,75,4,0,0,2,0,1,2,0,3,1,0,0,0,1,0,0,0,0,0,0,0,3,41,0,0,990,0,0
0,0,0,0,0,0,6,0,0,0,0,7,3,0,15,4,0,0,0,0,1,3,0,0,20,0,0,1,1,3,0,0,0,15,1,0,0,0,0,0,0,0,0,1,1,0,0,0,434,33,14,2,46,0,0,0,8,0,1,2173,56
0,0,0,0,0,0,0,0,0,0,0,1,0,0,1,0,0,0,0,0,0,0,0,0,0,0,0,0,0,0,0,0,0,2,0,0,0,0,0,0,0,0,0,0,0,0,0,0,0,9,0,0,0,0,0,0,0,0,0,5,92
