0.37442,0.34789,0.6644,0.47454,0.18782,0.51058,0.28437,0.22279,0.5222,0.13659,0.23721,0.98525,0.65028,0.24617,0.61194,0.63511,0.3347,0.27141,0.31241,0.20764,0.67881,0.55429,0.65451,0.47484,0.21818,0.46168,0.19678,0.35464,0.72823,0.76056,0.24635,0.29175,0.22787,0.55019,0.30303,0.56011,0.60547,0.34442,0.3888,0.32395,0.22444,0.96044,0.1668,0.81225,0.93876,0.3348,0.3039,0.47173
0.44685
0,0,5,0,0,0,0,404,0,291,359,0,0,0,0,10,29,0,0,3,0,57,0,12,461,0,120,2,0,0,0,0,0,0,0,81,0,0,597,32,39,0,510,0,0,0,52,0
0,0,266,0,0,0,19,546,0,375,0,0,0,2,4,0,896,0,0,260,0,4,0,2,277,0,1,92,0,0,28,0,30,0,1,16,0,0,14,1036,59,0,69,0,0,0,0,0
3,8,19,1,8,5,43,176,12,517,111,4,20,13,1,2,106,65,1,79,5,23,6,17,350,2,95,74,2,1,1,1,14,27,2,23,0,9,38,143,81,1,325,1,5,13,102,0
0,3,0,0,0,0,0,106,0,91,612,0,0,0,0,46,1,0,0,1,0,25,0,21,152,22,664,0,0,0,0,0,0,0,0,41,0,0,52,0,31,0,421,0,0,0,649,0
0,0,3,0,0,0,1,148,0,136,18,0,0,0,0,1,57,0,0,1,0,2,0,2,157,2,12,4,0,0,0,0,0,0,0,2,0,0,8,30,85,0,57,0,0,0,3,0
0,56,25,1,6,52,240,74,1,380,202,0,3,35,3,24,45,345,0,184,0,60,1,75,133,105,299,222,1,0,7,4,23,4,13,17,0,50,39,124,110,0,255,0,0,48,120,0
0,2,15,0,0,0,9,649,0,167,27,0,0,0,3,2,7,0,0,116,0,5,0,0,641,0,2,3,0,0,1,0,6,0,0,24,0,0,21,26,5,0,637,0,0,0,22,0
1,91,2,82,9,0,4,1,32,2,2,0,0,0,0,7,0,0,2,1,0,0,2,0,0,1,6,0,0,1,1,0,1,8,8,0,0,2,0,1,1,2,5,0,0,9,11,0
1163,1,4,0,188,56,1,0,2,1,9,13,136,84,5,19,0,144,8,0,3,4,33,21,0,32,1,4,821,1,1,167,1,2017,72,1,1489,1025,0,0,1,21,0,625,7,7,2,34
0,0,0,6,2,0,21,0,34,0,0,0,0,0,0,0,0,0,165,0,3,0,0,0,0,0,0,0,0,38,0,0,0,0,0,0,0,0,0,0,0,0,0,0,0,38,0,515
14,49,15,167,35,0,96,1,476,4,1,1,6,3,0,0,2,1,118,0,3,1,27,0,0,1,0,6,0,11,5,4,1,3,33,1,0,1,3,4,11,8,0,0,3,12,0,19
94,22,9,274,555,26,2,2,224,14,2,4,8,12,4,2,5,25,4,6,10,1,19,15,1,5,2,16,2,6,8,141,2,121,216,3,15,46,0,6,0,2,1,21,4,2,0,0
50,0,0,1,30,36,4,0,2,4,7,0,1,17,10,12,1,10,1,15,0,24,1,22,1,12,0,6,134,0,16,1029,6,86,201,5,14,24,0,0,4,0,0,0,0,2,0,0
0,1,40,0,0,1,23,250,0,472,19,0,0,6,5,3,579,15,0,223,0,156,0,53,173,2,6,211,0,0,96,0,127,0,1,18,0,0,84,793,331,0,132,0,0,3,27,0
0,0,0,0,0,1,3,1,0,3,61,0,4,2,1,5,0,2,0,1,0,1,0,21,8,110,564,1,0,0,0,0,0,0,1,4,0,1,0,0,34,0,40,0,0,1,79,0
11,0,3,0,2,269,8,0,0,6,2,0,2,136,1,4,1,17,0,4,0,1,1,120,0,4,1,24,1,0,8,7,9,46,1,3,0,10,2,4,1,0,1,0,0,2,5,0
42,8,3,3,57,10,16,0,2,1,1,6,38,35,1,2,0,343,1,0,3,0,36,2,0,2,462,3,0,0,1,0,0,113,7,0,5,9,1,0,0,9,0,28,3,1,8,1
0,0,9,0,0,8,81,18,0,88,19,0,1,12,6,404,25,22,0,81,0,2680,0,3,14,17,6,95,2,0,50,1,101,2,2,20,0,6,891,62,619,0,32,0,4,22,25,0
1,0,1,0,0,0,287,143,0,22,0,0,0,4,137,0,59,0,0,501,0,1,0,0,87,0,0,139,0,0,232,0,407,0,1,125,0,0,4,43,12,0,62,0,0,6,8,0
17,14,2,7,321,0,2,0,5,0,0,1,5,1,0,0,0,3,5,0,7,0,1777,0,0,0,1,0,0,3,0,0,0,1,8,0,5,0,0,0,0,4,0,4,3,2,0,3
13,635,1,162,19,2,9,0,86,2,4,0,0,0,1,3,4,1,49,1,1,0,0,0,0,3,0,1,1,6,1,2,7,0,164,0,0,1,2,1,2,0,0,0,0,1,4,3
17,3,1075,0,11,2,0,0,1,0,1,3940,560,535,1,1,0,24,0,0,0,0,12,1,0,7,10,11,3,0,1,2,0,23,12,0,11,7,0,0,0,2258,0,26,1625,0,0,0
4,154,39,242,15,9,16,7,111,23,13,1,11,14,25,4,18,9,2,2,3,9,25,6,4,5,10,23,3,3,8,372,4,4,760,25,0,8,2,23,10,4,4,0,8,4,9,5
0,10,3,0,1,7,273,53,0,200,118,0,0,10,182,1,364,115,0,578,0,58,0,60,37,13,9,491,0,0,856,3,667,0,0,188,0,1,29,315,222,0,73,0,0,73,32,0
2,49,19,2,4,117,753,83,4,362,33,0,0,217,326,16,359,577,1,745,0,112,3,42,71,30,14,1132,11,1,719,14,847,6,16,316,4,5,83,422,152,0,119,0,0,429,28,0
1,2,0,1,0,4,128,11,0,2,26,0,0,28,2624,0,9,2,0,198,0,6,0,4,6,6,1,287,0,0,1029,3,612,0,2,1803,0,0,5,16,34,0,21,0,0,77,2,0
1,0,0,8,3,0,21,0,59,0,1,0,0,0,0,0,0,6,726,0,3,1,1,0,0,0,0,0,0,22,0,1,0,0,5,0,0,0,0,1,4,0,0,0,0,54,0,264
7,1354,6,1482,92,3,35,0,646,0,2,0,14,1,0,0,26,13,13,0,14,1,100,0,0,0,2,4,1,57,2,0,1,6,88,0,0,2,0,0,2,4,0,0,5,11,5,19
1376,9,8,7,425,22,4,0,5,0,3,27,1601,78,2,8,0,900,31,1,17,0,66,5,0,12,2,3,2910,5,0,47,0,315,35,3,2457,96,0,0,0,23,0,3448,45,14,1,119
6,41,5,0,13,63,5,104,0,49,435,0,2,6,290,201,7,16,0,109,0,6,0,214,128,1699,746,18,4,0,9,219,11,11,54,79,0,58,9,2,107,1,456,7,0,6,470,0
107,6,1,3,10,1134,8,0,0,11,11,0,9,230,5,28,1,5,0,2,0,3,1,268,1,16,6,6,1,0,4,425,5,404,34,13,0,1012,1,1,2,2,2,15,0,8,10,0
472,5,2,3,85,2582,20,6,2,27,13,0,13,547,16,22,8,15,3,14,0,7,6,1576,4,60,10,27,48,0,10,770,10,394,109,12,23,353,4,11,10,4,14,6,0,2,12,0
116,0,0,0,2,583,0,0,0,0,0,0,0,145,6,4,0,1,0,3,0,2,1,338,0,14,1,4,12,0,1,31,3,2,3,8,12,37,0,1,1,3,0,0,0,0,0,0
0,0,4,0,0,1,4,26,0,264,116,0,0,1,0,1,15,6,0,8,0,10,0,339,133,50,539,3,0,0,3,0,11,0,0,11,0,0,26,28,260,0,160,0,0,0,117,0
0,0,0,0,0,0,0,12,0,19,10,0,0,0,0,1,0,0,0,6,0,2,0,1,16,5,5,0,0,0,0,0,1,0,0,6,0,0,7,0,2,0,166,0,0,0,425,0
2,1201,10,398,40,0,21,1,204,4,6,0,1,0,0,2,5,0,2,1,1,0,37,0,2,2,9,2,0,6,1,0,3,1,27,0,0,0,0,0,0,0,1,1,5,5,3,8
0,10,5,0,2,12,16,76,0,104,52,0,1,2,21,1845,14,7,0,90,0,1490,0,9,61,17,23,46,27,0,38,40,469,4,15,125,0,17,1243,27,40,0,49,0,0,212,41,0
0,0,0,0,23,0,0,0,30,0,0,0,0,0,0,0,0,27,931,0,2534,0,96,0,0,0,0,0,1,3348,0,0,0,1,1,0,0,0,0,0,0,0,0,0,1,213,0,264
0,0,0,1,1,0,4,0,1,0,0,0,0,0,0,0,0,1,55,0,4,0,7,0,0,0,0,0,0,82,0,0,0,0,0,0,0,0,0,0,0,0,0,0,0,763,0,1318
4,63,14,242,138,0,352,0,2176,4,1,1,8,0,1,0,4,7,227,0,38,0,44,0,0,0,1,4,0,56,2,0,0,1,7,2,0,0,0,4,0,4,0,0,7,30,0,97
37,3,0,20,322,0,1,0,33,0,0,1,11,0,0,0,0,2,17,0,30,0,185,0,0,0,0,0,4,12,0,0,0,2,3,0,10,1,0,0,0,1,0,41,3,0,0,2
0,7,1,0,0,0,29,6,0,40,19,0,0,1,1,4,5,23,0,63,0,10,0,7,15,7,59,28,1,0,29,0,37,0,0,4,0,1,9,12,17,0,53,0,0,2,42,0
0,1,2,0,1,21,67,2,0,94,17,0,0,19,63,25,17,44,0,222,0,39,1,40,4,123,65,170,0,0,777,13,279,0,2,92,0,13,15,25,122,0,7,0,0,31,40,0
68,8,0,6,474,6,4,0,6,0,2,0,4,21,1,103,1,17,1,0,1,5,178,4,0,30,5,4,5,3,3,167,1,52,559,0,9,162,0,1,2,0,1,22,2,2,3,0
2,74,1,0,1,18,3,6,0,1,39,0,0,3,6,93,1,10,0,64,0,2,1,17,1,1261,32,2,0,0,2,37,6,9,8,16,0,18,8,0,2,0,146,0,0,4,1029,0
4,0,1,4,2,6,13,1,0,5,206,0,0,2,536,0,6,2,16,5,0,27,0,2,0,3,0,24,1,0,227,16,15,2,10,132,0,0,0,4,343,0,0,0,0,1,0,0
39,2,0,0,58,0,1,0,13,0,0,0,3,0,0,0,0,486,1095,0,1052,0,47,0,0,0,0,0,0,730,0,8,0,0,25,0,3,0,0,0,0,0,0,0,1,124,0,80
1,0,0,0,0,1,1,0,0,0,0,0,0,0,0,0,0,8,31,0,1,0,1,0,0,0,0,0,0,10,0,3,0,1,2,0,1,1,0,0,0,0,0,0,0,45,0,43
