0.46464,0.33726,0.64276,0.49198,0.16383,0.5203,0.28702,0.20254,0.54228,0.12575,0.18325,0.9753,0.62595,0.25071,0.6019,0.59303,0.29358,0.26837,0.31386,0.2047,0.67425,0.55235,0.6413,0.4385,0.22014,0.45164,0.21938,0.35551,0.66902,0.75745,0.25799,0.30403,0.21822,0.46908,0.31781,0.50919,0.55085,0.33628,0.40209,0.27588,0.20456,0.95254,0.16947,0.81758,0.94622,0.33494,0.30659,0.45779
0.43968
0,0,6,0,0,0,0,455,0,231,231,0,0,0,0,3,15,0,0,3,0,59,0,16,457,0,95,0,0,0,0,0,1,0,0,86,0,0,607,34,34,0,685,0,0,0,46,0
0,0,264,0,0,0,23,536,0,429,2,0,0,2,4,0,736,0,0,251,0,4,0,3,393,0,0,59,0,0,23,0,41,0,1,10,0,0,25,1002,132,0,56,0,0,0,1,0
1,13,23,3,7,1,37,209,12,493,88,11,6,15,1,1,76,57,1,80,3,25,10,18,345,4,98,59,1,0,2,1,8,28,2,35,0,7,58,164,94,2,370,3,2,19,61,1
0,1,0,0,0,0,0,139,0,69,442,0,0,0,0,22,2,0,0,1,0,29,0,41,135,36,646,0,0,0,0,0,0,0,0,53,0,0,64,0,21,0,615,0,0,0,622,0
0,0,5,0,0,0,1,139,0,141,5,0,0,0,0,1,37,0,0,1,0,3,0,3,178,5,11,3,0,0,0,0,0,0,0,2,0,0,12,30,77,0,73,0,0,0,2,0
1,115,19,1,4,27,180,87,2,418,168,0,3,30,3,25,46,310,0,177,0,65,0,82,92,110,346,201,1,0,7,3,25,10,22,38,0,26,40,166,85,0,266,0,0,91,94,0
0,1,14,0,0,0,6,638,0,123,35,0,0,0,4,1,1,0,0,121,0,4,0,0,658,0,1,2,0,0,1,0,14,0,0,25,0,0,25,32,9,0,662,0,0,1,12,0
2,120,2,72,1,0,2,1,30,1,0,0,0,0,0,7,0,0,3,2,0,1,2,0,0,1,6,0,0,0,1,1,0,6,3,1,0,1,0,3,1,2,5,0,0,5,12,1
1012,0,3,0,166,59,2,0,3,0,8,28,86,69,6,129,0,136,8,1,5,5,34,20,0,30,1,40,949,1,1,148,0,1669,58,2,1848,990,0,0,0,17,0,649,2,5,3,31
0,0,0,4,1,0,15,0,37,0,0,0,0,0,0,0,0,0,139,0,4,0,4,0,0,0,0,0,0,38,0,0,0,0,0,0,0,0,0,0,0,0,0,0,0,43,0,537
25,52,10,195,26,0,97,0,414,4,2,0,1,2,0,0,7,1,140,0,5,1,32,1,0,2,0,8,0,9,4,4,1,1,30,1,0,1,2,4,6,12,0,0,7,19,1,19
107,36,8,279,452,16,6,5,261,15,0,4,10,5,6,8,8,20,2,4,7,0,12,12,1,10,1,26,5,5,8,136,3,180,197,1,20,35,0,9,0,6,1,27,4,1,0,0
45,0,0,0,32,40,5,0,1,8,6,0,0,8,16,13,1,5,6,15,0,33,0,25,0,14,0,6,196,0,15,1048,6,94,90,3,22,24,0,4,4,0,0,0,0,3,0,0
0,1,37,0,0,1,22,264,0,504,10,0,0,6,8,2,482,7,0,221,0,181,0,65,205,1,4,127,0,0,89,1,105,0,1,26,0,1,77,833,422,0,131,0,0,3,13,0
1,1,1,0,0,1,1,3,0,2,43,0,1,1,1,10,0,2,0,1,0,0,0,14,11,107,537,3,0,0,0,0,0,0,1,6,0,0,1,0,4,0,39,0,0,1,156,0
2,0,3,0,2,246,10,0,0,7,4,0,1,121,1,3,2,20,0,4,0,1,1,119,0,2,2,33,3,0,8,8,5,72,3,3,0,15,3,6,2,0,0,0,0,2,3,0
51,5,6,1,54,8,10,0,2,2,3,3,24,40,1,3,0,395,1,0,1,3,42,1,0,2,451,8,3,0,1,1,0,60,5,0,3,6,1,0,0,11,0,38,4,2,10,1
0,1,10,0,0,5,100,20,0,99,34,0,2,15,5,325,15,22,0,92,0,2875,1,2,17,20,4,42,0,0,79,2,87,1,1,18,0,5,812,87,556,0,27,0,3,30,14,0
0,0,2,0,0,1,258,169,0,22,3,0,0,4,140,0,50,0,0,586,0,2,0,1,75,0,0,76,0,0,229,0,425,0,0,100,0,0,3,78,28,0,24,0,0,5,1,0
27,15,4,5,452,0,2,0,5,0,0,1,4,1,0,0,0,3,3,0,9,0,1643,0,0,0,1,0,0,3,0,0,0,0,6,0,2,0,0,0,0,2,0,7,3,0,0,3
13,639,0,164,11,1,25,0,63,4,3,0,0,1,2,11,5,2,58,1,1,1,2,0,0,3,0,2,7,6,2,3,4,0,142,0,0,2,2,1,2,0,0,0,0,2,4,3
29,2,968,2,9,1,1,0,0,0,0,3870,595,504,1,1,1,29,0,0,0,1,11,1,0,7,11,24,7,0,1,4,0,19,8,0,9,8,0,0,0,2248,0,29,1777,0,2,0
5,111,39,216,13,7,16,7,86,25,17,1,11,11,33,5,98,11,4,2,2,12,25,4,10,6,13,16,3,4,8,388,4,6,744,13,0,6,2,23,12,2,2,0,20,1,10,6
0,11,5,0,0,9,277,65,2,262,123,0,0,6,193,3,338,101,0,643,0,67,0,71,28,8,9,347,0,0,849,8,604,0,2,177,0,0,30,398,277,0,47,0,0,65,17,0
3,66,21,4,3,80,725,90,9,463,39,0,2,194,383,13,365,507,0,792,0,122,3,55,76,25,15,994,10,1,658,38,781,15,10,297,3,2,73,582,181,0,72,0,0,459,13,1
0,0,0,1,0,7,195,14,0,3,108,0,0,15,2664,0,14,2,0,301,0,9,0,9,8,5,1,228,1,0,1090,2,684,1,1,1468,0,0,1,12,37,0,6,0,1,62,0,0
3,0,0,7,0,0,18,0,49,0,0,0,0,0,0,0,0,8,700,0,3,1,3,0,0,0,0,1,0,22,1,2,0,0,3,0,0,0,0,1,2,0,0,0,0,52,0,305
15,1316,10,1533,71,2,45,0,574,0,2,1,6,1,0,0,46,21,24,1,9,1,112,0,0,0,4,7,5,56,0,0,0,3,98,0,1,1,0,0,2,8,0,0,4,20,2,17
1590,6,9,4,371,19,1,0,7,0,3,48,1317,65,3,9,0,840,26,0,12,0,63,4,0,13,2,33,2753,8,0,48,0,287,27,0,2421,98,0,1,0,29,0,3850,32,12,1,118
7,27,3,0,11,110,6,134,0,67,402,0,2,4,303,309,4,14,0,88,0,7,0,178,127,1667,806,26,5,0,9,84,8,12,59,88,0,46,13,7,34,0,407,4,0,7,581,0
49,3,3,3,11,1176,5,0,0,13,11,0,7,243,6,43,3,6,0,3,0,3,1,224,0,20,6,18,5,0,3,463,4,446,49,11,0,932,2,1,0,3,0,14,0,11,10,0
172,3,4,3,93,2666,16,6,0,31,10,0,13,528,19,25,5,20,1,22,1,12,6,1369,5,70,10,154,108,0,11,699,12,493,91,23,25,553,4,13,3,3,10,9,1,2,13,0
54,0,0,0,1,588,0,0,0,0,2,0,1,171,13,8,0,1,0,0,0,2,2,292,0,13,1,8,15,0,1,75,6,4,5,5,24,37,0,1,0,3,0,0,0,0,1,0
0,3,3,0,0,0,1,47,0,268,95,0,0,2,0,5,9,2,0,9,0,11,0,370,88,58,460,1,0,0,2,0,9,0,0,30,0,1,50,34,242,0,187,0,0,0,149,0
0,0,0,0,0,0,0,9,0,17,34,0,0,0,0,2,0,0,0,13,0,1,0,2,15,8,3,0,0,0,0,0,1,0,0,10,0,0,7,0,1,0,162,0,0,0,399,0
3,1216,6,320,31,0,33,2,199,2,3,0,1,0,0,1,85,0,1,1,1,0,36,0,1,2,7,3,0,5,1,0,2,1,15,0,0,0,0,3,1,3,0,1,6,4,6,10
4,3,5,0,2,8,21,82,0,101,77,0,1,3,28,1820,4,9,0,78,0,1544,0,7,50,23,19,26,26,0,26,35,397,6,8,133,1,19,1306,34,53,0,41,1,0,227,22,0
1,0,0,1,34,0,0,0,27,0,0,0,0,0,0,0,0,31,893,0,2550,0,89,0,0,0,0,0,0,3404,0,0,0,0,1,0,0,0,0,0,0,0,0,0,1,156,0,282
0,0,0,1,1,0,0,0,1,0,0,0,0,0,0,0,1,1,47,0,3,0,11,0,0,0,0,0,0,84,0,0,0,0,0,0,0,0,0,0,0,0,0,0,0,764,0,1323
4,66,7,263,117,0,260,0,2187,4,5,1,3,0,1,0,14,8,246,0,36,0,90,0,0,0,3,6,0,52,1,0,1,1,9,1,0,0,0,2,0,8,0,0,7,35,0,101
59,3,1,23,329,0,2,0,38,0,0,0,5,0,0,0,0,2,16,0,39,0,136,0,0,0,0,2,3,14,0,0,0,0,9,0,5,1,0,0,0,1,0,47,2,2,0,2
0,12,2,0,0,0,28,15,0,44,27,0,0,0,3,2,3,15,0,76,0,9,0,8,9,10,42,29,1,0,21,0,30,0,0,4,0,0,9,22,26,0,43,0,0,1,41,0
0,1,1,0,1,20,59,5,0,125,42,0,0,18,58,25,19,23,0,232,0,44,1,79,0,123,36,130,0,0,771,13,290,0,3,90,0,8,12,36,116,0,4,0,0,29,39,0
93,10,1,7,406,7,2,0,8,2,4,0,2,17,1,138,1,17,0,0,0,4,141,3,1,35,6,16,3,2,4,158,1,127,566,0,9,107,0,3,2,0,1,30,1,2,4,1
6,42,1,0,0,13,1,8,0,4,122,0,0,4,5,96,1,18,0,38,0,3,1,17,4,1249,16,4,0,0,2,48,4,12,7,16,0,11,7,1,1,0,106,0,0,4,1051,0
3,0,0,4,1,3,9,1,0,5,197,0,0,0,514,0,13,1,21,9,0,60,0,6,0,2,0,26,5,0,296,17,16,1,31,107,0,0,0,5,251,0,0,0,0,0,12,0
34,1,0,0,46,1,1,0,16,0,2,0,0,0,0,0,0,455,1085,0,1090,0,46,0,0,0,0,1,0,771,0,6,0,2,32,0,2,0,0,0,0,0,0,0,1,93,0,82
1,0,0,0,0,1,2,0,0,0,0,0,0,0,0,0,0,8,32,0,1,0,2,0,0,0,0,1,0,9,0,3,0,1,1,0,0,1,0,0,0,0,0,0,0,41,0,46
