0.39955,0.35306,0.66789,0.47934,0.1854,0.51551,0.28738,0.2166,0.53138,0.12967,0.21059,0.982,0.63196,0.25703,0.60745,0.6231,0.33231,0.27572,0.30323,0.20609,0.67615,0.55381,0.64804,0.45792,0.21959,0.46537,0.20686,0.35583,0.70411,0.76244,0.24904,0.30549,0.22756,0.52717,0.3224,0.55131,0.58932,0.34459,0.38942,0.31613,0.22646,0.95935,0.16333,0.81399,0.94435,0.32987,0.31542,0.46735
0.44581
0,0,3,0,0,0,0,413,0,267,343,0,0,0,0,10,23,0,0,3,0,53,0,10,455,0,107,1,0,0,0,0,1,0,0,88,0,0,597,37,42,0,562,0,0,0,49,0
0,0,262,0,0,0,18,530,0,394,5,0,0,1,4,0,865,1,0,260,0,3,0,1,295,0,0,77,0,0,21,0,29,0,1,18,0,0,17,1029,99,0,66,0,0,0,1,0
1,7,20,1,6,4,49,179,10,495,99,6,14,12,2,2,99,67,1,86,4,23,9,25,346,2,94,71,2,0,2,0,11,28,2,21,1,8,43,150,90,0,352,1,5,18,87,0
0,2,0,0,0,0,0,109,0,76,537,0,0,0,0,49,1,0,0,1,0,22,0,27,150,26,664,0,0,0,0,0,0,0,0,47,0,0,55,0,25,0,490,0,0,0,657,0
0,0,3,0,0,0,1,148,0,132,12,0,0,0,0,1,48,0,0,1,0,2,0,2,166,2,15,2,0,0,0,0,0,0,0,2,0,0,9,30,90,0,60,0,0,0,3,0
0,51,22,1,4,42,258,72,2,373,194,0,3,35,4,27,46,344,0,184,0,62,0,77,128,101,316,215,1,0,6,3,25,6,15,23,0,47,44,138,98,1,262,0,0,58,98,0
0,2,14,0,0,0,8,621,0,168,50,0,0,0,3,2,7,0,0,116,0,4,0,0,650,0,1,3,0,0,1,0,7,0,0,27,0,0,24,26,7,0,636,0,0,0,13,0
1,91,2,78,6,0,4,1,40,2,3,0,0,0,0,7,0,0,2,2,0,0,2,0,0,1,7,0,0,1,1,0,1,9,6,0,0,2,0,2,1,2,5,0,0,6,10,0
1095,1,5,1,177,62,2,0,1,1,9,16,106,91,6,21,0,156,12,0,4,4,31,20,0,29,1,13,888,2,3,171,2,1921,61,1,1603,1020,0,0,1,19,0,622,4,8,2,32
0,0,0,6,1,0,19,0,38,0,0,0,0,0,0,0,0,0,167,0,3,0,0,0,0,0,0,0,0,36,0,0,0,0,0,0,0,0,0,0,0,0,0,0,0,43,0,509
17,44,14,182,23,0,94,1,448,6,2,2,3,3,0,0,1,2,134,0,5,1,26,1,0,1,0,9,0,10,7,5,1,3,30,1,0,0,4,3,9,9,0,0,2,22,0,21
87,22,11,279,518,21,2,2,238,14,4,4,12,13,4,1,4,26,4,6,8,1,17,13,1,7,2,17,4,5,7,150,3,143,202,2,19,42,0,6,0,3,1,27,5,2,0,0
70,0,0,1,27,32,6,0,1,6,7,0,0,13,12,10,0,4,4,16,0,25,1,19,1,11,0,3,143,0,16,1112,5,84,103,3,17,26,1,1,3,0,0,0,0,5,0,0
0,1,39,0,0,1,25,237,0,500,20,0,0,4,6,3,564,9,0,220,0,164,0,56,188,2,6,167,0,0,84,0,137,0,0,19,0,0,88,778,372,0,132,0,0,3,25,0
0,1,0,0,0,1,2,1,0,2,62,0,2,0,1,6,0,2,0,1,0,1,0,17,14,109,596,1,0,0,0,0,0,0,1,4,0,1,0,0,12,0,36,0,0,1,75,0
8,0,4,0,2,253,7,0,0,5,3,0,0,140,0,3,1,22,0,4,0,1,1,123,0,3,1,30,3,0,9,6,10,45,2,3,0,12,3,4,1,0,0,0,0,2,6,0
47,8,3,2,58,8,13,0,3,1,1,5,37,39,0,2,0,322,1,0,1,0,37,1,0,2,465,3,0,0,1,0,0,128,6,0,5,9,1,0,0,8,0,29,4,1,11,1
0,0,10,0,0,5,91,15,0,93,27,0,1,15,6,405,25,24,0,75,0,2686,0,4,14,16,7,65,1,0,53,0,117,3,4,20,0,3,882,58,630,0,30,0,4,21,18,0
1,0,2,0,0,1,290,147,0,26,1,0,0,5,136,0,54,0,0,561,0,1,0,0,87,0,0,117,0,0,218,0,392,0,0,132,0,0,3,48,17,0,34,0,0,3,6,0
18,14,3,6,353,0,3,0,6,0,0,1,3,1,0,0,0,2,4,0,6,0,1751,0,0,0,1,0,0,4,0,0,0,1,6,0,5,0,0,0,0,2,0,5,3,1,0,2
18,630,1,170,10,2,15,0,79,3,4,0,0,0,1,3,5,3,52,0,2,0,1,1,0,3,0,0,3,5,2,1,6,0,154,0,0,2,1,3,2,0,0,0,0,4,3,3
21,2,1094,2,13,1,0,0,0,0,1,3927,613,531,1,1,0,22,0,0,0,0,12,1,0,7,10,16,3,0,1,3,0,24,10,0,10,7,0,0,0,2171,0,29,1646,0,1,0
5,152,44,235,20,10,15,5,105,23,13,3,13,13,24,5,23,11,2,2,3,8,21,4,6,6,8,17,1,4,9,381,4,5,757,26,0,6,1,22,11,2,5,0,13,3,9,5
0,10,5,0,0,7,276,55,0,230,121,0,0,9,193,1,352,95,0,594,1,57,0,64,35,12,11,448,0,0,853,1,655,0,2,188,0,1,32,328,247,0,61,0,0,69,29,0
1,53,19,3,3,99,765,75,7,397,36,0,2,221,344,18,364,549,0,751,0,109,3,46,63,28,16,1065,14,1,717,14,852,6,16,309,4,5,91,454,153,0,95,0,0,454,23,0
0,2,0,1,0,5,133,12,0,3,27,0,0,21,2626,0,10,2,0,210,0,8,0,5,9,6,0,270,0,0,1043,1,635,0,0,1773,0,0,2,15,42,0,15,0,1,70,3,0
1,0,0,6,1,0,20,0,59,0,0,0,0,0,0,0,0,6,724,0,4,1,2,0,0,0,0,2,0,18,0,1,0,0,3,0,0,0,0,0,3,0,0,0,0,64,0,266
11,1366,4,1531,72,2,37,0,597,0,2,2,11,1,0,0,26,15,18,0,11,1,111,1,0,0,2,3,2,54,2,0,0,4,80,0,0,1,0,1,2,5,0,0,6,14,5,18
1422,6,7,8,371,26,5,0,6,0,3,30,1487,79,3,6,0,906,34,0,14,0,66,4,0,12,3,6,2827,7,0,55,0,317,35,1,2494,94,0,0,0,25,0,3597,34,11,1,128
7,32,4,0,13,79,5,110,0,58,447,0,2,5,297,234,8,14,0,101,0,6,0,183,120,1700,796,28,4,0,10,173,10,9,51,89,0,56,8,3,54,0,432,7,0,4,507,0
92,4,1,3,16,1144,6,0,0,9,12,0,10,242,5,28,1,6,0,3,0,4,1,252,2,16,8,14,2,0,3,420,5,430,27,9,0,995,1,0,0,3,3,18,0,9,7,0
384,3,2,3,100,2609,17,6,1,28,10,0,15,585,13,18,6,14,1,16,0,8,7,1469,2,63,7,61,58,0,13,828,13,391,91,17,30,386,3,11,7,2,14,10,1,3,11,0
102,0,0,0,2,587,0,0,0,0,1,0,0,153,10,4,0,1,0,2,0,1,2,328,0,15,1,5,13,0,1,31,4,2,6,6,14,37,0,1,1,3,0,0,0,0,1,0
0,0,4,0,0,0,2,31,0,253,118,0,0,1,0,3,11,6,0,9,0,10,0,352,131,56,517,4,0,0,2,0,12,0,0,13,0,0,29,31,238,0,185,0,0,0,118,0
0,0,0,0,0,0,0,10,0,16,22,0,0,0,0,2,0,0,0,6,0,2,0,2,17,4,6,0,0,0,0,0,1,0,0,8,0,0,7,0,1,0,159,0,0,0,421,0
3,1215,13,391,36,0,24,2,190,1,5,0,0,0,0,3,11,0,2,1,1,0,35,0,1,2,10,2,0,6,1,0,2,1,29,0,0,0,0,0,0,0,1,1,4,7,4,8
1,4,5,0,2,12,20,70,0,112,67,0,1,2,23,1845,12,7,0,82,0,1498,0,12,61,18,22,30,31,0,33,38,453,4,10,126,1,20,1259,28,42,0,48,0,0,219,32,0
0,0,0,1,23,0,1,0,30,0,0,0,0,0,0,0,0,33,895,0,2518,0,104,0,0,0,0,0,0,3402,0,0,0,1,1,0,0,0,0,0,0,0,0,0,1,184,0,276
0,0,0,1,1,0,2,0,1,0,0,0,0,0,0,0,0,1,60,0,4,0,9,0,0,0,0,0,0,78,0,0,0,0,0,0,0,0,0,0,0,0,0,0,0,763,0,1317
5,58,14,253,126,0,320,0,2176,4,0,2,6,0,1,0,6,9,251,0,34,0,48,0,0,0,1,6,0,53,1,0,1,0,9,0,0,0,0,2,0,7,1,0,4,44,0,97
37,2,0,19,310,0,0,0,36,0,0,1,9,0,0,0,0,3,19,0,34,0,178,0,0,0,0,1,5,11,0,0,0,1,7,0,13,1,0,0,0,1,0,47,3,1,0,2
0,6,1,0,0,0,28,6,0,41,17,0,0,1,3,5,5,22,0,65,0,9,0,7,13,8,59,28,1,0,25,0,39,0,0,4,0,1,9,14,20,0,53,0,0,1,41,0
0,1,2,0,1,21,58,2,0,110,26,0,0,17,59,28,16,29,0,208,0,38,2,59,4,114,55,156,0,0,792,10,289,0,5,100,0,10,13,26,120,0,7,0,0,37,38,0
62,9,0,7,456,7,3,0,6,1,3,0,2,19,1,117,1,18,2,0,0,5,176,2,0,31,6,7,6,2,5,170,0,68,549,0,13,151,0,1,3,0,2,26,1,1,3,1
2,69,1,0,0,14,1,6,0,1,40,0,0,3,7,91,1,17,0,53,0,2,1,15,1,1237,27,3,0,0,2,45,6,8,10,17,0,16,6,0,1,0,147,0,1,4,1068,0
4,0,0,3,1,5,13,1,0,5,196,0,0,1,528,0,7,1,17,5,0,30,0,5,0,3,0,26,3,0,244,11,16,1,24,119,0,0,0,5,338,0,0,0,0,4,0,0
35,1,0,0,42,0,1,0,15,0,0,0,1,0,0,0,0,508,1061,0,1066,0,47,0,0,0,0,1,0,754,0,7,0,0,31,0,2,0,0,0,0,0,0,0,1,105,0,89
1,0,0,0,0,1,3,0,0,0,0,0,0,0,0,0,0,7,32,0,1,0,1,0,0,0,0,0,0,9,0,3,0,1,2,0,1,1,0,0,0,0,0,0,0,44,0,43
