0.42278,0.35146,0.66789,0.48059,0.1773,0.52697,0.28839,0.21282,0.53959,0.1288,0.19082,0.98202,0.62199,0.25714,0.60532,0.60678,0.32506,0.28744,0.30334,0.20541,0.67351,0.5523,0.65165,0.45791,0.22121,0.45427,0.21046,0.35131,0.68899,0.7603,0.24637,0.31213,0.22261,0.5047,0.32327,0.54336,0.58165,0.34201,0.39368,0.30494,0.21382,0.95654,0.16067,0.81677,0.94558,0.33275,0.30801,0.46281
0.44398
0,0,4,0,0,0,0,422,0,259,302,0,0,0,0,9,20,0,0,3,0,52,0,10,458,0,108,0,0,0,0,0,1,0,0,88,0,0,596,38,40,0,601,0,0,0,53,0
0,0,261,0,0,0,20,523,0,395,3,0,0,2,4,0,838,0,0,257,0,4,0,1,307,0,1,71,0,0,23,0,34,0,1,16,0,0,21,1031,118,0,65,0,0,0,1,0
2,13,20,1,6,3,47,188,11,503,95,7,13,16,2,0,91,58,1,86,4,26,8,22,353,3,95,63,1,1,2,0,12,31,2,21,0,9,45,146,95,1,348,3,3,19,79,0
0,2,0,0,0,0,0,118,0,76,470,0,0,0,0,45,1,0,0,1,0,27,0,33,148,34,656,0,0,0,0,0,0,0,0,51,0,0,62,1,22,0,545,0,0,0,646,0
0,0,3,0,0,0,1,149,0,131,10,0,0,0,0,0,47,0,0,1,0,2,0,3,167,2,11,3,0,0,0,0,0,0,0,2,0,0,8,31,89,0,66,0,0,0,3,0
1,75,23,0,5,34,255,78,2,384,196,0,2,35,4,18,46,324,0,179,0,58,0,82,124,102,323,199,2,0,5,2,27,7,15,27,0,41,41,140,92,1,264,0,0,70,103,0
0,1,13,0,0,0,6,624,0,152,45,0,0,0,4,1,6,0,0,124,0,3,0,0,653,0,1,2,0,0,1,0,8,0,0,27,0,0,27,29,11,0,639,0,0,1,12,0
1,91,2,79,5,0,3,1,38,2,0,0,0,0,1,7,0,0,2,2,0,1,2,0,0,1,10,0,0,1,0,0,1,9,7,1,0,2,0,2,0,2,5,0,0,6,11,0
1060,1,4,0,170,54,1,0,1,0,9,16,92,86,7,73,0,168,10,0,3,4,33,20,0,32,1,22,909,2,2,163,1,1878,63,2,1658,997,0,0,0,22,0,619,3,5,3,30
0,0,0,5,1,0,17,0,38,0,0,0,0,0,0,0,0,0,164,0,4,0,0,0,0,0,0,0,0,36,0,0,0,0,0,0,0,0,0,0,0,0,0,0,0,47,0,510
18,46,12,192,21,0,94,1,445,6,0,1,2,3,0,0,2,1,138,0,5,1,24,1,0,2,0,8,0,10,6,4,1,2,32,1,0,1,3,3,8,10,0,0,4,18,1,19
97,23,12,292,492,19,5,3,236,15,4,4,13,12,5,5,5,22,3,7,8,1,17,13,1,5,1,14,4,6,7,143,4,155,200,0,22,40,0,5,0,3,1,27,5,2,1,0
57,1,0,0,31,34,3,0,1,8,5,0,0,10,12,7,0,5,6,15,0,28,1,18,1,12,1,3,154,0,14,1109,9,101,91,2,15,26,0,0,4,0,0,0,0,4,0,0
0,1,38,0,0,0,27,233,0,504,18,0,0,4,7,3,545,8,0,217,0,170,0,57,191,2,7,157,0,0,86,0,128,0,0,20,0,0,83,791,401,0,128,0,0,4,20,0
0,1,0,0,0,1,2,1,0,2,59,0,2,0,1,7,0,2,0,1,0,1,0,17,14,111,585,0,0,0,0,0,0,0,1,6,0,1,0,0,8,0,36,0,0,1,89,0
6,0,3,0,2,255,7,0,0,6,3,0,2,129,1,3,1,22,0,4,0,1,1,121,1,3,1,31,2,0,8,7,9,53,0,3,0,15,3,4,1,1,0,0,0,2,6,0
44,8,3,3,59,5,13,0,1,2,2,4,37,36,2,2,0,305,1,0,3,1,37,1,0,3,468,4,1,0,0,1,0,141,7,0,4,9,0,0,1,7,0,32,3,1,11,1
0,1,7,0,0,5,93,17,0,88,28,0,1,16,6,388,20,23,0,78,0,2735,0,4,15,18,7,64,1,0,72,0,113,3,3,19,0,3,873,71,585,0,30,0,3,21,17,0
1,0,1,0,0,1,282,153,0,25,2,0,0,4,137,0,55,0,0,555,0,2,0,0,81,0,0,109,0,0,222,0,405,0,0,117,0,0,3,60,23,0,33,0,0,5,6,0
23,16,3,6,378,0,3,0,5,0,0,1,3,1,0,0,0,2,4,0,7,0,1721,0,0,0,1,0,0,3,0,0,0,1,5,0,4,0,0,0,0,4,0,4,3,1,0,2
13,639,1,164,10,2,21,0,78,2,1,0,0,1,1,8,5,1,50,1,2,1,1,1,0,3,0,1,5,6,2,2,4,0,151,0,0,2,0,2,1,0,0,0,0,4,3,3
23,2,1092,2,11,1,1,0,0,0,0,3932,613,514,1,1,0,21,0,0,0,1,11,0,0,7,10,17,5,0,1,3,0,29,10,0,9,7,0,0,0,2157,0,29,1668,0,2,0
5,141,46,225,17,9,14,6,93,25,11,2,16,15,27,4,38,8,3,2,3,11,24,4,8,5,10,18,2,3,8,385,5,7,760,23,0,6,1,21,12,2,4,0,14,3,9,5
0,10,5,0,0,8,288,55,1,237,120,0,0,8,195,1,347,97,0,617,1,67,0,66,35,12,8,415,0,0,849,1,642,0,2,182,0,1,33,352,247,0,52,0,0,65,23,0
4,57,19,3,3,90,770,83,6,414,32,0,0,217,353,17,379,537,0,752,0,113,3,44,66,33,15,1016,12,0,699,22,831,7,13,291,3,5,85,500,174,0,89,0,0,470,18,0
1,2,0,1,0,7,147,16,0,3,27,0,0,22,2638,0,9,2,0,220,0,9,0,6,10,5,0,265,0,0,1035,2,666,0,1,1723,0,0,3,14,34,0,10,0,1,69,2,0
0,0,0,6,1,0,19,0,53,0,0,0,0,0,0,0,0,8,719,0,4,1,2,0,0,0,0,2,0,21,0,1,0,0,3,0,0,0,0,1,2,0,0,0,0,56,0,282
14,1364,5,1523,62,2,53,0,589,0,2,1,14,2,0,0,30,11,23,0,12,1,107,1,0,0,2,4,3,54,2,0,0,4,78,0,0,2,0,1,2,5,0,0,6,17,3,19
1492,7,9,5,365,20,3,0,4,1,3,34,1397,71,3,8,0,929,30,1,16,0,62,2,0,12,1,13,2809,8,0,51,0,348,28,2,2479,92,0,0,0,25,0,3624,35,11,1,129
10,25,2,0,13,85,4,115,0,63,461,0,2,4,291,265,8,14,0,87,0,6,0,160,115,1669,797,27,4,0,11,129,7,8,51,99,0,57,11,4,39,0,448,4,0,4,567,0
72,3,4,3,15,1097,6,0,0,12,12,0,8,235,5,31,3,5,0,3,0,2,1,243,0,17,8,18,4,0,3,457,6,430,34,15,0,1025,1,0,0,2,1,14,0,8,8,0
324,6,2,2,112,2638,16,6,0,34,11,0,14,567,15,25,6,13,2,16,0,9,6,1447,4,62,7,82,102,0,11,745,13,416,90,21,26,426,6,12,6,2,11,8,1,2,13,0
92,0,0,0,1,578,0,0,0,0,1,0,0,157,11,6,0,1,0,1,0,1,1,323,0,15,1,7,14,0,1,41,5,1,6,7,17,40,0,1,1,3,0,0,0,0,1,0
0,1,4,0,0,0,2,32,0,260,123,0,0,2,0,3,10,5,0,7,0,10,0,354,115,59,490,3,0,0,2,0,13,0,0,19,0,0,35,33,242,0,188,0,0,0,124,0
0,0,0,0,0,0,0,9,0,17,26,0,0,0,0,2,0,0,0,6,0,2,0,2,16,5,6,0,0,0,0,0,1,0,0,7,0,0,7,0,1,0,168,0,0,0,409,0
3,1208,14,380,32,0,28,1,195,1,4,0,0,0,0,2,20,0,2,1,1,0,35,0,1,2,13,2,0,5,1,0,2,1,28,0,0,0,0,1,1,0,2,1,4,6,6,9
2,6,4,0,3,9,19,79,0,112,66,0,1,1,25,1827,11,8,0,78,0,1505,0,9,51,21,22,27,30,0,36,37,439,4,11,130,1,23,1283,35,47,0,45,0,0,215,28,0
0,0,0,1,24,0,2,0,29,0,0,0,0,0,0,0,0,31,906,0,2525,0,100,0,0,0,0,0,0,3394,0,0,0,1,1,0,0,0,0,0,0,0,0,0,1,171,0,284
1,0,0,1,1,0,1,0,1,0,0,0,0,0,0,0,0,1,56,0,4,0,10,0,0,0,0,0,0,80,0,0,0,0,0,0,0,0,0,0,0,0,0,0,0,762,0,1319
4,65,16,238,123,0,287,0,2208,5,1,2,6,0,1,0,8,10,249,0,35,1,52,0,0,0,3,6,0,47,1,0,1,0,10,0,0,0,0,2,0,7,1,0,4,42,0,104
47,3,0,23,314,0,1,0,34,0,0,0,6,0,0,0,0,3,18,0,35,0,165,0,0,0,0,1,4,12,0,0,0,1,9,0,10,1,0,0,0,1,0,47,3,1,0,2
0,8,1,0,0,0,29,7,0,43,15,0,0,1,3,4,3,21,0,68,0,9,0,7,14,9,51,29,1,0,24,0,35,0,0,3,0,0,9,16,22,0,53,0,0,2,45,0
0,1,1,0,1,25,62,3,0,115,38,0,0,16,61,27,16,29,0,215,0,38,2,63,2,117,39,147,0,0,784,10,289,0,3,97,0,11,14,27,114,0,5,0,0,32,49,0
67,9,0,10,455,5,3,0,7,1,3,0,1,14,1,117,1,22,0,0,1,4,163,3,0,34,7,10,5,2,5,173,0,72,561,0,11,139,0,1,3,0,1,25,2,1,3,1
2,43,1,0,0,12,1,8,0,4,73,0,0,4,6,95,1,14,0,50,0,2,1,18,1,1255,20,2,0,0,2,44,5,9,10,17,0,15,6,1,1,0,138,0,0,4,1058,0
4,0,0,4,1,5,12,1,0,6,182,0,0,0,528,0,6,1,20,6,0,42,0,4,0,2,0,29,3,0,276,11,16,1,29,132,0,0,0,5,289,0,0,0,0,0,1,0
38,1,0,0,41,1,1,0,16,0,0,0,1,0,0,0,0,493,1062,0,1075,0,50,0,0,0,0,1,0,763,0,7,0,0,33,0,2,0,0,0,0,0,0,0,1,95,0,86
1,0,0,0,0,1,1,0,0,0,0,0,0,0,0,0,0,7,32,0,1,0,1,0,0,0,0,0,0,10,0,3,0,1,2,0,1,1,0,0,0,0,0,0,0,43,0,45
