0.35451,0.34341,0.67093,0.46494,0.1885,0.53641,0.29321,0.21987,0.51665,0.14138,0.24019,0.98543,0.66653,0.24225,0.61079,0.65571,0.33542,0.26221,0.31965,0.20165,0.68198,0.56748,0.65805,0.49205,0.22096,0.4571,0.1872,0.35335,0.73415,0.75899,0.2431,0.28118,0.22317,0.5633,0.28495,0.56145,0.61575,0.37388,0.37948,0.31358,0.19798,0.96298,0.17341,0.80798,0.93725,0.32706,0.30021,0.46491
0.44753
0,0,4,0,0,0,0,408,0,306,333,0,0,0,0,10,34,0,0,3,0,54,0,12,450,0,128,2,0,0,0,0,0,0,0,84,0,0,602,37,55,0,488,0,0,0,54,0
0,0,273,0,0,0,18,554,0,339,1,0,0,2,3,0,910,0,0,266,0,4,0,1,278,0,1,103,0,0,36,0,31,0,1,16,0,0,14,1037,41,0,68,0,0,0,0,0
2,9,19,2,8,4,46,171,12,520,114,3,12,16,1,0,112,62,1,75,3,27,6,16,351,4,89,76,2,2,3,1,13,35,2,20,0,9,36,154,86,0,309,2,6,9,105,0
0,3,0,0,0,0,0,101,0,97,612,0,0,0,0,62,2,0,0,1,0,19,0,20,144,21,677,0,0,0,0,0,0,0,0,40,0,0,54,0,44,0,407,0,0,0,634,0
0,0,4,0,0,0,1,139,0,142,17,0,0,0,0,1,56,0,0,1,0,2,0,1,144,2,11,3,0,0,1,0,0,0,0,2,0,0,9,30,115,0,45,0,0,0,3,0
1,51,19,1,7,53,226,79,1,388,203,0,5,39,4,15,45,367,0,182,0,58,0,60,129,95,288,209,2,0,7,4,25,5,9,19,0,61,40,118,175,0,246,0,0,33,117,0
0,2,13,0,0,0,9,633,0,172,23,0,0,0,4,2,9,0,0,118,0,4,0,0,643,0,2,4,0,0,1,0,5,0,0,22,0,0,20,31,4,0,647,0,0,0,22,0
1,88,2,84,9,0,3,1,30,3,3,0,0,0,0,7,0,0,2,0,0,0,2,0,0,1,5,0,0,1,1,0,2,8,11,0,0,1,0,1,2,2,5,0,0,9,11,0
1255,0,4,2,191,44,0,0,2,1,10,14,146,81,5,18,0,142,11,0,3,5,33,25,0,32,1,2,786,1,1,148,1,2020,77,1,1439,1021,0,0,1,20,0,632,7,7,1,34
0,0,0,6,2,0,26,0,35,0,0,0,0,0,0,0,0,0,149,0,3,0,0,0,0,0,0,0,0,40,0,0,0,0,0,0,0,0,0,0,0,0,0,0,0,36,0,525
10,52,15,172,34,0,100,0,482,5,1,0,10,4,0,0,3,1,119,0,4,1,24,0,0,1,0,3,0,10,7,3,1,1,25,1,2,1,3,4,13,7,0,0,2,4,0,21
91,27,9,282,554,20,2,4,225,12,1,3,6,18,6,1,4,27,3,4,8,2,19,15,0,6,2,12,3,5,9,143,3,117,216,2,15,42,0,6,0,1,1,21,6,4,2,0
67,0,0,2,34,39,3,0,2,4,7,0,4,12,11,11,0,9,1,15,0,26,1,26,1,12,0,5,123,0,12,947,8,80,283,2,13,21,0,0,4,0,1,0,0,2,0,0
0,1,38,0,0,0,29,242,0,427,21,0,0,6,6,3,594,14,0,222,0,166,0,46,181,2,6,230,2,0,111,0,140,0,0,18,0,1,93,820,275,0,127,0,0,3,26,0
1,0,0,0,0,1,3,1,0,3,74,0,4,1,1,6,0,3,0,1,0,0,0,13,6,103,545,1,0,0,0,0,0,0,1,4,0,2,1,0,60,0,37,0,0,0,77,0
12,1,3,0,2,272,7,0,0,6,2,0,1,139,1,2,1,19,0,4,0,0,1,125,0,5,1,19,1,0,7,8,10,43,0,3,0,7,2,4,3,0,0,0,0,2,4,0
42,10,3,3,58,9,13,0,3,1,2,4,34,36,2,0,0,339,1,0,2,1,36,2,0,4,461,3,2,0,0,0,0,115,5,0,5,8,1,0,0,13,0,32,4,1,7,1
0,0,7,0,0,5,73,21,0,80,17,0,2,15,5,438,27,21,0,80,0,2670,1,2,12,20,4,89,1,0,56,1,112,1,4,20,0,7,898,68,588,0,34,0,3,21,25,0
1,0,1,0,0,1,286,138,0,18,0,0,0,4,140,0,58,0,0,480,0,2,0,0,91,0,0,166,0,0,227,0,407,0,1,126,0,0,5,43,6,0,67,0,0,6,8,0
20,13,2,7,271,0,4,0,5,0,0,1,3,1,0,0,0,2,4,0,8,0,1832,0,0,0,1,0,0,2,0,0,0,0,6,0,5,0,0,0,0,3,0,4,3,1,0,3
13,616,1,161,21,1,8,0,92,3,3,0,0,0,1,1,5,0,45,1,2,0,0,0,0,5,0,0,1,7,2,4,6,0,183,0,0,1,2,1,2,0,0,0,0,0,1,3
21,3,1101,0,14,2,0,0,1,0,1,3856,520,547,2,0,0,23,0,0,0,1,11,0,0,7,11,9,3,0,0,2,0,23,11,0,10,6,0,0,0,2341,0,25,1628,1,0,0
4,159,40,244,12,6,16,9,114,25,15,1,9,17,27,1,21,7,2,2,4,8,21,5,5,5,11,20,2,3,9,373,5,5,748,24,0,11,1,21,13,4,5,0,9,2,9,6
0,10,3,0,1,6,270,48,0,173,114,0,0,12,189,1,355,118,0,567,0,58,0,58,42,14,11,531,0,0,857,4,668,0,1,188,0,1,32,324,214,0,75,0,0,65,32,0
3,46,17,3,1,114,777,79,6,332,31,0,0,235,326,16,347,580,1,710,0,126,4,39,91,31,13,1165,14,3,700,17,834,7,12,308,4,5,78,455,135,0,129,0,0,421,30,0
2,2,0,1,0,3,123,10,0,2,26,0,0,29,2616,1,10,2,0,191,0,5,0,3,9,4,2,307,0,0,1004,2,612,0,2,1800,0,0,3,14,36,0,29,0,1,96,3,0
1,0,0,10,3,0,23,0,61,0,1,0,0,0,0,0,0,6,687,0,4,1,1,0,0,0,0,0,0,22,3,1,0,0,2,0,0,0,0,0,4,0,0,0,0,49,0,302
2,1329,8,1452,95,3,34,0,685,0,2,1,17,1,0,0,28,14,11,0,12,1,96,0,0,0,2,4,2,57,0,0,1,4,104,1,0,2,0,1,2,7,0,0,2,14,5,19
1345,7,8,6,435,24,5,0,5,0,3,29,1667,76,3,5,0,875,25,0,16,0,68,4,0,12,3,3,2919,7,0,44,0,301,48,2,2487,90,0,0,0,19,0,3400,49,13,1,126
10,54,3,0,11,62,5,109,0,44,432,0,4,5,267,193,9,18,0,110,0,7,0,202,108,1678,696,15,4,0,9,237,11,11,53,80,0,53,10,3,211,0,443,9,0,6,484,0
113,6,2,3,12,980,6,0,0,12,11,0,8,237,5,27,1,6,0,3,0,2,2,266,1,20,8,5,2,0,4,436,3,375,34,8,0,1165,0,1,4,1,3,15,0,15,9,0
487,6,4,3,83,2630,14,5,0,27,10,0,14,537,15,20,9,23,2,16,0,6,8,1610,4,61,8,20,49,0,10,688,7,367,141,15,20,353,2,9,14,4,13,9,0,3,11,0
133,0,0,0,2,561,0,0,0,0,0,0,0,142,5,2,0,1,0,2,0,1,2,344,0,15,1,4,12,0,2,30,4,1,3,7,14,38,0,1,1,5,0,0,0,1,0,0
0,0,3,0,0,1,4,27,0,274,122,0,0,1,0,0,20,8,0,8,0,12,0,298,121,45,535,3,0,0,3,0,11,0,0,11,0,2,26,31,325,0,128,0,0,0,117,0
0,0,0,0,0,0,0,12,0,20,9,0,0,0,0,1,0,0,0,5,0,1,0,1,16,2,4,0,0,0,0,0,1,0,0,6,0,0,7,0,3,0,167,0,0,0,429,0
0,1211,10,402,38,1,20,1,199,2,5,0,2,0,0,1,3,1,2,1,1,0,38,0,2,3,9,1,0,3,1,0,2,0,25,0,0,0,0,0,0,0,2,1,5,7,4,9
1,10,6,0,3,13,13,70,0,95,38,0,2,1,20,2015,15,10,0,91,0,1352,0,10,62,20,22,46,32,0,38,43,470,4,12,130,0,19,1206,39,35,0,47,1,0,219,40,0
0,0,0,0,21,0,0,0,28,0,0,0,1,0,0,0,0,32,957,0,2554,0,106,0,0,0,0,0,0,3272,0,0,0,1,0,0,0,0,0,0,0,0,0,0,1,235,0,262
0,0,0,2,1,0,4,0,1,0,0,0,1,0,0,0,0,1,59,0,4,0,7,0,0,0,0,0,0,85,0,0,0,0,0,0,0,0,0,0,0,0,0,0,0,747,0,1325
4,54,16,243,140,0,365,0,2188,4,1,1,9,0,1,0,4,7,214,1,37,0,50,0,1,0,0,5,0,59,2,0,0,0,8,1,0,0,0,3,0,3,0,0,3,18,0,97
38,2,0,20,327,0,2,0,36,0,0,0,12,0,0,0,0,2,14,0,34,0,183,0,0,0,0,0,3,11,0,0,0,2,2,0,10,1,0,0,0,1,0,34,4,1,0,2
0,8,1,0,0,0,29,8,0,38,21,0,0,1,1,4,4,24,0,59,0,9,0,5,15,7,57,24,1,0,27,0,41,0,0,3,0,1,8,13,22,0,56,0,0,2,43,0
0,1,1,0,1,21,62,2,0,96,14,0,0,16,65,16,19,46,0,228,0,38,1,34,2,133,63,179,0,0,765,12,281,0,2,97,0,13,15,30,120,0,6,0,0,33,41,0
65,9,0,7,478,5,3,0,7,1,2,0,6,22,1,101,1,20,3,0,1,6,184,6,0,31,2,3,7,3,3,161,1,49,555,0,11,154,0,1,1,0,1,23,3,2,4,0
4,79,1,0,0,16,3,6,0,1,32,0,0,3,6,92,1,10,0,71,0,2,1,20,1,1267,38,1,0,0,2,36,6,9,7,16,0,18,10,0,3,0,145,0,0,4,1012,0
5,0,0,4,2,5,12,1,0,5,214,0,0,2,544,0,6,2,14,3,0,28,0,3,0,3,0,25,3,0,210,11,15,1,7,129,0,0,0,7,353,0,0,0,0,2,0,0
39,1,0,1,66,0,1,0,15,0,0,0,2,0,0,0,0,486,1106,0,1044,0,45,0,0,0,0,0,0,708,0,8,0,0,24,0,3,1,0,0,0,0,0,0,1,145,0,71
1,0,0,0,2,1,2,0,0,0,0,0,0,0,0,0,0,9,27,0,1,0,1,0,0,0,0,0,0,10,0,4,0,1,0,0,1,1,0,0,0,0,0,0,0,45,0,44
