0.45904,0.3268,0.64467,0.49575,0.18495,0.5159,0.29496,0.19678,0.54231,0.12768,0.17388,0.96293,0.62457,0.25939,0.59022,0.58344,0.27117,0.18459,0.31971,0.2054,0.67228,0.55644,0.63644,0.41396,0.21506,0.44098,0.20933,0.34057,0.65712,0.75881,0.28968,0.29524,0.22491,0.40687,0.33213,0.48698,0.52101,0.3356,0.39569,0.25774,0.19346,0.95816,0.17837,0.82075,0.92559,0.32173,0.30696,0.44344
0.43432
0,0,5,0,0,0,0,484,0,190,186,0,0,0,0,1,9,0,0,2,0,60,0,17,484,0,108,0,0,0,0,0,1,0,0,69,0,0,623,27,27,0,729,0,0,0,42,0
0,0,260,0,0,0,21,571,0,454,2,0,0,2,3,0,647,0,0,206,0,4,0,4,490,0,0,52,0,0,28,0,41,0,0,11,0,0,31,982,135,0,52,0,0,0,1,0
1,18,23,6,11,2,31,223,9,466,82,8,3,16,1,4,60,65,1,77,2,25,11,18,339,6,99,54,2,0,2,1,7,23,0,37,0,2,84,175,102,3,374,4,4,21,52,1
0,1,0,0,0,0,0,147,0,57,426,0,0,0,0,12,2,0,0,1,0,33,0,45,134,45,642,0,0,0,0,0,0,0,0,52,0,0,71,0,18,0,653,0,0,0,599,0
0,0,5,0,0,0,1,136,0,138,0,0,0,0,0,1,28,0,0,1,0,1,0,6,195,4,14,2,0,0,0,0,0,0,0,3,0,0,19,27,81,0,64,0,0,0,3,0
1,153,17,1,4,30,191,110,2,409,140,0,2,29,5,40,44,247,0,177,0,63,0,95,74,99,338,190,1,0,4,4,19,12,32,45,0,19,45,205,85,1,247,0,2,105,99,0
0,0,14,0,0,0,8,660,0,111,34,0,0,0,8,1,0,0,0,113,0,5,0,0,657,0,1,2,0,0,1,0,18,0,0,16,0,0,27,34,9,0,662,0,0,0,9,0
3,121,1,56,2,0,2,1,37,2,1,0,0,0,2,6,4,0,3,2,0,1,2,0,0,1,1,0,0,0,0,1,0,6,1,1,0,1,0,4,0,2,5,0,1,5,20,0
984,4,8,0,154,54,1,0,2,0,7,34,77,71,6,143,0,73,11,1,4,5,30,20,0,35,1,89,942,0,2,124,0,1422,63,0,2055,1037,0,0,0,18,0,699,3,12,4,29
0,0,0,4,1,0,7,0,35,0,0,0,0,0,0,0,4,1,113,0,3,0,6,0,0,0,0,0,0,38,0,0,0,0,0,0,0,0,0,0,0,0,0,0,0,42,0,568
18,49,12,194,26,0,89,1,417,4,7,0,2,2,0,0,15,5,143,1,7,1,39,1,0,2,0,4,0,9,4,4,1,1,14,1,0,2,3,3,5,2,0,0,27,12,0,19
121,43,7,276,408,22,12,3,266,13,4,6,11,4,3,12,9,25,2,5,8,0,9,12,1,7,0,27,4,4,8,121,3,229,161,0,25,31,0,11,0,5,0,32,5,1,3,0
37,0,1,0,35,58,6,1,1,10,8,0,0,7,14,9,0,6,5,16,0,20,0,25,0,15,0,10,264,0,12,979,7,98,79,5,22,29,0,3,3,0,1,0,0,2,0,0
0,1,39,0,0,1,26,276,0,506,6,0,0,6,9,3,444,6,0,222,0,201,0,70,206,2,3,112,0,0,84,1,109,0,1,25,0,1,81,858,422,0,116,0,0,3,10,0
1,0,1,0,0,1,1,4,0,1,52,0,1,1,1,12,0,2,0,1,0,0,0,15,6,108,509,4,0,0,0,0,0,0,1,9,0,0,3,0,5,0,41,0,0,1,168,0
2,0,3,0,2,233,5,2,0,7,6,0,1,117,1,4,2,23,0,4,0,1,1,119,0,2,1,29,3,0,7,10,7,84,6,1,0,22,1,6,1,0,0,0,0,2,2,0
48,1,4,0,60,3,9,0,1,1,4,4,20,40,1,2,0,460,1,0,3,2,32,1,0,3,445,9,5,1,1,1,0,20,3,0,3,4,1,0,0,10,0,38,3,1,17,1
0,1,12,0,0,5,111,25,0,100,34,0,0,20,8,252,19,21,0,93,0,2933,1,3,17,14,4,34,0,0,66,7,81,2,2,14,0,4,809,108,521,0,21,0,4,69,13,0
0,0,2,0,0,1,246,175,0,26,8,0,0,3,137,1,46,0,0,597,0,2,0,1,74,0,0,67,0,0,231,0,460,0,0,69,0,0,4,82,27,0,18,0,0,4,1,0
38,14,3,7,504,0,0,0,5,0,0,2,1,1,0,0,2,3,3,0,9,0,1579,0,0,0,1,0,2,3,0,0,0,0,8,0,2,0,0,0,0,2,0,6,3,1,0,2
9,623,0,158,14,1,30,0,65,3,31,0,0,1,0,14,8,3,74,0,1,1,2,0,0,5,0,3,5,5,3,3,1,0,111,0,1,2,2,2,1,0,0,0,0,1,5,4
31,2,967,2,11,0,0,0,0,0,2,3948,606,518,1,2,1,35,0,0,0,0,10,1,0,7,13,22,10,0,1,4,0,9,6,0,5,8,0,0,0,2107,0,35,1816,0,0,0
5,93,45,210,10,6,15,8,74,23,20,3,9,9,37,5,119,28,3,2,2,10,30,3,9,4,15,17,5,3,7,388,5,6,739,7,0,7,4,27,12,2,2,0,19,0,8,5
0,12,5,0,0,6,300,68,1,270,120,0,0,8,187,1,300,90,0,674,1,77,0,77,28,8,9,313,1,0,818,10,591,0,1,192,0,0,31,432,294,0,42,0,0,59,16,0
5,75,16,3,1,74,720,106,6,507,49,0,1,176,386,12,336,490,0,837,0,103,2,63,57,26,12,925,9,1,609,53,773,30,11,293,1,7,67,635,203,0,57,1,1,493,13,0
0,0,0,1,0,5,175,11,0,4,190,0,0,12,2584,0,16,3,0,388,0,6,0,9,7,4,1,215,1,0,1221,5,697,1,1,1290,0,0,1,8,36,0,3,0,1,54,0,0
4,0,0,6,1,0,17,0,50,0,0,0,0,0,0,0,0,9,681,0,3,1,3,0,0,0,0,1,3,23,1,1,0,0,1,0,0,0,0,1,0,0,0,0,0,44,0,331
13,1251,6,1518,86,1,53,0,574,0,12,1,3,1,0,1,50,27,28,0,9,1,74,0,0,0,25,5,7,69,0,0,0,1,134,1,0,2,0,0,2,7,0,0,8,22,5,21
1580,8,11,3,396,18,1,0,5,0,5,91,1281,65,3,13,0,515,60,0,12,0,49,3,0,10,3,77,2754,7,0,38,0,244,23,0,2381,107,0,0,0,28,0,4176,25,16,3,119
3,33,3,0,9,122,7,141,0,66,384,0,3,4,310,383,4,10,0,103,0,6,0,163,107,1584,749,32,6,0,9,76,10,18,60,87,0,47,15,11,30,0,433,3,0,4,631,0
49,3,1,2,11,1212,7,0,0,7,17,0,4,209,6,49,4,4,0,2,0,2,2,220,0,23,5,25,6,0,4,484,5,464,41,11,0,892,2,1,0,2,0,12,1,9,13,0
159,2,3,2,79,2660,16,5,0,34,10,0,15,458,23,26,3,13,1,24,1,11,7,1275,5,68,8,172,110,0,13,660,15,589,68,25,31,693,2,14,3,2,8,6,1,7,10,0
39,0,0,0,1,590,0,0,0,0,4,0,2,179,13,7,0,1,0,2,0,2,2,276,0,12,1,8,13,0,2,86,3,6,4,5,26,43,0,1,0,3,0,1,0,0,2,0
0,3,3,0,0,1,1,52,0,241,65,0,0,2,1,6,5,1,0,6,0,11,0,388,88,60,445,0,0,0,2,0,9,0,0,48,0,1,80,34,228,0,214,0,0,0,141,0
0,0,0,0,0,0,0,12,0,15,41,0,0,0,2,2,0,0,0,16,0,0,0,3,15,10,3,0,0,0,0,0,2,0,0,6,0,0,7,0,3,0,164,0,0,0,383,0
3,1184,7,307,30,0,36,3,188,2,4,1,1,0,0,0,129,0,2,1,1,0,41,0,0,2,4,1,0,5,1,0,4,1,11,0,0,0,0,1,1,1,0,0,8,4,22,6
4,1,6,0,1,8,15,100,0,93,81,0,2,6,37,1825,5,10,0,145,0,1562,0,8,47,16,19,23,24,0,26,38,230,7,10,121,1,15,1341,34,57,0,41,0,1,272,18,0
0,0,0,1,36,0,0,0,31,0,0,0,0,0,0,0,0,43,854,0,2556,0,92,0,0,0,0,0,0,3423,0,0,0,0,1,0,0,0,0,0,0,0,0,0,1,145,0,287
0,0,0,1,0,0,0,0,1,0,0,0,0,0,0,0,1,2,42,0,4,0,13,0,0,0,0,0,0,85,0,0,0,0,0,0,0,0,0,0,0,0,0,0,0,767,0,1321
4,61,4,270,114,0,187,0,2166,4,3,2,1,0,1,0,39,12,225,1,38,0,144,0,1,0,3,6,0,51,2,0,1,1,6,0,0,0,0,3,0,3,0,0,22,33,1,130
67,2,0,23,339,0,2,0,35,1,0,0,3,0,0,0,1,1,14,0,42,0,119,0,0,0,0,1,5,14,0,0,0,0,11,0,5,1,0,0,0,1,0,48,4,0,0,2
0,12,1,0,0,0,27,15,0,48,24,0,0,0,2,3,2,13,0,73,0,8,0,8,8,11,45,25,0,0,18,0,31,0,0,5,0,2,11,30,28,0,42,0,0,3,37,0
0,1,3,0,1,17,47,4,0,147,52,0,0,17,60,36,14,31,0,238,0,42,1,104,0,122,30,113,0,0,728,15,284,7,5,93,0,6,14,41,97,0,2,0,0,31,50,0
163,10,1,7,335,7,5,0,7,3,3,0,2,10,1,145,0,21,0,0,0,5,129,5,1,37,7,15,3,2,5,131,1,200,534,0,11,95,1,2,1,0,1,27,1,3,5,1
5,45,1,0,0,13,1,9,0,3,127,0,0,3,4,95,1,18,0,37,0,3,1,17,5,1239,14,3,0,0,2,47,2,10,10,19,0,9,9,2,1,0,95,0,0,2,1071,0
3,0,0,4,0,3,10,1,0,5,199,0,0,0,521,0,13,1,22,7,0,63,0,5,0,1,0,25,5,0,293,16,19,1,38,88,0,0,0,5,255,0,0,0,0,1,12,0
41,1,0,0,43,1,2,0,16,0,0,0,0,0,0,0,0,462,1087,0,1095,0,48,0,0,0,0,3,0,758,0,6,0,2,27,0,1,0,0,1,0,0,0,0,1,90,0,82
1,0,0,0,0,1,0,0,0,0,0,0,0,0,0,0,0,10,25,0,1,0,2,0,0,0,0,1,1,10,0,2,0,1,1,0,0,1,0,0,0,0,0,0,0,43,0,50
