0.39522,0.35276,0.67076,0.47615,0.18795,0.51281,0.28922,0.21707,0.52839,0.1302,0.22517,0.98451,0.62938,0.25289,0.60905,0.62624,0.335,0.2766,0.3075,0.20691,0.67525,0.55148,0.64721,0.45828,0.21726,0.46719,0.20512,0.34938,0.71045,0.76161,0.24774,0.30146,0.22501,0.53308,0.31933,0.55535,0.59456,0.34941,0.38701,0.32133,0.22469,0.9589,0.1658,0.8128,0.94268,0.32901,0.30935,0.47099
0.44599
0,0,4,0,0,0,0,414,0,273,361,0,0,0,0,11,24,0,0,3,0,51,0,11,462,0,109,1,0,0,0,0,1,0,0,83,0,0,592,38,41,0,531,0,0,0,54,0
0,0,261,0,0,0,18,532,0,391,2,0,0,2,4,0,869,0,0,257,0,3,0,2,295,0,0,84,0,0,22,0,31,0,1,18,0,0,17,1035,88,0,65,0,0,0,0,0
0,9,18,1,7,6,49,178,11,501,101,6,16,16,2,2,99,69,1,83,5,24,8,23,346,2,94,72,2,0,2,1,14,21,2,23,0,9,42,148,92,1,342,0,4,18,85,0
0,2,0,0,0,0,0,106,0,79,578,0,0,0,0,41,1,0,0,1,0,24,0,27,148,25,654,0,0,0,0,0,0,0,0,43,0,0,55,1,28,0,464,0,0,0,661,0
0,0,4,0,0,0,1,147,0,134,13,0,0,0,0,1,50,0,0,1,0,2,0,2,163,2,14,2,0,0,0,0,0,0,0,2,0,0,10,29,92,0,57,0,0,0,3,0
0,50,22,1,6,42,250,77,1,377,201,0,4,37,2,25,43,345,0,185,0,63,0,92,130,97,304,214,2,0,5,2,27,6,13,20,0,50,39,139,102,0,255,0,0,55,103,0
0,2,14,0,0,0,9,623,0,169,44,0,0,0,3,2,7,0,0,119,0,4,0,0,642,0,1,4,0,0,1,0,8,0,0,24,0,0,24,26,6,0,641,0,0,0,17,0
0,90,2,81,5,0,3,1,36,2,3,0,0,0,0,7,0,0,2,2,0,0,2,0,0,1,6,1,0,0,1,0,1,10,9,0,0,2,0,2,1,2,5,0,0,8,10,0
1117,1,4,2,175,60,1,0,1,1,9,14,105,84,5,21,0,158,8,0,3,3,34,18,0,30,1,10,877,2,3,170,1,1950,55,1,1564,1036,0,0,1,22,0,627,8,9,1,32
0,0,0,5,1,0,19,0,36,0,0,0,0,0,0,0,0,0,166,0,3,0,0,0,0,0,0,0,0,35,0,0,0,0,0,0,0,0,0,0,0,0,0,0,0,43,0,514
15,49,13,178,22,0,97,1,460,5,2,0,6,3,0,0,2,2,126,0,5,1,25,1,0,2,0,8,0,10,4,4,1,3,33,1,0,0,4,3,10,11,0,0,3,20,0,16
84,22,11,281,524,26,3,2,230,15,5,3,12,12,4,1,3,28,3,5,10,1,19,13,1,5,1,13,5,5,9,145,5,140,211,3,19,40,0,6,0,3,1,25,3,1,1,0
64,0,0,1,29,36,6,0,2,6,8,0,0,14,13,11,0,6,3,14,0,23,1,22,1,12,0,3,142,0,15,1094,6,81,118,4,12,31,0,1,3,0,0,0,0,6,0,0
0,1,41,0,0,1,25,240,0,493,20,0,0,6,5,3,564,12,0,214,0,158,0,56,185,2,7,179,0,0,85,0,139,0,1,19,0,0,87,778,366,0,133,0,0,3,27,0
0,1,0,0,0,1,2,2,0,2,58,0,2,0,1,5,0,2,0,1,0,1,0,21,13,107,588,2,0,0,0,0,0,0,1,4,0,1,0,0,16,0,38,0,0,1,79,0
10,0,3,0,2,255,7,0,0,6,3,0,0,140,1,4,1,21,0,4,0,1,1,120,0,2,1,31,2,0,8,7,10,46,2,3,0,10,3,3,2,0,0,0,0,2,6,0
44,8,3,3,51,8,15,0,2,2,1,5,39,35,0,2,0,331,1,0,3,0,41,1,0,3,461,4,0,0,1,0,0,124,7,0,5,8,1,0,0,8,0,30,3,1,11,1
0,0,8,0,0,5,86,16,0,91,22,0,0,16,6,411,25,25,0,76,0,2689,0,5,14,15,6,72,1,0,51,1,112,2,3,19,0,3,890,56,628,0,30,0,4,20,20,0
1,0,1,0,0,1,281,145,0,26,0,0,0,5,134,0,55,0,0,540,0,2,0,0,88,0,0,120,0,0,227,0,405,0,1,135,0,0,3,45,17,0,40,0,0,3,7,0
20,13,3,6,348,0,2,0,6,0,0,1,3,1,0,0,0,1,4,0,9,0,1752,0,0,0,1,0,0,4,0,0,0,1,7,0,5,0,0,0,0,2,0,5,3,2,0,2
16,633,1,169,9,2,10,0,83,2,4,0,0,0,1,4,5,3,49,1,1,0,1,1,0,3,0,2,3,5,2,1,6,0,160,0,0,2,1,2,2,0,0,0,0,3,2,3
22,2,1092,2,12,1,0,0,0,0,1,3940,622,530,1,1,0,22,0,0,0,0,12,1,0,7,10,14,3,0,1,3,0,26,12,0,11,6,0,0,0,2170,0,28,1628,0,0,0
4,154,42,238,18,8,15,7,106,22,11,2,12,14,24,4,23,10,2,2,3,9,22,5,6,6,11,22,2,3,10,378,4,5,760,25,0,7,2,19,8,2,5,0,12,4,7,5
0,11,5,0,0,7,278,54,0,220,121,0,0,8,186,1,348,94,0,591,1,58,0,65,34,13,11,466,0,0,857,2,665,0,2,191,0,1,31,314,242,0,65,0,0,71,29,0
1,50,15,3,2,104,765,81,6,396,31,0,2,220,334,17,355,561,1,749,0,113,3,50,63,31,15,1074,13,1,729,14,842,5,18,322,4,6,85,441,149,0,108,0,0,441,25,0
0,2,0,1,0,3,125,12,0,2,27,0,0,22,2611,0,10,2,0,216,0,7,0,4,7,6,1,279,0,0,1041,2,621,0,1,1791,0,0,4,14,43,0,16,0,1,77,2,0
1,0,0,7,2,0,20,0,55,0,0,0,0,0,0,0,0,6,728,0,3,1,2,0,0,0,0,2,0,22,0,1,0,0,3,0,0,0,0,0,3,0,0,0,0,60,0,265
9,1368,5,1517,69,2,34,0,616,0,2,1,14,2,0,0,26,12,13,0,14,1,102,1,0,0,2,3,1,57,2,0,0,4,88,0,0,2,0,1,2,4,0,0,4,15,5,20
1422,6,9,7,387,25,5,0,4,0,3,28,1508,78,3,6,0,915,26,1,13,0,68,6,0,11,1,7,2856,7,0,53,0,316,33,1,2490,95,0,0,0,23,0,3543,38,17,1,118
7,32,4,0,13,75,5,102,0,52,429,0,2,5,297,216,9,13,0,101,0,6,0,199,124,1723,777,30,4,0,9,184,9,9,50,85,0,56,8,3,66,0,458,8,0,4,492,0
101,4,1,3,13,1160,6,0,0,11,12,0,10,238,5,25,2,4,0,3,0,3,1,251,2,19,5,15,2,0,3,414,8,431,26,11,0,982,2,1,0,3,1,15,0,8,10,0
399,5,2,3,93,2603,17,7,0,29,12,0,14,569,13,20,6,14,2,20,0,10,7,1505,2,65,4,58,51,0,13,824,10,388,84,14,34,382,6,9,7,2,11,8,1,3,11,0
110,0,0,0,2,585,0,0,0,0,1,0,0,149,9,4,0,2,0,2,0,2,2,328,0,16,1,6,12,0,1,33,4,2,3,6,14,36,0,0,1,3,0,0,0,0,0,0
0,0,4,0,0,1,3,29,0,257,113,0,0,1,0,2,13,6,0,8,0,10,0,351,134,54,518,4,0,0,3,0,12,0,0,11,0,0,28,29,239,0,184,0,0,0,122,0
0,0,0,0,0,0,0,10,0,16,16,0,0,0,0,1,0,0,0,6,0,2,0,1,18,4,6,0,0,0,0,0,1,0,0,7,0,0,7,0,2,0,164,0,0,0,423,0
3,1208,13,398,37,0,21,1,195,4,5,0,0,0,0,2,7,0,1,1,1,0,37,0,1,2,10,2,0,5,1,0,2,1,29,0,0,0,0,0,1,1,1,1,3,6,4,8
0,5,4,0,2,10,20,68,0,114,64,0,1,4,23,1833,14,7,0,85,0,1522,0,11,56,20,22,34,31,0,37,40,452,4,12,125,1,18,1245,30,42,0,46,0,0,214,34,0
0,0,0,0,22,0,0,0,32,0,0,0,0,0,0,0,0,32,918,0,2516,0,104,0,0,0,0,0,0,3377,0,0,0,1,1,0,0,0,0,0,0,0,0,0,1,193,0,273
0,0,0,1,1,0,3,0,1,0,0,0,0,0,0,0,0,1,57,0,4,0,8,0,0,0,0,0,0,77,0,0,0,0,0,0,0,0,0,0,0,0,0,0,0,761,0,1323
5,60,15,246,128,0,337,0,2168,3,0,1,7,0,1,0,4,7,253,0,36,0,44,0,0,0,1,7,0,56,2,0,0,0,10,0,0,0,0,1,0,5,0,0,4,38,0,100
38,2,0,21,309,0,1,0,32,0,0,1,12,0,0,0,0,3,19,0,32,0,183,0,0,0,0,1,4,12,0,0,0,2,7,0,11,1,0,0,0,1,0,44,3,0,0,2
0,7,1,0,0,0,28,5,0,41,16,0,0,1,2,5,5,22,0,60,0,10,0,8,15,7,59,29,1,0,25,0,39,0,0,4,0,1,10,14,19,0,54,0,0,1,43,0
0,1,2,0,1,21,58,2,0,101,24,0,0,17,59,27,17,35,0,209,0,38,1,56,4,113,55,164,0,0,789,12,283,0,4,98,0,11,14,27,121,0,5,0,0,41,43,0
61,10,0,7,453,7,4,0,5,0,5,0,2,18,1,114,1,19,0,0,0,4,178,4,0,31,5,5,4,2,3,174,1,69,554,0,14,150,0,1,3,0,1,25,2,1,4,1
2,69,1,0,1,16,4,7,0,1,40,0,0,2,6,98,1,11,0,55,0,2,1,18,1,1249,26,1,0,0,2,46,6,8,10,14,0,18,7,0,1,0,145,0,1,4,1049,0
6,0,0,4,1,4,10,1,0,4,199,0,0,1,531,0,5,1,15,5,0,28,0,5,0,3,0,29,2,0,238,14,16,2,16,118,0,0,0,5,351,0,0,0,0,2,0,0
35,1,0,0,43,0,1,0,15,0,0,0,3,0,0,0,0,499,1079,0,1063,0,47,0,0,0,0,0,0,744,0,7,0,0,31,0,3,0,0,0,0,0,0,0,1,113,0,82
1,0,0,0,0,1,1,0,0,0,0,0,0,0,0,0,0,7,32,0,1,0,1,0,0,0,0,0,0,10,0,3,0,1,2,0,1,1,0,0,0,0,0,0,0,44,0,44
