0.4378,0.35057,0.66415,0.48307,0.17792,0.52743,0.28544,0.20958,0.54256,0.13017,0.19467,0.98125,0.61535,0.25366,0.60385,0.60511,0.31868,0.29167,0.30409,0.20664,0.67416,0.55195,0.65294,0.45901,0.21871,0.45491,0.21345,0.34874,0.68291,0.75779,0.24784,0.31007,0.22367,0.49631,0.32325,0.5363,0.57348,0.34686,0.39715,0.3009,0.20951,0.95411,0.16641,0.81375,0.94438,0.33187,0.30838,0.461
0.44373
0,0,5,0,0,0,0,429,0,249,287,0,0,0,0,7,18,0,0,3,0,57,0,11,460,0,106,0,0,0,0,0,1,0,0,84,0,0,596,40,41,0,620,0,0,0,50,0
0,0,260,0,0,0,19,531,0,397,3,0,0,2,4,0,819,0,0,254,0,4,0,1,314,0,1,70,0,0,23,0,37,0,1,15,0,0,21,1039,120,0,61,0,0,0,1,0
1,13,21,1,6,2,43,187,11,502,91,7,8,12,1,0,92,61,1,84,5,29,9,22,352,3,96,67,1,0,3,0,12,29,3,24,1,9,48,148,94,2,353,3,4,18,76,0
0,2,0,0,0,0,0,118,0,73,482,0,0,0,0,38,1,0,0,1,0,25,0,35,144,38,655,0,0,0,0,0,0,0,0,50,0,0,62,0,23,0,560,0,0,0,631,0
0,0,4,0,0,0,1,147,0,133,9,0,0,0,0,0,41,0,0,1,0,2,0,3,174,2,12,4,0,0,0,0,0,0,0,2,0,0,9,31,84,0,67,0,0,0,3,0
1,84,25,0,4,35,232,76,2,387,188,0,2,32,4,20,47,324,0,176,0,61,0,79,120,107,336,204,2,0,7,2,26,8,13,30,0,39,45,143,93,0,253,0,0,74,105,0
0,1,13,0,0,0,6,621,0,144,42,0,0,0,5,1,6,0,0,120,0,3,0,0,650,0,1,2,0,0,1,0,9,0,0,27,0,0,28,29,11,0,657,0,0,1,12,0
1,103,2,77,2,0,4,1,36,1,0,0,0,0,1,7,0,0,2,2,0,1,2,0,0,1,10,0,0,1,0,0,0,7,3,1,0,2,0,2,0,2,5,0,0,6,12,1
1070,1,3,1,162,57,1,0,1,0,8,17,85,83,7,88,0,163,12,0,4,4,34,18,0,31,1,20,898,1,1,156,1,1818,64,2,1726,984,0,0,0,22,0,637,4,5,3,31
0,0,0,6,1,0,18,0,38,0,0,0,0,0,0,0,0,0,157,0,4,0,0,0,0,0,0,0,0,37,0,0,0,0,0,0,0,0,0,0,0,0,0,0,0,44,0,517
20,48,10,193,22,0,96,0,435,6,1,1,3,2,0,0,3,1,140,0,4,1,23,0,0,2,0,8,0,9,6,5,1,2,33,1,0,1,2,4,7,13,0,0,3,22,1,17
94,25,10,287,490,19,8,2,241,16,4,6,13,10,4,6,6,22,2,8,6,0,13,12,1,6,1,19,3,6,7,138,3,163,206,0,19,36,0,6,0,5,1,29,3,2,1,0
55,0,0,0,29,37,4,0,1,7,5,0,0,11,16,7,0,7,7,15,0,31,0,20,1,13,0,3,170,0,13,1093,10,96,87,2,17,23,0,0,4,0,0,0,0,4,0,0
0,2,36,0,0,1,26,242,0,513,16,0,0,6,7,3,525,9,0,213,0,177,0,56,196,3,7,146,0,0,83,0,120,0,0,20,0,0,79,789,423,0,132,0,0,4,16,0
0,0,0,0,0,1,2,1,0,2,56,0,2,0,1,9,0,2,0,1,0,1,0,13,13,110,574,1,0,0,0,0,0,0,1,6,0,1,0,0,8,0,37,0,0,1,106,0
5,0,3,0,3,254,8,1,0,7,3,0,1,128,0,3,1,22,0,4,0,1,1,117,0,3,1,29,2,0,9,7,10,55,0,3,0,17,3,5,2,1,0,0,0,2,6,0
48,7,2,2,56,3,11,0,1,2,1,4,35,37,1,2,0,311,1,0,1,1,42,1,0,3,462,6,1,0,1,1,0,138,7,0,4,9,0,0,1,8,0,36,4,1,11,1
0,0,8,0,0,5,93,20,0,91,25,0,2,15,6,374,19,24,0,84,0,2789,0,4,15,18,7,58,1,0,79,3,94,2,5,19,0,4,846,74,573,0,28,0,3,22,18,0
1,0,2,0,0,1,280,158,0,27,1,0,0,4,137,0,50,0,0,570,0,1,0,1,79,0,0,104,0,0,218,0,406,0,0,114,0,0,3,62,27,0,28,0,0,4,4,0
23,15,3,6,401,0,3,0,5,0,0,1,4,1,0,0,0,1,4,0,7,0,1697,0,0,0,1,0,0,4,0,0,0,1,6,0,3,0,0,0,0,3,0,6,3,0,0,3
18,637,0,163,10,1,24,0,70,3,1,0,0,1,1,9,6,2,57,1,2,1,2,1,0,3,0,0,5,5,1,2,5,0,146,0,0,2,1,2,1,0,0,0,0,3,3,3
24,2,1056,2,11,0,1,0,0,0,0,3926,609,518,1,1,0,22,0,0,0,1,12,1,0,7,10,18,5,0,1,3,0,28,9,0,9,7,0,0,0,2183,0,30,1681,0,2,0
5,127,43,229,13,8,12,5,85,24,10,2,18,13,31,4,59,10,3,2,3,12,27,4,9,4,12,16,2,2,11,383,5,9,759,21,0,5,2,21,11,3,2,0,16,2,9,7
0,9,5,0,0,9,278,57,2,243,126,0,0,7,199,1,346,95,0,633,1,69,0,69,35,8,9,387,0,0,852,5,622,0,2,178,0,1,31,372,251,0,49,0,0,69,22,0
5,56,20,2,1,85,747,87,7,431,32,0,1,218,369,16,376,518,0,772,0,120,4,49,73,32,17,996,14,0,677,29,822,8,11,297,2,6,79,526,173,0,86,0,0,463,17,1
0,2,0,1,0,7,153,16,0,3,34,0,0,22,2663,0,10,2,0,237,0,7,0,8,12,5,1,256,0,0,1035,4,667,0,1,1677,0,0,2,13,36,0,7,0,1,66,2,0
0,0,0,5,1,0,18,0,58,0,0,0,0,0,0,0,0,8,706,1,4,1,2,0,0,0,0,1,0,21,0,2,0,0,2,0,0,0,0,0,1,0,0,0,0,57,0,293
15,1363,6,1527,61,3,53,0,585,0,3,1,13,1,0,0,34,14,25,0,11,1,99,0,0,1,2,5,3,61,0,0,0,3,73,1,1,2,0,0,2,6,0,0,5,17,3,18
1552,5,10,6,365,19,2,0,3,0,3,34,1331,68,3,8,0,938,28,0,15,0,62,4,0,12,1,14,2774,9,0,48,0,344,29,2,2478,96,0,0,0,25,0,3670,36,10,1,125
6,28,2,0,12,91,4,114,0,64,456,0,1,4,292,279,5,15,0,86,0,7,0,163,118,1685,803,27,6,0,10,102,10,8,59,100,0,54,11,5,34,1,422,5,0,4,573,0
60,4,4,3,13,1093,5,0,0,10,12,0,6,233,5,33,2,5,0,2,0,1,1,228,0,19,7,14,4,0,3,468,7,436,36,17,0,1043,1,2,0,2,1,15,1,7,8,0
277,5,3,2,110,2644,18,7,0,35,13,0,16,554,17,19,7,14,2,20,0,12,6,1439,6,62,9,118,117,0,10,727,16,404,88,29,20,454,4,10,9,1,10,8,1,1,13,0
78,0,0,0,0,585,0,0,0,0,1,0,0,161,12,3,0,1,0,1,0,1,3,313,0,15,1,6,14,0,1,53,5,2,7,8,18,39,0,1,1,3,0,0,0,0,1,0
0,1,4,0,0,0,1,33,0,266,126,0,0,2,0,3,9,4,0,9,0,10,0,349,109,62,483,2,0,0,2,0,11,0,0,20,0,0,40,31,240,0,184,0,0,0,135,0
0,0,0,0,0,0,0,9,0,17,32,0,0,0,0,2,0,0,0,6,0,1,0,2,17,7,3,0,0,0,0,0,1,0,0,7,0,0,7,0,1,0,163,0,0,0,409,0
3,1215,10,369,30,0,31,1,195,1,4,0,0,0,0,0,41,0,1,1,1,0,32,0,0,2,8,2,0,5,1,0,3,1,25,0,0,0,0,1,1,0,1,1,4,7,6,9
3,6,5,0,2,7,20,78,0,112,65,0,1,3,27,1825,8,8,0,81,0,1519,0,9,57,22,20,27,27,0,28,41,433,5,11,132,0,20,1284,35,50,0,41,0,0,211,27,0
1,0,0,1,25,0,1,0,28,0,0,0,0,0,0,0,0,26,912,0,2520,0,100,0,0,0,0,0,0,3404,0,0,0,1,1,0,0,0,0,0,0,0,0,0,1,170,0,279
1,0,0,1,1,0,1,0,1,0,0,0,0,0,0,0,0,1,56,0,4,0,10,0,0,0,0,0,0,80,0,0,0,0,0,0,0,0,0,0,0,0,0,0,0,757,0,1324
6,61,12,244,115,0,287,0,2212,4,0,2,4,0,1,0,9,9,250,0,33,0,56,0,0,0,3,7,0,48,1,0,1,0,8,0,0,0,0,2,0,7,1,0,5,43,0,108
56,4,0,22,313,0,1,0,36,0,0,0,7,0,0,0,0,2,17,0,36,0,159,0,0,0,0,1,2,14,0,0,0,1,8,0,9,1,0,0,0,1,0,45,3,1,0,2
0,11,1,0,0,0,30,11,0,45,17,0,0,0,3,4,3,20,0,67,0,10,0,7,13,9,44,27,1,0,23,0,34,0,0,3,0,0,9,20,21,0,49,0,0,2,48,0
0,1,1,0,1,24,57,3,0,114,44,0,0,17,57,26,17,26,0,226,0,39,1,75,2,118,35,149,0,0,779,10,284,0,4,92,0,10,13,31,117,0,4,0,0,32,44,0
72,9,0,7,453,5,3,0,8,2,4,0,1,15,1,121,0,22,0,0,0,4,154,3,1,31,5,11,7,3,5,169,1,82,568,0,11,127,0,2,3,0,1,25,1,1,4,1
2,40,0,0,0,12,1,7,0,4,85,0,0,4,5,97,1,17,0,48,0,2,1,14,1,1258,18,2,0,0,2,49,4,9,10,16,0,14,6,1,1,0,125,0,0,4,1063,0
4,0,0,4,1,3,11,1,0,6,186,0,0,0,529,0,9,1,21,7,0,47,0,4,0,2,0,28,3,0,283,14,14,1,30,127,0,0,1,6,271,0,0,0,0,1,1,0
37,1,1,0,40,1,1,0,16,0,0,0,0,0,0,0,0,482,1064,0,1076,0,46,0,0,0,0,1,0,772,0,8,0,1,31,0,2,0,0,0,0,0,0,0,1,100,0,86
1,0,0,0,0,1,2,0,0,0,0,0,0,0,0,0,0,7,31,0,1,0,1,0,0,0,0,0,0,10,0,3,0,1,1,0,1,1,0,0,0,0,0,0,0,43,0,46
