0.4274,0.31306,0.63663,0.52522,0.27203,0.50655,0.32978,0.17216,0.5047,0.12185,0.18337,0.89641,0.59179,0.34126,0.54913,0.50742,0.20887,0.18658,0.32125,0.20377,0.66343,0.53361,0.61496,0.38071,0.27257,0.43514,0.2014,0.32222,0.65509,0.74849,0.36769,0.26369,0.20104,0.33632,0.31675,0.41095,0.49239,0.3196,0.33239,0.21223,0.17557,0.93359,0.18133,0.82076,0.91142,0.34252,0.36655,0.39905
0.42227
0,0,3,0,0,0,0,478,0,163,102,0,0,0,0,2,6,0,0,4,0,63,0,12,532,0,103,0,0,0,0,0,1,0,0,58,0,0,679,18,44,0,774,0,0,0,22,0
0,0,159,0,0,0,14,657,0,448,1,0,0,1,5,0,438,1,0,169,0,3,0,3,945,0,2,15,0,0,31,0,77,0,0,9,0,0,51,806,129,0,31,0,0,0,2,0
0,28,13,4,8,0,33,245,9,408,52,15,6,7,7,2,28,69,1,74,1,26,7,27,308,2,83,34,4,0,0,1,3,17,1,36,0,1,172,231,105,4,421,3,10,18,29,2
0,0,0,0,0,0,0,166,0,57,483,0,0,0,0,8,0,0,0,0,0,39,0,36,138,54,400,0,0,0,0,1,0,0,0,103,0,0,119,3,20,0,886,0,0,0,425,0
0,0,6,0,0,0,0,139,0,129,1,0,0,0,0,0,10,0,0,1,0,3,0,5,193,4,14,1,0,0,1,0,1,0,0,5,0,0,49,33,75,0,59,0,0,0,0,0
1,234,25,0,2,31,151,157,5,392,140,0,1,12,11,25,28,191,0,183,0,55,1,170,53,71,282,101,1,0,6,2,9,12,43,57,0,11,75,294,97,1,274,2,1,108,71,0
0,0,10,0,0,0,8,658,0,87,6,0,0,0,11,0,0,0,0,119,0,4,0,0,690,0,1,1,1,0,1,0,39,0,0,8,0,0,46,24,10,0,662,0,0,0,4,0
4,106,1,44,1,0,5,2,42,2,2,0,0,0,1,6,16,0,2,1,0,1,2,0,0,0,5,0,0,0,0,1,0,2,0,1,0,1,0,3,0,1,5,0,1,2,35,0
798,0,7,0,124,65,2,0,5,1,2,86,65,66,11,198,0,36,23,0,2,4,21,18,0,35,1,118,785,0,3,99,0,1165,62,1,2556,1032,0,0,1,41,0,739,4,6,4,38
0,0,0,5,1,0,1,0,21,0,0,0,0,0,0,0,4,3,84,0,2,0,4,0,0,0,0,0,0,46,0,0,0,0,0,0,0,0,0,0,0,0,0,0,0,41,0,610
19,46,32,188,9,0,70,1,394,4,6,0,2,4,0,0,26,9,161,2,7,1,58,6,1,1,0,2,3,10,7,5,0,2,4,1,0,1,3,4,3,3,0,1,13,5,5,27
144,153,6,150,316,24,28,3,308,16,0,13,14,4,5,14,27,26,9,5,12,0,8,7,1,5,2,25,5,4,9,110,1,265,111,1,32,34,0,13,1,3,0,34,9,0,2,0
45,0,1,1,14,108,5,2,1,17,4,0,0,4,14,7,0,8,7,19,0,14,1,14,0,9,3,12,338,0,16,804,15,144,97,3,22,30,1,3,2,0,0,1,0,2,0,0
0,3,33,0,0,1,32,343,0,481,4,0,0,4,10,2,303,5,0,324,0,159,0,65,227,2,4,41,0,0,87,0,116,0,0,24,0,1,140,885,445,0,103,0,0,0,6,0
0,3,1,0,0,1,0,6,0,5,78,0,1,0,1,19,2,0,0,0,0,0,0,23,5,88,444,3,0,0,0,0,1,0,4,23,0,0,6,0,9,0,77,0,0,0,149,0
2,0,2,0,2,176,4,3,0,14,6,0,2,91,1,6,4,28,0,3,0,3,1,138,0,4,1,43,2,0,7,14,4,103,2,4,0,28,1,6,2,0,1,1,0,3,5,0
46,3,3,0,66,2,6,0,1,2,1,15,21,31,2,2,1,439,2,0,1,2,33,5,0,2,454,9,3,0,1,0,0,19,3,0,3,11,0,0,0,3,0,39,6,1,24,1
0,4,33,0,0,4,114,46,0,129,43,0,1,10,9,155,10,41,0,160,0,3009,0,10,16,10,15,28,1,0,30,9,106,2,3,20,0,2,669,118,493,0,17,0,3,105,3,0
0,0,3,0,0,1,152,185,0,42,11,0,0,1,130,1,63,1,0,582,0,2,0,2,49,0,0,56,0,0,288,1,535,0,0,37,0,0,3,83,33,0,15,0,0,2,4,0
65,14,3,7,710,0,0,0,6,0,0,1,3,2,0,0,3,2,2,0,8,0,1340,0,0,0,1,0,2,1,0,0,0,1,6,0,0,0,0,0,0,1,0,6,8,1,1,7
16,510,0,149,7,1,33,0,116,5,101,0,1,1,1,9,17,6,122,1,1,1,8,1,0,3,0,0,6,5,3,3,1,1,45,0,0,0,2,3,1,0,1,0,0,0,8,3
24,1,869,1,8,0,1,0,0,0,0,4119,641,574,1,1,1,31,0,0,0,0,8,1,0,5,16,16,12,0,1,3,0,10,2,0,6,12,0,0,0,1968,0,33,1811,0,3,1
8,75,68,163,6,6,27,7,61,27,8,1,8,10,60,6,202,33,6,3,3,11,63,4,11,5,32,17,6,3,13,420,5,1,592,6,0,3,3,29,13,1,2,0,23,0,3,6
0,14,0,1,0,4,285,106,2,279,133,0,0,3,171,3,210,77,0,785,0,73,0,83,16,5,4,228,0,0,756,10,590,0,2,183,0,0,30,515,355,0,42,0,0,62,15,0
2,87,26,2,0,48,743,167,13,498,54,0,2,130,412,10,272,492,0,974,0,87,0,121,33,26,9,754,15,1,569,47,651,32,12,217,3,2,63,825,321,0,56,1,0,454,14,0
0,0,0,0,0,2,111,18,0,1,329,0,0,10,2252,1,23,13,0,511,0,7,0,12,1,3,0,213,0,0,1730,4,655,0,0,953,0,0,0,13,32,0,2,0,0,48,6,0
5,0,0,10,0,0,11,0,42,0,0,0,0,0,0,0,0,12,588,0,2,0,2,1,0,0,0,1,3,22,3,1,1,0,3,0,0,0,0,0,1,0,0,0,0,51,0,422
19,1158,2,1489,62,1,83,0,601,0,25,0,3,2,0,1,83,24,71,1,9,1,42,1,0,0,48,2,7,83,0,1,0,0,122,0,0,0,0,0,1,7,0,2,6,29,5,27
1354,2,6,5,380,14,14,0,3,0,2,337,1154,59,4,19,3,365,108,0,18,0,41,7,0,13,6,107,2528,5,0,26,0,207,16,0,2472,129,0,1,0,60,0,4515,39,7,4,100
4,23,6,0,6,147,4,164,0,73,415,0,1,1,252,462,2,5,0,163,0,7,0,155,74,1476,605,27,7,0,12,51,4,22,56,143,0,29,29,25,27,0,634,2,0,2,551,0
32,2,2,1,9,1257,7,1,0,7,15,0,5,140,7,67,5,13,0,3,0,1,1,217,1,32,8,40,3,0,5,592,5,383,59,12,5,839,1,2,3,3,1,10,1,3,11,0
127,2,4,2,37,2589,16,36,1,46,10,0,12,287,27,40,13,25,3,22,1,5,4,1176,6,68,8,236,88,0,11,571,12,763,65,18,43,892,4,15,3,7,8,16,2,8,7,1
40,0,0,0,1,565,0,0,0,1,4,0,1,189,14,16,0,2,0,4,0,0,0,266,1,11,1,9,12,0,4,76,4,13,4,2,36,55,0,0,0,0,0,1,0,0,2,0
0,2,4,0,0,0,0,54,0,316,86,0,0,1,1,5,2,1,0,8,0,9,0,297,68,79,300,1,0,0,0,0,2,0,0,82,0,0,169,63,191,0,328,0,0,0,67,0
0,0,0,0,0,0,0,19,0,18,41,0,0,0,5,2,0,0,0,16,0,2,0,1,15,22,1,0,0,0,0,0,2,0,0,16,0,0,9,2,1,0,270,0,0,0,242,0
4,1093,7,218,17,0,44,2,211,0,6,1,2,0,0,0,187,0,6,1,1,2,96,0,0,0,5,1,0,6,1,0,1,1,14,0,0,0,1,3,1,1,2,0,11,1,53,12
6,3,8,0,0,15,22,120,0,90,112,0,2,7,44,1437,0,89,0,303,0,1937,0,10,68,26,62,21,9,0,31,38,92,13,7,123,2,10,1178,39,70,0,37,2,0,210,7,0
0,0,0,2,52,0,1,0,40,0,0,0,0,0,0,0,0,64,604,0,2594,0,54,0,0,0,0,0,0,3598,0,0,0,0,1,0,0,0,0,0,0,0,0,0,2,156,0,302
0,0,0,1,1,0,0,0,1,0,0,0,0,0,0,0,1,5,26,0,4,0,14,0,0,0,0,0,0,119,0,0,0,0,0,0,0,0,0,0,0,0,0,0,0,808,0,1257
8,72,18,370,55,0,124,0,1987,4,1,3,1,0,1,0,69,24,258,1,35,1,178,3,1,0,1,5,0,65,3,0,0,0,5,0,0,0,0,5,0,3,0,0,22,19,2,195
97,7,0,13,346,0,2,0,40,1,0,4,1,0,0,0,2,1,14,0,45,0,64,0,0,0,0,0,6,14,0,0,0,0,10,0,2,1,0,1,0,0,0,58,7,0,0,5
0,10,0,0,0,0,37,21,0,44,23,0,0,0,2,1,2,8,0,76,0,10,0,8,7,7,39,14,0,0,12,0,22,0,1,12,0,1,14,45,31,0,53,0,0,3,29,0
0,3,4,0,0,19,46,6,0,258,61,0,0,10,66,37,15,43,0,208,0,42,0,151,2,98,21,110,1,0,674,10,257,6,1,78,0,5,16,42,82,0,7,0,0,40,34,0
256,13,0,5,325,15,10,0,7,4,3,0,0,17,1,141,6,17,0,1,1,3,96,7,1,38,8,17,6,4,3,101,1,268,422,0,9,92,1,0,1,0,0,35,3,0,5,0
5,27,0,0,0,11,0,9,0,11,137,0,0,2,7,127,2,19,0,38,0,4,1,18,3,1187,15,4,0,0,3,30,1,6,8,16,0,6,10,10,0,0,118,0,1,2,1085,0
3,0,0,4,0,3,7,1,0,7,126,0,0,1,555,0,10,0,16,15,0,48,0,8,1,1,0,27,4,0,384,12,44,0,35,67,0,1,0,8,205,0,0,0,0,7,16,0
32,1,0,0,45,0,0,0,20,0,0,0,0,1,0,0,1,393,1010,0,1163,0,30,0,0,0,0,1,0,810,0,5,0,5,47,0,0,0,0,0,0,1,0,0,4,108,0,90
2,0,0,0,0,1,0,0,0,0,0,0,0,0,0,0,0,16,21,0,0,0,1,0,0,0,0,0,1,11,0,1,0,1,4,0,0,0,0,0,0,0,0,0,0,47,0,44
