0.46847,0.33781,0.64458,0.49387,0.1654,0.51931,0.28833,0.20253,0.53964,0.12684,0.1805,0.97486,0.62375,0.24882,0.60068,0.59122,0.29261,0.26147,0.31368,0.20442,0.67194,0.55455,0.64232,0.43798,0.22002,0.44997,0.2205,0.35655,0.6704,0.75745,0.25828,0.30435,0.22082,0.46795,0.31597,0.50992,0.54776,0.33673,0.40472,0.27548,0.20486,0.95366,0.16942,0.81736,0.94174,0.33392,0.30675,0.45728
0.43953
0,0,6,0,0,0,0,463,0,232,226,0,0,0,0,3,15,0,0,3,0,60,0,16,455,0,94,0,0,0,0,0,1,0,0,84,0,0,608,32,33,0,687,0,0,0,46,0
0,0,264,0,0,0,22,536,0,432,2,0,0,2,3,0,733,0,0,250,0,4,0,3,400,0,0,59,0,0,23,0,42,0,1,10,0,0,26,1000,129,0,55,0,0,0,1,0
1,12,24,2,7,2,36,207,13,490,88,10,6,17,1,1,76,56,1,82,3,26,11,17,344,4,99,58,1,0,1,1,8,28,2,35,0,7,60,163,93,2,373,1,3,20,62,1
0,1,0,0,0,0,0,138,0,67,435,0,0,0,0,21,2,0,0,1,0,30,0,41,133,40,648,0,0,0,0,0,0,0,0,55,0,0,65,0,21,0,623,0,0,0,617,0
0,0,5,0,0,0,1,139,0,142,5,0,0,0,0,1,36,0,0,1,0,3,0,3,180,5,11,3,0,0,0,0,0,0,0,2,0,0,12,30,76,0,72,0,0,0,2,0
1,117,19,1,5,27,183,92,2,415,173,0,3,30,3,26,46,303,0,174,0,64,0,85,89,111,344,204,0,0,6,3,23,10,20,39,0,26,42,169,81,0,265,0,0,93,92,0
0,1,14,0,0,0,6,641,0,123,35,0,0,0,4,1,1,0,0,120,0,4,0,0,655,0,1,2,0,0,1,0,16,0,0,24,0,0,26,32,9,0,662,0,0,1,11,0
2,117,2,67,1,0,3,1,36,2,0,0,0,0,1,7,0,0,3,2,0,1,2,0,0,1,4,0,0,1,0,1,0,6,3,1,0,1,0,3,1,2,7,0,0,5,11,1
996,0,3,0,162,54,0,0,2,0,8,28,90,75,6,130,0,135,8,1,4,5,32,17,0,30,1,42,948,1,1,149,0,1657,58,2,1869,992,0,0,0,18,0,657,3,6,3,31
0,0,0,4,1,0,15,0,37,0,0,0,0,0,0,0,0,0,139,0,4,0,4,0,0,0,0,0,0,36,0,0,0,0,0,0,0,0,0,0,0,0,0,0,0,43,0,539
22,53,9,192,25,0,97,0,419,4,2,0,1,2,0,0,7,1,143,1,6,1,30,2,0,1,0,7,0,9,4,4,1,2,30,1,0,1,2,3,5,13,0,0,6,19,2,19
104,36,9,281,449,17,5,3,263,13,0,4,10,8,6,9,8,21,2,4,8,0,10,12,1,7,0,26,3,5,8,137,3,180,199,1,22,34,0,11,0,4,0,29,5,1,1,0
43,0,0,0,32,44,7,0,1,9,6,0,0,7,14,12,1,4,7,15,0,31,0,27,0,14,0,6,189,0,15,1050,8,97,91,3,21,26,0,2,3,0,0,0,0,3,0,0
0,1,36,0,0,1,26,262,0,508,10,0,0,6,7,2,481,7,0,223,0,180,0,62,205,1,4,125,0,0,87,1,105,0,1,23,0,1,76,831,429,0,133,0,0,3,13,0
1,1,1,0,0,1,1,3,0,2,43,0,1,1,1,10,0,2,0,1,0,0,0,14,10,107,538,3,0,0,0,0,0,0,1,6,0,0,2,0,4,0,38,0,0,1,156,0
2,0,3,0,2,247,9,0,0,6,4,0,1,121,1,3,2,21,0,5,0,1,0,122,0,2,3,28,3,0,8,8,5,74,3,3,0,15,3,6,2,0,0,0,0,2,2,0
50,6,5,1,56,7,10,0,2,2,4,4,24,39,1,2,0,406,1,0,2,2,39,2,0,3,450,8,3,0,1,1,0,52,6,0,3,5,1,0,0,12,0,35,4,2,11,1
0,1,9,0,0,5,107,20,0,96,32,0,1,17,4,326,15,22,0,93,0,2877,1,3,15,20,4,38,1,0,78,3,85,1,2,18,0,4,814,89,556,0,25,0,3,28,15,0
0,0,2,0,0,1,259,171,0,23,3,0,0,4,139,0,49,0,0,587,0,3,0,1,75,0,0,76,0,0,229,0,425,0,0,98,0,0,3,77,28,0,23,0,0,5,1,0
28,16,4,6,457,0,2,0,4,0,0,1,3,1,0,0,0,3,3,0,9,0,1636,0,0,0,1,0,0,3,0,0,0,0,6,0,2,0,0,0,0,3,0,8,3,0,0,2
14,638,0,164,11,1,26,0,61,3,3,0,0,0,1,12,5,2,58,1,1,1,2,0,0,3,0,2,8,6,3,3,3,0,145,0,0,2,2,1,2,0,0,0,0,2,3,3
28,2,963,2,10,1,1,0,0,0,1,3877,597,505,1,1,1,29,0,0,0,1,10,1,0,7,12,24,7,0,1,4,0,20,7,0,9,7,0,0,0,2243,0,29,1778,0,1,0
6,107,40,216,12,7,17,7,86,23,18,1,11,11,32,5,100,10,5,2,2,11,26,4,10,5,13,17,4,4,9,389,4,5,746,12,0,6,1,23,13,2,2,0,21,1,8,6
0,10,5,0,0,9,280,64,1,262,122,0,0,7,195,3,339,99,0,648,0,66,0,70,29,9,9,342,0,0,857,7,592,0,2,175,0,0,30,401,277,0,48,0,0,67,17,0
4,66,18,4,2,83,739,90,9,466,38,0,2,193,387,13,359,504,0,795,0,118,3,60,76,24,13,988,9,1,650,38,787,14,10,298,2,4,68,581,179,0,75,0,0,459,15,1
0,0,0,1,0,6,195,14,0,2,114,0,0,14,2655,0,13,2,0,312,0,9,0,10,8,5,1,224,1,0,1092,2,682,1,1,1465,0,0,2,11,39,0,6,0,1,62,0,0
3,0,0,6,1,0,18,0,54,0,0,0,0,0,0,0,0,7,695,1,3,1,2,0,0,0,0,1,1,26,1,1,0,0,3,0,0,0,0,0,2,0,0,0,0,52,0,303
13,1309,8,1531,68,2,49,0,579,0,1,1,5,0,0,0,47,24,23,1,11,1,110,0,0,0,4,6,7,57,0,0,0,1,103,0,0,1,0,0,2,7,0,0,7,21,2,17
1597,5,9,3,381,19,1,0,9,0,3,50,1313,71,4,10,0,809,22,0,15,0,57,4,0,13,2,36,2754,7,0,45,0,287,28,0,2414,97,0,0,0,26,0,3871,36,13,1,118
8,24,3,0,11,110,5,138,0,69,400,0,2,6,302,316,5,11,0,90,0,7,0,174,125,1655,809,27,5,0,9,85,8,12,61,87,0,44,11,10,33,0,404,4,0,6,590,0
53,4,3,2,11,1174,5,0,0,11,12,0,7,242,6,43,3,6,0,3,0,2,1,222,0,20,5,17,5,0,4,469,5,446,46,10,0,933,2,2,0,3,0,14,0,10,10,0
171,4,5,4,96,2662,20,6,0,33,9,0,14,528,19,26,4,18,1,22,1,11,7,1370,5,69,9,153,105,0,11,700,12,493,92,22,24,557,2,13,2,1,9,9,1,4,13,0
50,0,0,0,1,592,0,0,0,0,2,0,1,169,12,7,0,1,0,1,0,1,2,292,0,13,1,9,15,0,1,77,5,2,6,5,25,39,0,1,0,3,0,0,0,0,1,0
0,3,3,0,0,0,1,50,0,265,92,0,0,2,0,5,9,2,0,9,0,12,0,373,87,57,457,1,0,0,2,0,9,0,0,31,0,1,51,34,243,0,185,0,0,0,152,0
0,0,0,0,0,0,0,9,0,18,34,0,0,0,0,2,0,0,0,13,0,1,0,2,15,8,3,0,0,0,0,0,1,0,0,9,0,0,7,0,1,0,163,0,0,0,398,0
3,1206,6,323,32,0,33,2,200,1,4,0,1,0,0,0,89,0,1,1,1,0,38,0,0,0,8,3,0,6,1,0,4,1,16,0,0,0,0,1,1,3,0,1,5,4,8,9
4,3,5,0,2,9,22,82,0,101,82,0,1,4,28,1818,6,10,0,75,0,1537,0,8,45,22,17,22,27,0,25,35,389,7,10,137,1,15,1321,33,53,0,42,1,0,229,22,0
1,0,0,1,31,0,0,0,28,0,0,0,0,0,0,0,0,32,889,0,2550,0,93,0,0,0,0,0,0,3407,0,0,0,0,1,0,0,0,0,0,0,0,0,0,1,154,0,282
0,0,0,1,0,0,0,0,1,0,0,0,0,0,0,0,1,1,48,0,3,0,12,0,0,0,0,0,0,85,0,0,0,0,0,0,0,0,0,0,0,0,0,0,0,763,0,1322
4,65,6,256,122,0,256,0,2192,4,5,1,3,0,1,0,15,7,246,0,35,0,91,0,1,0,3,7,0,50,2,0,0,1,8,1,0,0,0,2,0,9,0,0,7,37,0,102
59,3,1,22,331,0,2,0,37,0,0,0,6,0,0,0,0,2,16,0,40,0,137,0,0,0,0,2,2,13,0,0,0,0,8,0,6,1,0,0,0,1,0,46,2,2,0,2
0,12,1,0,0,0,28,16,0,44,25,0,0,0,3,2,3,14,0,73,0,8,0,8,8,11,44,29,1,0,22,0,29,0,0,4,0,0,9,24,28,0,44,0,0,1,41,0
0,2,1,0,1,20,60,3,0,125,45,0,0,19,56,26,19,23,0,231,0,42,1,79,0,125,34,128,0,0,773,12,290,0,3,92,0,8,12,37,113,0,4,0,0,30,39,0
94,10,1,7,396,7,2,0,9,3,3,0,2,17,1,137,1,17,0,0,0,4,144,3,1,37,7,16,4,2,6,154,2,127,570,0,8,107,0,3,3,0,1,31,1,1,3,1
6,39,1,0,0,13,1,7,0,3,126,0,0,4,5,95,1,17,0,39,0,3,1,16,5,1247,16,4,0,0,2,47,4,13,7,15,0,11,6,1,1,0,109,0,0,4,1054,0
3,0,0,3,1,3,10,1,0,6,193,0,0,0,521,0,13,1,20,9,0,60,0,5,0,2,0,26,5,0,295,15,16,1,34,105,0,0,0,4,252,0,0,0,0,0,12,0
37,1,0,0,46,1,1,0,17,0,2,0,0,0,0,0,0,457,1080,0,1096,0,43,0,0,0,0,1,0,770,0,6,0,2,30,0,1,0,0,0,0,0,0,0,1,91,0,84
1,0,0,0,0,1,2,0,0,0,0,0,0,0,0,0,0,8,32,0,1,0,2,0,0,0,0,1,0,9,0,3,0,1,1,0,0,1,0,0,0,0,0,0,0,40,0,47
