0.36916,0.34829,0.66317,0.47654,0.18927,0.51124,0.28631,0.22192,0.52218,0.13686,0.23872,0.98569,0.65051,0.24697,0.6099,0.63652,0.33533,0.26829,0.31309,0.20871,0.67865,0.55436,0.65294,0.47561,0.21919,0.46296,0.19562,0.35703,0.72857,0.76066,0.24594,0.29119,0.22503,0.55212,0.30371,0.56102,0.60638,0.34164,0.38953,0.32324,0.22479,0.95985,0.16658,0.81325,0.94162,0.33494,0.30431,0.46966
0.44693
0,0,5,0,0,0,0,411,0,288,359,0,0,0,0,11,30,0,0,3,0,56,0,12,458,0,122,2,0,0,0,0,0,0,0,81,0,0,596,32,39,0,507,0,0,0,52,0
0,0,267,0,0,0,18,549,0,373,1,0,0,2,4,0,897,0,0,258,0,4,0,1,280,0,1,91,0,0,29,0,30,0,1,16,0,0,14,1036,58,0,67,0,0,0,0,0
2,8,19,1,8,6,42,173,11,518,114,4,19,14,1,2,105,66,1,79,4,23,6,17,345,1,95,74,2,1,2,0,14,29,2,23,0,10,38,145,82,1,329,0,5,14,100,0
0,3,0,0,0,0,0,107,0,89,614,0,0,0,0,47,1,0,0,1,0,24,0,20,151,22,665,0,0,0,0,0,0,0,0,42,0,0,50,0,32,0,421,0,0,0,649,0
0,0,3,0,0,0,1,148,0,135,17,0,0,0,0,1,56,0,0,1,0,2,0,2,158,2,13,4,0,0,0,0,0,0,0,2,0,0,8,31,86,0,56,0,0,0,3,0
0,57,26,1,6,52,238,72,1,384,191,0,3,37,5,25,43,353,0,184,0,57,0,77,130,103,305,218,2,0,6,3,24,5,11,18,0,52,37,127,107,0,257,0,0,47,122,0
0,2,15,0,0,0,9,648,0,167,27,0,0,0,3,2,7,0,0,117,0,5,0,0,642,0,2,3,0,0,1,0,6,0,0,22,0,0,21,27,5,0,637,0,0,0,22,0
1,94,2,75,9,0,4,1,34,2,3,0,0,0,0,7,0,0,2,0,0,0,2,0,0,1,6,0,0,1,1,0,2,8,7,0,0,2,0,2,1,2,5,0,0,9,12,0
1172,1,4,1,187,53,1,0,3,1,9,14,132,83,5,19,0,145,9,0,3,5,35,19,0,30,1,4,818,1,1,165,1,2018,69,1,1489,1028,0,0,1,21,0,627,5,7,2,34
0,0,0,6,2,0,23,0,33,0,0,0,0,0,0,0,0,0,162,0,3,0,0,0,0,0,0,0,0,38,0,0,0,0,0,0,0,0,0,0,0,0,0,0,0,36,0,519
16,48,14,166,28,0,98,1,476,4,2,0,5,2,0,0,2,1,119,0,4,1,29,0,0,1,0,5,0,12,4,4,1,4,38,1,0,1,3,5,11,10,0,0,2,11,0,17
94,27,9,265,554,25,3,4,228,15,1,5,10,15,4,2,6,25,3,4,10,1,18,15,0,5,1,16,2,7,7,142,2,119,216,2,16,44,0,5,0,1,1,22,3,4,1,0
50,0,0,1,29,34,5,0,2,5,6,0,1,17,11,12,0,9,1,15,0,28,1,23,1,13,0,5,136,0,16,1025,6,80,202,4,14,28,1,0,4,0,0,0,0,3,0,0
0,1,39,0,0,1,24,251,0,471,20,0,0,6,5,3,580,15,0,221,0,155,0,52,173,3,6,211,0,0,97,0,131,0,1,18,0,0,82,793,332,0,130,0,0,3,26,0
0,0,0,0,0,1,3,1,0,3,65,0,4,2,1,4,0,2,0,1,0,1,0,21,9,108,562,1,0,0,0,0,0,0,1,4,0,1,0,0,33,0,40,0,0,1,80,0
11,0,3,0,1,270,9,0,0,6,2,0,2,136,1,2,1,19,0,3,0,1,1,120,1,3,1,24,1,0,8,7,9,44,2,3,0,10,2,4,1,0,0,0,0,3,6,0
42,10,3,3,53,8,15,0,2,1,1,5,38,33,1,1,0,341,1,0,3,1,38,1,0,3,460,3,0,0,1,0,0,118,7,0,5,10,1,0,0,10,0,28,5,1,9,1
0,0,9,0,0,10,79,18,0,89,20,0,1,13,6,409,25,23,0,79,0,2677,0,3,13,14,7,96,3,0,52,1,101,2,1,20,0,6,889,61,622,0,33,0,3,19,24,0
1,0,1,0,0,0,288,142,0,22,0,0,0,4,133,0,57,0,0,507,0,1,0,0,87,0,0,136,0,0,234,0,405,0,1,127,0,0,4,42,13,0,62,0,0,7,8,0
17,14,2,7,320,0,2,0,5,0,0,1,5,1,0,0,0,2,6,0,8,0,1776,0,0,0,1,0,0,4,0,0,0,1,8,0,5,0,0,0,0,4,0,4,3,2,0,3
16,631,1,164,19,2,9,0,86,4,2,0,0,1,1,2,4,2,48,0,2,0,0,0,0,3,0,0,1,5,2,2,6,0,166,0,0,1,2,1,2,0,0,0,0,1,3,3
18,4,1075,0,11,2,0,0,1,0,1,3926,556,534,1,1,0,24,0,0,0,0,11,1,0,7,11,11,2,0,1,2,0,24,12,0,11,7,0,0,0,2271,0,26,1629,0,0,0
4,156,38,243,16,8,16,8,113,24,12,1,12,13,26,4,19,9,2,2,3,9,23,5,5,5,8,19,2,3,10,372,5,5,762,25,0,7,2,21,9,4,4,0,8,4,9,5
0,10,3,0,1,7,275,53,0,194,116,0,0,10,187,1,365,114,0,580,0,56,0,59,36,14,9,489,0,0,860,3,670,0,0,189,0,1,30,310,222,0,74,0,0,73,31,0
1,50,18,2,4,112,761,82,3,364,36,0,1,218,330,14,357,576,1,748,0,107,2,42,68,31,16,1135,9,0,720,17,836,6,16,310,4,5,87,425,155,0,117,0,0,430,29,0
1,2,0,1,0,4,129,11,0,2,26,0,0,28,2625,0,9,2,0,197,0,6,0,4,6,6,1,286,0,0,1029,3,619,0,1,1802,0,0,4,16,34,0,21,0,0,73,2,0
1,0,0,7,4,0,22,0,63,0,0,0,0,0,0,0,0,6,722,0,3,1,1,0,0,0,0,0,0,22,1,1,0,0,6,0,0,0,0,1,3,0,0,0,0,53,0,264
7,1358,4,1483,91,1,34,0,642,0,2,0,14,2,0,0,26,13,14,0,14,1,99,0,0,0,2,4,1,58,2,0,1,5,91,0,0,2,0,0,2,4,0,0,4,13,5,19
1360,8,8,7,421,21,5,0,5,0,3,25,1597,80,3,8,0,891,31,1,16,0,68,3,0,10,2,3,2915,4,0,44,0,319,34,3,2471,95,0,0,0,25,0,3462,44,12,1,125
6,42,6,0,13,62,4,106,0,56,430,0,2,7,291,198,7,15,0,108,0,6,0,216,132,1700,741,17,4,0,10,220,9,9,54,78,0,57,10,2,105,0,458,7,0,6,472,0
106,6,1,3,9,1127,9,0,0,12,11,0,9,235,5,26,1,7,0,2,0,2,2,263,1,16,7,4,2,0,3,432,5,398,36,12,0,1020,2,0,1,2,1,16,0,9,8,0
485,6,4,3,84,2570,19,6,1,26,15,0,14,550,16,23,8,19,4,17,0,9,7,1570,3,61,8,26,48,0,10,763,12,387,104,11,23,364,2,12,10,3,13,5,0,3,13,0
114,0,0,0,2,586,0,0,0,0,0,0,0,140,6,4,0,1,0,3,0,1,2,338,0,14,1,4,12,0,2,30,3,2,3,8,13,39,0,1,1,3,0,0,0,1,0,0
0,0,4,0,0,1,4,26,0,264,116,0,0,1,0,1,15,6,0,8,0,11,0,339,134,51,538,3,0,0,3,0,11,0,0,11,0,0,25,28,260,0,160,0,0,0,116,0
0,0,0,0,0,0,0,12,0,19,10,0,0,0,0,1,0,0,0,6,0,2,0,1,16,5,4,0,0,0,0,0,1,0,0,6,0,0,7,0,2,0,166,0,0,0,426,0
2,1199,12,399,38,0,22,1,203,3,6,0,1,0,0,2,5,0,3,1,1,0,36,0,1,2,9,2,0,5,1,0,3,1,27,0,0,0,0,0,0,0,3,1,5,6,4,8
1,10,6,0,1,11,16,73,0,103,50,0,2,2,22,1851,14,6,0,88,0,1492,0,8,59,16,22,46,27,0,37,40,466,4,14,128,0,19,1243,29,41,0,50,0,0,213,40,0
0,0,0,0,23,0,0,0,28,0,0,0,0,0,0,0,0,29,930,0,2530,0,96,0,0,0,0,0,1,3353,0,0,0,1,1,0,0,0,0,0,0,0,0,0,1,211,0,266
0,0,0,1,1,0,4,0,1,0,0,0,0,0,0,0,0,1,56,0,4,0,8,0,0,0,0,0,0,82,0,0,0,0,0,0,0,0,0,0,0,0,0,0,0,763,0,1316
4,60,15,242,137,0,350,0,2178,4,1,1,8,0,1,0,4,7,230,0,38,0,43,0,0,0,1,7,0,56,2,0,0,0,8,1,0,0,0,3,0,4,1,0,6,31,0,96
37,1,0,20,324,0,2,0,33,0,0,1,11,0,0,0,0,2,16,0,33,0,184,0,0,0,0,0,4,12,0,0,0,2,3,0,10,1,0,0,0,1,0,39,3,0,0,2
0,6,1,0,0,0,28,6,0,38,19,0,0,1,1,5,6,26,0,62,0,10,0,8,15,7,58,26,1,0,28,0,37,0,0,4,0,1,9,12,19,0,55,0,0,3,40,0
0,1,2,0,1,24,67,3,0,93,18,0,0,16,64,25,17,42,0,221,0,39,1,38,4,122,64,171,0,0,778,13,279,0,2,94,0,13,15,26,122,0,8,0,0,30,40,0
69,8,0,6,468,6,5,0,5,0,2,0,5,20,1,102,1,17,1,0,0,5,181,4,0,30,5,4,7,3,4,167,0,53,557,0,10,167,0,2,1,0,1,20,2,2,2,0
2,75,2,0,1,16,3,6,0,1,37,0,0,3,6,93,1,11,0,62,0,2,1,16,1,1260,33,3,0,0,2,38,6,8,8,16,0,17,7,1,2,0,147,0,1,4,1031,0
4,0,0,5,2,6,10,1,0,5,207,0,0,1,538,0,6,2,16,5,0,27,0,3,0,3,0,26,1,0,220,16,14,2,10,130,0,0,0,5,349,0,0,0,0,2,0,0
39,1,0,0,59,0,1,0,14,0,0,0,3,0,0,0,0,484,1098,0,1048,1,48,0,0,0,0,0,0,732,0,7,0,0,25,0,3,0,0,0,0,0,0,0,1,123,0,80
1,0,0,0,0,1,1,0,0,0,0,0,0,0,0,0,0,8,31,0,1,0,1,0,0,0,0,0,0,9,0,3,0,1,2,0,1,1,0,0,0,0,0,0,0,45,0,44
