0.46581,0.33212,0.64329,0.49306,0.17813,0.51842,0.28725,0.19866,0.54475,0.12845,0.17725,0.9684,0.62689,0.25357,0.59587,0.58805,0.28138,0.20691,0.31878,0.19895,0.67325,0.55751,0.64092,0.42511,0.21993,0.44435,0.21397,0.34604,0.66515,0.75682,0.27636,0.30097,0.22705,0.43136,0.32585,0.49265,0.53362,0.34027,0.40281,0.26392,0.19814,0.95478,0.174,0.82356,0.93406,0.3219,0.30756,0.44881
0.43714
0,0,5,0,0,0,0,483,0,217,200,0,0,0,0,3,12,0,0,2,0,61,0,14,480,0,94,0,0,0,0,0,1,0,0,72,0,0,604,29,32,0,712,0,0,0,43,0
0,0,265,0,0,0,21,550,0,455,2,0,0,2,3,0,695,0,0,230,0,4,0,3,443,0,0,55,0,0,25,0,43,0,0,11,0,0,32,972,131,0,54,0,0,0,1,0
1,16,22,5,9,1,30,217,11,478,84,12,3,17,1,2,67,61,1,77,2,24,11,18,336,5,101,54,0,0,1,1,8,29,1,37,1,4,81,163,96,2,383,3,4,18,56,1
0,1,0,0,0,0,0,143,0,59,427,0,0,0,0,15,2,0,0,1,0,31,0,42,133,44,644,0,0,0,0,0,0,0,0,54,0,0,65,0,19,0,645,0,0,0,613,0
0,0,5,0,0,0,1,134,0,140,3,0,0,0,0,1,32,0,0,1,0,3,0,4,189,4,12,2,0,0,0,0,0,0,0,3,0,0,16,28,80,0,67,0,0,0,4,0
1,138,19,1,4,33,189,107,2,408,143,0,4,32,4,36,50,267,0,180,0,63,0,94,72,113,345,200,1,0,6,4,21,11,21,40,0,20,40,186,82,0,262,0,0,97,90,0
0,0,15,0,0,0,6,651,0,116,35,0,0,0,6,1,1,0,0,114,0,5,0,0,662,0,1,2,0,0,1,0,17,0,0,18,0,0,27,31,9,0,663,0,0,0,9,0
3,124,1,63,2,0,2,1,32,2,1,0,0,0,2,6,3,0,3,0,0,1,2,0,0,1,1,0,0,1,0,1,1,6,0,1,0,1,0,4,1,2,5,0,1,5,16,0
998,2,6,0,151,61,2,0,2,0,8,33,81,71,6,141,0,95,12,0,4,5,31,16,0,33,1,73,946,0,1,137,0,1524,57,1,1959,1030,0,0,0,20,0,672,3,10,4,28
0,0,0,4,1,0,11,0,31,0,0,0,0,0,0,0,2,1,119,0,3,0,6,0,0,0,0,0,0,39,0,0,0,0,0,0,0,0,0,0,0,0,0,0,0,43,0,562
24,54,11,195,28,0,96,0,414,4,3,0,1,2,0,0,11,5,143,1,6,1,29,2,0,1,0,5,0,11,5,5,1,2,20,1,0,1,2,3,4,7,0,0,16,13,2,17
108,37,8,284,428,20,9,3,266,13,2,5,10,4,5,10,8,24,2,5,7,0,9,12,1,7,0,26,3,4,8,129,2,223,168,1,23,32,0,12,0,6,0,28,4,1,2,0
39,0,0,0,28,55,6,0,2,10,9,0,0,7,14,9,0,3,5,16,0,26,0,24,0,15,0,13,225,0,11,1023,7,101,80,5,20,23,0,4,4,0,0,0,0,4,0,0
0,0,40,0,0,1,25,272,0,512,7,0,0,6,6,3,464,6,0,219,0,196,0,69,198,2,3,117,0,0,85,1,111,0,1,25,0,1,82,834,428,0,122,0,0,3,11,0
1,0,1,0,0,1,2,3,0,1,46,0,1,1,1,12,0,2,0,1,0,0,0,15,8,107,525,2,0,0,0,0,0,0,1,8,0,0,2,0,6,0,40,0,0,1,161,0
2,0,2,0,2,234,5,2,0,6,5,0,1,122,1,4,3,22,0,4,0,1,0,119,1,2,3,27,2,0,7,9,6,83,2,2,0,22,3,6,2,0,0,0,1,2,2,0
49,4,3,2,53,4,9,0,2,2,6,5,24,40,1,3,0,443,1,0,2,1,39,1,0,2,446,8,4,0,1,1,0,23,3,0,3,4,1,0,0,10,0,39,3,2,18,1
0,2,9,0,0,6,107,23,0,101,37,0,0,19,6,281,18,22,0,89,0,2923,0,3,17,15,4,35,0,0,69,6,76,3,0,16,0,4,809,98,534,0,21,0,4,56,15,0
0,0,2,0,0,1,253,172,0,24,5,0,0,3,134,1,46,0,0,598,0,2,0,1,76,0,0,71,0,0,237,0,438,0,0,81,0,0,4,81,27,0,20,0,0,4,1,0
35,14,4,6,479,0,2,0,4,0,0,2,2,1,0,0,0,5,3,0,7,0,1610,0,0,0,1,0,1,3,0,0,0,0,5,0,2,0,0,0,0,1,0,7,3,1,1,2
9,636,0,162,13,1,32,0,61,4,9,0,0,1,1,13,5,3,63,0,1,1,2,0,0,4,0,2,8,5,3,3,2,0,132,0,0,1,1,2,1,0,0,0,0,2,5,4
28,2,963,2,10,0,0,0,0,0,2,3923,589,515,1,1,1,33,0,0,0,1,11,1,0,7,13,22,8,0,1,4,0,13,9,0,6,7,0,0,0,2175,0,33,1799,0,0,0
5,93,38,216,14,4,16,8,79,25,20,2,10,9,35,4,117,25,4,2,2,11,25,3,8,4,13,18,4,4,8,387,6,5,740,10,0,6,1,24,15,2,2,0,22,0,8,6
0,10,6,0,0,7,300,63,2,264,124,0,0,8,184,2,323,92,0,668,1,77,0,76,30,6,7,322,0,0,840,9,590,0,1,185,0,0,30,405,283,0,47,0,0,64,16,0
4,78,15,4,2,74,723,103,7,481,42,0,2,181,382,13,346,520,0,796,0,106,2,60,63,27,11,944,7,0,637,50,784,26,13,285,3,7,69,618,191,1,68,0,0,485,14,1
0,0,0,1,0,6,195,13,0,4,156,0,0,12,2626,0,15,3,0,368,0,7,0,10,8,4,1,218,1,0,1169,4,677,1,1,1340,0,0,2,10,36,0,5,0,1,56,0,0
4,0,0,6,2,0,18,0,50,0,0,0,0,0,0,0,0,7,682,0,3,1,3,0,0,0,0,1,1,24,1,1,0,0,2,0,0,0,0,1,1,0,0,0,0,51,0,322
10,1282,8,1527,81,1,49,0,572,0,4,2,3,0,0,0,49,24,28,1,10,1,82,0,0,0,20,5,6,67,0,0,0,2,116,1,0,2,0,0,2,9,0,0,6,23,4,21
1594,6,9,3,375,19,0,0,6,0,5,65,1287,66,4,11,0,599,43,0,12,0,60,3,0,10,3,59,2771,9,0,38,0,252,27,0,2389,107,0,0,0,30,0,4103,28,18,2,117
5,24,3,0,10,116,6,140,0,70,390,0,3,3,312,347,4,12,0,100,0,6,0,172,113,1609,775,28,5,0,9,79,10,18,64,93,0,44,11,10,32,0,423,4,0,5,611,0
49,2,2,2,10,1206,4,1,0,8,16,0,4,217,10,48,3,6,0,3,0,2,1,218,0,22,5,21,7,0,4,473,4,460,46,12,0,908,2,1,0,3,0,12,1,9,9,0
162,3,4,2,87,2688,16,6,0,32,7,0,14,480,22,25,3,14,1,22,1,14,6,1317,5,70,11,159,113,0,11,673,13,542,79,24,27,627,2,15,3,1,10,5,1,8,12,0
42,0,0,0,1,593,0,0,0,0,2,0,2,171,14,8,0,1,0,1,0,1,2,281,0,13,1,8,14,0,1,87,6,4,4,5,25,42,0,1,0,3,0,0,0,0,1,0
0,3,3,0,0,0,1,51,0,246,67,0,0,2,0,6,7,2,0,7,0,12,0,385,91,58,458,0,0,0,2,0,7,0,0,45,0,1,74,34,236,0,189,0,0,0,149,0
0,0,0,0,0,0,0,11,0,16,41,0,0,0,1,2,0,0,0,15,0,0,0,2,15,8,4,0,0,0,0,0,2,0,0,5,0,0,7,0,3,0,163,0,0,0,389,0
4,1200,7,313,30,0,36,1,189,1,3,1,0,0,0,0,116,0,2,1,1,0,40,0,0,1,3,2,0,6,1,0,2,1,11,0,0,0,0,2,1,1,0,0,6,3,21,6
3,2,7,0,1,8,17,90,0,93,85,0,2,5,33,1830,5,8,0,110,0,1538,0,9,46,15,17,25,25,0,22,36,283,7,10,132,1,15,1349,34,56,0,46,0,1,264,20,0
0,0,0,1,34,0,0,0,30,0,0,0,0,0,0,0,0,38,871,0,2557,0,94,0,0,0,0,0,0,3411,0,0,0,0,1,0,0,0,0,0,0,0,0,0,1,147,0,285
0,0,0,1,0,0,0,0,1,0,0,0,0,0,0,0,1,1,47,0,3,0,12,0,0,0,0,0,0,87,0,0,0,0,0,0,0,0,0,0,0,0,0,0,0,760,0,1324
4,59,6,266,112,0,229,0,2179,4,6,1,2,0,1,0,25,9,231,1,36,0,122,0,0,0,3,8,0,51,2,0,0,1,6,0,0,0,0,2,0,4,0,0,16,35,1,117
61,4,2,22,337,0,3,0,34,1,0,0,5,0,0,0,0,2,15,0,41,0,123,0,0,0,0,1,4,12,0,0,0,0,12,0,5,1,0,0,0,1,0,50,3,0,0,2
0,12,1,0,0,0,29,17,0,47,27,0,0,0,2,2,4,12,0,75,0,8,0,7,8,12,42,27,0,0,19,0,28,0,0,5,0,1,12,26,26,0,41,0,0,3,39,0
0,2,3,0,1,21,49,3,0,131,47,0,0,19,61,35,16,26,0,245,0,42,1,93,1,125,34,119,0,0,746,16,287,4,3,93,0,7,13,39,98,0,2,0,0,28,43,0
132,10,1,6,339,6,4,0,7,2,3,0,3,12,1,143,1,21,0,0,0,4,142,3,1,36,7,15,4,2,5,143,1,177,562,0,12,98,0,2,2,0,1,26,1,3,4,1
5,38,1,0,0,13,1,8,0,4,129,0,0,3,3,94,1,17,0,38,0,2,1,16,5,1238,13,4,0,0,3,51,2,11,8,20,0,10,8,2,1,0,101,0,0,2,1070,0
3,0,0,3,0,3,10,1,0,5,201,0,0,0,524,0,14,1,22,10,0,62,0,5,0,1,0,27,6,0,289,18,17,1,36,89,0,0,0,3,253,0,0,0,0,0,12,0
36,2,0,0,45,1,1,0,17,0,0,0,0,0,0,0,0,454,1088,0,1098,0,44,0,0,0,0,2,0,762,0,7,0,2,28,0,1,0,0,1,0,0,0,0,1,94,0,83
1,0,0,0,0,1,2,0,0,0,0,0,0,0,0,0,0,9,27,0,1,0,2,0,0,0,0,1,0,9,0,3,0,1,1,0,0,1,0,0,0,0,0,0,0,41,0,50
