0.67924,0.72985,0.44172,0.65835,0.41888,0.49847,0.63462,0.46253,0.76959,0.56902,0.52883,0.65905,0.64024,0.50373,0.38846,0.3367,0.57523,0.72186,0.54297,0.79139,0.64329,0.96607,0.86151,0.50502,0.626,0.75995,0.72143,0.91193,0.87781,0.85565,0.7107,0.83016,0.53482,0.5455,0.47639,0.85545,0.83854,0.88383,0.84598,0.8219,0.3624,0.22556,0.57998,0.6352,0.78966,0.71632,0.74519,0.44978
0.71702
1423,31,138,281,141,13,134,0,0,0,0,0,0,8,11,0,0,58,0,0,0,0,0,1,1,0,0,0,0,2,0,0,0,42,9,0,26,0,0,0,0,4,0,0,0,0,0,0
35,2083,79,0,114,4,117,0,0,0,0,0,0,327,0,1,0,3,88,0,0,1,3,72,21,13,0,0,0,0,0,0,2,14,1,0,3,0,0,0,0,3,4,0,0,0,0,0
68,67,902,64,67,198,84,0,6,1,0,2,1,93,30,16,21,15,3,3,0,9,5,14,56,2,1,5,2,1,2,2,1,93,10,0,14,1,1,8,3,46,5,0,3,0,1,1
329,1,47,1320,27,13,44,0,0,0,0,0,0,0,52,0,0,16,0,0,0,0,0,1,0,0,0,0,0,14,0,0,0,125,119,0,25,0,0,0,0,11,3,0,42,0,0,0
20,22,20,10,457,1,2,0,0,0,0,0,0,4,0,0,0,1,1,0,0,0,0,0,1,0,0,0,0,1,0,0,0,15,0,0,0,0,0,0,0,0,0,0,0,0,0,0
14,20,198,44,19,1301,25,2,2,0,1,1,1,44,194,53,1,44,2,0,1,2,4,28,200,4,0,0,1,38,7,4,1,99,28,0,23,0,0,1,1,100,24,11,20,0,1,0
64,54,69,13,22,8,1452,0,0,0,0,0,0,12,0,0,0,9,44,0,0,0,1,1,9,3,0,0,0,1,0,0,0,3,21,0,8,0,0,0,0,5,0,0,0,0,0,0
0,0,0,0,0,0,0,179,0,0,5,9,0,0,1,0,0,0,0,0,2,0,1,0,0,0,1,0,0,0,2,0,0,0,0,16,0,0,0,2,0,0,0,0,0,1,0,0
0,0,1,0,0,3,0,6,4389,11,13,72,192,0,1,21,61,5,1,19,16,36,11,0,2,0,12,1,890,4,31,76,33,0,0,0,3,1,4,3,42,0,4,143,26,15,10,11
0,0,0,0,0,0,0,0,0,507,5,0,0,0,0,0,0,0,0,0,0,0,0,0,0,0,38,1,0,0,0,0,0,0,0,0,0,8,18,24,1,0,0,0,0,0,2,1
1,0,1,0,0,0,0,4,0,7,587,20,2,0,0,0,1,1,2,3,23,4,7,0,0,0,41,7,4,2,1,0,0,0,0,10,0,5,0,102,4,0,0,1,1,7,6,1
0,0,0,0,0,7,0,44,42,0,42,980,41,2,0,9,5,0,2,8,4,8,1,4,5,1,2,1,9,21,19,18,2,0,1,22,1,6,0,21,72,2,0,75,0,2,7,0
0,0,0,0,0,3,0,0,31,0,7,13,1187,2,1,2,0,7,1,0,0,0,11,1,9,6,0,0,2,11,6,24,6,0,0,0,1,0,0,0,0,0,8,11,0,5,1,2
9,349,175,5,79,56,72,0,0,0,0,0,0,1349,6,3,0,109,112,0,0,0,1,246,131,9,0,0,0,1,0,1,0,102,18,0,19,0,0,0,0,36,11,0,0,8,0,0
4,0,7,9,2,19,1,0,0,0,0,0,0,0,559,0,0,0,0,0,0,1,0,0,0,0,0,0,0,51,0,0,1,31,6,0,0,0,0,0,0,4,1,1,9,1,0,0
0,0,4,0,0,10,0,0,2,0,0,0,1,1,2,433,0,1,0,0,0,0,0,2,19,2,0,0,0,1,10,31,9,0,2,0,2,0,0,0,0,2,3,1,2,0,0,0
0,0,0,0,0,1,0,0,12,0,1,7,0,0,0,11,799,1,0,11,2,15,3,0,3,1,0,2,39,1,5,4,2,0,0,1,0,0,0,1,18,0,0,8,7,1,1,0
13,27,20,10,4,81,20,0,2,0,0,0,2,85,12,11,1,3143,9,0,0,1,0,67,115,5,0,0,0,7,1,0,1,11,8,0,347,0,0,0,0,53,63,2,1,3,0,1
0,25,2,0,0,0,53,0,0,0,0,0,0,40,1,2,0,3,1352,0,0,0,1,66,29,114,0,0,0,0,0,0,0,2,12,0,0,0,0,0,0,3,34,0,0,2,0,0
0,0,0,0,0,0,0,2,1,1,0,16,0,0,0,0,12,0,0,1434,0,5,2,0,0,0,0,1,3,0,0,0,0,0,0,18,0,1,1,9,108,0,0,26,0,0,2,0
0,0,0,0,0,0,0,4,2,1,37,4,0,0,0,2,2,1,0,0,743,0,2,0,2,1,3,73,1,4,1,0,0,0,0,4,1,1,0,1,0,0,0,1,0,3,2,0
0,0,1,0,0,1,0,0,34,0,1,8,0,0,1,16,63,0,0,4,1,7260,23,0,0,0,0,3,123,0,8,4,0,0,0,1,0,0,0,0,9,0,0,6,6,2,1,0
0,6,5,1,5,3,2,0,2,0,2,9,8,11,2,6,18,8,4,9,10,9,1213,10,7,11,0,45,0,6,5,5,2,2,4,29,1,2,3,30,4,1,6,6,3,25,4,0
0,52,54,1,6,97,20,0,0,0,0,0,1,359,8,10,0,79,245,0,0,0,2,1560,615,315,0,0,0,2,0,1,7,62,11,0,9,0,0,0,0,100,149,1,4,64,0,0
0,64,100,1,6,540,52,0,4,0,4,4,7,231,15,203,1,127,195,1,1,0,19,676,2812,513,0,1,3,14,5,24,46,36,11,0,42,0,0,1,1,153,232,10,1,34,7,4
0,4,0,0,0,1,6,0,0,0,0,0,0,7,1,17,0,11,328,0,0,1,5,135,209,4046,0,0,0,5,0,2,7,1,5,0,4,0,0,0,0,4,147,0,0,170,0,0
0,0,0,0,0,0,0,0,0,74,33,0,2,0,0,0,0,0,0,0,1,0,0,0,0,0,707,3,0,0,0,0,0,0,0,0,0,8,13,11,1,0,0,0,0,4,11,12
0,1,0,0,0,0,0,4,0,13,25,21,0,0,0,3,10,1,0,8,304,10,14,2,0,0,6,2423,4,0,4,0,0,0,0,43,1,21,6,80,5,0,0,0,1,3,3,0
0,0,0,0,0,0,0,8,997,37,20,43,70,0,0,18,348,0,0,55,16,126,18,0,0,0,13,21,8269,3,23,45,14,0,0,3,3,10,13,15,224,0,0,58,9,7,18,8
29,4,46,89,55,53,115,4,3,0,0,29,34,5,316,11,1,5,25,1,1,1,3,7,15,20,0,0,2,2703,38,33,8,125,119,0,23,0,0,0,2,68,35,36,206,11,1,0
0,0,0,0,0,7,0,13,29,0,0,8,7,1,1,101,1,4,0,2,2,8,1,7,5,4,0,0,8,17,2098,325,75,6,3,0,15,0,0,0,0,4,4,54,16,3,0,1
1,5,7,1,2,18,5,9,88,0,4,29,239,1,6,259,9,13,9,3,3,5,19,8,29,9,0,0,27,58,595,3397,459,5,4,0,6,0,2,0,11,2,20,79,18,15,4,0
0,0,0,0,0,0,0,0,22,0,0,0,0,0,0,18,0,1,0,0,0,1,0,1,8,3,0,0,4,5,24,76,791,0,0,0,0,0,0,0,1,0,6,4,3,2,0,0
20,11,83,55,63,42,12,0,0,0,0,0,0,21,139,0,0,7,2,0,0,0,0,3,4,1,0,0,0,13,1,0,0,1055,28,0,6,0,0,0,0,19,10,0,8,0,0,0
1,0,2,10,1,1,17,0,0,0,0,0,0,0,0,0,0,1,1,0,0,0,0,0,2,0,0,0,0,2,0,0,0,5,464,0,1,0,0,0,0,2,0,0,1,0,0,0
0,0,0,3,0,1,1,78,0,5,15,29,0,0,1,0,1,1,0,11,12,2,8,0,0,0,1,15,1,1,0,0,0,0,0,1296,0,2,4,23,4,1,0,0,1,0,0,0
55,22,34,37,19,31,39,0,1,0,0,1,13,41,8,11,0,607,22,1,1,0,4,22,37,39,0,0,6,29,21,7,3,29,18,1,3438,0,0,0,0,21,18,41,36,0,0,0
0,0,0,0,0,0,0,0,0,55,0,2,0,0,0,0,2,0,0,61,0,1,1,0,0,0,33,1,0,0,0,0,0,0,0,1,0,4519,153,42,70,0,0,0,0,0,607,18
0,0,0,0,0,0,0,0,0,77,3,0,0,0,0,0,0,0,0,5,0,0,2,0,0,0,17,0,0,0,0,0,0,0,0,0,0,63,1472,2,0,0,0,0,0,0,6,20
0,0,3,0,0,3,0,10,1,93,289,62,1,0,0,0,12,1,1,15,12,7,10,0,1,0,70,53,3,0,0,0,0,0,0,59,0,23,8,1869,28,0,0,0,0,1,16,2
0,0,0,0,0,0,0,2,0,0,4,37,1,0,0,0,2,0,0,48,0,1,1,0,0,0,0,0,9,0,0,0,0,0,0,5,0,11,0,11,399,0,0,5,0,0,11,1
3,0,22,6,1,35,3,0,0,0,0,0,0,9,15,1,0,8,3,0,0,0,0,27,27,2,0,0,0,1,0,0,0,9,6,0,4,0,0,0,0,210,15,0,6,1,0,0
1,4,9,6,0,40,0,0,0,0,0,0,0,15,22,25,1,45,31,0,0,0,1,99,108,117,0,0,0,9,5,2,3,55,10,0,10,0,0,0,0,46,1182,3,31,8,0,0
0,0,1,0,0,4,0,18,31,0,2,57,37,0,5,4,10,2,0,93,0,0,2,0,1,0,0,0,10,14,28,9,1,0,0,5,27,2,0,2,48,1,4,1043,11,0,5,0
5,0,7,39,0,11,12,0,2,0,0,4,0,1,29,18,3,6,2,0,0,0,1,5,2,1,0,0,0,114,11,2,4,4,56,0,36,0,0,0,0,27,18,10,1772,0,0,0
0,2,1,0,1,2,0,0,0,0,5,0,4,9,0,1,0,10,5,0,0,0,4,23,7,82,9,0,0,3,1,0,1,3,0,0,1,0,0,0,0,3,32,0,0,1005,0,0
0,0,4,0,0,2,0,0,0,8,5,20,3,0,0,0,4,0,0,17,0,1,4,1,0,0,24,1,0,0,0,0,0,0,0,1,0,427,40,16,45,0,0,6,0,0,2132,43
0,0,0,0,0,0,0,0,0,1,0,0,0,0,0,0,0,0,0,0,0,0,0,0,0,0,2,0,0,0,0,0,0,0,0,0,0,2,2,0,0,0,0,0,0,0,2,103
