0.67926,0.736,0.44537,0.65728,0.42047,0.50366,0.63389,0.46907,0.76367,0.57991,0.52533,0.66105,0.63914,0.50261,0.39306,0.34254,0.57194,0.725,0.5501,0.79261,0.63153,0.96606,0.86068,0.49759,0.62905,0.75855,0.7069,0.90669,0.87499,0.85669,0.71716,0.83305,0.53138,0.54074,0.46828,0.85999,0.83459,0.88246,0.84205,0.82155,0.36388,0.22752,0.58074,0.64395,0.7931,0.71841,0.74197,0.45374
0.71688
1438,29,133,282,136,14,129,0,0,0,0,0,0,8,12,0,0,52,0,0,0,0,0,0,2,0,0,0,0,3,0,0,0,43,10,0,28,0,0,0,0,3,0,0,1,0,0,0
33,2077,79,0,116,2,116,0,0,0,0,0,0,337,0,2,0,3,87,0,0,1,3,67,22,13,0,0,0,0,0,0,2,14,1,0,4,0,0,0,0,5,4,0,0,0,0,0
69,60,905,62,64,199,84,0,6,1,0,3,1,93,29,12,23,18,7,3,0,9,2,16,59,2,1,6,2,2,1,1,1,93,10,0,13,1,0,8,3,46,7,1,2,0,1,1
326,1,42,1331,27,12,42,0,0,0,0,0,0,1,52,0,0,13,0,0,0,0,0,1,0,0,0,0,0,12,0,0,0,125,123,0,28,0,0,0,0,11,2,0,40,0,0,0
21,21,24,10,452,1,3,0,0,0,0,0,0,4,0,0,0,1,1,0,0,0,0,0,1,0,0,0,0,2,0,0,0,14,0,0,0,0,0,0,0,0,0,0,0,0,0,0
18,21,189,49,17,1306,27,2,2,0,1,1,2,45,188,51,1,42,3,0,1,1,3,36,194,3,0,0,1,42,8,3,0,99,29,0,21,0,0,1,0,101,21,12,22,0,1,0
66,51,71,16,24,6,1444,0,0,0,0,0,0,12,0,0,0,8,46,0,0,0,1,2,9,3,0,0,0,1,0,0,0,4,18,0,9,0,0,0,0,8,0,0,0,0,0,0
0,0,0,0,0,0,1,182,0,0,4,10,0,0,1,0,0,0,0,0,4,0,0,0,0,0,0,0,0,0,2,0,0,0,0,12,0,0,0,2,0,0,0,0,0,1,0,0
0,0,1,0,0,2,0,7,4372,8,9,75,202,0,1,15,61,4,1,20,18,37,11,0,3,0,13,2,901,5,33,71,36,0,0,0,4,1,5,6,39,0,6,138,22,16,13,11
0,0,0,0,0,0,0,0,0,508,4,0,0,0,0,0,0,0,0,0,0,0,0,0,0,0,37,1,0,0,0,0,0,0,0,0,0,8,19,25,1,0,0,0,0,0,2,0
0,0,1,0,0,0,0,5,0,8,591,19,3,0,0,0,1,0,1,4,21,3,6,0,2,0,45,6,2,2,0,0,0,1,0,12,0,5,0,97,4,0,0,2,0,8,5,1
0,0,0,0,1,8,0,48,43,0,42,981,41,3,0,8,4,0,0,6,4,8,1,4,5,1,1,2,11,21,18,15,3,0,1,20,1,4,0,18,80,1,0,71,0,2,9,0
0,2,0,0,0,2,0,0,30,0,7,11,1192,2,0,2,0,7,0,0,0,0,11,1,7,4,2,0,3,12,3,26,6,0,0,0,2,0,0,0,0,0,8,12,0,6,0,0
9,337,185,5,79,52,74,0,0,0,0,0,0,1346,5,3,0,117,117,0,0,0,2,242,129,7,0,0,0,1,0,1,0,109,21,0,15,0,0,0,0,33,11,0,0,7,0,0
4,0,8,10,3,19,0,0,0,0,0,0,0,0,566,0,0,0,0,0,0,0,0,0,0,0,0,0,0,43,0,0,1,30,5,0,0,0,0,0,0,5,2,1,10,0,0,0
0,0,3,0,0,9,1,0,3,0,0,0,1,1,1,434,3,1,0,0,0,0,0,1,16,1,0,0,0,1,12,33,8,0,2,0,2,0,0,0,0,1,3,1,2,0,0,0
0,0,0,0,0,1,0,0,17,0,0,4,0,0,0,12,803,1,0,11,1,13,3,0,2,2,0,2,38,1,5,3,2,0,0,0,0,0,0,2,18,0,0,8,6,1,1,0
15,25,16,11,5,81,17,0,2,0,0,0,2,82,11,13,1,3132,7,0,0,1,1,71,118,6,0,0,0,6,2,1,0,13,9,0,355,0,0,0,0,50,63,2,4,3,0,1
0,25,2,0,0,0,55,0,0,0,0,0,0,41,1,1,0,3,1345,0,0,0,1,60,31,120,0,0,0,0,0,0,1,2,13,0,0,0,0,0,0,4,34,0,0,2,0,0
0,0,0,0,0,0,0,2,0,1,1,15,0,0,0,0,14,0,0,1437,0,3,1,0,0,0,0,1,2,0,0,0,0,0,0,18,0,2,1,7,110,0,0,25,0,0,2,0
0,0,1,0,0,0,0,4,2,2,36,6,0,0,0,2,2,1,0,0,737,0,4,0,1,1,2,76,0,4,0,0,0,0,0,4,2,1,0,3,0,0,0,0,0,3,2,0
0,0,1,0,0,1,0,0,38,0,1,6,0,0,1,14,59,0,0,5,1,7258,25,0,0,0,0,4,129,0,7,3,1,0,0,1,0,0,0,0,9,0,0,5,5,2,0,0
0,6,2,2,6,3,2,0,2,0,2,8,9,7,1,7,18,9,3,7,9,7,1217,11,9,13,0,45,0,6,4,4,3,1,4,29,1,2,3,26,8,2,4,8,3,26,4,1
0,54,50,1,6,103,20,0,0,0,0,0,1,369,7,10,0,77,233,0,0,0,2,1548,630,318,0,1,0,2,0,1,6,59,10,0,10,0,0,0,0,101,150,1,4,60,0,0
0,57,111,0,4,509,53,0,4,0,5,2,8,222,12,205,1,121,177,1,2,1,16,700,2871,507,0,2,4,14,6,24,43,36,11,0,42,0,0,0,1,147,224,11,1,36,7,3
0,4,0,0,0,2,5,0,0,0,0,1,0,6,1,20,0,9,318,0,0,1,4,143,203,4059,0,0,0,5,0,1,8,1,7,0,5,0,0,0,0,3,151,0,0,159,0,0
0,0,0,0,0,0,0,0,0,71,34,0,2,0,0,0,0,0,0,0,1,0,0,0,0,0,697,3,0,0,0,0,0,0,0,0,0,10,15,18,1,0,0,0,0,5,11,12
0,1,0,0,0,0,0,4,0,15,27,23,0,0,0,2,10,1,0,10,317,7,18,2,0,0,8,2400,5,0,4,0,0,0,0,41,0,26,7,78,4,0,0,0,1,1,4,0
0,0,1,0,0,0,0,7,1023,32,16,43,68,0,0,12,359,0,0,54,17,136,19,0,0,0,20,25,8231,4,21,41,14,0,0,6,3,11,11,20,211,0,1,63,8,8,16,11
24,6,42,87,47,54,117,3,5,0,0,29,30,8,323,12,1,5,25,1,1,1,6,8,10,19,0,0,2,2726,40,33,8,119,123,0,27,0,0,0,2,65,36,28,198,10,1,0
1,0,0,0,0,6,0,10,27,0,0,7,11,0,1,99,1,4,1,1,1,8,1,5,10,5,0,0,8,19,2102,327,72,7,3,0,14,0,0,0,1,5,3,54,12,3,0,1
1,4,9,1,2,21,4,9,87,0,4,35,236,1,6,246,9,11,7,3,3,3,20,9,30,5,0,1,35,55,574,3413,476,6,5,0,9,0,2,0,7,3,19,75,18,16,3,0
0,0,0,0,0,0,0,0,21,0,0,0,1,0,0,16,0,1,0,0,0,1,1,1,8,4,0,0,5,6,19,76,796,0,0,0,1,0,0,0,2,0,4,3,2,2,0,0
20,10,87,63,62,48,11,0,0,0,0,0,0,21,133,0,0,7,2,0,0,0,0,4,5,1,0,0,0,17,1,0,0,1042,28,0,5,0,0,0,0,16,12,0,8,0,0,0
1,0,2,9,1,1,17,0,0,0,0,0,0,0,0,0,0,1,1,0,0,0,0,0,2,0,0,0,0,2,0,0,0,4,465,0,1,0,0,0,0,2,0,0,2,0,0,0
0,0,0,2,0,1,0,77,0,6,20,28,0,1,1,0,1,1,0,9,12,3,9,0,0,0,1,17,0,1,0,0,0,0,0,1296,0,2,3,18,5,1,0,0,2,0,0,0
62,23,27,40,20,31,42,0,2,0,0,1,14,38,9,11,0,597,23,0,1,1,2,23,38,39,0,0,4,29,25,6,2,33,17,1,3431,0,0,0,0,23,20,38,40,0,0,0
0,0,0,0,0,0,0,0,0,52,0,2,0,0,0,0,2,0,0,63,0,1,1,0,0,0,36,0,0,0,0,0,0,0,0,1,0,4497,159,45,74,0,0,0,0,0,617,16
0,0,0,0,0,0,0,0,0,69,2,0,0,0,0,0,0,0,0,5,0,0,2,0,0,0,17,0,0,0,0,0,0,0,0,0,0,63,1482,2,0,0,0,0,0,0,5,20
0,0,3,0,1,1,0,9,1,94,301,62,1,0,0,1,12,1,0,14,15,7,8,1,1,0,71,51,3,0,0,0,0,0,0,56,0,20,8,1860,28,0,0,0,0,1,21,1
0,0,0,0,0,0,0,2,0,0,4,37,1,0,0,0,2,0,0,49,0,1,1,0,0,0,0,0,10,0,0,0,0,0,0,5,0,11,0,11,401,0,0,4,0,0,8,1
4,1,16,6,1,39,3,0,0,0,0,0,0,8,15,2,0,10,3,0,0,0,0,26,29,2,0,0,0,0,0,0,0,9,6,0,4,0,0,0,0,210,13,0,6,1,0,0
1,4,11,3,0,36,1,0,0,0,0,0,0,13,24,27,1,46,29,0,0,0,1,93,110,123,0,0,0,13,5,2,4,55,12,0,10,0,0,0,0,44,1176,2,31,11,0,0
0,0,1,0,0,4,0,17,35,0,3,52,32,0,4,6,9,2,0,94,0,0,3,0,0,0,0,1,11,14,27,10,1,0,0,3,28,1,0,1,46,0,4,1049,12,0,5,2
4,0,5,35,0,15,10,0,3,0,0,4,0,2,35,18,3,5,2,0,0,0,1,5,0,3,0,0,0,108,12,2,3,6,59,0,35,0,0,0,0,30,19,7,1771,0,0,0
0,3,1,0,1,2,0,0,0,0,7,0,4,7,0,3,0,9,6,0,0,0,4,31,6,90,6,0,0,3,0,0,1,2,1,0,1,0,0,0,0,3,28,0,0,995,0,0
0,0,3,0,0,2,0,0,0,8,3,19,3,0,0,1,3,0,0,16,1,1,3,0,1,0,28,1,0,0,0,0,0,0,0,2,0,429,42,16,47,0,0,8,0,0,2125,42
0,0,0,0,0,0,0,0,0,1,1,0,0,0,0,0,0,0,0,0,0,0,0,0,0,0,1,0,0,0,0,0,0,0,0,0,0,2,3,0,0,0,0,0,0,0,1,103
