0.67218,0.72562,0.43317,0.64879,0.40126,0.49101,0.63206,0.44853,0.767,0.57397,0.51418,0.66757,0.62283,0.48773,0.38037,0.33597,0.56167,0.70554,0.53495,0.79089,0.63979,0.96424,0.86595,0.49644,0.6139,0.76246,0.7229,0.90575,0.87596,0.85928,0.70971,0.82651,0.52632,0.54693,0.46828,0.86107,0.83761,0.87879,0.8504,0.81922,0.35914,0.21064,0.57205,0.62477,0.7912,0.70807,0.75108,0.42739
0.71211
1423,34,131,278,145,13,136,0,0,0,0,0,0,8,10,0,0,53,0,0,0,0,0,0,0,0,0,0,0,4,0,0,0,48,11,0,26,0,0,0,0,2,0,0,1,0,0,0
41,2076,80,0,128,3,105,0,0,0,0,0,0,324,0,1,0,2,95,0,0,1,3,75,17,15,0,0,0,1,0,0,2,12,1,0,2,0,0,0,0,0,4,0,0,0,0,0
68,75,888,64,64,192,86,0,5,0,1,2,1,106,27,15,22,18,5,3,0,8,4,21,56,1,2,5,2,2,2,1,1,79,10,0,13,1,0,9,2,51,7,2,2,0,3,1
323,1,34,1343,29,16,46,0,0,0,0,0,0,0,58,0,0,24,0,0,0,0,0,1,0,0,0,1,0,16,0,0,0,104,127,0,21,0,0,0,0,6,1,0,38,0,0,0
24,24,20,9,447,1,2,0,0,0,0,0,0,7,0,0,0,1,1,0,0,0,0,1,0,0,0,0,0,2,0,0,0,16,0,0,0,0,0,0,0,0,0,0,0,0,0,0
20,14,202,38,23,1284,26,1,1,0,0,3,1,53,196,59,1,43,6,0,2,1,3,27,211,3,0,0,2,34,5,3,3,102,29,0,19,0,0,0,2,93,26,11,15,2,0,0
62,59,72,19,26,8,1443,0,0,0,0,0,0,14,0,0,0,7,42,0,0,0,1,0,9,3,0,0,0,0,0,0,0,4,17,0,6,0,0,0,0,6,1,0,0,0,0,0
0,0,0,0,0,0,0,183,0,0,3,7,1,0,1,0,0,0,0,0,4,0,1,0,0,0,2,0,0,0,1,0,0,1,0,14,0,0,0,1,0,0,0,0,0,0,0,0
0,0,2,0,0,4,0,5,4388,8,12,76,182,0,1,23,61,7,0,16,19,39,13,0,2,1,13,3,878,5,35,75,41,0,0,0,5,1,4,4,39,0,3,145,20,15,10,14
0,0,0,0,0,0,0,0,0,516,5,0,0,0,0,0,0,0,0,0,0,0,0,0,0,0,32,1,0,0,0,0,0,0,0,0,0,6,18,21,1,0,0,0,0,0,5,0
1,0,1,0,0,0,0,6,0,8,562,22,3,0,0,1,1,1,2,3,26,4,4,1,3,0,39,6,3,0,1,0,0,0,0,11,0,5,0,115,7,0,0,2,1,10,5,1
0,2,1,0,0,7,0,47,40,0,35,980,41,0,1,7,6,0,0,11,4,7,4,4,5,1,2,3,11,17,20,21,3,0,1,19,1,3,0,20,81,3,1,71,0,2,4,0
0,0,0,0,0,1,0,0,29,0,7,17,1184,1,0,1,0,9,1,0,0,0,9,0,9,4,1,0,2,13,7,25,4,0,0,0,3,0,0,0,1,0,7,15,0,5,1,2
11,350,179,6,76,59,69,0,0,0,1,0,0,1332,5,2,0,131,115,0,0,0,0,257,127,7,0,0,0,1,0,1,1,91,14,0,16,0,0,0,0,37,12,0,0,7,0,0
4,0,6,8,3,26,0,0,0,0,0,0,0,0,558,0,0,0,0,0,0,1,1,0,0,0,0,0,0,45,0,0,1,28,8,0,0,0,0,0,0,5,2,0,10,1,0,0
0,1,3,0,0,11,1,0,2,0,0,0,0,2,2,425,0,0,0,0,0,0,0,2,21,2,0,0,0,0,13,30,12,0,2,0,3,0,0,0,0,1,1,2,4,0,0,0
0,0,0,0,0,1,0,0,8,0,0,3,0,0,1,11,806,1,0,14,2,11,4,0,1,2,0,1,46,0,5,3,3,0,0,1,0,1,0,1,16,0,0,7,6,2,0,0
11,29,23,17,3,78,17,0,1,0,0,0,3,86,12,15,1,3134,8,0,0,1,1,66,118,7,0,0,0,6,0,1,1,11,7,0,353,0,0,0,0,38,66,3,5,3,0,1
0,28,2,0,0,0,56,0,0,0,0,0,0,56,1,1,0,6,1324,0,0,0,0,55,41,121,0,0,0,0,0,0,3,1,13,0,0,0,0,0,0,2,30,0,0,1,0,0
0,0,0,0,0,0,0,2,0,1,1,13,1,0,0,0,8,0,0,1441,0,4,0,0,0,0,0,1,4,0,0,0,0,0,0,19,0,1,1,7,113,0,0,24,0,0,1,0
0,0,0,0,0,0,0,6,1,1,33,6,0,0,0,3,2,1,0,0,730,0,2,0,2,1,2,82,1,3,0,0,0,0,0,5,1,2,0,5,0,0,0,1,0,5,1,0
0,0,1,0,0,1,0,0,24,0,1,7,0,0,1,15,64,0,0,5,0,7280,23,0,0,0,0,1,124,0,4,4,0,0,0,1,0,1,0,0,8,0,0,4,5,2,0,0
1,4,5,2,6,4,1,2,1,0,1,12,10,10,1,5,23,8,3,7,12,10,1208,9,7,16,0,45,0,6,4,2,3,2,6,25,0,0,3,24,3,0,4,8,4,30,7,0
2,54,51,1,7,94,18,0,0,0,0,0,1,377,10,12,0,94,228,0,0,0,2,1534,639,305,0,1,0,3,0,0,5,62,9,0,5,0,0,0,0,114,141,1,3,61,0,0
2,57,112,2,6,546,55,0,4,0,1,5,8,236,13,196,0,130,195,0,2,1,14,704,2765,492,0,1,3,21,9,28,43,39,8,1,40,1,0,0,1,143,255,15,0,34,8,5
0,4,0,0,0,2,5,0,0,0,0,0,0,6,1,14,1,14,338,0,0,0,6,151,216,4009,0,0,0,5,1,3,6,0,4,0,0,0,0,0,0,5,156,0,0,169,0,0
0,0,0,0,0,0,0,0,0,72,28,0,2,0,0,0,0,0,0,0,1,0,0,0,0,0,707,3,0,0,0,0,0,0,0,0,0,9,14,15,1,0,0,0,0,6,12,10
0,1,2,0,0,1,0,3,0,12,35,22,0,0,0,0,13,1,0,8,296,10,17,1,2,0,11,2412,7,0,2,0,0,0,0,41,1,27,8,72,7,0,0,0,1,1,2,0
0,0,1,0,0,0,0,6,1037,31,22,40,68,0,0,19,376,0,0,50,16,137,14,0,0,0,13,21,8199,1,26,37,13,0,0,3,4,13,15,18,223,0,0,68,8,7,16,10
24,7,51,96,64,59,118,5,3,0,0,25,30,5,325,12,1,5,26,0,1,2,5,7,9,16,0,1,3,2644,40,31,7,127,123,0,32,0,0,0,2,79,42,24,218,12,1,0
0,0,0,1,1,11,0,12,24,0,0,12,12,1,1,90,2,5,2,2,1,7,2,6,8,4,0,0,6,21,2083,339,69,3,4,0,14,0,0,0,0,4,6,59,15,3,0,0
1,3,8,2,2,20,5,10,94,0,4,26,271,4,6,267,12,9,10,4,3,9,21,9,25,8,0,0,30,52,575,3373,467,5,4,0,6,0,1,0,6,3,17,76,16,12,7,0
0,0,0,0,0,0,0,0,18,0,0,0,1,0,0,13,0,1,0,0,0,1,1,2,10,2,0,0,8,5,32,81,780,0,0,0,0,0,0,0,1,1,5,3,2,3,0,0
24,9,88,67,67,47,13,0,0,0,0,0,0,26,139,0,0,8,2,0,0,0,0,4,2,1,0,0,0,17,0,0,1,1008,35,0,4,0,0,0,0,23,10,0,8,0,0,0
1,0,2,9,1,2,18,0,0,0,0,0,0,0,1,0,0,1,1,0,0,0,0,0,2,0,0,0,0,2,0,0,0,3,465,0,1,0,0,0,0,1,0,0,1,0,0,0
1,0,0,0,0,1,1,93,0,4,14,24,0,0,2,0,2,1,0,14,11,3,7,0,0,0,4,21,0,2,0,0,0,0,0,1283,0,1,4,19,3,0,0,0,1,0,1,0
67,23,37,43,15,27,43,0,1,0,1,0,14,36,9,12,0,654,26,0,1,0,2,19,35,33,0,0,4,30,22,6,3,29,21,1,3363,0,0,0,0,23,28,46,39,0,0,0
0,0,0,0,0,0,0,0,0,59,2,3,0,0,0,0,2,0,0,57,0,1,1,0,0,0,34,1,0,0,0,0,0,0,0,0,0,4546,149,46,76,0,0,1,0,0,568,20
0,0,0,0,0,0,0,0,0,78,2,0,0,0,0,0,0,0,0,6,0,0,1,0,0,0,9,0,0,0,0,0,0,0,0,0,0,64,1478,1,0,0,0,0,0,0,7,21
0,0,5,0,0,0,0,8,2,97,304,58,1,1,0,1,12,1,1,12,10,10,6,0,1,0,69,52,2,0,0,0,0,0,0,58,0,22,4,1867,30,0,0,1,0,1,15,2
0,0,0,0,0,0,0,2,0,0,3,35,1,0,0,0,2,0,0,53,0,1,1,0,0,0,0,0,12,0,0,0,0,0,0,4,0,5,1,14,399,0,0,3,0,0,11,1
3,0,21,11,1,40,4,0,0,0,0,0,0,10,20,2,0,10,6,0,0,0,0,19,32,2,0,0,0,2,0,0,0,8,6,0,3,0,0,0,0,194,13,0,6,1,0,0
0,5,11,2,0,37,1,0,0,0,0,0,0,17,27,22,1,39,28,0,0,0,1,84,122,111,0,0,1,8,5,3,4,53,14,0,14,0,0,0,0,50,1183,2,30,13,0,0
0,0,1,0,0,4,0,17,35,0,2,51,53,0,4,3,11,1,0,100,0,0,3,0,0,0,1,0,10,17,31,11,2,0,0,3,27,2,0,1,44,0,5,1019,11,1,4,3
3,0,6,52,0,12,14,0,2,0,0,3,1,2,34,15,2,10,4,0,0,0,1,3,3,3,0,0,0,89,11,2,3,4,54,0,32,0,0,0,0,31,16,9,1781,0,0,0
0,1,1,0,0,1,0,0,1,0,7,0,6,11,0,2,0,12,6,0,0,0,7,28,4,88,7,0,0,3,1,0,1,3,0,0,0,0,0,0,0,6,26,0,0,992,0,0
0,0,3,0,0,2,0,0,0,11,5,16,5,0,0,1,3,0,0,16,0,1,2,0,0,0,30,1,2,0,0,0,0,0,0,1,0,461,36,19,45,0,0,9,0,0,2088,47
0,0,0,0,0,0,0,0,0,1,1,0,0,0,0,0,0,0,0,0,0,0,0,0,0,0,0,0,0,0,0,1,0,0,0,0,0,1,2,0,0,0,0,0,0,0,3,103
