0.67347,0.72951,0.44249,0.66318,0.41408,0.49752,0.63644,0.45385,0.77414,0.56696,0.51736,0.66533,0.64363,0.50112,0.39043,0.33674,0.5769,0.72249,0.54653,0.79164,0.64912,0.96516,0.86202,0.49904,0.61849,0.76142,0.72057,0.90834,0.87709,0.85977,0.70708,0.8271,0.53514,0.54512,0.47639,0.86823,0.83772,0.88619,0.84148,0.82049,0.35982,0.21512,0.57136,0.63464,0.78722,0.71439,0.7471,0.46364
0.71645
1419,34,135,277,142,13,133,0,0,0,0,0,0,9,10,0,0,58,0,0,0,0,0,1,0,0,0,0,0,2,0,0,0,46,12,0,27,0,0,0,0,5,0,0,0,0,0,0
36,2074,80,0,117,2,119,0,0,0,0,0,0,330,0,1,0,4,87,0,0,1,3,69,26,13,0,0,0,0,0,0,2,15,1,0,2,0,0,0,0,3,3,0,0,0,0,0
72,62,904,61,62,205,84,0,8,1,0,2,1,94,29,15,20,17,3,3,0,10,4,13,55,2,1,6,3,1,2,1,0,89,9,0,14,1,1,8,2,49,9,0,2,0,1,1
327,1,43,1333,27,13,40,0,0,0,0,0,0,1,53,0,0,12,0,0,0,0,0,1,0,0,0,0,0,13,0,0,0,123,121,0,28,0,0,0,0,12,1,0,40,0,0,0
22,25,18,10,453,1,2,0,0,0,0,0,0,4,1,0,0,1,1,0,0,0,0,1,0,0,0,0,0,0,0,0,0,16,0,0,0,0,0,0,0,0,0,0,0,0,0,0
16,19,189,43,23,1302,25,2,2,0,0,1,2,43,189,60,0,43,3,0,1,1,3,29,203,2,0,0,1,36,7,3,1,99,33,0,19,0,0,0,1,105,24,9,23,1,1,0
66,56,69,13,24,7,1446,0,0,0,0,0,0,11,0,0,0,10,46,0,0,0,1,1,10,3,0,0,0,1,0,0,0,3,20,0,7,0,0,0,0,5,0,0,0,0,0,0
0,0,0,0,0,0,0,177,0,0,6,9,1,0,1,0,0,0,0,0,2,0,1,0,0,0,1,0,0,0,1,0,0,0,0,17,0,0,0,2,0,0,1,0,0,0,0,0
0,0,1,0,0,3,0,6,4401,11,11,73,184,0,1,18,59,5,0,20,12,37,12,1,2,0,13,2,884,5,32,77,37,0,0,1,2,2,4,4,43,0,5,141,25,16,9,10
0,0,0,0,0,0,0,0,0,508,6,0,0,0,0,0,0,0,0,0,0,0,0,0,0,0,32,1,0,0,0,0,0,0,0,0,0,8,19,27,1,0,0,0,0,0,2,1
0,0,1,0,0,0,0,5,1,8,581,19,2,0,0,0,1,1,1,5,30,5,7,0,1,0,41,7,3,1,0,0,0,1,0,10,0,2,0,99,7,0,0,1,1,5,8,1
0,1,2,0,1,5,0,42,41,0,40,998,40,1,1,9,4,0,1,7,5,6,1,5,5,1,2,1,11,17,17,20,3,0,1,17,1,4,0,22,71,2,0,71,0,2,8,0
0,0,1,0,0,3,0,0,28,0,6,14,1183,2,1,1,0,10,1,0,0,0,12,3,8,4,2,0,2,9,5,24,6,0,0,0,2,0,0,0,0,0,6,17,0,6,0,2
12,343,182,5,77,48,70,0,0,0,0,0,0,1345,4,3,0,112,116,0,0,0,1,259,126,7,0,0,0,2,0,1,0,105,19,0,18,0,0,0,0,34,11,0,0,7,0,0
4,0,7,8,3,19,1,0,0,0,0,0,0,0,563,0,0,0,0,0,0,1,0,0,0,0,0,0,0,47,0,0,1,29,5,0,0,0,0,0,0,6,1,1,10,1,0,0
0,0,3,0,0,12,0,0,3,0,0,0,0,2,3,428,0,2,0,0,0,0,0,1,18,2,0,0,0,1,12,30,9,0,2,0,3,0,0,0,0,1,4,1,3,0,0,0
0,0,0,0,0,1,0,0,12,0,1,4,0,0,1,14,799,1,0,11,1,13,3,0,2,2,0,2,42,1,7,3,2,0,0,0,0,0,0,1,18,0,0,9,6,1,0,0
14,27,23,11,3,77,20,0,2,0,0,0,1,84,12,13,1,3132,9,0,0,1,1,62,126,5,0,0,0,6,1,0,0,11,8,0,349,0,0,0,0,57,62,2,2,3,0,1
0,26,2,0,0,0,51,0,0,0,0,0,0,43,1,1,0,3,1345,0,0,0,0,62,38,110,0,0,0,0,0,0,1,2,13,0,0,0,0,0,0,4,37,0,0,2,0,0
0,0,0,0,0,0,0,2,1,1,0,14,0,0,0,0,11,0,0,1440,0,4,1,0,0,0,0,1,2,0,0,0,0,0,0,18,0,1,1,10,110,0,0,23,0,0,2,0
0,0,0,0,0,0,0,4,2,1,33,3,0,0,0,1,2,1,0,0,740,0,3,0,0,1,2,79,1,4,0,0,0,0,0,2,3,1,1,2,1,0,1,0,1,5,2,0
0,0,1,0,0,1,0,0,30,0,2,8,0,0,1,17,62,0,0,5,1,7258,20,0,0,0,0,6,129,0,10,3,0,0,0,1,0,0,0,0,9,0,0,4,6,2,0,0
1,8,4,1,5,7,1,0,2,0,4,8,8,11,1,8,16,9,3,7,7,8,1212,9,10,14,0,44,0,7,5,4,3,2,3,28,1,2,3,27,5,0,5,7,4,26,4,0
0,48,59,1,6,99,22,0,0,0,0,0,1,369,9,10,0,74,233,0,0,0,2,1559,616,313,0,0,0,2,0,1,7,61,8,0,7,0,0,0,0,104,149,1,4,69,0,0
0,66,102,4,6,547,47,0,3,0,4,3,8,220,11,197,1,127,190,0,0,0,19,720,2777,515,0,1,4,18,6,26,47,37,9,1,42,0,0,1,1,142,242,11,1,34,7,4
0,4,0,0,0,3,6,0,0,0,0,1,0,5,1,17,0,10,325,0,0,1,4,131,216,4050,0,0,0,5,0,3,7,1,4,0,4,0,0,0,0,4,150,0,0,164,0,0
0,0,0,0,0,0,0,0,0,73,35,0,2,0,0,0,0,0,0,0,1,0,0,0,0,0,704,3,0,0,0,0,0,0,0,0,0,8,13,12,1,0,0,0,0,3,13,12
0,1,0,0,0,0,0,5,0,15,31,20,0,0,0,2,11,1,0,7,297,9,17,1,0,0,7,2418,4,0,3,0,0,0,0,39,1,23,7,82,10,0,0,0,1,2,2,0
0,0,1,0,0,0,0,6,971,36,18,47,72,0,0,13,348,0,0,53,17,136,17,0,0,0,19,23,8278,2,25,44,13,0,0,2,3,11,15,20,218,0,1,63,8,7,18,7
28,5,48,82,52,50,116,4,3,0,0,27,29,6,323,10,1,6,26,1,1,1,4,7,15,20,0,0,2,2716,40,31,8,123,120,0,24,0,0,0,2,70,37,30,203,10,1,0
1,0,0,0,0,9,0,12,25,0,0,11,11,1,1,99,1,3,2,2,1,9,1,5,4,3,0,0,7,15,2076,351,67,5,3,0,16,0,0,0,1,4,7,59,14,4,0,0
1,3,8,1,3,18,4,11,94,0,3,39,233,1,4,247,9,11,8,5,3,6,21,7,33,8,0,1,26,60,586,3406,460,4,3,0,10,0,2,0,6,4,22,74,21,13,4,0
0,0,0,0,0,0,0,0,17,0,0,0,0,0,0,18,0,1,0,0,0,1,0,1,8,3,0,0,8,6,26,72,792,0,0,0,0,0,0,0,2,0,6,3,3,3,0,0
26,12,82,57,67,43,10,0,0,0,0,0,0,20,132,0,0,7,2,0,0,0,0,4,4,1,0,0,0,15,1,0,0,1051,27,0,6,0,0,0,0,19,9,0,8,0,0,0
1,0,1,10,1,1,17,0,0,0,0,0,0,0,0,0,0,1,2,0,0,0,0,0,2,0,0,0,0,2,0,0,0,5,464,0,1,0,0,0,0,2,0,0,1,0,0,0
0,0,0,1,0,1,0,83,0,4,20,27,0,0,1,0,2,1,0,11,9,2,7,0,0,0,1,18,0,2,0,0,0,0,0,1298,0,1,4,20,2,0,0,0,1,0,1,0
51,22,32,38,20,31,43,0,1,0,0,2,14,40,10,12,0,602,20,0,1,0,2,26,33,36,0,0,5,29,23,6,2,31,17,1,3438,0,0,0,0,21,23,43,38,0,0,0
0,0,0,0,0,0,0,0,0,55,0,1,0,0,0,0,2,0,0,64,0,1,1,0,0,0,33,1,0,0,0,0,0,0,0,1,0,4516,157,43,83,0,0,0,0,0,594,14
0,0,0,0,0,0,0,0,0,75,2,0,0,0,0,0,0,0,0,5,0,0,2,0,0,0,17,0,0,0,0,0,0,0,0,0,0,57,1481,2,0,0,0,0,0,0,7,19
0,0,3,0,0,2,0,10,1,99,302,60,1,0,0,1,13,1,0,15,10,7,10,1,0,0,61,46,3,0,0,0,0,0,0,53,0,20,7,1874,31,0,0,0,0,1,19,2
0,0,0,0,0,0,0,2,0,0,4,33,1,0,0,0,2,0,0,51,0,1,1,0,0,0,0,0,11,0,0,0,0,0,0,4,0,9,0,11,403,0,0,5,0,0,9,1
3,1,24,6,1,37,3,0,0,0,0,0,0,9,15,1,0,11,3,0,0,0,0,26,30,2,0,0,0,1,0,0,0,9,5,0,3,0,0,0,0,202,15,0,6,1,0,0
1,4,9,5,0,37,1,0,0,0,0,0,0,17,25,28,1,42,28,0,0,0,1,95,113,112,0,0,0,7,5,2,4,53,10,0,11,0,0,0,0,48,1185,2,33,9,0,0
0,0,1,0,0,4,0,19,35,0,3,53,37,0,6,5,12,2,0,91,0,0,2,0,0,0,1,1,11,15,35,8,2,0,0,1,24,1,0,1,48,0,5,1037,11,0,5,1
6,0,5,43,0,11,11,0,2,0,0,4,0,2,32,18,3,5,1,0,1,0,1,4,3,3,0,0,1,108,11,2,5,6,57,0,36,0,0,0,0,30,18,12,1761,0,0,0
0,1,1,0,1,2,0,0,0,0,5,0,4,14,0,3,0,9,5,0,0,0,5,20,6,87,10,0,0,3,0,0,1,1,0,0,2,0,0,0,0,6,35,0,0,993,0,0
0,0,2,0,0,3,0,0,0,8,5,19,3,0,0,1,4,0,0,16,0,1,4,0,0,0,29,1,0,0,0,0,0,0,0,1,0,427,43,16,44,0,0,8,0,0,2127,42
0,0,0,0,0,0,0,0,0,1,1,0,0,0,0,0,0,0,0,0,0,0,0,0,0,0,1,0,0,0,0,0,0,0,0,0,0,2,2,0,0,0,0,0,0,0,3,102
