0.68061,0.72973,0.44189,0.66222,0.42326,0.50096,0.63282,0.46684,0.76409,0.57335,0.52321,0.666,0.63749,0.49944,0.38658,0.33795,0.57914,0.72568,0.55193,0.79023,0.63778,0.96578,0.86018,0.50728,0.6258,0.76098,0.72382,0.908,0.87587,0.85376,0.71585,0.83196,0.53499,0.54579,0.47844,0.86312,0.83605,0.8847,0.83955,0.82499,0.36058,0.2227,0.58971,0.64422,0.79079,0.71694,0.74545,0.44889
0.71749
1432,32,139,280,135,13,129,0,0,0,0,0,0,9,10,0,0,52,0,0,0,0,0,1,2,0,0,0,0,2,0,0,0,44,10,0,29,0,0,0,0,4,0,0,0,0,0,0
35,2079,77,0,115,2,120,0,0,0,0,0,0,335,0,1,0,3,86,0,0,1,3,67,22,13,0,0,0,0,0,0,2,14,1,0,4,0,0,0,0,4,4,0,0,0,0,0
70,61,905,60,69,201,82,0,7,1,0,2,1,96,28,14,23,15,6,3,0,11,2,13,58,2,1,5,2,2,2,0,1,88,11,0,13,1,0,7,3,48,8,1,2,0,1,1
320,1,41,1341,27,12,41,0,0,0,0,0,0,1,53,0,0,14,0,0,0,0,0,1,0,0,0,0,0,13,0,0,0,126,120,0,25,0,0,0,0,13,2,0,38,0,0,0
20,22,23,8,455,1,3,0,0,0,0,0,0,4,1,0,0,1,1,0,0,0,0,0,1,0,0,0,0,0,0,0,0,15,0,0,0,0,0,0,0,0,0,0,0,0,0,0
17,18,196,44,21,1308,26,2,2,0,1,1,2,46,182,57,0,43,2,0,1,1,3,28,210,1,0,0,1,36,9,2,0,98,32,0,19,0,0,0,1,101,21,10,21,0,1,0
65,56,69,14,22,8,1446,0,0,0,0,0,0,12,0,0,0,9,46,0,0,0,1,1,8,3,0,0,0,1,0,0,0,4,20,0,8,0,0,0,0,6,0,0,0,0,0,0
0,0,0,0,0,0,0,176,0,0,5,10,0,0,1,0,0,0,0,0,3,0,1,0,0,0,1,0,0,0,2,0,0,0,0,17,0,0,0,2,0,0,0,0,0,1,0,0
0,0,1,0,0,2,0,7,4392,10,10,71,203,0,1,15,58,5,0,20,15,37,12,1,3,0,13,1,885,4,38,79,35,0,0,0,3,0,4,2,40,0,6,128,24,17,15,12
0,0,0,0,0,0,0,0,0,512,4,0,0,0,0,0,0,0,0,0,0,0,0,0,0,0,34,1,0,0,0,0,0,0,0,0,0,7,18,24,1,0,0,0,0,0,3,1
0,0,1,0,0,0,0,4,0,10,586,24,4,0,0,0,1,1,1,4,22,4,8,0,2,0,39,6,2,1,1,0,0,1,0,9,0,5,0,97,5,0,0,3,1,7,5,1
0,0,1,0,0,7,0,41,42,0,45,993,42,2,0,10,5,0,1,6,5,8,1,4,4,1,3,2,10,20,18,18,2,0,1,20,1,4,0,15,70,2,0,72,0,2,8,0
0,0,0,0,0,3,0,0,30,0,6,15,1187,1,0,3,0,5,1,0,0,0,9,1,9,5,1,0,2,10,8,23,8,0,0,0,2,0,0,0,0,2,8,10,1,6,0,2
7,346,182,5,76,46,80,0,0,0,0,0,0,1336,6,3,0,112,116,0,0,0,2,244,138,7,0,0,0,2,0,1,0,107,18,0,18,0,0,0,0,35,12,0,0,8,0,0
4,0,7,10,3,20,1,0,0,0,0,0,0,0,559,0,0,0,0,0,0,1,0,0,0,0,0,0,0,50,0,0,1,30,5,0,0,0,0,0,0,4,1,1,9,1,0,0
0,0,3,0,0,9,0,0,3,0,0,0,1,0,3,439,0,1,0,0,0,0,0,0,19,2,0,0,0,1,11,28,7,0,2,0,2,0,0,0,0,2,4,1,2,0,0,0
0,0,0,0,0,1,0,0,10,0,0,4,1,0,0,11,805,1,0,12,1,14,3,0,2,2,0,2,40,1,7,3,3,0,0,0,0,1,0,2,15,0,0,8,6,1,1,0
13,25,17,11,5,72,19,0,2,0,0,0,2,88,11,12,1,3140,7,0,0,1,0,63,113,6,0,0,0,7,1,0,1,12,9,0,357,0,0,0,0,60,63,2,2,3,0,1
0,25,2,0,0,0,51,0,0,0,0,0,0,42,1,1,0,4,1355,0,0,0,1,60,32,117,0,0,0,0,0,0,1,2,12,0,0,0,0,0,0,3,30,0,0,2,0,0
0,0,0,0,0,0,0,2,1,0,0,13,0,0,0,0,12,0,0,1439,0,4,1,0,0,0,0,1,2,0,0,0,0,0,0,18,0,1,1,9,113,0,0,25,0,0,0,0
0,0,0,0,0,0,0,4,2,2,39,3,0,0,0,2,3,1,0,1,736,0,4,0,0,1,1,75,0,4,1,0,0,0,0,3,2,1,0,4,0,0,1,0,0,4,2,0
0,0,1,0,0,1,0,0,41,0,2,6,0,0,1,14,60,0,0,5,1,7253,22,0,0,0,0,5,129,0,8,4,0,0,0,1,0,0,0,0,10,0,0,4,6,2,0,0
0,7,5,1,4,3,2,0,1,0,2,10,10,7,2,6,20,9,5,7,9,8,1212,8,11,15,0,44,0,7,5,3,3,1,5,31,1,3,4,27,3,0,3,7,3,26,4,0
0,56,56,2,6,103,20,0,0,0,0,0,1,361,9,12,0,83,227,0,0,0,2,1568,617,315,0,1,0,2,0,1,6,60,10,0,8,0,0,0,0,98,142,0,4,64,0,0
0,61,111,0,3,549,52,0,5,0,3,4,9,226,13,205,1,122,171,1,1,0,20,691,2848,515,0,2,4,17,5,25,42,31,11,0,39,0,0,0,2,135,217,12,0,38,7,3
0,4,0,0,0,2,5,0,0,0,0,0,0,6,1,19,0,9,320,0,0,1,6,141,206,4072,0,0,0,5,0,1,7,1,5,0,4,0,0,0,0,4,140,0,0,157,0,0
0,0,0,0,0,0,0,0,0,71,35,0,2,0,0,0,0,0,0,0,1,0,0,0,0,0,705,3,0,0,0,0,0,0,0,0,0,10,15,11,1,0,0,0,0,4,10,12
0,1,0,0,0,0,0,3,0,14,29,20,0,0,0,3,9,1,0,9,311,9,13,1,0,0,7,2418,5,0,4,0,0,0,0,39,0,21,8,79,6,0,0,0,1,3,2,0
0,0,0,0,0,0,0,7,1032,38,16,45,70,0,0,15,351,0,0,51,19,128,19,0,0,0,15,24,8227,3,21,44,14,0,0,3,4,11,15,17,222,0,0,60,9,7,17,8
24,7,40,88,49,52,118,4,7,0,0,27,31,5,331,14,1,6,27,0,1,2,7,6,10,22,0,0,2,2703,37,33,6,126,116,0,23,0,0,0,2,70,36,31,207,10,1,0
1,0,0,0,0,5,0,11,29,0,0,8,9,1,1,99,1,4,1,3,1,8,3,6,6,3,0,0,9,13,2096,331,69,7,3,0,16,0,0,0,0,5,5,57,16,3,0,0
1,4,8,1,2,19,3,9,85,0,4,35,229,0,8,262,9,11,9,4,2,6,20,9,28,8,0,0,35,56,565,3426,469,5,3,0,11,0,2,0,6,3,16,74,18,15,3,0
0,0,0,0,0,0,0,0,20,0,0,0,0,0,0,20,0,0,0,0,0,1,1,2,9,2,0,0,4,6,19,79,795,0,0,0,0,0,0,0,1,0,4,2,3,2,0,0
21,12,87,56,62,47,11,0,0,0,0,0,0,19,135,0,0,7,2,0,0,0,0,4,5,1,0,0,0,15,1,0,0,1049,28,0,5,0,0,0,0,18,10,0,8,0,0,0
1,0,2,9,1,1,17,0,0,0,0,0,0,0,0,0,0,1,1,0,0,0,0,0,2,0,0,0,0,2,0,0,0,4,466,0,1,0,0,0,0,2,0,0,1,0,0,0
0,0,0,2,0,0,0,77,0,4,19,27,0,1,1,0,1,1,0,11,10,3,7,0,0,0,2,16,0,2,0,0,0,0,0,1299,0,0,4,24,3,0,0,1,1,0,1,0
64,23,31,41,18,29,45,0,1,0,0,1,15,40,11,10,0,593,26,0,1,0,1,22,36,38,0,0,6,32,24,5,2,27,17,1,3432,0,0,0,0,21,17,45,38,0,0,0
0,0,0,0,0,0,0,0,0,58,0,1,0,0,0,0,2,0,0,61,0,1,1,0,0,0,30,1,0,0,0,0,0,0,0,1,0,4504,159,41,77,0,0,0,0,0,610,19
0,0,0,0,0,0,0,0,0,70,2,0,0,0,0,0,0,0,0,5,0,0,2,0,0,0,15,0,0,0,0,0,0,0,0,0,0,59,1486,3,0,0,0,0,0,0,6,19
0,1,5,0,0,2,0,9,1,95,295,59,1,0,0,1,11,1,0,17,13,6,9,1,1,0,70,54,3,0,0,0,0,0,0,55,0,19,9,1862,34,0,0,0,0,1,16,2
0,0,0,0,0,0,0,2,1,0,4,34,1,0,0,0,2,0,0,51,0,1,1,0,0,0,0,0,12,0,0,0,0,0,0,5,0,10,1,11,397,0,0,5,0,0,9,1
3,1,18,6,1,38,3,0,0,0,0,0,0,9,15,2,0,10,3,0,0,0,0,26,30,2,0,0,0,1,0,0,0,10,5,0,3,0,0,0,0,206,15,0,6,1,0,0
1,4,9,6,0,35,1,0,0,0,0,0,0,17,24,26,0,47,32,0,0,0,1,92,108,117,0,0,0,13,5,3,4,53,10,0,11,0,0,0,0,46,1180,2,30,11,0,0
0,0,1,0,0,3,0,19,31,0,2,57,33,0,5,6,9,1,0,94,0,0,2,0,1,0,0,1,13,17,29,8,1,0,0,2,29,3,0,2,46,0,4,1043,11,0,3,1
5,0,6,40,0,13,10,0,3,0,0,3,0,2,33,14,2,6,4,0,1,0,1,4,0,3,0,0,0,115,10,1,6,4,54,0,34,0,0,0,0,29,20,10,1769,0,0,0
0,3,0,0,1,2,0,0,0,0,6,0,4,9,0,2,0,8,5,0,0,0,5,26,9,78,8,0,0,3,1,0,1,3,0,0,1,0,0,0,0,4,32,0,0,1003,0,0
0,0,4,0,0,2,0,0,0,7,5,18,4,0,0,1,3,0,0,17,0,1,3,0,1,0,27,1,0,0,0,0,0,0,0,1,0,429,41,18,43,0,0,5,0,0,2132,41
0,0,0,0,0,0,0,0,0,1,0,0,0,0,0,0,0,0,0,0,0,0,0,0,0,0,2,0,0,0,0,0,0,0,0,0,0,2,3,0,0,0,0,0,0,0,3,101
