0.67206,0.71586,0.43532,0.64115,0.39591,0.49147,0.62818,0.43689,0.76458,0.57255,0.51709,0.66485,0.6185,0.47242,0.37996,0.32815,0.5658,0.69924,0.53366,0.78944,0.62847,0.96352,0.87016,0.49727,0.61956,0.75895,0.72737,0.90173,0.87551,0.85593,0.70981,0.82531,0.52446,0.54316,0.45374,0.8668,0.83371,0.87457,0.85483,0.8242,0.3551,0.20443,0.56329,0.62151,0.7894,0.7106,0.74794,0.41434
0.70951
1412,33,133,295,142,13,136,0,0,0,0,0,0,8,10,0,0,59,0,0,0,0,0,0,0,0,0,0,0,4,0,0,0,41,12,0,22,0,0,0,0,3,0,0,0,0,0,0
42,2076,68,0,128,4,104,0,0,0,0,0,0,335,0,1,0,4,95,0,0,1,1,69,21,13,0,0,0,1,0,0,2,15,1,0,2,0,0,0,0,0,5,0,0,0,0,0
65,73,885,65,70,187,89,0,7,1,1,2,0,106,31,18,21,18,5,3,0,9,3,16,64,2,1,5,3,2,0,1,1,79,9,0,14,1,0,7,2,49,5,2,2,0,2,1
321,0,32,1340,30,12,47,0,0,0,0,0,0,0,56,0,0,24,0,0,0,0,0,2,0,0,0,1,0,16,0,0,0,115,126,0,18,0,0,0,0,5,2,0,42,0,0,0
26,26,17,10,445,1,2,0,0,0,0,0,0,5,1,0,0,1,1,0,0,0,0,1,0,0,0,0,0,2,0,0,0,16,1,0,0,0,0,0,0,0,0,0,0,0,0,0
20,15,201,37,22,1268,26,2,1,0,1,2,1,55,188,62,2,47,3,0,3,1,3,26,202,5,0,0,1,36,7,2,3,114,28,0,21,0,0,0,2,101,26,11,16,3,0,0
68,64,69,17,26,8,1431,0,0,0,0,0,0,16,0,0,0,6,38,0,0,0,1,1,11,3,0,0,0,1,0,0,0,3,20,0,8,0,0,0,0,7,1,0,0,0,0,0
0,0,0,0,0,0,0,180,0,0,3,8,1,0,1,0,0,0,0,0,3,0,1,0,0,0,2,0,0,0,0,0,0,1,0,18,0,0,0,1,0,0,0,0,0,0,0,0
0,0,0,0,0,2,0,6,4378,8,12,77,181,0,2,28,62,7,0,21,16,36,13,0,4,1,9,1,881,4,37,78,45,0,0,0,5,3,3,3,39,0,4,144,19,14,12,14
0,0,0,0,0,0,0,0,0,509,4,0,0,0,0,0,0,0,0,0,0,0,0,0,0,0,38,1,0,0,0,0,0,0,0,0,0,7,20,19,1,0,0,0,0,0,5,1
1,0,1,0,0,1,0,5,0,8,575,23,4,1,0,0,2,1,2,3,22,4,7,0,2,0,36,6,3,1,1,0,0,0,0,10,0,4,0,106,7,0,0,5,1,7,5,1
0,2,0,0,0,8,0,47,42,0,38,978,42,1,0,8,5,0,1,11,4,7,2,5,3,3,2,2,12,17,17,16,3,0,4,18,1,2,0,18,79,3,1,73,0,2,9,0
0,1,0,0,0,2,0,0,32,0,6,13,1177,0,0,1,0,8,0,0,0,0,12,3,6,5,1,0,1,13,6,27,6,0,2,0,3,0,0,0,0,0,8,16,0,6,1,2
10,374,194,6,80,60,66,0,0,0,1,0,0,1259,4,3,0,148,106,0,0,0,0,270,134,6,0,0,0,1,0,1,0,93,14,0,16,0,0,0,0,44,9,0,0,8,0,0
3,0,6,8,3,23,0,0,0,0,0,0,0,0,565,0,0,0,0,0,0,1,0,0,0,0,0,0,0,44,0,0,2,22,8,0,0,0,0,0,0,8,3,0,10,1,0,0
0,1,4,0,0,13,0,0,2,0,0,1,0,2,2,422,1,1,0,0,0,1,0,4,19,1,0,0,0,1,12,27,13,0,2,0,3,0,0,0,0,1,3,1,3,0,0,0
0,0,0,0,0,1,0,0,10,0,0,2,0,0,1,12,804,1,0,11,2,16,2,0,1,2,0,3,40,0,6,4,2,0,0,1,0,1,0,4,18,0,0,6,6,1,0,0
12,28,22,16,4,72,20,0,1,0,0,0,3,86,12,16,1,3134,11,0,0,1,1,66,120,7,0,0,0,4,0,0,2,11,9,0,360,0,0,0,0,41,57,3,4,1,0,1
0,31,2,0,0,1,51,0,0,0,0,0,0,50,1,1,0,4,1324,0,0,0,0,68,39,119,0,0,0,0,0,0,1,1,15,0,1,0,0,0,0,2,28,0,0,2,0,0
0,0,0,0,0,0,0,2,0,1,1,12,1,0,0,0,10,0,0,1436,0,5,1,0,0,0,1,2,3,0,0,0,0,0,0,17,0,3,1,5,115,0,0,25,0,0,0,1
0,0,0,0,0,0,0,5,1,0,32,4,0,0,1,2,2,1,0,0,724,0,1,0,1,1,3,92,1,3,0,1,0,0,0,5,1,2,0,4,0,0,0,1,2,4,2,0
0,0,1,0,0,2,0,0,24,0,2,7,0,0,1,12,61,0,0,5,0,7289,19,0,0,0,0,4,123,0,3,2,1,0,0,1,0,0,0,0,6,0,0,4,6,2,1,0
1,5,2,1,5,3,1,2,0,0,3,12,11,7,2,7,20,9,1,7,12,8,1213,9,8,17,0,42,2,7,4,3,3,2,6,24,0,0,3,23,3,1,4,9,4,30,7,1
2,55,52,1,6,101,19,0,0,0,0,0,1,374,10,13,0,102,234,0,0,0,2,1551,597,302,0,1,0,3,0,0,5,58,10,0,6,0,0,0,0,118,148,1,3,59,0,0
1,60,112,2,7,529,52,0,4,0,2,5,11,232,13,200,1,136,195,1,3,0,14,693,2775,490,0,0,5,21,9,24,40,36,9,1,38,1,0,1,1,153,264,15,0,30,10,5
0,4,0,0,0,2,5,0,0,0,0,0,0,7,1,15,1,12,355,0,0,0,9,147,211,3986,0,0,0,8,0,3,7,1,4,0,1,0,0,0,0,4,161,0,0,172,0,0
0,0,0,0,0,0,0,0,0,79,30,0,2,0,0,0,0,0,0,0,1,0,0,0,0,0,699,3,0,0,0,0,0,0,0,0,0,10,14,15,1,0,0,0,0,5,11,10
0,1,1,1,0,0,0,3,0,13,43,22,0,0,0,1,12,1,0,7,312,13,13,2,0,0,8,2395,4,0,2,0,0,0,1,38,1,30,4,75,7,0,0,0,2,3,1,0
0,0,0,0,0,0,0,5,1050,31,22,42,73,0,0,20,372,0,0,49,16,140,12,0,0,0,15,22,8172,1,28,37,13,0,0,3,2,17,10,25,224,0,0,70,8,6,16,11
21,5,54,109,67,59,122,5,4,0,0,26,32,5,341,10,1,1,28,1,1,2,4,5,10,19,0,0,2,2614,41,31,7,130,123,0,31,0,0,0,2,79,39,24,214,12,1,0
0,0,1,2,2,11,0,12,23,0,1,14,13,0,1,92,1,3,2,2,1,8,4,4,6,5,0,0,7,20,2084,331,69,3,5,0,16,0,0,0,1,4,7,55,17,3,0,0
2,4,6,2,2,23,7,9,90,0,4,34,272,2,5,268,11,8,7,3,1,6,24,9,28,8,0,0,37,57,587,3345,462,3,3,0,9,0,1,0,6,3,16,81,16,15,7,0
0,0,0,0,0,0,0,0,18,0,0,0,1,0,0,14,0,1,0,0,0,1,1,3,12,2,0,0,5,5,28,91,772,0,0,0,0,0,0,0,1,0,5,3,3,4,0,0
21,10,93,64,68,40,12,0,0,0,0,0,0,28,142,0,0,8,1,0,0,0,0,5,2,1,0,0,0,13,0,0,1,1013,38,0,3,0,0,0,0,24,8,0,8,0,0,0
1,0,2,12,1,2,20,0,0,0,0,0,0,0,0,0,0,1,1,0,0,0,0,0,2,0,0,0,0,2,0,0,0,2,461,0,2,0,0,0,0,1,0,0,1,0,0,0
1,0,0,0,0,0,1,97,0,4,16,23,0,0,2,0,1,1,1,14,12,2,7,0,0,0,2,20,1,2,0,0,0,0,0,1282,0,2,5,15,3,0,0,1,1,0,1,0
66,24,33,40,14,36,45,1,1,0,1,0,15,47,11,10,0,660,29,0,1,1,0,23,34,38,0,0,6,29,23,8,4,30,21,0,3324,0,0,0,0,18,37,43,40,0,0,0
0,0,0,0,0,0,0,0,0,52,2,4,0,0,0,0,2,0,0,60,0,0,2,0,0,0,30,1,0,0,0,0,0,0,0,0,0,4546,152,42,72,0,0,1,0,0,578,22
0,0,0,0,0,0,0,0,0,75,1,0,0,0,0,0,0,0,0,6,0,0,1,0,0,0,11,0,0,0,0,0,0,0,0,0,0,65,1478,2,0,0,0,0,0,0,7,21
0,0,3,0,0,0,1,10,1,93,292,63,1,0,0,1,11,1,1,14,18,10,8,0,1,0,68,53,3,0,0,0,0,0,0,53,0,27,4,1866,32,0,0,1,0,1,14,2
0,0,0,0,0,0,0,2,1,0,5,32,1,0,0,0,2,0,0,55,0,1,1,0,0,0,0,0,10,0,0,0,0,0,0,5,0,9,1,14,397,0,0,5,0,0,6,1
3,1,22,11,1,38,4,0,0,0,0,0,0,10,21,1,0,10,6,0,0,0,0,17,32,1,0,0,0,2,0,0,0,10,6,0,4,0,0,0,0,194,16,0,4,0,0,0
0,5,9,3,0,38,1,0,0,0,0,0,0,17,25,24,1,42,28,0,0,0,1,89,127,118,0,0,0,7,3,4,2,56,15,0,13,0,0,0,0,50,1166,2,31,11,0,0
0,0,0,0,1,3,0,18,33,0,2,47,51,0,6,5,10,3,0,93,0,0,2,0,0,0,0,1,10,20,28,14,2,0,0,1,26,3,0,2,51,0,5,1023,10,1,4,2
2,1,5,48,0,13,16,0,3,0,0,2,1,2,31,16,2,8,0,0,0,0,1,4,3,4,0,0,0,91,9,2,2,7,63,0,36,0,0,0,0,28,18,11,1773,0,0,0
0,1,1,0,0,2,0,0,0,0,6,0,4,10,0,2,0,11,6,0,0,0,6,27,4,93,8,0,1,2,1,0,2,3,0,0,0,0,0,0,0,8,24,0,0,992,0,0
0,0,2,0,0,2,0,1,0,14,5,16,4,0,0,1,2,0,0,17,0,2,2,0,0,0,27,1,1,0,0,0,0,0,0,2,0,463,32,17,48,0,0,10,0,1,2083,51
0,0,0,0,0,0,0,0,0,1,1,0,0,0,0,0,0,0,0,0,0,0,0,0,0,0,0,0,0,0,0,1,0,0,0,0,0,2,1,0,0,0,0,0,0,0,2,104
