0.62639,0.27227,0.47827,0.39504,0.62504,0.2839,0.43747,0.26477,0.57829,0.52941,0.6843,0.23293,0.67653,0.45132,0.31619,0.33762,0.21997,0.74014,0.24295,0.34236,0.49941,0.91755,0.41757,0.24918,0.2501,0.36711,0.85526,0.6005,0.30967,0.697,0.42258,0.96043,0.64981,0.49322,0.35094,0.22158,0.25424,0.19243,0.70552,0.52379,0.29819,0.59116,0.25098,0.23823,0.53579,0.65214,0.68437,0.20673
0.4772
27,819,0,0,0,0,0,1,0,0,0,0,0,59,0,0,70,0,3,5,0,0,0,678,12,0,0,1,220,0,229,0,0,0,0,100,750,21,0,1,44,0,2,22,0,0,0,0
4,17,1,0,1,9,0,2,3,0,0,0,0,1465,0,89,3,0,347,35,0,0,0,110,646,0,0,0,903,0,6,0,1,0,3,24,159,54,0,0,42,10,54,0,0,0,1,8
5,216,13,11,7,7,8,91,3,1,3,2,1,172,1,2,65,7,71,27,5,7,4,330,82,3,0,5,287,37,24,7,2,5,62,140,290,322,1,0,56,0,33,104,11,1,3,21
9,682,3,0,45,0,0,0,0,0,0,0,0,1,0,0,725,0,1,8,0,0,0,348,0,1,0,85,39,0,267,0,0,0,0,273,290,7,0,6,14,0,5,129,0,0,0,0
3,37,0,0,2,0,0,0,0,0,0,0,0,56,0,1,20,0,3,3,0,0,0,98,24,0,0,0,168,0,4,0,0,0,0,97,182,25,0,0,6,0,0,0,0,0,0,0
30,176,121,72,91,23,1,500,2,2,2,0,0,84,0,6,308,2,83,35,5,2,0,80,92,1,0,53,49,2,43,0,7,2,128,360,125,551,0,14,81,1,106,112,2,0,8,24
3,34,1,0,0,2,0,0,0,0,0,0,0,100,0,31,4,0,4,160,0,0,0,763,48,0,0,0,433,0,20,0,0,0,0,5,687,30,0,0,13,0,12,40,0,0,0,0
1,6,0,0,1,7,44,24,0,0,0,35,0,0,6,1,4,0,1,0,1,4,2,3,11,114,0,2,0,0,0,0,1,1,0,1,1,1,1,7,0,1,12,0,0,0,2,0
4,0,48,46,20,0,5,217,7,3,3117,21,6,0,1322,0,1,610,0,0,1688,31,9,0,8,8,521,37,0,228,2,22,50,9,6,1,0,1,1,49,2,8,1,1,61,8,13,32
0,0,0,0,0,0,15,0,0,12,0,320,235,0,0,0,0,0,0,0,0,0,173,0,0,0,0,0,0,1,0,0,0,28,0,0,0,0,35,0,0,0,0,0,1,2,0,0
1,10,0,13,2,8,514,108,1,3,0,202,4,1,10,1,0,0,2,0,0,19,79,0,9,49,0,2,1,3,0,3,0,3,4,1,0,1,11,3,0,0,14,0,22,4,33,5
1,1,44,30,29,7,268,423,5,1,73,34,0,2,90,9,1,85,4,1,100,5,9,0,113,31,8,182,1,16,0,13,21,5,35,2,2,17,7,12,0,2,18,0,212,9,10,21
37,1,25,306,23,22,0,0,16,1,88,10,0,3,377,6,0,1,9,4,77,0,1,0,1,0,1,31,0,17,2,0,179,2,166,0,0,4,0,15,16,7,5,0,9,0,0,326
220,115,2,3,2,46,0,11,8,0,0,0,0,697,0,139,15,0,596,65,0,0,0,103,429,0,0,0,383,0,92,0,2,0,54,109,79,264,0,1,217,7,120,45,0,0,0,26
0,17,2,2,158,0,0,2,0,0,0,0,0,0,0,0,469,0,1,2,0,2,0,10,1,0,0,20,1,0,6,0,0,0,0,227,8,6,0,1,1,0,3,6,0,0,4,0
0,0,89,102,5,4,0,8,2,0,2,0,0,4,10,0,2,2,6,1,12,2,0,1,6,0,0,5,0,0,2,1,90,0,21,1,1,12,0,1,3,2,12,4,1,0,0,303
1,0,3,5,7,0,7,409,2,0,4,4,1,0,42,0,1,42,0,0,8,13,4,0,0,9,11,13,0,560,1,14,5,0,1,1,0,1,3,2,0,1,5,0,46,2,14,21
2250,10,18,7,9,64,0,23,1,57,0,1,0,57,0,11,13,0,117,14,0,4,0,25,51,0,0,19,18,3,1061,0,4,0,116,20,11,71,0,110,956,0,26,259,1,0,2,19
1,1,0,0,0,122,0,0,56,0,0,0,0,35,0,902,0,0,189,382,0,0,0,35,166,0,0,0,30,0,1,0,0,0,20,3,20,20,0,0,13,45,184,49,0,0,0,8
0,0,0,1,0,0,11,11,0,0,0,8,6,0,2,0,0,27,0,0,0,5,8,0,0,17,10,2,0,7,0,2,0,5,0,0,0,0,3,0,0,0,0,0,2066,5,4,1
2,3,2,1,24,6,131,7,2,2,1,111,2,0,8,0,1,0,0,0,1,1,42,0,1,806,0,1,0,4,0,0,0,1,1,1,0,1,4,4,1,0,8,4,1,2,4,1
1,0,5,2,2,0,1,28,2,0,2,4,0,0,14,0,0,147,0,0,14,2782,0,0,0,2,31,9,0,114,0,5412,1,0,2,0,0,2,0,1,0,0,0,0,17,0,1572,13
12,0,18,476,8,4,76,34,57,2,1,230,6,12,27,5,10,0,23,18,1,26,76,3,23,83,0,4,15,16,2,3,2,0,11,12,8,17,7,5,6,35,9,1,22,3,323,328
88,72,8,51,19,510,0,39,164,0,0,0,0,172,0,381,8,0,790,216,0,0,0,17,233,0,0,1,53,0,29,0,1,0,512,70,5,361,0,10,462,216,376,105,1,0,0,72
47,37,58,334,42,873,6,343,247,6,5,0,1,206,3,414,17,3,879,342,5,5,0,35,378,0,4,30,66,9,64,0,65,7,1256,65,17,656,0,15,288,241,642,206,2,0,2,324
6,5,2,17,8,560,0,0,1902,0,0,0,0,2,1,1102,0,0,61,885,0,2,0,0,61,0,0,3,0,0,1,0,1,0,113,3,0,5,0,10,23,1579,159,405,0,0,0,34
1,0,0,4,0,1,16,0,0,14,0,662,138,0,0,0,0,0,0,0,0,0,282,0,0,1,0,0,0,3,0,0,0,33,7,0,0,0,11,1,0,0,2,0,1,3,0,1
1,1,1,0,5,0,929,18,0,138,0,260,8,0,3,0,1,0,0,0,0,12,1122,1,0,1384,0,2,1,25,0,5,0,3,0,0,0,0,19,2,0,0,5,0,33,10,21,8
0,0,26,27,4,0,8,968,2,6,1150,36,17,0,1177,0,0,3264,1,0,227,48,68,0,1,22,4083,13,0,2581,0,147,33,15,1,0,0,0,11,8,0,5,3,0,125,18,24,11
11,98,61,54,2147,10,0,6,15,2,1,0,0,2,11,49,771,2,4,179,20,0,0,114,20,0,9,115,48,0,29,0,26,0,32,653,132,207,0,159,9,3,260,388,2,0,5,12
2,0,1739,201,23,10,0,5,4,3,3,0,0,0,445,7,7,7,2,6,189,13,0,1,39,0,14,16,1,2,2,0,502,0,9,12,0,13,0,48,8,1,69,2,10,0,6,390
4,5,989,1323,61,6,1,5,16,1,53,2,3,6,326,11,14,34,12,15,634,20,0,0,25,0,14,48,3,4,4,0,2672,9,142,18,4,34,0,40,20,6,102,7,39,0,3,602
1,0,159,171,13,4,0,0,7,0,9,0,0,0,122,1,2,0,1,5,135,12,0,0,1,0,9,5,0,0,0,0,421,0,6,0,0,3,0,10,3,7,0,0,2,0,1,224
4,480,3,0,54,0,0,6,0,0,0,0,0,23,0,1,514,0,29,2,0,0,0,136,9,0,0,10,72,0,7,0,0,0,14,470,75,188,0,2,13,0,5,18,0,0,0,1
0,20,0,0,2,0,0,0,0,0,0,0,0,0,0,5,249,0,1,62,0,0,0,51,0,0,0,3,6,0,8,0,0,0,0,94,13,14,0,1,2,0,0,153,0,0,0,0
0,4,0,1,4,2,192,90,0,4,0,229,4,5,0,0,2,2,4,0,0,2,54,0,9,1162,0,1,2,4,0,1,0,1,0,4,3,0,5,0,0,0,6,0,26,1,187,1
675,43,29,6,25,208,1,0,5,369,5,0,0,60,9,16,23,4,38,71,5,1,0,75,30,1,1,24,104,6,1441,0,6,0,29,28,64,46,0,1255,801,7,33,688,3,0,1,14
0,0,0,0,0,0,18,1,0,1089,0,16,292,0,0,0,0,0,0,0,0,0,42,0,0,0,0,0,0,7,0,0,0,1638,0,0,0,0,2070,0,0,0,0,0,53,2244,0,0
0,0,0,0,0,0,2,0,0,44,0,38,1989,0,0,0,0,0,0,0,0,0,18,0,0,0,0,0,0,2,0,0,0,63,0,0,0,0,72,0,0,0,0,0,4,4,1,0
0,3,0,3,4,3,1791,191,0,10,0,510,25,2,1,0,0,0,1,0,0,11,652,1,1,61,0,0,0,37,0,3,0,18,3,3,0,1,78,1,0,0,11,0,39,33,42,0
0,0,0,0,0,0,30,43,0,1,3,16,2,0,13,0,0,103,0,0,1,2,15,0,0,6,36,0,0,3,0,1,0,14,0,0,0,0,17,0,0,0,0,0,382,48,5,0
9,29,3,4,11,28,0,11,0,0,0,0,0,10,0,10,48,0,43,8,0,0,0,17,19,0,0,6,3,1,8,0,0,0,38,30,10,97,0,2,13,0,43,29,0,0,0,2
31,41,35,30,53,484,0,5,124,1,0,0,0,8,0,33,51,0,262,12,0,0,0,2,19,0,0,85,6,1,7,0,7,0,544,68,3,230,0,28,61,129,47,21,0,0,0,25
4,1,100,26,33,6,6,22,3,0,31,6,0,0,107,0,5,68,1,0,235,0,1,1,6,8,18,278,2,2,0,0,9,12,34,2,0,5,2,267,2,0,3,2,613,4,5,13
1,20,24,9,486,10,0,2,0,9,0,0,0,0,14,4,81,0,2,11,16,0,0,24,3,0,0,1691,1,1,44,0,2,0,8,36,11,117,0,78,2,1,135,63,1,0,0,16
95,4,3,7,4,29,0,0,633,0,1,23,0,2,23,26,0,0,27,11,0,0,1,0,6,0,1,0,0,0,4,0,1,0,33,13,0,4,0,227,28,357,24,25,0,0,0,4
0,0,0,4,1,0,13,2,0,267,1,35,123,0,12,0,0,0,0,0,1,1,24,0,0,1,2,14,0,6,0,1,0,1431,164,0,0,0,572,0,0,0,4,0,47,1039,1,1
0,0,1,0,0,0,0,0,0,9,0,27,77,0,5,1,0,0,0,0,0,0,1,0,0,0,1,0,0,1,0,0,1,16,4,0,0,0,4,0,0,0,0,0,1,1,0,0
