0.62543,0.19495,0.43511,0.3957,0.56,0.32805,0.47302,0.1649,0.49187,0.51229,0.54676,0.18717,0.63876,0.53758,0.38867,0.37606,0.20403,0.77058,0.24179,0.40402,0.40624,0.91846,0.38472,0.20529,0.20034,0.40097,0.77481,0.47732,0.23648,0.60043,0.43236,0.9636,0.60376,0.46494,0.30893,0.49568,0.26388,0.23814,0.70354,0.51458,0.23131,0.52798,0.19781,0.25452,0.5254,0.66735,0.55727,0.24432
0.46236
31,542,0,0,1,0,0,0,0,2,0,0,0,59,0,0,115,0,11,1,0,0,0,560,3,0,0,0,218,0,489,0,0,0,1,8,936,11,0,0,42,0,1,24,0,0,9,0
1,14,0,0,0,22,0,2,3,0,0,0,0,1738,0,114,4,0,382,27,0,0,0,50,307,0,0,0,704,0,11,0,0,0,2,0,236,61,0,1,280,12,23,0,0,0,1,2
9,271,4,6,15,21,3,69,4,1,3,3,0,157,0,2,75,3,88,22,10,7,1,306,97,3,1,3,301,30,33,11,1,4,41,27,340,297,3,1,64,2,33,152,5,2,8,16
16,664,2,0,28,0,0,0,0,0,0,0,0,1,0,0,689,0,3,1,0,0,0,729,1,0,0,69,40,0,288,0,0,0,0,74,241,4,0,11,4,0,1,58,0,0,14,0
4,49,0,0,1,0,0,0,0,0,0,0,0,55,0,2,26,0,23,1,0,0,0,74,14,0,0,0,85,0,6,0,0,0,0,11,348,15,0,0,13,0,0,0,0,0,2,0
37,243,78,60,70,49,0,428,4,5,2,0,0,55,1,4,273,3,108,38,13,2,0,188,80,0,0,85,83,3,39,0,7,1,102,207,91,572,0,26,93,1,138,144,3,0,36,14
2,63,0,0,0,15,0,0,0,0,0,0,0,125,0,18,9,0,6,90,0,0,0,450,11,0,0,1,584,0,25,0,0,0,0,2,758,14,0,0,48,0,5,162,0,0,2,0
0,5,0,0,1,4,24,36,0,0,0,39,0,0,2,1,5,0,2,0,1,0,1,7,17,112,0,1,0,0,0,1,1,1,0,2,1,2,1,4,0,6,9,4,1,0,4,0
8,0,38,27,16,1,12,79,11,3,2964,5,12,0,1592,1,1,503,0,0,1276,37,17,0,12,22,995,59,0,214,0,17,48,15,18,2,0,1,7,52,2,10,1,1,58,6,5,76
0,0,0,0,0,0,16,0,0,9,0,243,256,0,0,0,0,0,0,0,0,0,232,0,0,0,0,0,0,2,0,0,0,23,0,0,0,0,37,0,0,0,0,0,1,3,0,0
1,5,0,5,2,9,490,101,2,1,0,249,6,3,6,0,0,1,1,0,0,19,82,1,22,45,1,1,1,9,0,7,0,3,3,2,0,3,12,1,2,5,8,0,21,4,11,1
0,1,42,27,20,4,298,318,3,1,61,44,0,3,94,5,3,92,7,2,51,5,4,1,148,22,28,189,4,13,0,7,17,6,69,15,1,29,7,6,3,5,15,0,251,10,6,22
152,2,19,102,17,23,1,0,15,4,90,9,1,0,187,11,2,1,8,8,34,1,2,1,2,2,13,42,0,13,2,1,379,2,281,0,0,8,1,18,23,16,1,2,10,1,1,280
193,117,1,5,3,222,1,7,9,1,0,0,0,613,0,122,15,0,682,51,1,0,0,119,355,0,0,0,319,0,67,0,0,0,17,15,139,276,0,10,342,10,55,78,0,0,1,4
0,55,1,2,66,0,0,3,0,0,0,0,0,0,0,0,441,0,2,0,0,1,0,34,2,0,0,73,0,0,7,0,0,0,0,234,8,1,0,0,0,1,2,7,0,0,9,0
0,0,93,89,13,4,0,14,2,0,3,0,0,0,8,1,5,2,7,2,18,0,0,1,8,0,0,3,1,0,2,0,38,0,21,5,0,13,0,1,5,4,23,1,1,0,2,327
2,0,2,5,2,1,4,411,2,0,3,6,0,0,43,1,2,55,0,0,11,11,1,0,5,9,14,12,0,556,0,13,2,1,1,3,0,0,4,2,0,0,2,0,41,1,12,23
2523,9,13,7,11,232,0,18,4,103,2,1,0,56,1,9,20,0,160,18,1,4,0,18,32,0,0,10,23,1,857,0,3,0,86,15,12,77,0,130,662,4,11,281,1,0,5,8
3,3,0,2,0,138,0,0,61,0,0,0,0,70,0,757,0,0,301,309,0,0,0,18,121,0,0,0,88,0,0,0,0,0,11,0,26,20,0,1,60,46,163,82,0,0,0,2
0,0,0,0,0,0,15,7,0,0,1,8,7,0,2,0,0,33,0,0,0,4,6,0,1,14,9,1,0,6,0,7,0,7,0,0,0,0,6,0,0,0,0,0,2058,6,2,1
1,3,2,1,9,9,62,8,1,9,1,186,1,0,5,0,2,0,0,0,1,0,52,0,5,695,0,6,0,4,0,0,0,0,2,19,1,2,2,3,2,3,82,6,2,1,4,0
1,0,3,9,0,0,0,39,2,0,5,1,0,0,7,0,1,200,0,0,12,3030,0,0,4,1,27,6,0,120,0,5559,0,0,0,1,0,1,0,0,0,0,0,0,13,1,1119,18
13,2,11,561,4,4,105,31,112,1,1,138,6,11,9,6,9,0,24,20,0,22,91,1,41,87,0,1,11,12,0,10,4,0,17,12,7,14,6,7,11,44,6,2,26,2,255,303
89,65,9,35,20,708,0,13,244,1,0,0,1,85,0,450,7,0,891,239,0,0,0,40,303,0,0,1,69,0,17,0,0,0,290,18,12,405,0,23,338,245,268,152,0,0,1,3
64,39,70,281,35,1222,2,248,218,9,3,1,1,90,7,466,7,3,1038,422,16,4,0,31,468,0,5,8,96,7,53,0,29,3,861,22,9,808,2,93,290,315,470,273,0,1,6,149
7,1,4,7,2,301,0,0,1483,0,0,1,0,3,1,1467,0,0,75,1126,0,2,0,1,33,0,0,0,1,0,0,0,0,0,67,0,0,5,0,38,14,1472,347,478,0,0,0,14
0,0,0,0,0,7,20,2,0,16,0,531,169,0,0,0,0,0,0,0,0,0,377,0,1,0,0,0,0,4,0,0,0,25,5,0,0,0,14,0,0,1,0,0,3,3,0,3
1,2,2,6,3,1,622,29,0,113,0,494,10,1,3,0,2,1,1,0,1,5,1118,0,10,1324,0,1,1,29,0,9,0,2,0,119,0,1,14,0,0,1,19,1,33,12,24,3
0,0,22,17,4,0,25,436,3,8,2146,25,27,0,1204,0,0,3557,0,0,121,70,84,0,4,18,4239,15,0,1680,0,114,30,20,4,0,0,0,13,7,0,4,3,0,156,14,9,51
14,246,48,39,1540,8,0,4,7,5,1,0,0,2,10,36,660,2,5,166,24,0,0,208,28,0,7,323,67,1,36,0,32,0,57,1491,99,90,0,51,19,4,46,240,7,0,29,14
3,3,1492,169,35,13,1,11,7,3,4,1,0,2,413,2,5,5,4,5,256,20,0,9,52,0,14,18,0,3,0,0,578,0,18,11,1,13,0,56,10,4,234,4,5,0,9,318
9,11,1124,1085,196,7,0,11,20,1,73,3,3,3,266,8,12,20,13,15,811,23,0,8,32,0,14,47,3,4,1,1,2310,9,184,16,5,27,0,25,31,8,213,11,29,2,8,635
2,0,179,69,52,6,0,0,6,0,5,0,0,0,122,5,1,1,0,11,245,15,0,0,2,0,7,3,0,0,0,0,321,0,10,1,0,2,0,9,1,11,0,1,0,0,1,246
4,653,2,0,49,6,0,3,0,0,0,0,0,23,0,1,395,0,48,2,0,0,0,392,7,0,0,15,66,0,10,0,0,0,6,131,161,102,0,5,20,0,5,12,0,0,18,0
0,140,0,0,30,0,0,0,0,0,0,0,0,1,0,2,104,0,1,17,0,0,0,173,0,0,0,1,12,0,17,0,0,0,0,56,15,5,0,2,5,0,0,103,0,0,0,0
0,6,0,59,2,7,191,113,0,1,0,248,8,4,0,0,5,3,3,0,0,1,68,8,5,875,0,6,1,5,1,1,0,1,0,4,1,2,4,0,1,2,8,0,35,1,331,1
765,54,27,6,23,250,0,1,4,342,10,0,0,58,5,27,37,9,51,88,7,0,0,35,12,4,1,17,167,2,1534,0,10,0,31,26,79,34,0,1288,380,8,10,831,2,0,6,9
0,0,0,0,0,0,29,1,0,1063,0,10,345,0,0,0,0,0,0,0,0,0,36,0,0,0,0,0,0,5,0,0,0,1432,0,0,0,0,1889,0,0,0,0,0,66,2594,0,0
0,0,0,0,0,0,2,0,0,32,0,19,2014,0,0,0,0,0,0,0,0,0,25,0,0,0,0,0,0,3,0,0,0,39,0,0,0,0,92,0,0,0,0,0,6,4,1,0
0,1,0,5,0,9,1788,142,0,10,0,534,23,0,2,0,0,2,3,0,0,11,672,0,3,56,0,0,0,51,0,4,0,27,2,1,0,3,80,0,0,0,6,0,42,38,24,0
0,0,0,0,0,0,51,26,0,3,2,9,1,0,8,0,0,85,0,0,1,2,9,0,0,2,38,1,0,5,0,5,0,19,0,0,0,0,13,0,0,0,0,0,400,56,5,0
8,42,3,3,5,42,0,10,0,0,0,0,0,10,0,6,38,0,45,14,0,0,0,33,17,0,0,6,19,1,8,0,0,0,22,24,9,79,0,7,14,1,28,37,0,0,0,1
29,57,25,24,76,184,0,5,137,2,2,0,0,4,0,322,35,0,265,12,1,0,0,18,24,0,0,48,3,0,6,0,3,0,278,55,3,357,0,172,69,147,51,21,0,0,5,13
1,1,93,15,20,4,6,15,2,1,39,5,0,0,73,2,8,34,1,0,205,3,0,1,11,10,52,285,1,6,1,0,9,10,92,10,0,6,9,278,3,0,3,0,592,3,16,17
2,34,16,6,376,16,0,1,0,12,0,0,0,1,8,1,364,0,1,12,24,0,0,35,27,0,0,1252,8,1,38,0,2,0,11,369,3,30,0,112,2,1,65,68,0,0,7,18
38,3,2,5,2,176,0,1,649,0,0,17,0,0,12,52,0,0,33,67,0,0,1,1,8,0,1,1,1,1,0,0,1,0,14,0,5,2,0,63,9,395,21,29,0,0,0,6
1,0,1,3,1,0,12,1,0,305,0,11,168,0,4,0,0,1,0,0,0,0,22,0,1,1,4,13,0,6,0,2,0,1419,155,0,0,1,463,0,0,0,0,0,49,1122,0,1
0,0,1,0,0,0,0,0,0,8,0,12,94,0,1,0,0,0,0,1,0,0,5,0,0,0,1,0,0,1,0,0,1,11,8,0,0,0,6,0,0,0,0,0,0,0,0,0
