0.62751,0.27053,0.48457,0.39978,0.61917,0.2749,0.42074,0.31033,0.56992,0.53442,0.68331,0.24165,0.71633,0.43422,0.3121,0.33927,0.21528,0.74529,0.25166,0.34647,0.51245,0.92268,0.38809,0.26528,0.27573,0.36394,0.85865,0.59313,0.31478,0.68899,0.4306,0.96365,0.64252,0.49159,0.34783,0.21831,0.25689,0.17943,0.70774,0.51953,0.29893,0.58291,0.27022,0.24873,0.5378,0.64875,0.75819,0.23038
0.47758
23,807,0,0,1,0,0,0,0,1,0,0,0,65,0,0,73,0,4,4,0,0,0,763,13,0,0,0,220,0,137,0,0,0,0,123,736,32,0,0,40,0,1,21,0,0,0,0
4,10,1,0,1,7,0,1,3,0,0,0,0,1383,0,89,3,0,353,36,0,0,0,95,710,0,0,0,899,0,4,0,1,0,4,29,150,92,0,0,34,10,69,0,0,0,1,8
9,223,7,5,9,6,10,78,1,2,3,2,2,174,1,2,63,12,73,28,9,6,4,263,87,3,0,3,291,34,22,3,3,0,77,163,264,390,1,0,49,1,47,91,8,3,7,16
11,694,0,0,55,0,0,0,0,0,0,0,0,1,0,0,710,0,2,6,0,0,0,318,0,0,0,170,39,0,189,0,0,0,1,313,286,11,0,5,13,0,4,110,0,0,0,0
4,41,0,0,1,0,0,0,0,0,0,0,0,66,0,1,21,0,5,3,0,0,0,83,20,0,0,0,171,0,3,0,0,0,0,105,164,33,0,0,7,0,0,0,0,0,0,1
32,183,103,72,80,20,1,453,3,1,0,1,0,81,0,6,320,2,85,26,6,2,0,57,100,2,0,52,60,3,40,0,6,1,132,382,128,596,0,15,80,1,119,104,2,0,6,23
5,23,0,0,0,2,0,0,0,0,0,0,0,99,0,33,5,0,4,142,0,0,0,768,52,0,0,0,420,0,14,0,0,0,0,7,676,74,0,0,12,0,15,39,0,0,0,0
1,5,0,0,3,10,45,23,1,0,0,28,1,1,4,1,4,0,0,0,2,3,2,2,12,116,0,2,0,0,0,0,1,1,0,3,1,0,0,7,0,1,11,0,0,1,2,1
5,0,43,50,22,0,4,256,8,3,3051,22,5,0,1303,1,1,554,0,0,1831,24,22,0,5,3,479,31,0,221,3,19,50,11,7,0,0,1,2,49,1,8,1,1,63,7,14,43
0,0,0,0,0,0,16,1,0,14,0,358,188,0,0,0,0,0,0,0,0,0,172,0,0,0,0,0,0,0,0,0,0,39,0,0,0,0,32,0,0,0,0,0,0,2,0,0
1,7,0,12,5,8,568,63,1,2,0,176,3,2,8,1,1,1,2,0,1,13,100,0,7,47,1,2,1,4,0,4,0,2,4,2,0,1,13,6,0,0,7,0,22,5,38,5
1,2,36,33,28,7,285,410,7,1,51,24,0,1,67,7,0,77,4,2,179,5,11,0,115,27,9,161,1,14,0,12,23,7,44,2,1,19,6,9,0,1,12,0,218,11,6,23
26,2,31,365,27,32,0,0,15,1,77,5,0,2,326,6,0,2,7,5,137,0,1,0,1,1,2,26,0,16,4,0,162,0,151,0,0,4,0,11,36,6,1,0,7,0,1,292
215,99,3,5,1,39,0,17,9,0,0,0,0,674,0,122,17,0,590,67,0,0,0,75,426,0,0,0,366,0,109,0,2,0,53,132,64,311,0,2,207,9,158,47,0,0,0,31
0,22,2,2,178,0,0,2,0,0,0,0,0,0,0,0,452,0,1,2,0,2,0,9,1,0,0,22,1,0,3,0,0,0,0,225,4,7,0,1,0,0,3,6,0,0,4,0
0,0,97,101,6,3,0,6,3,0,3,0,0,5,7,0,3,1,5,1,10,1,0,0,7,0,0,4,1,0,2,1,108,0,26,0,0,9,0,1,4,2,15,4,1,0,1,279
1,0,6,4,7,1,8,401,1,0,4,3,1,0,40,0,1,38,0,0,11,14,4,0,0,9,9,10,0,575,1,11,7,1,1,1,0,1,3,1,0,1,3,0,45,2,15,22
2185,12,11,9,4,64,0,25,0,34,0,1,0,66,0,13,14,0,108,15,1,5,0,26,49,0,0,21,15,3,1186,0,3,0,107,19,14,69,0,108,950,1,32,233,1,0,2,22
1,2,0,0,0,121,0,1,54,0,0,0,0,34,0,924,0,0,175,410,0,0,0,31,150,0,0,0,30,0,1,0,0,0,20,3,21,23,0,0,11,49,157,59,0,0,0,5
0,0,0,1,0,0,11,11,0,2,0,8,5,0,4,0,0,28,0,0,0,5,8,0,0,19,10,2,0,7,0,2,0,4,0,0,0,0,1,0,0,0,0,0,2063,5,4,1
2,2,2,4,28,3,126,4,2,2,0,116,1,0,8,1,1,0,0,0,1,0,44,0,3,806,0,1,0,5,1,0,0,0,3,0,0,1,3,6,1,0,4,5,1,2,2,1
1,0,5,2,2,0,0,33,2,0,2,3,0,0,14,0,0,155,0,0,24,2673,0,0,0,6,30,8,0,121,1,5169,1,0,1,0,0,1,0,1,0,0,0,0,16,0,1897,12
9,2,14,483,11,8,90,32,59,1,1,221,7,15,33,6,9,1,23,17,3,29,89,2,22,109,0,7,16,16,2,6,2,1,10,10,10,12,4,5,3,36,11,1,20,4,259,329
81,67,8,44,10,523,0,38,171,0,0,0,0,171,1,375,12,0,793,232,0,0,0,15,214,0,0,0,47,0,36,0,2,0,511,71,9,328,0,13,470,232,375,121,1,0,0,71
42,39,70,306,27,861,7,351,252,7,4,0,1,214,3,394,19,1,909,341,8,3,1,37,343,0,4,23,52,4,78,1,71,4,1264,60,21,635,1,14,295,259,695,217,1,0,1,305
7,4,1,12,9,572,0,0,1887,0,0,1,0,3,0,1105,0,0,60,888,0,2,0,0,49,0,0,3,0,0,2,0,1,0,120,3,1,8,0,9,21,1596,130,428,0,0,0,28
1,0,0,6,0,3,21,0,0,18,0,680,110,0,0,0,0,0,0,0,0,0,273,0,0,0,0,1,0,4,0,0,0,36,6,0,0,0,12,3,0,0,1,0,2,3,0,1
1,0,1,0,3,1,934,16,0,133,0,246,8,0,3,0,2,0,0,0,0,12,1127,0,0,1395,0,0,0,33,0,8,1,2,0,0,0,1,20,3,0,0,6,0,36,7,15,4
0,0,27,24,7,0,9,1151,3,6,1185,31,13,0,1254,0,0,3128,0,0,293,42,121,0,1,18,3900,10,0,2521,0,120,29,18,0,0,0,0,13,8,0,5,2,0,122,18,36,15
9,104,53,66,2164,9,0,6,13,4,0,0,0,2,10,53,755,2,5,154,24,0,0,94,15,0,7,125,45,0,23,0,22,0,28,682,139,221,0,176,8,4,230,394,1,0,3,16
2,0,1774,201,31,6,1,6,6,4,3,0,0,0,463,7,8,5,1,7,143,15,0,1,50,0,10,17,0,2,1,0,476,0,11,11,0,10,0,46,5,1,57,1,8,0,5,416
5,4,1015,1424,67,8,1,6,22,1,41,0,3,3,347,11,14,24,14,13,493,18,0,1,31,0,18,43,3,5,6,0,2608,9,136,16,7,29,0,47,23,5,93,8,31,0,3,681
2,0,161,247,13,4,0,0,7,0,9,0,0,0,117,1,2,0,1,5,37,10,0,0,1,0,12,7,0,0,0,0,456,0,5,0,0,3,0,7,1,6,0,1,1,0,1,217
3,475,3,0,39,1,0,5,0,0,0,0,0,30,0,2,521,0,30,4,0,0,0,94,10,0,0,15,77,0,3,0,0,0,13,523,57,184,0,2,18,0,7,19,0,0,0,1
0,19,0,0,3,0,0,0,0,0,0,0,0,0,0,3,256,0,1,58,0,0,0,47,0,0,0,0,6,0,9,0,0,0,0,90,17,14,0,1,2,0,0,158,0,0,0,0
0,3,0,0,6,8,218,77,1,3,0,221,7,5,0,0,2,3,3,0,0,1,55,1,9,1193,0,1,4,3,1,2,0,1,0,3,2,1,4,0,1,0,7,0,23,1,141,1
666,42,28,7,18,185,0,0,6,376,4,0,0,63,10,18,21,3,32,64,7,0,0,80,24,1,2,23,80,3,1483,0,6,0,32,28,62,50,0,1250,785,7,32,732,1,0,0,19
0,0,0,0,0,0,14,2,0,1118,0,24,219,0,0,0,0,0,0,0,0,0,35,0,0,0,0,0,0,7,0,0,0,1637,0,0,0,0,2177,0,0,0,0,0,65,2172,0,0
0,0,0,0,0,0,4,0,0,41,0,56,1957,0,0,0,0,0,0,0,0,0,19,0,0,0,0,0,0,0,0,0,0,93,0,0,0,0,59,0,0,0,0,0,5,3,0,0
1,3,0,3,3,5,1757,149,0,5,0,474,25,2,1,0,0,0,0,1,1,9,773,1,1,62,0,0,0,39,0,3,0,27,5,0,0,0,79,1,0,0,7,0,37,34,30,1
0,0,0,0,0,0,34,47,0,3,3,14,0,0,15,0,0,91,0,0,2,2,16,0,0,4,33,0,0,6,0,1,0,11,0,0,0,0,22,0,0,0,0,0,385,48,4,0
10,28,3,3,7,27,0,9,0,1,0,0,0,13,0,9,53,0,46,2,0,0,0,11,18,0,0,7,4,0,8,0,0,0,40,26,10,101,0,1,13,0,50,30,0,0,0,2
27,34,39,33,59,542,0,5,120,2,0,0,0,9,0,34,59,0,246,10,0,0,0,1,17,0,0,70,4,1,13,0,6,0,563,59,4,165,0,29,62,134,58,22,0,0,0,26
3,1,90,17,28,5,5,22,3,0,23,7,0,0,92,0,5,69,1,0,320,0,1,1,5,9,12,271,2,4,0,0,8,13,32,1,0,7,2,257,3,0,2,2,597,2,4,17
1,21,23,12,527,9,0,0,0,8,0,0,0,0,17,5,80,0,2,10,17,0,0,19,2,0,0,1675,1,1,48,0,2,0,13,23,17,93,0,84,1,1,127,68,1,0,0,15
85,3,3,6,4,32,0,0,651,0,0,21,0,1,19,27,0,0,27,10,1,0,0,0,5,0,1,0,0,0,11,0,1,0,36,9,0,2,0,228,22,362,23,21,0,0,0,5
0,0,0,3,1,0,6,2,0,291,1,42,103,0,4,0,0,0,0,0,12,1,26,0,0,3,2,11,0,6,0,1,0,1391,173,0,0,0,619,0,0,0,0,0,51,1017,0,1
0,0,1,0,0,0,1,0,0,7,0,29,73,0,4,0,0,0,0,0,0,0,0,0,0,0,1,0,0,1,0,1,1,21,5,0,0,0,3,0,0,0,0,0,1,1,0,0
