0.62868,0.27157,0.48367,0.39921,0.62027,0.27436,0.4208,0.31118,0.57014,0.53356,0.68259,0.24246,0.71742,0.4353,0.31249,0.33863,0.21459,0.7475,0.24765,0.34881,0.51504,0.92425,0.38751,0.26403,0.27584,0.36447,0.85655,0.59709,0.31581,0.68933,0.4301,0.96335,0.64201,0.49356,0.35254,0.21754,0.25828,0.18126,0.70843,0.51975,0.29938,0.57977,0.27351,0.24711,0.53792,0.65013,0.75339,0.23095
0.47792
24,809,0,0,1,0,0,1,0,0,0,0,0,63,0,0,73,0,4,5,0,0,0,762,13,0,0,0,219,0,136,0,0,0,0,120,741,30,0,0,40,0,2,21,0,0,0,0
4,10,1,0,1,8,0,1,3,0,0,0,0,1386,0,89,3,0,351,36,0,0,0,96,710,0,0,0,901,0,4,0,1,0,4,29,147,91,0,0,34,10,69,0,0,0,1,7
9,220,10,6,10,6,10,78,1,1,2,2,2,171,0,2,64,12,73,25,10,7,4,268,88,3,1,3,291,34,21,3,3,0,75,162,263,390,1,0,49,1,45,95,9,3,6,16
12,697,1,0,54,0,0,0,0,0,0,0,0,1,0,0,708,0,2,6,0,0,0,322,0,0,0,172,39,0,190,0,0,0,1,315,278,10,0,5,13,0,3,109,0,0,0,0
4,38,0,0,1,0,0,0,0,0,0,0,0,66,0,1,20,0,5,3,0,0,0,84,20,0,0,0,170,0,3,0,0,0,0,105,168,33,0,0,7,0,0,0,0,0,0,1
32,181,97,70,82,20,1,458,2,1,0,1,0,82,0,8,317,2,89,24,4,2,0,57,101,0,0,54,61,3,42,1,8,1,126,376,133,602,0,14,79,1,118,105,2,0,6,23
4,23,0,0,0,2,0,0,0,0,0,0,0,99,0,34,5,0,4,143,0,0,0,767,51,0,0,0,421,0,14,0,0,0,0,7,675,75,0,0,12,0,14,40,0,0,0,0
1,6,0,0,5,8,46,22,1,0,0,31,1,1,3,1,4,0,0,0,2,3,2,1,13,114,0,2,0,0,0,0,1,1,0,3,1,0,1,7,0,1,11,0,0,0,2,0
5,0,38,48,22,0,3,252,8,3,3043,24,5,0,1309,1,1,553,0,0,1832,23,22,0,5,4,491,31,0,219,3,21,56,10,10,0,0,1,2,50,0,8,1,1,58,8,14,39
0,0,0,0,0,0,16,0,0,13,0,359,187,0,0,0,0,0,0,0,0,0,174,0,0,0,0,0,0,1,0,0,0,39,0,0,0,0,31,0,0,0,0,0,0,2,0,0
1,9,0,12,4,6,577,59,2,1,0,175,3,2,8,2,0,1,2,0,1,12,101,0,8,47,1,2,1,4,0,4,0,2,5,1,0,0,13,6,0,0,7,0,22,3,37,5
1,2,45,36,29,9,283,409,7,1,50,26,0,2,66,6,1,75,4,1,179,5,10,0,116,30,9,158,3,15,0,12,21,7,40,1,1,17,6,9,0,1,12,0,217,11,5,21
24,2,31,368,27,29,0,0,16,1,76,6,0,2,329,5,0,1,8,4,128,0,1,0,1,1,2,24,0,17,2,0,163,0,152,0,0,4,0,9,36,7,3,1,9,0,1,298
213,99,3,4,1,38,0,17,9,0,0,0,0,677,0,123,15,0,600,67,0,0,0,76,423,0,0,0,362,0,109,0,1,0,52,131,66,306,0,2,212,10,157,47,0,0,0,30
0,19,2,2,176,0,0,3,0,0,0,0,0,0,0,0,458,0,1,2,0,2,0,9,1,0,0,21,1,0,3,0,0,0,0,223,5,7,0,1,0,0,3,6,0,0,4,0
0,0,97,101,5,2,0,7,3,0,3,0,0,5,10,0,3,2,5,1,8,1,0,0,8,0,0,5,0,0,3,1,107,0,26,1,0,9,0,1,3,2,16,5,0,0,1,276
1,0,8,6,8,1,6,404,1,0,4,4,0,0,45,0,1,38,0,0,9,13,3,0,0,9,7,10,0,572,1,10,4,1,1,1,0,2,3,2,0,1,3,0,46,3,16,19
2179,11,11,8,4,63,0,24,1,35,0,1,0,66,0,13,14,0,105,15,1,5,0,26,47,0,0,20,15,3,1184,0,4,0,106,18,16,72,0,109,958,0,32,237,1,0,2,22
1,2,0,0,0,119,0,1,55,0,0,0,0,35,0,924,0,0,176,411,0,0,0,30,150,0,0,0,29,0,1,0,0,0,21,3,21,23,0,0,11,47,159,58,0,0,0,5
0,0,0,1,0,0,11,13,0,1,0,8,5,0,4,0,0,25,0,0,0,5,8,0,0,20,10,2,0,7,0,2,0,5,0,0,0,0,1,0,0,0,0,0,2064,5,3,1
2,2,2,3,29,4,130,4,2,3,1,110,1,0,8,1,0,0,0,0,1,1,46,0,2,804,0,1,0,5,0,0,0,0,2,0,0,1,3,5,1,0,6,5,2,2,2,1
1,0,4,2,2,0,0,33,2,0,2,3,0,0,14,0,0,157,0,0,23,2672,0,0,0,5,30,8,0,121,0,5178,1,0,1,0,0,1,0,1,0,0,0,0,16,0,1888,15
10,1,13,481,13,8,90,30,59,1,1,220,7,13,32,6,10,0,26,15,3,27,90,3,23,111,0,8,14,15,3,7,3,1,10,10,10,12,4,5,4,36,11,1,17,4,265,327
80,64,8,46,10,522,0,41,173,0,0,0,0,170,1,378,12,0,792,228,0,0,0,15,221,0,0,0,49,0,38,0,2,0,504,72,6,331,0,14,472,234,367,121,1,0,0,70
43,39,71,305,28,856,7,348,256,7,5,0,1,206,3,398,19,1,894,342,8,2,1,34,339,0,3,22,53,6,80,0,74,4,1279,57,22,644,1,16,295,260,701,212,1,0,0,302
8,4,1,13,9,572,0,0,1894,0,0,1,0,3,0,1108,0,0,56,894,0,2,0,0,49,0,0,3,0,0,2,0,1,0,119,2,1,8,0,9,20,1588,130,425,0,0,0,28
1,0,0,5,0,3,18,0,0,17,0,683,111,0,0,0,0,0,0,0,0,0,276,0,0,0,0,0,0,4,0,0,0,35,7,0,0,0,12,3,0,0,0,0,2,3,0,1
1,0,1,0,4,2,932,17,0,136,0,249,8,0,3,0,2,0,0,0,0,13,1123,0,0,1397,0,0,0,31,0,9,1,2,0,1,0,0,20,3,0,0,4,0,31,7,16,5
0,0,26,25,8,0,8,1152,3,6,1185,31,16,1,1246,0,0,3135,0,0,283,46,118,0,1,19,3899,11,0,2525,0,121,28,16,0,0,0,0,10,8,0,5,2,0,125,19,36,16
9,105,51,66,2179,9,0,7,14,4,0,0,0,2,10,49,750,1,5,156,23,0,0,98,16,0,7,123,46,0,22,0,21,0,26,677,146,221,0,173,8,3,227,392,0,0,2,18
2,0,1762,197,30,6,1,6,6,4,3,0,0,0,476,7,8,4,3,7,149,11,0,1,48,0,10,17,0,2,1,0,477,0,11,11,0,9,0,47,7,1,59,2,8,0,5,413
4,4,1011,1416,69,7,2,5,20,1,44,0,3,3,345,11,14,26,15,14,492,17,0,2,28,0,18,41,3,4,8,0,2613,9,139,18,6,29,0,47,26,5,92,7,34,0,3,682
2,0,158,242,13,4,0,0,8,0,8,0,0,0,118,1,2,0,1,5,35,12,0,0,1,0,12,8,0,0,0,0,458,0,5,0,0,3,0,6,1,6,0,1,1,0,1,222
3,475,3,0,40,0,0,4,0,0,0,0,0,31,0,2,521,0,30,4,0,0,0,94,10,0,0,14,77,0,4,0,0,0,13,523,55,187,0,2,17,0,7,19,0,0,0,1
0,19,0,0,3,0,0,0,0,0,0,0,0,0,0,3,255,0,1,57,0,0,0,48,0,0,0,0,6,0,9,0,0,0,0,91,17,14,0,1,2,0,0,158,0,0,0,0
0,4,0,0,5,6,224,76,1,2,0,218,7,5,0,0,2,3,3,0,0,0,55,0,8,1186,0,1,3,3,1,2,0,1,0,4,3,1,4,0,0,0,6,0,28,1,147,2
665,44,24,7,18,185,0,1,5,380,4,0,0,66,10,20,23,3,32,68,5,0,0,79,24,1,1,22,78,3,1483,0,6,0,30,30,59,50,0,1250,788,7,33,726,1,0,0,19
0,0,0,0,0,0,14,2,0,1113,0,23,214,0,0,0,0,0,0,0,0,0,37,0,0,0,0,0,0,5,0,0,0,1648,0,0,0,0,2177,0,0,0,0,0,61,2176,0,0
0,0,0,0,0,0,4,0,0,41,0,58,1960,0,0,0,0,0,0,0,0,0,18,0,0,0,0,0,0,0,0,0,0,90,0,0,0,0,58,0,0,0,0,0,5,3,0,0
1,2,0,3,3,5,1764,145,0,4,0,472,25,2,0,0,0,1,0,1,1,8,765,1,1,67,0,0,0,44,0,2,0,27,3,0,0,0,81,1,1,0,7,0,35,33,34,0
0,0,0,0,0,0,33,46,0,3,3,14,0,0,15,0,0,92,0,0,2,1,15,0,0,4,34,0,0,6,0,1,0,11,0,0,0,0,22,0,0,0,0,0,387,47,5,0
10,28,3,4,8,28,0,9,0,1,0,0,0,12,0,10,52,0,46,2,0,0,0,11,18,0,0,7,4,1,8,0,0,0,39,26,10,101,0,1,13,0,49,29,0,0,0,2
26,33,39,33,60,543,0,5,122,2,0,0,0,10,0,34,58,0,247,10,0,0,0,1,17,0,0,70,4,1,12,0,6,0,560,60,4,166,0,28,62,136,56,22,0,0,0,26
3,1,93,17,29,6,6,21,3,0,23,5,0,0,93,0,5,62,1,0,328,0,1,1,6,8,13,264,2,4,0,0,6,12,32,1,0,6,2,258,4,0,2,1,600,2,4,18
1,22,24,12,518,9,0,0,0,8,0,0,0,0,14,7,75,0,3,7,17,0,0,19,2,0,0,1682,1,1,51,0,2,0,13,23,15,97,0,82,2,1,128,71,1,0,0,15
79,4,3,5,5,34,0,0,645,0,0,21,0,2,19,27,0,0,26,10,1,0,1,0,5,0,1,0,0,0,10,0,1,0,38,10,0,0,0,230,23,368,21,21,0,0,0,6
0,0,1,3,0,0,6,1,0,289,1,42,103,0,4,0,0,0,0,0,12,1,27,0,0,3,2,11,0,6,0,1,0,1396,173,0,0,0,618,0,0,0,0,0,52,1014,0,1
0,0,1,0,0,0,0,0,0,7,0,30,73,0,4,1,0,0,0,0,0,0,0,0,0,0,1,0,0,1,0,0,1,21,5,0,0,0,3,0,0,0,0,0,1,1,0,0
