0.62497,0.25008,0.47241,0.42653,0.63523,0.29295,0.43518,0.18389,0.56916,0.53152,0.67713,0.2271,0.66336,0.46615,0.30978,0.32729,0.21434,0.74791,0.25477,0.33969,0.47445,0.92018,0.41776,0.24115,0.24011,0.36601,0.82145,0.59944,0.3043,0.70257,0.42313,0.9528,0.64259,0.4936,0.35103,0.23698,0.25247,0.19671,0.69977,0.54884,0.2923,0.59488,0.25835,0.23333,0.52823,0.65423,0.6625,0.20394
0.47615
22,766,0,0,0,0,0,1,0,1,0,0,0,62,0,0,74,0,3,5,0,0,0,672,11,0,0,0,226,0,271,0,0,0,0,92,768,15,0,0,51,0,1,23,0,0,0,0
3,27,2,0,1,8,0,2,3,0,0,0,0,1508,0,91,3,0,336,31,0,0,0,106,619,0,0,0,912,0,7,0,1,0,6,20,157,56,0,0,43,10,42,0,0,0,0,3
5,224,16,11,11,8,6,88,2,2,4,1,1,174,1,3,70,8,73,30,5,6,3,342,80,3,0,5,297,41,22,6,1,5,60,115,299,312,1,0,50,1,25,106,9,1,3,19
8,654,1,0,32,0,0,0,0,0,0,0,0,0,0,0,773,0,1,9,0,0,0,359,0,0,0,70,38,0,274,0,0,0,0,254,307,6,0,9,13,0,3,127,0,0,0,0
3,42,0,0,1,0,0,0,0,0,0,0,0,52,0,1,18,0,3,3,0,0,0,104,23,0,0,0,166,0,5,0,0,0,0,85,192,23,0,0,8,0,0,0,0,0,0,0
32,176,100,72,75,27,1,494,1,2,1,0,0,81,0,6,337,1,91,38,9,2,0,97,80,0,1,50,64,4,42,0,6,2,130,325,141,538,0,8,71,3,133,120,3,0,10,12
3,36,0,0,0,5,0,0,0,0,0,0,0,101,0,38,3,0,6,141,0,0,0,756,52,0,0,0,452,0,22,0,0,0,0,5,686,29,0,0,15,0,10,30,0,0,0,0
1,1,0,0,3,8,48,28,0,0,0,31,3,0,6,1,6,0,1,0,1,4,1,3,4,111,0,1,0,0,1,0,1,1,0,4,2,5,1,6,0,1,10,0,0,0,1,0
5,0,47,23,21,0,10,133,10,3,3148,33,8,0,1311,0,2,696,0,0,1495,29,9,0,6,15,678,44,0,228,0,32,51,12,4,1,0,1,2,52,1,7,2,1,60,6,15,23
0,0,0,0,0,0,12,1,0,10,0,313,257,0,0,0,0,0,0,0,0,0,166,0,0,0,0,0,0,1,0,0,0,24,0,0,0,0,35,0,0,0,0,0,1,2,0,0
1,14,0,6,3,5,477,119,1,2,0,203,5,1,9,0,0,0,1,0,0,23,85,0,7,55,0,2,1,7,0,2,0,2,5,4,0,2,13,13,1,0,13,0,19,7,33,5
1,0,39,27,30,8,271,429,7,0,74,32,0,3,106,9,2,90,4,2,60,3,10,0,103,27,11,214,4,14,0,20,12,3,37,2,2,22,7,6,0,3,19,0,212,11,7,16
43,2,32,109,19,24,0,0,16,6,113,25,0,1,474,8,3,1,14,3,32,0,2,0,1,1,5,35,0,20,2,0,253,3,128,1,0,4,0,19,20,11,6,1,15,1,0,335
219,128,3,2,3,50,0,10,4,0,0,0,0,699,0,142,17,0,584,62,0,0,0,118,421,0,0,0,400,0,93,0,1,0,56,105,77,260,0,2,232,8,101,36,0,0,0,17
0,20,2,2,130,0,0,4,0,0,0,0,0,0,0,0,484,0,0,2,0,2,0,9,1,0,0,20,1,0,9,0,0,0,0,236,9,3,0,1,0,0,3,8,0,0,3,0
0,0,109,105,3,4,0,7,2,0,2,0,0,3,8,0,2,2,7,1,15,2,0,1,7,0,0,7,0,0,3,1,83,0,23,2,0,10,0,1,2,2,9,3,1,0,0,290
2,0,7,4,10,0,6,415,2,0,5,4,1,0,41,0,1,42,0,0,7,10,4,0,0,9,11,19,0,543,1,18,2,0,1,1,0,2,5,2,0,1,7,0,44,1,13,22
2283,12,14,8,9,73,0,24,2,55,0,1,0,56,0,14,13,0,126,16,0,7,0,24,46,0,0,20,19,2,1076,0,6,0,118,24,13,66,0,111,926,0,24,229,1,0,0,10
1,2,0,0,0,117,0,0,60,0,0,0,0,40,0,905,0,0,193,370,0,0,0,27,185,0,0,0,37,0,1,0,0,0,20,3,19,18,0,0,13,42,185,39,0,0,0,5
0,0,0,0,0,0,10,14,0,0,0,10,9,0,3,0,0,38,0,0,0,3,9,0,0,18,10,1,0,5,0,2,0,6,0,0,0,0,3,0,0,0,0,0,2049,5,5,1
1,3,2,1,22,8,128,9,2,3,0,108,1,0,5,0,1,0,0,0,0,0,53,0,1,803,1,1,0,2,0,0,0,0,2,0,0,3,6,8,2,0,5,3,1,2,4,1
0,0,5,2,2,0,0,30,2,0,1,3,0,0,12,0,0,136,0,0,10,2790,0,0,0,4,27,10,0,109,0,5572,0,0,1,0,0,1,0,1,0,0,0,0,15,0,1431,16
11,0,21,464,9,5,64,33,74,1,1,229,5,14,25,5,10,0,25,13,0,19,72,2,21,84,0,5,16,10,3,4,3,0,11,18,13,18,7,8,5,37,8,2,19,2,333,331
90,75,5,53,25,518,0,32,164,0,0,0,0,158,0,384,10,0,825,210,0,0,0,22,260,0,0,0,53,0,30,0,1,0,507,70,4,352,0,4,474,211,355,107,1,0,0,42
45,36,53,335,47,897,4,318,258,7,8,2,1,177,3,449,20,3,962,310,12,4,0,35,394,0,8,34,70,7,61,1,78,8,1223,73,19,646,0,13,309,236,619,197,1,1,1,260
9,6,0,14,7,551,0,0,1938,0,0,0,0,2,1,1083,1,0,78,855,0,2,0,0,75,0,0,4,0,0,2,0,1,0,97,3,0,5,0,3,21,1602,164,396,0,0,0,30
1,0,0,0,0,1,14,0,0,11,0,652,155,0,2,0,0,0,0,0,0,0,279,0,0,0,0,0,0,4,0,0,0,28,7,0,0,0,14,5,0,0,2,0,1,4,0,1
1,1,1,1,4,0,912,16,0,125,0,262,9,0,4,0,1,0,0,0,0,13,1143,1,0,1374,0,2,1,25,0,6,1,1,0,0,0,0,26,3,1,0,7,0,39,11,16,11
0,0,27,12,7,0,17,596,2,7,1149,42,16,1,1113,0,0,3664,0,0,177,47,65,0,0,25,4113,12,0,2622,0,174,26,11,0,0,0,0,13,8,0,5,3,0,127,19,19,11
12,115,61,46,2182,13,0,5,27,2,1,0,0,1,13,54,789,2,2,189,17,0,0,122,25,0,10,126,49,1,27,0,33,0,40,687,130,146,0,101,8,4,200,405,2,0,6,13
3,0,1721,223,27,11,0,7,6,4,4,1,0,0,430,2,6,3,3,9,213,14,0,1,35,0,20,14,0,1,1,0,450,0,13,11,0,22,0,57,6,0,73,0,14,0,6,400
6,2,1020,1286,69,4,2,7,16,1,92,2,3,9,351,11,19,16,15,13,713,21,0,3,24,0,27,43,3,4,4,1,2562,7,145,21,5,31,0,38,17,8,100,8,43,1,5,559
1,0,155,134,14,4,0,0,9,0,9,0,0,0,122,1,3,0,0,6,184,12,0,0,1,0,11,5,0,0,0,0,390,0,8,0,0,2,0,14,2,7,0,0,2,0,2,236
4,525,3,0,42,1,0,2,0,0,0,0,0,21,0,1,534,0,29,2,0,0,0,149,8,0,0,8,74,0,6,0,0,0,11,437,80,160,0,2,14,0,4,18,0,0,0,1
0,24,0,0,4,0,0,0,0,0,0,0,0,1,0,6,255,0,1,61,0,0,0,46,0,0,0,2,6,0,9,0,0,0,0,85,19,12,0,1,2,0,0,150,0,0,0,0
0,6,0,1,5,5,149,115,0,3,0,228,6,3,0,0,5,2,6,0,0,0,63,0,10,1144,0,1,5,5,0,3,0,1,0,4,0,8,7,0,1,0,4,0,23,1,194,4
674,47,25,4,28,200,0,0,8,367,8,0,0,51,10,24,22,4,35,80,8,1,0,76,26,2,2,16,91,8,1489,0,5,0,28,32,71,48,0,1281,766,6,26,665,2,0,0,14
0,0,0,0,0,0,25,2,0,1054,0,17,291,0,0,0,0,0,0,0,0,0,43,0,0,0,0,0,0,4,0,0,0,1620,0,0,0,0,2107,0,0,0,0,0,63,2244,0,0
0,0,0,0,0,0,1,0,0,35,0,33,2008,0,0,0,0,0,0,0,0,0,17,0,0,0,0,0,0,1,0,0,0,63,0,0,0,0,72,0,0,0,0,0,3,4,0,0
0,4,0,1,1,4,1702,209,0,9,0,540,35,2,1,1,0,0,3,1,0,14,667,1,1,65,0,0,0,47,0,2,0,18,4,3,0,0,86,1,0,0,9,0,36,31,39,2
0,0,0,0,0,0,29,50,0,3,1,17,2,0,14,0,0,104,0,0,1,2,14,0,0,7,36,1,0,5,0,2,0,13,0,0,0,0,18,0,0,0,0,0,370,46,6,0
9,31,3,4,8,28,0,11,1,0,0,0,0,10,0,10,50,0,43,10,0,0,0,19,19,0,0,4,4,1,9,0,0,0,38,32,11,94,0,2,8,0,38,33,0,0,0,2
31,58,35,33,55,430,0,4,140,2,0,0,0,4,0,32,57,0,271,14,0,0,0,3,22,0,0,91,6,1,7,0,11,0,509,91,3,269,0,24,55,113,43,21,0,0,0,18
4,1,103,18,32,6,9,24,2,1,28,5,0,0,124,0,7,85,1,0,178,0,1,1,3,6,32,256,1,3,2,1,6,12,33,3,0,7,3,275,2,0,4,2,645,1,7,9
2,19,26,10,490,14,0,1,1,8,0,0,0,0,9,3,83,0,1,21,14,0,0,36,3,0,0,1706,1,0,36,0,1,0,8,35,15,83,0,67,1,1,120,90,2,0,0,16
117,6,3,3,3,25,0,0,645,0,0,15,0,0,24,24,0,0,33,10,0,0,0,0,4,0,1,2,0,0,4,0,1,0,34,15,0,4,0,188,28,374,18,30,0,0,0,5
0,0,1,1,1,0,14,1,0,254,0,38,127,0,8,0,0,2,0,0,0,2,29,0,0,1,2,15,0,6,0,1,0,1425,171,0,0,1,581,0,0,0,1,0,55,1028,1,1
0,0,1,0,0,0,0,0,0,5,0,24,84,0,2,1,0,0,0,0,0,0,1,0,0,0,1,0,0,1,0,0,1,17,6,0,0,0,4,0,0,0,0,0,1,1,0,0
