0.63009,0.19034,0.40796,0.4521,0.52116,0.32841,0.47141,0.21016,0.43536,0.47143,0.52777,0.2071,0.61114,0.56014,0.38254,0.39113,0.2044,0.76271,0.24842,0.45577,0.38505,0.92298,0.38215,0.20754,0.25887,0.40019,0.75993,0.42117,0.20058,0.56336,0.43217,0.97109,0.5598,0.45692,0.3114,0.52972,0.25508,0.2449,0.62327,0.55446,0.25605,0.51902,0.19104,0.26976,0.49226,0.68454,0.51579,0.23772
0.45912
28,583,0,0,0,0,0,2,0,4,0,0,0,49,0,0,143,0,5,0,0,0,0,476,3,0,0,0,206,0,467,0,0,0,0,2,1016,6,0,0,40,0,0,21,0,0,13,0
1,13,0,1,0,23,0,1,10,0,0,0,0,1942,0,121,1,0,391,18,0,0,0,37,210,0,0,0,519,0,11,0,0,0,1,0,374,61,0,1,232,10,16,0,0,0,1,2
10,314,4,5,16,29,5,70,5,1,4,2,0,156,2,4,88,4,88,9,8,6,1,276,71,3,1,4,320,25,34,8,0,0,42,15,403,266,2,2,56,1,27,130,8,2,12,16
15,674,2,0,30,0,0,0,0,0,0,0,0,1,0,0,660,0,3,0,0,0,0,804,0,0,0,63,45,0,278,0,0,0,0,55,238,3,0,6,4,0,0,36,0,0,21,0
4,53,0,0,0,0,0,1,0,0,0,0,0,55,0,1,32,0,23,0,0,0,0,67,8,0,0,0,72,0,5,0,0,0,0,4,381,6,0,0,13,0,0,0,0,0,4,0
34,254,59,34,76,47,0,369,2,7,0,0,0,56,1,3,247,1,116,23,16,0,0,227,106,0,0,106,110,3,43,0,5,2,101,167,113,574,0,15,99,6,158,144,2,0,49,11
2,109,0,0,0,19,0,0,0,0,0,0,0,112,0,20,9,0,8,68,0,0,0,487,6,0,0,0,620,0,26,0,0,0,0,1,742,11,0,0,53,0,1,94,0,0,2,0
0,6,0,0,1,7,39,4,0,1,0,36,0,0,3,1,4,0,2,0,1,1,1,7,17,118,0,3,0,0,0,2,0,1,0,1,1,10,1,4,0,6,9,4,1,0,3,0
6,0,30,19,15,1,6,72,8,11,3098,7,12,0,1459,1,0,540,0,6,1216,37,13,0,13,8,1017,72,0,194,0,14,73,16,34,2,0,1,11,48,1,10,1,1,55,6,7,83
0,0,0,0,0,0,20,0,0,11,0,179,244,0,0,0,0,0,0,0,0,0,294,0,0,0,0,0,0,3,0,0,0,29,0,0,0,0,37,0,0,0,0,0,1,4,0,0
2,5,0,8,2,9,520,33,1,2,0,276,7,1,4,1,0,2,2,0,1,9,88,1,25,40,2,0,1,7,0,7,0,3,2,0,0,14,24,1,2,7,6,0,13,5,13,0
2,2,38,21,18,3,393,77,3,2,53,42,0,7,68,6,2,90,7,5,47,6,4,2,171,34,61,183,4,11,0,7,29,10,86,8,0,41,5,5,4,8,11,0,344,8,6,25
82,2,22,64,18,22,0,0,16,14,87,8,3,1,157,11,0,1,7,19,27,1,2,0,2,0,17,40,0,10,2,0,484,6,295,6,0,6,0,20,26,10,2,3,6,0,2,287
182,103,2,4,5,256,0,2,15,0,0,0,0,645,0,131,22,0,711,37,0,0,0,122,284,0,0,0,288,0,74,0,1,0,19,3,209,257,0,2,339,10,45,78,0,0,2,2
0,48,1,2,49,0,0,3,0,0,0,0,0,0,0,0,419,0,2,0,0,0,0,62,1,0,0,108,3,0,7,1,0,0,0,214,9,0,0,0,0,0,3,6,0,0,10,1
0,1,119,96,21,5,0,16,1,1,2,0,0,1,16,1,3,1,6,1,20,0,0,2,7,0,0,3,1,0,1,1,34,0,26,2,1,15,0,2,8,6,29,0,1,0,1,266
1,0,3,4,0,0,5,418,1,0,2,3,0,0,41,1,5,53,1,1,11,11,2,0,2,7,15,7,0,569,0,9,2,1,3,5,0,0,8,2,0,0,2,0,35,3,9,21
2337,10,13,6,11,229,0,15,5,132,2,1,0,61,0,11,21,0,148,9,1,4,0,16,39,0,0,9,29,1,845,0,2,0,75,12,18,67,0,116,751,4,12,403,1,0,5,7
3,3,0,1,1,138,0,0,101,0,0,0,0,81,0,752,0,0,349,247,0,0,0,29,61,0,0,0,116,0,0,0,0,0,9,0,23,14,0,1,81,44,160,67,0,0,0,1
0,0,0,0,0,0,16,5,0,1,2,8,7,0,1,0,0,24,0,0,0,2,7,0,1,14,9,1,0,7,0,6,0,4,0,0,0,0,167,0,0,0,0,0,1907,7,4,1
1,2,2,1,7,5,59,15,1,6,1,228,1,0,6,0,3,0,0,0,1,0,53,0,6,631,0,2,0,5,0,0,0,1,2,20,0,3,2,2,2,1,104,8,3,1,7,0
1,0,4,4,0,0,0,42,2,0,6,1,0,0,8,0,2,251,0,0,13,2924,0,0,3,1,27,7,0,111,0,5710,0,0,1,1,0,1,2,0,0,0,0,0,11,0,1029,18
18,4,9,464,5,3,117,39,136,0,0,115,10,16,14,8,6,1,19,39,1,31,95,2,43,99,0,2,9,11,0,4,5,2,24,14,8,15,8,9,10,25,3,2,32,2,241,340
94,60,9,16,22,737,0,6,297,1,0,0,0,86,0,512,7,0,985,207,1,0,0,55,228,0,0,5,97,0,19,0,0,0,255,8,15,403,0,8,279,235,223,169,1,0,0,2
47,39,82,157,41,1244,1,177,214,21,4,1,0,92,6,492,6,2,1141,381,21,3,0,39,569,0,4,25,140,6,40,0,21,2,795,16,11,841,2,49,300,352,418,317,0,1,9,116
4,2,6,8,5,295,0,0,1236,1,0,0,0,1,0,1703,0,0,79,1252,0,2,0,0,22,0,0,2,3,0,2,0,0,0,38,0,0,9,0,19,16,1392,362,483,0,0,0,8
0,0,0,0,0,5,20,2,0,25,0,479,156,0,0,0,0,0,0,0,0,0,440,0,0,1,0,0,0,3,0,0,0,31,2,0,0,0,10,0,0,0,0,0,2,3,0,2
1,1,0,3,3,2,577,65,0,67,0,589,6,0,2,0,2,4,0,0,1,2,1096,0,6,1257,2,1,0,24,0,4,0,3,0,145,0,1,25,0,0,2,25,1,51,12,35,3
0,0,22,14,2,0,19,390,1,13,2469,18,29,0,1115,0,0,3571,1,4,124,66,77,0,4,13,4362,20,0,1387,0,95,34,36,4,0,0,0,13,7,0,3,3,0,146,14,6,48
13,246,43,36,1453,9,0,3,8,5,0,0,0,3,11,30,601,1,7,162,27,0,0,278,30,0,8,423,118,2,45,0,32,1,54,1506,93,87,0,61,27,5,23,163,4,0,35,13
2,5,1394,157,39,8,1,6,3,3,8,0,0,0,444,5,6,4,4,6,260,16,0,9,82,1,15,24,1,3,1,0,670,0,32,12,0,15,0,54,12,5,203,7,5,0,8,281
14,10,1180,1076,207,8,1,12,16,3,79,2,2,3,255,8,9,23,9,28,870,21,0,11,48,1,25,47,6,2,1,0,2214,9,196,17,6,35,2,29,33,6,197,7,32,1,10,566
1,0,211,66,78,5,0,0,6,0,7,0,0,0,122,3,0,0,0,19,261,13,0,0,1,0,10,4,0,0,0,0,314,0,10,1,0,1,0,12,4,7,0,0,1,0,1,176
4,634,1,0,55,5,0,3,0,0,0,0,0,25,0,3,368,0,42,1,1,0,0,437,6,0,0,31,71,0,14,0,0,0,5,77,191,105,0,4,23,0,3,9,0,0,18,0
0,150,0,0,74,0,0,0,0,0,0,0,0,1,0,1,72,0,1,3,0,0,0,264,0,0,0,2,20,0,18,0,0,0,0,20,14,4,0,1,10,0,0,29,0,0,0,0
1,5,0,55,4,5,238,27,0,1,0,255,7,5,0,2,4,3,4,0,0,1,51,8,13,842,0,0,4,3,0,2,0,1,0,3,0,13,26,1,1,5,4,0,42,1,374,1
726,76,31,9,25,232,0,4,5,318,7,0,0,52,3,29,32,3,54,73,11,0,0,31,13,1,1,11,224,0,1510,0,11,0,34,23,93,30,0,1288,387,12,4,867,2,0,8,10
0,0,0,0,0,0,31,1,0,990,0,6,468,0,0,0,0,0,0,0,0,0,37,0,0,0,0,0,0,4,0,0,0,1431,0,0,0,0,1618,0,0,0,0,0,50,2834,0,0
0,0,0,0,0,0,2,0,0,26,0,16,2029,0,0,0,0,0,0,0,0,0,25,0,0,2,0,0,0,3,0,0,0,32,0,0,0,0,95,0,0,0,0,0,3,4,0,0
0,2,0,6,0,8,1913,71,0,8,0,505,27,0,3,0,0,2,4,0,0,9,554,0,6,59,0,0,1,50,0,5,0,47,0,0,1,2,121,0,3,0,7,0,61,38,26,0
0,0,0,0,0,0,53,5,0,3,7,10,1,0,4,0,0,75,0,0,1,2,10,0,1,2,50,0,0,1,0,4,0,20,0,0,0,0,30,0,0,0,1,0,408,51,2,0
9,42,2,4,9,37,0,8,0,0,0,0,0,8,0,7,37,0,46,5,0,0,0,37,17,0,0,8,26,0,8,0,0,0,19,13,16,78,0,8,16,1,24,46,0,0,0,1
24,44,27,18,72,184,0,7,124,2,1,0,0,6,0,407,23,0,292,8,2,0,0,32,17,0,0,65,7,0,4,0,0,0,185,49,1,403,0,123,83,149,45,27,0,0,5,17
2,1,87,13,20,3,9,9,2,3,31,5,1,1,47,2,3,26,0,1,171,1,1,2,15,6,103,297,1,7,1,0,19,7,104,13,0,7,12,263,3,0,1,1,597,4,15,26
2,35,11,5,403,12,0,8,1,10,0,0,0,0,9,2,392,0,5,3,44,0,0,53,33,0,0,1154,28,1,37,0,2,0,9,408,2,27,0,138,5,0,27,40,0,0,2,15
36,3,2,2,0,193,0,1,619,0,0,26,0,0,8,75,0,0,31,111,0,0,0,1,6,0,2,1,1,0,1,0,1,0,9,0,4,2,0,21,10,360,28,51,0,0,0,11
0,0,1,1,1,0,12,0,0,399,0,13,216,0,4,0,0,0,0,0,0,0,14,0,2,1,8,10,0,7,0,1,0,1437,79,0,0,0,370,1,0,0,1,0,49,1139,0,1
0,0,0,0,0,0,1,0,0,8,0,13,94,0,1,0,0,0,0,1,0,0,3,0,0,0,1,0,0,2,0,0,2,13,3,0,0,0,5,0,0,0,0,0,0,0,0,3
