0.63774,0.21335,0.46295,0.41143,0.62492,0.33145,0.45611,0.16982,0.55514,0.50344,0.61886,0.22822,0.65812,0.4851,0.34705,0.33108,0.21731,0.76068,0.24209,0.35074,0.45161,0.91766,0.41709,0.2122,0.20573,0.36166,0.80443,0.60204,0.29361,0.68314,0.42435,0.95846,0.65115,0.48048,0.3241,0.34551,0.25078,0.19938,0.70975,0.53226,0.20592,0.5818,0.23736,0.22574,0.52442,0.6525,0.6627,0.19985
0.47135
26,593,0,0,0,0,0,1,0,1,0,0,0,62,0,0,62,0,4,2,0,0,0,692,6,0,0,0,229,0,436,0,0,0,0,51,807,15,0,0,53,0,1,23,0,0,0,0
2,18,1,0,0,12,0,2,1,0,0,0,0,1546,0,108,3,0,354,27,0,1,0,89,474,0,0,0,892,0,10,0,1,0,4,9,191,48,0,0,157,12,32,0,0,0,0,3
6,250,9,11,14,18,6,83,6,0,2,1,1,187,1,1,63,7,81,33,3,8,1,327,75,5,1,3,290,42,26,5,0,4,57,72,315,281,2,1,66,1,23,127,10,1,5,24
9,687,2,0,18,0,0,0,0,0,0,0,0,2,0,0,771,0,2,7,0,0,0,440,0,1,0,61,39,0,276,0,0,0,0,202,303,4,0,10,8,0,1,95,0,0,0,0
4,45,0,0,1,0,0,1,0,0,0,0,0,52,0,1,14,0,8,1,0,0,0,130,17,0,0,0,140,0,6,0,0,0,0,42,234,21,0,0,12,0,0,0,0,0,0,0
35,230,76,71,69,40,0,490,3,2,3,0,0,72,0,4,299,3,91,56,6,2,0,124,70,2,0,59,66,2,40,0,8,2,117,242,133,556,0,9,102,2,129,140,3,0,8,20
3,36,0,0,0,6,0,0,0,0,0,0,0,128,0,28,1,0,5,90,0,0,0,645,31,0,0,0,524,0,21,0,0,0,0,5,742,20,0,0,35,0,6,64,0,0,0,0
2,4,0,1,5,6,30,33,0,0,0,40,1,0,3,1,5,0,1,0,1,3,0,5,14,114,0,2,0,0,1,0,0,1,0,0,1,2,0,6,0,1,10,0,0,0,2,0
3,0,39,32,19,3,10,115,7,4,3085,6,11,0,1484,1,2,580,0,0,1428,32,13,0,9,14,777,43,0,223,0,21,47,13,10,1,0,1,6,59,1,10,2,1,60,5,19,28
0,0,0,0,0,0,16,0,0,10,0,301,258,0,0,0,0,0,0,0,0,0,173,0,0,0,0,0,0,1,0,0,0,24,0,0,0,0,35,0,0,0,0,0,1,3,0,0
1,11,0,6,3,7,468,131,2,3,0,225,4,3,6,0,1,0,1,0,0,26,78,1,5,60,1,1,1,7,1,5,1,3,3,0,0,1,14,7,2,1,10,0,18,6,18,4
1,1,38,30,28,4,255,429,5,0,79,42,0,3,92,7,2,80,6,4,57,3,7,1,106,24,10,206,3,16,0,21,15,6,48,3,2,28,7,8,1,1,19,1,226,13,4,17
130,2,25,108,20,29,1,0,20,9,117,5,0,1,374,7,1,1,11,8,32,0,1,0,1,1,7,44,0,23,1,0,250,3,195,0,0,5,0,31,18,11,7,0,16,0,3,270
191,129,3,3,2,146,0,12,6,0,0,0,0,627,0,139,20,0,646,61,0,0,0,122,364,0,0,1,386,0,77,0,2,0,39,64,86,276,0,3,303,9,68,49,0,0,0,16
0,40,1,2,93,0,0,3,0,0,0,0,0,0,0,0,486,0,1,2,0,1,0,18,3,0,0,20,1,0,7,0,0,0,0,246,10,2,0,0,0,0,2,8,0,0,2,1
0,0,115,99,6,2,0,9,3,0,1,0,0,2,8,0,3,2,7,1,16,1,0,0,6,0,0,5,1,0,2,0,64,0,22,1,0,13,0,1,2,1,21,3,2,0,0,298
2,0,3,4,7,1,5,419,2,0,3,5,0,0,43,0,1,49,0,0,6,11,3,0,1,12,11,14,0,546,1,16,3,1,1,0,0,0,6,2,0,1,4,0,41,1,15,23
2572,9,11,9,10,214,0,21,1,77,2,1,0,61,0,14,15,0,133,21,1,3,0,21,29,0,0,15,20,1,972,0,5,0,111,24,10,73,0,121,598,2,17,217,1,0,1,15
3,4,0,2,0,100,0,0,53,0,0,0,0,52,0,878,0,0,215,344,0,0,0,22,178,0,0,0,57,0,1,0,0,0,18,2,21,17,0,0,22,48,175,65,0,0,0,5
0,0,0,0,0,0,15,12,0,0,1,8,7,0,2,0,0,35,0,0,0,4,6,0,0,17,10,1,0,5,0,5,0,5,0,0,0,0,6,0,0,0,0,0,2051,7,3,1
1,3,3,1,23,7,92,9,1,3,1,121,1,1,6,0,1,0,0,1,0,1,62,0,2,792,0,1,0,3,1,0,0,2,2,10,0,3,4,5,2,0,17,5,1,2,2,0
1,0,4,11,1,0,0,26,2,0,2,2,0,0,11,0,1,171,0,0,9,2775,0,0,1,3,25,8,0,125,0,5630,0,0,2,1,0,1,0,0,0,0,0,0,17,1,1336,14
16,2,14,484,11,4,88,39,105,1,1,200,4,10,17,3,7,1,25,12,0,18,78,3,16,80,0,3,15,14,0,3,4,0,16,14,9,18,8,8,9,39,1,2,24,2,317,315
75,75,7,56,24,572,0,25,156,0,0,0,0,116,0,421,13,0,867,235,0,0,0,23,259,0,0,0,47,0,21,0,1,0,451,58,10,364,0,7,492,228,285,115,0,1,0,38
58,42,63,345,41,1116,4,312,248,6,8,2,1,134,3,447,17,2,949,392,10,4,0,31,392,0,5,18,63,5,61,0,44,8,1088,66,16,641,0,17,285,264,526,207,1,0,4,299
7,3,2,16,6,391,0,0,1787,0,0,0,0,3,1,1128,1,0,68,947,0,2,0,0,56,0,0,2,0,0,1,0,0,0,89,4,0,6,0,7,19,1643,253,484,0,0,0,24
1,0,0,1,0,0,21,0,0,10,0,647,150,0,3,0,0,0,0,0,0,0,283,0,0,0,0,0,0,4,0,0,0,28,7,0,0,0,17,4,0,0,0,0,1,3,0,1
3,2,1,0,5,1,764,22,0,136,0,359,9,1,3,0,1,0,0,0,0,10,1147,0,0,1345,0,1,0,25,0,9,0,1,0,72,0,0,24,2,1,0,3,0,38,16,10,7
0,0,20,19,4,0,30,539,3,7,1519,16,25,0,1184,0,0,3525,0,0,149,52,73,0,3,26,4072,13,0,2447,0,145,29,23,1,0,0,0,13,8,0,4,3,0,131,17,15,15
14,174,52,59,2011,8,0,7,15,4,1,0,0,2,16,45,741,2,4,220,14,0,0,158,18,0,11,125,63,0,31,0,27,0,20,1031,142,98,0,45,19,6,76,387,2,0,8,10
3,0,1662,196,38,10,0,8,6,6,6,1,0,1,430,3,8,5,3,10,224,16,0,2,41,0,20,17,1,2,1,0,483,0,9,11,1,12,0,61,6,5,155,0,12,0,6,330
9,11,1075,1217,68,9,1,9,16,1,89,2,2,5,312,10,18,19,12,12,767,21,0,7,26,0,22,52,3,1,4,0,2518,10,141,19,5,26,0,34,26,7,165,9,44,1,8,524
2,0,183,94,13,7,0,0,6,0,8,0,0,0,120,1,2,0,1,9,240,9,0,0,0,0,8,5,0,0,0,0,337,0,9,1,0,3,0,11,2,11,0,0,0,0,3,249
4,615,1,0,45,4,0,5,0,0,0,0,0,26,0,2,498,0,35,2,0,0,0,217,10,0,0,6,60,0,11,0,1,0,9,313,81,147,0,2,20,0,4,16,0,0,1,1
0,39,0,0,2,0,0,0,0,0,0,0,0,0,0,5,246,0,1,33,0,0,0,62,0,0,0,2,7,0,10,0,0,0,0,104,15,5,0,0,4,0,0,149,0,0,0,0
0,6,0,2,9,4,148,123,0,3,0,252,6,3,0,0,10,3,2,1,0,2,48,2,8,1129,0,2,3,8,0,2,0,1,1,1,3,4,7,2,1,2,4,0,27,1,180,2
736,49,30,7,27,289,0,2,12,393,14,0,0,64,8,16,26,3,39,81,10,0,0,60,16,2,0,14,116,5,1537,0,8,0,35,35,59,31,0,1262,549,6,16,677,4,0,0,12
0,0,0,0,0,0,33,1,0,1023,0,14,296,0,0,0,0,0,0,0,0,0,39,0,0,0,0,0,0,6,0,0,0,1588,0,0,0,0,2125,0,0,0,0,0,58,2287,0,0
0,0,0,0,0,0,3,0,0,35,0,27,2002,0,0,0,0,0,0,0,0,0,20,0,0,0,0,0,0,3,0,0,0,64,0,0,0,0,76,0,0,0,0,0,3,4,0,0
1,3,0,2,3,8,1725,199,0,7,0,501,26,2,1,0,0,1,3,0,0,16,675,1,0,78,0,0,0,47,0,6,0,18,2,0,0,0,96,1,0,0,6,0,46,35,29,1
0,0,0,0,0,0,40,43,0,5,4,9,2,0,9,0,0,91,0,0,1,1,13,0,0,5,36,0,0,8,0,4,0,15,0,0,0,0,15,0,0,0,0,0,384,51,5,0
10,36,2,5,8,27,0,13,2,0,0,0,0,14,0,9,49,0,44,23,0,0,0,20,16,0,0,4,4,1,8,0,0,0,36,25,9,87,0,4,11,0,28,35,0,0,0,2
31,72,32,30,61,236,0,5,134,2,0,0,0,7,0,101,49,0,265,13,0,0,0,2,24,0,0,57,2,1,8,0,9,0,531,93,3,370,0,39,55,130,47,18,0,0,0,26
5,1,92,16,32,2,9,25,3,1,39,5,0,0,101,0,7,52,2,0,176,0,1,1,7,8,42,273,2,3,1,1,5,13,55,8,0,4,5,284,3,0,1,0,634,2,11,11
2,24,21,9,482,17,0,1,0,11,0,0,0,0,9,0,104,0,2,37,12,0,0,35,14,0,0,1655,3,0,46,0,3,0,8,143,9,29,0,76,3,1,78,76,1,0,1,11
64,4,2,6,7,67,0,0,614,0,0,15,0,0,20,26,0,0,32,15,0,0,0,0,6,0,1,0,0,0,3,0,1,0,38,11,1,3,0,234,17,378,20,26,0,0,0,5
0,0,0,4,2,0,17,0,0,268,0,12,143,0,7,0,0,1,0,0,0,2,29,0,0,1,3,16,0,7,0,1,0,1454,176,0,0,0,524,0,0,0,1,0,54,1045,0,0
0,0,1,0,0,0,1,0,0,4,0,16,93,0,2,1,0,1,0,0,0,0,0,0,0,0,0,0,0,1,0,0,1,18,6,0,0,0,4,0,0,0,0,0,0,1,0,0
