0.63185,0.21009,0.44529,0.40263,0.61873,0.34924,0.46623,0.16159,0.53757,0.5072,0.59116,0.21867,0.65177,0.50193,0.37065,0.33845,0.21493,0.76956,0.24181,0.35254,0.43602,0.90931,0.41536,0.20884,0.18162,0.36831,0.80114,0.58277,0.28675,0.654,0.42121,0.96389,0.6416,0.47965,0.31542,0.38505,0.25031,0.21208,0.70725,0.51454,0.20886,0.57249,0.21978,0.22897,0.5252,0.65472,0.66074,0.2244
0.46889
22,571,0,0,2,0,0,1,0,1,0,0,0,66,0,0,68,0,4,1,0,0,0,704,3,0,0,0,234,0,460,0,0,0,0,23,815,10,0,0,53,0,1,23,0,0,2,0
1,13,1,0,0,20,0,2,1,0,0,0,0,1564,0,103,5,0,366,28,0,1,0,74,417,0,0,0,872,0,11,0,1,0,5,8,199,45,0,0,214,12,31,0,0,0,0,3
6,241,5,10,14,27,7,87,3,0,2,2,1,173,2,1,56,7,91,35,4,6,1,328,69,5,0,4,290,41,33,6,1,4,44,61,323,293,1,2,66,2,25,137,8,2,5,24
8,687,2,0,16,0,0,0,0,0,0,0,0,2,0,0,740,0,3,3,0,0,0,526,1,0,0,52,40,0,293,0,0,0,0,161,291,4,0,10,9,0,2,81,0,0,7,0
5,46,0,0,1,0,0,1,0,0,0,0,0,53,0,1,11,0,13,1,0,0,0,118,17,0,0,0,138,0,6,0,0,0,0,23,264,18,0,0,12,0,0,0,0,0,1,0
34,229,75,70,79,46,0,477,4,2,3,0,0,58,0,2,281,2,101,56,6,2,0,143,63,1,0,74,56,4,44,0,7,2,94,250,129,566,0,10,99,3,124,146,5,0,16,23
3,38,0,0,0,11,0,0,0,0,0,0,0,128,0,26,2,0,5,94,0,0,0,609,25,0,0,1,529,0,23,0,0,0,0,2,721,16,0,0,38,0,7,112,0,0,0,0
1,4,0,2,4,3,30,31,1,0,0,43,0,0,3,1,6,0,0,0,1,3,0,5,14,116,0,2,0,0,1,0,0,1,0,0,1,3,1,4,0,2,10,2,0,0,0,0
5,0,38,32,22,2,10,92,9,3,3064,4,11,0,1566,1,1,538,0,0,1346,37,13,0,10,16,818,51,0,239,1,19,46,14,14,2,0,1,6,53,2,11,3,1,59,7,13,44
0,0,0,0,0,0,19,0,0,10,0,291,262,0,0,0,0,0,0,0,0,0,177,0,0,0,0,0,0,1,0,0,0,24,0,0,0,0,34,0,0,0,0,0,1,3,0,0
1,8,0,11,3,7,464,134,0,2,0,231,3,4,8,0,1,0,1,0,0,28,76,1,8,52,1,1,0,7,1,5,0,2,3,2,0,2,16,6,1,2,13,0,19,4,15,3
0,2,49,29,22,4,247,403,8,2,74,41,0,5,94,6,3,85,5,2,52,5,6,1,120,23,14,203,2,16,0,18,24,5,50,4,3,25,7,4,3,1,22,0,238,12,4,16
152,1,36,98,20,24,1,0,20,9,113,4,0,1,289,8,2,0,10,6,24,0,1,1,1,0,3,44,0,17,2,0,238,2,216,5,0,8,0,17,22,9,4,0,14,0,4,362
196,120,5,4,3,182,0,8,6,0,0,0,0,602,0,128,20,0,679,59,0,0,0,121,356,0,0,0,382,0,70,0,0,0,30,54,84,259,0,7,335,11,61,59,0,0,0,9
0,44,1,1,89,0,0,2,0,0,0,0,0,0,0,0,481,0,1,0,0,1,0,21,2,0,0,18,0,0,7,0,0,0,0,259,8,1,0,0,0,0,3,5,0,0,4,1
0,0,113,91,7,3,0,13,3,0,1,0,0,2,8,0,3,4,7,2,16,0,0,1,5,0,0,5,1,0,2,0,46,0,21,4,0,15,0,1,2,1,20,3,1,0,1,315
3,0,4,3,8,0,7,423,2,0,2,2,1,0,43,0,1,57,0,0,6,13,1,0,2,9,14,10,0,545,0,14,3,1,0,0,0,1,3,1,0,1,4,0,36,3,16,24
2559,9,13,10,13,228,0,18,1,79,2,1,0,57,1,11,17,0,145,20,1,3,0,17,31,0,0,10,21,2,960,0,3,0,100,22,12,79,0,124,599,3,14,229,1,0,1,12
3,3,0,1,1,111,0,0,57,0,0,0,0,56,0,834,0,0,238,350,0,0,0,18,173,0,0,0,63,0,1,0,0,0,24,2,25,16,0,0,26,46,161,70,0,0,0,3
0,0,0,0,0,0,15,14,0,0,1,8,5,0,2,0,0,35,0,0,0,3,5,0,0,16,10,1,0,6,0,5,0,6,0,0,0,0,5,0,0,0,0,0,2053,7,3,1
1,3,2,2,19,6,79,11,2,4,1,125,2,0,5,0,0,0,0,0,0,1,58,0,3,766,0,1,0,4,0,0,0,1,1,9,0,2,5,7,2,1,58,5,1,1,3,1
1,0,4,9,1,0,0,30,2,0,3,2,0,0,9,0,1,165,0,0,7,2677,0,0,2,2,25,7,0,135,0,5765,0,0,0,1,0,1,0,0,0,0,0,0,14,0,1301,16
16,4,17,512,8,2,99,36,111,1,1,199,7,12,14,7,10,0,24,14,0,19,66,1,20,70,0,2,15,13,2,4,3,0,15,14,9,13,7,7,7,43,4,1,23,2,291,315
73,73,9,51,20,602,0,23,182,0,0,0,0,103,0,451,13,0,862,236,0,0,0,17,289,0,0,0,46,0,18,0,0,0,421,44,9,365,0,24,445,244,278,132,0,1,0,11
69,40,70,345,33,1215,3,314,234,7,7,2,1,115,5,435,16,2,982,417,12,6,0,26,411,1,3,10,61,8,60,0,30,4,980,60,14,681,1,42,266,281,509,228,0,1,5,233
6,2,2,12,3,346,0,0,1724,0,0,0,0,1,0,1191,1,0,64,973,0,2,0,0,58,0,0,0,1,0,1,0,0,0,91,2,0,5,0,34,16,1619,270,510,0,0,0,16
1,0,0,0,0,0,19,0,0,12,0,616,160,0,1,0,0,0,0,0,0,0,308,0,1,0,0,0,0,5,0,0,0,25,7,0,0,0,17,3,0,0,0,0,1,3,0,2
2,1,1,3,4,2,723,26,0,126,0,381,9,1,3,0,0,0,0,0,0,10,1136,1,0,1348,0,1,0,22,0,7,0,2,0,91,0,2,23,2,0,0,15,1,36,15,19,5
0,0,17,20,5,0,25,493,2,7,1729,19,25,0,1208,0,0,3550,0,1,141,60,70,0,4,19,4085,15,0,2221,0,128,31,20,3,0,0,0,14,9,0,4,7,0,132,18,16,32
14,202,52,55,1949,10,0,6,13,4,1,0,0,2,13,41,695,2,6,201,16,0,0,167,22,0,10,147,59,2,38,0,29,0,18,1159,139,90,0,32,16,5,64,349,7,0,14,17
3,2,1579,185,35,10,0,7,8,6,6,1,0,1,424,4,11,5,2,6,233,18,0,2,39,0,15,18,0,4,1,0,545,0,10,11,2,13,0,68,9,5,191,3,9,0,6,314
9,12,1093,1164,94,7,0,8,20,0,101,3,3,4,276,10,14,18,13,15,767,18,0,6,18,0,13,49,3,8,2,0,2449,11,147,14,7,31,1,29,24,5,193,8,40,0,12,618
2,0,178,65,18,6,0,0,6,0,7,0,0,0,110,2,3,0,1,9,268,12,0,0,1,0,8,5,0,0,0,0,329,0,10,1,0,3,0,8,1,9,0,0,0,0,2,270
5,656,1,0,53,4,0,5,0,0,0,0,0,25,0,1,432,0,47,2,0,0,0,270,11,0,0,6,70,0,12,0,0,0,6,254,99,134,0,1,20,0,5,13,0,0,3,1
0,62,0,0,0,0,0,0,0,0,0,0,0,1,0,5,225,0,1,28,0,0,0,69,0,0,0,0,6,0,14,0,0,0,0,105,16,6,0,0,3,0,0,143,0,0,0,0
0,4,0,21,6,4,162,100,0,3,0,259,7,3,0,0,6,3,2,1,0,1,47,6,8,1133,0,3,6,6,0,0,0,1,0,3,0,7,6,2,1,0,7,0,32,1,160,1
754,56,28,6,27,261,0,1,9,376,15,0,0,58,7,18,32,5,45,91,7,0,0,53,15,2,1,15,136,3,1553,0,11,0,39,32,63,30,0,1256,493,5,18,713,4,0,3,9
0,0,0,1,0,0,33,1,0,1021,0,7,310,0,0,0,0,0,0,0,0,0,45,0,0,0,0,0,0,4,0,0,0,1532,0,0,0,0,2097,0,0,0,0,0,62,2357,0,0
0,0,0,0,0,0,2,0,0,30,0,21,2012,0,0,0,0,0,0,0,0,0,21,0,0,0,0,0,0,3,0,0,0,59,0,0,0,0,79,0,0,0,0,0,5,4,1,0
2,2,0,4,1,8,1760,196,0,9,0,497,25,1,1,0,0,1,2,0,0,15,670,1,1,65,0,0,0,53,0,4,0,20,4,1,0,0,85,1,0,0,7,0,50,32,20,1
0,0,0,0,0,0,41,41,0,4,5,10,1,0,12,0,0,90,0,0,1,1,9,0,0,6,35,0,0,11,0,4,0,15,0,0,0,1,15,0,0,0,0,0,381,53,5,0
8,39,2,3,8,34,0,12,0,0,1,0,0,12,0,8,43,0,44,25,0,0,0,24,16,0,0,3,5,1,10,0,0,0,30,24,10,85,0,7,11,0,27,37,0,0,0,3
34,64,29,29,75,201,0,5,143,2,2,0,0,6,0,193,45,0,263,11,0,0,0,2,24,0,0,50,1,0,7,0,5,0,453,85,3,346,0,103,57,129,49,16,0,0,1,20
2,1,98,23,35,3,9,24,2,1,42,7,0,0,96,1,6,43,1,0,168,1,1,1,7,9,38,288,1,5,2,1,10,10,61,8,0,4,6,270,4,0,4,1,625,3,11,10
3,27,16,6,449,15,0,4,0,9,0,0,0,0,7,1,192,0,1,28,11,0,0,37,20,0,0,1556,3,0,51,0,4,0,8,203,8,26,0,69,3,1,83,64,1,0,3,14
46,4,3,7,3,75,0,1,634,0,0,18,0,0,12,29,0,0,32,45,0,0,0,0,8,0,1,0,0,2,1,0,1,0,23,7,2,3,0,228,9,373,22,22,0,0,1,4
0,0,2,5,0,0,19,1,0,279,0,9,147,0,5,0,0,1,0,0,0,1,24,0,1,1,4,18,0,7,0,1,0,1416,172,0,0,1,531,0,0,0,0,0,51,1070,0,1
0,0,1,1,0,0,1,0,0,4,0,14,95,0,1,0,0,0,0,0,0,0,0,0,0,0,1,0,0,1,0,0,1,17,7,0,0,0,5,0,0,0,0,0,0,1,0,0
