0.63324,0.21171,0.45893,0.40886,0.62738,0.33136,0.45992,0.17185,0.5526,0.50342,0.61302,0.22532,0.65856,0.49114,0.35153,0.33422,0.21812,0.76019,0.24323,0.3502,0.44789,0.91716,0.41721,0.21306,0.20147,0.36033,0.80291,0.59725,0.2929,0.68127,0.42368,0.96022,0.64925,0.47988,0.32038,0.34524,0.24915,0.20143,0.71151,0.5333,0.204,0.57633,0.23521,0.22672,0.52439,0.6526,0.66466,0.20153
0.47075
26,593,0,0,0,0,0,1,0,1,0,0,0,60,0,0,61,0,4,1,0,0,0,695,7,0,0,0,225,0,440,0,0,0,0,50,807,14,0,0,55,0,1,23,0,0,0,0
2,22,1,0,0,11,0,2,1,0,0,0,0,1553,0,106,4,0,349,29,0,1,0,86,467,0,0,0,891,0,11,0,1,0,5,10,189,46,0,0,163,12,32,0,0,0,0,3
7,241,10,11,15,19,5,89,6,0,2,2,1,180,2,2,61,5,84,33,2,9,2,325,74,4,0,5,292,42,25,4,0,4,54,72,318,288,1,0,69,1,22,130,9,2,5,21
8,680,2,0,16,0,0,0,0,0,0,0,0,1,0,0,773,0,2,6,0,0,0,448,0,1,0,57,40,0,283,0,0,0,0,198,305,4,0,10,10,0,1,93,0,0,0,0
4,45,0,0,1,0,0,1,0,0,0,0,0,52,0,1,13,0,8,1,0,0,0,130,18,0,0,0,140,0,6,0,0,0,0,39,236,22,0,0,12,0,0,0,0,0,0,0
37,228,76,75,72,41,1,495,3,2,2,0,0,67,0,3,306,2,89,55,7,2,0,125,74,1,0,60,68,5,43,0,9,2,116,232,139,560,0,8,98,4,119,130,2,0,11,17
3,37,0,0,0,7,0,0,0,0,0,0,0,128,0,27,2,0,5,86,0,0,0,642,31,0,0,0,523,0,21,0,0,0,0,6,742,20,0,0,39,0,6,65,0,0,0,0
2,3,0,1,5,5,26,34,0,1,0,40,1,0,4,1,5,0,1,0,1,4,0,5,13,116,0,1,0,0,1,0,0,1,0,0,1,3,1,6,0,1,11,0,0,0,1,0
5,0,37,35,19,2,7,109,8,4,3070,5,10,0,1507,1,2,582,0,0,1414,29,12,0,10,17,793,48,0,222,0,20,45,12,12,1,0,1,3,57,2,10,2,1,59,8,17,26
0,0,0,0,0,0,16,1,0,10,0,304,256,0,0,0,0,0,0,0,0,0,172,0,0,0,0,0,0,1,0,0,0,25,0,0,0,0,33,0,0,0,0,0,1,3,0,0
1,10,0,11,2,7,456,136,1,2,0,228,6,3,6,0,1,0,2,0,0,28,79,1,7,60,1,2,1,6,2,4,1,2,3,1,0,2,14,7,1,1,8,0,20,4,15,4
0,1,41,27,24,4,245,428,7,1,81,44,0,3,92,6,1,82,5,3,55,4,8,0,107,23,10,210,4,15,0,18,16,7,49,4,2,23,8,9,1,2,21,1,230,12,4,21
136,2,29,111,21,26,0,0,24,10,116,4,0,1,361,7,1,1,8,7,30,0,1,1,1,1,4,43,0,22,1,0,247,4,202,1,0,5,0,27,19,12,7,0,16,0,3,276
192,128,4,4,2,144,0,12,5,0,0,0,0,627,0,144,19,0,647,57,0,0,0,122,368,0,0,0,391,0,74,0,1,0,42,65,85,268,0,3,304,11,68,48,0,0,0,15
0,39,1,3,93,0,0,3,0,0,0,0,0,0,0,0,487,0,1,2,0,1,0,18,2,0,0,20,1,0,7,0,0,0,1,245,10,3,0,0,0,0,2,7,0,0,2,1
0,0,115,99,5,2,0,9,3,0,1,0,0,1,8,0,3,2,7,1,16,1,0,0,5,0,0,6,1,0,2,0,63,0,22,1,1,13,0,1,3,1,21,3,1,0,0,300
3,0,3,4,7,0,5,422,2,0,3,5,1,0,46,0,1,54,0,0,6,10,3,0,1,11,10,14,0,545,0,13,3,1,1,0,0,0,3,1,0,1,4,0,40,1,16,23
2576,10,11,9,10,217,0,21,1,75,2,1,0,57,0,11,16,0,134,21,0,3,0,20,30,0,0,15,20,2,964,0,5,0,108,25,11,74,0,120,592,3,17,230,1,0,1,15
2,4,0,1,0,99,0,0,56,0,0,0,0,50,0,874,0,0,219,348,0,0,0,22,182,0,0,0,56,0,1,0,0,0,18,2,21,16,0,0,22,47,172,67,0,0,0,3
0,0,0,0,0,0,15,10,0,0,1,8,6,0,3,0,0,34,0,0,0,3,7,0,0,18,10,1,0,6,0,5,0,5,0,0,0,0,6,0,0,0,0,0,2053,6,3,1
1,3,2,1,23,8,86,8,1,2,0,126,1,0,5,0,2,0,0,0,0,1,63,0,2,791,1,1,0,3,0,0,0,2,2,10,1,2,4,7,2,0,22,4,2,2,1,0
1,0,4,11,1,0,0,26,2,0,2,2,0,0,11,0,0,170,0,0,9,2768,0,0,1,3,25,8,0,128,0,5648,0,0,2,1,0,1,1,0,0,0,1,0,16,0,1324,14
17,2,15,485,10,4,91,41,104,1,1,195,5,10,17,4,7,0,27,11,0,18,76,3,16,79,0,5,15,15,0,3,4,0,16,13,9,13,8,8,10,40,2,1,25,2,315,317
77,77,7,57,24,584,0,22,162,0,0,0,0,117,0,416,13,0,861,235,0,0,0,21,260,0,0,0,50,0,21,0,0,0,457,58,12,362,0,8,478,230,280,119,0,1,0,33
60,43,68,350,36,1120,3,308,249,7,9,2,1,129,4,443,15,1,952,392,11,5,0,30,393,0,3,16,64,7,57,0,44,5,1080,69,15,646,1,16,287,277,521,203,1,0,4,298
6,3,1,16,5,398,0,0,1786,0,0,0,0,2,1,1136,1,0,68,941,0,2,0,0,55,0,0,2,0,0,1,0,0,0,95,4,0,4,0,10,19,1631,258,486,0,0,0,19
1,0,0,0,0,0,24,0,0,10,0,639,154,0,2,0,0,0,0,0,0,0,285,0,0,0,0,0,0,5,0,0,0,28,7,0,0,0,16,5,0,0,0,0,1,3,0,1
3,3,1,1,5,0,769,22,0,134,0,351,7,2,3,0,1,0,0,0,0,11,1149,0,0,1339,0,1,0,27,0,12,0,0,0,78,0,1,26,2,2,0,5,0,33,15,9,6
0,0,22,14,4,0,23,547,3,8,1549,16,23,0,1189,0,0,3487,0,0,154,55,68,0,3,22,4086,13,0,2441,0,144,31,22,1,0,0,0,13,8,0,5,5,0,126,20,13,15
16,174,50,59,2007,6,0,8,15,4,1,0,0,1,16,42,729,2,5,218,16,0,0,163,19,0,11,132,63,0,35,0,28,0,20,1034,142,96,0,42,19,5,80,385,3,0,9,11
3,3,1648,191,34,11,0,7,7,8,6,1,0,1,433,2,9,3,4,11,231,14,0,2,42,0,20,19,0,1,1,0,494,0,10,11,1,12,0,58,6,5,153,0,13,0,5,331
9,8,1074,1209,74,10,1,9,20,0,89,2,3,6,309,8,18,20,13,13,770,20,0,7,24,0,20,52,4,1,3,0,2510,9,141,21,6,29,0,28,29,7,169,10,47,0,8,527
2,0,185,93,14,7,0,0,6,0,7,0,0,0,115,0,2,0,1,9,245,9,0,0,1,0,10,6,0,0,0,0,335,0,7,0,0,4,0,10,2,10,0,0,0,0,2,252
5,621,1,0,42,4,0,5,0,0,0,0,0,26,0,2,492,0,36,2,0,0,0,214,10,0,0,6,59,0,12,0,1,0,9,312,84,148,0,2,20,0,4,17,0,0,1,1
0,38,0,0,2,0,0,0,0,0,0,0,0,1,0,5,245,0,1,33,0,0,0,61,0,0,0,2,6,0,11,0,0,0,0,105,14,5,0,0,4,0,0,151,0,0,0,0
0,4,0,2,8,4,149,118,0,2,0,258,6,2,0,0,8,3,2,1,0,2,49,3,9,1128,0,2,3,5,0,2,0,1,0,2,2,7,8,2,1,2,4,0,30,1,179,3
752,47,27,6,25,294,0,1,10,396,14,0,0,60,7,15,30,2,38,86,9,0,0,59,18,3,1,17,115,5,1535,0,8,0,33,31,65,33,0,1249,539,6,16,684,5,0,0,9
0,0,0,0,0,0,33,2,0,1031,0,13,297,0,0,0,0,0,0,0,0,0,39,0,0,0,0,0,0,5,0,0,0,1574,0,0,0,0,2126,0,0,0,0,0,62,2288,0,0
0,0,0,0,0,0,3,0,0,36,0,26,2004,0,0,0,0,0,0,0,0,0,19,0,0,0,0,0,0,3,0,0,0,61,0,0,0,0,76,0,0,0,0,0,4,4,1,0
1,2,0,2,3,7,1727,196,0,9,0,503,26,1,0,0,0,1,3,0,0,15,676,1,0,80,0,0,0,52,0,3,0,19,3,0,0,2,92,1,0,0,8,0,46,34,25,1
0,0,0,0,0,0,40,44,0,4,5,9,2,0,10,0,0,87,0,0,1,1,14,0,0,6,36,0,0,7,0,4,0,17,0,0,0,0,14,0,0,0,0,0,384,51,5,0
9,36,2,5,8,29,0,13,2,0,0,0,0,14,0,6,50,0,43,22,0,0,0,22,15,0,0,4,4,1,9,0,0,0,36,26,9,89,0,4,12,0,26,34,0,0,0,2
30,76,33,30,63,228,0,5,136,2,0,0,0,7,0,110,50,0,262,13,0,0,0,3,25,0,0,57,1,1,8,0,9,0,534,95,3,357,0,41,56,128,48,19,0,0,0,23
3,1,97,17,30,1,8,26,3,1,47,6,0,0,99,0,7,48,2,0,168,0,1,1,7,10,43,272,2,3,1,1,6,13,57,8,0,3,5,283,5,0,1,0,633,4,11,9
3,23,20,7,481,18,0,2,0,10,0,0,0,0,9,0,109,0,1,35,12,0,0,32,14,2,0,1652,3,0,46,0,3,0,9,155,8,28,0,68,2,1,78,78,1,0,1,12
65,5,2,6,7,63,0,0,609,0,0,17,0,0,20,26,0,0,30,15,0,0,0,0,7,0,1,0,0,0,2,0,1,0,37,10,1,3,0,241,19,377,19,28,0,0,1,4
0,0,1,4,1,0,21,0,0,272,0,12,142,0,6,0,0,1,0,0,0,2,31,0,0,1,3,17,0,7,0,1,0,1448,176,0,0,0,525,0,0,0,1,0,50,1044,0,1
0,0,1,0,0,0,1,0,0,5,0,17,91,0,2,1,0,0,0,0,0,0,0,0,0,0,1,0,0,0,0,0,1,18,6,0,0,0,4,0,0,0,0,0,1,1,0,0
