0.6278,0.27108,0.4752,0.3997,0.62599,0.2835,0.43815,0.22998,0.57679,0.53281,0.68283,0.23204,0.67138,0.45596,0.31401,0.33793,0.22065,0.74342,0.24532,0.34302,0.49583,0.91854,0.41791,0.2474,0.2473,0.36803,0.84845,0.60645,0.31194,0.69461,0.42279,0.96079,0.64951,0.49335,0.34919,0.2193,0.25527,0.19321,0.70562,0.52579,0.29862,0.58734,0.24665,0.2388,0.53257,0.651,0.682,0.20614
0.47675
22,810,0,0,0,0,0,1,0,1,0,0,0,59,0,0,67,0,3,5,0,0,0,670,12,0,0,1,218,0,242,0,0,0,0,101,763,18,0,0,48,0,2,21,0,0,0,0
3,20,1,0,1,9,0,2,3,0,0,0,0,1470,0,90,3,0,342,36,0,0,0,109,641,0,0,0,909,0,6,0,1,0,4,22,158,54,0,0,44,10,51,0,0,0,1,7
6,200,16,11,9,7,8,93,3,1,2,2,1,172,0,3,64,3,72,27,6,6,4,330,80,3,1,5,287,42,22,5,2,5,59,140,295,323,2,0,55,0,34,111,13,1,3,21
8,677,2,0,44,0,0,0,0,0,0,0,0,0,0,0,734,0,1,8,0,0,0,353,0,1,0,78,39,0,273,0,0,0,0,266,293,7,0,6,15,0,5,128,0,0,0,0
3,36,0,0,3,0,0,0,0,0,0,0,0,53,0,1,19,0,3,3,0,0,0,98,24,0,0,0,166,0,4,0,0,0,0,98,187,25,0,0,6,0,0,0,0,0,0,0
30,165,120,72,89,23,1,522,0,2,2,0,0,82,0,6,315,2,82,35,5,1,0,83,94,1,0,48,51,2,41,0,8,1,127,356,120,550,0,14,79,2,108,114,4,0,8,21
3,36,1,0,0,2,0,0,0,0,0,0,0,101,0,32,4,0,4,155,0,0,0,760,49,0,0,0,434,0,20,0,0,0,0,5,694,26,0,0,13,0,12,39,0,0,0,0
1,6,0,0,2,7,43,26,0,0,0,35,0,0,7,1,4,0,0,0,1,4,1,2,8,114,0,2,0,0,0,0,1,1,0,1,1,1,1,6,0,2,15,0,0,0,2,0
5,0,46,41,20,0,5,176,6,4,3113,25,6,0,1316,0,1,646,0,0,1665,28,9,0,7,9,563,34,0,237,0,23,47,8,5,1,0,1,2,48,2,9,2,1,59,8,12,34
0,0,0,0,0,0,15,1,0,11,0,311,247,0,0,0,0,0,0,0,0,0,172,0,0,0,0,0,0,1,0,0,0,27,0,0,0,0,35,0,0,0,0,0,0,2,0,0
1,15,0,11,2,6,515,105,1,3,0,199,5,0,8,2,0,0,1,1,0,18,79,0,8,49,0,2,1,3,0,3,1,3,4,1,0,1,10,5,0,0,15,0,21,6,35,6
1,1,46,28,26,7,270,425,6,1,72,34,0,3,92,9,1,86,4,1,98,6,8,0,118,30,7,183,2,16,0,10,22,5,36,2,1,14,6,12,0,2,18,0,211,10,10,19
36,2,25,281,20,22,0,0,16,1,98,10,0,1,395,5,0,0,7,4,66,1,1,1,1,0,1,32,0,18,3,0,186,2,166,0,0,6,0,15,15,7,5,0,9,1,0,329
218,114,3,2,2,45,0,12,6,0,0,0,0,689,0,136,15,0,597,65,0,0,0,109,430,0,0,0,385,0,92,0,3,0,58,111,81,261,0,2,222,11,115,41,0,0,0,25
0,16,2,2,151,0,0,3,0,0,0,0,0,0,0,0,475,0,1,2,0,2,0,11,1,0,0,19,1,0,6,0,0,0,0,228,7,6,0,1,1,0,3,7,0,0,4,0
0,0,89,104,6,3,0,9,2,0,2,0,0,4,8,0,2,2,6,1,14,2,0,1,7,0,0,5,0,0,2,1,86,0,23,1,1,10,0,1,3,2,10,3,1,0,0,306
1,0,4,5,8,1,6,405,1,0,4,4,1,0,41,0,1,44,0,0,8,13,4,0,0,8,12,16,0,561,1,15,3,0,1,1,0,2,4,2,0,1,4,0,44,3,13,21
2245,11,17,7,8,69,0,23,0,55,0,1,0,56,0,11,14,0,119,15,0,5,0,23,52,0,0,18,18,3,1065,0,4,0,113,21,11,69,0,109,955,1,27,264,1,0,1,17
1,2,0,0,0,120,0,0,57,0,0,0,0,37,0,901,0,0,191,378,0,0,0,35,168,0,0,0,31,0,1,0,0,0,20,3,21,19,0,0,13,44,189,44,0,0,0,7
0,0,0,1,0,0,13,14,0,0,0,8,7,0,2,0,0,28,0,0,0,6,8,0,0,17,10,2,0,5,0,2,0,6,0,0,0,0,2,0,0,0,0,0,2060,5,4,1
1,4,3,1,19,7,125,8,2,3,1,112,2,0,8,0,2,0,0,0,0,1,43,0,3,809,0,1,0,4,0,0,0,0,2,2,0,1,5,5,1,0,6,3,1,2,4,1
1,0,5,2,2,0,1,29,2,0,1,4,0,0,14,0,0,140,0,0,14,2774,0,0,0,2,32,9,0,114,0,5440,1,0,1,0,0,2,0,1,0,0,0,0,18,0,1557,14
12,0,18,474,7,6,75,32,63,2,1,227,6,13,27,6,11,0,20,16,1,25,77,4,24,79,0,4,15,16,2,5,2,0,11,12,9,16,7,6,5,35,9,1,21,3,327,328
94,74,8,55,22,521,0,39,165,0,0,0,0,168,0,375,8,0,795,217,0,0,0,16,236,0,0,1,51,0,28,0,1,0,512,68,6,356,0,6,458,214,376,104,1,0,0,67
45,33,53,333,42,878,5,356,252,6,6,1,1,204,4,419,16,2,892,344,6,5,0,36,382,0,4,25,64,9,62,0,71,7,1248,70,16,654,0,14,288,249,626,201,2,1,2,311
7,5,2,16,8,560,0,0,1904,0,0,0,0,3,1,1103,0,0,62,885,0,2,0,0,61,0,0,3,0,0,2,0,0,0,111,3,0,6,0,6,24,1577,163,405,0,0,0,31
1,0,0,3,0,1,18,0,0,12,0,659,141,0,0,0,0,0,0,0,0,0,281,0,0,1,0,0,0,3,0,0,0,34,6,0,0,0,12,2,0,0,2,0,1,3,0,1
1,1,1,0,5,0,926,20,0,137,0,258,8,0,4,0,1,0,0,0,0,12,1120,0,0,1386,0,2,1,27,0,6,0,1,0,0,0,0,21,3,0,0,6,0,33,12,20,6
0,0,27,24,6,0,8,810,2,6,1143,39,16,1,1165,0,0,3390,1,0,216,46,64,0,1,20,4126,12,0,2602,0,145,30,11,1,0,0,0,13,8,0,5,4,0,127,19,28,14
11,100,64,52,2139,11,0,6,16,2,1,0,0,2,12,50,780,2,4,183,18,0,0,119,18,0,8,114,45,1,29,0,25,0,33,643,136,198,0,162,9,3,260,392,3,0,5,10
2,0,1734,201,25,10,0,5,3,3,3,1,0,0,438,7,10,6,3,7,198,13,0,1,40,0,12,18,0,3,2,0,498,0,9,10,0,14,0,48,9,0,67,2,8,0,6,395
5,4,1001,1313,69,4,1,7,17,1,61,1,3,7,340,12,12,29,12,13,652,22,0,2,24,0,17,40,2,5,6,0,2637,8,146,16,5,31,0,44,18,5,95,9,40,1,2,598
1,0,158,161,12,4,0,0,8,0,10,0,0,0,124,1,2,0,0,6,149,12,0,0,1,0,9,6,0,0,0,0,402,0,6,0,0,3,0,9,3,7,0,0,2,0,1,237
4,484,3,0,52,0,0,4,0,0,0,0,0,25,0,1,518,0,29,2,0,0,0,135,8,0,0,9,70,0,5,0,0,0,15,471,76,186,0,2,13,0,5,18,0,0,0,1
0,21,0,0,2,0,0,0,0,0,0,0,0,0,0,5,248,0,1,59,0,0,0,53,0,0,0,3,6,0,8,0,0,0,0,93,14,14,0,1,3,0,1,152,0,0,0,0
0,5,0,1,3,4,182,97,0,2,0,232,7,4,0,0,2,2,5,0,0,1,52,0,10,1163,0,1,3,4,0,1,0,1,0,4,3,0,5,0,0,0,5,0,26,1,185,1
664,45,29,5,26,216,1,0,7,368,6,0,0,52,9,16,22,5,39,69,4,1,0,72,30,1,1,22,103,6,1451,0,5,0,27,28,64,50,0,1254,797,7,35,693,3,0,1,16
0,0,0,0,0,0,19,1,0,1088,0,15,291,0,0,0,0,0,0,0,0,0,44,0,0,0,0,0,0,7,0,0,0,1632,0,0,0,0,2071,0,0,0,0,0,58,2244,0,0
0,0,0,0,0,0,1,0,0,39,0,37,1996,0,0,0,0,0,0,0,0,0,18,0,0,0,0,0,0,3,0,0,0,64,0,0,0,0,72,0,0,0,0,0,3,4,0,0
0,2,0,2,4,3,1778,202,0,10,0,518,29,2,1,0,0,0,2,0,0,11,651,1,1,58,0,0,0,38,0,3,0,21,5,2,0,0,76,1,0,0,11,0,36,30,41,0
0,0,0,0,0,0,28,47,0,1,2,17,2,0,14,0,0,103,0,0,1,2,14,0,0,6,34,0,0,3,0,1,0,13,0,0,0,0,16,0,0,0,0,0,386,46,5,0
7,28,3,4,10,28,0,9,0,0,0,0,0,9,0,10,50,0,44,8,0,0,0,16,19,0,0,5,3,1,9,0,0,0,41,32,10,99,0,2,11,0,42,30,0,0,0,2
30,46,33,33,55,477,0,6,125,1,0,0,0,6,0,31,47,0,262,11,0,0,0,3,19,0,0,88,6,1,7,0,7,0,539,71,3,241,0,28,58,127,47,21,0,0,0,24
4,1,103,19,31,6,4,22,3,0,28,8,1,0,114,0,6,70,1,0,219,0,2,1,7,7,22,276,2,3,0,1,13,9,34,3,0,3,2,263,2,0,2,2,627,3,6,13
1,19,27,9,483,12,0,3,0,8,0,0,0,0,11,2,81,0,2,14,16,0,0,28,2,0,0,1692,1,1,40,0,2,0,8,34,14,114,0,78,2,1,134,70,1,0,0,13
101,5,3,8,4,28,0,0,631,0,1,20,0,1,23,28,0,0,29,10,0,0,0,0,6,0,1,0,0,0,3,0,1,0,33,12,0,4,0,221,26,364,23,26,0,0,0,4
0,0,1,4,0,0,10,2,0,268,1,34,123,0,10,0,0,0,0,0,1,1,27,0,0,2,2,14,0,6,0,1,0,1433,166,0,0,0,569,0,0,0,4,0,47,1041,0,0
0,0,1,0,0,0,0,0,0,6,1,28,80,0,3,1,0,0,0,0,0,0,1,0,0,0,1,0,0,1,0,0,1,16,4,0,0,0,4,0,0,0,0,0,1,1,0,0
