0.62838,0.26845,0.48873,0.40102,0.61758,0.27476,0.41938,0.3097,0.57001,0.53842,0.68294,0.24261,0.71838,0.43336,0.3115,0.33854,0.21643,0.74756,0.25007,0.34743,0.5179,0.92414,0.38721,0.26504,0.27678,0.36418,0.85629,0.59461,0.31623,0.69163,0.42782,0.96329,0.64187,0.4888,0.34702,0.21591,0.25822,0.18195,0.70986,0.51817,0.29972,0.58179,0.27477,0.24746,0.53762,0.64739,0.75975,0.23199
0.47784
24,804,0,0,1,0,0,0,0,0,0,0,0,64,0,0,74,0,4,5,0,0,0,766,13,0,0,0,218,0,138,0,0,0,0,121,738,31,0,0,41,0,2,20,0,0,0,0
4,12,1,0,1,8,0,1,3,0,0,0,0,1382,0,88,3,0,352,36,0,0,0,95,708,0,0,0,900,0,3,0,1,0,4,28,151,93,0,0,34,10,70,1,0,0,1,7
9,223,8,6,9,6,9,79,2,2,3,2,2,170,1,2,64,14,74,26,10,7,4,262,86,3,0,3,287,29,23,5,2,0,73,163,263,393,2,0,50,1,50,94,11,3,6,14
11,694,0,0,54,0,0,0,0,0,0,0,0,1,0,0,707,0,2,6,0,0,0,320,0,0,0,174,39,0,189,0,0,0,1,316,282,11,0,5,13,0,4,109,0,0,0,0
4,40,0,0,1,0,0,0,0,0,0,0,0,65,0,1,21,0,5,3,0,0,0,85,21,0,0,0,170,0,3,0,0,0,0,105,165,32,0,0,7,0,0,0,0,0,0,1
34,188,95,69,84,21,1,456,2,1,0,1,0,81,0,10,310,2,94,23,5,2,0,56,102,1,0,50,58,3,40,0,8,1,130,380,130,597,0,13,79,0,120,106,3,0,8,22
4,23,0,0,0,2,0,0,0,0,0,0,0,101,0,32,5,0,4,138,0,0,0,771,51,0,0,0,421,0,14,0,0,0,0,7,676,75,0,0,12,0,15,39,0,0,0,0
1,5,0,0,6,9,50,22,1,0,0,31,1,1,4,1,4,0,0,0,2,3,1,2,12,111,0,2,0,0,0,0,1,1,0,2,1,0,1,6,0,1,11,0,0,0,2,0
5,0,39,47,21,0,3,254,7,3,3050,18,6,0,1298,1,1,553,0,0,1852,21,23,0,6,3,489,28,0,218,3,20,53,12,9,0,0,1,2,49,0,8,1,1,56,7,15,41
0,0,0,0,0,0,16,0,0,14,0,359,189,0,0,0,0,0,0,0,0,0,171,0,0,0,0,0,0,1,0,0,0,38,0,0,0,0,31,0,0,0,0,0,0,3,0,0
1,8,0,12,5,7,569,59,1,2,0,181,2,2,7,2,1,1,2,0,1,13,99,0,7,46,1,2,1,4,0,3,0,3,5,1,0,1,11,7,0,0,7,0,22,5,39,6
1,1,41,38,27,7,283,412,7,1,50,23,0,2,69,6,0,73,4,2,177,5,10,0,116,28,9,159,0,14,0,13,21,7,44,2,0,17,5,10,0,1,14,0,220,12,5,23
25,2,24,368,28,29,0,0,13,1,73,7,0,1,329,6,0,2,5,3,132,0,1,0,1,1,2,23,0,17,5,0,165,0,161,0,0,3,0,8,34,7,2,1,7,0,1,301
211,100,3,4,1,39,0,17,8,0,0,0,0,679,0,123,16,0,594,65,0,0,0,75,423,0,0,0,369,0,110,0,2,0,52,131,66,307,0,2,211,9,156,47,0,0,0,30
0,21,2,1,176,0,0,3,0,0,0,0,0,0,0,0,460,0,1,2,0,2,0,10,1,0,0,22,1,0,3,0,0,0,0,219,5,7,0,1,0,0,4,6,0,0,2,0
0,0,96,101,6,2,0,7,3,0,2,0,0,5,9,0,4,2,4,1,10,2,0,0,7,0,0,4,1,0,2,1,108,0,26,1,0,9,0,1,3,2,16,5,0,0,0,277
0,0,5,4,8,1,7,403,1,0,5,5,0,0,43,0,1,37,0,0,12,12,3,0,0,9,8,9,0,572,1,13,6,2,1,1,0,1,3,2,0,1,3,0,44,3,15,22
2183,12,11,9,4,65,0,24,0,34,0,1,0,62,0,13,13,1,110,15,1,5,0,27,45,0,0,21,16,3,1180,0,3,0,107,19,14,73,0,109,954,1,30,238,1,0,2,22
1,2,0,0,0,119,0,1,54,0,0,0,0,35,0,923,0,0,174,412,0,0,0,31,149,0,0,0,31,0,1,0,0,0,20,3,21,23,0,0,11,49,159,58,0,0,0,5
0,0,0,1,0,0,10,12,0,1,0,8,5,0,3,0,0,28,0,0,0,6,8,0,0,20,10,2,0,6,0,2,0,4,0,0,0,0,1,0,0,0,0,0,2065,5,3,1
2,2,2,3,30,6,126,4,2,2,0,109,1,0,7,1,0,0,0,0,1,1,47,0,2,804,0,1,0,5,1,0,0,1,2,0,0,1,3,6,1,1,6,5,2,2,2,1
1,0,5,2,2,0,0,32,2,0,2,3,0,0,13,0,0,148,0,0,25,2668,0,0,0,5,30,8,0,121,1,5170,1,0,1,0,0,1,0,1,0,0,0,0,16,0,1910,12
9,1,14,482,10,8,91,31,61,1,1,220,7,13,33,6,9,1,24,19,4,28,91,2,21,111,0,8,16,16,3,6,2,1,10,11,9,12,4,6,4,35,10,1,17,3,255,333
81,68,8,43,11,521,0,38,173,0,0,0,0,171,1,379,10,0,794,235,0,0,0,15,216,0,0,0,45,0,37,0,2,0,507,72,9,327,0,14,469,235,371,121,1,0,0,68
42,39,68,301,25,860,6,358,257,7,5,0,1,220,3,393,19,1,905,337,8,3,1,37,335,0,3,22,50,4,79,0,73,4,1259,57,20,645,1,15,293,259,710,212,1,0,1,306
9,4,1,12,9,569,0,0,1889,0,0,1,0,3,0,1106,0,0,56,887,0,2,0,0,48,0,0,3,0,0,2,0,1,0,121,3,1,8,0,9,19,1597,130,431,0,0,0,29
1,0,0,6,0,3,23,0,0,16,0,681,112,0,0,0,0,0,0,0,0,0,271,0,0,0,0,1,0,4,0,0,0,36,6,0,0,0,12,3,0,0,0,0,2,3,0,1
1,0,1,0,4,1,936,17,0,134,0,252,8,0,3,0,2,0,0,0,0,12,1126,0,0,1393,0,0,0,31,0,9,1,1,0,0,0,0,20,3,0,0,6,0,32,9,12,4
0,0,26,25,7,0,10,1149,4,6,1189,28,13,0,1240,0,0,3142,0,0,290,42,121,0,1,19,3891,11,0,2521,0,119,30,18,0,0,0,0,12,9,0,5,2,0,126,18,39,17
9,108,52,68,2164,9,0,7,14,4,0,0,0,2,10,52,756,2,5,157,24,0,0,96,15,0,7,127,45,0,24,0,21,0,29,673,133,222,0,181,9,3,224,394,1,0,3,16
2,0,1778,198,28,6,1,6,5,4,3,0,0,0,470,9,9,6,2,7,145,13,0,1,50,0,11,15,0,2,1,0,470,0,10,11,0,9,0,48,5,2,60,2,7,0,5,410
4,4,1009,1422,66,9,0,5,23,1,42,0,3,5,350,9,13,26,14,14,479,18,0,2,31,0,19,44,2,4,7,0,2606,10,141,20,6,30,0,46,25,5,89,7,32,2,4,689
1,0,160,239,13,4,0,0,8,0,10,0,0,0,116,1,2,0,1,5,36,9,0,0,1,0,12,7,0,0,0,0,462,0,5,0,0,3,0,5,2,7,0,1,1,0,1,222
3,476,3,0,40,1,0,5,0,0,0,0,0,32,0,2,521,0,30,4,0,0,0,91,10,0,0,13,78,0,3,0,0,0,13,526,55,184,0,2,17,0,7,19,0,0,0,1
0,19,0,0,3,0,0,0,0,0,0,0,0,0,0,3,256,0,1,60,0,0,0,47,0,0,0,0,6,0,9,0,0,0,0,90,17,14,0,1,2,0,0,156,0,0,0,0
0,5,0,0,8,7,223,75,1,2,0,219,7,4,0,1,2,3,3,0,0,1,56,1,8,1190,0,1,5,3,1,2,0,1,0,4,2,1,4,0,0,0,5,0,24,1,141,1
667,42,26,7,17,188,0,1,7,377,4,0,0,64,10,20,23,3,33,62,7,0,0,84,24,1,2,23,75,3,1470,0,5,0,27,30,63,51,0,1255,786,7,35,731,0,0,0,20
0,0,0,0,0,0,13,1,0,1128,0,24,210,0,0,0,0,0,0,0,0,0,37,0,0,0,0,0,0,6,0,0,0,1637,0,0,0,0,2175,0,0,0,0,0,67,2172,0,0
0,0,0,0,0,0,4,0,0,39,0,59,1954,0,0,0,0,0,0,0,0,0,18,0,0,0,0,0,0,0,0,0,0,99,0,0,0,0,56,0,0,0,0,0,5,3,0,0
2,3,0,3,3,5,1753,148,0,7,0,466,22,2,1,0,0,1,1,0,1,8,776,1,1,67,0,0,0,39,0,2,0,26,3,0,1,0,80,1,0,0,7,0,39,35,34,1
0,0,0,0,0,0,34,46,0,3,3,15,0,0,14,0,0,91,0,0,2,1,16,0,0,2,33,0,0,6,0,1,0,10,0,0,0,0,22,0,0,0,0,0,389,49,4,0
10,28,3,3,7,26,0,8,0,1,0,0,0,12,0,9,53,0,46,2,0,0,0,11,18,0,0,7,4,0,10,0,0,0,39,28,10,102,0,1,13,0,50,29,0,0,0,2
27,34,40,35,59,546,0,5,116,2,0,0,0,9,0,35,58,0,246,10,0,0,0,1,17,0,0,71,4,1,13,0,6,0,561,59,4,165,0,29,61,134,57,22,0,0,0,26
3,1,90,18,28,6,7,22,2,0,23,4,0,0,90,0,4,66,1,0,321,2,1,1,6,9,13,272,2,4,0,0,6,11,35,1,0,6,2,258,4,0,2,1,597,2,4,18
1,21,23,10,534,8,0,0,1,9,0,0,0,0,15,6,72,0,2,7,18,0,0,19,2,0,0,1678,2,1,49,0,2,0,12,24,16,89,0,81,1,1,128,75,1,0,0,15
81,5,3,5,4,32,0,0,647,0,0,20,0,1,19,26,0,0,26,10,1,0,1,0,4,0,1,0,0,0,11,0,1,0,37,9,0,1,0,235,23,364,21,22,0,0,0,6
0,0,1,3,0,0,5,2,0,286,1,42,102,0,5,0,0,0,0,0,12,1,26,0,0,2,2,11,0,6,0,1,0,1405,172,0,0,0,614,0,0,0,0,0,51,1017,0,0
0,0,0,1,0,0,0,0,0,7,0,28,75,0,4,1,0,0,0,0,0,0,0,0,0,0,1,0,0,1,0,0,1,21,5,0,0,0,3,0,0,0,0,0,1,1,0,0
