0.6301,0.26986,0.48614,0.39709,0.62248,0.27573,0.4272,0.30803,0.57065,0.53177,0.68128,0.24251,0.7134,0.43709,0.31444,0.33649,0.21477,0.74741,0.24538,0.34835,0.51324,0.92289,0.39399,0.26193,0.27128,0.36385,0.85642,0.604,0.31074,0.69335,0.42362,0.96188,0.64767,0.50119,0.34865,0.21661,0.26026,0.18366,0.70359,0.52363,0.29894,0.58285,0.26538,0.25,0.54071,0.65093,0.74491,0.22966
0.47797
24,805,0,0,0,0,0,0,0,1,0,0,0,64,0,0,71,0,5,5,0,0,0,765,13,0,0,0,221,0,138,0,0,0,0,116,748,29,0,0,40,0,1,18,0,0,0,0
4,9,1,0,1,8,0,1,3,0,0,0,0,1393,0,88,3,0,358,37,0,0,0,97,698,0,0,0,894,0,3,0,1,0,4,29,155,87,0,0,36,10,68,0,0,0,1,8
9,224,8,8,8,6,10,79,0,2,2,2,2,173,0,2,65,13,73,27,8,6,4,271,88,3,1,3,293,34,24,3,3,1,77,158,263,388,1,0,49,0,40,91,9,3,6,15
10,703,0,0,44,0,0,0,0,0,0,0,0,2,0,0,715,0,1,7,0,0,0,327,0,1,0,134,40,0,207,0,0,0,1,313,284,12,0,5,14,0,4,114,0,0,0,0
4,37,0,0,2,0,0,0,0,0,0,0,0,61,0,1,20,0,5,3,0,0,0,86,21,0,0,0,171,0,2,0,0,0,0,106,168,34,0,0,7,0,0,0,0,0,0,1
28,184,104,69,83,22,2,461,2,2,0,1,0,78,0,7,318,3,96,26,5,1,0,57,99,1,0,50,57,3,36,1,6,1,127,376,127,597,0,15,84,1,112,109,3,0,8,24
4,23,0,0,0,2,0,0,0,0,0,0,0,101,0,32,5,0,4,145,0,0,0,774,50,0,0,0,427,0,15,0,0,0,0,6,668,70,0,0,12,0,14,38,0,0,0,0
1,5,0,0,4,8,49,22,1,0,0,30,1,1,3,1,4,0,0,0,2,3,2,2,12,114,0,2,0,0,0,0,1,1,0,3,1,0,1,7,0,1,11,0,0,0,2,0
5,0,43,49,22,0,3,251,9,3,3046,21,6,0,1304,0,1,553,0,0,1841,22,22,0,8,4,482,30,0,221,3,22,50,12,7,0,0,1,2,50,0,9,2,1,56,8,12,43
0,0,0,0,0,0,15,1,0,14,0,359,188,0,0,0,0,0,0,0,0,0,171,0,0,0,0,0,0,1,0,0,0,39,0,0,0,0,31,0,0,0,0,0,1,2,0,0
1,7,0,11,5,8,572,62,1,4,0,178,5,2,6,1,1,0,1,1,1,16,91,0,8,47,0,2,1,4,0,3,0,2,3,2,0,1,13,8,0,0,8,0,21,4,40,5
1,1,43,34,30,9,279,407,6,1,52,25,0,2,70,6,1,75,5,2,175,6,9,0,119,30,8,162,3,16,0,14,16,7,41,2,1,18,6,7,0,1,12,0,218,11,6,22
23,2,31,371,26,28,0,0,16,1,74,6,0,2,337,3,0,1,10,4,131,0,1,0,1,2,1,27,0,17,5,0,163,0,149,0,0,5,0,9,37,7,0,0,7,0,1,290
211,100,3,5,1,39,0,17,8,0,0,0,0,676,0,129,14,0,590,68,0,0,0,78,422,0,0,0,361,0,110,0,1,0,52,129,71,306,0,2,217,12,152,46,0,0,0,30
0,20,2,0,166,0,0,2,0,0,0,0,0,0,0,0,459,0,0,2,0,2,0,9,1,0,0,21,1,0,3,0,0,0,0,234,5,7,0,1,0,0,4,6,0,0,4,0
0,0,96,101,6,2,0,7,3,0,3,0,0,5,10,0,4,1,5,1,10,2,0,0,7,0,0,5,1,0,2,1,101,0,26,1,1,11,0,1,4,2,16,3,0,0,0,279
1,0,7,3,9,1,6,399,1,0,4,4,1,0,45,0,1,37,0,0,10,14,4,0,0,9,8,11,0,572,1,13,4,0,1,1,0,2,3,1,0,1,4,0,45,3,16,21
2177,10,11,8,4,66,0,24,0,41,0,1,0,66,0,15,15,1,109,14,1,5,0,30,45,0,0,21,16,3,1178,0,4,0,109,17,15,73,0,106,956,1,29,235,1,0,2,19
0,1,0,0,0,120,0,1,55,0,0,0,0,35,0,925,0,0,177,402,0,0,0,31,151,0,0,0,28,0,2,0,0,0,17,4,20,23,0,0,12,48,165,60,0,0,0,5
0,0,0,1,0,0,8,10,0,2,0,8,5,0,4,0,0,23,0,0,0,6,8,0,0,20,10,1,0,7,0,2,0,4,0,0,0,0,2,0,0,0,0,0,2072,4,3,1
1,2,2,3,29,5,123,4,2,2,0,109,1,0,7,1,0,0,0,0,1,1,44,0,4,811,0,1,0,5,1,0,0,0,2,0,0,1,4,5,1,0,7,4,1,2,4,2
1,0,5,2,2,0,0,31,2,0,2,3,0,0,14,0,0,151,0,0,17,2693,0,0,0,5,32,8,0,112,1,5198,1,0,1,0,0,2,0,1,0,0,0,0,16,0,1866,14
11,1,15,473,9,7,85,32,62,1,1,221,7,13,32,6,10,0,27,15,3,28,86,2,22,110,0,8,16,15,3,6,2,0,11,11,10,12,5,5,4,34,9,1,20,4,275,330
82,66,8,42,11,527,0,39,170,0,0,0,0,172,1,384,11,0,797,220,0,0,0,16,216,0,0,0,48,0,36,0,2,0,516,70,6,328,0,14,465,230,370,125,1,0,0,69
43,40,68,313,28,868,8,351,248,7,5,0,1,208,3,409,20,1,890,342,9,4,1,40,341,0,4,21,60,5,77,0,64,4,1267,58,21,652,1,12,291,254,673,214,1,0,1,317
7,4,1,14,7,571,0,0,1882,0,0,1,0,2,0,1103,0,0,57,897,0,2,0,0,53,0,0,3,0,0,2,0,1,0,117,2,1,10,0,8,21,1597,140,417,0,0,0,30
1,0,0,5,0,3,18,0,0,17,0,680,109,0,0,0,0,0,0,0,0,0,278,0,0,0,0,0,0,4,0,0,0,36,7,0,0,0,13,3,0,0,1,0,2,3,0,1
1,0,1,0,5,1,926,15,0,132,0,249,8,0,3,0,2,0,0,0,0,13,1128,0,0,1403,0,0,0,31,0,8,1,2,0,0,0,0,22,3,0,0,4,0,31,8,14,7
0,0,27,25,5,0,7,1136,4,5,1195,32,15,1,1233,0,0,3107,0,0,280,41,118,0,1,19,3913,12,0,2555,0,125,30,16,0,0,0,0,8,9,0,5,2,0,126,20,41,17
8,108,52,67,2165,10,0,6,13,4,0,0,0,2,11,49,756,1,5,167,23,0,0,101,18,0,8,121,47,0,25,0,20,0,27,673,134,222,0,170,8,5,224,394,0,0,4,18
2,0,1771,189,28,7,1,6,5,4,3,0,0,0,460,8,8,5,3,7,161,13,0,1,51,0,14,16,0,3,1,0,482,0,9,12,0,9,0,46,5,1,58,2,6,0,5,409
4,4,995,1393,72,8,2,6,20,1,45,0,3,6,332,10,14,23,14,12,513,16,0,2,29,0,20,43,2,3,8,0,2636,9,140,18,7,29,0,48,20,6,100,5,32,1,3,683
2,0,158,240,13,4,0,0,7,0,10,0,0,0,116,1,2,0,0,5,37,12,0,0,1,0,11,7,0,0,0,0,460,0,4,0,0,3,0,6,1,7,0,1,1,0,1,224
3,478,3,0,39,0,0,3,0,0,0,0,0,30,0,1,525,0,30,4,0,0,0,97,9,0,0,12,77,0,4,0,0,0,14,516,60,188,0,2,15,0,6,19,0,0,0,1
0,19,0,0,2,0,0,0,0,0,0,0,0,0,0,3,250,0,1,60,0,0,0,49,0,0,0,4,6,0,9,0,0,0,0,91,15,14,0,1,2,0,1,157,0,0,0,0
0,2,0,0,6,7,216,78,1,3,0,221,6,4,0,0,2,3,3,0,0,0,53,0,10,1193,0,1,4,3,1,2,0,1,0,4,3,2,5,0,0,0,5,0,25,1,145,2
663,41,25,7,21,191,0,1,5,376,4,0,0,62,10,19,25,3,34,69,5,0,0,83,25,1,1,22,93,4,1453,0,4,0,31,28,60,48,0,1252,793,7,36,731,0,0,0,17
0,0,0,0,0,0,13,2,0,1113,0,23,221,0,0,0,0,0,0,0,0,0,38,0,0,0,0,0,0,7,0,0,0,1688,0,0,0,0,2115,0,0,0,0,0,57,2193,0,0
0,0,0,0,0,0,4,0,0,40,0,54,1964,0,0,0,0,0,0,0,0,0,21,0,0,0,0,0,0,0,0,0,0,82,0,0,0,0,63,0,0,0,0,0,5,4,0,0
2,1,0,3,3,5,1784,149,0,8,0,471,26,2,0,0,0,0,2,0,1,9,742,1,1,68,0,0,0,40,0,4,0,23,3,0,1,1,75,1,0,0,7,0,39,32,34,1
0,0,0,0,0,0,32,48,0,3,3,15,0,0,15,0,0,91,0,0,2,2,15,0,0,4,33,0,0,5,0,1,0,11,0,0,0,0,20,0,0,0,0,0,389,47,5,0
11,29,3,4,8,27,0,9,0,0,0,0,0,11,0,9,51,0,44,5,0,0,0,11,18,0,0,7,4,1,7,0,0,0,42,27,9,103,0,2,12,0,47,29,0,0,0,2
26,33,38,31,62,539,0,4,122,2,0,0,0,11,0,34,58,0,251,10,0,0,0,1,17,0,0,71,3,1,11,0,5,0,563,60,4,169,0,28,63,135,55,20,0,0,0,26
2,1,93,17,30,6,6,22,3,0,21,4,0,0,89,0,5,65,1,0,321,0,1,1,6,8,19,271,2,5,0,0,8,10,38,1,0,6,2,253,3,0,2,2,593,2,6,18
1,19,24,12,519,10,0,0,0,9,0,0,0,0,14,4,84,0,1,8,17,0,0,23,3,0,0,1690,1,1,53,0,2,0,11,28,16,87,0,81,2,1,125,61,1,0,0,15
81,4,3,5,3,33,0,0,647,0,0,19,0,2,19,26,0,0,28,10,1,0,1,0,5,0,1,0,0,0,9,0,1,0,40,11,0,0,0,229,24,365,22,21,0,0,0,6
0,0,1,3,0,0,6,2,0,287,1,41,108,0,5,0,0,0,0,0,12,1,25,0,0,3,2,11,0,6,0,1,0,1399,172,0,0,0,611,0,0,0,0,0,52,1016,0,2
0,0,1,0,0,0,1,0,0,8,0,26,76,0,4,1,0,0,0,0,0,0,0,0,0,0,1,0,0,1,0,0,1,20,5,0,0,0,3,0,0,0,0,0,1,1,0,0
