0.6299,0.27094,0.48855,0.39278,0.62765,0.27811,0.43393,0.30707,0.57173,0.52098,0.68364,0.23784,0.70641,0.43461,0.31543,0.34149,0.21441,0.74615,0.24896,0.34476,0.50806,0.92174,0.40315,0.25921,0.27048,0.36465,0.8555,0.6071,0.30908,0.69406,0.42289,0.96107,0.64805,0.50263,0.34618,0.21953,0.25911,0.18612,0.70602,0.52265,0.2981,0.5857,0.25577,0.25103,0.54037,0.65164,0.72742,0.22616
0.47787
27,815,0,0,0,0,0,0,0,0,0,0,0,65,0,0,67,0,4,4,0,0,0,755,13,0,0,0,219,0,144,0,0,0,0,111,747,27,0,1,41,0,2,22,0,0,0,0
4,10,1,0,1,8,0,2,3,0,0,0,0,1399,0,91,3,0,355,36,0,0,0,98,690,0,0,0,892,0,5,0,1,0,4,32,155,84,0,0,36,10,67,0,0,0,1,9
7,216,10,10,9,7,10,87,1,2,2,2,2,173,0,2,61,13,75,26,6,7,4,278,87,3,1,3,290,33,25,4,1,0,70,152,269,381,1,0,54,0,38,98,8,3,5,19
11,680,2,0,42,0,0,0,0,0,0,0,0,1,0,0,735,0,1,7,0,0,0,336,0,1,0,111,38,0,234,0,0,0,1,306,290,12,0,4,15,0,4,107,0,0,0,0
4,38,0,0,2,0,0,0,0,0,0,0,0,63,0,1,19,0,5,3,0,0,0,84,20,0,0,0,168,0,5,0,0,0,0,102,175,32,0,0,6,0,0,1,0,0,0,1
30,189,106,66,81,21,3,468,2,2,0,1,0,76,0,6,317,4,92,25,4,1,0,64,98,1,0,56,63,3,38,0,6,1,132,369,122,586,0,12,87,1,114,106,2,0,7,24
4,29,0,0,0,2,0,0,0,0,0,0,0,101,0,31,4,0,3,141,0,0,0,767,56,0,0,0,431,0,16,0,0,0,0,7,669,64,0,0,12,0,12,41,0,0,0,0
1,5,0,0,6,7,47,22,1,0,0,33,0,0,4,1,4,0,0,0,2,3,2,2,10,114,0,2,0,0,0,0,1,1,0,1,1,1,1,6,0,1,14,0,0,0,2,0
5,0,41,45,22,0,4,253,9,3,3047,21,6,0,1304,0,1,547,0,0,1828,24,23,0,5,3,499,34,0,222,3,22,53,13,7,1,0,1,2,48,0,8,1,1,54,7,14,43
0,0,0,0,0,0,15,0,0,13,0,361,187,0,0,0,0,0,0,0,0,0,172,0,0,0,0,0,0,1,0,0,0,39,0,0,0,0,33,0,0,0,0,0,0,1,0,0
1,10,0,10,4,7,560,60,2,3,0,190,4,2,7,1,0,0,2,0,1,16,91,0,5,46,0,2,0,4,0,3,0,4,5,1,0,1,7,6,0,0,15,0,23,5,43,5
1,1,42,33,31,7,279,409,8,1,50,25,0,3,70,6,0,76,4,1,178,4,10,0,116,31,9,160,2,14,0,14,17,6,39,0,1,19,8,8,0,1,14,0,219,11,8,23
27,2,25,363,27,25,0,0,15,1,75,7,0,1,329,6,0,1,7,5,132,0,1,0,1,1,0,27,0,19,3,0,172,0,158,0,0,3,0,12,30,7,2,0,7,0,0,297
205,104,3,4,1,41,0,17,8,0,0,0,0,702,0,125,15,0,583,72,0,0,0,80,420,0,0,0,362,0,111,0,1,0,52,127,72,294,0,2,219,9,146,43,0,0,0,32
0,15,2,1,144,0,0,3,0,0,0,0,0,0,0,0,472,0,0,2,0,2,0,11,1,0,0,22,1,0,3,0,0,0,0,242,6,6,0,2,0,0,3,8,0,0,3,0
0,0,94,105,4,3,0,6,4,0,3,0,0,5,9,0,4,2,5,1,9,2,0,0,8,0,0,6,0,0,2,1,96,0,24,1,0,10,0,1,4,3,15,4,1,0,0,285
2,0,8,4,9,1,7,399,1,0,6,4,1,0,45,0,1,34,0,0,7,12,3,0,0,10,8,11,0,574,1,13,3,0,1,1,0,2,3,1,0,1,4,0,46,3,14,23
2187,10,13,8,6,64,1,23,0,49,0,1,0,67,0,13,15,0,111,14,1,5,0,23,45,0,0,18,16,4,1156,0,4,0,108,19,11,71,0,105,956,1,27,254,0,0,1,21
0,0,0,1,0,124,0,1,55,0,0,0,0,34,0,916,0,0,180,399,0,0,0,32,155,0,0,0,27,0,3,0,0,0,19,4,20,23,0,0,12,46,169,57,0,0,0,5
0,0,0,1,0,0,10,11,0,0,0,9,5,0,3,0,0,24,0,0,0,6,7,0,0,18,10,2,0,8,0,2,0,6,0,0,0,0,2,0,0,0,0,0,2068,4,4,1
2,2,2,3,30,6,125,4,2,3,0,110,1,0,7,0,1,0,0,0,1,1,43,0,3,804,0,1,0,5,1,0,0,0,1,1,0,1,4,5,1,0,9,5,2,2,3,1
1,0,5,2,1,0,0,30,2,0,2,5,0,0,15,0,0,152,0,0,18,2697,0,0,0,7,31,8,0,107,0,5283,0,0,1,0,0,2,0,1,0,0,0,0,15,0,1780,15
12,2,15,473,8,7,83,31,59,1,1,220,7,11,32,7,10,1,19,17,2,27,89,2,24,108,0,8,19,16,2,4,2,0,13,11,8,12,6,4,4,36,10,1,19,4,285,328
81,67,8,44,12,527,0,41,170,0,0,0,0,171,1,380,12,0,800,230,0,0,0,15,221,0,0,1,47,0,37,0,2,0,518,74,5,335,0,15,463,222,363,107,1,0,0,72
38,41,68,313,32,873,6,346,250,6,6,0,1,217,3,395,20,2,901,340,10,3,1,41,344,0,4,22,63,8,73,0,73,4,1258,62,20,657,1,13,295,248,654,204,2,0,1,326
7,4,1,13,7,565,0,0,1893,0,0,1,0,3,0,1116,0,0,55,885,0,2,0,0,53,0,0,3,0,0,1,0,1,0,121,3,0,10,0,9,21,1589,149,410,0,0,0,28
1,0,0,5,0,2,18,0,0,17,0,675,112,0,0,0,0,0,0,0,0,0,278,0,0,0,0,1,0,3,0,0,0,41,6,0,0,0,10,3,0,0,2,0,2,3,0,2
2,1,1,0,4,0,930,15,0,134,0,248,8,1,3,0,1,0,0,0,0,13,1128,0,0,1401,0,0,0,28,0,7,1,1,0,0,0,0,22,3,0,0,5,0,29,8,18,6
0,0,25,26,6,0,7,1134,3,5,1174,36,13,1,1230,0,0,3104,0,0,273,43,118,0,1,22,3931,11,0,2559,0,136,30,18,0,0,0,0,10,8,0,5,2,0,128,19,36,16
12,114,52,65,2129,10,0,6,14,4,0,0,0,2,11,51,756,2,5,168,25,0,0,104,18,0,7,126,47,1,26,0,20,0,28,679,139,218,0,168,9,2,239,390,1,0,3,15
2,0,1770,192,32,8,1,5,6,5,3,0,0,0,448,7,7,4,2,6,165,12,0,1,43,0,14,17,0,3,1,0,470,0,10,11,0,11,0,47,6,1,66,1,7,0,5,422
4,4,992,1361,71,7,2,6,19,1,49,0,3,4,331,11,13,28,13,12,535,20,0,1,25,0,15,44,3,2,6,1,2646,9,136,18,5,34,0,51,20,5,105,7,32,1,2,683
2,0,150,236,14,5,0,0,7,0,9,0,0,0,119,1,2,0,0,5,39,11,0,0,1,0,10,7,0,0,1,0,461,0,6,0,0,3,0,7,1,7,0,0,1,0,1,228
3,489,3,0,38,1,0,4,0,0,0,0,0,27,0,1,525,0,30,4,0,0,0,104,9,0,0,12,76,0,4,0,0,0,13,500,62,184,0,2,16,0,7,21,0,0,0,1
0,19,0,0,2,0,0,0,0,0,0,0,0,0,0,4,246,0,1,60,0,0,0,50,0,0,0,3,6,0,8,0,0,0,0,95,15,15,0,1,2,0,1,156,0,0,0,0
0,1,0,0,5,6,211,79,0,3,0,219,6,4,0,0,2,3,3,0,0,1,51,0,8,1182,0,1,6,3,0,2,0,1,0,4,3,3,4,0,0,0,7,0,25,1,167,1
667,42,26,8,22,193,0,0,5,382,4,0,0,61,10,17,23,3,35,66,6,0,0,71,24,1,2,24,98,4,1456,0,5,0,34,26,62,46,0,1246,792,7,34,728,1,0,0,19
0,0,0,0,0,0,18,1,0,1068,0,24,238,0,0,0,0,0,0,0,0,0,35,0,0,0,0,0,0,6,0,0,0,1722,0,0,0,0,2087,0,0,0,0,0,60,2211,0,0
0,0,0,0,0,0,3,0,0,41,0,56,1961,0,0,0,0,0,0,0,0,0,22,0,0,0,0,0,0,1,0,0,0,79,0,0,0,0,65,0,0,0,0,0,5,4,0,0
1,3,0,3,4,4,1829,141,0,8,0,485,26,1,0,0,0,1,2,0,1,11,680,1,1,68,0,0,0,41,0,3,0,22,4,0,0,1,77,1,0,0,9,0,39,36,35,1
0,0,0,0,0,0,30,47,0,3,3,14,1,0,14,0,0,93,0,0,2,2,14,0,0,7,34,0,0,4,0,1,0,12,0,0,0,0,18,0,0,0,0,0,390,48,4,0
11,29,3,4,9,28,0,14,0,0,0,0,0,12,0,10,48,1,44,6,0,0,0,11,17,0,0,6,5,1,8,0,0,0,40,27,9,102,0,2,12,0,44,27,0,0,0,2
26,38,33,32,61,534,0,4,120,2,0,0,0,11,0,35,56,0,252,11,0,0,0,1,17,0,0,76,3,1,9,0,6,0,563,62,4,172,0,26,66,134,51,21,0,0,0,26
3,1,92,17,26,6,7,21,3,0,22,6,1,0,93,0,5,65,1,0,324,0,0,1,6,11,16,270,2,4,0,0,7,10,35,1,0,6,2,259,3,0,2,2,587,2,5,19
1,21,25,9,485,10,0,0,0,8,0,0,0,0,18,5,81,0,2,11,16,0,0,26,2,0,0,1709,2,1,52,0,2,0,9,31,13,101,0,77,2,1,129,59,1,0,0,14
80,6,3,5,5,30,0,0,649,0,0,19,0,1,19,28,0,0,27,10,1,0,1,0,4,0,1,0,0,0,9,0,1,0,40,12,0,0,0,228,22,368,22,19,0,0,0,6
0,0,1,3,0,0,9,3,0,278,1,39,116,0,5,0,0,0,0,0,12,1,25,0,0,3,2,11,0,6,0,1,0,1417,173,0,0,0,590,0,0,0,0,0,51,1019,0,1
0,0,1,0,0,0,0,0,0,7,0,27,77,0,4,1,0,0,0,0,0,0,0,0,0,0,1,0,0,1,0,0,1,20,5,0,0,0,3,0,0,0,0,0,1,1,0,0
