0.60482,0.18753,0.3781,0.47626,0.50538,0.33333,0.47039,0.26649,0.4012,0.43349,0.51203,0.22518,0.56171,0.55031,0.3627,0.40318,0.20475,0.76576,0.25833,0.42538,0.3696,0.92717,0.36835,0.1981,0.29867,0.40781,0.76287,0.38856,0.20378,0.54638,0.44909,0.97115,0.53431,0.4452,0.32507,0.54081,0.24613,0.24816,0.48928,0.55286,0.29747,0.53154,0.19177,0.28788,0.40698,0.69933,0.44524,0.22736
0.45265
29,620,0,0,1,0,0,1,0,2,0,0,0,45,0,0,108,0,3,0,0,0,0,444,1,0,0,0,167,0,467,0,0,0,0,3,1096,3,0,0,37,0,0,20,0,0,17,0
2,12,0,2,0,23,0,1,38,0,0,0,0,2155,0,122,0,0,350,11,0,0,0,30,77,0,0,0,398,0,9,0,0,0,0,0,487,52,0,0,200,16,5,3,0,0,3,1
15,348,4,1,23,31,5,57,6,7,2,3,0,151,1,2,80,6,91,5,12,7,2,248,62,6,1,7,303,20,43,8,1,0,40,5,483,266,5,1,39,1,17,114,4,2,13,7
16,734,1,0,23,0,0,0,0,1,0,0,0,1,0,0,655,0,3,0,0,0,0,815,1,0,0,56,34,0,236,0,1,0,0,43,244,1,0,11,4,0,0,35,0,0,23,0
7,53,0,0,0,0,0,0,0,0,0,0,0,59,0,2,34,0,23,0,0,0,0,52,1,0,0,0,53,0,4,0,0,0,0,2,417,4,0,0,12,0,0,0,0,0,6,0
35,305,40,39,72,58,0,203,2,18,2,0,0,44,0,3,232,0,128,21,16,2,0,255,122,0,0,104,132,3,60,0,8,0,100,109,138,698,0,20,80,4,98,161,3,0,53,18
4,148,0,1,2,27,0,0,0,1,0,0,0,103,0,20,7,0,7,47,0,0,0,511,2,0,0,0,615,0,30,0,0,0,0,0,743,4,0,0,59,0,2,54,0,0,3,0
1,6,0,0,0,8,28,2,1,4,0,49,0,0,2,0,4,0,2,0,1,1,7,6,17,89,0,1,1,0,1,2,0,2,0,3,1,11,2,4,0,4,21,3,6,0,5,0
5,1,28,15,12,2,8,61,2,10,3404,6,18,0,1268,1,1,559,0,9,1104,30,10,0,16,3,930,155,0,169,1,20,79,25,36,5,0,0,10,55,3,9,0,1,52,5,6,90
0,0,0,0,0,0,19,0,0,8,0,127,266,0,0,0,0,0,0,0,0,0,317,0,0,0,0,0,0,0,0,0,0,39,0,0,0,0,40,0,0,0,0,0,1,5,0,0
2,6,0,13,0,7,481,12,1,5,0,305,7,1,3,1,1,2,3,1,1,7,94,1,26,33,1,1,0,5,0,6,0,9,1,0,2,18,32,0,2,7,8,0,18,5,17,1
1,3,37,17,25,8,288,32,1,4,63,50,0,6,57,6,0,81,10,6,40,7,8,1,168,26,55,168,3,7,0,6,46,16,80,12,3,47,4,4,8,8,12,0,483,12,9,31
50,4,30,51,22,22,1,0,9,5,112,14,8,1,149,16,0,0,6,48,25,0,3,0,7,0,15,39,0,6,3,0,544,9,284,6,0,11,2,20,32,11,0,4,8,0,1,210
171,121,2,3,5,260,0,2,37,4,0,0,0,785,0,180,15,0,698,27,0,0,0,118,173,0,0,0,251,0,77,0,0,0,20,0,268,212,0,2,311,11,15,79,0,0,2,1
1,55,1,1,43,0,0,0,0,0,0,0,0,0,0,0,448,0,0,1,1,0,0,100,3,0,0,102,4,0,4,1,0,0,1,148,9,1,0,0,0,0,7,6,0,0,11,1
1,1,117,67,25,3,0,20,3,0,2,0,0,2,27,4,1,2,8,1,25,0,0,3,14,0,0,4,1,0,0,0,38,0,45,3,2,19,0,2,7,3,34,2,1,0,3,227
2,1,2,1,0,0,5,404,1,1,5,1,1,0,36,1,4,61,1,1,10,9,3,0,4,28,19,5,0,557,0,13,6,2,3,2,0,0,6,2,0,0,4,0,36,1,7,18
2083,16,7,4,7,224,0,10,5,121,1,1,1,79,0,13,13,0,154,8,1,4,0,13,55,0,0,10,58,1,802,0,1,0,69,12,22,67,0,91,929,3,8,524,0,0,5,6
2,3,0,1,9,150,0,0,150,0,0,0,0,107,0,763,0,0,387,231,0,0,0,34,34,0,0,0,104,0,0,0,0,0,4,0,22,9,0,0,97,52,77,44,0,0,0,2
0,0,0,0,0,0,11,6,0,0,2,5,5,0,1,0,0,20,0,0,0,3,10,0,1,10,10,0,0,4,0,6,0,3,0,0,0,0,618,0,0,0,0,0,1470,12,3,1
2,3,1,3,4,6,72,27,0,29,1,251,1,0,7,1,3,0,0,0,0,0,60,0,8,530,0,2,0,4,0,0,0,0,1,27,0,3,2,4,1,3,118,6,4,1,5,2
0,0,5,5,0,0,0,43,2,0,10,1,0,0,8,0,3,272,0,0,12,2877,0,0,3,2,29,8,0,96,0,5891,0,0,3,1,0,2,2,0,0,0,0,0,15,0,870,20
20,8,14,357,8,4,118,32,180,2,0,103,11,18,24,11,5,0,22,68,0,34,90,3,61,83,0,3,11,7,1,3,6,2,21,9,8,19,20,7,11,16,3,0,48,4,253,332
93,60,7,13,22,761,0,2,361,7,0,0,1,108,0,582,6,0,1080,188,0,0,0,59,161,0,0,9,106,0,22,0,1,0,198,4,19,400,0,1,265,187,157,161,0,0,0,1
40,46,93,113,41,1322,3,82,249,30,7,0,2,120,11,527,7,0,1248,344,12,2,0,43,586,0,3,40,161,5,39,0,15,2,761,6,26,877,1,44,271,330,302,336,0,1,9,88
1,1,8,4,10,391,0,0,1137,1,0,1,0,4,1,1978,0,0,88,1220,0,1,0,3,21,0,0,6,7,0,1,0,0,0,27,0,0,8,0,13,19,1306,345,337,0,0,0,11
1,0,0,0,0,3,17,1,0,24,0,376,165,0,2,0,0,0,0,0,0,0,503,0,0,2,0,0,0,2,0,0,0,64,3,0,0,0,13,0,0,1,0,0,1,2,0,1
1,0,0,7,1,1,615,56,0,39,0,617,15,1,3,0,2,3,0,1,1,4,1080,0,9,1159,2,1,0,26,0,3,0,7,0,153,0,3,40,0,0,2,35,1,46,12,69,3
0,0,19,11,2,0,23,347,1,16,2855,17,38,0,894,0,0,3681,1,7,127,65,49,0,5,25,4282,33,0,1178,0,93,41,41,8,1,0,0,22,7,0,2,2,1,165,15,10,46
30,285,41,28,1408,19,0,3,1,2,1,0,1,3,9,29,644,2,10,210,33,0,0,399,24,0,6,464,155,0,43,0,30,1,38,1292,90,69,0,79,32,6,29,93,2,0,37,18
1,6,1250,143,54,10,0,7,2,2,16,0,0,1,482,5,6,6,4,5,230,15,0,7,92,0,11,39,1,1,4,0,795,0,40,17,0,15,0,63,12,7,187,9,5,0,7,254
9,12,1220,963,254,13,0,12,10,1,101,2,3,2,295,12,13,23,13,49,860,12,0,12,60,1,24,62,6,3,5,0,2250,12,189,12,8,34,2,33,41,5,177,8,22,1,14,477
2,0,218,60,102,3,0,0,3,0,13,0,0,0,165,4,0,1,1,17,253,6,0,0,1,0,9,4,0,1,0,0,299,0,17,1,0,2,0,13,2,5,0,1,0,0,1,130
9,640,0,0,36,4,0,0,0,0,0,0,0,27,0,0,347,0,41,2,0,0,0,476,1,0,0,38,57,0,16,0,0,0,0,41,231,109,0,7,25,0,3,8,0,0,18,0
0,193,0,0,46,0,0,0,0,0,0,0,0,1,0,1,60,0,1,1,0,0,0,290,0,0,0,2,21,0,16,0,0,0,0,4,14,4,0,3,10,0,0,17,0,0,0,0
0,5,0,43,3,7,233,11,0,8,0,222,7,8,0,1,4,1,5,0,0,2,58,4,21,764,0,1,4,3,0,1,0,1,0,4,0,14,37,2,1,3,22,0,100,1,410,1
711,79,23,9,13,218,0,5,7,180,13,1,0,61,4,21,23,2,53,56,3,0,0,34,11,2,2,9,299,0,1579,0,14,0,32,17,92,34,0,1255,459,18,4,891,0,0,6,10
0,0,0,0,0,0,21,2,0,844,0,5,635,0,0,0,0,1,0,0,0,0,23,0,0,1,0,0,0,3,0,0,0,1324,0,0,0,0,1461,0,0,0,0,0,31,3119,0,0
0,0,0,0,0,0,3,0,0,19,0,12,2039,0,0,0,0,0,0,0,0,0,28,0,0,5,0,0,0,2,0,0,0,33,0,0,0,0,91,0,0,0,0,0,0,5,0,0
2,3,0,10,0,7,1779,43,0,5,0,501,29,2,1,0,0,0,5,0,0,11,565,0,9,63,0,1,0,35,0,5,0,72,0,0,1,2,212,0,2,3,9,0,76,58,28,0
0,0,0,0,0,0,37,3,0,4,8,11,1,0,3,0,0,61,0,0,1,2,9,0,0,2,52,0,0,2,0,4,0,23,0,0,0,0,48,0,0,0,2,0,412,51,4,1
10,40,2,3,15,34,0,2,1,2,1,0,0,9,0,12,35,0,55,3,0,0,0,45,16,0,0,8,23,0,7,0,0,0,12,9,20,80,0,5,17,1,11,52,0,0,1,1
33,54,29,14,70,164,0,4,127,1,1,0,0,10,3,458,24,0,290,8,3,0,0,36,26,0,0,72,6,0,5,0,0,0,131,33,2,397,0,105,118,157,30,30,0,0,4,8
4,1,96,11,22,2,6,7,2,5,27,5,1,2,29,1,4,23,1,1,146,2,1,1,18,6,151,271,0,4,2,1,33,18,108,11,0,7,23,261,4,1,2,1,564,6,16,35
3,38,6,6,403,9,0,15,0,6,0,0,0,0,4,4,410,0,1,2,70,0,0,69,37,0,0,1100,37,1,37,0,2,0,6,394,1,29,0,148,6,0,20,33,0,0,5,21
45,3,1,1,3,165,0,1,495,0,1,40,0,0,4,125,0,0,38,268,0,0,0,2,4,0,1,1,0,0,2,0,0,0,9,0,4,3,0,8,7,275,32,60,0,0,0,18
0,0,3,2,0,0,7,0,0,520,0,8,276,0,3,0,0,0,0,0,0,0,11,0,4,1,9,5,0,10,0,3,0,1381,50,0,0,0,290,0,0,0,1,0,39,1141,0,3
0,0,1,0,0,0,2,0,0,9,0,6,99,0,0,0,0,0,0,1,0,0,1,0,0,1,1,0,0,1,0,0,1,16,4,0,0,0,3,0,0,0,0,0,0,1,0,3
