0.62744,0.2395,0.47627,0.42871,0.63612,0.30065,0.4345,0.18132,0.56744,0.52938,0.66979,0.22551,0.65674,0.47145,0.31107,0.32322,0.2121,0.75186,0.25488,0.34063,0.46744,0.91938,0.41542,0.23638,0.2375,0.36567,0.82302,0.59482,0.3024,0.70183,0.42087,0.95306,0.6419,0.4886,0.34593,0.2614,0.25368,0.19552,0.70416,0.55149,0.28268,0.59134,0.25353,0.23003,0.52885,0.65149,0.66106,0.20277
0.47517
19,730,0,0,0,0,0,1,0,1,0,0,0,63,0,0,72,0,3,5,0,0,0,684,9,0,0,0,215,0,313,0,0,0,0,82,775,16,0,0,53,0,1,22,0,0,0,0
3,28,2,0,1,7,0,2,3,0,0,0,0,1511,0,95,3,0,332,31,0,1,0,104,603,0,0,0,919,0,9,0,2,0,5,17,158,56,0,0,54,10,37,0,0,0,0,4
5,228,13,12,10,8,7,86,4,0,4,1,1,174,1,4,70,6,70,31,4,5,3,343,80,4,0,5,303,40,23,6,2,5,59,107,302,304,2,1,49,1,23,112,10,1,3,23
8,652,3,0,30,0,0,0,0,0,0,0,0,2,0,0,776,0,1,7,0,0,0,367,0,0,0,75,37,0,277,0,0,0,0,245,302,5,0,9,16,0,1,125,0,0,0,0
3,44,0,0,0,0,0,0,0,0,0,0,0,52,0,1,19,0,4,3,0,0,0,110,21,0,0,0,161,0,5,0,0,0,0,75,200,21,0,0,10,0,0,0,0,0,0,0
29,177,93,75,70,27,0,491,1,2,1,0,0,78,0,7,334,1,90,45,10,2,0,104,90,1,2,47,69,2,41,0,6,2,124,306,137,536,0,8,79,3,141,129,4,0,7,15
3,37,0,0,0,5,0,0,0,0,0,0,0,105,0,36,3,0,4,130,0,0,0,755,51,0,0,0,457,0,22,0,0,0,0,4,694,27,0,0,15,0,9,33,0,0,0,0
1,3,0,0,3,8,45,28,0,0,0,34,1,1,6,1,5,0,1,0,1,5,1,3,3,110,0,2,0,0,0,0,1,1,0,0,2,5,1,6,0,1,15,0,0,0,1,0
5,0,43,25,19,0,8,134,8,3,3144,29,8,0,1337,1,3,676,0,2,1486,31,12,0,6,14,681,47,0,228,0,29,47,14,4,0,0,1,1,52,1,7,1,1,68,5,17,26
0,0,0,0,0,0,13,0,0,10,0,309,259,0,0,0,0,0,0,0,0,0,168,0,0,0,0,0,0,1,0,0,0,26,0,0,0,0,34,0,0,0,0,0,0,2,0,0
1,16,0,7,2,5,481,118,1,4,0,202,7,4,9,0,0,0,2,0,0,23,81,0,6,54,0,2,0,5,0,2,0,4,4,1,0,3,10,15,1,0,15,0,19,7,30,5
1,0,40,28,27,5,264,431,7,1,77,38,0,3,111,6,2,85,6,2,57,3,8,0,98,31,9,209,4,15,0,21,18,5,39,2,2,24,8,7,0,3,21,0,212,11,5,13
34,2,34,110,16,25,0,0,21,5,123,20,0,1,470,8,1,1,10,4,31,0,3,1,1,3,5,35,0,17,2,0,246,2,134,0,0,7,0,21,19,10,6,1,16,0,1,342
218,120,2,1,3,58,0,10,5,0,0,0,0,675,0,143,19,0,594,59,0,0,0,123,427,0,0,0,402,0,91,0,3,0,51,91,83,255,0,2,250,9,98,41,0,0,0,17
0,22,2,1,123,0,0,4,0,0,0,0,0,0,0,0,487,0,0,3,0,2,0,9,1,0,0,20,1,0,8,0,0,0,0,237,9,4,0,1,0,0,2,11,0,0,2,0
0,0,109,107,3,4,0,6,2,0,2,0,0,3,8,0,3,3,6,1,16,2,0,1,6,0,0,7,1,0,3,1,78,0,22,0,0,11,0,1,3,1,11,2,1,0,0,293
1,0,7,4,6,0,6,416,2,0,3,4,1,0,43,0,1,47,0,0,7,14,4,0,0,13,11,19,0,544,1,13,2,1,1,0,0,2,3,2,0,1,5,0,39,2,15,23
2314,12,15,9,10,82,0,25,1,57,1,1,0,59,0,14,14,0,124,15,0,5,0,24,51,0,0,23,20,2,1044,0,5,0,109,25,10,65,0,128,891,1,19,240,1,0,1,11
1,3,0,0,0,114,0,0,60,0,0,0,0,39,0,908,0,0,194,364,0,0,0,29,189,0,0,0,44,0,1,0,0,0,18,3,20,15,0,0,14,38,185,38,0,0,0,5
0,0,0,0,0,0,12,15,0,0,0,8,8,0,3,0,0,33,0,0,0,4,10,0,0,17,9,1,0,4,0,3,0,8,0,0,0,0,3,0,0,0,0,0,2053,5,4,1
1,2,3,2,23,8,123,9,2,2,1,109,4,0,4,0,1,0,0,0,0,0,52,0,1,798,0,0,0,3,1,0,1,1,2,3,0,4,5,7,1,1,5,3,2,3,4,1
1,0,6,3,2,0,0,28,2,0,1,2,0,0,12,0,0,132,0,0,11,2794,0,0,0,5,22,11,0,114,0,5583,0,0,1,0,0,1,0,0,0,0,0,0,17,0,1416,16
12,1,21,458,9,5,72,35,80,1,1,218,6,13,24,5,10,0,24,13,0,18,75,2,21,80,0,4,16,13,1,5,4,0,13,20,7,19,7,8,6,37,8,2,21,3,337,325
89,73,6,52,25,526,0,31,162,0,0,0,0,144,1,385,9,0,838,213,0,0,0,23,244,0,0,0,59,0,29,0,1,0,503,72,5,355,0,4,479,218,339,110,1,0,0,46
48,31,53,328,50,926,4,327,253,7,7,2,1,166,4,446,20,3,966,342,15,4,0,33,389,0,8,32,78,9,58,0,75,8,1181,72,19,637,0,15,317,240,593,202,1,1,1,273
10,6,0,14,7,526,0,0,1931,0,0,0,0,3,0,1065,1,0,77,887,0,2,0,0,69,0,0,5,0,0,2,0,1,0,95,4,0,3,0,3,22,1612,167,406,0,0,0,32
1,0,0,0,0,0,23,0,0,9,0,640,162,0,2,0,0,0,0,0,0,0,273,0,0,0,0,0,0,3,0,0,0,32,7,0,0,0,13,9,0,0,2,0,1,3,0,1
1,1,0,1,5,0,891,23,0,125,0,277,10,0,4,0,2,0,1,0,0,11,1142,1,0,1372,0,1,1,22,0,6,1,1,0,3,0,0,26,1,1,2,11,0,32,14,18,11
0,0,26,10,6,0,16,590,3,7,1194,45,22,1,1128,0,0,3630,0,0,175,50,66,0,0,27,4097,13,0,2608,0,179,27,13,1,0,0,0,12,9,0,5,4,0,117,20,19,10
10,121,54,52,2131,13,0,6,20,3,1,0,0,1,13,55,778,2,2,209,17,0,0,124,27,0,11,127,51,1,26,0,32,0,36,751,130,146,0,92,9,4,190,404,3,0,4,10
4,0,1736,216,29,12,0,6,5,4,4,1,0,0,436,6,5,4,4,7,219,14,0,2,30,0,15,15,0,1,1,0,458,0,14,10,0,17,0,47,5,1,73,1,14,0,5,390
5,4,1024,1290,63,4,2,8,14,1,84,2,3,9,362,13,17,19,12,11,724,20,0,2,22,0,22,43,3,4,4,0,2549,9,150,22,5,32,0,37,20,7,99,9,48,0,2,557
1,0,154,130,14,4,0,0,8,0,10,0,0,0,127,1,3,0,1,7,203,11,0,0,1,0,10,5,0,0,0,0,382,0,8,0,0,2,0,15,2,7,0,0,1,0,2,225
4,540,3,0,43,1,0,4,0,0,0,0,0,21,0,1,526,0,27,1,0,0,0,157,9,0,0,8,77,0,10,0,0,0,10,413,82,158,0,1,17,0,5,17,0,0,0,1
0,23,0,0,2,0,0,0,0,0,0,0,0,1,0,5,258,0,1,63,0,0,0,48,0,0,0,2,6,0,10,0,0,0,0,83,16,10,0,1,2,0,0,153,0,0,0,0
0,4,0,1,6,5,151,118,0,2,0,225,7,3,0,0,5,1,3,1,0,0,65,0,10,1139,0,2,5,5,0,3,0,0,0,3,1,9,7,2,0,0,4,0,23,1,197,4
689,47,26,4,30,225,0,1,9,359,7,0,0,54,9,21,24,3,35,87,5,1,0,79,27,2,2,18,97,8,1484,0,10,0,27,32,65,41,0,1280,732,6,21,668,2,0,0,13
0,0,0,0,0,0,29,2,0,1045,0,17,299,0,0,0,0,0,0,0,0,0,42,0,0,0,0,0,0,6,0,0,0,1607,0,0,0,0,2116,0,0,0,0,0,60,2247,0,0
0,0,0,0,0,0,2,0,0,35,0,32,2007,0,0,0,0,0,0,0,0,0,18,0,0,0,0,0,0,1,0,0,0,62,0,0,0,0,73,0,0,0,0,0,3,4,0,0
1,4,0,2,1,4,1695,210,0,8,0,537,33,1,1,1,0,0,2,1,0,13,681,1,1,68,0,0,0,45,0,3,0,18,3,1,0,0,85,1,0,0,8,0,36,32,40,2
0,0,0,0,0,0,32,49,0,3,3,14,2,0,13,0,0,103,0,0,1,2,14,0,0,7,36,0,0,3,0,2,0,14,0,0,0,0,17,0,0,0,0,0,370,50,6,0
9,30,3,4,7,31,0,11,1,0,0,0,0,10,0,9,50,0,44,11,0,0,0,22,17,0,0,4,5,1,9,0,0,0,38,33,12,89,0,2,9,0,35,34,0,0,0,2
28,56,34,32,55,403,0,4,142,2,0,0,0,7,0,34,59,0,272,14,0,0,0,3,20,0,0,93,5,1,8,0,10,0,502,96,4,293,0,29,51,113,43,21,0,0,0,19
4,1,104,16,32,5,9,24,3,1,26,4,1,0,123,0,6,78,2,0,183,0,1,1,2,6,33,268,2,2,0,1,7,16,35,3,0,7,4,262,1,0,1,2,649,4,4,10
2,21,24,11,482,15,0,0,1,8,0,0,0,0,11,1,82,0,2,26,14,0,0,39,2,0,0,1700,1,1,40,0,1,0,8,46,15,73,0,68,1,1,121,89,2,0,0,15
122,9,3,3,4,19,0,0,652,0,0,14,0,1,25,22,0,0,36,9,0,0,0,0,5,0,1,1,0,0,3,0,1,0,35,11,0,4,0,175,22,387,19,28,0,0,0,5
0,0,1,1,1,0,15,1,0,264,0,30,130,0,8,0,0,1,0,0,0,2,29,0,0,1,3,14,0,6,0,1,0,1423,170,0,0,1,574,0,0,0,1,0,55,1033,1,1
0,0,1,0,0,0,1,0,0,5,0,23,84,0,3,1,0,0,0,0,0,0,1,0,0,0,1,0,0,1,0,0,1,17,5,0,0,0,4,0,0,0,0,0,1,1,0,0
