0.62984,0.2716,0.48696,0.3974,0.62378,0.2784,0.41828,0.30815,0.57286,0.53448,0.68269,0.24073,0.71538,0.4345,0.31175,0.33863,0.21494,0.74774,0.24661,0.34788,0.51576,0.92448,0.38831,0.26479,0.27429,0.36373,0.85654,0.59583,0.31513,0.68958,0.42836,0.963,0.64291,0.4934,0.34709,0.21678,0.25629,0.17956,0.70403,0.52015,0.30069,0.58187,0.27003,0.25008,0.53671,0.65025,0.75169,0.23093
0.47768
26,811,0,0,1,0,0,0,0,0,0,0,0,64,0,0,73,0,4,5,0,0,0,770,13,0,0,0,220,0,134,0,0,0,0,121,733,30,0,0,38,0,1,20,0,0,0,0
4,10,1,0,1,8,0,1,3,0,0,0,0,1383,0,91,3,0,353,36,0,0,0,96,703,0,0,0,900,0,4,0,1,0,4,29,152,91,0,0,34,11,69,0,0,0,1,8
9,225,8,7,10,6,10,81,1,2,3,2,2,175,0,2,62,14,74,27,8,6,4,262,88,3,0,3,290,34,23,3,3,0,76,161,263,389,2,0,50,2,42,94,8,3,5,13
11,698,0,0,50,0,0,0,0,0,0,0,0,1,0,0,706,0,2,6,0,0,0,323,0,0,0,169,39,0,190,0,0,0,1,318,280,11,0,5,13,0,4,111,0,0,0,0
4,38,0,0,1,0,0,0,0,0,0,0,0,64,0,1,20,0,5,3,0,0,0,86,19,0,0,0,171,0,3,0,0,0,0,106,167,33,0,0,7,0,0,0,0,0,0,1
32,181,96,68,82,20,1,461,1,1,0,1,0,78,0,10,314,3,95,24,5,2,0,54,102,0,0,49,60,3,40,0,8,1,131,381,129,600,0,14,81,0,118,106,2,0,7,25
4,23,0,0,0,2,0,0,0,0,0,0,0,101,0,33,5,0,4,143,0,0,0,767,48,0,0,0,420,0,14,0,0,0,0,7,680,74,0,0,11,0,14,40,0,0,0,0
1,6,0,0,6,8,47,21,0,0,0,32,0,1,3,1,4,0,0,0,2,4,2,1,13,115,0,2,0,0,0,0,1,1,0,2,1,0,1,7,0,2,9,0,0,0,2,0
5,0,42,51,21,0,3,254,7,3,3053,19,6,0,1300,1,1,556,0,0,1833,24,21,0,4,3,482,32,0,221,3,22,49,13,10,1,0,1,2,48,0,7,1,1,62,8,14,40
0,0,0,0,0,0,15,0,0,14,0,359,188,0,0,0,0,0,0,0,0,0,173,0,0,0,0,0,0,1,0,0,0,38,0,0,0,0,32,0,0,0,0,0,0,2,0,0
1,9,0,12,4,6,573,59,1,3,0,175,2,2,6,2,1,1,2,0,1,13,103,0,7,48,1,2,1,4,0,3,0,2,4,1,0,1,14,6,0,0,7,0,21,3,40,5
1,2,39,36,29,7,285,411,7,1,54,26,0,2,67,7,0,73,5,2,177,4,10,0,113,28,9,160,2,15,0,11,18,7,44,2,2,17,6,9,0,1,13,0,218,11,6,22
21,2,26,372,24,28,0,0,17,1,75,6,0,1,324,4,0,1,9,5,133,0,1,0,1,1,2,25,0,19,2,0,168,0,155,0,0,3,0,11,34,6,3,0,8,0,1,299
213,97,3,4,2,38,0,18,9,0,0,0,0,673,0,125,14,0,594,68,0,0,0,75,423,0,0,0,364,0,107,0,2,0,52,134,66,310,0,2,214,11,155,47,0,0,0,30
0,20,2,2,172,0,0,3,0,0,0,0,0,0,0,0,456,0,1,2,0,2,0,9,1,0,0,22,1,0,3,0,0,0,0,228,5,7,0,1,0,0,3,6,0,0,3,0
0,0,95,101,5,3,0,8,3,0,3,0,0,4,10,0,3,1,5,1,10,2,0,0,7,0,0,5,1,0,3,1,106,0,26,0,0,9,0,1,3,2,17,5,1,0,0,276
0,0,7,3,9,1,6,403,1,0,4,4,1,0,44,0,1,36,0,0,11,13,3,0,0,9,7,10,0,571,1,11,5,1,1,1,0,2,4,2,0,1,3,0,48,2,16,21
2178,12,12,8,4,63,0,25,1,34,0,1,0,66,0,13,13,1,106,14,1,5,0,28,47,0,0,21,16,2,1191,0,4,0,106,18,15,70,0,107,958,0,32,233,1,0,2,20
1,2,0,0,0,122,0,1,54,0,0,0,0,36,0,921,0,0,177,408,0,0,0,31,150,0,0,0,28,0,1,0,0,0,22,3,21,23,0,0,11,47,161,57,0,0,0,5
0,0,0,1,0,0,10,12,0,2,0,8,5,0,4,0,0,25,0,0,0,4,8,0,0,19,10,2,0,7,0,2,0,4,0,0,0,0,1,0,0,0,0,0,2069,4,3,1
2,2,2,3,29,5,126,4,2,3,1,109,2,0,6,1,1,0,0,0,1,1,47,0,3,803,0,1,0,5,1,0,0,0,4,0,0,1,4,4,1,1,6,5,1,2,2,1
1,0,4,2,2,0,0,33,2,0,2,3,0,0,15,0,0,152,0,0,23,2681,0,0,0,5,31,8,0,117,0,5180,1,0,1,0,0,1,0,1,0,0,0,0,16,0,1886,13
9,1,15,480,10,9,88,32,57,1,1,219,6,14,30,4,9,0,27,16,3,27,90,2,23,109,0,10,16,15,3,6,2,0,10,11,9,12,5,6,4,34,11,1,22,4,267,330
79,64,8,45,10,519,0,40,173,0,0,0,0,175,0,380,11,0,789,231,0,0,0,16,221,0,0,1,46,0,36,0,2,0,515,72,8,329,0,13,468,234,371,118,1,0,0,67
42,39,73,311,27,870,8,354,250,6,4,0,1,212,4,403,18,1,892,345,8,3,1,35,339,0,4,23,54,5,78,0,71,4,1270,59,23,636,1,13,293,258,691,212,2,0,1,301
8,4,1,13,9,564,0,0,1891,0,0,1,0,3,0,1109,0,0,59,893,0,2,0,0,49,0,0,2,0,0,1,0,1,0,118,2,1,9,0,9,20,1592,133,427,0,0,0,29
1,0,0,5,0,3,21,0,0,16,0,675,114,0,0,0,0,0,0,0,0,0,279,0,0,0,0,0,0,4,0,0,0,36,7,0,0,0,12,3,0,0,0,0,1,3,0,1
1,0,1,0,3,1,944,16,0,132,0,248,7,0,3,0,2,0,0,0,0,10,1123,0,0,1392,0,0,0,33,0,10,1,3,0,0,0,0,19,3,0,0,5,0,34,8,14,5
0,0,25,26,7,0,10,1146,3,6,1184,31,14,0,1251,0,0,3145,0,0,286,42,116,0,1,20,3887,12,0,2528,0,120,29,17,0,0,0,0,11,9,0,5,2,0,126,18,37,16
9,106,54,64,2177,9,0,7,14,4,0,0,0,2,10,50,748,1,5,158,23,0,0,95,16,0,7,124,44,0,25,0,19,0,28,677,142,221,0,170,7,3,226,399,1,0,3,18
2,0,1774,194,30,7,1,6,5,4,3,0,0,0,474,7,8,5,2,7,145,12,0,1,49,0,13,17,1,2,1,0,481,0,11,10,0,9,0,46,5,2,54,2,6,0,5,410
4,3,1004,1408,70,9,2,5,21,1,45,0,3,3,343,8,13,30,17,12,486,20,0,1,29,0,21,43,2,5,9,0,2616,10,143,16,5,32,0,48,25,5,95,7,34,0,3,681
2,0,159,243,13,4,0,0,8,0,9,0,0,0,116,1,2,0,1,5,34,13,0,0,1,0,11,7,0,0,0,0,460,0,5,0,0,3,0,7,1,6,0,1,2,0,1,219
3,476,3,0,41,1,0,5,0,0,0,0,0,31,0,2,518,0,30,4,0,0,0,96,10,0,0,14,77,0,4,0,0,0,13,521,54,187,0,2,17,0,7,19,0,0,0,1
0,19,0,0,3,0,0,0,0,0,0,0,0,0,0,3,256,0,1,59,0,0,0,47,0,0,0,0,6,0,9,0,0,0,0,90,17,14,0,1,2,0,0,157,0,0,0,0
0,3,0,0,5,6,226,78,0,3,0,219,6,5,0,0,2,3,2,0,0,0,52,0,8,1187,0,1,5,4,1,2,0,1,0,4,3,1,6,0,0,0,6,0,25,1,146,1
664,42,25,7,17,184,0,1,5,385,4,0,0,62,10,18,25,3,35,61,7,0,0,80,26,1,1,22,81,3,1477,0,5,0,33,28,55,47,0,1252,785,7,33,738,1,0,0,20
0,0,0,0,0,0,13,2,0,1116,0,24,216,0,0,0,0,0,0,0,0,0,35,0,0,0,0,0,0,6,0,0,0,1645,0,0,0,0,2167,0,0,0,0,0,67,2179,0,0
0,0,0,0,0,0,4,0,0,40,0,59,1958,0,0,0,0,0,0,0,0,0,18,0,0,0,0,0,0,0,0,0,0,90,0,0,0,0,59,0,0,0,0,0,6,3,0,0
1,2,0,3,3,5,1753,147,0,4,0,474,25,2,0,0,0,0,1,0,1,8,762,1,1,66,0,0,0,43,0,4,0,28,3,0,1,0,85,1,0,0,9,0,36,35,35,0
0,0,0,0,0,0,32,46,0,3,3,14,0,0,15,0,0,93,0,0,2,1,16,0,0,5,33,0,0,5,0,3,0,11,0,0,0,0,21,0,0,0,0,0,385,49,4,0
10,28,3,4,8,26,0,9,0,1,0,0,0,11,0,10,51,0,46,2,0,0,0,11,18,0,0,7,4,0,10,0,0,0,40,27,10,102,0,1,14,0,48,29,0,0,0,2
27,35,39,34,61,543,0,6,119,2,0,0,0,8,0,34,58,0,244,10,0,0,0,1,17,0,0,68,4,1,13,0,6,0,565,59,4,164,0,28,63,133,59,22,0,0,0,26
2,1,92,16,29,6,7,22,3,0,23,4,0,0,93,0,4,62,1,0,324,0,1,1,6,10,15,270,2,4,0,0,6,11,33,1,0,7,2,258,3,0,2,2,596,2,5,17
1,22,25,11,511,9,0,0,0,8,0,0,0,0,15,5,78,0,2,10,17,0,0,19,2,0,0,1685,1,1,50,0,2,0,12,23,14,96,0,85,1,1,129,70,1,0,0,17
79,3,3,6,4,33,0,0,643,0,0,21,0,4,19,28,0,0,27,10,1,0,0,0,5,0,1,0,0,0,11,0,1,0,38,10,0,0,0,234,23,365,20,22,0,0,0,5
0,0,1,3,0,0,6,2,0,285,1,43,106,0,4,0,0,0,0,0,12,1,27,0,0,3,2,11,0,6,0,1,0,1390,173,0,0,0,621,0,0,0,0,0,53,1013,0,3
0,0,1,0,0,0,0,0,0,7,0,27,75,0,4,1,0,0,0,0,0,0,0,0,0,0,1,0,0,2,0,0,1,21,5,0,0,0,3,0,0,0,0,0,1,1,0,0
