0.62411,0.19988,0.44098,0.38794,0.60867,0.34796,0.46422,0.15626,0.51405,0.50896,0.56987,0.2074,0.64631,0.52274,0.38362,0.35615,0.20651,0.77395,0.23715,0.37827,0.42709,0.92185,0.3988,0.19081,0.18028,0.3849,0.79575,0.53922,0.2613,0.61827,0.42226,0.96029,0.63099,0.46886,0.32057,0.44122,0.25228,0.2297,0.71338,0.50277,0.22207,0.55365,0.20703,0.24666,0.53068,0.65987,0.63576,0.22272
0.46579
27,535,0,0,2,0,0,1,0,1,0,0,0,64,0,0,85,0,8,1,0,0,0,644,3,0,0,0,238,0,487,0,0,0,0,16,857,12,0,0,49,0,1,24,0,0,9,0
1,12,0,0,0,21,0,2,2,0,0,0,0,1632,0,105,4,0,372,28,0,1,0,70,357,0,0,0,798,0,11,0,0,0,4,1,203,54,0,1,273,13,28,0,0,0,1,3
7,244,5,11,13,22,7,80,3,0,2,2,1,166,0,1,67,4,85,31,6,3,2,309,82,5,1,4,313,36,37,6,2,3,42,46,335,294,1,2,67,1,31,146,7,2,8,13
11,663,2,0,24,0,0,0,0,0,0,0,0,0,0,0,711,0,3,1,0,0,0,635,1,0,0,64,43,0,292,0,0,0,0,112,272,3,0,10,4,0,2,74,0,0,11,0
5,45,0,0,1,0,0,1,0,0,0,0,0,51,0,1,13,0,23,2,0,0,0,85,15,0,0,0,110,0,5,0,0,0,0,17,320,18,0,0,16,0,0,0,0,0,1,0
38,239,82,72,73,54,0,438,4,5,2,0,0,53,1,3,277,2,110,35,11,2,0,156,77,0,0,76,66,3,43,0,4,2,95,257,114,568,0,19,85,2,123,149,4,0,25,17
2,44,0,0,0,12,0,0,0,0,0,0,0,129,0,25,2,0,5,95,0,0,0,508,14,0,0,1,558,0,29,0,0,0,0,3,744,14,0,0,44,0,7,154,0,0,0,0
1,4,0,0,3,5,28,31,0,1,0,40,0,0,3,1,7,0,1,0,1,2,0,6,16,112,0,2,0,0,0,1,1,1,0,1,1,4,0,5,0,1,12,4,0,0,0,0
5,0,32,35,18,1,12,85,12,3,3038,5,12,0,1602,0,1,509,0,1,1315,27,16,0,12,20,865,58,0,235,0,25,44,13,16,1,0,1,7,48,2,9,2,1,54,6,9,67
0,0,0,0,0,0,16,0,0,9,0,278,266,0,0,0,0,0,0,0,0,0,191,0,0,0,0,0,0,1,0,0,0,21,0,0,0,0,36,0,0,0,0,0,1,3,0,0
1,6,0,10,2,10,468,137,1,1,0,239,5,1,7,0,1,0,2,0,0,23,77,1,12,49,1,2,1,10,0,6,0,2,4,1,0,2,13,2,3,3,10,0,18,6,7,2
1,0,48,33,17,3,260,385,8,1,63,38,0,2,94,3,3,93,4,3,53,6,4,2,134,20,17,200,4,14,0,10,24,4,57,13,1,34,7,5,3,1,16,0,235,13,5,18
176,1,30,133,20,23,1,0,16,6,95,4,1,0,230,8,2,1,8,6,23,1,1,0,2,0,6,48,0,18,1,0,285,4,231,4,0,7,0,19,23,15,4,2,10,0,0,323
197,123,3,4,2,197,0,9,8,1,0,0,0,588,0,119,16,0,680,55,0,0,0,121,361,0,0,0,364,0,66,0,0,0,23,33,105,268,0,9,352,10,58,71,0,0,1,6
0,51,1,1,70,0,0,3,0,0,0,0,0,0,0,0,478,0,2,0,0,1,0,31,2,0,0,25,0,0,8,0,0,0,0,250,9,1,0,1,0,0,2,6,0,0,6,1
0,1,92,86,11,2,0,11,2,0,2,1,0,1,5,0,3,2,8,1,17,0,0,0,5,0,0,4,1,0,2,1,44,0,23,5,0,14,0,1,4,3,24,4,1,0,0,336
2,0,3,4,4,1,4,416,2,0,2,4,0,0,45,0,2,53,0,0,7,11,2,0,3,11,12,11,0,543,1,15,3,1,1,1,0,1,3,1,0,1,5,0,45,2,15,26
2552,8,12,7,8,217,0,18,2,83,2,1,0,62,1,9,18,0,154,22,2,3,0,18,31,0,0,12,17,1,916,0,3,0,95,20,11,76,0,133,632,3,14,251,1,0,2,11
2,3,0,2,1,118,0,0,60,0,0,0,0,63,0,797,0,0,265,331,0,0,0,20,151,0,0,0,79,0,1,0,0,0,16,0,27,17,0,1,41,47,162,75,0,0,0,3
0,0,0,0,0,0,15,11,0,0,1,7,7,0,1,0,0,37,0,0,0,3,6,0,1,17,8,1,0,7,0,5,0,6,0,0,0,0,7,0,0,0,0,0,2050,7,3,1
1,2,1,1,17,6,64,10,1,3,1,153,2,1,5,0,1,0,0,0,0,0,59,0,5,736,0,3,0,4,0,0,0,1,1,14,0,2,4,7,3,2,70,5,2,1,3,1
1,0,3,11,0,0,0,34,2,0,5,2,0,0,8,0,1,168,0,0,6,2996,0,0,3,2,29,6,0,128,0,5489,0,0,0,1,0,1,1,0,0,0,0,0,12,0,1255,16
14,2,14,535,8,5,117,30,113,1,1,159,8,12,10,6,10,0,20,19,0,21,84,0,38,74,0,2,10,11,1,6,3,0,14,13,8,16,5,7,9,46,6,2,22,2,266,310
82,74,9,53,20,685,0,17,215,0,0,0,1,88,0,441,8,0,861,235,0,0,0,23,301,0,0,1,58,0,20,0,0,0,342,28,12,386,0,30,387,252,274,133,0,0,2,4
64,39,63,333,28,1269,2,262,238,8,4,1,1,103,6,432,10,2,983,404,13,4,0,26,415,0,3,12,78,10,52,0,27,4,938,41,12,761,2,92,262,299,489,245,0,1,2,205
7,2,2,9,2,312,0,0,1610,0,0,1,0,2,1,1301,0,0,72,1041,0,2,0,0,44,0,0,0,1,0,2,0,1,0,86,0,0,6,0,45,18,1579,303,486,0,0,0,15
1,0,0,1,0,2,19,1,0,12,0,583,161,0,0,0,0,0,0,0,0,0,338,0,1,0,0,0,0,6,0,0,0,23,7,0,0,0,18,1,0,0,0,0,2,3,0,2
1,1,1,5,2,1,664,33,0,133,0,417,9,0,3,0,2,1,0,0,0,9,1129,0,4,1356,1,2,0,27,0,8,0,1,0,103,0,2,16,0,0,1,20,1,33,14,16,2
0,0,23,17,4,0,27,453,3,8,1967,23,31,0,1208,0,0,3547,1,0,133,66,84,0,3,22,4196,16,0,1882,0,131,30,19,4,0,0,0,11,8,0,4,5,0,135,17,13,39
16,235,55,52,1742,6,0,5,9,4,1,0,0,2,10,40,695,2,6,170,18,0,0,178,29,0,8,199,69,1,42,0,33,0,28,1370,112,90,0,42,18,4,56,274,8,0,20,17
3,5,1543,182,27,11,0,7,9,5,4,0,0,1,416,3,8,5,3,9,241,18,0,6,37,0,12,19,0,5,1,0,557,0,11,18,0,11,0,63,7,4,214,3,6,0,7,330
13,10,1113,1132,143,10,0,9,17,1,79,3,3,5,284,10,15,21,14,19,765,18,0,6,28,1,17,45,2,9,1,2,2411,9,154,13,5,31,1,28,23,8,207,6,33,1,10,602
2,0,174,71,32,7,0,0,8,0,6,0,0,0,118,4,2,0,0,9,259,12,0,0,1,0,9,5,0,1,0,0,316,0,11,1,0,3,0,8,1,9,0,0,1,0,0,264
4,660,3,0,49,4,0,2,0,1,0,0,0,23,0,1,415,0,47,2,0,0,0,320,6,0,0,6,72,0,9,0,0,0,5,201,137,121,0,3,19,0,6,10,0,0,10,0
0,113,0,0,1,0,0,0,0,0,0,0,0,1,0,3,156,0,1,27,0,0,0,84,0,0,0,0,9,0,14,0,0,0,0,96,16,5,0,1,4,0,0,153,0,0,0,0
0,5,0,38,3,5,182,115,0,2,0,248,8,4,0,0,9,3,3,0,0,1,55,9,5,1017,0,3,1,4,1,1,0,1,0,6,1,9,3,2,1,1,9,0,32,1,223,1
762,54,26,6,24,268,0,1,9,359,12,0,0,51,8,27,41,6,49,103,8,0,0,45,10,1,1,17,139,3,1540,0,13,0,37,25,73,27,0,1272,403,3,16,795,1,0,2,13
0,0,0,0,0,0,29,2,0,1023,0,8,321,0,0,0,0,0,0,0,0,0,39,0,0,0,0,0,0,5,0,0,0,1453,0,0,0,0,2036,0,0,0,0,0,63,2491,0,0
0,0,0,0,0,0,2,0,0,36,0,17,2021,0,0,0,0,0,0,0,0,0,24,0,0,0,0,0,0,2,0,0,0,47,0,0,0,0,77,0,0,0,0,0,7,3,1,0
1,2,0,4,0,9,1719,208,0,9,0,515,28,1,1,0,0,1,3,0,0,15,682,0,4,63,0,0,1,52,0,5,0,23,2,1,0,0,78,1,0,0,7,0,47,38,19,0
0,0,0,0,0,0,39,39,0,4,4,11,1,0,9,0,0,86,0,0,1,3,10,0,0,5,38,0,0,7,0,3,0,17,0,0,0,0,13,0,0,0,0,0,392,55,4,0
10,42,3,3,9,40,0,10,0,0,0,0,0,10,0,6,39,0,43,18,0,0,0,27,16,0,0,3,14,1,10,0,0,0,27,21,9,84,0,8,12,0,28,38,0,0,0,1
29,60,30,29,63,183,0,5,138,2,1,0,0,6,0,267,39,0,269,10,0,0,0,7,26,0,0,50,0,2,8,0,3,0,367,63,3,334,0,176,63,129,51,21,0,0,2,17
1,1,106,21,26,4,12,23,3,1,39,4,0,0,79,1,10,40,1,0,188,1,1,1,7,11,44,299,1,6,2,1,11,9,71,9,0,5,8,271,4,0,3,1,589,3,11,14
3,28,16,4,389,17,0,3,0,9,0,0,0,0,5,0,292,0,3,18,12,0,0,37,27,0,0,1416,6,1,44,0,4,0,9,298,6,29,0,83,2,1,77,63,0,0,5,16
46,3,2,7,3,117,0,1,637,0,0,26,0,0,11,39,0,0,36,56,0,0,0,0,11,0,1,0,1,1,1,0,1,0,20,1,4,2,0,125,12,401,20,26,0,0,0,5
0,0,1,6,1,0,15,1,0,270,0,8,148,0,4,0,0,0,0,0,0,1,24,0,2,1,3,14,0,6,0,1,0,1421,178,1,0,0,502,0,0,0,0,0,52,1106,0,1
0,0,1,0,0,0,1,0,0,8,0,13,92,0,1,0,0,0,0,0,0,0,3,0,0,0,1,0,0,2,0,0,1,14,7,0,0,0,5,0,0,0,0,0,0,0,0,1
