0.63105,0.20849,0.44435,0.39501,0.6172,0.35362,0.46647,0.15747,0.52998,0.51091,0.57576,0.2103,0.64855,0.5077,0.3792,0.34709,0.20924,0.76925,0.24201,0.36228,0.43205,0.9068,0.40771,0.20535,0.18453,0.3734,0.80523,0.57372,0.27856,0.63344,0.41967,0.96579,0.63803,0.47437,0.30797,0.40884,0.24962,0.22102,0.70973,0.51195,0.20969,0.56298,0.21453,0.23791,0.52698,0.65646,0.66084,0.22358
0.46768
23,548,0,0,2,0,0,1,0,2,0,0,0,63,0,0,72,0,5,1,0,0,0,699,3,0,0,0,235,0,467,0,0,0,0,20,828,10,0,0,57,0,1,22,0,0,5,0
1,10,1,0,0,19,0,2,1,0,0,0,0,1583,0,103,5,0,367,28,0,1,0,76,387,0,0,0,851,0,11,0,0,0,5,4,210,47,0,0,241,13,28,0,0,0,0,3
8,237,6,12,15,24,8,81,2,0,2,2,1,178,1,2,69,3,88,40,7,6,2,322,74,5,0,4,293,43,34,6,0,5,42,52,323,289,1,2,66,3,24,140,7,2,6,18
8,678,2,0,17,0,0,0,0,0,0,0,0,2,0,0,720,0,3,3,0,0,0,577,1,0,0,56,40,0,293,0,0,0,0,140,289,3,0,10,8,0,2,78,0,0,8,0
5,41,0,0,1,0,0,1,0,0,0,0,0,51,0,1,12,0,16,1,0,0,0,109,16,0,0,0,134,0,6,0,0,0,1,23,278,18,0,0,14,0,0,0,0,0,1,0
36,231,76,74,73,48,0,468,3,3,3,0,0,58,1,4,291,2,109,44,8,2,0,149,66,1,0,69,65,4,43,0,6,2,91,247,119,566,0,9,92,3,131,150,4,0,17,18
2,40,0,0,0,11,0,0,0,0,0,0,0,127,0,26,3,0,4,102,0,0,0,574,22,0,0,1,533,0,26,0,0,0,0,3,731,14,0,0,37,0,7,127,0,0,0,0
1,2,0,0,3,5,29,27,0,1,0,41,0,0,3,1,7,0,1,0,1,2,0,6,16,116,0,1,0,0,0,1,1,1,0,0,1,6,0,5,0,2,10,4,0,0,1,0
5,0,38,32,20,2,12,84,9,3,3055,4,12,0,1601,1,1,528,0,0,1348,32,15,0,9,14,803,54,0,246,1,22,50,15,12,1,0,1,6,50,2,9,3,1,56,7,12,48
0,0,0,0,0,0,19,1,0,11,0,288,259,0,0,0,0,0,0,0,0,0,179,0,0,0,0,0,0,1,0,0,0,22,0,0,0,0,38,0,0,0,0,0,1,3,0,0
1,5,0,10,3,7,456,143,0,2,0,242,4,3,7,0,1,0,2,0,0,29,76,0,9,53,1,1,0,8,0,2,0,2,3,1,0,3,13,3,3,2,13,0,19,5,12,2
2,0,48,33,23,4,255,396,7,1,73,40,0,4,92,6,4,82,3,2,51,6,5,1,125,18,14,201,4,19,0,17,23,5,54,6,2,31,6,4,4,1,16,0,237,13,3,18
169,1,34,100,19,22,0,0,19,7,111,5,0,0,270,9,3,0,10,7,24,0,1,1,1,0,3,38,0,17,2,0,255,4,226,2,0,7,0,20,19,13,4,1,13,0,1,350
193,127,4,4,2,183,0,9,8,0,0,0,0,609,0,125,18,0,681,58,0,0,0,119,355,0,0,0,375,0,67,0,0,0,29,49,84,257,0,6,346,10,62,61,0,0,0,9
0,42,1,1,83,0,0,3,0,0,0,0,0,0,0,0,477,0,1,0,0,1,0,23,2,0,0,19,0,0,7,0,0,0,0,265,7,2,0,1,0,0,4,5,0,0,4,1
0,1,100,84,10,3,0,12,3,0,2,1,0,1,5,0,2,3,7,1,17,0,0,0,4,0,0,6,1,0,2,0,46,0,20,4,1,16,0,1,3,2,24,3,2,0,0,330
2,0,3,3,9,1,5,414,2,0,2,4,1,0,43,0,1,54,0,0,7,13,3,0,2,11,12,9,0,550,1,12,3,1,1,1,0,1,3,1,0,1,6,0,40,1,11,29
2569,9,11,8,11,222,0,18,2,79,2,1,0,57,1,10,17,0,146,23,1,3,0,17,32,0,0,11,23,2,951,0,3,0,96,19,11,79,0,129,597,3,14,237,1,0,2,11
2,2,0,1,1,114,0,0,59,0,0,0,0,63,0,825,0,0,233,352,0,0,0,15,167,0,0,0,69,0,1,0,0,0,21,1,26,15,0,1,28,51,158,72,0,0,0,5
0,0,0,0,0,0,16,11,0,0,1,7,8,0,2,0,0,38,0,0,0,4,6,0,0,14,10,1,0,5,0,5,0,6,0,0,0,0,5,0,0,0,0,0,2051,7,3,1
1,3,2,1,16,6,74,11,1,3,1,133,4,0,6,0,2,0,0,0,0,0,58,0,4,758,0,2,0,5,0,0,0,1,1,12,0,3,5,4,2,0,60,6,2,2,3,0
1,0,3,10,0,0,0,31,2,0,3,2,0,0,11,0,1,165,0,0,7,2666,0,0,2,2,27,6,0,134,0,5788,0,0,0,1,0,1,0,0,0,0,0,0,14,0,1286,17
14,3,17,525,9,5,109,34,108,1,1,200,7,10,11,5,6,0,25,16,0,20,64,1,23,69,0,4,12,13,1,4,2,0,15,14,9,13,6,6,10,43,5,2,21,2,281,314
76,76,8,59,16,634,0,22,189,0,0,0,1,93,0,439,16,0,857,237,0,0,0,16,288,0,0,0,49,0,18,0,0,0,404,41,11,372,0,28,430,249,276,128,0,0,0,9
62,41,70,345,31,1255,3,303,241,7,6,1,1,105,6,438,10,3,985,404,10,3,0,24,420,0,2,13,67,11,52,0,30,3,935,48,16,713,0,60,258,294,502,233,1,0,5,228
8,2,2,11,4,332,0,0,1697,0,0,1,0,2,0,1245,1,0,59,997,0,2,0,0,51,0,0,0,1,0,1,0,1,0,96,0,0,5,0,34,14,1609,272,489,0,0,0,14
1,0,0,0,0,1,22,0,0,13,0,600,162,0,0,0,0,0,0,0,0,0,322,0,0,0,0,0,0,5,0,0,0,22,7,0,0,0,18,1,0,0,0,0,2,3,0,2
3,1,1,3,3,2,690,29,0,137,0,401,10,0,3,0,2,0,0,0,0,10,1131,1,1,1342,0,1,0,24,0,7,0,0,0,98,0,2,22,1,0,0,20,1,37,17,15,3
0,0,22,18,5,0,24,471,2,8,1875,19,28,0,1222,0,0,3497,0,0,142,68,89,0,3,20,4126,15,0,2065,0,121,27,21,3,0,0,0,11,9,0,4,6,0,136,17,16,40
17,214,53,55,1880,7,0,7,13,2,1,0,0,2,11,38,703,2,4,182,18,0,0,164,28,0,7,142,64,2,43,0,32,0,20,1249,142,88,0,37,13,4,60,322,9,0,10,21
3,4,1561,184,32,10,0,8,8,3,6,1,0,2,412,2,10,5,3,10,231,19,0,3,36,0,16,22,0,4,1,0,555,0,10,13,1,11,0,63,10,3,200,3,9,0,7,330
11,12,1089,1140,106,9,0,8,18,0,90,3,3,4,262,8,13,21,15,14,782,18,0,7,19,0,13,49,2,9,4,0,2466,10,149,12,6,29,0,24,26,7,201,8,39,0,11,620
2,0,176,65,23,6,0,0,6,0,7,0,0,0,114,3,2,0,0,10,271,11,0,0,1,0,8,5,0,0,0,0,330,0,8,1,0,3,0,9,1,10,0,0,1,0,1,260
5,651,2,0,52,4,0,5,0,0,0,0,0,25,0,1,418,0,49,2,0,0,0,305,9,0,0,6,70,0,11,0,0,0,6,233,110,127,0,2,19,0,5,13,0,0,5,1
0,78,0,0,0,0,0,0,0,0,0,0,0,1,0,4,210,0,1,27,0,0,0,70,0,0,0,0,6,0,14,0,0,0,0,106,19,4,0,0,2,0,0,142,0,0,0,0
0,2,0,24,3,6,165,106,0,3,0,267,7,3,0,0,6,3,3,0,0,2,47,9,7,1089,0,2,5,6,0,0,0,1,0,7,1,8,7,2,1,0,11,0,31,1,176,1
752,58,24,4,25,268,0,1,8,368,13,0,0,53,7,21,33,5,48,91,7,1,0,47,15,2,1,16,144,3,1536,0,13,0,42,27,69,32,0,1264,463,5,19,748,2,0,2,13
0,0,0,1,0,0,31,1,0,1030,0,7,317,0,0,0,0,0,0,0,0,0,39,0,0,0,0,0,0,5,0,0,0,1499,0,0,0,0,2071,0,0,0,0,0,67,2402,0,0
0,0,0,0,0,0,2,0,0,31,0,19,2017,0,0,0,0,0,0,0,0,0,20,0,0,0,0,0,0,3,0,0,0,55,0,0,0,0,79,0,0,0,0,0,6,4,1,0
1,2,0,4,1,9,1739,197,0,5,0,504,27,2,1,0,0,2,3,0,0,16,680,1,3,66,0,0,0,49,0,3,0,22,2,1,0,0,84,1,0,0,8,0,51,35,19,1
0,0,0,0,0,0,40,40,0,4,5,10,1,0,10,0,0,91,0,0,1,1,10,0,0,5,35,0,0,10,0,3,0,17,0,0,0,0,12,0,0,0,0,0,385,56,5,0
10,40,2,3,9,37,0,11,1,0,1,0,0,11,0,7,40,0,43,21,0,0,0,27,13,0,0,3,7,1,9,0,0,0,30,22,10,82,0,7,12,0,31,39,0,0,0,3
31,61,32,30,72,190,0,4,144,2,0,0,0,5,0,228,44,0,262,11,0,0,0,2,23,0,0,49,0,1,7,0,4,0,426,74,3,335,0,141,54,132,49,18,0,0,1,18
4,1,105,23,33,1,11,24,3,1,46,5,0,0,95,1,9,40,1,0,176,2,1,1,7,8,41,294,2,4,1,1,12,13,61,9,0,6,6,261,4,0,4,1,599,1,13,12
3,26,16,5,429,15,0,5,0,9,0,0,0,1,8,1,212,0,2,21,11,0,0,38,23,0,0,1502,3,0,48,0,3,0,9,247,6,25,0,77,2,1,84,69,1,0,3,18
39,3,3,7,4,87,0,1,646,0,0,25,0,0,12,32,0,0,34,47,0,0,0,0,8,0,1,0,0,2,2,0,1,0,21,2,4,2,0,196,9,384,20,21,0,0,0,3
0,0,1,7,1,0,17,1,0,276,0,6,146,0,4,0,0,1,0,0,0,2,25,0,1,1,4,16,0,8,0,1,0,1416,183,0,0,0,521,0,0,0,0,0,48,1080,0,1
0,0,0,0,0,0,1,0,0,4,0,14,94,0,1,1,0,1,0,0,0,0,1,0,0,0,0,0,0,1,0,0,2,17,7,0,0,0,4,0,0,0,0,0,0,1,0,1
