0.62802,0.26736,0.46815,0.41859,0.63333,0.29029,0.4353,0.19135,0.5764,0.5329,0.67237,0.23009,0.67091,0.46625,0.3131,0.33292,0.21877,0.74969,0.25438,0.3397,0.48168,0.91587,0.41744,0.24317,0.24177,0.36764,0.83384,0.60177,0.30999,0.69704,0.42356,0.95783,0.64187,0.49169,0.34697,0.2268,0.2515,0.19606,0.7067,0.53814,0.29652,0.5868,0.25209,0.2394,0.52811,0.65252,0.67709,0.20476
0.47633
20,793,0,0,0,0,0,1,0,0,0,0,0,56,0,0,73,0,3,5,0,0,0,677,12,0,0,1,221,0,262,0,0,0,0,96,756,16,0,0,48,0,2,22,0,0,0,0
3,23,3,0,1,9,0,2,3,0,0,0,0,1492,0,95,3,0,332,35,0,0,0,107,624,0,0,0,912,0,8,0,1,0,4,23,159,53,0,0,43,10,46,0,0,0,1,5
7,200,18,10,13,7,9,92,3,0,3,1,1,166,0,3,71,4,73,31,5,7,3,335,81,3,0,5,290,41,25,5,1,5,64,123,302,317,1,0,53,0,30,115,10,1,4,17
5,657,2,0,36,0,0,0,0,0,0,0,0,1,0,0,759,0,1,8,0,0,0,357,0,1,0,77,39,0,268,0,0,0,0,261,301,7,0,7,18,0,4,129,0,0,0,0
3,37,0,0,3,0,0,0,0,0,0,0,0,50,0,1,18,0,3,3,0,0,0,104,24,0,0,0,163,0,4,0,0,0,0,94,190,25,0,0,7,0,0,0,0,0,0,0
30,163,119,72,80,24,1,523,0,2,1,0,0,75,0,7,320,2,88,42,8,2,0,93,87,1,0,50,54,2,38,0,10,2,124,331,131,536,0,12,82,2,124,121,3,0,8,16
3,37,1,0,0,4,0,0,0,0,0,0,0,104,0,38,4,0,4,153,0,0,0,756,52,0,0,0,438,0,19,0,0,0,0,6,685,26,0,0,14,0,13,33,0,0,0,0
1,6,0,0,1,7,54,28,0,0,0,33,1,1,7,1,5,0,0,0,1,3,2,2,5,106,0,2,0,0,0,0,1,1,0,1,1,1,1,6,0,2,13,0,0,0,2,0
6,0,46,29,21,0,5,138,8,3,3107,31,6,0,1336,0,2,679,0,0,1564,30,11,0,7,9,631,41,0,243,0,29,53,6,4,1,0,1,2,48,1,8,1,1,62,7,15,32
0,0,0,0,0,0,15,0,0,11,0,312,254,0,0,0,0,0,0,0,0,0,168,0,0,0,0,0,0,1,0,0,0,24,0,0,0,0,34,0,0,0,0,0,1,2,0,0
1,14,0,7,2,7,508,109,1,3,0,195,6,1,10,1,0,0,1,0,0,21,84,0,6,50,0,2,0,4,0,3,0,4,4,2,0,1,10,7,2,0,14,0,19,7,35,5
1,1,44,23,32,7,263,441,6,0,70,30,0,2,109,10,1,89,4,1,74,4,8,0,112,27,9,194,3,15,0,16,19,5,33,1,2,16,6,9,0,3,18,0,212,10,9,20
43,2,30,135,22,23,0,0,16,4,112,18,0,0,444,6,0,0,10,5,44,1,1,1,2,0,2,31,0,22,3,0,225,2,165,0,0,4,0,17,13,11,7,0,12,0,0,355
221,118,2,2,3,47,0,9,5,0,0,0,0,688,0,137,15,0,592,66,0,0,0,110,424,0,0,1,395,0,97,0,2,0,56,106,85,265,0,2,222,9,107,43,0,0,0,21
0,17,2,1,137,0,0,3,0,0,0,0,0,0,0,0,476,0,0,2,0,2,0,10,1,0,0,22,1,0,7,0,0,0,0,237,8,6,0,1,0,0,4,8,0,0,4,0
0,0,100,106,5,3,0,6,2,0,2,0,0,3,9,0,2,3,5,1,14,2,0,1,8,0,0,6,0,0,3,1,90,0,23,1,0,11,0,1,3,2,9,3,1,0,0,291
2,0,7,5,9,1,6,403,1,0,4,4,1,0,42,0,1,46,0,0,6,15,4,0,0,8,10,17,0,552,1,15,2,0,1,1,0,2,5,2,0,1,6,0,44,1,14,24
2264,9,20,8,8,75,0,24,1,57,0,1,0,53,0,11,14,0,122,15,0,7,0,22,48,0,0,17,18,3,1063,0,5,0,117,25,11,67,0,110,937,1,24,257,1,0,0,13
1,2,0,0,0,118,0,0,56,0,0,0,0,38,0,903,0,0,190,377,0,0,0,33,174,0,0,0,32,0,1,0,0,0,21,3,21,17,0,0,14,43,189,42,0,0,0,7
0,0,0,0,0,0,11,14,0,0,0,9,7,0,3,0,0,27,0,0,0,4,10,0,0,19,11,2,0,5,0,2,0,5,0,0,0,0,4,0,0,0,0,0,2057,6,4,1
1,4,2,1,17,6,133,8,2,3,1,107,2,0,7,0,1,0,0,0,0,1,46,0,1,809,0,1,0,4,0,0,0,1,2,1,0,1,5,7,1,0,6,3,1,2,4,1
1,0,5,2,2,0,0,28,2,0,1,5,0,0,15,0,0,132,0,0,12,2776,0,0,0,4,28,11,0,108,0,5496,1,0,1,0,0,2,0,0,0,0,0,0,19,0,1516,13
12,1,20,480,8,3,73,30,69,1,1,225,6,15,21,4,10,0,26,16,0,19,72,4,23,86,0,4,17,16,2,3,4,0,8,15,7,20,7,7,4,37,8,1,23,3,323,326
92,73,9,51,22,517,0,36,163,0,0,0,0,161,0,379,10,0,809,219,0,0,0,19,245,0,0,1,52,0,31,0,1,0,511,69,6,354,0,5,462,219,360,103,1,0,0,62
42,33,52,331,44,897,4,332,251,6,7,1,1,187,3,420,17,2,944,330,7,6,0,34,401,0,7,27,64,10,67,0,74,8,1230,70,18,657,0,13,286,241,634,199,2,0,2,284
7,5,1,15,8,554,0,0,1939,0,0,0,0,3,1,1087,0,0,66,872,0,2,0,0,64,0,0,4,0,0,2,0,2,0,103,3,0,5,0,6,24,1582,162,400,0,0,0,33
1,0,0,1,0,0,18,0,0,11,0,656,145,0,2,0,0,0,0,0,0,0,279,0,0,0,0,0,0,4,0,0,0,35,6,0,0,0,13,3,0,0,2,0,1,3,0,1
1,0,1,1,4,0,924,16,0,138,0,255,8,0,3,0,1,0,0,0,0,11,1130,0,0,1386,0,2,1,24,0,6,0,2,0,0,0,0,21,0,0,1,7,0,34,12,21,8
0,0,24,14,6,0,10,633,3,7,1190,45,18,1,1141,0,0,3573,0,0,187,51,75,0,0,20,4105,11,0,2616,0,153,28,11,1,0,0,0,10,11,0,5,4,0,123,19,20,15
10,107,65,40,2166,10,0,6,26,2,1,0,0,2,11,52,788,2,4,184,16,0,0,112,22,0,10,118,47,1,28,0,32,0,32,660,133,169,0,133,9,4,248,396,2,0,5,13
2,0,1705,207,29,11,0,5,4,3,4,1,0,0,430,6,6,4,3,9,214,14,0,1,39,1,15,16,0,2,1,0,487,0,9,9,0,25,0,54,7,1,71,2,9,0,6,399
5,4,1001,1270,68,5,1,6,17,1,67,2,3,7,360,11,16,22,15,11,699,21,0,3,20,0,23,47,3,4,5,1,2597,7,144,20,5,30,0,45,24,7,101,9,42,0,3,585
1,0,162,146,14,4,0,0,7,0,10,0,0,0,130,1,2,0,0,5,168,12,0,0,1,0,10,5,0,0,0,0,384,0,5,0,0,2,0,11,2,8,0,0,2,0,2,240
5,489,3,0,48,0,0,3,0,0,0,0,0,21,0,1,528,0,29,2,0,0,0,143,9,0,0,10,74,0,5,0,0,0,14,457,75,181,0,2,13,0,5,18,0,0,0,1
0,23,0,0,3,0,0,0,0,0,0,0,0,1,0,5,252,0,1,60,0,0,0,51,0,0,0,3,6,0,8,0,0,0,0,90,14,12,0,1,2,0,0,152,0,0,0,0
0,4,0,1,4,7,158,109,0,2,0,231,7,4,0,0,1,1,3,0,0,2,57,0,8,1156,0,1,5,4,0,2,0,1,0,4,3,1,6,0,0,0,8,0,28,1,190,3
663,41,29,3,25,217,0,1,6,357,7,0,0,49,8,18,23,4,38,73,5,1,0,78,30,1,1,20,94,8,1474,0,6,0,23,34,64,51,0,1270,774,7,32,700,3,0,0,12
0,0,0,0,0,0,23,3,0,1061,0,17,289,0,0,0,0,0,0,0,0,0,46,0,0,0,0,0,0,8,0,0,0,1627,0,0,0,0,2089,0,0,0,0,0,63,2244,0,0
0,0,0,0,0,0,1,0,0,37,0,34,2004,0,0,0,0,0,0,0,0,0,17,0,0,0,0,0,0,2,0,0,0,65,0,0,0,0,70,0,0,0,0,0,3,4,0,0
0,4,0,2,2,4,1746,210,0,7,0,525,27,2,1,0,0,0,3,0,0,14,649,1,1,67,0,0,0,39,0,3,0,20,4,2,0,0,81,1,1,0,13,0,38,31,40,1
0,0,0,0,0,0,28,50,0,2,2,17,2,0,14,0,0,103,0,0,1,2,14,0,0,7,33,1,0,3,0,1,0,13,0,0,0,0,18,0,0,0,0,0,375,50,5,0
9,29,3,4,10,29,0,9,1,0,0,0,0,10,0,10,49,0,44,8,0,0,0,18,17,0,0,5,3,1,10,0,0,0,40,28,11,100,0,1,11,0,41,29,0,0,0,2
29,44,33,33,53,451,0,5,129,1,0,0,0,5,0,30,48,0,265,12,0,0,0,3,20,0,0,90,7,1,7,0,9,0,549,81,3,264,0,23,54,123,43,20,0,0,0,18
4,1,101,18,30,5,8,23,3,0,30,8,2,0,110,0,6,72,1,1,204,0,1,1,5,7,24,265,1,3,0,1,8,9,34,2,0,3,3,273,1,0,4,2,651,2,6,10
1,20,26,9,481,13,0,0,1,8,0,0,0,0,8,2,80,0,1,11,17,0,0,33,2,0,0,1700,2,0,36,0,2,0,6,38,15,100,0,69,2,1,132,89,2,0,0,16
108,5,3,5,3,25,0,0,639,0,0,19,0,2,25,25,0,0,31,10,0,0,0,0,6,0,1,1,0,0,5,0,1,0,35,15,0,3,0,203,26,368,20,27,0,0,0,5
0,0,2,2,0,0,12,2,0,259,1,40,118,0,13,0,0,1,0,0,1,1,29,0,0,2,2,14,0,6,0,1,0,1439,168,0,0,0,566,0,0,0,3,0,50,1033,0,2
0,0,1,0,0,0,0,0,0,5,0,29,79,0,4,1,0,0,0,0,0,0,1,0,0,0,1,0,0,1,0,0,1,17,4,0,0,0,4,0,0,0,0,0,1,1,0,0
