0.62454,0.26619,0.47988,0.38855,0.62729,0.28164,0.4338,0.30854,0.57389,0.52033,0.68498,0.23478,0.6887,0.44149,0.31831,0.34083,0.21776,0.73821,0.24225,0.34412,0.51259,0.91972,0.41461,0.25124,0.26067,0.36706,0.85622,0.60735,0.31164,0.69471,0.41984,0.96396,0.64928,0.49538,0.34693,0.21979,0.25669,0.19163,0.7074,0.52447,0.29732,0.58876,0.25518,0.24168,0.53846,0.65178,0.68855,0.2147
0.47743
30,818,0,0,0,0,0,1,0,0,0,0,0,62,0,0,71,0,3,5,0,0,0,683,13,0,0,0,218,0,213,0,0,0,0,103,758,19,0,0,42,0,2,23,0,0,0,0
3,13,1,0,1,8,0,2,3,0,0,0,0,1426,0,90,3,0,352,36,0,0,0,109,672,0,0,0,905,0,7,0,1,0,4,27,154,63,0,0,40,10,58,0,0,0,1,8
7,227,15,12,8,8,9,88,1,2,2,2,1,172,0,2,64,16,71,27,4,5,4,314,83,3,1,5,291,33,25,3,4,1,69,136,287,328,1,0,50,0,35,103,12,1,3,20
10,686,3,0,42,0,0,0,0,0,0,0,0,1,0,0,734,0,1,7,0,0,0,347,0,1,0,95,40,0,259,0,0,0,0,281,288,7,0,5,14,0,5,112,0,0,0,0
3,38,0,0,1,0,0,0,0,0,0,0,0,54,0,1,20,0,5,3,0,0,0,99,24,0,0,0,171,0,3,0,0,0,0,95,179,27,0,0,6,0,0,0,0,0,0,0
28,211,115,67,84,23,2,465,2,3,0,1,0,84,0,6,309,2,82,33,7,1,0,75,93,1,0,52,53,3,36,0,8,1,133,362,128,571,0,10,84,1,110,104,2,0,10,24
3,30,1,0,0,2,0,0,0,0,0,0,0,102,0,33,5,0,4,153,0,0,0,759,54,0,0,0,430,0,21,0,0,0,0,5,687,39,0,0,12,0,10,40,0,0,0,0
1,5,0,0,4,7,48,23,1,1,0,32,0,0,5,1,4,0,0,0,1,3,2,2,13,113,0,2,0,0,1,0,1,1,0,0,1,1,1,6,0,1,12,0,0,0,2,0
5,0,42,48,22,0,3,261,10,3,3042,23,5,0,1307,0,1,569,0,0,1791,29,10,0,6,4,508,32,0,228,2,22,57,12,6,0,0,1,4,49,0,8,1,1,55,6,16,35
0,0,0,0,0,0,13,1,0,13,0,352,204,0,0,0,0,0,0,0,0,0,171,0,0,0,0,0,0,1,0,0,0,31,0,0,0,0,33,0,0,0,0,0,1,2,0,0
1,8,0,9,4,7,533,92,1,3,0,199,5,2,8,2,0,0,1,1,1,17,81,0,6,49,0,2,1,4,0,3,1,4,4,1,0,1,6,3,0,0,14,0,23,5,39,5
1,2,46,32,35,7,266,410,7,1,60,28,0,3,72,7,0,88,4,1,142,5,10,0,116,33,7,169,2,14,0,12,20,6,41,1,2,17,9,10,1,1,18,0,212,11,9,21
31,1,29,363,24,25,0,0,14,2,81,8,0,3,339,3,0,0,7,5,107,0,1,1,1,1,1,28,0,18,3,0,173,2,165,0,0,3,0,13,25,5,4,0,7,1,0,294
215,111,1,4,1,40,0,12,6,0,0,0,0,694,0,130,16,0,603,64,0,0,0,95,427,0,0,0,372,0,90,0,1,0,53,121,77,275,0,1,225,7,129,50,0,0,0,30
0,18,2,1,150,0,0,3,0,0,0,0,0,0,0,0,473,0,1,2,0,2,0,11,1,0,0,22,1,0,4,0,0,0,0,228,7,6,0,1,1,0,3,8,0,0,4,0
0,0,89,105,5,3,0,7,2,0,2,0,0,5,7,0,1,3,6,1,10,2,0,1,8,0,0,4,0,0,2,1,92,0,22,1,0,13,0,1,3,2,13,4,1,0,1,300
0,0,3,4,11,1,7,405,1,0,3,5,1,0,43,0,0,39,0,0,8,12,2,0,0,8,11,13,0,568,1,12,5,1,1,0,0,2,5,1,0,1,4,0,45,2,15,23
2204,10,15,8,9,65,1,21,0,57,0,1,0,60,0,13,14,0,117,14,0,5,0,26,49,0,0,19,15,5,1106,0,5,0,115,19,11,69,0,111,955,1,31,254,0,0,1,22
1,1,0,1,0,121,0,0,53,0,0,0,0,38,0,902,0,0,192,391,0,0,0,32,168,0,0,0,29,0,1,0,0,0,20,3,21,22,0,0,11,46,172,50,0,0,0,7
0,0,0,1,0,0,9,11,0,0,0,9,6,0,3,0,0,29,0,0,0,6,9,0,0,16,9,2,0,7,0,2,0,4,0,0,0,0,3,0,0,0,0,0,2065,5,4,1
2,2,3,2,27,6,128,6,2,2,1,111,2,0,8,0,1,0,0,0,0,1,45,0,2,801,0,1,0,4,1,0,0,1,2,0,0,1,3,4,1,0,9,4,1,2,5,1
1,0,5,2,2,0,0,31,2,0,2,4,0,0,11,0,0,144,0,0,24,2784,0,0,0,4,30,9,0,109,0,5376,1,0,1,0,0,2,0,1,0,0,0,0,15,0,1605,15
13,1,18,470,8,5,82,31,60,1,1,219,7,12,29,7,10,0,24,17,2,25,85,3,22,93,0,4,17,18,2,4,2,0,12,10,9,12,6,6,4,36,6,1,20,3,309,334
87,68,9,48,15,509,0,35,169,0,0,0,0,171,0,381,9,0,810,221,0,0,0,13,224,0,0,0,49,0,30,0,1,0,513,72,6,354,0,12,465,216,376,107,1,0,0,71
44,38,61,329,37,870,7,333,249,6,5,0,1,217,4,397,21,2,883,342,4,6,1,37,363,0,3,27,65,11,65,0,67,6,1259,66,16,650,0,16,300,245,653,213,2,1,2,321
7,4,1,16,8,552,0,0,1895,0,0,0,0,2,1,1107,0,0,62,893,0,2,0,0,55,0,0,3,0,0,1,0,1,0,118,3,0,10,0,9,22,1582,157,411,0,0,0,28
1,0,0,5,0,2,16,0,0,14,0,667,122,0,0,0,0,0,0,0,0,0,285,0,0,0,0,1,0,4,0,0,0,36,6,0,0,0,11,2,0,0,2,0,2,4,0,1
1,0,1,0,4,1,933,17,0,137,0,254,8,0,3,0,2,0,0,0,0,10,1124,0,0,1393,0,0,0,26,0,7,1,3,0,0,0,0,19,3,0,0,4,0,30,11,19,7
0,0,27,26,6,0,8,1174,2,6,1146,37,16,1,1222,0,0,3116,0,0,247,46,61,0,1,19,3990,11,0,2576,0,130,30,12,0,0,0,0,9,9,0,5,5,0,130,20,29,13
12,118,60,57,2156,11,0,6,14,3,0,0,0,2,10,50,765,3,5,173,25,0,0,111,17,0,8,119,45,0,29,0,18,0,31,653,138,200,0,156,8,3,252,386,1,0,6,15
2,0,1765,194,30,9,0,6,5,3,3,0,0,0,444,6,7,5,2,7,175,12,0,1,38,0,15,16,1,3,1,0,486,0,10,10,0,11,0,48,6,1,67,2,10,0,5,405
5,4,1010,1344,66,6,1,6,18,1,46,0,3,6,314,9,11,26,10,17,576,24,0,3,23,0,14,45,2,4,3,1,2677,10,147,19,6,28,0,42,17,5,105,7,40,1,4,631
1,0,158,232,16,4,0,0,8,0,9,0,0,0,116,1,2,0,0,6,47,10,0,0,1,0,10,8,0,0,1,0,446,0,6,0,0,3,0,7,2,6,0,1,1,0,1,231
3,495,3,0,42,1,0,6,0,0,0,0,0,23,0,1,516,0,30,4,0,0,0,127,10,0,0,12,73,0,5,0,0,0,14,479,71,181,0,2,14,0,5,18,0,0,0,1
0,20,0,0,2,0,0,0,0,0,0,0,0,0,0,5,245,0,1,60,0,0,0,52,0,0,0,5,6,0,7,0,0,0,0,97,13,14,0,1,2,0,0,154,0,0,0,0
0,3,0,0,4,4,205,83,1,3,0,215,6,5,0,0,1,3,2,0,0,2,53,0,8,1173,0,1,4,3,0,0,0,1,0,6,2,1,5,0,0,0,5,0,24,1,187,1
673,45,28,6,29,204,0,0,5,378,5,0,0,65,9,17,23,4,37,71,6,1,0,72,28,1,1,21,104,5,1435,0,5,0,28,32,65,41,0,1254,797,7,31,697,2,0,0,18
0,0,0,0,0,0,17,1,0,1062,0,22,287,0,0,0,0,0,0,0,0,0,41,0,0,0,0,0,0,5,0,0,0,1662,0,0,0,0,2084,0,0,0,0,0,56,2233,0,0
0,0,0,0,0,0,4,0,0,43,0,42,1980,0,0,0,0,0,0,0,0,0,21,0,0,0,0,0,0,1,0,0,0,68,0,0,0,0,71,0,0,0,0,0,3,4,0,0
1,3,0,3,4,5,1789,182,0,8,0,505,26,1,0,0,0,0,1,0,1,13,664,1,1,65,0,0,0,40,0,3,0,17,3,1,0,0,79,1,0,0,10,0,40,32,40,0
0,0,0,0,0,0,29,44,0,1,3,15,2,0,14,0,0,102,0,0,1,2,15,0,0,7,34,0,0,4,0,1,0,13,0,0,0,0,17,0,0,0,0,0,387,46,4,0
10,28,3,4,11,28,0,12,0,0,0,0,0,9,0,10,48,0,44,8,0,0,0,15,18,0,0,6,3,1,9,0,0,0,40,30,10,98,0,2,13,0,42,28,0,0,0,2
31,40,34,30,59,509,0,4,129,1,0,0,0,8,0,35,51,0,253,11,0,0,0,2,18,0,0,82,4,1,7,0,7,0,554,64,3,201,0,28,61,134,49,21,0,0,0,22
4,1,101,18,31,6,6,22,3,0,29,6,0,0,90,0,4,70,1,0,288,0,0,1,6,9,14,270,2,4,0,0,9,9,34,3,0,5,3,268,3,0,2,1,595,3,8,14
1,20,25,10,475,11,0,1,0,9,0,0,0,0,14,4,82,0,2,12,18,0,0,29,2,0,0,1703,1,1,45,0,2,0,9,30,14,113,0,77,3,1,134,61,1,0,0,13
87,4,2,4,4,29,0,0,639,0,0,20,0,2,24,27,0,0,29,10,1,0,1,0,7,0,1,0,0,0,3,0,1,0,36,13,0,3,0,232,25,363,22,23,0,0,0,4
0,0,1,4,0,0,8,3,0,268,1,37,118,0,5,0,0,0,0,0,8,2,24,0,0,1,2,15,0,6,0,0,0,1436,168,0,0,0,574,0,0,0,2,0,50,1031,2,1
0,0,1,0,0,0,0,0,0,10,0,27,75,0,4,1,0,0,0,0,0,0,1,0,0,0,1,0,0,1,0,0,1,18,5,0,0,0,3,0,0,0,0,0,1,1,0,0
