0.27661,0.45657,0.69199,0.23945,0.17734,0.2988,0.37389,0.69489,0.23617,0.4974,0.22016,0.5107,0.3323,0.3285,0.34419,0.28638,0.17387,0.39777,0.24892,0.30115,0.16565,0.93592,0.72526,0.42863,0.85227,0.43002,0.26183,0.45407,0.5437,0.46676,0.31942,0.22296,0.2117,0.28214,0.31665,0.30956,0.58863,0.42693,0.16996,0.21961,0.57497,0.70758,0.60285,0.2795,0.24729,0.16164,0.28554,0.46264,0.38868,0.53609,0.33835,0.14365,0.37699,0.27229,0.51658,0.26885,0.46526,0.36592,0.36396,0.47129,0.64418
0.40965
0,445,0,21,5,6,0,0,2,0,361,0,61,161,0,0,0,0,0,255,200,0,0,0,0,0,0,0,0,0,37,0,0,0,11,559,0,0,122,3,0,0,0,0,8,0,41,0,13,0,100,11,134,507,0,0,0,0,0,0,1
0,5,1,630,333,35,0,0,25,8,100,0,1,748,0,0,1,0,0,655,55,0,0,0,0,0,0,0,0,0,5,0,143,6,1,12,1,0,1,309,0,0,3,0,54,1,4,0,2,0,0,1,806,19,2,24,0,1,0,5,0
1,40,0,107,53,199,0,0,79,3,287,2,57,194,0,0,0,0,0,272,260,0,0,0,0,0,0,0,0,0,112,6,0,7,29,167,1,0,58,33,0,0,0,0,5,1,14,0,5,0,68,12,131,66,23,3,0,2,3,0,4
0,81,0,3,0,1,0,0,3,0,110,3,618,29,0,0,0,1,0,28,100,0,0,0,0,0,0,0,0,0,111,0,0,0,151,651,0,0,310,0,0,0,0,0,30,1,8,0,1,0,291,137,17,246,0,2,2,0,0,0,3
0,5,0,25,2,2,0,0,0,0,44,0,0,59,0,0,0,0,0,132,226,0,0,0,0,0,0,0,0,0,7,0,2,0,8,20,0,0,21,18,0,0,0,1,2,0,0,0,1,0,9,0,110,34,0,1,0,0,0,0,0
3,38,4,142,37,497,1,0,304,0,121,31,69,18,0,22,15,3,0,65,323,0,0,0,0,0,1,0,0,3,192,42,8,26,251,77,2,141,99,23,26,0,6,6,12,9,31,5,28,4,193,76,58,31,201,23,4,69,9,5,32
0,0,4,0,0,2,3,1,13,0,0,0,1,0,0,2,1,3,2,0,0,3,3,3,14,3,1,1,13,2,0,3,0,0,1,0,4,50,1,0,16,1,3,0,0,4,0,1,0,34,0,1,3,0,45,2,0,3,1,3,0
1,345,1,59,25,62,0,0,30,12,6,1,30,1,1,1,1,0,1,4,11,0,0,2,2,0,0,0,1,20,9,2,4,41,4,1,0,3,297,9,4,0,11,3,5,3,691,3,1147,1,5,12,8,28,70,211,0,13,0,3,177
0,29,0,18,28,58,0,0,211,13,487,0,7,495,0,0,2,0,0,279,6,0,0,0,0,0,0,0,0,0,3,0,2,0,3,269,0,0,12,0,0,0,0,0,20,0,6,0,0,0,13,5,209,214,1,0,0,0,0,0,0
1,5,2,0,0,3,0,0,0,0,3,1,2,0,0,1,4,5,23,0,0,0,0,0,1,1,0,0,4,0,0,56,6,1,4,3,0,3,0,1,0,0,8,0,1,13,0,1,1,0,1,0,1,45,0,0,15,0,76,0,3
27,1,3,0,0,0,200,0,0,0,0,19,1,0,2,771,52,0,1,0,0,8,0,1,0,1,170,25,0,7,0,0,0,0,0,0,30,31,0,0,3,0,0,5,0,14,0,0,0,427,1,0,0,0,0,0,1,12,0,0,17
0,0,0,0,0,0,0,145,0,0,0,0,0,0,341,0,0,0,258,0,0,0,7,0,0,0,0,0,23,0,0,1,0,0,0,0,0,0,0,0,0,30,0,0,0,0,0,14,0,0,0,0,0,0,2,0,1,0,0,0,0
10,1,9,0,2,1,2,4,2,0,1,2,0,0,19,0,29,12,334,0,2,3,4,0,28,16,2,0,264,1,4,267,3,0,1,0,0,2,0,1,1,5,1,0,1,11,0,7,1,2,0,0,4,0,7,9,23,0,47,0,1
77,1,32,0,0,0,216,17,0,0,0,9,0,0,88,172,142,2,13,0,0,10,1,11,1,19,328,355,0,412,0,12,0,0,0,0,66,33,0,1,66,3,0,6,0,340,1,14,0,1879,1,0,0,0,0,0,1,14,1,4,1
269,0,83,5,2,21,65,0,15,2,0,3,0,1,1,180,40,6,21,1,1,1,6,1,5,96,24,7,39,2,1,670,21,2,1,0,11,24,0,7,22,3,0,12,5,62,0,10,0,108,7,0,15,2,6,1,17,11,35,3,6
907,0,2,4,2,9,0,0,4,5,0,9,0,0,0,33,129,1,14,2,0,0,0,11,0,0,2,1,0,46,1,0,5,22,2,0,23,1,48,121,17,1,3,16,0,256,6,2,11,36,0,1,0,2,3,5,1,6,2,13,3
0,37,0,605,351,258,0,0,98,20,126,0,12,291,0,0,2,1,0,256,189,0,0,1,0,0,0,0,0,0,79,0,173,38,15,17,0,0,8,305,1,0,10,0,102,2,141,0,120,0,5,12,319,13,49,185,0,3,0,4,2
0,1,2,0,0,1,0,0,3,0,8,34,54,0,0,0,1,1,0,1,54,0,0,0,0,0,1,0,0,0,47,0,0,0,351,6,0,1,31,0,0,0,0,7,7,0,0,0,0,0,272,44,0,4,1,0,14,1,0,0,2
3,2,2,0,0,2,0,0,0,0,1,0,0,0,0,5,1,0,0,0,0,0,0,1,0,0,0,0,0,0,1,0,1,0,0,0,7,3,1,0,19,0,1,5,0,0,0,0,0,0,0,0,0,1,1,0,0,66,0,0,1
5,0,1,8,0,12,1,0,6,1,1,4,2,0,1,3,3,0,1,1,1,0,0,1,1,0,0,0,0,2,0,0,3,4,0,0,110,10,2,3,199,0,1,34,3,12,1,0,1,14,4,7,4,0,23,1,1,212,0,5,8
0,0,0,0,0,1,0,0,3,0,0,1,0,0,0,0,0,0,0,0,0,0,0,0,0,0,0,0,0,0,0,0,1,1,0,0,6,0,1,1,5,0,0,8,0,0,0,0,0,0,0,0,0,0,0,0,0,8,0,2,0
0,0,24,0,0,0,58,2,0,0,0,6,2,0,2,10,3,4,3,0,0,5,1,1,6,26,35,5,10,1,0,11,0,0,1,0,8,964,0,0,19,2,0,0,0,13,1,1,1,7,1,0,0,0,2,0,0,17,6,2,3
0,328,0,60,29,36,0,0,11,6,8,0,11,5,0,0,0,0,0,7,1,0,0,0,0,0,0,0,0,10,5,0,8,9,0,0,0,0,116,4,0,0,2,2,5,2,504,0,728,0,3,8,9,26,5,75,0,0,0,0,23
0,3,0,37,407,68,0,0,198,256,34,0,0,59,0,0,4,0,0,31,3,0,0,3,0,0,0,0,0,0,3,0,444,83,0,3,0,0,0,36,1,0,68,4,409,0,4,0,2,0,0,13,42,0,5,15,0,0,0,47,0
1,0,46,0,0,0,37,11,0,0,0,0,0,0,6,14,0,3,5,0,0,3,7,0,4,1948,23,8,15,0,0,20,0,0,0,0,0,22,0,0,0,2,0,0,0,0,0,4,0,1,0,0,0,7,0,0,6,1,7,0,0
4,0,0,0,0,1,0,2,0,3,0,0,1,0,2,0,47,25,72,0,0,0,1,1,1,2,2,0,59,3,3,11,0,0,2,0,0,3,1,1,1,3,1,10,3,5,0,2,0,0,1,0,0,0,0,3,98,2,808,3,5
31,0,6,0,0,0,87,0,0,0,0,5,0,0,0,61,247,0,2,0,0,2,0,265,1,1,355,271,0,128,0,1,0,0,0,0,110,33,0,3,24,0,0,14,0,107,0,0,3,240,0,0,0,0,1,1,0,33,6,3,4
0,0,1521,0,0,0,32,0,0,0,0,0,0,0,0,1,0,0,0,0,0,5156,0,0,2348,0,2,7,0,0,0,1,0,0,0,0,0,7,0,0,0,0,0,0,0,2,0,0,0,147,0,0,0,0,0,0,2,2,0,0,0
3,0,13,4,0,7,0,2,0,0,0,1,1,0,11,3,109,231,25,0,5,5,3,5,22,11,0,0,85,3,0,27,8,1,0,0,0,30,4,20,2,4,1,0,0,14,0,3,5,1,0,0,2,0,31,0,195,2,17,2,1
38,1,4,16,7,4,0,0,2,2,2,1,1,5,0,7,245,83,1,3,6,0,0,15,3,0,0,0,8,0,0,4,3,5,3,1,3,3,9,504,4,0,4,6,3,31,2,5,6,0,7,1,4,3,8,8,12,4,1,42,1
0,30,0,223,410,512,0,0,214,169,34,1,10,30,0,0,5,0,0,18,70,0,0,63,0,1,0,0,0,0,79,1,471,470,16,2,1,0,6,324,12,0,204,25,323,17,74,4,39,0,3,97,46,2,182,624,0,10,0,216,4
12,66,3,417,390,969,0,0,619,252,49,6,11,46,3,5,23,0,2,40,83,0,0,188,1,0,3,2,1,11,58,20,550,544,18,7,43,59,10,301,119,3,456,36,310,50,91,43,93,3,13,150,63,9,1262,324,4,85,12,291,16
0,4,2,8,71,36,0,0,185,1244,0,0,1,0,1,0,9,0,0,0,0,0,0,976,0,0,0,0,0,0,2,0,501,153,1,0,6,0,0,25,4,0,1565,185,502,40,10,0,6,0,0,260,0,0,12,96,2,8,0,1034,1
3,0,0,0,0,0,0,111,0,0,0,0,0,0,326,0,2,0,635,0,0,0,6,0,0,0,0,0,29,0,0,4,1,0,0,0,0,1,0,1,0,21,0,0,0,2,0,22,1,0,0,0,0,0,9,5,2,0,0,0,0
2,1,9,0,0,0,3,6,1,0,0,0,1,0,11,1,18,784,407,0,0,1,24,0,17,16,2,2,660,9,1,24,2,0,0,0,0,42,0,0,1,138,1,0,0,5,0,1,2,5,0,0,0,0,2,0,1058,1,760,0,0
2,0,20,0,0,0,727,3,0,0,0,0,0,0,14,12,46,5,3,0,0,11,0,18,12,10,973,1982,1,1285,0,9,0,0,0,0,7,418,0,0,4,0,0,0,0,16,0,0,0,42,0,0,0,0,0,0,3,1,12,1,0
220,7,2,4,6,60,0,0,294,66,134,695,189,34,0,34,374,1,0,14,161,0,0,2,0,0,9,0,0,0,388,1,6,4,772,144,14,1,116,4,13,0,5,471,33,17,3,0,5,0,719,217,18,44,1,3,312,22,3,6,18
509,0,28,3,2,3,1,0,9,2,0,20,2,0,0,267,14,1,0,0,2,0,0,2,0,1,27,1,0,0,8,3,11,2,6,0,344,3,4,2,429,0,2,165,9,304,0,5,1,16,14,5,0,2,2,1,9,1179,0,5,262
355,1,33,9,3,18,13,0,3,0,2,40,8,2,14,168,128,1,0,4,4,0,0,2,0,6,38,7,0,30,7,1,9,11,11,1,1999,10,7,9,1672,0,1,649,6,252,1,27,2,76,15,3,2,2,20,9,7,929,4,10,24
19,0,24,0,1,1,0,0,0,6,0,10,2,0,0,7,8,0,0,0,0,0,0,14,0,2,13,17,0,1,2,0,3,1,0,0,432,0,0,4,71,0,9,296,0,21,0,0,1,4,1,0,0,0,1,0,0,307,0,14,4
220,1,1,6,2,9,0,0,3,4,3,4,0,0,0,1,103,2,0,3,4,0,0,2,0,0,0,0,0,1,11,0,2,2,4,0,70,0,1,17,50,0,0,58,2,9,1,0,6,1,0,1,3,0,2,4,0,56,0,0,3
1,15,0,37,14,22,0,0,13,0,102,8,56,23,0,0,0,0,0,34,381,0,0,0,0,0,1,0,0,0,704,1,1,3,270,42,0,2,107,2,0,0,0,0,11,0,10,0,2,0,169,54,22,22,0,5,1,1,0,0,0
0,7,0,2,0,7,0,0,13,4,67,0,152,5,0,0,0,0,0,9,1,0,0,0,0,0,0,0,0,0,13,0,0,0,260,12,0,0,6,0,0,0,0,0,2,0,2,0,1,0,19,87,2,12,0,0,0,0,0,0,1
0,1,0,1,2,0,2,2,2,0,1,1,0,1,6,0,29,605,20,0,1,0,0,0,19,18,1,0,171,0,0,504,4,0,1,6,0,5,0,0,1,3,3,0,4,1,0,0,0,0,1,2,4,171,2,0,133,0,284,0,0
2,0,159,0,0,1,74,0,0,0,0,8,1,0,0,6,11,4,1,0,0,238,0,1,193,3,37,14,1,4,0,33,1,0,0,0,0,81,0,0,5,1,0,0,0,42,1,0,0,20,0,0,0,0,0,0,0,5,4,0,1
0,0,12,0,0,0,1077,0,0,0,0,0,0,0,1,58,5,0,2,0,0,10,0,1,3,11,838,437,0,52,0,6,0,0,0,0,3,20,0,0,3,0,0,0,0,11,0,0,0,54,0,0,0,0,0,0,0,4,1,0,0
91,7,13,78,17,22,61,0,32,31,17,99,38,40,0,36,188,126,4,16,95,11,0,35,4,3,65,16,9,109,19,465,90,33,108,14,15,32,199,128,23,1,31,28,64,418,15,0,10,19,41,22,53,21,16,25,44,23,39,80,17
48,1293,1,65,39,58,3,0,57,331,34,26,50,28,0,18,16,0,0,39,16,0,0,6,0,0,0,2,0,127,28,1,6,35,4,41,4,0,193,6,8,0,51,194,18,4,691,1,636,0,57,48,34,310,12,16,3,17,3,6,1566
0,0,0,0,0,0,0,65,0,0,0,0,0,0,258,0,0,1,12,0,0,0,2426,0,2,1099,0,0,14,0,0,10,0,0,0,0,0,5,0,0,0,2110,0,0,0,0,0,1350,0,0,0,0,0,0,116,0,1,0,1,0,0
0,0,0,0,0,0,0,1305,0,0,0,0,0,0,803,0,0,0,16,0,0,0,16,0,0,3,0,0,3,1,0,0,0,0,0,0,0,0,0,0,0,56,0,0,0,0,0,18,0,0,0,0,0,0,15,0,1,0,0,0,0
2,0,0,1,2,1,1,32,1,0,1,0,0,0,96,0,7,52,575,0,0,2,25,0,29,45,0,0,1723,0,0,642,0,1,0,1,0,47,0,0,0,30,1,1,2,11,0,56,2,1,0,0,1,0,11,1,76,0,60,0,0
46,0,55,0,0,0,1644,51,0,0,0,13,0,0,179,61,62,1,19,0,0,39,10,5,26,44,1090,1163,5,464,0,58,0,0,0,0,59,129,0,0,40,8,0,3,0,231,0,37,0,311,0,0,0,0,2,1,0,12,9,4,3
1,0,47,0,0,0,71,1,0,0,0,0,0,0,3,12,0,2,23,0,0,1,22,0,4,350,65,20,17,4,0,60,0,0,0,0,0,3,0,0,0,5,0,0,0,1,0,23,0,1,0,0,0,1,0,0,1,0,3,0,0
0,6,0,9,25,87,0,0,45,2,37,3,29,1,0,0,0,0,0,3,11,0,0,3,0,0,0,0,0,1,35,1,9,32,30,14,0,2,5,4,1,0,1,0,15,1,7,0,7,0,20,20,5,6,23,20,1,3,1,2,5
0,7,1,3,3,49,0,0,9,1,6,37,23,0,0,1,0,0,0,0,14,0,0,1,0,0,0,0,0,1,156,0,0,10,27,1,2,3,15,3,1,0,0,16,1,1,2,1,7,0,20,47,2,1,5,50,2,18,0,1,6
6,10,0,15,34,77,0,0,22,10,0,6,3,0,0,1,2,0,0,1,5,0,0,105,0,0,0,0,0,0,41,0,50,621,0,0,5,1,3,19,6,0,77,9,32,15,15,1,25,0,0,210,5,0,40,303,0,20,0,99,5
295,0,23,0,0,3,18,0,4,0,1,34,4,1,5,803,6,5,5,0,1,0,0,2,5,275,50,22,1,12,5,21,3,6,3,2,5,15,1,14,8,3,0,5,0,38,0,20,3,50,6,1,0,4,1,4,5,17,3,1,124
13,8,0,1,4,19,0,0,85,3,24,1193,752,0,0,12,9,0,0,0,1,0,0,0,0,0,0,0,0,0,25,0,2,1,67,30,3,9,9,1,5,0,5,37,3,3,7,0,2,1,45,228,1,7,1,3,210,21,0,0,73
24,0,0,5,4,3,0,0,0,44,0,0,0,0,0,0,8,0,16,2,7,0,0,529,0,0,2,0,0,0,2,0,41,25,1,0,1,1,0,25,1,0,61,4,18,170,35,0,24,0,0,17,1,0,2,258,6,1,0,278,0
24,0,4,0,0,0,0,56,1,0,0,0,0,0,101,15,0,0,18,0,0,0,782,0,3,519,3,0,13,1,0,6,0,1,0,0,0,5,0,3,1,540,0,0,0,1,0,1455,0,0,0,0,0,0,213,0,0,0,2,0,0
3,0,1,0,0,0,0,62,0,1,0,0,0,0,38,0,0,0,17,0,0,0,1,0,0,0,0,0,0,0,0,0,0,0,0,0,1,0,0,0,0,9,0,1,0,2,0,9,0,0,0,0,0,0,5,0,0,0,0,0,0
