0.28362,0.45336,0.5884,0.23065,0.20292,0.29485,0.37831,0.68797,0.24433,0.50562,0.19702,0.50772,0.32319,0.3187,0.36424,0.27834,0.17749,0.37677,0.24154,0.30259,0.16645,0.93989,0.73435,0.42826,0.79358,0.41399,0.26485,0.4227,0.53463,0.4908,0.30926,0.21815,0.21101,0.27493,0.32641,0.31591,0.58698,0.43662,0.1663,0.22907,0.55422,0.71575,0.59184,0.31927,0.25097,0.19906,0.30467,0.47738,0.38645,0.45036,0.33147,0.17104,0.37454,0.26033,0.51925,0.26558,0.47599,0.36,0.35335,0.45725,0.63949
0.40644
0,456,0,22,3,5,0,0,2,0,364,0,62,177,0,0,0,0,0,262,162,0,0,0,0,0,0,0,0,0,36,0,0,0,13,559,0,0,109,3,0,0,0,0,8,0,42,0,13,0,103,9,149,504,0,0,0,0,0,0,1
0,7,0,603,328,38,0,0,20,9,89,0,1,748,0,0,0,0,0,689,54,0,0,0,0,0,0,0,0,0,5,0,147,6,1,11,1,0,1,299,0,0,3,0,56,1,2,0,2,0,0,1,818,22,1,27,0,1,0,6,0
1,40,0,114,28,195,0,0,92,3,299,1,55,211,0,0,1,0,0,274,248,0,0,0,0,0,0,0,0,0,95,2,0,8,40,155,1,1,58,33,0,0,0,0,5,1,14,0,5,0,72,13,127,80,18,5,1,1,3,0,4
0,86,0,2,0,1,0,0,3,0,113,4,612,32,0,1,0,1,0,33,96,0,0,0,0,0,0,0,0,0,106,0,0,0,154,665,0,0,287,0,0,0,0,0,33,1,8,0,2,0,291,131,22,248,0,2,1,0,0,0,3
0,4,0,26,2,2,0,0,0,0,44,0,1,70,0,0,0,0,0,133,206,0,0,0,0,0,0,0,0,0,7,0,2,0,10,18,0,0,24,18,0,0,0,0,2,0,0,0,1,0,13,0,108,37,0,1,0,0,0,0,0
3,42,3,145,17,470,1,0,331,1,131,30,73,28,0,19,15,1,0,70,350,1,0,0,0,0,0,0,0,4,169,31,10,29,256,74,2,144,87,22,24,0,5,6,13,8,34,4,27,6,198,71,54,41,198,24,3,67,7,4,33
0,0,3,0,0,1,3,1,12,0,0,0,1,0,0,2,2,3,2,0,0,2,2,5,16,3,1,1,18,1,1,4,0,0,1,0,3,47,0,0,20,0,2,0,0,4,0,1,0,35,0,1,3,0,41,2,0,3,1,3,0
2,330,1,56,25,60,0,0,31,12,4,1,30,2,1,1,2,0,1,3,12,0,0,2,0,0,0,0,1,18,10,2,8,38,3,1,0,2,303,8,5,0,8,3,9,5,679,3,1152,1,7,14,9,26,85,216,0,11,0,4,175
0,40,0,18,22,67,0,0,208,14,437,0,6,498,0,0,2,0,0,325,3,0,0,0,0,0,0,0,0,0,3,0,2,0,2,243,0,0,13,0,0,0,0,0,18,1,6,0,0,0,11,4,215,230,1,0,0,0,0,1,0
1,2,1,0,1,3,0,0,0,0,3,1,2,0,0,1,7,7,20,0,0,0,0,0,8,0,0,0,6,0,0,66,5,1,2,7,0,2,0,0,1,0,2,0,0,4,0,1,1,2,1,1,0,44,0,0,11,0,75,1,5
21,1,5,0,0,0,204,0,0,0,0,18,1,0,2,744,48,0,3,0,0,6,0,1,0,1,153,31,0,9,0,0,0,0,0,0,30,26,0,0,4,0,0,4,0,15,0,0,0,475,1,0,0,0,0,0,1,11,0,0,15
0,0,0,0,0,0,0,136,0,0,0,0,0,0,357,0,0,0,249,0,0,0,8,0,0,0,0,0,22,0,0,2,0,0,0,0,0,0,0,0,0,28,0,0,0,0,0,16,0,0,0,0,0,0,3,0,1,0,0,0,0
10,0,7,1,2,0,0,4,1,0,2,2,0,0,20,0,26,16,331,1,1,3,4,1,22,13,2,0,258,1,3,263,5,0,1,0,0,10,0,1,1,5,0,1,1,11,0,15,1,3,0,0,3,0,10,8,20,0,54,0,2
68,1,39,0,0,0,235,23,0,0,0,7,0,0,68,162,136,1,12,0,0,12,1,9,1,21,460,503,0,420,0,7,0,0,0,0,60,31,1,1,68,1,0,9,1,507,1,17,0,1447,1,0,0,0,1,0,0,13,2,2,0
252,0,109,3,3,22,61,0,15,2,0,3,0,0,0,141,39,10,16,1,0,2,6,1,10,94,24,8,32,1,3,661,19,3,0,0,12,25,0,6,28,3,0,14,3,41,0,21,1,155,7,0,14,2,7,1,20,12,34,3,9
909,0,9,3,2,10,0,0,4,3,0,8,0,0,1,34,150,1,16,2,0,0,0,11,0,0,5,1,0,36,3,0,4,20,1,0,26,1,56,126,22,0,4,25,0,210,6,1,10,28,0,0,0,2,2,8,1,11,1,14,1
0,40,0,620,343,266,0,0,109,19,129,0,12,300,0,0,2,1,0,260,173,0,0,1,0,0,0,0,0,0,65,0,166,31,20,12,0,0,7,301,2,0,9,0,98,1,124,0,129,0,5,14,327,15,43,198,0,3,0,3,2
0,1,1,0,0,1,0,0,2,0,8,34,55,0,0,0,1,1,0,1,58,1,0,0,0,0,1,0,0,0,44,0,0,0,349,7,0,1,25,0,0,0,0,5,8,0,0,0,0,0,277,44,0,6,1,0,14,1,0,0,2
4,2,3,0,0,1,0,0,1,0,1,1,0,0,0,9,0,0,0,0,0,0,0,1,0,0,0,0,0,0,1,0,0,0,0,0,9,2,1,0,16,0,1,7,0,1,0,0,0,0,0,0,0,1,3,0,0,58,0,0,1
3,0,6,9,0,11,1,0,6,1,0,4,2,0,0,3,2,0,0,1,0,0,0,2,2,0,0,0,0,0,2,0,5,5,0,0,105,7,1,3,196,0,0,44,3,15,1,0,0,17,3,9,4,1,25,1,1,200,0,8,8
0,0,0,0,0,0,0,0,2,0,0,1,0,0,0,0,0,0,0,0,0,0,0,0,0,0,0,0,0,0,0,0,0,0,0,0,4,0,0,1,5,0,2,9,0,0,0,0,0,0,0,0,0,0,0,0,0,12,0,2,0
0,0,29,0,0,0,57,2,0,0,0,5,3,0,1,9,2,6,3,0,0,4,1,1,6,26,36,5,8,1,0,11,0,0,1,0,7,961,0,0,19,1,0,2,0,10,1,1,1,9,1,0,0,0,5,0,0,15,7,2,4
0,304,0,64,31,33,0,0,11,5,7,0,9,4,0,0,0,0,0,7,1,0,0,0,0,0,0,0,0,10,4,0,8,6,0,0,0,0,120,4,0,0,2,1,5,2,504,0,747,0,4,8,10,25,5,82,0,0,0,0,23
0,7,0,37,458,77,0,0,211,234,23,0,0,57,0,0,4,0,0,26,3,0,0,2,0,0,0,0,0,0,3,0,413,79,0,3,0,0,0,34,1,0,65,4,418,0,6,0,1,0,0,11,44,1,3,21,0,0,0,36,0
1,0,58,0,0,0,33,11,0,0,0,0,0,0,7,13,0,4,5,0,0,3,7,0,7,1935,22,8,15,1,0,19,0,0,0,0,0,23,0,0,0,2,0,0,0,0,0,4,0,1,0,0,0,7,0,0,5,0,10,0,0
4,0,0,0,0,1,0,0,0,3,0,0,0,0,1,1,85,25,75,0,0,0,1,1,1,2,2,0,66,2,3,12,0,0,2,0,0,1,1,0,0,5,1,11,3,6,0,1,0,0,1,0,0,0,1,2,99,1,765,2,5
28,0,12,0,0,0,87,0,0,0,0,5,0,0,0,61,250,0,2,0,0,2,0,271,1,1,372,289,0,127,0,2,0,0,0,0,112,28,0,4,23,0,0,16,0,116,0,1,3,174,0,0,0,0,1,2,0,36,10,4,5
0,0,1278,0,0,0,29,0,0,0,0,0,0,0,0,1,0,0,0,0,0,5504,0,0,2226,0,1,6,0,0,0,1,0,0,0,0,0,10,0,0,0,0,0,0,0,2,0,0,0,166,0,0,0,0,0,0,2,2,0,0,0
4,0,5,4,0,5,0,2,0,0,0,1,1,2,15,4,88,237,23,0,3,6,1,6,60,12,0,0,74,3,0,32,12,1,1,0,0,27,3,19,0,5,1,0,0,18,0,5,5,1,0,0,4,0,35,0,168,3,21,1,1
47,0,4,20,5,3,0,0,2,2,0,1,1,5,0,4,211,78,1,2,5,1,0,16,2,0,0,0,12,1,1,5,5,6,0,1,3,2,9,520,4,0,3,6,4,39,2,11,7,0,9,2,7,6,4,6,10,4,1,41,0
0,32,1,250,398,523,0,0,221,163,39,0,9,31,1,0,4,0,0,21,75,0,0,65,0,0,0,0,0,0,79,1,458,464,18,2,0,0,6,309,12,0,210,25,315,18,61,4,40,0,3,128,43,2,185,618,0,11,0,192,5
13,71,12,430,346,950,1,0,636,255,51,5,8,54,2,6,23,0,3,44,79,0,0,195,0,0,3,3,2,13,60,12,552,567,17,5,39,57,11,282,127,2,467,35,318,49,82,53,84,4,16,181,62,11,1254,318,2,83,10,264,16
0,4,1,9,84,39,0,0,156,1259,0,0,1,0,1,0,10,0,0,0,0,0,0,997,1,0,0,0,0,0,2,0,521,183,1,0,4,0,0,28,6,0,1508,195,519,34,8,1,6,0,0,313,1,0,8,89,0,8,0,952,1
4,0,0,0,0,0,0,107,0,0,0,0,0,0,363,0,2,0,607,0,0,0,5,0,0,0,0,0,27,0,0,4,0,0,0,0,0,2,0,1,0,17,0,0,0,0,0,28,0,0,0,0,0,0,7,6,1,0,0,0,0
1,0,11,0,0,0,1,6,1,0,0,0,1,0,14,0,37,746,414,0,0,2,15,0,23,17,3,1,707,10,1,44,1,0,0,0,0,37,0,0,0,131,1,0,0,9,0,1,2,3,0,0,0,0,1,0,1031,2,744,0,0
1,0,21,0,0,0,730,4,0,0,0,0,0,0,8,16,44,6,2,0,0,8,0,24,11,8,960,1933,1,1361,0,9,0,0,0,0,7,402,0,0,3,0,0,0,0,23,0,0,0,28,0,0,0,0,0,0,4,1,20,2,0
194,7,2,6,4,59,0,0,257,66,153,737,185,30,0,38,380,1,0,17,209,0,0,1,1,0,11,0,0,1,416,0,7,6,802,166,13,1,130,3,15,0,4,373,34,9,7,2,7,0,713,181,18,51,0,5,297,22,4,5,16
471,0,51,3,1,2,1,0,8,3,0,20,2,0,0,313,11,1,1,0,2,0,0,1,0,2,31,0,0,0,12,6,13,5,6,2,350,3,4,1,433,0,2,160,9,268,0,4,2,25,14,5,2,3,3,2,11,1134,0,8,276
360,1,68,7,3,20,11,0,7,0,2,44,7,2,10,178,118,0,3,2,5,0,0,2,0,10,36,11,0,23,7,2,13,10,12,1,1974,10,6,10,1564,0,2,719,7,240,1,23,2,106,14,1,1,2,18,8,8,908,5,35,26
20,0,31,0,1,1,0,0,1,6,0,12,1,0,0,13,5,0,0,0,0,0,0,13,0,1,16,19,0,1,2,0,2,1,0,0,433,0,0,4,73,0,9,255,0,7,0,1,1,5,1,0,0,0,0,0,0,315,0,44,2
221,2,2,7,4,10,0,0,1,4,1,2,0,0,0,1,104,1,0,3,4,0,0,1,0,0,0,0,0,0,11,0,2,5,3,0,67,0,3,13,53,0,0,55,1,6,2,0,5,3,0,1,3,2,1,5,0,59,0,2,2
1,17,0,34,13,21,0,0,11,0,115,6,63,27,0,0,0,0,0,35,382,0,0,0,0,0,1,0,0,0,681,1,2,3,279,42,0,0,97,3,0,0,0,0,13,0,11,0,2,0,166,51,23,29,0,6,1,0,0,0,0
0,9,0,0,0,7,0,0,17,1,80,0,165,5,0,0,0,0,0,7,1,0,0,0,0,0,0,0,0,0,16,0,0,0,244,14,0,0,5,0,0,0,0,0,2,0,2,0,1,0,21,71,2,14,0,0,0,0,0,0,0
0,1,0,2,3,4,0,2,1,0,1,1,0,1,3,1,19,621,17,1,2,0,0,1,115,17,1,0,119,0,0,513,3,0,1,6,0,6,0,0,1,6,2,0,2,2,0,1,0,1,1,3,4,172,1,0,95,0,259,0,0
1,0,128,1,0,0,80,0,0,0,0,7,1,0,0,7,9,6,1,0,0,245,0,1,211,4,44,13,1,4,0,40,1,0,0,0,0,81,1,2,5,0,0,0,0,25,0,0,0,23,0,0,0,0,0,0,0,6,3,0,1
0,0,20,0,0,0,1181,0,0,0,0,0,0,0,1,55,4,0,2,0,0,10,0,1,5,11,696,472,0,47,0,4,0,0,0,0,4,19,0,0,1,0,0,0,0,11,0,0,0,58,0,0,0,0,0,0,0,4,3,0,0
87,8,14,78,25,23,63,0,22,31,17,102,34,36,0,39,185,136,4,15,105,10,0,38,14,3,72,19,10,110,20,467,103,34,94,19,19,30,200,133,17,1,24,33,68,377,13,0,10,21,39,23,56,22,14,26,38,22,41,77,15
49,1283,2,71,43,54,3,0,51,335,34,27,50,25,0,19,21,0,0,39,13,0,0,6,0,0,1,2,0,125,29,1,5,35,2,28,4,0,209,5,8,0,51,169,22,2,737,2,638,1,54,41,37,307,13,26,4,17,2,3,1545
0,0,0,0,0,0,0,60,0,0,0,0,0,0,248,0,2,1,14,0,0,0,2499,0,2,1244,0,0,13,0,0,8,0,0,0,0,0,6,0,0,0,2095,0,0,0,0,0,1174,0,0,0,0,0,0,104,0,0,0,0,0,0
0,0,0,0,0,0,0,1270,0,0,0,0,0,0,829,0,0,0,19,0,0,0,23,0,0,1,0,0,3,1,0,0,0,0,0,0,0,0,0,0,0,55,0,0,0,0,0,22,0,0,0,0,0,0,13,0,1,0,0,0,0
2,0,0,1,0,1,2,33,1,0,1,0,0,0,102,0,10,58,581,0,1,3,26,0,20,46,0,0,1644,0,0,658,0,1,0,1,0,47,0,0,0,28,1,1,2,18,0,94,2,1,0,0,1,0,25,1,68,0,58,0,0
42,0,79,0,0,0,1758,66,0,0,0,11,0,0,81,58,56,1,16,0,0,30,11,5,27,44,1101,1213,5,427,0,45,0,0,0,0,58,114,0,0,39,4,0,11,0,243,0,48,0,256,0,0,0,0,3,0,1,12,11,4,4
0,0,54,0,0,0,81,1,0,0,0,0,0,0,4,10,1,3,19,0,0,1,23,0,5,340,53,19,16,3,0,62,0,0,0,0,0,3,0,0,0,5,0,0,0,1,0,28,0,3,1,0,0,0,0,0,0,0,5,0,0
0,4,0,12,21,91,0,0,50,2,34,3,26,1,0,0,0,0,0,1,11,0,0,3,0,0,0,0,0,0,37,2,8,33,27,16,0,3,4,1,1,0,1,1,18,1,9,0,6,0,22,20,5,4,23,19,1,2,1,2,6
0,6,1,4,3,42,0,0,9,1,6,35,22,0,0,2,1,0,0,0,13,0,0,1,0,0,0,0,0,1,174,0,0,6,23,1,2,4,18,3,1,0,0,10,1,1,2,2,7,0,21,45,3,1,5,46,2,17,0,1,11
4,12,0,19,29,83,0,0,17,9,0,7,4,0,0,0,2,0,0,0,7,0,0,106,0,0,0,0,0,0,54,0,62,612,0,0,5,1,3,16,9,0,87,10,31,12,16,1,23,0,0,208,4,0,37,289,0,23,0,93,4
292,0,88,0,1,4,24,1,5,0,0,33,5,1,3,685,4,7,3,0,2,0,2,2,5,268,44,15,3,10,6,20,2,5,2,4,6,11,5,11,10,3,0,4,0,15,0,16,4,150,8,0,0,4,2,6,5,17,4,1,115
12,10,1,1,4,13,0,0,67,2,30,1216,722,0,0,12,7,0,0,0,1,0,0,0,0,0,1,0,0,0,29,0,4,2,69,42,1,8,14,1,4,0,4,24,4,4,9,0,2,2,52,202,1,14,2,2,234,21,1,0,72
46,0,0,6,4,3,0,0,1,45,0,0,1,0,0,0,8,0,16,2,8,0,0,534,0,0,2,0,0,0,2,0,46,21,0,0,1,1,0,38,0,0,67,4,14,150,29,0,29,0,0,23,0,0,1,249,4,1,0,260,0
23,0,10,0,0,0,0,54,0,0,0,0,0,0,93,10,0,0,21,0,0,0,767,0,3,550,2,0,11,1,0,11,0,0,0,0,0,4,0,3,1,521,0,0,0,2,0,1477,0,3,0,0,0,0,197,0,0,0,3,0,0
3,0,2,0,0,0,0,63,0,0,0,0,0,0,40,0,1,0,11,0,0,0,1,0,0,0,0,1,1,0,0,0,0,0,0,0,1,0,0,0,0,9,0,1,0,1,0,10,0,0,0,0,0,0,5,0,0,0,0,0,0
