0.27248,0.45158,0.77468,0.25962,0.18307,0.30469,0.399,0.71174,0.23172,0.49278,0.23565,0.50744,0.33768,0.32626,0.34646,0.29158,0.16308,0.40635,0.25795,0.30055,0.16667,0.93679,0.71967,0.44244,0.86771,0.45511,0.25053,0.46893,0.54317,0.44968,0.32416,0.22178,0.21379,0.28059,0.31049,0.3065,0.58872,0.41005,0.17934,0.20361,0.58356,0.69584,0.61694,0.26244,0.24425,0.15499,0.2876,0.49027,0.38312,0.55403,0.34719,0.15736,0.38068,0.26262,0.50382,0.26546,0.47861,0.38069,0.36431,0.47299,0.6603
0.41295
0,444,0,16,6,6,0,0,4,0,377,0,53,139,0,0,0,0,0,269,231,0,0,0,0,0,0,0,0,0,36,0,0,0,12,553,0,0,138,4,0,0,0,0,8,0,44,0,14,0,94,8,118,489,0,0,0,0,0,0,1
0,4,0,675,292,34,0,0,26,7,97,0,1,738,0,0,1,0,0,660,54,0,0,0,0,0,0,0,0,0,10,0,153,6,0,7,1,0,3,325,0,0,3,0,43,0,4,0,2,0,0,1,796,22,3,21,0,1,0,7,0
1,36,0,110,53,185,0,0,72,2,281,1,59,184,0,0,0,0,0,277,278,0,0,0,0,0,0,0,0,0,119,6,0,6,24,167,0,13,67,36,0,0,1,0,5,0,15,0,6,0,67,11,124,63,26,4,0,1,0,1,3
0,92,0,3,0,1,0,0,3,0,124,2,601,26,0,0,0,1,0,32,99,0,0,0,0,0,0,0,0,0,102,0,0,0,159,632,0,2,335,0,0,0,0,1,27,0,9,0,3,0,281,152,10,235,0,2,1,0,0,0,3
0,5,0,28,1,2,0,0,0,0,41,0,0,43,0,0,0,0,0,125,243,0,0,0,0,0,0,0,0,0,10,0,2,0,8,21,0,0,24,21,0,0,0,1,2,0,0,0,1,0,7,0,109,34,0,1,0,0,0,0,0
4,38,3,139,36,499,1,0,269,1,99,27,78,24,0,19,13,2,0,68,286,0,0,0,0,0,2,0,0,5,198,46,10,27,212,79,2,236,97,21,22,1,6,8,13,7,32,3,26,6,197,84,61,37,206,25,2,67,7,4,31
0,0,2,0,0,2,3,1,16,0,0,0,1,1,0,2,2,2,2,0,0,6,3,3,8,6,1,1,13,1,0,4,0,0,1,0,6,48,0,0,9,0,2,0,0,7,0,4,0,35,0,1,1,0,46,2,0,4,1,4,0
2,353,1,56,26,64,0,0,38,13,2,3,29,0,1,1,4,0,1,2,9,0,0,1,2,0,0,0,0,17,10,2,5,43,4,2,1,3,285,9,6,0,9,5,7,4,687,2,1144,2,4,14,10,25,62,214,0,13,0,6,179
0,25,0,17,29,49,0,0,220,13,501,0,7,502,0,0,2,0,0,256,7,0,0,0,0,0,0,0,0,0,3,0,2,0,3,263,0,0,14,0,0,0,0,0,21,0,6,0,2,0,12,10,205,220,1,0,0,0,0,0,0
1,4,2,0,0,3,0,0,0,0,4,1,2,0,0,1,4,5,23,0,0,0,0,0,1,0,0,0,10,0,0,52,7,1,3,2,0,3,0,0,0,0,5,0,1,14,0,2,1,0,1,0,1,44,0,0,12,0,80,1,4
30,1,4,0,0,0,197,0,0,0,0,22,1,0,1,824,62,0,3,0,0,9,0,1,0,1,159,21,0,9,0,0,0,0,0,0,24,43,0,0,3,0,0,3,0,11,0,0,0,372,0,0,0,0,0,0,1,11,0,0,17
0,0,0,0,0,0,0,135,0,0,0,0,0,0,340,0,0,0,266,0,0,0,4,0,0,0,0,0,29,0,0,1,0,0,0,0,0,0,0,0,0,30,0,0,0,0,0,14,0,0,0,0,0,0,2,0,1,0,0,0,0
11,0,10,0,3,2,1,2,1,0,2,2,0,1,18,1,28,17,334,0,1,3,5,1,23,20,2,0,266,1,6,257,4,1,1,0,0,5,0,1,1,6,0,0,0,8,0,6,1,1,0,0,2,1,7,8,26,0,48,0,1
73,1,24,0,0,0,223,17,0,0,0,7,0,0,86,195,160,0,23,0,0,9,2,8,5,23,273,312,0,437,0,11,0,0,1,0,60,36,0,1,66,3,0,8,0,281,1,10,0,1974,0,0,0,0,0,0,1,11,1,5,1
276,0,49,3,3,21,67,0,13,2,0,3,0,0,0,184,41,8,30,2,1,3,4,1,7,111,22,11,39,2,1,670,23,2,1,0,12,28,0,5,21,3,0,12,3,69,0,11,1,97,6,0,15,0,6,1,17,9,36,3,4
888,0,0,5,2,6,0,0,4,3,0,10,0,0,0,35,134,1,10,2,0,0,0,16,0,0,1,1,0,35,3,0,8,24,2,0,23,1,39,113,17,1,2,14,1,300,6,1,9,38,0,1,0,2,2,5,1,6,4,10,2
0,33,0,613,344,245,0,0,97,20,123,0,11,294,0,0,2,1,0,267,178,0,0,1,0,0,0,0,0,0,92,0,179,43,11,18,0,0,15,317,1,0,8,1,95,2,136,0,120,0,4,13,310,11,42,192,0,3,0,6,2
0,2,2,0,1,1,0,0,3,0,5,37,51,0,0,0,1,1,0,1,45,0,0,0,0,0,1,0,0,0,48,0,0,0,353,6,0,5,34,0,0,0,0,7,8,0,0,0,0,0,283,39,0,3,1,0,11,0,0,0,0
4,2,2,0,0,3,0,0,0,0,1,0,0,0,0,3,1,0,0,0,0,0,0,1,0,0,1,0,0,0,1,0,0,0,0,0,11,3,1,0,19,0,1,5,0,0,0,0,0,0,1,0,0,1,1,0,0,61,0,0,1
3,0,0,8,0,13,0,0,6,1,1,3,1,0,1,3,3,0,1,1,1,0,0,2,2,0,0,0,0,1,0,0,0,5,1,0,111,11,3,2,201,0,2,31,3,16,2,0,1,16,3,8,4,1,20,1,1,212,0,4,7
0,0,0,0,0,0,0,0,3,0,0,0,0,0,0,0,0,0,0,0,0,0,0,0,0,0,0,0,0,0,1,0,2,1,0,0,6,0,1,2,5,0,0,8,0,0,0,0,0,0,0,0,0,0,0,0,0,8,0,1,0
0,0,17,0,0,0,55,0,0,0,0,7,3,0,3,12,3,4,3,0,0,3,1,0,6,28,39,6,8,1,0,11,0,1,0,0,6,971,0,0,22,1,0,0,0,13,1,1,1,6,1,0,0,0,3,0,0,17,5,2,2
0,333,0,49,31,34,0,0,11,6,7,0,11,6,0,0,0,0,0,8,3,0,0,0,0,0,0,0,0,7,6,0,9,12,0,0,0,0,100,4,0,0,1,0,4,1,506,0,740,0,3,8,9,25,6,81,0,0,0,0,25
0,2,0,35,385,61,0,0,207,252,34,0,0,64,0,0,4,0,0,31,2,0,0,4,0,0,0,0,0,0,4,0,465,84,0,2,0,0,0,41,1,0,72,3,409,0,4,0,3,0,0,13,40,0,4,12,0,0,0,44,0
1,0,12,0,0,0,35,9,0,0,0,0,0,0,4,16,1,3,5,0,0,1,4,0,3,1987,28,9,15,0,0,20,0,0,0,0,0,21,0,0,1,4,0,0,0,0,0,4,0,1,0,0,0,7,0,0,3,0,7,0,0
4,0,0,0,0,2,0,1,1,3,0,0,0,0,2,0,27,30,76,0,0,0,2,0,1,2,1,0,50,4,3,9,1,0,2,0,0,3,1,1,1,3,1,8,3,3,0,1,0,1,1,1,0,0,0,3,96,1,835,3,5
37,0,2,0,0,0,86,0,0,0,0,4,0,0,0,69,293,0,1,0,0,2,0,245,1,1,295,285,0,132,0,1,0,0,0,0,81,33,0,3,21,1,0,5,0,103,0,0,3,295,0,0,0,0,1,2,0,34,4,2,3
0,0,1805,0,0,0,28,0,0,0,0,0,0,0,0,0,0,0,0,0,0,4772,0,0,2486,0,7,2,0,0,0,0,0,0,0,0,0,5,0,0,0,0,0,0,0,2,0,0,0,117,0,0,0,0,0,0,2,2,0,0,0
2,0,18,4,0,7,0,2,1,1,0,1,0,0,11,3,110,230,29,0,3,1,2,3,21,13,0,0,83,3,0,28,6,1,0,0,0,27,2,19,1,2,1,0,0,11,0,4,4,0,0,3,4,0,35,0,197,1,21,2,2
34,0,5,14,5,4,0,0,3,3,0,2,1,4,0,4,291,80,3,2,4,0,0,12,2,0,0,0,6,1,0,3,5,5,3,1,4,2,8,474,4,0,5,4,4,29,2,5,8,0,8,1,8,5,7,10,13,4,1,38,0
1,29,0,206,411,500,0,0,224,163,35,1,10,39,0,0,4,0,0,25,71,0,0,60,0,1,0,0,1,0,89,2,477,494,11,2,1,2,6,351,8,0,190,23,325,15,73,4,39,0,3,68,41,1,181,631,0,8,0,213,3
10,63,5,390,384,968,0,0,618,283,46,8,10,63,3,4,24,0,3,45,78,0,0,184,0,0,1,4,2,10,60,23,558,548,10,6,48,64,10,327,83,5,433,39,336,46,87,36,99,3,9,122,71,13,1254,343,4,88,9,288,17
0,2,1,7,74,32,0,0,191,1229,0,1,1,1,1,0,6,0,0,0,0,0,0,1007,0,0,0,0,0,0,3,0,476,137,0,0,7,0,0,28,5,0,1617,185,499,37,8,0,6,0,0,220,0,0,13,104,1,9,0,1042,0
2,0,0,0,0,0,0,108,0,0,0,0,0,0,311,0,1,0,657,0,0,0,5,0,0,0,0,0,30,0,1,4,0,0,0,0,0,1,0,1,0,19,0,0,0,2,0,17,1,0,0,0,0,0,11,6,3,0,0,1,0
2,1,11,0,0,0,1,5,2,0,0,0,3,0,9,1,11,794,408,0,0,1,22,0,14,12,2,2,641,10,0,26,1,0,1,0,1,28,0,0,1,142,1,0,0,5,0,1,2,0,0,0,0,0,0,0,1063,1,793,0,0
1,0,10,0,0,0,686,2,0,0,0,0,0,0,13,13,59,4,2,0,0,14,0,14,10,9,1049,1977,1,1251,0,9,0,0,0,0,8,409,0,0,4,0,0,0,0,21,0,0,0,50,0,0,0,0,1,0,4,1,14,1,0
195,7,2,3,6,58,0,0,320,77,94,699,202,35,0,25,371,1,0,8,133,0,0,2,0,0,13,0,0,1,372,1,7,4,725,138,15,3,130,5,13,0,6,498,36,15,6,1,8,0,735,296,17,39,2,4,292,22,2,5,17
507,1,15,2,4,3,3,0,8,2,0,21,1,0,0,196,13,0,0,0,1,1,0,2,0,2,26,0,0,1,8,3,9,2,5,0,356,3,4,2,451,0,3,162,9,303,0,2,3,11,13,2,1,1,2,2,11,1238,0,4,268
386,1,18,9,3,19,15,0,6,0,2,44,8,3,15,170,126,0,1,2,3,0,0,3,0,7,31,9,0,31,9,0,10,11,10,1,1994,7,5,9,1704,0,2,596,6,267,1,20,3,86,16,5,2,1,14,10,7,922,5,8,22
25,0,11,0,1,1,1,0,0,5,0,11,2,0,0,4,7,0,0,0,0,0,0,12,0,1,10,18,0,2,1,0,3,1,0,0,433,0,0,4,84,0,10,295,0,25,0,0,1,6,1,0,0,0,1,0,0,309,0,10,1
229,3,1,8,2,10,0,0,0,5,2,3,0,0,0,1,100,2,0,2,2,0,0,3,0,0,0,0,0,0,9,0,2,2,3,1,75,0,1,18,47,0,0,46,2,21,3,0,5,2,0,1,3,1,1,5,0,48,1,0,2
1,16,0,33,14,26,0,0,11,0,95,9,49,20,0,0,0,0,0,35,374,0,0,0,0,0,1,0,0,0,730,0,1,3,252,39,0,6,116,3,0,0,0,0,11,0,9,0,2,0,174,56,21,22,0,5,1,1,0,0,0
0,8,0,0,1,7,0,0,12,4,45,0,130,2,0,0,0,0,0,6,2,0,0,0,0,0,0,0,0,0,16,0,0,0,277,11,0,0,5,0,0,0,0,0,2,0,2,0,1,0,10,128,4,11,0,0,0,0,0,0,0
0,0,0,2,2,2,2,2,1,0,0,1,0,1,6,1,17,582,13,0,0,0,1,0,14,17,1,0,258,0,1,470,6,0,1,6,0,3,0,0,1,5,5,0,4,1,0,0,0,0,1,0,4,171,2,0,124,0,284,0,0
1,0,208,0,0,2,54,0,0,0,0,8,2,0,0,7,17,4,0,0,0,195,0,1,193,4,40,9,2,4,0,35,1,0,0,0,0,70,0,0,5,1,0,0,0,61,1,0,0,16,0,1,0,0,0,0,0,5,4,0,1
0,0,12,0,0,0,927,0,0,0,0,0,0,0,1,63,13,0,5,0,0,9,0,1,5,12,1019,382,0,54,0,9,0,0,0,0,3,22,0,0,2,0,0,0,0,13,0,0,0,50,0,0,0,0,0,0,0,4,3,0,0
93,8,11,78,16,20,53,0,25,31,18,103,34,41,0,30,207,124,7,20,79,7,0,39,4,3,58,25,16,116,22,496,76,36,112,14,20,18,196,119,18,0,34,28,69,407,12,0,11,16,44,25,53,23,15,24,45,20,39,82,16
53,1273,0,52,33,55,1,0,56,307,41,25,52,27,0,16,9,0,0,43,16,0,0,4,0,0,1,2,0,114,26,1,4,41,5,39,6,0,193,5,6,0,59,199,22,5,696,1,650,0,53,30,31,329,7,15,1,13,3,5,1625
0,0,0,0,0,0,0,63,0,0,0,0,0,0,261,0,0,0,14,0,0,0,2272,0,2,905,0,0,14,0,0,17,0,0,0,0,0,6,0,0,0,2059,0,0,0,0,0,1713,0,0,0,0,0,0,142,0,1,0,1,0,0
0,0,0,0,0,0,0,1316,0,0,0,0,0,0,792,0,0,0,21,0,0,0,12,0,0,2,0,0,5,0,0,0,0,0,0,0,0,0,0,0,0,52,0,0,0,0,0,21,0,0,0,0,0,0,15,0,1,0,0,0,0
1,0,4,1,0,1,1,26,1,0,2,0,0,0,94,0,7,51,493,0,0,0,23,1,27,42,0,0,1812,0,0,659,2,1,0,1,0,38,0,0,0,38,1,0,2,8,0,46,1,0,0,0,1,0,10,1,78,0,65,0,0
48,0,43,0,0,0,1679,38,0,0,0,11,0,0,172,57,74,0,28,0,0,57,11,7,17,50,1070,1090,4,519,0,55,0,0,0,0,57,148,0,0,43,7,0,6,0,213,0,28,0,320,0,0,0,0,1,0,0,16,8,4,3
2,0,13,0,0,0,68,1,0,0,0,0,0,0,2,14,0,3,22,0,0,1,17,0,3,380,67,25,15,2,0,63,0,0,0,0,0,3,0,0,0,7,0,0,0,0,0,27,0,1,0,0,0,1,0,0,1,0,3,0,0
0,7,0,9,27,83,0,0,43,3,30,3,28,2,0,0,0,0,0,4,15,0,0,0,0,0,0,0,0,0,36,0,9,37,28,17,0,5,6,3,1,0,1,0,13,1,7,0,8,0,19,19,6,7,28,18,0,3,1,2,3
1,6,0,5,4,49,0,0,8,2,4,32,23,0,0,1,0,0,0,0,13,0,0,1,0,0,0,0,0,1,148,0,0,12,26,1,2,4,15,3,2,0,0,18,0,1,2,0,6,0,19,60,2,1,6,52,2,16,0,1,5
4,9,0,13,37,73,0,0,26,11,0,6,3,1,0,0,1,0,0,1,2,0,0,102,0,0,0,0,0,0,38,0,46,633,0,0,1,2,2,18,7,0,72,7,29,22,14,1,26,0,0,204,5,2,46,299,0,24,0,108,4
282,0,6,1,0,6,21,1,5,0,1,40,4,1,5,819,8,4,6,0,1,0,0,2,4,275,46,24,3,9,4,19,2,4,2,2,6,14,1,10,7,3,0,4,0,72,0,18,2,40,6,1,0,4,1,4,6,20,3,1,113
7,10,0,1,4,16,0,0,107,1,12,1193,751,0,0,13,8,0,0,0,2,0,0,0,0,0,0,0,0,0,23,0,2,0,66,31,3,8,11,1,5,0,8,36,3,5,7,0,2,0,41,258,1,10,1,4,186,17,1,0,68
15,0,0,5,5,2,0,0,2,44,0,0,1,0,0,0,4,0,18,2,7,0,0,532,0,0,2,0,0,0,3,0,37,27,0,0,2,0,0,21,1,0,60,4,18,170,37,0,20,0,0,17,1,0,2,266,5,1,0,285,0
20,0,1,0,0,0,0,60,3,0,0,0,0,0,96,19,0,0,24,0,0,0,766,0,4,452,2,0,12,1,0,8,0,1,0,0,0,5,0,1,0,558,0,0,0,5,0,1481,0,0,0,0,0,0,245,0,0,0,3,0,0
2,0,0,0,0,0,0,60,0,0,0,0,0,0,38,0,1,0,15,0,0,0,1,0,0,0,0,1,1,0,0,0,0,0,0,0,1,0,0,0,0,8,0,1,0,4,0,9,0,1,0,0,0,0,7,0,0,0,0,0,0
