0.28518,0.45439,0.60691,0.22857,0.19956,0.29658,0.37549,0.68679,0.23994,0.5028,0.199,0.50905,0.32426,0.31885,0.36368,0.27585,0.17367,0.37714,0.24571,0.30225,0.16413,0.93835,0.73105,0.43185,0.81385,0.4174,0.266,0.42757,0.54085,0.48872,0.30989,0.21895,0.21045,0.27493,0.3201,0.31814,0.5855,0.43841,0.16759,0.22721,0.554,0.71117,0.59476,0.30106,0.25281,0.17968,0.29856,0.47257,0.38936,0.47565,0.33163,0.16848,0.37414,0.26335,0.51925,0.27029,0.47388,0.35665,0.35394,0.45707,0.63535
0.40665
0,454,0,21,4,5,0,0,4,0,364,0,63,177,0,0,0,0,0,254,171,0,0,0,0,0,0,0,0,0,36,0,0,0,11,558,0,0,110,3,0,0,0,0,8,0,41,0,14,0,103,9,145,508,0,0,0,0,0,0,1
0,8,0,608,330,37,0,0,21,9,90,0,1,741,0,0,0,0,0,684,57,0,0,0,0,0,0,0,0,0,4,0,150,6,1,11,1,0,1,303,0,0,3,0,56,1,2,0,1,0,0,1,813,22,2,27,0,1,0,5,0
1,41,0,112,37,197,0,0,89,3,297,1,56,202,0,0,0,0,0,274,253,0,0,0,0,0,0,0,0,0,101,2,0,8,40,157,1,1,59,33,0,0,0,0,5,1,14,0,3,0,72,13,126,72,20,5,1,1,2,0,4
0,86,0,3,0,1,0,0,3,0,110,4,611,33,0,1,0,1,0,33,96,0,0,0,0,0,0,0,0,0,110,0,0,0,150,670,0,0,285,0,0,0,0,0,33,1,8,0,1,0,293,131,20,248,0,2,1,0,0,0,3
0,5,0,27,2,2,0,0,0,0,44,0,1,68,0,0,0,0,0,132,207,0,0,0,0,0,0,0,0,0,6,0,2,0,9,18,0,0,23,18,0,0,0,0,2,0,0,0,1,0,14,0,110,37,0,1,0,0,0,0,0
2,41,3,142,22,474,1,0,319,0,134,30,70,23,0,20,16,2,0,75,351,0,0,0,0,0,0,0,1,3,172,31,9,29,257,76,3,136,89,22,27,0,5,5,12,9,30,4,30,5,199,68,58,41,196,26,4,68,7,5,34
0,0,2,0,0,1,3,1,12,0,0,0,1,1,0,2,2,3,2,0,0,3,2,4,16,3,1,1,17,1,1,4,1,0,1,0,3,50,0,0,19,1,2,0,0,5,0,0,0,32,0,1,2,0,41,2,0,3,1,4,0
2,329,1,57,24,60,0,0,31,11,4,1,30,1,1,1,2,0,1,4,12,0,0,2,0,0,0,0,2,18,9,2,6,39,3,1,1,2,304,8,4,0,9,3,10,5,683,3,1156,1,7,12,10,25,78,214,0,11,0,5,177
0,39,0,18,25,66,0,0,212,13,439,0,6,500,0,0,2,0,0,316,3,0,0,0,0,0,0,0,0,0,3,0,2,0,2,246,0,0,12,0,0,0,0,0,17,1,6,0,0,0,11,4,215,230,1,0,0,0,0,1,0
1,4,1,0,1,3,0,0,0,0,3,1,2,0,0,1,6,4,22,0,0,0,0,0,8,0,0,0,4,0,0,66,4,1,3,6,0,2,0,1,0,0,2,0,1,5,0,1,1,2,0,0,0,45,0,0,12,0,78,1,3
22,1,4,0,0,0,204,0,0,0,0,19,1,0,2,747,49,0,3,0,0,6,0,1,1,2,164,31,0,8,0,0,0,0,0,0,31,26,0,0,3,0,0,4,0,13,0,0,0,458,1,0,0,0,0,0,1,12,0,0,16
0,0,0,0,0,0,0,137,0,0,0,0,0,0,357,0,0,0,252,0,0,0,9,0,0,1,0,0,22,0,0,0,0,0,0,0,0,0,0,0,0,27,0,0,0,0,0,14,0,0,0,0,0,0,2,0,1,0,0,0,0
10,1,5,1,2,2,1,5,2,0,1,2,0,0,17,0,25,13,333,1,1,2,5,1,24,12,2,0,260,1,3,269,5,0,0,0,0,6,0,2,1,7,1,1,1,10,0,13,1,4,0,0,2,0,8,8,20,0,54,0,1
72,1,36,0,0,0,231,26,0,0,0,9,0,0,70,164,136,2,10,0,0,11,1,9,1,20,444,478,0,408,0,9,0,0,0,0,63,34,1,0,69,2,0,9,1,451,1,17,0,1543,0,0,0,0,1,0,1,13,2,3,0
250,0,105,3,3,20,61,0,16,2,0,3,0,1,1,148,39,13,19,1,0,0,6,1,11,92,23,8,32,2,3,660,19,3,0,0,11,21,0,7,25,3,0,18,3,41,0,18,1,155,7,0,16,2,9,1,18,12,33,3,10
918,0,5,4,2,7,0,0,6,5,0,8,0,0,0,33,153,1,16,2,0,0,0,11,0,0,3,2,0,37,4,0,6,17,1,0,29,0,56,121,24,0,3,20,0,206,6,1,12,30,0,0,0,2,1,7,1,10,1,16,1
0,41,0,605,345,264,0,0,110,19,128,0,12,295,0,0,2,1,0,263,178,0,0,1,0,0,0,0,0,0,68,0,175,36,18,14,0,0,7,304,2,0,9,0,96,1,128,0,125,0,5,15,321,15,42,196,0,4,0,3,2
0,1,1,0,0,1,0,0,2,0,8,37,56,0,0,0,1,1,0,1,56,1,0,0,0,0,1,0,0,0,45,0,0,0,348,7,0,1,27,0,0,0,0,6,8,0,0,0,0,0,274,43,0,6,1,0,13,1,0,0,2
3,2,3,0,0,1,0,0,1,0,1,1,0,0,0,8,1,0,0,0,0,0,0,1,0,0,0,0,0,0,1,0,1,0,0,0,9,2,1,0,19,0,1,5,0,0,0,0,0,0,0,0,0,1,2,0,0,59,0,0,1
3,0,5,7,0,11,1,0,6,1,1,4,2,0,0,3,3,0,0,1,0,0,0,1,2,0,0,0,0,1,1,0,5,5,0,0,106,7,2,2,200,0,1,42,4,14,1,0,1,17,3,8,3,0,26,1,1,202,0,6,7
0,0,0,0,0,0,0,0,3,0,0,1,0,0,0,0,0,0,0,0,0,0,0,0,0,0,0,0,0,0,0,0,0,0,0,0,5,0,0,1,6,0,1,7,0,0,0,0,0,0,0,0,0,0,0,0,0,12,0,2,0
0,0,24,0,0,0,57,2,0,0,0,6,2,0,1,9,2,5,3,0,0,6,1,1,7,27,37,5,8,1,0,12,0,0,1,0,7,961,0,0,18,1,0,0,0,11,1,1,1,7,1,0,0,0,3,0,0,20,7,2,5
0,313,0,65,31,33,0,0,12,5,7,0,9,5,0,0,0,0,0,6,1,0,0,0,0,0,0,0,0,10,4,0,8,6,0,0,0,0,118,4,0,0,2,1,5,2,506,0,740,0,4,8,10,25,5,78,0,0,0,0,23
0,6,0,37,454,67,0,0,208,242,23,0,0,59,0,0,4,0,0,30,3,0,0,3,0,0,0,0,0,0,3,0,421,80,0,3,0,0,0,35,1,0,64,4,415,0,6,0,1,0,0,13,45,0,3,15,0,0,0,37,0
2,0,57,0,0,0,36,8,0,0,0,0,0,0,7,13,0,4,5,0,0,3,6,0,6,1938,23,9,15,0,0,18,0,0,0,0,0,24,0,0,0,1,0,0,0,0,0,5,0,1,0,0,0,7,0,0,5,0,8,0,0
4,0,0,0,0,0,0,0,0,2,0,0,0,0,1,1,75,29,71,0,0,0,1,2,1,2,2,0,69,2,3,14,0,0,2,0,0,1,1,0,0,4,1,12,3,7,0,1,0,0,1,0,0,0,0,3,98,1,773,1,4
28,0,9,0,0,0,87,0,0,0,0,5,0,0,0,60,254,1,1,0,0,2,0,267,1,1,379,287,0,129,0,2,0,0,0,0,113,28,0,4,23,0,0,20,0,109,0,0,3,180,0,0,0,0,1,2,0,36,6,3,4
0,0,1300,0,0,0,29,0,0,0,0,0,0,0,0,1,0,0,0,0,0,5419,0,0,2291,0,1,5,0,0,0,1,0,0,0,0,0,10,0,0,0,0,0,0,0,2,0,0,0,165,0,0,0,0,0,0,2,2,0,0,0
4,0,5,4,0,5,0,2,0,0,0,0,1,0,16,4,101,236,21,0,3,5,2,6,40,9,0,0,80,3,0,30,11,1,1,0,0,27,3,19,0,5,1,0,0,16,0,4,5,1,0,0,2,0,40,0,179,4,20,2,1
45,1,2,16,7,3,0,0,2,1,0,1,1,5,0,4,219,82,1,3,5,1,0,16,1,0,0,0,10,1,0,4,7,7,0,1,3,2,10,521,4,0,3,5,4,36,2,9,6,0,7,2,6,5,8,6,11,5,1,39,0
0,33,2,246,395,527,0,0,220,165,40,0,9,29,0,0,3,0,0,20,71,0,0,63,0,1,0,0,0,0,78,1,462,467,18,2,1,0,6,311,13,0,201,25,311,17,67,4,36,0,3,128,43,2,186,626,0,10,0,197,3
12,70,10,425,354,955,0,0,626,261,47,6,10,49,2,5,23,0,3,44,84,0,0,188,0,0,2,3,2,13,59,14,552,568,17,5,40,56,11,289,131,2,479,35,314,44,88,56,81,2,16,174,68,9,1254,307,2,84,10,267,17
0,5,1,8,78,36,0,0,161,1256,0,0,1,0,1,0,11,0,0,0,0,0,0,998,1,0,0,0,0,0,2,0,517,175,0,0,5,0,0,31,7,0,1522,196,518,35,9,0,5,0,0,310,0,0,10,90,0,8,0,953,0
3,0,0,0,0,0,0,109,0,0,0,0,0,0,351,0,2,0,615,0,0,0,4,0,1,0,0,0,26,0,0,3,1,0,0,0,0,2,0,1,0,18,0,0,0,1,0,29,0,0,0,0,0,0,8,6,1,0,0,0,0
2,1,10,0,0,0,1,6,1,0,0,0,0,0,13,1,28,749,415,0,0,3,17,1,24,15,3,1,695,8,1,31,2,0,0,0,0,37,0,0,1,137,1,0,0,7,0,1,2,3,0,0,0,0,3,0,1043,2,753,0,0
1,0,20,0,0,0,739,4,0,0,0,0,0,0,11,17,42,5,3,0,0,8,0,23,10,8,951,1951,1,1343,0,9,0,0,0,0,8,403,0,0,2,0,0,0,0,22,0,0,0,28,0,1,0,0,0,0,4,1,20,2,0
200,6,2,5,5,60,0,0,263,65,143,724,188,33,0,38,372,1,0,16,208,0,0,2,1,0,12,0,0,0,414,1,7,5,782,158,11,1,127,3,17,0,4,407,33,10,5,1,6,0,713,189,18,50,0,4,304,23,4,6,19
483,0,49,3,3,4,2,0,8,3,1,20,1,0,1,306,9,1,0,0,2,0,0,1,0,0,24,0,0,0,12,6,11,3,7,2,356,3,4,1,431,0,1,161,8,276,0,4,1,24,16,5,2,3,3,2,9,1127,0,5,283
359,0,66,9,3,21,12,0,5,1,2,42,7,2,11,178,120,0,2,1,6,0,0,2,0,8,45,9,0,23,7,4,12,11,13,1,1979,10,6,10,1585,0,3,684,8,249,0,25,4,101,16,2,1,2,20,9,5,905,5,30,24
21,0,29,0,1,1,0,0,0,7,0,12,2,0,0,12,8,0,0,0,0,0,0,11,0,1,14,20,0,2,2,0,3,1,0,0,424,0,0,4,76,0,9,264,0,11,0,1,1,4,2,0,0,0,0,0,0,315,0,34,4
212,1,1,7,4,10,0,0,1,4,3,2,0,0,0,1,109,2,0,1,3,0,0,1,1,0,0,0,0,0,10,0,2,4,4,0,66,0,3,15,53,0,0,56,2,6,1,0,5,2,1,1,3,0,2,5,0,64,0,2,2
1,17,0,34,14,23,0,0,11,0,116,7,63,26,0,0,0,0,0,35,377,0,0,0,0,0,1,0,0,0,683,1,2,3,279,44,0,0,99,2,0,0,0,0,13,0,11,0,2,0,163,52,23,28,0,5,1,0,0,0,0
0,8,0,0,0,7,0,0,17,1,75,0,163,6,0,0,0,0,0,7,1,0,0,0,0,0,0,0,0,0,16,0,0,0,249,14,0,0,5,0,0,0,0,0,2,0,2,0,1,0,22,73,1,14,0,0,0,0,0,0,0
0,1,0,1,1,2,1,2,1,0,1,1,0,0,3,1,20,620,19,1,1,0,0,1,85,18,1,0,133,0,0,505,3,0,2,5,0,6,0,0,1,5,3,0,4,2,0,1,0,1,1,2,4,177,2,0,110,0,264,0,0
1,0,129,0,0,0,80,0,0,0,0,7,1,0,0,8,9,6,1,0,0,249,0,1,205,3,42,13,1,4,0,39,1,0,0,0,0,80,1,2,5,1,0,0,0,30,0,0,0,21,0,0,0,0,0,0,0,7,4,0,1
0,0,15,0,0,0,1175,0,0,0,0,0,0,0,1,57,5,0,3,0,0,10,0,1,5,11,713,465,0,47,0,5,0,0,0,0,4,22,0,0,1,0,0,0,0,9,0,0,0,53,0,0,0,0,0,0,0,4,3,0,0
89,8,13,76,22,22,62,0,24,30,16,97,34,40,0,41,182,133,6,14,92,8,0,37,13,3,71,19,8,109,22,460,94,32,103,17,20,29,201,134,20,1,25,35,66,396,14,1,11,19,43,23,59,23,16,27,41,24,40,75,16
51,1295,1,74,42,54,3,0,58,333,36,27,51,25,0,17,16,0,0,39,13,0,0,6,0,0,1,2,0,125,28,1,6,37,4,31,4,0,204,5,8,0,49,178,18,1,724,1,640,1,55,44,34,307,12,21,3,18,2,3,1542
0,0,0,0,0,0,0,60,0,0,0,0,0,0,256,0,2,1,14,0,0,0,2479,0,2,1218,0,0,11,0,0,9,0,0,0,0,0,6,0,0,0,2088,0,0,0,0,0,1220,0,0,0,0,0,0,104,0,0,0,0,0,0
0,0,0,0,0,0,0,1274,0,0,0,0,0,0,827,0,0,0,18,0,0,0,23,0,0,3,0,0,2,1,0,0,0,0,0,0,0,0,0,0,0,52,0,0,0,0,0,23,0,0,0,0,0,0,13,0,1,0,0,0,0
2,0,0,1,0,1,2,33,1,0,1,0,0,0,99,0,9,59,558,0,0,3,25,0,18,44,0,0,1688,0,0,661,0,1,0,1,0,45,0,0,0,34,1,1,2,15,0,86,2,2,0,0,0,0,16,1,68,0,59,0,0
45,0,74,0,0,0,1737,68,0,0,0,11,0,0,85,60,57,0,14,0,0,34,11,5,26,46,1110,1218,4,432,0,50,0,0,0,0,62,115,0,0,40,4,0,9,0,234,0,44,0,254,0,0,0,0,3,0,1,11,13,4,3
0,0,54,0,0,0,78,1,0,0,0,0,0,0,4,10,1,4,19,0,0,1,21,0,5,342,55,19,15,3,0,62,0,0,0,0,0,2,0,0,0,6,0,0,0,1,0,28,0,2,1,0,0,1,0,0,1,0,5,0,0
0,5,0,12,22,90,0,0,48,2,32,3,27,2,0,0,0,0,0,2,11,0,0,3,0,0,0,0,0,0,36,2,8,34,28,16,0,3,4,2,1,0,1,1,17,1,9,0,7,0,22,22,5,4,21,18,1,2,1,2,5
0,6,1,4,3,42,0,0,8,1,7,36,23,0,0,2,0,0,0,0,14,0,0,1,0,0,0,0,0,1,173,0,0,9,22,1,2,3,15,3,1,0,0,15,1,1,2,1,7,0,21,44,3,1,5,46,2,17,0,1,9
4,11,0,19,30,83,0,0,19,9,0,7,3,0,0,0,2,0,0,1,6,0,0,107,0,0,0,0,0,0,48,0,59,612,0,0,5,1,3,18,7,0,86,9,32,14,17,1,24,0,0,205,4,0,38,293,0,22,0,95,5
287,0,88,0,1,3,23,1,5,0,0,32,6,1,3,708,4,7,3,0,2,0,1,2,5,272,43,17,2,11,6,23,2,5,1,4,5,13,3,11,10,3,0,5,0,17,0,16,4,123,7,0,0,4,2,6,5,18,4,1,118
14,9,1,1,3,16,0,0,72,2,32,1210,727,0,0,13,7,0,0,0,1,0,0,0,0,0,0,0,0,0,28,0,3,2,66,37,1,9,13,1,5,0,5,24,3,5,10,0,1,1,46,215,1,13,1,2,226,19,1,0,77
40,0,0,5,5,3,0,0,1,45,0,0,1,0,0,0,8,0,16,2,8,0,0,530,0,0,2,0,0,0,2,0,44,19,0,0,0,1,0,39,0,0,61,4,13,156,31,0,26,0,0,22,0,0,2,254,4,2,0,270,0
22,0,6,0,0,0,0,53,0,0,0,0,0,0,92,13,0,0,22,0,0,0,776,0,3,543,3,0,13,1,0,8,0,0,0,0,0,4,0,3,1,525,0,0,0,2,0,1473,0,2,0,0,0,0,199,0,0,0,3,0,0
3,0,2,0,0,0,0,63,0,0,0,0,0,0,41,0,1,0,12,0,0,0,1,0,0,0,0,0,0,0,0,0,0,0,0,0,1,0,0,0,0,9,0,1,0,1,0,10,0,0,0,0,0,0,5,0,0,0,0,0,0
