0.28674,0.45474,0.60047,0.2291,0.19912,0.29478,0.37706,0.68737,0.23598,0.4994,0.19909,0.50776,0.32369,0.31914,0.36396,0.27716,0.17499,0.37783,0.24432,0.30224,0.16529,0.9397,0.73151,0.4295,0.80614,0.4176,0.26459,0.42557,0.53614,0.49323,0.30955,0.22163,0.21149,0.27293,0.31892,0.31706,0.5877,0.43589,0.16565,0.22952,0.55283,0.71229,0.59756,0.30678,0.25512,0.1876,0.29872,0.47223,0.38947,0.46663,0.33271,0.16694,0.37276,0.2622,0.52365,0.26796,0.47597,0.35845,0.35481,0.45581,0.63625
0.40654
0,454,0,23,3,6,0,0,3,0,364,0,63,175,0,0,0,0,0,256,168,0,0,0,0,0,0,0,0,0,37,0,0,0,12,558,0,0,110,3,0,0,0,0,8,0,41,0,13,0,104,9,148,505,0,0,0,0,0,0,1
0,8,0,605,334,36,0,0,21,9,89,0,1,742,0,0,0,0,0,687,56,0,0,0,0,0,0,0,0,0,4,0,149,6,1,11,1,0,1,302,0,0,3,0,56,1,2,0,1,0,0,1,813,22,2,27,0,1,0,5,0
1,41,0,110,36,194,0,0,88,3,294,1,56,202,0,0,0,0,0,277,252,0,0,0,0,0,0,0,0,0,99,2,0,8,40,159,1,1,56,32,0,0,0,0,5,1,15,0,5,0,72,13,130,76,20,5,1,1,2,0,5
0,87,0,2,0,1,0,0,3,0,111,4,611,33,0,0,0,1,0,34,97,0,0,0,0,0,0,0,0,0,109,0,0,0,152,669,0,0,286,0,0,0,0,0,33,1,8,0,1,0,290,131,20,248,0,2,1,0,0,0,3
0,4,0,26,2,2,0,0,0,0,44,0,1,68,0,0,0,0,0,133,208,0,0,0,0,0,0,0,0,0,6,0,2,0,9,19,0,0,22,18,0,0,0,0,2,0,0,0,1,0,13,0,110,38,0,1,0,0,0,0,0
3,40,3,140,21,474,1,0,324,0,136,29,73,25,0,19,16,3,0,72,349,0,0,0,0,0,0,0,0,3,169,30,8,30,260,78,3,138,91,22,25,0,5,6,12,9,32,4,29,5,195,70,59,39,197,24,3,66,7,4,35
0,0,2,0,0,1,4,1,12,0,0,0,1,1,0,2,2,3,2,0,0,1,1,4,18,2,1,1,16,1,1,4,0,0,1,0,4,51,0,0,20,1,2,0,0,5,0,1,0,31,0,1,2,0,41,2,0,3,1,4,0
2,331,1,57,25,60,0,0,30,11,4,1,31,1,1,1,2,0,1,4,12,0,0,3,1,0,0,0,1,18,9,2,7,39,3,1,1,2,300,8,4,0,8,3,9,5,683,4,1154,1,8,13,10,26,76,215,0,11,0,4,178
0,39,0,18,23,66,0,0,210,13,438,0,6,498,0,0,2,0,0,319,4,0,0,0,0,0,0,0,0,0,3,0,2,0,2,247,0,0,13,0,0,0,0,0,17,1,6,0,0,0,11,4,216,230,1,0,0,0,0,1,0
1,4,1,0,1,3,0,0,0,0,3,1,2,0,0,1,7,6,22,0,0,0,0,0,8,0,0,0,5,0,0,67,4,0,3,6,0,2,0,1,0,0,2,0,0,5,0,1,1,2,1,0,0,45,0,0,12,0,74,1,3
20,1,4,0,0,0,203,0,0,0,0,18,1,0,2,745,49,0,2,0,0,7,0,1,0,1,164,33,0,8,0,1,0,0,0,0,30,26,0,0,3,0,0,4,0,13,0,0,0,462,1,0,0,0,0,0,1,13,0,0,17
0,0,0,0,0,0,0,138,0,0,0,0,0,0,357,0,0,0,251,0,0,0,9,0,0,1,0,0,22,0,0,0,0,0,0,0,0,0,0,0,0,27,0,0,0,0,0,14,0,0,0,0,0,0,2,0,1,0,0,0,0
10,1,6,2,2,1,1,4,1,0,1,2,0,0,17,0,26,13,336,1,1,2,4,1,25,12,2,0,267,1,3,258,7,0,0,0,0,6,0,1,1,6,1,1,1,10,0,14,1,4,0,0,3,0,8,8,20,0,53,0,1
67,1,34,0,0,0,234,24,0,0,0,8,0,0,69,161,136,1,10,0,0,12,1,9,1,18,453,481,0,411,0,9,0,0,1,0,60,33,1,1,71,2,0,10,0,475,1,17,0,1517,0,0,0,0,0,0,1,15,1,3,0
254,0,106,3,3,21,60,0,15,2,0,3,0,0,1,151,40,14,18,1,1,0,6,1,12,91,23,7,34,1,3,652,19,2,2,0,11,22,0,5,24,3,0,15,3,40,0,19,2,154,7,0,16,2,7,1,20,12,37,3,10
921,0,7,4,2,9,0,0,4,5,0,8,0,0,1,33,148,1,16,2,1,0,0,10,0,0,4,1,0,36,4,0,5,19,1,0,26,1,56,121,21,0,3,23,0,202,6,1,13,31,0,0,0,2,2,8,1,12,1,15,1
0,38,0,611,341,265,0,0,110,19,131,0,12,293,0,0,2,1,0,264,176,0,0,1,0,0,0,0,0,0,67,0,174,33,18,14,0,0,7,301,2,0,9,0,98,1,132,0,123,0,5,15,321,15,43,199,0,4,0,3,2
0,1,1,0,0,1,0,0,2,0,8,37,57,0,0,0,1,1,0,1,56,1,0,0,0,0,1,0,0,0,44,0,0,0,349,7,0,1,26,0,0,0,0,6,8,0,0,0,0,0,274,42,0,6,1,0,14,1,0,0,2
4,2,3,0,0,2,0,0,0,0,1,1,0,0,0,9,0,0,0,0,0,0,0,1,0,0,0,0,0,0,1,0,1,0,0,0,9,2,1,0,16,0,1,6,0,1,0,0,0,0,0,0,0,1,2,0,0,59,0,0,1
3,0,5,8,0,11,1,0,6,1,1,4,2,0,0,3,1,0,0,1,0,0,0,1,2,0,0,0,0,0,1,0,5,6,0,0,108,8,1,2,199,0,1,42,4,14,1,0,1,17,3,8,4,0,25,1,1,201,0,6,8
0,0,0,0,0,0,0,0,2,0,0,1,0,0,0,0,0,0,0,0,0,0,0,0,0,0,0,0,0,0,0,0,0,0,0,0,5,0,0,1,7,0,1,7,0,0,0,0,0,0,0,0,0,0,0,0,0,12,0,2,0
0,0,27,0,0,0,58,2,0,0,0,6,2,0,1,11,2,6,3,0,0,5,1,1,7,25,35,5,8,1,0,11,0,0,1,0,7,962,0,0,19,1,0,0,0,12,1,1,1,8,1,0,0,0,3,0,0,17,7,2,3
0,314,0,64,31,33,0,0,12,5,7,0,9,5,0,0,0,0,0,6,1,0,0,0,0,0,0,0,0,10,4,0,8,6,0,0,0,0,118,4,0,0,2,1,5,2,504,0,741,0,4,8,10,25,5,79,0,0,0,0,23
0,7,0,37,455,67,0,0,210,243,23,0,0,59,0,0,4,0,0,28,3,0,0,3,0,0,0,0,0,0,3,0,420,80,0,3,0,0,0,34,1,0,62,4,416,0,6,0,1,0,0,13,45,0,3,16,0,0,0,36,0
2,0,58,0,0,0,36,10,0,0,0,0,0,0,6,13,0,5,5,0,0,3,5,0,6,1941,22,9,15,0,0,16,0,0,0,0,0,23,0,0,0,3,0,0,0,0,0,3,0,0,0,0,0,7,0,0,5,0,8,0,0
5,0,0,0,0,1,0,0,0,2,0,0,0,0,1,1,77,26,70,0,0,0,1,1,1,2,2,0,70,2,3,14,0,0,2,0,0,2,1,0,1,5,1,11,3,7,0,1,0,0,1,0,0,0,0,3,97,1,771,2,4
27,0,12,0,0,0,86,0,0,0,0,5,0,0,0,61,252,0,1,0,0,2,0,268,1,1,370,292,0,128,0,2,0,0,0,0,113,30,0,3,25,1,0,19,0,113,0,0,3,177,0,0,0,0,0,2,0,35,9,3,4
0,0,1288,0,0,0,28,0,0,0,0,0,0,0,0,1,0,0,0,0,0,5439,0,0,2283,0,1,5,0,0,0,1,0,0,0,0,0,10,0,0,0,0,0,0,0,2,0,0,0,166,0,0,0,0,0,0,2,2,0,0,0
4,0,6,4,0,5,0,2,0,0,0,1,1,0,16,4,99,237,21,0,4,5,2,6,44,10,0,0,78,3,0,33,11,1,1,0,0,26,3,19,1,5,1,0,0,17,0,4,5,1,0,0,4,0,35,0,175,3,20,1,1
44,0,2,19,7,3,0,0,2,3,0,1,1,4,0,4,218,80,1,3,6,1,0,17,1,0,0,0,11,0,1,5,6,7,0,1,3,3,9,521,3,0,3,5,5,38,2,9,7,0,8,2,3,4,6,6,11,5,1,39,0
0,33,1,247,401,527,0,0,219,166,40,0,9,32,1,0,4,0,0,20,73,0,0,63,0,0,0,0,0,0,75,1,462,464,18,2,0,0,6,311,12,0,202,25,309,17,65,4,36,0,3,131,42,2,185,623,0,11,0,196,4
12,69,11,430,362,948,0,1,610,266,47,5,9,51,1,7,21,0,3,40,83,0,0,194,1,0,2,2,2,14,58,13,556,577,17,4,39,58,11,281,129,1,464,34,311,49,85,59,82,3,16,173,66,10,1262,310,2,84,10,272,18
0,4,1,9,79,36,0,0,157,1259,0,0,1,0,1,0,11,0,0,0,0,0,0,990,1,0,0,0,0,0,2,0,521,178,0,0,4,0,0,30,7,0,1516,196,523,37,10,0,6,0,0,307,0,0,9,92,0,8,0,954,1
4,0,0,0,0,0,0,106,0,0,0,0,0,0,358,0,2,0,613,0,0,0,5,0,0,0,0,0,27,0,0,3,0,0,0,0,0,2,0,1,0,16,0,0,0,1,0,28,0,0,0,0,0,0,8,6,1,0,0,0,0
1,0,9,0,0,0,1,6,1,0,0,0,1,0,13,1,31,750,415,0,0,3,16,1,24,16,3,1,701,8,1,34,1,0,0,0,0,37,0,0,2,136,1,0,0,6,0,1,2,3,0,0,0,0,1,0,1040,2,749,0,0
1,0,22,0,0,0,730,3,0,0,0,0,0,0,9,15,41,5,3,0,0,9,0,22,12,6,963,1944,1,1348,0,9,0,0,0,0,8,409,0,0,1,0,0,0,0,22,0,0,0,28,0,1,0,0,0,0,4,1,18,2,0
202,5,2,4,4,62,0,0,262,67,142,727,191,32,0,36,375,1,0,17,208,0,0,2,0,0,12,0,0,1,420,0,8,5,782,160,13,1,127,3,17,0,3,399,33,9,5,2,6,0,713,186,18,50,0,5,298,22,4,5,20
470,0,48,3,2,3,1,0,9,3,0,22,2,0,0,307,10,1,1,0,2,0,0,1,0,1,28,0,0,0,11,6,11,3,6,2,354,3,4,1,443,0,2,159,8,271,0,4,1,24,16,5,2,3,3,2,9,1132,0,7,281
353,0,70,7,3,21,13,0,5,1,2,43,6,2,10,177,121,0,2,1,6,0,0,2,0,6,42,9,0,22,7,3,11,12,14,1,1987,10,6,12,1575,0,3,697,7,247,0,24,3,102,13,3,1,2,22,8,6,904,5,32,24
21,0,28,0,1,1,0,0,0,7,0,12,2,0,0,15,8,0,0,0,0,0,0,11,0,1,15,20,0,1,2,0,4,1,0,0,423,0,0,4,73,0,9,264,0,10,0,1,1,5,2,0,0,0,0,0,0,315,0,35,4
217,1,2,6,4,10,0,0,2,4,2,2,0,0,0,2,110,2,0,2,3,0,0,1,0,0,0,0,0,0,10,0,2,4,4,0,68,0,2,14,51,0,0,57,1,7,1,0,5,2,0,1,4,2,2,4,0,59,0,2,0
1,17,0,34,14,23,0,0,11,0,114,7,63,26,0,0,0,0,0,35,380,0,0,0,0,0,1,0,0,0,681,1,2,3,280,44,0,0,99,2,0,0,0,0,13,0,11,0,2,0,164,50,23,29,0,5,1,0,0,0,0
0,8,0,0,0,7,0,0,17,1,75,0,165,6,0,0,0,0,0,7,1,0,0,0,0,0,0,0,0,0,16,0,0,0,247,14,0,0,5,0,0,0,0,0,2,0,2,0,1,0,22,73,1,14,0,0,0,0,0,0,0
0,1,0,1,2,2,1,2,2,0,0,1,0,0,3,1,20,618,21,1,1,0,0,1,96,18,0,0,127,0,0,510,3,0,2,5,0,6,0,0,1,5,3,0,4,2,0,1,0,1,1,2,4,174,2,0,103,0,264,0,0
1,0,129,0,0,0,80,0,0,0,0,7,1,0,0,8,9,6,1,0,0,246,0,1,207,4,43,12,1,4,0,41,1,0,0,0,0,80,1,2,5,0,0,0,0,29,0,0,0,21,0,0,0,0,0,0,0,7,4,0,1
0,0,14,0,0,0,1172,0,0,0,0,0,0,0,1,52,5,0,2,0,0,9,0,1,5,11,715,471,0,44,0,4,0,0,0,0,4,21,0,0,1,0,0,0,0,10,0,0,0,61,0,0,0,0,0,0,0,4,2,0,0
86,7,13,78,21,23,61,0,24,31,15,99,33,42,0,41,183,135,5,14,91,8,0,37,13,3,72,18,8,108,21,463,99,35,102,17,21,28,203,132,18,1,24,33,65,391,14,1,11,21,43,24,58,21,14,26,41,24,41,79,16
53,1291,2,71,41,55,3,0,60,339,35,27,50,25,0,16,16,0,0,42,14,0,0,6,0,0,1,2,0,124,29,1,6,36,4,29,4,0,205,4,7,0,48,175,20,1,725,2,634,1,55,43,34,307,12,21,3,18,2,3,1548
0,0,0,0,0,0,0,60,0,0,0,0,0,0,251,0,2,1,14,0,0,0,2482,0,2,1225,0,0,13,0,0,9,0,0,0,0,0,6,0,0,0,2087,0,0,0,0,0,1215,0,0,0,0,0,0,103,0,0,0,0,0,0
0,0,0,0,0,0,0,1273,0,0,0,0,0,0,828,0,0,0,19,0,0,0,23,0,0,2,0,0,3,1,0,0,0,0,0,0,0,0,0,0,0,52,0,0,0,0,0,22,0,0,0,0,0,0,13,0,1,0,0,0,0
2,0,0,2,1,1,2,33,1,0,1,0,0,0,97,0,9,57,563,0,0,3,26,0,20,45,0,0,1669,0,0,670,0,2,0,1,0,45,0,0,0,35,1,1,2,16,0,88,2,2,0,0,1,1,17,1,67,0,55,0,0
45,0,73,0,0,0,1742,68,0,0,0,11,0,0,85,56,55,0,18,0,0,31,13,5,28,45,1106,1219,5,419,0,50,0,0,0,0,61,115,0,0,39,4,0,10,0,240,0,44,0,262,0,0,0,0,3,0,1,11,13,4,3
0,0,54,0,0,0,78,1,0,0,0,0,0,0,4,10,1,3,19,0,0,1,22,0,5,345,53,19,15,3,0,65,0,0,0,0,0,2,0,0,0,4,0,0,0,1,0,27,0,2,1,0,0,0,0,0,1,0,5,0,0
0,4,0,11,22,91,0,0,47,2,34,3,26,2,0,0,0,0,0,2,11,0,0,3,0,0,0,0,0,0,37,2,8,33,27,16,0,3,5,3,1,0,1,1,16,1,10,0,6,0,21,22,5,4,22,18,1,2,1,2,6
0,6,1,4,3,42,0,0,8,1,7,37,23,0,0,2,0,0,0,0,15,0,0,1,0,0,0,0,0,1,173,0,0,8,22,1,2,4,16,3,1,0,0,13,1,1,2,2,7,0,21,43,3,1,5,46,2,17,0,1,8
4,11,0,20,29,82,0,0,19,9,0,7,2,0,0,0,2,0,0,1,6,0,0,104,0,0,0,0,0,0,50,0,59,610,1,0,4,1,3,16,7,0,87,9,31,15,17,1,24,0,0,207,4,0,39,296,0,22,0,95,5
290,0,89,0,1,3,24,2,5,0,0,32,4,1,5,698,6,8,3,0,2,0,1,2,5,268,41,17,2,11,6,22,2,5,2,3,5,12,3,11,10,3,0,6,1,16,0,16,3,134,6,0,0,4,2,6,5,19,5,1,115
14,9,1,1,3,14,0,0,70,4,31,1210,727,0,0,13,8,0,0,0,0,0,0,0,0,0,0,0,0,0,28,0,2,2,66,38,1,10,13,1,5,0,4,25,3,5,9,0,1,1,48,214,1,11,1,2,230,20,0,0,77
41,0,0,6,6,3,0,0,1,45,0,0,1,0,0,0,8,0,16,2,8,0,0,529,0,0,2,0,0,0,2,0,43,20,0,0,0,1,0,37,0,0,64,4,15,150,31,0,27,0,0,24,0,0,1,255,3,2,0,269,0
23,0,7,0,0,0,0,53,0,0,0,0,0,0,93,11,0,0,21,0,0,0,774,0,3,548,3,0,12,1,0,9,0,0,0,0,0,4,0,3,1,523,0,0,0,2,0,1471,0,2,0,0,0,0,200,0,0,0,3,0,0
3,0,2,0,0,0,0,63,0,0,0,0,0,0,43,0,1,0,11,0,0,0,1,0,0,0,0,0,0,0,0,0,0,0,0,0,1,0,0,0,0,9,0,1,0,1,0,9,0,0,0,0,0,0,5,0,0,0,0,0,0
