0.77277,0.80961,0.59814,0.75101,0.64504,0.60816,0.75583,0.93074,0.81735,0.78562,0.77282,0.76245,0.76196,0.61741,0.63838,0.6266,0.72984,0.77839,0.66983,0.86245,0.81969,0.97512,0.92693,0.61393,0.70695,0.81677,0.85981,0.95434,0.89875,0.90657,0.80688,0.88668,0.70986,0.67306,0.64901,0.94555,0.88314,0.9188,0.8907,0.89476,0.63298,0.60145,0.71789,0.77737,0.8598,0.83658,0.80761,0.96522
0.81043
1731,33,89,228,51,9,81,0,0,0,0,0,0,10,2,0,0,45,0,0,0,0,0,1,1,0,0,0,0,1,0,0,0,25,5,0,10,0,0,0,0,1,0,0,0,0,0,0
28,2343,52,0,76,2,66,0,0,0,0,0,0,272,0,0,0,5,59,0,0,0,0,55,13,5,0,0,0,0,1,0,0,7,1,0,1,0,0,0,0,0,2,0,0,0,0,0
60,49,1219,50,20,142,41,0,2,1,0,1,1,79,13,3,17,12,2,3,0,5,3,14,58,3,1,3,1,2,1,0,0,71,5,0,3,1,0,7,1,19,5,2,4,2,1,0
221,0,25,1671,13,9,35,0,0,0,0,0,0,1,18,0,0,14,1,0,0,0,0,1,0,0,0,0,0,13,0,1,0,67,61,0,14,0,0,0,0,1,1,0,22,0,0,0
10,7,9,6,507,1,1,0,0,0,0,0,0,1,0,0,0,0,1,0,0,0,0,0,0,0,0,0,0,1,0,0,0,11,0,0,0,0,0,0,0,0,0,0,0,0,0,0
17,20,165,34,10,1639,20,0,1,0,0,0,0,30,104,14,0,39,3,0,0,2,0,30,171,1,0,0,1,43,14,5,2,94,19,0,7,0,0,0,1,24,21,10,21,0,2,0
53,30,34,4,12,4,1588,0,0,0,0,0,0,12,0,0,0,3,25,0,0,0,0,1,7,1,0,0,0,1,0,0,0,4,13,0,6,0,0,0,0,1,0,0,0,0,0,0
0,0,0,0,0,1,0,215,0,0,0,1,0,0,0,0,0,0,0,0,0,0,0,0,0,0,0,0,0,0,0,0,0,0,0,2,0,0,0,0,0,0,0,0,0,0,0,0
0,0,1,0,0,2,0,0,4721,5,8,71,132,0,0,9,37,4,0,19,9,33,10,0,3,0,9,3,761,6,31,84,20,0,0,0,9,1,7,3,19,0,4,99,19,18,11,1
0,0,0,0,0,0,0,0,0,568,0,0,0,0,0,0,0,0,0,0,0,0,0,0,0,0,15,0,0,0,0,0,0,0,0,0,0,2,9,10,1,0,0,0,0,0,0,0
0,0,0,0,0,1,0,0,1,3,728,8,1,0,0,1,0,1,0,2,9,3,6,0,2,0,18,2,1,0,0,0,0,0,0,4,0,5,0,45,4,0,0,0,1,5,4,0
0,2,0,0,0,8,0,1,19,0,16,1271,17,0,0,0,1,0,2,4,0,4,1,4,9,3,0,1,6,7,8,8,0,0,1,12,0,4,0,14,23,0,1,32,3,0,4,0
0,0,0,0,0,1,0,0,14,0,2,9,1274,2,0,3,0,2,0,0,0,0,3,0,4,1,0,0,1,5,4,12,2,1,0,0,2,0,0,0,1,0,4,7,0,3,1,0
7,229,140,8,40,52,40,0,0,0,0,0,0,1759,0,3,0,109,86,0,0,0,2,208,111,6,0,0,0,1,0,2,1,69,9,0,6,0,0,0,0,10,7,0,0,2,0,0
2,0,5,5,0,10,0,0,0,0,0,0,0,0,632,0,0,0,0,1,0,0,0,0,0,0,0,0,0,34,0,0,0,7,2,0,0,0,0,0,0,4,2,0,3,0,0,0
0,0,0,1,0,8,0,0,0,0,0,0,0,0,0,490,0,0,0,0,0,0,0,0,13,1,0,0,0,0,10,11,2,0,0,0,2,0,0,0,0,0,1,0,1,0,0,0
0,0,0,0,0,0,0,0,8,0,0,4,0,0,0,1,878,1,0,8,1,8,0,0,1,1,0,1,19,1,0,2,1,0,0,0,0,0,0,2,5,0,0,7,6,1,1,0
9,17,9,9,1,62,9,0,2,0,0,0,1,68,4,8,0,3372,6,0,0,0,2,57,93,7,0,0,2,3,1,0,1,9,4,0,309,0,0,0,0,16,38,1,4,0,2,0
0,18,1,0,0,0,42,0,0,0,0,0,0,27,0,1,0,4,1483,0,0,0,0,42,28,68,0,0,0,0,0,0,0,2,8,0,0,0,0,0,0,0,16,0,0,1,0,0
0,0,0,0,0,0,0,1,0,0,1,7,1,0,0,0,3,0,0,1555,0,2,0,0,0,0,0,1,8,0,0,0,0,0,0,10,0,5,1,4,27,0,0,16,0,0,0,0
0,0,0,0,0,0,0,0,1,0,7,1,0,0,0,2,0,1,0,0,841,0,0,0,0,0,0,31,0,2,0,0,0,0,0,1,0,1,1,2,0,1,0,0,1,1,2,0
0,0,0,0,0,1,0,0,31,0,0,6,0,0,1,3,30,0,0,5,0,7329,15,0,1,0,0,4,120,0,7,4,2,0,0,0,0,0,0,1,5,0,0,4,5,2,0,0
2,4,1,2,2,4,1,0,1,0,0,5,6,10,0,1,13,3,2,7,3,4,1370,4,5,10,0,17,0,3,3,7,2,1,2,12,2,1,2,15,1,1,1,2,2,7,3,0
0,40,46,4,1,93,13,0,0,0,0,0,2,316,5,5,0,69,163,0,0,0,2,2080,521,249,0,0,0,2,3,1,0,55,9,0,8,0,0,0,0,35,89,0,1,22,0,0
2,53,107,5,2,454,41,0,2,0,1,0,5,188,7,104,1,110,128,0,0,2,7,632,3481,429,0,1,2,12,7,26,34,37,8,0,37,1,0,0,0,59,179,11,2,16,8,0
0,3,1,0,0,0,5,0,0,0,0,0,1,8,0,7,0,10,196,0,0,1,2,131,185,4364,0,0,0,5,0,2,1,0,2,0,2,0,0,0,0,1,105,0,0,84,0,0
0,0,0,0,0,0,0,0,0,16,10,0,1,0,0,0,0,0,0,0,1,0,0,0,0,0,828,1,0,0,0,0,0,0,0,0,0,2,8,7,0,0,0,0,0,3,3,0
0,0,1,0,0,0,0,0,0,5,9,18,0,0,0,0,5,1,1,8,139,4,7,1,0,0,2,2717,8,1,1,0,0,1,0,10,0,23,3,40,8,0,0,0,0,2,1,0
0,0,0,0,0,0,0,0,843,14,8,62,59,0,0,5,200,0,0,52,6,96,13,0,0,0,9,23,8788,5,16,41,9,0,0,3,5,7,18,43,103,0,1,58,5,6,14,0
31,7,29,77,16,42,59,0,3,0,0,22,12,4,120,4,1,4,13,0,2,1,4,11,17,20,0,0,2,3367,35,35,2,89,44,0,15,0,0,0,0,18,17,15,127,16,1,0
0,1,0,1,0,8,0,0,18,0,0,11,5,0,1,16,1,3,0,2,0,8,1,2,4,5,0,0,9,12,2394,247,28,7,1,0,13,0,0,0,0,0,3,19,9,1,0,0
2,1,7,3,3,25,3,0,72,0,1,29,123,2,0,78,3,8,7,1,1,3,15,11,31,6,0,1,26,63,381,4241,252,3,3,0,4,0,1,0,3,1,5,42,10,9,3,0
0,1,0,0,0,0,0,0,9,0,0,0,0,0,0,3,0,0,0,0,0,0,0,0,4,2,0,0,6,1,8,37,893,0,0,0,0,0,0,0,1,0,2,1,0,2,0,0
15,11,56,46,22,35,10,0,0,0,0,0,0,21,52,0,0,8,2,0,0,0,0,3,4,0,0,0,0,18,0,0,0,1264,20,0,2,0,0,0,0,2,5,0,7,0,0,0
1,0,1,3,0,1,10,0,0,0,0,0,0,0,0,0,0,1,1,0,0,0,0,0,1,0,0,0,0,0,0,0,0,1,490,0,1,0,0,0,0,0,0,0,0,0,0,0
0,0,1,0,0,0,0,11,0,1,7,21,0,0,0,0,1,0,0,7,2,1,2,0,1,1,1,12,1,2,0,0,0,1,0,1424,0,3,2,11,2,0,0,0,1,0,1,0
38,18,22,29,9,26,28,0,2,0,0,1,11,23,3,4,0,435,10,0,1,0,3,22,42,27,0,0,1,14,21,6,1,20,11,1,3809,0,0,0,0,5,19,25,25,1,0,0
0,0,0,0,0,0,0,0,0,18,1,2,0,0,0,0,1,0,0,36,0,0,0,0,0,0,24,1,0,0,0,0,0,0,0,0,0,4820,108,34,35,0,0,1,0,0,485,0
0,0,0,0,0,0,0,0,0,32,1,0,0,0,0,0,0,0,0,2,0,0,0,0,0,0,6,0,0,0,0,0,0,0,0,0,0,39,1581,3,0,0,0,0,0,0,3,0
0,0,2,0,0,3,2,0,1,56,138,49,2,0,0,0,6,1,0,12,10,9,4,0,1,0,32,27,0,0,0,0,0,0,0,21,0,25,6,2219,14,0,0,2,0,0,11,0
0,0,0,0,0,0,0,0,0,0,0,25,0,0,0,0,1,0,0,12,0,0,0,0,0,0,0,0,6,0,0,0,0,0,0,3,0,5,0,10,476,0,0,2,0,0,8,0
0,0,4,5,0,17,0,0,0,0,0,0,0,2,7,0,0,8,1,0,0,0,0,9,17,1,0,0,0,0,0,1,0,0,0,0,0,0,0,0,0,332,6,0,3,1,0,0
0,5,4,7,0,23,0,0,1,0,0,0,0,7,9,8,0,31,13,0,0,0,1,54,81,90,0,0,0,12,6,1,2,24,5,0,7,0,0,0,0,10,1453,1,28,5,0,0
0,1,0,0,0,1,0,3,21,0,0,25,15,0,2,1,3,0,0,54,0,0,3,0,3,1,0,1,7,12,10,7,1,0,0,3,10,1,0,0,11,0,2,1271,6,0,2,0
10,1,4,27,0,10,5,0,3,0,0,3,0,1,10,7,1,5,3,0,0,0,0,2,3,5,0,0,1,65,5,2,1,5,32,0,29,0,0,0,0,10,10,4,1938,0,0,0
1,0,1,0,1,1,1,0,0,0,3,0,1,6,0,1,0,23,6,0,0,0,2,13,8,36,5,0,0,0,0,0,1,3,0,0,0,0,0,0,0,1,25,0,0,1075,0,0
0,0,2,0,0,0,0,0,0,4,1,15,2,0,0,0,0,0,0,13,1,1,0,0,0,0,12,0,1,0,0,0,0,0,0,0,0,300,28,10,11,0,0,3,0,0,2397,3
0,0,0,0,0,0,0,0,0,0,0,0,0,0,0,0,0,0,0,0,0,0,0,0,0,0,1,0,0,0,0,0,0,0,0,0,0,0,0,0,0,0,0,0,0,0,0,111
