0.66259,0.73809,0.42857,0.65143,0.39578,0.50489,0.64225,0.51414,0.76914,0.56328,0.54554,0.63923,0.63089,0.4878,0.38294,0.33934,0.5654,0.73053,0.52766,0.7846,0.59206,0.96889,0.86935,0.51311,0.62787,0.75392,0.71721,0.90963,0.87673,0.8571,0.71971,0.84127,0.53219,0.53916,0.44349,0.87216,0.82119,0.87776,0.85141,0.82061,0.37924,0.22775,0.59461,0.63609,0.78443,0.68814,0.72149,0.42149
0.71378
1410,40,133,312,149,11,111,0,0,0,0,0,0,10,8,0,0,56,0,0,0,0,0,0,1,0,0,0,0,1,0,0,0,42,11,0,24,0,0,0,0,3,0,0,1,0,0,0
33,2060,71,0,139,3,117,0,0,0,0,0,0,352,0,2,0,4,82,0,0,0,2,66,26,11,0,0,0,0,0,1,0,12,1,0,0,0,0,0,0,1,4,0,0,1,0,0
72,71,858,61,72,201,82,0,7,1,1,2,0,125,23,17,23,19,6,4,0,9,3,14,48,4,1,5,4,6,0,0,1,99,11,0,6,2,0,10,2,48,3,1,2,1,1,1
326,0,41,1340,24,13,42,0,0,0,0,0,0,1,68,0,0,31,0,0,0,0,0,1,0,0,0,0,0,15,0,0,0,100,123,0,15,0,0,0,0,7,1,0,40,1,0,0
33,18,18,6,450,1,2,0,0,0,0,0,0,6,0,0,0,1,1,0,0,0,0,0,0,0,0,0,0,1,0,0,0,17,0,0,0,0,0,0,0,0,1,0,0,0,0,0
20,17,227,42,16,1290,27,0,1,0,0,1,0,61,178,55,1,42,6,0,1,0,0,32,207,0,0,1,2,35,7,1,4,102,31,0,15,0,0,0,1,91,14,9,25,1,1,0
74,57,68,14,23,4,1447,0,0,0,0,0,0,13,0,0,0,4,36,0,0,0,0,0,7,3,0,0,0,3,0,0,0,5,31,0,6,0,0,0,0,4,0,0,0,0,0,0
0,0,1,0,0,0,0,200,0,0,3,3,0,0,1,0,1,0,0,0,2,0,0,0,0,0,0,0,0,0,0,0,0,0,0,6,0,0,0,0,0,0,0,0,0,1,1,0
0,0,1,0,0,2,0,5,4391,8,8,86,189,0,2,24,60,3,0,24,22,30,12,0,2,0,12,2,877,7,34,67,33,0,0,1,9,4,2,5,37,0,5,147,26,18,7,7
0,0,0,0,0,0,0,0,0,494,1,0,0,0,0,0,0,0,0,0,0,0,0,0,0,0,49,1,0,0,0,0,0,0,0,0,0,6,23,27,2,0,0,0,0,0,2,0
1,0,1,0,0,1,0,8,0,10,605,19,3,0,0,0,0,1,1,4,22,3,10,0,4,0,30,7,2,1,0,0,0,3,0,8,0,6,0,80,6,0,0,2,1,8,7,1
0,1,0,0,0,8,0,32,33,0,43,1033,37,0,0,8,5,0,2,11,7,5,3,5,8,1,3,5,10,17,11,13,3,1,2,15,1,1,0,16,62,1,0,73,1,2,7,0
0,1,0,0,0,3,0,0,28,0,6,29,1164,2,1,2,0,7,0,0,0,0,10,1,7,3,1,0,2,13,4,25,6,0,1,0,4,0,0,1,0,0,10,15,1,7,1,3
12,315,174,6,88,50,70,0,0,0,0,0,0,1380,4,4,0,104,117,0,0,0,1,247,110,9,0,0,0,1,0,1,1,104,28,0,15,0,0,0,0,44,8,0,0,14,0,0
4,0,7,14,4,14,0,0,0,0,0,0,0,0,561,0,0,0,0,0,0,1,0,0,0,0,0,0,0,45,0,0,2,24,6,0,0,0,0,0,0,14,1,0,9,1,0,0
0,0,2,0,0,11,0,0,2,0,0,1,1,0,2,433,1,0,0,1,0,0,0,3,16,3,0,0,0,1,10,27,13,0,1,0,3,0,0,0,0,3,3,1,2,0,0,0
0,0,1,0,0,1,0,0,6,0,1,3,1,0,0,16,804,1,0,12,2,16,3,0,1,2,0,0,35,0,5,4,3,0,0,0,1,0,0,4,21,0,0,7,6,1,0,0
10,20,22,13,6,75,18,0,2,0,0,0,1,109,7,16,1,3020,11,0,0,1,2,53,125,9,0,0,0,5,1,1,1,10,9,0,462,0,1,0,0,52,53,3,6,1,0,0
0,29,2,0,0,0,51,0,0,0,0,0,0,42,0,1,0,5,1326,0,0,1,0,72,28,121,0,0,0,0,0,0,1,1,20,0,0,0,0,0,0,3,36,0,0,2,0,0
0,0,0,0,0,0,0,2,0,0,1,15,0,0,0,0,9,0,0,1457,0,4,0,0,0,0,1,1,4,0,0,0,0,0,0,15,0,4,2,7,86,0,0,34,0,0,0,0
1,0,0,0,0,1,0,5,2,0,24,4,0,0,0,1,2,1,0,2,746,0,2,0,0,0,4,70,0,4,0,0,0,2,1,4,2,2,0,4,0,0,0,0,3,6,3,0
0,0,0,0,0,0,0,1,38,0,1,10,1,0,2,13,73,0,0,8,1,7226,25,0,2,0,0,5,140,0,4,3,1,0,0,1,0,0,0,0,6,0,0,5,8,2,0,0
2,6,1,2,5,4,3,0,1,0,2,8,9,9,2,4,22,9,3,7,7,10,1211,7,12,17,0,34,0,10,6,5,2,3,4,26,0,2,4,23,4,3,3,7,4,36,3,2
0,50,43,3,7,103,27,0,0,0,0,0,1,368,8,10,0,80,237,0,0,0,3,1546,626,302,0,0,0,1,1,2,4,64,25,0,12,0,0,0,0,102,135,0,2,72,0,0
0,54,115,0,5,503,68,0,3,0,5,1,6,246,16,186,1,114,185,0,0,1,12,667,2848,532,0,3,4,11,6,9,41,36,17,1,47,1,1,1,0,163,235,11,0,34,9,3
0,3,0,0,0,2,7,0,0,0,0,0,0,7,1,14,0,7,383,0,0,0,1,123,206,3992,0,0,0,5,0,3,9,0,14,0,4,0,0,0,0,7,158,0,0,170,0,0
0,0,0,0,0,0,0,0,0,76,33,0,2,0,0,0,0,0,0,0,1,0,0,0,0,0,700,2,0,0,0,0,0,0,0,0,0,7,14,16,1,0,0,0,0,6,10,12
0,0,0,0,0,2,0,4,2,16,29,21,0,0,0,2,9,1,0,5,393,9,26,1,0,0,8,2295,7,0,1,0,0,1,0,44,0,40,5,84,7,0,0,1,1,1,1,0
0,0,1,0,0,0,0,3,1003,24,21,61,76,0,0,30,367,0,0,55,18,117,15,0,1,0,17,18,8250,2,25,30,12,0,0,2,5,16,11,30,201,0,0,65,9,6,13,8
26,6,37,84,51,52,88,1,6,0,0,35,30,8,332,13,1,4,28,1,2,1,3,7,16,25,0,0,3,2753,38,29,10,124,114,0,24,0,0,0,0,61,21,23,205,20,0,0
0,0,1,1,2,14,0,8,28,0,0,13,10,0,1,94,1,3,5,1,0,8,2,3,7,5,0,1,10,13,2085,331,73,4,2,0,14,0,0,0,1,1,8,58,19,3,0,0
0,6,14,3,2,15,4,3,102,0,1,43,243,2,4,260,9,10,6,4,3,6,17,12,29,5,0,0,23,64,580,3376,482,5,7,0,7,0,1,0,1,2,14,78,17,15,6,2
0,0,0,0,0,0,0,0,21,0,0,0,3,0,0,17,0,0,0,0,0,1,1,3,4,8,0,0,4,2,18,63,810,0,0,0,1,0,0,0,1,0,5,3,1,4,0,0
21,9,91,70,69,51,11,0,0,0,0,0,0,23,148,0,0,8,4,0,0,0,0,2,4,0,0,0,0,13,1,0,0,1005,33,0,3,0,0,0,0,21,10,0,6,0,0,0
0,0,3,11,1,1,15,0,0,0,0,0,0,0,2,0,0,0,1,0,0,0,0,0,2,0,0,0,0,4,0,0,0,1,463,0,2,0,0,0,0,3,0,0,2,0,0,0
1,0,1,0,0,2,4,93,0,3,16,32,0,0,1,0,1,1,0,13,10,1,6,0,1,0,3,21,0,2,0,0,0,1,0,1269,0,5,2,22,4,0,0,0,2,0,0,0
68,21,32,27,20,26,47,0,1,0,0,7,17,32,7,8,0,521,25,0,2,1,0,21,38,39,0,0,6,28,23,5,3,23,21,1,3495,0,0,0,1,23,35,40,47,2,0,0
0,0,0,0,0,0,0,0,0,58,0,2,0,0,0,0,3,0,0,62,0,0,1,0,0,0,38,1,0,0,0,0,0,0,0,0,0,4409,144,45,77,0,0,0,0,0,712,14
0,0,0,0,0,0,0,0,0,67,1,0,0,0,0,0,0,0,0,6,0,0,2,0,0,0,11,0,0,0,0,0,0,0,0,0,0,55,1484,4,0,0,0,0,0,0,6,31
0,0,2,0,0,2,0,9,0,109,283,62,1,1,0,0,11,1,1,21,19,5,9,0,1,0,62,51,1,0,0,0,0,2,0,52,0,26,8,1871,26,0,0,0,0,1,15,1
0,0,0,0,0,0,0,1,3,0,5,37,1,0,0,0,3,0,0,59,0,1,2,0,0,0,0,0,11,0,0,0,0,0,0,5,0,9,0,14,380,0,0,5,0,0,12,0
3,1,23,10,1,33,5,0,0,0,0,0,0,8,20,2,0,7,7,0,0,0,0,20,22,2,0,0,0,1,0,0,0,7,3,0,3,0,0,0,0,215,12,0,7,2,0,0
1,4,7,4,1,36,0,0,0,0,0,0,0,14,28,23,0,47,28,0,0,0,1,83,113,117,0,0,0,15,7,2,2,57,12,0,10,0,0,0,0,42,1191,2,28,13,0,0
0,0,0,0,1,5,0,13,28,0,2,64,42,0,4,6,9,0,0,80,0,0,4,0,0,0,0,0,15,16,22,13,1,0,0,3,30,3,0,1,36,1,5,1054,12,1,3,3
10,1,4,33,0,13,6,1,1,0,0,5,0,0,34,13,2,7,6,0,0,0,1,4,3,3,0,0,0,114,7,1,3,5,53,0,36,0,0,0,0,23,10,9,1794,0,0,0
0,1,0,1,1,2,1,0,0,0,10,0,2,10,0,2,0,15,6,0,0,0,2,20,10,82,6,0,0,3,1,1,1,4,0,0,0,0,0,0,0,6,22,0,0,1004,0,1
0,0,0,0,0,0,0,0,0,10,7,19,5,0,0,0,3,0,0,20,2,1,1,0,1,0,28,0,0,0,0,0,0,0,0,2,0,425,37,15,39,0,0,4,0,2,2132,51
0,0,0,0,0,0,0,0,0,1,0,0,0,0,0,0,0,0,0,0,0,0,0,0,0,0,2,0,0,0,0,0,0,0,0,0,0,0,4,0,0,0,0,0,0,0,3,102
