0.77159,0.81224,0.60219,0.75147,0.63959,0.60745,0.75571,0.93103,0.813,0.787,0.78341,0.76583,0.75444,0.62372,0.63618,0.64567,0.73171,0.77875,0.66846,0.86559,0.82571,0.97577,0.93452,0.61269,0.70103,0.81868,0.85983,0.95477,0.89836,0.90794,0.80533,0.8863,0.71578,0.67906,0.64815,0.94114,0.88517,0.92084,0.89183,0.89373,0.62992,0.59964,0.71811,0.78457,0.85366,0.83879,0.80697,0.97368
0.81077
1733,33,81,231,52,10,77,0,0,0,0,0,0,11,2,0,0,47,0,0,0,0,0,1,1,0,0,0,0,0,0,0,0,24,6,0,13,0,0,0,0,0,0,0,1,0,0,0
26,2349,52,0,80,1,71,0,0,0,0,0,0,261,0,0,0,5,58,0,0,0,0,57,11,6,0,0,0,0,1,0,0,7,1,0,0,0,0,0,0,0,2,0,0,0,0,0
62,46,1211,56,21,139,40,0,8,1,0,1,0,79,10,5,17,11,3,3,0,5,3,15,61,2,1,3,1,2,1,0,0,69,6,0,4,1,0,8,1,17,5,3,4,1,1,0
225,0,25,1666,14,9,33,0,0,0,0,0,0,1,17,0,0,16,0,0,0,0,0,1,0,0,0,0,0,12,0,1,0,68,63,0,13,0,0,0,0,1,2,0,22,0,0,0
11,8,8,6,504,1,1,0,0,0,0,0,0,2,0,0,0,0,1,0,0,0,0,0,0,0,0,0,0,1,0,0,0,12,0,0,0,0,0,0,0,0,0,0,0,0,0,0
17,15,162,27,9,1648,21,0,2,0,1,0,0,36,102,13,0,45,5,0,0,1,0,27,175,1,0,0,1,41,11,2,0,93,18,0,10,0,0,0,1,28,21,9,20,0,2,0
51,31,36,4,11,3,1587,0,0,0,0,0,0,13,0,0,0,3,24,0,0,0,0,0,9,1,0,0,0,1,0,0,0,4,14,0,6,0,0,0,0,1,0,0,0,0,0,0
0,0,0,0,0,1,0,216,0,0,0,0,0,0,0,0,0,0,0,0,0,0,0,0,0,0,0,0,0,0,0,0,0,0,0,2,0,0,0,0,0,0,0,0,0,0,0,0
0,0,1,0,0,1,0,0,4739,5,6,68,133,0,1,8,35,4,0,21,8,34,9,0,3,0,7,3,760,7,27,80,21,0,0,0,9,1,7,5,20,0,5,89,19,18,14,1
0,0,0,0,0,0,0,0,0,569,0,0,0,0,0,0,0,0,0,0,0,0,0,0,0,0,15,0,0,0,0,0,0,0,0,0,0,2,7,11,1,0,0,0,0,0,0,0
0,0,0,0,0,1,0,0,0,3,727,8,1,0,0,1,0,1,0,3,8,4,3,0,2,0,19,2,1,0,0,0,0,0,0,5,0,5,0,46,6,0,0,0,1,5,3,0
0,1,0,0,0,9,0,0,19,0,15,1282,16,1,0,0,1,0,2,4,0,3,0,3,10,2,0,2,4,7,6,8,0,0,1,14,0,3,0,13,21,0,1,28,3,0,7,0
0,0,0,0,0,3,0,0,15,0,2,10,1275,1,0,1,0,2,0,0,0,0,3,1,7,1,0,0,1,3,5,12,0,2,0,0,1,0,0,0,0,0,3,7,0,2,1,0
9,230,138,10,40,44,43,0,0,0,0,0,0,1772,0,2,0,106,81,0,0,0,2,206,112,6,0,0,0,1,0,2,1,70,10,0,4,0,0,0,0,9,7,0,0,2,0,0
1,0,5,5,0,13,0,0,0,0,1,0,0,0,633,0,0,0,0,0,0,0,0,0,1,0,0,0,0,35,0,1,0,3,2,0,0,0,0,0,0,4,1,0,2,0,0,0
0,0,1,1,0,6,0,0,0,0,0,0,0,0,0,492,1,0,0,0,0,0,0,1,10,1,0,0,0,0,9,13,1,0,0,0,2,0,0,0,0,0,1,0,1,0,0,0
0,0,0,0,0,1,0,0,7,0,0,6,0,0,0,1,870,1,0,7,1,8,0,0,1,1,0,1,25,1,1,1,1,0,0,0,0,0,0,2,6,0,0,7,6,1,1,0
9,17,7,8,1,63,10,0,2,0,0,0,1,64,4,7,1,3386,5,0,0,0,1,54,100,8,0,0,1,3,1,0,1,9,6,0,300,0,0,0,0,16,34,1,4,0,2,0
0,18,1,0,0,0,40,0,0,0,0,0,0,27,0,1,0,4,1488,0,0,0,0,43,27,64,0,0,0,0,0,0,0,1,8,0,0,0,0,0,0,1,17,0,0,1,0,0
0,0,0,0,0,0,0,0,0,1,0,8,1,0,0,0,5,0,0,1552,0,2,0,0,0,0,0,1,9,0,0,0,0,0,0,12,0,6,1,5,26,0,0,13,0,0,0,0
0,0,0,0,0,0,0,0,1,0,4,1,0,0,0,1,1,1,0,1,848,0,0,0,0,0,2,25,0,2,0,0,0,0,0,1,0,0,1,2,0,1,0,0,1,1,2,0
0,0,0,0,0,1,0,0,34,0,0,7,0,0,1,4,29,0,0,5,1,7329,12,0,1,0,0,5,118,0,6,4,1,0,0,0,0,0,0,1,5,0,0,5,5,2,0,0
1,5,1,1,2,3,2,0,2,0,0,5,5,9,1,2,12,3,4,7,3,3,1370,6,7,9,0,15,0,1,3,4,3,0,2,12,1,1,2,15,3,1,1,3,3,8,3,0
0,43,44,4,1,95,12,0,0,0,0,0,3,301,4,5,0,68,157,0,0,0,2,2085,529,253,0,0,0,2,2,0,0,56,10,0,7,0,0,0,0,37,88,0,2,24,0,0
1,45,102,3,2,468,41,0,2,0,1,0,4,197,6,93,0,110,139,0,0,4,7,643,3468,419,0,2,2,12,6,30,31,41,7,0,37,0,0,0,0,58,179,11,2,19,9,0
0,3,0,0,0,0,6,0,0,0,0,0,1,8,0,6,0,11,203,0,0,1,2,133,189,4357,0,0,0,5,1,3,1,0,1,0,2,0,0,0,0,2,101,0,0,80,0,0
0,0,0,0,0,0,0,0,0,18,10,0,1,0,0,0,0,1,0,0,1,0,0,0,0,0,822,2,0,0,0,0,0,0,0,0,0,3,8,7,0,0,0,0,0,4,3,0
0,0,1,0,0,0,0,0,0,5,8,16,0,0,0,0,4,1,1,8,134,4,7,0,0,0,2,2723,9,2,2,0,0,1,0,13,0,23,4,35,9,0,0,0,1,2,1,0
0,0,0,0,0,0,0,0,870,12,8,59,60,0,0,4,195,0,0,47,7,92,12,0,0,0,9,29,8768,6,15,46,8,0,0,2,4,12,13,42,107,0,1,56,5,6,17,0
28,7,36,76,14,43,60,0,2,0,0,21,14,4,127,4,1,4,14,0,2,1,3,8,20,20,0,0,1,3383,32,31,1,77,39,0,13,0,0,0,0,16,18,17,132,12,1,0
1,1,1,1,0,8,0,0,19,0,0,12,5,1,1,17,1,2,0,0,0,7,2,0,8,7,0,0,10,10,2387,251,23,6,1,0,11,0,0,0,1,0,2,23,10,1,0,0
5,1,6,2,2,25,4,0,72,0,1,32,138,1,1,72,3,5,8,1,2,4,13,12,29,6,0,0,24,59,390,4225,255,4,3,0,6,0,2,0,2,1,7,38,12,8,2,0
0,1,0,0,0,0,0,0,9,0,0,0,0,0,0,3,0,0,0,0,0,0,0,0,4,2,0,0,6,2,10,38,889,0,0,0,0,0,0,0,0,0,2,1,0,3,0,0
14,11,53,44,20,37,9,0,0,0,0,0,0,14,51,0,0,6,2,0,0,0,0,4,5,0,0,0,0,19,0,0,0,1278,18,0,3,0,0,0,0,2,4,0,9,0,0,0
1,0,2,4,0,1,8,0,0,0,0,0,0,0,0,0,0,1,1,0,0,0,0,0,1,0,0,0,0,0,0,0,0,2,490,0,0,0,0,0,0,0,0,0,0,0,0,0
0,0,1,1,0,0,0,13,0,1,7,23,0,0,0,0,1,0,0,5,2,1,3,1,1,0,1,10,1,2,0,0,0,0,0,1423,0,3,3,10,3,0,0,0,1,0,0,0
38,19,21,30,13,23,26,0,1,0,0,1,13,24,4,4,0,433,9,0,1,0,2,16,45,28,0,0,2,15,21,6,0,23,10,1,3808,0,0,0,0,6,19,26,25,0,0,0
0,0,0,0,0,0,0,0,0,17,1,2,0,0,0,0,1,0,0,34,0,0,0,0,0,0,24,2,0,0,0,0,0,0,0,0,0,4816,110,39,33,0,0,0,0,0,487,0
0,0,0,0,0,0,0,0,0,33,1,0,0,0,0,0,0,0,0,2,0,0,0,0,0,0,6,0,0,0,0,0,0,0,0,0,0,37,1583,3,0,0,0,0,0,0,2,0
0,1,1,0,0,3,2,0,1,54,128,45,2,0,0,0,6,1,1,14,8,6,7,0,1,0,29,26,1,0,0,0,0,0,0,21,0,27,4,2237,15,0,0,2,0,1,9,0
0,0,0,0,0,0,0,0,0,0,0,25,0,0,0,0,1,0,0,10,0,0,0,0,0,0,0,0,6,0,0,0,0,0,0,3,0,5,0,10,480,0,0,2,0,0,6,0
0,0,4,4,0,15,0,0,0,0,0,0,0,3,7,0,0,7,1,0,0,0,0,8,20,1,0,0,0,0,0,0,0,0,1,0,1,0,0,0,0,331,8,0,3,0,0,0
0,4,5,6,0,24,0,0,0,0,0,0,0,6,11,8,0,30,12,0,0,0,1,61,78,90,0,0,0,10,7,0,3,24,5,0,7,0,0,0,0,12,1447,1,30,6,0,0
0,1,0,0,0,2,0,3,21,0,0,24,14,0,2,1,3,0,0,55,0,1,1,0,2,1,0,1,7,9,13,6,0,1,0,3,11,0,1,0,11,1,2,1271,6,0,3,0
12,1,3,27,0,11,6,0,3,0,0,4,1,1,10,6,1,5,2,0,0,0,0,2,2,6,0,0,1,73,7,3,1,4,34,0,29,0,0,0,0,6,12,4,1925,0,0,0
1,1,0,0,2,1,1,0,0,0,6,0,1,4,0,1,0,28,5,0,0,0,0,15,7,30,4,0,0,0,0,0,1,3,0,0,0,0,0,0,0,1,25,0,0,1077,0,0
0,0,2,0,0,0,0,0,0,4,1,14,1,0,0,0,0,0,0,14,1,1,1,0,0,0,14,0,1,0,0,0,0,0,0,0,0,285,29,12,11,0,0,3,0,0,2408,2
0,0,0,0,0,0,0,0,0,0,0,0,0,0,0,0,0,0,0,0,0,0,0,0,0,0,1,0,0,0,0,0,0,0,0,0,0,0,0,0,0,0,0,0,0,0,0,111
