0.7718,0.8074,0.6002,0.75226,0.63763,0.60492,0.75464,0.92641,0.81463,0.79138,0.77849,0.76527,0.75881,0.61943,0.634,0.64605,0.72712,0.77993,0.66682,0.86039,0.82126,0.9751,0.93648,0.61561,0.70604,0.82042,0.86268,0.95576,0.89609,0.90824,0.8033,0.88332,0.7159,0.68131,0.64427,0.94145,0.88517,0.91947,0.89227,0.89427,0.63818,0.59187,0.72018,0.78175,0.85683,0.84071,0.80685,0.97368
0.81054
1735,32,88,228,53,8,76,0,0,0,0,0,0,10,2,0,0,49,0,0,0,0,0,1,1,0,0,0,0,0,0,0,0,24,4,0,12,0,0,0,0,0,0,0,0,0,0,0
29,2335,49,0,80,4,68,0,0,0,0,0,0,278,0,0,0,5,57,0,0,1,0,55,12,5,0,0,0,0,1,0,0,6,1,0,0,0,0,0,0,0,2,0,0,0,0,0
60,49,1204,55,20,147,41,0,6,1,0,1,0,82,10,3,17,11,2,3,0,6,3,17,60,3,1,3,2,2,0,0,0,69,5,0,5,2,0,8,1,17,4,1,4,1,1,0
224,0,22,1667,14,8,34,0,0,0,0,0,0,1,18,0,0,16,0,0,0,0,0,1,0,0,0,0,0,10,0,1,0,69,65,0,12,0,0,0,0,2,1,0,24,0,0,0
11,8,8,6,505,2,1,0,0,0,0,0,0,1,0,0,0,0,1,0,0,0,0,0,0,0,0,0,0,1,0,0,0,11,0,0,0,0,0,0,0,0,0,0,0,0,0,0
18,20,160,35,9,1646,19,0,1,0,0,1,0,39,101,13,0,38,3,0,0,1,0,30,167,1,0,0,1,47,14,3,0,90,19,0,11,0,0,0,1,24,23,7,20,0,2,0
53,31,33,3,13,5,1587,0,0,0,0,0,0,11,0,0,0,4,25,0,0,0,0,1,6,1,0,0,0,1,0,0,0,4,14,0,6,0,0,0,0,1,0,0,0,0,0,0
0,0,0,0,0,1,0,214,0,0,0,2,0,0,0,0,0,0,0,0,0,0,0,0,0,0,0,0,0,0,0,0,0,0,0,2,0,0,0,0,0,0,0,0,0,0,0,0
0,0,1,0,0,1,0,0,4711,6,6,71,134,0,0,6,32,4,0,20,9,36,8,0,3,0,10,2,780,7,28,84,21,0,0,0,7,3,6,3,17,0,5,95,23,17,12,1
0,0,0,0,0,0,0,0,0,569,0,0,0,0,0,0,0,0,0,0,0,0,0,0,0,0,14,0,0,0,0,0,0,0,0,0,0,3,6,12,1,0,0,0,0,0,0,0
0,0,0,0,0,1,0,0,1,2,731,8,1,0,0,1,0,1,0,3,8,3,4,0,2,0,18,2,1,0,0,0,0,1,0,5,0,5,0,46,4,0,0,0,1,3,3,0
0,1,0,0,0,8,0,1,19,0,17,1278,16,0,0,0,2,0,2,4,0,3,0,4,8,2,0,1,5,7,8,9,0,0,1,12,0,2,0,15,20,0,2,28,3,0,8,0
0,0,0,0,0,1,0,0,16,0,1,9,1271,3,0,1,0,2,0,0,0,0,2,0,6,1,0,0,1,3,5,14,1,1,0,0,1,0,0,0,0,0,6,10,0,2,1,0
8,231,137,10,42,48,44,0,0,0,0,0,0,1766,0,2,0,109,85,0,0,0,2,201,115,5,0,0,0,1,0,3,1,64,9,0,4,0,0,0,0,11,7,0,0,2,0,0
1,0,5,5,0,12,0,0,0,0,1,0,0,0,634,0,0,0,0,0,0,0,0,0,0,0,0,0,0,34,0,0,0,3,3,0,0,0,0,0,0,4,2,0,3,0,0,0
0,0,1,1,0,6,0,0,0,0,0,0,0,0,0,491,1,0,0,0,0,0,0,1,10,1,0,0,0,0,8,13,2,0,0,0,2,0,0,0,0,1,1,0,1,0,0,0
0,0,0,0,0,1,0,0,7,0,0,3,0,0,0,1,874,1,0,5,1,8,0,0,1,1,0,1,25,1,1,1,1,0,0,0,1,0,0,2,6,0,0,7,5,1,2,0
11,17,8,9,1,64,10,0,3,0,0,0,1,67,4,8,0,3381,8,0,0,0,2,54,95,8,0,0,0,3,1,0,1,10,7,0,298,0,0,0,0,15,33,0,5,0,2,0
0,16,1,0,0,0,41,0,0,0,0,0,0,27,0,1,0,4,1487,0,0,0,0,43,27,69,0,0,0,0,0,0,0,1,8,0,0,0,0,0,0,1,13,0,0,2,0,0
0,0,0,0,0,0,0,1,1,1,1,7,1,0,0,0,4,0,0,1553,0,2,0,0,0,0,0,1,8,0,0,0,0,0,0,10,0,5,0,5,27,0,0,15,0,0,0,0
0,0,0,0,0,0,0,0,1,1,7,1,0,0,0,1,0,0,0,1,850,0,0,0,0,0,1,23,1,1,0,0,0,0,0,1,0,1,0,1,0,1,0,0,1,1,2,0
0,0,0,0,0,1,0,0,35,0,0,7,0,0,1,3,32,0,0,6,0,7324,13,0,1,0,0,4,119,0,6,5,2,0,0,0,0,0,0,1,4,0,0,5,5,2,0,0
2,7,2,1,1,3,0,1,1,0,0,6,6,7,1,2,12,3,3,7,3,4,1371,4,9,10,0,16,0,2,3,5,2,0,2,11,1,1,2,14,2,1,1,1,2,9,3,0
0,48,43,4,0,94,12,0,0,0,0,0,2,303,5,6,0,71,163,0,0,0,2,2090,519,246,0,0,0,2,3,0,0,56,10,0,9,0,0,0,0,38,85,0,1,22,0,0
0,46,107,4,3,467,43,0,3,0,0,0,4,188,6,95,1,105,142,0,0,4,6,628,3485,416,0,2,3,12,8,32,34,36,8,0,36,0,0,0,0,59,178,11,3,19,7,0
0,3,0,0,0,0,6,0,0,0,0,0,1,8,0,7,0,9,193,0,0,1,2,140,181,4363,0,0,0,5,1,2,1,0,2,0,3,0,0,0,0,2,106,0,0,80,0,0
0,0,0,0,0,0,0,0,0,17,8,0,1,0,0,0,0,1,0,0,1,0,0,0,0,0,823,2,0,0,0,0,0,0,0,0,0,1,10,8,0,0,0,0,0,4,4,0
0,0,1,0,0,0,0,0,0,5,8,15,0,0,0,0,4,1,0,7,137,4,6,0,0,0,2,2722,9,1,4,0,0,1,0,14,0,23,4,37,8,0,0,0,0,2,1,0
0,0,0,0,0,0,0,0,849,15,9,60,61,0,0,5,202,0,0,52,8,95,11,0,0,0,8,28,8770,4,15,44,9,0,0,3,4,10,15,42,100,0,1,63,5,6,18,0
27,6,33,71,15,45,63,0,3,0,0,22,13,4,128,4,1,4,16,0,2,1,3,6,18,20,0,0,0,3385,31,33,1,81,41,0,15,0,0,0,0,21,19,12,123,14,1,0
1,1,1,1,0,9,0,0,19,0,0,12,4,1,2,16,1,2,0,1,0,7,1,0,8,6,0,0,10,11,2385,258,21,7,1,0,9,0,0,0,0,1,1,23,9,1,0,0
3,1,6,0,3,24,3,0,68,0,1,30,128,1,1,71,3,6,7,1,1,2,11,11,30,7,0,0,30,57,390,4247,250,3,3,0,8,0,2,0,3,1,7,39,13,8,3,0
0,1,0,0,0,0,0,0,9,0,0,0,0,0,0,3,0,0,0,1,0,0,0,0,4,2,0,0,6,3,9,39,887,0,0,0,0,0,0,0,0,0,2,1,0,3,0,0
13,11,53,43,22,37,10,0,0,0,0,0,0,18,54,0,0,7,2,0,0,0,0,3,4,0,0,0,0,17,0,0,0,1272,20,0,3,0,0,0,0,2,5,0,7,0,0,0
1,0,2,4,0,1,9,0,0,0,0,0,0,0,0,0,0,1,1,0,0,0,0,0,1,0,0,0,0,0,0,0,0,2,489,0,0,0,0,0,0,0,0,0,0,0,0,0
0,1,1,1,0,0,0,12,0,1,8,27,0,0,0,0,1,0,0,6,3,1,3,1,1,1,1,12,1,1,0,0,0,0,0,1415,0,5,3,8,2,0,0,0,1,0,0,0
36,20,25,30,9,21,27,0,1,0,0,1,12,21,4,4,0,435,11,0,1,0,2,20,47,24,0,0,2,14,23,7,0,21,10,1,3808,0,0,0,0,6,17,25,28,0,0,0
0,0,0,0,0,0,0,0,0,19,1,1,0,0,0,0,1,0,0,39,0,0,0,0,0,0,22,2,0,0,0,0,0,0,0,0,0,4818,107,36,35,0,0,0,0,0,485,0
0,0,0,0,0,0,0,0,0,29,1,0,0,0,0,0,0,0,0,3,0,0,0,0,0,0,6,0,0,0,0,0,0,0,0,0,0,41,1582,3,0,0,0,0,0,0,2,0
1,1,1,0,0,3,1,0,1,50,135,42,2,0,0,0,6,1,0,13,10,7,6,1,1,0,29,26,1,0,0,0,0,0,0,22,0,27,5,2233,16,0,0,2,0,0,10,0
0,0,0,0,0,0,0,0,0,0,0,27,0,0,0,0,2,0,0,11,0,0,0,0,1,0,0,0,6,0,0,0,0,0,0,3,0,5,0,8,478,0,0,1,0,0,6,0
0,0,4,5,0,18,0,0,0,0,0,0,0,3,7,0,0,7,1,0,0,0,0,8,15,1,0,0,0,0,0,0,0,1,0,0,0,0,0,0,0,335,7,0,2,0,0,0
0,4,5,7,0,21,0,0,1,0,0,0,0,6,11,7,0,30,12,0,0,0,1,58,84,87,0,0,0,11,6,0,3,25,5,0,7,0,0,0,0,13,1449,1,28,6,0,0
0,1,0,0,0,2,0,2,24,0,0,25,14,0,2,1,3,0,0,54,0,0,4,0,3,1,0,1,5,10,13,6,0,1,0,4,12,0,0,0,11,1,2,1268,5,0,2,0
13,1,2,26,0,11,7,0,3,0,0,2,1,1,9,7,2,5,3,0,0,0,0,3,3,5,0,0,0,74,6,2,1,5,32,0,28,0,0,0,0,8,11,4,1927,0,0,0
1,0,1,0,2,1,1,0,0,0,4,0,1,5,0,1,0,22,6,0,0,0,1,14,8,32,5,0,0,0,0,0,1,3,0,0,0,0,0,0,0,1,22,0,0,1082,0,0
0,0,2,0,0,0,0,0,0,3,0,12,1,0,0,0,1,0,0,15,1,1,0,0,0,0,13,0,1,0,0,0,0,0,0,0,0,288,31,15,13,0,0,3,0,0,2402,2
0,0,0,0,0,0,0,0,0,0,0,0,0,0,0,0,0,0,0,0,0,0,0,0,0,0,1,0,0,0,0,0,0,0,0,0,0,0,0,0,0,0,0,0,0,0,0,111
