0.65901,0.73652,0.4358,0.6589,0.40141,0.50333,0.65483,0.51026,0.76783,0.56701,0.53846,0.63943,0.64041,0.49389,0.38619,0.34585,0.5629,0.73262,0.5209,0.78862,0.60403,0.97008,0.875,0.50472,0.6313,0.75342,0.72596,0.9097,0.87553,0.85817,0.71448,0.83668,0.53377,0.53594,0.44898,0.86527,0.82164,0.88094,0.85287,0.82063,0.36605,0.24064,0.58614,0.64,0.77991,0.69354,0.72297,0.41296
0.7145
1405,38,130,311,161,10,107,0,0,0,0,0,0,10,7,0,0,54,0,0,0,0,0,0,0,0,0,0,0,1,0,0,0,48,10,0,26,0,0,0,0,3,1,0,1,0,0,0
37,2063,68,0,139,3,105,0,0,0,0,0,0,352,0,2,0,4,84,0,0,0,2,78,17,12,0,0,0,0,0,1,0,11,5,0,0,0,0,0,0,0,4,0,0,1,0,0
74,69,879,57,67,196,78,0,6,1,1,4,1,114,23,13,23,17,5,4,0,6,4,12,49,3,1,6,5,5,2,0,1,108,11,0,8,1,0,10,1,47,6,4,2,1,1,1
328,0,36,1358,21,16,39,0,0,0,0,0,0,2,67,0,0,22,0,0,0,0,0,1,0,0,0,0,0,12,0,0,0,105,113,0,16,0,0,0,0,6,0,0,46,1,0,0
27,18,18,8,454,1,2,0,0,0,0,0,0,6,0,0,0,1,1,0,0,0,0,0,0,0,0,0,0,1,0,0,0,17,0,0,0,0,0,0,0,0,1,0,0,0,0,0
19,17,219,36,18,1285,23,0,1,0,0,1,1,56,181,57,1,44,4,0,1,1,2,38,208,2,0,2,2,31,8,2,3,103,37,0,18,0,0,0,1,93,14,10,22,1,2,0
80,54,74,15,21,5,1438,0,0,0,0,0,0,15,0,0,0,5,36,0,0,0,0,0,7,3,0,0,0,2,0,0,0,3,29,0,5,0,0,0,0,7,0,0,0,0,0,0
0,0,0,0,0,1,0,199,0,0,2,4,0,0,1,0,1,0,0,0,2,0,0,0,0,0,0,0,0,0,0,0,0,0,0,7,0,0,0,0,0,0,0,0,0,1,1,0
0,0,1,0,0,1,0,5,4382,9,13,97,179,0,0,20,62,4,0,23,22,30,11,0,3,1,10,3,884,9,30,71,37,0,0,0,8,3,1,5,32,0,6,141,28,18,7,13
0,0,0,0,0,0,0,0,0,495,1,0,0,0,0,0,0,0,0,0,0,0,0,0,0,0,51,1,0,0,0,0,0,0,0,0,0,4,23,25,1,0,0,0,0,0,4,0
1,0,1,0,0,1,0,7,0,9,595,21,3,1,0,2,0,1,1,4,23,3,10,1,3,0,31,6,2,1,0,0,0,3,0,10,0,7,0,87,7,0,0,0,1,8,4,1
0,2,1,0,0,7,0,33,34,0,38,1041,38,0,0,10,4,0,2,10,5,3,4,4,9,2,3,2,11,19,10,15,3,1,1,17,2,2,0,11,60,0,0,71,1,2,8,0
0,2,2,0,0,1,0,0,25,0,6,22,1179,1,1,2,0,6,0,0,0,0,8,1,9,4,0,0,2,9,6,27,6,0,2,0,3,0,0,0,0,1,9,13,1,8,1,1
13,320,169,6,85,53,72,0,0,0,0,0,0,1375,5,5,0,110,115,0,0,0,1,251,110,7,0,0,0,1,0,0,1,108,24,0,17,0,0,0,0,40,9,0,0,10,0,0
2,0,6,15,4,14,0,0,0,0,0,0,0,0,565,0,0,0,0,0,0,1,0,0,0,0,0,0,0,44,0,0,2,27,6,0,0,0,0,0,0,9,1,0,10,1,0,0
0,0,4,0,0,9,0,0,2,0,0,0,0,0,3,433,2,0,0,1,0,0,0,4,16,4,0,0,0,1,12,25,12,0,1,0,3,0,0,0,0,2,3,1,2,0,0,0
0,0,0,0,0,1,0,0,8,0,1,5,1,0,0,16,801,1,0,11,2,16,3,0,1,2,0,0,35,0,5,4,2,0,0,0,1,0,0,5,21,0,0,9,5,1,0,0
9,23,20,14,6,69,13,0,3,0,1,0,0,109,6,12,1,3066,12,0,0,1,0,55,131,8,0,0,0,5,2,0,1,12,7,0,433,0,0,0,0,44,49,4,8,1,0,1
0,36,2,0,0,1,52,0,0,0,0,0,0,40,0,1,0,4,1321,0,0,0,0,73,28,122,0,0,0,0,0,0,0,1,21,0,0,0,0,0,0,2,35,0,0,2,0,0
0,0,0,0,0,0,0,2,0,0,1,15,0,0,0,0,9,0,0,1455,0,5,0,0,0,0,0,1,4,0,0,0,0,0,0,15,0,3,1,9,92,0,0,30,0,0,0,0
1,0,1,0,0,1,0,3,2,0,24,3,0,0,0,2,1,1,0,0,749,0,1,0,0,0,5,74,0,4,0,0,0,2,0,3,2,3,0,4,0,0,0,0,2,6,2,0
0,0,0,0,0,2,0,1,37,0,1,9,1,0,1,13,71,0,0,8,2,7231,24,0,0,0,0,5,140,0,4,3,1,0,0,1,0,0,0,0,6,0,0,5,8,2,0,0
1,7,0,1,5,4,2,0,1,0,2,8,9,12,2,5,21,9,2,6,7,9,1211,9,12,15,0,37,0,10,6,4,2,2,4,28,0,1,4,29,5,1,3,8,4,32,4,0
0,52,46,3,5,104,25,0,0,0,0,0,1,354,8,8,0,82,253,0,0,0,3,1550,621,300,0,0,0,1,1,1,3,66,23,0,15,0,0,0,0,93,146,0,2,68,0,0
0,54,123,1,5,524,64,0,3,0,4,2,6,226,15,180,2,105,190,1,0,2,10,664,2856,523,0,2,3,13,5,16,40,37,20,0,49,0,1,1,0,143,254,12,0,34,7,4
0,1,1,0,0,1,7,0,0,0,0,0,0,7,1,14,0,9,393,0,0,0,2,148,190,3960,0,0,0,4,0,4,8,0,13,0,3,0,0,0,0,6,174,0,0,170,0,0
0,0,0,0,0,0,0,0,0,72,34,0,2,0,0,0,0,0,0,0,0,0,0,0,0,0,702,2,0,0,0,0,0,0,0,0,0,8,15,15,1,0,0,0,0,5,11,13
0,0,1,0,0,1,0,4,2,13,30,17,0,0,0,2,12,1,0,5,374,9,22,2,0,0,8,2327,3,0,2,0,0,1,0,44,0,39,7,75,6,0,0,3,2,2,2,0
0,0,1,0,0,0,0,7,1004,26,27,60,73,0,0,31,366,0,0,54,18,111,15,0,1,0,16,20,8230,2,26,37,14,0,0,2,5,19,11,27,210,0,0,66,8,7,10,8
24,7,43,90,49,45,89,1,5,0,0,30,28,9,325,11,1,2,31,1,1,1,3,8,16,29,0,0,3,2753,41,34,8,119,112,0,28,0,0,0,0,58,21,23,213,19,0,1
0,0,1,2,1,12,0,8,32,0,0,12,11,1,1,88,2,3,4,2,0,7,3,1,9,4,0,0,8,14,2097,327,72,5,2,1,17,0,0,0,1,1,3,55,20,3,0,0
0,6,11,2,2,14,4,4,102,0,1,46,238,3,4,257,12,11,5,3,3,7,15,10,33,4,0,0,31,62,588,3371,477,6,9,0,8,0,1,0,2,3,15,76,16,14,5,2
0,0,0,0,0,0,0,0,21,0,0,0,1,0,0,18,1,1,1,0,0,1,0,2,5,7,0,0,5,2,20,66,806,0,0,0,1,0,0,0,0,0,3,3,2,4,0,0
25,10,85,65,64,50,9,0,0,0,0,0,0,23,145,0,0,8,3,0,0,0,0,2,3,0,0,0,0,13,1,0,0,1029,31,0,4,0,0,0,0,16,11,0,6,0,0,0
0,0,4,10,1,1,16,0,0,0,0,0,0,0,2,0,0,0,1,0,0,0,0,0,2,0,0,0,0,5,0,0,0,3,462,0,1,0,0,0,0,2,0,0,1,0,0,0
1,0,0,0,0,1,1,91,0,2,20,35,0,0,0,0,1,0,0,13,8,1,8,0,1,0,1,19,0,2,0,0,0,1,0,1278,0,5,3,20,3,0,0,0,2,0,0,0
73,16,34,25,20,23,43,0,2,0,0,7,17,35,10,7,0,539,26,0,1,1,0,22,37,39,0,0,5,26,25,6,3,26,22,1,3478,0,0,0,1,27,32,40,43,1,0,0
0,0,0,0,0,0,0,0,0,64,1,2,0,0,0,0,2,0,0,57,0,0,1,0,0,0,28,2,1,0,0,0,0,0,0,0,0,4410,139,49,81,0,0,0,0,0,714,15
0,0,0,0,0,0,0,0,0,69,1,0,0,0,0,0,0,0,0,5,0,0,1,0,0,0,11,1,0,0,0,0,0,0,0,0,0,52,1484,4,0,0,0,0,0,0,7,32
0,0,3,0,0,2,0,10,0,102,280,67,1,0,0,0,9,1,0,18,18,5,8,0,3,0,64,48,2,0,0,0,0,2,0,58,0,28,8,1862,33,0,0,1,0,1,18,1
0,0,0,0,0,0,0,1,3,1,5,38,1,0,0,0,3,0,0,67,0,2,2,0,0,0,0,0,10,0,0,0,0,0,0,5,0,8,0,15,373,0,0,4,0,0,10,0
3,1,22,7,1,37,1,0,0,0,0,1,0,8,20,1,0,9,5,0,0,0,0,23,24,2,0,0,0,1,0,0,0,9,4,0,3,0,0,0,0,212,12,0,6,2,0,0
1,4,5,4,1,39,0,0,0,0,0,0,0,15,28,22,0,46,27,0,0,0,1,84,103,116,0,0,0,17,9,1,2,55,12,0,13,0,0,0,0,38,1201,2,30,12,0,0
0,0,0,0,1,3,0,13,30,0,2,58,41,0,4,5,9,0,0,79,1,0,4,0,1,0,0,0,14,16,28,11,1,0,0,5,28,2,0,1,40,0,4,1056,12,1,4,3
8,0,4,31,0,13,5,1,2,0,0,7,1,1,38,11,3,3,7,0,1,0,1,2,6,3,0,0,0,119,7,2,4,7,48,0,38,0,0,0,0,23,13,7,1786,0,0,0
0,1,2,0,0,2,1,0,0,0,9,0,3,9,0,4,0,16,7,0,0,0,3,26,9,84,8,0,0,3,0,1,1,3,0,0,0,0,0,0,0,4,19,0,0,998,0,1
0,0,0,0,0,0,0,0,0,9,5,16,5,0,0,0,3,0,0,18,2,1,1,0,1,0,26,0,0,0,0,0,0,0,0,2,0,411,38,15,42,0,0,6,0,2,2153,48
0,0,0,0,0,0,0,0,0,1,0,0,0,0,0,0,0,0,0,0,0,0,0,0,0,0,2,0,0,0,0,0,0,0,0,0,0,0,4,0,0,0,0,0,0,0,3,102
