0.60597,0.63711,0.35205,0.51086,0.25428,0.42393,0.47324,0.24274,0.65139,0.4058,0.28893,0.45032,0.48211,0.39817,0.33492,0.24317,0.4266,0.59279,0.43496,0.74502,0.48405,0.95226,0.7294,0.39488,0.52936,0.70515,0.54739,0.83166,0.86804,0.71628,0.56881,0.72551,0.40303,0.38566,0.24438,0.63088,0.69739,0.84427,0.78636,0.63864,0.22581,0.15811,0.40127,0.49349,0.59301,0.46722,0.63338,0.25132
0.59432
1055,47,119,330,271,11,203,0,0,0,0,0,0,22,11,0,0,77,2,0,0,0,0,0,1,0,0,0,0,3,0,0,0,83,48,0,38,0,0,0,0,2,0,0,0,0,0,0
48,1868,47,5,172,3,220,0,0,0,0,0,0,364,0,3,0,12,119,0,0,2,10,61,8,18,0,1,0,0,0,0,1,12,2,0,1,0,0,0,0,0,11,0,0,0,0,0
71,74,533,69,121,234,119,0,5,0,5,21,1,139,27,35,26,27,8,2,1,6,5,9,57,3,1,6,13,5,1,1,0,116,63,1,14,5,1,14,1,69,7,1,2,6,1,1
284,2,19,1035,48,7,53,0,0,0,0,0,0,0,68,0,0,23,1,0,0,0,0,1,0,0,0,0,0,29,0,0,0,130,303,0,33,0,0,0,0,7,1,0,145,0,0,0
29,31,23,10,401,1,12,0,0,0,0,0,0,7,0,0,0,4,2,0,0,0,1,0,0,0,0,0,0,4,0,0,0,27,1,0,0,0,0,0,0,0,2,0,0,0,0,0
15,16,172,65,41,1070,41,2,2,0,2,8,4,64,205,65,5,41,10,0,3,8,4,20,221,2,0,3,1,45,7,2,10,148,51,0,25,0,0,0,0,106,28,24,27,1,0,0
84,106,37,11,50,6,1344,0,0,0,0,0,0,20,0,1,0,11,54,0,0,0,2,1,14,3,0,0,0,0,0,0,0,3,29,0,7,0,0,0,0,14,0,1,1,0,0,0
0,0,2,0,0,1,0,142,2,0,16,5,1,0,4,0,0,1,0,0,4,0,1,1,0,0,1,0,0,0,1,0,0,0,0,29,0,0,1,3,0,0,0,0,1,2,1,0
0,0,0,0,0,0,0,0,4249,7,2,29,199,0,0,26,114,3,0,13,25,46,19,0,0,2,5,0,793,8,121,127,79,0,1,0,8,1,7,1,66,0,1,132,32,19,9,25
0,0,0,0,0,0,0,0,0,420,12,0,0,0,0,0,0,0,0,0,0,0,0,0,0,0,78,0,0,0,0,0,0,0,0,0,0,28,31,28,1,0,0,0,0,0,2,5
0,1,2,0,1,1,0,55,2,16,347,24,4,1,0,1,2,1,0,6,35,6,14,1,6,0,61,14,1,0,1,0,0,0,0,39,0,6,1,192,5,0,0,3,0,4,2,0
0,2,1,0,0,8,1,85,92,0,77,417,95,0,0,8,12,2,1,16,4,10,8,4,4,0,3,9,19,16,57,16,7,0,0,134,3,5,0,113,134,1,4,106,1,5,6,0
0,0,1,0,1,0,1,0,62,0,4,6,1024,2,0,4,3,9,5,0,2,0,22,6,2,13,0,0,2,14,13,42,15,2,2,0,18,0,0,0,4,1,27,26,0,20,2,3
9,385,177,6,137,63,115,0,0,0,2,1,2,1046,4,4,0,169,136,0,0,1,4,293,119,7,0,3,0,0,1,0,0,107,20,0,16,0,0,0,0,37,41,0,0,2,0,0
1,0,3,22,8,43,2,0,0,0,0,0,0,0,472,4,0,0,0,0,0,1,1,0,0,0,0,0,0,47,1,0,1,35,13,0,4,0,0,0,0,4,0,1,44,0,0,0
0,0,0,0,0,16,1,0,6,0,0,3,1,0,0,383,6,2,1,0,0,1,2,3,15,1,0,0,0,2,16,46,9,1,3,0,2,0,0,0,0,0,12,4,1,3,0,0
0,0,0,0,0,0,0,0,26,0,2,11,0,0,0,27,741,0,0,15,0,20,4,0,0,1,0,1,40,0,2,5,4,0,0,1,0,0,0,2,35,0,0,15,3,2,0,0
10,74,21,8,14,115,29,0,2,0,1,2,3,131,8,17,2,2466,14,0,0,7,2,89,244,8,0,0,0,6,2,2,4,15,20,0,684,0,0,0,0,40,70,8,7,1,0,0
0,39,1,0,3,0,69,0,0,0,1,0,1,42,3,6,0,10,1197,0,0,0,0,96,48,143,0,0,0,1,0,1,0,1,26,0,0,0,0,0,0,6,47,0,0,0,0,0
0,0,0,0,0,0,0,0,0,2,6,6,0,0,0,0,7,0,0,1347,0,11,0,0,0,0,1,2,5,0,0,0,0,0,0,13,0,2,5,17,181,0,0,32,0,0,4,1
0,0,2,1,0,1,0,19,0,1,54,9,3,0,3,3,7,2,0,2,622,0,3,0,1,0,13,93,1,3,1,0,0,0,2,9,1,1,0,22,3,0,0,1,5,7,1,0
0,0,1,0,0,1,0,0,32,0,3,30,1,0,1,21,69,0,0,3,3,7221,20,0,1,0,0,1,132,0,4,1,2,0,0,4,0,0,0,0,15,0,0,4,3,2,1,0
0,10,3,1,4,1,2,1,0,2,19,34,27,7,3,9,31,12,3,11,19,15,903,15,3,18,6,63,0,7,14,11,7,3,5,99,4,2,6,47,1,0,6,8,4,80,11,7
0,62,41,3,20,101,64,0,0,0,1,0,3,331,7,16,0,127,298,0,0,0,7,1080,795,253,0,2,0,10,1,0,6,72,25,0,6,0,0,0,0,115,207,1,1,179,0,0
2,66,76,6,11,517,99,0,4,0,16,14,15,301,10,264,3,142,199,0,0,6,29,571,2560,415,0,10,8,12,4,21,49,51,33,0,51,2,1,2,0,157,333,24,3,110,0,4
0,0,0,0,0,1,24,0,0,0,0,0,5,1,10,31,0,25,531,0,0,0,12,216,395,3054,1,0,0,9,0,4,8,1,18,0,2,0,0,0,0,15,264,0,0,489,0,0
0,0,0,0,0,0,0,0,0,131,43,1,4,0,0,0,1,0,0,0,2,0,1,1,1,0,566,1,0,0,0,0,0,0,0,0,0,6,36,19,0,0,0,0,0,2,32,33
0,0,3,1,0,2,0,22,0,49,129,22,1,0,2,3,25,1,0,8,449,9,20,2,4,1,43,1744,7,1,1,0,0,3,0,147,0,10,9,280,3,1,0,1,9,3,1,0
0,0,0,0,0,0,0,0,1629,35,13,56,63,0,0,19,623,0,0,34,37,161,27,0,0,0,23,3,7144,2,28,66,18,0,0,2,2,20,13,6,336,0,0,98,10,4,19,21
32,5,40,168,83,85,234,7,3,0,0,24,72,1,562,15,3,7,43,0,4,3,15,11,5,35,0,0,0,1434,74,36,23,236,321,0,64,0,0,0,1,117,19,16,481,3,0,0
0,0,2,1,1,9,0,47,51,0,0,47,49,0,3,164,1,3,1,0,1,14,14,7,7,6,0,0,1,28,1459,464,172,11,7,0,32,0,0,0,2,14,11,78,112,11,0,0
0,5,11,1,4,15,13,21,217,0,6,25,395,2,5,306,6,9,8,0,4,11,27,5,26,12,0,0,14,59,604,2585,771,12,8,0,11,0,0,0,3,13,51,135,52,24,3,4
0,0,0,0,0,0,0,0,41,0,0,0,5,0,1,32,0,2,1,0,0,2,1,1,5,10,0,0,2,14,37,99,689,0,1,0,1,0,0,0,0,0,12,5,4,5,0,0
22,26,99,109,137,47,15,0,0,0,0,0,0,33,169,1,0,10,3,0,0,0,0,2,3,0,0,0,0,30,0,0,1,769,63,0,8,0,0,0,0,30,13,0,13,0,0,0
1,1,2,11,3,0,45,0,0,0,0,0,0,0,0,0,0,6,3,0,0,0,0,0,2,0,0,0,0,1,0,0,0,9,413,0,1,0,0,0,0,5,2,0,6,0,0,0
0,0,1,0,0,1,0,120,0,10,56,15,0,0,3,0,4,0,0,11,39,3,4,0,0,2,3,61,1,0,0,0,0,0,1,1099,0,1,0,77,3,0,0,0,2,0,0,0
74,94,55,58,38,50,96,5,2,0,0,12,27,69,6,19,0,848,44,0,5,4,1,19,61,89,0,0,0,55,37,6,5,38,71,0,2565,0,0,0,0,40,55,65,98,2,0,0
0,0,0,0,0,0,0,0,0,82,4,2,0,0,0,0,1,0,0,99,1,0,2,0,0,0,59,11,1,0,0,0,0,0,0,1,0,3887,157,82,203,0,0,0,0,0,888,86
0,0,0,0,0,0,0,0,0,155,4,0,0,0,0,0,5,0,0,11,0,0,0,0,0,0,20,0,0,0,0,0,0,0,0,0,0,90,1211,3,0,0,0,0,0,0,28,140
0,0,1,0,0,0,0,36,1,109,343,33,1,0,0,1,10,0,0,12,22,5,5,0,4,0,98,61,1,0,0,0,0,0,0,149,0,26,6,1686,26,0,0,0,0,1,11,5
0,0,0,0,0,0,0,3,3,3,8,11,0,0,0,0,5,0,0,92,0,4,3,0,0,0,1,2,24,0,0,0,0,0,0,10,0,8,0,29,311,0,0,13,0,0,18,0
2,5,9,14,1,63,14,0,0,0,0,0,0,18,27,3,0,11,6,0,0,0,0,30,59,1,0,0,0,4,0,0,0,15,20,0,7,0,0,0,0,86,16,0,3,0,0,0
0,13,3,4,3,26,3,0,0,0,0,0,2,16,20,45,0,63,48,0,0,0,1,141,154,151,0,0,0,34,12,4,5,89,31,0,17,0,0,0,0,53,882,2,35,31,0,0
0,0,0,1,0,1,0,17,79,0,5,30,95,0,4,6,15,2,0,95,0,3,17,0,1,1,1,1,16,21,46,18,15,1,1,4,29,2,2,2,67,0,11,834,13,5,11,5
2,0,6,86,1,22,21,3,5,0,0,12,2,0,39,23,7,5,4,0,1,1,2,7,6,3,0,0,0,92,16,4,10,4,88,0,21,0,0,0,0,57,7,15,1629,1,0,0
0,0,1,0,3,0,0,0,6,0,8,0,9,10,1,10,0,27,10,0,0,0,15,42,4,79,10,0,0,6,3,1,2,0,0,0,3,0,0,0,0,3,58,0,0,898,4,1
0,0,0,0,0,2,0,0,2,13,11,16,8,0,0,0,2,0,0,30,2,2,10,0,0,0,39,5,4,0,1,0,0,0,0,1,0,496,45,15,87,0,0,37,0,0,1833,143
0,0,0,0,0,0,0,0,0,0,1,0,2,0,0,0,1,0,0,1,0,0,0,0,0,0,1,0,0,0,0,1,0,0,0,0,0,6,8,0,0,0,0,0,0,0,6,85
