0.6567,0.73891,0.44324,0.65699,0.40628,0.49648,0.64998,0.52151,0.76947,0.56716,0.53756,0.63625,0.63602,0.49766,0.38889,0.34261,0.56033,0.73546,0.52613,0.7897,0.60177,0.96959,0.87239,0.5013,0.62734,0.7543,0.72709,0.91055,0.87466,0.86412,0.72226,0.83988,0.53975,0.53274,0.44834,0.86865,0.82345,0.88102,0.84997,0.82511,0.37463,0.24856,0.58406,0.63806,0.78403,0.68493,0.7282,0.41296
0.71525
1406,38,122,311,158,12,111,0,0,0,0,0,0,8,6,0,0,54,0,0,0,0,0,1,1,0,0,0,0,0,0,0,0,51,14,0,24,0,0,0,0,4,1,0,1,0,0,0
36,2049,65,1,140,4,111,0,0,0,0,0,0,363,0,3,0,4,84,0,0,0,2,79,17,10,0,0,0,0,0,1,0,12,3,0,0,0,0,0,0,0,3,0,0,1,0,0
71,72,898,57,63,193,75,0,8,1,1,3,0,108,24,15,24,16,5,5,0,8,4,10,47,3,1,5,5,5,0,0,0,111,12,0,8,2,0,8,1,44,6,3,2,1,1,1
327,0,36,1358,21,17,39,0,0,0,0,0,0,1,63,0,0,21,0,0,0,0,0,1,0,0,0,0,0,13,0,0,0,102,115,0,18,0,0,0,0,7,1,0,48,1,0,0
30,16,19,7,453,1,2,0,0,0,0,0,0,5,0,0,0,1,1,0,0,0,0,0,0,0,0,0,0,1,0,0,0,18,0,0,0,0,0,0,0,0,1,0,0,0,0,0
24,17,226,48,17,1271,25,0,1,0,0,1,1,59,178,57,1,37,5,0,2,1,1,34,213,2,0,2,2,34,9,2,2,105,35,0,13,0,0,0,1,90,13,10,23,1,1,0
79,54,68,15,22,3,1441,0,0,0,0,0,0,15,0,0,0,5,36,0,0,0,0,0,9,3,0,0,0,2,0,0,0,4,30,0,6,0,0,0,0,7,0,0,0,0,0,0
0,0,0,0,0,1,0,194,0,0,3,6,0,0,1,0,1,0,0,0,1,0,0,0,0,0,0,0,0,0,0,0,0,0,0,10,0,0,0,0,0,0,1,0,0,0,1,0
0,0,1,0,0,0,0,6,4366,10,10,83,183,0,1,24,64,5,0,23,21,34,12,0,3,0,12,4,906,7,33,74,32,0,0,0,9,3,1,4,30,0,5,138,27,18,9,11
0,0,0,0,0,0,0,0,0,494,1,0,0,0,0,0,0,0,0,0,0,0,0,0,0,0,50,1,0,0,0,0,0,0,0,0,0,5,23,26,2,0,0,0,0,0,3,0
1,0,0,0,0,2,0,9,1,11,594,24,3,0,0,2,0,1,1,8,20,4,9,1,5,0,34,5,3,1,0,0,0,3,0,9,0,5,0,78,5,0,0,0,1,9,5,1
0,2,0,0,0,8,0,30,30,0,38,1039,37,0,0,11,5,0,2,10,6,5,2,4,10,1,3,4,10,15,14,11,2,1,1,14,0,2,0,12,64,1,1,81,1,3,6,0
0,0,1,0,0,2,0,0,23,0,7,24,1176,2,1,1,0,7,0,0,0,0,7,0,11,3,0,0,3,10,9,25,6,0,1,0,2,0,0,1,0,1,8,12,1,10,2,2
12,311,174,6,84,50,74,0,0,0,0,0,0,1385,5,4,0,116,114,0,0,0,1,256,100,8,0,0,0,1,0,0,1,109,26,0,15,0,0,0,0,35,9,0,0,11,0,0
3,0,6,13,2,13,0,0,0,0,0,0,0,0,574,0,0,0,0,0,0,1,0,0,0,0,0,0,0,46,0,0,2,25,3,0,0,0,0,0,0,8,1,0,9,1,0,0
0,0,3,0,0,10,0,0,2,0,0,0,0,0,3,431,2,1,0,1,0,0,0,4,19,3,0,0,0,1,11,25,12,0,1,0,3,0,0,0,0,2,3,1,2,0,0,0
0,0,0,0,0,1,0,0,9,0,1,5,1,0,0,14,808,1,0,8,2,17,3,0,0,2,0,0,32,1,5,4,2,0,0,0,1,0,0,5,20,0,0,9,5,1,0,0
12,23,24,10,5,67,15,0,3,0,1,0,0,108,7,12,1,3061,9,0,0,1,0,63,132,8,0,0,0,5,3,0,0,11,7,0,440,0,0,0,0,39,45,4,8,1,0,1
0,35,2,0,0,1,52,0,0,0,0,0,0,40,0,1,0,4,1329,0,0,1,0,71,31,117,0,0,0,0,0,0,0,1,20,0,1,0,0,0,0,2,31,0,0,2,0,0
0,0,0,0,0,0,0,2,0,0,1,15,0,0,0,0,9,0,0,1457,0,3,0,0,0,0,1,1,3,0,0,0,0,0,0,15,0,2,1,8,93,0,0,31,0,0,0,0
0,0,0,0,0,1,0,3,2,0,24,5,0,0,0,2,1,1,0,1,748,0,1,0,0,0,5,73,0,5,0,0,0,2,1,2,1,3,1,4,0,0,0,0,2,6,2,0
0,0,0,0,0,2,0,1,37,0,2,9,0,0,1,14,71,0,0,8,2,7237,24,0,0,0,0,5,133,1,4,2,1,0,0,1,0,0,0,0,5,0,0,5,8,2,1,0
1,7,1,1,4,4,3,1,1,0,0,7,10,12,2,5,23,10,3,6,8,8,1210,7,14,15,0,34,0,9,6,5,2,2,4,27,0,2,3,26,7,2,4,7,4,34,3,0
0,48,43,3,5,104,24,0,0,0,0,0,2,353,9,8,0,80,242,0,0,0,3,1538,642,304,0,1,0,1,1,1,3,64,24,0,13,0,0,0,0,91,155,0,3,69,0,0
0,56,120,1,4,544,65,0,3,0,2,2,7,219,15,179,2,103,191,0,0,2,13,666,2850,518,0,1,7,12,9,18,41,39,18,1,48,1,0,2,0,138,249,11,0,36,6,2
0,1,0,0,0,2,7,0,1,0,0,0,0,5,1,15,0,9,387,0,0,0,2,148,193,3948,0,0,0,4,0,4,8,0,13,0,4,0,0,0,0,6,176,0,0,182,0,0
0,0,0,0,0,0,0,0,0,74,31,0,1,0,0,0,0,0,0,0,0,0,0,0,0,0,706,2,0,0,0,0,0,0,0,0,0,8,12,16,1,0,0,0,0,5,10,14
0,0,1,0,0,0,0,2,1,15,34,20,0,0,0,2,11,2,0,6,379,7,23,2,0,0,5,2321,6,0,3,0,0,1,0,45,0,30,6,80,5,0,0,3,1,3,2,0
0,0,1,0,0,0,0,6,998,25,30,62,73,0,0,28,372,0,0,55,19,110,14,0,0,0,14,21,8248,4,25,32,13,0,0,2,3,16,13,27,199,0,0,66,7,8,11,10
22,7,45,84,47,51,89,1,4,0,0,33,33,6,333,8,1,3,29,1,1,1,6,6,16,29,0,0,3,2760,42,32,8,121,108,1,29,0,0,0,0,58,21,21,205,16,0,1
0,1,0,2,1,12,0,8,28,0,0,13,8,0,1,90,2,3,3,2,0,7,3,3,7,3,0,1,10,12,2109,327,66,4,2,1,16,0,0,0,1,2,5,55,20,2,0,0
0,5,11,1,2,14,4,3,102,0,1,49,247,5,5,255,9,12,6,3,2,5,17,10,31,5,0,0,25,63,553,3399,479,6,9,0,7,0,1,0,3,4,12,79,16,16,5,2
0,0,0,0,0,0,0,0,19,0,0,0,2,0,0,17,0,0,0,0,0,1,0,3,6,8,0,0,4,3,20,65,808,0,0,0,2,0,0,0,0,0,3,3,2,4,0,0
25,10,84,68,65,49,10,0,0,0,0,0,0,22,151,0,0,8,3,0,0,0,0,2,2,0,0,0,0,8,1,0,0,1025,33,0,4,0,0,0,0,15,12,0,6,0,0,0
0,0,4,12,1,1,16,0,0,0,0,0,0,0,2,0,0,1,1,0,0,0,0,0,2,0,0,0,0,4,0,0,0,3,460,0,1,0,0,0,0,2,0,0,1,0,0,0
0,0,0,0,0,1,1,81,0,4,16,34,0,0,0,0,3,1,0,11,12,1,9,0,1,0,2,18,0,2,0,0,0,2,0,1283,0,5,3,21,4,0,0,0,2,0,0,0
82,14,37,24,17,28,45,0,1,0,0,4,16,34,8,11,0,524,28,0,1,1,0,21,37,40,0,0,5,25,24,6,2,28,20,1,3484,0,0,0,1,23,37,41,42,1,0,0
0,0,0,0,0,0,0,0,0,66,0,2,0,0,0,0,2,0,0,59,0,0,1,0,0,0,25,1,1,0,0,0,0,0,0,0,0,4428,149,47,79,0,0,0,0,0,687,19
0,0,0,0,0,0,0,0,0,65,1,0,0,0,0,0,0,0,0,5,0,0,2,0,0,0,11,0,0,0,0,0,0,0,0,0,0,51,1490,4,0,0,0,0,0,0,7,31
0,1,4,0,0,2,0,8,0,91,283,71,1,1,0,0,12,1,1,18,16,5,8,0,2,0,66,49,2,0,0,0,0,1,0,55,0,27,9,1873,29,0,0,1,0,0,15,1
0,0,0,0,0,0,0,1,3,1,6,37,0,0,0,0,3,0,0,63,0,2,2,0,0,0,0,0,9,0,0,0,0,0,0,4,0,9,0,16,378,0,0,3,0,0,11,0
3,1,20,8,1,37,0,0,0,0,0,1,0,9,19,1,0,9,6,0,0,0,0,23,25,2,0,0,0,0,0,0,0,7,4,0,3,0,0,0,0,216,11,0,6,2,0,0
1,4,5,3,1,33,0,0,1,0,0,0,0,15,31,25,0,42,28,0,0,0,1,87,102,117,0,0,0,15,8,1,2,56,10,0,13,0,0,0,0,40,1202,3,30,12,0,0
0,0,0,0,1,2,0,15,29,0,1,62,42,0,3,5,10,0,0,75,1,0,3,0,1,0,0,0,13,15,25,12,1,0,0,4,24,3,0,0,41,1,5,1063,12,1,6,1
6,0,4,33,0,15,7,1,1,0,0,5,1,1,32,14,2,3,5,0,0,1,1,3,6,4,0,0,0,106,6,1,3,7,52,0,39,0,0,0,0,26,11,9,1797,0,0,0
0,1,1,1,1,2,1,0,0,0,10,0,1,7,0,4,0,16,7,0,0,0,3,25,7,81,7,0,0,3,0,0,1,3,0,0,0,0,0,0,0,5,26,0,0,1000,0,1
0,0,0,0,0,0,0,0,0,13,7,17,4,0,0,0,3,0,0,20,2,1,0,0,1,0,27,0,0,0,0,0,0,0,0,2,0,424,38,12,40,0,0,7,0,1,2138,47
0,0,0,0,0,0,0,0,0,1,0,0,0,0,0,0,0,0,0,0,0,0,0,0,0,0,2,0,0,0,0,0,0,0,0,0,0,0,3,0,0,0,0,0,0,0,4,102
