0.63455,0.70318,0.37764,0.62543,0.34656,0.44768,0.57354,0.34556,0.73524,0.51717,0.46226,0.62199,0.57698,0.41643,0.33189,0.29955,0.56087,0.69743,0.50947,0.76788,0.5817,0.96542,0.83772,0.46203,0.60667,0.73182,0.63627,0.87799,0.86723,0.82916,0.67203,0.79291,0.45154,0.48891,0.40771,0.83595,0.79364,0.8619,0.83784,0.80702,0.29661,0.15909,0.52622,0.57496,0.7472,0.60267,0.69323,0.24409
0.67481
1337,36,128,320,165,8,139,0,0,0,0,0,0,18,11,0,0,59,0,0,0,0,0,0,1,0,0,0,0,3,0,0,0,58,13,0,25,0,0,0,0,2,0,0,0,0,0,0
35,1971,73,0,160,4,121,0,0,0,0,0,0,385,0,2,0,6,82,0,0,1,3,79,20,17,0,0,0,1,1,0,0,18,2,0,3,0,0,0,0,0,4,0,0,0,0,0
99,75,750,70,72,200,105,0,10,1,0,1,1,107,35,19,28,16,6,8,0,4,5,21,42,5,1,6,3,8,2,0,1,99,11,0,14,3,0,7,4,72,5,5,2,1,2,1
327,0,37,1274,27,13,49,0,0,0,0,0,0,0,99,0,0,25,0,0,0,0,0,2,0,0,0,0,0,22,0,0,0,128,102,0,13,0,0,0,0,11,0,0,60,0,0,0
34,21,24,7,428,1,3,0,0,0,0,0,0,11,0,0,0,3,1,0,0,0,0,0,0,0,0,0,0,2,0,0,0,19,0,0,0,0,0,0,0,0,1,0,0,0,0,0
21,18,240,47,28,1138,39,0,1,0,0,1,1,54,212,62,1,40,4,0,2,2,3,31,191,4,0,0,2,44,6,1,2,120,29,0,26,0,0,0,0,146,17,11,19,1,0,0
83,62,75,16,33,3,1396,0,0,0,0,0,0,14,1,0,0,7,38,0,0,0,0,2,7,6,0,0,0,1,0,0,0,2,40,0,7,0,0,0,0,6,0,0,0,0,0,0
0,0,0,0,0,2,0,179,0,0,5,6,1,0,4,0,0,0,0,0,3,0,1,0,0,0,0,0,0,0,1,0,0,0,0,12,0,0,0,0,1,0,0,0,1,0,3,0
0,0,0,0,0,2,0,11,4260,3,11,76,220,0,0,32,56,6,0,13,10,31,13,0,1,1,11,2,905,6,42,88,73,0,1,0,6,0,3,3,42,1,2,156,29,21,10,22
0,0,0,0,0,0,0,0,0,467,1,0,0,0,0,0,0,0,0,0,0,0,0,0,0,0,71,1,0,0,0,0,0,0,0,0,0,6,25,25,3,0,0,0,0,0,4,2
0,1,1,0,0,1,0,17,1,15,545,27,3,2,0,2,0,1,0,5,31,6,14,2,5,0,49,10,1,0,0,0,0,1,0,7,0,7,0,79,7,0,0,0,1,9,4,1
0,1,3,0,0,6,0,62,43,0,48,905,49,0,0,7,9,1,2,14,7,7,4,3,6,1,2,3,16,14,23,22,3,0,1,21,2,3,0,21,79,1,3,85,1,1,7,0
0,0,1,0,0,3,0,0,32,0,6,29,1128,2,0,2,1,7,2,0,2,0,17,4,9,6,1,0,2,11,6,29,6,0,0,0,6,0,0,0,0,1,15,15,1,12,0,2
10,380,207,7,100,48,81,0,0,0,1,0,1,1161,6,6,0,156,115,0,0,0,2,255,119,12,0,1,0,3,0,0,2,122,25,0,12,0,0,0,0,32,17,0,0,26,0,0
4,0,7,13,2,25,2,0,0,0,0,0,0,0,538,0,0,0,0,0,0,1,0,0,0,0,0,0,0,53,0,0,1,30,5,0,1,0,0,0,0,10,1,0,13,1,0,0
0,1,1,1,0,15,1,0,3,0,0,0,0,2,0,402,2,0,0,0,1,0,1,0,22,2,0,0,0,2,16,38,14,0,1,0,3,0,0,0,0,2,6,1,2,1,0,0
0,0,0,0,0,1,0,0,12,0,2,5,0,0,0,22,774,1,0,13,1,13,8,0,2,2,0,0,44,0,5,3,3,0,0,0,0,0,0,7,21,0,0,12,5,1,0,0
10,26,32,16,9,72,23,1,3,0,0,0,2,131,11,16,0,2902,12,0,0,1,2,68,130,11,0,0,0,14,0,0,2,10,10,0,504,0,0,1,0,37,59,4,5,1,0,1
0,28,1,0,0,0,65,0,0,0,0,0,0,52,1,2,0,2,1237,0,0,0,0,91,42,135,0,0,0,0,0,0,2,1,29,0,5,0,0,0,0,7,40,0,0,1,0,0
0,0,0,0,0,0,0,2,2,1,1,13,0,0,0,0,7,0,0,1396,0,8,1,0,0,0,0,3,4,0,0,0,0,0,0,16,0,3,2,5,145,0,0,32,0,0,0,1
1,0,0,2,0,1,0,7,3,1,44,3,0,0,1,3,1,2,0,0,712,1,2,1,0,1,3,81,0,4,0,0,0,1,0,5,2,2,0,2,0,0,0,1,0,6,3,0
0,0,0,0,0,1,0,1,48,0,1,6,1,0,0,18,76,0,0,4,2,7230,20,0,0,0,0,5,135,0,4,2,2,0,0,2,0,0,0,0,6,0,0,4,6,2,0,0
1,10,2,1,4,4,3,2,1,1,2,12,13,9,5,11,22,8,3,10,12,12,1146,9,13,16,0,44,0,6,9,7,3,1,6,32,3,1,4,24,5,1,6,6,3,41,7,3
0,55,44,3,6,102,37,0,0,0,0,0,0,407,5,15,0,92,240,0,0,0,2,1369,613,314,0,0,0,7,0,4,6,71,23,0,14,0,0,0,0,109,151,0,1,144,0,0
0,67,103,3,6,585,86,0,4,0,5,3,7,288,14,218,2,112,190,0,0,0,13,624,2582,535,0,2,6,16,3,22,56,49,20,1,48,1,0,1,0,161,296,14,0,45,5,8
0,5,0,0,0,1,9,0,0,0,0,0,1,4,2,18,0,9,378,0,0,0,3,175,207,3815,0,0,0,4,0,2,11,1,20,0,2,0,0,0,0,1,193,0,0,255,0,0
0,0,0,0,0,0,0,0,0,101,38,0,4,0,0,0,0,0,0,0,1,0,0,0,0,0,649,4,0,0,0,0,0,0,0,0,0,8,12,14,1,0,0,0,0,8,14,26
0,0,1,1,0,0,0,11,0,18,68,22,0,1,2,6,8,1,0,8,362,9,22,0,3,0,10,2238,8,1,1,0,0,0,0,57,0,31,6,98,9,1,0,1,6,3,3,0
0,0,1,0,0,0,0,11,1152,13,21,62,79,0,0,25,347,0,0,47,13,123,14,0,0,0,16,29,8034,4,29,38,13,0,0,0,5,16,11,18,242,0,1,95,6,6,17,24
32,2,48,82,73,70,132,6,4,0,0,25,28,3,358,15,1,11,24,0,5,0,3,23,9,48,0,0,1,2417,50,33,14,119,166,0,42,0,0,0,2,87,31,29,269,20,0,0
0,0,2,1,0,16,1,20,34,0,0,14,15,1,2,98,4,4,5,1,0,10,4,2,5,6,0,0,14,20,1963,374,95,5,1,0,13,0,0,0,1,3,5,66,19,6,0,0
0,7,12,0,3,26,7,11,122,0,2,45,319,5,10,253,9,11,6,1,3,8,27,7,27,8,0,1,32,57,649,3021,584,1,8,0,7,0,2,0,4,8,26,106,25,14,7,2
0,0,0,0,0,1,0,0,20,0,0,0,3,0,0,23,0,0,1,1,0,0,3,0,3,8,0,0,9,4,28,94,750,0,0,0,0,0,0,0,1,1,8,3,3,6,0,0
29,12,99,58,85,57,16,0,0,0,0,0,0,26,176,0,0,5,3,0,0,0,0,3,2,1,0,0,0,18,2,0,0,926,33,0,5,0,0,0,0,30,9,0,8,0,0,0
1,0,3,16,1,0,27,0,0,0,0,0,0,0,0,0,0,0,1,0,0,0,0,1,2,0,0,0,0,4,0,0,0,5,444,0,1,0,0,0,0,2,0,0,3,0,0,0
0,0,1,1,0,2,1,143,0,7,26,20,0,0,2,0,1,1,0,13,24,5,12,0,1,0,2,42,0,2,0,0,0,0,0,1172,0,3,2,26,4,0,0,1,2,0,1,0
75,16,53,40,30,30,70,0,1,0,0,3,16,48,6,10,0,593,25,0,2,2,0,22,36,46,0,0,9,26,23,10,4,28,20,1,3292,0,0,0,0,34,40,55,47,0,0,0
0,0,0,0,0,0,0,0,0,65,0,2,0,0,0,0,1,0,0,79,0,0,0,0,0,0,49,1,1,0,0,0,0,0,0,1,0,4269,151,44,96,0,0,0,0,0,765,42
0,0,0,0,0,0,0,0,0,99,0,0,0,0,0,0,0,0,0,4,0,0,1,0,0,0,17,0,0,0,0,0,0,0,0,0,0,75,1395,5,1,0,0,0,0,0,8,62
0,0,1,0,0,1,0,14,0,97,336,65,1,1,0,1,10,0,0,21,29,10,7,0,3,0,92,74,3,0,0,0,1,1,0,66,0,40,7,1702,52,0,0,1,0,1,13,3
0,0,0,0,0,0,0,2,3,2,4,29,1,0,0,0,2,0,0,80,0,3,1,0,1,0,1,1,22,0,0,0,0,0,0,5,0,12,0,11,350,0,0,5,0,0,13,0
3,3,20,16,2,43,8,0,0,0,0,1,0,17,28,1,0,10,3,0,0,0,0,27,34,3,0,0,1,2,0,0,0,12,9,0,4,0,0,0,0,141,17,0,8,1,0,0
0,5,7,3,0,35,3,0,0,0,0,0,0,21,44,31,1,44,38,0,0,0,1,105,98,124,0,0,0,12,4,1,2,56,9,0,22,0,0,0,0,72,1104,0,31,15,0,0
0,0,1,1,0,5,0,13,34,0,1,58,54,0,6,6,11,6,0,80,1,0,7,0,1,0,1,1,11,16,35,13,5,0,0,4,26,3,1,2,48,1,7,1001,10,2,1,4
5,0,8,38,0,18,10,5,1,0,0,2,0,1,41,13,3,7,4,0,0,1,1,7,8,3,0,0,0,108,18,6,5,7,61,0,35,0,0,0,0,28,8,18,1732,0,0,0
0,1,0,0,1,0,0,0,0,0,4,0,2,17,1,3,0,13,8,0,0,0,3,30,10,83,6,0,0,3,1,1,1,3,0,0,0,0,0,0,0,4,26,1,0,992,0,0
0,0,0,0,0,2,0,0,0,11,6,20,4,0,0,0,3,0,0,20,1,1,2,0,1,0,38,0,1,0,0,0,0,0,0,0,0,469,37,14,56,0,0,13,0,3,2018,84
0,0,0,0,0,0,0,0,0,1,1,0,1,0,0,0,0,0,0,0,0,0,0,0,0,0,1,0,0,0,0,1,0,0,0,0,0,1,7,0,0,0,0,0,0,0,6,93
