0.63542,0.69929,0.37078,0.63513,0.34882,0.4623,0.57084,0.34823,0.73008,0.51101,0.46082,0.61915,0.57021,0.42049,0.32679,0.31202,0.54635,0.69672,0.50442,0.77364,0.57373,0.96655,0.83758,0.46399,0.60265,0.72945,0.63941,0.88035,0.86719,0.8209,0.67606,0.79963,0.45494,0.49064,0.41706,0.85286,0.79791,0.8656,0.83413,0.79972,0.30435,0.16159,0.52159,0.58255,0.74784,0.6051,0.69399,0.24462
0.67567
1349,36,133,300,160,11,145,0,0,0,0,0,0,21,11,0,0,60,0,0,0,0,0,0,1,0,0,0,0,2,0,0,0,57,13,0,21,0,0,0,0,3,0,0,0,0,0,0
41,1965,76,0,157,3,129,0,0,0,0,0,0,383,0,2,0,5,75,0,0,1,3,79,24,13,0,0,0,3,0,1,1,16,1,0,4,0,0,0,0,0,6,0,0,0,0,0
100,76,746,69,77,210,99,0,10,1,1,2,1,101,35,20,29,21,4,6,0,6,5,20,37,6,1,6,4,11,3,0,2,99,13,0,12,3,0,8,2,64,6,5,2,1,2,1
331,1,38,1262,33,10,51,0,0,0,0,0,0,1,92,0,0,25,0,0,0,0,0,1,0,0,0,0,0,25,0,0,0,135,102,0,16,0,0,0,0,9,0,0,57,0,0,0
34,26,20,7,428,1,3,0,0,0,0,0,0,9,0,0,0,3,1,0,0,0,0,0,0,0,0,0,0,2,0,0,0,19,0,0,1,0,0,0,0,0,1,0,0,0,0,0
20,19,244,51,25,1171,41,0,2,0,1,1,2,54,206,54,0,43,4,0,1,2,3,30,189,5,0,0,1,43,6,2,1,114,29,0,24,0,0,0,1,128,14,10,21,1,1,0
77,61,78,18,36,4,1394,0,0,0,0,0,0,14,0,0,0,5,42,0,0,0,0,2,8,7,0,0,0,1,0,0,0,2,35,0,7,0,0,0,0,8,0,0,0,0,0,0
0,0,0,0,0,2,0,187,0,0,6,2,0,0,3,0,1,0,0,0,2,0,0,0,1,0,0,0,0,0,2,0,0,0,0,10,0,0,0,1,0,0,0,0,0,0,2,0
0,0,0,0,0,2,0,11,4252,4,11,77,227,0,0,36,72,5,0,14,25,33,13,0,2,1,12,2,900,10,41,76,66,0,0,0,10,1,2,3,38,0,1,149,26,16,9,22
0,0,0,0,0,0,0,0,0,464,2,0,0,0,0,0,0,0,0,0,0,0,0,0,0,0,69,1,0,0,0,0,0,0,0,0,0,7,24,30,3,0,0,0,0,0,3,2
0,2,0,0,0,3,0,23,0,14,541,25,3,0,0,2,0,1,0,6,27,4,10,1,6,0,46,10,2,0,0,0,0,1,0,6,0,8,0,86,8,0,0,1,0,14,4,1
0,1,0,0,0,6,0,64,53,0,53,899,52,2,0,7,8,1,4,14,9,8,4,3,6,1,3,2,12,11,22,22,3,0,1,16,2,3,0,17,75,2,3,85,1,3,8,0
0,0,0,0,0,2,0,0,31,0,5,26,1137,2,0,4,0,7,1,0,0,0,16,2,10,8,0,0,3,14,3,26,6,0,0,0,6,0,0,1,0,1,16,15,1,10,1,4
12,394,207,5,106,48,84,0,0,0,1,0,1,1137,5,6,0,156,114,0,0,0,2,248,131,12,0,0,0,2,0,0,1,121,21,0,16,0,0,0,0,34,14,0,0,29,0,0
3,0,7,14,2,27,1,0,0,0,0,0,0,0,533,0,0,0,0,0,0,1,0,0,0,0,0,0,0,58,0,0,1,32,6,0,0,0,0,0,0,8,1,0,12,1,0,0
0,0,2,1,0,10,0,0,3,0,0,0,0,1,0,410,2,1,0,0,1,0,0,1,26,0,0,0,0,2,15,33,14,0,1,0,2,0,0,0,0,2,8,2,2,1,0,0
0,0,0,0,0,1,0,0,16,0,2,6,0,0,0,25,778,1,0,13,1,11,9,0,2,2,0,0,41,0,5,2,3,0,0,0,0,0,0,7,18,0,0,9,4,1,0,0
8,24,34,12,7,76,26,0,2,0,1,0,1,130,11,19,0,2929,10,0,0,1,2,69,117,9,0,0,0,11,0,1,2,11,10,0,486,0,0,1,0,39,66,4,5,1,0,1
0,26,1,0,0,1,66,0,0,0,0,0,0,51,1,2,0,3,1254,0,0,0,0,77,43,133,0,0,0,0,0,0,2,1,27,0,3,0,0,0,0,6,43,0,0,1,0,0
0,0,0,0,0,0,0,1,2,1,1,11,0,0,0,0,6,0,0,1391,0,7,1,0,0,0,1,2,3,0,0,0,0,0,0,18,0,1,4,7,148,0,0,36,0,0,0,1
1,0,0,1,0,0,0,6,2,1,43,4,0,0,1,2,1,1,0,1,712,1,1,0,2,1,4,84,0,3,1,0,0,1,0,4,1,2,0,1,0,0,1,1,1,7,4,0
0,0,1,0,0,1,0,1,48,0,1,7,1,0,1,15,64,0,0,4,2,7223,24,0,1,0,0,7,146,0,7,2,2,0,0,2,0,0,0,0,5,0,0,3,6,2,0,0
2,10,3,1,3,3,3,2,1,1,2,10,12,11,5,11,23,7,2,9,11,12,1150,7,7,17,0,51,1,8,10,5,4,1,6,30,2,2,4,25,6,1,6,7,4,37,6,3
0,48,48,1,7,102,40,0,0,0,0,0,0,392,4,12,0,88,271,0,0,0,2,1327,634,326,0,0,0,10,0,3,6,71,19,0,14,0,0,0,0,116,153,0,1,139,0,0
1,67,108,3,5,552,86,0,4,0,2,3,7,256,12,221,1,117,197,0,0,1,13,639,2589,547,0,3,5,16,6,23,56,50,18,1,45,1,0,0,0,159,314,10,1,47,7,8
0,7,0,0,0,0,12,0,0,0,0,0,1,5,3,19,0,10,391,0,0,0,2,157,195,3861,0,0,0,3,0,1,10,1,17,0,2,0,0,0,0,2,170,0,0,247,0,0
0,0,0,0,0,1,0,0,0,100,34,0,4,0,0,0,0,0,0,0,1,0,0,0,0,0,649,4,0,0,0,0,0,0,0,0,0,11,13,17,1,0,0,0,0,9,12,24
0,0,0,1,0,1,0,7,0,17,64,26,0,0,2,5,8,1,0,3,366,11,22,0,3,0,9,2244,9,3,1,0,0,0,0,48,0,32,4,105,13,2,0,1,3,2,3,0
0,0,0,0,0,0,0,13,1187,20,17,62,74,0,0,22,372,0,0,42,22,114,16,0,0,0,14,26,8005,1,23,42,12,0,0,0,6,19,8,16,235,0,0,92,5,8,17,22
32,3,48,80,65,76,128,5,3,0,0,29,29,5,379,9,1,10,22,0,3,0,4,14,11,46,0,0,2,2443,45,33,17,114,155,0,39,0,0,0,2,81,27,32,274,16,0,0
0,1,2,1,1,11,0,20,37,0,0,10,14,1,4,91,7,4,5,1,1,10,5,0,4,5,0,0,11,20,1991,361,96,4,1,0,11,0,0,0,1,2,8,64,17,8,0,0
0,2,11,0,4,27,4,13,110,0,2,44,331,4,7,226,13,10,8,3,6,8,23,8,31,10,0,1,36,67,659,3053,565,1,8,0,7,0,1,0,2,5,27,96,25,18,5,2
0,0,0,0,0,0,0,0,19,0,0,0,4,0,0,24,0,0,0,1,0,1,4,0,4,5,0,0,8,4,29,104,742,0,0,0,1,0,0,0,0,1,7,1,4,7,0,0
29,14,106,59,82,51,15,0,0,0,0,0,0,25,181,1,0,6,3,0,0,0,0,3,4,0,0,0,0,15,0,0,0,917,34,0,8,0,0,0,0,33,8,0,9,0,0,0
0,0,2,14,1,0,30,0,0,0,0,0,0,0,0,0,0,1,1,0,0,0,0,0,3,0,0,0,0,4,0,0,0,5,445,0,1,0,0,0,0,2,0,0,2,0,0,0
1,0,1,0,0,2,0,153,0,9,23,25,0,0,1,0,1,1,1,12,21,4,14,0,2,0,1,34,1,2,0,0,0,0,0,1165,0,4,1,30,5,0,0,0,2,0,1,0
72,19,52,36,25,29,68,0,0,0,0,5,18,45,9,14,0,602,27,0,3,2,0,14,41,51,0,0,6,27,21,9,5,22,22,1,3289,0,0,0,0,34,45,53,46,0,0,1
0,0,0,0,0,0,0,0,0,61,0,2,0,0,0,0,2,0,0,75,0,0,0,0,0,0,47,2,1,0,0,0,0,0,0,1,0,4270,167,41,99,0,0,0,0,0,762,36
0,0,0,0,0,0,0,0,0,98,0,0,0,0,0,0,0,0,0,4,0,0,0,0,0,0,20,0,0,0,0,0,0,0,0,0,0,69,1403,3,1,0,0,0,0,0,12,57
0,0,2,0,0,1,0,10,1,106,346,71,1,1,0,1,12,0,0,19,26,8,8,0,5,0,92,67,3,0,0,0,1,1,0,56,0,35,7,1705,47,0,0,0,0,1,17,3
0,0,0,0,0,0,0,2,3,0,5,32,1,0,0,0,3,0,0,79,0,2,2,0,0,0,1,0,17,0,0,0,0,0,0,4,0,10,0,13,357,0,0,4,0,0,13,0
3,3,23,15,1,43,7,0,0,0,0,1,0,12,28,1,0,10,3,0,0,0,0,32,34,2,0,0,0,2,0,0,0,9,8,0,5,0,0,0,0,143,20,0,7,2,0,0
0,4,9,2,0,28,3,0,0,0,0,0,0,22,47,29,1,46,34,0,0,0,1,98,104,138,0,0,1,14,3,2,2,56,12,0,14,0,0,0,0,70,1099,0,31,18,0,0
0,0,0,0,0,4,0,15,37,0,2,47,62,1,3,6,13,4,0,80,0,0,5,0,0,0,1,1,12,17,34,14,4,0,0,3,30,3,0,1,52,2,6,995,14,2,2,5
7,0,9,34,0,11,7,4,1,0,0,2,0,2,46,16,3,7,4,0,0,1,1,4,8,4,0,0,0,121,17,2,6,7,63,0,37,0,0,0,0,23,8,18,1729,0,0,0
0,1,0,0,2,1,0,0,0,0,3,0,3,16,1,2,0,13,8,0,0,0,7,24,10,83,7,0,0,1,1,0,1,1,0,0,0,0,0,0,0,4,28,1,0,996,0,0
0,0,1,0,0,1,0,0,0,10,4,23,7,0,0,0,3,0,0,21,1,1,1,0,1,0,37,2,1,0,0,0,0,0,0,1,0,450,35,14,54,0,1,14,0,1,2032,88
0,0,0,0,0,0,0,0,0,1,1,0,1,0,0,0,0,0,0,0,0,0,0,0,0,0,1,0,0,0,0,1,0,0,0,0,0,2,9,0,0,0,0,0,0,0,5,91
