0.71869,0.77444,0.50195,0.69584,0.51007,0.54514,0.68747,0.71331,0.79908,0.67662,0.64428,0.70375,0.6917,0.56534,0.47593,0.46356,0.63748,0.75644,0.60094,0.82343,0.70804,0.97251,0.90042,0.55628,0.6622,0.78676,0.79522,0.93623,0.88395,0.88162,0.76216,0.86057,0.60489,0.60349,0.52889,0.89523,0.85068,0.8965,0.88657,0.85148,0.4721,0.37482,0.64962,0.71214,0.81389,0.76201,0.77527,0.73103
0.76152
1561,38,128,264,100,13,90,0,0,0,0,0,0,13,4,0,0,50,0,0,0,0,0,0,0,0,0,0,0,0,0,0,0,31,6,0,21,0,0,0,0,3,0,0,1,0,0,0
31,2194,54,0,110,4,90,0,0,0,0,0,0,318,0,1,0,6,66,0,0,0,2,66,20,8,0,0,0,0,0,1,0,11,2,0,0,0,0,0,0,0,4,0,0,0,0,0
72,68,1031,58,41,178,69,0,4,1,0,2,1,82,20,12,17,13,3,4,0,6,2,13,62,3,1,5,1,3,1,0,0,84,10,0,7,2,0,9,3,29,3,2,3,1,1,0
288,1,38,1487,18,7,38,0,0,0,0,0,0,0,33,0,0,17,0,0,0,0,0,1,0,0,0,0,0,18,0,0,0,90,85,0,13,0,0,0,0,7,1,0,47,0,0,0
16,14,16,5,481,1,1,0,0,0,0,0,0,3,0,0,0,1,1,0,0,0,0,0,0,0,0,0,0,2,0,0,0,14,0,0,0,0,0,0,0,0,0,0,0,0,0,0
13,20,191,49,16,1425,29,0,1,0,0,1,0,44,154,39,2,44,5,1,1,1,2,34,199,2,0,0,1,39,11,6,1,87,27,0,15,0,0,0,1,56,17,7,21,1,1,0
73,49,68,7,16,5,1487,0,0,0,0,0,0,12,0,0,0,5,31,0,0,0,0,1,10,1,0,0,0,2,0,0,0,3,24,0,4,0,0,0,0,1,0,0,0,0,0,0
0,0,0,0,0,1,0,209,0,0,0,4,0,0,0,0,0,0,0,0,0,0,0,0,0,0,0,0,0,0,0,0,0,0,0,5,0,0,0,0,0,0,0,0,0,0,0,0
0,0,1,0,0,2,0,2,4510,9,12,77,153,0,2,14,46,4,0,21,13,33,15,1,2,0,11,2,855,7,34,78,27,0,0,0,11,3,5,8,28,0,4,120,23,17,12,7
0,0,0,0,0,0,0,0,0,544,2,0,0,0,0,0,0,0,0,0,0,0,0,0,0,0,29,0,0,0,0,0,0,0,0,0,0,5,10,13,1,0,0,0,0,0,1,0
0,0,1,1,0,0,0,2,0,7,681,15,2,0,0,0,0,1,1,4,14,3,7,1,1,0,26,5,2,0,1,0,0,0,0,6,0,4,0,54,4,0,0,1,1,7,3,0
0,3,3,0,0,11,0,10,26,0,23,1164,29,1,0,5,1,0,2,7,5,4,1,2,5,2,1,3,5,16,11,9,1,1,1,19,0,4,0,14,40,1,0,47,0,2,7,0
0,1,0,0,0,3,0,0,28,0,5,13,1234,1,1,1,0,3,1,0,0,0,3,2,4,1,0,0,2,5,7,17,1,2,0,0,2,0,0,0,0,0,8,9,0,2,2,0
8,266,151,9,55,55,61,0,0,0,0,0,0,1592,1,2,0,103,98,0,0,0,2,234,114,5,0,0,0,0,0,1,0,88,15,0,14,0,0,0,0,18,9,0,0,6,0,0
0,0,6,11,1,14,0,0,0,0,0,0,0,0,603,0,1,0,0,0,0,0,0,0,0,0,0,0,0,38,0,0,0,20,3,0,0,0,0,0,0,4,1,0,5,0,0,0
0,0,2,1,0,7,0,0,1,0,0,0,0,1,1,458,0,0,0,0,0,0,0,1,17,1,0,0,0,1,9,21,8,2,0,0,3,0,0,0,0,0,3,1,2,0,0,0
0,0,0,0,0,3,0,0,6,0,0,10,0,0,0,6,830,1,0,10,1,12,0,0,1,2,0,1,35,0,4,1,1,0,0,1,0,1,0,2,9,0,0,11,6,1,2,0
8,19,22,8,6,53,15,0,1,0,0,0,2,82,10,8,1,3202,9,0,0,0,0,46,118,10,0,0,0,3,2,0,1,12,7,0,395,0,0,0,0,30,48,0,7,0,1,0
0,20,2,0,0,0,50,0,0,0,0,0,0,36,0,0,0,5,1408,0,0,0,0,49,31,103,0,0,0,0,0,0,0,2,14,0,1,0,0,0,0,0,18,0,0,2,0,0
0,0,0,0,0,0,0,1,1,1,0,10,1,0,0,0,9,0,0,1497,0,4,1,0,0,0,0,1,5,0,0,0,0,0,0,15,0,4,3,6,63,0,0,20,0,0,0,0
0,0,1,0,0,1,0,1,1,0,19,2,0,0,0,1,1,1,0,0,793,0,1,0,0,0,3,48,0,3,1,0,0,0,0,3,1,1,0,5,0,1,0,0,1,5,2,0
0,0,1,1,0,0,0,0,24,0,1,10,0,0,0,11,56,0,0,6,0,7287,20,0,1,0,0,1,131,1,4,2,2,0,0,1,0,0,0,0,5,0,0,4,5,2,0,0
1,5,1,2,3,4,2,1,1,1,1,7,9,13,2,5,15,7,4,7,3,6,1293,6,5,12,0,27,0,4,3,3,4,1,3,21,1,2,3,23,3,1,1,4,2,19,3,0
0,43,35,4,4,107,18,0,0,0,0,0,3,365,6,9,0,80,204,0,0,0,2,1789,569,273,0,0,0,2,0,0,3,63,16,0,9,0,0,0,0,67,117,0,0,46,0,0
1,49,122,1,4,488,59,0,2,0,1,1,7,173,5,141,0,113,160,0,0,1,9,661,3215,456,0,1,7,12,6,27,38,36,9,0,36,0,0,0,0,99,210,15,2,27,7,0
0,2,1,0,0,2,6,0,0,0,0,0,1,7,1,6,0,7,270,0,0,1,3,140,223,4147,0,0,0,3,0,3,4,1,5,0,2,0,0,0,0,6,142,0,0,133,0,0
0,0,0,0,0,0,0,0,0,43,19,0,2,0,0,0,0,0,0,0,0,0,0,0,0,0,765,2,0,0,0,0,0,0,0,0,0,10,9,16,1,0,0,0,0,4,7,2
0,0,0,0,0,1,0,0,0,9,10,24,0,0,0,1,10,1,0,8,247,7,17,1,0,0,5,2540,5,0,1,0,0,0,0,25,0,35,3,57,4,1,0,0,1,1,2,0
0,0,1,0,0,0,0,3,884,25,17,61,63,0,0,10,279,1,0,46,7,105,11,0,0,0,8,24,8531,3,16,49,9,0,0,2,5,8,13,57,171,0,0,64,6,7,20,6
17,3,22,85,26,42,79,0,5,0,0,23,21,6,256,5,1,4,21,1,2,2,1,9,15,22,0,0,3,3061,44,27,5,114,83,0,18,0,0,0,1,37,24,12,165,19,1,0
0,1,2,0,1,12,0,5,20,0,0,15,6,0,2,43,2,1,0,3,1,6,1,4,7,6,0,0,8,17,2256,293,45,3,2,0,16,0,0,0,0,0,2,33,15,2,0,0
1,0,10,3,2,23,5,1,82,0,1,36,206,1,0,168,5,8,7,3,3,3,16,9,31,7,0,0,26,67,467,3771,394,8,5,0,5,0,3,0,6,4,11,56,14,10,5,0
0,0,0,0,0,0,0,0,10,0,0,0,0,1,1,8,0,0,0,0,0,0,0,1,4,2,0,0,9,2,19,56,842,0,0,0,0,0,0,0,1,0,6,2,2,4,0,0
19,11,83,53,40,39,9,0,0,0,0,0,0,18,93,0,0,8,2,0,0,0,0,3,5,1,0,0,0,16,0,0,0,1140,29,0,2,0,0,0,0,13,9,0,10,0,0,0
1,0,0,10,1,1,13,0,0,0,0,0,0,0,0,0,0,1,1,0,0,0,0,0,1,0,0,0,0,1,0,0,0,3,476,0,1,0,0,0,0,0,0,0,1,0,0,0
0,0,1,1,0,1,1,43,0,2,15,28,0,0,1,0,1,0,1,9,9,0,6,0,0,0,2,14,1,2,0,0,0,0,1,1350,0,5,1,18,2,0,0,0,1,0,1,0
52,19,29,26,16,30,34,0,2,0,0,1,15,22,7,5,0,476,17,0,2,1,0,24,44,38,0,0,2,14,25,4,0,19,16,0,3669,0,0,0,0,8,22,39,35,0,0,0
0,0,0,0,0,0,0,0,0,33,2,1,0,0,0,0,3,0,0,45,0,1,1,0,0,0,30,1,0,0,0,0,0,0,0,1,0,4686,107,39,59,0,0,0,0,0,556,1
0,0,0,0,0,0,0,0,0,47,2,0,0,0,0,0,0,0,0,5,0,0,1,0,0,0,7,0,0,0,0,0,0,0,0,0,0,59,1532,5,0,0,0,0,0,0,5,4
0,2,3,1,0,2,0,4,0,75,235,49,1,0,0,0,8,0,0,19,19,8,9,0,1,0,51,37,2,0,0,0,0,0,0,45,0,23,7,2018,21,0,0,2,0,0,10,1
0,0,0,0,0,0,0,0,2,0,3,35,1,0,0,0,1,0,0,28,0,1,1,0,0,0,0,0,8,0,0,0,0,0,0,3,0,6,0,12,440,0,0,1,0,0,6,0
1,0,11,9,0,27,0,0,0,0,0,0,0,4,14,0,0,7,1,0,0,0,0,22,27,2,0,0,0,0,1,0,0,5,6,0,2,0,0,0,0,259,9,0,5,2,0,0
0,3,13,4,0,35,0,0,1,0,0,0,0,15,16,16,0,36,24,0,0,0,1,69,107,109,0,0,0,11,6,1,1,40,9,0,13,0,0,0,0,24,1296,1,30,7,0,0
0,1,0,0,0,2,0,11,28,0,0,44,21,0,3,1,10,0,0,80,0,0,4,0,2,0,0,0,12,13,21,10,1,1,0,9,18,3,0,0,34,0,1,1138,7,0,2,0
9,0,3,37,1,13,5,0,4,0,0,4,0,1,31,11,2,6,3,0,0,0,0,1,5,6,0,0,0,104,9,2,4,6,46,0,29,0,0,0,0,16,11,5,1828,0,0,0
0,1,1,0,1,2,2,0,0,0,4,0,2,5,0,1,0,21,3,0,0,0,2,25,9,52,7,0,0,2,1,0,0,2,0,0,0,0,0,0,0,6,18,0,0,1047,0,0
0,0,0,0,0,0,0,0,0,6,4,17,4,0,0,0,1,0,0,14,0,1,2,1,0,0,15,1,0,0,0,0,0,0,0,2,0,366,29,14,35,0,0,4,0,0,2270,18
0,0,0,0,0,0,0,0,0,1,0,0,0,0,0,0,0,0,0,0,0,0,0,0,0,0,1,0,0,0,0,0,0,0,0,0,0,0,3,0,0,0,0,0,0,0,1,106
