0.66025,0.7429,0.43707,0.65699,0.39982,0.50568,0.65229,0.52267,0.76764,0.56483,0.53832,0.64474,0.63124,0.4926,0.38404,0.34733,0.55981,0.73095,0.52148,0.7911,0.5992,0.9709,0.8722,0.50554,0.62583,0.75266,0.72832,0.91214,0.87426,0.86158,0.71585,0.83785,0.53657,0.53497,0.44519,0.86437,0.82022,0.87749,0.85395,0.82795,0.37095,0.24407,0.58954,0.63369,0.78346,0.69034,0.72093,0.41803
0.71429
1407,35,127,314,159,10,109,0,0,0,0,0,0,8,8,0,0,54,0,0,0,0,0,0,1,0,0,0,0,1,0,0,0,49,12,0,23,0,0,0,0,4,1,0,1,0,0,0
37,2066,66,0,134,3,107,0,0,0,0,0,0,363,0,1,0,3,84,0,0,0,1,71,20,11,0,0,0,0,0,0,1,11,4,0,1,0,0,0,0,0,3,0,0,1,0,0
70,70,896,52,70,190,77,0,7,1,1,2,1,109,23,18,24,14,5,3,0,5,4,11,53,3,1,5,4,6,1,0,0,107,12,0,9,1,0,9,3,45,6,4,2,1,1,1
323,0,40,1358,21,16,38,0,0,0,0,0,0,0,68,0,0,24,0,0,0,0,0,1,0,0,0,0,0,13,0,0,0,101,116,0,19,0,0,0,0,7,0,0,44,0,0,0
27,16,19,8,455,1,2,0,0,0,0,0,0,5,0,0,0,1,1,0,0,0,0,0,0,0,0,0,0,1,0,0,0,18,0,0,0,0,0,0,0,0,1,0,0,0,0,0
19,19,230,44,20,1291,28,0,1,0,1,1,2,51,183,53,1,43,6,0,2,1,0,36,201,1,0,1,2,34,8,4,3,101,32,0,16,0,0,0,1,85,13,8,21,0,1,0
82,53,70,16,22,6,1437,0,0,0,0,0,0,13,0,0,0,7,35,0,0,0,0,0,9,3,0,0,0,2,0,0,0,4,28,0,6,0,0,0,0,6,0,0,0,0,0,0
0,0,0,0,0,1,0,196,0,0,2,6,0,0,1,0,1,0,0,0,2,0,0,0,0,0,0,0,0,0,0,0,0,0,0,8,0,0,0,0,0,0,0,0,0,1,1,0
0,0,1,0,0,1,0,5,4351,12,8,85,191,0,1,25,68,5,0,21,25,30,11,0,2,0,11,3,906,8,33,74,32,0,0,0,7,3,0,5,31,0,5,148,28,17,6,10
0,0,0,0,0,0,0,0,0,501,1,0,0,0,0,0,0,0,0,0,0,0,0,0,0,0,48,1,0,0,0,0,0,0,0,0,0,7,21,23,1,0,0,0,0,0,2,0
1,0,1,0,0,2,0,8,0,11,597,24,3,0,0,1,1,1,1,6,22,3,10,0,3,0,32,6,3,1,0,0,0,3,0,9,0,7,0,77,7,0,0,1,1,7,5,1
0,2,1,0,0,9,0,32,36,0,42,1029,41,1,0,7,4,0,2,14,6,4,2,3,8,1,2,4,9,16,12,11,3,1,2,18,1,2,0,14,60,1,0,76,1,3,6,0
0,0,1,0,0,2,0,0,22,0,7,24,1176,3,1,3,0,9,1,0,0,0,10,0,7,4,0,0,2,10,6,26,5,0,1,0,4,0,0,0,0,0,8,14,2,8,1,1
12,307,177,6,90,49,72,0,0,0,0,0,0,1364,5,5,0,112,114,0,0,0,1,261,113,7,0,0,0,1,0,0,1,111,28,0,16,0,0,0,0,35,10,0,0,10,0,0
3,0,6,14,3,15,0,0,0,0,0,0,0,0,568,0,0,0,0,0,0,1,0,0,0,0,0,0,0,44,0,0,2,26,4,0,0,0,0,0,0,9,1,0,10,1,0,0
0,0,2,0,0,11,0,0,2,0,0,0,0,0,4,430,1,1,0,1,0,0,0,3,18,4,0,0,0,1,12,26,12,0,1,0,3,0,0,0,0,1,4,1,2,0,0,0
0,0,0,0,0,1,0,0,10,0,1,5,0,0,0,12,805,1,0,9,2,17,3,0,1,2,0,0,33,1,5,4,3,0,0,0,1,0,0,5,20,0,0,10,5,1,0,0
12,21,22,12,5,65,16,0,3,0,0,0,0,112,8,12,1,3051,12,0,0,1,1,59,128,10,0,0,0,6,3,0,1,12,7,0,448,0,0,0,0,41,46,2,7,1,0,1
0,32,2,0,0,1,52,0,0,0,0,0,0,37,0,2,0,4,1323,0,0,1,0,71,31,122,0,0,0,0,0,0,0,1,22,0,1,0,0,0,0,2,35,0,0,2,0,0
0,0,0,0,0,0,0,2,0,0,1,14,0,0,0,0,9,0,0,1458,0,4,0,0,0,0,1,1,5,0,0,0,0,0,0,15,0,3,2,7,96,0,0,24,0,0,0,0
1,0,0,0,0,1,0,3,1,0,27,3,0,0,0,2,1,1,0,0,749,0,1,0,0,0,5,73,1,4,0,1,0,2,0,3,2,2,0,3,0,0,0,0,2,6,2,0
0,0,1,0,0,1,0,1,36,0,1,9,0,0,1,12,74,0,0,7,1,7240,24,0,1,0,0,5,133,0,4,3,1,0,0,1,0,0,0,0,5,0,0,5,8,2,0,0
1,9,1,2,5,4,3,0,1,0,2,8,11,8,2,6,22,9,3,6,7,8,1208,9,13,13,0,33,0,9,6,5,2,2,4,28,0,1,4,26,7,2,3,8,4,35,4,0
0,50,43,3,6,104,26,0,0,0,0,0,1,354,8,8,0,79,246,0,0,0,3,1550,622,307,0,1,0,0,1,1,4,63,24,0,12,0,0,0,0,102,143,0,3,70,0,0
0,55,120,1,6,532,62,0,2,0,5,2,8,231,14,177,3,108,197,1,0,2,12,677,2825,530,0,2,3,13,6,19,38,35,17,0,49,0,0,2,0,145,244,10,1,36,7,4
0,1,0,0,0,1,7,0,0,0,0,0,0,7,1,16,0,10,392,0,0,0,2,139,192,3968,0,0,0,4,0,3,6,0,14,0,2,0,0,0,0,6,170,0,0,175,0,0
0,0,0,0,0,0,0,0,0,76,36,0,1,0,0,0,0,0,0,0,1,0,0,0,0,0,697,2,0,0,0,0,0,0,0,0,0,9,14,16,1,0,0,0,0,5,10,12
0,0,1,0,0,0,0,4,2,17,34,20,0,0,0,2,15,2,0,4,376,6,25,2,0,0,7,2315,3,0,3,0,0,1,0,47,0,37,3,74,5,0,0,3,2,2,4,0
0,0,1,0,0,0,0,6,1007,25,27,62,70,0,0,25,365,0,0,58,16,107,13,0,1,0,11,21,8239,3,24,35,17,0,0,3,5,18,11,32,199,0,0,73,8,7,13,10
24,5,49,90,47,45,87,0,3,0,0,27,35,7,331,10,1,3,29,1,1,1,3,5,20,29,0,0,3,2745,41,33,8,126,110,0,27,0,0,0,0,64,22,23,208,18,0,1
0,1,0,2,2,14,0,7,32,0,0,17,10,1,1,91,2,3,4,2,0,8,3,2,8,4,0,0,9,11,2091,325,75,7,2,1,15,0,0,0,1,1,3,55,18,2,0,0
1,6,11,1,1,16,3,3,97,0,1,40,246,3,6,249,9,9,5,3,3,6,17,9,32,5,0,0,30,61,583,3400,470,6,10,1,5,0,1,0,3,3,13,76,15,16,5,3
0,0,0,0,0,0,0,0,19,0,0,0,1,0,0,17,0,0,0,0,0,1,0,3,8,7,0,0,5,2,19,67,807,0,0,0,1,0,0,0,0,0,4,4,2,3,0,0
29,7,82,65,68,47,10,0,0,0,0,0,0,28,146,0,0,7,3,0,0,0,0,2,2,0,0,0,0,10,1,0,0,1025,35,0,4,0,0,0,0,16,11,0,5,0,0,0
0,0,4,11,1,1,15,0,0,0,0,0,0,0,2,0,0,0,1,0,0,0,0,0,2,0,0,0,0,4,0,0,0,3,463,0,1,0,0,0,0,2,0,0,1,0,0,0
0,1,1,0,0,1,1,85,0,4,19,32,0,0,0,0,2,1,0,11,13,1,8,0,1,0,2,18,0,2,0,0,0,2,0,1281,0,6,2,19,2,0,0,0,2,0,0,0
71,19,38,25,18,23,43,0,1,0,0,5,17,34,9,7,0,539,25,0,1,1,0,14,45,40,0,0,6,26,24,5,4,23,22,1,3481,0,0,0,0,23,34,45,43,1,0,0
0,0,0,0,0,0,0,0,0,64,1,2,0,0,0,0,2,0,0,59,0,0,1,0,0,0,29,1,1,0,0,0,0,0,0,0,0,4405,147,45,78,0,0,0,0,0,716,15
0,0,0,0,0,0,0,0,0,65,1,0,0,0,0,0,0,0,0,5,0,0,2,0,0,0,10,0,0,0,0,0,0,0,0,0,0,52,1491,4,0,0,0,0,0,0,7,30
0,0,3,0,1,2,0,10,0,98,270,66,1,1,0,0,10,1,1,15,20,6,9,0,1,0,68,46,3,0,0,0,0,1,0,57,0,31,8,1872,33,0,0,0,0,1,17,1
0,0,0,0,0,0,0,0,3,1,6,38,0,0,0,0,3,0,0,61,0,1,2,0,0,0,0,0,10,0,0,0,0,0,0,4,0,9,0,14,378,0,0,5,0,0,13,0
3,1,22,7,1,36,0,0,0,0,0,0,0,6,21,2,0,8,5,0,0,0,0,25,24,2,0,0,0,0,0,0,0,8,3,0,3,0,0,0,0,216,12,0,7,2,0,0
1,4,6,3,1,34,1,0,0,0,0,0,0,16,28,25,1,44,29,0,0,0,1,82,108,118,0,0,0,18,6,1,3,56,13,0,13,0,0,0,0,38,1195,2,29,12,0,0
0,0,0,0,1,3,0,12,30,0,2,55,41,0,4,3,9,1,0,79,1,0,4,0,1,0,0,0,14,16,25,12,1,0,0,3,28,3,0,1,47,0,5,1057,13,1,3,2
7,0,5,32,0,12,6,1,2,0,0,5,1,1,35,14,1,3,5,0,0,1,1,3,2,3,0,0,0,110,6,2,4,7,54,0,41,0,0,0,0,28,12,7,1791,0,0,0
0,1,1,1,1,2,1,0,0,0,9,0,1,6,0,3,0,16,8,0,0,0,3,28,10,78,7,0,0,3,1,1,1,4,0,0,0,0,0,0,0,3,23,0,0,1001,0,1
0,0,0,0,0,0,0,0,0,11,7,15,5,0,0,0,3,0,0,19,2,1,0,0,1,0,24,0,0,0,0,0,0,0,0,2,0,424,39,13,41,0,0,7,0,2,2139,49
0,0,0,0,0,0,0,0,0,1,0,0,0,0,0,0,0,0,0,0,0,0,0,0,0,0,2,0,0,0,0,0,0,0,0,0,0,0,3,0,0,0,0,0,0,0,4,102
