0.63233,0.70127,0.37221,0.61907,0.35069,0.45,0.57664,0.34275,0.73042,0.51844,0.47702,0.61649,0.56827,0.42115,0.3348,0.30179,0.54841,0.69718,0.50569,0.76843,0.57695,0.96552,0.84253,0.46103,0.6053,0.72961,0.63619,0.88022,0.86614,0.82622,0.67416,0.79426,0.46201,0.48759,0.41111,0.84253,0.79772,0.86354,0.83333,0.80584,0.30769,0.16345,0.52725,0.57595,0.74635,0.60536,0.69108,0.25275
0.67523
1338,38,130,317,161,12,139,0,0,0,0,0,0,19,11,0,0,57,0,0,0,0,0,0,1,0,0,0,0,2,0,0,0,57,14,0,24,0,0,0,0,3,0,0,0,0,0,0
39,1986,80,0,153,3,125,0,0,0,0,0,0,364,0,2,0,5,75,0,0,1,3,76,27,17,0,0,0,2,0,1,1,18,2,0,3,0,0,0,0,0,5,0,0,0,0,0
96,80,750,73,77,206,103,0,11,1,1,1,1,102,30,20,27,17,5,7,2,5,5,18,39,5,1,5,5,8,2,0,1,99,11,1,13,4,0,7,3,69,6,3,2,1,3,1
336,1,36,1253,33,14,51,0,0,0,0,0,0,1,97,0,0,26,0,0,0,0,0,1,0,0,0,0,0,21,0,0,0,138,103,0,14,0,0,0,0,10,0,0,54,0,0,0
34,24,21,6,431,1,3,0,0,0,0,0,0,8,0,0,0,3,1,0,0,0,0,1,0,0,0,0,0,2,0,0,0,19,0,0,0,0,0,0,0,0,1,0,0,0,0,0
20,16,242,54,26,1143,37,0,2,0,1,1,2,57,201,60,0,43,6,0,1,3,2,30,199,3,0,0,1,45,6,0,2,118,32,0,24,0,0,0,1,133,16,10,23,3,1,0
79,61,74,16,35,1,1392,0,0,0,0,0,0,17,1,0,0,6,44,0,0,0,0,2,9,7,0,0,0,1,0,0,0,1,38,0,7,0,0,0,0,8,0,0,0,0,0,0
0,0,0,0,0,2,0,182,0,0,5,5,1,0,4,0,0,0,0,0,1,0,0,0,0,0,0,0,0,0,1,0,0,0,0,14,0,0,0,0,0,0,0,0,1,0,3,0
0,0,0,0,0,1,0,10,4243,4,11,77,226,0,0,35,69,5,0,13,19,33,12,0,3,1,11,3,910,8,38,79,72,0,0,0,11,0,3,3,42,1,1,148,25,20,11,21
0,0,0,0,0,0,0,0,0,464,1,0,0,0,0,0,0,0,0,0,0,0,0,0,0,0,72,1,0,0,0,0,0,0,0,0,0,7,26,28,3,0,0,0,0,0,2,1
0,1,0,0,0,2,0,21,1,15,550,25,3,0,0,2,0,1,0,6,31,5,11,1,5,0,41,10,1,0,0,0,0,2,0,7,0,6,0,83,8,0,0,1,1,11,4,0
0,1,1,0,0,5,0,61,47,0,50,897,50,1,0,8,7,2,3,14,7,7,2,4,5,2,3,3,14,14,22,23,3,0,1,24,0,4,0,17,78,1,3,92,1,2,7,0
0,0,0,0,0,3,0,0,30,0,5,28,1132,2,0,2,1,6,1,0,1,0,16,3,13,6,0,0,2,11,3,31,7,0,1,0,4,0,0,1,0,1,14,17,1,12,0,4
14,385,205,6,103,51,83,0,0,0,1,0,2,1143,5,6,0,150,120,0,0,0,2,255,121,13,0,1,0,3,0,0,2,119,22,0,15,0,0,0,0,35,17,0,0,28,0,0
3,0,5,13,3,32,1,0,0,0,0,0,0,0,533,0,0,0,0,0,0,1,0,0,0,0,0,0,0,55,0,0,1,31,5,0,0,0,0,0,0,9,1,0,13,1,0,0
0,1,1,1,0,13,0,0,3,0,0,0,0,1,0,405,3,1,0,0,1,0,1,2,24,0,0,0,0,1,16,35,15,0,1,0,2,0,0,0,0,3,6,1,2,1,0,0
0,0,0,0,0,1,0,0,10,0,2,5,0,0,0,22,776,2,0,13,2,12,8,0,2,2,0,0,45,0,5,3,3,0,0,0,0,0,0,6,19,0,0,14,3,2,0,0
10,25,33,16,10,69,26,0,3,0,0,0,2,132,9,16,0,2917,10,0,0,1,2,70,129,10,0,0,0,12,0,0,2,11,9,0,490,0,0,1,0,39,61,4,5,1,0,1
0,26,1,0,0,0,67,0,0,0,0,0,0,57,1,2,0,3,1244,0,0,0,0,87,38,133,0,0,0,0,0,0,2,1,29,0,3,0,0,0,0,7,39,0,0,1,0,0
0,0,0,0,0,0,0,1,2,1,0,16,0,0,0,0,5,0,0,1397,0,6,1,0,0,0,1,2,2,0,0,0,0,0,0,17,0,3,2,5,143,0,0,37,0,0,0,1
1,0,1,2,0,0,0,8,3,1,39,3,0,0,1,2,0,2,0,1,716,1,2,1,0,1,3,83,0,4,0,1,0,1,0,2,1,2,0,1,0,0,0,1,1,7,4,0
0,0,1,0,0,1,0,1,48,0,1,8,1,0,0,16,72,0,0,4,2,7224,21,0,0,0,0,4,142,0,5,3,1,0,0,2,0,0,0,0,6,0,0,4,7,2,0,0
1,12,6,1,4,3,2,3,1,0,1,12,13,9,2,11,25,5,3,10,13,12,1145,7,9,18,0,49,0,8,11,3,3,2,6,31,2,2,4,24,5,2,5,7,3,40,6,3
0,55,46,2,8,105,37,0,0,0,0,0,0,386,5,14,0,90,258,0,0,0,2,1331,639,326,0,0,0,7,0,4,7,71,21,0,15,0,0,0,0,111,154,0,1,139,0,0
0,69,110,3,4,563,85,0,3,0,3,3,9,269,12,222,2,111,183,0,0,0,11,613,2604,561,0,2,4,15,5,23,55,46,21,1,50,1,1,1,0,161,304,14,0,42,8,7
0,6,0,0,0,0,10,0,0,0,0,0,1,5,2,18,0,11,397,0,0,0,2,158,191,3856,0,0,0,3,0,2,10,1,19,0,2,0,0,0,0,2,174,0,0,246,0,0
0,0,0,0,0,0,0,0,0,97,35,0,4,0,0,0,0,0,0,0,2,0,0,0,0,0,654,4,0,0,0,0,0,0,0,0,0,8,13,16,1,0,0,0,0,8,13,25
0,0,0,1,0,1,0,9,0,17,58,19,0,0,2,5,7,1,0,9,366,10,22,1,2,0,11,2256,9,2,1,0,0,1,0,50,0,31,3,103,9,1,0,1,3,2,3,0
0,0,0,0,0,0,0,10,1187,15,16,69,74,0,0,26,367,0,0,40,20,121,16,0,0,0,20,26,8004,2,25,44,12,0,0,0,5,16,9,15,230,0,1,89,7,7,15,24
35,2,57,88,61,71,121,5,4,0,0,23,31,3,377,13,1,11,21,0,3,0,5,22,11,45,0,0,1,2439,49,32,14,118,153,0,36,0,0,0,2,77,28,30,276,17,0,0
0,2,2,1,0,13,1,19,35,0,0,11,14,0,1,94,6,4,5,1,0,11,4,2,4,5,0,0,13,16,1978,376,87,5,1,0,12,0,0,0,1,3,8,69,21,5,0,0
0,5,13,0,4,28,5,12,114,0,1,43,331,5,8,255,13,13,6,2,5,7,24,8,24,6,0,1,39,67,663,3015,562,2,8,0,9,0,1,0,3,6,26,98,24,17,8,2
0,0,0,0,0,0,0,0,21,0,0,0,5,0,1,24,0,0,1,1,0,1,3,0,4,5,0,0,8,4,25,92,754,0,0,0,0,0,0,0,0,1,7,3,3,7,0,0
26,12,104,61,84,60,15,0,0,0,0,0,0,26,174,1,0,6,2,0,0,0,0,3,4,0,0,0,0,18,0,0,0,923,34,0,9,0,0,0,0,25,8,0,8,0,0,0
1,0,2,15,1,0,29,0,0,0,0,0,0,0,0,0,0,0,2,0,0,0,0,0,1,1,0,0,0,4,0,0,0,5,444,0,1,0,0,0,0,2,0,0,3,0,0,0
0,1,1,0,0,1,0,156,0,7,29,21,0,0,1,0,1,0,0,12,18,4,16,0,2,0,1,42,0,2,0,0,0,0,0,1161,0,4,2,29,3,0,0,1,1,0,1,0
76,15,52,38,29,31,63,0,0,0,0,4,19,53,7,9,0,602,23,0,3,1,0,23,34,49,0,0,7,30,22,7,5,23,20,1,3289,0,0,0,0,32,43,54,48,0,0,1
0,0,0,0,0,0,0,0,0,56,0,2,0,0,0,0,1,0,0,82,0,0,1,0,0,0,54,2,1,0,0,0,0,0,0,1,0,4259,165,42,93,0,0,0,0,0,772,35
0,0,0,0,0,0,0,0,0,101,0,0,0,0,0,0,0,0,0,4,0,0,0,0,0,0,17,0,0,0,0,0,0,0,0,0,0,72,1405,2,1,0,0,0,0,0,10,55
0,0,1,0,0,1,0,11,1,105,328,74,1,2,0,1,12,0,0,20,27,11,7,0,3,0,93,66,3,0,0,0,1,1,0,57,0,35,7,1710,52,0,0,1,0,1,18,3
0,0,0,0,0,0,0,2,3,1,4,31,1,0,0,0,2,0,0,77,1,3,1,0,0,0,1,1,18,0,0,0,0,0,0,5,0,12,0,12,356,0,0,6,0,0,11,0
3,3,22,17,2,43,7,0,0,0,0,2,0,14,27,0,0,11,4,0,0,0,0,31,34,2,0,0,0,2,0,0,0,11,8,0,4,0,0,0,0,139,20,0,7,1,0,0
0,4,7,2,0,37,3,0,0,0,0,0,0,21,43,29,1,46,35,0,0,0,0,102,97,129,0,0,0,13,4,2,0,59,13,0,13,0,0,0,0,73,1103,0,31,21,0,0
0,0,0,0,0,5,0,14,36,0,2,51,58,1,2,5,10,5,0,85,0,0,5,0,0,0,1,1,11,16,34,15,4,0,0,4,29,2,0,1,45,1,9,1001,15,2,2,5
4,0,10,38,0,17,8,6,1,0,0,2,0,1,34,15,4,7,3,0,0,1,1,5,8,3,0,0,0,113,19,3,5,7,64,0,36,0,0,0,0,25,8,18,1736,0,0,0
0,1,0,0,0,0,1,0,0,0,3,0,3,15,1,2,0,15,8,0,0,0,5,30,14,79,7,0,0,2,0,1,1,3,0,0,0,0,0,0,0,5,24,0,0,994,0,0
0,0,1,0,0,1,0,0,0,9,5,22,7,0,0,0,3,0,0,20,0,1,1,0,2,0,36,1,1,0,0,0,0,0,0,0,0,462,37,15,53,0,0,14,0,1,2029,83
0,0,0,0,0,0,0,0,0,1,1,0,1,0,0,0,0,0,0,0,0,0,0,0,0,0,1,0,0,0,0,1,0,0,0,0,0,2,8,0,0,0,0,0,0,0,5,92
