0.63517,0.69466,0.36262,0.63171,0.34796,0.45754,0.5817,0.34522,0.74236,0.50484,0.46063,0.60526,0.58505,0.4368,0.34262,0.30849,0.54782,0.70355,0.51413,0.77629,0.58401,0.96747,0.83724,0.46316,0.60377,0.73157,0.65538,0.887,0.8686,0.83116,0.67809,0.79462,0.46554,0.48902,0.41565,0.84161,0.80165,0.86759,0.83829,0.79213,0.30809,0.1608,0.53172,0.57979,0.74525,0.62017,0.69337,0.23622
0.67847
1351,38,136,294,182,13,128,0,0,0,0,0,0,15,7,0,0,59,0,0,0,0,0,0,1,0,0,0,0,3,0,0,0,52,11,0,28,0,0,0,0,5,0,0,0,0,0,0
39,1977,75,2,170,3,122,0,0,0,0,0,0,349,0,2,0,6,79,0,0,1,2,86,29,15,0,0,0,1,0,1,1,16,1,0,4,0,0,0,0,1,6,0,0,0,0,0
95,72,747,71,74,215,93,0,11,1,1,3,0,107,28,22,28,19,6,5,0,5,6,14,47,7,1,5,3,11,1,0,1,107,12,1,11,3,0,9,2,66,5,6,2,1,2,1
351,0,39,1259,30,7,48,0,0,0,0,0,0,1,83,0,0,27,0,0,0,0,0,2,0,0,0,0,0,24,0,0,0,133,108,0,16,0,0,0,0,6,0,0,55,0,0,0
25,26,25,5,436,1,3,0,0,0,0,0,0,7,0,0,0,3,1,0,0,0,0,0,1,0,0,0,0,1,0,0,0,19,0,0,1,0,0,0,0,0,1,0,0,0,0,0
15,18,248,48,25,1196,37,0,2,0,1,1,2,47,202,59,0,40,6,0,1,2,1,31,186,5,0,1,1,44,7,3,0,111,31,0,22,0,0,0,0,120,17,11,20,2,1,0
82,60,79,19,36,3,1392,0,0,0,0,0,0,14,0,0,0,6,44,0,0,0,0,1,10,3,0,0,0,1,0,0,0,2,31,0,7,0,0,0,0,9,0,0,0,0,0,0
0,0,0,0,0,1,0,184,0,0,5,4,0,0,3,0,0,1,0,0,1,0,0,0,1,0,0,0,0,1,1,0,0,0,0,13,0,0,0,0,1,1,0,0,0,0,2,0
0,0,0,0,0,1,0,9,4276,6,7,85,207,0,1,26,68,6,0,12,18,36,11,0,2,2,11,3,899,7,33,83,66,0,0,0,10,0,5,3,40,0,2,151,30,18,10,25
0,0,0,0,0,0,0,0,0,469,2,0,0,0,0,0,0,0,0,0,0,0,0,0,0,0,68,1,0,0,0,0,0,0,0,0,0,6,24,27,2,0,0,0,0,0,4,2
1,1,1,0,0,3,0,19,1,16,544,23,4,0,0,1,0,1,0,7,23,4,14,2,3,0,46,11,1,0,0,1,0,2,0,9,0,7,0,88,6,0,0,0,0,11,4,1
0,1,1,0,0,7,0,62,50,0,60,897,49,0,0,10,6,2,1,14,7,8,2,5,6,1,2,0,14,12,21,15,4,0,1,20,1,2,0,15,73,2,5,99,1,3,7,0
0,0,0,0,0,3,0,0,32,0,5,28,1135,2,1,2,0,8,1,0,0,0,14,3,7,9,0,0,2,8,5,27,8,0,0,0,3,0,0,1,0,0,19,19,2,10,1,3
13,403,208,6,106,55,81,0,0,0,0,0,2,1130,3,5,0,138,119,0,0,0,2,241,140,8,0,0,0,3,0,0,1,124,20,0,19,0,0,0,0,42,15,0,0,23,0,0
3,0,6,14,2,26,1,0,0,0,0,0,0,0,541,0,0,0,0,0,0,1,1,0,0,0,0,0,0,54,0,0,1,29,6,0,0,0,0,0,0,8,1,0,12,1,0,0
0,1,1,1,0,10,0,0,3,0,0,0,0,0,0,414,1,1,0,0,0,0,1,3,22,0,0,0,0,2,15,36,10,0,1,0,3,0,0,0,0,2,8,2,2,1,0,0
0,0,0,0,0,1,0,0,11,0,2,4,0,0,0,23,779,1,0,14,3,11,9,0,2,1,0,0,46,0,5,2,3,0,0,0,0,0,0,5,20,0,0,9,4,2,0,0
9,32,39,12,5,80,25,0,2,0,2,0,1,114,10,15,0,2931,10,0,0,1,3,70,118,8,0,0,0,8,1,0,2,10,11,0,490,0,0,0,0,41,67,3,4,1,0,1
0,23,1,0,0,1,63,0,0,0,0,0,0,56,0,4,0,4,1255,0,0,0,0,76,46,133,0,0,0,0,0,0,1,1,26,0,3,0,0,0,0,6,41,0,0,1,0,0
0,0,0,0,0,0,0,2,1,1,2,13,0,0,0,0,5,0,0,1395,0,6,1,0,0,0,1,1,4,0,0,0,0,0,0,18,0,2,2,7,143,0,0,37,0,0,0,1
1,0,0,0,0,0,0,7,2,0,41,3,0,0,1,1,0,2,0,1,716,1,3,0,1,0,3,86,0,3,1,0,0,1,0,3,1,1,0,2,0,0,1,2,1,8,3,0
0,0,2,0,0,1,0,1,40,0,1,6,1,0,1,15,57,0,0,4,2,7226,22,0,1,0,0,4,157,0,8,2,2,0,0,2,0,0,0,0,9,0,0,4,6,2,0,0
1,11,4,1,4,4,3,2,2,1,2,12,13,11,1,10,26,7,2,10,10,12,1142,10,10,20,0,45,0,8,9,4,2,3,7,32,2,1,4,27,5,0,4,7,4,39,6,4
1,59,51,3,5,109,42,0,0,0,0,0,0,368,5,11,0,73,266,0,0,0,2,1364,635,320,0,0,0,6,0,3,6,74,19,0,13,0,0,0,0,113,154,0,1,131,0,0
0,73,114,3,5,563,90,0,1,0,5,3,7,243,9,214,1,111,169,0,0,1,13,650,2624,567,0,2,4,16,5,20,52,48,13,0,46,1,0,1,0,160,290,16,3,45,5,8
0,8,0,0,0,3,13,0,0,0,0,0,1,5,2,20,0,11,387,0,0,0,1,169,198,3881,0,0,0,3,0,1,11,1,16,0,1,0,0,0,0,2,152,0,0,230,0,0
0,0,0,0,0,0,0,0,0,94,36,0,3,0,0,0,0,0,0,0,1,0,0,1,0,0,658,4,0,0,0,0,0,0,0,0,0,8,11,18,1,0,0,0,0,6,14,25
0,0,1,1,0,1,0,7,0,16,59,20,0,0,1,3,9,1,0,4,370,10,24,1,1,0,9,2245,7,1,1,0,0,0,1,56,0,33,4,107,13,1,0,2,2,2,3,0
0,0,0,0,0,0,0,14,1094,28,17,72,66,0,1,27,396,0,0,42,21,113,13,0,0,0,14,23,8078,2,20,44,14,0,0,0,4,11,6,21,230,0,0,91,6,7,13,24
30,2,57,75,58,69,119,6,3,0,0,27,33,2,374,11,1,10,21,0,4,1,5,17,13,32,0,0,1,2491,45,37,16,105,154,0,37,0,0,0,2,83,22,28,275,16,0,0
0,1,2,1,1,15,0,21,35,0,0,10,13,0,2,97,4,4,1,2,2,12,4,3,4,5,0,0,8,16,1978,383,86,5,1,0,12,0,0,0,1,4,8,59,25,5,0,0
1,3,11,0,3,24,4,11,129,0,2,46,305,2,9,267,9,13,6,1,3,9,25,9,36,11,0,1,27,66,643,3072,548,2,10,0,4,0,0,0,3,3,21,91,25,16,8,4
0,0,0,0,0,0,0,0,19,0,0,0,4,0,0,21,0,0,1,1,0,0,3,2,3,6,0,0,10,5,28,104,743,0,0,0,1,0,0,0,0,1,8,4,3,3,0,0
27,14,102,67,83,63,16,0,0,0,0,0,0,24,173,0,0,7,3,0,0,0,0,2,2,0,0,0,0,16,1,0,0,913,34,0,7,0,0,0,0,32,9,0,8,0,0,0
1,0,2,17,1,1,31,0,0,0,0,0,0,0,0,0,0,1,1,0,0,0,0,0,2,0,0,0,0,3,0,0,0,5,441,0,1,0,0,0,0,2,0,0,2,0,0,0
2,0,1,0,0,2,0,151,0,4,22,27,0,0,1,0,0,1,0,14,18,1,14,1,1,0,2,32,0,2,0,0,0,0,0,1169,0,2,5,38,5,0,0,0,1,0,1,0
70,16,65,32,25,32,68,0,2,0,0,4,22,49,5,11,0,593,17,0,2,0,0,15,44,45,0,0,5,31,25,8,4,22,18,1,3310,0,0,0,0,26,49,51,45,1,0,0
0,0,0,0,0,0,0,0,0,70,0,2,0,0,0,0,2,0,0,78,0,0,0,0,0,0,38,1,1,0,0,0,0,0,0,1,0,4272,159,43,91,0,0,0,0,0,764,44
0,0,0,0,0,0,0,0,0,99,0,0,0,0,0,0,0,0,0,4,0,0,0,0,0,0,18,0,0,0,0,0,0,0,0,0,0,61,1410,6,0,0,0,0,0,0,12,57
0,0,2,0,0,1,0,12,1,113,347,77,1,0,0,1,12,0,0,16,21,5,9,1,5,0,86,63,5,0,0,0,0,1,0,55,0,36,6,1711,45,0,0,1,0,1,15,4
0,0,0,0,0,0,0,2,3,0,5,38,1,0,0,0,2,0,0,74,1,2,1,0,0,0,1,0,18,0,0,0,0,0,0,3,0,11,0,15,354,0,0,6,0,0,11,0
2,2,22,16,1,45,7,0,0,0,0,1,0,9,26,0,0,13,5,0,0,0,0,23,35,1,0,0,0,5,0,0,0,10,6,0,2,0,0,0,0,154,21,0,6,2,0,0
0,5,8,3,0,34,2,0,0,0,0,0,0,20,46,25,1,43,29,0,0,0,0,100,93,142,0,0,0,16,3,2,3,61,12,0,14,0,0,0,0,72,1098,4,33,19,0,0
0,0,0,0,0,5,0,18,37,0,3,52,59,1,3,5,9,5,0,77,0,0,5,0,0,0,0,1,9,15,42,15,2,0,0,4,22,2,1,1,49,0,6,1010,12,2,1,4
7,0,9,43,0,14,4,5,2,0,0,2,0,3,39,18,3,6,4,0,0,0,1,7,8,3,0,0,0,111,18,2,7,6,70,0,33,0,0,0,0,28,9,14,1726,0,0,0
0,0,0,0,1,1,1,0,0,0,2,0,3,8,1,2,0,12,7,0,0,0,6,36,9,80,9,0,0,1,1,0,2,4,0,0,1,0,0,0,0,5,26,0,0,996,0,0
0,0,1,0,0,1,0,0,1,10,7,22,7,0,0,0,3,0,0,22,2,1,4,0,0,0,36,2,0,0,0,0,0,0,0,2,0,463,35,15,54,0,0,15,0,1,2017,83
0,0,0,0,0,0,0,0,0,1,1,0,1,0,0,0,0,0,0,0,0,0,0,0,0,0,1,0,0,0,0,1,0,0,0,0,0,2,10,0,0,0,0,0,0,0,5,90
