0.65824,0.73861,0.4371,0.65557,0.40807,0.49922,0.64896,0.52703,0.7682,0.56735,0.53069,0.63928,0.63158,0.49253,0.3893,0.34121,0.565,0.73553,0.52946,0.78776,0.6066,0.96981,0.86757,0.50477,0.62633,0.75361,0.73438,0.91286,0.87277,0.86318,0.71608,0.8409,0.53764,0.53782,0.44942,0.86671,0.82537,0.87868,0.8524,0.82317,0.36884,0.24656,0.58232,0.63937,0.78198,0.68617,0.72296,0.41633
0.7147
1406,39,124,309,151,14,111,0,0,0,0,0,0,8,7,0,0,53,0,0,0,0,0,0,1,0,0,0,0,0,0,0,0,56,13,0,26,0,0,0,0,3,1,0,1,0,0,0
32,2043,69,0,135,4,115,0,0,0,0,0,0,372,0,3,0,4,82,0,0,0,2,80,16,11,0,0,0,0,0,1,0,12,3,0,0,0,0,0,0,0,3,0,0,1,0,0
72,71,886,60,67,196,75,0,11,1,1,3,0,112,22,15,24,17,5,4,0,6,4,12,48,3,1,5,5,5,1,0,0,105,11,0,8,1,0,9,1,46,6,2,3,1,1,1
325,0,38,1359,20,16,36,0,0,0,0,0,0,1,64,0,0,21,0,0,0,0,0,1,0,0,0,0,0,13,0,0,0,105,118,0,17,0,0,0,0,7,1,0,46,1,0,0
28,16,19,8,455,1,2,0,0,0,0,0,0,5,0,0,0,1,1,0,0,0,0,0,0,0,0,0,0,1,0,0,0,17,0,0,0,0,0,0,0,0,1,0,0,0,0,0
24,16,224,47,21,1276,27,0,1,0,0,1,0,56,184,56,1,41,4,0,1,1,2,33,210,3,0,0,2,31,9,3,4,101,32,0,12,0,0,0,1,92,13,10,23,1,1,0
81,54,70,15,22,3,1442,0,0,0,0,0,0,16,0,0,0,6,33,0,0,0,0,0,8,2,0,0,0,2,0,0,0,4,30,0,5,0,0,0,0,6,0,0,0,0,0,0
0,0,0,0,0,1,0,195,0,0,3,5,1,0,1,0,1,0,0,0,2,0,0,0,0,0,0,0,0,0,0,0,0,0,0,8,0,0,0,0,0,0,1,0,0,0,1,0
0,0,1,0,0,2,0,5,4348,10,10,91,193,0,1,22,63,5,0,20,22,34,13,0,2,0,10,1,917,8,31,67,38,0,0,0,8,3,0,4,30,0,5,142,27,17,9,10
0,0,0,0,0,0,0,0,0,497,1,0,0,0,0,0,0,0,0,0,0,0,0,0,0,0,48,1,0,0,0,0,0,0,0,0,0,5,23,26,2,0,0,0,0,0,2,0
1,0,1,0,0,1,0,7,1,12,588,22,4,2,0,1,0,1,1,6,22,4,9,0,4,0,32,6,3,1,0,0,0,4,0,11,0,7,0,83,6,0,0,0,1,8,5,1
0,1,1,0,0,8,0,28,32,0,41,1035,38,0,0,11,6,0,2,9,7,5,2,4,10,1,4,3,10,14,13,11,2,1,2,14,2,2,0,10,67,1,1,77,1,3,7,0
0,2,1,0,0,2,0,0,23,0,6,25,1176,2,1,4,0,8,0,0,0,0,9,0,9,5,0,0,2,9,7,27,5,0,1,0,2,0,0,0,0,0,7,14,1,9,1,0
12,318,170,7,83,50,75,0,0,0,0,0,0,1385,6,5,0,110,111,0,0,0,1,251,106,7,0,0,0,0,0,0,1,112,27,0,17,0,0,0,0,32,10,0,0,11,0,0
3,0,6,14,2,15,0,0,0,0,0,0,0,0,575,0,0,0,0,0,0,1,0,0,0,0,0,0,0,43,0,0,2,22,4,0,0,0,0,0,0,7,1,0,11,1,0,0
0,0,2,0,0,10,0,0,2,0,0,0,0,0,3,433,2,2,0,1,0,0,0,2,20,3,0,0,0,1,11,23,13,0,1,0,3,0,0,0,0,2,3,1,2,0,0,0
0,0,0,0,0,1,0,0,10,0,2,4,0,0,0,15,804,1,0,8,2,16,3,0,0,2,0,0,35,0,5,5,2,0,0,0,1,0,0,5,20,0,0,10,5,1,0,0
13,19,22,10,5,65,14,0,3,0,1,0,0,111,9,13,1,3076,9,0,0,1,0,58,128,11,0,0,0,6,1,0,1,12,6,0,428,0,0,0,0,41,49,3,8,1,0,1
0,31,2,0,0,0,55,0,0,0,0,0,0,40,0,1,0,4,1330,0,0,0,0,73,30,112,0,0,0,0,0,0,0,1,20,0,1,0,0,0,0,2,37,0,0,2,0,0
0,0,0,0,0,0,0,2,0,0,1,14,0,0,0,0,10,0,0,1455,0,4,0,0,0,0,0,1,4,0,0,0,0,0,0,16,0,3,2,7,96,0,0,27,0,0,0,0
0,0,0,0,0,1,0,2,2,0,25,4,0,1,0,2,0,1,0,0,754,0,1,0,0,0,5,71,0,3,0,0,0,2,2,3,1,3,0,4,0,0,0,0,1,6,2,0
0,0,1,0,0,1,0,1,37,0,2,9,0,0,1,14,68,0,0,8,1,7227,27,0,1,0,0,4,143,1,6,2,1,0,0,1,0,0,0,0,6,0,0,4,8,2,0,0
1,6,1,1,5,3,3,0,1,0,0,7,8,12,2,4,23,8,2,7,8,10,1212,7,15,13,0,37,0,9,4,5,2,2,4,29,1,1,3,25,6,1,5,8,4,35,4,0
0,47,48,3,7,99,24,0,0,0,0,0,2,358,9,8,0,77,250,0,0,0,3,1534,635,305,0,1,0,2,1,1,3,65,23,0,14,0,0,0,0,95,152,0,2,66,0,0
0,57,126,1,4,540,66,0,4,0,3,1,8,226,16,184,3,106,183,0,0,2,13,672,2831,523,0,1,5,11,9,13,37,35,19,1,50,1,1,1,0,138,256,11,0,33,9,1
0,1,0,0,0,2,8,0,0,0,0,0,0,4,1,15,0,10,382,0,0,0,2,140,200,3961,0,0,0,4,0,4,6,0,13,0,5,0,0,0,0,6,169,0,0,183,0,0
0,0,0,0,0,0,0,0,0,73,31,0,1,0,0,0,0,0,0,0,0,0,0,0,0,0,705,2,0,0,0,0,0,0,0,0,0,9,12,14,1,0,1,0,0,5,11,15
0,1,1,0,0,1,0,3,2,15,29,16,0,0,0,2,12,2,0,7,366,7,24,2,0,0,6,2336,5,0,2,0,0,1,0,44,0,30,7,81,7,0,0,3,1,2,1,0
0,0,0,0,0,0,0,6,988,28,31,69,73,0,0,31,360,0,0,52,16,110,14,0,0,0,11,20,8252,3,26,31,13,0,0,2,4,16,13,31,206,0,0,69,8,8,10,11
21,7,44,89,45,49,88,0,4,0,0,34,31,6,329,10,1,3,27,1,1,1,3,4,14,31,0,0,3,2776,38,34,9,112,106,1,27,0,0,0,0,62,22,23,209,16,0,1
0,0,1,2,1,12,0,6,31,0,0,12,13,0,1,88,2,3,3,2,0,6,3,3,8,4,0,0,9,14,2106,324,68,4,2,1,16,0,0,0,1,2,4,55,20,3,0,0
0,5,11,1,1,17,3,3,102,0,1,46,250,5,4,258,12,9,6,4,3,5,18,7,31,6,0,0,24,62,586,3372,476,6,8,0,8,0,1,0,2,3,12,77,16,14,5,3
0,0,0,0,0,0,0,0,19,0,0,0,3,0,0,16,0,0,1,0,0,1,1,1,6,8,0,0,4,2,21,66,807,0,0,0,2,0,0,0,0,0,3,3,2,4,0,0
25,10,86,68,68,47,11,0,0,0,0,0,0,25,144,0,0,8,3,0,0,0,0,2,2,0,0,0,0,9,2,0,0,1024,32,0,4,0,0,0,0,16,11,0,6,0,0,0
0,0,4,11,1,1,16,0,0,0,0,0,0,0,2,0,0,1,0,0,0,0,0,0,2,0,0,0,0,4,0,0,0,3,462,0,1,0,0,0,0,2,0,0,1,0,0,0
1,0,0,0,0,1,1,88,0,3,17,28,0,0,0,0,2,1,0,12,14,1,9,0,1,0,2,20,0,2,0,0,0,1,0,1281,0,5,3,18,4,0,0,0,2,0,0,0
80,16,34,25,19,25,42,0,1,0,0,4,15,31,10,10,0,534,27,0,1,1,0,23,36,38,0,0,5,26,26,5,3,22,21,1,3488,0,0,0,1,24,34,41,43,1,0,0
0,0,0,0,0,0,0,0,0,64,0,2,0,0,0,0,2,0,0,61,0,0,1,0,0,0,26,1,1,0,0,0,0,0,0,0,0,4418,145,46,78,0,0,0,0,0,701,20
0,0,0,0,0,0,0,0,0,67,1,0,0,0,0,0,0,0,0,5,0,0,2,0,0,0,13,0,0,0,0,0,0,0,0,0,0,52,1490,4,0,0,0,0,0,0,8,25
0,0,4,0,0,2,0,9,1,93,289,66,1,0,0,0,10,0,1,20,19,6,8,0,3,0,63,49,2,0,0,0,0,2,0,56,0,29,8,1862,31,0,0,0,0,0,18,1
0,0,0,0,0,0,0,1,3,1,6,39,0,0,0,0,3,0,0,63,0,2,2,0,0,0,0,0,9,0,0,0,0,0,0,4,0,9,0,16,374,0,0,4,0,0,12,0
3,1,19,8,1,40,0,0,0,0,0,0,0,9,19,2,0,8,6,0,0,0,0,20,26,2,0,0,0,1,0,0,0,8,4,0,3,0,0,0,0,215,11,0,6,2,0,0
2,4,6,3,1,33,0,0,0,0,0,0,0,14,30,24,0,41,31,0,0,0,1,84,101,115,0,0,0,17,8,1,2,56,11,0,13,0,0,0,0,40,1199,3,32,16,0,0
0,0,0,0,1,2,0,13,32,0,3,60,38,0,4,5,9,0,0,82,1,0,4,0,1,0,0,0,15,18,23,12,1,0,0,3,24,2,0,0,35,1,5,1062,11,2,5,3
6,0,3,31,0,13,7,1,2,0,0,5,1,1,32,14,1,4,4,0,1,0,1,2,6,5,0,0,0,115,5,2,4,7,53,0,35,0,0,0,0,24,13,7,1797,0,0,0
0,1,2,1,0,2,1,0,0,0,10,0,2,10,0,3,0,16,8,0,0,0,3,24,7,85,7,0,0,3,0,1,1,2,0,0,0,0,0,0,0,4,23,0,0,997,0,1
0,0,0,0,0,0,0,0,0,11,6,17,4,0,0,0,3,0,0,20,2,1,0,0,2,0,25,0,0,0,0,0,0,0,0,2,0,432,37,16,39,0,0,5,0,1,2132,49
0,0,0,0,0,0,0,0,0,1,0,0,0,0,0,0,0,0,0,0,0,0,0,0,0,0,2,0,0,0,0,0,0,0,0,0,0,0,3,0,0,0,0,0,0,0,4,102
