0.66322,0.73553,0.43287,0.65642,0.3932,0.50449,0.64292,0.50124,0.76872,0.56576,0.55217,0.65259,0.63389,0.48967,0.38041,0.34068,0.55958,0.72782,0.52766,0.7838,0.59762,0.96888,0.8706,0.50916,0.62497,0.75217,0.71254,0.91013,0.87754,0.85626,0.72033,0.83681,0.53111,0.53809,0.44327,0.87431,0.82167,0.87829,0.85304,0.82324,0.37638,0.22523,0.58897,0.63702,0.78748,0.68947,0.7228,0.43096
0.71372
1410,38,130,306,156,12,116,0,0,0,0,0,0,9,8,0,0,57,0,0,0,0,0,0,1,0,0,0,0,1,0,0,0,39,13,0,24,0,0,0,0,2,0,0,1,0,0,0
31,2058,69,0,142,2,120,0,0,0,0,0,0,354,0,3,0,3,80,0,0,0,2,63,27,11,0,0,0,0,0,1,0,13,2,0,1,0,0,0,0,1,4,0,0,1,0,0
76,76,864,60,74,197,82,0,7,1,1,2,0,113,24,18,22,17,5,4,0,10,3,11,51,4,1,5,3,5,0,0,1,98,11,0,7,1,0,10,3,48,4,3,2,1,1,1
325,0,43,1345,22,12,38,0,0,0,0,0,0,1,67,0,0,28,0,0,0,0,0,1,0,0,0,0,0,16,0,0,0,102,121,0,17,0,0,0,0,8,1,0,41,1,0,0
30,19,19,6,451,1,2,0,0,0,0,0,0,5,0,0,0,2,1,0,0,0,0,0,0,0,0,0,0,1,0,0,0,17,0,0,0,0,0,0,0,0,1,0,0,0,0,0
23,19,215,35,20,1291,26,0,1,0,0,1,1,64,187,53,1,43,5,0,0,0,0,34,199,0,0,1,2,38,7,3,5,100,29,0,14,0,0,0,1,101,13,7,23,1,1,0
73,54,66,15,23,3,1453,0,0,0,0,0,0,13,0,0,0,3,35,0,0,0,0,0,8,2,0,0,0,3,0,0,0,4,31,0,6,0,0,0,0,7,0,0,0,0,0,0
0,0,1,0,0,0,0,202,0,0,2,3,0,0,0,0,1,0,0,0,2,0,0,0,0,0,0,0,0,0,0,0,0,0,0,6,0,0,0,0,0,0,1,0,0,0,1,0
0,0,1,0,0,2,0,4,4384,10,10,83,193,0,2,24,68,3,0,24,23,31,13,0,1,0,12,2,875,7,33,72,30,0,0,1,8,4,2,4,31,0,5,148,26,18,6,9
0,0,0,0,0,0,0,0,0,499,2,0,0,0,0,0,0,0,0,0,0,0,0,0,0,0,50,1,0,0,0,0,0,0,0,0,0,5,21,23,2,0,0,0,0,0,2,0
1,0,0,0,0,2,0,7,0,11,598,21,4,1,0,0,1,1,0,5,23,4,9,0,3,0,32,6,2,1,0,0,0,4,0,9,0,4,0,83,8,0,0,0,1,6,7,1
0,1,1,0,0,8,0,32,35,0,39,1035,41,0,0,8,3,0,2,11,8,4,3,5,8,2,2,4,9,16,11,15,2,1,2,14,1,2,0,16,68,2,0,66,1,1,7,0
0,0,0,0,1,3,0,0,25,0,7,26,1167,2,1,4,0,11,1,0,0,0,11,0,7,4,1,0,2,11,6,23,8,0,1,0,4,0,0,1,0,0,7,12,1,7,1,3
12,316,169,6,85,50,69,0,0,0,0,0,0,1375,5,4,0,108,117,0,0,0,1,253,111,9,0,0,0,1,0,1,1,107,26,0,16,0,0,0,0,44,9,0,0,12,0,0
3,0,8,14,4,12,0,0,0,0,0,0,0,0,563,0,0,0,0,0,0,1,0,0,0,0,0,0,0,45,0,1,1,25,5,0,0,0,0,0,0,15,1,0,8,1,0,0
0,0,2,1,0,12,0,0,2,0,0,1,0,0,2,433,0,0,0,1,0,0,0,3,17,3,0,0,0,1,11,26,13,0,1,0,3,0,0,0,0,2,3,1,2,0,0,0
0,0,1,0,0,1,0,0,5,0,1,3,1,0,0,16,803,1,0,10,2,17,3,0,1,2,0,0,34,0,5,4,3,0,0,0,1,0,0,4,24,0,0,8,6,1,0,0
11,21,23,13,6,74,17,0,3,0,0,0,1,109,8,16,1,3027,13,0,0,1,2,53,127,9,0,0,0,5,2,1,1,10,9,0,452,1,0,0,0,50,51,2,6,1,0,0
0,30,2,0,0,0,53,0,0,0,0,0,0,40,0,2,0,5,1326,0,0,0,0,66,32,123,0,0,0,0,0,0,1,1,20,0,0,0,0,0,0,3,35,0,0,2,0,0
0,0,0,0,0,0,0,3,0,0,1,15,0,0,0,0,8,0,0,1461,0,4,0,0,0,0,1,1,5,0,0,0,0,0,0,14,0,4,2,7,84,0,0,32,0,0,0,0
1,0,0,0,0,1,0,4,1,0,25,5,0,0,0,2,0,1,0,0,753,0,4,0,0,0,4,69,0,3,0,1,0,2,1,3,2,1,0,3,0,0,0,0,2,6,2,0
0,0,1,0,0,1,0,1,41,0,1,10,0,0,2,15,72,0,0,7,1,7224,26,0,1,0,0,6,139,0,4,3,1,0,0,1,0,0,0,0,6,0,0,5,6,2,0,0
2,7,1,2,5,4,2,0,1,0,1,7,10,8,2,5,22,9,3,9,8,10,1211,7,13,15,0,35,0,9,5,6,2,3,5,25,0,3,4,22,4,3,3,8,4,36,2,1
0,47,42,3,5,104,27,0,0,0,0,0,1,373,7,10,0,80,245,0,0,0,3,1528,634,305,0,0,0,2,0,2,6,65,23,0,11,0,0,0,0,100,136,0,2,73,0,0
1,58,126,0,5,514,66,0,3,0,4,1,7,241,16,183,1,115,186,0,0,1,11,666,2823,534,0,3,3,9,4,10,45,35,17,1,44,0,1,0,0,160,245,13,1,36,9,3
0,4,0,0,0,2,7,0,0,0,0,0,0,7,1,12,0,7,386,0,0,0,1,126,200,3991,0,0,0,4,0,3,9,0,15,0,4,0,0,0,0,7,161,0,0,169,0,0
0,0,0,0,0,0,0,0,0,77,31,0,2,0,0,0,0,0,0,0,1,0,0,0,0,0,699,2,0,0,0,0,0,0,0,0,0,7,14,16,0,0,0,0,0,6,12,13
0,0,1,0,0,1,0,3,1,15,32,15,0,0,0,2,10,2,0,6,385,8,22,1,0,0,8,2319,6,0,2,0,0,1,0,40,0,38,3,82,8,0,0,1,1,1,2,0
0,0,1,0,0,0,0,5,1010,22,19,56,71,0,0,27,376,0,0,54,18,116,15,0,1,0,19,16,8248,2,24,33,11,0,0,2,5,17,14,31,192,0,0,69,10,7,13,8
24,6,41,88,50,51,89,2,5,0,0,33,30,5,334,12,1,3,28,1,1,1,2,8,13,25,0,0,3,2758,36,34,9,124,115,0,25,0,0,0,0,58,24,19,203,21,0,0
0,0,1,1,2,15,0,8,28,0,0,12,8,0,1,94,2,3,4,3,0,8,2,5,6,5,0,0,8,12,2094,333,69,5,2,0,17,0,0,0,0,2,4,59,14,3,0,0
1,5,10,2,2,18,4,3,97,0,1,38,234,1,4,261,12,12,5,4,3,5,18,12,36,5,0,0,25,70,580,3369,486,5,9,0,6,0,1,0,2,1,18,80,16,15,6,1
0,0,0,0,0,0,0,0,21,0,0,0,3,0,0,16,0,0,0,0,0,1,1,2,5,7,0,0,3,2,19,61,811,0,0,0,2,0,0,0,1,0,4,3,3,5,0,0
21,10,91,69,70,47,11,0,0,0,0,0,0,22,146,0,0,8,3,0,0,0,0,2,5,0,0,0,0,13,1,0,0,1003,33,0,3,0,0,0,0,27,12,0,6,0,0,0
0,0,4,13,1,1,15,0,0,0,0,0,0,0,1,0,0,0,1,0,0,0,0,0,2,0,0,0,0,4,0,0,0,2,461,0,2,0,0,0,0,2,0,0,2,0,0,0
1,1,2,0,0,2,2,101,0,4,14,29,0,0,0,0,2,1,0,14,10,1,8,0,1,0,2,20,0,2,0,0,0,1,0,1266,0,5,2,22,1,0,0,1,2,0,0,0
68,21,30,23,18,26,50,0,1,0,0,6,16,32,10,6,0,535,19,0,1,1,0,24,42,38,0,0,6,28,24,6,3,22,21,1,3488,0,0,0,1,27,33,41,44,1,0,0
0,0,0,0,0,0,0,0,0,54,0,2,0,0,0,0,3,0,0,65,0,0,1,0,0,0,40,3,0,0,0,0,0,0,0,0,0,4409,145,42,75,0,0,0,0,0,712,15
0,0,0,0,0,0,0,0,0,66,1,0,0,0,0,0,0,0,0,6,0,0,2,0,0,0,10,0,0,0,0,0,0,0,0,0,0,55,1486,6,0,0,0,0,0,0,6,29
0,0,2,0,0,1,0,10,0,112,273,61,1,2,0,0,11,0,1,20,19,5,7,0,0,0,64,54,2,0,0,0,0,2,0,56,0,29,8,1863,31,0,0,1,0,1,16,1
0,0,0,0,0,0,0,2,3,0,6,37,1,0,0,0,3,0,0,61,0,2,2,0,0,0,0,0,11,0,0,0,0,0,0,4,0,11,0,13,376,0,0,5,0,0,11,0
3,1,20,10,2,32,4,0,0,0,0,0,0,8,21,3,0,8,5,0,0,0,0,19,24,2,0,0,0,1,0,0,0,8,3,0,3,0,0,0,0,216,12,0,7,2,0,0
2,5,6,4,1,35,0,0,0,0,0,0,0,13,27,23,0,43,30,0,0,0,1,86,107,122,0,0,0,17,6,2,3,55,13,0,12,0,0,0,0,44,1185,2,30,14,0,0
0,0,0,0,1,5,0,14,28,0,1,62,43,0,5,5,8,0,0,80,0,0,4,0,0,0,0,0,12,16,25,13,1,0,0,3,30,3,0,1,40,1,5,1053,11,1,3,3
7,0,3,33,0,15,6,2,1,0,0,4,0,1,36,12,1,8,6,0,1,0,1,4,1,5,0,0,1,115,7,2,4,7,51,0,37,0,0,0,0,24,11,10,1786,0,0,0
0,1,0,0,1,2,1,0,0,0,8,0,2,9,0,2,0,15,6,0,0,0,1,22,8,83,7,0,0,3,1,1,1,3,0,0,0,0,0,0,0,4,24,0,0,1008,0,1
0,0,0,0,0,0,0,0,0,10,5,18,4,0,0,0,3,0,0,18,1,1,1,0,2,0,27,1,0,0,0,0,0,0,0,2,0,421,36,14,41,0,0,4,0,2,2146,47
0,0,0,0,0,0,0,0,0,1,0,0,0,0,0,0,0,0,0,0,0,0,0,0,0,0,2,0,0,0,0,0,0,0,0,0,0,0,3,0,0,0,0,0,0,0,3,103
