0.77659,0.81069,0.60258,0.75474,0.64744,0.61127,0.7538,0.92704,0.81339,0.77975,0.78025,0.76923,0.76208,0.61951,0.6371,0.64444,0.72788,0.77942,0.66893,0.86079,0.83023,0.97512,0.93197,0.61735,0.70385,0.81605,0.86737,0.95523,0.89757,0.90726,0.80632,0.88704,0.71997,0.67906,0.64854,0.9411,0.88586,0.92183,0.89057,0.89577,0.64825,0.59929,0.71911,0.78368,0.85587,0.84585,0.81151,0.97368
0.81157
1738,37,82,226,48,8,77,0,0,0,0,0,0,12,2,0,0,47,0,0,0,0,0,1,1,0,0,0,0,0,0,0,0,23,7,0,13,0,0,0,0,1,0,0,0,0,0,0
26,2351,53,0,80,2,70,0,0,0,0,0,0,263,0,0,0,6,57,0,0,0,0,54,10,6,0,0,0,0,1,0,0,6,1,0,0,0,0,0,0,0,2,0,0,0,0,0
65,50,1216,54,18,134,39,0,7,1,0,1,0,78,10,4,16,12,3,3,0,4,3,16,58,2,1,3,2,2,1,1,0,73,6,0,5,1,0,8,2,17,3,2,4,1,1,0
221,0,25,1671,13,10,34,0,0,0,0,0,0,1,19,0,0,15,0,0,0,0,0,1,0,0,0,0,0,9,0,1,0,69,64,0,12,0,0,0,0,1,2,0,21,0,0,0
11,6,9,6,505,1,1,0,0,0,0,0,0,2,0,0,0,0,1,0,0,0,0,0,0,0,0,0,0,1,0,0,0,12,0,0,0,0,0,0,0,0,0,0,0,0,0,0
18,17,157,31,9,1659,20,0,1,0,1,0,0,40,102,14,0,38,3,0,0,1,0,31,168,1,0,0,1,39,11,4,0,95,18,0,9,0,0,0,1,22,23,8,20,0,2,0
50,30,37,4,12,3,1589,0,0,0,0,0,0,12,0,0,0,4,24,0,0,0,0,0,8,1,0,0,0,1,0,0,0,4,12,0,6,0,0,0,0,2,0,0,0,0,0,0
0,0,0,0,0,1,0,216,0,0,0,0,0,0,0,0,0,0,0,0,0,0,0,0,0,0,0,0,0,0,0,0,0,0,0,2,0,0,0,0,0,0,0,0,0,0,0,0
0,0,1,0,0,1,0,0,4725,5,7,72,132,0,0,9,40,4,0,18,9,36,10,0,3,0,6,2,764,7,28,86,18,0,0,0,7,2,8,3,20,0,4,92,21,17,11,1
0,0,0,0,0,0,0,0,0,570,0,0,0,0,0,0,0,0,0,1,0,0,0,0,0,0,15,0,0,0,0,0,0,0,0,0,0,2,8,9,0,0,0,0,0,0,0,0
0,0,0,0,0,1,0,0,1,3,735,6,1,0,0,1,0,1,0,3,8,3,2,0,2,0,16,2,1,0,0,0,0,0,0,4,0,4,0,47,6,0,0,0,1,4,3,0
0,1,0,0,0,10,0,1,19,0,16,1280,17,0,0,0,1,0,2,4,0,3,0,4,9,3,0,1,5,7,6,9,0,0,1,15,0,3,0,13,21,0,1,25,2,0,7,0
0,0,0,0,0,3,0,0,13,0,2,10,1278,1,0,1,0,1,0,0,0,0,3,1,5,1,0,0,1,3,4,13,0,2,0,0,1,0,0,0,0,0,4,8,0,2,1,0
6,230,137,8,41,47,41,0,0,0,0,0,0,1778,0,3,0,107,86,0,0,0,2,195,112,6,0,0,0,1,0,3,0,71,10,0,3,0,0,0,0,11,7,0,0,2,0,0
1,0,5,5,0,14,0,0,0,0,1,0,0,0,632,0,0,0,0,0,0,0,0,0,0,0,0,0,0,34,0,0,0,6,2,0,0,0,0,0,0,4,1,0,2,0,0,0
0,0,1,1,0,6,0,0,0,0,0,0,0,0,0,493,0,0,0,0,0,0,0,0,11,1,0,0,0,0,9,12,2,0,0,0,2,0,0,0,0,0,1,0,1,0,0,0
0,0,0,0,0,0,0,0,6,0,0,4,0,0,0,1,872,1,0,8,1,8,0,0,1,1,0,1,25,1,1,2,1,0,0,0,1,0,0,2,5,0,0,7,6,1,1,0
7,17,7,8,1,65,10,0,3,0,0,0,1,71,5,8,1,3378,6,0,0,0,2,55,98,7,0,0,0,3,1,0,1,9,6,0,305,0,0,0,0,15,32,0,2,0,2,0
0,18,1,0,0,0,41,0,0,0,0,0,0,28,0,1,0,4,1479,0,0,0,0,42,30,70,0,0,0,0,0,0,0,1,8,0,0,0,0,0,0,1,16,0,0,1,0,0
0,0,0,0,0,0,0,1,0,1,0,7,1,0,0,0,5,0,0,1552,0,2,0,0,0,0,0,1,8,0,0,0,0,0,0,10,0,5,0,6,26,0,0,17,0,0,0,0
0,0,0,0,0,0,0,0,1,1,7,1,0,0,0,1,1,1,0,1,846,0,0,0,0,0,1,27,0,1,0,0,0,0,0,1,0,0,0,1,0,1,0,0,1,1,2,0
0,0,0,0,0,1,0,0,35,0,0,5,0,0,1,4,33,0,0,5,0,7329,13,0,1,0,0,4,117,0,5,4,2,0,0,0,0,0,0,1,4,0,0,5,5,2,0,0
1,5,1,1,2,3,4,0,2,0,0,6,5,9,1,1,12,2,2,7,4,3,1370,4,8,9,0,16,0,3,4,4,2,0,2,12,1,1,2,14,3,1,1,2,2,9,3,0
0,44,47,4,1,89,11,0,0,0,0,0,2,303,4,6,0,66,155,0,0,0,2,2107,519,253,0,0,0,2,1,0,0,54,9,0,8,0,0,0,0,38,84,0,3,22,0,0
0,45,103,4,2,464,44,0,3,0,1,0,4,201,7,95,1,110,136,0,0,4,7,633,3470,424,0,2,2,14,7,28,33,38,7,0,35,0,0,0,0,62,176,11,2,17,9,0
0,2,0,0,0,0,4,0,0,0,0,0,1,8,0,7,0,11,200,0,0,1,2,138,192,4352,0,0,0,4,1,2,1,0,2,0,1,0,0,0,0,1,109,0,0,77,0,0
0,0,0,0,0,0,0,0,0,18,10,0,0,0,0,0,0,1,0,0,1,0,0,0,0,0,824,2,0,0,0,0,0,0,0,0,0,3,8,7,0,0,0,0,0,4,2,0
0,0,1,0,0,0,0,0,0,5,7,15,0,0,0,0,5,1,1,8,126,4,7,0,0,0,2,2731,9,1,2,0,0,1,0,14,0,24,4,37,8,0,0,0,0,2,1,0
0,0,0,0,0,0,0,0,872,12,8,57,59,0,0,5,193,0,0,51,6,98,12,0,0,0,10,26,8780,6,16,43,7,0,0,2,4,11,13,39,98,0,1,57,5,6,15,0
30,6,34,72,14,42,64,0,3,0,0,21,14,5,125,4,1,4,14,0,2,1,3,6,21,22,0,0,1,3375,35,33,2,80,40,0,14,0,0,0,0,19,17,15,128,14,1,0
0,1,1,0,0,8,0,0,18,0,0,11,5,1,1,18,1,2,0,1,0,7,2,0,9,6,0,0,10,13,2398,240,23,5,1,0,10,0,0,0,0,1,1,24,11,1,0,0
5,2,5,2,3,26,3,0,67,0,1,32,127,1,1,68,3,6,7,1,1,2,12,13,23,8,0,0,28,62,390,4256,248,3,2,0,4,0,2,0,1,1,7,37,12,8,3,0
0,1,0,0,0,0,0,0,7,0,0,0,0,0,0,3,0,0,0,0,0,0,0,0,4,2,0,0,8,2,9,41,887,0,0,0,0,0,0,0,0,0,3,1,0,2,0,0
14,11,51,42,21,38,10,0,0,0,0,0,0,16,51,0,0,8,2,0,0,0,0,2,5,0,0,0,0,20,0,0,0,1278,17,0,2,0,0,0,0,2,5,0,8,0,0,0
1,0,2,4,0,1,9,0,0,0,0,0,0,0,0,0,0,1,1,0,0,0,0,0,1,0,0,0,0,0,0,0,0,2,489,0,0,0,0,0,0,0,0,0,0,0,0,0
0,0,1,1,0,0,0,12,0,1,8,23,0,0,0,0,1,0,0,5,2,1,3,1,1,1,1,11,1,2,0,0,0,0,0,1422,0,4,3,9,2,0,0,0,1,0,0,0
34,19,25,30,9,27,26,0,1,0,0,1,11,26,3,3,0,435,9,0,1,0,2,20,49,27,0,0,3,14,18,7,0,20,9,1,3803,0,0,0,0,5,21,26,28,0,0,0
0,0,0,0,0,0,0,0,0,19,1,2,0,0,0,0,1,0,0,38,0,0,0,0,0,0,22,2,0,0,0,0,0,0,0,0,0,4823,111,37,31,0,0,0,0,0,479,0
0,0,0,0,0,0,0,0,0,30,1,0,0,0,0,0,0,0,0,2,0,0,0,0,0,0,5,0,0,0,0,0,0,0,0,0,0,37,1587,3,0,0,0,0,0,0,2,0
0,0,2,0,0,3,2,0,1,62,132,46,2,0,0,0,5,0,1,15,10,7,7,0,1,0,27,27,1,0,0,0,0,0,0,22,0,28,4,2226,12,0,0,2,0,0,8,0
0,0,0,0,0,0,0,0,0,0,0,26,0,0,0,0,1,0,0,10,1,0,0,0,0,0,0,0,6,0,0,0,0,0,0,3,0,4,0,9,481,0,0,2,0,0,5,0
0,0,4,5,0,14,0,0,0,0,0,0,0,3,6,0,0,8,1,0,0,0,0,6,18,1,0,0,0,0,0,0,0,0,0,0,0,0,0,0,0,338,8,0,2,0,0,0
0,4,4,7,0,21,0,0,0,0,0,0,0,6,10,7,0,30,13,0,0,0,1,63,78,91,0,0,0,10,7,1,3,23,5,0,7,0,0,0,0,13,1449,1,30,4,0,0
0,1,0,0,0,2,0,3,21,0,0,23,14,0,2,1,3,0,0,57,0,1,3,0,2,1,0,1,7,10,13,5,0,1,0,3,14,0,1,0,10,0,2,1268,6,0,2,0
9,1,3,28,0,9,8,0,3,0,0,3,1,1,10,6,1,6,3,0,0,0,0,3,5,5,0,0,1,73,6,3,1,4,36,0,26,0,0,0,0,7,12,4,1924,0,0,0
1,1,2,0,1,1,1,0,0,0,4,0,1,4,0,1,0,24,5,0,0,0,0,17,7,32,4,0,0,0,0,0,1,2,0,0,0,0,0,0,0,1,23,0,0,1081,0,0
0,0,1,0,0,0,0,0,0,3,0,12,1,0,0,0,1,0,0,13,1,1,2,0,0,0,15,0,1,0,0,0,0,0,0,0,0,280,31,14,11,0,0,4,0,0,2411,2
0,0,0,0,0,0,0,0,0,0,0,0,0,0,0,0,0,0,0,0,0,0,0,0,0,0,1,0,0,0,0,0,0,0,0,0,0,0,0,0,0,0,0,0,0,0,0,111
