0.6412,0.70138,0.37469,0.62438,0.34689,0.45228,0.57603,0.35547,0.74423,0.51645,0.4662,0.6127,0.58449,0.42996,0.33835,0.29595,0.54175,0.70067,0.51415,0.77809,0.57406,0.96758,0.84315,0.46829,0.60228,0.72919,0.64975,0.88238,0.86713,0.83151,0.67142,0.79573,0.46775,0.48937,0.42241,0.83732,0.80156,0.8663,0.8359,0.79702,0.30572,0.16517,0.5275,0.58057,0.74664,0.61798,0.68792,0.23684
0.67766
1351,42,136,311,169,14,124,0,0,0,0,0,0,17,7,0,0,56,0,0,0,0,0,0,0,0,0,0,0,2,0,0,0,54,11,0,26,0,0,0,0,3,0,0,0,0,0,0
43,1980,73,1,168,3,123,0,0,0,0,0,0,355,0,2,0,6,76,0,0,1,3,84,26,12,0,0,0,2,0,1,1,17,1,0,3,0,0,0,0,1,6,0,0,0,0,0
85,68,758,68,72,212,99,0,11,1,1,2,1,111,28,22,29,19,7,7,0,3,6,16,43,6,2,5,3,10,2,0,2,108,12,1,14,3,0,6,3,63,5,5,2,2,3,1
338,0,37,1260,33,10,49,0,0,0,0,0,0,1,87,0,0,30,0,0,0,0,0,2,0,0,0,0,0,23,0,0,0,136,106,0,14,0,0,0,0,7,0,0,56,0,0,0
28,24,23,5,435,1,3,0,0,0,0,0,0,8,0,0,0,4,1,0,0,0,0,0,0,0,0,0,0,1,0,0,0,20,0,0,1,0,0,0,0,0,1,0,0,0,0,0
16,14,243,50,32,1180,38,0,3,0,1,1,2,53,204,58,0,47,5,0,0,2,3,29,183,6,0,1,1,50,9,2,1,109,31,0,17,0,0,0,0,124,15,10,22,1,1,0
85,56,78,19,34,3,1394,0,0,0,0,0,0,17,0,0,0,5,44,0,0,0,0,1,9,4,0,0,0,1,0,0,0,2,32,0,7,0,0,0,0,8,0,0,0,0,0,0
0,0,0,0,0,2,0,182,0,0,5,7,1,0,3,0,0,0,0,0,1,0,0,0,0,0,0,0,0,1,1,0,0,0,0,12,0,0,0,0,1,0,0,0,0,1,2,0
0,0,0,0,0,1,0,13,4254,5,7,72,217,0,0,32,69,6,0,17,25,34,10,0,2,2,9,2,914,8,36,82,62,0,0,0,10,0,2,4,39,0,2,145,32,18,8,30
0,0,0,0,0,0,0,0,0,471,3,0,0,0,0,0,0,0,0,0,0,0,0,0,0,0,66,1,0,0,0,0,0,0,0,0,0,5,27,25,2,0,0,0,0,0,3,2
0,1,0,0,0,3,0,19,0,14,538,20,4,1,1,1,0,1,0,4,28,4,11,1,4,0,50,10,2,0,1,0,0,2,0,9,0,6,0,93,7,0,0,2,0,12,5,1
0,1,0,0,0,7,0,58,51,0,51,897,49,1,0,10,6,2,3,12,7,8,3,4,6,1,2,3,13,11,25,12,2,0,1,26,2,2,0,18,77,2,3,103,1,1,5,0
0,0,0,0,0,2,0,0,32,0,5,28,1138,2,0,2,0,6,1,0,0,0,14,3,10,8,0,0,1,11,5,26,7,0,0,0,4,0,0,1,0,1,18,18,1,10,1,3
14,399,203,6,108,57,86,0,0,0,0,0,0,1154,4,8,0,138,116,0,0,0,1,231,134,12,0,0,0,2,0,0,1,122,20,0,17,0,0,0,0,33,17,0,0,24,0,0
2,0,6,15,2,23,1,0,0,0,0,0,0,0,540,0,0,0,0,0,0,1,0,0,0,0,0,0,0,54,0,0,2,32,7,0,0,0,0,0,0,9,1,0,11,1,0,0
0,2,2,1,0,12,0,0,3,0,0,0,0,0,0,409,3,1,0,0,1,0,0,3,22,0,0,0,0,1,15,37,11,0,1,0,2,0,0,0,0,2,7,2,2,1,0,0
0,0,0,0,0,1,0,0,11,0,2,6,0,0,0,28,772,1,0,16,1,11,9,0,2,1,0,1,43,0,4,3,3,0,0,0,0,0,0,5,19,0,0,12,4,2,0,0
9,29,34,13,7,81,25,0,2,0,1,0,2,122,9,19,0,2919,11,0,0,1,3,65,111,10,0,0,0,10,0,1,2,10,11,0,492,0,0,1,0,44,72,3,5,1,0,1
0,25,1,0,0,1,62,0,0,0,0,0,0,56,0,3,0,4,1254,0,0,0,0,73,44,134,0,0,0,0,0,1,0,1,27,0,3,0,0,0,0,6,45,0,0,1,0,0
0,0,0,0,0,0,0,1,1,1,2,13,0,0,0,0,7,0,0,1392,0,6,2,0,0,0,0,1,3,0,0,0,0,0,0,17,0,3,2,7,147,0,0,36,0,0,0,1
1,0,0,1,0,1,0,7,1,0,37,3,0,0,1,3,2,1,0,1,717,1,1,0,1,0,3,88,0,3,1,0,0,1,0,3,2,2,0,1,0,0,0,2,0,9,2,0
0,0,2,0,0,1,0,1,44,0,1,7,1,0,1,16,57,0,0,4,2,7222,20,0,1,0,0,5,155,0,6,3,2,0,0,2,0,0,0,0,10,0,0,5,6,2,0,0
1,10,3,1,5,4,3,1,1,0,3,9,10,8,3,11,24,8,1,10,11,11,1145,10,11,17,0,43,1,8,12,5,2,3,6,33,2,1,4,27,5,1,6,10,5,39,6,4
1,57,42,2,5,117,38,0,0,0,0,0,0,378,6,12,0,71,265,0,0,0,2,1344,640,319,0,0,0,6,0,4,5,73,18,0,14,0,0,0,0,122,160,0,1,132,0,0
0,64,106,3,5,578,95,0,1,0,4,3,7,260,13,223,1,116,169,0,0,2,13,636,2594,568,0,4,4,16,6,21,53,48,12,1,48,1,0,1,0,166,293,13,2,39,6,6
0,9,0,0,0,0,13,0,0,0,0,0,1,5,2,20,0,10,379,0,0,0,2,171,213,3864,0,0,0,3,0,1,9,1,19,0,2,0,0,0,0,3,155,0,0,234,0,0
0,0,0,0,0,0,0,0,0,98,36,0,3,0,0,0,1,0,0,0,2,0,0,0,0,0,653,3,0,0,0,0,0,0,0,0,0,10,9,22,1,0,0,0,0,6,12,24
0,0,0,1,0,2,0,7,0,14,62,25,1,0,2,5,8,1,0,2,381,9,25,1,1,0,10,2228,6,2,0,0,0,1,0,56,0,30,6,104,15,2,0,2,2,2,3,0
0,0,1,0,0,0,0,16,1085,22,16,61,71,0,1,26,396,0,0,43,22,111,16,0,0,0,18,24,8086,1,21,43,14,0,0,0,5,11,5,18,234,0,0,91,6,7,16,25
29,2,49,81,57,64,125,5,3,0,0,27,30,5,371,11,1,9,24,0,3,1,6,14,13,32,0,0,1,2512,49,33,18,104,148,0,35,0,0,0,2,78,22,28,273,17,0,0
0,1,3,1,1,13,0,19,33,0,0,10,14,2,2,103,4,4,4,1,2,11,4,0,5,4,0,0,8,20,1976,381,88,5,1,0,11,0,0,0,1,4,9,59,21,5,0,0
0,5,11,0,4,28,4,11,120,0,2,48,302,5,6,267,11,11,9,3,2,12,20,8,28,10,0,1,34,64,651,3058,550,3,7,0,4,0,0,0,3,6,28,95,26,15,8,3
0,0,0,0,0,0,0,0,17,0,0,0,4,0,0,24,0,0,0,1,0,1,3,1,4,9,0,0,11,4,24,102,747,0,0,0,1,0,0,0,0,1,7,3,3,3,0,0
29,10,104,69,80,57,15,0,0,0,0,0,0,29,171,0,0,7,3,0,0,0,0,0,2,0,0,0,0,15,1,0,0,921,31,0,8,0,0,0,0,34,9,0,8,0,0,0
1,0,2,16,1,0,30,0,0,0,0,0,0,0,0,0,0,1,1,0,0,0,0,0,3,0,0,0,0,4,0,0,0,6,441,0,1,0,0,0,0,2,0,0,2,0,0,0
0,1,1,0,1,1,0,138,0,4,23,27,0,0,1,0,0,1,0,12,19,1,11,0,0,0,3,36,1,2,0,0,0,0,0,1189,0,3,4,29,6,0,0,0,2,0,1,0
68,16,63,33,32,33,72,0,2,0,0,3,19,47,5,12,0,599,18,0,4,1,0,18,39,47,0,0,5,32,28,8,4,25,20,0,3292,0,0,0,0,29,47,48,43,1,0,0
0,0,0,0,0,0,0,0,0,67,0,2,0,0,0,0,2,0,0,76,0,0,0,0,0,0,39,1,1,0,0,0,0,0,0,1,0,4244,166,39,95,0,0,1,0,0,790,42
0,0,0,0,0,0,0,0,0,95,0,0,0,0,0,0,0,0,0,5,0,0,0,0,0,0,19,0,0,0,0,0,0,0,0,0,0,65,1411,5,0,0,0,0,0,0,11,56
0,0,2,0,0,1,0,11,1,108,338,82,1,0,0,2,11,0,0,15,19,7,10,1,3,0,85,66,4,0,0,0,0,1,0,62,0,36,6,1712,46,0,0,1,0,1,18,3
0,0,0,0,0,0,0,1,3,1,6,37,1,0,0,0,2,0,0,74,1,2,2,0,0,0,0,0,17,0,0,0,0,0,0,3,0,8,0,14,358,0,0,7,0,0,11,0
2,2,23,17,1,44,8,0,0,0,0,0,0,13,25,1,0,15,5,0,0,0,0,24,35,1,0,0,0,5,0,0,0,8,6,0,2,0,0,0,0,148,21,0,6,2,0,0
0,5,8,4,0,31,2,0,0,0,0,0,0,19,47,28,1,44,32,0,0,0,1,93,93,145,0,0,0,15,3,3,0,59,10,0,15,0,0,0,0,72,1103,2,33,20,0,0
0,0,0,0,0,3,0,17,34,0,1,50,58,1,3,5,12,4,0,74,0,0,5,0,0,0,1,1,11,16,45,13,3,1,0,3,22,3,1,2,46,2,6,1016,9,2,3,4
4,0,8,40,0,16,10,5,2,0,0,3,0,2,52,17,3,7,3,0,0,0,1,3,11,4,0,0,0,104,21,2,7,6,65,0,30,0,0,0,0,29,11,15,1721,0,0,0
0,0,0,0,2,1,1,0,0,0,3,0,3,12,1,2,0,12,8,0,0,0,5,34,13,83,10,0,0,2,1,0,1,3,0,0,1,0,0,0,0,3,22,1,0,990,0,0
0,0,1,0,0,1,0,0,1,10,5,21,6,0,0,0,3,0,0,20,1,1,1,0,1,0,34,1,0,0,0,0,0,0,0,2,0,464,35,14,54,0,0,15,0,1,2028,84
0,0,0,0,0,0,0,0,0,1,1,0,1,0,0,0,0,0,0,0,0,0,0,0,0,0,1,0,0,0,0,1,0,0,0,0,0,2,10,0,0,0,0,0,0,0,5,90
