0.60647,0.65089,0.34195,0.54401,0.28055,0.42563,0.50344,0.21727,0.6239,0.39921,0.2827,0.4448,0.48668,0.39422,0.34307,0.23728,0.46067,0.62334,0.45165,0.74958,0.47519,0.96219,0.74747,0.40649,0.52433,0.70754,0.55743,0.81259,0.86249,0.70812,0.57358,0.71765,0.39288,0.38982,0.22637,0.66895,0.68056,0.84374,0.78412,0.68921,0.21901,0.14206,0.4341,0.49525,0.63849,0.54369,0.58692,0.28428
0.59644
1068,45,141,312,222,11,174,0,0,0,0,0,0,35,12,0,0,81,1,0,0,0,1,0,1,0,0,0,0,5,0,0,0,99,69,0,41,0,0,0,0,5,0,0,0,0,0,0
48,1801,58,5,158,6,226,0,0,0,0,0,0,429,0,3,0,10,112,0,0,2,7,57,11,16,0,0,0,0,0,1,0,13,4,0,7,0,0,0,0,1,11,0,0,2,0,0
74,61,569,50,94,245,91,0,6,0,3,13,1,149,28,31,31,18,8,2,1,7,5,9,60,2,2,9,15,22,1,1,0,107,76,0,26,4,2,13,1,74,8,1,0,4,3,0
284,2,29,1063,43,11,45,0,0,0,0,0,0,1,85,0,0,28,1,0,0,0,0,1,0,0,0,0,0,45,0,0,0,151,227,0,26,0,0,0,0,7,1,0,139,0,0,0
33,36,26,9,388,1,8,0,0,0,0,0,0,14,1,0,0,3,2,0,0,0,1,0,0,0,0,0,0,2,0,0,0,26,1,0,1,0,0,0,0,0,3,0,0,0,0,0
14,22,180,55,35,1116,29,2,3,0,0,1,5,62,188,63,4,42,5,0,4,6,5,21,215,3,0,3,0,68,8,4,9,121,48,0,30,0,0,1,0,118,19,22,30,1,2,0
99,100,51,9,46,6,1244,0,0,0,0,0,0,21,0,0,0,11,49,0,0,0,2,1,18,4,0,0,0,4,0,1,0,2,101,0,13,0,0,0,0,17,0,0,0,0,0,0
0,0,3,0,0,1,0,160,1,1,8,3,0,0,3,0,0,1,0,0,4,1,0,1,0,0,1,1,0,0,2,0,0,0,0,23,0,0,1,1,0,0,0,0,2,0,1,0
0,0,0,0,0,0,0,3,4240,7,10,40,211,0,0,29,99,4,0,15,28,25,10,0,2,0,2,0,759,7,109,144,81,0,0,0,8,2,7,0,60,0,1,178,34,18,11,25
0,0,0,0,0,0,0,0,0,404,10,0,0,0,0,0,0,0,0,0,0,0,0,0,0,0,96,1,0,0,0,0,0,0,0,0,0,26,30,26,1,0,0,0,0,0,6,5
0,1,0,0,0,2,0,62,2,20,402,16,5,2,0,2,3,1,0,4,33,6,16,3,4,0,55,9,2,0,0,0,0,0,0,28,0,9,0,151,5,0,0,1,1,6,4,0
0,1,1,0,0,4,1,133,98,0,86,419,102,1,0,11,12,1,0,16,7,8,10,4,5,0,3,9,10,14,55,17,7,1,1,102,3,3,0,55,130,3,6,134,3,2,8,0
0,1,1,0,1,1,1,0,52,0,5,4,1041,2,0,5,2,8,6,0,3,0,17,5,5,13,0,0,3,8,10,44,11,3,3,0,19,0,1,0,2,1,26,29,0,20,1,4
4,319,178,6,117,65,94,0,0,0,3,0,1,1092,3,4,0,141,125,0,0,1,4,298,150,7,0,3,0,2,1,0,0,106,54,0,45,0,0,0,0,41,39,0,0,4,0,0
0,0,5,25,8,36,1,0,0,0,1,0,0,0,477,4,0,0,0,0,0,0,1,0,0,0,0,0,0,54,1,0,1,38,10,0,3,0,0,0,0,5,2,1,34,0,0,0
0,0,1,0,0,15,2,0,4,0,0,2,1,0,0,373,9,1,1,0,0,2,1,5,26,2,0,0,0,3,17,49,8,1,2,0,1,0,0,0,0,0,8,3,1,2,0,0
0,0,0,0,0,0,0,1,21,0,3,18,1,0,0,23,732,0,0,13,1,15,8,0,2,0,0,0,51,0,2,4,4,0,0,1,0,0,0,2,32,0,0,17,4,2,0,0
8,70,24,6,11,122,21,0,1,0,2,0,3,146,7,15,0,2345,11,0,0,3,3,105,264,9,0,0,0,14,1,2,3,13,18,0,777,0,0,0,0,47,62,7,4,2,0,0
0,44,3,0,2,0,69,0,0,0,0,0,1,49,3,6,0,4,1135,0,0,0,0,104,56,145,0,0,0,0,0,2,0,0,52,0,8,0,0,0,0,7,50,0,0,1,0,0
0,0,0,0,0,0,0,2,1,2,8,7,0,0,0,0,10,0,0,1323,0,8,3,0,0,0,0,1,5,0,0,0,0,0,0,18,0,1,4,12,183,0,0,46,0,0,4,4
0,0,1,1,0,1,0,21,0,1,92,6,1,1,3,3,1,4,0,2,632,1,3,1,1,0,10,74,3,4,0,1,0,0,0,4,4,2,0,5,1,0,0,2,4,5,1,0
0,0,2,0,0,1,0,0,44,0,0,44,1,0,0,22,94,0,0,2,3,7126,25,0,0,0,1,1,169,0,4,2,1,0,0,1,0,0,0,0,23,0,0,5,3,2,0,0
0,12,3,2,4,3,3,4,1,5,8,42,37,7,3,6,26,8,2,9,19,18,959,9,6,16,4,88,0,10,17,5,6,3,5,59,2,5,4,52,3,0,2,7,5,39,4,12
0,61,33,1,18,110,55,0,0,0,1,0,1,304,6,16,0,92,265,0,0,1,11,1152,859,268,0,0,0,5,1,0,5,67,56,0,24,0,0,0,0,127,186,1,0,108,0,0
1,62,85,3,9,535,76,2,4,0,11,5,14,294,12,221,3,111,187,0,0,3,19,518,2780,393,0,11,6,19,7,29,62,37,69,0,75,2,1,2,0,152,259,16,2,98,2,4
0,2,0,0,0,2,23,0,0,0,0,0,5,3,10,34,0,11,458,0,0,0,18,234,426,3220,2,1,0,7,0,3,7,2,59,0,15,0,0,0,0,17,209,0,0,348,0,0
0,0,0,0,0,0,0,0,0,127,53,0,3,0,0,0,1,0,0,0,2,0,0,1,0,0,563,1,0,0,0,0,0,0,0,0,0,10,35,20,0,0,0,0,0,4,28,32
0,0,5,0,0,2,0,21,0,42,181,27,0,0,4,2,17,0,0,11,496,9,29,3,4,1,27,1730,8,1,2,0,0,2,0,155,0,8,9,204,6,1,0,1,5,2,1,0
0,0,0,0,0,0,0,2,1995,46,41,79,66,0,0,22,492,0,0,37,26,114,24,0,0,0,14,12,6893,1,31,67,18,0,0,0,2,25,15,6,312,0,0,110,11,6,25,20
23,3,62,146,68,80,176,7,2,0,0,23,65,6,599,17,1,14,31,0,3,1,8,10,8,34,0,0,1,1640,68,43,17,253,307,0,61,0,0,0,1,133,15,17,337,2,0,0
0,1,1,0,1,9,0,61,41,0,0,31,39,1,4,175,2,2,2,0,2,15,12,10,8,3,0,1,2,22,1485,483,152,11,5,0,33,0,0,0,1,18,10,79,98,10,0,0
1,7,11,2,5,26,7,30,178,0,5,17,377,2,11,341,7,10,8,0,2,10,25,13,32,15,0,0,14,43,617,2684,706,10,12,0,6,0,0,0,4,10,53,119,40,17,4,2
0,0,0,0,0,1,0,0,31,0,0,0,7,0,3,33,0,2,1,0,0,1,3,1,6,8,0,0,9,10,43,110,671,0,0,0,1,0,0,0,0,0,17,4,5,3,0,0
25,25,113,104,118,58,8,0,0,0,0,0,0,39,179,1,0,9,2,0,0,0,0,2,2,0,0,0,0,33,0,0,0,789,32,0,10,0,0,0,0,31,12,0,11,0,0,0
4,1,1,19,2,0,27,0,0,0,0,0,0,0,0,0,0,6,3,0,0,0,0,0,2,0,0,0,0,7,0,0,0,16,412,0,2,0,0,0,0,6,1,0,2,0,0,0
0,0,1,1,0,1,0,161,0,11,38,23,0,0,3,0,5,0,0,10,35,3,14,0,0,2,2,71,0,1,0,0,0,0,0,1073,0,2,0,55,4,0,0,0,1,0,0,0
71,74,46,56,26,47,65,6,1,0,0,7,24,67,1,17,0,696,40,0,3,3,2,26,84,136,0,0,1,51,29,10,3,42,69,0,2825,0,0,0,0,35,36,50,63,1,0,0
0,0,0,0,0,0,0,0,0,74,9,1,0,0,0,0,1,0,0,91,0,0,2,0,0,0,50,10,1,0,0,0,0,0,0,0,0,3634,167,77,204,0,0,0,0,0,1158,87
0,0,0,0,0,0,0,0,0,127,5,0,0,0,0,0,5,0,0,13,0,0,2,0,0,0,24,0,0,0,0,0,0,0,0,0,0,89,1195,2,1,0,0,0,0,0,34,170
0,0,1,0,0,1,0,30,1,128,401,51,1,0,0,0,8,0,0,15,21,6,10,0,6,0,100,86,2,0,0,0,0,0,0,125,0,25,4,1590,24,0,0,0,0,1,11,5
0,0,0,0,0,0,0,5,7,5,10,13,0,0,0,0,3,0,0,89,0,4,2,0,0,0,0,2,16,0,0,0,0,0,0,9,0,7,0,22,318,0,0,14,0,0,22,0
2,4,14,14,2,57,9,0,0,0,0,0,0,17,28,1,0,10,5,0,0,0,0,29,61,0,0,0,0,9,1,0,0,13,23,0,6,0,0,0,0,86,18,0,4,1,0,0
0,12,4,7,3,27,2,0,0,0,0,0,2,18,23,48,0,56,39,0,0,0,0,146,184,160,0,0,0,30,10,3,6,91,11,0,20,0,0,0,0,58,853,3,42,30,0,0
0,0,0,1,0,2,0,22,55,0,4,27,98,0,4,5,10,9,0,85,0,3,5,0,1,0,1,1,16,16,47,24,12,2,5,6,29,1,2,0,52,0,8,886,13,8,13,4
2,0,10,57,0,14,14,6,3,0,0,5,0,0,45,29,8,5,5,0,2,3,3,5,3,5,0,0,0,152,19,4,4,5,89,0,26,0,0,0,0,67,7,16,1586,3,0,0
0,0,1,0,2,0,0,0,3,0,10,1,14,8,1,9,0,18,9,0,0,0,8,60,9,89,11,1,0,7,1,2,3,0,0,0,2,0,0,0,0,3,43,0,0,896,2,1
0,0,0,0,0,3,0,0,1,12,10,17,10,0,0,1,3,0,0,28,3,1,4,0,1,0,41,3,6,0,0,0,0,0,0,0,0,446,40,11,84,0,0,20,0,0,1921,138
0,0,0,0,0,0,0,0,0,0,2,0,2,0,0,0,0,0,0,0,0,0,1,0,0,0,1,0,0,0,0,1,0,0,0,0,0,6,7,0,0,0,0,0,0,0,7,85
