0.647,0.69098,0.37284,0.61891,0.35872,0.4747,0.5559,0.3499,0.73736,0.49285,0.43619,0.57425,0.5882,0.4502,0.32817,0.31011,0.53509,0.68757,0.50847,0.77351,0.59407,0.96183,0.84018,0.47015,0.60856,0.72464,0.63654,0.89393,0.86205,0.82792,0.66185,0.80458,0.45887,0.48512,0.39574,0.84494,0.81688,0.86651,0.82789,0.77727,0.29991,0.17534,0.54528,0.58848,0.75859,0.62106,0.70372,0.2359
0.67685
1338,43,138,308,153,7,169,0,0,0,0,0,0,11,9,0,0,57,0,0,0,0,0,1,1,0,0,0,0,3,0,0,0,50,12,0,20,0,0,0,0,3,0,0,0,0,0,0
33,2046,73,1,165,5,130,0,0,0,0,0,0,293,1,3,0,6,88,0,0,1,2,67,24,19,0,0,0,2,0,1,0,16,1,0,2,0,0,0,0,4,4,0,0,1,0,0
81,95,755,61,77,166,104,0,15,1,0,0,0,95,32,29,27,17,5,5,0,8,2,17,47,6,1,4,8,8,2,2,1,118,22,1,9,3,0,7,5,78,5,0,3,1,3,1
325,1,43,1257,29,7,72,0,0,0,0,0,1,1,89,0,0,27,0,0,0,0,0,1,1,0,0,0,0,19,0,0,0,116,124,0,14,0,0,0,0,9,1,1,51,0,0,0
29,26,19,6,438,1,3,0,0,0,0,0,0,10,0,0,0,3,1,0,0,0,0,0,0,0,0,0,0,2,0,0,0,16,0,0,0,0,0,0,0,0,1,0,0,0,0,0
19,21,261,43,26,1135,34,0,2,0,2,1,1,43,228,65,1,44,8,0,2,3,1,23,195,4,0,0,0,54,12,1,3,122,32,0,17,0,0,0,1,117,11,12,19,1,0,0
71,68,68,14,27,4,1432,0,0,0,0,0,0,10,0,0,0,5,32,0,0,0,0,1,9,3,0,0,0,0,0,0,0,4,34,0,7,0,0,0,0,10,0,0,0,0,0,0
0,0,1,0,0,1,1,169,0,0,5,8,0,0,4,0,0,0,0,0,4,1,0,0,1,0,0,0,0,0,2,0,0,0,0,16,0,0,0,0,1,1,0,1,0,1,2,0
0,0,0,0,0,0,0,10,4186,4,13,112,213,0,0,29,67,4,0,15,30,31,12,0,2,1,13,3,963,6,32,64,68,0,0,0,13,0,6,2,44,1,1,141,33,19,10,21
0,0,0,0,0,0,0,0,0,448,1,0,0,0,0,0,0,0,0,0,0,0,0,0,0,0,72,1,0,0,0,0,0,0,0,0,0,11,27,37,2,0,0,0,0,0,2,4
1,0,1,0,0,3,0,20,0,13,499,27,3,2,0,4,0,1,0,4,32,9,11,1,4,0,56,12,2,0,1,0,0,5,0,10,0,7,0,103,4,0,0,1,0,14,4,1
1,1,2,0,0,9,0,54,60,0,61,901,47,2,0,9,5,0,2,12,6,9,4,6,3,3,3,1,15,16,29,10,4,0,1,18,3,1,0,21,74,5,3,77,0,1,7,0
0,0,0,0,0,5,0,0,35,0,5,27,1107,2,0,2,0,7,2,0,0,0,14,3,13,8,0,0,4,12,6,39,7,0,0,0,6,0,0,0,2,2,17,15,1,14,1,2
14,417,200,6,102,50,91,0,0,0,0,0,0,1112,4,7,0,156,137,0,0,0,1,225,141,10,0,0,0,2,0,0,2,116,18,0,8,0,0,0,0,56,15,0,0,17,0,0
3,0,6,17,4,19,0,0,0,0,0,0,0,0,530,1,0,1,0,0,0,1,1,0,0,0,0,0,0,61,0,1,1,32,6,0,0,0,0,0,0,9,1,0,12,1,0,0
0,0,2,0,0,10,0,0,3,0,0,0,0,0,1,414,2,0,0,0,0,0,0,2,24,2,0,0,0,0,19,32,13,0,2,0,3,0,0,0,0,2,4,2,2,1,0,0
0,0,0,0,0,1,0,0,12,0,2,6,1,0,1,19,770,1,0,15,1,14,4,0,2,1,0,0,48,0,4,5,5,0,0,2,1,0,0,4,21,0,0,10,5,2,0,0
10,34,43,13,6,84,24,0,2,0,1,0,1,111,16,15,0,2982,13,0,0,0,3,80,134,9,0,0,0,9,1,0,1,14,14,0,393,0,1,0,0,48,54,6,3,1,0,0
0,23,1,0,0,0,76,0,0,0,0,0,0,60,0,4,0,3,1231,0,0,0,0,95,32,143,0,0,0,0,0,0,1,1,28,0,1,0,0,0,0,4,37,0,0,1,0,0
0,0,0,0,0,0,0,1,1,1,2,17,0,0,0,0,10,0,0,1390,0,6,0,0,0,0,0,1,4,0,0,0,0,0,0,18,0,3,5,9,138,0,0,34,0,0,0,2
1,0,0,1,0,1,0,10,2,0,43,5,0,0,1,4,1,1,0,1,701,1,2,1,0,1,6,84,0,4,0,0,0,2,0,2,4,2,0,3,0,0,0,0,1,7,4,0
0,0,0,0,0,1,0,1,42,0,1,5,0,0,2,17,67,0,0,5,1,7232,24,0,0,0,0,4,137,0,8,4,1,0,0,0,0,0,0,0,10,0,0,6,5,3,0,0
2,8,4,3,3,5,3,2,2,3,2,13,12,14,1,10,28,7,2,10,13,12,1146,2,12,14,0,43,0,9,8,5,4,2,6,26,2,3,5,22,6,2,6,4,5,47,5,1
0,64,39,1,7,112,44,0,0,0,0,0,0,372,5,15,0,125,254,0,0,0,2,1378,575,323,0,0,0,1,0,1,7,78,19,0,11,0,0,0,0,123,168,0,1,109,0,0
0,71,115,2,6,526,96,0,2,0,3,3,7,195,13,246,0,128,189,0,0,2,15,658,2601,555,0,0,2,7,7,30,60,55,19,0,34,2,1,1,0,192,284,20,1,43,6,4
0,6,0,0,0,1,15,0,0,0,0,0,1,6,4,23,0,8,345,0,0,1,1,173,183,3879,0,0,0,5,0,2,10,1,19,0,1,0,0,0,0,2,190,0,0,240,0,0
0,0,0,0,0,0,0,0,0,105,29,0,3,0,0,0,0,0,0,0,2,0,0,0,0,0,655,4,0,0,0,0,0,0,0,0,0,8,12,21,0,0,0,0,0,6,16,19
0,0,0,1,0,0,0,6,0,22,64,22,0,0,2,4,10,1,0,6,316,11,25,0,3,0,18,2267,7,3,3,0,0,0,1,43,0,31,5,126,7,1,0,2,2,2,5,0
0,0,1,0,0,0,0,7,1070,20,34,86,72,0,0,19,397,0,0,42,23,125,16,0,0,0,21,21,8030,1,24,44,8,0,0,1,4,15,11,19,265,0,0,90,5,7,14,20
31,1,49,94,57,45,144,3,2,0,0,29,32,3,361,9,1,5,23,0,2,1,4,12,12,60,0,0,2,2473,52,35,13,108,167,0,42,0,0,0,1,105,17,26,243,18,0,0
1,1,2,1,1,12,0,25,41,0,0,10,12,0,1,91,3,2,4,1,1,11,3,2,5,5,0,1,12,23,1971,365,81,6,2,0,27,0,0,0,2,4,5,72,20,4,0,0
0,2,12,1,3,18,7,11,133,0,3,54,289,4,7,210,13,9,9,2,3,12,22,2,36,13,0,0,30,62,673,3092,571,1,8,0,11,0,1,0,2,3,15,89,25,17,5,3
0,0,0,0,0,0,0,0,24,0,0,1,7,0,0,21,0,0,1,0,0,1,4,0,6,7,0,0,10,6,35,87,742,0,0,0,0,0,0,0,0,1,6,3,3,5,0,0
30,7,98,79,82,42,17,0,0,0,0,0,0,32,178,1,0,8,4,0,0,0,0,3,2,1,0,0,0,18,0,0,0,929,30,0,2,0,0,0,0,27,8,0,5,0,0,0
1,0,2,15,1,0,28,0,0,0,0,0,0,0,0,0,0,0,2,0,0,0,0,0,1,1,0,0,0,3,0,0,0,6,446,0,1,0,0,0,0,2,0,0,2,0,0,0
1,0,1,0,0,2,1,127,0,5,25,33,0,0,1,0,1,1,0,10,21,8,20,1,0,0,2,29,0,3,0,0,0,0,0,1177,0,3,5,32,4,1,0,0,2,0,1,0
66,20,49,41,31,22,70,0,1,0,0,2,14,47,5,8,0,648,26,0,1,1,1,30,39,59,0,0,10,31,32,6,3,29,21,1,3261,0,0,0,0,22,41,37,38,0,0,0
0,0,0,0,0,0,0,0,0,67,2,2,0,0,0,0,3,0,0,72,0,0,2,0,0,0,47,1,1,0,0,0,0,0,0,1,0,4297,153,47,85,0,0,0,0,0,730,56
0,0,0,0,0,0,0,0,0,97,0,0,0,0,0,0,0,0,0,5,0,0,0,0,0,0,15,0,0,0,0,0,0,0,0,0,0,65,1395,4,0,0,0,0,0,0,10,76
0,0,2,0,0,4,0,18,1,110,334,79,1,1,0,1,11,1,0,20,19,14,9,0,4,1,80,58,2,0,0,0,0,1,0,69,0,37,5,1717,33,0,0,0,0,1,18,2
0,0,0,0,0,0,0,1,2,2,5,36,0,0,0,0,4,0,0,78,0,2,1,0,0,0,1,0,17,0,0,0,0,0,0,5,0,12,0,18,347,0,0,7,0,0,10,0
3,2,23,15,1,42,6,0,0,0,0,0,0,10,26,2,0,11,4,0,0,0,0,28,39,1,0,0,0,3,0,0,0,12,10,0,1,0,0,0,0,154,14,0,6,1,0,0
1,4,9,5,1,29,3,0,0,0,0,0,0,18,46,26,1,41,30,0,0,0,1,79,106,130,0,0,0,9,4,2,4,66,12,0,14,0,0,0,0,57,1138,5,33,14,0,0
0,0,0,0,0,2,0,17,35,0,2,69,50,1,4,4,11,2,0,84,0,0,5,0,0,0,1,1,11,17,38,12,2,0,0,2,41,3,2,0,54,1,4,981,15,1,3,2
6,0,4,46,0,18,6,1,3,0,0,0,0,1,42,20,3,9,2,0,0,1,1,7,8,5,0,0,0,113,14,2,4,5,73,0,39,0,0,0,0,47,9,13,1700,0,0,0
0,0,1,0,1,1,0,0,0,0,2,0,2,14,1,3,0,16,7,0,0,0,4,33,8,89,8,0,0,2,1,0,1,4,0,0,0,0,0,0,0,2,28,1,0,985,0,0
0,0,1,0,0,1,0,0,1,10,4,21,5,0,0,0,3,0,0,20,2,1,1,0,1,0,29,1,0,0,0,0,0,0,0,1,0,454,42,16,49,0,0,11,0,1,2045,84
0,0,0,0,0,0,0,0,0,1,0,0,1,0,0,0,0,0,0,0,0,0,0,0,0,0,1,0,0,0,0,1,0,0,0,0,0,2,9,0,0,0,0,0,0,0,5,92
