0.59684,0.63472,0.33219,0.53156,0.28624,0.42532,0.4927,0.22649,0.67088,0.41171,0.28511,0.38023,0.49364,0.39636,0.33792,0.23217,0.45248,0.57342,0.45145,0.7482,0.49718,0.95867,0.73123,0.38508,0.53391,0.70957,0.55457,0.8364,0.86087,0.71644,0.56015,0.73635,0.38863,0.39483,0.22027,0.68374,0.68047,0.84896,0.77389,0.64762,0.2649,0.13651,0.39081,0.4829,0.65652,0.49941,0.6192,0.2656
0.59598
1094,47,135,294,218,9,192,0,0,0,0,0,0,26,10,0,0,89,1,0,0,0,0,0,1,0,0,0,0,6,0,0,0,98,77,0,22,0,0,0,0,4,0,0,0,0,0,0
50,1828,66,5,160,4,224,0,0,0,0,0,0,413,0,3,0,11,120,0,0,2,5,45,6,18,0,1,0,0,0,1,0,11,3,0,2,0,0,0,0,1,9,0,0,0,0,0
75,69,583,47,93,228,99,0,5,0,4,5,0,136,28,39,32,26,6,2,0,8,3,7,67,4,1,6,16,12,1,1,0,104,86,0,16,5,2,14,0,80,9,1,2,2,3,0
309,2,22,1061,39,6,46,0,0,0,0,0,0,1,83,0,0,35,1,0,0,0,0,0,0,0,0,0,0,30,0,0,0,151,234,0,26,0,0,0,0,12,1,1,129,0,0,0
30,39,24,10,389,1,8,0,0,0,0,0,0,12,1,0,0,4,2,0,0,0,0,0,0,0,0,0,0,3,0,0,0,29,0,0,1,0,0,0,0,0,2,0,0,0,0,0
16,17,193,65,36,1045,28,1,2,0,1,2,0,68,195,76,4,38,4,1,3,6,6,20,218,2,0,4,0,57,7,5,7,127,57,0,31,0,0,0,0,146,23,23,29,0,1,0
89,108,54,6,45,2,1282,0,0,0,0,0,0,12,1,0,0,10,46,0,0,0,0,0,16,5,0,1,0,0,0,1,0,3,97,0,2,0,0,0,0,18,0,1,0,0,0,0
0,0,2,0,0,2,0,157,1,0,15,3,0,0,3,0,0,0,0,0,3,2,1,1,0,0,1,1,0,0,2,0,0,0,0,18,0,0,1,1,0,0,1,0,2,0,2,0
0,0,0,0,0,0,0,1,4195,7,11,57,179,0,0,32,100,5,0,14,24,31,18,0,1,0,4,0,837,12,113,94,70,0,0,0,14,0,3,0,88,0,1,165,31,21,11,30
0,0,0,0,0,0,0,0,0,422,2,0,0,0,0,0,0,0,0,0,0,0,0,0,0,0,80,1,0,0,0,0,0,0,0,0,0,24,35,28,1,0,0,0,0,0,6,6
0,1,2,0,0,0,0,77,0,15,337,20,2,0,0,1,2,2,0,3,32,7,13,4,9,0,61,15,2,0,0,0,0,2,0,34,0,5,1,192,6,0,0,1,1,4,4,0
0,1,2,0,0,6,1,149,103,0,74,427,102,0,0,7,12,3,1,19,7,7,7,5,6,0,3,8,20,19,48,14,5,1,0,103,0,3,0,84,108,6,4,112,1,3,5,0
0,0,0,0,1,0,4,0,80,0,3,17,970,0,0,3,2,18,10,0,0,0,28,4,4,10,0,0,3,13,15,38,16,3,2,0,21,0,0,0,0,0,31,32,0,22,2,6
7,349,192,6,108,56,99,0,0,0,2,0,0,1067,2,6,0,183,130,0,0,1,3,279,122,6,0,1,0,1,2,0,0,110,52,0,27,0,0,0,0,44,42,1,0,9,0,0
0,0,5,30,5,38,2,0,0,0,0,1,0,0,477,3,0,0,0,0,0,0,1,0,0,0,0,1,0,51,1,0,1,39,9,0,4,0,0,0,0,9,0,0,30,0,0,0
0,0,1,0,0,15,2,1,6,0,0,2,1,0,0,371,10,1,0,0,1,2,1,5,22,3,0,0,0,2,24,34,10,1,1,0,3,0,0,0,0,2,13,4,0,2,0,0
0,0,0,0,0,0,0,1,25,0,2,11,1,0,0,31,738,0,0,15,0,11,3,0,2,0,0,1,40,0,2,4,3,0,0,1,1,0,0,3,42,0,0,12,6,2,0,0
9,82,30,6,14,119,29,0,3,0,0,0,0,124,6,14,2,2472,15,0,0,4,5,88,262,7,0,0,1,10,1,2,3,14,21,0,659,0,0,0,0,44,68,6,5,1,0,0
0,45,4,0,2,0,75,0,0,0,0,0,1,41,3,6,0,6,1153,0,0,0,0,101,43,149,0,0,0,0,0,1,1,0,49,0,6,0,0,0,0,8,47,0,0,0,0,0
0,0,0,0,0,0,0,2,0,2,4,9,0,0,0,0,11,0,0,1349,0,8,1,0,0,0,0,2,6,0,0,0,0,0,0,19,0,2,4,11,169,0,0,33,0,0,7,3
0,0,2,1,0,0,0,28,1,1,77,12,2,1,3,3,1,3,0,1,618,1,1,1,1,0,12,91,1,3,0,0,0,0,0,3,7,2,0,10,2,0,0,0,2,4,1,0
0,0,0,0,0,1,0,0,37,0,1,33,0,0,0,20,95,0,0,5,2,7144,37,0,1,0,0,0,156,0,4,1,0,0,0,4,0,0,0,1,23,0,0,4,4,3,0,0
0,11,3,2,4,3,2,3,0,3,17,14,31,8,2,12,33,15,3,10,22,16,925,11,12,17,6,64,0,10,18,8,6,2,5,66,3,5,6,56,1,0,4,7,5,81,5,7
0,65,50,2,18,100,55,0,0,0,0,0,1,327,6,14,0,121,270,0,0,1,5,1022,774,259,0,2,0,6,0,3,9,65,54,0,21,0,0,0,0,126,259,0,2,197,0,0
2,66,89,2,9,512,81,1,7,0,6,1,7,296,14,263,2,117,202,0,1,5,25,550,2669,405,0,10,8,9,4,27,61,41,68,0,72,2,0,2,0,158,298,27,3,71,3,5
0,2,0,0,0,3,25,0,0,0,0,0,2,4,10,32,0,16,443,0,0,0,6,199,404,3225,1,0,0,4,0,5,10,2,55,0,13,0,0,0,0,16,292,0,0,347,0,0
0,0,0,0,0,0,0,1,0,130,47,2,2,0,0,0,1,0,0,0,3,0,0,0,2,0,564,1,0,0,0,0,0,0,0,0,0,9,35,23,0,0,0,0,0,2,25,33
0,0,2,0,0,2,0,27,0,48,137,21,0,0,7,3,18,1,0,7,425,12,22,5,4,1,42,1774,6,1,2,0,0,2,0,100,0,12,12,309,6,1,0,1,3,2,1,0
0,0,0,0,0,0,0,6,1390,36,34,205,57,0,0,15,512,0,0,39,33,124,27,1,0,0,21,7,7283,2,31,51,16,0,0,0,4,23,15,7,400,0,0,108,9,6,24,26
32,3,74,171,62,91,173,8,1,0,1,22,60,2,589,18,1,13,28,0,4,2,13,10,9,38,0,0,1,1521,70,34,21,221,341,0,83,0,0,0,0,169,13,15,366,2,0,0
0,0,2,0,1,9,1,51,49,0,0,68,45,0,6,158,2,5,2,0,0,17,13,18,7,4,0,0,5,25,1532,437,134,7,6,0,30,0,0,0,0,41,12,87,43,13,0,0
1,7,8,3,4,20,15,25,207,0,4,39,382,5,6,338,5,9,8,0,1,14,24,16,22,15,0,0,16,53,736,2522,668,10,12,0,12,0,1,0,3,19,44,154,32,18,3,2
0,0,0,0,0,0,0,0,40,0,0,0,7,0,3,34,0,1,1,1,0,1,3,1,7,6,0,0,3,11,39,105,677,0,0,0,0,0,0,0,0,1,14,5,4,6,0,0
28,27,102,129,118,49,9,0,0,0,0,0,0,37,181,1,0,7,3,0,0,0,0,2,2,0,0,0,0,21,0,0,0,794,35,0,5,0,0,0,0,34,11,0,8,0,0,0
5,1,1,23,2,0,27,0,0,0,0,0,0,0,0,0,0,6,3,0,0,0,0,0,2,0,0,0,0,5,0,0,0,11,413,0,1,0,0,0,0,6,1,0,4,0,0,0
0,0,1,1,0,1,0,183,0,12,41,7,0,1,4,0,4,0,0,9,33,3,12,2,1,3,5,53,1,1,0,0,0,0,0,1068,0,2,0,66,2,0,0,0,1,0,0,0
79,86,77,57,25,38,96,4,2,0,0,10,15,68,2,13,1,965,28,0,3,4,0,18,68,139,0,0,2,44,20,10,2,45,66,0,2530,0,0,0,0,47,60,44,44,1,0,0
0,0,0,0,0,0,0,0,0,67,15,4,0,0,0,0,2,0,0,98,1,0,1,0,0,0,58,5,1,0,0,0,0,0,0,0,0,3811,174,77,186,0,0,0,0,0,991,75
0,0,0,0,0,0,0,0,0,137,1,0,0,0,0,0,4,0,0,13,0,0,2,0,0,0,23,0,0,0,0,0,0,0,0,0,0,91,1215,1,1,0,0,0,0,0,30,149
0,0,2,0,0,0,0,47,1,127,306,36,1,0,0,1,10,0,0,12,22,8,8,0,6,0,88,68,2,0,0,0,0,0,0,133,0,25,7,1700,26,0,0,0,0,1,9,7
0,0,0,0,0,0,0,5,2,5,7,21,0,0,0,0,2,0,0,98,0,4,4,0,0,0,0,2,26,0,0,0,0,0,0,10,0,7,0,22,302,0,0,11,0,0,20,0
2,5,13,16,1,49,11,0,0,0,0,0,0,18,30,3,0,14,5,0,0,0,0,28,62,0,0,0,1,3,0,0,0,14,26,0,4,0,0,0,0,91,14,0,4,0,0,0
1,18,2,7,4,24,3,0,0,0,0,0,1,16,29,44,1,59,59,0,0,0,0,142,152,144,0,0,0,36,9,0,6,98,5,0,21,0,0,0,0,58,893,2,36,18,0,0
0,1,0,2,0,1,0,21,80,0,3,44,84,0,2,5,13,6,0,81,0,3,25,0,1,0,1,1,20,18,37,19,9,1,4,3,42,1,3,2,64,0,7,833,17,5,14,4
4,0,12,50,0,19,13,8,5,0,0,3,3,0,40,26,7,6,3,0,1,2,1,9,4,6,0,0,0,132,14,5,5,5,97,0,34,0,0,0,0,94,7,12,1575,0,0,0
0,0,0,0,1,0,0,1,7,0,18,0,1,9,0,2,0,44,7,0,0,0,7,60,10,79,8,0,0,2,3,2,2,0,0,0,1,0,0,0,0,3,105,0,1,841,0,0
0,0,0,0,0,4,0,0,4,13,11,27,6,0,0,1,3,0,0,25,4,2,9,0,0,0,37,1,3,0,0,0,0,0,0,0,0,453,49,16,80,0,0,23,0,0,1909,124
0,0,0,0,0,0,0,0,0,0,1,0,2,0,0,0,1,0,0,1,0,0,0,0,0,0,1,0,0,0,0,1,0,0,0,0,0,7,7,0,0,0,0,0,0,0,7,84
