0.64637,0.68503,0.36707,0.61348,0.36106,0.45912,0.56152,0.35146,0.73864,0.50554,0.4408,0.57673,0.58842,0.44508,0.3261,0.30409,0.53356,0.68358,0.50951,0.77965,0.59811,0.96271,0.83662,0.4717,0.61034,0.72369,0.63865,0.89181,0.86426,0.82337,0.66521,0.80157,0.45851,0.48482,0.39467,0.844,0.81716,0.8685,0.83225,0.77362,0.29577,0.16698,0.54957,0.59445,0.75357,0.62429,0.70192,0.25434
0.6765
1327,42,142,313,156,9,169,0,0,0,0,0,0,8,5,0,0,57,0,0,0,0,0,1,0,0,0,0,0,1,0,0,0,56,12,0,22,0,0,0,0,3,0,0,0,0,0,0
35,2027,75,0,162,4,130,0,0,0,0,0,0,318,0,3,0,7,84,0,0,1,2,63,24,19,0,0,0,1,0,1,0,19,1,0,2,0,0,0,0,5,4,0,0,1,0,0
77,84,758,64,82,184,99,0,18,1,0,1,0,89,34,28,28,21,6,4,0,9,2,18,45,6,1,6,5,6,1,0,1,120,20,0,7,3,0,8,6,74,4,0,2,1,3,1
324,1,37,1265,26,6,76,0,0,0,0,0,0,0,81,0,0,26,0,0,0,0,0,2,0,0,0,0,0,16,0,0,0,124,124,0,18,0,0,0,0,9,0,0,54,0,0,0
30,27,20,8,434,0,3,0,0,0,0,0,0,9,0,0,0,2,1,0,0,0,0,1,0,0,0,0,0,2,0,0,0,18,0,0,0,0,0,0,0,0,0,0,0,0,0,0
21,17,268,47,26,1095,34,0,4,0,1,1,1,50,235,63,1,47,7,0,1,3,3,26,197,3,0,1,0,57,11,3,3,122,30,0,16,0,0,0,1,123,10,13,22,1,0,0
68,65,71,15,25,3,1433,0,0,0,0,0,0,12,0,0,0,4,35,0,0,0,0,2,7,3,0,0,0,0,0,0,0,4,35,0,7,0,0,0,0,10,0,0,0,0,0,0
0,0,1,0,0,1,0,168,0,0,8,8,0,0,3,0,0,0,0,0,3,0,0,0,2,0,0,0,0,0,1,0,0,0,0,18,0,0,0,1,1,1,0,0,1,0,2,0
0,0,0,0,0,0,0,11,4194,6,12,95,208,0,0,35,73,5,0,18,26,30,11,0,1,1,16,3,956,8,39,67,70,0,0,0,13,0,3,3,44,0,2,141,29,18,10,21
0,0,0,0,0,0,0,0,0,456,1,0,0,0,0,0,0,0,0,0,0,0,0,0,0,0,64,1,0,0,0,0,0,0,0,0,0,10,27,38,2,0,0,0,0,0,3,3
1,1,0,0,0,3,0,20,1,11,510,24,3,1,0,3,0,1,0,6,34,8,10,3,4,0,54,10,1,0,1,0,0,6,0,10,0,4,0,101,3,0,0,0,1,13,6,1
0,1,3,0,0,8,0,50,59,0,63,902,45,1,0,10,7,2,1,9,7,11,4,3,6,2,3,2,11,18,31,11,3,0,1,19,1,3,0,16,77,7,4,75,0,2,8,0
0,0,0,0,0,4,0,0,40,0,3,34,1098,3,0,2,0,7,2,0,0,0,23,2,15,7,1,0,3,11,6,33,9,0,0,0,8,0,0,0,2,1,15,13,0,13,1,2
16,431,206,7,100,55,86,0,0,0,0,0,0,1090,5,6,0,162,127,0,0,0,1,242,136,10,0,0,0,3,1,0,1,117,18,0,9,0,0,0,0,45,15,0,0,18,0,0
4,0,7,20,5,21,0,0,0,0,0,0,0,0,526,1,0,0,0,0,0,1,1,0,0,0,0,0,0,59,0,1,1,32,6,0,0,0,0,0,0,7,1,0,13,1,0,0
0,1,3,0,0,11,0,0,3,0,0,0,0,0,0,409,3,0,0,0,0,0,0,2,25,1,0,0,0,1,19,35,12,0,1,0,4,0,0,0,0,1,4,2,2,1,0,0
0,0,0,0,0,1,0,0,14,0,3,7,0,0,0,20,771,1,0,15,1,14,3,0,1,2,0,1,43,0,4,5,4,0,0,1,1,0,0,5,21,0,0,13,5,1,0,0
9,34,41,15,6,79,27,0,1,1,0,0,2,108,13,16,0,2990,11,0,0,0,3,80,133,12,0,0,0,10,1,1,1,11,11,0,389,0,0,0,0,58,52,6,4,1,0,0
0,25,2,0,0,0,70,0,0,0,0,0,0,54,0,2,0,3,1232,0,0,0,0,98,35,142,0,0,0,0,0,0,2,1,29,0,3,0,0,0,0,7,35,0,0,1,0,0
0,0,0,0,0,0,0,1,0,1,2,12,0,0,0,0,11,0,0,1387,0,7,1,0,0,0,0,1,4,0,0,0,0,0,0,17,0,3,5,8,147,0,0,34,0,0,0,1
1,0,0,0,0,1,0,7,2,0,53,6,0,0,2,3,1,1,0,1,698,1,1,1,1,1,7,78,0,4,0,0,0,2,1,3,5,2,0,1,0,0,0,0,1,7,4,0
0,0,0,0,0,2,0,1,45,0,1,5,0,0,1,18,68,0,0,5,1,7229,23,0,0,0,0,4,138,0,6,4,1,0,0,0,0,0,0,0,11,0,0,5,5,3,0,0
2,10,5,2,2,7,3,1,2,2,4,13,11,9,2,9,25,9,1,10,11,13,1147,2,14,15,0,44,0,8,7,5,6,1,7,28,2,2,5,26,4,3,4,6,5,44,5,1
0,66,34,1,7,115,47,0,0,0,0,0,0,364,6,14,0,126,253,0,0,0,3,1400,568,323,0,0,0,3,0,1,6,74,23,0,11,0,0,0,0,123,153,0,0,113,0,0
1,74,121,2,5,529,89,0,3,0,3,2,8,196,13,230,2,121,193,1,0,2,16,660,2608,572,0,0,2,10,3,27,57,54,20,1,33,1,1,1,0,178,286,18,0,49,6,3
0,6,0,0,0,1,15,0,0,0,0,0,1,6,4,20,0,10,356,0,0,0,1,167,188,3871,0,0,0,4,0,3,13,1,19,0,1,0,0,0,0,3,193,0,0,233,0,0
0,0,0,0,0,0,0,0,0,103,26,0,3,0,0,0,0,0,0,0,1,0,0,0,1,0,661,4,0,0,0,0,0,0,0,0,0,9,11,20,0,0,0,0,0,5,14,22
0,0,0,1,0,0,0,12,0,18,60,23,0,0,3,6,8,1,0,5,311,12,25,0,2,0,13,2275,6,2,3,0,0,0,1,39,0,32,5,126,12,1,0,0,4,3,7,0
0,0,1,0,0,0,0,9,1057,26,25,87,75,0,0,23,396,0,0,44,27,120,16,0,0,0,24,26,8035,2,19,39,13,0,0,1,4,13,10,18,276,0,0,80,6,6,17,17
31,1,56,99,53,46,137,3,1,0,0,28,30,4,363,10,1,10,25,0,2,1,3,9,10,59,0,0,2,2452,48,33,14,114,160,0,46,0,0,0,1,110,19,30,253,17,1,0
1,1,3,1,1,11,0,19,33,0,0,10,15,1,1,91,3,3,3,0,1,10,2,2,7,4,0,1,10,24,1979,382,77,5,1,0,22,0,0,0,1,4,8,66,22,5,0,0
2,2,11,1,1,25,5,13,131,0,1,46,292,5,9,230,13,9,7,1,4,11,20,4,30,9,0,0,32,65,674,3066,577,2,8,0,7,1,2,0,3,2,19,97,23,18,5,0
0,0,0,0,0,0,0,0,23,0,0,0,4,0,0,24,0,1,1,0,0,1,3,1,5,5,0,0,10,5,36,83,746,0,0,0,1,0,0,0,0,1,6,4,4,6,0,0
26,10,107,76,78,41,15,0,0,0,0,0,0,32,174,0,0,6,3,0,0,0,0,3,2,1,0,0,0,17,1,0,0,942,34,0,3,0,0,0,0,18,7,0,7,0,0,0
1,0,2,15,1,0,29,0,0,0,0,0,0,0,0,0,0,0,3,0,0,0,0,0,1,1,0,0,0,3,0,0,0,6,444,0,1,0,0,0,0,2,0,0,2,0,0,0
1,0,1,0,0,4,1,132,0,2,19,35,0,0,1,0,2,1,0,11,17,7,18,1,0,0,3,31,1,2,0,0,0,0,0,1174,0,3,4,39,3,1,0,0,2,0,1,0
65,26,51,36,28,23,70,0,1,0,0,4,16,47,5,7,0,658,22,0,1,1,1,26,46,55,0,0,6,32,29,7,3,23,20,1,3267,0,0,0,1,23,44,33,35,0,0,0
0,0,0,0,0,0,0,0,0,64,1,2,0,0,0,0,2,0,0,68,0,0,1,0,0,0,45,1,1,0,0,0,0,0,0,1,0,4326,150,49,93,0,0,0,0,0,728,34
0,0,0,0,0,0,0,0,0,91,0,0,0,0,0,0,0,0,0,4,0,0,0,0,0,0,18,1,0,0,0,0,0,0,0,0,0,61,1404,4,0,0,0,0,0,0,11,73
0,0,4,0,0,2,0,11,2,109,345,89,1,1,1,1,10,1,0,20,18,14,12,0,6,1,82,60,2,0,0,0,0,1,0,71,0,34,6,1695,32,0,0,0,0,1,18,3
0,0,0,0,0,0,0,2,2,2,5,36,0,0,0,0,2,0,0,73,0,2,2,0,1,0,1,0,18,0,0,0,0,0,0,4,0,10,0,16,357,0,0,6,0,0,9,0
2,1,23,17,1,45,5,0,0,0,0,0,0,8,26,2,0,13,2,0,0,0,0,32,32,2,0,0,1,4,1,0,0,14,10,0,2,0,0,0,0,148,16,0,6,1,0,0
0,5,10,7,1,28,3,0,0,0,0,0,0,18,44,30,1,43,33,0,0,0,0,85,98,133,0,0,0,10,4,2,1,66,13,0,15,0,0,0,0,55,1142,1,29,11,0,0
0,0,0,0,0,3,0,17,38,0,3,72,45,1,3,5,10,1,0,78,1,0,4,0,0,0,1,0,10,19,36,13,1,0,0,3,39,3,2,0,57,1,4,985,16,1,2,3
7,0,2,50,0,15,6,1,3,0,0,1,0,1,52,19,4,8,3,0,0,0,1,6,10,4,0,0,0,117,14,2,4,6,76,0,39,0,0,0,0,38,5,17,1691,0,0,0
1,1,0,0,2,1,0,0,0,0,2,0,2,13,1,5,0,17,7,0,0,0,5,26,12,85,7,0,0,2,0,0,1,2,0,0,0,0,0,0,0,4,26,0,0,992,0,0
0,0,0,0,0,2,0,0,1,8,5,21,4,0,0,0,3,0,0,19,2,1,3,0,0,0,32,1,0,0,0,0,0,0,0,0,0,460,43,16,52,0,0,12,0,2,2044,73
0,0,0,0,0,0,0,0,0,1,1,0,2,0,0,0,0,0,0,0,0,0,0,0,0,0,2,0,0,0,0,1,0,0,0,0,0,1,9,0,0,0,0,0,0,0,7,88
