0.62617,0.64809,0.34628,0.59425,0.30585,0.46108,0.53592,0.25507,0.7094,0.45551,0.3615,0.51625,0.54323,0.39692,0.28923,0.28225,0.49867,0.64287,0.4526,0.76471,0.54667,0.96179,0.76969,0.40757,0.57559,0.71593,0.58984,0.86056,0.86486,0.79048,0.59288,0.76566,0.40134,0.42646,0.32238,0.76918,0.74172,0.85714,0.82224,0.72731,0.25541,0.15617,0.44308,0.53944,0.68312,0.60322,0.64319,0.26653
0.63505
1201,41,131,327,195,10,187,0,0,0,0,0,0,20,11,0,0,79,0,0,0,0,0,0,0,0,0,0,0,4,0,0,0,64,18,0,31,0,0,0,0,4,0,0,0,0,0,0
39,1954,76,0,163,4,141,0,0,0,0,0,0,342,0,6,0,15,106,0,0,1,4,73,10,22,0,0,0,0,0,0,1,20,4,0,0,0,0,0,0,2,5,0,0,0,0,0
80,113,633,70,81,183,107,0,10,1,0,3,0,107,34,37,37,23,5,2,0,7,2,12,63,4,1,6,8,6,3,0,0,127,31,0,8,6,0,10,1,95,4,1,2,1,2,1
313,0,32,1198,30,4,68,0,0,0,0,0,1,2,88,0,0,38,0,0,0,0,0,0,1,0,0,0,0,19,0,0,0,145,108,0,25,0,0,0,0,9,0,1,107,0,0,0
28,27,27,4,408,1,7,0,0,0,0,0,0,17,1,0,0,4,1,0,0,0,0,0,0,0,0,0,0,2,0,0,0,23,2,0,0,0,0,0,0,0,3,0,0,0,0,0
19,24,199,51,34,1078,41,0,4,0,1,1,2,55,216,70,2,45,5,0,2,4,5,28,208,3,0,1,0,45,8,1,3,138,35,0,24,0,0,0,0,161,14,15,21,0,1,0
87,77,69,11,32,3,1365,0,0,0,0,0,0,11,1,0,0,6,48,0,0,0,0,2,7,5,0,0,0,1,0,0,0,3,52,0,6,0,0,0,0,13,0,0,0,0,0,0
0,0,2,0,0,1,0,163,0,0,9,6,0,0,4,0,1,0,0,0,1,2,0,1,2,0,2,0,0,0,1,0,0,1,0,19,0,0,0,1,0,1,0,0,1,0,1,0
0,0,0,0,0,0,0,22,4167,8,13,120,202,0,0,44,72,3,0,16,22,29,17,0,2,1,8,1,899,9,84,86,68,0,2,0,11,1,3,1,36,1,2,140,28,18,13,20
0,0,0,0,0,0,0,0,0,430,1,0,0,0,0,0,0,0,0,0,0,0,0,0,0,0,72,1,0,0,0,0,0,0,0,0,0,16,44,32,2,0,0,0,0,0,3,4
0,1,1,0,0,2,0,48,1,12,415,32,4,2,1,0,2,1,0,6,38,6,12,2,7,0,64,17,0,1,2,0,0,1,0,14,0,6,0,133,3,0,0,1,1,13,4,2
0,1,2,0,0,9,0,101,63,0,57,810,48,1,0,11,11,2,2,11,8,8,8,4,7,1,2,3,18,16,51,14,2,0,1,34,3,5,0,21,65,0,1,79,1,1,3,1
0,0,1,0,0,1,0,0,50,0,7,31,1043,1,1,3,5,6,2,0,2,0,25,3,20,10,0,0,3,8,15,30,8,1,1,0,21,0,0,1,0,1,17,21,0,13,0,7
8,433,204,3,104,47,83,0,0,0,1,0,0,1032,5,6,0,185,146,0,0,0,1,246,107,7,0,0,0,1,1,0,2,136,34,0,16,0,0,0,0,38,42,1,0,18,0,0
1,0,8,17,6,29,1,0,0,0,0,0,0,0,503,1,0,0,0,0,0,1,0,0,0,0,0,0,0,53,0,0,2,39,8,0,2,0,0,0,0,7,1,0,27,1,0,0
0,0,3,0,0,13,0,0,5,0,0,1,0,0,1,396,4,1,0,0,1,3,0,3,24,3,0,0,0,2,19,34,9,0,1,0,3,0,0,0,0,0,9,2,1,2,0,0
0,0,0,0,0,1,0,1,23,0,1,7,1,0,0,16,752,0,0,18,2,17,7,0,1,1,0,1,35,0,4,5,4,0,0,0,0,0,0,4,31,0,0,17,7,1,0,0
7,52,31,11,9,75,25,0,2,0,0,0,0,118,8,21,0,2675,19,0,0,4,2,71,191,7,0,0,0,7,0,0,2,14,12,0,619,0,1,1,0,42,89,5,5,1,0,0
0,33,4,0,2,1,65,0,0,0,0,0,0,62,2,5,0,1,1208,0,0,0,0,94,26,143,0,0,0,0,0,0,1,1,40,0,2,0,0,0,0,4,46,0,0,1,0,0
0,0,0,0,0,0,0,0,0,1,5,20,0,0,0,0,9,0,0,1365,0,6,3,0,0,0,1,2,2,0,0,0,0,0,0,14,0,4,3,11,168,0,0,27,0,0,1,0
1,0,1,1,0,2,0,17,1,0,61,4,0,0,5,1,2,2,0,3,656,0,4,0,2,1,11,88,0,6,1,0,0,0,1,5,5,2,0,4,0,0,0,0,1,7,1,0
0,0,1,0,0,1,0,1,57,0,2,18,1,0,1,14,74,0,0,4,1,7174,27,0,1,0,0,0,161,0,5,1,1,0,0,2,0,0,0,0,16,0,0,5,5,3,0,0
1,7,3,1,2,5,2,0,1,0,12,16,26,11,2,12,38,4,3,12,12,15,1036,10,10,14,1,67,0,7,14,3,5,2,7,40,3,3,5,45,1,2,6,11,7,48,6,6
0,70,55,0,12,79,38,0,0,0,0,0,1,378,7,20,0,140,309,0,0,0,2,1142,688,294,0,0,0,1,0,0,7,78,33,0,14,0,0,0,0,135,205,0,2,124,0,0
1,96,92,2,3,497,98,0,9,0,7,3,8,273,13,226,0,123,208,0,1,4,24,619,2566,519,0,2,4,13,6,27,60,51,41,0,51,0,1,1,0,181,292,19,0,52,3,5
0,2,0,0,0,0,15,0,0,0,0,0,3,6,6,26,0,8,481,0,0,0,7,235,182,3556,0,0,0,3,0,2,12,2,37,0,6,0,0,0,0,6,279,0,0,242,0,0
0,0,0,0,0,0,0,0,0,106,28,1,2,0,0,1,1,0,0,0,2,0,0,0,1,0,627,4,0,0,0,0,0,0,0,0,0,9,20,26,1,0,0,0,0,6,14,31
0,0,0,0,0,2,0,21,1,25,107,16,0,0,1,5,25,1,0,5,368,10,28,1,4,0,22,2012,6,6,1,0,0,0,0,104,1,13,7,200,6,3,0,1,6,5,3,0
0,0,0,0,0,0,0,17,1195,43,44,142,72,0,0,18,404,0,0,34,25,127,21,0,0,0,17,14,7763,0,29,46,15,0,0,0,3,21,7,14,297,0,0,98,10,6,15,15
19,1,42,116,96,77,153,6,4,0,0,21,41,16,505,14,1,13,24,0,2,1,8,16,11,52,0,0,0,1943,65,30,13,142,220,0,60,0,0,0,0,125,33,37,369,5,0,1
0,0,3,0,1,13,0,40,35,0,0,20,20,1,0,102,1,1,3,1,0,13,12,0,13,5,0,0,12,28,1781,424,140,2,5,0,28,0,0,0,1,8,7,82,21,6,0,1
1,2,9,2,3,21,7,24,146,0,1,38,343,2,4,230,6,11,4,0,2,11,19,12,36,15,0,1,17,50,789,2702,720,9,11,0,11,0,1,0,5,4,28,130,28,20,5,3
0,0,0,0,0,0,0,0,30,0,0,1,5,0,1,38,0,2,1,0,0,1,6,0,10,6,0,0,6,5,45,94,704,0,0,0,1,0,0,0,1,1,5,1,2,4,0,0
29,19,102,87,115,34,15,0,0,0,0,0,0,38,197,0,0,9,3,0,0,0,0,1,2,0,0,0,0,17,0,0,1,838,40,0,6,0,0,0,0,32,11,0,7,0,0,0
2,0,4,18,3,0,34,0,0,0,0,0,0,0,0,0,0,1,3,0,0,0,0,1,0,0,0,0,0,4,0,0,0,10,422,0,1,0,0,0,0,5,0,0,3,0,0,0
0,1,1,0,0,3,0,176,0,7,37,28,0,0,2,0,4,0,0,10,24,3,16,2,1,1,3,41,0,1,0,0,0,0,1,1103,0,1,4,44,2,0,0,0,1,0,0,0
77,48,55,36,32,38,73,2,5,0,0,3,17,64,4,13,0,662,32,0,0,3,1,27,57,67,0,0,2,38,20,6,3,34,38,0,3001,0,0,0,0,44,84,63,64,0,0,0
0,0,0,0,0,0,0,0,0,83,4,3,0,0,0,0,4,0,0,83,0,0,1,0,0,0,55,1,1,0,0,0,0,0,0,1,0,3996,152,54,107,0,0,0,0,0,946,75
0,0,0,0,0,0,0,0,0,93,0,0,0,0,0,0,9,0,0,7,0,0,1,0,0,0,25,1,0,0,0,0,0,0,0,0,0,66,1346,3,1,0,0,0,0,0,14,101
0,0,2,0,0,3,0,22,1,115,308,88,1,0,0,2,15,0,0,18,29,5,11,1,4,0,101,73,2,0,0,0,0,1,0,92,0,31,4,1683,23,0,0,0,0,1,12,5
0,0,0,0,0,0,0,4,2,3,7,48,0,0,0,0,3,0,0,90,0,2,3,0,0,0,1,1,27,0,0,0,0,0,0,3,0,8,0,14,307,0,0,7,0,0,18,0
3,3,17,17,1,43,7,0,0,0,0,0,0,12,35,2,0,13,5,0,0,0,0,27,58,0,0,0,1,3,0,0,0,13,14,0,2,0,0,0,0,111,20,0,7,0,0,0
0,9,8,3,1,37,3,0,0,0,0,0,0,18,41,33,1,48,41,0,0,0,0,125,116,148,0,0,0,17,7,3,2,62,13,0,16,0,0,0,0,79,1012,2,28,15,0,0
0,0,2,1,0,2,0,17,55,0,5,61,70,0,3,3,14,2,0,80,0,0,13,0,2,0,1,1,8,14,42,14,6,1,2,3,24,2,2,0,58,2,5,937,14,1,6,4
1,0,8,40,0,15,12,8,5,0,0,3,0,2,43,24,6,4,2,0,0,2,1,6,6,4,0,0,0,123,11,3,2,7,75,0,42,0,0,0,0,40,13,18,1675,1,0,0
0,1,0,0,1,1,0,0,2,0,5,0,3,9,0,3,0,33,8,0,0,0,9,38,12,78,7,0,0,5,0,3,1,0,0,0,0,0,0,0,0,3,51,1,1,938,0,1
0,0,0,0,0,3,0,0,0,16,10,24,4,0,0,0,4,0,0,20,2,0,10,0,0,0,40,0,1,0,0,0,0,0,0,0,0,467,28,11,70,0,0,15,0,1,1945,133
0,0,0,0,0,0,0,0,0,1,0,0,2,0,0,0,1,0,0,0,0,0,0,0,0,0,2,0,0,0,0,1,0,0,0,0,0,5,9,0,0,0,0,0,0,0,8,83
