0.62813,0.64998,0.3274,0.59098,0.32276,0.45462,0.52934,0.24927,0.70768,0.45736,0.35979,0.49782,0.5491,0.38899,0.29682,0.27431,0.45132,0.6488,0.45149,0.75564,0.55718,0.96113,0.7698,0.41454,0.57758,0.71668,0.59459,0.86842,0.86315,0.7877,0.59118,0.7626,0.40213,0.42769,0.30469,0.7784,0.7375,0.85779,0.81414,0.72669,0.26353,0.17071,0.45357,0.54598,0.68432,0.59226,0.63957,0.25397
0.634
1206,48,133,322,183,5,191,0,0,0,0,0,0,25,12,0,0,72,0,0,0,0,0,0,0,0,0,0,0,4,0,0,0,68,21,0,30,0,0,0,0,2,0,0,1,0,0,0
47,1935,67,3,154,2,146,0,0,0,0,0,0,371,0,5,0,12,106,0,0,1,4,79,7,18,0,0,0,0,0,0,1,18,4,0,0,0,0,0,0,2,6,0,0,0,0,0
74,109,607,75,73,192,116,0,7,1,0,3,0,122,38,35,38,24,5,2,0,5,2,18,60,3,1,6,12,5,3,0,0,121,36,0,8,6,0,9,2,96,5,1,2,1,3,1
311,1,27,1179,30,4,62,0,0,0,0,0,0,2,86,0,0,36,0,0,0,0,0,1,1,0,0,0,0,22,0,0,0,146,131,0,23,0,0,0,0,11,0,1,115,0,0,0
29,26,26,6,407,2,7,0,0,0,0,0,0,17,1,0,0,7,2,0,0,0,0,0,0,0,0,0,0,1,0,0,0,20,2,0,0,0,0,0,0,0,2,0,0,0,0,0
20,24,211,59,29,1077,40,0,3,0,0,1,2,64,210,65,2,46,7,0,3,3,5,30,209,4,0,2,2,51,9,1,3,129,32,0,18,0,0,0,1,156,12,12,22,0,0,0
86,86,69,9,32,2,1353,0,0,0,0,0,0,15,1,0,0,5,51,0,0,0,0,4,5,5,0,0,0,1,0,1,0,3,56,0,8,0,0,0,0,7,0,0,0,0,0,0
0,0,0,0,0,1,0,164,0,0,9,6,0,0,3,0,1,1,0,0,4,2,2,0,1,0,2,0,0,0,1,0,0,1,0,17,0,0,0,0,0,1,0,0,2,0,1,0
0,0,0,0,0,0,0,15,4164,7,17,141,191,0,0,28,108,3,0,14,24,32,12,0,2,1,5,1,851,8,78,93,69,0,1,0,11,1,3,0,47,1,2,147,30,21,10,31
0,0,0,0,0,0,0,0,0,429,2,0,0,0,0,0,0,0,0,0,0,0,0,0,0,0,69,1,0,0,0,0,0,0,0,0,0,18,47,30,1,0,0,0,0,0,4,4
0,0,2,0,0,3,0,49,2,11,408,36,5,2,1,0,2,1,0,7,37,6,16,1,8,0,62,15,1,0,1,0,0,0,0,15,0,5,0,139,2,0,0,1,1,11,4,1
0,0,0,0,0,13,1,105,63,0,48,800,46,3,1,5,11,0,1,16,4,9,10,6,10,1,2,5,24,14,52,22,1,0,0,35,3,4,0,25,55,0,2,81,1,2,5,0
0,0,0,0,0,1,0,0,54,0,7,26,1040,1,0,4,3,7,3,0,1,0,30,2,16,7,0,0,3,10,14,34,8,1,0,0,19,0,0,1,1,3,15,24,0,18,3,2
8,415,197,5,97,48,87,0,0,0,0,0,0,1053,4,6,0,195,134,0,0,0,2,244,106,5,0,0,0,1,1,0,1,139,38,0,18,0,0,0,0,41,46,0,0,16,0,0
3,0,6,16,4,27,1,0,0,0,1,0,0,0,504,1,0,0,0,0,0,0,0,0,0,0,0,0,0,59,0,0,2,35,10,0,1,0,0,0,0,8,1,0,27,1,0,0
0,0,2,0,0,17,0,0,5,0,0,2,0,0,1,395,5,1,0,0,1,2,0,3,24,3,0,0,0,2,22,28,10,0,1,0,3,0,0,0,0,1,7,2,1,2,0,0
0,0,0,0,0,0,0,1,24,0,2,6,1,0,0,22,751,1,0,18,1,15,5,0,2,1,0,1,37,0,4,6,4,0,0,0,0,0,0,3,28,0,0,15,7,2,0,0
6,55,36,11,7,77,29,0,2,0,0,0,0,117,6,13,1,2675,17,0,0,2,3,64,172,6,0,0,0,10,1,1,2,12,10,0,649,0,1,0,0,40,91,5,4,1,0,0
0,35,5,0,2,0,63,0,0,0,0,0,0,69,1,2,0,1,1182,0,0,0,0,94,24,158,0,0,0,0,0,0,1,1,44,0,2,0,0,0,0,5,50,0,0,2,0,0
0,0,0,0,0,0,0,0,0,2,4,22,0,0,0,0,9,0,0,1373,0,6,2,0,0,0,0,2,5,0,0,0,0,0,0,18,0,6,2,10,153,0,0,26,0,0,1,1
1,0,0,0,0,0,0,26,1,1,65,4,0,0,4,1,3,3,0,2,648,0,4,1,0,1,10,82,0,7,1,0,0,2,1,5,7,1,0,4,0,0,0,0,1,7,3,0
0,0,0,0,0,2,0,1,50,0,0,20,1,0,1,22,75,0,0,4,1,7171,27,0,0,0,1,1,169,0,3,2,0,0,0,1,0,0,0,0,13,0,1,3,5,2,0,0
1,6,8,2,2,6,2,1,1,1,9,16,22,13,2,14,36,7,3,11,12,15,1040,10,13,14,2,60,0,9,14,5,4,2,3,36,3,2,7,44,2,2,2,11,6,49,10,4
0,58,54,2,10,69,41,0,0,0,0,0,1,399,8,18,0,133,292,0,0,0,3,1169,699,295,0,0,0,2,0,1,9,73,37,0,15,0,0,0,0,127,195,0,2,122,0,0
1,91,99,4,2,508,95,0,4,0,6,3,9,273,12,231,3,115,219,0,1,4,22,597,2587,506,0,1,8,12,8,22,62,46,43,1,48,0,1,0,0,190,280,16,0,63,2,6
0,3,0,0,0,1,15,0,0,0,0,0,2,3,4,27,0,10,466,0,0,0,4,222,195,3592,0,0,0,4,0,1,11,1,42,0,4,0,0,0,0,10,253,0,0,246,0,0
0,0,0,0,0,0,0,0,0,114,29,1,1,0,0,1,2,0,0,0,1,0,0,0,1,0,616,2,0,0,0,0,0,0,0,0,0,9,21,25,0,0,0,0,0,6,20,31
0,0,0,0,0,3,0,24,0,24,118,12,0,0,2,5,21,1,0,7,336,9,36,1,4,0,20,2046,6,6,1,0,0,1,0,82,0,13,7,201,9,3,0,1,7,6,4,0
0,0,0,0,0,0,0,13,1211,41,42,165,73,0,0,27,531,0,0,34,31,143,19,0,0,0,18,16,7575,3,32,46,14,0,0,0,2,22,7,20,271,0,0,95,9,6,23,23
29,1,69,110,76,86,144,6,4,0,0,23,38,6,471,10,1,9,27,0,1,1,7,19,10,55,0,0,1,1985,60,34,16,152,237,0,63,0,0,0,0,110,31,30,354,5,0,1
0,0,1,0,0,14,1,33,45,0,0,19,23,1,1,112,1,1,2,2,1,13,12,4,9,8,0,0,10,26,1783,417,121,6,4,0,27,0,0,0,0,7,12,82,24,8,0,0
0,6,11,1,2,22,10,20,154,0,1,39,347,0,3,272,5,16,5,3,3,9,14,6,30,12,0,0,13,48,798,2724,656,11,10,0,8,0,1,0,3,5,31,125,29,24,6,0
0,0,0,0,0,0,0,0,29,0,0,2,4,0,1,34,0,2,1,0,0,0,6,0,11,4,0,0,9,8,55,107,680,0,0,0,0,0,0,0,0,1,8,1,2,5,0,0
19,17,111,82,106,42,17,0,0,0,0,0,0,42,197,0,0,9,4,0,0,0,0,0,3,0,0,0,0,19,0,0,0,834,44,0,7,0,0,0,0,34,10,0,6,0,0,0
1,0,3,15,3,1,36,0,0,0,0,0,0,1,0,0,0,3,2,0,0,0,0,0,0,0,0,0,0,4,0,0,0,8,422,0,2,0,0,0,0,5,0,0,5,0,0,0
0,0,3,0,0,2,0,170,0,6,36,28,0,2,3,0,2,1,0,10,22,3,17,1,2,2,2,43,1,1,0,0,0,1,1,1110,0,0,4,38,4,0,0,0,1,0,1,0
74,49,74,42,39,31,74,1,4,0,0,4,18,67,2,15,0,640,31,0,2,2,1,45,52,72,0,0,5,43,21,4,3,25,43,0,3023,0,0,0,0,32,57,57,61,0,0,0
0,0,0,0,0,0,0,0,0,74,2,3,0,0,0,0,4,0,0,82,0,0,3,0,0,0,60,0,1,0,0,0,0,0,0,0,0,3999,159,59,106,0,0,0,0,0,949,65
0,0,0,0,0,0,0,0,0,90,1,0,0,0,0,0,6,0,0,5,0,0,1,0,0,0,24,0,0,0,0,0,0,0,0,0,0,71,1336,3,1,0,0,0,0,0,15,114
0,0,2,0,0,2,0,26,1,123,298,91,1,0,0,2,15,0,0,18,27,5,11,0,10,0,90,70,2,0,0,0,0,1,0,99,0,30,4,1691,17,0,0,0,0,1,11,5
0,0,0,0,0,0,0,2,1,3,10,48,0,0,0,0,4,0,0,93,0,3,3,0,0,0,1,1,27,0,0,0,0,0,0,3,0,10,0,14,302,0,0,7,0,0,16,0
2,4,18,17,1,48,12,0,0,0,0,0,0,11,33,3,0,12,4,0,0,0,0,29,51,1,0,0,1,2,0,0,0,12,17,0,2,0,0,0,0,104,24,0,6,0,0,0
1,8,7,3,0,34,3,0,0,0,0,0,0,20,39,34,1,43,45,0,0,0,0,130,127,150,0,0,0,15,5,2,2,67,14,0,19,0,0,0,0,66,1011,2,28,12,0,0
0,0,1,1,0,2,0,19,47,0,4,57,60,0,5,5,12,1,0,94,0,0,13,0,4,0,0,1,12,13,35,15,4,0,2,4,31,2,2,1,62,2,6,938,15,1,4,2
1,0,5,31,0,22,10,6,5,0,0,4,0,0,41,24,5,5,2,0,0,0,1,6,7,4,0,0,0,121,13,3,5,12,79,0,45,0,0,0,0,36,14,15,1680,0,0,0
0,0,0,0,2,1,0,0,3,0,7,0,3,8,0,2,0,25,7,0,0,0,7,34,17,84,7,0,0,4,1,2,2,2,0,0,0,0,0,0,0,4,55,1,1,934,0,1
0,0,0,0,0,2,0,0,0,10,8,25,4,0,0,0,6,0,0,22,2,0,7,0,0,0,41,0,1,0,0,0,0,0,0,0,0,460,30,10,66,1,0,19,0,3,1959,128
0,0,0,0,0,0,0,0,0,1,0,0,2,0,0,0,0,0,0,0,0,0,0,0,0,0,3,0,0,0,0,1,0,0,0,0,0,3,9,0,0,0,0,0,0,0,9,84
