0.77077,0.79545,0.57434,0.76427,0.63418,0.61361,0.73566,0.63763,0.81849,0.72812,0.70511,0.74326,0.74894,0.60998,0.59203,0.6,0.69276,0.76998,0.65415,0.82879,0.81328,0.96857,0.92788,0.60507,0.69994,0.80832,0.8328,0.93778,0.89367,0.90256,0.79933,0.87894,0.69992,0.66544,0.60497,0.92123,0.8733,0.90676,0.89094,0.8668,0.58777,0.56341,0.69053,0.77071,0.84681,0.82791,0.81494,0.63946
0.79872
1735,36,110,201,52,6,76,0,0,0,0,0,0,10,3,0,0,44,0,0,0,0,0,2,0,0,0,0,0,0,0,0,0,29,4,0,12,0,0,0,0,2,0,0,1,0,0,0
23,2341,61,0,75,1,68,0,1,0,0,0,0,265,0,1,0,5,60,0,0,0,1,57,16,4,0,0,0,0,0,0,0,8,0,0,0,0,0,0,0,0,1,0,0,0,0,0
57,48,1182,49,27,154,47,0,9,1,0,2,1,79,12,6,16,11,6,5,0,7,1,14,63,4,1,4,1,3,0,2,0,72,9,0,4,1,0,5,1,12,6,2,2,1,0,0
247,1,30,1634,13,5,41,0,0,0,0,0,0,0,13,0,0,18,0,0,0,0,0,1,0,0,0,1,0,7,0,1,0,64,62,0,16,0,0,0,0,5,1,0,29,0,0,0
16,14,6,4,501,0,1,0,0,0,0,0,0,2,0,0,0,1,1,0,0,0,0,0,0,0,0,0,0,1,0,0,0,8,0,0,0,0,0,0,0,0,0,0,0,0,0,0
16,19,163,26,10,1569,22,0,1,0,0,0,1,44,117,25,0,45,0,1,0,1,2,28,184,4,0,0,2,54,7,7,0,98,24,0,12,0,0,0,0,32,24,5,19,0,2,0
43,36,52,6,9,3,1578,0,0,0,0,0,0,9,0,0,0,4,26,0,0,0,0,1,6,1,0,0,0,0,0,0,0,4,15,0,5,0,0,0,0,1,0,0,0,0,0,0
0,1,0,0,0,1,1,183,0,0,3,10,0,0,4,0,0,1,0,0,1,0,0,0,0,0,0,0,0,0,1,0,0,0,0,7,3,0,0,1,0,0,0,0,0,1,1,0
0,0,1,0,0,1,0,1,4649,5,8,75,131,0,2,6,31,5,0,18,10,42,12,1,1,1,6,1,802,8,29,84,19,0,0,0,10,4,8,8,31,0,2,96,22,17,11,11
0,0,0,0,0,0,0,0,0,549,0,0,0,0,0,0,0,0,0,0,0,0,0,0,0,0,21,0,0,0,0,0,0,0,0,0,0,5,15,13,1,0,0,0,0,0,1,0
0,0,1,0,0,1,0,3,0,8,648,14,1,0,0,0,1,0,0,8,8,5,3,0,1,2,32,4,1,0,0,0,0,1,0,7,0,6,0,89,2,0,0,0,1,5,3,0
0,2,0,0,0,11,0,16,25,0,23,1213,20,1,0,1,1,0,0,5,2,5,3,2,11,2,0,0,9,13,9,8,0,0,1,12,0,2,0,18,24,0,2,38,0,1,6,0
0,0,1,0,0,3,0,0,26,0,1,13,1238,0,1,1,0,10,0,0,0,0,4,3,8,2,0,0,0,4,2,18,1,0,0,0,1,0,0,1,0,0,8,10,0,0,1,1
11,248,130,7,43,45,49,0,0,0,0,0,0,1736,1,3,0,106,91,0,0,0,0,201,118,4,0,0,0,1,0,3,0,77,8,0,6,0,0,0,0,8,9,0,0,2,0,0
2,0,5,7,0,9,0,0,0,0,0,0,0,0,624,0,0,0,0,0,0,0,0,0,0,0,0,0,0,37,0,0,0,9,4,0,0,0,0,0,0,3,1,0,6,0,0,0
0,0,2,0,0,8,0,0,1,0,0,0,0,1,1,474,1,0,0,0,0,0,0,0,12,1,0,0,0,2,6,20,6,0,0,0,2,0,0,0,0,0,1,1,1,0,0,0
0,0,0,0,0,1,0,0,8,0,0,6,0,0,0,7,832,1,0,10,2,12,1,0,0,1,1,1,33,1,4,2,2,0,0,0,1,2,0,1,10,0,0,5,9,1,3,0
8,14,19,12,3,50,16,0,3,0,0,0,1,56,6,7,0,3334,9,0,0,0,2,51,111,10,0,0,0,3,2,0,0,12,4,0,329,0,0,0,0,21,36,2,3,0,2,0
0,22,2,0,0,0,33,0,0,0,0,0,0,27,0,0,0,4,1481,0,0,0,0,42,29,73,0,0,0,0,0,0,0,1,8,0,0,0,0,0,0,1,17,0,0,1,0,0
0,0,0,0,0,0,0,1,0,1,0,10,0,0,0,0,6,0,0,1549,0,2,0,0,0,0,0,0,5,0,0,0,0,0,0,12,0,7,0,3,29,0,0,16,0,0,1,0
0,0,0,0,0,0,0,1,1,1,20,1,0,0,0,1,1,1,0,0,784,1,1,0,0,0,1,67,0,2,0,0,0,0,0,3,1,0,0,1,0,0,0,0,1,4,3,0
0,0,0,0,0,2,0,0,34,0,1,6,0,0,1,8,38,0,0,6,0,7334,14,0,1,0,0,1,108,0,6,3,0,0,0,0,0,0,0,0,4,0,0,3,4,2,0,0
2,10,2,1,2,2,2,1,0,0,1,6,4,11,0,2,14,4,1,8,3,5,1338,6,7,9,0,20,0,4,2,3,3,3,2,16,4,1,3,13,2,1,3,3,4,14,2,0
1,48,43,2,5,95,15,0,0,0,0,0,0,311,7,6,0,85,172,0,0,0,0,2053,507,255,0,0,0,5,0,0,1,54,8,0,5,0,0,0,0,30,103,0,1,22,0,0
0,59,106,5,3,427,50,0,5,0,2,2,6,215,8,108,2,110,138,0,0,1,11,640,3415,435,0,0,4,14,9,29,28,38,7,0,33,0,0,0,0,53,199,14,0,16,8,1
0,5,0,0,0,1,2,0,0,0,0,0,1,6,0,7,0,9,211,0,0,1,2,136,191,4331,0,0,0,3,0,2,6,1,3,0,1,0,0,0,0,4,109,0,0,84,0,0
0,0,0,0,0,0,0,0,0,43,11,1,1,0,0,0,1,0,0,0,0,0,0,0,0,0,777,2,0,0,0,0,0,0,0,0,0,7,12,15,0,0,0,0,0,3,3,4
0,1,1,0,0,0,0,2,0,9,10,21,0,0,0,2,7,1,0,6,133,7,7,1,1,0,3,2683,6,0,2,0,0,1,0,21,1,35,3,44,6,0,0,0,0,1,1,0
0,0,0,0,0,0,0,2,764,15,11,53,62,0,0,6,225,0,0,59,5,122,9,0,0,0,19,29,8783,2,17,46,8,0,0,1,4,11,12,44,120,0,0,46,8,7,15,7
32,6,38,72,13,38,68,1,4,0,0,20,18,6,132,2,1,5,21,1,1,2,2,8,15,31,0,0,1,3316,28,22,4,77,78,1,25,0,0,0,1,16,17,12,131,15,1,0
0,0,0,1,0,8,0,5,27,0,0,10,6,0,1,21,0,2,3,1,0,9,1,2,3,7,0,0,7,13,2370,249,30,3,0,1,15,0,0,0,1,0,3,17,12,2,0,0
3,4,2,7,2,14,5,2,80,0,1,33,136,2,2,71,4,8,6,3,2,2,12,9,29,2,1,0,34,53,410,4182,259,10,3,0,7,0,1,0,3,7,12,40,7,10,3,0
0,1,0,0,0,0,0,0,10,0,0,0,0,0,0,4,0,0,1,0,0,0,0,1,2,1,0,0,9,0,13,56,863,0,0,0,0,0,0,0,1,0,2,2,0,4,0,0
10,9,60,39,22,26,9,0,0,0,0,0,0,20,71,0,0,9,1,0,0,0,0,3,3,0,0,0,0,13,0,0,0,1269,19,0,1,0,0,0,0,2,9,0,8,0,0,0
1,0,0,6,0,0,10,0,0,0,0,0,0,1,0,0,0,1,1,0,0,0,0,0,1,0,0,0,0,0,0,0,0,3,487,0,0,0,0,0,0,0,0,0,0,0,0,0
0,0,1,0,0,0,0,48,0,1,5,25,0,0,1,0,1,0,0,4,2,3,2,0,0,0,1,9,1,1,0,0,0,0,0,1380,0,2,2,22,2,1,0,0,1,0,1,1
34,14,18,19,7,21,41,0,1,0,0,1,7,24,8,3,0,431,10,0,1,0,1,23,39,38,0,0,4,14,21,9,1,22,12,0,3791,0,0,0,0,12,23,34,27,1,1,0
0,0,0,0,0,0,0,0,0,30,1,1,0,0,0,0,2,0,0,41,0,0,0,0,0,0,19,1,0,0,0,0,0,0,0,2,0,4872,99,29,28,0,0,0,0,0,435,6
0,0,0,0,0,0,0,0,0,25,0,0,0,0,0,0,0,0,0,3,0,0,1,0,0,0,4,0,0,0,0,0,0,0,0,0,0,35,1593,2,0,0,0,0,0,0,2,2
0,0,4,0,1,3,0,10,1,59,162,35,1,2,0,0,6,0,0,16,9,10,5,1,4,1,29,37,1,1,0,0,0,0,0,29,0,29,4,2167,12,0,0,2,0,0,10,2
0,0,0,0,0,0,0,0,1,0,6,31,0,0,0,0,2,0,0,33,0,0,1,0,0,0,0,0,9,0,0,0,0,0,0,2,0,7,0,8,442,0,0,0,0,0,6,0
1,1,6,5,0,14,0,0,0,0,0,0,0,7,8,0,0,7,2,0,0,0,0,12,21,2,0,0,0,0,0,0,0,2,3,0,0,0,0,0,0,311,9,0,3,0,0,0
0,2,5,7,0,20,0,0,0,0,0,0,0,8,16,9,1,37,15,0,0,0,1,66,72,80,0,0,0,10,7,1,0,33,3,0,6,0,0,0,0,13,1437,2,34,3,0,0
0,1,0,0,0,2,0,11,26,0,2,26,13,0,3,0,6,1,0,79,0,0,3,1,1,0,0,1,7,12,12,10,0,1,0,4,16,3,1,0,17,0,3,1200,9,0,5,1
8,0,5,28,0,15,10,0,2,0,0,3,1,0,12,8,2,4,3,0,0,0,0,2,3,7,0,0,0,76,7,1,1,5,41,0,30,0,0,0,0,16,12,4,1896,0,0,0
1,0,1,0,2,1,1,0,0,0,3,0,1,3,0,1,0,26,5,0,0,0,1,25,4,50,7,0,0,1,1,0,1,2,0,0,0,0,0,0,0,1,32,0,0,1044,0,0
0,0,1,0,0,0,0,0,1,7,0,14,2,0,0,0,0,0,0,13,1,1,1,1,0,0,10,0,1,0,0,0,0,0,0,0,0,342,24,16,15,0,0,3,0,0,2334,17
0,0,0,0,0,0,0,0,0,0,0,0,1,0,0,0,0,0,0,0,0,0,0,0,0,0,1,0,0,0,0,0,0,0,0,0,0,2,11,0,0,0,0,0,0,0,3,94
