0.62006,0.6471,0.33884,0.6009,0.30979,0.45548,0.5317,0.26237,0.70407,0.46006,0.37869,0.51297,0.54167,0.40055,0.29464,0.2909,0.48608,0.65635,0.45328,0.76609,0.55088,0.96243,0.7637,0.42223,0.57823,0.71297,0.59942,0.86317,0.86442,0.79173,0.59333,0.76379,0.40247,0.41823,0.32167,0.77161,0.742,0.85937,0.8213,0.73092,0.257,0.15096,0.44305,0.53345,0.68391,0.59521,0.64094,0.24899
0.63586
1193,38,140,326,192,8,195,0,0,0,0,0,0,24,9,0,0,78,0,0,0,0,0,0,0,0,0,0,0,3,0,0,0,63,18,0,32,0,0,0,0,4,0,0,0,0,0,0
37,1962,78,0,158,4,147,0,0,0,0,0,0,338,0,6,0,14,107,0,0,1,3,70,10,21,0,0,0,0,0,0,1,19,4,0,2,0,0,0,0,1,5,0,0,0,0,0
86,113,636,63,82,184,97,0,8,1,1,3,0,104,34,36,39,21,6,2,0,6,2,13,58,3,1,6,12,4,3,1,0,128,33,0,11,6,0,9,1,102,3,1,2,2,4,0
319,0,36,1200,32,5,73,0,0,0,0,0,0,2,86,0,0,36,0,0,0,0,0,0,1,0,0,0,0,21,0,0,0,131,107,0,25,0,0,0,0,9,0,1,105,0,0,0
27,30,26,3,408,1,8,0,0,0,0,0,0,14,0,0,0,5,1,0,0,0,0,0,0,0,0,0,0,3,0,0,0,24,2,0,0,0,0,0,0,0,3,0,0,0,0,0
17,22,228,44,29,1069,39,0,4,0,0,1,2,57,212,68,2,40,5,0,4,5,7,26,210,3,0,3,0,47,7,1,4,142,35,0,26,0,0,0,0,150,17,15,23,0,0,0
86,77,63,8,35,4,1367,0,0,0,0,0,0,12,0,0,0,5,51,0,1,0,0,2,6,5,0,0,0,1,0,0,0,3,52,0,6,0,0,0,0,15,0,0,0,0,0,0
0,0,1,0,0,1,0,164,0,0,6,8,0,0,3,0,1,0,0,0,2,2,1,1,3,0,2,1,0,0,1,0,0,0,0,18,0,0,0,1,0,1,0,0,1,0,1,0
0,0,0,0,0,0,0,18,4147,9,12,125,211,0,0,43,81,4,0,14,16,26,16,0,2,1,6,1,891,11,80,85,83,0,1,0,9,0,2,1,40,1,2,147,28,21,11,24
0,0,0,0,0,0,0,0,0,432,1,0,0,0,0,0,0,0,0,0,0,0,0,0,0,0,69,1,0,0,0,0,0,0,0,0,0,16,47,30,1,0,0,0,0,0,4,4
0,1,0,0,0,2,0,44,1,13,423,34,3,2,0,1,1,2,0,7,44,4,13,3,4,0,60,12,0,0,2,0,0,2,0,14,0,6,0,133,2,0,0,1,1,14,4,2
0,0,2,0,0,13,0,92,64,0,58,811,44,0,0,12,14,1,1,14,3,9,9,6,10,0,2,5,19,17,53,14,2,0,1,30,3,4,0,26,59,1,1,78,1,2,4,1
0,0,1,0,0,2,0,0,54,0,8,26,1040,0,1,2,5,7,2,0,2,1,24,3,24,8,0,0,3,9,9,32,7,1,1,0,23,0,0,1,0,2,15,22,0,15,3,5
9,447,210,3,101,46,78,0,0,0,1,0,0,1019,4,7,0,186,143,0,0,0,3,236,113,10,0,0,0,1,1,0,3,136,33,0,17,0,0,0,0,41,41,1,0,17,0,0
1,0,6,16,5,33,1,1,0,0,0,0,0,0,500,0,1,0,0,0,0,0,0,0,0,0,0,0,0,55,0,0,3,40,11,0,1,0,0,0,0,7,1,0,24,1,0,0
0,0,2,0,0,13,0,0,4,0,0,1,0,0,1,393,5,1,0,0,1,3,0,4,28,2,0,0,0,3,21,32,9,0,1,0,3,0,0,0,0,0,9,2,1,1,0,0
0,0,0,0,0,1,0,1,22,0,1,11,1,0,0,15,751,0,0,14,1,17,6,0,1,2,0,1,37,0,8,4,3,0,0,1,0,1,0,4,31,0,0,14,7,2,0,0
8,52,35,10,11,74,26,0,2,0,1,0,0,122,6,19,1,2672,19,0,0,5,2,69,183,7,0,0,0,8,1,0,2,16,11,0,621,0,1,0,0,41,90,4,6,1,0,0
0,34,5,0,2,1,66,0,0,0,0,0,0,61,2,5,0,2,1203,0,0,0,0,94,30,144,0,0,0,0,0,1,0,1,40,0,0,0,0,0,0,3,46,0,0,1,0,0
0,0,0,0,0,0,0,1,0,2,4,22,0,0,0,0,8,0,0,1369,0,6,3,0,0,0,0,2,2,0,0,0,0,0,0,14,0,3,4,11,165,0,0,26,0,0,0,0
1,0,0,0,0,1,0,18,1,1,59,5,0,0,5,1,2,3,0,2,655,0,6,0,0,0,11,82,0,6,1,0,0,2,1,6,7,1,0,5,0,0,1,0,0,10,3,0
0,0,0,0,0,2,0,0,62,0,0,16,2,0,1,16,75,0,0,4,1,7173,26,0,1,0,1,1,160,0,4,2,1,0,0,2,0,0,0,0,15,0,0,5,3,3,0,0
0,8,6,1,1,4,4,2,1,0,7,17,20,12,2,14,38,4,4,10,13,15,1031,12,11,16,1,68,0,7,12,4,7,2,7,43,2,2,7,42,2,1,4,10,6,53,8,3
0,76,50,0,11,78,38,0,0,0,0,0,1,363,9,21,0,138,276,0,0,0,2,1170,692,305,0,0,0,1,0,1,8,78,32,0,17,0,0,0,0,135,210,0,2,120,0,0
2,92,97,2,2,508,98,0,7,0,7,1,8,267,12,227,2,112,211,0,1,3,23,594,2598,525,0,1,6,11,13,24,61,48,36,1,51,1,2,1,0,173,292,17,1,56,2,5
0,1,0,0,0,0,14,0,0,0,0,0,3,5,4,26,0,7,490,0,0,0,8,230,185,3562,0,0,0,3,0,3,10,2,36,0,4,0,0,0,0,7,276,0,0,240,0,0
0,0,0,0,0,0,0,0,0,105,34,1,1,0,0,1,1,0,0,0,1,0,0,0,1,0,624,3,0,0,0,0,0,0,0,0,0,11,19,26,1,0,0,0,0,6,17,28
0,0,0,0,0,1,0,18,1,22,108,17,0,1,1,4,22,1,0,9,361,11,32,1,5,0,18,2025,6,5,2,0,0,0,0,104,1,15,6,200,3,1,0,1,6,5,3,0
0,0,0,0,0,0,0,21,1213,37,34,141,68,0,0,18,429,0,0,39,24,132,21,0,0,0,18,12,7734,2,31,48,15,0,0,0,3,21,5,14,278,0,0,105,9,6,17,17
22,1,41,111,98,79,157,5,4,0,0,23,40,7,488,10,1,13,23,0,2,1,8,13,10,53,0,0,0,1954,69,36,13,153,233,0,61,0,0,0,0,119,30,33,366,5,0,0
0,0,3,0,1,12,1,29,41,0,0,21,18,1,1,95,1,2,2,2,0,10,13,6,8,8,0,0,8,21,1796,435,126,6,4,0,27,0,0,0,1,5,11,83,24,7,0,1
0,3,10,1,3,22,7,22,164,0,1,34,349,1,4,202,7,12,6,2,2,9,19,11,37,13,0,1,13,49,776,2742,692,12,8,0,9,0,1,0,10,9,25,134,29,26,5,1
0,0,0,0,0,0,0,0,21,0,0,1,3,0,1,27,0,1,1,0,0,0,7,0,8,4,0,0,12,8,45,98,718,0,0,0,0,0,0,0,0,1,4,2,2,6,0,0
30,21,101,93,109,38,16,0,0,0,0,0,0,38,197,0,0,8,4,0,0,0,0,1,2,0,0,0,0,22,0,0,1,826,36,0,6,0,0,0,0,38,10,0,6,0,0,0
2,0,2,17,3,0,34,0,0,0,0,0,0,0,0,0,0,2,3,0,0,0,0,0,0,0,0,0,0,4,0,0,0,11,423,0,1,0,0,0,0,6,0,0,3,0,0,0
0,0,1,0,0,1,0,175,0,7,36,31,0,1,3,0,2,0,1,10,22,2,19,1,2,1,4,40,0,2,0,0,0,0,1,1098,0,0,4,47,4,0,0,0,1,0,1,0
79,43,62,39,31,32,81,1,3,0,0,2,19,52,2,15,0,602,43,0,1,3,1,13,52,72,0,0,3,40,22,8,3,36,40,2,3037,0,0,0,0,46,92,68,68,0,0,0
0,0,0,0,0,0,0,0,0,80,4,3,0,0,0,0,5,0,0,80,0,0,1,0,0,0,59,0,1,0,0,0,0,0,0,0,0,3972,152,53,125,0,0,0,0,0,952,79
0,0,0,0,0,0,0,0,0,89,0,0,0,0,0,0,8,0,0,6,0,0,0,0,0,0,25,0,0,0,0,0,0,0,0,0,0,68,1342,3,1,0,0,0,0,0,16,109
1,0,2,0,0,4,0,26,1,126,286,89,0,0,0,2,15,0,0,19,30,5,10,0,4,1,86,78,2,0,0,0,0,0,0,83,0,27,4,1714,21,0,0,0,0,1,14,2
0,0,0,0,0,0,0,5,1,4,6,46,0,0,0,0,4,0,0,83,0,2,2,0,0,0,0,1,30,0,0,0,0,0,0,3,0,8,0,15,312,0,0,8,0,0,18,0
3,4,20,20,1,44,9,0,0,0,0,0,0,12,31,2,0,11,3,0,0,0,0,31,53,2,0,0,1,2,0,0,0,13,10,0,4,0,0,0,0,107,25,0,6,0,0,0
1,7,6,4,0,38,3,0,0,0,0,0,0,18,35,31,1,47,38,0,0,0,0,124,118,143,0,0,0,19,7,2,2,70,14,0,16,0,0,0,1,74,1023,2,28,16,0,0
0,0,1,2,0,1,0,16,56,0,4,59,78,0,3,5,14,4,0,80,0,0,12,0,3,0,0,2,6,14,45,12,4,0,2,4,24,2,2,0,65,2,5,925,16,1,4,4
0,0,6,34,0,17,12,8,6,0,0,2,0,2,40,22,4,3,3,0,0,1,1,3,8,4,0,0,0,111,18,3,4,9,82,0,44,0,0,0,0,43,14,18,1679,1,0,0
0,0,0,0,2,1,0,0,1,0,6,0,3,9,0,5,0,27,8,0,0,0,9,34,12,81,7,0,0,4,0,1,2,1,0,0,0,0,0,0,1,1,54,0,1,944,0,0
0,0,0,0,0,3,0,0,1,10,9,30,4,0,0,0,5,0,0,21,2,1,10,0,0,0,45,0,1,0,0,0,0,0,0,0,0,453,28,9,75,0,0,11,0,3,1960,123
0,0,0,0,0,0,0,0,0,1,0,0,2,0,0,0,0,0,0,0,0,0,0,0,0,0,2,0,0,0,0,1,0,0,0,0,0,5,8,0,0,0,0,0,0,0,7,86
