0.59334,0.63285,0.33084,0.53297,0.28571,0.42956,0.49168,0.22914,0.67056,0.41051,0.28802,0.39001,0.4893,0.4006,0.34256,0.23249,0.45238,0.5743,0.45143,0.74204,0.5,0.95729,0.70982,0.39596,0.53244,0.71068,0.57873,0.82956,0.86027,0.72384,0.56282,0.73919,0.39392,0.39483,0.22092,0.68063,0.6788,0.84582,0.77841,0.64219,0.27051,0.14381,0.38535,0.4921,0.65485,0.48847,0.60421,0.25091
0.59608
1087,53,133,285,219,9,202,0,0,0,0,0,0,26,11,0,0,90,1,0,0,0,0,0,1,0,0,0,0,6,0,0,0,98,79,0,20,0,0,0,0,3,0,0,0,0,0,0
51,1834,65,4,153,4,220,0,0,0,0,0,0,418,0,3,0,9,118,0,0,2,4,47,8,16,0,1,0,1,0,1,0,14,3,0,3,0,0,0,0,0,9,0,0,0,0,0
77,68,575,52,92,225,100,0,6,0,2,3,0,141,27,34,33,24,7,3,0,7,3,8,62,4,1,8,19,11,1,1,0,107,86,0,16,5,2,15,0,82,10,2,2,3,3,0
307,2,25,1067,41,6,47,0,0,0,0,0,0,1,76,0,0,38,1,0,0,0,0,0,0,0,0,0,0,31,0,0,0,147,240,0,25,0,0,0,0,9,2,1,123,0,0,0
34,38,21,9,390,1,9,0,0,0,0,0,0,11,1,0,0,4,2,0,0,0,0,0,0,0,0,0,0,3,0,0,0,30,0,0,0,0,0,0,0,0,2,0,0,0,0,0
15,18,175,63,35,1058,33,1,3,0,1,2,0,64,194,74,2,37,3,0,3,6,7,22,220,3,0,4,2,58,9,4,7,128,55,0,28,0,0,0,1,146,27,23,32,0,1,0
95,113,51,5,45,0,1271,0,0,0,0,0,0,17,1,0,0,9,47,0,0,0,1,0,18,4,0,1,0,0,0,1,0,3,95,0,3,0,0,0,0,19,0,0,0,0,0,0
0,0,2,0,0,2,0,154,1,0,16,3,0,0,4,0,1,0,0,0,4,2,1,1,1,0,2,1,0,0,1,0,0,0,0,19,0,0,1,1,0,0,0,0,1,0,1,0
0,0,0,0,0,0,0,3,4187,7,10,58,176,0,0,30,102,6,0,15,20,33,29,0,2,0,4,1,847,11,114,96,68,0,0,0,13,0,4,0,83,0,0,157,29,25,13,26
0,0,0,0,0,0,0,0,0,422,3,0,0,0,0,0,0,0,0,1,0,0,0,0,0,0,75,1,0,0,0,0,0,0,0,0,0,26,33,32,1,0,0,0,0,0,7,4
0,1,1,0,0,2,0,68,0,15,339,23,3,2,0,2,2,1,0,7,33,6,14,4,8,0,54,16,1,0,0,0,0,0,0,34,0,6,0,198,5,0,0,0,1,5,3,1
0,1,0,0,0,7,1,133,103,0,72,445,94,1,0,9,11,3,0,19,4,9,11,5,5,0,3,10,19,15,50,18,6,0,1,114,2,3,0,83,102,2,4,111,1,5,4,0
0,0,0,0,1,0,3,0,78,0,4,16,960,0,0,2,2,19,7,0,1,0,33,4,3,11,0,0,2,15,16,43,10,3,2,0,23,0,0,0,0,1,33,36,0,21,1,8
8,336,197,6,115,54,102,0,0,0,2,0,0,1076,3,4,0,183,135,0,0,1,4,269,118,6,0,1,0,1,1,0,0,112,48,0,27,0,0,0,0,44,43,0,0,11,0,0
1,0,2,29,7,41,2,0,0,0,0,0,0,0,477,4,0,0,0,1,0,0,1,0,0,0,0,0,0,53,1,0,1,36,9,0,3,0,0,0,0,8,0,0,31,0,0,0
0,0,0,0,0,14,2,1,4,0,0,4,1,0,0,375,9,1,0,0,1,2,1,5,23,3,0,0,0,2,24,35,8,1,1,0,3,0,0,0,0,1,13,4,0,2,0,0
0,0,0,0,0,1,0,1,22,1,3,10,1,0,0,29,741,0,0,17,0,12,4,0,2,0,0,1,40,0,1,4,4,0,0,0,1,0,0,2,39,0,0,14,5,2,0,0
9,86,32,6,13,124,29,0,2,0,0,0,0,117,6,17,2,2454,13,0,0,5,4,89,269,7,0,0,1,6,0,2,3,15,21,0,664,0,0,0,0,45,72,7,5,1,0,0
0,48,5,0,1,0,69,0,0,0,0,0,0,40,3,6,0,7,1171,0,0,0,0,97,43,138,0,0,0,0,1,0,1,1,51,0,5,0,0,0,0,9,44,0,0,1,0,0
0,0,0,0,0,0,0,3,0,2,3,12,0,0,0,0,10,0,0,1352,0,8,2,0,0,0,1,1,5,0,0,0,0,0,0,17,0,2,4,9,169,0,0,33,0,0,6,3
0,0,2,1,0,1,0,26,1,2,74,11,2,0,4,3,1,3,0,1,619,1,3,3,1,0,12,86,2,4,0,0,0,0,0,3,5,2,0,14,2,0,0,0,2,4,1,0
0,0,0,0,0,1,0,0,36,0,2,29,1,0,0,21,95,0,0,5,2,7150,37,0,2,0,0,0,156,0,4,1,0,0,0,5,0,0,0,0,19,0,0,4,4,2,0,0
0,11,4,3,5,4,3,2,0,3,15,17,28,10,2,12,35,12,4,8,20,14,932,10,7,17,4,65,0,10,15,7,5,4,4,65,4,5,7,55,1,0,5,9,4,85,5,7
0,65,52,2,17,103,54,0,0,0,0,0,1,324,7,15,0,116,274,0,0,1,5,1039,765,264,0,2,0,6,0,3,10,67,51,0,25,0,0,0,0,107,264,0,1,194,0,0
0,69,103,2,9,501,79,2,8,0,5,2,6,293,11,271,1,111,205,0,1,5,32,522,2667,407,0,10,6,7,4,34,63,44,67,0,69,2,1,1,0,172,308,23,2,70,3,3
0,3,0,0,0,3,20,0,0,0,1,0,3,2,10,29,0,15,455,0,0,0,5,197,409,3208,0,0,0,4,0,4,10,2,52,0,15,0,0,0,0,17,290,0,0,362,0,0
0,0,0,0,0,0,0,0,0,126,49,3,2,0,0,1,1,0,0,0,3,0,0,0,1,0,566,1,0,0,0,0,0,0,0,0,0,8,39,20,0,0,0,0,0,2,27,31
0,0,1,0,0,1,0,17,0,54,135,25,0,0,6,4,18,1,0,9,437,12,22,4,5,1,36,1757,6,1,2,0,0,2,0,99,0,8,9,331,6,1,0,0,4,1,1,0
0,0,0,0,0,0,0,7,1391,41,30,200,58,0,0,19,519,0,0,34,30,132,31,1,0,0,15,7,7277,1,38,46,13,0,0,0,5,24,15,7,399,0,0,114,7,7,20,24
30,4,61,184,67,86,168,7,2,0,1,21,58,4,594,18,1,12,31,0,3,3,14,11,6,37,0,0,1,1515,70,36,17,230,342,0,86,0,0,0,0,154,12,15,379,2,0,0
0,1,2,3,1,10,0,49,49,0,0,65,48,0,4,166,1,3,1,0,1,16,13,17,9,4,0,0,6,22,1532,425,138,9,5,0,30,0,0,0,0,39,12,89,48,12,0,0
0,7,6,2,4,19,13,23,206,0,5,41,389,3,9,326,6,10,10,0,2,16,24,19,20,15,0,0,12,50,721,2548,687,9,14,0,10,1,0,0,2,15,50,135,32,18,3,1
0,0,0,0,0,0,0,0,38,0,0,0,9,0,3,35,0,0,1,0,0,1,2,2,7,5,0,0,7,10,40,105,672,0,1,0,0,0,0,0,0,0,16,6,4,6,0,0
25,29,102,120,114,50,10,0,0,0,0,0,0,37,176,1,0,9,3,0,0,0,0,1,2,0,0,0,0,21,0,0,0,809,37,0,5,0,0,0,0,34,11,0,7,0,0,0
2,1,1,23,2,0,29,0,0,0,0,0,0,0,0,0,0,6,3,0,0,0,0,0,2,0,0,0,0,4,0,0,0,12,414,0,1,0,0,0,0,6,1,0,4,0,0,0
0,0,3,1,0,0,0,173,0,10,42,11,0,1,5,0,4,0,0,9,29,3,13,1,2,3,2,63,1,0,0,0,0,0,0,1072,0,0,0,66,1,0,0,0,1,0,1,0
84,84,85,60,29,37,93,5,5,0,0,14,19,57,5,16,0,959,29,0,2,4,1,15,67,132,0,0,2,38,18,10,2,47,68,0,2536,0,0,0,0,41,62,39,48,0,0,0
0,0,0,0,0,0,0,0,0,72,13,4,0,0,0,0,1,0,0,101,1,0,0,0,0,0,54,3,1,0,0,0,0,0,0,0,0,3747,173,82,175,0,0,0,0,0,1061,78
0,0,0,0,0,0,0,0,0,129,2,0,0,0,0,0,4,0,0,13,0,0,2,0,0,0,21,0,0,0,0,0,0,0,0,0,0,91,1233,2,0,0,0,0,0,0,32,138
0,0,1,0,0,1,0,45,1,128,310,33,1,0,0,2,10,0,0,13,18,7,8,1,6,0,82,73,2,0,0,0,0,0,0,131,0,26,5,1714,19,0,0,0,0,0,10,6
0,0,0,0,0,0,0,7,3,5,6,22,0,0,0,0,2,0,0,98,0,5,3,0,0,0,1,2,19,0,0,0,0,0,0,12,0,8,0,18,309,0,0,10,0,0,18,0
2,5,12,18,1,53,10,0,0,0,0,0,0,16,29,3,0,15,4,0,0,0,0,28,61,0,0,0,0,3,0,0,0,13,25,0,3,0,0,0,0,94,16,0,3,0,0,0
1,19,5,6,3,20,2,0,0,0,0,0,1,18,25,47,0,56,58,0,0,0,2,139,167,136,0,0,0,32,7,2,6,99,9,0,24,0,0,0,0,56,889,2,38,19,0,0
0,1,0,2,0,1,0,20,81,0,3,38,84,0,2,5,13,5,0,86,0,3,24,0,2,0,1,1,21,21,37,16,6,2,4,4,42,2,3,1,62,0,7,841,18,3,12,3
4,0,14,49,0,22,14,8,6,0,0,4,3,1,38,24,8,5,1,0,1,2,2,6,4,9,0,0,0,128,13,2,5,5,90,0,39,0,0,0,0,86,8,12,1588,1,0,0
0,1,0,0,1,0,0,0,7,0,19,0,3,6,1,5,0,50,10,0,0,0,9,57,13,84,6,0,0,3,2,2,2,0,0,0,1,0,0,0,0,5,97,0,1,826,2,1
0,0,0,0,0,2,0,0,4,11,9,25,9,0,0,1,3,0,0,29,3,1,10,0,1,0,37,2,4,0,0,0,0,0,0,0,0,457,47,18,80,0,0,22,0,1,1896,132
0,0,0,0,0,0,0,0,0,0,1,0,2,0,0,0,0,0,0,1,0,0,0,0,0,0,1,0,0,0,0,1,0,0,0,0,0,7,8,0,0,0,0,0,0,0,7,84
