0.66907,0.72711,0.42003,0.65918,0.41176,0.50081,0.61852,0.49311,0.76704,0.54956,0.51831,0.62195,0.63752,0.49602,0.38281,0.37347,0.54877,0.71777,0.5511,0.78583,0.61506,0.9626,0.8671,0.49873,0.62196,0.75991,0.71223,0.90722,0.87018,0.85375,0.72061,0.83689,0.53005,0.53184,0.46701,0.85609,0.82453,0.87559,0.84819,0.81392,0.3652,0.21659,0.57632,0.63743,0.777,0.69343,0.73412,0.39184
0.7125
1393,40,139,304,141,12,141,0,0,0,0,0,0,5,8,0,0,56,0,0,0,0,0,0,0,0,0,0,0,1,0,0,0,43,12,0,23,0,0,0,0,5,0,0,0,0,0,0
35,2089,77,1,141,3,108,0,0,0,0,0,0,317,0,3,0,3,78,0,0,1,3,73,15,13,0,0,0,1,0,0,2,17,1,0,1,0,0,0,0,2,4,0,0,0,0,0
76,70,885,46,59,179,97,0,10,2,0,1,1,118,26,12,19,15,2,2,1,10,3,12,54,3,2,4,4,6,2,0,0,104,11,0,10,1,0,6,6,56,6,0,4,2,0,0
325,1,41,1350,28,8,45,0,0,0,0,0,0,0,59,0,0,25,0,0,0,0,0,1,0,0,0,0,0,20,0,0,0,101,111,0,18,0,0,0,0,5,1,0,50,0,0,0
26,22,18,8,448,2,3,0,0,0,0,0,0,3,0,0,0,1,1,0,0,0,0,0,0,0,0,0,0,1,0,0,0,21,0,0,0,0,0,0,0,0,1,0,0,0,0,0
16,21,244,42,21,1240,34,0,3,0,0,0,1,36,194,50,2,38,4,0,0,2,2,22,219,2,0,0,1,41,12,3,3,106,22,0,18,0,0,0,1,101,25,11,25,1,1,0
65,62,70,10,27,3,1456,0,0,0,0,0,0,13,0,0,0,7,31,0,0,0,0,2,7,2,0,0,0,1,0,0,0,4,27,0,5,0,0,0,0,7,0,0,0,0,0,0
0,0,0,0,0,1,0,179,0,0,4,9,0,0,2,0,0,0,0,0,1,0,0,0,0,0,0,0,0,0,1,0,0,0,0,16,0,0,0,3,0,0,0,0,1,0,2,0
0,0,2,0,0,0,0,2,4277,9,19,111,184,0,2,14,77,4,0,24,24,30,9,0,2,0,7,2,948,8,39,64,30,0,0,1,7,1,5,8,40,0,2,145,26,19,10,17
0,0,0,0,0,0,0,0,0,499,2,0,0,0,0,0,0,0,0,0,0,0,0,0,0,0,49,1,0,0,0,0,0,0,0,0,0,7,20,21,1,0,0,0,0,0,3,2
1,0,1,0,0,2,0,7,0,10,552,27,4,0,0,0,1,1,0,8,23,4,10,3,7,0,44,8,1,1,0,0,0,5,0,7,0,5,0,106,4,0,0,0,1,7,4,1
0,3,1,0,1,10,1,34,43,0,40,1020,31,1,0,6,4,0,3,11,6,7,5,5,8,1,2,3,9,18,23,8,2,0,1,22,2,4,0,14,58,2,0,68,1,2,6,0
0,0,1,0,0,4,0,0,30,0,6,30,1152,1,0,2,0,10,1,0,0,0,11,2,9,4,0,0,2,11,6,31,3,0,1,0,3,0,0,0,0,0,13,12,0,11,0,2
9,344,193,6,79,56,77,0,0,0,0,0,0,1309,6,4,0,127,109,0,0,0,0,248,121,10,0,0,0,1,0,1,1,114,20,0,15,0,0,0,0,32,14,0,0,11,0,0
3,0,6,10,2,15,1,0,0,0,0,0,0,0,570,0,0,0,0,0,0,1,0,0,0,0,0,0,0,47,0,0,1,25,4,0,0,0,0,0,0,10,2,0,9,1,0,0
0,0,1,0,0,16,0,0,1,0,0,0,0,0,2,428,0,2,0,0,0,0,0,3,17,2,0,0,0,0,13,29,15,0,1,0,3,0,0,0,0,1,2,2,2,0,0,0
0,0,1,0,0,1,0,0,14,0,2,7,1,0,1,14,782,1,0,16,1,17,2,0,1,2,0,1,35,0,5,3,4,0,0,1,1,0,0,5,22,1,1,7,7,1,0,0
14,23,29,10,6,68,19,0,2,0,0,0,1,78,10,11,1,3090,12,0,0,0,2,65,104,7,0,0,0,3,0,1,0,13,7,0,426,0,1,0,0,45,64,5,8,1,0,0
0,22,4,0,0,0,56,0,0,0,0,0,0,42,1,4,0,4,1332,0,0,0,0,68,36,114,0,0,0,0,0,0,1,1,15,0,0,0,0,0,0,2,37,0,0,2,0,0
0,0,0,0,0,0,0,1,0,1,1,13,1,0,0,0,10,0,0,1453,0,4,0,0,0,0,0,1,4,0,0,0,0,0,0,17,0,4,2,5,101,0,0,23,0,0,1,0
0,0,1,0,0,1,0,7,1,1,30,3,0,1,0,1,2,1,0,2,735,0,3,0,1,1,3,72,0,5,0,0,0,1,0,5,4,2,1,2,0,0,0,0,2,5,3,0
0,0,0,0,0,2,0,0,45,0,0,5,0,0,1,14,69,0,0,6,1,7258,24,0,0,0,1,0,122,0,6,2,0,0,0,0,0,0,0,0,6,0,0,4,8,2,0,0
1,8,3,1,5,6,3,1,1,1,3,9,11,11,2,6,20,8,2,10,9,8,1207,7,17,14,0,34,0,7,8,5,2,2,6,26,0,1,3,19,2,0,3,7,5,36,3,1
0,53,44,2,3,110,28,0,0,0,0,0,1,361,8,15,0,90,255,0,0,0,2,1571,600,300,0,0,0,3,0,1,3,71,16,0,10,0,0,0,0,85,147,0,1,54,0,0
0,60,117,2,7,504,69,0,1,0,2,3,6,231,10,192,0,127,180,0,0,2,11,710,2787,520,0,1,9,19,7,28,47,43,14,0,41,1,0,0,1,134,246,11,3,46,5,4
0,3,0,0,0,3,4,0,0,0,0,0,1,11,1,19,0,8,313,0,0,1,3,141,237,4007,0,0,0,2,0,1,12,0,9,0,3,0,0,0,0,6,162,0,0,169,0,0
0,0,0,0,0,0,0,0,0,81,31,0,2,0,0,0,0,0,0,0,1,0,0,0,1,0,693,2,0,0,0,0,0,0,0,0,0,8,13,16,1,0,0,0,0,4,14,13
0,0,1,1,0,2,0,7,0,13,37,14,0,0,1,3,12,2,0,9,337,16,22,2,1,0,8,2337,4,2,1,0,0,1,0,47,1,36,10,74,7,0,0,0,4,3,1,0
0,0,0,0,0,0,0,5,954,32,31,64,69,0,0,14,381,0,0,54,18,136,13,0,0,0,13,28,8218,3,22,33,9,0,0,3,4,12,12,54,216,0,0,72,9,6,16,11
25,5,49,82,34,45,111,2,7,0,0,26,23,4,330,6,1,6,18,1,0,2,4,8,12,28,0,0,3,2767,47,33,10,105,118,0,24,0,0,0,1,62,21,22,208,31,1,0
1,0,2,1,1,9,0,11,34,0,0,13,11,0,2,85,3,2,3,3,3,6,4,2,12,4,0,0,10,20,2084,339,57,5,2,0,17,0,0,0,0,5,3,55,18,3,0,0
0,5,10,3,1,18,7,4,95,0,1,52,243,4,6,179,11,9,9,3,3,10,11,11,24,6,0,0,31,65,530,3494,482,3,9,0,11,0,1,0,3,1,13,82,19,10,4,0
0,0,0,0,0,0,0,0,19,0,0,0,2,0,1,17,1,0,0,0,0,1,1,1,5,7,0,0,11,4,19,77,785,0,0,0,1,0,0,0,2,1,6,3,1,5,0,0
19,11,91,76,60,34,13,0,0,0,0,0,0,22,150,0,0,8,2,0,0,0,0,7,2,1,0,0,0,18,0,0,1,1019,30,0,4,0,0,0,0,17,14,0,4,0,0,0
1,0,3,12,1,0,18,0,0,0,0,0,0,0,1,0,0,1,2,0,0,0,0,0,2,0,0,0,0,1,0,0,0,4,460,0,2,0,0,0,0,1,0,0,2,0,0,0
0,1,0,3,0,1,1,76,0,4,18,32,0,0,1,0,0,0,0,12,11,8,10,0,1,0,3,26,0,2,0,0,0,1,0,1273,0,3,2,21,5,0,0,0,1,0,1,0
61,21,33,25,21,27,48,0,0,0,0,4,14,38,7,6,0,577,18,0,1,0,2,20,47,33,0,0,7,29,20,9,3,31,19,1,3449,0,0,0,0,18,44,34,45,1,0,0
0,0,0,0,0,0,0,0,0,57,0,2,0,0,0,0,3,0,0,52,0,1,1,0,0,0,34,1,0,0,0,0,0,0,0,1,0,4490,144,39,77,0,0,0,0,0,647,17
0,0,0,0,0,0,0,0,0,76,0,0,0,0,0,0,0,0,0,4,0,0,2,0,0,0,12,0,0,0,0,0,0,0,0,0,0,65,1475,4,0,0,0,0,0,0,9,20
0,0,1,0,0,2,0,11,2,108,275,67,1,0,0,0,9,1,0,18,16,12,7,1,3,0,65,54,2,0,0,0,0,1,0,59,0,28,8,1859,21,1,0,3,0,0,14,4
0,0,1,0,0,0,0,1,2,3,4,41,1,0,0,0,2,0,0,58,0,2,2,0,0,0,0,0,13,0,0,0,0,0,0,3,0,8,0,12,382,0,0,1,0,0,11,1
2,2,22,11,1,39,2,0,0,0,0,0,0,8,20,2,0,10,5,0,0,0,0,28,24,2,0,0,0,1,1,0,0,12,6,0,1,0,0,0,0,188,20,0,7,0,0,0
0,6,10,3,1,37,1,0,0,0,0,0,0,10,26,19,1,46,25,0,0,0,1,105,92,112,0,0,0,13,8,1,3,54,8,0,10,0,0,0,0,44,1212,3,29,8,0,0
0,0,1,0,0,3,0,14,32,0,2,67,37,0,4,3,10,1,0,87,2,0,6,0,0,0,0,1,10,15,29,9,1,0,1,5,33,2,0,2,47,1,4,1032,10,1,4,1
9,0,2,39,0,13,11,1,3,0,0,2,0,2,37,14,2,5,5,0,0,0,1,7,4,5,0,0,0,104,8,3,2,6,54,0,36,0,0,0,0,28,11,11,1777,0,0,0
0,1,2,0,0,0,0,0,0,0,2,0,4,13,0,3,0,19,7,0,0,0,5,25,9,73,9,0,0,1,1,0,2,3,0,0,0,0,0,0,0,7,25,0,0,1002,0,1
0,0,1,0,0,0,0,0,0,11,3,18,4,0,0,0,2,0,0,16,2,1,3,0,0,0,26,0,0,0,0,0,0,0,0,0,0,449,36,14,42,0,0,6,0,1,2115,54
0,0,0,0,0,0,0,0,0,0,0,0,1,0,0,0,0,0,0,0,0,0,0,0,0,0,2,0,0,0,0,0,0,0,0,0,0,1,6,0,0,0,0,0,0,0,6,96
