0.61781,0.64241,0.34815,0.59582,0.30514,0.44962,0.53081,0.25275,0.70362,0.45981,0.37445,0.51207,0.5577,0.40071,0.29763,0.28602,0.48926,0.65571,0.44941,0.76984,0.56266,0.96152,0.77509,0.41697,0.57659,0.71556,0.58774,0.86455,0.86572,0.78232,0.59212,0.76145,0.40055,0.42466,0.31866,0.75489,0.74412,0.85668,0.82332,0.72954,0.25326,0.15903,0.44048,0.53963,0.67335,0.59234,0.64155,0.25
0.63494
1193,39,130,332,196,7,195,0,0,0,0,0,0,25,9,0,0,78,0,0,0,0,0,0,0,0,0,0,0,2,0,0,0,62,22,0,28,0,0,0,0,4,0,0,1,0,0,0
41,1951,75,2,159,3,147,0,0,0,0,0,0,343,0,6,0,14,110,0,0,1,3,73,10,20,0,0,0,0,0,0,1,16,4,0,2,0,0,0,0,1,6,0,0,0,0,0
89,110,650,62,80,178,96,0,10,1,1,3,0,103,30,38,37,22,5,1,0,6,2,11,61,4,1,6,8,3,3,0,0,134,32,0,11,6,1,8,2,101,5,1,2,1,2,0
303,1,36,1197,31,6,74,0,0,0,0,0,0,2,95,0,0,35,0,0,0,0,0,0,1,0,0,0,0,19,0,0,0,127,113,0,28,0,0,0,0,8,0,1,112,0,0,0
31,32,26,4,404,1,7,0,0,0,0,0,0,12,1,0,0,5,1,0,0,0,0,0,0,0,0,0,0,2,0,0,0,23,2,0,1,0,0,0,0,0,3,0,0,0,0,0
21,27,228,46,27,1071,39,0,4,0,0,1,2,50,197,61,2,41,6,0,4,5,7,30,211,4,0,1,0,59,9,2,4,130,31,0,28,0,0,0,1,161,14,18,22,0,0,0
86,78,65,8,37,2,1361,0,0,0,0,0,0,11,1,0,0,6,51,0,0,0,0,3,7,4,0,0,0,1,0,0,0,4,57,0,6,0,0,0,0,11,0,0,0,0,0,0
0,0,1,0,0,1,0,169,0,0,6,7,0,0,3,0,1,0,0,0,1,2,1,1,1,0,3,0,0,0,1,0,0,0,0,19,0,0,0,0,0,0,0,0,1,0,1,0
0,0,0,0,0,0,0,22,4157,8,12,118,189,0,0,48,79,4,0,14,16,31,14,0,2,0,7,1,886,11,80,89,77,0,2,0,9,0,2,1,46,1,2,150,36,20,11,24
0,0,0,0,0,0,0,0,0,429,2,0,0,0,0,0,0,0,0,0,0,0,0,0,0,0,70,1,0,0,0,0,0,0,0,0,0,19,45,30,1,0,0,0,0,0,4,4
0,1,1,0,0,4,0,50,1,12,422,33,3,2,1,0,1,1,0,7,36,4,14,3,4,0,68,11,0,1,2,0,0,1,0,15,0,6,1,128,2,0,0,1,1,13,3,2
0,1,3,0,0,12,0,103,64,0,52,806,42,1,0,14,11,1,0,15,6,8,8,5,8,1,2,3,18,19,51,16,1,0,1,36,4,4,0,24,66,0,1,72,1,2,4,0
0,0,0,0,1,2,0,0,57,0,8,28,1039,0,0,4,3,7,3,0,2,0,24,3,22,8,1,0,2,10,11,30,10,1,1,0,21,0,0,1,0,2,13,19,0,16,3,6
11,443,201,2,100,44,80,0,0,0,1,0,0,1017,5,7,0,187,147,0,0,0,2,248,114,7,0,0,0,1,1,0,3,134,35,0,17,0,0,0,0,42,39,1,0,18,0,0
3,0,6,16,5,33,1,0,0,0,0,0,0,0,508,0,0,0,0,0,0,1,0,0,0,0,0,0,0,54,0,0,3,34,8,0,1,0,0,0,0,5,1,0,27,1,0,0
0,0,3,0,0,13,0,0,4,0,0,1,0,0,1,399,4,1,0,0,1,3,0,3,26,2,0,0,0,2,20,31,10,0,1,0,3,0,0,0,0,0,8,2,1,1,0,0
0,0,0,0,0,1,0,1,22,0,1,8,1,0,0,16,752,1,0,16,1,17,5,0,0,2,0,1,39,0,7,5,3,0,0,2,1,0,0,4,26,0,0,16,7,2,0,0
7,55,33,10,13,71,24,0,3,0,0,0,0,126,6,18,1,2672,19,0,0,4,2,65,189,6,0,0,0,8,1,0,2,14,13,0,616,0,1,0,0,42,97,4,4,0,0,0
0,32,4,0,2,0,68,0,0,0,0,0,0,61,2,5,0,3,1217,0,0,0,1,89,27,134,0,0,0,0,0,1,0,1,41,0,0,0,0,0,0,6,46,0,0,1,0,0
0,0,0,0,0,0,0,1,0,1,5,24,0,0,0,0,8,0,0,1358,0,7,3,0,0,0,1,1,2,0,0,0,0,0,0,15,0,3,3,12,173,0,0,24,0,0,1,0
1,0,1,0,0,2,0,22,2,0,63,4,1,0,2,1,2,3,0,2,651,0,4,0,0,0,10,86,1,6,1,0,0,0,1,5,7,1,0,5,0,0,0,0,2,8,2,0
0,0,0,0,0,2,0,0,60,0,0,15,2,0,1,16,78,0,0,4,1,7172,28,0,0,0,1,1,156,0,4,2,1,0,0,2,0,0,0,0,17,0,0,5,5,3,0,0
1,9,7,1,1,7,3,3,1,0,6,17,19,10,3,14,36,4,4,11,14,15,1027,11,12,13,1,69,0,9,12,5,7,3,5,40,2,5,5,46,1,0,6,10,6,52,6,5
0,74,50,1,11,84,38,0,0,0,0,0,0,383,9,18,0,140,294,0,0,0,3,1150,689,298,0,0,0,1,0,1,7,70,31,0,17,0,0,0,0,136,203,0,1,125,0,0
2,93,93,2,2,526,96,0,8,0,6,2,9,255,11,232,3,114,215,0,0,4,21,592,2567,526,0,1,2,11,12,20,63,47,42,0,53,0,2,1,0,177,310,18,0,56,2,5
0,4,0,0,0,1,14,0,0,0,0,0,3,3,4,24,0,9,497,0,0,0,7,230,186,3542,0,0,0,4,0,3,11,1,37,0,4,0,0,0,0,6,276,0,0,250,0,0
0,0,0,0,0,0,0,0,0,111,30,1,1,0,0,1,1,0,0,0,1,0,0,1,0,0,623,4,0,0,0,0,0,0,0,0,0,11,21,23,1,0,0,0,0,6,15,29
0,0,0,0,0,4,0,22,1,23,108,15,0,0,2,5,23,1,0,8,355,9,28,3,3,0,21,2017,7,5,2,0,0,0,1,115,0,14,6,197,5,0,0,1,7,5,3,0
0,0,0,0,0,0,0,21,1207,42,48,136,67,0,0,21,424,0,0,33,16,130,19,0,0,0,14,10,7769,1,32,46,12,0,0,0,3,20,6,14,280,0,0,89,8,6,21,17
25,3,42,109,97,84,159,9,4,0,0,27,35,6,514,11,1,13,30,0,1,2,9,17,11,49,0,0,0,1912,64,34,14,157,225,0,59,0,0,0,0,106,30,30,387,5,0,1
0,0,2,0,0,14,1,40,44,0,0,16,14,1,1,102,2,1,3,1,0,12,11,2,12,9,0,0,9,25,1774,439,129,4,4,0,27,0,0,0,1,4,10,87,21,7,0,1
0,3,8,1,6,22,9,21,159,0,1,33,340,0,3,214,7,13,4,0,2,11,16,11,39,14,0,1,17,52,775,2710,725,10,9,0,11,0,1,0,8,6,28,138,26,22,5,2
0,0,0,0,0,0,0,0,23,0,0,1,4,0,1,30,0,1,1,0,0,0,6,0,9,6,0,0,10,8,46,94,714,0,0,0,0,0,0,0,0,1,5,3,2,5,0,0
33,21,99,94,109,41,16,0,0,0,0,0,0,39,200,0,0,9,4,0,0,0,0,1,2,0,0,0,0,16,0,0,1,823,38,0,5,0,0,0,0,34,11,0,7,0,0,0
2,0,2,17,3,0,35,0,0,0,0,0,0,0,0,0,0,2,3,0,0,0,0,0,0,0,0,0,0,4,0,0,0,11,420,0,2,0,0,0,0,6,0,0,4,0,0,0
0,1,3,0,0,1,0,184,0,7,34,38,0,1,2,0,6,0,1,10,22,3,17,1,3,1,3,40,0,1,0,0,0,0,1,1081,0,0,4,49,1,0,0,0,1,0,1,0
77,47,59,43,36,34,81,2,7,0,0,2,17,49,2,16,0,590,39,0,0,3,1,13,47,71,0,0,2,40,23,7,3,38,34,1,3071,0,0,0,0,36,88,63,71,0,0,0
0,0,0,0,0,0,0,0,0,76,5,3,0,0,0,0,4,0,0,78,0,0,2,0,0,0,60,1,1,0,0,0,0,0,0,1,0,3975,148,56,126,0,0,0,0,0,958,72
0,0,0,0,0,0,0,0,0,86,0,0,0,0,0,0,9,0,0,6,0,0,1,0,0,0,29,0,0,0,0,0,0,0,0,0,0,72,1356,3,1,0,0,0,0,0,19,85
1,0,2,0,0,3,0,25,1,118,300,97,0,0,0,2,15,0,0,18,26,5,10,0,8,1,92,75,2,0,0,0,0,0,0,91,0,29,4,1694,21,0,0,0,0,1,9,3
0,0,0,0,0,0,0,5,2,4,5,44,0,0,0,0,4,0,0,85,0,2,2,0,0,0,0,1,30,0,0,0,0,0,0,5,0,9,0,15,311,0,0,7,0,0,17,0
3,4,18,21,1,48,6,0,0,0,0,0,0,10,32,2,0,12,5,0,0,0,0,29,49,1,0,0,1,3,0,0,0,12,15,0,2,0,0,0,0,108,25,0,7,0,0,0
1,8,8,4,1,36,2,0,0,0,0,0,0,18,33,33,1,47,40,0,0,0,0,123,111,146,0,0,1,19,8,2,2,73,17,0,15,0,0,0,0,68,1025,1,28,17,0,0
0,0,2,0,0,1,0,18,61,0,3,61,66,0,4,8,14,3,0,75,0,0,9,0,1,0,1,2,9,15,43,16,3,0,3,4,28,2,2,0,64,2,7,926,15,1,4,4
0,0,9,37,0,20,11,10,5,0,0,5,1,1,44,25,3,5,2,1,0,1,1,5,8,4,0,0,0,116,14,3,3,8,72,0,44,0,0,0,0,35,14,16,1678,1,0,0
0,0,0,0,2,0,1,0,1,0,2,1,3,9,0,4,0,30,7,0,0,0,9,35,12,77,9,0,1,4,0,2,1,0,0,0,1,0,0,0,0,4,54,0,1,943,0,1
0,0,0,0,0,3,0,0,0,14,6,27,3,0,0,0,5,0,0,21,1,1,8,0,0,0,41,0,1,0,0,0,0,0,0,0,0,458,31,11,74,0,0,13,0,4,1967,115
0,0,0,0,0,0,0,0,0,1,0,0,2,0,0,0,0,0,0,0,0,0,0,0,0,0,2,0,0,0,0,1,0,0,0,0,0,6,8,0,0,0,0,0,0,0,8,84
