0.64282,0.6854,0.36972,0.6175,0.35347,0.46717,0.55486,0.33878,0.73301,0.50494,0.43647,0.58219,0.59054,0.44667,0.32915,0.30579,0.53804,0.68232,0.50559,0.77197,0.58559,0.96193,0.83821,0.47274,0.61008,0.72476,0.63865,0.88946,0.862,0.82304,0.66655,0.80494,0.45966,0.48654,0.40036,0.84176,0.81153,0.86916,0.83883,0.77595,0.29555,0.17797,0.54567,0.58569,0.75581,0.62222,0.7078,0.24603
0.67608
1312,44,145,303,162,9,180,0,0,0,0,0,0,10,5,0,0,58,0,0,0,0,0,1,0,0,0,0,0,3,0,0,0,55,13,0,20,0,0,0,0,3,0,0,0,0,0,0
31,2037,74,0,164,5,126,0,0,0,0,0,0,307,0,3,0,7,87,0,0,1,2,67,25,17,0,0,0,1,0,1,0,19,1,0,2,0,0,0,0,6,4,0,0,1,0,0
79,92,762,66,83,178,101,0,15,1,0,1,0,90,29,24,27,19,6,5,0,9,2,19,44,5,1,4,7,10,1,2,1,120,20,1,8,3,0,8,7,66,4,0,2,1,3,1
323,1,45,1256,27,7,75,0,0,0,0,0,1,1,82,0,0,29,0,0,0,0,0,1,1,0,0,0,0,18,0,0,0,118,125,0,16,0,0,0,0,9,1,0,53,0,0,0
31,25,18,9,433,0,3,0,0,0,0,0,0,9,0,0,0,3,1,0,0,0,0,1,0,0,0,0,0,2,0,0,0,19,1,0,0,0,0,0,0,0,0,0,0,0,0,0
17,18,269,44,26,1124,34,0,3,0,1,0,1,48,227,59,1,44,6,0,1,3,2,21,206,3,0,1,0,53,13,4,4,127,30,0,17,0,0,0,1,112,10,13,20,1,0,0
70,69,74,15,28,3,1421,0,0,0,0,0,0,11,0,0,0,4,35,0,0,0,0,1,9,5,0,0,0,0,0,0,0,4,33,0,7,0,0,0,0,10,0,0,0,0,0,0
0,0,2,0,0,1,0,166,0,0,8,7,0,0,3,0,0,0,0,0,2,1,0,0,0,0,0,0,0,0,2,1,0,0,0,18,0,0,0,1,0,2,0,1,0,1,3,0
0,0,0,0,0,0,0,8,4184,4,11,96,213,0,0,33,76,4,0,15,32,29,13,0,2,1,15,4,967,9,36,72,61,0,0,0,11,0,4,5,43,0,1,142,28,19,11,20
0,0,0,0,0,0,0,0,0,460,1,0,0,0,0,0,0,0,0,0,0,0,0,0,0,0,61,1,0,0,0,0,0,0,0,0,0,11,25,38,2,0,0,0,0,0,3,3
2,1,1,1,0,4,0,20,0,14,505,24,3,0,0,3,0,1,0,5,38,10,8,3,4,0,57,9,3,0,2,0,0,3,0,10,0,7,0,93,5,0,0,0,0,13,5,1
0,1,3,0,0,9,0,60,65,0,61,889,43,0,0,6,6,0,2,12,8,11,4,7,4,2,3,2,12,19,33,14,3,0,1,17,3,2,0,16,84,4,3,69,0,2,6,0
0,0,1,0,0,3,0,0,38,0,6,36,1099,1,0,1,0,7,2,0,0,0,18,2,15,8,0,0,3,10,6,31,7,0,1,0,9,0,0,1,3,0,16,16,1,13,1,3
16,424,203,6,96,50,89,0,0,0,1,0,0,1093,5,6,0,162,132,0,0,0,1,243,136,12,0,0,0,2,1,0,1,119,21,0,10,0,0,0,0,42,19,0,0,17,0,0
3,0,7,19,3,19,0,0,0,0,0,0,0,0,525,1,0,0,0,0,0,1,0,0,0,0,0,0,0,61,0,1,1,28,7,0,0,0,0,0,0,15,1,0,14,1,0,0
0,2,2,0,0,11,0,0,3,0,0,0,0,0,0,407,3,0,1,0,0,0,0,3,26,0,0,0,0,1,20,31,12,0,1,0,4,0,0,0,0,4,4,2,2,1,0,0
0,0,1,0,0,1,0,0,12,0,4,3,0,0,0,17,778,1,0,14,1,14,3,0,0,1,0,1,45,0,6,5,3,0,0,1,1,0,0,5,21,0,1,11,6,1,0,0
11,37,37,14,6,80,28,0,1,0,1,0,1,105,12,18,0,2979,13,0,0,0,4,85,129,10,0,0,0,8,0,2,1,13,10,0,407,0,0,1,0,47,53,6,6,1,0,0
0,26,2,0,0,0,73,0,0,0,0,0,0,61,0,3,0,3,1221,0,0,0,0,95,37,141,0,0,0,0,0,0,1,1,26,0,2,0,0,0,0,7,41,0,0,1,0,0
0,0,0,0,0,0,0,0,0,1,2,14,0,0,0,0,11,0,0,1388,0,6,1,0,0,0,0,1,5,0,0,0,0,0,0,20,0,3,4,6,146,0,0,33,0,0,0,1
1,0,0,0,0,1,0,9,2,0,46,6,0,0,2,3,0,1,0,1,691,1,2,0,1,1,7,85,0,6,0,0,0,1,1,3,9,2,0,2,0,0,0,0,0,8,4,0
0,0,0,0,0,1,0,0,48,0,1,5,1,0,1,21,64,0,0,5,1,7227,24,0,0,0,0,4,139,0,7,4,1,0,0,0,0,0,0,0,9,0,0,5,5,3,0,0
2,11,5,2,4,3,3,2,2,2,4,10,9,10,1,8,26,8,2,8,11,13,1145,5,14,14,0,47,0,8,10,5,4,1,7,26,1,2,5,25,4,3,6,6,5,48,6,1
0,66,42,1,8,112,47,0,0,0,0,0,0,365,6,13,0,128,261,0,0,0,2,1396,562,333,0,0,0,3,0,1,6,77,18,0,11,0,0,0,0,109,156,0,1,110,0,0
2,72,115,1,3,523,99,0,3,0,3,2,10,202,15,248,1,131,191,0,0,2,13,635,2602,554,0,0,6,9,6,22,58,55,18,0,32,1,0,1,1,189,293,23,1,47,7,5
0,6,0,0,0,1,15,0,0,0,0,0,1,6,4,23,0,10,345,0,0,1,1,173,185,3884,0,0,0,4,0,1,12,1,19,0,1,0,0,0,0,4,191,0,0,228,0,0
0,0,0,0,0,0,0,0,0,99,29,0,2,0,0,0,0,0,0,0,1,0,0,0,1,0,661,3,0,0,0,0,0,0,0,0,0,8,12,25,0,0,0,0,0,4,12,23
0,0,0,1,0,0,0,14,0,17,58,22,0,0,2,6,10,1,0,7,319,11,22,0,3,0,18,2269,6,2,2,0,0,0,1,42,1,35,3,124,6,1,0,2,3,4,4,0
0,0,1,0,0,0,0,5,1091,21,26,81,71,0,0,21,386,0,0,49,29,121,15,0,0,0,19,22,8033,1,21,40,9,0,0,0,5,11,9,21,270,0,0,84,6,6,17,21
28,1,53,96,60,49,130,4,1,0,1,25,30,3,369,9,1,8,27,0,1,0,4,9,11,63,0,0,2,2465,50,33,12,112,152,0,48,0,0,0,1,114,17,30,246,17,0,0
1,1,2,1,1,13,0,21,38,0,0,10,11,0,1,90,4,3,3,2,0,13,4,0,6,8,0,1,11,22,1981,366,79,4,2,0,24,0,0,0,1,3,7,69,21,6,0,0
1,1,10,1,2,26,7,13,127,0,2,51,287,6,9,216,15,7,7,3,3,12,23,5,35,8,0,0,30,64,666,3062,594,2,7,0,7,0,2,0,4,3,19,100,24,18,4,0
0,0,0,0,0,0,0,0,28,0,0,0,4,0,0,23,0,1,1,0,0,1,3,0,8,5,0,0,9,5,31,79,752,0,0,0,1,0,0,0,0,1,4,4,3,7,0,0
26,8,103,80,78,39,14,0,0,0,0,0,0,32,171,0,0,8,4,0,0,0,0,3,1,1,0,0,0,15,1,0,0,940,38,0,3,0,0,0,0,23,9,0,6,0,0,0
1,0,2,15,1,0,28,0,0,0,0,0,0,0,0,0,0,0,2,0,0,0,0,0,1,1,0,0,0,3,0,0,0,6,446,0,1,0,0,0,0,2,0,0,2,0,0,0
0,0,2,0,0,5,1,136,0,7,19,30,0,0,1,0,1,1,0,11,20,6,19,1,1,0,2,40,1,2,0,0,0,0,0,1165,0,3,3,33,2,1,0,0,3,0,1,0
72,23,46,34,37,31,70,0,1,0,0,2,17,46,3,10,0,660,23,0,1,2,2,28,42,56,0,0,5,34,28,7,2,21,20,1,3251,0,0,0,1,19,44,36,38,0,0,0
0,0,0,0,0,0,0,0,0,67,1,2,0,0,0,0,2,0,0,69,0,0,2,0,0,0,47,1,1,0,0,0,0,0,0,1,0,4338,147,50,80,0,0,0,0,0,709,49
0,0,0,0,0,0,0,0,0,92,0,0,0,0,0,0,0,0,0,4,0,0,1,0,0,0,21,1,0,0,0,0,0,0,0,0,0,63,1400,4,0,0,0,0,0,0,10,71
0,0,3,0,0,4,0,10,1,110,352,81,1,1,0,1,10,2,0,22,19,15,12,0,5,1,83,55,2,0,0,0,0,1,0,69,0,30,6,1697,36,0,0,0,0,1,21,2
0,0,0,0,0,1,0,2,2,2,4,37,0,0,0,0,3,0,0,74,0,2,1,0,0,0,1,0,19,0,0,0,0,0,0,5,0,11,0,15,352,0,0,7,0,0,10,0
3,2,21,17,1,41,6,0,0,0,0,0,0,11,28,2,0,10,3,0,0,0,0,26,33,1,0,0,1,3,1,0,0,11,10,0,2,0,0,0,0,157,17,0,6,1,0,0
1,4,7,7,0,26,3,0,0,0,0,0,0,15,41,29,1,42,30,0,0,0,0,86,97,131,0,0,0,11,4,3,2,63,10,0,14,0,0,0,0,62,1153,4,30,12,0,0
0,0,0,0,0,2,0,17,39,0,2,71,48,0,3,5,11,1,0,83,0,0,4,0,0,0,1,0,12,20,31,14,3,1,0,4,42,2,0,0,64,1,3,974,14,1,1,3
8,0,3,45,0,21,8,3,3,0,0,1,0,3,49,17,6,9,2,0,0,0,1,6,10,4,0,0,0,119,13,2,5,5,75,0,36,0,0,0,0,37,5,16,1690,0,0,0
0,0,0,0,2,1,0,0,0,0,2,0,2,11,1,5,0,14,8,0,0,0,5,31,9,89,8,0,0,2,0,0,2,5,0,0,0,0,0,0,0,6,31,0,0,980,0,0
0,0,0,0,0,2,0,0,1,14,5,21,5,0,0,0,3,0,0,21,2,1,3,0,0,0,29,0,0,0,0,0,0,0,0,1,0,458,40,16,48,0,0,10,0,1,2042,81
0,0,0,0,0,0,0,0,0,0,1,0,1,0,0,0,0,0,0,0,0,0,0,0,0,0,1,0,0,0,0,1,0,0,0,0,0,1,9,0,0,0,0,0,0,0,5,93
