0.64359,0.68467,0.37998,0.6266,0.35774,0.47442,0.5573,0.327,0.73153,0.5039,0.44021,0.58717,0.58439,0.44837,0.32637,0.30949,0.5431,0.68053,0.50512,0.77803,0.60737,0.96211,0.84133,0.47917,0.60992,0.7246,0.64453,0.88568,0.86424,0.82369,0.66451,0.79593,0.46097,0.48545,0.39485,0.83605,0.81683,0.86429,0.83353,0.76892,0.30329,0.17229,0.5405,0.5786,0.75809,0.61791,0.7,0.25138
0.67629
1311,42,145,308,153,9,185,0,0,0,0,0,0,8,7,0,0,61,0,0,0,0,0,0,1,0,0,0,0,1,0,0,0,57,11,0,20,0,0,0,0,4,0,0,0,0,0,0
31,2028,76,1,151,6,127,0,0,0,0,0,0,320,0,3,0,7,96,0,0,0,2,59,24,20,0,0,0,2,0,1,0,20,2,0,2,0,0,0,0,4,5,0,0,1,0,0
73,87,763,64,79,175,106,0,15,1,0,1,1,97,33,24,26,19,8,4,0,8,4,16,53,3,1,5,7,8,1,1,1,116,18,0,8,3,0,6,6,73,4,2,2,1,3,1
326,0,31,1272,26,7,72,0,0,0,0,0,0,0,85,0,0,29,0,0,0,0,0,2,0,0,0,0,0,16,0,0,0,122,124,0,16,0,0,0,0,8,1,0,52,0,0,0
29,30,18,8,430,1,3,0,0,0,0,0,0,9,0,0,0,3,1,0,0,0,0,1,0,0,0,0,0,1,0,0,0,20,0,0,1,0,0,0,0,0,0,0,0,0,0,0
17,17,246,45,29,1150,37,0,3,0,0,1,1,48,229,63,2,41,4,0,1,4,2,21,193,4,0,1,0,53,4,3,3,129,31,0,19,0,0,0,0,115,14,15,17,1,1,0
74,72,74,10,22,4,1420,0,0,0,0,0,0,9,0,0,0,4,40,0,0,0,0,2,8,5,0,0,0,0,0,0,0,3,34,0,6,0,0,0,0,12,0,0,0,0,0,0
0,0,2,0,0,0,0,172,0,0,6,8,0,0,3,0,0,0,0,0,1,1,0,0,0,0,1,0,0,0,1,1,0,0,0,16,0,0,0,1,0,1,0,1,0,1,3,0
0,0,0,0,0,0,0,12,4188,5,11,98,202,0,0,32,77,3,0,17,28,31,13,0,2,1,17,3,945,7,36,85,67,0,0,0,13,0,3,5,42,0,1,145,32,19,9,20
0,0,0,0,0,0,0,0,0,452,1,0,0,0,0,0,0,0,0,0,0,0,0,0,0,0,63,1,0,0,0,0,0,0,0,0,0,13,29,40,1,0,0,0,0,0,3,2
0,1,1,0,0,2,0,28,1,13,508,19,3,3,0,2,0,1,0,5,27,10,8,1,5,0,53,10,1,0,1,1,0,5,0,8,0,7,0,105,4,0,0,1,0,14,6,1
0,1,4,0,0,6,0,59,59,0,57,879,48,1,0,7,6,0,1,9,7,7,2,5,7,3,3,2,14,17,30,16,3,0,1,30,2,3,0,20,75,6,3,84,1,1,7,0
0,0,2,0,0,4,0,0,38,0,4,29,1108,3,0,5,0,6,1,0,1,0,16,2,18,6,0,0,2,11,5,31,8,0,0,0,8,0,0,0,3,1,13,15,1,13,1,3
10,422,191,6,94,56,84,0,0,0,1,0,0,1116,5,5,0,164,131,0,0,0,2,237,138,7,0,0,0,2,1,0,2,112,24,0,9,0,0,0,0,54,17,0,0,17,0,0
4,0,7,14,5,17,2,0,0,0,0,0,0,0,531,1,1,0,0,0,0,1,0,0,0,0,0,0,0,59,0,0,2,31,6,0,0,0,0,0,0,13,1,0,12,0,0,0
0,0,2,0,0,14,0,0,4,0,0,0,0,1,0,411,4,1,0,0,0,0,1,1,22,1,0,0,0,0,19,34,12,0,1,0,3,0,0,0,0,1,3,2,2,1,0,0
0,0,0,0,0,1,0,0,11,1,3,8,1,0,0,15,775,1,0,14,3,12,5,0,1,1,0,0,48,0,3,6,4,0,0,1,1,0,0,5,17,0,0,12,6,2,0,0
15,32,38,13,7,82,26,0,2,0,1,0,1,107,14,21,0,2978,10,0,0,0,2,84,131,8,0,0,0,9,0,2,1,10,10,0,392,0,0,0,0,61,57,6,4,1,0,1
0,21,2,0,0,0,66,0,0,0,0,0,0,56,1,3,0,4,1233,0,0,0,0,97,34,145,0,0,0,0,0,0,1,1,31,0,1,0,0,0,0,6,38,0,0,1,0,0
0,0,0,0,0,0,0,0,0,1,1,13,0,0,0,0,12,0,0,1381,0,6,0,0,0,0,0,1,4,0,0,0,0,0,0,20,0,3,4,9,152,0,0,34,0,0,0,1
1,0,0,0,0,1,0,18,2,0,52,3,0,0,1,3,1,2,0,1,676,1,1,0,0,1,9,92,0,4,1,0,0,2,0,3,2,2,0,3,1,0,1,0,0,8,4,0
0,0,0,0,0,1,0,0,43,0,1,5,0,0,0,18,55,0,0,4,3,7237,24,0,0,0,0,2,147,0,8,4,2,0,0,1,0,0,0,0,8,0,0,5,5,3,0,0
1,10,9,2,2,5,4,4,1,2,4,10,15,5,2,13,26,8,1,10,8,14,1140,6,15,14,0,45,0,8,9,5,5,1,6,28,1,2,3,27,3,1,8,7,4,43,6,1
0,67,38,1,8,113,41,0,0,0,0,0,0,371,8,13,0,127,236,0,0,1,1,1403,574,327,0,0,0,3,0,2,6,70,22,0,9,0,0,0,0,120,162,0,1,110,0,0
0,76,101,2,6,529,85,0,3,0,4,2,8,204,16,232,1,123,205,2,0,3,11,622,2644,553,0,0,4,10,5,32,51,53,19,1,32,1,0,1,0,189,297,17,1,46,5,5
0,5,0,0,0,1,12,0,0,0,0,0,1,5,5,20,0,8,362,0,0,1,1,174,196,3844,0,0,0,3,0,2,12,1,24,0,2,0,0,0,0,5,193,0,0,239,0,0
0,0,0,0,0,0,0,0,0,104,22,0,3,0,0,0,0,0,0,0,1,0,0,0,1,0,660,4,0,0,0,0,0,0,0,0,0,10,12,27,1,0,0,0,0,5,14,16
0,0,0,1,0,0,0,15,0,17,57,25,0,0,2,7,8,1,0,8,279,13,28,0,2,0,15,2301,7,2,2,0,0,0,1,45,0,29,5,120,9,2,0,1,3,5,6,0
0,0,0,0,0,0,0,10,1088,27,26,87,69,0,0,25,384,0,0,40,27,122,16,0,0,0,24,20,8040,1,23,39,11,0,0,2,5,20,10,19,235,0,0,91,6,7,20,18
30,2,49,94,67,42,139,3,2,0,0,27,33,5,376,10,1,9,24,0,2,0,1,9,14,58,0,0,1,2462,44,28,15,112,166,0,43,0,0,0,2,103,19,26,248,16,0,0
1,0,3,1,2,13,0,27,46,0,0,12,11,1,1,89,2,3,5,2,1,13,3,1,5,5,0,1,8,29,1953,369,83,5,2,0,22,0,0,0,1,2,7,73,22,6,0,0
1,1,6,2,5,24,7,15,145,0,3,43,302,7,7,213,9,10,9,3,4,11,17,4,32,12,0,0,23,64,684,3054,570,3,10,0,7,0,2,0,4,3,20,96,24,22,4,1
0,0,0,0,0,0,0,0,24,0,0,1,5,0,0,26,0,1,0,0,0,1,4,0,8,6,0,0,8,5,27,92,744,0,0,0,1,0,0,0,0,1,5,1,3,7,0,0
28,14,101,77,82,37,13,0,0,0,0,0,0,28,176,0,0,8,3,0,0,0,0,2,2,1,0,0,0,22,1,0,0,934,31,0,3,0,0,0,0,25,9,0,6,0,0,0
2,0,2,15,2,0,25,0,0,0,0,0,0,0,0,0,0,0,3,0,0,0,0,0,0,1,0,0,0,3,0,0,0,7,445,0,1,0,0,0,0,2,0,0,3,0,0,0
0,0,0,1,0,4,3,124,0,9,25,17,0,1,1,0,0,1,0,11,20,7,21,1,0,0,1,40,0,3,0,0,0,0,0,1178,0,2,2,39,3,0,0,0,2,0,1,0
74,26,57,29,29,25,73,1,4,0,0,2,18,42,3,9,0,667,20,0,2,1,2,26,47,54,0,0,7,33,27,8,3,25,19,0,3233,0,0,0,0,32,38,40,37,0,0,0
0,0,0,0,0,0,0,0,0,71,1,2,0,0,0,0,2,0,0,67,0,0,2,0,0,0,40,1,0,0,0,0,0,0,0,1,0,4337,151,46,85,0,0,0,0,0,720,40
0,0,0,0,0,0,0,0,0,83,0,0,0,0,0,0,0,0,0,5,0,0,0,0,0,0,18,1,0,0,0,0,0,0,0,0,0,71,1402,4,1,0,0,0,0,0,10,72
0,0,4,0,0,4,0,14,1,97,352,80,1,1,0,2,12,1,0,21,19,13,10,0,3,1,80,65,2,0,0,0,0,1,0,69,0,37,7,1697,35,0,0,0,0,1,20,3
0,0,0,0,0,0,0,3,2,3,5,35,1,0,0,0,2,0,0,74,0,2,2,0,0,0,1,0,22,0,0,0,0,0,0,4,0,10,0,13,350,0,0,7,0,0,12,0
2,2,23,16,1,46,7,0,0,0,0,0,0,11,28,2,0,11,4,0,0,0,0,28,34,2,0,0,1,3,1,0,0,13,9,0,3,0,0,0,0,146,15,0,6,0,0,0
0,6,7,5,0,27,4,0,0,0,0,0,0,15,42,30,1,47,33,0,0,0,1,85,101,133,0,0,0,15,5,3,0,62,9,0,10,0,0,0,0,61,1141,1,30,14,0,0
0,0,0,0,0,0,0,20,39,0,1,66,55,1,3,3,13,1,0,78,1,0,4,0,1,0,2,1,11,19,32,13,2,0,1,2,44,2,0,1,61,2,5,968,16,1,5,3
7,0,6,43,0,15,7,1,4,0,0,0,0,2,47,16,4,8,4,0,0,1,1,4,10,4,0,0,0,112,16,4,5,5,70,0,39,0,0,0,0,36,7,13,1711,0,0,0
0,0,0,0,2,2,0,0,0,0,3,0,2,12,1,5,0,18,7,0,0,0,5,35,8,85,7,0,0,2,0,0,1,4,0,0,0,0,0,0,0,8,27,0,0,980,0,0
0,0,0,0,0,1,0,0,0,11,5,24,6,0,0,0,3,0,0,19,2,1,3,0,1,0,27,2,1,0,0,0,0,0,0,0,0,464,44,19,55,0,0,10,0,0,2023,83
0,0,0,0,0,0,0,0,0,0,0,0,1,0,0,0,0,0,0,0,0,0,0,0,0,0,2,0,0,0,0,1,0,0,0,0,0,2,8,0,0,0,0,0,0,0,7,91
