0.6684,0.72797,0.42363,0.66139,0.40381,0.49265,0.62678,0.46649,0.76467,0.55568,0.5119,0.62956,0.6282,0.49887,0.389,0.36443,0.54872,0.71406,0.54664,0.77914,0.60913,0.96018,0.86099,0.49888,0.62064,0.75984,0.69949,0.91154,0.87123,0.85373,0.71983,0.83871,0.53096,0.53365,0.45329,0.85443,0.82665,0.87816,0.84721,0.80811,0.37813,0.21284,0.57068,0.63608,0.76823,0.68906,0.73354,0.40249
0.71139
1411,41,138,297,140,15,132,0,0,0,0,0,0,4,7,0,0,56,0,0,0,0,0,0,0,0,0,0,0,1,0,0,0,46,13,0,19,0,0,0,0,3,0,0,0,0,0,0
33,2082,75,3,146,5,106,0,0,0,0,0,0,321,0,3,0,3,82,0,0,0,4,69,18,12,0,0,0,1,0,0,0,16,1,0,1,0,0,0,0,2,5,0,0,0,0,0
72,70,882,47,63,181,85,0,11,2,0,3,1,116,30,15,20,15,5,1,0,12,3,14,55,2,1,5,4,6,2,0,0,113,12,0,9,1,0,4,5,50,4,0,2,2,1,1
333,1,45,1336,26,10,43,0,0,0,0,0,0,0,60,0,0,22,0,0,0,0,0,1,0,0,0,0,0,19,0,0,0,108,112,0,18,0,0,0,0,3,2,0,50,0,0,0
24,23,21,8,445,1,3,0,0,0,0,0,0,5,0,0,0,1,1,0,0,0,0,0,0,0,0,0,0,1,0,0,0,21,0,0,0,0,0,0,0,0,1,0,0,0,0,0
15,21,238,46,21,1240,33,0,2,0,0,1,1,39,185,51,2,48,3,0,0,2,0,24,215,1,0,0,1,46,7,4,4,111,28,0,15,0,0,0,1,98,22,11,27,0,1,0
71,60,71,8,24,3,1456,0,0,0,0,0,0,9,0,0,0,6,35,0,0,0,0,2,7,2,0,0,0,1,0,0,0,4,26,0,7,0,0,0,0,7,0,0,0,0,0,0
0,0,0,0,0,0,0,174,0,0,7,8,1,0,3,0,0,0,0,0,2,0,0,0,1,0,1,0,0,0,0,0,0,0,0,15,0,1,0,1,0,0,0,0,2,1,2,0
0,0,1,0,0,0,0,6,4312,9,15,86,198,0,1,14,79,5,0,27,27,34,13,1,3,1,9,1,917,9,38,64,26,0,0,1,7,2,4,9,37,0,3,141,26,19,11,13
0,0,0,0,0,0,0,0,0,494,2,0,0,0,0,0,0,0,0,0,0,0,0,0,0,0,49,1,0,0,0,0,0,0,0,0,0,6,24,24,1,0,0,0,0,0,3,1
0,0,0,0,0,2,0,7,0,12,559,24,6,0,0,1,1,1,0,6,26,4,9,3,6,0,46,5,1,2,0,1,0,5,0,10,0,6,0,98,3,0,0,1,1,7,2,0
0,4,0,0,0,9,1,31,43,0,45,1018,40,1,0,6,6,0,3,13,7,6,4,4,9,1,1,2,9,16,18,9,2,0,1,18,1,3,0,19,53,1,1,71,1,3,6,0
0,0,1,0,0,4,0,0,27,0,7,31,1154,2,0,1,0,8,0,0,0,0,14,2,14,4,0,0,2,11,4,27,3,0,3,0,4,0,0,1,0,0,10,8,0,12,1,3
12,337,187,5,89,56,74,0,0,0,0,0,0,1321,2,1,0,127,115,0,0,0,1,238,117,8,0,0,0,2,0,1,2,107,24,0,17,0,0,0,0,37,14,0,0,13,0,0
4,0,6,10,1,18,0,0,0,0,0,0,0,0,566,0,0,0,0,0,0,1,0,0,0,0,0,0,0,44,0,0,1,26,4,0,0,0,0,0,0,11,2,1,12,0,0,0
0,0,2,0,0,16,0,0,2,0,0,1,0,0,2,418,0,1,0,1,0,0,0,2,19,3,0,0,0,0,15,28,18,0,1,0,3,0,0,0,0,1,4,1,2,0,0,0
0,0,1,0,0,1,0,0,9,1,0,6,0,0,0,11,794,1,0,14,1,18,2,0,1,2,0,2,38,0,4,5,3,0,0,2,1,0,0,5,15,0,1,9,8,1,1,0
13,23,25,10,6,66,18,0,3,0,0,0,1,85,10,13,1,3099,12,0,0,1,1,57,105,7,1,0,0,3,0,1,0,13,7,0,417,0,0,0,0,50,64,2,9,3,0,0
0,23,3,0,0,0,54,0,0,0,0,0,0,46,0,3,0,4,1336,0,0,0,0,64,29,118,0,0,0,0,0,0,1,1,15,0,0,0,0,0,0,3,39,0,0,2,0,0
0,0,0,0,0,0,0,1,0,1,0,14,1,0,0,0,12,0,0,1457,0,5,0,0,0,0,0,1,5,0,0,0,0,0,0,19,0,4,1,6,93,0,0,20,0,0,1,1
0,0,1,0,0,2,0,6,1,0,35,2,0,0,0,1,1,1,0,1,734,0,2,0,1,1,4,70,0,4,0,0,1,1,0,7,3,4,1,1,2,0,0,0,2,6,1,0
0,0,0,0,0,2,0,0,43,0,1,4,0,0,2,13,69,0,0,6,1,7258,23,0,0,0,0,3,123,0,6,3,1,0,0,0,0,0,0,0,5,0,0,4,7,2,0,0
1,8,2,1,7,6,3,1,1,1,2,9,9,11,1,7,21,8,4,9,13,10,1214,5,13,14,0,33,0,6,8,5,3,2,5,25,0,1,3,19,1,2,2,6,4,34,3,1
0,47,42,3,5,116,25,0,0,0,0,0,1,372,8,16,0,93,265,0,0,0,1,1564,590,288,0,0,0,3,0,1,4,64,19,0,8,0,0,0,0,92,150,1,2,54,0,0
1,65,112,0,6,529,69,0,0,0,3,2,6,220,10,208,2,124,182,1,0,1,14,721,2755,526,0,2,8,11,7,28,45,42,16,0,42,1,0,0,1,127,245,13,4,42,6,4
0,3,1,0,0,4,4,0,0,0,0,0,1,8,1,18,0,8,307,0,0,1,4,146,235,3996,0,0,0,2,0,2,10,0,13,0,2,0,0,0,0,8,169,0,0,173,0,0
0,0,0,0,0,0,0,0,0,88,33,0,2,0,0,0,0,0,0,0,0,0,0,0,1,0,689,1,0,0,0,0,0,0,0,0,0,8,14,16,1,0,0,0,0,4,11,12
0,0,0,0,0,2,0,6,0,18,33,20,0,0,0,3,11,2,0,8,330,14,25,1,0,0,8,2339,5,3,3,0,0,2,0,44,1,35,7,83,8,0,0,0,3,2,0,0
0,0,0,0,0,0,0,5,995,26,38,69,67,0,0,12,383,0,0,67,19,147,14,0,0,0,12,28,8146,3,25,40,9,0,0,5,5,11,11,66,200,0,0,68,9,6,16,10
26,4,52,79,35,41,117,3,3,0,0,25,28,6,317,7,1,8,18,1,0,2,4,12,17,26,0,0,3,2755,41,32,10,97,122,0,28,0,0,0,1,71,21,26,213,29,1,0
0,0,2,1,1,10,0,12,34,0,0,10,10,0,2,79,0,2,3,3,2,8,4,2,12,3,0,0,14,17,2094,318,62,5,2,1,23,0,0,0,0,3,5,58,23,5,0,0
0,6,6,5,3,20,7,5,93,0,1,46,253,3,5,184,15,9,7,4,3,9,16,8,29,6,0,0,24,58,546,3458,482,4,9,0,7,0,2,0,3,4,19,85,19,12,8,0
0,0,0,0,0,0,0,0,19,0,0,0,3,0,0,16,1,0,0,0,0,1,4,1,7,7,0,0,12,4,17,73,789,0,0,0,0,0,0,0,1,0,5,4,2,4,0,0
22,11,96,72,58,39,12,0,0,0,0,0,0,18,150,0,0,10,4,0,0,0,0,5,2,1,0,0,0,13,1,0,0,1015,32,0,5,0,0,0,0,20,13,0,4,0,0,0
1,0,3,10,1,0,19,0,0,0,0,0,0,0,1,0,0,1,3,0,0,0,0,0,1,0,0,0,0,1,0,0,0,4,461,0,2,0,0,0,0,0,0,0,3,0,0,0
0,0,0,2,0,1,2,90,0,3,18,30,0,0,0,0,0,0,0,9,13,9,9,0,1,0,4,23,0,3,0,0,0,1,0,1262,0,4,2,25,4,0,0,1,1,0,0,0
64,22,32,20,22,30,49,1,0,0,0,5,11,32,9,6,0,591,16,0,1,0,2,22,43,40,0,0,6,26,20,8,2,29,15,0,3443,0,0,0,0,19,44,36,46,1,0,0
0,0,0,0,0,0,0,0,0,50,1,1,0,0,0,0,2,0,0,58,0,0,1,0,0,0,44,2,0,0,0,0,0,0,0,1,0,4483,140,38,76,0,0,0,0,0,649,20
0,0,0,0,0,0,0,0,0,72,1,0,0,0,0,0,0,0,0,4,0,0,1,0,0,0,13,0,0,0,0,0,0,0,0,0,0,56,1486,3,0,0,0,0,0,0,11,20
0,0,2,0,0,2,0,9,1,99,274,70,1,0,0,0,9,1,0,17,23,12,7,1,4,0,61,47,2,0,0,0,0,2,0,60,0,25,8,1874,22,0,0,2,0,0,13,5
0,0,1,0,0,0,0,0,2,1,4,43,0,0,0,0,2,0,0,58,0,3,1,0,0,0,0,0,14,0,0,0,0,0,0,3,0,9,1,16,377,0,0,1,0,0,12,0
2,1,18,15,1,42,2,0,0,0,0,0,0,9,21,3,0,11,4,0,0,0,0,27,21,2,0,0,1,1,2,0,0,8,7,0,2,0,0,0,0,189,17,0,7,1,0,0
0,7,9,4,1,32,0,0,0,0,0,0,0,10,26,19,1,45,25,0,0,0,1,104,93,114,0,0,0,12,9,2,5,47,14,0,11,0,0,0,0,48,1203,4,33,9,0,0
0,0,1,0,0,2,0,15,35,0,3,71,33,0,3,2,10,1,0,88,1,0,4,0,0,0,0,1,12,18,33,10,1,0,1,4,30,3,0,0,46,0,4,1026,12,1,5,1
6,0,4,38,0,10,9,1,3,0,0,1,0,2,33,13,1,9,6,0,0,0,1,7,5,4,0,0,1,123,7,3,1,6,54,0,34,0,0,0,0,29,11,10,1770,0,0,0
0,1,2,0,1,0,0,0,0,0,6,0,5,8,0,2,0,19,8,0,0,0,5,28,10,70,9,0,0,2,2,0,1,2,0,0,0,0,0,0,0,10,28,0,0,995,0,0
0,0,0,0,0,0,0,0,0,12,4,17,4,0,0,1,3,0,0,17,2,1,2,0,0,0,31,0,2,0,0,0,0,0,0,0,0,441,42,11,41,0,0,3,0,1,2117,52
0,0,0,0,0,0,0,0,0,0,0,0,0,0,0,0,0,0,0,0,0,0,0,0,0,0,2,0,0,0,0,0,0,0,0,0,0,1,8,0,0,0,0,0,0,0,4,97
