0.6272,0.65163,0.32516,0.59153,0.32494,0.45349,0.53035,0.26145,0.71107,0.45042,0.3626,0.50542,0.54823,0.39323,0.29415,0.27405,0.44353,0.64852,0.45597,0.75574,0.55633,0.96151,0.77256,0.41571,0.58034,0.71631,0.60135,0.87329,0.86183,0.79984,0.59526,0.7574,0.40836,0.42491,0.3046,0.76993,0.73481,0.85905,0.80893,0.72334,0.25929,0.1678,0.44646,0.5422,0.68927,0.58176,0.64328,0.26358
0.63416
1213,52,130,323,172,6,198,0,0,0,0,0,0,22,12,0,0,71,0,0,0,0,0,0,1,0,0,0,0,3,0,0,0,69,18,0,30,0,0,0,0,2,0,0,1,0,0,0
44,1936,71,2,159,3,149,0,0,0,0,0,0,361,0,5,0,12,103,0,0,1,4,79,9,18,0,0,0,0,0,1,0,18,4,0,1,0,0,0,0,2,6,0,0,0,0,0
71,106,597,75,76,193,125,0,6,1,1,3,0,124,36,33,44,24,6,2,0,8,2,14,57,4,0,6,6,5,2,0,0,126,35,0,8,6,0,9,1,101,4,1,2,1,3,3
304,2,30,1173,31,4,65,0,0,0,0,0,0,2,89,0,0,38,0,0,0,0,0,0,1,0,0,0,0,19,0,0,0,149,135,0,22,0,0,0,0,8,0,1,116,0,0,0
35,27,27,6,400,2,6,0,0,0,0,0,0,16,1,0,0,6,2,0,0,0,1,0,0,0,0,0,0,3,0,0,0,20,1,0,1,0,0,0,0,0,1,0,0,0,0,0
19,25,217,53,24,1053,37,0,3,0,1,1,2,55,211,60,2,53,7,0,2,3,4,30,220,2,0,1,2,49,8,1,4,128,34,0,19,0,0,0,1,183,16,11,23,0,0,0
93,79,66,7,28,2,1363,0,0,0,0,0,0,18,1,0,0,6,46,0,0,0,0,4,3,5,0,0,0,1,0,1,0,2,53,0,8,0,0,0,0,13,0,0,0,0,0,0
0,0,2,0,0,3,0,165,0,0,7,4,0,0,3,0,1,0,0,0,2,2,2,0,3,0,2,0,0,0,1,1,0,0,0,19,0,0,0,0,0,0,0,0,1,0,1,0
0,0,0,0,0,0,0,15,4174,8,14,129,193,0,0,26,102,2,0,16,21,31,11,0,2,1,8,1,869,10,73,92,63,0,1,0,12,0,4,1,43,1,3,157,30,21,7,28
0,0,0,0,0,0,0,0,0,427,1,0,0,0,0,0,0,0,0,0,0,0,0,0,0,0,69,0,0,0,0,0,0,0,0,0,0,18,49,32,1,0,0,0,0,0,4,4
0,0,2,0,0,2,0,51,1,13,413,35,3,3,1,0,2,2,0,10,38,7,10,2,4,0,61,13,1,0,3,0,0,0,0,15,0,6,0,138,1,1,0,1,1,11,3,1
0,0,3,0,0,11,0,94,60,0,57,793,49,3,0,5,10,1,1,16,4,8,8,3,9,1,2,6,21,15,57,22,1,0,1,41,2,5,0,26,56,2,2,84,1,4,2,0
0,0,0,0,0,2,0,0,53,0,8,28,1040,1,3,1,2,5,3,0,1,0,29,2,15,8,0,0,2,8,10,39,7,1,0,0,24,0,0,1,1,2,15,22,0,19,1,5
10,406,193,7,94,43,91,0,0,0,1,0,0,1068,4,7,0,186,134,0,0,0,3,240,104,6,0,0,0,2,1,0,1,144,38,0,17,0,0,0,0,41,49,0,0,17,0,0
1,0,5,12,5,29,2,0,0,0,0,0,0,0,503,2,0,0,0,0,0,1,0,0,0,0,0,0,0,55,0,1,2,39,9,0,2,0,0,0,0,7,1,0,30,1,0,0
0,0,4,0,0,14,0,0,4,0,0,2,0,0,1,396,3,1,0,0,1,1,0,3,26,3,0,0,0,2,22,27,10,0,1,0,4,0,0,0,0,1,8,3,1,2,0,0
0,0,0,0,0,1,0,1,25,0,1,5,1,0,0,21,754,0,0,16,2,17,4,0,2,1,0,2,33,0,2,6,3,0,0,0,0,0,0,5,31,0,0,15,7,2,0,0
5,51,34,11,7,74,30,0,2,0,0,0,1,127,7,14,1,2668,10,0,0,2,4,71,177,7,0,0,0,10,0,1,2,10,12,0,653,0,1,0,0,39,83,5,6,1,0,0
0,34,4,0,2,0,61,0,0,0,0,0,0,66,1,4,0,1,1191,0,0,0,0,91,26,153,0,0,0,0,0,0,1,1,45,0,2,0,0,0,0,6,51,0,0,1,0,0
0,0,0,0,0,0,0,0,0,2,5,23,0,0,0,0,8,0,0,1383,0,6,1,0,0,0,0,2,6,0,0,0,0,0,0,14,0,5,4,11,141,0,0,26,0,0,2,3
2,0,0,1,0,1,0,21,2,0,74,4,0,0,3,1,3,3,0,2,642,0,4,0,0,1,12,83,0,7,1,0,0,0,1,3,9,1,0,3,0,0,0,0,1,8,3,0
0,0,0,0,0,2,0,1,46,0,1,20,1,0,0,21,79,0,0,4,1,7170,29,0,0,0,0,0,168,0,3,2,0,0,0,1,0,0,0,0,14,0,1,4,5,3,0,0
1,5,9,2,2,3,2,3,1,1,7,15,25,10,2,12,38,7,2,11,12,15,1036,14,13,13,2,56,0,6,10,6,7,1,8,38,3,3,6,39,1,1,6,11,6,57,9,7
0,60,46,1,10,73,41,0,0,0,0,0,0,390,8,19,0,134,292,0,0,0,3,1196,686,292,0,0,0,2,0,1,7,69,39,0,14,0,0,0,0,122,201,0,1,127,0,0
2,86,97,2,2,504,87,0,5,0,4,3,9,281,11,219,1,116,225,0,0,3,22,603,2586,518,0,2,8,14,8,26,61,40,44,1,47,0,2,1,0,198,278,17,0,60,4,4
0,3,0,0,0,0,14,0,0,0,0,0,2,4,4,27,0,13,459,0,0,0,6,235,183,3583,0,0,0,4,0,1,10,1,42,0,2,0,0,0,0,8,262,0,0,253,0,0
0,0,0,0,0,0,0,0,0,108,33,0,2,0,0,1,1,0,0,0,1,0,0,1,0,0,623,3,0,0,0,0,0,0,0,0,0,9,21,25,1,0,0,0,0,5,19,27
0,0,1,0,0,2,0,15,0,27,117,12,0,0,1,6,22,1,1,9,340,10,34,0,4,0,14,2047,5,5,1,1,0,0,0,94,0,13,9,202,6,2,0,1,6,4,4,0
0,0,0,0,0,0,0,17,1205,46,38,151,68,0,0,29,562,0,0,39,26,137,19,0,0,0,17,14,7566,1,32,48,14,0,0,0,3,20,6,19,278,0,0,94,10,6,18,29
29,3,70,114,70,82,139,5,4,0,0,22,37,6,475,14,1,9,25,0,2,1,8,21,9,49,0,0,1,2022,62,29,16,143,239,0,63,0,0,0,0,107,38,32,330,5,0,0
0,1,2,0,0,13,0,34,38,0,0,19,18,2,1,117,1,2,3,1,0,13,14,2,8,9,0,0,13,24,1784,430,115,4,4,0,31,0,0,0,1,4,13,77,20,11,0,1
1,4,15,1,1,23,10,21,150,0,1,40,340,0,6,284,6,12,7,1,4,7,19,6,32,18,0,0,16,43,794,2713,651,8,10,0,10,0,1,0,5,9,29,129,27,23,4,2
0,0,0,0,0,0,0,0,29,0,0,2,5,0,1,35,0,1,1,0,0,1,8,0,9,5,0,0,11,6,47,105,684,0,0,0,1,0,0,0,1,1,7,3,3,4,0,0
23,19,107,85,107,41,17,0,0,0,0,0,0,41,206,0,0,10,3,0,0,0,0,1,3,0,0,0,0,21,0,0,0,812,44,0,6,0,0,0,0,38,12,0,7,0,0,0
1,1,3,17,2,0,34,0,0,0,0,0,0,0,0,0,0,3,3,0,0,0,0,0,0,0,0,0,0,2,0,0,0,8,424,0,1,0,0,0,0,7,0,0,5,0,0,0
0,1,3,0,0,2,0,177,0,6,34,27,0,1,3,0,2,1,0,8,21,3,18,1,2,2,3,42,1,1,0,0,0,0,1,1101,0,0,4,46,4,0,0,0,1,0,1,0
77,58,71,34,35,31,71,2,4,0,0,4,20,76,4,14,0,637,28,0,0,2,1,47,56,66,0,0,5,36,21,8,3,29,41,1,3012,0,0,0,0,32,66,56,65,0,0,0
0,0,0,0,0,0,0,0,0,73,2,2,0,0,0,0,4,0,0,80,0,0,2,0,0,0,60,0,1,0,0,0,0,0,0,0,0,3998,165,58,120,0,0,0,0,0,934,67
0,0,0,0,0,0,0,0,0,84,0,0,0,0,0,0,6,0,0,5,0,0,0,0,0,0,26,0,0,0,0,0,0,0,0,0,0,70,1359,3,1,0,0,0,0,0,22,91
0,0,2,0,0,3,0,25,1,135,295,90,1,1,0,2,17,0,0,16,32,5,9,0,7,1,87,64,1,0,0,0,0,1,0,95,0,28,4,1689,22,0,0,0,0,1,13,6
0,0,0,0,0,0,0,4,1,4,7,50,0,0,0,0,3,0,0,94,0,2,2,0,0,0,0,1,29,0,0,0,0,0,0,3,0,9,0,16,300,0,0,7,0,0,16,0
2,3,15,20,1,42,12,0,0,0,0,0,0,14,30,2,0,12,5,0,0,0,0,27,51,1,0,0,1,1,0,0,0,11,15,0,1,0,0,0,0,118,25,0,5,0,0,0
0,9,6,2,0,32,3,0,0,0,0,0,0,19,39,35,1,44,45,0,0,0,0,144,123,142,0,0,0,18,3,2,2,66,13,0,17,0,0,0,0,70,1009,2,29,13,0,0
0,0,1,0,0,2,0,18,47,0,4,59,68,0,4,5,14,2,0,95,0,0,9,0,2,0,1,1,12,13,39,11,4,1,2,4,31,1,2,0,56,1,5,938,15,2,5,3
1,0,3,35,0,21,13,8,6,0,0,3,0,0,39,26,5,5,3,0,0,1,1,8,6,2,0,0,0,116,12,3,5,9,78,0,43,0,0,0,0,48,10,14,1677,1,0,0
0,0,0,0,3,0,0,0,3,0,4,0,5,5,0,2,0,26,7,0,0,0,8,32,17,91,10,0,0,4,1,3,2,1,0,0,0,0,0,0,0,5,59,0,1,925,0,0
0,0,0,0,0,3,0,0,0,12,9,23,5,0,0,0,5,0,0,22,2,0,6,0,0,0,37,0,1,0,0,0,0,0,0,0,0,458,34,11,71,0,0,19,0,2,1953,131
0,0,0,0,0,0,0,0,0,1,0,0,2,0,0,0,0,0,0,0,0,0,0,0,0,0,2,0,0,0,0,1,0,0,0,0,0,4,9,0,0,0,0,0,0,0,8,85
