0.59311,0.63558,0.33296,0.5289,0.27462,0.42978,0.49329,0.22432,0.67401,0.39886,0.28708,0.38112,0.49512,0.4021,0.3437,0.23483,0.45449,0.57933,0.4485,0.74245,0.50565,0.95828,0.7243,0.38704,0.52791,0.70897,0.57831,0.83,0.86041,0.71381,0.56604,0.74163,0.39286,0.4003,0.22132,0.68471,0.68469,0.84533,0.78041,0.64439,0.26287,0.1325,0.38824,0.48776,0.65667,0.49369,0.58673,0.2719
0.59558
1102,49,136,285,223,7,189,0,0,0,0,0,0,23,12,0,0,89,1,0,0,0,0,0,1,0,0,0,0,7,0,0,0,98,74,0,22,0,0,0,0,5,0,0,0,0,0,0
54,1833,66,6,157,2,225,0,0,0,0,0,0,408,0,3,0,11,117,0,0,2,4,50,5,17,0,0,0,0,0,1,0,11,3,0,3,0,0,0,0,0,10,0,0,0,0,0
73,68,593,46,99,226,101,0,6,0,4,7,0,135,27,36,32,25,7,2,0,7,3,6,67,3,1,8,17,12,1,1,0,105,83,0,14,5,2,13,0,77,10,1,1,2,1,0
306,2,25,1043,43,7,47,0,0,0,0,0,0,1,77,0,0,37,1,0,0,0,0,0,0,0,0,0,0,32,0,0,0,146,264,0,23,0,0,0,0,13,1,1,120,0,0,0
34,42,24,9,382,1,7,0,0,0,0,0,0,11,1,0,0,4,2,0,0,0,0,0,0,0,0,0,0,4,0,0,0,31,0,0,0,0,0,0,0,0,3,0,0,0,0,0
12,19,189,66,37,1065,30,1,2,0,2,3,1,69,194,73,4,37,6,1,3,4,6,22,217,3,0,5,1,60,5,6,6,117,52,0,26,0,0,0,0,148,24,21,26,0,1,0
100,104,51,6,45,0,1287,0,0,0,0,0,0,18,1,0,0,10,49,0,0,1,0,0,16,4,0,0,0,0,0,1,0,3,81,0,3,0,0,0,0,19,0,0,0,0,0,0
0,0,2,0,0,2,0,156,1,0,13,3,0,0,4,0,1,1,0,0,4,2,1,2,0,0,1,0,0,0,2,0,0,0,0,20,0,0,1,1,0,0,0,0,1,0,1,0
0,0,0,0,0,0,0,3,4193,7,4,63,185,0,0,39,98,5,0,16,24,32,23,0,2,1,4,0,850,12,115,85,67,0,0,0,15,0,5,0,84,0,0,150,30,25,10,22
0,0,0,0,0,0,0,0,0,420,2,0,0,0,0,0,0,0,0,0,0,0,0,0,0,0,79,1,0,0,0,0,0,0,0,0,0,26,34,32,1,0,0,0,0,0,6,4
0,1,2,0,0,1,0,73,0,18,331,22,2,1,0,2,3,2,0,5,32,7,14,3,8,0,62,15,1,0,0,0,0,0,0,32,0,5,1,196,7,0,0,1,1,3,3,1
0,1,1,0,0,8,1,135,101,1,82,444,95,0,0,9,10,2,0,17,7,8,9,9,5,0,2,7,19,18,48,18,7,0,0,116,2,2,0,74,97,3,3,116,1,4,4,0
0,0,0,0,1,0,3,0,74,0,4,20,963,0,0,4,2,23,9,0,0,0,31,3,7,11,0,0,3,13,13,45,10,4,2,0,15,0,0,0,1,1,34,32,0,23,2,5
7,345,190,5,111,49,106,0,0,0,2,0,0,1074,2,4,0,180,137,0,0,1,3,274,127,6,0,1,0,2,1,0,1,113,43,0,25,0,0,0,0,43,47,0,0,8,0,0
1,0,3,30,6,42,1,0,0,0,0,0,0,0,473,5,0,0,0,0,0,0,1,0,0,0,0,1,0,53,0,0,2,38,9,0,3,0,0,0,0,8,0,0,31,0,0,0
0,1,0,0,0,14,2,0,5,0,0,3,1,0,1,383,9,1,0,0,0,2,1,5,21,2,0,0,0,2,23,31,8,1,1,0,4,0,0,0,0,2,11,4,0,2,0,0
0,0,0,0,0,0,0,0,23,1,3,12,1,0,0,30,739,0,0,15,0,12,4,0,1,0,0,1,42,0,2,4,4,0,0,0,0,0,0,3,40,0,0,12,5,2,0,1
12,84,25,5,16,116,30,0,3,0,0,0,0,121,7,15,2,2472,16,0,0,5,5,80,260,9,0,0,1,10,0,2,4,12,22,0,662,0,0,0,0,47,70,7,5,1,0,0
0,43,5,0,2,0,68,0,0,0,0,0,0,44,3,6,0,5,1167,0,0,0,0,100,45,149,0,0,0,0,1,0,1,0,45,0,5,0,0,0,0,7,45,0,0,0,0,0
0,0,0,0,0,0,0,2,0,2,3,11,0,0,0,0,11,0,0,1352,0,8,1,0,0,0,0,2,7,0,0,0,0,0,0,21,0,1,4,13,164,0,0,34,0,0,5,1
0,0,2,1,0,0,0,22,1,1,71,10,0,1,3,2,2,3,0,2,627,1,1,1,2,0,11,91,2,4,0,0,0,0,0,4,7,2,0,14,1,0,0,0,2,4,1,0
0,0,0,0,0,1,0,0,41,0,1,36,1,0,0,18,95,0,0,4,2,7144,35,0,1,0,0,0,152,0,3,1,0,0,0,4,0,0,0,1,23,0,1,6,4,2,0,0
0,11,5,2,5,6,2,4,0,4,18,16,27,9,2,15,34,13,2,10,21,15,930,13,10,18,3,65,0,10,12,6,8,4,5,53,4,3,5,62,0,0,5,8,5,81,7,6
0,67,50,2,18,97,54,0,0,0,2,0,1,329,8,16,0,115,275,0,0,1,5,1021,786,257,0,1,0,7,0,2,8,58,50,0,24,0,0,0,0,120,265,0,1,194,0,0
2,65,97,3,9,523,85,2,9,0,4,1,5,279,10,270,1,107,201,0,1,4,30,543,2667,413,0,11,6,9,4,34,62,39,63,0,73,2,1,3,0,159,302,25,2,70,1,4
0,3,0,0,0,1,24,0,0,0,0,0,2,3,10,31,0,18,448,0,0,0,5,196,417,3218,1,0,0,5,0,3,8,2,49,0,13,0,0,0,0,19,286,0,0,354,0,0
0,0,0,0,0,0,0,1,0,131,43,2,1,0,0,1,1,0,0,0,3,0,0,1,1,0,576,1,0,0,0,0,0,0,0,0,0,10,35,18,0,0,0,0,0,2,22,31
0,0,1,1,0,1,0,24,0,54,138,21,0,0,5,3,19,1,0,9,419,16,18,4,5,1,38,1787,7,1,2,0,0,2,0,96,0,9,9,315,3,1,0,0,3,2,1,0
0,0,0,0,0,0,0,7,1367,51,24,211,56,0,0,20,510,0,0,36,30,125,30,0,0,0,18,10,7298,1,37,51,17,0,0,0,4,21,18,6,388,0,0,119,9,7,22,19
32,0,66,183,71,92,174,5,3,0,0,22,58,3,597,17,1,11,36,0,3,2,12,10,10,36,0,0,0,1509,66,36,21,226,344,0,77,0,0,0,1,156,13,17,371,1,0,0
0,2,2,1,1,10,1,44,47,0,0,68,47,1,5,166,1,3,2,0,0,17,12,14,10,5,0,0,4,23,1560,410,140,8,4,0,26,0,0,0,0,36,12,87,47,14,0,0
1,8,12,1,3,23,13,20,207,0,4,39,374,1,9,327,6,10,13,0,3,14,28,18,21,14,0,0,13,54,740,2526,693,10,13,0,9,0,0,0,4,20,41,141,32,14,2,2
0,0,0,0,0,0,0,0,43,0,0,0,7,0,2,34,0,0,2,0,0,1,2,3,6,4,0,0,3,12,38,108,670,1,0,0,0,0,0,0,0,1,17,6,4,6,0,0
30,27,103,121,120,48,11,0,0,0,0,0,0,38,179,1,0,8,3,0,0,0,0,2,1,0,0,0,0,21,0,0,0,801,35,0,4,0,0,0,0,31,12,0,7,0,0,0
3,1,1,22,2,0,33,0,0,0,0,0,0,0,0,0,0,6,3,0,0,0,0,0,2,0,0,0,0,5,0,0,0,11,411,0,1,0,0,0,0,6,1,0,3,0,0,0
0,0,3,1,0,0,0,166,0,11,39,12,0,1,4,0,4,0,0,8,32,3,14,1,2,3,2,58,1,1,0,0,0,0,0,1075,0,1,0,70,3,1,0,0,1,0,0,0
83,84,94,55,31,34,87,1,2,0,0,8,15,61,4,15,0,945,27,0,4,3,0,17,74,138,0,0,2,42,24,12,3,45,67,0,2545,0,0,0,0,42,63,37,48,1,0,0
0,0,0,0,0,0,0,0,0,70,11,3,0,0,0,0,1,0,0,106,1,0,1,0,0,0,49,4,1,0,0,0,0,0,0,0,0,3640,171,79,186,0,0,0,0,0,1170,73
0,0,0,0,0,0,0,0,0,133,1,0,0,0,0,0,4,0,0,14,0,0,2,0,0,0,19,0,0,0,0,0,0,0,0,0,0,92,1219,2,2,0,0,0,0,0,30,149
0,0,1,0,0,0,0,40,1,133,310,34,1,0,0,1,10,0,0,14,18,7,10,0,6,0,80,78,2,0,0,0,0,0,0,134,0,23,5,1707,22,0,0,0,0,1,10,5
0,0,0,0,0,0,0,6,2,4,6,22,0,0,0,0,2,0,0,97,0,5,3,0,0,0,1,3,24,0,0,0,0,0,0,11,0,7,0,21,304,0,0,12,0,0,18,0
2,5,12,17,2,55,11,0,0,0,0,0,0,16,30,3,0,15,6,0,0,0,0,28,61,0,0,0,1,4,0,0,0,14,24,0,4,0,0,0,0,87,14,0,3,0,0,0
1,18,4,6,4,24,3,0,0,0,0,0,1,17,28,46,0,56,60,0,0,0,0,139,168,141,0,0,0,32,7,0,6,96,8,0,19,0,0,0,0,54,891,3,39,17,0,0
0,1,0,2,1,1,0,20,74,0,3,41,85,0,3,6,14,4,0,82,0,3,20,0,1,0,1,1,23,20,37,18,9,0,3,4,46,2,3,2,63,0,6,837,20,3,13,5
3,0,15,53,0,21,14,7,5,0,0,5,4,0,36,25,7,4,3,0,2,2,2,8,4,6,0,0,0,126,12,3,7,5,102,0,37,0,0,0,0,88,9,11,1576,0,0,0
0,0,1,0,2,0,0,1,7,0,21,0,3,7,0,4,0,44,9,0,0,0,8,65,14,80,8,0,0,3,2,1,2,0,0,0,2,0,0,0,0,6,99,0,2,822,1,0
0,0,0,0,0,1,0,0,4,12,6,26,7,0,0,1,3,0,0,30,4,1,10,0,1,0,39,2,2,0,1,0,0,0,0,0,0,449,43,17,82,0,0,28,0,0,1901,134
0,0,0,0,0,0,0,0,0,0,1,0,2,0,0,0,0,0,0,1,0,0,0,0,0,0,1,0,0,0,0,1,0,0,0,0,0,6,6,0,0,0,0,0,0,0,8,86
