0.6165,0.64544,0.34011,0.60513,0.31783,0.45259,0.53255,0.26081,0.70255,0.4763,0.36749,0.52058,0.55806,0.40307,0.29814,0.29047,0.49967,0.65699,0.44717,0.76608,0.55319,0.96307,0.76727,0.4209,0.5813,0.71697,0.59091,0.85866,0.86365,0.79353,0.59622,0.75679,0.39744,0.42002,0.32689,0.77302,0.74118,0.85632,0.82503,0.72256,0.25484,0.1614,0.43629,0.54648,0.67742,0.59783,0.64434,0.25657
0.63615
1188,41,137,329,188,12,193,0,0,0,0,0,0,22,10,0,0,78,0,0,0,0,0,0,0,0,0,0,0,2,0,0,0,70,19,0,30,0,0,0,0,3,0,0,1,0,0,0
39,1946,84,0,157,5,143,0,0,0,0,0,0,348,0,6,0,14,109,0,0,1,3,71,10,20,0,0,0,0,0,0,1,20,3,0,2,0,0,0,0,1,5,0,0,0,0,0
88,110,652,56,81,180,100,0,11,0,1,2,0,104,32,36,35,21,6,1,0,4,2,15,56,5,1,7,10,2,1,1,1,136,29,0,13,6,1,9,2,96,5,2,2,1,3,1
313,1,28,1203,30,6,77,0,0,0,0,0,1,2,88,0,0,39,0,0,0,0,0,0,1,0,0,0,0,19,0,0,0,129,109,0,23,0,0,0,0,10,0,1,109,0,0,0
28,28,28,3,410,0,5,0,0,0,0,0,0,12,0,0,0,5,2,0,0,0,1,0,0,0,0,0,0,2,0,0,0,27,1,0,1,0,0,0,0,0,2,0,0,0,0,0
17,23,227,45,26,1074,43,0,4,0,1,1,2,56,202,69,2,41,4,0,3,4,8,25,202,5,0,2,0,47,8,2,4,134,38,0,23,0,0,0,1,162,19,17,23,0,0,0
86,77,70,8,34,1,1366,0,0,0,0,0,0,11,1,0,0,6,48,0,0,0,0,3,5,5,0,0,0,1,0,0,0,2,55,0,6,0,0,0,0,14,0,0,0,0,0,0
0,0,2,0,0,0,0,163,0,0,7,9,0,0,3,0,1,0,0,0,2,2,1,1,3,0,1,0,0,0,1,0,0,1,0,19,0,0,0,0,0,1,0,0,1,0,1,0
0,0,0,0,0,0,0,18,4164,8,16,115,185,0,0,40,78,3,0,14,16,31,12,0,3,0,6,1,896,9,75,93,84,0,1,0,14,1,4,0,44,1,2,150,29,20,8,28
0,0,0,0,0,0,0,0,0,432,2,0,0,0,0,0,0,0,0,0,0,0,0,0,0,0,66,1,0,0,0,0,0,0,0,0,0,18,46,31,1,0,0,0,0,0,4,4
0,1,1,0,0,2,0,51,2,15,416,35,4,1,0,0,0,1,0,9,40,5,16,2,6,0,54,14,0,1,2,0,0,3,0,10,0,7,0,134,2,0,0,1,1,13,4,2
0,0,2,0,0,11,0,103,62,0,48,822,44,2,0,11,8,1,1,16,4,9,9,5,7,0,3,5,19,18,54,16,1,0,1,25,2,4,0,25,65,1,1,73,1,3,3,1
0,0,0,0,1,2,0,0,52,0,8,28,1038,2,1,5,3,8,3,0,1,1,23,5,20,8,0,0,2,9,9,41,6,1,0,0,22,0,0,1,0,0,14,21,1,15,2,5
11,441,212,2,94,52,78,0,0,0,2,0,0,1025,4,6,0,187,138,0,0,0,3,249,108,6,0,0,0,2,1,0,3,135,32,0,19,0,0,0,0,36,42,1,0,18,0,0
3,0,7,15,5,27,1,1,0,0,0,0,0,0,507,0,1,0,0,0,0,0,0,0,0,0,0,0,0,54,0,1,2,38,8,0,1,0,0,0,0,9,1,0,25,1,0,0
0,0,2,0,0,13,0,0,4,0,0,1,0,0,1,393,3,1,0,0,0,3,0,2,27,3,0,0,0,1,21,36,10,0,1,0,5,0,0,0,0,0,8,3,1,1,0,0
0,0,0,0,0,0,0,1,23,0,2,4,1,0,0,16,753,1,0,17,0,16,7,0,2,1,0,1,40,0,7,4,3,0,0,1,1,0,0,4,29,0,0,15,7,1,0,0
7,55,37,10,8,71,29,0,2,0,0,0,0,118,8,19,1,2670,19,0,0,4,3,72,190,7,0,0,0,7,0,0,2,14,12,0,619,0,1,0,0,40,92,4,4,1,0,0
0,33,5,0,2,0,69,0,0,0,0,0,0,64,1,5,0,1,1202,0,0,0,1,92,29,145,0,0,0,0,0,1,0,1,40,0,0,0,0,0,0,4,45,0,0,1,0,0
0,0,0,0,0,0,0,2,0,1,4,22,0,0,0,0,6,0,0,1346,0,6,1,0,0,0,1,2,2,0,0,0,0,0,0,13,0,5,3,10,187,0,0,29,0,0,1,1
0,0,1,0,0,0,0,28,1,0,52,4,0,0,4,1,2,2,0,2,650,0,5,0,1,2,11,90,2,6,1,0,0,1,1,5,8,1,0,4,0,0,0,0,2,7,2,0
0,0,0,0,0,2,0,1,59,0,1,14,0,0,0,15,77,0,0,4,1,7172,25,0,1,0,0,0,162,0,4,2,1,0,0,3,0,0,0,0,17,0,0,6,5,4,0,0
1,6,8,2,2,7,3,1,1,0,5,17,19,13,3,15,35,4,5,13,13,15,1022,10,9,14,2,70,0,9,12,8,6,2,6,45,3,4,5,42,1,0,5,11,6,52,7,5
1,76,52,0,10,81,38,0,0,0,0,0,0,366,6,18,0,141,290,0,0,0,3,1176,662,298,0,0,0,3,0,1,7,72,33,0,19,0,0,0,0,138,220,0,2,121,0,0
4,90,98,3,2,512,97,0,6,0,7,0,8,261,13,230,1,103,219,0,1,4,20,598,2592,506,0,1,6,10,9,25,65,41,37,0,47,1,2,2,0,184,310,19,0,60,3,4
0,2,0,0,0,1,14,0,0,0,0,0,2,3,5,24,0,9,502,0,0,0,9,231,187,3549,0,0,0,3,0,4,11,1,40,0,4,0,0,0,0,5,276,0,0,234,0,0
0,0,0,0,0,0,0,0,0,103,35,1,1,0,0,1,1,0,0,0,0,0,0,0,1,0,624,4,0,0,0,0,0,0,0,0,0,11,19,27,1,0,0,0,0,7,17,27
0,0,0,0,0,5,0,22,1,22,103,16,0,1,1,4,21,1,1,10,372,10,30,1,4,0,17,2017,5,4,2,0,0,0,0,99,0,14,8,202,6,2,0,1,6,6,2,0
0,0,0,0,0,0,0,15,1234,34,51,136,70,0,0,19,415,0,0,30,14,125,22,0,0,0,18,13,7759,0,31,49,12,0,0,0,4,22,5,19,269,0,0,90,10,7,19,20
20,3,47,111,91,79,155,6,4,0,0,22,37,2,514,11,1,15,26,0,3,1,7,14,12,49,0,0,0,1937,64,38,16,163,217,0,58,0,0,0,0,114,30,34,376,5,0,0
0,0,3,0,0,13,0,38,39,0,0,21,17,2,1,94,1,2,1,1,1,10,10,3,10,6,0,0,8,24,1800,443,123,4,6,0,28,0,0,0,1,8,11,73,20,7,0,1
0,4,10,0,4,24,6,23,167,0,0,40,331,2,4,197,8,14,6,0,3,10,18,10,39,13,0,1,15,48,776,2757,713,11,11,0,10,0,1,0,10,4,23,117,26,20,5,2
0,0,0,0,0,0,0,0,26,0,0,2,5,0,1,28,0,1,1,0,0,1,7,0,7,6,0,0,8,8,54,90,712,0,0,0,0,0,0,0,0,1,3,3,2,4,0,0
36,20,100,80,103,46,15,0,0,0,0,0,0,38,196,1,0,10,4,0,0,0,0,1,3,0,0,0,0,19,0,0,1,835,36,0,5,0,0,0,0,35,12,0,7,0,0,0
2,0,3,16,3,1,34,0,0,0,0,0,0,0,0,0,0,1,3,0,0,0,0,0,0,0,0,0,0,4,0,0,0,10,423,0,2,0,0,0,0,5,0,0,4,0,0,0
0,1,3,1,0,1,0,187,0,6,33,32,0,1,2,0,2,0,0,11,24,2,16,1,3,1,4,41,0,2,0,0,0,0,0,1083,0,0,4,51,3,0,0,0,1,0,1,0
78,47,59,41,37,32,76,2,6,0,0,2,16,46,3,14,0,587,45,0,2,4,1,15,58,70,0,0,2,38,21,7,2,39,34,1,3067,0,0,0,0,43,84,58,76,0,0,0
0,0,0,0,0,0,0,0,0,71,5,3,0,0,0,0,4,0,0,81,0,0,2,0,0,0,66,0,1,0,0,0,0,0,0,0,0,3993,147,52,116,0,0,0,0,0,943,82
0,0,0,0,0,0,0,0,0,83,0,0,0,0,0,0,9,0,0,7,0,0,0,0,0,0,30,0,0,0,0,0,0,0,0,0,0,70,1358,3,1,0,0,0,0,0,14,92
1,0,1,0,0,5,0,25,1,121,312,96,0,0,0,2,12,0,0,19,24,5,12,0,8,0,89,77,2,0,0,0,0,0,0,88,0,30,5,1685,18,0,0,0,0,1,10,4
0,0,0,0,0,0,0,5,1,3,6,42,0,0,0,0,4,0,0,83,0,2,3,0,0,0,1,1,30,0,0,0,0,0,0,4,0,7,0,17,316,0,0,6,0,0,17,0
3,3,20,21,1,43,8,0,0,0,0,0,0,13,32,2,0,10,5,0,0,0,0,29,53,1,0,0,1,2,0,0,0,12,13,0,4,0,0,0,0,105,27,0,6,0,0,0
1,7,7,4,0,40,3,0,0,0,0,0,0,18,36,35,1,50,38,0,0,0,0,123,118,146,0,0,0,16,7,2,2,77,11,0,16,0,0,0,0,73,1010,0,30,17,0,0
0,0,1,1,0,1,0,14,51,0,3,60,68,0,2,5,13,5,0,72,0,0,10,0,2,0,0,1,12,13,48,16,2,1,3,5,39,2,2,1,75,3,5,917,15,1,4,4
0,0,9,37,0,21,12,11,5,0,0,2,0,2,43,27,5,4,2,1,0,0,1,3,9,4,0,0,0,117,11,3,3,7,74,0,42,0,0,0,0,37,12,17,1680,1,0,0
0,0,1,0,1,0,0,0,1,0,5,0,5,8,0,4,0,28,8,0,0,0,10,37,11,80,9,0,1,4,0,2,1,1,0,0,1,0,0,0,0,5,51,0,1,938,0,1
0,0,0,0,0,3,0,0,0,8,7,30,4,0,0,0,4,0,0,20,1,0,9,0,0,0,49,0,1,0,0,0,0,0,0,0,0,461,28,13,75,0,0,9,0,2,1953,127
0,0,0,0,0,0,0,0,0,0,0,0,2,0,0,0,0,0,0,0,0,0,0,0,0,0,4,0,0,0,0,1,0,0,0,0,0,6,7,0,0,0,0,0,0,0,8,84
