0.77305,0.79883,0.57532,0.75886,0.63104,0.61702,0.74088,0.67647,0.81748,0.73245,0.71685,0.73958,0.75199,0.61571,0.59981,0.62087,0.69347,0.76902,0.65487,0.82581,0.80453,0.9683,0.92414,0.60052,0.70188,0.80738,0.83263,0.9348,0.89246,0.90554,0.80141,0.87733,0.69968,0.65631,0.60701,0.91667,0.87451,0.90652,0.88036,0.86234,0.61485,0.5386,0.69368,0.77643,0.84435,0.82381,0.81978,0.62914
0.79898
1727,39,112,207,51,7,68,0,0,0,0,0,0,12,3,0,0,40,0,0,0,0,0,2,0,0,0,0,0,0,0,0,0,34,4,0,14,0,0,0,0,2,0,0,1,0,0,0
26,2331,56,0,73,2,76,0,0,0,0,0,0,268,1,1,0,5,62,0,0,0,1,51,15,6,0,0,0,0,0,0,0,11,0,0,0,0,0,0,0,0,3,0,0,0,0,0
58,45,1184,51,29,137,48,0,12,1,0,1,0,76,8,8,18,14,3,4,0,7,3,18,61,4,1,2,2,3,0,1,0,83,7,0,2,1,0,5,2,16,5,3,2,1,0,1
239,0,26,1649,12,8,38,0,0,0,0,0,0,0,12,0,0,17,0,0,0,0,0,1,0,0,0,1,0,10,0,1,0,64,60,0,15,0,0,0,0,5,2,0,29,0,0,0
18,13,8,5,496,0,1,0,0,0,0,0,0,3,0,0,0,1,1,0,0,0,0,0,0,0,0,0,0,1,0,0,0,8,0,0,0,0,0,0,0,0,0,0,0,0,0,0
12,14,169,29,8,1566,23,0,1,0,0,0,1,40,121,19,0,48,2,0,0,1,3,34,180,2,0,0,3,48,16,6,0,110,20,0,11,0,0,0,1,29,21,6,17,0,3,0
40,34,54,8,9,3,1584,0,0,0,0,0,0,10,0,0,0,5,24,0,0,0,0,1,5,1,0,0,0,0,0,0,0,3,12,0,5,0,0,0,0,1,0,0,0,0,0,0
0,1,0,0,0,1,1,184,0,0,4,6,0,0,6,0,0,0,0,0,2,0,1,0,1,0,0,0,0,0,0,0,0,0,0,7,1,0,0,2,0,0,0,0,0,1,1,0
0,0,1,0,0,2,0,2,4667,7,6,75,133,0,2,6,35,4,0,20,9,40,13,2,1,0,9,2,812,7,24,71,25,0,0,0,10,2,6,4,22,0,2,86,21,17,10,14
0,0,0,0,0,0,0,0,0,553,0,0,0,0,0,0,0,0,0,0,0,0,0,0,0,0,18,0,0,0,0,0,0,0,0,0,0,4,14,13,1,0,0,0,0,0,2,0
1,0,1,0,0,2,0,1,1,5,638,14,2,0,0,1,0,0,0,6,9,6,4,2,1,1,28,5,1,0,0,0,0,0,0,8,0,4,0,97,3,0,0,0,1,6,7,0
0,3,1,0,0,10,0,15,27,0,19,1224,18,0,1,1,1,0,0,6,2,5,3,4,10,3,1,0,8,9,10,10,0,0,1,14,0,3,0,14,24,1,2,28,1,2,5,0
0,0,1,0,0,2,0,0,26,0,2,13,1228,0,1,0,0,10,0,0,0,0,6,4,13,2,0,0,0,4,5,21,1,0,0,0,0,0,0,0,0,0,7,10,0,2,0,0
9,248,131,9,39,41,51,0,0,0,0,0,0,1740,1,3,0,101,92,0,0,0,0,207,109,6,0,0,0,0,0,4,0,80,8,0,6,0,0,0,0,12,8,0,0,2,0,0
1,0,6,6,1,11,0,0,0,0,0,0,0,0,619,0,0,0,0,0,0,0,0,0,0,0,0,0,0,42,0,0,0,9,3,0,0,0,0,0,0,2,1,0,6,0,0,0
0,0,1,0,0,7,0,0,0,0,0,0,0,2,2,470,1,0,0,0,0,0,0,0,13,1,0,0,0,1,9,23,3,0,0,0,3,0,0,0,0,1,1,1,1,0,0,0
0,0,0,0,0,1,0,0,8,0,0,8,0,0,0,3,828,1,0,13,2,14,2,0,2,1,0,1,34,1,5,4,2,0,0,0,2,1,0,1,10,0,0,5,5,1,2,0
8,11,15,13,3,50,14,0,2,0,0,0,1,58,5,8,1,3356,8,0,0,0,1,53,103,9,0,0,1,3,2,0,0,9,4,0,331,0,1,0,0,20,31,0,4,0,1,0
0,15,3,0,0,0,34,0,0,0,0,0,0,28,0,0,0,4,1480,0,0,0,0,47,27,73,0,0,0,0,0,0,0,1,9,0,0,0,0,0,0,0,18,0,0,2,0,0
0,0,0,0,0,0,0,2,0,1,0,7,1,0,0,0,5,0,0,1555,0,3,0,0,0,0,0,0,5,0,0,0,0,0,0,13,0,7,1,3,24,0,0,15,0,0,0,0
0,0,0,0,0,0,0,3,0,1,12,1,0,0,0,2,0,1,0,0,782,0,1,0,0,0,4,70,1,1,0,2,0,0,0,4,1,0,0,1,1,0,0,0,1,5,2,0
0,0,0,0,0,1,0,0,36,0,1,6,0,0,1,5,43,0,0,5,0,7331,15,0,1,0,0,2,104,0,4,4,0,0,0,2,0,0,0,0,3,0,0,6,4,2,0,0
1,10,0,0,1,2,2,0,0,0,2,8,4,14,0,3,15,7,0,8,3,6,1340,9,6,9,0,22,0,3,4,3,2,2,2,18,1,1,2,11,1,1,4,3,3,10,1,0
1,53,41,2,4,94,17,0,0,0,0,0,0,294,6,5,0,80,169,0,0,0,0,2094,487,258,0,0,0,4,0,0,1,51,8,0,10,0,0,0,0,31,98,0,0,26,0,0
1,53,105,7,8,425,43,0,4,0,1,5,7,208,7,94,1,117,147,0,0,4,10,664,3395,441,0,0,3,14,13,31,27,33,7,0,30,0,1,0,0,55,199,14,1,16,8,2
0,4,0,0,0,1,3,0,0,0,0,0,2,5,1,6,0,10,209,0,0,1,2,138,193,4330,0,0,0,3,0,1,4,1,2,0,1,0,0,0,0,4,112,0,0,83,0,0
0,0,0,0,0,0,0,0,0,34,14,0,1,0,0,0,0,0,0,0,0,0,0,0,0,0,786,2,0,0,0,0,0,0,0,0,0,6,13,13,0,0,0,0,0,4,2,5
0,2,1,0,0,1,0,1,0,8,12,22,0,0,1,3,7,1,0,7,139,7,8,1,0,0,2,2681,6,0,1,0,0,0,0,16,1,34,5,44,4,0,0,0,0,1,0,0
0,0,0,0,0,0,0,2,772,15,10,62,60,0,0,7,217,0,0,58,7,117,10,0,0,0,8,28,8772,3,15,47,8,0,0,2,4,15,14,56,109,0,0,53,8,8,17,8
30,5,33,69,15,41,61,2,2,0,0,18,17,3,128,2,1,4,16,1,1,1,3,12,21,26,0,0,0,3317,26,26,2,83,76,0,25,0,0,0,1,26,17,16,136,18,1,0
0,0,1,0,1,7,0,6,25,0,0,7,3,1,1,16,1,1,1,2,0,9,2,2,5,6,0,0,11,13,2381,245,24,3,0,0,11,0,0,0,1,3,4,22,13,2,0,0
1,7,5,5,2,15,5,2,83,0,0,29,133,0,3,66,4,8,5,4,0,2,9,9,35,5,0,0,38,53,397,4191,267,6,4,0,8,0,3,0,2,3,10,41,9,10,4,0
0,1,0,0,0,0,0,0,12,0,0,0,0,0,0,6,0,1,1,0,0,0,0,1,2,0,0,0,5,0,10,63,862,0,0,0,0,0,0,0,1,0,2,1,0,2,0,0
9,10,58,42,25,25,9,0,0,0,0,0,0,16,64,0,0,8,1,0,0,0,0,3,6,0,0,0,0,16,0,0,0,1268,23,0,1,0,0,0,0,3,10,0,6,0,0,0
1,0,0,5,0,0,12,0,0,0,0,0,0,1,0,0,0,1,1,0,0,0,0,0,1,0,0,0,0,2,0,0,0,2,485,0,0,0,0,0,0,0,0,0,0,0,0,0
1,0,1,0,0,0,0,35,0,1,6,25,0,0,1,0,1,0,0,9,3,1,2,0,1,1,3,11,1,1,0,0,0,0,0,1386,0,2,3,20,0,0,0,0,1,0,1,0
42,13,18,22,6,22,37,0,1,0,0,1,7,24,2,4,0,447,14,0,3,1,2,20,38,35,0,0,2,10,21,8,2,27,14,0,3770,0,0,0,1,10,22,30,36,0,1,0
0,0,0,0,0,0,0,0,0,30,0,2,0,0,0,0,1,0,0,41,0,0,0,0,0,0,22,0,0,0,0,0,0,0,0,1,0,4878,106,34,25,0,0,0,0,0,420,6
0,0,0,0,0,0,0,0,0,29,0,0,0,0,0,0,0,0,0,3,0,0,0,0,0,0,5,0,0,0,0,0,0,0,0,0,0,40,1582,5,0,0,0,0,0,0,2,1
0,1,2,0,0,1,0,6,1,62,152,42,1,4,0,1,7,0,0,17,9,14,5,2,4,0,38,41,0,0,0,0,0,0,0,33,0,27,6,2155,11,0,0,1,0,0,9,1
0,0,0,0,0,0,0,0,1,0,3,28,0,0,0,0,0,0,0,40,0,0,1,0,0,0,0,0,10,0,0,0,0,0,0,3,0,7,0,8,439,0,0,2,0,0,6,0
0,1,11,7,0,16,0,0,0,0,0,0,0,7,8,0,0,6,2,0,0,0,0,18,22,2,0,0,0,0,0,0,0,3,2,0,0,0,0,0,0,293,11,0,5,0,0,0
0,3,5,6,1,22,0,0,0,0,0,0,0,8,13,8,0,37,14,0,0,0,1,62,70,82,0,0,1,11,6,3,1,32,3,0,7,0,0,0,0,15,1438,2,33,4,0,0
0,1,0,1,0,1,0,11,25,0,2,35,11,0,3,0,6,1,0,71,0,0,1,1,0,0,0,0,8,12,11,11,0,1,1,4,13,3,1,0,12,0,5,1212,7,0,6,0
7,0,7,30,1,14,10,0,2,0,0,3,1,0,11,8,1,4,3,0,0,0,0,3,3,8,0,0,0,71,10,1,1,6,44,0,28,0,0,0,0,10,8,3,1904,0,0,0
1,0,1,0,1,0,1,0,0,0,3,0,1,4,0,1,0,24,5,0,0,0,0,22,6,51,6,0,0,0,1,0,0,2,0,0,0,0,0,0,0,1,31,0,0,1052,0,0
0,0,0,0,0,0,0,0,1,8,3,13,1,0,0,0,0,0,0,13,1,1,1,0,0,0,12,0,1,0,0,0,0,0,0,1,0,344,26,13,16,0,1,1,0,0,2329,18
0,0,0,0,0,0,0,0,0,0,0,0,0,0,0,0,0,0,0,0,0,0,0,0,0,0,1,0,0,0,0,0,0,0,0,0,0,2,13,0,0,0,0,0,0,0,1,95
