0.67286,0.72975,0.41839,0.66098,0.40448,0.5006,0.62489,0.46114,0.76168,0.55056,0.51206,0.63174,0.63257,0.49752,0.3905,0.3724,0.54421,0.71816,0.5469,0.77718,0.61738,0.96234,0.86341,0.49586,0.62282,0.75899,0.7002,0.91294,0.86808,0.8534,0.71552,0.83341,0.5332,0.54278,0.45916,0.85898,0.82452,0.8757,0.84567,0.80565,0.3667,0.21251,0.57917,0.63928,0.77,0.69193,0.74489,0.40329
0.71165
1413,45,138,298,137,9,132,0,0,0,0,0,0,6,7,0,0,55,0,0,0,0,0,0,0,0,0,0,0,1,0,0,0,43,11,0,23,0,0,0,0,4,0,0,1,0,0,0
31,2090,72,1,142,2,116,0,0,0,0,0,0,317,0,2,0,3,81,0,0,1,2,74,15,13,0,0,0,2,0,0,1,16,1,0,1,0,0,0,0,1,4,0,0,0,0,0
74,70,869,49,68,177,92,0,14,0,0,3,1,117,34,16,23,13,2,3,1,11,2,9,58,3,1,4,3,5,2,0,0,107,12,0,8,1,0,6,4,52,5,3,2,1,1,1
324,0,38,1357,30,10,46,0,0,0,0,0,0,1,60,0,0,21,0,0,0,0,0,1,0,0,0,0,0,19,0,0,0,99,105,0,18,0,0,0,0,8,2,0,50,0,0,0
23,24,17,12,451,1,2,0,0,0,0,0,0,4,0,0,0,1,1,0,0,0,0,0,0,0,0,0,0,1,0,0,0,17,0,0,0,0,0,0,0,0,1,0,0,0,0,0
17,19,243,41,24,1245,34,0,2,0,0,0,1,47,194,52,1,43,2,0,0,2,1,23,212,2,0,0,1,41,11,2,3,106,22,0,15,0,0,0,1,100,22,11,23,0,1,0
65,55,74,11,26,2,1456,0,0,0,0,0,0,11,0,0,0,9,32,0,0,0,0,0,10,2,0,0,0,0,0,0,0,6,27,0,7,0,0,0,0,6,0,0,0,0,0,0
0,0,0,0,0,1,0,178,0,0,4,9,1,0,3,0,1,0,0,0,2,0,0,0,0,0,0,0,0,0,1,0,0,0,0,15,0,0,0,1,0,0,0,0,1,1,1,0
0,0,0,0,0,1,0,8,4286,11,16,90,179,0,1,16,79,5,0,27,19,34,13,0,3,0,7,2,949,7,43,65,31,0,0,0,8,2,5,12,35,0,3,144,26,17,12,13
0,0,0,0,0,0,0,0,0,490,2,0,0,0,0,0,0,0,0,0,0,0,0,0,0,0,54,1,0,0,0,0,0,0,0,0,0,9,22,23,1,0,0,0,0,0,2,1
0,0,2,0,0,1,0,11,1,12,552,25,3,0,0,0,1,1,0,9,24,5,11,3,5,0,43,7,1,1,0,0,0,5,0,8,0,6,0,99,5,0,0,1,1,7,4,1
0,1,0,0,0,7,1,33,42,0,38,1031,41,0,0,4,6,0,2,11,6,5,3,6,9,1,1,1,9,19,20,7,2,0,1,22,2,4,0,13,53,3,3,68,1,2,8,0
0,1,1,0,0,2,0,0,33,0,7,36,1138,1,0,1,0,9,2,0,0,0,12,1,13,4,0,0,3,10,3,30,5,0,2,0,3,0,0,1,1,0,15,13,0,10,1,0
12,346,183,6,92,59,72,0,0,0,0,0,0,1305,4,4,0,134,114,0,0,0,1,232,123,9,0,0,0,2,1,1,1,108,21,0,16,0,0,0,0,42,8,0,0,11,0,0
4,0,7,10,1,15,0,0,0,0,0,0,0,0,567,0,0,0,0,0,0,1,0,0,0,0,0,0,0,50,0,0,1,24,5,0,0,0,0,0,0,9,1,1,11,0,0,0
0,0,2,0,0,16,0,0,2,0,0,1,0,0,4,429,0,1,0,1,0,0,0,2,18,1,0,0,0,0,16,24,11,0,1,0,3,0,0,0,0,1,2,2,2,1,0,0
0,0,2,0,0,1,0,0,8,0,1,5,1,0,0,12,794,1,0,15,1,17,4,1,0,1,0,2,39,1,4,3,3,0,0,1,1,0,0,7,15,0,0,9,6,1,1,0
12,21,25,10,7,72,18,0,2,0,0,0,1,90,9,10,1,3073,8,0,0,1,1,57,117,7,0,0,0,5,2,0,0,9,10,0,436,0,1,0,0,47,61,4,7,2,0,0
0,30,4,0,0,0,56,0,0,0,0,0,0,42,0,3,0,3,1341,0,0,0,0,68,23,112,0,0,0,0,0,0,1,1,15,0,1,0,0,0,0,3,36,0,0,2,0,0
0,0,0,0,0,0,0,3,0,1,0,13,0,0,0,0,11,0,0,1437,0,6,0,0,0,0,0,1,5,0,0,0,0,0,0,17,0,3,2,7,114,0,0,21,0,0,1,0
0,0,1,0,0,1,0,4,1,0,34,4,0,0,0,2,3,1,0,2,739,0,2,0,1,1,5,64,0,5,1,0,0,1,1,6,2,2,1,3,0,0,0,0,2,5,2,0
0,0,0,0,0,2,0,0,46,0,0,7,0,0,1,14,59,0,0,5,1,7258,24,0,0,0,0,3,126,0,5,2,0,0,0,0,0,0,0,1,9,0,0,4,7,2,0,0
1,9,1,1,8,5,4,2,1,0,2,9,8,10,1,9,22,7,1,10,13,8,1201,8,18,13,0,32,0,9,7,5,2,1,5,25,1,1,4,22,2,2,4,7,4,34,4,1
0,51,42,2,6,109,27,0,0,0,0,0,1,354,7,12,0,99,260,0,0,0,3,1557,601,298,0,0,0,3,2,1,3,71,18,0,8,0,0,0,0,95,146,1,1,56,0,0
0,49,131,0,8,519,67,0,1,0,3,3,6,218,10,204,1,120,190,1,0,2,13,721,2784,522,1,1,8,15,6,34,42,40,12,1,43,1,0,0,1,123,240,12,1,38,5,4
0,1,0,0,0,3,6,0,0,0,0,0,1,7,1,17,0,8,320,0,0,1,6,169,219,3990,0,0,0,2,0,2,11,0,10,0,4,0,0,0,0,5,163,0,0,170,0,0
0,0,0,0,0,0,0,0,0,86,30,0,1,0,0,0,0,1,0,0,2,0,0,0,0,0,689,3,0,0,0,0,0,0,0,0,0,7,16,14,1,0,0,0,0,3,12,15
0,0,1,0,0,1,0,6,0,17,33,21,0,0,1,1,11,1,0,8,333,9,23,2,0,0,10,2349,6,2,2,0,0,2,0,38,1,34,8,83,3,1,0,0,4,4,1,0
0,0,0,0,0,0,0,7,1001,29,28,63,71,0,0,9,399,0,0,64,19,137,16,0,0,0,10,26,8153,3,23,39,8,0,0,3,4,14,12,63,207,0,0,68,9,6,14,7
27,5,56,89,31,43,105,3,4,0,0,25,24,5,304,7,1,7,20,1,0,2,3,10,15,27,0,0,4,2736,42,37,11,104,127,0,26,0,0,0,1,75,20,28,226,30,1,0
1,1,2,2,1,14,0,17,31,0,0,16,10,2,2,74,3,1,2,2,1,8,3,1,11,6,0,0,13,15,2070,349,64,3,2,0,18,0,0,0,1,2,6,53,18,5,0,0
0,7,7,3,2,17,7,5,92,0,1,54,248,3,6,183,13,6,9,3,3,9,16,10,24,5,0,0,29,60,542,3477,479,4,7,0,10,0,1,0,4,6,12,77,21,13,8,0
0,0,0,0,0,0,0,0,18,0,0,0,3,0,0,16,1,0,0,0,0,1,0,1,6,7,0,0,9,4,25,75,787,0,0,0,2,0,0,0,1,1,5,3,1,4,0,0
20,11,88,67,57,34,13,0,0,0,0,0,0,21,146,0,0,8,3,0,0,0,0,7,2,1,0,0,0,14,0,0,0,1034,32,0,4,0,0,0,0,21,13,0,7,0,0,0
2,0,3,13,1,0,18,0,0,0,0,0,0,0,0,0,0,2,3,0,0,0,0,0,1,0,0,0,0,1,0,0,0,3,461,0,1,0,0,0,0,0,0,0,2,0,0,0
0,0,0,2,0,3,1,77,0,4,19,27,0,2,0,0,1,0,0,13,12,8,9,0,0,0,3,25,0,3,0,0,0,1,0,1267,0,3,2,25,6,0,0,1,3,0,0,0
64,19,31,22,20,24,48,0,1,0,0,5,11,30,11,9,0,560,17,0,1,1,1,19,48,37,0,0,7,26,20,6,2,29,20,1,3477,0,0,0,1,22,43,36,44,0,0,0
0,0,0,0,0,0,0,0,0,53,1,2,0,0,0,0,3,0,0,53,0,1,0,0,0,0,42,2,0,0,0,0,0,0,0,1,0,4516,148,36,83,0,0,0,0,0,605,20
0,0,0,0,0,0,0,0,0,68,1,0,0,0,0,0,0,0,0,5,0,0,1,0,0,0,10,1,0,0,0,0,0,0,0,0,0,65,1485,5,0,0,0,0,0,0,8,18
0,0,2,0,1,3,0,12,1,106,289,63,1,0,0,0,8,1,0,21,17,10,8,1,3,0,67,48,2,0,0,0,0,1,0,61,0,31,6,1853,17,1,0,1,0,0,12,6
0,0,0,0,0,1,0,0,4,2,3,39,1,0,0,0,2,0,0,58,0,3,1,0,0,0,0,0,14,0,0,0,0,0,0,4,0,9,1,14,381,0,0,0,0,0,11,0
4,2,18,12,1,38,1,0,0,0,0,0,0,8,18,3,0,9,5,0,0,0,0,28,21,2,0,0,0,1,0,0,0,14,6,0,2,0,0,0,0,197,16,0,7,1,0,0
0,5,10,2,1,34,1,0,0,0,0,0,0,10,28,24,1,45,25,0,0,0,1,98,97,113,0,0,0,14,8,2,2,46,9,0,10,0,0,0,0,51,1207,3,30,11,0,0
0,0,1,0,0,3,0,19,31,0,3,64,39,0,3,2,10,2,0,85,0,0,5,0,0,0,0,1,11,16,28,9,2,0,1,3,31,2,0,0,45,1,4,1035,11,1,4,5
6,1,3,43,0,11,7,1,4,0,0,1,0,1,30,14,2,7,4,0,0,0,1,6,3,6,0,0,0,111,8,2,2,6,60,0,31,0,0,0,0,39,11,10,1771,0,0,0
0,1,2,0,0,0,0,0,0,0,7,0,4,11,0,3,0,22,8,0,0,0,4,25,10,74,8,0,0,2,1,0,2,4,0,0,0,0,0,0,0,9,31,0,0,986,0,0
0,0,1,0,0,1,0,0,1,10,4,16,4,0,0,0,2,0,0,15,3,1,0,0,0,0,31,0,0,0,0,0,0,0,0,2,0,446,37,12,47,0,0,3,0,1,2114,53
0,0,0,0,0,0,0,0,0,1,0,0,0,0,0,0,0,0,0,0,0,0,0,0,0,0,2,0,0,0,0,0,0,0,0,0,0,1,5,0,0,0,0,0,0,0,5,98
