0.67269,0.7294,0.41544,0.66405,0.39749,0.49107,0.63003,0.46649,0.7706,0.55882,0.52367,0.62539,0.63861,0.49401,0.38572,0.37181,0.5587,0.71744,0.54682,0.77951,0.59918,0.96161,0.86681,0.49661,0.6217,0.76068,0.70243,0.90906,0.87148,0.85462,0.7138,0.84114,0.53136,0.52555,0.45992,0.8557,0.82676,0.87622,0.84519,0.80876,0.36963,0.21729,0.56989,0.6358,0.77316,0.69629,0.73584,0.38023
0.71205
1414,40,143,298,139,14,131,0,0,0,0,0,0,5,7,0,0,59,0,0,0,0,0,0,0,0,0,0,0,1,0,0,0,41,12,0,16,0,0,0,0,3,0,0,0,0,0,0
35,2089,81,1,146,5,105,0,0,0,0,0,0,317,0,3,0,3,78,0,0,1,4,69,15,11,0,0,0,1,0,0,1,14,1,0,1,0,0,0,0,2,5,0,0,0,0,0
75,69,877,53,67,189,85,0,15,1,0,2,1,116,25,11,20,14,3,2,1,11,3,12,59,2,1,5,2,5,1,0,0,109,12,0,9,1,0,5,4,47,5,1,2,2,2,1
328,0,43,1354,25,7,42,0,0,0,0,0,0,1,59,0,0,23,0,0,0,0,0,1,0,0,0,0,0,19,0,0,0,105,109,0,18,0,0,0,0,6,2,0,47,0,0,0
23,27,19,8,444,0,3,0,0,0,0,0,0,4,0,0,0,1,1,0,0,0,0,0,0,0,0,0,0,1,0,0,0,23,0,0,0,0,0,0,0,0,1,0,0,0,0,0
15,18,247,40,24,1238,32,0,2,0,1,0,1,41,192,47,2,46,2,0,0,2,1,29,215,2,0,0,1,41,14,3,3,117,21,0,17,0,0,0,1,95,21,10,21,1,1,0
67,56,71,9,26,3,1456,0,0,0,0,0,0,12,0,0,0,10,34,0,0,0,0,3,8,2,0,0,0,0,0,0,0,4,26,0,5,0,0,0,0,7,0,0,0,0,0,0
0,0,0,1,0,1,0,174,0,0,5,7,0,0,3,0,1,0,0,0,3,0,0,0,0,0,0,0,0,0,2,0,0,0,0,16,0,0,0,2,0,0,0,0,1,1,2,0
0,0,1,0,0,1,0,6,4340,7,13,95,175,0,1,12,72,5,0,24,23,32,12,1,2,0,9,1,916,6,43,64,28,0,0,1,11,3,6,9,40,0,3,139,25,19,9,15
0,0,0,0,0,0,0,0,0,494,2,0,0,0,0,0,0,0,0,0,0,0,0,0,0,0,50,1,0,0,0,0,0,0,0,0,0,8,20,25,1,0,0,0,0,0,3,1
0,0,1,0,0,2,0,11,0,13,553,24,5,0,0,0,1,1,0,8,23,4,8,3,7,0,45,6,1,2,0,1,0,5,0,8,0,6,0,99,3,0,0,2,1,7,4,1
0,1,2,0,0,9,1,41,39,0,47,1010,39,1,0,5,4,0,2,14,11,7,2,4,7,2,2,2,12,18,24,7,2,0,1,17,2,2,0,14,56,1,2,67,0,2,7,0
0,0,1,0,0,5,0,0,29,0,5,31,1138,1,1,2,0,9,1,0,1,0,12,3,12,4,1,0,3,12,4,29,6,0,2,0,4,0,0,2,0,1,10,13,0,13,1,2
11,335,190,5,90,56,80,0,0,0,1,0,0,1320,3,3,0,125,109,0,0,0,0,233,111,12,0,0,0,2,0,1,1,113,22,0,18,0,0,0,0,42,11,0,0,13,0,0
2,0,8,10,3,17,0,0,0,0,0,0,0,0,562,0,0,0,0,0,0,1,0,0,0,0,0,0,0,45,0,0,1,27,6,0,0,0,0,0,0,12,2,0,11,0,0,0
0,1,3,0,0,13,0,0,2,0,0,0,0,0,2,422,0,1,0,0,0,1,0,3,19,3,0,0,0,0,17,28,14,0,1,0,2,0,0,0,0,2,2,2,2,0,0,0
0,0,0,0,0,1,0,0,8,0,1,8,0,0,0,12,790,1,0,16,2,19,2,0,1,2,0,0,40,0,5,2,3,0,0,1,1,0,0,5,18,0,1,8,8,1,1,0
13,25,23,10,6,69,19,0,2,0,0,0,1,89,8,12,0,3090,12,0,0,0,1,66,110,6,0,0,0,3,0,1,1,13,8,0,420,0,1,1,0,45,58,3,8,2,0,0
0,20,4,0,0,0,50,0,0,0,0,0,0,44,0,3,0,5,1349,0,0,0,1,65,30,109,0,0,0,0,0,0,1,1,14,0,0,0,0,0,0,3,40,0,0,2,0,0
0,0,0,0,0,0,0,1,1,1,0,13,1,0,0,0,14,0,0,1453,0,6,0,0,0,0,0,1,6,0,0,0,0,0,0,17,0,3,3,6,93,0,0,22,0,0,1,0
0,0,1,0,0,2,0,8,1,1,29,3,0,1,0,2,0,2,0,1,734,0,2,1,1,1,3,73,0,5,0,1,0,2,0,5,1,4,0,3,1,0,0,0,1,5,2,0
0,0,2,0,0,2,0,0,40,0,1,4,0,0,1,13,63,0,0,4,1,7264,24,0,0,0,0,4,125,0,6,1,1,0,0,0,0,0,0,0,6,0,0,5,7,2,0,0
0,7,2,2,7,6,3,0,1,1,2,9,10,14,1,5,24,8,3,8,10,8,1217,4,15,13,0,34,0,7,7,3,2,3,5,25,0,1,4,16,3,1,3,7,4,35,3,1
0,52,41,2,5,106,27,0,0,0,0,1,1,378,9,13,0,93,269,0,0,0,2,1540,599,302,0,0,0,3,2,1,4,70,16,0,7,0,0,0,0,92,145,1,2,51,0,0
0,64,125,1,6,544,65,0,1,0,3,2,6,224,14,198,1,116,195,1,0,1,12,716,2728,523,0,0,7,16,6,25,46,44,12,0,44,1,0,1,1,131,259,14,2,38,4,4
0,3,0,0,0,3,5,0,0,0,0,0,1,8,1,18,0,8,314,0,0,1,2,140,223,4008,0,0,0,3,0,1,11,0,10,0,3,0,0,0,0,5,183,0,0,165,0,0
0,0,0,0,0,0,0,0,0,79,27,0,2,0,0,0,0,0,0,0,1,0,0,0,0,0,694,1,0,0,0,0,0,0,0,0,0,9,17,15,1,0,0,0,0,4,15,15
0,1,0,0,0,2,0,7,0,15,31,19,0,0,1,2,8,2,0,6,355,11,27,2,0,0,7,2319,6,3,2,0,0,2,0,43,0,37,7,88,7,0,0,1,3,2,0,0
0,0,1,0,0,0,0,4,973,32,31,70,67,0,0,15,369,0,0,65,17,143,13,0,0,0,18,28,8191,2,24,36,8,0,0,5,4,12,13,54,208,0,0,69,9,6,16,9
23,7,54,80,32,37,109,2,3,0,0,30,28,4,316,6,1,7,19,0,0,2,3,7,12,27,0,0,4,2763,46,34,9,106,120,0,28,0,0,0,0,68,21,24,220,30,0,0
0,0,1,1,1,9,0,8,29,0,0,10,10,0,2,82,1,1,3,1,3,9,5,2,10,5,0,0,11,17,2105,326,61,5,2,0,19,0,0,0,1,3,5,55,22,4,0,1
0,5,10,3,3,19,6,8,92,0,1,47,233,6,5,180,12,11,7,3,2,9,18,10,22,6,0,0,26,65,544,3468,482,4,10,0,11,0,2,0,5,5,16,87,17,14,9,0
0,0,0,0,0,0,0,0,18,0,0,0,3,0,0,18,0,0,0,0,0,1,2,2,6,7,0,0,11,4,20,74,788,0,0,0,1,0,0,0,1,0,5,2,4,3,0,0
26,12,90,64,62,43,13,0,0,0,0,0,0,21,150,0,0,10,3,0,0,0,0,5,1,1,0,0,0,16,0,0,0,1008,37,0,4,0,0,0,0,21,13,0,3,0,0,0
1,0,2,12,1,0,20,0,0,0,0,0,0,0,0,0,0,1,3,0,0,0,0,0,1,0,0,0,0,1,0,0,0,5,459,0,2,0,0,0,0,1,0,0,2,0,0,0
0,1,0,3,0,2,1,76,0,3,17,31,0,0,0,0,0,0,1,11,16,8,10,0,1,0,2,24,0,3,0,0,0,0,0,1269,0,3,3,23,6,0,0,0,2,0,1,0
62,22,26,23,26,24,47,0,0,0,0,3,12,33,9,7,0,573,16,0,2,1,1,22,41,35,0,0,5,24,25,5,2,27,19,1,3460,0,0,0,1,28,47,38,45,1,0,0
0,0,0,0,0,0,0,0,0,54,1,3,0,0,0,0,3,0,0,56,0,0,1,0,0,0,41,2,1,0,0,0,0,0,0,0,0,4495,147,41,69,0,0,0,0,0,630,22
0,0,0,0,0,0,0,0,0,66,1,0,0,0,0,0,0,0,0,4,0,0,1,0,0,0,9,1,0,0,0,0,0,0,0,0,0,61,1485,5,0,0,0,0,0,0,11,23
0,0,2,1,0,3,0,14,1,103,271,68,1,0,0,0,10,1,0,22,16,9,6,0,4,0,65,48,2,0,0,0,0,1,0,65,0,31,6,1865,17,1,0,2,0,0,15,3
0,0,0,0,0,1,0,0,3,2,3,40,1,0,0,0,2,0,0,62,0,2,1,0,0,0,0,0,15,0,0,0,0,0,0,6,0,9,1,14,370,0,0,2,0,0,14,0
2,2,18,16,1,38,1,0,0,0,0,0,0,11,22,3,0,11,5,0,0,0,0,23,21,1,0,0,0,1,0,0,0,11,4,0,1,0,0,0,0,196,18,0,7,1,0,0
0,6,10,5,1,33,1,0,0,0,0,0,0,11,26,19,1,45,25,0,0,0,1,99,92,108,0,0,0,11,8,2,4,51,10,0,12,0,0,0,0,46,1219,3,31,8,0,0
0,0,1,0,0,2,0,13,31,0,2,66,38,0,3,2,11,1,0,89,1,0,3,0,1,0,1,1,13,17,33,7,2,0,0,3,29,5,0,0,46,1,4,1030,12,1,5,3
5,0,9,37,0,15,9,0,1,0,0,1,0,1,34,17,2,8,5,0,0,0,1,8,3,3,0,0,0,113,10,3,1,5,59,0,35,0,0,0,0,28,11,9,1769,0,0,0
0,1,2,0,2,0,0,0,0,0,4,0,5,9,0,3,0,16,8,0,0,0,4,28,11,74,9,0,0,2,1,0,1,2,0,0,0,0,0,0,0,9,27,0,0,995,0,1
0,0,0,0,0,0,0,0,0,11,4,18,3,0,0,0,2,0,0,14,3,1,2,0,0,0,30,0,1,1,0,0,0,0,0,1,0,438,37,13,42,0,0,4,0,1,2117,61
0,0,0,0,0,0,0,0,0,1,0,0,0,0,0,0,0,0,0,0,0,0,0,0,0,0,1,0,0,0,0,0,0,0,0,0,0,1,5,0,0,0,0,0,0,0,4,100
