0.61401,0.30811,0.33267,0.96852,0.49021,0.3094,0.35563,0.23187,0.15431,0.71972,0.35229,0.36902,0.35308,0.65117,0.54288,0.25413,0.58264,0.41773,0.23528,0.83142,0.52645,0.21778,0.18182,0.28007,0.43321,0.28147,0.43636,0.25021,0.78718,0.30372,0.46381,0.19842,0.36816,0.21093,0.27297,0.80577,0.29335,0.58623,0.22711,0.21913,0.24963,0.35211,0.61117,0.25855,0.38079,0.32597,0.60624,0.43148
0.42738
0,39,35,0,0,0,47,22,175,0,0,387,0,0,0,127,0,0,17,0,0,687,1,4,36,0,0,1,0,0,3,0,23,228,431,0,1,0,249,206,0,0,0,23,285,0,37,0
0,132,836,0,0,0,1,1,0,0,32,50,0,0,0,8,0,2,27,0,0,85,141,0,1573,0,1,136,0,8,0,0,0,2,218,0,13,0,76,607,0,0,0,40,3,0,4,1
2,20,108,5,25,0,24,22,25,3,2,118,6,3,0,19,2,3,95,16,8,365,13,15,124,8,6,63,4,4,10,55,6,160,260,7,41,12,380,252,1,25,9,125,61,15,10,18
0,1,3,0,0,3,26,9,381,0,0,220,0,0,0,15,0,0,20,0,1,257,1,4,0,0,0,3,0,0,72,0,113,397,166,0,0,0,163,42,0,0,0,4,1027,4,6,0
0,14,28,0,0,0,2,0,2,0,0,95,0,0,0,1,0,0,0,0,0,188,6,2,36,0,0,2,0,0,7,0,0,45,44,0,0,0,15,236,0,0,0,2,2,0,2,0
0,10,36,0,11,3,27,133,185,0,6,111,3,6,1,26,1,5,188,5,6,240,17,28,32,0,40,130,2,8,213,231,43,281,82,4,66,84,290,142,1,161,1,323,81,72,28,23
0,26,22,0,0,0,12,4,1,0,0,238,0,0,0,7,0,7,77,0,0,42,9,2,127,0,0,2,0,0,0,1,2,9,835,0,20,0,831,85,0,0,0,7,18,4,2,0
0,0,0,0,1,1,2,30,5,1,2,1,1,8,1,0,0,1,1,0,1,1,16,2,0,42,0,1,2,1,2,75,9,5,9,2,0,0,11,0,0,8,43,1,1,7,1,0
178,1,0,35,1121,23,3,42,131,3,3,18,465,659,6,7,2651,90,1,357,53,0,4,349,0,32,69,0,46,6,136,41,49,0,0,11,195,11,0,1,845,76,443,1,11,11,6,34
3,0,0,0,0,10,0,1,0,16,36,0,0,0,125,0,0,0,0,0,1,0,0,0,0,169,0,0,0,2,0,0,0,0,0,0,0,435,0,0,10,2,0,12,0,0,0,0
4,0,3,1,0,0,0,120,4,13,71,1,3,2,13,0,0,3,4,6,25,7,7,15,2,205,1,6,25,102,1,180,0,4,22,31,0,12,0,7,81,38,0,89,0,27,4,7
11,1,2,7,58,2,1,317,6,6,9,2,32,5,2,1,85,54,10,19,207,0,38,22,3,35,40,6,21,73,4,265,6,2,112,2,14,0,0,11,39,245,93,14,0,55,0,22
2,7,2,0,2,1,2,20,70,0,9,1,74,12,2,8,109,494,23,3,5,4,10,13,0,42,47,8,2,16,9,12,22,0,0,0,3,0,1,9,7,53,3,78,0,518,45,40
0,112,448,0,0,2,17,0,2,0,47,27,7,3,0,96,0,2,273,0,0,246,211,0,765,0,2,421,1,33,6,11,4,19,134,0,23,2,142,279,0,4,0,230,8,6,267,0
0,0,0,0,0,0,1,1,163,0,0,29,0,0,0,0,0,1,0,0,0,23,0,21,0,0,0,13,1,0,472,2,18,142,5,2,1,0,10,5,0,0,0,1,36,0,0,2
0,1,4,0,13,0,3,14,7,0,2,2,3,1,0,15,4,4,11,2,2,2,6,6,1,3,298,11,4,6,1,49,6,0,1,0,9,0,1,6,1,3,3,15,0,0,1,196
6,0,1,13,18,0,0,1,5,2,2,4,2,5,0,1,7,0,1,32,35,0,0,522,0,7,10,0,29,0,1,74,2,0,0,5,1,1,0,1,41,2,89,2,1,2,0,338
0,23,25,0,3,15,480,73,16,0,5,11,0,8,1,770,1,3,265,1,2,29,22,108,56,0,8,115,1,65,13,19,529,10,13,9,39,1,25,35,186,54,0,99,7,4,2274,5
0,460,63,0,0,0,33,1,0,0,169,2,38,9,0,3,0,68,145,0,0,8,196,0,392,0,2,148,0,83,0,0,0,0,75,0,258,0,70,7,0,0,0,49,0,0,3,0
5,0,0,1,10,4,0,7,0,4,0,0,0,7,1,0,0,0,0,7,2040,0,1,2,0,11,0,0,9,0,1,4,0,0,2,2,0,9,0,0,4,7,54,6,0,0,0,3
2,0,58,0,0,0,4,5,9,7,2,0,4,1,1,0,0,0,3,2,3,2,8,11,0,50,1,0,0,6,2,156,3,25,0,1,0,2,0,1,8,113,0,9,0,693,0,0
0,0,0,5508,155,0,0,1,0,0,1,6,2,14,0,0,3,0,0,171,10,0,0,16,0,2,7,0,1842,0,3,15,5,0,0,2348,0,0,0,1,5,1,26,1,1,2,1,33
3,12,132,0,0,0,3,6,11,1,330,3,64,1,21,3,0,43,11,1,23,11,32,39,13,256,11,21,81,14,1,44,7,19,9,29,6,5,2,399,8,95,2,15,9,67,17,180
1,394,259,0,0,0,69,6,12,0,428,0,97,67,0,41,0,135,436,0,0,102,435,2,200,0,4,786,1,392,24,71,2,9,52,0,208,1,132,44,5,12,0,441,5,19,143,7
2,284,320,1,3,7,190,134,31,1,397,8,161,311,8,88,4,326,771,13,2,62,494,33,173,2,116,892,4,390,37,477,21,7,93,4,856,11,194,93,11,104,0,839,6,79,62,123
0,802,31,0,0,1,747,0,1,0,1270,0,1025,68,0,3,0,1310,122,1,0,4,482,1,13,0,8,131,1,162,2,1,1,0,9,1,705,0,7,0,5,0,0,18,0,2,6,10
4,0,0,0,0,10,0,0,0,9,330,0,1,0,68,4,0,0,0,0,0,0,0,4,0,460,0,0,0,2,0,7,0,0,0,0,0,243,0,1,18,3,0,16,0,0,1,0
14,0,9,3,3,0,1,9,8,28,3,0,0,3,123,0,0,0,0,11,58,1,99,4,1,477,3,1,22,6,1,177,4,571,1,6,1,14,0,2,19,1050,4,34,1,1225,2,19
21,0,4,109,1852,10,1,82,17,19,3,4,50,2494,16,1,1494,39,0,3620,111,0,0,29,0,74,41,1,130,2,356,31,5,0,0,21,33,27,0,5,839,22,2331,3,0,24,0,209
0,18,11,0,5,5,7,6,302,0,4,220,48,3,0,3,3,106,106,2,4,108,10,815,4,1,30,82,4,5,1743,86,160,304,131,245,83,0,530,26,2,20,1,26,108,261,6,22
0,11,1,1,129,11,10,89,58,0,8,11,31,0,0,76,9,11,14,6,10,4,21,48,0,1,1813,5,20,1,17,678,258,14,1,2,3,0,3,5,4,51,2,12,3,21,2,336
3,4,8,2,187,13,1,694,248,1,11,15,67,11,1,534,127,142,41,18,54,16,106,46,3,5,2328,14,22,16,62,325,52,11,2,8,11,2,8,11,50,76,8,95,7,339,8,1524
0,1,1,0,17,2,2,286,16,0,9,5,9,31,0,338,4,16,2,4,2,0,23,9,0,1,319,0,13,3,12,1,10,1,1,4,10,0,0,0,40,1,0,3,7,3,3,125
0,14,14,0,0,0,11,0,208,0,0,77,0,0,0,4,0,0,12,0,0,762,3,9,13,0,1,50,0,2,203,1,9,289,56,0,1,2,44,194,0,1,0,27,123,2,4,0
0,4,0,0,0,0,0,0,7,0,0,10,0,0,0,4,0,0,38,0,0,14,0,2,0,0,0,1,0,0,12,0,3,6,120,0,2,0,121,5,0,0,0,0,334,0,1,0
1,1,6,0,1,1,0,99,13,2,0,1,1,7,9,1,0,0,2,1,25,0,179,9,4,630,1,5,11,7,0,66,8,17,14,7,1,4,7,2,11,77,556,9,0,50,0,166
0,84,7,0,2,729,1005,517,41,0,16,37,10,4,0,625,6,9,397,5,3,74,14,437,48,0,25,31,0,36,9,22,1036,29,76,5,13,0,63,24,1,18,1,52,19,15,701,4
2103,0,0,0,0,790,0,1,0,2686,2,0,0,0,1608,0,0,0,0,0,87,0,0,4,0,78,0,0,0,2,0,1,0,0,0,0,1,90,0,0,15,1,1,0,0,0,0,0
4,0,0,0,0,23,0,1,0,29,3,0,0,0,419,0,0,0,0,0,6,0,0,1,0,30,0,0,0,0,0,0,0,0,0,0,0,1720,0,0,1,0,0,0,0,0,0,0
34,0,2,0,0,5,1,191,1,77,100,0,0,3,46,0,0,1,6,15,66,2,7,68,0,1127,0,4,20,195,0,73,0,24,15,19,5,107,0,4,814,147,10,290,0,21,1,38
43,0,0,1,23,7,0,31,0,21,2,0,0,17,2,0,3,0,1,22,373,0,0,0,0,31,0,0,10,7,1,4,0,0,7,1,0,1,0,1,20,3,106,0,0,0,1,2
0,3,14,0,0,0,0,1,32,0,4,13,1,1,0,6,0,1,48,1,0,24,12,3,5,0,0,44,0,25,18,24,3,31,22,0,19,4,65,5,1,4,0,46,25,17,10,0
0,54,11,0,0,11,61,1,69,0,137,30,66,27,0,13,0,53,71,1,0,110,70,68,6,0,32,314,0,759,102,51,11,24,8,0,44,1,7,10,8,2,0,162,14,0,30,15
2,0,2,0,137,86,2,13,0,5,3,11,38,32,4,2,36,80,3,4,597,0,1,47,0,13,46,1,9,9,27,41,123,1,1,1,0,0,4,3,11,480,25,8,1,17,5,12
0,11,2,0,1,27,7,2,201,0,0,1034,2,2,0,3,0,0,32,1,1,4,0,89,0,0,22,3,1,3,173,31,261,21,32,7,5,0,208,0,48,5,0,6,492,173,0,13
0,59,5,0,0,0,23,0,6,0,146,0,592,4,0,8,0,116,3,1,0,15,22,0,1,4,2,113,0,44,2,5,0,0,0,130,21,0,0,3,218,1,0,9,1,0,57,5
976,0,0,0,1,810,0,0,0,797,0,0,0,1,458,165,0,9,0,5,54,0,0,1,0,190,0,0,2,4,0,10,0,0,0,0,203,50,0,0,7,17,3,2,0,2,0,0
1,0,0,0,0,6,0,0,0,1,1,0,0,0,26,4,1,2,0,1,0,0,0,0,0,18,1,0,0,0,0,0,0,0,0,0,3,83,0,0,0,0,0,1,0,1,0,0
