0.19717,0.14432,0.053903,0.40083,0.18695,0.23137,0.17182,0.23845,0.086318,0.18227,0.088552,0.10556,0.28951,0.25263,0.24172,0.11982,0.3391,0.17333,0.1888,0.3075,0.24037,0.078816,0.10105,0.13113,0.088729,0.10016,0.18709,0.09701,0.1927,0.19385,0.24987,0.10291,0.24356,0.1068,0.070259,0.18874,0.2382,0.15984,0.099088,0.099121,0.19108,0.084195,0.34789,0.15281,0.12095,0.10631,0.15785,0.089855
0.15843
52,28,26,0,13,22,26,27,38,11,13,380,6,11,55,42,7,5,5,23,9,139,18,8,297,293,9,66,189,69,4,6,4,136,91,142,0,10,175,132,0,2,10,66,103,49,113,134
20,48,19,0,17,2,64,30,15,64,20,288,2,21,130,12,2,8,3,33,4,137,14,14,756,198,1,119,644,100,0,0,1,25,336,182,0,5,204,181,0,1,6,55,3,27,89,97
26,15,36,6,17,5,35,44,16,39,13,167,9,25,31,36,33,8,26,32,14,218,23,29,141,265,3,84,114,57,8,2,11,36,78,127,2,7,233,56,3,7,18,146,33,68,101,52
33,42,44,1,10,22,10,49,42,7,13,401,4,13,48,33,36,21,1,2,1,104,37,11,136,316,6,135,402,84,24,4,12,96,53,214,1,17,54,51,0,3,9,42,112,28,59,95
1,9,1,0,1,0,7,6,4,6,3,98,0,2,20,14,0,1,3,7,0,32,0,6,66,73,0,13,96,8,0,0,0,31,73,19,0,4,26,38,0,0,1,11,4,7,9,29
30,26,52,4,49,10,23,87,33,40,44,185,12,40,38,57,26,23,70,40,26,230,51,27,142,282,8,91,99,70,21,22,10,70,58,231,7,18,249,86,11,45,47,279,21,88,169,39
6,36,7,0,16,15,25,30,4,11,3,261,3,25,11,10,0,3,23,18,4,82,4,2,267,125,3,30,176,16,3,0,1,30,333,82,3,4,352,70,1,2,6,36,48,90,55,58
23,0,16,1,3,1,0,11,0,3,2,5,0,3,2,2,3,0,3,3,1,10,11,3,6,7,1,26,3,36,4,9,1,6,1,21,0,2,14,3,0,8,14,15,3,6,1,2
621,79,15,41,297,18,71,332,94,276,161,392,196,324,57,106,364,263,65,420,329,86,36,88,29,160,61,562,314,212,264,22,61,151,96,350,17,21,82,114,53,36,219,165,20,175,122,187
16,0,2,0,0,5,0,2,0,19,32,2,0,0,14,7,0,0,0,6,18,33,7,1,44,197,0,9,143,1,10,0,0,19,19,98,0,24,3,16,0,2,10,58,0,0,1,4
44,1,31,6,8,6,1,11,3,17,42,24,1,31,12,14,2,2,5,13,14,35,22,3,58,32,1,101,37,139,18,13,3,36,9,69,1,12,33,37,3,14,49,62,1,26,15,29
98,8,26,8,13,5,21,46,1,59,15,103,4,32,10,36,30,10,9,21,92,45,32,12,112,33,8,119,93,143,21,5,11,37,17,201,1,2,50,33,6,10,143,56,1,47,27,47
53,12,26,2,30,2,93,58,4,93,113,13,1,21,8,64,21,36,41,29,50,41,21,14,50,43,13,49,31,42,14,4,11,62,45,237,3,13,13,28,11,8,75,74,2,62,35,17
40,46,54,2,31,2,55,62,16,47,34,182,13,79,56,42,7,12,24,24,6,154,47,18,451,256,7,184,452,290,6,10,6,77,171,126,1,14,186,94,2,2,15,185,20,53,140,49
3,18,7,1,1,2,1,31,14,10,13,186,4,7,11,10,24,26,0,4,0,11,18,13,6,146,7,86,87,13,24,1,1,7,16,40,1,6,19,27,1,1,3,7,6,7,12,10
9,15,9,1,9,3,9,16,5,3,16,36,6,5,36,16,6,11,0,23,4,50,3,2,23,33,1,31,28,27,10,4,5,21,28,103,3,12,9,9,0,12,5,11,2,11,14,22
32,14,15,38,25,0,9,59,7,27,16,61,12,6,11,19,9,5,5,35,43,32,15,63,38,19,4,29,39,121,17,14,2,4,17,90,0,8,15,35,2,3,26,117,2,23,43,37
73,60,43,7,46,28,155,71,41,89,91,91,34,67,45,118,9,28,42,60,21,169,37,76,522,113,17,137,777,258,27,16,110,120,113,286,6,45,116,189,11,18,71,200,59,115,546,55
3,90,10,0,4,0,36,50,15,13,22,36,9,40,31,27,3,26,8,2,3,42,12,2,415,130,3,110,495,104,6,4,0,6,230,99,10,1,62,29,0,3,1,49,6,23,11,1
24,6,4,5,10,0,0,48,0,29,8,98,0,21,41,2,0,3,0,16,90,46,10,6,158,136,2,6,272,19,8,0,0,27,228,547,0,21,1,22,2,1,221,23,0,13,19,8
36,3,32,7,44,3,4,21,29,7,16,71,12,22,21,30,2,0,11,26,23,72,30,8,30,39,4,41,3,83,15,18,6,28,18,49,10,21,32,89,2,7,30,54,3,65,5,10
17,10,33,291,327,2,1,51,4,40,46,153,4,30,38,56,27,16,4,131,240,99,13,4,648,339,7,13,2617,1185,15,4,55,14,339,2695,0,3,6,372,0,2,57,4,0,14,24,130
31,33,20,21,44,3,6,21,6,119,80,75,1,61,56,15,7,3,3,20,16,43,23,11,98,78,5,53,164,59,20,3,0,105,150,334,1,6,10,73,0,11,20,33,7,28,47,37
26,55,38,2,46,9,52,85,27,46,143,120,23,134,155,49,21,58,40,23,17,158,73,24,627,268,14,400,484,247,7,17,21,154,158,266,52,18,163,93,15,10,35,329,22,44,150,24
85,76,54,7,99,25,146,128,53,86,222,206,24,177,184,90,46,134,182,120,38,352,143,58,801,372,26,394,324,255,22,46,53,220,236,625,111,41,391,195,27,43,99,728,19,126,301,55
8,281,32,0,67,11,135,61,88,11,153,64,57,79,265,145,20,219,46,26,9,128,145,16,851,376,44,505,744,230,36,6,15,72,248,968,102,6,183,74,16,16,58,159,18,83,52,22
18,4,14,0,3,4,1,8,2,17,79,23,1,16,11,4,0,1,1,0,49,99,15,1,21,162,3,58,106,10,42,0,2,45,11,89,4,43,1,32,1,7,43,89,0,13,13,15
69,12,33,7,22,18,18,48,83,50,52,132,3,59,45,28,5,9,26,157,85,143,78,26,431,260,7,154,103,175,70,29,4,112,184,332,10,40,173,132,7,57,77,210,8,144,16,75
513,278,40,86,447,23,91,908,91,586,142,478,65,673,56,177,529,321,77,857,643,87,55,139,72,795,57,610,419,475,495,41,94,154,301,515,12,34,63,222,60,36,1370,206,22,320,200,195
42,103,38,63,37,53,25,174,52,54,59,949,11,52,35,166,59,93,23,48,36,225,38,102,115,353,45,319,324,74,216,18,40,98,106,233,8,40,265,174,7,51,54,118,73,128,183,87
36,50,12,8,100,73,30,84,25,46,122,193,15,49,117,128,25,72,12,52,35,169,17,17,50,88,30,186,124,202,87,13,64,111,52,810,2,10,37,41,5,26,55,32,15,77,121,86
127,199,53,19,234,42,133,251,92,176,214,302,39,47,141,315,64,163,26,202,107,403,73,49,125,193,113,410,182,198,89,40,44,363,110,822,5,33,59,194,18,47,93,64,29,300,118,217
6,38,3,2,22,4,19,61,11,38,57,57,4,18,31,121,7,34,0,23,33,66,15,2,17,58,11,47,45,56,19,0,6,27,22,167,2,13,6,42,1,7,15,5,16,38,16,26
7,27,20,1,9,3,5,71,30,19,13,194,6,23,9,54,21,15,3,1,1,122,15,6,71,375,5,100,288,32,24,0,3,21,111,125,3,4,62,32,0,4,4,60,25,18,46,48
3,5,2,0,4,5,4,9,11,2,3,86,0,2,1,10,2,2,0,0,1,17,2,2,23,72,0,11,62,34,4,0,3,2,49,68,2,2,31,7,0,0,2,1,80,29,21,8
72,1,42,1,15,2,5,56,2,29,9,59,2,37,9,12,1,1,5,28,32,46,19,7,208,67,0,51,56,136,6,15,2,120,75,266,0,2,31,42,2,26,139,168,3,57,7,41
95,42,58,24,47,145,300,119,56,67,105,273,32,54,43,135,73,60,134,93,59,184,35,110,650,96,38,71,412,252,78,4,246,54,124,404,6,58,221,213,9,36,108,178,72,284,219,74
696,24,8,5,37,236,5,149,2,535,4,861,4,25,810,187,0,11,0,19,187,410,39,3,76,991,0,41,1010,11,31,0,3,185,51,264,14,160,7,81,0,23,123,25,1,59,14,43
22,6,0,0,1,0,5,14,0,25,33,3,0,7,106,10,0,2,0,2,31,125,18,1,11,568,2,5,457,1,2,0,2,49,184,304,0,117,0,31,0,0,11,70,0,1,7,4
101,3,38,22,6,17,8,31,16,73,54,80,4,93,84,15,3,5,7,74,30,81,80,4,457,229,0,114,235,251,46,21,1,96,46,190,9,40,167,91,20,35,101,283,5,78,23,72
37,4,2,2,10,3,3,25,1,23,2,54,0,8,10,3,1,8,1,9,51,10,8,1,20,60,4,21,65,13,3,0,1,11,53,86,0,3,0,27,0,0,68,3,0,9,8,10
2,4,6,0,3,4,10,19,2,8,8,19,4,10,3,6,3,2,3,3,3,26,7,2,22,44,0,40,43,16,1,0,4,10,6,30,2,2,41,10,0,2,8,43,14,14,19,4
7,32,10,0,14,6,42,62,12,20,75,70,12,56,72,35,4,26,9,4,5,66,22,9,246,152,9,149,247,147,7,3,14,67,42,350,36,11,34,31,5,7,43,95,14,10,57,7
21,19,10,2,53,9,14,57,6,36,54,176,4,33,32,30,7,26,10,28,103,84,8,20,31,91,8,21,63,40,44,4,2,33,39,287,0,5,9,54,4,16,139,48,1,51,79,32
87,30,22,29,17,15,18,136,31,9,22,790,13,30,12,49,49,40,4,13,6,55,21,28,38,218,7,204,160,75,56,26,53,29,42,173,0,3,36,25,5,7,29,16,28,18,57,92
10,46,7,3,30,0,8,10,2,11,58,6,13,38,67,12,2,19,3,4,5,6,6,1,104,30,6,234,76,37,15,2,11,67,8,483,6,6,20,5,3,3,38,52,1,9,28,5
149,9,6,1,52,157,16,77,3,215,6,487,8,53,260,80,0,20,1,13,100,223,15,11,29,632,4,40,269,10,40,1,10,139,33,72,13,31,2,119,1,19,166,26,4,75,47,23
0,0,0,0,1,0,1,2,0,4,2,0,0,5,11,0,0,1,0,0,1,7,4,0,2,31,0,9,8,0,2,0,1,16,15,8,0,3,0,2,0,1,4,8,0,0,0,1
