0.62796,0.29559,0.34059,0.97485,0.40271,0.38852,0.33493,0.19398,0.16066,0.71028,0.38326,0.37105,0.44387,0.68733,0.56441,0.34769,0.68722,0.43629,0.18876,0.84216,0.5518,0.24955,0.21275,0.29333,0.4863,0.34305,0.44043,0.28369,0.82201,0.26337,0.51039,0.20617,0.36625,0.17422,0.26273,0.84214,0.23215,0.56951,0.22962,0.20548,0.28188,0.34082,0.64164,0.2337,0.32486,0.33434,0.6011,0.46185
0.44051
0,17,25,0,0,0,33,50,75,0,0,368,0,0,0,136,0,0,20,0,0,838,0,1,46,0,0,0,0,0,3,0,46,200,327,0,1,0,392,211,0,0,0,10,229,1,35,0
0,130,813,0,0,0,1,1,2,0,11,59,0,1,0,7,0,4,64,0,0,99,187,0,1491,0,1,146,0,7,0,1,0,1,214,1,22,0,50,555,0,0,0,122,2,0,5,0
3,4,95,6,21,0,12,17,58,2,2,122,6,16,1,15,2,5,195,20,9,435,14,14,110,5,6,31,4,4,13,63,11,145,259,6,22,19,230,222,0,31,5,172,76,25,8,14
0,0,3,0,0,3,14,26,314,0,0,175,0,0,0,16,0,0,11,0,1,227,0,3,0,0,0,0,0,0,49,0,189,393,102,0,0,0,400,41,0,0,0,2,958,2,9,0
0,4,20,0,0,0,2,0,9,0,0,80,0,0,0,3,0,0,1,0,0,189,3,0,37,0,0,3,0,0,9,0,0,39,45,0,0,0,6,272,0,0,0,2,3,0,2,0
0,7,34,0,9,2,18,98,287,0,3,104,2,9,1,28,1,9,251,5,6,183,35,16,25,0,40,72,2,4,156,277,56,336,89,6,82,118,99,126,0,133,1,330,130,144,31,21
0,26,24,0,0,0,8,4,1,0,0,328,2,0,0,13,0,6,110,1,0,100,9,1,127,0,0,2,0,0,0,0,4,6,738,0,40,0,755,49,0,0,0,11,20,1,4,0
0,0,1,0,2,1,2,28,6,0,1,1,0,3,1,1,0,0,1,0,1,1,18,0,0,48,0,2,1,5,2,69,6,4,8,3,3,1,12,0,0,10,43,2,1,6,1,0
85,0,8,28,1374,24,1,89,23,1,5,14,105,718,9,3,2887,76,2,315,51,0,3,293,0,11,66,0,50,3,118,28,51,0,1,16,191,13,0,2,885,73,542,4,1,10,4,41
2,0,0,0,0,8,0,1,0,19,30,0,0,0,143,0,0,0,0,0,1,0,0,0,0,194,0,0,0,2,0,0,0,0,0,0,0,406,0,0,4,0,0,12,0,0,0,0
6,0,4,1,2,1,0,122,5,16,85,1,2,2,12,1,0,0,3,5,25,8,8,7,1,286,0,3,11,75,1,148,0,2,39,37,2,8,0,4,56,39,0,80,0,28,4,6
12,1,4,8,70,5,1,311,3,7,6,2,2,5,2,2,102,45,12,22,181,1,61,49,3,54,36,4,21,39,3,226,6,3,135,2,26,2,1,4,41,279,99,22,1,14,1,23
2,3,4,0,18,3,1,21,147,0,9,0,34,10,2,7,138,474,10,16,4,2,7,36,1,36,48,12,2,22,12,5,15,1,1,2,4,2,0,7,11,59,1,36,1,488,28,46
0,105,436,0,0,1,22,2,25,0,15,39,6,1,0,105,0,4,293,0,0,239,262,1,612,0,3,386,0,74,3,10,6,19,126,0,51,0,83,323,0,3,0,336,6,5,248,0
0,1,0,0,0,0,1,1,248,0,0,16,2,0,0,0,0,1,3,0,0,7,0,10,0,0,0,1,2,0,364,1,13,153,11,0,1,0,15,4,0,0,0,1,90,1,0,2
0,1,3,0,15,0,1,13,5,0,2,3,4,1,0,12,5,3,9,3,2,2,6,2,2,0,303,10,5,4,4,54,4,2,1,0,3,0,3,4,1,6,1,17,1,0,1,199
1,0,1,10,19,0,0,0,0,1,2,4,2,7,1,1,2,0,1,43,40,0,0,532,0,4,8,0,23,0,1,70,6,1,0,7,0,1,2,1,47,3,75,2,7,7,1,330
0,21,25,0,1,11,400,95,4,0,1,13,3,5,0,993,1,3,169,0,2,29,54,17,47,0,12,116,0,68,10,21,677,9,15,7,13,1,14,25,161,30,0,148,10,6,2188,3
0,458,46,0,0,0,42,0,0,0,266,7,44,7,0,3,0,56,154,0,0,10,217,0,234,0,1,167,1,90,0,0,0,0,60,0,329,0,27,6,0,1,0,55,0,0,1,0
4,0,0,2,7,2,0,7,0,3,0,0,0,5,1,0,1,0,0,12,2072,0,1,3,0,11,1,0,7,0,0,3,0,0,2,2,0,7,0,0,2,8,35,2,0,0,0,1
2,0,17,0,1,0,5,7,2,6,12,0,2,1,2,1,1,0,4,1,1,3,9,17,0,66,2,0,0,9,2,191,3,9,1,2,2,1,1,0,5,109,0,8,0,686,1,0
0,0,0,5194,150,0,0,0,0,0,0,4,2,17,0,0,0,0,0,180,12,0,0,17,0,2,7,0,2106,1,0,16,2,0,0,2406,0,0,0,0,8,4,23,1,1,5,1,21
3,7,151,4,0,0,1,5,5,2,325,5,69,1,7,2,1,32,9,0,24,12,34,48,11,305,14,22,30,23,4,46,19,18,7,38,6,5,1,387,13,97,1,15,5,62,15,169
0,383,245,0,0,0,69,11,26,0,216,4,90,74,0,35,0,135,393,0,0,90,496,5,149,0,7,790,0,682,19,99,3,15,41,0,236,2,30,58,5,9,0,471,5,43,98,8
2,266,296,1,1,7,200,160,36,0,381,13,183,362,9,62,5,326,645,8,4,58,624,73,94,1,140,983,2,460,49,596,17,17,80,4,621,14,57,87,5,190,1,803,7,113,101,81
0,663,34,0,0,1,737,0,1,0,1282,0,1198,50,0,1,0,1356,75,0,0,8,423,10,6,0,13,143,0,268,3,2,1,0,5,3,618,0,3,1,9,1,0,18,0,3,7,7
3,0,0,0,0,24,0,0,0,10,311,0,0,0,73,2,0,0,0,0,1,0,0,1,0,459,1,0,0,10,0,3,0,0,0,0,1,259,0,0,9,1,0,12,0,0,1,0
19,0,1,3,2,0,3,7,2,42,7,1,0,1,104,0,0,0,0,19,37,1,87,5,1,524,1,1,22,15,1,193,1,465,0,9,1,11,0,3,14,1153,1,23,1,1223,2,12
23,0,3,67,1457,11,1,160,9,22,6,4,16,3082,10,0,775,37,0,3911,124,0,1,24,0,45,38,0,145,4,159,40,4,0,0,16,30,26,0,6,924,18,2718,4,0,21,0,189
0,11,11,0,17,4,5,7,428,0,8,153,98,1,0,6,3,109,177,1,6,61,8,831,2,0,47,7,4,2,1695,29,82,363,189,204,131,0,494,22,2,29,0,20,225,134,4,36
0,7,0,0,129,13,2,54,73,0,7,4,10,0,0,53,18,8,8,3,9,2,19,63,0,1,1785,5,39,3,20,715,253,13,0,2,7,1,5,5,15,64,1,14,4,16,1,360
3,4,9,0,130,18,0,575,266,0,13,8,17,13,0,296,180,125,26,19,38,15,61,99,5,1,2610,15,34,11,58,332,36,13,1,8,7,3,5,6,61,100,16,53,7,294,15,1731
0,1,1,0,10,3,2,198,13,0,5,4,9,32,0,54,6,11,0,0,2,0,7,19,0,1,622,0,14,4,11,0,12,1,0,3,12,0,0,0,52,1,0,5,0,2,1,216
0,1,12,0,1,0,6,2,418,0,0,48,0,0,0,7,0,0,25,0,0,530,3,2,11,0,1,12,0,1,145,0,10,305,51,0,2,3,26,222,0,1,0,73,213,3,2,0
0,1,0,0,0,0,0,0,1,0,0,8,0,0,0,5,0,1,52,0,0,16,0,1,0,0,0,1,0,0,6,0,3,5,68,0,6,0,152,3,0,0,0,0,352,1,2,0
1,1,4,0,1,0,0,106,3,3,3,0,0,1,8,1,0,0,4,2,45,1,139,9,3,665,0,3,7,8,2,48,4,10,12,10,2,4,12,3,9,147,526,5,1,48,0,151
0,62,12,0,2,757,838,580,21,0,33,46,21,3,0,837,8,12,356,11,2,67,27,315,37,0,18,26,0,31,15,15,1083,21,71,4,21,0,39,24,1,14,0,65,37,19,695,4
2093,0,0,0,0,591,0,1,0,2839,0,0,0,0,1678,0,0,0,0,2,90,0,0,3,0,31,0,0,1,1,0,1,0,0,0,0,0,120,0,0,16,0,2,0,0,0,0,1
3,0,0,0,0,22,0,0,0,32,2,0,0,0,413,0,0,0,0,1,8,0,0,1,0,16,0,0,0,0,0,0,0,0,0,0,0,1737,0,0,1,1,0,0,0,0,0,0
36,1,2,2,0,12,0,181,0,81,90,0,0,3,44,0,0,0,0,13,73,3,7,53,1,1494,0,5,13,142,1,53,1,11,40,16,0,95,0,4,656,121,6,230,0,17,1,31
48,0,0,1,24,8,0,34,0,23,2,0,0,15,2,0,4,0,0,20,385,0,0,1,0,33,0,0,6,2,1,3,0,0,11,2,0,2,0,0,21,2,91,0,0,0,0,0
0,2,14,0,1,0,1,3,38,0,2,15,1,0,0,5,0,1,68,0,0,27,12,2,8,0,1,42,0,29,15,24,4,32,23,0,20,1,19,4,0,7,0,51,29,23,8,0
0,39,14,0,1,7,41,0,55,0,96,24,69,16,0,11,0,59,77,1,0,79,76,90,2,0,41,340,0,798,132,25,11,34,3,0,16,1,5,6,2,15,0,183,27,1,38,18
4,0,2,1,148,80,0,12,3,4,2,13,10,18,3,1,55,80,1,5,446,0,2,61,0,14,32,2,7,8,26,34,163,3,2,1,1,0,5,2,12,605,45,5,4,5,5,11
0,5,1,0,4,22,7,1,49,0,1,997,3,1,0,5,1,0,187,0,0,1,0,85,0,0,16,4,0,4,207,20,154,20,31,5,27,0,345,0,3,4,0,5,495,200,1,12
0,11,12,0,0,0,25,0,2,0,99,0,687,3,0,22,1,124,1,0,0,14,13,11,0,2,4,109,0,115,2,4,1,0,0,34,16,0,0,2,224,0,0,4,0,0,70,4
977,0,0,0,1,1049,0,0,0,883,1,0,0,0,416,100,3,4,0,5,53,0,0,2,0,44,0,0,3,2,0,3,0,0,0,1,101,97,0,0,3,14,2,2,0,1,0,0
1,0,0,0,0,10,0,0,1,1,3,0,0,0,31,4,1,2,0,0,0,0,0,0,0,2,1,0,0,0,0,0,0,0,0,0,1,90,0,0,0,1,1,0,0,0,0,0
