0.60954,0.30914,0.31822,0.96849,0.52235,0.32168,0.33413,0.25213,0.16556,0.71217,0.35651,0.3773,0.34635,0.64148,0.55477,0.22609,0.57387,0.41809,0.25981,0.82934,0.52369,0.22404,0.18945,0.27291,0.42623,0.22464,0.42192,0.24178,0.77015,0.29673,0.46549,0.19868,0.39383,0.21254,0.27438,0.78652,0.30065,0.5923,0.23858,0.20933,0.27195,0.35444,0.59301,0.24844,0.37154,0.32175,0.61136,0.40848
0.42496
0,60,33,0,0,0,45,14,185,0,0,377,0,0,0,155,0,0,8,0,0,667,1,7,39,0,0,3,0,0,3,0,13,218,422,0,0,0,259,199,0,0,0,22,293,1,40,0
0,150,821,0,0,0,2,0,0,0,33,44,2,0,0,8,0,3,19,0,0,88,142,1,1589,0,1,134,0,10,0,0,1,3,215,1,11,0,89,588,0,0,0,34,1,0,6,1
4,34,103,5,24,0,25,29,29,1,0,115,5,4,1,22,2,3,84,17,8,352,13,20,130,8,5,54,7,3,12,48,8,173,246,4,40,10,393,255,1,26,9,118,61,17,10,17
0,2,3,0,0,2,22,4,399,0,0,217,0,0,0,17,0,0,15,0,1,270,1,5,0,0,0,3,0,0,82,0,109,394,159,0,0,0,145,37,0,0,0,4,1034,4,9,0
0,29,26,0,0,0,2,0,2,0,0,88,0,0,0,5,0,0,0,0,0,184,4,2,36,0,0,3,0,0,8,0,0,46,49,0,0,0,17,222,0,0,0,2,2,0,2,0
0,15,43,0,12,1,32,162,171,1,4,115,4,6,0,24,1,5,167,1,5,247,18,33,41,1,39,125,2,11,225,256,42,270,77,5,73,61,288,160,1,165,1,270,79,73,29,25
0,24,18,0,0,0,13,2,1,0,0,193,0,0,0,11,0,9,78,0,0,34,8,1,125,0,0,1,0,0,0,1,3,7,844,0,18,0,867,99,0,0,0,8,19,2,4,0
0,0,0,0,1,1,1,27,10,1,2,1,0,7,1,0,0,1,0,0,1,0,16,3,0,33,0,1,2,0,3,88,9,6,10,1,0,1,8,1,0,5,43,1,1,8,1,0
194,0,1,33,931,26,3,45,149,3,5,18,530,693,5,4,2649,103,2,355,51,0,5,343,0,40,75,0,42,6,145,47,49,0,0,13,203,9,0,1,849,68,460,2,12,21,4,30
3,0,0,0,0,9,0,1,0,16,37,0,0,0,114,0,0,0,0,0,1,0,0,0,0,188,0,0,0,1,0,0,0,0,0,0,0,431,0,0,6,2,0,13,0,0,0,0
4,0,5,2,0,0,0,124,5,10,66,1,5,4,11,0,0,3,3,6,21,5,9,12,3,183,1,5,42,104,1,180,0,4,25,21,0,9,0,10,85,41,0,96,0,30,3,7
10,0,2,9,43,3,1,304,5,4,7,2,24,5,3,2,90,53,8,17,207,0,46,17,9,34,43,5,15,77,4,258,6,3,117,1,13,0,0,12,40,244,114,12,1,65,0,24
2,7,2,0,1,0,7,14,50,0,14,2,50,13,2,11,109,493,22,5,9,5,14,8,1,44,52,7,3,21,11,8,21,0,0,3,7,0,0,6,7,48,3,101,0,526,47,32
0,138,456,0,0,2,16,0,2,0,53,22,15,3,0,75,0,1,243,0,0,251,199,3,807,0,1,409,1,40,5,9,3,23,133,0,18,2,150,278,1,4,0,221,7,5,253,1
0,0,1,0,0,0,0,1,181,0,0,33,0,0,0,0,0,0,0,0,0,26,0,20,0,0,0,14,2,0,451,3,18,145,3,2,0,0,6,5,0,1,0,2,33,1,0,1
0,1,4,0,21,0,3,17,9,0,2,4,3,1,0,24,4,3,7,1,1,3,9,6,1,2,281,10,1,7,1,49,6,1,1,0,9,0,1,6,1,3,3,17,0,1,0,193
4,0,1,13,16,0,0,0,7,3,1,5,2,5,0,2,11,0,1,30,37,0,0,511,0,5,9,0,28,0,1,46,3,0,0,5,1,1,0,1,42,2,89,2,1,2,2,374
0,13,27,0,3,15,546,64,21,0,4,11,2,4,0,645,1,1,266,1,1,27,28,169,56,1,7,121,1,58,11,19,483,8,18,5,42,2,24,47,201,49,0,109,6,3,2303,5
0,447,77,0,0,0,31,1,0,0,162,2,59,10,0,2,0,64,133,0,0,7,209,0,402,0,1,153,0,86,0,0,0,0,80,0,213,0,84,6,0,0,0,50,0,0,3,0
7,0,0,1,12,4,0,6,0,3,0,0,0,9,0,0,0,0,0,6,2034,0,1,2,0,9,0,0,11,0,0,1,0,0,2,1,0,10,0,0,9,5,60,4,0,0,0,4
2,0,63,0,0,0,7,5,9,7,5,0,3,1,1,0,0,0,4,6,6,2,11,9,0,53,1,0,0,5,2,113,4,30,0,0,0,2,0,1,10,105,0,10,0,715,0,0
0,0,0,5594,146,0,0,2,1,0,1,6,2,12,0,0,5,1,0,169,10,0,0,14,0,2,6,0,1806,0,1,16,5,0,0,2310,0,0,0,1,5,0,28,1,1,2,1,32
3,9,123,0,1,0,5,4,6,1,332,6,58,1,34,1,0,48,10,3,31,11,34,33,13,218,15,17,123,18,2,34,8,20,8,26,7,5,0,411,7,82,1,20,8,80,15,168
1,370,295,0,0,0,68,9,10,0,454,0,103,74,0,33,0,117,443,0,0,109,432,3,194,0,2,789,0,400,24,74,8,9,56,0,203,1,126,50,6,12,0,430,3,17,111,6
2,266,347,0,6,8,218,112,25,3,377,8,138,322,6,74,2,272,854,12,2,60,546,38,188,5,99,853,4,353,39,491,10,7,111,4,877,8,193,101,11,114,0,797,6,78,59,139
0,822,39,0,0,1,768,0,2,0,1323,0,940,70,0,2,0,1271,153,0,0,4,495,1,12,0,9,133,1,142,2,1,0,0,9,2,705,0,5,0,6,0,0,19,0,2,4,7
4,0,0,0,0,8,0,0,0,10,332,0,1,0,51,4,0,0,0,1,1,0,0,3,0,494,0,0,0,4,0,3,0,0,0,0,0,229,0,1,16,2,0,17,0,0,0,0
18,0,9,5,1,0,0,9,9,34,5,1,0,2,121,0,0,0,1,14,66,1,109,5,2,460,1,1,25,5,0,151,5,593,1,4,1,12,0,1,20,1030,3,55,1,1213,1,23
20,0,3,108,1846,11,0,78,14,27,3,6,50,2496,13,2,1557,39,0,3635,117,0,0,22,0,64,43,1,108,2,362,30,7,0,0,23,31,29,0,7,847,24,2257,3,0,22,0,223
0,17,9,0,11,7,7,6,235,0,4,223,27,3,0,2,2,105,114,2,3,140,11,801,3,2,40,107,4,6,1794,105,157,301,137,252,83,1,513,30,2,19,1,16,122,214,5,23
0,10,1,1,118,13,7,99,56,0,7,9,37,0,0,81,11,11,11,10,8,3,24,44,0,1,1849,7,19,5,19,663,247,16,0,2,2,0,1,12,3,41,2,11,2,25,1,322
3,4,7,2,180,12,1,770,230,7,13,12,45,22,0,676,121,155,40,26,54,18,133,42,4,9,2229,14,26,19,64,315,40,12,2,7,10,1,12,13,39,68,10,97,5,359,12,1397
0,3,1,1,8,3,2,302,13,0,9,4,4,38,0,362,2,20,4,4,1,0,25,6,0,1,315,1,15,2,12,1,9,1,1,9,8,0,1,0,36,1,0,4,9,3,4,89
0,22,12,0,0,0,8,1,211,0,0,74,0,0,0,2,0,0,10,0,0,794,4,10,12,0,1,49,0,3,202,1,10,295,54,0,1,0,37,175,0,1,0,29,112,2,4,0
0,4,0,0,0,0,0,0,8,0,0,10,0,0,0,3,0,0,35,0,0,19,0,2,0,0,0,1,0,0,11,0,4,6,121,0,1,0,105,5,0,0,0,0,347,0,2,0
1,1,5,0,0,0,0,100,15,3,0,1,0,6,11,0,0,0,1,1,29,0,189,11,4,592,1,4,10,5,0,80,8,28,15,3,1,3,4,3,13,63,552,12,0,60,0,177
0,74,6,0,2,736,983,485,49,0,10,35,6,1,0,551,5,9,394,5,4,66,12,448,46,0,39,28,0,40,16,15,1111,39,74,4,10,0,63,34,0,18,1,47,18,17,744,5
2134,0,0,0,0,874,0,1,0,2546,2,0,0,0,1575,0,0,0,0,2,84,0,0,2,0,136,0,0,0,3,0,0,0,0,0,0,2,91,0,1,10,1,5,0,0,0,0,1
3,0,0,0,0,23,0,1,0,28,3,0,0,0,413,0,0,0,0,0,6,0,0,1,0,51,0,0,0,0,0,0,0,0,0,0,0,1707,0,0,1,0,0,0,0,0,0,0
51,0,2,1,0,6,1,204,3,74,104,0,0,5,52,1,0,1,4,19,62,1,9,62,0,857,0,6,25,195,0,64,0,53,14,16,2,112,0,3,960,146,16,332,0,23,1,52
42,0,0,1,25,5,0,31,0,23,3,0,1,16,2,0,3,0,1,23,367,0,0,0,0,31,0,0,9,8,0,2,0,0,8,1,0,1,0,1,15,4,116,0,0,0,0,2
0,2,15,0,0,0,1,1,34,0,3,13,0,2,0,8,0,0,54,1,0,30,10,1,5,0,1,39,0,27,17,22,3,29,22,0,19,3,60,7,1,4,0,44,23,19,10,2
0,54,11,0,0,16,79,1,65,0,160,23,66,23,0,11,0,52,61,1,0,108,84,66,6,0,33,299,0,727,110,50,7,28,8,0,58,1,12,12,9,3,0,152,15,2,27,13
1,0,2,0,124,83,3,17,4,5,1,14,30,27,3,0,40,86,4,3,601,0,1,43,0,11,57,1,10,12,29,41,126,1,1,1,0,0,1,3,11,483,28,5,1,15,4,10
0,11,2,0,1,30,7,1,176,0,0,1027,2,1,0,2,0,0,30,1,1,2,0,104,0,0,25,3,1,4,183,39,278,21,33,7,3,0,170,0,39,5,0,6,559,138,0,11
0,70,5,0,0,0,28,0,9,0,168,0,500,4,0,5,0,100,3,1,0,10,30,0,0,4,2,127,0,35,2,3,0,0,0,204,23,0,0,4,216,1,0,10,1,1,46,4
987,0,0,0,1,813,0,0,0,763,1,0,0,1,398,158,0,9,0,4,54,0,0,1,0,254,0,0,2,6,0,10,0,0,0,0,219,57,0,0,4,16,4,2,0,3,0,0
1,0,0,0,0,5,0,0,0,2,1,0,0,0,22,5,1,2,0,1,0,0,0,0,0,22,0,0,0,0,0,0,0,0,0,0,3,83,0,0,0,0,0,1,0,1,0,0
