0.62845,0.28985,0.34024,0.96949,0.40254,0.38308,0.33597,0.19652,0.17508,0.70982,0.37332,0.36665,0.44658,0.67141,0.55533,0.3314,0.68488,0.44045,0.19863,0.83872,0.53814,0.23803,0.20825,0.29759,0.47425,0.31522,0.43882,0.28402,0.82933,0.27238,0.50255,0.20123,0.35376,0.18554,0.27253,0.84399,0.23108,0.56554,0.22626,0.20653,0.26979,0.36317,0.64472,0.24247,0.34631,0.34925,0.59724,0.45508
0.4389
0,21,29,0,0,0,38,52,76,0,0,384,0,0,0,126,0,0,18,0,0,815,1,1,50,0,0,0,0,0,3,0,34,205,346,0,1,0,346,218,0,0,0,7,257,0,36,0
0,129,821,0,0,0,2,1,2,0,10,53,0,1,0,7,0,4,74,0,0,91,199,0,1501,0,1,131,0,6,0,1,0,1,207,1,21,0,53,557,0,0,0,117,2,0,4,0
5,6,96,5,22,0,15,16,55,1,3,122,6,20,0,17,5,3,159,18,8,439,14,16,111,6,8,34,5,2,12,66,12,136,274,8,21,20,244,227,1,23,3,169,80,13,11,18
0,0,3,0,0,3,17,34,290,0,0,179,0,0,0,16,0,0,13,0,1,245,0,3,0,0,0,1,0,0,50,0,167,400,112,0,0,0,330,42,0,0,0,2,1014,4,12,0
0,4,19,0,0,0,3,0,11,0,0,86,0,0,0,2,0,0,2,0,0,174,3,1,35,0,0,3,0,0,7,0,0,35,50,0,0,0,8,280,0,0,0,2,2,0,2,0
0,7,33,0,7,4,20,99,270,0,3,107,2,11,1,29,1,14,261,7,6,198,28,18,28,0,36,86,1,6,156,294,61,289,86,7,75,117,133,127,1,144,1,361,132,66,36,17
0,28,24,0,0,0,8,5,1,0,0,300,0,0,0,14,0,6,107,0,0,89,7,1,132,0,0,3,0,0,0,0,4,7,756,0,38,0,772,50,0,0,0,9,20,5,4,0
0,0,1,0,2,1,2,25,3,0,2,1,1,4,1,1,0,0,1,0,1,1,18,0,0,50,0,2,2,1,2,68,7,3,9,3,4,2,13,0,0,8,43,2,2,8,1,0
94,0,6,39,1382,26,3,84,25,1,4,15,114,743,6,5,2858,74,1,322,52,0,3,291,0,20,74,0,49,4,122,29,54,0,0,15,184,12,0,1,854,80,512,2,1,10,6,47
2,0,0,0,0,7,0,1,0,17,29,0,0,0,144,0,0,0,0,0,1,0,0,0,0,189,0,0,0,2,0,0,0,0,0,0,0,412,0,0,6,0,0,12,0,0,0,0
7,1,2,1,1,1,0,118,4,14,80,1,4,4,10,0,0,0,2,5,28,10,9,9,0,258,1,4,9,101,0,169,1,2,29,37,2,13,0,4,54,31,1,82,0,26,4,7
12,1,5,9,68,4,1,318,4,9,7,4,4,6,2,1,93,43,9,26,196,3,59,48,3,55,38,4,20,52,5,221,6,1,123,2,25,0,2,5,38,268,95,20,1,15,0,28
1,2,4,0,17,4,1,18,146,0,8,1,34,10,2,5,134,487,12,14,7,2,11,30,1,48,41,13,1,18,12,5,20,0,0,2,5,0,1,9,11,58,3,30,0,492,29,39
0,120,451,0,0,2,21,3,20,0,19,34,4,1,0,92,0,2,317,0,0,236,256,1,641,0,2,367,0,66,2,11,6,21,117,0,53,0,95,315,0,2,0,304,5,4,260,0
0,0,0,0,0,0,1,1,236,0,0,19,2,0,0,0,0,1,4,0,0,11,0,14,0,0,1,2,2,0,384,1,15,147,9,0,1,0,14,5,0,1,0,0,77,0,0,1
0,1,3,0,14,0,1,13,7,0,2,2,3,1,0,16,7,3,8,4,1,2,4,4,2,1,305,10,3,6,2,56,4,3,1,0,3,0,2,4,1,6,2,19,0,0,0,191
1,0,1,11,18,0,0,0,1,1,1,4,2,6,2,2,3,0,1,42,42,0,1,533,0,6,10,0,23,1,2,66,7,0,0,6,0,1,1,1,45,2,71,2,2,5,1,339
0,19,25,0,1,13,417,105,4,0,3,14,1,13,0,972,2,4,224,2,2,35,38,21,49,0,11,115,0,54,12,22,630,7,17,7,21,2,19,28,183,33,0,126,10,3,2162,2
0,463,45,0,0,0,38,0,0,0,253,7,45,7,0,4,0,61,171,0,0,10,192,0,241,0,2,150,1,79,0,0,0,0,59,0,364,0,37,6,0,1,0,45,0,0,1,0
4,0,0,2,7,2,0,7,0,2,0,0,0,5,0,0,1,0,0,9,2074,0,1,3,0,12,1,0,6,0,0,3,0,0,1,2,0,8,0,0,3,5,40,2,0,0,0,1
3,0,21,0,0,0,7,7,2,7,8,0,3,0,1,0,1,0,3,1,1,2,8,15,0,58,2,0,0,12,2,190,3,14,2,2,1,2,1,1,5,105,0,7,0,694,1,0
0,0,0,5180,151,0,0,0,0,0,0,4,2,16,0,0,1,0,0,177,13,0,0,16,0,4,5,0,2104,1,0,16,2,0,0,2429,0,0,0,0,6,4,21,1,1,4,1,21
2,7,152,2,0,0,2,4,6,3,319,2,67,1,7,3,1,41,11,1,24,12,40,51,13,309,16,15,31,19,4,41,14,14,8,38,6,5,1,381,14,92,2,17,5,67,15,175
0,370,247,0,0,1,69,9,28,0,223,3,90,68,0,35,0,132,446,0,0,91,463,4,160,0,5,794,0,644,16,103,4,10,37,1,264,2,52,57,7,9,0,482,6,16,89,5
2,265,296,1,2,8,195,171,37,0,391,9,172,413,7,65,4,309,726,8,3,69,596,71,119,1,160,981,2,394,40,610,15,16,80,3,635,15,85,70,6,112,0,829,7,77,98,70
0,651,33,0,0,1,732,0,1,0,1251,0,1208,57,0,4,0,1383,96,0,0,9,427,10,5,0,9,141,0,241,3,2,1,0,5,3,627,0,4,0,10,0,0,18,0,5,5,8
3,0,0,0,0,18,0,0,0,10,336,0,0,0,77,3,0,0,0,0,1,0,0,1,0,442,0,0,0,7,0,4,0,0,0,0,0,254,0,0,11,1,0,12,0,0,1,0
16,0,0,3,2,0,1,12,2,43,6,1,0,1,111,0,0,0,1,20,39,1,88,4,1,496,1,1,18,6,1,192,0,480,1,10,1,16,1,2,18,1140,1,26,1,1236,2,16
24,0,3,84,1456,11,1,159,8,26,5,4,16,3114,9,0,765,32,0,3869,122,0,1,23,0,67,46,0,138,1,185,34,5,0,0,17,34,27,0,4,903,22,2673,4,0,21,0,217
0,11,10,0,14,2,6,4,451,0,9,174,105,0,0,7,4,111,138,2,7,65,9,841,3,1,41,15,4,3,1673,57,92,346,159,200,114,0,550,22,3,28,0,17,183,146,4,35
0,7,0,0,131,12,2,57,62,0,6,4,7,0,0,61,13,10,13,4,10,1,17,60,0,1,1752,8,40,4,20,718,287,9,1,3,4,1,5,6,10,56,1,14,2,16,1,375
1,5,7,2,130,18,0,553,260,0,13,8,19,15,0,365,192,133,27,24,42,19,78,92,4,2,2557,14,33,13,64,330,54,8,1,7,7,3,7,7,45,92,10,45,9,305,15,1702
0,0,1,0,11,3,2,210,12,0,10,4,8,41,0,87,6,11,1,0,3,0,7,17,0,1,590,2,12,4,13,1,12,1,0,3,12,0,0,0,43,0,0,5,0,3,2,196
0,1,14,0,1,0,7,2,378,0,0,59,0,0,0,7,0,0,23,0,0,573,1,4,13,0,1,18,0,1,147,1,11,300,51,0,3,3,24,225,0,1,0,57,205,2,3,0
0,1,0,0,0,0,1,1,2,0,0,8,0,0,0,4,0,1,54,0,0,14,0,1,1,0,0,1,0,0,6,0,5,6,72,0,4,0,166,4,0,0,0,1,329,0,2,0
1,1,5,1,1,1,0,90,8,3,1,0,1,1,10,4,0,0,4,3,40,2,162,10,2,658,1,5,5,7,1,52,4,18,12,8,2,6,5,4,10,129,522,7,0,49,0,156
0,70,12,0,1,753,850,588,23,0,31,56,17,2,0,839,7,9,388,10,2,66,21,310,39,0,20,27,0,30,13,16,1045,16,72,4,27,0,41,21,1,14,1,55,32,15,704,2
2094,0,0,0,0,614,0,1,0,2862,1,0,0,0,1631,0,0,0,0,2,89,0,0,4,0,36,0,0,0,1,0,1,0,0,0,0,0,115,0,0,16,0,2,0,0,0,0,1
3,0,0,0,0,22,0,0,0,33,2,0,0,0,405,0,0,0,0,1,7,0,0,1,0,18,0,0,0,0,0,0,0,0,0,0,0,1743,0,0,1,1,0,0,0,0,0,0
37,0,1,1,0,10,0,171,0,91,104,0,0,7,51,0,1,0,0,11,71,4,8,57,1,1317,0,5,14,171,1,63,0,16,19,19,1,116,0,2,745,119,7,247,0,19,2,30
46,0,0,1,21,7,0,33,0,24,2,0,0,18,2,0,6,0,0,20,384,0,0,1,0,37,0,0,6,6,1,2,0,0,8,2,0,2,0,0,15,3,93,0,0,0,0,1
0,2,14,0,0,0,1,2,37,0,2,12,2,3,0,6,0,1,67,1,0,31,12,1,7,0,1,41,0,26,14,24,3,32,23,0,20,3,33,4,0,3,0,55,27,13,9,0
0,37,14,0,1,6,37,1,46,0,98,24,64,26,0,15,0,57,94,1,1,89,63,89,3,0,37,344,0,791,133,35,14,26,2,0,22,1,3,4,4,5,0,188,25,1,38,14
3,0,2,1,150,84,3,12,3,4,2,12,9,18,4,1,62,75,3,5,517,0,1,60,0,20,32,1,6,8,24,35,167,2,1,1,2,0,6,1,11,523,40,6,5,2,7,12
0,5,0,0,5,21,7,5,53,0,0,994,3,1,0,5,1,1,173,0,0,1,0,81,0,0,16,4,0,4,195,23,188,16,24,6,17,0,358,0,12,4,0,7,486,196,1,10
0,11,13,0,0,0,19,0,1,0,104,0,690,4,0,14,1,125,3,0,0,14,16,6,0,2,3,112,0,110,2,2,0,0,0,32,17,0,0,3,251,2,0,4,0,0,51,4
970,0,0,0,1,1037,0,0,0,880,0,0,0,0,426,95,3,4,0,4,59,0,0,2,0,59,0,0,2,2,0,4,0,0,0,0,108,92,0,0,3,12,1,2,0,1,0,0
1,0,0,0,0,11,0,0,1,1,3,0,0,0,28,4,1,3,0,0,0,0,0,0,0,4,1,0,0,0,0,0,0,0,0,0,2,89,0,0,0,0,1,0,0,0,0,0
