0.62803,0.29176,0.34383,0.96893,0.4,0.3775,0.34141,0.1943,0.18053,0.71092,0.37256,0.36701,0.44721,0.67194,0.5588,0.32789,0.68325,0.4379,0.19787,0.83837,0.5329,0.23406,0.21041,0.29799,0.46992,0.31641,0.44372,0.28241,0.83465,0.27676,0.49758,0.19626,0.34465,0.18951,0.27605,0.84495,0.22803,0.5654,0.22308,0.20341,0.27127,0.36102,0.63977,0.25162,0.34929,0.34762,0.60159,0.44733
0.43853
0,21,29,0,0,0,37,52,79,0,0,386,0,0,0,124,0,0,21,0,0,804,1,1,49,0,0,0,0,0,3,0,32,206,341,0,1,0,346,232,0,0,0,9,256,0,34,0
0,132,819,0,0,0,2,1,2,0,11,55,0,1,0,6,0,3,77,0,0,90,199,0,1492,0,1,135,0,7,0,1,0,1,206,1,20,0,59,560,0,0,0,108,3,0,5,0
5,6,98,6,16,0,16,18,53,1,2,122,5,22,0,17,10,4,163,19,9,442,11,19,116,6,9,36,5,3,13,60,9,125,278,7,21,20,246,230,1,21,2,166,76,13,12,16
0,0,2,0,0,3,18,35,301,0,0,182,0,0,0,14,0,0,18,0,1,237,0,4,0,0,0,1,0,0,53,0,156,397,115,0,0,0,327,44,0,0,0,1,1014,5,10,0
0,4,20,0,0,0,2,0,12,0,0,89,0,0,0,1,0,0,2,0,0,174,3,1,34,0,0,3,0,0,6,0,0,36,45,0,0,0,8,284,0,0,0,1,2,0,2,0
1,7,32,0,5,2,18,102,263,0,3,107,2,9,1,30,4,10,243,7,6,202,29,20,27,0,37,83,2,7,155,299,61,291,80,6,71,134,165,133,0,134,1,356,121,66,37,17
0,26,27,0,0,0,8,4,1,0,0,294,0,0,0,14,0,6,108,0,0,86,8,1,130,0,0,3,0,0,0,0,5,7,763,0,36,0,779,49,0,0,0,7,21,4,3,0
0,0,0,0,2,1,4,25,4,0,2,1,1,2,1,1,0,0,1,0,2,1,19,0,0,41,0,2,2,0,2,73,6,3,9,3,3,4,14,0,0,7,43,3,2,10,1,0
101,0,6,39,1384,29,3,79,22,1,5,15,119,744,6,5,2856,75,1,329,54,0,3,285,0,14,70,0,45,4,122,31,53,0,0,14,186,13,0,1,854,89,502,1,1,10,5,48
2,0,0,0,0,10,0,1,0,18,28,0,0,0,139,0,0,0,0,0,1,0,0,0,0,190,0,0,0,2,0,0,0,0,0,0,0,415,0,0,5,0,0,11,0,0,0,0
6,0,3,1,1,1,0,117,3,16,84,1,4,3,8,0,0,1,2,5,30,7,7,10,2,247,1,6,11,98,0,170,1,3,30,39,2,12,0,5,56,32,1,81,1,27,4,7
13,1,4,11,67,3,1,318,3,8,5,3,6,6,2,2,93,45,10,23,203,2,55,44,4,52,39,6,19,53,5,220,10,1,117,3,26,1,3,8,35,271,93,21,1,20,0,23
1,3,3,0,22,4,2,21,144,0,10,0,36,10,1,5,131,494,15,14,7,2,7,29,1,44,44,13,1,19,12,7,19,0,0,1,4,1,0,6,13,62,2,17,0,497,27,37
0,121,441,0,0,2,19,1,15,0,18,33,4,1,0,99,0,1,328,0,0,239,238,2,639,0,2,372,0,65,4,11,4,20,117,0,54,0,95,322,0,3,0,302,7,5,266,0
0,0,0,0,0,0,1,1,226,0,0,21,1,0,0,0,0,1,3,0,0,11,0,14,0,0,1,2,2,0,389,1,19,147,10,0,1,0,15,4,0,1,0,0,75,0,0,3
0,1,3,0,15,0,1,12,6,0,2,2,3,1,0,14,8,3,7,3,2,3,5,3,2,1,308,11,4,5,2,58,6,3,1,0,3,0,2,4,2,4,2,18,0,0,0,187
2,0,0,10,20,0,0,0,2,1,1,4,2,7,2,2,3,0,1,44,42,0,0,522,0,5,9,0,22,1,1,77,10,0,0,6,1,0,2,1,46,2,74,2,1,4,1,333
0,20,25,0,1,13,406,96,5,0,3,14,3,15,1,964,2,4,235,1,2,32,37,22,49,0,10,113,0,58,10,25,623,7,18,7,20,0,18,29,182,37,0,119,9,3,2188,2
0,468,46,0,0,0,39,0,0,0,250,6,47,8,0,3,0,65,163,0,0,9,191,0,254,0,2,143,1,77,0,0,0,0,58,0,359,0,40,6,0,1,0,45,0,0,1,0
4,0,0,3,7,2,0,7,0,3,0,0,0,5,0,0,1,0,0,11,2065,0,1,2,0,12,1,0,7,0,0,4,0,0,1,1,0,8,0,0,3,5,43,3,0,0,0,2
2,0,31,0,0,0,4,8,4,7,10,0,3,0,1,0,1,0,3,1,2,2,9,16,0,60,2,0,0,7,1,187,4,12,1,1,2,2,1,2,5,107,0,8,0,684,1,1
0,0,0,5177,145,0,0,0,0,0,0,4,2,14,0,1,1,0,0,183,12,0,0,17,0,5,7,0,2110,1,0,14,3,0,0,2425,0,0,0,0,6,4,21,1,1,4,1,21
2,7,152,3,0,0,1,5,5,2,321,3,65,1,8,1,1,35,11,1,25,15,42,47,13,310,15,16,31,17,3,44,16,15,8,35,5,5,2,379,12,94,2,19,5,71,15,175
0,374,240,0,0,0,69,8,20,0,229,2,90,67,0,36,0,136,455,0,0,103,441,3,162,0,5,793,0,645,19,108,4,9,37,0,260,2,56,57,7,9,0,474,6,17,94,5
2,264,279,1,2,10,185,167,34,0,404,12,177,411,7,74,6,327,724,6,4,72,594,71,113,1,143,978,2,387,42,617,17,8,74,3,618,14,89,75,7,119,0,852,7,78,96,72
0,662,28,0,0,1,730,0,1,0,1260,0,1220,56,0,5,0,1382,93,0,0,8,423,11,7,0,9,142,0,232,3,2,1,0,6,3,620,0,4,0,9,0,0,15,0,4,5,8
3,0,0,0,0,15,0,0,0,11,330,0,1,0,73,3,0,0,0,0,1,0,0,3,0,454,0,0,0,5,0,5,0,0,0,0,0,250,0,0,11,1,0,13,0,0,2,0
18,0,2,2,3,0,0,12,4,44,7,1,1,1,105,0,0,0,1,19,37,0,88,5,0,493,1,0,18,5,1,194,1,488,1,6,1,17,0,3,18,1130,1,28,1,1241,2,18
20,0,4,84,1434,10,1,159,8,24,3,4,15,3103,8,0,769,34,0,3911,128,0,1,24,0,66,43,0,128,2,206,30,7,0,0,21,35,25,0,7,915,26,2632,4,0,20,0,219
0,12,10,0,13,2,7,3,458,0,8,178,97,1,0,8,4,112,131,2,9,65,10,843,4,1,36,14,4,4,1643,57,116,345,146,200,119,0,570,22,3,28,0,16,175,153,4,33
0,9,0,0,129,12,2,55,59,0,6,5,9,0,0,63,16,9,13,4,10,1,22,61,0,1,1771,6,36,3,18,704,290,15,1,3,8,1,5,5,10,55,0,14,3,16,0,361
2,6,6,0,134,19,0,556,245,0,14,8,19,15,0,374,193,129,28,19,47,14,84,99,3,3,2602,14,33,12,62,330,58,13,1,9,9,3,8,9,51,93,10,34,9,308,13,1639
0,0,1,0,10,4,2,216,13,0,10,4,8,33,0,95,7,11,1,1,2,0,7,18,0,1,579,1,16,4,11,1,12,1,0,2,13,0,1,0,42,0,0,4,0,2,2,199
0,1,14,0,1,0,8,1,363,0,0,61,0,0,0,6,0,0,22,0,0,588,1,2,13,0,1,19,0,1,150,1,10,294,53,0,3,2,27,229,0,1,0,57,202,2,3,0
0,1,0,0,0,0,1,1,1,0,0,8,0,0,0,4,0,0,52,0,0,14,0,1,0,0,0,1,0,0,8,0,5,6,79,0,4,0,171,4,0,0,0,1,320,0,2,0
1,1,3,0,1,0,0,101,8,4,1,1,2,0,11,5,0,0,5,2,38,2,165,8,3,632,1,5,5,8,1,50,6,17,14,10,2,6,9,6,11,122,529,6,0,49,0,161
0,68,13,0,2,763,859,580,20,0,31,52,17,4,0,827,6,8,409,9,2,66,24,312,45,0,19,26,0,27,11,16,1025,16,75,4,23,0,39,23,1,14,0,60,31,17,702,4
2097,0,0,0,0,612,0,1,0,2870,0,0,0,0,1625,0,0,0,0,2,89,0,0,4,0,42,0,0,0,1,0,1,0,0,0,0,0,109,0,0,15,0,1,0,0,0,0,1
3,0,0,0,0,22,0,0,0,31,2,0,0,0,406,0,0,0,0,1,8,0,0,2,0,18,0,0,0,0,0,0,0,0,0,0,0,1742,0,0,1,1,0,0,0,0,0,0
37,0,1,4,0,12,1,166,0,88,103,0,0,6,45,0,1,0,2,11,73,3,10,56,0,1315,0,4,12,175,1,61,0,17,21,18,1,109,0,2,756,115,8,249,0,22,2,32
43,0,0,1,18,7,0,35,0,22,2,0,0,18,2,0,5,0,0,24,373,0,0,0,0,41,0,0,6,6,1,4,0,0,8,2,0,2,0,0,16,3,101,0,0,0,0,1
0,2,14,0,0,0,1,2,37,0,3,11,2,2,0,5,0,0,67,1,0,32,13,1,8,0,1,40,0,26,13,25,3,31,23,0,21,3,33,4,0,3,0,55,27,12,10,1
0,34,13,0,1,7,37,1,51,0,105,24,62,27,0,15,0,58,93,1,0,91,61,91,3,0,37,343,0,799,121,32,13,26,3,0,23,1,4,4,1,4,0,188,27,2,35,15
4,0,1,1,148,84,3,11,4,3,2,10,10,20,4,1,56,70,3,6,528,0,1,61,0,18,36,1,4,8,22,38,173,2,1,1,2,0,5,1,11,513,44,5,4,4,7,12
0,7,0,0,3,21,8,7,59,0,1,999,2,1,0,5,1,0,146,0,1,1,1,86,1,1,17,6,0,3,186,23,196,13,23,6,14,0,349,0,21,5,0,6,495,199,1,9
0,11,12,0,0,0,20,0,1,0,102,0,693,4,0,13,1,127,2,0,0,17,12,6,1,3,4,125,0,108,2,3,0,0,0,33,18,0,0,3,244,1,0,4,0,0,44,2
969,0,0,0,1,1020,0,0,0,882,0,0,0,0,423,94,4,4,0,5,62,0,0,2,0,76,0,0,2,2,0,3,0,0,0,0,109,90,0,0,3,12,1,2,0,1,0,0
1,0,0,0,0,11,0,0,1,1,4,0,0,0,29,4,0,2,0,0,0,0,0,0,0,3,1,0,0,0,0,0,0,0,0,0,1,90,0,0,0,1,1,0,0,0,0,0
