0.62735,0.29853,0.34536,0.96925,0.39817,0.36915,0.34127,0.19871,0.17589,0.71068,0.37846,0.37103,0.44013,0.67014,0.54218,0.31422,0.68338,0.43367,0.1955,0.84216,0.5271,0.23117,0.20167,0.29749,0.46182,0.3004,0.44161,0.28718,0.82437,0.27294,0.49132,0.19737,0.35647,0.18241,0.27555,0.84343,0.23479,0.56516,0.21421,0.20806,0.26454,0.36017,0.64717,0.25896,0.37449,0.342,0.60123,0.44444
0.43719
0,20,30,0,0,0,35,43,92,0,0,393,0,0,0,122,0,0,21,0,0,804,2,1,44,0,0,0,0,0,3,0,29,205,387,0,1,0,295,239,0,0,0,11,244,0,43,0
0,126,833,0,0,0,2,0,0,0,13,56,0,0,0,7,0,1,80,0,0,90,191,0,1500,0,1,129,0,6,0,1,0,1,198,1,17,0,53,594,0,0,0,91,1,0,5,0
2,8,94,5,19,0,16,19,47,2,1,114,5,22,0,20,19,4,147,17,9,421,11,16,117,5,8,38,3,2,11,65,5,126,264,8,18,21,291,265,1,22,3,156,68,14,11,15
0,0,3,0,0,3,18,36,330,0,0,187,0,0,0,15,0,0,19,0,1,247,0,3,0,0,0,1,0,0,56,0,110,399,126,0,0,0,306,46,0,0,0,2,1013,6,11,0
0,3,23,0,0,0,2,0,8,0,0,89,0,0,0,1,0,0,4,0,0,174,4,1,32,0,0,3,0,0,6,0,0,35,46,0,0,0,10,283,0,0,0,0,3,0,2,0
0,9,31,0,7,3,18,99,254,0,1,96,2,8,1,30,5,10,234,4,9,205,23,23,28,0,39,86,1,6,165,286,49,308,75,4,71,140,203,139,1,136,1,369,92,65,32,18
0,27,30,0,0,0,8,3,1,0,0,285,1,0,0,12,0,6,115,0,0,81,8,1,133,0,0,3,0,0,0,0,2,8,782,0,29,0,766,57,0,0,0,8,18,4,2,0
0,0,0,0,2,1,2,29,4,0,2,1,1,3,1,1,0,0,1,0,1,1,18,0,0,43,0,2,2,1,3,75,8,3,7,2,4,4,12,0,0,7,42,2,1,8,1,0
112,0,3,35,1394,26,2,63,18,1,6,15,124,725,6,5,2849,81,1,309,50,0,4,276,0,30,69,0,52,4,132,29,58,0,1,13,196,13,0,1,856,105,499,0,1,10,6,44
2,0,0,0,0,8,0,1,0,18,29,0,0,0,141,0,0,0,0,0,1,0,0,0,0,198,0,0,0,0,0,0,0,0,0,0,0,406,0,0,5,0,0,13,0,0,0,0
6,1,2,1,0,1,0,122,4,15,76,1,4,4,10,0,0,0,3,6,28,7,8,8,2,253,1,5,12,101,0,170,1,2,30,41,2,14,0,6,52,26,1,81,0,30,3,6
12,1,3,10,68,3,1,325,4,5,8,3,5,8,2,2,80,42,9,23,212,1,44,44,2,56,43,6,20,58,6,211,13,1,120,3,24,2,2,10,37,282,95,13,1,16,1,22
1,3,2,0,18,3,2,23,151,0,11,0,35,11,2,4,127,490,18,13,8,2,7,29,1,43,40,13,1,20,12,8,17,0,0,2,6,0,0,6,11,72,2,16,0,499,25,34
0,114,455,0,0,1,21,1,10,0,18,29,5,1,0,93,0,3,343,0,0,243,216,2,654,0,4,360,0,69,4,11,3,18,121,0,47,0,103,318,1,1,0,295,7,5,274,0
0,1,0,0,0,0,1,1,221,0,0,22,1,0,0,0,0,1,3,0,0,13,0,15,0,0,0,2,2,0,410,1,22,150,9,0,1,0,14,5,0,0,0,0,51,0,0,3
0,1,3,0,13,0,1,12,6,0,2,2,3,1,0,18,7,2,11,3,2,2,5,3,2,1,303,11,4,6,3,56,8,5,1,0,3,0,1,5,2,5,2,17,1,0,0,184
3,0,1,11,17,0,0,1,3,1,2,4,2,8,2,1,2,0,1,41,42,0,0,517,0,7,9,0,24,0,1,74,19,0,0,7,0,0,1,1,43,1,73,2,0,6,1,335
0,16,25,0,1,13,393,89,8,0,4,13,1,15,1,937,3,1,243,1,2,31,34,27,50,0,10,121,0,60,10,23,598,9,19,6,25,0,17,29,182,36,0,114,9,4,2245,3
0,475,46,0,0,0,40,1,0,0,234,5,46,6,0,2,0,55,161,0,0,9,197,0,281,0,2,146,0,73,1,0,0,0,61,0,337,0,52,7,0,0,0,44,0,0,1,0
6,0,0,2,5,2,0,6,0,2,0,0,0,5,1,0,1,0,0,10,2062,0,1,2,0,15,0,0,8,0,0,3,0,0,1,1,0,6,0,0,3,5,46,4,0,1,0,3
2,0,32,0,0,0,5,7,5,7,12,0,3,0,1,0,1,0,4,1,1,1,9,15,0,52,2,1,0,8,2,185,4,10,2,1,2,2,1,1,6,105,0,9,0,691,1,1
0,0,0,5233,138,0,0,0,0,0,0,4,2,14,0,1,2,1,0,186,13,0,0,16,0,4,5,0,2070,1,0,14,7,0,0,2408,0,0,0,0,6,4,21,1,0,3,1,25
2,7,140,6,0,0,1,4,6,2,327,2,69,1,13,3,1,38,10,1,25,13,39,43,15,322,13,16,25,17,2,37,17,15,8,37,8,5,1,383,15,86,0,15,7,69,16,178
1,381,246,0,0,0,68,8,16,0,229,3,87,64,0,33,0,133,434,0,0,106,424,5,163,0,6,786,0,644,22,116,3,6,42,0,264,1,78,60,3,10,0,471,5,17,101,6
2,273,282,1,1,6,190,159,27,0,384,8,170,405,7,71,8,321,695,8,6,77,555,67,131,1,148,1006,2,410,37,610,19,13,77,4,591,24,127,80,4,120,1,860,7,75,96,79
0,689,36,0,0,1,737,0,1,0,1272,0,1191,53,0,3,0,1350,94,0,0,7,441,9,9,0,9,139,0,226,3,2,1,0,6,3,625,0,3,0,6,0,0,16,0,3,6,9
3,0,0,0,0,13,0,0,0,11,319,0,1,0,75,3,0,0,0,0,1,0,0,1,0,461,2,0,0,5,0,4,0,0,0,0,0,253,0,0,11,1,0,15,0,0,2,0
16,0,3,3,1,0,1,9,4,47,6,0,1,1,103,0,0,0,1,17,41,1,92,4,2,509,1,0,19,5,1,194,9,475,1,9,1,18,0,2,20,1114,0,26,0,1236,2,23
23,0,2,87,1346,10,1,147,8,20,4,4,16,3025,7,2,822,36,0,3911,127,0,1,21,0,77,42,0,145,2,254,37,8,0,0,24,35,25,0,5,896,24,2689,4,0,22,0,221
0,12,8,0,13,3,6,3,448,0,9,179,105,0,0,8,3,109,117,1,7,72,7,830,4,1,37,23,4,3,1670,53,123,340,144,193,116,0,598,20,2,31,0,14,127,188,4,31
0,8,0,0,129,12,1,58,51,0,7,7,8,0,0,69,11,9,12,3,8,1,25,55,0,1,1793,8,37,5,16,705,286,15,1,2,9,1,4,5,4,56,2,11,4,15,2,355
3,7,6,1,121,19,0,586,254,0,12,6,20,15,0,405,169,141,30,25,47,18,93,88,4,5,2560,14,33,15,62,338,63,17,1,6,6,3,8,10,46,91,10,32,7,295,13,1632
0,0,1,0,13,3,2,221,11,0,12,5,6,31,0,137,3,11,2,1,2,0,9,17,1,2,534,2,16,4,10,1,10,1,0,1,12,0,0,0,43,0,0,2,0,2,3,203
0,1,16,0,0,0,10,2,317,0,0,73,0,0,0,6,0,0,22,0,0,634,1,4,14,0,0,21,0,1,158,1,13,300,50,0,3,2,29,229,0,1,0,53,169,3,3,0
0,1,0,0,0,0,0,1,2,0,0,7,0,0,0,5,0,0,47,0,0,14,0,1,0,0,0,1,0,0,7,0,3,6,89,0,3,0,178,4,0,0,0,1,311,1,2,0
1,1,2,0,0,1,1,105,5,2,2,1,2,0,13,6,0,0,5,4,40,2,176,11,3,646,1,5,4,8,1,47,8,13,15,12,2,4,11,5,11,93,512,8,0,55,0,168
0,63,13,0,2,747,860,529,26,0,30,45,13,4,0,828,7,7,437,9,2,64,24,328,44,0,16,29,0,30,12,18,1053,19,77,5,14,0,41,23,3,17,1,52,24,14,718,2
2101,0,0,0,0,642,0,1,0,2869,0,0,0,0,1581,0,0,0,0,2,91,0,0,4,0,50,0,0,0,1,0,1,0,0,0,0,0,108,0,0,16,0,2,0,0,0,0,1
3,0,0,0,0,20,0,0,0,33,2,0,0,0,421,0,0,0,0,0,7,0,0,1,0,23,0,0,0,0,0,0,0,0,0,0,0,1726,0,0,1,0,0,0,0,0,0,0
39,0,2,2,0,8,1,176,0,89,99,0,0,6,53,0,1,0,0,14,74,3,7,53,0,1277,0,7,11,176,0,64,0,17,20,18,2,106,0,3,773,123,6,251,0,24,2,32
42,0,0,1,20,7,0,34,0,25,2,0,0,17,2,0,3,0,0,23,372,0,0,0,0,46,0,0,6,6,1,2,0,0,7,2,0,1,0,0,18,4,99,0,0,0,0,1
0,2,15,0,0,0,1,2,41,0,3,11,2,2,0,4,0,2,61,1,0,31,11,1,7,0,2,42,0,25,11,26,4,33,22,0,19,3,41,6,0,3,0,52,24,11,11,0
0,39,12,0,1,6,41,2,66,0,103,25,66,33,0,12,1,58,91,1,0,88,53,93,3,0,35,348,0,800,106,38,11,33,3,0,24,0,5,5,1,4,0,173,19,1,37,16
3,0,2,1,168,92,1,13,5,4,2,7,7,19,4,0,39,74,3,6,558,0,1,61,0,17,40,1,8,9,24,36,159,3,2,1,1,0,4,1,8,486,46,4,4,3,7,9
0,7,0,0,3,21,8,8,89,0,0,1004,4,2,0,4,1,0,73,0,1,1,0,84,1,0,19,6,0,3,173,23,211,18,23,6,11,0,321,0,72,5,0,6,487,217,1,10
0,12,10,0,0,0,23,0,3,0,113,0,697,4,0,11,1,120,3,0,0,14,11,8,1,3,2,122,0,119,4,3,0,0,0,34,19,0,0,2,225,1,0,5,0,0,43,3
963,0,0,0,1,986,0,0,0,883,0,0,0,0,439,97,3,5,0,3,62,0,0,2,0,99,0,0,2,2,0,4,0,0,0,1,113,79,0,0,3,15,2,2,0,1,0,0
1,0,0,0,0,10,0,0,1,1,5,0,1,1,30,4,0,2,0,0,0,0,0,0,0,4,1,0,0,0,0,0,0,0,0,0,1,87,0,0,0,1,0,0,0,0,0,0
