0.63054,0.30369,0.33979,0.96859,0.39662,0.36424,0.35553,0.20041,0.17051,0.70864,0.38061,0.37026,0.43235,0.66102,0.54587,0.31036,0.68097,0.43236,0.19896,0.83672,0.52705,0.23005,0.19292,0.29635,0.4587,0.29631,0.44158,0.27828,0.8217,0.27749,0.48235,0.19596,0.34306,0.18028,0.27295,0.8429,0.233,0.57124,0.20999,0.21095,0.26336,0.36311,0.64317,0.26044,0.38654,0.34371,0.60839,0.45287
0.43586
0,18,33,0,0,0,33,46,96,0,0,387,0,0,0,125,0,0,20,0,0,807,1,1,43,0,0,0,0,0,3,0,25,206,389,0,1,0,285,246,0,0,0,11,247,0,41,0
0,123,825,0,0,0,1,1,0,0,12,53,0,0,0,10,0,2,64,0,0,93,197,0,1494,0,1,136,0,6,0,1,0,1,199,1,17,0,55,609,0,0,0,91,1,0,4,0
3,8,94,7,20,0,19,18,45,1,2,113,5,21,0,20,4,4,128,20,9,408,13,19,117,7,8,40,3,2,10,68,6,132,263,7,20,19,315,272,0,25,4,156,65,12,10,13
0,0,3,0,0,3,20,31,343,0,0,183,0,0,0,13,0,0,21,0,1,254,0,3,0,0,0,0,0,0,59,0,104,396,135,0,0,1,266,47,0,0,0,3,1034,6,12,0
0,3,24,0,0,0,2,0,8,0,0,91,0,0,0,1,0,0,1,0,0,178,3,1,32,0,0,4,0,0,7,0,0,36,46,0,0,0,10,278,0,0,0,0,2,0,2,0
0,7,27,0,9,2,19,91,246,0,1,98,3,10,1,32,1,10,217,5,3,209,24,24,26,0,41,95,1,5,168,291,49,317,77,4,79,136,228,142,1,135,1,358,82,62,31,18
0,29,26,0,0,0,9,3,1,0,0,288,1,0,0,13,0,6,110,0,0,80,11,1,130,0,0,2,0,0,0,0,2,8,782,0,27,0,765,69,0,0,0,4,19,3,1,0
0,0,0,0,2,1,1,27,5,0,3,1,2,1,1,0,0,0,1,0,1,1,16,1,0,46,0,1,2,3,3,71,11,4,9,2,4,2,11,0,0,8,41,2,1,9,1,0
114,0,2,35,1408,27,1,54,26,2,6,13,132,726,6,6,2809,85,1,315,51,0,3,278,0,29,73,0,54,4,141,35,55,0,0,15,201,12,0,1,839,113,496,1,1,7,8,39
2,0,0,0,0,11,0,1,0,17,29,0,0,0,142,0,0,0,0,0,1,0,0,0,0,200,0,0,0,1,0,0,0,0,0,0,0,401,0,0,5,0,0,12,0,0,0,0
6,1,4,1,1,1,0,125,4,14,84,0,3,3,10,0,0,0,1,6,28,7,8,9,1,243,2,4,8,99,0,172,2,3,29,41,2,12,0,5,62,24,1,80,0,28,4,8
13,1,4,12,68,3,1,323,5,8,9,2,4,5,2,1,78,44,8,24,209,1,38,44,4,54,36,6,17,59,5,205,15,1,123,2,34,2,4,7,38,284,99,15,2,19,1,20
1,4,4,0,15,3,2,20,154,0,11,0,35,11,1,4,126,477,24,14,8,2,8,27,1,47,45,10,0,17,12,8,16,1,0,2,5,1,0,5,11,81,2,18,1,496,24,34
0,111,442,0,0,1,22,1,11,0,17,28,8,2,0,85,0,4,321,0,0,242,223,1,658,0,3,398,0,64,5,12,3,16,125,0,43,1,103,323,1,1,0,287,6,4,278,0
0,1,0,0,0,0,1,1,207,0,0,24,1,0,0,0,0,1,1,0,0,13,0,17,0,0,0,1,2,0,425,1,22,156,8,0,1,0,13,6,0,0,0,0,43,1,0,3
0,1,3,0,17,0,1,14,7,0,2,2,3,1,0,14,4,2,13,3,1,2,6,5,2,1,303,11,4,6,3,57,8,3,0,0,4,0,1,5,1,4,1,16,1,0,0,185
2,0,1,10,16,0,0,1,0,1,1,4,2,6,0,1,4,0,1,37,44,0,0,513,0,8,11,0,26,1,1,83,25,0,0,6,0,0,0,1,43,3,73,2,0,6,0,330
0,18,27,0,1,13,391,84,11,0,4,12,1,16,1,905,1,1,260,1,1,27,32,33,50,0,11,120,0,57,11,23,584,7,18,9,30,0,20,25,176,37,0,120,8,4,2276,2
0,473,46,0,0,0,40,1,0,0,227,5,43,9,0,4,0,59,181,0,0,9,195,0,299,0,2,150,0,68,0,0,0,0,57,0,306,0,58,7,0,0,0,42,0,0,1,0
5,0,0,2,7,3,0,6,0,5,0,0,0,5,1,0,1,0,0,9,2065,0,1,2,0,15,1,0,5,0,0,3,0,0,1,3,0,7,0,0,3,5,42,2,0,0,0,2
2,0,36,0,0,0,5,6,9,6,13,0,3,0,1,0,1,0,4,1,2,0,7,13,0,58,2,0,0,11,2,177,6,11,2,1,1,2,1,1,6,97,0,8,0,696,1,0
0,0,0,5273,138,0,0,1,0,0,0,4,2,13,0,0,2,1,0,194,13,0,0,15,0,3,6,1,2037,1,2,14,10,0,0,2393,0,0,0,0,5,3,20,1,0,4,1,23
3,8,138,4,0,0,2,4,8,2,331,2,68,1,11,3,1,38,11,1,27,10,43,49,16,322,11,16,27,16,3,40,20,13,7,33,7,5,1,380,13,85,1,16,5,69,14,175
0,379,251,0,0,0,63,6,16,0,223,3,84,65,0,27,0,133,429,0,0,106,435,3,162,0,5,793,0,645,19,114,5,7,41,0,261,2,94,60,4,10,0,477,4,15,96,5
2,272,300,2,1,9,193,158,27,0,389,7,165,418,7,72,4,329,688,11,4,78,523,52,136,1,145,994,2,408,33,612,20,11,79,4,611,20,141,82,5,116,2,861,7,69,87,88
0,707,38,0,0,1,732,0,0,0,1288,0,1160,56,0,4,0,1336,105,0,0,6,438,4,8,0,10,145,0,229,2,2,1,0,7,3,627,0,3,0,6,0,0,15,0,2,7,8
3,0,0,0,0,13,0,0,0,11,324,0,1,0,72,2,0,0,0,0,1,0,0,2,0,468,1,0,0,6,0,4,0,0,0,0,2,244,0,0,9,1,0,15,0,0,2,0
16,0,4,3,2,0,0,12,6,43,5,0,0,1,106,0,0,0,0,15,43,1,92,4,1,499,2,0,16,7,0,199,9,470,1,9,1,18,0,5,18,1126,1,25,0,1237,2,19
20,0,1,91,1378,11,1,164,10,23,4,4,16,2927,12,3,861,37,0,3874,123,0,1,22,0,71,40,0,145,0,300,41,7,0,0,20,37,29,0,4,892,30,2682,5,0,25,0,219
0,13,11,0,16,1,5,5,436,0,8,179,102,0,0,8,1,110,103,1,6,78,9,820,5,1,37,26,4,2,1694,59,125,340,147,201,100,1,603,20,2,29,0,13,113,194,5,33
0,6,0,0,132,12,2,66,50,0,7,5,9,0,0,65,12,10,11,3,8,1,19,59,1,1,1803,7,36,2,16,709,282,13,0,3,7,1,4,3,7,56,3,9,5,16,2,348
1,8,6,1,116,17,0,591,264,0,12,10,22,13,1,390,162,126,30,23,44,16,76,84,3,5,2555,17,35,14,64,345,59,14,0,7,8,3,10,8,47,85,22,32,9,306,9,1667
0,0,1,0,11,3,2,224,10,0,12,4,6,34,0,154,3,7,3,1,2,0,9,20,0,1,517,1,18,3,11,1,10,1,1,2,14,0,0,0,36,0,1,2,0,5,3,201
0,2,17,0,0,0,11,1,303,0,0,74,0,0,0,6,0,0,19,0,0,651,1,4,13,0,1,26,0,1,167,2,14,293,54,0,2,2,36,226,0,1,0,46,156,3,4,0
0,1,0,0,0,0,0,1,2,0,0,7,0,0,0,5,0,1,39,0,0,14,0,1,0,0,0,1,0,0,9,0,3,6,88,0,3,0,186,4,0,0,0,0,311,0,2,0
1,1,2,0,1,0,0,104,7,3,1,2,2,1,10,1,0,0,4,3,44,2,174,10,3,641,1,5,7,9,1,56,9,17,12,9,2,5,6,6,11,97,515,8,0,52,0,167
0,68,12,0,2,739,913,515,28,0,30,44,13,4,0,810,7,7,448,7,4,66,21,345,41,0,17,31,0,26,10,18,1011,23,78,6,11,0,43,22,3,15,4,53,22,15,715,3
2106,0,0,0,0,686,0,1,0,2853,0,0,0,0,1553,0,0,0,0,1,92,0,0,4,0,49,0,0,0,1,0,1,0,0,0,0,0,107,0,0,15,0,1,0,0,0,0,0
4,0,0,0,0,22,0,0,0,35,2,0,0,0,411,0,0,0,0,1,7,0,0,2,0,23,0,0,0,0,0,0,0,0,0,0,0,1728,0,0,1,1,0,0,0,0,0,0
40,0,2,2,0,9,0,187,0,89,102,0,0,5,48,0,0,0,2,18,74,0,8,55,0,1254,0,5,11,175,0,65,0,20,23,17,3,104,0,5,778,123,6,255,0,21,2,31
44,0,0,1,19,8,0,33,0,24,2,0,0,17,2,0,5,0,0,27,378,0,0,0,0,37,0,0,6,6,1,3,0,0,8,2,0,1,0,0,17,3,95,0,0,1,0,1
0,2,15,0,0,0,1,2,40,0,3,11,2,3,0,5,0,1,53,1,0,30,10,1,7,0,1,43,0,22,11,27,3,34,25,0,21,3,48,5,0,3,0,54,25,11,9,0
0,45,14,0,0,10,42,1,69,0,101,25,62,33,0,13,0,59,88,1,0,97,55,78,3,0,35,347,0,805,101,39,11,29,4,0,25,0,7,5,3,3,0,175,16,1,34,17
2,1,1,0,166,89,3,12,3,4,2,9,10,18,3,1,35,74,3,6,561,0,1,52,0,20,36,2,11,10,22,33,173,4,2,1,3,0,5,1,8,477,55,3,3,2,7,9
0,4,0,0,3,22,8,7,97,0,0,996,4,0,0,4,0,0,42,1,1,3,0,83,0,0,21,6,0,4,187,20,242,14,25,4,11,0,321,0,89,4,0,6,486,197,1,10
0,13,14,0,0,0,22,0,3,0,114,0,709,2,0,7,1,119,3,0,0,16,10,4,1,3,2,128,0,104,4,4,0,0,0,31,18,0,0,2,229,1,0,5,0,0,44,3
949,0,0,0,1,990,0,0,0,884,0,0,0,0,414,98,1,4,0,6,62,0,0,2,0,115,0,0,2,2,0,3,0,0,0,1,140,71,0,0,3,14,2,2,0,1,0,0
1,0,0,0,0,8,0,0,0,1,3,0,0,1,29,4,1,3,0,0,0,0,0,0,0,10,1,0,0,0,0,0,0,0,0,0,2,85,0,0,0,1,0,0,0,0,0,0
