0.61744,0.3103,0.33993,0.96804,0.46509,0.32377,0.36669,0.22012,0.15149,0.72353,0.35539,0.37319,0.37518,0.64319,0.53804,0.27416,0.59235,0.41833,0.22153,0.83185,0.51888,0.21189,0.19056,0.2804,0.43673,0.28655,0.43853,0.25722,0.81464,0.2958,0.46936,0.19718,0.36402,0.1989,0.26924,0.81239,0.28014,0.58556,0.22613,0.21183,0.24985,0.35685,0.62546,0.25654,0.38652,0.3287,0.60443,0.44566
0.4287
0,33,36,0,0,0,42,40,163,0,0,374,0,0,0,115,0,0,17,0,0,729,2,2,36,0,0,1,0,0,3,0,19,221,436,0,0,0,244,216,0,0,0,21,281,1,32,0
0,132,825,0,0,0,1,1,0,0,24,53,0,0,0,8,0,2,34,0,0,86,158,0,1553,0,1,143,0,8,0,0,0,1,219,0,16,0,69,605,0,0,0,50,3,0,4,1
4,13,91,5,22,0,19,19,29,2,2,115,5,3,1,19,2,4,104,17,8,379,13,15,122,8,9,61,4,3,11,56,4,151,267,9,40,18,360,278,0,24,4,134,60,15,10,16
0,0,2,0,0,3,23,20,381,0,0,209,0,0,0,9,0,0,17,0,1,257,1,5,0,0,0,3,0,0,69,0,107,400,168,0,0,0,174,41,0,0,0,4,1032,6,6,0
0,12,30,0,0,0,2,0,5,0,0,86,0,0,0,1,0,0,0,0,0,189,5,1,35,0,0,2,0,0,6,0,0,44,43,0,0,0,15,248,0,0,0,1,2,0,2,0
0,8,33,0,15,2,19,108,196,0,5,96,1,7,1,25,0,7,193,4,6,227,20,26,32,0,41,119,2,6,198,237,45,294,71,6,72,110,279,164,1,157,1,349,84,67,29,23
0,24,22,0,0,0,10,5,1,0,0,256,0,0,0,10,0,7,75,0,0,46,12,2,124,0,0,2,0,0,0,0,2,9,822,0,23,0,822,85,0,0,0,6,19,3,3,0
0,0,0,0,1,1,1,26,4,1,4,1,1,7,1,0,0,1,1,0,1,1,15,0,0,40,0,1,2,2,3,78,10,5,9,2,0,1,11,0,0,7,44,1,1,10,1,0
171,0,0,37,1243,23,1,45,110,2,5,18,353,677,6,8,2678,87,1,355,66,0,4,333,0,22,63,0,45,5,130,38,46,0,0,12,183,10,0,1,851,84,442,0,10,12,8,39
2,0,0,0,0,12,0,1,0,15,36,0,0,0,137,0,0,0,0,0,1,0,0,0,0,175,0,0,0,2,0,0,0,0,0,0,0,419,0,0,8,1,0,13,0,0,0,0
4,0,5,1,1,0,0,123,6,11,69,1,4,2,11,0,0,3,3,5,27,7,5,10,2,223,1,5,14,97,1,183,0,3,26,39,1,9,0,7,81,37,1,84,0,24,3,7
11,1,3,10,70,3,0,320,7,6,7,3,24,5,2,3,77,47,11,21,201,0,38,21,6,41,41,5,15,69,5,254,5,2,113,2,12,0,1,8,42,260,93,16,0,57,1,20
2,6,2,0,8,1,4,21,91,0,10,0,66,14,4,4,107,501,26,4,5,5,12,12,1,42,41,7,0,15,13,9,20,1,0,2,3,0,1,6,6,56,3,66,0,515,38,38
0,113,432,0,0,1,18,0,3,0,41,26,5,3,0,94,0,6,282,0,0,239,213,0,747,0,3,424,1,38,5,10,4,21,134,0,29,2,142,288,1,1,0,240,6,6,272,0
0,1,0,0,0,0,1,1,164,0,0,27,0,0,0,0,0,1,0,0,0,15,0,19,0,0,0,9,1,0,464,2,21,154,7,2,1,0,10,9,0,0,0,0,38,0,0,2
0,1,5,0,15,0,2,13,9,0,2,2,3,1,0,15,5,3,11,1,2,2,8,4,1,3,299,11,4,6,2,52,5,1,1,0,8,0,1,5,1,2,2,15,0,1,1,192
3,0,1,11,18,0,0,1,4,2,2,4,2,5,0,1,7,0,1,31,40,0,0,522,0,7,11,0,26,0,1,77,3,0,0,7,1,1,0,1,44,2,83,2,1,2,1,338
0,21,25,0,2,14,450,79,19,0,4,11,0,8,1,820,1,1,257,1,2,28,22,75,54,0,11,115,1,62,11,20,547,8,15,11,47,0,26,36,189,47,0,105,7,3,2266,6
0,464,52,0,0,0,35,1,0,0,173,4,31,10,0,4,0,73,165,0,0,8,194,0,374,0,2,147,0,81,0,0,0,0,70,0,264,0,66,7,0,0,0,52,0,1,3,1
5,0,0,1,6,3,0,7,0,4,0,0,0,8,2,0,0,0,0,8,2048,0,1,2,0,14,0,0,8,0,0,3,0,0,1,3,0,8,0,0,3,4,54,5,0,0,0,3
2,0,58,0,0,0,4,5,8,6,3,0,4,1,1,0,0,0,2,2,3,2,7,10,0,57,1,0,0,8,2,185,4,21,0,0,0,2,1,1,10,110,0,8,0,663,1,0
0,0,0,5421,149,0,0,1,0,0,1,6,1,14,0,0,4,0,0,179,11,0,0,20,0,2,7,0,1947,1,2,19,4,0,0,2334,0,1,0,0,5,2,21,1,1,2,1,23
2,11,134,2,1,0,2,4,7,1,334,4,67,1,15,4,0,43,9,1,26,11,38,46,15,313,12,19,51,15,1,41,13,14,8,31,7,5,2,388,8,88,2,16,6,58,14,170
1,389,240,0,0,0,66,4,14,0,372,1,92,74,0,40,0,137,429,0,0,101,427,1,187,0,4,801,1,459,22,77,2,11,47,0,212,2,127,52,4,8,0,455,5,18,153,7
2,269,311,1,2,6,189,152,29,0,388,10,165,326,9,85,4,338,716,11,4,72,517,37,164,1,124,926,4,408,36,483,18,9,83,4,818,16,187,100,8,94,0,843,6,76,71,123
0,777,29,0,0,1,732,0,2,0,1246,0,1064,62,0,2,0,1319,118,0,0,4,477,2,13,0,9,128,0,180,2,1,1,0,10,3,718,0,5,0,5,0,0,19,0,2,8,11
4,0,0,0,0,10,0,0,0,10,335,0,1,0,75,4,0,0,0,0,1,0,0,2,0,456,0,0,0,4,0,5,0,0,0,0,0,239,0,1,16,2,0,15,0,0,1,0
15,0,12,3,2,0,0,9,4,37,3,0,0,2,114,0,0,0,1,13,47,1,95,4,2,500,3,1,16,7,0,197,5,540,1,5,0,16,0,2,16,1057,3,33,1,1230,2,19
19,0,4,105,1772,14,1,83,16,16,5,5,36,2493,12,3,1449,36,0,3656,121,0,1,29,0,66,42,0,135,2,366,38,4,0,0,23,36,27,0,7,847,23,2398,5,0,19,0,216
0,16,11,0,8,3,8,5,330,0,5,205,59,2,0,1,3,103,102,2,4,104,7,784,4,1,36,71,4,4,1754,83,152,326,135,238,77,0,540,23,1,22,1,28,109,264,5,26
0,9,0,1,126,11,3,84,63,0,6,8,28,1,0,69,8,7,14,3,12,3,22,54,0,1,1808,4,21,2,15,685,271,14,1,4,1,1,3,4,6,56,2,12,2,21,2,343
3,4,6,1,152,15,1,652,248,0,12,12,64,14,1,445,127,153,33,13,64,15,95,49,3,6,2365,15,27,16,65,339,59,15,0,8,10,3,15,14,47,79,10,71,5,353,9,1624
0,1,1,0,17,3,2,267,14,0,10,5,6,35,0,325,2,14,3,4,2,0,17,8,0,1,336,1,16,3,12,1,9,1,1,3,10,0,0,0,39,1,0,2,7,4,4,147
0,7,13,0,0,0,12,1,220,0,0,78,0,0,0,4,0,0,13,0,0,745,2,7,14,0,1,47,0,2,190,1,7,296,60,0,1,2,41,204,0,1,0,31,130,2,4,0
0,2,0,0,0,0,0,0,6,0,0,11,0,0,0,4,0,0,38,0,0,14,0,1,0,0,0,1,0,0,10,0,2,6,121,0,2,0,134,3,0,0,0,0,328,0,1,0
1,1,4,0,1,1,0,107,11,2,0,2,1,7,12,1,0,0,2,2,37,2,172,10,3,643,1,4,10,7,1,47,9,20,11,9,1,3,2,6,9,91,540,6,0,50,0,163
0,77,8,0,4,721,1004,521,33,0,18,49,11,5,0,667,5,10,387,5,4,74,17,423,52,0,19,28,0,32,13,23,1028,25,79,5,15,0,60,21,1,19,1,56,19,15,691,5
2082,0,0,0,0,773,0,1,0,2774,0,0,0,0,1563,0,0,0,0,2,90,0,0,4,0,67,0,0,0,3,0,0,0,0,0,0,1,92,0,0,17,0,0,0,0,0,0,1
4,0,0,0,0,24,0,1,0,28,2,0,0,0,416,0,0,0,0,0,6,0,0,1,0,26,0,0,0,0,0,0,0,0,0,0,0,1728,0,0,1,0,0,0,0,0,0,0
34,1,2,0,0,8,1,183,1,81,108,0,0,4,52,1,0,1,5,17,66,1,6,66,0,1182,0,4,16,188,0,77,0,20,17,18,4,93,0,4,812,130,7,277,0,19,1,32
45,0,0,1,24,8,0,35,0,20,2,0,0,18,2,0,4,0,0,25,377,0,0,0,0,32,0,0,10,6,1,4,0,0,7,1,0,1,0,0,18,4,94,0,0,0,1,1
0,4,12,0,0,0,1,1,31,0,3,13,1,1,0,6,0,1,45,1,0,25,12,1,5,0,0,46,0,29,19,21,3,33,22,0,18,3,61,7,1,4,0,51,24,15,11,1
0,53,8,0,0,11,53,1,80,0,135,29,54,28,0,14,0,54,78,0,0,103,58,59,6,0,35,325,0,775,105,47,6,25,7,0,46,1,6,10,8,2,0,169,16,2,28,16
0,0,2,0,147,88,3,12,1,4,2,11,26,34,7,1,36,77,2,5,603,0,1,44,0,16,42,1,7,11,24,39,138,2,1,1,1,0,4,1,13,461,27,7,2,20,5,14
0,10,1,0,3,26,7,2,199,0,0,1033,2,2,0,4,0,0,35,0,1,3,0,83,0,0,21,4,0,5,173,28,251,22,40,7,5,0,226,0,59,6,0,6,464,183,0,12
0,44,7,0,0,0,21,0,6,0,130,0,659,2,0,6,0,109,2,1,0,18,19,1,1,4,2,119,0,55,2,5,0,0,0,84,21,0,0,3,225,1,0,8,1,0,56,4
955,0,0,0,1,858,0,0,0,811,0,0,0,0,434,165,1,6,0,5,60,0,0,1,0,160,1,0,2,4,0,9,0,0,0,0,213,54,0,0,3,19,1,2,0,2,0,0
1,0,0,0,0,6,0,0,0,1,2,0,0,0,26,4,1,2,0,1,0,0,0,0,0,16,1,0,0,0,0,0,0,0,0,0,3,84,0,0,0,0,0,1,0,1,0,0
