0.22595,0.25407,0.3903,0.34733,0.3634,0.31131,0.38632,0.39128,0.56344,0.5285,0.15082,0.25971,0.40454,0.24566,0.41033,0.5824,0.58537,0.49946,0.3316,0.25056,0.9067,0.9889,0.35498,0.76102,0.27028,0.6981,0.3518,0.48048,0.30236,0.86584,0.27238,0.2584,0.43217,0.19984,0.20242,0.71623,0.59094,0.31908,0.5175,0.43849,0.65032,0.45858,0.55339,0.53903,0.17721,0.55348,0.78501,0.67171
0.46792
1,164,30,976,399,235,81,4,0,0,414,0,0,35,0,0,0,0,0,0,0,0,0,0,7,0,68,0,39,0,0,0,8,0,502,0,0,0,0,2,0,0,0,38,1,60,0,0
74,6,1199,55,5,815,9,11,1,31,372,0,0,3,14,0,7,0,0,0,1,0,0,0,66,0,1111,0,7,0,3,18,0,0,61,0,0,0,0,0,0,0,0,2,117,8,1,0
8,75,76,225,123,173,25,183,1,2,388,2,10,269,95,2,2,1,11,12,7,0,0,5,46,4,186,0,309,0,20,3,2,42,135,32,3,4,1,2,4,2,2,29,4,13,15,2
4,784,1,443,834,35,23,0,0,0,91,0,0,73,1,0,0,0,0,0,0,0,0,0,6,0,2,39,91,0,0,0,255,0,174,0,0,0,0,16,0,0,0,49,0,17,0,0
5,43,31,140,1,160,2,0,0,1,171,1,0,32,0,0,0,0,0,0,0,0,0,0,1,0,50,0,0,0,0,0,0,0,79,0,0,0,0,0,0,0,0,1,0,11,0,0
11,199,32,56,103,72,21,839,15,4,104,4,12,708,246,0,1,8,1,0,14,0,13,0,61,4,60,30,390,0,11,31,56,12,106,1,24,0,1,13,0,16,0,63,12,27,5,0
0,0,57,541,63,318,15,3,0,16,422,0,1,1,12,0,1,0,0,0,1,0,0,0,520,0,139,0,249,0,0,4,0,0,12,0,1,0,0,0,0,0,0,2,5,7,0,0
1,0,0,0,0,1,0,9,0,0,0,0,75,6,4,0,0,0,105,20,0,0,0,0,1,0,0,1,3,0,6,4,14,23,0,0,0,11,1,0,0,1,3,4,0,0,2,0
4,0,0,0,1,0,0,0,93,0,0,201,8,1,0,1590,3,80,1,13,23,17,83,2710,1,517,0,39,7,502,1,1,0,171,0,546,60,0,4,37,4,1456,19,5,0,6,18,2
0,0,0,0,0,0,0,0,0,0,0,0,0,0,0,0,0,0,30,5,0,0,0,0,0,0,0,0,0,0,0,0,0,0,0,0,0,275,125,0,15,0,370,0,0,0,0,2
6,0,0,0,0,1,0,12,0,0,0,8,68,4,13,3,1,7,593,33,19,0,0,0,0,1,1,1,0,0,14,1,0,63,8,2,0,216,13,0,5,0,39,0,1,1,12,0
4,1,1,1,0,4,1,55,4,1,0,115,20,2,15,46,2,26,438,329,0,4,155,75,6,34,2,3,9,10,6,0,3,243,0,78,20,34,3,12,8,150,0,2,3,1,26,7
9,0,3,1,0,0,9,8,24,10,1,646,2,8,0,32,20,6,1,0,3,0,434,80,38,113,9,6,12,0,4,6,0,25,5,0,44,0,1,50,0,45,3,19,43,68,0,0
166,11,639,24,27,310,158,128,1,19,263,0,1,70,217,0,6,0,2,0,2,0,1,0,154,0,697,0,107,0,68,174,1,0,248,0,0,0,0,2,0,0,0,20,165,169,0,0
0,391,0,4,16,1,1,5,1,3,5,2,0,204,5,0,0,0,0,0,3,0,0,0,1,0,0,65,40,0,0,0,181,3,3,0,3,0,0,10,0,0,0,2,0,0,0,0
23,6,0,0,1,8,2,66,137,6,0,3,1,6,22,2,4,2,0,0,28,0,26,2,2,1,2,2,1,0,8,2,3,114,1,1,195,0,0,1,0,7,0,3,19,2,8,0
0,0,0,0,0,0,0,2,7,0,0,2,234,1,3,40,1,35,2,161,8,2,0,3,0,14,0,3,0,12,1,0,26,563,0,103,10,0,1,1,0,12,0,0,0,0,16,0
22,8,87,16,24,43,1004,194,1,3,34,1,0,24,128,0,1,1,0,1,13,0,0,2,38,3,88,6,46,0,213,79,7,2,55,0,6,0,0,169,0,1,1,1198,96,1811,2,0
25,1,180,0,2,46,6,1,0,439,6,1,0,0,78,0,140,0,0,0,0,0,0,0,488,0,85,0,30,0,42,250,0,0,13,0,1,0,0,0,0,0,0,0,446,2,0,0
0,0,0,0,0,0,0,0,0,0,0,3,4,0,0,5,0,1397,12,668,4,1,0,0,0,8,0,0,0,12,0,0,0,11,0,12,0,7,1,0,2,5,8,0,0,0,30,11
3,0,0,0,0,0,3,3,0,0,0,4,786,10,4,9,1,0,148,1,3,0,1,0,1,2,0,2,7,0,5,2,7,59,3,0,0,107,1,2,4,0,1,10,1,0,1,1
1,0,0,0,0,0,0,2,1,0,0,21,13,1,1,36,2,7,1,9,3372,4723,0,9,0,63,0,3,0,95,0,0,3,190,0,79,8,0,0,1,0,20,0,0,0,0,1519,0
193,6,24,2,4,30,5,26,4,19,6,742,229,3,7,2,27,8,151,68,36,0,27,0,18,6,2,7,6,0,14,6,5,107,9,0,5,120,13,13,0,1,10,0,10,21,65,3
485,5,261,1,12,46,61,410,3,215,54,2,0,63,717,0,143,0,1,0,1,0,0,0,335,0,207,0,150,0,463,612,0,0,145,0,8,0,0,0,0,0,1,24,487,128,2,0
406,9,223,5,19,95,78,1526,83,250,59,28,3,93,1526,11,141,8,6,0,13,0,3,5,611,19,213,1,267,0,931,823,7,28,114,2,84,2,3,14,1,6,2,82,369,69,4,3
606,0,15,0,0,1,4,7,7,1437,0,12,0,0,216,4,1584,0,0,0,1,0,1,0,1106,0,2,1,29,0,766,761,1,2,9,0,8,0,0,0,0,0,0,5,359,6,0,0
3,0,0,0,0,0,0,2,0,0,0,7,3,0,0,1,0,0,45,4,0,0,0,0,0,0,0,0,0,0,4,0,0,7,1,0,0,553,152,0,15,0,381,0,0,0,0,3
2,0,0,0,0,0,0,2,0,0,0,1,1496,5,8,5,0,1,973,29,6,0,0,0,0,2,0,0,2,0,5,7,18,87,0,1,0,1291,18,0,6,0,28,1,0,0,20,4
0,0,0,0,0,0,0,0,41,1,0,97,57,0,0,2799,0,153,2,76,66,28,22,474,0,2428,0,10,0,4563,0,0,1,501,0,2264,26,1,36,8,14,320,38,0,0,0,89,15
8,859,4,105,179,40,10,40,6,8,85,51,3,517,21,2,4,3,0,1,5,0,181,0,277,4,10,802,1139,1,3,6,598,50,29,0,45,0,0,471,0,29,0,43,12,13,2,0
17,9,2,1,1,2,3,22,502,3,1,44,1,14,18,7,8,8,1,0,32,0,1466,15,2,10,0,28,23,3,24,15,37,741,1,0,389,0,0,77,0,251,0,17,10,3,3,0
19,23,10,9,6,13,6,29,2016,23,4,268,0,15,20,69,20,52,1,0,29,0,1498,130,64,83,7,53,35,3,12,6,16,377,8,1,1943,0,1,77,0,332,0,3,31,18,6,1
12,5,1,0,0,0,0,1,599,7,0,44,0,1,2,85,15,1,0,0,10,0,100,7,5,4,0,23,0,0,5,4,2,4,1,0,352,0,0,11,0,24,0,1,3,4,1,0
0,566,38,80,56,48,12,27,0,1,169,0,0,469,9,0,0,0,0,0,0,0,2,0,5,0,43,33,48,0,0,0,19,0,484,0,0,0,0,2,0,1,0,10,6,8,0,0
0,17,1,22,233,10,8,0,0,0,23,0,0,2,1,0,0,0,0,0,0,0,0,0,33,0,6,9,231,0,0,0,3,0,71,0,0,0,0,7,0,0,0,3,2,2,0,0
1,1,0,1,0,4,0,12,0,3,0,0,547,8,8,0,0,0,606,620,0,0,0,0,0,2,0,0,1,0,3,5,18,35,0,0,0,118,1,0,1,0,1,3,1,0,12,0
1,38,65,86,82,82,1011,59,5,49,91,5,1,31,29,2,16,0,1,1,4,0,19,3,137,22,140,26,79,0,62,97,23,41,43,0,6,0,0,1048,0,9,0,1982,122,730,2,0
0,0,0,0,0,0,0,0,0,0,0,0,2,0,0,0,0,74,19,111,0,0,0,0,0,1,0,0,0,0,0,0,0,2,0,0,0,36,2100,0,2864,0,156,0,0,0,18,2087
0,0,0,0,0,0,0,0,0,0,0,0,9,0,0,0,0,27,2,9,0,0,0,0,0,2,0,0,0,0,0,0,0,2,0,0,0,22,377,0,47,0,1736,0,0,0,1,3
0,0,0,0,0,0,0,12,0,0,0,1,99,2,9,1,1,5,1594,287,8,0,0,0,0,2,1,0,0,1,4,1,0,55,1,1,0,1196,61,0,47,0,110,0,1,0,21,18
0,0,0,0,0,0,0,0,0,0,0,5,3,0,0,18,0,315,32,126,0,1,0,1,0,52,0,0,0,45,1,0,0,13,0,28,0,23,2,0,22,2,3,0,0,0,9,40
2,38,13,5,24,13,9,73,0,1,16,0,0,39,64,0,0,0,0,0,0,0,0,0,16,2,12,2,98,0,32,23,13,1,13,0,1,0,0,2,0,0,0,6,9,5,0,0
148,82,76,3,7,11,20,94,13,95,10,9,0,144,156,0,89,0,0,0,2,0,3,0,20,2,14,37,25,0,381,200,20,2,135,0,22,0,0,72,0,1,0,18,510,31,1,0
1,4,1,0,3,0,0,4,8,0,1,262,6,0,1,24,0,485,21,55,4,0,179,40,0,56,0,32,3,22,2,0,5,42,1,10,15,1,1,154,2,464,2,2,9,7,13,1
6,30,1,8,69,1,7,23,3,4,7,3,0,17,12,0,0,0,0,1,1,0,3,0,3,1,0,1169,284,0,7,4,1029,56,0,0,8,0,0,116,0,15,0,25,5,2,3,0
404,0,1,0,1,0,23,1,1,68,1,173,0,1,37,3,466,0,1,0,0,0,1,0,22,0,1,0,0,0,297,40,0,7,10,0,1,9,0,0,0,0,1,5,19,22,0,0
1,0,0,0,0,0,0,5,0,0,0,76,4,0,0,8,0,86,6,26,0,0,1,0,0,15,0,0,0,0,0,0,0,25,0,0,0,19,1108,0,1334,5,136,0,0,0,8,904
0,0,0,0,0,0,0,0,1,0,0,13,0,0,0,0,0,1,0,0,0,0,1,0,1,1,0,0,0,1,0,0,0,2,0,0,0,1,33,0,9,0,86,0,0,0,0,0
