0.21201,0.25549,0.39343,0.3512,0.36667,0.31291,0.39312,0.37465,0.56517,0.54929,0.14832,0.26001,0.4019,0.2293,0.40925,0.58701,0.58548,0.49715,0.33069,0.24678,0.90433,0.9887,0.35634,0.76106,0.34167,0.6934,0.35848,0.48739,0.2569,0.8669,0.2687,0.28057,0.41821,0.19762,0.20839,0.72212,0.59155,0.321,0.51514,0.49019,0.65238,0.4623,0.55502,0.52245,0.18222,0.56392,0.79182,0.67118
0.46952
2,165,31,983,368,231,74,5,0,0,419,0,0,31,0,0,0,0,0,0,0,0,0,0,4,0,69,0,57,0,0,0,8,0,502,0,0,0,0,2,0,0,0,54,1,58,0,0
102,6,1185,53,3,817,8,14,1,28,359,0,0,3,11,0,5,0,0,0,1,0,0,0,51,0,1126,0,23,0,3,14,0,0,57,0,0,0,0,0,0,0,0,2,115,9,1,0
11,77,79,234,124,160,22,200,0,2,395,3,12,232,89,2,1,1,8,11,9,0,0,4,28,3,187,0,318,1,22,3,3,47,142,30,4,3,1,1,5,1,2,43,5,13,14,3
2,783,0,442,836,38,21,0,0,0,88,0,0,81,1,0,0,0,0,0,0,0,0,0,2,0,2,35,98,0,0,0,241,0,180,0,0,0,0,10,0,0,0,57,0,21,0,0
6,43,30,145,1,159,1,0,0,1,176,1,0,26,0,0,0,0,0,0,0,0,0,0,0,0,49,0,1,0,0,0,0,0,78,0,0,0,0,0,0,0,0,1,0,11,0,0
16,200,31,64,118,77,20,900,14,4,111,2,15,673,230,0,0,7,2,0,15,0,10,0,42,4,60,24,356,0,13,32,53,7,99,0,22,0,1,13,0,19,0,84,15,29,4,0
0,0,65,506,42,327,16,3,0,14,414,0,1,1,12,0,1,0,0,0,1,0,0,0,317,0,147,0,486,0,0,4,0,0,13,0,1,0,0,0,0,0,0,5,6,8,0,0
1,0,0,0,0,1,0,13,0,0,0,0,74,3,4,0,0,0,101,19,1,0,0,0,1,0,0,1,0,0,5,6,18,25,1,0,0,12,1,0,0,1,2,4,0,0,1,0
3,0,0,0,1,0,0,0,93,0,0,201,6,1,0,1576,4,81,2,13,28,18,77,2736,1,536,0,36,4,485,1,1,0,173,0,546,59,0,6,44,3,1441,19,4,0,7,16,2
0,0,0,0,0,0,0,0,0,0,0,0,0,0,0,0,0,0,30,5,0,0,0,0,0,0,0,0,0,0,0,0,0,0,0,0,0,270,120,0,17,0,378,0,0,0,0,2
8,0,0,0,0,2,0,13,0,0,0,8,76,1,11,2,1,5,586,31,17,0,0,0,0,1,0,1,0,0,13,4,0,69,10,2,0,212,13,0,5,0,38,0,2,1,14,0
2,2,1,1,0,4,0,60,6,3,0,117,22,2,17,47,2,26,424,361,1,4,151,74,5,34,1,3,8,9,5,1,3,236,1,73,21,27,3,11,5,149,0,0,4,1,22,10
15,0,3,0,0,0,8,5,23,7,1,651,1,7,0,32,19,10,1,0,3,0,428,82,43,109,6,8,11,0,6,7,0,23,4,0,44,0,1,56,0,43,5,16,42,67,1,0
215,11,601,21,21,299,166,134,1,17,275,0,1,51,211,0,5,0,2,0,2,0,1,0,127,0,690,1,149,0,80,158,1,0,257,0,0,0,0,1,0,0,0,30,185,137,0,0
0,400,0,6,16,2,1,6,1,2,6,2,0,207,5,0,0,0,0,0,3,0,0,0,1,0,0,65,21,0,0,0,186,2,5,0,3,0,0,5,0,0,0,3,0,1,0,0
18,5,0,0,1,8,1,65,135,7,0,3,0,7,26,2,4,2,0,0,23,0,26,2,1,1,1,1,3,0,10,2,4,118,1,0,197,0,0,3,0,7,0,2,20,3,8,0
0,0,0,0,0,0,0,3,5,0,0,2,232,0,2,40,1,32,3,154,9,2,0,3,0,16,0,3,0,11,1,0,19,585,0,100,11,0,0,1,1,13,0,0,0,0,13,1
29,7,84,15,28,42,1006,181,2,2,27,1,0,31,125,0,2,1,0,1,13,0,0,1,45,4,81,6,41,0,217,72,7,3,46,0,4,0,0,210,0,1,0,1159,119,1813,2,0
26,1,208,0,1,51,5,1,0,407,7,1,0,0,83,0,136,0,0,0,0,0,0,0,494,0,88,0,70,0,37,213,0,0,12,0,2,0,0,0,0,0,0,0,438,1,0,0
0,0,0,0,0,0,0,0,0,0,0,4,5,0,0,4,0,1396,11,670,4,1,0,0,0,9,0,0,0,13,0,0,0,10,0,12,0,8,2,0,1,4,8,0,0,0,29,10
3,0,0,0,0,0,3,3,0,0,0,4,793,8,4,9,1,1,148,1,2,0,1,0,1,2,0,2,4,0,5,2,7,57,3,0,0,108,1,7,3,0,1,6,1,0,0,1
1,0,0,0,0,0,0,2,1,0,0,22,11,1,1,34,2,7,1,8,3365,4723,0,7,0,62,0,3,0,99,0,0,2,194,0,73,9,0,0,1,0,21,1,0,0,0,1529,0
198,6,21,2,4,28,4,24,3,22,6,740,227,6,11,2,28,10,148,74,31,0,29,0,20,6,2,6,9,0,14,4,6,104,9,0,4,120,13,14,0,1,10,0,10,20,61,3
586,6,244,2,11,45,58,393,2,208,61,1,0,62,717,0,120,0,1,0,1,0,0,0,335,0,200,0,193,0,435,606,0,1,135,0,6,0,0,0,0,0,1,31,482,96,3,0
468,10,197,2,17,100,77,1466,80,231,61,25,3,97,1531,12,138,8,5,0,12,0,4,3,600,14,215,0,324,0,880,865,9,26,94,2,82,2,2,16,1,5,2,106,375,71,4,3
437,0,14,0,0,1,2,7,4,1510,0,7,0,1,250,7,1548,0,0,0,1,0,1,0,1352,0,4,1,53,0,700,685,0,3,6,0,9,0,0,1,0,0,0,7,334,5,0,0
4,0,0,0,0,0,0,3,0,0,0,9,3,0,0,1,0,0,42,3,0,0,0,0,0,0,0,0,0,0,5,0,0,10,1,0,0,549,161,0,13,0,374,0,0,0,0,3
1,0,0,0,0,0,0,2,0,0,0,1,1477,3,9,5,0,3,995,31,7,0,0,0,0,2,0,0,1,0,5,7,19,89,1,1,0,1284,18,0,8,0,25,1,1,0,18,4
0,0,0,0,0,0,0,0,40,1,0,96,49,0,0,2847,1,160,4,70,68,28,18,486,0,2395,0,11,0,4546,0,0,1,503,0,2266,26,1,41,9,15,309,34,0,0,0,89,16
12,873,5,106,192,42,9,49,9,9,85,54,3,630,22,3,4,3,0,1,5,0,179,0,207,4,6,795,1033,1,2,7,744,42,21,0,43,0,0,385,0,27,0,26,13,14,1,0
16,10,3,2,1,2,3,24,511,3,2,48,1,16,17,9,9,8,2,0,32,0,1460,15,2,10,0,31,13,3,19,15,44,730,1,0,402,0,0,74,0,246,0,10,12,2,3,0
18,24,10,8,6,10,8,30,2038,20,4,253,0,24,19,71,23,51,2,0,37,0,1497,133,52,89,7,49,43,3,11,7,21,363,11,1,1961,0,1,56,0,317,0,2,32,20,5,0
12,4,1,0,0,0,0,1,602,8,0,44,0,1,1,87,10,1,0,0,8,0,100,7,6,4,0,25,2,0,3,3,4,3,1,0,352,0,0,11,0,25,0,0,3,4,1,0
0,572,40,79,62,47,10,27,0,1,183,0,0,468,7,0,0,0,0,0,0,0,2,0,3,0,41,29,42,0,0,0,19,0,474,0,0,0,0,2,0,0,0,13,7,8,0,0
0,17,1,20,240,11,7,0,0,0,19,0,0,5,1,0,0,0,0,0,0,0,0,0,11,0,5,9,253,0,0,0,2,0,68,0,0,0,0,6,0,0,0,5,2,2,0,0
0,1,0,2,0,5,0,14,0,4,0,0,538,2,9,0,0,1,611,632,0,0,0,0,0,1,0,0,1,0,3,7,18,31,1,0,0,111,1,0,1,0,2,3,1,0,12,0
1,37,69,91,70,78,970,61,2,42,89,9,2,24,30,2,15,0,0,1,4,0,19,2,140,19,129,29,69,0,57,99,28,36,44,0,6,0,0,1224,0,6,0,1885,126,732,3,0
0,0,0,0,0,0,0,0,0,0,0,0,2,0,0,0,0,75,19,108,0,0,0,0,0,1,0,0,0,0,0,0,0,2,0,0,0,37,2092,0,2877,0,155,0,0,0,20,2082
0,0,0,0,0,0,0,0,0,0,0,0,8,0,0,0,0,27,2,9,0,0,0,0,0,2,0,0,0,0,0,0,0,3,0,0,0,18,379,0,45,0,1740,0,0,0,1,3
0,0,0,0,0,0,0,14,0,0,0,1,102,0,8,1,0,5,1586,296,7,0,0,0,0,2,0,0,0,0,6,2,0,63,0,1,0,1186,61,0,43,0,111,0,0,0,23,21
0,0,0,0,0,0,0,0,0,0,0,6,2,0,0,19,0,315,33,127,1,1,0,1,0,53,0,0,0,46,1,0,0,14,0,23,0,22,2,0,21,2,3,0,0,0,9,40
4,42,14,6,23,13,9,68,0,0,16,0,0,37,64,0,0,0,0,0,0,0,0,0,10,2,11,2,103,0,30,25,15,1,12,0,1,0,0,2,0,0,0,5,11,6,0,0
160,80,72,2,9,10,19,85,16,97,10,6,0,165,157,0,90,0,0,0,3,0,2,0,24,1,14,29,22,0,378,189,21,1,108,0,23,0,0,77,0,1,0,19,533,29,1,0
1,3,1,0,5,0,0,6,10,0,1,259,5,2,1,25,1,481,20,60,5,0,186,39,0,53,0,35,4,26,2,1,5,39,0,8,13,1,1,146,4,460,2,1,9,10,12,0
6,32,1,7,79,1,10,25,5,2,9,4,0,25,10,0,0,0,0,1,2,0,6,0,6,1,0,1179,206,0,6,5,1084,51,1,0,9,0,0,106,0,14,0,20,5,2,3,0
379,0,1,0,1,0,21,1,2,97,1,165,0,1,45,3,473,0,0,0,0,0,1,0,25,0,0,0,0,0,300,37,0,5,10,0,1,10,0,3,0,0,0,4,16,14,0,0
1,0,0,0,0,0,0,5,0,0,0,83,4,0,0,8,0,90,7,28,0,0,1,0,0,13,0,0,0,0,0,0,0,23,0,0,0,18,1106,0,1334,4,136,0,0,0,8,898
0,0,0,0,0,0,0,0,0,0,0,13,0,0,0,0,0,1,0,0,0,0,2,0,1,1,0,0,0,1,0,0,0,2,0,0,0,1,34,0,8,0,86,0,0,0,0,0
