0.4885,0.26473,0.33252,0.35236,0.29097,0.33809,0.38938,0.38492,0.55547,0.41007,0.16542,0.28698,0.41144,0.21326,0.40126,0.57526,0.52092,0.49803,0.32808,0.2537,0.90715,0.98871,0.35854,0.75759,0.21346,0.7059,0.36943,0.48399,0.45009,0.86465,0.25573,0.33913,0.50444,0.19648,0.18178,0.72206,0.59191,0.31873,0.5189,0.44733,0.64689,0.43206,0.55641,0.53272,0.18778,0.55171,0.7849,0.67298
0.47098
0,154,18,994,368,204,78,5,0,1,464,0,0,88,0,0,0,0,0,0,0,0,0,0,76,0,52,0,1,0,0,2,6,0,443,0,0,0,0,2,0,0,0,34,1,73,0,0
29,7,1096,51,5,876,9,13,1,49,384,0,0,5,13,0,8,0,0,0,1,0,0,0,74,0,1160,0,0,0,4,12,0,0,86,0,0,0,0,0,0,0,0,2,103,8,1,0
1,81,63,257,195,154,23,219,1,12,399,3,14,270,89,2,4,1,7,11,6,0,0,4,215,3,158,0,22,1,12,8,3,55,147,27,3,3,0,2,6,3,2,36,6,11,14,2
0,781,0,452,822,29,21,0,0,0,103,0,0,124,1,0,0,0,0,0,0,0,0,0,67,0,2,27,58,0,0,0,265,0,107,0,0,0,0,17,0,0,0,45,0,17,0,0
0,44,20,143,1,145,2,0,0,0,183,0,0,27,1,0,0,0,0,0,0,0,0,0,1,0,48,0,0,0,0,0,0,0,101,0,0,0,0,0,0,0,0,1,0,12,0,0
5,213,31,69,213,64,17,925,13,17,103,3,17,624,233,0,1,6,2,0,15,0,12,0,213,5,55,28,126,0,14,24,31,9,111,1,22,0,0,14,1,26,0,74,14,30,5,0
0,1,28,449,36,306,17,3,0,177,387,0,1,1,12,0,0,0,0,0,0,0,0,0,777,0,138,0,0,0,0,28,0,0,13,0,0,0,0,0,0,0,0,2,6,8,0,0
0,0,0,0,0,1,0,9,0,0,0,0,68,2,6,0,0,0,101,21,1,0,0,0,0,0,0,1,19,0,6,3,11,23,0,0,0,10,1,0,0,1,3,6,0,0,2,0
0,0,0,0,2,0,0,0,94,1,0,180,6,1,0,1591,6,85,2,11,27,18,81,2769,0,539,0,36,12,512,0,3,1,170,0,537,59,0,4,31,3,1396,18,7,0,4,16,2
0,0,0,0,0,0,0,0,0,0,0,0,0,0,0,0,0,0,31,5,0,0,0,0,0,0,0,0,0,0,0,0,0,0,0,0,0,275,122,0,15,0,372,0,0,0,0,2
0,0,0,0,0,2,0,15,0,0,0,10,66,6,12,4,2,7,588,34,17,0,0,0,0,1,0,1,3,0,13,3,0,61,8,2,0,217,14,0,4,0,37,0,1,1,16,1
1,3,1,1,0,5,2,56,10,1,0,118,17,3,17,47,2,27,433,334,1,3,150,80,8,34,1,3,19,9,6,7,1,235,0,77,19,28,2,11,6,145,0,2,1,2,24,7
10,0,5,0,0,0,9,6,26,13,1,603,3,7,1,31,23,7,0,0,3,0,442,93,11,103,9,5,7,0,2,43,0,32,5,0,44,0,1,57,0,52,6,27,32,69,0,0
26,12,721,27,31,300,194,149,0,74,227,2,1,108,227,0,11,0,2,0,2,0,1,0,206,0,712,0,0,0,84,76,2,0,315,0,0,0,0,3,0,0,0,15,165,157,0,0
2,397,0,5,22,1,1,5,1,1,11,2,0,128,6,0,0,0,0,0,3,0,0,0,4,0,0,65,146,0,0,0,130,2,3,0,4,0,0,7,0,0,0,3,0,0,0,0
12,4,0,0,1,8,1,63,155,1,0,3,0,5,27,3,9,2,0,0,22,0,21,2,2,1,2,2,16,0,7,2,5,98,0,0,196,0,0,2,0,7,0,2,23,3,10,0
0,0,0,0,0,0,0,1,7,0,0,3,180,0,1,38,1,31,2,118,10,2,0,5,0,15,0,3,1,11,1,0,29,670,0,93,9,0,0,1,0,12,0,0,0,0,17,2
2,7,65,16,42,42,1012,208,2,14,35,1,0,39,154,0,2,1,0,1,14,0,0,2,40,1,89,6,8,0,177,74,6,2,66,0,4,0,0,178,0,3,1,1197,96,1819,2,0
250,0,277,0,3,48,6,2,1,359,7,0,0,1,104,0,121,0,0,0,0,0,0,0,176,0,94,0,0,0,44,285,0,0,14,0,1,0,0,0,0,0,0,0,487,2,0,0
0,0,0,0,0,0,0,0,0,0,0,4,5,0,0,6,0,1390,11,669,4,1,0,0,0,10,0,0,0,11,0,0,0,12,0,12,0,7,2,0,1,5,11,0,0,0,29,11
0,0,0,0,0,0,2,2,1,0,0,4,789,5,7,12,0,1,145,1,2,0,1,0,0,1,0,2,30,0,7,4,2,41,5,0,0,106,1,2,3,0,2,11,1,0,1,1
0,0,0,0,0,0,0,2,2,0,0,21,10,0,1,36,2,7,1,7,3361,4727,0,8,0,59,0,2,2,95,0,0,2,224,0,76,9,0,0,1,0,17,1,0,0,0,1507,0
49,8,32,2,3,29,7,23,2,27,8,840,233,2,11,2,45,11,142,67,38,0,31,0,11,5,2,6,3,0,24,3,5,121,16,0,4,120,14,10,1,1,8,2,10,15,64,3
292,6,384,4,43,49,96,488,0,235,29,5,0,88,832,0,275,0,1,0,0,0,0,0,205,0,197,0,7,0,482,440,0,0,172,0,8,0,0,1,0,0,1,19,553,129,1,0
268,8,345,4,47,108,79,1644,86,343,44,43,4,99,1658,13,191,6,5,0,17,0,4,6,393,10,205,1,26,1,948,722,3,23,182,1,92,3,2,11,2,9,3,69,434,76,5,2
1359,0,32,0,1,1,5,6,7,1067,0,16,0,2,245,3,1544,0,0,0,1,0,1,0,169,0,8,0,0,0,925,1150,0,2,15,0,10,0,0,1,0,0,0,2,373,5,0,0
0,0,0,0,0,0,0,1,0,0,0,8,2,0,0,1,0,0,47,3,0,0,0,0,0,0,0,0,0,0,7,0,0,5,1,0,0,548,159,0,15,0,380,0,1,0,0,3
1,0,0,0,0,0,0,3,0,0,0,2,1482,2,9,5,0,3,980,28,4,0,0,0,0,2,0,0,15,0,7,1,9,106,1,1,0,1288,17,0,8,0,23,1,0,0,17,3
1,0,1,0,0,0,0,0,43,0,0,93,44,0,0,2744,0,163,3,69,61,29,21,473,0,2477,0,10,4,4574,0,1,1,550,0,2242,20,2,35,7,14,311,31,0,0,0,90,16
7,912,4,108,315,34,4,36,7,59,88,47,2,344,19,2,3,2,0,1,6,0,173,0,521,3,5,773,1321,1,3,50,218,12,28,0,36,0,0,402,0,69,0,33,7,10,1,0
7,10,3,0,1,2,6,27,541,2,3,56,0,11,25,12,12,7,2,0,31,0,1465,16,3,7,0,28,261,1,15,12,25,472,1,0,381,0,0,72,0,257,0,16,14,2,5,0
15,22,10,9,8,10,11,38,2048,19,4,271,0,11,27,70,21,49,3,0,33,0,1508,140,43,82,8,53,116,4,9,26,10,242,10,0,1916,0,0,79,3,352,0,4,28,19,6,0
11,5,1,0,0,2,0,1,601,4,0,57,0,0,3,88,10,1,0,0,6,0,100,7,1,5,0,23,3,0,1,5,2,2,1,0,349,0,0,12,0,25,0,1,3,2,2,0
1,567,21,80,85,45,8,24,0,6,176,0,0,616,12,0,0,0,0,0,0,0,1,0,20,0,32,31,21,0,0,1,16,0,344,0,0,0,0,5,0,1,0,9,8,6,0,0
0,22,1,22,323,8,6,0,0,5,15,0,0,23,1,0,0,0,0,0,0,0,0,0,183,0,5,9,8,0,0,1,5,0,32,0,0,0,0,8,0,0,0,3,2,2,0,0
5,2,0,3,0,4,0,12,0,0,0,0,538,2,8,0,0,0,608,633,0,0,0,0,0,2,0,0,16,0,6,0,7,28,0,0,0,116,2,0,0,0,2,6,0,0,12,0
12,32,32,101,111,86,913,65,4,77,96,7,1,42,52,2,11,0,1,1,4,0,19,3,105,20,135,27,64,0,23,326,14,26,42,0,7,0,0,1015,0,13,0,1921,95,743,2,0
0,0,0,0,0,0,0,0,0,0,0,0,2,0,0,0,0,72,16,108,0,0,0,0,0,1,0,0,0,0,0,0,0,5,0,0,0,35,2100,0,2856,0,158,0,0,0,20,2097
0,0,0,0,0,0,0,0,0,0,0,0,7,0,0,0,0,26,1,9,0,0,0,0,0,2,0,0,0,0,0,0,0,5,0,0,0,15,376,0,46,0,1746,0,0,0,1,3
0,0,0,0,0,0,0,8,0,0,0,1,98,3,9,1,2,7,1560,298,8,0,0,0,0,2,1,0,0,0,3,3,0,66,1,2,0,1215,61,0,45,0,105,0,0,0,20,20
0,0,0,0,0,0,0,0,0,0,0,5,2,0,0,21,0,312,32,124,1,1,0,1,0,50,0,0,0,44,1,0,0,17,0,28,0,21,2,0,23,3,3,0,0,0,9,41
0,40,10,8,41,16,8,90,0,2,18,0,0,36,69,0,0,0,0,0,0,0,0,0,64,1,9,2,26,0,32,5,11,1,14,0,0,0,0,2,0,0,0,7,13,7,0,0
146,79,90,6,11,11,26,93,16,17,11,11,0,190,173,1,111,0,0,0,2,0,1,0,20,1,12,32,51,0,458,37,11,2,123,0,22,0,0,59,0,1,0,14,581,33,1,0
0,3,1,0,4,0,0,3,11,0,1,258,6,0,1,24,0,477,22,58,3,0,165,45,2,51,0,33,1,25,3,1,6,38,1,6,11,1,1,150,4,499,1,2,7,8,10,0
1,25,1,10,90,1,6,18,5,1,8,3,0,8,9,0,0,0,0,1,1,0,4,0,28,1,0,1134,516,0,2,12,852,23,0,0,10,0,0,107,0,15,0,26,3,0,2,0
269,0,3,0,1,0,30,1,1,18,0,165,0,3,57,3,547,0,0,0,0,0,3,0,2,0,1,0,6,0,381,21,0,6,29,0,1,10,0,0,0,0,1,7,26,24,0,0
0,0,0,0,0,0,0,6,0,0,0,70,4,0,0,8,0,88,7,25,0,0,1,1,0,14,0,0,0,0,0,0,0,23,0,0,0,20,1097,0,1351,8,136,0,0,0,8,900
0,0,0,0,0,0,0,1,1,0,0,12,0,0,0,0,0,2,0,0,0,0,1,0,0,1,0,0,0,1,0,0,0,1,0,0,0,1,34,0,8,0,87,0,0,0,0,0
