0.39728,0.26243,0.37669,0.34081,0.33707,0.31367,0.3827,0.39868,0.56623,0.45211,0.16234,0.281,0.40729,0.25783,0.4128,0.58602,0.56193,0.49786,0.32815,0.25434,0.90921,0.9885,0.35398,0.76152,0.1788,0.69634,0.3521,0.48075,0.37666,0.86494,0.27035,0.30982,0.4528,0.19453,0.19384,0.72067,0.59345,0.31743,0.51711,0.43478,0.64932,0.45587,0.55541,0.53665,0.17607,0.54782,0.78538,0.67105
0.46973
0,163,27,957,409,233,90,4,0,0,438,0,0,44,0,0,0,0,0,0,0,0,0,0,21,0,65,0,22,0,0,0,8,0,485,0,0,0,0,2,0,0,0,26,1,69,0,0
32,7,1228,51,7,819,9,14,1,31,359,0,0,3,15,0,9,0,0,0,1,0,0,0,85,0,1113,0,1,0,4,14,1,0,65,0,0,0,0,0,0,0,0,3,117,7,1,0
2,75,84,240,146,169,26,180,1,2,379,3,12,280,95,2,3,0,8,12,8,0,0,3,99,3,190,0,208,0,18,2,2,47,140,30,2,2,1,2,6,2,1,34,5,15,15,1
0,787,1,434,842,40,25,0,0,0,95,0,0,78,1,0,0,0,0,0,0,0,0,0,15,0,2,29,94,0,0,0,258,0,158,0,0,0,0,18,0,0,0,40,0,21,0,0
0,42,33,139,1,160,2,0,0,2,168,1,0,31,0,0,0,0,0,0,0,0,0,0,1,0,51,0,0,0,0,0,0,0,86,0,0,0,0,0,0,0,0,1,0,11,0,0
6,197,38,62,127,73,18,803,13,9,86,4,14,741,244,0,0,8,3,0,15,0,13,0,122,5,63,26,330,0,13,19,46,11,108,0,23,0,1,13,0,19,0,66,16,26,5,0
0,0,51,525,71,313,14,5,0,43,413,0,1,1,11,0,0,0,0,0,0,0,0,0,732,0,127,0,48,0,0,5,0,0,13,0,1,0,0,0,0,0,0,3,6,7,0,0
0,0,0,0,0,1,0,11,0,0,0,0,70,6,5,0,0,0,103,19,0,0,0,0,1,0,0,1,6,0,7,3,14,28,0,0,0,9,1,0,0,1,2,4,0,0,3,0
1,0,0,0,2,0,0,0,86,0,0,197,8,1,0,1572,4,82,2,11,25,18,86,2727,0,533,0,34,14,503,1,1,1,175,0,542,62,0,4,39,5,1441,18,6,0,5,16,2
0,0,0,0,0,0,0,0,0,0,0,0,0,0,0,0,0,0,29,5,0,0,0,0,0,0,0,0,0,0,0,0,0,0,0,0,0,279,121,0,17,0,369,0,0,0,0,2
1,0,0,0,0,0,0,11,0,0,0,10,68,5,11,3,1,5,585,35,15,0,0,0,0,1,2,1,0,1,19,1,0,63,7,2,0,220,13,0,5,0,41,0,1,1,15,3
1,2,1,1,0,3,2,51,6,2,0,117,25,3,15,45,2,28,459,305,0,5,153,73,7,35,2,3,9,10,7,1,2,249,0,78,20,25,3,9,5,154,1,3,3,3,23,8
13,0,5,1,0,0,9,7,22,8,1,641,2,6,0,29,22,11,0,0,3,0,435,83,38,109,8,6,9,0,3,7,0,29,4,0,45,0,1,50,0,43,4,29,34,71,0,0
72,10,702,25,37,306,175,135,1,39,244,0,1,91,227,0,10,0,2,0,2,0,1,0,194,0,710,0,39,0,81,128,1,0,252,0,0,0,0,2,0,0,0,23,171,169,0,0
0,386,0,5,13,1,1,4,1,4,6,2,0,169,6,0,0,0,0,0,3,0,0,0,2,0,0,66,89,0,0,0,173,2,3,0,2,0,0,9,0,0,0,2,0,0,0,0
21,5,0,0,1,6,1,63,136,3,0,4,0,7,21,2,7,2,0,0,22,0,28,2,2,1,2,2,4,0,9,1,4,114,1,0,200,0,0,1,0,7,0,4,23,2,9,0
0,0,0,0,0,0,0,2,6,0,0,3,226,0,3,38,1,34,3,158,12,2,0,2,0,16,0,3,0,12,1,0,40,564,0,100,8,1,0,1,0,12,0,0,0,0,15,0
6,7,86,18,33,43,1013,193,1,2,31,1,0,35,148,0,3,1,0,1,12,0,0,1,41,2,81,4,29,0,205,61,8,2,54,0,6,0,0,166,0,2,0,1181,99,1850,2,0
65,0,180,0,5,43,6,1,2,481,5,0,0,1,66,0,128,0,0,0,0,0,0,0,387,0,87,0,4,0,46,322,0,0,14,0,0,0,0,0,0,0,0,1,436,2,0,0
0,0,0,0,0,0,0,0,0,0,0,4,5,0,0,5,0,1393,11,674,4,1,0,0,0,10,0,0,0,12,0,0,0,9,0,13,0,8,1,0,1,4,7,0,0,0,28,11
2,1,0,0,0,0,2,1,0,0,0,3,791,5,6,10,1,1,150,1,2,0,1,0,1,2,0,2,14,0,6,0,2,52,4,0,0,108,1,3,3,0,2,12,1,0,1,1
0,0,0,0,0,0,0,2,2,0,0,18,12,1,1,35,2,7,1,9,3365,4727,0,9,0,64,0,3,0,96,0,0,3,192,0,76,9,1,0,1,0,18,0,0,0,0,1526,0
109,7,34,2,4,26,4,25,3,20,4,809,231,4,10,2,37,9,158,75,32,0,27,0,15,5,2,7,2,0,18,3,6,95,11,0,4,120,12,14,2,1,8,0,14,20,66,3
332,5,304,2,16,50,70,458,3,247,39,3,0,74,758,0,191,0,1,0,1,0,0,0,313,1,209,0,98,0,486,526,0,1,153,0,8,0,0,0,0,0,1,22,517,151,2,0
263,10,265,4,27,96,84,1570,74,337,42,42,3,103,1574,12,158,5,7,0,15,0,2,5,586,14,227,1,158,0,983,734,6,29,135,2,90,2,3,14,1,5,3,93,374,78,6,3
1021,0,12,0,0,0,4,6,5,1166,0,6,0,0,184,3,1606,0,0,0,1,0,1,0,649,0,5,1,6,0,841,1010,1,2,15,0,7,0,0,2,0,0,0,8,379,9,0,0
2,0,0,0,0,0,0,2,0,0,0,6,3,0,0,1,0,0,41,3,0,0,0,0,0,0,0,0,0,0,4,0,0,10,1,0,0,554,155,0,16,0,380,0,0,0,0,3
1,0,0,0,0,0,0,3,0,0,0,2,1498,4,8,4,0,2,975,31,6,0,0,0,0,2,0,0,11,0,8,2,11,90,1,1,0,1284,19,0,7,0,26,1,0,0,18,3
3,0,0,0,0,0,0,0,42,0,0,98,53,0,0,2800,0,159,3,70,62,28,19,470,0,2433,0,12,2,4547,0,0,0,513,0,2273,22,1,37,8,15,321,35,0,0,0,88,16
7,897,4,119,206,43,7,37,5,17,80,51,4,414,19,2,4,3,0,1,5,0,167,0,409,6,7,797,1278,1,5,9,382,44,28,0,44,0,0,453,0,35,0,53,12,11,0,0
11,10,3,0,1,2,2,24,506,2,1,43,0,13,21,7,11,6,2,0,28,0,1470,16,5,8,0,29,55,3,23,11,28,718,2,0,391,0,0,75,0,244,0,20,13,2,5,0
17,25,10,7,5,10,7,29,2022,26,4,264,2,14,24,65,18,51,2,0,33,0,1486,140,71,86,7,48,38,4,9,7,12,369,10,0,1956,0,1,79,0,324,0,2,30,18,5,0
13,5,1,0,0,0,1,1,598,7,0,47,0,0,1,83,13,1,0,0,10,0,102,8,3,6,0,23,2,0,3,5,2,3,1,0,349,0,0,11,0,25,0,1,3,4,2,0
0,572,35,88,50,51,11,21,0,0,159,0,0,483,12,0,0,0,0,0,0,0,2,0,10,0,37,32,60,0,0,0,18,0,468,0,0,0,0,3,0,1,0,10,6,7,0,0
0,17,2,21,292,10,7,0,0,1,23,0,0,8,1,0,0,0,0,0,0,0,0,0,76,0,5,9,133,0,0,0,3,0,64,0,0,0,0,6,0,0,0,2,2,2,0,0
1,1,0,1,0,4,0,13,0,1,0,0,525,6,5,0,0,0,619,624,0,0,0,0,0,1,0,0,3,0,5,3,19,35,0,0,0,119,2,0,0,0,4,5,1,0,15,0
3,36,55,86,98,81,992,59,4,75,88,9,1,38,28,2,14,0,0,1,4,0,21,3,139,21,133,27,63,0,46,153,25,36,40,0,4,0,0,1010,0,9,0,1984,116,744,2,0
0,0,0,0,0,0,0,0,0,0,0,0,2,0,0,0,0,73,15,107,0,0,0,0,0,2,0,0,0,0,0,0,0,3,0,0,0,41,2100,0,2857,0,160,0,0,0,19,2091
0,0,0,0,0,0,0,0,0,0,0,0,9,0,0,0,0,23,2,9,0,0,0,0,0,2,0,0,0,0,0,0,0,3,0,0,0,18,375,0,48,0,1744,0,0,0,1,3
0,0,0,0,0,0,0,9,0,0,0,1,99,3,7,1,1,5,1584,291,7,0,0,0,0,2,1,0,0,0,6,1,0,61,1,1,0,1200,61,0,45,0,109,0,1,0,22,20
0,0,0,0,0,0,0,0,0,0,0,5,3,0,0,23,0,312,34,125,1,1,0,1,0,50,0,0,0,43,1,0,0,12,0,29,0,21,3,0,22,2,3,0,0,0,9,41
0,40,11,8,26,14,8,73,0,1,15,0,0,36,68,0,0,0,0,0,0,0,0,0,25,1,9,3,93,0,33,18,12,1,13,0,0,0,0,2,0,0,0,7,10,5,0,0
158,82,83,3,7,13,21,94,16,31,9,8,0,149,164,0,103,0,0,0,2,0,1,0,19,2,16,36,32,0,398,177,19,3,145,0,22,0,0,67,0,1,0,19,518,35,0,0
0,4,1,0,3,0,0,4,9,0,1,261,6,0,1,23,0,486,21,56,4,0,176,38,0,54,0,35,5,24,2,0,6,47,1,7,10,1,2,151,4,467,1,2,9,8,13,0
2,25,1,9,68,1,8,17,4,4,8,4,0,16,7,0,0,0,0,1,1,0,4,0,13,1,0,1149,430,0,6,7,921,47,0,0,9,0,0,112,0,16,0,24,4,1,3,0
404,0,3,0,1,0,28,1,1,18,0,125,0,1,46,3,509,0,0,0,0,0,1,0,12,0,0,1,4,0,339,29,0,8,19,0,2,12,0,0,0,0,0,6,20,23,0,0
1,0,0,0,0,0,0,5,0,0,0,74,4,0,0,6,0,90,7,26,0,0,1,0,0,15,0,0,0,0,0,0,0,22,0,0,0,18,1111,0,1332,7,135,0,0,0,8,905
0,0,0,0,0,0,0,0,1,0,0,13,0,0,0,0,0,1,0,0,0,0,1,0,1,1,0,0,0,1,0,0,0,2,0,0,0,1,33,0,9,0,86,0,0,0,0,0
