0.25519,0.26277,0.37943,0.35647,0.34463,0.32135,0.40194,0.36396,0.56502,0.55223,0.14947,0.23164,0.40217,0.34048,0.38827,0.58981,0.57857,0.50269,0.33277,0.24333,0.90912,0.9887,0.35195,0.75756,0.40619,0.68382,0.38861,0.56256,0.19651,0.86558,0.27452,0.28303,0.39017,0.20076,0.20986,0.7226,0.5874,0.31885,0.51459,0.62278,0.65019,0.44671,0.55559,0.31302,0.18645,0.5703,0.78399,0.6745
0.47084
3,157,27,981,332,218,83,2,0,0,423,0,0,15,0,0,0,0,0,0,0,0,0,0,1,0,64,0,98,0,0,0,7,0,488,0,0,0,0,3,0,0,0,77,1,84,0,0
123,6,1125,43,4,831,8,13,1,24,341,0,0,4,10,0,5,0,0,0,1,0,0,0,36,0,1174,0,53,0,5,9,0,0,51,0,0,0,0,0,0,0,0,8,115,6,1,0
20,80,66,230,126,165,23,220,2,2,400,2,13,91,80,2,3,1,12,10,6,0,0,3,16,5,165,0,247,0,20,4,3,45,173,29,3,4,1,2,5,1,1,235,6,17,15,1
3,762,0,450,885,33,26,0,0,0,83,0,0,110,1,0,0,0,0,0,0,0,0,0,0,0,1,40,98,0,0,0,177,0,176,0,0,0,0,5,0,0,0,54,0,34,0,0
9,39,27,151,1,145,1,0,0,1,191,1,0,19,0,0,0,0,0,0,0,0,0,0,0,0,52,0,1,0,0,0,0,0,72,0,0,0,0,0,0,0,0,6,0,13,0,0
33,209,27,56,139,68,19,967,12,1,116,2,12,449,217,0,0,5,0,0,15,0,11,0,32,7,60,20,244,0,12,25,65,7,100,1,22,0,0,22,1,19,0,345,12,29,5,0
1,0,71,470,31,328,13,3,0,6,360,0,1,0,12,0,0,0,0,0,1,0,0,0,178,0,141,0,710,0,0,3,0,0,12,0,1,0,0,0,0,0,0,29,10,9,0,0
0,0,0,0,0,1,0,11,0,0,0,0,69,1,5,0,1,0,102,23,1,0,0,0,1,0,0,1,0,0,3,9,22,23,2,0,0,9,1,1,0,1,3,4,0,0,1,0
1,2,0,0,2,0,0,0,98,0,0,218,8,7,0,1591,5,82,2,13,25,18,76,2731,1,532,0,36,3,497,1,1,1,178,0,546,57,0,4,33,4,1404,20,1,1,6,17,2
0,0,0,0,0,0,0,0,0,0,0,0,0,0,0,0,0,0,29,6,0,0,0,0,0,0,0,0,0,0,0,0,0,0,0,0,0,276,126,0,15,0,368,0,0,0,0,2
3,0,0,0,0,1,0,13,0,0,0,9,72,0,11,2,1,6,582,32,18,0,0,0,0,1,2,2,0,0,14,5,0,66,14,2,0,219,15,0,4,0,35,0,1,1,14,1
4,0,2,1,0,6,0,55,4,2,0,125,20,2,18,47,2,25,416,355,2,5,151,75,4,33,1,3,9,10,2,4,4,244,0,75,21,31,4,7,5,148,1,3,5,0,20,8
19,0,3,1,0,0,9,7,25,7,1,672,1,10,0,27,20,5,1,0,3,0,408,83,43,115,7,4,14,0,8,3,1,26,2,0,41,0,1,56,0,44,3,15,34,68,1,0
250,11,579,24,17,314,165,125,2,19,293,0,1,33,221,0,7,0,2,0,2,0,1,0,96,0,672,1,184,0,91,107,1,0,246,0,0,1,0,2,0,0,0,104,163,116,0,0
0,413,0,5,35,2,0,6,1,3,9,1,0,168,5,0,0,0,0,0,2,0,0,0,1,0,0,57,9,0,0,0,204,2,4,0,2,0,0,6,0,0,0,13,0,1,0,0
11,5,0,1,1,8,1,65,131,11,0,4,1,5,24,2,10,2,0,0,21,0,25,2,3,1,1,4,2,0,11,2,4,124,1,0,198,0,0,4,0,6,0,2,15,2,7,0
0,0,0,0,0,0,0,3,4,0,0,4,245,1,3,39,1,31,3,158,11,2,0,2,0,16,0,4,0,14,0,1,18,562,0,99,10,0,1,0,0,12,0,0,0,0,19,0
89,5,80,14,25,41,1121,174,1,3,31,2,0,28,128,0,1,1,0,1,13,0,0,1,42,6,74,6,52,0,246,59,5,2,30,0,4,0,0,437,0,1,1,571,115,2016,2,0
22,0,250,0,1,48,4,1,0,354,9,1,0,0,88,0,127,0,0,0,0,0,0,0,423,0,67,0,147,0,29,176,0,0,9,0,3,0,0,0,0,0,0,2,520,1,0,0
0,0,0,0,0,0,0,0,0,0,0,5,4,0,0,4,0,1403,12,662,3,1,0,0,0,9,0,0,0,12,0,0,0,10,0,10,0,8,1,0,2,5,8,0,0,0,32,10
1,1,0,0,0,0,3,3,1,0,0,4,790,6,5,10,0,1,146,1,1,0,1,0,0,2,0,2,1,0,6,3,8,55,4,0,0,113,1,11,3,0,1,4,1,1,1,1
1,0,0,0,0,0,0,2,1,0,0,22,14,1,1,33,2,7,1,7,3371,4723,0,9,0,66,0,3,0,96,0,0,2,191,0,72,7,0,0,1,0,18,1,0,0,0,1528,0
272,6,25,3,3,24,3,26,1,26,6,665,228,13,10,2,23,9,147,70,33,0,25,0,25,6,3,5,11,0,17,8,6,113,4,0,4,125,13,8,0,1,8,0,8,13,59,3
689,6,250,2,18,47,55,378,1,213,62,3,0,52,789,0,104,0,1,0,1,0,0,0,299,0,181,0,204,0,445,550,2,1,125,0,8,0,0,1,0,0,1,102,410,41,1,0
507,7,190,4,20,102,70,1422,76,251,63,26,5,67,1510,11,141,5,6,0,14,0,4,5,547,15,190,0,350,0,876,857,10,23,91,2,90,1,3,17,1,6,2,279,323,49,4,3
183,0,20,0,1,1,2,5,4,1570,0,5,0,3,291,4,1528,0,0,0,1,0,1,0,1496,0,4,1,120,0,583,767,0,5,5,0,11,0,0,1,0,0,1,11,322,4,0,0
0,0,0,0,0,0,0,2,0,0,0,8,3,0,1,1,0,0,40,3,0,0,0,0,0,0,0,0,0,0,9,0,0,9,1,0,0,551,161,0,15,0,374,0,0,0,0,3
1,0,0,0,0,0,0,2,0,1,0,2,1484,2,7,4,0,3,985,30,5,0,0,0,0,1,1,0,0,0,5,5,17,88,2,1,0,1292,19,0,7,0,27,4,1,0,19,3
0,0,1,0,0,0,0,0,42,1,0,102,68,1,0,2870,0,164,2,72,60,27,18,489,0,2325,0,11,0,4572,0,0,1,494,0,2261,22,0,37,6,18,321,36,0,0,0,95,14
11,895,5,114,306,36,4,49,10,6,91,64,4,969,19,2,3,4,0,1,5,0,178,0,138,4,4,543,766,0,2,7,935,45,14,0,49,0,0,182,0,61,0,102,15,21,2,0
7,12,3,0,1,2,2,20,499,5,1,53,1,14,20,6,9,7,1,0,30,0,1481,16,3,10,0,28,2,3,14,22,50,743,3,0,406,0,0,43,0,251,0,28,8,2,5,0
17,21,10,8,9,11,7,28,2029,22,5,276,2,44,20,63,19,49,1,0,35,0,1475,137,40,90,6,46,51,4,10,9,26,391,9,1,1949,0,0,23,1,323,0,15,31,17,7,0
13,3,1,0,0,0,0,1,606,12,0,47,0,4,1,86,12,1,0,0,5,0,103,7,7,4,0,24,2,0,3,2,2,3,1,0,348,0,0,4,0,24,0,0,3,3,2,0
2,580,35,88,68,43,10,29,0,2,202,0,0,375,7,0,0,0,0,0,0,0,2,0,3,0,41,20,29,0,1,0,15,0,494,0,0,0,0,0,0,1,0,72,6,11,0,0
0,10,1,17,292,9,7,0,0,0,17,0,0,16,1,0,0,0,0,0,0,0,0,0,3,0,4,4,216,0,0,0,1,0,64,0,0,0,0,1,0,0,0,16,2,3,0,0
0,1,0,1,0,5,0,13,0,4,0,0,521,2,9,1,0,1,598,666,0,0,0,0,0,1,0,1,0,0,3,7,20,26,1,0,0,111,2,0,1,0,2,1,1,0,13,0
5,24,73,73,77,73,1094,55,5,34,84,12,2,16,33,1,11,0,0,1,5,0,29,4,186,24,85,28,86,0,47,88,19,27,41,0,8,0,0,1821,0,9,0,1017,140,910,3,0
0,0,0,0,0,0,0,0,0,0,0,0,2,0,0,0,0,72,13,109,0,0,0,0,0,1,0,0,0,0,0,0,0,2,0,0,0,41,2099,0,2855,0,159,0,0,0,22,2095
0,0,0,0,0,0,0,0,0,0,0,0,10,0,0,0,0,26,1,9,0,0,0,0,0,2,0,0,0,0,0,0,0,2,0,0,0,21,382,0,46,0,1734,0,0,0,1,3
0,0,0,0,0,0,0,16,0,0,0,1,97,0,10,1,1,7,1578,295,8,0,0,0,0,3,1,0,0,1,3,3,0,57,4,1,0,1193,56,0,50,0,111,0,1,0,22,19
0,0,0,0,0,0,0,0,0,0,0,6,2,0,0,23,0,319,30,129,1,1,0,1,0,46,0,0,0,48,1,0,0,13,0,22,0,22,2,0,22,2,3,0,0,0,9,39
1,43,14,5,34,13,10,71,0,0,17,0,0,22,63,0,0,0,0,0,0,0,0,0,3,1,10,0,79,0,33,23,16,1,12,0,1,0,0,4,0,0,0,41,11,4,0,0
168,69,78,3,9,9,20,83,18,110,15,8,0,210,166,0,106,0,0,0,3,0,4,0,22,1,9,21,17,0,372,200,16,2,95,0,25,0,0,38,0,1,0,38,486,30,1,0
3,4,1,0,6,1,0,5,8,0,1,293,6,4,1,24,1,467,24,56,4,0,199,40,0,54,0,36,4,24,2,3,5,39,0,7,15,1,3,105,2,467,1,0,6,10,11,0
4,35,0,7,124,1,7,26,6,3,8,4,0,80,12,0,0,0,0,1,2,0,12,0,4,1,0,1223,89,0,4,7,1064,43,0,0,12,0,0,74,0,13,0,49,4,2,2,0
224,0,1,0,1,0,22,1,2,150,1,154,0,2,90,2,498,0,0,0,0,0,2,0,30,0,1,0,0,0,312,59,0,16,4,0,1,12,1,6,0,0,0,1,12,11,0,0
0,0,0,0,0,0,0,4,0,0,0,87,4,0,0,8,0,87,7,27,0,0,1,0,0,17,0,0,0,0,0,0,0,21,0,0,0,20,1112,0,1326,4,135,0,0,0,8,899
0,0,0,0,0,0,0,1,1,0,0,13,0,0,0,0,0,1,0,0,0,0,1,0,0,1,0,0,0,1,1,0,0,2,0,0,0,1,34,0,8,0,85,0,0,0,0,0
