0.36408,0.24724,0.38512,0.3026,0.3437,0.37155,0.39336,0.37787,0.55716,0.49267,0.19619,0.30259,0.38581,0.36732,0.3934,0.61165,0.55271,0.49141,0.34551,0.25314,0.90757,0.98835,0.35682,0.75298,0.37355,0.67275,0.31413,0.4783,0.25265,0.86206,0.27015,0.36215,0.34282,0.25169,0.23142,0.71299,0.60992,0.32448,0.52485,0.58715,0.64116,0.45892,0.56753,0.20279,0.19141,0.50268,0.77988,0.67114
0.47148
11,236,31,837,399,187,77,3,0,0,546,0,0,1,1,0,0,0,0,0,0,0,0,0,0,0,38,7,5,0,0,0,55,0,396,0,0,0,0,0,0,0,0,107,1,126,0,0
17,5,1180,130,4,995,3,12,1,32,311,2,0,0,23,0,15,0,0,0,1,0,0,0,56,0,1025,1,42,0,6,2,9,0,49,0,0,0,0,0,0,0,0,9,58,8,1,0
10,95,84,236,133,140,24,188,1,0,379,3,18,2,97,2,3,1,12,12,7,0,0,4,24,4,124,4,28,1,16,6,244,37,144,33,1,4,1,5,5,2,1,360,8,34,16,2
5,837,1,306,851,24,20,0,0,0,137,0,0,58,1,0,0,0,0,0,0,0,0,0,0,0,0,254,2,0,0,0,119,0,211,0,0,0,0,9,0,0,0,40,0,63,0,0
8,58,42,142,1,120,1,0,0,0,216,1,0,2,1,0,0,0,0,0,0,0,0,0,0,0,37,0,1,0,0,0,1,0,71,0,0,0,0,1,0,0,0,18,0,8,0,0
21,213,34,68,112,68,35,889,13,4,104,2,18,114,228,0,2,5,0,0,14,0,10,0,26,7,56,48,46,1,12,14,318,15,207,1,16,0,0,29,1,15,0,553,23,39,5,0
1,8,71,623,60,302,7,3,0,0,345,0,1,0,15,0,0,0,0,0,0,0,0,0,265,0,63,0,288,0,0,0,301,0,7,0,0,0,0,0,0,0,0,19,4,7,0,0
0,0,0,0,0,0,1,13,0,1,0,0,73,0,3,0,0,0,97,30,0,0,0,0,0,0,0,13,1,0,3,9,3,24,0,0,0,10,1,0,0,1,2,8,0,0,2,0
3,0,0,0,2,0,0,0,91,0,0,148,13,26,0,1602,1,93,3,14,29,18,82,2719,1,481,0,5,3,481,1,2,5,222,0,566,64,0,3,40,5,1458,19,0,1,5,16,2
0,0,0,0,0,0,0,0,0,0,0,0,0,0,0,0,0,0,30,6,0,0,0,0,0,0,0,0,0,0,0,0,0,0,0,0,0,315,124,0,15,0,330,0,0,0,0,2
0,0,0,0,0,2,0,17,0,0,0,8,78,1,11,2,2,6,614,38,15,0,0,0,0,2,2,1,1,0,21,0,0,56,11,2,0,184,13,1,5,0,34,1,0,1,15,2
2,2,1,1,0,4,2,56,6,1,0,104,24,1,12,38,2,25,443,355,1,5,154,77,1,35,0,3,9,9,2,4,9,239,0,85,22,21,3,9,8,145,0,2,2,0,26,9
22,0,3,3,0,3,10,6,24,7,0,586,4,7,0,36,21,9,1,0,4,0,444,103,12,123,4,0,42,0,7,3,10,24,4,0,50,0,1,69,0,46,3,9,35,53,0,0
55,13,647,56,25,321,164,121,0,31,204,4,0,1,289,0,19,0,2,0,1,0,1,0,82,0,851,2,146,0,126,33,99,1,239,0,0,0,0,3,0,0,0,99,140,75,0,0
0,395,1,2,23,1,2,10,1,8,15,2,0,117,7,0,0,0,0,0,3,0,0,0,1,0,0,177,1,0,0,0,64,0,14,0,3,0,0,8,0,0,0,93,0,1,0,0
2,4,1,0,1,9,1,64,148,14,0,3,1,4,27,0,10,2,0,0,22,0,23,2,1,1,2,4,2,0,6,2,1,157,1,0,149,0,0,5,0,7,0,3,29,0,9,0
0,0,0,0,0,0,0,4,7,0,0,3,339,4,2,34,1,35,3,204,13,2,0,3,0,21,0,36,0,13,0,1,0,358,0,141,8,1,0,0,0,13,0,0,0,0,17,0
754,6,73,19,27,63,1042,173,1,2,19,1,0,14,126,0,2,1,0,1,8,0,0,2,20,8,99,7,56,0,245,36,41,1,43,0,1,0,0,301,0,1,1,101,160,1972,1,0
3,0,208,2,4,60,4,1,1,262,6,1,0,0,106,0,181,0,0,0,0,0,0,0,368,0,170,0,353,0,44,120,23,0,8,0,1,0,0,0,0,0,0,2,354,0,0,0
0,0,0,0,0,0,0,0,0,0,0,2,6,0,0,6,0,1401,11,665,4,1,0,0,0,13,0,0,0,12,0,0,0,3,0,12,0,7,1,0,2,3,8,0,0,0,31,13
0,0,0,0,0,0,5,2,0,1,0,4,796,6,6,10,0,1,156,2,2,0,1,0,0,3,0,4,4,0,6,3,4,50,4,0,0,101,1,10,3,0,1,1,1,3,0,1
0,0,0,0,0,0,0,2,1,0,0,14,26,4,1,31,2,7,2,11,3368,4752,0,9,0,84,0,3,0,103,0,0,0,133,0,72,7,0,0,2,0,19,0,0,0,0,1527,0
30,8,33,2,4,21,5,25,2,31,9,866,248,7,9,2,29,11,148,80,39,0,24,0,24,6,4,7,6,0,16,11,8,77,12,0,3,130,13,8,1,1,8,1,9,10,69,3
390,7,263,5,14,59,70,350,1,291,25,3,0,4,821,0,153,0,1,0,2,0,0,0,231,1,297,0,351,0,493,394,119,5,158,0,5,0,0,1,0,0,1,77,424,26,0,0
144,6,202,10,21,103,100,1400,79,295,39,36,4,10,1537,11,159,6,8,0,15,0,2,4,370,21,320,5,601,0,858,712,214,36,125,1,63,3,2,20,2,7,3,178,440,65,6,2
19,0,14,0,0,1,3,4,5,1412,0,24,0,2,176,3,1489,0,0,0,1,0,1,0,1031,0,23,0,857,0,509,1022,12,5,7,0,7,0,0,1,0,0,0,1,318,3,0,0
0,0,0,0,0,0,0,1,0,0,0,8,3,0,1,1,0,0,40,2,0,0,0,0,0,0,0,0,0,0,11,0,0,9,1,0,0,574,155,0,16,0,356,0,0,0,0,3
0,0,0,0,0,0,1,3,0,2,0,1,1534,0,10,3,1,3,984,37,3,0,0,0,0,5,0,20,0,0,4,4,2,51,3,1,0,1270,18,0,7,0,22,3,0,0,24,2
0,0,0,0,0,0,0,0,39,1,0,76,133,8,0,3098,0,174,5,70,62,29,22,467,0,2284,0,3,1,4412,0,0,0,317,0,2365,23,5,34,7,16,344,35,0,0,0,85,15
8,873,6,79,240,22,5,36,7,7,96,53,4,998,20,2,2,0,0,1,6,0,186,0,79,6,1,566,207,1,2,7,1265,72,118,0,45,0,0,283,0,41,0,294,11,16,1,0
2,10,2,1,1,2,4,17,482,7,1,56,0,29,7,2,8,7,2,0,32,0,1445,15,3,14,1,22,1,3,9,13,11,893,3,0,363,0,0,52,0,245,0,28,8,5,5,0
23,22,9,10,10,15,8,24,1969,14,1,238,1,55,12,54,19,57,1,0,33,0,1519,142,19,88,6,12,60,8,7,3,29,505,16,1,1931,0,0,39,1,313,0,14,40,4,5,0
3,3,3,0,0,1,0,1,612,11,0,54,0,22,1,73,11,1,0,0,6,0,103,6,3,5,0,4,4,0,3,3,2,7,2,0,351,0,0,9,0,23,0,1,3,1,2,0
4,545,32,92,62,30,9,30,0,2,204,0,0,82,13,0,0,0,0,0,0,0,1,0,4,0,32,16,1,0,0,0,46,0,660,0,0,0,0,1,0,1,0,247,10,12,0,0
0,12,1,30,256,4,4,0,0,0,21,0,0,8,1,0,0,0,0,0,0,0,0,0,7,0,1,3,10,0,0,0,234,0,68,0,0,0,0,2,0,0,0,15,2,5,0,0
0,3,0,2,0,3,1,15,0,5,2,0,509,0,5,0,0,1,573,726,0,0,0,0,0,2,0,13,0,0,3,6,1,13,1,0,0,106,2,0,1,0,1,5,0,0,13,0
415,28,45,88,96,92,1090,42,6,16,75,3,3,28,32,1,10,0,1,1,4,0,28,3,94,39,72,19,200,0,40,70,69,35,31,0,5,0,0,1718,0,7,0,258,151,1332,3,0
0,0,0,0,0,0,0,0,0,0,0,0,3,0,0,0,0,69,22,97,0,0,0,0,0,1,0,0,0,0,0,0,0,1,0,0,0,32,2133,0,2832,0,158,0,0,0,22,2100
0,0,0,0,0,0,0,0,0,0,0,0,13,0,0,0,0,23,1,9,0,0,0,0,0,2,0,0,0,0,0,0,0,0,0,0,0,32,384,0,42,0,1727,0,0,0,1,3
0,0,0,0,0,0,0,20,0,0,0,1,108,0,9,1,0,7,1703,300,7,0,0,0,0,4,0,0,0,1,5,3,0,35,2,1,0,1072,61,0,46,0,105,0,1,0,23,24
0,0,0,0,0,0,0,0,0,0,0,5,3,0,0,24,0,316,35,124,1,1,0,0,0,55,0,0,0,44,1,0,0,9,0,23,0,17,3,0,22,2,3,0,0,0,9,44
0,40,10,7,24,10,9,69,0,1,14,0,0,6,61,0,0,0,0,0,0,0,0,0,3,2,10,12,15,0,35,15,89,1,16,0,1,0,0,4,0,0,0,57,15,6,0,0
86,72,63,5,6,14,21,70,15,161,8,6,0,73,166,0,94,0,0,0,1,0,2,0,17,2,23,19,19,0,348,210,23,4,199,0,13,0,0,63,0,1,0,87,539,23,0,0
3,4,1,0,6,0,1,3,14,0,0,217,6,28,1,21,1,503,21,58,3,0,198,54,0,52,0,8,0,28,1,2,6,41,2,12,14,1,1,130,4,462,2,2,9,10,13,0
4,26,1,10,93,2,11,24,5,4,5,6,0,993,11,0,0,0,0,1,4,0,8,0,2,1,0,1190,13,0,4,4,251,74,11,1,19,0,0,90,0,13,0,33,3,5,1,0
26,0,2,0,1,0,31,1,2,243,1,238,0,2,58,3,457,0,0,0,0,0,2,0,16,0,2,0,15,0,332,108,3,25,8,0,1,10,0,6,0,0,0,1,17,5,0,0
0,0,0,0,0,0,0,6,0,0,0,71,6,0,0,5,0,85,9,24,0,0,0,1,0,21,0,0,0,0,0,0,0,13,0,0,0,19,1078,0,1374,7,136,0,0,0,10,902
0,0,0,0,0,0,0,0,1,0,0,12,1,0,0,0,0,2,1,0,0,0,1,0,0,2,0,0,1,1,0,0,0,0,0,0,0,0,32,0,9,0,87,0,0,0,0,0
