0.44735,0.26028,0.35901,0.34636,0.32078,0.32135,0.38424,0.39514,0.56796,0.43489,0.16077,0.29094,0.40365,0.24948,0.40445,0.58208,0.53264,0.49379,0.32695,0.25226,0.9047,0.98911,0.35288,0.75572,0.19646,0.69627,0.35309,0.48473,0.41002,0.86522,0.26914,0.35952,0.46162,0.1942,0.19807,0.71846,0.59386,0.31914,0.517,0.43794,0.64854,0.45437,0.55347,0.53651,0.17808,0.54801,0.79136,0.67139
0.47089
0,158,23,966,405,228,90,4,0,0,436,0,0,46,0,0,0,0,0,0,0,0,0,0,29,0,61,0,16,0,0,0,7,0,492,0,0,0,0,3,0,0,0,31,1,68,0,0
30,7,1198,51,6,831,11,14,1,33,367,0,0,5,15,0,10,0,0,0,1,0,0,0,87,0,1120,0,0,0,5,12,1,0,64,0,0,0,0,0,0,0,0,2,115,10,1,0
1,73,81,239,170,166,25,182,1,9,373,3,11,288,92,2,3,1,9,10,10,0,0,3,132,2,187,0,151,1,17,4,2,51,142,29,3,5,0,1,6,2,2,32,4,16,12,2
0,787,0,439,843,37,22,0,0,0,97,0,0,84,1,0,0,0,0,0,0,0,0,0,22,0,1,30,84,0,0,0,258,0,156,0,0,0,0,18,0,0,0,39,0,20,0,0
0,43,35,142,1,161,2,0,0,1,167,1,0,27,0,0,0,0,0,0,0,0,0,0,1,0,47,0,0,0,0,0,0,0,88,0,0,0,0,0,0,0,0,1,0,12,0,0
5,208,37,59,136,68,18,832,14,11,93,3,15,718,234,0,1,8,2,0,13,0,14,0,141,2,60,27,299,0,14,14,39,14,109,1,20,0,0,13,1,19,0,74,18,28,4,0
0,1,44,493,65,310,15,5,0,61,419,0,1,1,10,0,0,0,0,0,0,0,0,0,778,0,126,0,19,0,0,10,0,0,13,0,1,0,0,0,0,0,0,3,7,8,0,0
0,0,0,0,0,1,0,10,0,0,0,0,70,4,7,0,0,0,105,19,0,0,0,0,1,0,0,1,8,0,7,2,12,26,0,0,0,9,1,0,0,1,2,7,0,0,2,0
0,0,0,0,2,0,0,0,86,0,0,180,9,1,0,1591,7,82,2,12,26,18,82,2707,0,536,0,36,16,504,1,2,1,175,0,547,64,0,5,35,3,1444,19,6,0,5,18,2
0,0,0,0,0,0,0,0,0,0,0,0,0,0,0,0,0,0,30,5,0,0,0,0,0,0,0,0,0,0,0,0,0,0,0,0,0,276,122,0,15,0,372,0,0,0,0,2
1,0,0,0,0,2,0,13,0,0,0,9,70,6,12,3,2,6,597,32,16,0,0,0,0,1,0,1,1,0,17,0,0,64,8,2,0,208,11,0,5,0,41,0,1,1,14,2
1,1,1,1,0,3,2,53,5,2,0,116,18,4,18,45,2,27,441,323,1,4,154,72,8,38,2,3,10,9,5,1,2,251,1,78,18,29,3,11,7,149,0,2,3,1,26,8
11,2,4,1,0,0,7,6,28,12,1,623,3,6,0,31,24,12,0,0,5,0,440,86,28,110,9,4,9,0,4,16,0,31,3,0,43,0,1,57,0,43,4,26,33,65,0,0
49,11,728,27,36,300,180,138,1,47,243,2,1,96,230,0,12,0,2,0,2,0,1,0,206,0,726,0,17,0,91,91,2,0,262,0,0,0,0,3,0,0,0,22,157,167,0,0
1,386,0,6,13,1,1,4,1,4,6,1,0,159,5,0,0,0,0,0,2,0,0,0,2,0,0,62,118,0,0,0,158,2,3,0,4,0,0,8,0,0,0,2,0,0,0,0
21,5,1,0,1,6,2,64,137,0,0,3,0,6,25,2,8,2,0,0,26,0,26,2,2,1,2,2,6,0,8,0,4,114,1,0,192,0,0,1,0,7,0,4,27,2,7,0
0,0,0,0,0,0,0,3,6,0,0,2,231,0,3,37,1,34,2,159,13,2,0,3,0,17,0,3,0,11,1,0,40,560,0,98,10,0,0,1,0,12,0,0,0,0,13,1
4,8,76,18,32,44,1014,194,1,4,31,2,0,33,149,0,2,1,0,1,13,0,0,2,44,4,89,4,22,0,214,55,8,2,63,0,5,0,0,166,0,1,1,1174,96,1849,2,0
114,0,211,0,4,41,7,1,0,438,6,0,0,1,76,0,130,0,0,0,0,0,0,0,316,0,82,0,0,0,40,348,0,0,14,0,1,0,0,0,0,0,0,0,449,3,0,0
0,0,0,0,0,0,0,0,0,0,0,5,5,0,0,3,0,1392,12,671,3,1,0,0,0,11,0,0,0,11,0,0,0,10,0,12,0,9,2,0,2,4,8,0,0,0,30,10
1,0,0,0,0,0,3,2,0,0,0,5,787,8,6,11,1,1,146,1,2,0,1,0,1,2,0,2,20,0,8,0,1,48,2,0,0,111,0,2,3,0,2,12,1,0,1,1
0,0,0,0,0,0,0,2,1,0,0,21,11,1,1,35,2,7,1,9,3370,4722,0,9,0,64,0,2,0,95,0,0,2,198,0,77,9,0,0,1,0,19,0,0,0,0,1521,0
78,6,34,2,3,26,3,28,2,23,6,835,235,3,10,2,37,9,146,67,34,0,28,0,14,6,2,8,3,0,19,2,5,114,12,0,3,126,13,12,1,1,8,0,11,20,60,3
301,5,333,2,25,45,83,466,1,237,39,2,0,72,796,0,230,0,1,0,2,0,0,0,276,1,212,0,70,0,508,477,0,1,154,0,7,0,0,0,0,0,1,25,526,143,1,0
253,7,300,5,32,95,87,1592,78,335,44,44,4,110,1598,12,176,7,8,0,18,0,5,3,546,16,222,0,109,0,981,688,7,26,126,1,88,2,3,14,2,6,3,94,417,75,4,2
1147,0,15,0,0,0,2,7,4,1092,0,10,0,0,204,3,1542,0,0,0,1,0,1,0,492,0,7,0,2,0,799,1208,1,4,14,0,7,0,0,2,0,0,0,5,372,9,0,0
1,0,0,0,0,0,0,2,0,0,0,6,4,0,0,1,0,0,44,2,0,0,0,0,0,0,0,0,0,0,9,0,0,9,1,0,0,544,158,0,15,0,382,0,0,0,0,3
1,0,0,0,0,0,0,3,0,1,0,1,1481,3,11,5,0,5,979,29,5,0,0,0,0,2,0,0,17,0,8,2,11,93,1,1,0,1289,18,0,8,0,23,1,0,0,18,2
2,0,0,0,0,0,0,0,41,0,0,88,56,0,0,2780,0,164,3,74,66,26,20,491,0,2462,0,11,3,4532,0,0,0,507,0,2261,21,0,36,8,18,322,33,0,0,0,91,14
6,886,4,115,248,39,5,39,6,30,79,46,3,402,17,2,4,3,0,1,6,0,168,0,451,5,8,778,1310,1,3,13,335,45,27,0,39,0,0,439,0,34,0,42,12,14,1,0
8,9,5,0,1,2,2,24,515,2,1,45,0,15,19,8,12,10,1,0,30,0,1459,13,3,9,0,27,67,3,19,9,27,723,1,0,384,0,0,68,0,252,0,21,12,2,3,0
13,24,11,9,8,12,9,34,2056,27,3,268,1,13,23,63,20,58,2,0,33,0,1474,136,57,88,7,50,37,4,11,5,12,372,6,1,1933,0,0,75,0,327,0,3,30,16,6,0
11,4,2,0,0,0,0,1,601,5,0,55,0,0,3,84,10,1,0,0,8,0,95,8,3,5,0,26,2,0,2,5,3,3,1,0,351,0,0,11,0,23,0,1,4,4,2,0
1,574,33,88,61,47,11,24,0,3,159,0,0,505,11,0,0,0,0,0,0,0,1,0,11,0,36,35,51,0,0,0,18,0,440,0,0,0,0,3,0,1,0,10,6,7,0,0
0,17,2,20,320,8,7,0,0,1,22,0,0,9,1,0,0,0,0,0,0,0,0,0,107,0,5,9,83,0,0,0,2,0,59,0,0,0,0,6,0,0,0,2,2,2,0,0
2,1,0,1,0,5,0,10,0,0,0,0,527,4,10,1,0,0,621,631,0,0,0,0,0,0,0,0,4,0,5,1,18,37,0,0,0,108,2,0,1,0,2,7,1,0,13,0
4,36,48,86,97,81,956,58,4,89,89,8,1,33,34,2,6,0,0,1,4,0,21,2,121,20,136,26,57,0,28,240,24,41,46,0,4,0,0,1002,0,11,0,1969,108,755,2,0
0,0,0,0,0,0,0,0,0,0,0,0,2,0,0,0,0,75,15,109,0,0,0,0,0,1,0,0,0,0,0,0,0,3,0,1,0,40,2098,0,2862,0,159,0,0,0,19,2086
0,0,0,0,0,0,0,0,0,0,0,0,10,0,0,0,0,25,2,9,0,0,0,0,0,2,0,0,0,0,0,0,0,2,0,0,0,19,381,0,44,0,1739,0,0,0,1,3
0,0,0,0,0,0,0,11,0,0,0,1,103,3,9,1,1,4,1570,287,8,0,0,0,0,2,1,0,1,0,5,1,0,56,1,2,0,1208,64,0,46,0,113,0,1,0,20,20
0,0,0,0,0,0,0,0,0,0,0,4,2,0,0,20,0,314,31,127,1,1,0,1,0,52,0,0,0,44,1,0,0,14,0,27,0,22,4,0,20,2,3,0,0,0,9,42
0,39,12,7,29,15,10,77,0,2,14,0,0,36,69,0,0,0,0,0,0,0,0,0,36,2,10,3,78,0,35,6,13,1,13,0,0,0,0,2,0,0,0,6,12,5,0,0
151,79,93,3,7,11,25,95,15,19,9,9,0,160,183,0,111,0,0,0,2,0,3,0,16,1,13,36,36,0,421,122,18,3,141,0,21,0,0,65,0,1,0,16,533,35,0,0
0,4,1,0,3,0,0,3,10,0,1,259,4,0,1,20,0,488,23,54,3,0,175,44,1,56,0,29,0,22,2,0,7,47,1,9,13,1,2,151,4,475,1,2,9,7,11,0
2,23,1,9,79,1,7,22,4,3,7,2,0,15,8,0,0,0,0,1,1,0,4,0,17,1,0,1143,466,0,4,7,890,39,0,0,11,0,0,110,0,15,0,25,3,1,2,0
344,0,4,0,1,0,33,1,1,20,0,126,0,1,60,3,541,0,0,0,0,0,2,0,10,0,1,0,3,0,353,19,0,9,19,0,3,11,0,0,0,0,1,4,22,24,0,0
0,0,0,0,0,0,0,5,0,0,0,72,4,0,0,9,0,82,7,26,0,0,1,0,0,16,0,0,0,0,0,0,0,26,0,0,0,21,1099,0,1343,7,137,0,0,0,8,904
0,0,0,0,0,0,0,0,0,0,0,13,0,0,0,0,0,1,0,0,0,0,2,0,1,1,0,0,0,1,0,0,0,2,0,0,0,1,35,0,7,0,86,0,0,0,0,0
