0.46357,0.26957,0.33905,0.21339,0.27578,0.39602,0.19252,0.36594,0.56975,0.40492,0.21314,0.31875,0.42628,0.46933,0.44047,0.63914,0.5426,0.35341,0.39348,0.21976,0.89811,0.98788,0.3214,0.7311,0.43603,0.63058,0.27183,0.27036,0.43581,0.85966,0.25035,0.31488,0.19719,0.24767,0.23046,0.72939,0.60166,0.25785,0.59885,0.65903,0.58324,0.41218,0.20831,0.16655,0.21835,0.47682,0.78653,0.56984
0.44894
21,588,30,612,525,189,43,2,0,0,443,0,0,0,0,0,0,0,0,0,0,0,0,0,0,0,6,16,0,0,0,0,27,0,197,0,0,0,0,4,0,0,0,141,2,218,0,0
6,13,1008,498,13,1095,14,9,1,96,587,1,0,0,18,0,22,0,0,0,2,0,0,0,9,0,432,2,22,0,0,3,69,0,32,0,0,0,0,0,0,0,0,13,26,6,0,0
7,149,71,332,197,135,140,177,2,0,264,3,9,0,63,3,1,1,10,8,6,0,0,5,3,5,48,18,5,0,11,6,128,13,166,25,1,4,5,3,1,5,42,418,11,38,11,5
13,978,1,104,765,18,25,0,0,0,83,0,0,16,1,0,0,0,0,0,0,0,0,0,0,0,1,489,0,0,0,0,23,20,250,0,0,0,0,11,0,0,0,65,0,75,0,0
12,113,37,191,1,96,1,0,0,3,166,0,0,0,0,0,0,0,0,0,0,0,0,0,1,0,10,0,1,0,0,0,2,0,66,0,0,0,0,0,0,0,0,15,4,10,0,0
25,195,39,73,163,44,261,865,13,7,46,2,13,51,145,0,1,1,1,0,11,0,9,1,14,8,59,122,13,1,9,16,137,53,357,0,16,0,0,23,0,28,2,482,38,35,7,0
3,75,80,367,165,301,18,2,0,0,456,1,1,0,4,0,0,0,0,0,1,0,0,0,40,0,8,0,24,0,0,1,757,0,2,0,0,0,0,0,0,0,0,69,0,15,0,0
0,0,0,0,0,0,2,9,0,1,0,0,69,0,3,0,0,0,74,58,1,0,0,0,0,0,0,7,0,0,3,14,1,35,0,0,0,7,1,1,0,1,2,3,0,1,2,0
6,0,0,0,2,0,2,0,106,0,0,66,7,34,0,1565,1,80,1,17,17,19,106,2776,0,607,0,4,1,460,1,1,2,99,1,562,78,2,2,22,6,1476,50,0,1,2,37,5
0,0,0,0,0,0,0,0,0,0,0,0,0,0,0,0,0,1,26,5,0,0,0,0,0,0,0,0,0,0,0,0,0,0,0,0,0,597,127,0,3,0,47,0,0,0,0,16
0,0,0,0,0,2,9,19,0,1,0,10,69,1,14,2,1,5,596,68,13,0,1,0,1,3,6,0,0,2,11,3,0,17,3,0,0,180,15,0,3,0,65,1,0,1,15,9
7,1,2,1,0,4,10,53,5,0,0,31,24,1,32,38,3,47,266,628,3,7,217,95,1,27,0,0,0,13,4,11,10,121,1,53,17,13,1,6,6,162,17,1,4,0,15,1
52,1,6,2,1,2,5,4,35,6,0,317,1,6,1,40,9,15,0,0,6,0,580,137,5,149,8,0,29,0,5,1,24,10,5,0,60,2,0,43,0,75,49,5,55,37,0,0
45,19,511,194,47,380,202,119,1,91,292,2,1,1,180,0,14,0,2,0,2,0,1,0,41,0,822,2,57,0,54,28,188,1,211,0,1,0,0,1,0,0,0,131,98,111,0,0
1,173,0,1,10,0,15,4,1,2,4,0,0,51,2,0,0,0,0,0,1,0,1,0,6,0,0,462,0,0,0,0,3,51,106,0,1,0,0,6,0,6,0,39,0,1,2,0
1,2,2,0,2,7,5,64,151,10,1,9,1,2,24,0,8,1,0,0,9,0,23,4,5,3,2,2,2,0,5,5,2,95,3,2,171,0,0,3,0,8,9,2,51,0,21,0
0,0,0,0,0,0,0,5,6,0,0,2,77,5,2,29,0,20,1,109,5,3,0,3,0,25,0,3,0,13,0,1,0,90,0,113,11,0,0,2,0,27,672,0,0,0,37,2
1209,19,159,59,35,62,561,151,3,3,20,1,0,13,92,0,2,1,0,1,12,0,1,2,5,9,90,6,60,0,194,39,36,3,35,0,1,0,0,473,0,1,1,92,218,1759,0,0
1,0,238,8,7,98,10,1,0,239,20,4,0,0,76,0,337,0,0,0,0,0,0,0,248,0,156,0,228,0,34,138,306,0,4,0,1,0,0,0,0,0,0,7,121,0,0,0
0,0,0,0,0,0,0,0,0,0,0,0,4,0,0,6,0,1185,14,714,3,1,0,0,0,8,0,0,0,16,0,0,0,0,0,4,0,10,3,0,2,4,29,0,0,0,39,159
0,1,0,0,0,0,12,1,0,1,1,3,821,0,4,4,0,2,133,4,2,0,2,0,2,4,2,2,0,0,5,8,1,40,4,0,0,93,3,13,1,0,14,4,1,3,0,1
1,0,0,0,0,0,0,4,2,1,0,14,9,6,2,22,0,4,0,16,2750,5052,0,15,0,74,0,0,0,98,1,0,0,19,0,61,7,1,0,1,0,29,64,0,0,0,1927,0
17,10,25,1,5,15,6,17,3,25,21,743,234,10,14,4,6,10,168,72,90,0,44,0,2,9,21,2,17,0,14,23,18,19,11,0,9,118,10,10,2,3,143,0,14,2,62,11
214,5,221,32,28,74,240,337,0,321,49,13,0,1,575,0,214,0,0,0,1,0,0,0,297,0,536,4,231,0,403,374,259,3,130,0,6,0,0,1,0,0,0,125,313,34,0,1
71,5,183,36,49,81,462,1257,55,238,39,40,2,4,1232,7,148,4,4,0,17,0,1,4,436,27,593,7,381,0,724,740,461,28,100,0,59,0,4,11,2,7,14,254,389,66,2,1
10,0,25,0,1,1,28,6,6,988,0,171,0,1,101,0,1350,0,0,0,1,0,0,0,1036,1,72,0,1110,0,606,836,411,3,5,0,6,0,0,0,0,0,0,3,170,2,0,0
0,0,0,0,0,0,0,1,0,0,0,3,0,0,0,0,0,3,36,1,0,0,0,0,0,0,0,0,0,0,6,2,0,0,0,0,0,837,93,0,23,0,150,0,1,0,0,25
0,0,0,0,0,0,11,1,0,1,0,1,1515,0,2,3,1,3,1084,38,2,0,0,0,5,5,0,9,0,0,6,12,0,29,2,1,0,1150,25,1,1,1,67,2,2,1,19,18
0,0,1,0,0,0,3,0,40,1,0,32,51,11,1,3367,0,166,4,111,23,29,25,438,0,2091,0,0,0,4239,0,0,1,45,0,2256,22,19,28,7,15,526,405,0,1,0,156,16
28,617,5,38,238,10,55,26,10,6,46,24,2,700,6,1,5,0,0,1,5,0,221,1,32,7,1,853,21,0,4,7,577,902,554,0,48,0,0,152,0,101,1,337,16,6,2,0
1,6,2,1,0,0,15,15,541,6,1,42,0,37,9,1,4,4,1,1,23,0,1495,22,5,15,1,6,2,2,9,18,4,825,8,0,359,0,0,25,0,251,1,15,24,3,11,0
35,14,15,6,9,8,12,22,2132,14,2,118,1,63,12,46,14,39,2,0,22,1,1508,183,21,102,6,15,11,5,6,9,53,420,24,1,1962,0,0,21,3,297,7,16,59,3,18,0
5,2,1,0,0,0,0,0,597,8,0,31,0,24,4,71,6,0,0,0,9,0,111,9,5,5,1,3,6,0,1,1,2,3,3,0,370,0,0,2,0,35,0,1,12,1,5,0
7,429,48,155,42,32,49,20,0,2,123,0,0,20,1,0,0,0,0,0,0,0,1,0,3,0,12,188,4,0,0,0,8,5,808,0,0,0,0,1,0,1,0,157,10,10,0,0
0,18,6,17,294,3,4,0,0,0,16,0,0,4,0,0,0,0,0,0,0,0,0,0,0,0,0,39,0,0,0,0,140,0,95,0,0,0,0,1,0,0,0,38,5,4,0,0
0,3,1,1,0,2,4,14,0,1,1,0,553,0,8,0,0,2,576,709,2,1,0,0,6,1,0,1,0,0,5,11,0,22,1,0,0,64,1,0,0,1,17,1,0,0,3,0
721,69,138,120,92,88,481,43,6,4,58,1,2,52,10,1,6,0,0,2,4,0,43,5,74,44,20,19,268,0,49,50,97,54,37,0,5,0,0,2014,0,8,0,234,137,1194,0,0
0,0,0,0,0,0,0,0,0,0,0,0,0,0,0,0,0,283,28,84,0,0,0,0,0,2,0,0,0,0,0,0,0,0,0,0,0,62,2287,0,2547,0,219,0,0,0,8,1950
0,0,0,0,0,0,0,0,0,0,0,0,0,0,0,0,0,23,0,3,0,0,0,0,0,1,0,0,0,0,0,0,0,0,0,0,0,456,486,0,20,0,514,0,0,0,0,734
0,0,1,0,0,0,2,19,0,0,0,0,78,0,7,1,0,5,1993,337,8,0,0,0,1,4,0,0,0,1,3,4,0,5,2,1,0,783,59,0,25,0,160,0,0,0,12,28
0,0,0,0,0,0,0,0,0,0,0,1,3,0,0,23,0,340,22,155,1,1,0,0,0,35,0,0,0,49,0,0,0,0,0,8,0,15,4,0,20,5,19,0,0,0,13,27
2,35,17,9,28,7,44,65,0,2,10,0,0,5,47,0,0,0,0,0,0,0,0,0,2,1,12,34,0,0,30,10,40,7,22,0,0,0,0,4,0,0,0,80,9,9,1,0
64,56,98,7,2,11,75,74,7,165,3,5,0,45,77,0,130,0,0,0,1,0,2,0,43,1,68,33,37,0,369,177,16,36,223,0,14,0,0,24,0,3,1,53,514,19,0,0
9,3,1,1,3,0,1,5,13,0,0,50,4,46,0,31,0,512,10,78,7,0,283,95,0,36,0,7,1,31,1,3,1,19,4,6,19,3,3,95,5,494,19,0,19,4,19,2
6,29,1,2,50,0,25,17,5,3,1,4,0,1071,1,0,0,0,0,1,1,0,13,0,4,1,0,873,0,0,7,5,30,535,31,0,15,0,0,69,0,18,3,88,5,7,2,0
8,0,0,0,0,0,62,1,0,194,1,551,0,1,27,2,205,0,0,0,0,0,1,0,23,1,31,1,16,0,312,98,5,12,3,0,2,12,0,6,0,1,2,2,24,12,0,0
0,0,0,0,0,0,0,6,0,0,0,26,3,0,0,1,0,593,12,28,1,0,2,2,0,5,0,0,0,0,0,0,0,3,0,0,0,24,637,0,1673,7,354,0,0,0,4,386
0,0,0,0,0,0,0,0,1,0,0,9,0,0,0,0,0,3,1,0,0,0,1,0,0,0,0,0,0,1,0,0,0,0,0,0,0,8,25,0,9,0,67,0,0,0,0,25
