0.45032,0.26143,0.28128,0.23299,0.22638,0.40567,0.16772,0.37339,0.59368,0.32652,0.25151,0.29962,0.45257,0.44686,0.42515,0.6406,0.51526,0.33275,0.34555,0.22137,0.8809,0.98667,0.34469,0.71604,0.49601,0.60424,0.24019,0.25464,0.45361,0.86401,0.23862,0.30848,0.1628,0.3771,0.24708,0.74471,0.59631,0.25078,0.60279,0.66851,0.56194,0.42067,0.25338,0.18104,0.17378,0.4678,0.83104,0.49095
0.44361
22,712,28,435,647,147,39,1,0,0,385,0,0,1,1,0,0,0,0,0,0,0,0,0,0,0,2,56,0,0,0,0,10,0,245,0,0,0,0,5,0,0,0,113,2,213,0,0
4,32,780,637,26,1131,10,8,1,140,710,1,0,0,13,0,24,0,1,0,1,0,0,0,2,0,302,4,16,0,0,3,68,0,25,0,0,0,0,0,0,0,0,18,32,8,0,0
12,182,57,301,228,124,158,141,1,0,257,2,4,0,57,3,1,1,17,8,4,0,2,4,2,5,36,48,5,1,9,7,98,14,158,22,1,0,6,3,1,4,48,451,16,38,12,6
32,932,1,62,570,8,20,0,0,1,55,0,0,28,0,0,0,0,0,0,0,0,0,0,0,0,2,769,0,0,0,0,8,53,297,0,0,0,0,11,0,0,0,38,1,50,0,0
13,168,17,180,9,64,2,1,0,3,160,0,0,0,0,0,0,0,0,0,0,0,0,0,0,0,10,0,1,0,0,0,1,0,71,0,0,0,0,0,0,0,0,13,7,9,0,0
37,165,43,75,143,38,318,769,10,7,42,1,10,61,140,0,2,0,2,0,11,0,9,2,12,6,49,99,16,0,7,15,121,135,377,0,15,0,0,26,0,24,5,529,40,19,6,0
3,156,59,277,415,253,25,1,0,2,440,1,1,0,4,0,0,0,0,0,0,0,0,0,16,0,4,1,21,0,0,4,618,0,2,0,0,0,0,0,0,0,0,66,3,18,0,0
0,0,0,0,0,0,8,6,0,1,0,0,67,0,3,0,0,0,32,90,0,0,0,0,2,0,0,2,0,0,4,15,1,31,0,0,0,16,2,5,0,3,2,3,0,0,2,0
6,0,0,0,1,0,5,2,81,0,0,58,7,36,0,1501,1,67,0,20,24,18,163,2678,0,660,0,2,1,424,2,1,1,8,2,522,73,1,4,25,4,1665,120,0,6,2,24,9
0,0,0,0,0,0,0,0,0,0,0,0,0,0,0,0,0,1,17,4,0,0,0,0,0,0,0,0,0,0,0,0,0,0,0,0,0,573,143,0,7,0,37,0,0,0,0,40
0,0,0,0,0,2,16,14,0,1,0,8,77,1,16,3,0,6,382,158,10,0,2,0,1,1,4,0,0,0,10,3,0,8,1,0,1,310,13,0,1,0,69,2,2,1,12,11
5,2,2,0,0,4,23,44,5,0,0,20,32,4,55,32,4,44,97,780,2,7,256,98,0,27,0,0,0,11,6,9,11,38,1,40,21,32,1,7,5,162,41,5,6,0,19,1
95,2,5,4,1,4,6,4,59,7,0,266,1,6,1,43,13,10,1,0,7,0,553,143,6,154,10,0,21,0,3,1,40,5,7,0,73,2,0,23,1,64,49,3,74,19,2,0
32,23,478,265,67,461,184,101,1,126,353,2,0,1,147,0,20,0,3,0,1,0,1,0,18,0,710,4,50,0,41,29,186,1,162,0,0,1,0,1,0,0,0,171,88,122,0,0
2,135,0,1,4,0,14,4,0,5,3,1,0,88,2,0,0,0,0,0,2,0,0,0,4,0,0,262,0,0,0,0,2,227,158,0,3,0,0,3,0,4,0,24,0,0,1,0
1,4,0,0,1,4,16,71,97,7,0,9,0,3,28,0,7,1,0,0,1,0,44,4,7,4,1,2,1,0,5,5,3,35,3,1,209,0,0,6,0,22,22,3,67,0,23,0
0,0,0,0,0,0,0,3,2,0,0,2,15,4,2,19,0,21,3,67,10,3,1,3,0,20,0,0,0,13,1,0,0,26,0,80,10,1,0,0,1,45,882,0,1,0,27,1
1142,21,172,71,29,51,512,138,1,5,19,1,0,12,111,0,3,0,1,0,6,0,0,2,3,10,124,13,58,0,153,42,38,6,22,0,2,0,0,516,0,1,2,129,334,1678,0,0
1,0,225,18,9,118,6,2,0,291,33,5,0,0,70,0,381,0,0,0,0,0,0,0,193,0,130,0,191,0,35,141,351,0,4,0,1,0,0,0,0,0,0,8,67,2,0,0
0,0,0,0,0,0,1,0,0,0,0,0,1,0,0,5,0,1146,11,658,2,2,0,0,0,9,0,0,0,17,0,0,0,0,0,4,0,11,4,0,2,4,31,0,0,0,45,248
0,0,0,0,0,0,12,3,0,0,0,2,818,0,3,4,0,2,106,7,3,0,3,0,2,2,2,2,0,0,7,7,1,33,0,0,0,123,4,15,1,0,21,5,1,2,0,1
1,0,0,0,0,0,1,3,3,1,0,13,6,5,2,15,0,4,1,13,2204,5182,3,16,0,50,0,0,0,108,0,0,0,8,0,51,5,1,0,0,0,38,148,0,1,0,2297,0
20,22,28,1,5,11,9,19,4,19,17,708,160,9,23,3,5,10,268,64,76,0,47,0,0,11,23,1,18,0,16,20,21,9,8,0,10,120,9,8,1,9,146,0,25,2,54,21
123,3,243,39,26,102,274,375,0,341,60,33,0,1,498,0,224,0,0,0,1,0,0,0,275,1,583,6,206,0,381,374,289,8,100,0,5,0,0,4,0,0,0,147,279,40,0,1
72,6,215,44,47,98,529,1249,34,250,44,52,2,2,1136,3,139,4,6,0,10,0,2,6,439,23,644,6,341,0,671,760,514,24,73,0,55,0,2,13,0,3,14,327,333,48,5,0
7,0,31,0,0,2,18,4,2,735,0,248,0,1,110,0,1334,0,0,0,1,0,0,0,1181,1,99,0,1061,0,647,811,529,0,4,0,8,0,0,0,0,0,0,4,109,3,0,0
0,0,0,0,0,0,0,1,0,0,0,3,0,0,0,0,0,2,12,3,0,0,0,0,0,0,0,0,0,0,7,1,0,0,0,0,0,867,88,0,33,0,109,0,0,0,0,55
0,0,0,0,0,0,14,1,0,1,0,1,1417,0,5,2,1,4,1035,46,3,1,1,0,3,4,1,3,0,0,6,12,0,22,1,0,0,1278,29,1,0,0,89,2,1,0,15,19
0,0,1,0,0,0,2,1,38,1,0,27,40,8,1,3219,0,156,1,106,31,36,36,413,0,1997,0,0,0,4225,0,0,1,8,0,2147,24,17,35,8,15,798,590,0,2,0,130,16
83,460,4,18,172,11,75,30,20,6,34,22,2,757,9,1,6,0,0,2,4,0,220,2,22,6,1,544,13,0,6,4,538,1281,826,0,56,0,0,103,0,77,2,229,15,3,2,0
6,3,2,1,0,1,68,17,601,7,1,47,0,45,22,0,4,3,1,2,29,0,1700,28,4,23,2,9,0,1,28,23,3,385,12,0,380,0,0,41,0,230,3,32,37,1,9,0
40,17,17,7,11,8,63,36,2275,12,3,115,3,72,19,43,17,32,3,0,26,1,1387,193,14,121,4,11,10,6,12,6,63,179,24,1,2034,0,0,11,2,293,18,23,90,2,13,0
7,2,1,0,0,0,0,0,563,8,0,37,0,26,4,74,3,1,0,0,12,0,121,12,6,8,1,4,5,1,1,1,3,2,2,0,365,0,0,2,0,41,0,1,16,1,3,0
7,325,43,142,44,28,49,23,0,4,122,0,0,41,0,0,0,0,0,0,0,0,1,0,1,0,9,151,5,0,0,0,5,24,974,0,0,0,0,2,0,1,0,116,8,11,0,0
2,13,6,13,262,2,5,0,0,0,16,0,0,5,0,0,0,0,0,0,0,0,0,0,0,0,0,171,0,0,0,0,64,2,87,0,0,0,0,0,0,0,0,25,4,7,0,0
0,3,0,0,0,3,12,7,0,0,1,0,391,0,8,0,0,1,589,808,0,1,1,0,5,1,0,1,0,0,5,14,0,29,1,0,0,90,2,3,0,1,27,1,0,0,7,0
649,85,167,121,73,85,435,51,10,4,55,1,1,49,14,1,9,0,0,1,4,0,45,4,46,57,20,36,249,0,60,55,120,24,44,0,6,0,0,2053,0,5,0,248,129,1234,0,0
0,0,0,0,0,0,0,0,0,0,0,0,0,0,0,0,0,417,16,65,0,0,0,0,0,3,0,0,0,0,0,0,0,0,0,0,0,63,2293,0,2522,0,160,0,0,0,5,1926
0,0,0,0,0,0,0,0,0,0,0,0,0,0,0,0,0,21,2,0,0,0,0,0,0,1,0,0,0,0,0,0,0,0,0,0,0,253,511,0,28,0,314,0,0,0,0,1107
0,0,0,0,0,0,3,13,0,0,0,0,67,0,14,1,0,5,1386,478,4,0,0,0,1,3,0,0,0,0,6,9,0,1,0,1,0,1266,72,0,20,0,144,0,0,0,11,34
0,0,0,0,0,0,0,0,0,0,0,1,2,0,0,20,0,329,7,165,2,1,0,0,0,33,0,0,0,51,1,0,0,0,0,7,0,20,4,0,20,8,23,0,0,0,14,33
3,25,20,9,22,6,51,61,0,7,8,0,0,6,40,0,1,0,0,0,0,0,0,0,4,1,13,39,0,0,25,11,35,13,21,0,0,0,0,5,0,1,0,91,8,5,1,0
73,46,125,12,1,21,71,107,6,137,2,7,0,41,77,0,198,0,0,0,1,0,12,0,68,1,105,28,38,0,362,146,18,58,198,0,15,0,0,14,0,3,1,43,395,23,0,0
25,2,1,1,3,1,1,8,12,0,0,29,5,60,1,31,0,491,8,76,8,0,296,129,0,53,0,7,0,30,2,3,0,12,2,7,19,6,3,98,5,426,25,0,29,5,18,5
9,19,1,0,42,0,39,16,5,4,2,3,0,1110,2,0,0,0,0,1,1,0,19,0,3,1,1,738,1,0,9,3,26,679,29,0,18,0,0,57,0,20,5,50,5,3,2,0
2,0,1,0,0,0,60,2,0,118,1,608,0,1,34,1,192,0,0,0,0,0,2,1,41,3,64,1,11,0,284,94,8,7,1,0,2,12,0,2,0,1,2,2,40,18,0,0
0,0,0,0,0,0,0,8,0,0,0,22,2,0,0,1,0,660,3,28,1,0,4,2,0,5,0,0,0,1,0,0,0,2,0,0,0,26,554,0,1807,5,295,0,0,0,5,336
0,0,0,0,0,0,0,0,1,0,0,7,0,0,0,0,0,5,0,0,0,0,1,0,0,0,0,0,0,1,0,0,1,0,0,0,0,7,25,0,12,0,37,0,0,0,0,53
