0.28407,0.25785,0.38859,0.34275,0.34983,0.31398,0.38876,0.39897,0.56335,0.50891,0.15418,0.2609,0.4082,0.24983,0.41047,0.58249,0.58161,0.5,0.33127,0.24944,0.90914,0.98849,0.36074,0.75551,0.21988,0.70321,0.35017,0.47722,0.33779,0.86496,0.27137,0.25989,0.4343,0.19763,0.19675,0.71722,0.59208,0.321,0.51727,0.43463,0.64911,0.4602,0.55619,0.53785,0.17827,0.54543,0.78734,0.66988
0.4678
1,160,29,958,408,230,83,4,0,0,428,0,0,42,0,0,0,0,0,0,0,0,0,0,14,0,70,0,30,0,0,0,9,0,497,0,0,0,0,2,0,0,0,32,1,66,0,0
57,6,1212,52,5,811,9,14,1,29,369,0,0,4,15,0,8,0,0,0,1,0,0,0,80,0,1109,0,1,0,3,20,0,0,66,0,0,0,0,0,0,0,0,1,115,8,1,0
4,77,81,226,133,172,24,173,1,2,382,3,11,275,99,2,1,1,9,11,8,0,0,4,65,3,192,0,269,0,23,3,3,47,137,32,1,4,1,2,5,3,1,32,4,14,14,1
2,783,1,435,841,39,21,0,0,0,93,0,0,73,1,0,0,0,0,0,0,0,0,0,8,0,2,36,96,0,0,0,253,0,174,0,0,0,0,15,0,0,0,43,0,22,0,0
3,44,32,139,1,158,1,0,0,1,170,1,0,27,0,0,0,0,0,0,0,0,0,0,1,0,51,0,0,0,0,0,0,0,86,0,0,0,0,0,0,0,0,1,0,13,0,0
8,197,36,65,113,66,20,819,11,7,100,4,12,716,247,0,1,6,1,0,15,0,11,0,97,4,59,30,361,1,13,25,50,12,106,0,21,0,1,14,0,18,0,73,15,27,4,0
0,0,54,530,75,316,15,4,0,23,428,0,1,1,14,0,1,0,0,0,0,0,0,0,658,0,139,0,98,0,0,4,0,0,13,0,1,0,0,0,0,0,0,2,6,7,0,0
1,0,0,0,0,1,0,9,0,0,0,0,75,6,4,0,0,0,105,21,1,0,0,0,1,0,0,1,5,0,6,4,14,24,0,0,0,8,1,0,0,1,1,5,0,0,1,0
5,0,0,0,2,0,0,0,92,0,0,200,7,1,0,1600,3,84,1,14,23,18,83,2710,1,509,0,38,8,497,3,1,1,172,0,552,57,0,4,35,5,1451,19,5,0,6,15,2
0,0,0,0,0,0,0,0,0,0,0,0,0,0,0,0,0,0,29,5,0,0,0,0,0,0,0,0,0,0,0,0,0,0,0,0,0,277,123,0,15,0,371,0,0,0,0,2
6,0,0,0,0,2,0,11,0,0,0,9,69,5,11,2,1,4,603,29,16,0,0,0,0,1,1,1,0,0,17,2,0,63,8,2,0,210,12,0,6,0,38,0,0,1,14,2
2,0,1,2,0,4,1,53,5,2,0,125,21,2,20,47,2,26,450,315,1,5,146,75,8,34,1,3,8,9,7,0,2,244,0,80,20,30,4,10,6,148,1,1,4,1,24,9
9,0,6,1,1,0,8,7,23,6,1,647,2,7,0,33,26,6,0,0,4,0,420,86,37,108,10,8,11,0,3,4,0,26,5,0,45,0,1,52,0,46,2,25,37,74,1,0
130,11,662,22,37,302,156,130,0,22,257,0,1,80,229,0,7,0,2,0,2,0,1,0,189,0,700,0,64,0,73,161,1,0,254,0,0,0,0,2,0,0,0,15,168,172,0,0
0,381,0,5,16,1,1,4,1,3,6,2,0,190,7,0,0,0,0,0,3,0,0,0,2,0,0,63,65,0,0,0,178,2,3,0,5,0,0,9,0,0,0,2,0,0,0,0
21,6,0,0,1,8,1,64,139,4,0,3,0,7,24,2,5,2,0,0,21,0,26,2,2,1,1,2,2,0,9,2,4,114,1,0,198,0,0,1,0,7,0,4,21,2,10,0
0,0,0,0,0,0,0,3,7,0,0,2,226,0,2,37,1,34,3,169,11,2,0,3,0,16,0,3,0,13,1,0,33,560,0,98,10,0,0,1,0,12,0,0,0,0,15,1
13,8,87,17,27,42,1017,188,1,3,29,1,0,32,133,0,2,1,0,1,13,0,0,1,41,2,85,4,42,0,212,76,8,3,58,0,6,0,0,170,0,2,0,1171,99,1831,2,0
23,0,172,0,4,46,5,1,0,465,7,1,0,1,73,0,136,0,0,0,0,0,0,0,467,0,86,0,14,0,44,281,0,0,13,0,1,0,0,0,0,0,0,0,440,2,0,0
0,0,0,0,0,0,0,0,0,0,0,3,5,0,0,6,0,1397,12,663,4,1,0,0,0,11,0,0,0,10,0,0,0,9,0,13,0,8,1,0,2,5,10,0,0,0,30,11
2,1,0,0,0,0,2,1,0,0,0,4,786,7,5,11,1,1,138,1,2,0,1,0,1,2,0,2,11,0,6,1,4,58,3,0,0,112,1,2,3,0,1,20,1,0,0,1
1,0,0,0,0,0,0,2,2,0,0,22,14,1,1,35,2,6,1,7,3372,4723,0,8,0,62,0,2,0,98,0,0,3,196,0,75,8,0,0,1,0,20,0,0,0,0,1518,0
181,5,26,2,3,25,5,24,4,19,5,760,234,4,6,3,25,11,153,68,33,0,26,0,18,5,2,7,3,0,14,6,5,104,11,0,3,125,13,15,1,1,8,0,16,18,60,3
424,6,268,2,14,46,58,425,2,215,46,3,0,68,745,0,156,0,1,0,0,0,0,0,322,0,206,0,127,0,476,593,0,0,147,0,7,0,0,0,0,0,1,22,510,149,3,0
345,10,225,4,20,91,86,1548,79,275,47,37,3,97,1545,10,146,7,6,0,12,0,3,4,622,16,219,1,203,0,965,799,6,28,121,2,87,2,3,13,1,6,2,87,377,77,5,3
740,1,12,0,0,1,3,8,6,1342,0,10,0,0,190,3,1607,0,0,0,1,0,1,0,929,0,4,1,14,0,823,841,1,2,13,0,9,0,0,0,0,0,0,6,375,7,0,0
4,0,0,0,0,0,0,2,0,0,0,8,1,0,0,1,0,0,44,4,0,0,0,0,0,0,0,0,0,0,5,0,0,10,1,0,0,557,156,0,15,0,370,0,0,0,0,3
2,0,0,0,0,0,0,1,0,0,0,2,1494,5,10,5,0,3,969,27,4,0,0,0,0,1,0,0,6,0,5,6,14,94,1,1,0,1293,19,0,8,0,26,1,0,0,19,2
0,0,1,0,0,0,0,0,42,1,0,99,55,0,0,2807,0,157,3,70,64,28,22,488,1,2431,0,10,2,4522,0,0,1,506,0,2270,23,1,38,7,16,324,35,0,0,0,91,15
9,870,5,121,189,41,8,37,8,11,82,55,3,462,22,2,3,3,0,1,6,0,159,0,332,3,9,798,1187,1,5,6,523,50,30,0,42,0,0,472,0,32,0,54,11,13,1,0
12,10,3,1,1,3,2,24,511,3,0,44,1,14,15,8,9,9,2,0,32,0,1459,15,3,9,0,30,36,3,24,14,34,734,2,0,388,0,0,79,0,244,0,18,8,3,4,0
20,24,11,8,5,10,8,30,2032,25,4,268,1,17,20,64,15,56,2,0,33,0,1505,137,69,82,8,51,32,6,10,5,14,376,12,0,1929,0,1,73,0,318,0,2,31,19,4,0
13,4,1,0,0,0,0,1,608,6,0,48,0,0,1,86,11,1,0,0,8,0,104,7,2,5,0,22,1,0,3,7,3,3,1,0,347,0,0,9,0,23,0,1,2,4,2,0
0,573,36,82,51,48,12,21,0,1,167,0,0,471,11,0,0,0,0,0,0,0,2,0,7,0,36,35,57,0,0,0,16,0,480,0,0,0,0,3,0,1,0,11,6,9,0,0
0,16,2,22,261,11,7,0,0,0,25,0,0,5,1,0,0,0,0,0,0,0,0,0,49,0,5,9,184,0,0,0,3,0,72,0,0,0,0,6,0,0,0,2,2,2,0,0
1,2,0,1,0,6,0,11,0,1,0,0,515,4,7,0,0,0,620,640,0,0,0,0,0,2,0,0,1,0,5,3,19,35,0,0,0,112,2,0,1,0,2,7,1,0,14,0
2,33,63,83,93,78,997,57,4,56,94,8,1,37,28,1,17,0,0,1,4,0,18,2,136,22,146,26,79,1,57,112,25,39,47,0,6,0,0,1024,0,10,0,1975,127,739,2,0
0,0,0,0,0,0,0,0,0,0,0,0,2,0,0,0,0,69,16,110,0,0,0,0,0,1,0,0,0,0,0,0,0,2,0,0,0,37,2097,0,2871,0,161,0,0,0,20,2084
0,0,0,0,0,0,0,0,0,0,0,0,9,0,0,0,0,30,2,9,0,0,0,0,0,2,0,0,0,0,0,0,0,2,0,0,0,15,375,0,47,0,1742,0,0,0,1,3
0,0,0,0,0,1,0,11,0,0,0,1,100,1,7,1,0,5,1603,287,8,0,0,0,0,2,1,0,0,0,4,2,0,56,1,2,0,1184,62,0,45,0,113,0,0,0,21,21
0,0,0,0,0,0,0,0,0,0,0,5,2,0,0,18,0,310,34,123,1,1,0,1,0,52,0,0,0,43,1,0,0,15,0,29,0,21,2,0,23,2,3,0,0,0,9,46
1,38,13,6,25,12,9,72,0,1,16,0,0,37,65,0,0,0,0,0,0,0,0,0,20,2,11,3,97,0,34,19,14,1,12,0,1,0,0,2,0,0,0,6,10,5,0,0
141,78,77,3,6,11,21,92,16,76,9,7,0,148,154,0,93,0,0,0,2,0,1,0,20,2,14,37,30,0,384,196,23,2,138,0,23,0,0,72,0,1,0,17,525,34,0,0
0,3,1,0,3,0,0,5,7,0,1,275,5,0,1,24,1,481,23,56,3,0,177,44,0,50,0,38,4,23,2,0,6,41,0,9,11,1,2,150,3,459,1,2,9,8,13,1
3,27,1,8,68,1,7,18,4,5,10,5,0,18,9,0,0,0,0,1,1,0,3,0,8,1,0,1152,364,0,8,4,975,54,0,0,7,0,0,115,0,15,0,24,5,1,1,0
419,0,1,0,1,0,29,1,1,33,0,154,0,1,42,3,483,0,0,0,0,0,1,0,15,0,0,1,2,0,311,39,0,6,13,0,2,11,0,0,0,0,0,5,19,23,0,0
0,0,0,0,0,0,0,4,0,0,0,84,4,0,0,8,0,82,7,25,0,0,1,0,0,15,0,0,0,0,0,0,0,22,0,0,0,19,1099,0,1343,4,140,0,0,0,9,901
0,0,0,0,0,0,0,1,0,0,0,13,0,0,0,0,0,2,0,0,0,0,2,0,0,1,0,0,0,1,0,0,0,2,0,0,0,1,36,0,7,0,84,0,0,0,0,0
